0.055923958289967206,0.17026504351256436,0.07869640316194046,0.06976299434858334,0.2759339725569981,0.06823083579974241,0.10721068401629108,0.0983149786179659,0.07566112969594707
0.04107336382948842,0.12591075456200612,0.06440080647120601,0.1347391146039988,0.05108503572675188,0.21852933363994942,0.1601752129250088,0.1778451373702595,0.02624124087133094
0.17292333970243515,0.08040119887731868,0.10789690929300672,0.027990881038118406,0.10562100267086004,0.07158566454391767,0.0810212513452719,0.1236341986402914,0.2289255538887801
0.05569367433668234,0.12521162068637373,0.08361084516275986,0.21217126395617325,0.0857234211164012,0.19460409682222482,0.1348540056230013,0.076153250656886,0.03197782163949748
0.03593426215441469,0.05899073025412463,0.035988028093950276,0.06446559758157648,0.17237660107003827,0.05911719087451972,0.4409340239896853,0.11981448476961194,0.012379081212078709
0.0893315164996837,0.09210126885863769,0.03664721229351187,0.03918115718856219,0.30860407648612065,0.009097417847270384,0.011741894969234603,0.049676025148511556,0.3636194307084673
0.01413350809225831,0.025474466593789134,0.19092410471656898,0.37610237404163566,0.08071314847671561,0.0954429374957817,0.07845161939958882,0.08184461163248728,0.05691322955117448
0.14916905416737944,0.07261552020758383,0.04171492837538184,0.05031722370518913,0.08116155291854121,0.017855151342640724,0.03863964155813061,0.19646180024161564,0.3520651274835376
0.037772345183918365,0.07415988390922408,0.07096003107929459,0.06085230929118166,0.043103253825712486,0.3772964724170977,0.14871154764288944,0.08129044795674624,0.10585370869393546
0.12594048645970982,0.05022331260346214,0.1719166775929473,0.16198842483435685,0.10453107375808174,0.17938517092870443,0.06458082835944703,0.09381164111844469,0.04762238434484597
0.042703905535417835,0.04119548960133643,0.024757081827731977,0.004300665938660258,0.26146216063696465,0.038160730209223455,0.07625664853378668,0.2632926380172989,0.24787067969957977
0.2827263944177682,0.04980640505823397,0.046808225788239864,0.12823095427708806,0.09601342530990938,0.08340597443047364,0.009698672476224163,0.04102049811988087,0.26228945012218197
0.14680571957046948,0.2755513915233081,0.039295960486413616,0.16110882520786443,0.07630199913430384,0.00780055115711687,0.08675365908284309,0.06341384388772932,0.14296804994995135
0.038258486031928045,0.05680448439051763,0.23084184523427484,0.16829538560458354,0.09295995726716706,0.04821658426001124,0.21641301309994043,0.12025398943147926,0.027956254680098023
0.016367414593307438,0.058700713954531525,0.01893060768293282,0.455190702293349,0.05661495143883986,0.22794931249664319,0.03649580121853952,0.10657507142140138,0.023175424900455283
0.10769701370273099,0.13388600739936288,0.07496725239333069,0.12895217077298313,0.26687251023869335,0.019289434095879823,0.020201568123115573,0.05438829559640357,0.19374574767750005
0.05544236434013705,0.1301782569426831,0.1299491055991759,0.03475747753716984,0.1309222577896574,0.16996602609393122,0.036902786228166944,0.2479713991142051,0.06391032635487344
0.13416165557685303,0.14259438551785925,0.03758590279248778,0.04030067191119723,0.07495904298737965,0.008296995399771646,0.042565101592998596,0.2648731924378432,0.2546630517836097
0.07243177626727972,0.04871199445932836,0.10538644367564513,0.03866173009450593,0.10176825760315071,0.1588449563062504,0.02895702869742603,0.2759119063765514,0.16932590651986248
0.030724347415656956,0.15507423176130367,0.3068864836713578,0.169734087172821,0.0576945491543141,0.10703962004221891,0.012026804197665157,0.07317488440225453,0.08764499218240784
0.16545316503198393,0.07185295343644073,0.013455859944469005,0.19906651471726575,0.117602481055464,0.015279110058021466,0.05093634267192373,0.03880842134680516,0.32754515173762627
0.027197359780913487,0.08202808706269782,0.06847626022449935,0.09236095562066608,0.055544805224997246,0.3656570710382332,0.13263653974877185,0.10358203113722976,0.07251689016199127
0.026825733767877637,0.08390473668816412,0.11386750795347146,0.10254924084539867,0.18092623953704043,0.008187098065571996,0.033282633161605145,0.41366073486440164,0.03679607511646887
0.1230444692503001,0.0702250605905838,0.06597985030006485,0.3817132278886515,0.09149853595013475,0.07258273740834191,0.04327696754972666,0.06441990433486385,0.08725924672733253
0.031435833185182824,0.08960788434853624,0.07321638708628787,0.041211343057002414,0.0753281083500137,0.18959067649255246,0.1795156380794304,0.26897941090368804,0.05111471849730597
0.17755856323706024,0.11036518605194943,0.09201703463026206,0.2414356482432332,0.061994241724503386,0.15665455550352247,0.025985687996790515,0.10500967066300448,0.02897941194967414
0.061014030122330594,0.0706137293949748,0.11752475441742972,0.188662140890719,0.1456904286165455,0.1526736847021332,0.1315724403826358,0.07312572128748308,0.05912307018574825
0.02108994838886404,0.10644735105071106,0.20784247098716593,0.07358580780406104,0.05290374599967829,0.19039611104101803,0.13502239170727423,0.16777251753168165,0.0449396554895457
0.009927350007766731,0.05769388558037781,0.25509486645130636,0.20127601775562864,0.0961959460370234,0.03779821915348821,0.21810085755105926,0.09691256548492992,0.02700029197841972
0.03069681119805921,0.08191737148903437,0.05942866530286025,0.05918111889306152,0.07868333605319576,0.2539106498793105,0.19250696956104227,0.19375913137638415,0.049915946247052
0.06403234366015358,0.04090628481991968,0.07636393377877097,0.279538019436688,0.24507439029894992,0.03617326321811206,0.036299034440173523,0.09551951602943713,0.12609321431779516
0.04116977785116901,0.10741453546446535,0.12290167682633311,0.07034685395342355,0.1413409051586787,0.04243412976529822,0.0702259214716488,0.3544654611494967,0.04970073835948662
0.07457193922793344,0.07719556539721834,0.09318022052507761,0.33205863548825226,0.05986387466458001,0.25396658066976313,0.044638410256446936,0.05424981753803973,0.010274956232688653
0.05757822979967044,0.030938423741635645,0.14292503892844077,0.1284794341901139,0.13966866950776693,0.10330406626574327,0.021092843977286446,0.350780969677857,0.025232323911485555
0.03416408956576605,0.03802483660853299,0.21485364718175762,0.17344436040070543,0.06340883919783664,0.31462759107922716,0.035426604700157314,0.0873872057690012,0.03866282549701554
0.07014158793915655,0.059515657768581455,0.02755618299308758,0.14481377175892943,0.19420312872493697,0.1699530494034109,0.18510301939324916,0.11569052612674625,0.03302307589190164
0.022588479492044438,0.03026900056761468,0.12181751420615605,0.2127681986064979,0.11594055943360464,0.3513076189502604,0.04267921209201203,0.06548972894497425,0.03713968770683568
0.09858230794857951,0.19920989052580226,0.10600900017945102,0.1781949538050184,0.05017520365560116,0.11765569429833433,0.06929468508506274,0.09248358625221113,0.08839467824993935
0.0370288559742121,0.03869751037060656,0.059789583715414284,0.4572358411248058,0.0448391485415034,0.11672290100902949,0.13588235017777422,0.07417818507747419,0.035625624009179874
0.10471496147383313,0.21166463856435005,0.01409948709450333,0.1867685813489959,0.24375026061454066,0.009916239283635768,0.013934157002294355,0.017797247277900444,0.19735442733994635
0.20059132408936062,0.049663108105124955,0.21033194651130774,0.016355587186241208,0.17280686145013247,0.059364230486073165,0.03950878391944077,0.19566820973177787,0.05570994852054123
0.03506018068871656,0.13659355628160955,0.33324529624418836,0.09505751515591898,0.056565335986969036,0.01815804367630249,0.16531486793413322,0.12306831868340651,0.036936885348755354
0.1928237094617505,0.09399795835339501,0.019529846887688915,0.1773778465157442,0.12433602583772507,0.007139597090633903,0.08642614328166065,0.1466293953716189,0.15173947719978284
0.05371975815133479,0.14889152691809562,0.04023920353033895,0.2729321354844672,0.12367738658654187,0.21890289512355732,0.01610090329440517,0.09620123155493522,0.029334959356323836
0.13945473728323107,0.030997031015564825,0.08522708897694753,0.3023724377402164,0.041840135626410126,0.2784038119017354,0.03861464538948941,0.06957802793797503,0.013512084128430217
0.09800202303359096,0.12452026994470529,0.11117458040008142,0.3406176743139127,0.21481344940108893,0.047969303644771144,0.015906062206714377,0.0381407326225985,0.008855904432536652
0.11573902475976432,0.029113238667678367,0.029585015318769326,0.03939664147747498,0.2623470239971529,0.00972182171162021,0.01754015736550563,0.010627934388367568,0.4859291423136667
0.024291655696695863,0.09494706366404049,0.13062794573353484,0.18587875825452838,0.1115696760374903,0.2650510096314997,0.05500615625929315,0.11854606628851556,0.014081668434401754
0.09110869915004609,0.033067905291311754,0.15253029815035443,0.07354936507854393,0.11588850640781866,0.30572766952899394,0.10156883823179706,0.06300250486888517,0.06355621329224896
0.019538827030935773,0.027398647956477368,0.15595508926193902,0.16050005870877146,0.18935197297373796,0.12236123412722638,0.1545229460180397,0.07775114313796332,0.09262008078490896
0.16994654279618318,0.04304298857023772,0.01527290580692075,0.2995290833063598,0.06549181453492386,0.2548593350949409,0.028285630552526756,0.10683615000512096,0.016735549332786048
0.12679368746639139,0.08498176872610896,0.045407640321706084,0.09008047218537418,0.04598196375238614,0.26309618018768166,0.08662502004920482,0.20974538456012537,0.04728788275102141
0.11943232283714156,0.05002440413546238,0.09594562771293824,0.08645479746169125,0.163008129905153,0.03494432515897039,0.0393269434022522,0.30549643453749153,0.10536701484889943
0.06873365488614769,0.07121516623250407,0.06369487202293882,0.041457100030102924,0.07692042848014351,0.05585246934757898,0.14155821614387304,0.2559104627098103,0.22465763014690063
0.051372095021033744,0.07620578363105122,0.13791457120149478,0.12437760991095172,0.05152417097293003,0.0896795714093474,0.35278681357003294,0.03268397467985255,0.08345540960330557
0.05954146986570785,0.1604351025709143,0.015012277944445969,0.05444808052472253,0.36154119713946026,0.018302326700736535,0.12370249299455623,0.056653877712996674,0.1503631745464596
0.04859728826923998,0.43588677985844676,0.008198355841608794,0.011227024080842746,0.11776725809300033,0.01425666522693502,0.03338766907332928,0.16313816453911054,0.16754079501748642
0.05953521555989061,0.07107572997600713,0.11959470099929,0.052627304308208424,0.1403100019188458,0.1971400594469258,0.05607332205201967,0.08434403297006225,0.21929963276875028
0.04555917264338507,0.05789740482325473,0.1454572894664289,0.07735173380244824,0.1862210752678796,0.04602411374262757,0.13219329111249287,0.24671122944218513,0.06258468969929785
0.055160989429416,0.04127999060789565,0.1280934410603152,0.14833924544855412,0.10123654488185159,0.3207878902481382,0.116191512952866,0.06243706829745396,0.02647331707350938
0.031160063893379063,0.1813458674102684,0.08595381001059423,0.01861135661990661,0.1513819736921079,0.015317922834863329,0.010640823824705208,0.1896137548862936,0.3159744268278817
0.06484451811876661,0.04364204185982382,0.1298238625980178,0.4290381347487839,0.03964967499251098,0.01743693473944168,0.03310110383106237,0.08080201255938417,0.1616617165522087
0.13636515779986264,0.10283331005357861,0.1179336404399051,0.15310451923190704,0.044133043591858656,0.06783298470278276,0.07607116237827981,0.2538035510705645,0.04792263073126085
0.052596717742097454,0.2238991216017231,0.146152203038843,0.27652814641470197,0.019418966343010918,0.07504632472526533,0.06189209809011862,0.10333198880925838,0.04113443323498135
0.3011407050679244,0.06792093657707499,0.07509629649192379,0.05308369662812292,0.05646825160081168,0.045355212042997285,0.2035428934676445,0.13616858855140104,0.06122341957209939
0.08501856880358179,0.06773006638977902,0.14893652413954636,0.1980813121045307,0.09468403867366904,0.09258560819879151,0.01867017101307432,0.0302423134436192,0.26405139723340804
0.03557216672735159,0.1790681597388153,0.19635567083119684,0.031308274065843016,0.08208580179382226,0.0265500310948056,0.2909433940555383,0.11843952622632205,0.03967697546630497
0.008745721081686692,0.482979010014174,0.016868754314124088,0.304194588515972,0.05648888511784119,0.035675009619026005,0.016289663528891583,0.0418336695476669,0.03692469826061756
0.03799732730566736,0.33904756407003767,0.03334587805911588,0.0712423828061064,0.16454748209724926,0.04603354530014764,0.17533392630114622,0.06383355898828826,0.06861833507224134
0.1429331856919868,0.18260387266658507,0.01621482704035545,0.24168513055508503,0.1315565792966283,0.0040638339607958355,0.006825483540022677,0.10796973105225482,0.16614735619628598
0.05328182644415528,0.11914161443138098,0.060497787369413025,0.23266658309468288,0.13925079055889883,0.11650480307998305,0.16917224296310066,0.033414277095920784,0.07607007496246442
0.04506646033784754,0.11317064507480411,0.2210622158446649,0.04265534381261923,0.13676097185367267,0.03458242189326155,0.2776634844595405,0.07250961999913644,0.05652883672445316
0.03119708956146534,0.12942446251180764,0.028490485553902156,0.4125458876925318,0.1350336051162229,0.0986037467360122,0.08272082288372952,0.05026302198122538,0.03172087796310318
0.05684693677554703,0.08465979669893009,0.03353384878340403,0.4057259437223369,0.07888110703104599,0.1834906265933859,0.08043014768827077,0.04843407630804216,0.027997516399036988
0.04540283236774112,0.14820909232402976,0.06870255218610845,0.0893272917645929,0.06623622130588486,0.02978585930561801,0.1729747097325526,0.3454978812835449,0.033863559729927294
0.0675674160536136,0.08438657039062948,0.0776381201977478,0.27234171328529616,0.04162949085750133,0.15426551238304018,0.16911329124793795,0.09663572881158987,0.0364221567726436
0.028402247803747435,0.03384811755010188,0.09961688591790814,0.44369002002330277,0.10284371708747546,0.17898742527836098,0.042364898807097456,0.05846760717347104,0.011779080358534836
0.1902203312791345,0.09509434680551972,0.11373167003431324,0.2676236017803575,0.14022613918336443,0.03787730545551601,0.029727805920829794,0.09932027834167084,0.026178521199293963
0.02603998320980554,0.24386582876719806,0.04323504394804526,0.2887121280231259,0.18759955068586873,0.026063538619574004,0.12245093632875327,0.04141879931266381,0.02061419110496532
0.03216274794932704,0.10458951886722996,0.14014774133427332,0.1502423176194464,0.21316744976237134,0.10634144052398338,0.06724315548841563,0.0802067184262394,0.10589891002871347
0.03645824897440724,0.09978834521021583,0.07622612535731454,0.4538440987072215,0.09231526213033786,0.024674115857521193,0.10981380363717808,0.07692748806084025,0.02995251206496363
0.04739255108235237,0.07223834268124808,0.06392941851376639,0.5449481244539495,0.1645471592491848,0.0321907101197244,0.02364638558262046,0.03678786941784426,0.014319438899309719
0.02974010800695467,0.03588877299499649,0.1646796099432015,0.21637824662859573,0.056885077085047094,0.08891109992670826,0.04612570818663617,0.16148642026442223,0.19990495696343782
0.04583667919087923,0.35562660904534943,0.1390581074880257,0.17062159860997225,0.07063902265524685,0.07048145416097257,0.09477220193567933,0.022072247527889267,0.030892079385985427
0.035523067149920345,0.012671848510934005,0.10386406815877382,0.04577579718448111,0.13182271375816237,0.27349187039151013,0.13779952578381247,0.1966662410686217,0.062384867993784086
0.0409852521065312,0.09705312226326761,0.16647535351936316,0.01603764001995541,0.08924160487772055,0.08321516120469526,0.05028304977030392,0.343587007256412,0.11312180898175099
0.021863904800748676,0.04620462688447904,0.031904631225329404,0.4047949151013522,0.07724784727302286,0.2322297954104486,0.07910738858367915,0.09099764352988915,0.015649247191051024
0.037315931595110007,0.12198961796858528,0.0850581608558713,0.12578535277733863,0.07228732011972473,0.02905619222094366,0.2413128197689933,0.2065982985802426,0.08059630611319053
0.02932685721823385,0.02323592715277086,0.49318613973428,0.019245103955347422,0.04716427337346782,0.11409910245499395,0.053844669143662795,0.02696816038575034,0.19292976658149288
0.45575859958350234,0.08549453673972374,0.022584509534225843,0.12174253846724094,0.09158077649000163,0.05697656688488628,0.03705754898402693,0.06860876737182149,0.060196155944570874
0.0299373118118835,0.11259568221092986,0.2937024099200032,0.11878714342831863,0.18130695546478734,0.049612644688074255,0.11067615913272956,0.052401387244592555,0.0509803060986811
0.0525980253640995,0.02953079131972162,0.05914520655636762,0.20275727668134666,0.21404912711879098,0.203576658817294,0.047781645327362586,0.0471666422609562,0.14339462655406077
0.07790787103872743,0.20097620366357563,0.024017262359942004,0.016899775955272627,0.3356710642402514,0.034086677023442584,0.14854079853591207,0.09217489194087047,0.06972545524200574
0.08285993510176229,0.023635292662842713,0.019469425017118965,0.5040307131944458,0.14451300227221833,0.027784233977509176,0.03692205629492047,0.08941467181849046,0.07137066966069176
0.0445592637587958,0.0881488042187331,0.04743402042825601,0.29064208515806755,0.03776757087242064,0.2096189791781676,0.07468639055696717,0.1819878776623245,0.025155008166267572
0.18548342694070485,0.039550226302893704,0.23700855752227354,0.22603382727707658,0.05558817568075091,0.08243119469635736,0.11428938376289892,0.02133292218669443,0.03828228563034968
0.019742998660774103,0.14063525823291415,0.07858267777675786,0.2748549397022526,0.031511173778866676,0.289487890326279,0.05662069375116713,0.07042234845696471,0.038142019314023855
0.08385614599898124,0.07258329447934442,0.12064003992633993,0.018344767673352327,0.14638319310961276,0.115448450259747,0.09733910817844038,0.2448396064295534,0.10056539394462845
0.090457178272758,0.13875261001742575,0.024497813998441986,0.04190483811760243,0.07875673469828169,0.15422968572748483,0.03609404589755225,0.4134562530386636,0.021850840231789386
0.03685906403317577,0.24839828002791328,0.012476976219428693,0.024021815925774306,0.2624518709082293,0.005204471619894991,0.03547952306141423,0.041552469182732706,0.3335555290214367
0.06284088475460516,0.049676311557445375,0.03751403586207172,0.2850383856806385,0.06254043306887526,0.2272534583949157,0.019165256452729387,0.14485678941974897,0.11111444480896991
0.11883507412323634,0.04316134485835327,0.03880309439015886,0.04853230967101677,0.1655793130534472,0.12082840304322773,0.18387117949544005,0.24680643272193345,0.033582848643186336
0.04811076369690379,0.13627411796124034,0.18582924116660013,0.08853604333911354,0.043119022584798244,0.3764324036388155,0.04334509345835538,0.04757076798598961,0.03078254616818348
0.06844909549523284,0.027617039276822075,0.03627696055027705,0.0590537361958518,0.07935886627027879,0.33126860413503684,0.06397325634885727,0.23075472325473567,0.1032477184729076
0.1672070766068927,0.051592110466076424,0.06678477940449466,0.034553007355389055,0.06714951358114449,0.06232212884896123,0.05907421249393204,0.44504181385148445,0.046275357391624916
0.06654060387697974,0.04157945387225629,0.13786769552841005,0.23610821645028668,0.03751749289221123,0.11680901312434928,0.09069573402231246,0.23480320864614024,0.03807858158705401
0.028074242553444585,0.12119374772825504,0.026560796882078408,0.028467086440580085,0.12971812769161625,0.1636647526621538,0.09410757318136366,0.31369068461263755,0.09452298824787068
0.009186544450150108,0.04886605062614594,0.017970063174089862,0.43915653606186766,0.08363687888600509,0.10266808120917433,0.0395143822433012,0.20100903733003364,0.05799242601923219
0.09702363980496227,0.03690452216547967,0.0988958017847446,0.10159052159778859,0.04600428163206725,0.19500044373096703,0.1246813148137242,0.2636781478726764,0.03622132659758995
0.012417031514174554,0.017021217916674658,0.15910133525442618,0.4111266602870212,0.07109087840771185,0.09729935362061364,0.07059437857884059,0.14929026974667772,0.012058874673859528
0.01413350809225831,0.025474466593789134,0.19092410471656898,0.37610237404163566,0.08071314847671561,0.0954429374957817,0.07845161939958882,0.08184461163248728,0.05691322955117448
0.1116079693400804,0.04752750460653743,0.1561595745258003,0.10604984612541744,0.053988305709590116,0.01776300120691288,0.07598162587743996,0.4068019185554032,0.024120254052818372
0.16181824408570367,0.06011331152046915,0.07605624664352816,0.24848101189641403,0.13285173598700897,0.04221581791711482,0.0668138024472194,0.16962882461668075,0.04202100488586106
0.05458097399936649,0.23644372401689454,0.04049424419366568,0.10073776684445501,0.0639783718986146,0.20301562958647948,0.1970933639779653,0.05421565211335914,0.049440273369199685
0.023947720139894227,0.2912968000789072,0.11190753897012308,0.017202022313088365,0.15345924792008003,0.021734787936327608,0.1677424396050291,0.1472315104388676,0.06547793259768277
0.08241774235190961,0.05238781499422895,0.03950124410516806,0.3580561909315021,0.02744423000887414,0.2685755546312421,0.0490519128288018,0.09057542531866902,0.031989884829604194
0.047200881410980076,0.06936044048587071,0.3005320824070454,0.09775471454089273,0.10812166302472487,0.13145334138948997,0.05837219474506228,0.06253125039054697,0.12467343160538703
0.06423534843285401,0.11110813120653758,0.046142796901719324,0.013402451506390446,0.08907193130468345,0.375527164742214,0.21197384996961663,0.06743511153929548,0.02110321439668905
0.08578699507565181,0.1111249107443188,0.2701492896333555,0.12381218239276164,0.08257981949150232,0.14397151006497774,0.02522928919441242,0.07832087039231436,0.07902513301070539
0.04502145180565043,0.02575430491350807,0.01179723754704372,0.3908071874834322,0.07169115030918155,0.25863076074991453,0.05108915338221157,0.12226248311988515,0.022946270689172807
0.5148547227477249,0.05208946964910077,0.055436172874535485,0.07773266642962039,0.05623092827912851,0.02695183560447803,0.009710604934591317,0.16585699125695444,0.041136608223866174
0.3466504907098684,0.07408646880229586,0.028766213705561455,0.08757941338896107,0.12347647349302311,0.028369764919419335,0.019757809497850304,0.05291450005335067,0.23839886542966968
0.22830305820434257,0.0917338992553934,0.025826000617460806,0.04447931341324506,0.11397017258670357,0.024938417641148975,0.1176912060278299,0.2601236102089954,0.09293432204488028
0.05748823629641032,0.03285256979420816,0.16642110312703048,0.006620985475626696,0.08521245529092182,0.1768937413315672,0.029738589347591406,0.20602031441576293,0.23875200492088103
0.02515821675897971,0.054234986042866806,0.116767862640119,0.33249119462306004,0.12722914126448812,0.1278269264538959,0.04645974044231612,0.12368667629378571,0.046145255480488624
0.021044498057297755,0.2770926959177726,0.09465494638472984,0.01720582088638249,0.09824849297045295,0.2943994545578433,0.04352061724071892,0.09818102723158618,0.055652446753216005
0.4563835837756593,0.10617629685908987,0.14249751790457224,0.09510961913611321,0.04727371353013029,0.00511681732614191,0.08859138685671109,0.027382243665366856,0.0314688209462152
0.04154319774619999,0.11363104169571432,0.020229456850771817,0.22921766169044444,0.10311082095917494,0.006885383966522479,0.017688135250386674,0.1249951980390658,0.34269910380171953
0.01297970984956045,0.18906608857967724,0.1580358836509237,0.044362424551594594,0.3942644011307348,0.019818000561708918,0.0342808695682355,0.037639501814117626,0.10955312029344717
0.01673496090903665,0.10047991851110398,0.08760989842636534,0.3443970605906337,0.025931408908999424,0.2536314986360116,0.08854577623355668,0.053500039516415715,0.02916943826787689
0.04898173121509548,0.0769177609156523,0.039590126720617326,0.02035348122360889,0.0661964711833794,0.2972258498816403,0.07213538648204475,0.2998247466584342,0.07877444571952735
0.08081549618875468,0.12070251550162585,0.07683896363803137,0.21664449114625453,0.1256026209160895,0.02292504664537856,0.022059792563956484,0.17266999935064853,0.16174107404926044
0.07266896631887067,0.03553946472367653,0.020398383036759102,0.02152451026927607,0.17963818960534417,0.032565841066530994,0.10404786560455698,0.3414896266013325,0.19212715277365308
0.09443297803833099,0.0283443614212162,0.03641463690917597,0.2659785861471123,0.04914268035213026,0.07914374603284924,0.02782057428658707,0.3605378221685425,0.058184614644055464
0.15582047890161427,0.08111502870612623,0.32649284169728504,0.12544744464971072,0.03187636572513682,0.12164247963860202,0.11969842651115788,0.021431464847621328,0.01647546932274572
0.027804214756174884,0.08348815854480686,0.0606949614741768,0.010092867018915904,0.10728846986908584,0.05718840901134905,0.033095740296493495,0.5686845680223062,0.051662611006690916
0.150476823425044,0.1803478887232187,0.055892179314803614,0.31059302215158957,0.11396458465234897,0.010055974612262151,0.023945556067065926,0.0601660262094551,0.09455794484421197
0.07019329568358616,0.23445618264496862,0.15635148913068045,0.07272360292043606,0.07483102222447324,0.095886657694916,0.11155601571338603,0.08548009850676232,0.09852163548079118
0.0312539430311554,0.17556064382273304,0.1102341821380305,0.09230840676567258,0.33743513495913907,0.0693064244223102,0.07836999977579101,0.07593459401655839,0.029596671068609855
0.03449069606681048,0.11078386242874155,0.04030503818483617,0.3024088054480571,0.049693069031047955,0.047810061520598336,0.30213283219293846,0.10366625613582396,0.008709378991146
0.13429557451975757,0.03884072420790107,0.05334790281885404,0.36093788169874763,0.06429918301260366,0.13768585495051672,0.06536003755621417,0.13205780113529017,0.013175040100114962
0.27105868833693764,0.06048798330413622,0.06251532617639616,0.3224850933306129,0.06574477817697337,0.08111580794530611,0.05840544884837307,0.049930424280203174,0.028256449601061332
0.0333109525790986,0.32280325132016713,0.08134328955631644,0.14532579289609546,0.06777203719596653,0.11392049242069839,0.17720141791557142,0.021150150814079102,0.03717261530200696
0.029417976643583657,0.05992540414102032,0.12550801044388019,0.1747948296157993,0.20866926246825282,0.10687495363936154,0.05870472201393145,0.188617566738038,0.04748727429613259
0.10308678049424547,0.09947254546252983,0.3195487092196682,0.06647985907995572,0.15243861658808947,0.010594342273986994,0.08883596719542297,0.11667028881780454,0.042872890868296765
0.12382262881173976,0.11849331048861905,0.10681928105494252,0.023586637600712335,0.11366316242410225,0.044827515359866364,0.10636269065749097,0.14986973304578552,0.21255504055674132
0.08105470082524564,0.14832480236425682,0.06649413967206892,0.044337226545325174,0.07136063454606643,0.021533470404132695,0.03436197007649097,0.2677868203935317,0.2647462351728816
0.08655958169728188,0.029529794319308716,0.3194337176005899,0.007850217512912016,0.10640314852576249,0.12687292596357322,0.06508666203204197,0.12777507823486103,0.13048887411366877
0.1292159469580898,0.16357095831511856,0.01731013851754871,0.08975604822823131,0.2406429971281715,0.0031211400896018556,0.004313627795813191,0.027279581480400567,0.3247895614870244
0.07416044010651328,0.1313443583059827,0.07678074166154919,0.027505607241824135,0.09212619913535403,0.1260812175420946,0.03130270005207078,0.3506722656644832,0.09002647029012815
0.14538009688499892,0.128458649647773,0.09334279357493834,0.058323800419887044,0.12967531108074473,0.030536183747742095,0.04195861765079848,0.17338053591018646,0.1989440110829309
0.05887847285813703,0.015097629951568069,0.27267844511007566,0.11671903834849208,0.06103725312639599,0.1355097916584962,0.06458259983050373,0.12386945032596985,0.15162731879036137
0.013807531561050584,0.05028084767251143,0.18481499012287272,0.29576385048966297,0.020468114955721744,0.07217309783715274,0.08569746349378889,0.25550040463258966,0.021493699234649218
0.05328182644415528,0.11914161443138098,0.060497787369413025,0.23266658309468288,0.13925079055889883,0.11650480307998305,0.16917224296310066,0.033414277095920784,0.07607007496246442
0.026657133203782667,0.2264880512439548,0.026549704949224096,0.27573689058774153,0.047062661291974894,0.11233139080724965,0.07027056776835262,0.20438444323629526,0.010519156911424575
0.08805520932621168,0.08759002529175515,0.018153500561137254,0.21058327580077194,0.09664396060816567,0.06994761233523478,0.022262444689307697,0.2950490570717934,0.11171491431562243
0.025141652656402225,0.028422152499102554,0.2921141607873962,0.05832183004608715,0.12966093681606608,0.1637190464861736,0.07010480181369912,0.04412694542058673,0.1883884734744862
0.0464957854520242,0.02727436499686436,0.14250715116470442,0.36775106336000346,0.032515034193481375,0.23568500652609017,0.014522831649604722,0.09578788473070161,0.03746087792652566
0.011256048810955856,0.03677064308125238,0.22231221218057065,0.02903788620537275,0.10148991211023162,0.22888118436796048,0.043994411655172316,0.24749275922639233,0.07876494236209164
0.025574651783765594,0.16360549992640602,0.09731064287057485,0.15813683357921168,0.07765446218116899,0.019459787404299503,0.29343504112521873,0.08775412451583518,0.07706895661351948
0.032905729272353725,0.11428978286047425,0.03143576062217934,0.3707566266186008,0.09511339470015863,0.054162211748122024,0.2684763142189044,0.01726182512810794,0.01559835483109892
0.09914613564254421,0.13701771829205778,0.05337736979173858,0.024089343771881117,0.03836892867083733,0.07811965381532716,0.03500692427126545,0.3718362170927965,0.16303770865155187
0.06047353496916797,0.06651425695898032,0.046065154061531395,0.09612204213402768,0.04891100558231034,0.3885742871351163,0.061303459492751754,0.20619918603760481,0.025837073628509465
0.029695063217257543,0.13994402886388493,0.30262373311591534,0.04340780907573293,0.056951864817702584,0.24494502525406955,0.023183492312263503,0.0898978705013919,0.06935111284178185
0.030249210803786078,0.07198011562747612,0.10767533138518655,0.28723140122481294,0.04127919657176632,0.18826491177375151,0.02635920424346619,0.2154715710843772,0.03148905728537714
0.1381539522381464,0.06968574273991486,0.19180585434006317,0.20743994403191715,0.10407090043696143,0.028287902237457693,0.13833290308074034,0.07953188850612085,0.04269091238867819
0.12248183679438214,0.2316647209666534,0.020580672945420875,0.04211602331289494,0.1966375231437026,0.00808873422686154,0.007057921515146751,0.18855846247094998,0.18281410462398773
0.0874572536094576,0.20482388479511018,0.052769361364041284,0.13718947825012426,0.0877154514414678,0.23444442818617983,0.12226367325090966,0.05050988456636022,0.02282658453634921
0.010084600052287902,0.2269086774539284,0.04702040953405184,0.3674224451126434,0.19195447016618292,0.030416842105627822,0.06670465894738647,0.01368163025716349,0.04580626637072772
0.025079596091962374,0.1323137503624278,0.08470370764694744,0.12437742092003116,0.050595473231820044,0.1417094298456392,0.17797194543590078,0.10674913457907582,0.1564995418861954
0.022723730518386245,0.018575882671890694,0.14577567625753887,0.2296971794530969,0.052368215920496265,0.28712025263685825,0.07587993578074016,0.11171769007310207,0.056141436687890456
0.1125546370529125,0.20865879225263106,0.12733830093975676,0.021495570892645293,0.11396061674376584,0.07114552200743844,0.06379599286416099,0.132823559299055,0.1482270079476341
0.06369925686316373,0.08038966418619915,0.079130916634495,0.19895869871298855,0.0669270632731946,0.18826868514918035,0.07681577331279306,0.0948092145577123,0.1510007273102733
0.06210064822539898,0.09596886925231975,0.1785253869613319,0.0822909549202153,0.07189105909561476,0.060962521273599087,0.0859059084447062,0.3286507910837148,0.0337038607430991
0.025488664745609138,0.04249682595191879,0.032324896942614284,0.39556697890841996,0.03108159737421649,0.11503735736422545,0.04226694624939429,0.26389613849602916,0.051840593967572485
0.008708861209802958,0.16260119353662603,0.11768054149624142,0.3068138861713247,0.020280209726309995,0.07545443566500924,0.025485441270610323,0.2685472312742884,0.014428199649787006
0.06644174430045652,0.21475198380070334,0.023626962852870127,0.09026997254064585,0.09023146778728626,0.008111916077568976,0.05255423604792878,0.19079103314756862,0.26322068344497157
0.01897287484146057,0.26821610224935694,0.06443446944897387,0.156329204307435,0.06426566066582298,0.12942445219811283,0.03143602723816633,0.21840100803276621,0.0485202010179053
0.011747099705755373,0.4352765227659576,0.1637780525335271,0.005971864679355541,0.13107004289786953,0.07720809541220464,0.026474058112112286,0.11837832832729352,0.030095935565924464
0.2346616507550102,0.12467211406481908,0.18491399178837864,0.08684525100993863,0.09037866546339142,0.06702796721388746,0.042871277676419406,0.12854649267132356,0.040082589356831684
0.028620643824812612,0.05893446531970448,0.054212177246971666,0.37960297014534844,0.0538739301061189,0.14184118219182665,0.06963302797445002,0.18585924142088173,0.02742236176988549
0.05984985104208219,0.13175485728631073,0.08104504925406479,0.11066623545423564,0.10474124482352871,0.17747301952309583,0.16007495727308263,0.1470871312657009,0.027307654077898518
0.11507809946478324,0.18937342380354039,0.19946165683077022,0.11222901441716598,0.11820917921283458,0.01808676538960955,0.031169191049121425,0.09560649727409902,0.12078617255807572
0.1559970930864424,0.10236285600756329,0.12898060630786687,0.10434048244333118,0.1892855360398958,0.01190387807035617,0.020987953920862848,0.04280515560557304,0.2433364385181084
0.041034098781782914,0.018060452964638183,0.3047449457354952,0.2587302865929179,0.04011152511205268,0.20857064333629494,0.034552431310685444,0.06659977205719433,0.02759584410893845
0.03831147851749249,0.2152459048585437,0.06976218978277537,0.35094402475055625,0.12434501561108453,0.05449089957602644,0.05267830667660417,0.028726744736943217,0.06549543548997379
0.019783277581765058,0.03945681275201752,0.012940694292304699,0.00863286712466889,0.13431420905288197,0.08456149913645139,0.4830756104502652,0.14614750544533342,0.0710875241643117
0.024404522591497658,0.08311095778837926,0.051299537278110686,0.08728432573966731,0.1516350600855701,0.4024255919101549,0.028903630085443693,0.15646930681906523,0.014467067702111118
0.04927170268191421,0.21298699613572136,0.0137727422092764,0.13723221811428227,0.140801103127609,0.01550067644758437,0.012223091093563425,0.035463642888524945,0.38274782730152407
0.07350263761051536,0.05064499385960902,0.12343534500501907,0.3107422783883301,0.13358103347113273,0.19431929772551382,0.037563558437998884,0.055064391552773394,0.021146463949107696
0.10304521345790947,0.05143835567295955,0.17051553156518537,0.032035562567909466,0.04482910726750672,0.15552737740394212,0.14048006087018308,0.2897422098066557,0.012386581387748523
0.24930267762800626,0.13393114919624413,0.014458177243893608,0.01784097973060275,0.10387701023324854,0.008543005617823169,0.009356922274755408,0.1716009494403042,0.291089128635122
0.037502314767769086,0.0212171580820011,0.0425637364348276,0.31359523230558994,0.04611796382415182,0.3663883325518482,0.033484962941618214,0.11598700121607629,0.023143297876117647
0.05784476430763844,0.106474102289758,0.08753354928858735,0.16764215503295563,0.1371398028703508,0.10058229187368757,0.15290835336301944,0.09883725317853896,0.09103772779546389
0.07512722134523621,0.07341898901742529,0.0530344430694157,0.24709875896835878,0.047872399942555655,0.3549311184875233,0.042647998286443195,0.07373844866018021,0.0321306222228617
0.029728084589788328,0.08214137591665015,0.08908726542572111,0.33153287516325786,0.058357043872949994,0.2752869236241568,0.04356128819986168,0.0750895046360201,0.015215638571594003
0.07521245948848058,0.018271772775945796,0.023718068088174463,0.14202006606986392,0.1204990933062493,0.1255026084768002,0.1219949258976285,0.275295683696637,0.09748532220022023
0.03069681119805921,0.08191737148903437,0.05942866530286025,0.05918111889306152,0.07868333605319576,0.2539106498793105,0.19250696956104227,0.19375913137638415,0.049915946247052
0.030362261973377273,0.3048746353643938,0.13251440625374225,0.007507365368214696,0.15811659875585707,0.024661379901270913,0.24133190868958013,0.06765684748357594,0.032974596209987855
0.045515966923860195,0.09305044290840912,0.15873010185451905,0.03335461472711447,0.10151461505050684,0.25103568660809783,0.11551157859933026,0.06281106148365524,0.13847593184450704
0.0898399141592479,0.05535806453674741,0.16516491160244032,0.08842306792146516,0.1806083990960933,0.21662840703296246,0.022635193971663675,0.14284247457941632,0.03849956709996351
0.0702292310620392,0.0829891085372063,0.08627851056793322,0.12604673360762367,0.3254338352763964,0.037516336982400755,0.12322706631679332,0.039263805118867845,0.10901537253073923
0.07872136141902647,0.07188500790316132,0.06812685031056655,0.2116862872284587,0.11757527467618323,0.17963958041793135,0.19820639671720386,0.06285976808030538,0.011299473247163115
0.02232715520569541,0.08318897680148929,0.018321970543892906,0.18375529899550616,0.12236329225108067,0.17286872123076338,0.1189037680759588,0.22605520116849623,0.05221561572711706
0.336247712502696,0.0595439176147697,0.1436279495923861,0.0862200212384364,0.021449197170209804,0.09760538822787235,0.0716145267408345,0.14337347025365435,0.040317816659140866
0.022293685029542088,0.10147792276679246,0.09153082296438848,0.009783330258246962,0.08576021963821985,0.1043241714599662,0.21776854629236586,0.2224946025965545,0.1445666989939236
0.13568617557943327,0.3084508217754782,0.06478797980606786,0.16148004172666766,0.03983857194687644,0.028897805770588852,0.10926887292235236,0.04526778890869765,0.1063219415638376
0.013949669254971112,0.23409459749113762,0.0560138032516228,0.2055944410864076,0.19064732621141212,0.03748657899263839,0.20147978322607055,0.025129802442767895,0.03560399804297196
0.05245566561821589,0.17201820924105707,0.061512246261881016,0.03190386218626493,0.1839444077973693,0.11330652840443504,0.13814799409122094,0.18504316185881317,0.061667924540742575
0.09350142716629041,0.11655230004308269,0.08764422798417014,0.12675010653103821,0.30095415074276866,0.09291812139480506,0.12023094940695843,0.036383090107597486,0.02506562662328893
0.06792538282070759,0.08620286199451684,0.18073163900941483,0.12437129997638526,0.04620446978091508,0.107600302843897,0.0972600516451575,0.14271969997302714,0.14698429195597876
0.039595859443952004,0.12146729369472782,0.15693756835383932,0.08642455583981573,0.03682962554707672,0.21403570724496457,0.1325831995991147,0.1780735637040649,0.03405262657244421
0.04983587465728751,0.13080338625596713,0.16744434906997394,0.04944694937342237,0.137637161372144,0.14862636924837055,0.0521377491917023,0.23460540846888164,0.029462752362250582
0.029557681741245012,0.3220661427999339,0.05913866607361686,0.05251781290366538,0.06952026332188484,0.05851216973001095,0.06582819984859718,0.2811483376302482,0.06171072595079755
0.04015092119193481,0.024130576239607977,0.13266695323567088,0.027282508248684032,0.08191005811857616,0.4380429703578705,0.08056531438295306,0.12827637043339132,0.046974327791311304
0.036740229455065034,0.258590320170834,0.07045755642935081,0.008942062297357068,0.10550266481981348,0.022985018465343187,0.11871061787888938,0.2920813853582686,0.08599014512507837
0.012160133244613805,0.18888116249520204,0.2348801709108683,0.02926940830317569,0.04041356857756942,0.06415415052248757,0.10657940680155613,0.26827970505227255,0.05538229409225457
0.023911492663481915,0.1407742481151697,0.0755823133368331,0.37669404216762503,0.0957103197854523,0.15526008502002778,0.04439979713142426,0.06909596649247526,0.018571735287510768
0.046551495482124096,0.03640132763900283,0.1575358888854174,0.16658210565144466,0.08830239045482595,0.02609069835432849,0.27695565477887035,0.17550861828209108,0.026071820471895175
0.061199157388991086,0.18072532353063694,0.0877320913709186,0.34371953348500156,0.023605038182280238,0.22773660632095907,0.04882692576758071,0.021041858058069754,0.005413465895562008
0.024758270299153257,0.11861337311483437,0.13559866689091674,0.3596077588718615,0.06766514950889828,0.1073042343457774,0.034023580813131615,0.08378599712868373,0.06864296902674316
