0.09779498134216029,0.23285141534863207,0.023034514063226832,0.038530931056215655,0.07559371587659929,0.2822363922666127,0.09555123434876282,0.0779647068455669,0.07644210885222351
0.17694388271876016,0.07099310519960506,0.027782275135923903,0.07946956579227343,0.0779239847903835,0.21300992858022813,0.09811265364253603,0.21806355327727742,0.03770105086301243
0.0957438857472603,0.10070031462613088,0.028372488413742698,0.08181526975197585,0.21575813812346464,0.017673847268570794,0.2700412628700211,0.1257422008326839,0.06415259236614969
0.1577588771823389,0.04931108511809251,0.02903401806691158,0.10909060856341231,0.09760838645448522,0.16361506022950298,0.36278291612227465,0.013046174387140008,0.017752873875841794
0.20099496875012143,0.10661951832107781,0.048282168115848546,0.025418034824474172,0.078725818096978,0.05231920541995968,0.1188805924172195,0.10558356026751158,0.2631761337868094
0.1914649209344836,0.1199813921328166,0.040400309056189306,0.07048229910373068,0.1137786570950461,0.1703153183338141,0.05902861968648763,0.11439120709335032,0.12015727656408158
0.16977583636794594,0.10006601688759198,0.04676287860777281,0.04397353019268016,0.04224321961591653,0.03430867736886188,0.016242794137482336,0.2127005691089299,0.3339264777128185
0.11395585541693642,0.08909677308316538,0.16409961070003123,0.22924245093582754,0.0580907101073307,0.10950867703088651,0.14981798883323003,0.05079183815136212,0.03539609574123004
0.1951119258060695,0.10939183497514617,0.05960471955065751,0.08329788226469574,0.03464830021294241,0.16851000473181968,0.16227032593094703,0.050895694074016506,0.13626931245370552
0.09722851978505265,0.09278477800169938,0.05171347941755433,0.030590606045718772,0.07494343048022688,0.3047635502545947,0.14859467203371715,0.10737146532388693,0.0920094986575492
0.17720104912873225,0.09705228548239868,0.023911216465658625,0.20385823085328617,0.13927200819831087,0.07737813196912603,0.18510446950036533,0.035406825279766546,0.0608157831223555
0.17578726040683326,0.07094722174843913,0.04236915460779648,0.22073442211186164,0.1549913740134913,0.0963009583674412,0.10093919108546634,0.10175846732965386,0.036171950329016836
0.10106646645857653,0.16916240031916366,0.039411415625302516,0.03735033660664253,0.07970294520650004,0.028408608972100596,0.08313337553478369,0.432704281587051,0.029060169689879355
0.17780480532389822,0.09548416020509637,0.3115307883368899,0.029241165809018237,0.01996500773715896,0.11276514596423261,0.05981393875081235,0.08193614825360564,0.11145883961928771
0.1851995185470886,0.07428328355243592,0.057475033408807184,0.03716524678002563,0.11615247135418649,0.10533502741160002,0.17864535024597483,0.19190769283038991,0.05383637586949136
0.19909299364921615,0.07505628170876982,0.08149011067522989,0.23491822191364134,0.15458638185381088,0.06532979507064693,0.1344445359781378,0.01182780761628917,0.04325387153425799
0.07929864446463582,0.09501620541871307,0.2805590605245049,0.0389004824473845,0.03576860329954674,0.1030888574486057,0.08359601947583854,0.08414505553200474,0.19962707138876604
0.19455908637162847,0.14191034662329993,0.2119522500220384,0.025030610278334697,0.22045052746400273,0.027161193587630764,0.06357763885317369,0.08426942788909174,0.031088918910799596
0.231116714335264,0.21193577252179008,0.2200551038439769,0.05463445676426887,0.027065120542145143,0.11535101548363995,0.05430938826600948,0.028459063416028132,0.05707336482687745
0.21976549150082025,0.048578700879392776,0.05902844789873709,0.014111778408338391,0.06596521210378198,0.34476703584461726,0.055493761026439194,0.06045931494655598,0.13183025739131715
0.11582966863291616,0.05379439154949924,0.17640073957541635,0.015766498075758334,0.18966874995576502,0.25187213492871413,0.12014476147643775,0.059252657240440064,0.017270398565052948
0.13739908231645867,0.07997497051624368,0.056229182927851944,0.05497634663316683,0.26510197163460175,0.10526539234582165,0.1163853951597225,0.095393479508685,0.08927417895744798
0.21128342437576295,0.0763416036271929,0.0546645788934649,0.0855297765140191,0.20292096677526253,0.14862549610544454,0.12829019728104546,0.033703619882273265,0.058640336545534355
0.11681727713555966,0.08426531970793823,0.036046190958144354,0.12002590978053017,0.38065148472892746,0.047182787106419426,0.0912883738401486,0.005476529683693055,0.11824612705863909
0.17188070263216393,0.09612998834080479,0.05151077439175919,0.18098201472527528,0.05776543115722427,0.0370994629174988,0.24142000268090824,0.12617511208869717,0.03703651106566827
0.14809413279371156,0.07332648298489335,0.44738432200448225,0.05274045733115778,0.02785475002511896,0.019932557167733043,0.036517382887816315,0.1122109995448542,0.08193891526023256
0.11696393242866159,0.12207889669282108,0.04526527627462531,0.029335999400203122,0.09062495173484843,0.13409686624487557,0.31844212226344143,0.11745124671557217,0.025740708244951217
0.1480991078074446,0.13991453601421922,0.073169903817535,0.11781296653107336,0.09301578319712517,0.1504165454981994,0.10788682623678685,0.0940395550353215,0.07564477586229497
0.13796219787824135,0.09476928083383108,0.05139104904277633,0.08093438048246883,0.14440140706967866,0.21708088925202662,0.09297573412607867,0.06404394766529818,0.11644111364960026
0.26110307690626805,0.090960627493977,0.041484554677724626,0.14567185833050025,0.03931202992767596,0.09604344115498242,0.1562132300384673,0.08294725067827173,0.08626393079213264
0.20767035574819936,0.07512805234943937,0.15278194408854798,0.05238907792453213,0.04250431248061238,0.19734897565450318,0.055941919780021276,0.04048001953041037,0.17575534244373384
0.183806676957363,0.11959227930129823,0.10379636627727644,0.09872708017669736,0.12634146566447244,0.155745477106116,0.0745072709003633,0.12194220519150027,0.015541178424913017
0.16603104499416396,0.09872998596504046,0.08416160859160389,0.0281336753604965,0.041928443343790305,0.24628112767274743,0.04888394446532873,0.23342465829158768,0.05242551131524106
0.2612706761387983,0.08901219171152859,0.09007883890066205,0.07689440480002156,0.05563693055602938,0.1096101186097105,0.06375500274760493,0.06849629529193108,0.1852455412437135
0.11112342807107271,0.13185125277267015,0.2082904234101728,0.013645148917827478,0.030684228261133154,0.2009358423580453,0.12707767051216312,0.13284487836358252,0.04354712733333277
0.17826145494200119,0.06937345895154633,0.18716176124719378,0.032792933920166224,0.05697511534682506,0.027623337177177725,0.09089495818603997,0.07657193996062593,0.2803450402684238
0.1993581641306873,0.17943374891962235,0.0357598154977035,0.16517041799782375,0.1332101258213586,0.0659868639406221,0.1194870341660594,0.05122353825349726,0.05037029127262571
0.13613919332260951,0.1239869114372643,0.13660841990967806,0.03593144171316864,0.04595312504876129,0.12238926420850955,0.06256110533086372,0.17665904834771692,0.159771490681428
0.10381839349039697,0.11156058639221277,0.23465500665179162,0.059089720886910835,0.11209337033208981,0.1516228010523546,0.14527168067389074,0.04842380251997872,0.03346463800037397
0.25485806763259566,0.07716602634659557,0.03549484582842077,0.02251181244127845,0.17415253251603358,0.06606948729926619,0.04784404615199587,0.15442982417408233,0.16747335760973167
0.11616026290429955,0.1898797608170876,0.05119569171164893,0.05609697915679013,0.05484433432189004,0.28476895781066197,0.04832990676263783,0.1451177861913019,0.05360632032368206
0.1745959916625958,0.08447651733762512,0.40542602748505324,0.09277485338081604,0.044024453826584625,0.02249794013739226,0.09588654026937393,0.03610203658989547,0.04421563931066349
0.17550457495480506,0.10312802891828073,0.05030646851465318,0.03588952669010403,0.0819736236329816,0.06260723093995599,0.29492599158987465,0.10385868319694463,0.09180587156240012
0.13454572462955144,0.07605873121545383,0.08129027721696977,0.18519342631950228,0.0865748117334053,0.07354160473399823,0.19553117782803642,0.03252801219676737,0.13473623412631536
0.2535257853607473,0.0971685815811552,0.04881142900927732,0.084063069612642,0.07818644151282071,0.08673802397344088,0.1968390038091928,0.10374687302006935,0.050920792120654514
0.14698758014673477,0.09091413958867633,0.09049414775735094,0.0433932845917415,0.05914328094283703,0.05397821290334742,0.049823174253690185,0.3278558911640528,0.13741028865156893
0.23205455213068338,0.08227483363054583,0.06046142074321953,0.03948247572570129,0.12160862857391214,0.03429875937804787,0.19790328478573496,0.04326376973536211,0.18865227529679288
0.27337569477422585,0.17541499318465192,0.10857585151274514,0.07102903272534908,0.0661770838549663,0.05659837234368769,0.07749788339136592,0.11106026710488398,0.0602708211081241
0.11394942873743442,0.10472598683850266,0.07885902650253862,0.0635083192683468,0.02615864818836985,0.030253310602842632,0.09861257238479793,0.415630260551118,0.06830244692604907
0.2226834760869569,0.12541188052868238,0.06861795439751776,0.01678447992479413,0.023849129040329514,0.05073761070863999,0.06616737248200516,0.14454388891560827,0.28120420791546585
0.2099427364867418,0.09123910154524005,0.06599312252927038,0.08917558954530698,0.16878168895541726,0.19639150031037514,0.09947029012055027,0.031120848617086763,0.04788512189001129
0.13998872774334273,0.06359961148172011,0.19220066988750137,0.20838468700625565,0.09357603561365796,0.06814587412747589,0.17464095719341796,0.023089863546015815,0.036373573400612556
0.09698795171904963,0.11557807285080919,0.11730796866589228,0.024436632929435095,0.08154289304299839,0.05521119313475072,0.03891035301896641,0.12842855322805724,0.34159638141004106
0.1557588935375782,0.13970828266387558,0.05570916802559769,0.06869847725911434,0.07085609016675835,0.12628148314397414,0.19239334022745389,0.05282450294198247,0.13776976203366545
0.2444402093123473,0.11937345572753892,0.06544402963389549,0.130220620342783,0.08127024571288484,0.0951644122985303,0.04230250787008776,0.16202969014878185,0.059754828953150464
0.1175436037507777,0.0564215290359445,0.048963284796261,0.029728439869256867,0.26469373332454765,0.1751233764488523,0.049448456770063653,0.12683176868631446,0.13124580731798174
0.12496494512940486,0.06386437869866396,0.17929833385621854,0.06945420824787579,0.13398047971102545,0.05405005911108818,0.046842756899123615,0.053700819315980974,0.27384401903061867
0.15754901064450025,0.053749203015817676,0.03244859796216165,0.05444658079189427,0.12727801990584045,0.10537252733045,0.3687542747544414,0.049428494020831416,0.05097329157406296
0.0939475559824236,0.09591045033870604,0.05811463613891787,0.14289163418299675,0.309607110832546,0.054539125193476874,0.11701741268878518,0.06772769912429934,0.06024437551784836
0.2040090803828116,0.0991486924282053,0.07242706986983109,0.11463551598850186,0.19541526735684944,0.07518594103750635,0.05347558477306554,0.06032013432317413,0.1253827138400547
0.11752840437881736,0.08179527074797803,0.055035566745066856,0.18939714826375154,0.08820722447352153,0.1064626067969779,0.21511628625637028,0.0833736723114326,0.06308382002608386
0.07143372429278774,0.06107430077825221,0.19679028020420528,0.022931522010991263,0.05476461976413674,0.13417622619455705,0.3795691036417235,0.06689502711691593,0.012365195996430165
0.14640416808678056,0.12205012341076778,0.09657435513132029,0.05397408589388797,0.07468620309314292,0.18724492685260272,0.19228097424941248,0.03560586455943302,0.09117929872265229
0.2629638350968121,0.10049138357343745,0.12376361541538156,0.07350236036569378,0.08561796211751775,0.07469131411671442,0.08542854924191923,0.08385477502741878,0.10968620504510494
0.12095744130806341,0.12905429072664734,0.025924911624809522,0.027244153887620155,0.08336507228049954,0.1368939931343638,0.02992695200863928,0.21631719162062354,0.23031599340873352
0.16042522205325915,0.08645457496613808,0.030646589527334445,0.03937707715943474,0.09167155899740607,0.18340312908257958,0.046176225217352464,0.06906959885613993,0.29277602414035553
0.13810733697897257,0.08124351337902179,0.08706584051373185,0.05422261918483693,0.13965815167671072,0.1994217859528825,0.16341582425031229,0.049345539302670494,0.08751938876086086
0.2450952834098059,0.11738570778044861,0.19171581457588785,0.02719815855766865,0.08366299207421359,0.01671087236490759,0.03855620748984663,0.17438167666388218,0.105293287083339
0.19451426453599982,0.08066523134062754,0.1329811467179894,0.03477892615032364,0.05538116767086169,0.01916581813855008,0.1066441310631861,0.15047501111537684,0.22539430326708487
0.18457137627026463,0.08495429594269033,0.034148553669754146,0.17998480205185474,0.10204676586835704,0.11669874251711931,0.08278155779149,0.1970289153747514,0.017784990513718367
0.32220369155226725,0.15979243660345452,0.0888345186288716,0.023225320378584064,0.022263611024594353,0.10137964901325991,0.10163390183863417,0.025122036997132252,0.15554483396320193
0.16517770265065368,0.1293979068601838,0.09412552709474307,0.04646864877867179,0.05985486994333986,0.02575218970911662,0.08170384238114048,0.11904057117689748,0.27847874140525325
0.11655189127489911,0.09138625455669903,0.07179750104042816,0.02122607435381538,0.06413124916539997,0.1686545545955004,0.11997303776424939,0.11888906282290251,0.227390374426106
0.09557355363321433,0.1262200408906402,0.14567159906874413,0.03504332874037447,0.0843353723538854,0.19924698839963365,0.07708923529528577,0.11153302437065471,0.12528685724756733
0.10464204073290954,0.08771717813222411,0.059850864518867564,0.02572422296576346,0.15877679529647995,0.2992086473377969,0.05632231250770614,0.15088577470681339,0.056872163801438946
0.15678637917596036,0.08212596277710632,0.19082229908908888,0.026926493246433248,0.11484462190854067,0.06020046853091759,0.07004330471130216,0.1131696980526763,0.18508077250797453
0.10098313985279962,0.09571687052685955,0.28032025434137225,0.0322439956577842,0.0806598319875602,0.037878890506066576,0.16506187635593958,0.12737381943020737,0.07976132134141058
0.17772602600973153,0.06028423894524929,0.09014599518824236,0.13711589615930522,0.16101926913719844,0.05939289455594393,0.10749095721741604,0.10321997180949109,0.10360475097742201
0.23817949630237112,0.12062862573414888,0.06308055769125748,0.15118611674139834,0.035625503629199196,0.10600707313508866,0.10038624751213983,0.1147818943989376,0.07012448485545893
0.17765931818415134,0.13767690097243776,0.03711074638740618,0.045762771353935694,0.051666849085292545,0.1203008593625954,0.10747098063655651,0.08557639909399978,0.2367751749236248
0.09026764502906422,0.11416880348806928,0.07531555008929329,0.028233867383113367,0.10030221255536416,0.26799462474992775,0.08291892169177305,0.03545720622196135,0.20534116879143358
0.10981528189774277,0.08829576022488388,0.06483143115172162,0.11638235724449536,0.1212460590674993,0.19670502929482855,0.10110509804331247,0.14896598361238514,0.052652999463130984
0.1985614998538118,0.16209982614844695,0.05367914684685843,0.13645840456929334,0.10521456372911113,0.07721153254026177,0.18421309549578213,0.04147585357509171,0.04108607724134278
0.12126442287463411,0.09087497677968281,0.039678366606706574,0.1079905769299805,0.0812334991085663,0.10316366184094694,0.3050649014096323,0.11157453019969049,0.03915506425015997
0.14141014989625417,0.17052324803620197,0.25782344226032494,0.043397586700179874,0.07155063212908143,0.03512375767908988,0.14612324803881047,0.10109052900058425,0.03295740625947299
0.12108985851943282,0.13389170247070456,0.15465190051571212,0.028562154497233413,0.03768424835799366,0.13668020051544286,0.05859241972619644,0.16100664166571013,0.16784087373157397
0.14280895885809627,0.0915595488728741,0.07073429428353685,0.1662176795486655,0.343717467088914,0.046844585433922274,0.09835876638562407,0.014221589188383002,0.025537110339984
0.164770846441183,0.06877900510354157,0.13410222380285935,0.10166922294278363,0.27664308071716953,0.07078594535731543,0.03912448217207265,0.07065908134335445,0.07346611211972036
0.18725333248024004,0.07467908977621673,0.044842092336027324,0.0635035776491951,0.25402910900994863,0.1845858486140923,0.12791288295275857,0.021472492340063338,0.04172157484145791
0.11742610669790977,0.07685183254297417,0.11572257548909935,0.04692810115854595,0.16294878482932956,0.045415783094004784,0.104405769192348,0.26708780971535095,0.06321323728043753
0.16343859818965037,0.06017996163353142,0.03760894371418397,0.11895154068341224,0.1834052100881799,0.2515990085186804,0.07022823874602543,0.03394371646338295,0.08064478196295337
0.1901350618090182,0.13867248536885715,0.14218813201832256,0.16286402429006838,0.06411539514163751,0.07162086039266667,0.05843032488486932,0.11550383436292655,0.05646988173163373
0.17325934090008452,0.06297376751235254,0.027614545150522373,0.22461190044938814,0.031321677103430035,0.22671808257295875,0.16752368302362197,0.011951578893240592,0.07402542439440106
0.19551257367401184,0.1804921458360509,0.05605122246713317,0.04054275946247698,0.08343137342418494,0.0740283702010822,0.08238692538546279,0.23107956340530725,0.05647506614428985
0.18407640116825266,0.09186608142173015,0.24318720102615984,0.04681852402880545,0.05962507488220104,0.1986961853490802,0.056516281803846304,0.05625086755843962,0.06296338276148458
0.2682068223850596,0.11104009504694012,0.08854062170487459,0.10130803058841764,0.08185329692511445,0.10908806742586526,0.09812926153925282,0.07121112701236106,0.0706226773721144
0.26101472790152497,0.09140685391854077,0.11866185639744704,0.041278151234394704,0.06172058379296491,0.08687017447123598,0.05015879142847207,0.1679368777029884,0.1209519831524311
0.19934576117475442,0.1332475055894426,0.05029776766097366,0.1093690157516312,0.10911176233101534,0.07519266004704994,0.0922070528595994,0.02127302390355325,0.2099554506819802
0.14360734397041072,0.08154660415567379,0.0930510308136188,0.11534270701952254,0.18571561908904402,0.11718024339604183,0.18092221976953426,0.022221885091352086,0.060412346694801944
0.1295006738325342,0.11302914200796961,0.04982403723371262,0.05517523374106218,0.2003803161826301,0.03913436634076828,0.2937247969863786,0.02914165419144368,0.09008977948350073
0.2447559128836451,0.057881880764333225,0.04162767935684289,0.05954943095376775,0.028009970183087374,0.04097231087561153,0.1956373567212537,0.2549636230274989,0.07660183523395962
0.14478780389909915,0.07394109457997074,0.058730457721566987,0.10008418636978544,0.1815881418383413,0.11102464995377702,0.23122103380718664,0.03914176004167504,0.059480871788597685
0.16804562626299513,0.07812892186568043,0.10388769159625444,0.10611896139315267,0.03720828762955076,0.07492601590934418,0.022372852974220935,0.2843361309077272,0.12497551146107427
0.1869877167226944,0.08576101289894167,0.07227434491063746,0.07001584919323435,0.1042336337954018,0.18500470460569596,0.12470897108011288,0.11526846318251531,0.05574530361076612
0.2897689952122565,0.19098886445491015,0.08159616241962525,0.08593086322648881,0.05951939532872602,0.037270728680960215,0.10635390790934489,0.031182122760594382,0.1173889600070938
0.21904747371901387,0.07760313647832456,0.04381490038893376,0.04110891025404531,0.08253157373796531,0.17352365821805826,0.24023056941054888,0.03240461905369335,0.08973515873941669
0.13623278947506082,0.07325186367061096,0.07320196472215984,0.08394027563769983,0.16288498995170028,0.028157417707028554,0.10301582066559223,0.21254297820100163,0.12677189996914592
0.15170026778289625,0.14027535348076584,0.08567195956168978,0.08647316794601066,0.10273964603359387,0.05116115434055424,0.12495670773829441,0.12210971374630554,0.13491202936988944
0.10652932220123473,0.12397606860048864,0.048395476758751964,0.19306456254428164,0.19309754254755604,0.1690694734407737,0.07257646837151634,0.018937621796986128,0.07435346373841087
0.252280506290035,0.0846455876046686,0.026281114127282876,0.09484965912145432,0.12549294939992772,0.10069542497239285,0.23981030372014286,0.009366813364127998,0.06657764139996776
0.11936016036628212,0.11173285953232637,0.07463644792105188,0.08569294846617935,0.18429756698518399,0.05566237676082806,0.30582129996039453,0.031048426067510713,0.03174791394024295
0.18700752695815184,0.10173804079644537,0.11493351555816077,0.12727666808815538,0.04113234096024377,0.1632240968342936,0.15649678251159727,0.048199006945843,0.05999202134710902
0.28793853316855794,0.11147323855129794,0.028366613612291397,0.13479374513993236,0.07884228814042034,0.12814359608326295,0.06329875036893336,0.08514550870655045,0.0819977262287533
0.1395534040114169,0.20992164157660329,0.08196635696390274,0.16464121803809956,0.11798330989956689,0.057740391106105265,0.04893407756440513,0.09433605450509797,0.08492354633480226
0.09959781407684946,0.055902606355734186,0.4192730381461634,0.02801487751095072,0.010759553483106527,0.057693064799357006,0.07902112642501012,0.14538016938382256,0.10435774981900607
0.21619415143491072,0.1270057250206531,0.02748886579469571,0.13391133327812677,0.10187507469455681,0.07173227376835146,0.20968093833617207,0.07440725321801889,0.03770438445451443
