0.08059025708417886,0.15898332204933352,0.10619944037043323,0.05316999357946984,0.20518700619045016,0.09991509691788093,0.15015030287459358,0.06983348201989682,0.07597109891376304
0.17270134306277293,0.017170927813754663,0.16159240634642688,0.01929044764877863,0.055049392401934315,0.13430485184230853,0.07174663489564932,0.13906204395922614,0.22908195202914863
0.18999936990894686,0.15936498608461766,0.012801611548060025,0.06199822006000582,0.07059657479817873,0.2562540871886844,0.03372933350341054,0.03396279682428487,0.18129302008381118
0.11526994147344295,0.031930819919434826,0.04626933942415099,0.21411670243789063,0.09873255101442376,0.01986917929699208,0.06946929757627744,0.3759089861289882,0.028433182728398964
0.27909712404556625,0.1636251089048618,0.10689588938715149,0.003958514785614313,0.06604378744358458,0.011553355968630406,0.08217359871963732,0.2835327838455631,0.00311983689939073
0.08751156223204536,0.1287614731103777,0.179981493049172,0.18271143780863985,0.05143144299434497,0.08699613837337233,0.1029764602524565,0.1233578460652321,0.05627214611435916
0.10039078717148721,0.05726934195884423,0.062047199704621435,0.08244232529201252,0.05965527027775238,0.36854487181025614,0.1325951444679545,0.10296055338715493,0.034094505929916724
0.23414987577447255,0.1285940056064708,0.09431280603547709,0.19403568823739278,0.007318832998948745,0.03479907907820174,0.13553631557519927,0.13784108479898757,0.03341231189484952
0.1597975179256547,0.2059339302344987,0.09707691405310331,0.04036092527867747,0.04437075041932113,0.15962194262067186,0.11982734156734325,0.1265313688062436,0.04647930909448598
0.03811528674340093,0.07210140155983184,0.09900347689346128,0.23011717040371518,0.15327150526096026,0.07256407208534882,0.07195639192034693,0.18297802784447134,0.07989266728846345
0.10468025591671747,0.1342494897338161,0.04393437018612612,0.09985828438491462,0.01051840423845199,0.1958262139049013,0.1787631452102257,0.09112370485045522,0.14104613157439153
0.09617956964638939,0.1702637203672972,0.13570856862369798,0.06337080291898235,0.09034116196284618,0.08049176521652025,0.10534605251903671,0.2015761986533945,0.05672216009183536
0.01871309428431592,0.18564014285013927,0.19160720667038422,0.12832781834429738,0.05728779719782917,0.1286058326476318,0.11411220556784825,0.14476390016560028,0.03094200227195366
0.051180760584106255,0.22479913731650533,0.22204396971099105,0.05837914598456503,0.08691912740040475,0.12200115745042399,0.10117945097310477,0.022025745130826016,0.11147150544907287
0.36198131060516553,0.14256379617050016,0.017176408697722852,0.023635360175559925,0.01139952191413695,0.15188198408323972,0.055400716912864724,0.17091990532532075,0.06504099611548927
0.08472635306944265,0.12646873990002752,0.1878380496167371,0.20044925389055543,0.07427978666687395,0.0613718879401865,0.06378803870274279,0.07948042752206776,0.1215974626913663
0.08285850908094207,0.05915278011579056,0.25798114835528385,0.017246661818046172,0.03282921682443778,0.31432081113567834,0.07867677138209354,0.02999915577100273,0.1269349455167251
0.02691809232366692,0.3150064155506634,0.16630417583696702,0.05500214999919739,0.02076869709222195,0.0367650679507631,0.15579155970013892,0.204132944929169,0.019310896617212307
0.09737887590050437,0.37627622750642664,0.1649304397354334,0.010788641623047322,0.02049107068945004,0.0788458659350807,0.07676198423216762,0.08153893171213668,0.0929879626657532
0.17275455743340995,0.05117963891620955,0.050122044057295,0.06548743781100243,0.009832205128748063,0.05184172147309258,0.2951874891178207,0.25043607725533845,0.05315882880708336
0.09731915292579847,0.09841614022713673,0.07432772731755076,0.07089208779009111,0.3195436940687391,0.014124575252327897,0.13101372618605914,0.14850526656167226,0.045857629670624456
0.015138889731507088,0.10007570876577791,0.1653416754461791,0.0868568884884104,0.14470067921093713,0.30691293497632194,0.03893029330664129,0.11386828467990602,0.02817464539431913
0.13782712577247969,0.1004191650748254,0.046999744950870864,0.02342202885443492,0.028737230890368715,0.11037747226712756,0.21140828232370423,0.25559663106701125,0.0852123187991774
0.08756116674072867,0.06892842110150638,0.08732898222379065,0.09728291941936751,0.13864189283830317,0.06559626129159993,0.12741079907757252,0.2848901738377702,0.0423593834693611
0.021030927230193442,0.1415461588685413,0.05449284585625388,0.019968198751152643,0.0359846152249668,0.14459003910532367,0.141304462341969,0.24810695264344926,0.19297579997814998
0.15972102964301563,0.2748058168671596,0.026663874618418053,0.05711117231309415,0.020414595189534143,0.06544249354693274,0.07081511442679278,0.1025053732020092,0.22252053019304374
0.5598964915257502,0.06304043138323849,0.18986267796815448,0.052982661750677174,0.015168481939930306,0.010808451348519961,0.03585762152039334,0.023746149266261066,0.04863703329707508
0.0337142926726127,0.1492404078900027,0.15599774646629008,0.09992736290256131,0.1669094071539314,0.21027662015429827,0.1291048813583842,0.016167169416049215,0.038662111985870155
0.1607215157862332,0.061213591580806435,0.09842553723069909,0.15799001844908475,0.05744688012358933,0.05997892999433438,0.21575169455033652,0.1682283342303832,0.020243498054533165
0.04883276626322728,0.16933011406373752,0.10052248316519619,0.027748770606397372,0.15524208459568636,0.06764819082650893,0.10004786365239289,0.1952273946265568,0.1354003322002966
0.14878496104958813,0.06053251727743508,0.04057641692047965,0.2315718248683347,0.15903197902334162,0.10684893812519887,0.02337723463804299,0.17626230301068047,0.053013825086898496
0.1976788122675365,0.06371941709262278,0.09627731444552445,0.0758096366483852,0.022052215723022697,0.15707975887265477,0.08041889870926133,0.2536961549727363,0.05326779126825599
0.23972914936730758,0.07639322861917988,0.07731866179756318,0.23095254040995028,0.12711639067469224,0.035864239382076994,0.08910837429601315,0.09754475676960005,0.02597265868361665
0.060305298282053534,0.06672355453048501,0.02491252596352279,0.16849320798309053,0.18730965266877467,0.06319844247801976,0.17483804257422028,0.16235855538767438,0.09186072013215903
0.052100945555127835,0.15380234496294573,0.22138863800472822,0.1177354016644171,0.02746243244117433,0.14552154809350776,0.07394875667372901,0.07443387145166148,0.1336060611527086
0.03313674091489758,0.1966215323540127,0.09946060848740125,0.04236809981685105,0.015013353801027354,0.07278677875003454,0.15351391829796343,0.37532800638238356,0.01177096119542854
0.03972316436709306,0.11735176624273369,0.006821425474899629,0.0970937173192768,0.18932620494290564,0.073459546206444,0.2773235704152402,0.15194132489966397,0.04695928013174291
0.33205940236884435,0.043449027612631065,0.07237826270665769,0.17026011144816086,0.05560948175308026,0.07522972708944022,0.06257712061814927,0.1485770231866852,0.03985984321635099
0.23514537294924973,0.07199672003087972,0.08323838710763201,0.13329841097140346,0.08252583401059765,0.15909495548929645,0.0466288873692192,0.09566582582732834,0.09240560624439342
0.04346903195219678,0.08564305461335353,0.04616342801398907,0.13014291281609155,0.04222353048053378,0.07450437095440751,0.2267953708059227,0.2608447993486999,0.09021350101480517
0.14273158663356256,0.44984591943548247,0.04510130705500472,0.05669880451592666,0.021920836497617502,0.04422416216480326,0.07504277988864239,0.0578041502827689,0.1066304535261916
0.051931383927173634,0.04544808607637315,0.3872348963261893,0.10772521340717849,0.040975265267844244,0.03162383900211609,0.044028682404630676,0.01782083240693336,0.27321180118156113
0.33276117156414614,0.07100714173895793,0.14329719801157,0.22535412462936352,0.027166563517972295,0.0813916172667996,0.05388111175048313,0.04430365226712694,0.020837419253580434
0.11477346814725498,0.04278714020906793,0.045871992829003484,0.1335872635147563,0.3301314478078239,0.14822755527336143,0.04584024426420751,0.09508854667094369,0.04369234128358073
0.15995515316778075,0.18785753464569943,0.22466236709326315,0.08186118484738611,0.036780674472090734,0.08123140292926471,0.05921341177414405,0.1327899632915782,0.03564830777879302
0.13051209436680736,0.07106993794376822,0.1381921621006783,0.15744126258690802,0.06053486173374909,0.0470102815873189,0.11735290635727065,0.062376699680289915,0.21550979364320952
0.042933662801297616,0.22933013597644306,0.24599649291257034,0.02952582410547398,0.0720531924022262,0.04759227499234605,0.055271134805765475,0.2554058925091151,0.0218913894947623
0.12685393860447425,0.058664414658414876,0.059775828334306176,0.2492120198887455,0.18873414311141543,0.12376239973282066,0.04121292745861913,0.13744166008498201,0.014342668126222055
0.3440365191635834,0.06276334475993366,0.02109491688514333,0.05917350944662909,0.040281546709783275,0.018359460775790565,0.10621456724800116,0.22817241566308444,0.11990371934805107
0.22122472723369965,0.20027539923184046,0.023728434878884815,0.035860085548073684,0.04926827693573347,0.03179846714661297,0.29560785501812775,0.03632793729318405,0.10590881671384318
0.07828394748158496,0.13198580099004414,0.014462671935771212,0.10159005234566114,0.09525140237816919,0.08666391790262207,0.11961474375494896,0.11539248680286159,0.2567549764083367
0.058593808762205525,0.17568877998916296,0.08807514876542615,0.2745147411612065,0.0406111768679828,0.05828407096038074,0.11056710974255114,0.13651939788808654,0.05714576586299761
0.019436204048512224,0.058708333342302875,0.039380830779401584,0.08373011686729248,0.07565771358287614,0.033969171916468706,0.04300928485644798,0.3983576932934129,0.2477506513132852
0.04841149412402849,0.06412070582307614,0.11871957425254666,0.05355045198601923,0.2410855210850282,0.1879121919186444,0.056599360349530614,0.19665685272185063,0.03294384773927566
0.14838380369717497,0.12262060757704989,0.019640753906349836,0.09013077486408437,0.18751682853375318,0.10981409473499702,0.13404180326582915,0.15755393519749653,0.030297398223265156
0.0425557981351952,0.12871419131052256,0.07813135878948015,0.04745049790499801,0.22922071392785556,0.04224322509312,0.08637395301767448,0.3251254932705004,0.020184768550653678
0.0266758913787737,0.39651040329880627,0.03526198444993971,0.1108953909294599,0.013266626129035333,0.09026545310548167,0.0812263510883623,0.033683474489306385,0.2122144251308348
0.22178721768729645,0.1496774578003979,0.07747730901410521,0.05407751434856247,0.1636187169746339,0.1837432476470228,0.0446336203113268,0.0920200405125111,0.012964875704143383
0.07655980616176418,0.0809529466479898,0.033423439520395205,0.018450531189498423,0.13444648314361413,0.41488608299253954,0.04843998474697183,0.009058870988343732,0.18378185460888316
0.08991170072872855,0.12145793315917795,0.018928965708372072,0.026252628301628677,0.13166705068365483,0.33028702384772163,0.05019659937979354,0.11510339393360712,0.11619470425731558
0.16382296700968027,0.052251949918008744,0.015163050018157894,0.06963311081463068,0.06367454997464757,0.03371511056544459,0.06691996331379242,0.2969325604813679,0.23788673790426992
0.2964902705670636,0.044443953571724,0.014320997434217267,0.03227856236206887,0.01805606418113313,0.023867684364999447,0.06603002035169085,0.15835200357577775,0.3461604435913251
0.24110222029942222,0.10814363413996268,0.17411571660497596,0.06889782067445217,0.1215739902026783,0.11288810364201206,0.054748627908372184,0.10287777605673494,0.015652110471389476
0.08614464310825391,0.03620657074889295,0.38416618919882195,0.031263752529164586,0.12333888267588188,0.13376977848289692,0.05507791394806908,0.09960345563923216,0.050428813668786675
0.1054879803277622,0.09062359073497701,0.050829336895590126,0.22005437639415804,0.026574176328104358,0.03909251686048392,0.07482697019077449,0.11800059446852473,0.27451045779962513
0.09862758508323642,0.08139446640140881,0.39490364818597307,0.0064414222006374,0.1108403843862703,0.18455600716077405,0.02900466370292389,0.08081055895086504,0.013421263927910944
0.04088390355729882,0.42621034651311346,0.09444834526224034,0.016838823931511357,0.11533738741977301,0.0743464148314298,0.09013517216551566,0.033889494163354385,0.10791011215576314
0.08253109675701353,0.14441644401309925,0.137976891566537,0.04690271699753346,0.05540546889604008,0.177263850859512,0.12232621956977296,0.17301993177489164,0.06015737956560011
0.11040153855338242,0.18207801218426756,0.06333677240691579,0.020065915636997094,0.2002999245706493,0.08753864598884496,0.06872096096356572,0.1993315188805691,0.068226710814808
0.11523373761623594,0.09804616333987082,0.1625727707815866,0.08975679946791787,0.17939052922013068,0.23109505220677506,0.06078954414942376,0.03983837838636998,0.023277024831689253
0.2196129029515499,0.09868051453578047,0.19433942369376475,0.06621181366044852,0.15944784547137777,0.11188031157044281,0.047101929102903894,0.03558374268794292,0.06714151632578903
0.06914442680896232,0.04467665069204214,0.27822758774411677,0.13666411081035795,0.017911396246334674,0.17066929074734002,0.06054026624523934,0.06263137368417386,0.159534897021433
0.11709602281003217,0.10406914144476075,0.09231355248042239,0.09623875861458274,0.21099717792605946,0.09690239895249912,0.13657917104758838,0.0802506011546029,0.06555317556945213
0.04831976540986533,0.2439948952459258,0.10936678177217522,0.015016918753942829,0.034128503218757815,0.029354850375977976,0.16711992970213932,0.33294997536168286,0.01974838015953284
0.043884452070614366,0.11147511267036747,0.13529794758539934,0.012933247225683182,0.132300175218565,0.08027937941508843,0.2462881301266929,0.1787807115577085,0.058760844129880835
0.015796150502215115,0.07352721084722809,0.1723374374474275,0.1393227279771895,0.07770127638202134,0.21915214259119997,0.1829085572817143,0.05369748519919259,0.06555701177181165
0.12534240904430619,0.21488444592150904,0.015703494182060476,0.04152025219937834,0.03167456328939266,0.10051522091549224,0.17026071810291246,0.22250529746881412,0.07759359887613444
0.017854035747931284,0.1571146492809912,0.20794248606338286,0.02853178365746274,0.02601260794579942,0.21909542429914985,0.031547868682761666,0.09310734380299558,0.21879380051952535
0.22777047919448887,0.12050476953797234,0.07657276726701838,0.15568166101946868,0.10960851951777884,0.033690045030063925,0.055836002230024995,0.19143448598938792,0.028901270213796088
0.03468122432603941,0.10021343881073537,0.10167257127127534,0.1147331785130502,0.15375140031612328,0.04852421386745087,0.07532710215420661,0.3286964604943653,0.042400410246753596
0.081239042470647,0.2482020944020804,0.033067131785474164,0.03160657915109599,0.04520913803882869,0.1704439874046191,0.08170114717047329,0.25751661953865107,0.051014260038130164
0.007862907457025777,0.21243527667708384,0.08920107467313282,0.09521526926579849,0.05818878219551376,0.05812217008203555,0.2364143434528885,0.205157908274773,0.03740226792174819
0.011056491822073718,0.10237411058733126,0.41679727099796166,0.040483407752383536,0.10336693200699791,0.13188841139659585,0.037329333377786204,0.14904810534767393,0.007655936711195975
0.13086133027549826,0.06426587491833985,0.07549072296623437,0.07215306989481779,0.0479591734189538,0.13735104823993674,0.12898850255853486,0.20596393798745224,0.13696633974023217
0.3372461152505984,0.03273680681502947,0.07017920165880479,0.08770235906141492,0.13412110533780083,0.13066528018429138,0.0730626079276642,0.11964318092542948,0.014643342838966572
0.10327105610839159,0.11656130782282248,0.09035436721476285,0.028961037049722044,0.02048031264968674,0.096440276736744,0.13702110909862197,0.39510540077369244,0.01180513254555591
0.043735776500405936,0.1543938450862223,0.11967734123482893,0.1439432047365732,0.10328919474954516,0.15711791434510827,0.041321260995939295,0.09447618917455186,0.1420452731768251
0.08160697641986561,0.04252350657411097,0.1749730180194227,0.02397334273811717,0.019281408340707507,0.09909944665039434,0.17837902025199814,0.3114170924613358,0.06874618854404774
0.24996792395941578,0.30117784809963677,0.048481754908106134,0.015400906882592274,0.009769172765810788,0.11495640329753819,0.06166649213171274,0.13760010736328096,0.06097939059190638
0.09904544837711432,0.08368805095750552,0.27281988175820654,0.17194489975573493,0.12378475730442617,0.035988336477160814,0.06898932948200419,0.09181476098563596,0.05192453490221153
0.11761138389238839,0.07485332373882601,0.03519986772540484,0.06686097020017817,0.06947365501626383,0.13719813206487436,0.2229532012064425,0.07823626259686878,0.1976132035587531
0.23028899286251958,0.03832656008065607,0.06393104016154053,0.023908196296007236,0.009982771622202694,0.1342164677142327,0.06628289158285598,0.41057909386256086,0.022483985817424338
0.174867149352842,0.029462755303361923,0.022977286797964392,0.05392670839974475,0.05834299254040898,0.31405908442480907,0.09040233783917435,0.1580647291196783,0.09789695622201622
0.1683716313532846,0.06566153141269823,0.16002443096667904,0.0707536965282783,0.18156463439895465,0.07991170646651846,0.04537082195787943,0.19952179688646252,0.02881975002924475
0.06425052834053031,0.0854195565221866,0.09169134715939287,0.16271847535712192,0.25355022662922927,0.11596774247100194,0.0449018143044675,0.1437633992011869,0.037736910014882656
0.0361622582120651,0.09110202495967538,0.043344430138215796,0.014004726739735957,0.019052098352118893,0.519790392141247,0.03912430014096169,0.08791739821975246,0.1495023710962278
0.08341230383356203,0.14323731082503538,0.06515762993500882,0.04857539421865018,0.06044601095451727,0.19321097081905436,0.05685923719130951,0.3154628782316884,0.03363826399117397
0.19556503241363996,0.06708043005372524,0.24103551181200367,0.05475517996629604,0.07313021406001556,0.05747117575622871,0.07359013271878224,0.21356686583799453,0.023805457381313993
0.11288115768395897,0.06276689093188366,0.05918416136074689,0.10470137846695216,0.09057621676160488,0.2391378802619258,0.0672468733709272,0.25583786281053356,0.007667578351466885
0.11305793408219382,0.15732005894202436,0.04466669127860568,0.053095623624287984,0.07792734171478805,0.08587867660082711,0.08912404395721574,0.31485505936928293,0.0640745704307743
0.029991593507000838,0.11179888438743703,0.05369218342203899,0.013662512403612602,0.08378655552655549,0.294291974289616,0.0818892222692807,0.10079474769301755,0.23009232650144082
0.07403789306889484,0.04433849656233387,0.09614795089771343,0.17008187651015305,0.1401877306520598,0.06625370232266768,0.08127336593997699,0.3163254702301839,0.011353513816016259
0.14846957746853542,0.04323470182913939,0.29682573207553936,0.24897288111094898,0.035164459116203216,0.032527398426590505,0.0248280503675819,0.15611455459130624,0.013862645014154955
0.22172773177115235,0.2896559626973612,0.02859789760428064,0.08279363023806093,0.07550553953255312,0.012873330250132105,0.13090451119423085,0.116132915531743,0.0418084811804858
0.4969292654161506,0.14350420093931635,0.004054092658891406,0.08277602448595951,0.02806821560722754,0.07369491728233983,0.06505403652090604,0.06689856546028787,0.039020681628920764
0.10861948862003566,0.07661640313452729,0.13468845021353015,0.20681908671277138,0.0780749072454255,0.11697065552765241,0.11130281538853866,0.024978274938302476,0.14192991821921644
0.1290288879897318,0.02574681521618889,0.03926416595776253,0.32514711668064616,0.0498069595640338,0.037153428566840174,0.14303668244620837,0.11797709087237519,0.13283885270621307
0.037105335164,0.04494286169579057,0.12987829429252293,0.10969352953169352,0.21274801873796387,0.11851460573824198,0.06591294494638639,0.24502483608671613,0.03617957380668468
0.14950540361446138,0.12403438759258606,0.12009808697542636,0.09103403693164076,0.03831189159017432,0.07606204976170945,0.14234853655592564,0.040608228939770896,0.2179973780383051
0.43671596165311,0.11384982790462643,0.013862833066649038,0.15390685890795155,0.01817788901572499,0.06159977244137973,0.08979699365511122,0.04055632868071856,0.07153353467472845
0.22177614037122714,0.030252659802016347,0.3184676340098103,0.03663198975328205,0.042424758946993886,0.1671326266897639,0.04528546998564354,0.10672368491767005,0.03130503552359273
0.054146934063443806,0.13431499902403796,0.3210408139694379,0.03630786337562139,0.12426895970794481,0.17002300677047763,0.04480118833928024,0.08264714155784486,0.032449093191911395
0.053976486602851,0.10096349772889751,0.10732830411397415,0.11197743683436567,0.13238327771401098,0.2077227442990857,0.058660912495327004,0.142167977155061,0.08481936305642694
0.09356033638267303,0.07117009933327388,0.045584375651767935,0.3308335508232115,0.03060471917344834,0.10603525905683427,0.20244491258626515,0.05412724499028405,0.06563950200224193
0.01639448620580972,0.22463136453941426,0.1859759711299589,0.0816075782038219,0.023179605312218823,0.26661796156028267,0.049773224938754045,0.11873219639234785,0.033087611717391906
0.12405182291333744,0.041835640348000226,0.10979047475472307,0.08738679043150153,0.1665503855170703,0.14432471737161448,0.1255320780460495,0.19066657264314146,0.009861517974562013
0.4583620331592399,0.13644470831055913,0.04777677196158628,0.04544780312117245,0.010944903358620252,0.02715897337012189,0.10295795799213649,0.15508089143501994,0.015825957291543784
0.21767953422036082,0.1052935587789016,0.10351887344828647,0.14796338507119183,0.020396664436644,0.15382781433093803,0.17729685497806913,0.046086486541238175,0.027936828194369864
0.037307966892558664,0.18446561059134306,0.046424657820070304,0.200339447771543,0.07032451490945578,0.07359900385975711,0.15692786752909452,0.10187824411027573,0.1287326865159019
0.0066267028375588686,0.14072194522877754,0.08410968000593305,0.11900947319894854,0.09907418323501042,0.14916352352690607,0.13348861566139716,0.23577948750944833,0.03202638879602001
0.07764241494510281,0.08939088835191498,0.04875626056287152,0.035113850767264455,0.2379696011014432,0.35830365815201,0.03985219080336544,0.02901492118158835,0.08395621413443939
0.12659089909557109,0.1419949782211719,0.05684118704459786,0.02147099519953385,0.3359370904981158,0.060506483164255796,0.031678797808719225,0.08981757406667888,0.1351619949013556
0.03767125784389876,0.20310175580842513,0.16044199881618018,0.054450521583881195,0.09573971775199663,0.04905471440774531,0.08085843046218914,0.22741319871666288,0.09126840460902079
0.3869023192137095,0.10392422994793817,0.1485033191694461,0.08031131173733302,0.01666773414497372,0.02830736735194903,0.06036385146470913,0.06271593388102419,0.11230393308891705
0.10371393676830708,0.18566099752892062,0.056485411624115696,0.03891133434125118,0.025608879340121873,0.14962119146585992,0.17029598793530384,0.07102719984659403,0.19867506114952582
0.13259231741914054,0.10841514368573602,0.051738965189676876,0.12279159378455799,0.055212454243131794,0.10289452543561002,0.09303995578180502,0.16347983228209492,0.16983521217824674
0.18566281525220077,0.24603872273638586,0.01075612978976991,0.03156441506567828,0.09645876837609176,0.06328433622880096,0.07081946325574263,0.256825341032658,0.0385900082626718
0.09241186321949064,0.027561773023704217,0.02925472737920334,0.10105786667623061,0.34046076439778244,0.03909972859561207,0.19572179446566693,0.13610774443038695,0.03832373781192282
0.07804045119021433,0.12299628175489379,0.07930555513450449,0.071210378013726,0.06953909828125487,0.12624632729749577,0.11417371735957267,0.12519106652709802,0.21329712444124005
0.16481939206842292,0.1134587032801232,0.07973897876419002,0.3674395996726008,0.06272337575990909,0.08243718586164966,0.0769416144084698,0.03003467727663771,0.022406472907996775
0.08288720083448836,0.047621009052238934,0.039015359381675906,0.060553774538934464,0.13349786178372278,0.2925439674858297,0.050250110417343084,0.08194958388760464,0.2116811326181621
0.22146377184253319,0.1882048025026962,0.25857432787173723,0.16522908670028918,0.040924926180968386,0.0382331929386329,0.0500584812105981,0.03301855857015184,0.004292852182393007
0.15749660454703468,0.15216353035260227,0.042886604504659316,0.025615040302850566,0.042177622514465614,0.09903791495640336,0.25795212716289734,0.02836444248313,0.19430611317595692
0.03726584382164471,0.1097343824312208,0.058481207766955125,0.32684599914420803,0.05589463208745541,0.09450405385923659,0.16334330974681158,0.10946441855319673,0.04446615258927103
0.1333034686782741,0.05143816844108937,0.11723542896877008,0.26741888383697865,0.013115884477213761,0.16042065529641528,0.0886278154366728,0.1661788649414799,0.00226082992310619
0.047977816075757136,0.10748596536997192,0.1801272558903296,0.045629112583467135,0.24550078730110803,0.126334846010691,0.0730453184518026,0.12814596673302858,0.04575293158384403
0.07858868419819794,0.054217970958860474,0.07596211445284325,0.04080318275150365,0.1080023022283139,0.31091699224716024,0.03992452775328487,0.2796823004592294,0.011901924950606263
0.2993550919011037,0.03510793840217133,0.0651731916406631,0.09978785811205909,0.0356739990051359,0.17708615263136626,0.0696606994232936,0.07572319302211199,0.14243187586209496
0.24377971226807013,0.053193167718979806,0.08771535674927027,0.2212135605564871,0.1153398258778322,0.027380585956248444,0.054996950071498046,0.1246986462619855,0.07168219453962846
