0.14823817095922273,0.041793515250694156,0.0831976073507671,0.057277222091944247,0.06404561558232694,0.444445239567695,0.06740081132299537,0.07463340777010008,0.0189684101042544
0.03377283524864242,0.06844412831280298,0.2813980014663308,0.1645499296987921,0.11407743187546056,0.07142891811631079,0.07174044361847116,0.13436692731629746,0.06022138434689167
0.07253784472316183,0.1942847512038889,0.08803311869756093,0.07112397406046529,0.09223480602021328,0.04626770621893439,0.21691279174957714,0.16519926104000487,0.053405746286193344
0.03425500898691019,0.09582494908787949,0.24762422035805573,0.28790861784583976,0.07805371744166431,0.011147427230513499,0.07951879418236302,0.07566162048687454,0.09000564437989944
0.13758776439605314,0.04592602383992431,0.3439596557231586,0.03873805455908308,0.054184795810270636,0.21313401932716194,0.07542022883405966,0.059117751016592036,0.03193170649369655
0.025402258336693778,0.08498933109411845,0.26272324298345934,0.12082961149391251,0.16820888734739095,0.02219443130505794,0.11175803925631977,0.09184328910986107,0.11205090907318623
0.035835765870209806,0.07766997281847955,0.16897969419832445,0.08215267776307622,0.12387402018235631,0.05816730988459129,0.19671183240130685,0.13849958859212774,0.11810913828952786
0.059021231064325254,0.055685841581700736,0.19090352841035732,0.21376798740405137,0.0706278449915799,0.1663324590495243,0.13831010836248006,0.05779254393299026,0.04755845520299081
0.0406672479845742,0.10357591528355146,0.21246792072799958,0.07229767348133705,0.02539594047316655,0.28043594906316976,0.05926116084807583,0.09956633195775194,0.10633186018037366
0.03744554472780465,0.06405879303406846,0.25482117647626046,0.1338559465399005,0.19185715422278748,0.09030224310426321,0.11676231227544398,0.09560002132450933,0.015296808294961972
0.0933048368324159,0.11353705760226467,0.2780719409270455,0.22369948595240577,0.07018281417950319,0.05708988065263757,0.0799949581280044,0.07788555890465931,0.006233466821063661
0.05838441962720456,0.051933206507198064,0.3667703873351476,0.10988081678700944,0.09855309333366528,0.10382820657947245,0.07315362863448334,0.09067755175941394,0.046818689436405304
0.005269245337107764,0.040772584340204095,0.35738719579253325,0.12016807881729474,0.0599611315722827,0.17920654768666391,0.0841264126281196,0.12150922015738097,0.031599583668413055
0.005449467570168517,0.08371806237641766,0.39976145066429974,0.07369922405131456,0.11528829202522851,0.04991353789291325,0.06484602210875395,0.12505687968878618,0.08226706362211775
0.08674316207311249,0.0593928338601594,0.29578710073966713,0.08372932509286257,0.12652127043077846,0.11058885249978995,0.09133484145283603,0.09163036478668192,0.05427224906411201
0.2479251081263674,0.0513145752961594,0.2660365203615125,0.025273773247782533,0.04926398379269075,0.1811432025048566,0.05921719278655907,0.05068565879700332,0.06913998508706842
0.020132001613482952,0.06142708973914391,0.2143025388513923,0.15304334148830864,0.12603582215468723,0.22992731721234203,0.07587903273845686,0.08618857925560197,0.03306427694658406
0.11923790249426318,0.06778316522172113,0.36587049173928476,0.038143569558305584,0.09300987773908914,0.06710960233776397,0.0672265052211484,0.09441832516256232,0.08720056052586155
0.29782730658138434,0.10020570159425425,0.10647555969440003,0.149562478092942,0.07756856161889275,0.046435114738268675,0.0936044052464438,0.08427613814612518,0.044044734287288945
0.07518409047067569,0.10424193359498309,0.2876533171696716,0.12984453931972847,0.08925915883848697,0.02816192805217932,0.07249472723124158,0.10648649299656088,0.10667381232647248
0.19333100667934663,0.10494356975685998,0.19308203633116797,0.05736990197610544,0.09908021557300178,0.045875243616934014,0.14512585548529458,0.10643615613931796,0.05475601444197161
0.010552539905750813,0.09296789986903055,0.2894423118596323,0.030650538800851584,0.17217806419584433,0.07576088530644458,0.08428944487336516,0.13408663014333957,0.11007168504574116
0.02327343013609373,0.11047754999001758,0.09055222189544014,0.16058796684002552,0.27512772836326954,0.03469163965216552,0.12054109759005756,0.1543201521944445,0.030428213338485954
0.267474974184519,0.04285487165864188,0.11924872069674526,0.10357085052781101,0.08467333204843662,0.08636147060094997,0.16147008692965617,0.06538998325092711,0.06895571010231301
0.02507535444060298,0.06353473279798977,0.32864116121759607,0.2060672804845344,0.06892890789556183,0.14195023395370415,0.07835659255705689,0.07375786684386569,0.013687869809088237
0.12621055716844284,0.07303046065865894,0.3929125754767255,0.1073947646602802,0.12768891176062008,0.003972898511303945,0.07958655044253915,0.06342628813352309,0.025776993187906296
0.16960040124387663,0.05532257981013599,0.1858393085322679,0.11901823620120695,0.10439992630480284,0.010393410300231809,0.07387033201952027,0.0808199020659261,0.20073590352203152
0.23601789554926023,0.0629296608357212,0.2390332167890238,0.013581839663640552,0.04113396456153027,0.21732668107982653,0.07417342564579986,0.05065331091512884,0.06515000496006877
0.005240645782505798,0.04407564189937324,0.15878775550025445,0.14908377665853192,0.11869526220216535,0.03967364464837931,0.06424054221544284,0.09120998493028475,0.3289927461630624
0.25372450470078306,0.09703367561848052,0.10412219506155647,0.05710867656114995,0.10639176921524685,0.026577831767093867,0.055495656003835624,0.15594038011322717,0.1436053109586266
0.07086624672758714,0.08346474606662507,0.2636663721121401,0.05462770200153136,0.11536240396882287,0.09108503229476712,0.09829001596012506,0.09691050923263571,0.12572697163576554
0.10958811487592886,0.07496370603061421,0.2570458671213165,0.07311812077416568,0.09768538790584828,0.017835623234531996,0.10129775053021968,0.11149649953207393,0.15696892999530096
0.22010017088818937,0.18667471605505503,0.07225007839071057,0.23114616446804007,0.11358154438042874,0.000799589342394511,0.06693066368317106,0.07860076029840272,0.02991631249360796
0.05445129195489048,0.06346748339371186,0.36204028695280627,0.05761001185090614,0.05953227152027463,0.29304731898616565,0.04478517182919311,0.049982803938344623,0.015083359573707269
0.21689920774016866,0.08544883547088339,0.16917969890052809,0.0801945747573407,0.0783138863672585,0.04472775938686574,0.14551696809954504,0.12306869990959596,0.05665036936781395
0.017201113040329064,0.1102758868727634,0.03820942133549834,0.05907076208547469,0.10277018037066905,0.12911845104219166,0.03616288321473857,0.10270633603308339,0.4044849660052518
0.059129484543155364,0.05024640177901193,0.2965768373102203,0.09371768385149525,0.13138707564837462,0.01360062964069085,0.21077822470374744,0.1124922790764032,0.03207138344690105
0.2735845213356895,0.1509366574620751,0.06623187735339564,0.12099536547696162,0.061484586217439685,0.08186536829485408,0.14855867785299967,0.06316183453137952,0.033181111475205236
0.026531494844451654,0.09150549626803604,0.3751295699706758,0.035051743294338404,0.048375419513502584,0.11957988350365173,0.08069674376825481,0.11563270323130077,0.10749694560578815
0.04867251734523078,0.05670688988039655,0.337200624369609,0.048441497218752745,0.03308495523694325,0.23763186505497239,0.1500834797525811,0.05458609161012959,0.03359207953138461
0.028015942442108966,0.09431542205536025,0.02132957899025409,0.15556798543854608,0.10709996343174473,0.0876459372161837,0.24053887927043482,0.15992402647656118,0.10556226467880618
0.017241575876303927,0.06819415443674905,0.06995809456523461,0.43477980392659904,0.12145864070583241,0.05666680667802648,0.09235290115262074,0.08835089420057655,0.050997128458057185
0.05158203266663627,0.06255599299323504,0.04822132242225286,0.20548056859901273,0.2291437422356182,0.006788265784034547,0.15795325943420593,0.21158150677610732,0.026693309088897093
0.22841958342042604,0.08489094701860574,0.31117818848007955,0.05761700968267771,0.05559331321470423,0.0748894225244765,0.09888211222067966,0.05970209032793417,0.028827333110416468
0.016177245162464823,0.06408770229435003,0.13408229448833622,0.2178969653902265,0.11051768354497159,0.13903618920355723,0.09391173218414199,0.09247225797234493,0.13181792975960677
0.23639603894901218,0.03577608851714783,0.2667198555353328,0.08212852208416706,0.05228660044209166,0.1209936540208737,0.09855685653633589,0.08015216073983676,0.026990223175202267
0.05151139682526939,0.04503639925877247,0.3955093393859955,0.12262711895387095,0.06890226377491303,0.14825277828855002,0.07837859181797581,0.06834061360294025,0.021441498091712616
0.2629651083268986,0.0978591138517625,0.14825928466008986,0.014210127194334123,0.10706728475793388,0.13273024928581567,0.15487852151530043,0.05960019825712942,0.022430112150735468
0.0707906453206731,0.05876125502962091,0.20031228486505878,0.32740452848105045,0.028901423631593638,0.09452826048519854,0.0633411458099986,0.08540711657006976,0.07055333980673635
0.20750659170605043,0.055034238642509205,0.018837819061194354,0.3146627443061641,0.06268804918347541,0.1454644048357302,0.07277909327836558,0.08478979673561433,0.03823726225089646
0.27036822698540025,0.05572391206281699,0.22892257420486628,0.07502426414670695,0.04069791065275127,0.09959091857327557,0.09200313000894056,0.06429618633971708,0.07337287702552496
0.06556357072648017,0.06141711922716985,0.1352050887007315,0.16088341171056517,0.1335748191645133,0.2183487314720465,0.0915070864500116,0.08861481578676833,0.044885356761713575
0.0043176997606094334,0.04806462452913956,0.4333814185662672,0.050711809975736606,0.1279835443451013,0.1512249117134202,0.09567564764720181,0.06582419617028622,0.022816147292237545
0.02333033216395707,0.07633283475245603,0.10723251225065795,0.128759268934013,0.17632756265131458,0.06823553598937271,0.1283286506216413,0.21280902173044844,0.07864428090613895
0.034417524442139115,0.04966997663147354,0.08611249723245033,0.2483316569725321,0.23945031155800856,0.08873521984221246,0.07253214217988861,0.09046254260687875,0.09028812853441665
0.013386932519660832,0.04881652082838156,0.4354159690905459,0.08256324183314274,0.03141806911877084,0.2743418861553337,0.06363702124444796,0.033306666367881176,0.01711369284183529
0.08278179377857985,0.09710450918317426,0.11615178425432378,0.047686789392328954,0.08214886264051051,0.25645014413053896,0.10516924256156597,0.13499254224358925,0.07751433181538843
0.024331989508935826,0.0766262164372484,0.4694491148706479,0.07946640787208081,0.05686097539404086,0.13659882126045694,0.035403454698099086,0.04231918508019802,0.0789438348782922
0.12179727237132698,0.06561812446611386,0.11802544944844844,0.29815628352413703,0.12195412834204122,0.00838046151742497,0.14035950237621117,0.0625181623151868,0.06319061563910952
0.1689244703316256,0.04574851888247262,0.27789484286852845,0.08776369457540738,0.049805172628323624,0.08995360488490635,0.12663644175460545,0.09231492855047886,0.060958325523651706
0.011758672699910622,0.04785084543049294,0.06540515809601931,0.1470171296075792,0.17103355017688426,0.3353268636733635,0.06749861262500144,0.058781675187030945,0.09532749250371769
0.19063016690673143,0.07456712835607561,0.07513104834304123,0.13914995225887208,0.045821912508617536,0.29783631336860594,0.05660094087852983,0.09132819199726495,0.0289343453822614
0.13908506572466414,0.07278324959124628,0.17858061524469984,0.14700411679033473,0.07067601197385648,0.051801903791246225,0.10325065728204015,0.19474133321126388,0.04207704639064825
0.09795369302908034,0.09433113172552982,0.06642223666386475,0.09985668974452623,0.06795099705354436,0.3617426638345537,0.09651252790177807,0.08215846191772046,0.033071598129402385
0.2051445135478729,0.060493204466883194,0.1533160559431608,0.18547423207396774,0.052289404989626594,0.16405685073347998,0.08905953926374903,0.06375429250106318,0.026411906480196538
0.10927241978960901,0.06624558564315357,0.3812845885032434,0.018885558695773786,0.04277104352120755,0.033359259778342955,0.10944284978859613,0.055047457119488274,0.18369123716058533
0.0502284947751854,0.03232553192841265,0.5198695307380293,0.09568014160968923,0.03584951884702378,0.08530205190413015,0.09700419895525814,0.04928425703490966,0.03445627420736167
0.051079849844975926,0.03960951605730536,0.045338569232267624,0.4663850672983396,0.03929114319123623,0.13970803868175166,0.09728829496189147,0.06027196797769833,0.061027552754533754
0.07379413730156119,0.07240666795889074,0.1839042904372407,0.19795861983377208,0.06813675340951779,0.04795716783061882,0.09546067601943146,0.12607979993153007,0.13430188727743725
0.04521493593106021,0.09593553264912656,0.1446055964321238,0.13681989225986932,0.14293223321569318,0.10284453935386843,0.0909222396055378,0.13460066431855333,0.10612436623416742
0.19524900692104508,0.053960830959290884,0.22126732445725003,0.20390237593239421,0.06065322440301523,0.07237839911606266,0.09301345084508554,0.07656175452116189,0.023013632844694525
0.0789483829841985,0.08045503837184455,0.22669924145801842,0.10283821223845487,0.06300767288963192,0.27961807392923504,0.06499866784161973,0.0688107535005255,0.034623956786471406
0.05025548209608242,0.047013760673533994,0.3250174673483102,0.007720261270613256,0.050752096100496046,0.13753326457730808,0.023717767010950703,0.1861054364358242,0.17188446448688102
0.053963970097675895,0.0821481450142361,0.2472173709982288,0.012608863944030038,0.0494353459792235,0.0663053968596668,0.07198222902138386,0.0907514375294071,0.3255872405561478
0.02794807154945866,0.06789144718908119,0.17849312749412818,0.21787053660806813,0.06659933413250117,0.09554720118426209,0.07020996149998,0.12920757688965537,0.14623274345286522
0.09009593564127788,0.07124787538372605,0.1550805279923485,0.12262472753827804,0.06397868561129316,0.14758258882008132,0.11924532485251536,0.09092647379036041,0.13921786037011924
0.06895625354564294,0.11982593829046771,0.14820171643466842,0.07336318271406102,0.11358472370567707,0.15801389288714818,0.09955747907124142,0.17516690578275,0.043329907568343214
0.03313046319001295,0.20009568968890787,0.13736118983020207,0.2135892641947655,0.15603856246550296,0.010081650159079941,0.08576879922944558,0.08432736000336351,0.07960702123871959
0.03719052035141493,0.05715622954181041,0.18514792060568783,0.14575014933099628,0.21862250009780293,0.06667020519329488,0.05494183465098296,0.1882060945812074,0.04631454564680243
0.070829618373717,0.09596900836186205,0.33083824273123036,0.05465285155537967,0.04432416412568955,0.1211151356435407,0.09154523275326854,0.0627186976461159,0.12800704880919628
0.03365750134549597,0.09969265282977417,0.18037749708428538,0.07692995469891505,0.021765707922929603,0.31247354951463807,0.05624847107936944,0.12101041313543787,0.09784425238915447
0.03977314867905707,0.052605808324218205,0.47001550964229466,0.09985932162357584,0.08138933141879993,0.03556232691922164,0.09227220051703579,0.10019441219746901,0.02832794067832783
0.08306568717349623,0.08304994335540351,0.13437454120404435,0.1638662811645353,0.15747713356928647,0.15292428075261427,0.07945856854787044,0.09694171349563456,0.04884185073711491
0.056914605335071845,0.1248541938420203,0.10064925413245107,0.0549791651175865,0.13317329024536537,0.174868511928029,0.09733077317994208,0.08796211333008096,0.16926809288945285
0.002450929469799903,0.03984980019950734,0.4282584292975782,0.15899973933331124,0.09906211849031847,0.0070770797961182234,0.0454731918252018,0.0777685272432787,0.14106018434488618
0.04841182175463277,0.07031921734071424,0.4414521061911077,0.11954697449672869,0.062424420131184294,0.08322526433288689,0.05789974171025138,0.07747097538738427,0.03924947865510984
0.3121383039499204,0.22098746340599273,0.03691892267445415,0.062416167656452116,0.06727849894555964,0.009894031775107955,0.03782787197188086,0.0937438659621211,0.15879487365851097
0.10537729193566457,0.0740160700576737,0.24933035641779508,0.12202856516447393,0.052621630385742905,0.14265917842979636,0.06570129479999269,0.0832729756427968,0.10499263716606404
0.026194098528656496,0.04241311472175202,0.49039981254014325,0.049798331904129585,0.07780389711454837,0.07637125002464801,0.06599554762743401,0.07693042538557837,0.0940935221531098
0.07434505326464351,0.06205430632069625,0.3345327418332024,0.18738490643371006,0.0521236687491653,0.12497149489712711,0.07238874110048532,0.056730878350385004,0.03546820905058514
0.013504291811471038,0.08863972766686475,0.4569845825473721,0.1161209727842773,0.06697222283372288,0.009621698693498876,0.069562885337494,0.06719333365949733,0.11140028466580172
0.10514838049137276,0.05270658321902552,0.422409422045386,0.02994948033155181,0.03627119025925745,0.07825911736970777,0.14700101398952095,0.086358517485983,0.04189629480819473
0.11780091778772789,0.05816914053340866,0.3397883759569737,0.0759955714247708,0.05419708834919512,0.10502823724837358,0.08348887449658458,0.08463129121887947,0.08090050298408623
0.2505635927514082,0.11502381373386845,0.05314422604566569,0.045912508199200563,0.08492153931612205,0.15087749898866187,0.10418321094442921,0.1174575284756781,0.07791608154496597
0.015727240139589257,0.09541162312340405,0.02069060672719783,0.3060996095257176,0.16016245051891687,0.014802297077785477,0.238528192585394,0.09588915913444969,0.05268882116754523
0.07961528730440641,0.07060461624964855,0.054056497067611876,0.4044329871507157,0.07015439831532032,0.07300202867302674,0.11311091780924455,0.06642803888837238,0.06859522854165352
0.246644277979968,0.06984255488084223,0.06823252836157982,0.10912602353628797,0.054734857443712516,0.023404671161099278,0.11115147327088039,0.18523756890303253,0.13162604446259737
0.009540725538026965,0.029830560741801775,0.24524212010389046,0.03176521355343787,0.14960448666936835,0.3517333539654739,0.06963396286186686,0.08298919420071134,0.029660382365422455
0.13624154007219078,0.07615390423785469,0.29198368544574355,0.0975711327331476,0.10325022668065582,0.09902323359339475,0.07611114975315973,0.09387918835163667,0.025785939132216343
0.007696502961827477,0.10448311912971776,0.18019745353975028,0.23657996454998612,0.025229738126085633,0.22867449040922752,0.05927772709649435,0.04052174269719238,0.11733926148971845
0.019915787801321364,0.07571438315576386,0.21248736217954248,0.18240961450319912,0.10968610306846353,0.11770537322029558,0.08839630264635567,0.11615496056925147,0.07753011285580698
0.04668952023747445,0.08543212750678313,0.09234463387998428,0.07647930647647168,0.2081450065938624,0.19682693098296736,0.1286158800883681,0.11887479539192951,0.04659179884215909
0.04452476396738625,0.12755756016513775,0.3067372355902132,0.034182707555680196,0.07912235541231948,0.15270504057555656,0.10328533633939874,0.07973796306243404,0.07214703733187389
0.032608159606684554,0.25735760491044307,0.07373443210562852,0.1176515454897815,0.13514051603370011,0.011590829883655389,0.1336163782630114,0.08914644957661816,0.14915408413047726
0.004787746073609523,0.08250537550487443,0.13966857533392024,0.3518908880248908,0.08904261092106085,0.020356135004139474,0.09358157817809643,0.15164180294686555,0.06652528801254275
0.10641846705767138,0.06612394237339418,0.4086177855391238,0.03128345176953904,0.026001157825882,0.2140718398772062,0.06763020700877184,0.039529351074786966,0.0403237974736246
0.03403823340890746,0.20568929284473744,0.08824222031776315,0.3197316778883443,0.08277668441103544,0.007416079045000736,0.10078675577560901,0.09020880234312882,0.0711102539654737
0.010210311015596317,0.0707256403072188,0.15540373085470327,0.17100913836877055,0.0953784789097773,0.2061745784595498,0.12899870383157463,0.10188258873612584,0.06021682951668337
0.11537021090136856,0.07349558143693262,0.30728095887026713,0.06425207076791911,0.05810001716843511,0.06540868552935442,0.1074506189976171,0.13213135652335328,0.0765104998047527
0.05973422434693257,0.04221788437916465,0.4142087470444686,0.028253894698807836,0.08529179704555993,0.22406018465068533,0.08187383075786901,0.05177139598011168,0.012588041096400519
0.18874213541112386,0.061478456921902236,0.18008816837430883,0.10571616795102623,0.12574418142432894,0.13914309594836552,0.07198849837270742,0.09237586358658391,0.034723432009652964
0.06676019820231147,0.03208935664208193,0.16050300642672563,0.40187283184861505,0.10241604009051479,0.09711706512455243,0.033345688701249813,0.0673575827068517,0.03853823025709724
0.2032373126382523,0.09648909905722843,0.365886371235207,0.006765719439651684,0.01620229595214936,0.2002692013166696,0.044441092984544565,0.035012259702258165,0.031696647674038896
0.10366250398591986,0.1044268757484466,0.22898659967252702,0.12771130826291757,0.14524691745993812,0.08734586570273144,0.08163251146768256,0.08847925299907129,0.032508164700765604
0.04219331891444361,0.13980928250295313,0.34460316077346564,0.1349940199564553,0.022014010139989566,0.18035827030330756,0.08628117850592121,0.042430938260041066,0.007315820643422829
0.05155902523311107,0.07521337971962569,0.26935931481114755,0.1441396219805758,0.1312037560201085,0.01833062169794242,0.1259236371443056,0.0903749754313445,0.09389566796183879
0.06594654515341021,0.07040733450436717,0.4536397318837993,0.045542163582232925,0.06092689173289848,0.07414901058778371,0.06317677150239548,0.07175467839690101,0.09445687265621168
0.2274314817168235,0.12044287701638116,0.03824713043359201,0.09725849906980033,0.08571979446954621,0.164549111805302,0.10480434501460116,0.10342048717794512,0.0581262732960085
0.007848190266536026,0.039511212312208756,0.058401394778305915,0.17413284861896736,0.18281258956451676,0.34958067378868457,0.06852484144705646,0.06624442149921739,0.05294382772450686
0.029174128029064727,0.045003783661047285,0.11394834950665138,0.1892099378850635,0.08053347847525258,0.27313488138790804,0.10484060854834389,0.07849654952973643,0.08565828297693225
0.1720009976894803,0.05829383723100742,0.09048820841198191,0.023991011210328483,0.08807249769826415,0.2588030684874598,0.09205109973494552,0.13380361852757217,0.08249566100896023
0.11356865469413226,0.05535109558726505,0.14924596983323002,0.07457697817312335,0.10959383310704031,0.31093710033434235,0.10603746325728165,0.07562765875342235,0.005061246260162639
0.006076547974795214,0.06376141464816266,0.07694102799902482,0.24036780082455833,0.07977860794348252,0.19934159050328337,0.1857015459813689,0.09967152698278336,0.04835993714254083
0.09058729263167513,0.09566720532489752,0.3449923429353969,0.02338164666855835,0.13853489040555414,0.06546021269635012,0.10666556738430444,0.08255675662628884,0.05215408532697464
0.019166642528034097,0.05191764149207282,0.06340032967539662,0.10750854631758418,0.10448511186299869,0.18820224318046455,0.07782837249573449,0.07262878475363765,0.31486232769407696
0.014621985971771466,0.0627513191816753,0.3274580269306116,0.10251897117868862,0.05770768040991067,0.17223816347981402,0.046815328981698545,0.14507299280480498,0.07081553106102469
0.0729672685207718,0.16116514523796344,0.14975727591573296,0.08570929511088721,0.13876205013398854,0.1405869302125745,0.11499032300968885,0.07706120833212225,0.05900050352627046
0.04702778560533504,0.042108135132533496,0.3855014662173501,0.1065573259400603,0.03349570352137634,0.22288638848541795,0.0844386782682776,0.058930074877097116,0.019054441952552088
0.03731586388266666,0.08953272517246448,0.1137461511697389,0.10024117319057861,0.1520277184922493,0.13203465665071665,0.19777870829214686,0.09449940673597261,0.082823596413466
0.18055284858476528,0.07825423282027964,0.15295687163237195,0.0654552266513476,0.032663969791856345,0.07166371770780057,0.14089850010993024,0.22656370884369303,0.050990923857955395
0.0671543031924306,0.03873623775975341,0.352968420692857,0.11019992972744252,0.11153501096088088,0.17080858492005066,0.034764176655447405,0.09180758628686729,0.02202574980427022
0.028568925085213217,0.1611245253444199,0.12741671517248074,0.04899456655451009,0.1347151534587054,0.19825781715511415,0.08666808225440044,0.0886220452592058,0.12563216971595018
0.05926399922747627,0.09535775503911677,0.4501626068270596,0.1211808361158583,0.035017980101890556,0.03988053499918777,0.047072655757507374,0.12260058839211962,0.029463043539783813
0.1868169418921856,0.04047534030844502,0.17321906390211783,0.0652232452631449,0.06516986086288767,0.25596073337466163,0.13538330345408386,0.0689784432114748,0.008773067730998677
0.08056394918419385,0.18928453553217958,0.21224069462732953,0.05016311945720999,0.12286749432480426,0.047588719867541325,0.11089484065474282,0.11924027914182371,0.06715636721017493
0.055591767721463514,0.11859174112659815,0.10835237278214006,0.33331325267015754,0.1187228562377635,0.022071772619223783,0.08804804390134618,0.08120145146084574,0.07410674148046148
0.12168659018195416,0.06556161398842385,0.11807557815249876,0.29832011732979596,0.12199353185734753,0.008357353758826035,0.14035918085052024,0.062470444645607685,0.06317558923502574
0.0023373965285088095,0.11527659576118547,0.26366118752617135,0.1957090746351394,0.050892778850187864,0.07559654743539558,0.11121124284659194,0.11834396603864872,0.06697121037817082
0.05261787299096413,0.06827510467395702,0.20543555758521723,0.18528942727864903,0.07441650940680355,0.15499964966640337,0.052572054302549465,0.1841616768604778,0.02223214723497841
0.02198040608890417,0.0462852051953965,0.3361848585855766,0.13574068950838733,0.18109069286634746,0.02994605912013044,0.08878041686615563,0.12003724505311275,0.03995442671598912
0.01915318925197364,0.06056126987536942,0.2318023712883944,0.032750498687384895,0.06808726853374586,0.3824332116973757,0.05879661265377232,0.04739693729717646,0.09901864071480733
0.03345276874942968,0.07099160631357257,0.12637538685364666,0.17756309212951601,0.11579239021508662,0.016275116575729085,0.15646625991432098,0.15049091866062494,0.1525924605880735
0.04054803250645511,0.05902016990153742,0.3669738161985186,0.10521911858286066,0.06128290432926923,0.12893392455295505,0.12020844303926444,0.09574782777560835,0.022065763113531135
0.012525704481187604,0.08888358630094066,0.31322482559240594,0.1432829576317702,0.09912156008614086,0.1437942133678667,0.08312060002411668,0.06439383637916618,0.05165271613640517
0.12979148472234722,0.07810980657106446,0.18797697114181236,0.18450035107631313,0.06634900445896359,0.0859907171215084,0.10247340623626001,0.08589278422203679,0.07891547444969392
0.014751535937976297,0.07965712219649553,0.35519146180405037,0.1391953182591161,0.08773554143015709,0.0506857814741423,0.13827297132479188,0.07964022595054655,0.05487004162272379
0.05550426143341377,0.04209251973748134,0.24158732037177744,0.075438508855792,0.10671012161371445,0.01609610072839501,0.16421279979878753,0.20011870908354337,0.09823965837709527
0.025614610704012896,0.05603001768191843,0.28660166950891564,0.015333809871712524,0.11482202037028873,0.30476037439734344,0.08190920689681792,0.08667740322353418,0.02825088734545626
0.09417568464698715,0.1410267939532528,0.33676806193815106,0.06763810460121944,0.061346986336429966,0.062180341114584814,0.09202131220361415,0.13163078384967,0.01321193135609059
0.16607124054715938,0.07872826430461825,0.12375369901793332,0.07689214303874248,0.1259200451600646,0.05084697555092423,0.1527383427942153,0.11501296749813172,0.11003632208821064
0.005457874981575704,0.11495350774765013,0.3796495545435476,0.05350040235145151,0.10935140415990495,0.10655427524802959,0.09564658730773708,0.07125982352774883,0.06362657013235462
0.1044447566884108,0.050227034135441294,0.3704323195915182,0.19198696316858346,0.07130139507995496,0.04018908375891201,0.05643898644524272,0.08098630416640053,0.033993156965536016
0.15820801027165313,0.17422825679624565,0.28874134807529356,0.013418469224190379,0.05191256396477444,0.11624242993093,0.0895092139924503,0.05484082608693184,0.052898881657530754
0.23613840269456865,0.10919962610674534,0.07278993109492216,0.07158769123981917,0.04108180001539905,0.26191667811279246,0.05685542151840147,0.03850766501473421,0.11192278420261743
0.4336040745363874,0.05277068383130539,0.07224038624330158,0.03400907398249422,0.05221514097426181,0.12637122397945236,0.1014217355040713,0.05598654240112135,0.07138113854760454
0.31008758316480733,0.1480753353719755,0.020797765764846102,0.15409907013947258,0.059778401785305996,0.07514042831497945,0.10113781243723204,0.08080251753741068,0.05008108548397024
0.0536459983887251,0.08709103232855646,0.2934283743172738,0.1873659123943058,0.07977719240113633,0.1392356433988304,0.06185124409750304,0.06946345454649516,0.0281411481271739
0.16847266793249024,0.04281510897281682,0.1517205568938053,0.11856478493319422,0.059430729850456165,0.2611352091871189,0.03809989593378261,0.09303963372801087,0.06672141256832484
0.013214334457957123,0.1061847430619333,0.047748712210761234,0.3030007640259967,0.09335039253056159,0.07717352363781764,0.07610038150608499,0.127998126088223,0.15522902248066436
0.1327511335262367,0.07883930334589162,0.09015408942274909,0.08405207124294982,0.139871358297636,0.2124159499004795,0.08171980126423935,0.1326274383579149,0.047568854641903115
0.06864362201200065,0.10016923838025872,0.12019373188757483,0.0463826910216788,0.13960674456017078,0.1642558698033948,0.09628528772049028,0.10736582064245181,0.15709699397197935
0.06355863545710028,0.11578669866015827,0.19695048764638134,0.12663498824072852,0.052664907307281815,0.292083080059179,0.06265599553842495,0.08211983459114212,0.007545372499603749
0.1238785777123394,0.057828860523575526,0.2263852600176639,0.07540126915133631,0.07715882628975182,0.08532045079092797,0.11260184350018927,0.05284363800255709,0.18858127401165867
0.07401320674822064,0.07248810659679497,0.32035552705087683,0.0945421682246166,0.1310845562677652,0.041365602859891645,0.08895492879847113,0.13544038338924227,0.04175552006412075
0.010482885402310765,0.047802564693990295,0.143936641723163,0.5000995159937162,0.08565056447306392,0.019157876625927817,0.051336498222136234,0.05618845240634338,0.08534500045934834
0.14207247575504434,0.11612950992667868,0.20868923045783175,0.20539533211580982,0.09835294236038994,0.048764060955322285,0.05608755361150086,0.11102786400503661,0.013481030812385664
0.05378143433503907,0.0435323717543579,0.08861319175232836,0.04310586643967559,0.09829476830612772,0.4806184779440776,0.08995269476928354,0.07367371740921579,0.028427477289894598
0.06164231918689401,0.07003227535386873,0.13197420645827165,0.1662626045429232,0.08209318354182538,0.17296239657091358,0.16483559289840366,0.08689486520414323,0.06330255624275656
0.2627153068060029,0.13743839600053762,0.14852488438044523,0.08269449237394609,0.11269967364330064,0.03507104276418058,0.08049883800788049,0.12027070316488786,0.020086662858818494
0.05873494747151906,0.11857810249649936,0.09277063406668878,0.2035209974443474,0.07065184485821858,0.19476855661733325,0.07786045299197275,0.14579988212016404,0.037314581933256846
0.2210976729236891,0.09501640433744823,0.22396629814380198,0.15667565677885834,0.05147578270011905,0.013529227825246863,0.0731051359009962,0.059827384893714135,0.10530643649612609
0.12442382916888568,0.05238542316994057,0.3842277989561162,0.1247507293590695,0.035487405163300005,0.11994528853676907,0.0859133358593739,0.04540022376734327,0.027465966019201857
0.28214045826940487,0.11117829599060162,0.13589614956764345,0.05444727632628125,0.09706897644899465,0.0359862361304873,0.0959177454252257,0.11309503340066313,0.07426982844069811
0.22350741340503946,0.08546064515945147,0.05046440909333599,0.09235521321373379,0.12165778652488911,0.0955864126717255,0.08765719173975883,0.09021624777219768,0.1530946804198682
0.03318834614990404,0.05375482465203621,0.3729952608945905,0.030773720890084833,0.12883754439489417,0.11502190192013546,0.12621657797846822,0.08883247341932775,0.05037934970055871
0.07988736100822137,0.07063072749384337,0.14208270790859848,0.06973398255629838,0.20889163208579098,0.11916516148679245,0.06960751118207315,0.07267036634779121,0.16733054993059068
0.10947256200147078,0.15790106115804067,0.3535350774466894,0.04897510956291484,0.06180898750947637,0.04477015322969887,0.06485732903290486,0.07177200126049876,0.08690771879830546
0.027578130922250782,0.03909436352848361,0.39971376569089384,0.056110281291103264,0.10597896823127101,0.01599373027370647,0.19696844939488367,0.09875188583962861,0.05981042482777865
0.017116302274872607,0.04387835485059898,0.26070606459831436,0.1621908631386604,0.021748581439356113,0.19708408313004247,0.10787634658060084,0.048397852180101696,0.1410015518074525
0.08914788358897353,0.047493204668675654,0.4892458834593814,0.04843720948923343,0.0348153334725341,0.0809340285595835,0.06579149629401088,0.08521077286665762,0.05892418760094984
0.022102808084651426,0.0713194135219651,0.15041868667838768,0.11412994112522189,0.03930486599835349,0.09062641675546856,0.12695549287543634,0.14146849203176906,0.2436738829287464
0.015587309158740468,0.10447146527820768,0.16994587491152066,0.17397099425650642,0.1306260383955774,0.12076681039485071,0.12989587285347648,0.08722024684008119,0.06751538791103895
0.10305769963435625,0.05874702604514321,0.30014044475273277,0.12758849458017865,0.09128978775311979,0.07921530983901515,0.09931310890509121,0.10107172752717553,0.03957640096318748
0.023750386295329894,0.041483859413673364,0.1547487146390102,0.12488381505534767,0.07112628472396326,0.2640773520392792,0.06822143445436592,0.0820494252459167,0.1696587281331138
0.006746746297080638,0.0441406503654542,0.22354055912999202,0.12169651019856999,0.07444120551915463,0.26257605479140195,0.09190118823914328,0.050659771573072304,0.12429731388613093
0.0033254436151098007,0.029144224120119532,0.3939716599814376,0.042992997830927394,0.13104753283481374,0.2042482210342765,0.0681375804026017,0.08744068927554786,0.03969165090516585
0.16751438614564038,0.07836366689839751,0.1432158301206055,0.16230687724053341,0.0957424817725433,0.05908595875957632,0.09187523829724224,0.09267856885721938,0.10921699190824201
0.19209477818850348,0.03826303353077196,0.13179495450265602,0.07272343177696722,0.07244432205415931,0.17385863937148585,0.056277891453220937,0.0679819226678103,0.19456102645442486
0.1669943323355678,0.06244661532096365,0.03923560699933682,0.09779956317747325,0.10136755644784641,0.13171133349587202,0.17610904892311255,0.14150217811860413,0.08283376518122339
0.26564699009958065,0.07350456199902744,0.13241245375607222,0.08935443482490908,0.0437640718549052,0.04806935825983886,0.0714720651888761,0.11961424619546779,0.15616181782132263
0.12931471556459753,0.08940394431967484,0.5070673991374677,0.021134361739633668,0.0467266780140973,0.055650338964079116,0.0454982793573045,0.07673236308352412,0.02847191981962127
0.09689245987902427,0.07486484192154004,0.06499460185838667,0.017281005339432203,0.12444089289934797,0.1993784477104322,0.11081954877126532,0.16914324715488827,0.14218495446568313
0.04867251734523078,0.05670688988039655,0.337200624369609,0.048441497218752745,0.03308495523694325,0.23763186505497239,0.1500834797525811,0.05458609161012959,0.03359207953138461
0.0728515189623539,0.05073897416513934,0.254070120796935,0.36615740634915545,0.06768687693623922,0.023495199154963963,0.054452010380467784,0.05184452905531875,0.0587033641994267
0.058725045911320384,0.05198039698289151,0.3969640717672435,0.08948165961734518,0.08868797882297129,0.011235131849312805,0.1360334571175278,0.1031357578813528,0.06375650005003462
0.13029339599276132,0.051391618179161845,0.13141594587465996,0.05125127168388214,0.07710649385219386,0.26433433271316636,0.18183054642785443,0.09935908284098642,0.01301731243533376
0.04500764991989429,0.07254158021343404,0.3382543070791005,0.0819858565263817,0.12032372387180812,0.06367853103392654,0.17612216463661304,0.06664203353676573,0.03544415318207604
0.06429138018379459,0.06102552056302347,0.44656126493619963,0.1034678202682059,0.10784869737515934,0.041370032979218416,0.05930298876596513,0.06461666907486086,0.051515625853572646
0.011703564072074957,0.06358072178361962,0.18054265244143752,0.2893029454821567,0.09241546410333351,0.02360137511976629,0.12823365684157223,0.18774406869630325,0.022875551459736024
0.04257141459982041,0.1308416329205507,0.1333284234944685,0.15758382493199316,0.17038645216245338,0.02634446064712199,0.12870527006311286,0.06993343642343613,0.14030508475704292
0.020104392752908064,0.047976985651504746,0.4661857106988578,0.11403294220443251,0.057822385059234115,0.04804866594961162,0.14492386714635683,0.06715279567069621,0.03375225486639811
0.021487426965071357,0.10152960374497506,0.0858417222151805,0.19870360371864304,0.0847577029350703,0.1979451990866845,0.12582553117973103,0.07631283783563252,0.10759637231901158
0.10275217252451653,0.04788280068519581,0.40151056707049376,0.1694777611558933,0.13053502556246435,0.027537822380476626,0.04086548228670209,0.0628944352499705,0.01654393308428703
0.06576828321178259,0.12248649461624424,0.3758038124817458,0.04711545682510471,0.12573666059507607,0.044456940626006726,0.05738173345416688,0.0941781928526932,0.0670724253371798
0.08061712526439758,0.05836652038877326,0.051319907353310344,0.3383683935553687,0.09569787614164928,0.20834906522716487,0.0674508127004611,0.04376523587630198,0.056065063492572974
0.0738360334172522,0.07928621574822396,0.11603106174357358,0.05549136634825478,0.049202614758961094,0.29326927701110583,0.04930841164641923,0.05460213983724734,0.22897287948896197
0.2284801859356762,0.14613905745459274,0.06931370212984396,0.06314496231355188,0.13596622058597838,0.04387987536545093,0.09991163217024483,0.10616640010524984,0.10699796393941118
0.11537021090136856,0.07349558143693262,0.30728095887026713,0.06425207076791911,0.05810001716843511,0.06540868552935442,0.1074506189976171,0.13213135652335328,0.0765104998047527
0.23398233787098469,0.052347139002996985,0.20539134651316904,0.0542354384995421,0.05253875135944447,0.1421236534919636,0.07350843303041667,0.08042049458168384,0.10545240564979853
0.07883312479493416,0.06548073484390603,0.3507420069068233,0.039402424485875276,0.14077973732854415,0.09112641706369029,0.0676455249240684,0.09319418063917813,0.07279584901298015
0.11330123173984052,0.10555438003164008,0.231977317805949,0.036267452005334704,0.1037607952559731,0.09036768602167039,0.10293987765348801,0.18694086847310676,0.028890391012997552
0.017719363409326488,0.04903008670687417,0.2278845219951703,0.15310189755203532,0.12201541324455366,0.10245547572138337,0.11783269806789776,0.055077796662788725,0.15488274663997018
0.2008887247156672,0.13022534357438,0.06926619680658751,0.14772099377132875,0.07970340484468409,0.00528977448613922,0.15282160958503752,0.1985777667254195,0.015506185490756346
0.11287927660753137,0.11370947323215748,0.29832205940807394,0.10189692222918377,0.03390706598521521,0.03235109290421615,0.0994569164317138,0.09741379872527416,0.11006339447663403
0.17984943551040114,0.07039678254222755,0.09335197643297832,0.1303927538531792,0.18372201282116118,0.09732590755069725,0.10494779487490434,0.119291167276363,0.02072216913808807
0.018545687141107724,0.07800631545928836,0.2017141801160526,0.15660156974408945,0.06456756797650151,0.19790147476961875,0.12145534547018934,0.07723806574135898,0.08396979358179324
0.17895203400938134,0.06202502674012527,0.21647498363226733,0.0851909413721297,0.11097573013770105,0.08182269874508649,0.12061850542209945,0.1148268430333157,0.029113236907893705
0.090882483025902,0.043588045008941374,0.39008810945785055,0.011994862739416343,0.014479203881935054,0.2890514987273623,0.0625348727698659,0.035742843952819174,0.06163808043590727
0.05069446153074003,0.06405919883663755,0.12143636937341473,0.12970401600586587,0.06789569052765175,0.2405496478403212,0.12461921314859346,0.12315723936884145,0.07788416336793398
0.0056107317826630185,0.12193369805579002,0.34316651454753444,0.05645899091578488,0.035823457868722465,0.33675618499145116,0.040869458294712814,0.04104863538080387,0.018332328162537378
0.05274134245591694,0.08482128592378214,0.15138556860301855,0.11450266592177154,0.10394398705810552,0.07873672356571676,0.13989031126106624,0.17236653583925932,0.10161157937136304
