0.13741001954874718,0.14784197036068994,0.040426779268731707,0.05195017356569482,0.07867182849698945,0.1402621556725008,0.19508050250899378,0.11076297654891416,0.09759359402873813
0.19977780408094356,0.05092749545943049,0.16771329490546352,0.09112848130127311,0.20152071930418888,0.046075731987349176,0.07588574682598548,0.03433303372703597,0.1326376924083298
0.1496247651295808,0.004489157638999257,0.014325457534599404,0.06088346684106696,0.09161963990664888,0.34650132054020005,0.12840190599545248,0.14133958753734857,0.06281469887610366
0.1153449483613046,0.06080867926568081,0.017262996061413065,0.04039217912760713,0.13369894137876873,0.0711495905347064,0.02203013567342853,0.1340302597234586,0.4052822698736321
0.11337822809294557,0.07949513277539966,0.03476168114968966,0.2525751440915256,0.2124690302937889,0.014995435699573727,0.08743200339976868,0.03719020415600405,0.16770314034130418
0.1254504572434835,0.07333968451652827,0.045329926487882755,0.12885226895488489,0.019152699942213244,0.09116503145984774,0.3158829652236465,0.16653524153688018,0.03429172463463295
0.16160683653638952,0.023907626616165256,0.041940211288451164,0.03005179043570011,0.1357428550634551,0.013645123562339394,0.4637580654072983,0.014378111179946343,0.11496937991025484
0.10030934156790257,0.017423493738176546,0.03763645285523174,0.030458530117358665,0.30779278521689585,0.17795026123219104,0.105544198192062,0.10843617072606504,0.11444876635411656
0.1102206194526766,0.06628352025523729,0.017830458124863446,0.1779525632692762,0.12732023769751025,0.05351769317702778,0.11497188708139429,0.045666780933085405,0.2862362400089287
0.14541142317006842,0.08453456524198015,0.05226823690314006,0.055845664727253615,0.07020360264632636,0.0445464151016024,0.010952450102459538,0.2415407543410901,0.29469688776607933
0.2961953593738704,0.018065713653689672,0.15060593654730034,0.07377934128361736,0.0569372062943467,0.015419007668640914,0.17029931885812424,0.09487652103073178,0.12382159528967861
0.08130626281471788,0.029855117032306654,0.03976689422915941,0.18672901837825226,0.07410352130932744,0.030441168581759142,0.37854708930851855,0.07765706640109128,0.10159386194486741
0.18622919280650718,0.01413982082636398,0.04306001449884223,0.03623643986792882,0.09284450829378547,0.22573350213333263,0.16102466278424024,0.08085171872629753,0.1598801400627019
0.10329053325356767,0.06903436252160679,0.029803737664471405,0.24135193758688964,0.029385035044729377,0.09468840006461803,0.33245095151102644,0.04308096594781946,0.056914076405271206
0.1015854718619233,0.016420556313328286,0.02454313036051999,0.025309073014200295,0.27030141707173655,0.2296439423999075,0.007929091214686127,0.17601269888020757,0.14825461888349042
0.12860555287965925,0.12023786225684933,0.048589782523877245,0.023303527456550815,0.03888342866881735,0.060929964002709495,0.5220830862389961,0.025450010495849485,0.031916785476690857
0.06594014637582313,0.3324723845240114,0.09603243945606148,0.07808182446154945,0.04391346060843134,0.05445071944797841,0.25775925305909314,0.03883918044455636,0.03251059162249532
0.1679040446284128,0.10800695662591113,0.029353350956668755,0.09067155429207303,0.0411793642044485,0.05544860502145057,0.38568069162254237,0.07006154279353227,0.05169388985496054
0.08451605417397805,0.033860391016398,0.037654103424102324,0.028514401742083573,0.11175545301979511,0.08842178955447459,0.12039204735282645,0.3267604907865685,0.16812526892977342
0.21453242756031177,0.02203717634212683,0.04856022870578805,0.19151990603620675,0.13702176819867182,0.045931219266363336,0.1755134286498464,0.05714786370148345,0.10773598153920161
0.0986516902063715,0.1380251245155336,0.3528319843746586,0.145261751615103,0.04861043662370867,0.018853172268882144,0.028454819509030237,0.09605445086301086,0.0732565700237013
0.08909302410396762,0.0524035024782056,0.03714771805715168,0.03270213025865641,0.09964554739338721,0.15509275639736644,0.4565469508806606,0.0542589189559203,0.023109451474684035
0.08217917014470787,0.036573253024355136,0.07165071763891966,0.3256089140664897,0.11911022937716591,0.0036041252462963407,0.04136749977256899,0.05323288047941497,0.2666732102500815
0.11801382399969597,0.022583321130710574,0.05081639415520048,0.1530145081204957,0.22344200498981848,0.07248284081259995,0.27012717208719433,0.025291845427944656,0.06422808927633979
0.11002598068832446,0.10257296149518647,0.03987621654481855,0.020256572578642957,0.2148167728075475,0.20924972762400548,0.1934459691769966,0.05319919686623888,0.05655660221823924
0.18657335928581176,0.12041416201406592,0.04172049917111787,0.21045580048770965,0.12461070221990293,0.029450022371977646,0.08852030537610132,0.04866775261781638,0.14958739645549654
0.10274140085826917,0.03335398307530515,0.05918634235050634,0.03841469408911192,0.19768083383589607,0.0588860149443017,0.3970208765197791,0.01682085074513098,0.09589500358169963
0.06389133219953973,0.2164789317265059,0.5541384994280537,0.026940966504973688,0.0531997928687302,0.015266021481449968,0.018075598054735457,0.03944914237763842,0.012559715358373061
0.16223983305120127,0.054949649307906724,0.04989807295424536,0.11300575668704389,0.10561678378588714,0.056993607543085495,0.28514245393566623,0.05198490375865389,0.12016893897630997
0.1038738587293316,0.11196873153235205,0.05362687475929854,0.07405200161012225,0.22812380650532402,0.01727515699860355,0.28936600755624914,0.03993157313325865,0.08178198917546022
0.08843385214080629,0.07312413056324397,0.02816380574425585,0.15881268686772773,0.041505362855811176,0.11473374756817167,0.2077902935795639,0.18211310286778803,0.10532301781263138
0.10717357280877565,0.009065057115629322,0.06359424698087084,0.022649671922631055,0.49632427690973496,0.12483313943985651,0.010727160099940063,0.07010182317315743,0.09553105154940415
0.08197255583117163,0.1429933292917908,0.5895779611099113,0.02087021350966299,0.050779665612652604,0.019554432843365045,0.020044882720819265,0.03321421676603619,0.04099274231459016
0.11790407435036676,0.19400425824845405,0.032660524603921465,0.1629460522546608,0.13694682885442763,0.07234166728995621,0.20449724465892286,0.025397403500210927,0.0533019462390793
0.13120947865396296,0.020837327709524397,0.07824951972122085,0.11147032732493477,0.2035996360000173,0.1038017141580702,0.08666133356574084,0.2037070966802176,0.06046356618631113
0.17066312703455164,0.035410739811991554,0.030382312969074177,0.04350056558184398,0.006506425359560464,0.1526912893548625,0.3149334342784534,0.02991272796206566,0.21599937764759677
0.16333687511915662,0.03423899496891448,0.12169377008352406,0.26535457657613604,0.14606269274234956,0.028336196551763292,0.04940556999195195,0.037498781816446634,0.15407254214975732
0.12435160770414795,0.02231829233038235,0.024175581378784717,0.03942258408822642,0.10566197808121842,0.15917392620685966,0.06703938226511509,0.20513392651227122,0.2527227214329942
0.0982642944708766,0.0401141501785292,0.09673226545029827,0.05119642764162071,0.32041775831060587,0.01902424821918954,0.08114668549065483,0.13159919429608158,0.16150497594214344
0.08913883516129335,0.13005836316959515,0.0291733443872797,0.04213449491404379,0.04591214585507714,0.07080784471508543,0.38623532809127337,0.02957000569563833,0.17696963801071378
0.21664225914471888,0.05643390370143456,0.07135611442741842,0.16439776699042444,0.1402774431562174,0.013731415510080218,0.11370112513042767,0.03719704226229203,0.1862629296769864
0.0850916559832482,0.02882275556218149,0.04906872811212674,0.04085868727344478,0.08424692690818643,0.22667651234828443,0.3870123772595033,0.02105204301075851,0.0771703135422661
0.13759443824094994,0.02730005025155169,0.03510137721944724,0.04975011019964565,0.05202621307166742,0.1396945809945725,0.06022520197435539,0.18865686567362402,0.30965116237418616
0.0990012139853269,0.02434151091338313,0.05023436007560859,0.11219152404227802,0.08964902811732217,0.25250692237057026,0.2180892951662018,0.06689279619182581,0.0870933491374833
0.08931300965600779,0.01088200458286979,0.053770530481596225,0.01817006109086312,0.2438749514409059,0.11115190223425746,0.17237402846649616,0.13930994003893474,0.1611535720080687
0.09191958934460608,0.035185671897938677,0.02635307862962524,0.15084279690990307,0.16810254338214062,0.02589637671408916,0.41061751669127927,0.07240001416478294,0.01868241226563497
0.14984504180674676,0.03922567348130907,0.0622448794261418,0.05017427397585694,0.14499262576507346,0.1372653518495013,0.03650714215364883,0.2068293905069604,0.17291562103476135
0.04743622882629498,0.04359955612313469,0.020466118779228666,0.007257550323501471,0.08876588774314108,0.5419676196722797,0.17397151597591834,0.03768848032961983,0.0388470422268814
0.19531835573024217,0.009589393884334869,0.061468407318233824,0.09469363488350287,0.06403626204143216,0.03603202646876951,0.3571079267424007,0.12728093645168276,0.05447305647940112
0.1834883000167757,0.011864523926306327,0.02072522747961684,0.09662701079861435,0.07808365058439383,0.19558376678115455,0.028002267060786724,0.16198436710891675,0.22364088624343484
0.1622047652541986,0.07160428140927212,0.042763276648479655,0.03455470487292238,0.10680987141531133,0.09772332413138685,0.29590223716849323,0.12583108299989643,0.06260645610003938
0.1107977539521282,0.1411051353562492,0.056643949035996954,0.3729102478669433,0.1188227592885882,0.03306481308021233,0.06591112855528396,0.05711119778637023,0.043633015078227665
0.10841464535558538,0.25975604191072454,0.04639513273582763,0.24712207326645852,0.01858390217141043,0.031205857385732793,0.20328578278295184,0.009656407546607345,0.07558015684470148
0.12102234570811976,0.029040073647393885,0.05879647062302983,0.04573877016870808,0.05641780600888418,0.06717965615650624,0.27472137212264797,0.04450939524558939,0.3025741103191206
0.11394043366819573,0.4702637673120021,0.13361618486142443,0.03984317841593626,0.016963797863707445,0.0418800977868837,0.07059305697416192,0.075699992835201,0.037199490282487514
0.10220380429075109,0.052841405742181,0.07674115115934431,0.12217608024752176,0.0719359448381342,0.0299418353231086,0.4124822152874604,0.059490359270623155,0.07218720384087551
0.08106165916780073,0.536576889160155,0.09238388663023349,0.06567423008236965,0.06497107990117891,0.029885252796724018,0.02395183860104111,0.06290374793332329,0.04259141572717374
0.052419976517558746,0.26411383371649694,0.057226752698303456,0.22255387830123988,0.045662404107517124,0.010674274539963858,0.08278523425821001,0.14728442221357532,0.11727922364713465
0.1377580578011076,0.06244029582129331,0.03279028857143383,0.14708620097257877,0.1926173554811789,0.058982272930649,0.2630524389833472,0.07668535283926774,0.02858773659914361
0.1608964562965701,0.03098309440779758,0.022887188621069515,0.16083525193161016,0.1512010509517552,0.02458715371093249,0.15628998800321103,0.08107272728072307,0.21124708879633092
0.20092973354772958,0.04045863157028895,0.060763356212365366,0.06199255509451099,0.07928865045798013,0.07288435333784693,0.3294809546218798,0.07774324870940609,0.07645851644799224
0.11121617143000247,0.06824021655769202,0.027388168580069233,0.1869881038772858,0.017651379277450644,0.14222152011085817,0.20880569509262403,0.1299014501977468,0.10758729487627083
0.06188496386648443,0.0408247173554162,0.027892941350160544,0.24078778239020673,0.4197325491294741,0.008827087116858081,0.11806715771680355,0.03552410713531317,0.04645869393928324
0.2074953715516258,0.05541356496708211,0.07027690927824141,0.16846124612446114,0.3517933659137505,0.020066449708803006,0.01202736433108201,0.03938536036406994,0.07508036776088388
0.1656023009228538,0.05828881897699448,0.053758054235506704,0.06292517398478085,0.34382244731314016,0.012107078671143407,0.11670105362765966,0.07062906065988779,0.11616601160803315
0.1743654014981463,0.13398523825115058,0.02219286181509218,0.2655972396970396,0.16297678965961496,0.009151185636694597,0.051477057647887736,0.040022205482255095,0.14023202031211887
0.1843050192412349,0.01444784542072748,0.041018718192869265,0.08108858863438434,0.13593303868496195,0.10097380103273647,0.03709196654509826,0.09679687083392226,0.308344151414065
0.10538155945058873,0.493669103237075,0.14311508104832235,0.09527752684767132,0.009141364474432364,0.012767012906155664,0.021855477810689833,0.09694513392548876,0.021847740299575924
0.0758929216876197,0.11246334723746337,0.03190190955931863,0.39396273597713655,0.15429665422013727,0.01426507204262445,0.1102328012941899,0.06704770830560619,0.039936849675903975
0.14773828903400535,0.09773671510980138,0.01569830819594838,0.1533441858915834,0.03649226529757154,0.02143298413289579,0.3862797796530715,0.08006759392214606,0.0612098787629766
0.07069113113152152,0.1741096016688497,0.5359028465307718,0.04263457323662758,0.059506174401984434,0.01619292462199428,0.027439094692696907,0.031868036324322814,0.04165561739123097
0.1341115481111589,0.0265877402188294,0.02596132624052155,0.3796800880108755,0.1635877453829954,0.03744511848440693,0.0826242678328546,0.08119830504575924,0.0688038606725984
0.11837645214581353,0.0679605943170698,0.05467873857469257,0.1593922175498038,0.32920596769843913,0.042556813219186834,0.010731039055929556,0.028426763459079348,0.18867141397998535
0.0676873982526691,0.23488427144600207,0.48351687449975794,0.029291156128200397,0.11239704322718042,0.00982188576057117,0.008745567037451015,0.030966479700368792,0.02268932394779925
0.11702659505018363,0.03566622952501983,0.026568777999067792,0.09385012200936625,0.02585939624457211,0.07182315650318855,0.38392912955988656,0.10916111693032012,0.1361154761783951
0.11068913473153635,0.018434449558707138,0.020214701367486203,0.09685168539600768,0.03391281047088789,0.052084666968376554,0.41042285243592586,0.19391221203815545,0.06347748703291684
0.11171268360673686,0.04237675373091771,0.1057007177620347,0.18219845569957785,0.373433953052861,0.00920450340371636,0.04026795667237037,0.030486605451533737,0.10461837062025141
0.1015083397172537,0.09902462561074397,0.02370092562447061,0.13847361460002222,0.26479657917297206,0.030427120596033076,0.15162092409119685,0.049131749915703564,0.14131612067160404
0.08352836645394764,0.05616655306924954,0.04310407328841734,0.39067879468868777,0.31362830547524123,0.03138935902025281,0.032237243066141646,0.02155166062082739,0.027715644317234667
0.14999939303408552,0.035543675269253956,0.0192977267046891,0.04242064862386308,0.00305821864492522,0.02478262610963806,0.2712545621034959,0.40065657147668327,0.05298657803336587
0.1443247351988007,0.045270395331117735,0.041124647031156925,0.3630480420187643,0.09641837670405984,0.013696809768566132,0.06906555601294691,0.060727717251048384,0.16632372068353898
0.11968090470838526,0.06850283195217728,0.019836332506823397,0.08495148489507535,0.11280911161441592,0.027000236828060964,0.455472707876414,0.022754371728590513,0.08899201789005735
0.25417615813811995,0.10596541035380992,0.03366753355749499,0.10105448886942751,0.07981035259796214,0.04797823606297394,0.11656778622599577,0.19477337432558237,0.0660066598686334
0.11847384882193362,0.09830237373844497,0.06516885459332085,0.08063740086724888,0.4364983265946731,0.025570282762971675,0.06721890626265963,0.0446511186651242,0.0634788876936231
0.11643699339327708,0.016961243388615623,0.06367220493389653,0.08322126164719475,0.11537307584897155,0.06122323287733591,0.2840943225356502,0.18007230382042624,0.07894536155463204
0.2045739294356093,0.018791665913380214,0.1604938494825832,0.22400531158423095,0.09089876655247048,0.02973633801835458,0.057709176987501366,0.04844136242680409,0.16534959959906584
0.11044082947976197,0.4254159252348555,0.14417625568086678,0.10584495427380043,0.08730914869735577,0.01034999260894611,0.020700942791869525,0.07734666072192241,0.018415290510621584
0.14627770787345032,0.043739411958035435,0.03672074585253221,0.18647889436269374,0.032828193956391326,0.061043165146924185,0.3190867632975231,0.027370860237346407,0.14645425731510334
0.11643699339327708,0.016961243388615623,0.06367220493389653,0.08322126164719475,0.11537307584897155,0.06122323287733591,0.2840943225356502,0.18007230382042624,0.07894536155463204
0.20076560032617197,0.05616656863439282,0.039944599019707004,0.14942371518336747,0.17497167103494082,0.01656415945165344,0.028845739765612832,0.044043568796247434,0.28927437778790627
0.1264394748200752,0.08497199444981048,0.055143248239199354,0.02387932913973534,0.05161667365253444,0.07488511570517865,0.28493832258188867,0.05709909158323786,0.24102674982834008
0.14665692007763328,0.14199067085746156,0.05629204063077579,0.28821681606955357,0.07950568793675812,0.02085364236314814,0.044625280748714365,0.11630222898378943,0.10555671233216579
0.09384382930924336,0.08129473526334292,0.04008674449482664,0.09102904839978133,0.2938434111338611,0.208380504336131,0.02720396052566851,0.10232052938711748,0.061997237150027674
0.07880310449085436,0.028741052156659157,0.03768621856389944,0.13788552778745322,0.11028110915634788,0.08870547920475157,0.3886155771505299,0.03223302439807838,0.09704890709142604
0.12158075310711525,0.06542307113644213,0.11908501530461711,0.09939387897969354,0.03555705247698323,0.028491837990876928,0.31913376682370687,0.0870815611989426,0.12425306298162231
0.12273300020616719,0.022625465668330718,0.056428319013301566,0.07021770406265103,0.06895353118494375,0.07553620567826584,0.3711037925186065,0.08469841833418053,0.1277035633335529
0.1031177424839785,0.039260001291764164,0.03999767239345275,0.13258598248246684,0.03713512786519856,0.105792316670142,0.03471241135248993,0.0826768095776071,0.42472193588290014
0.17506100645036218,0.05323057471504125,0.038889264320763,0.043031897867998936,0.17894331448466314,0.092553403452865,0.26904080940792596,0.08712311008142187,0.062126619218958644
0.09696649100013677,0.08887392434277508,0.047352754011221077,0.32723310832169106,0.12362283729010415,0.012858838363077432,0.1106766839860297,0.10170972970269569,0.09070563298226901
0.28499072305057976,0.08586672844386399,0.07563644810664247,0.05208104338830014,0.2494423538224638,0.04982909071048369,0.020955677487633995,0.07511679097564285,0.10608114401438938
0.13126362022847482,0.148498234892693,0.09373910454881,0.08665687562486614,0.16354145621728045,0.04289827603703253,0.11579419214613791,0.06153431017560431,0.15607393012910084
0.10822584804709873,0.03982219061729323,0.03985082824759175,0.38730650959325025,0.15538632200246563,0.009374250721860803,0.14149421060861953,0.042505811733147554,0.07603402842867259
0.11533439413751341,0.05097262015750873,0.047340991516398756,0.517539176655681,0.14483156892228788,0.007681463630325596,0.018408338653528623,0.036630311209771456,0.06126113511698448
0.12301625735466586,0.0777774128706457,0.05701380909892519,0.10926074975106487,0.32073537536655405,0.07434405533479978,0.07644825950256963,0.06555621922241657,0.09584786149835839
0.10280852640081828,0.08420336023161461,0.05077799836644586,0.14093686562464372,0.07489133519764829,0.127783561196055,0.3027403742295578,0.06457386134411465,0.05128411740910175
0.19648970294158427,0.03561904909739785,0.07216692470023815,0.04361781378480589,0.1372663277173214,0.006516169499372524,0.3516070774024404,0.05159656730159443,0.10512036755524501
0.06648002958692073,0.10607558616798318,0.5467214100027536,0.007120502139920919,0.0485663592685542,0.10939289561070224,0.026925150734182075,0.04237504833751891,0.04634301815146422
0.19734784060067678,0.01179184316398201,0.08768072762649919,0.03942218283050633,0.2152496991362046,0.07539291369703423,0.2041130436082829,0.04372492467375893,0.125276824663055
0.09300718349172037,0.03710479734724958,0.0639655667016642,0.022639257328540024,0.09495252641210816,0.10262303353889528,0.49753054342376446,0.027893196363921333,0.06028389539213663
0.09897554849127217,0.029612446853922322,0.028705346596242284,0.13517650547899884,0.0447329723166956,0.09182261191102621,0.5051333666304142,0.03819888025965698,0.027642321461771296
0.2042420114579975,0.05661144479298094,0.01935120130996888,0.014151785706804627,0.07159313661981204,0.05212421800309653,0.030978280328830408,0.1306349196327359,0.42031300214777323
0.2217747090591942,0.18404329113444354,0.0463289162179939,0.21407423331203387,0.08796062730583454,0.03150380048276058,0.03696774377554507,0.08182147489845741,0.09552520381373697
0.12618339649811444,0.061110475710664296,0.030254921674819666,0.35053591733784734,0.020953251510672743,0.12478742134565886,0.1696873536610463,0.07233150289521355,0.04415575936596272
0.11269542223804609,0.08356227752215532,0.02022518046096661,0.3911932245600808,0.030036584667711284,0.047992255175641686,0.16396662917839924,0.060028399341791806,0.0903000268552071
0.14987176386303805,0.053400927050135105,0.05474743922752733,0.024159941965906165,0.3711194764517442,0.018833261663607066,0.03127927957540607,0.07936564788618117,0.21722226231645494
0.17094200120054315,0.057008459833123214,0.10149530338853795,0.16388729895659576,0.03490333746202112,0.02176339559981971,0.26335411800991076,0.09123618201786299,0.09540990353158545
0.0985041006582887,0.14390233019447077,0.08219696541553889,0.11646294451252732,0.06315946198584499,0.015598317673990753,0.1702313479374238,0.022839848297836488,0.2871046833240784
0.10410601889590244,0.16411255005280664,0.19136431343700075,0.10421927923695351,0.023356719956908134,0.019053410421017183,0.15626253812177007,0.11325023721826742,0.12427493265937382
0.13703905470282826,0.0402176770757095,0.13136122482841014,0.05176984813816426,0.3987852472756921,0.03628174356746831,0.03017698669718474,0.08692338589409944,0.08744483182044334
0.08066950361806927,0.06692615552572705,0.1398709872157928,0.17042603331121298,0.22562492933102293,0.030434208629580725,0.016238971019791333,0.09528077432083622,0.1745284370279667
0.05067536222048779,0.03757533184303278,0.04358348510052167,0.039964211149002164,0.28627479508551484,0.11738590282291499,0.023413432142382885,0.22655938723802568,0.1745680923981172
0.09022396324692113,0.031006323836922672,0.02454445065350196,0.3574171577210241,0.16086460240524747,0.06286189842813728,0.07476243058198663,0.06588644099767514,0.13243273212858364
0.11593958828203495,0.28178984824176534,0.08481968135958921,0.12779394833692917,0.09326574698216673,0.04664529177762661,0.1477841367845574,0.03514778354226843,0.06681397469306206
0.16652571812830197,0.03662871736139658,0.08563253924597779,0.1743197715761663,0.10934505939052246,0.06083096421685814,0.20150521041715908,0.07111623043798387,0.09409578922563382
0.11063143343448195,0.03732217277508478,0.058458978689942466,0.04174848521795427,0.1472204820458732,0.21861629063125032,0.16164519704303806,0.18198016095915878,0.04237679920321613
0.1475977210780066,0.05263995298447955,0.04154969865111225,0.05864243991768991,0.1042399272923869,0.2031090432412722,0.24830189402687106,0.023089360123643193,0.12082996268453843
0.05842137754508889,0.2932098030190629,0.38569078667275125,0.0551183367656243,0.09395850858779281,0.015210863259687018,0.022736303973209273,0.04705051308113855,0.028603507095645003
0.102626467925037,0.11745746211381534,0.08241112441098096,0.058786938548541855,0.23957545482816903,0.14808254626606762,0.043261479585820745,0.07289114970202747,0.13490737661953997
0.1947892522209936,0.12996457287839772,0.0366916225872222,0.03432126370296717,0.10661384600168795,0.057857650499451,0.2790402492130991,0.053796118309298264,0.10692542458688298
0.14709553195953226,0.08344905995057843,0.0390281634665777,0.1294324292731072,0.04401089448127391,0.12719333603002206,0.17948323308655165,0.2028905079787994,0.04741684377355739
0.15961102258862023,0.02913195443716365,0.03480992486074545,0.17302103791710668,0.18555085332604437,0.07648521043793609,0.20986206453269918,0.07284828333910799,0.05867964856057641
0.06310393593344456,0.044442523660895045,0.5519994137322307,0.10164017285803813,0.048895690936348664,0.014213144811710382,0.00646699617562426,0.02133362760986583,0.14790449428184235
0.18466627179121978,0.5000765241523649,0.06657439125000256,0.027296791650138135,0.0338508236213901,0.026995196496857842,0.07995114738650667,0.02554461279936235,0.05504424085215759
0.18233811199760566,0.02418810748219218,0.04926453400883402,0.032980972109346564,0.3441740243308294,0.02011952764846538,0.2015054085328075,0.0459038972423463,0.09952541664757304
0.15789992001483988,0.04789956254726396,0.03812571340765424,0.039821190331129054,0.5225022560076935,0.04173533625469186,0.025743866131365572,0.05139344115599886,0.074878714149363
0.18813452119687782,0.08426605156713447,0.03651094755986444,0.2177099421528664,0.25993024723471153,0.021377080811992872,0.04853286922021449,0.09832538660663936,0.045212953649698566
0.18212125011196423,0.10742355534713477,0.14185971871799144,0.31635409611145665,0.025573138913149416,0.014287424253738206,0.08318014685282159,0.03260265132787265,0.09659801836387094
0.14870858798048528,0.022525428569869096,0.04063719239574098,0.27712545120761206,0.19394739650773188,0.02681246138840231,0.052707974986168436,0.1932114488227995,0.04432405814119055
0.09860875675448078,0.23160604948015936,0.09234646790396818,0.048242932784803745,0.12878743170314885,0.02916151725084176,0.08689161815106483,0.054644976032563845,0.2297102499389687
0.11084777643115806,0.06593590399837525,0.02754172110877359,0.1977412593464216,0.01975192855041621,0.07156853482293411,0.23966326026760468,0.024238664359599423,0.24271095111471716
0.09238753965365774,0.12358920495446064,0.42940414760346757,0.05742405478342033,0.11948094800774735,0.011960325350758179,0.08009535144112383,0.03407626671350827,0.05158216149185598
0.1382379799862613,0.07665812182762304,0.15429419386079493,0.07511349053086808,0.23442460266430856,0.06698511238403383,0.08610928252699716,0.05310013836270928,0.11507707785640382
0.17925513492768586,0.03656517836016618,0.03825910289645928,0.06682468901749909,0.09741565810295033,0.023102647552131622,0.43911318266590477,0.05976446262065369,0.05969994385654908
0.09469369085196,0.09548352491678053,0.19054411594852558,0.29521615690077946,0.0935880492061724,0.011515550770780057,0.07985479552282822,0.027410126933492828,0.111693988948681
0.18831460381866005,0.02844806666132577,0.018323554323983405,0.058732172710179414,0.22764707928011094,0.20522543069927432,0.050466974918248995,0.12378594560458994,0.09905617198362722
0.12380737495294698,0.15289135865908707,0.1995479591762359,0.05660463585820874,0.09639452768671537,0.014849228212239654,0.11885889919096217,0.13577865036395806,0.10126736589964602
0.11336425065590805,0.010341953135995926,0.06875139327519225,0.11572219264533927,0.30607141475788785,0.0884057108041877,0.021888702872714563,0.10008003139618636,0.17537435045658809
0.09764814090103607,0.03543174652022518,0.06465606663182198,0.1172677360058469,0.2746627446363609,0.07539941862891392,0.12569003292009032,0.13923271322581335,0.07001140052989119
0.0991923077279369,0.09465072781053246,0.015401405399575773,0.14695631871724926,0.019372200908482955,0.028995610861194076,0.48382679223956454,0.041995433123045565,0.06960920321241845
0.06272902397149975,0.1490726160458749,0.035908462701246265,0.062413504029239196,0.3347383513445996,0.055048436110078265,0.049808151085084934,0.08620721439080142,0.16407424032157564
0.10819054299062414,0.016119680564959587,0.03911686609878735,0.09145282478231624,0.06296274019494053,0.10149640573132766,0.329433924991957,0.1908796574637409,0.06034735718134663
0.23550665728707762,0.011427238908523285,0.04034700964236645,0.03250823834216654,0.15466582085028013,0.12340752791238589,0.06511450961645864,0.12052712602121296,0.21649587141952842
0.12657731554949012,0.05998643736180757,0.07500169644280809,0.3817949133319589,0.1519028134447645,0.014829410308537933,0.059416128083614815,0.030442412533614946,0.10004887294340309
0.16135467982354432,0.06918334982806697,0.03824813271935046,0.041953282499911,0.049543152528766315,0.03132109091966582,0.47794549349288484,0.057113291995345684,0.0733375261924646
0.12326178476341383,0.010593049825465169,0.0620100754009675,0.03663756493095812,0.20886786463160256,0.08424378277587863,0.03799109433500159,0.11164053404255447,0.32475424929415814
0.10658210502816427,0.06865726938385347,0.023561693352424796,0.23196161183014766,0.19515358902755098,0.029301037983463955,0.23165623541788483,0.03433299752709461,0.07879346044941533
0.1229702153030313,0.05566343729244936,0.035673039682844014,0.4837450667484055,0.05532062357188434,0.026700504251234197,0.046975889394503374,0.040103531662675614,0.13284769209297237
0.12135016675862827,0.08275914379791677,0.043428482610891016,0.10607502716586126,0.10489034342835195,0.05850038478851472,0.30552036692380713,0.11298706733347876,0.06448901719255008
0.1299500660882711,0.08752340181919488,0.05026979376767296,0.0640125288972842,0.167825958828405,0.10960307544276204,0.248374381501452,0.062401822452516076,0.08003897120244174
0.18455125004672943,0.03597089871059734,0.09142784347631254,0.16249941973511,0.22595632487938774,0.035299523651425385,0.07924121740245584,0.031210923644021105,0.15384259845396062
0.08115745182517327,0.06398874692061494,0.05051251995067282,0.09544832898201216,0.11710645791302783,0.04619174276638016,0.3195666507646872,0.02602822808121168,0.19999987279621992
0.19096015458582336,0.040544395000670905,0.044726198394839684,0.07289143421578813,0.16445950163094603,0.07266983136783382,0.13044716057616096,0.17133020053095646,0.1119711236969807
0.13294151721660327,0.04874119123922697,0.060330996273296224,0.10231833896012804,0.17321776379775788,0.10275701024837665,0.06856005986618523,0.2727345372360174,0.03839858516240827
0.06760748146816946,0.022967094510611966,0.025536180292638936,0.16773559851737416,0.3773309240369415,0.015801269140898425,0.1945005246851159,0.05052963705836181,0.07799129028988783
0.09857824688653898,0.05556856191234247,0.06365257111158423,0.07330074993128022,0.18317766226019114,0.13200182276218206,0.3132175796594066,0.04627188275360076,0.03423092272287351
0.14569613846364945,0.0724414234227183,0.3451371122082018,0.09044688637803384,0.054593151126536336,0.06757627184153546,0.011448685405810143,0.13037399544590478,0.08228633570760997
0.11694592671522325,0.029830891212124618,0.05035384186732639,0.036910872033040415,0.15618044963325692,0.1303823016551106,0.020967298268397643,0.31371131145906467,0.1447171071564554
0.1645847042548496,0.08983508711889072,0.02899062714441462,0.11169846649887462,0.13265980159567978,0.016355567007923646,0.2452432986597326,0.1279807596548086,0.08265168806482585
0.10544690184858406,0.2252387461347857,0.06190470552971931,0.07535396451699512,0.161046663164052,0.03324543127475652,0.1331817435685846,0.11634980079619693,0.08823204316632575
0.06418408437617204,0.16445705222671145,0.5588613537353933,0.02473493583647395,0.08184033218896535,0.007621627724696223,0.024731375630715705,0.05419173199325356,0.01937750628761851
0.13397356168522873,0.06348406712185495,0.025667865606244924,0.3059741195181576,0.20413746280393186,0.040436579016441106,0.13174886708054304,0.01830088012171698,0.07627659704588084
0.08116460463400814,0.004593028140629643,0.015868908927123195,0.02959260812741135,0.2871442040704066,0.36119339365566644,0.026627569230711745,0.09845231378689283,0.09536336942715003
0.07999655075814138,0.011124755837101217,0.04006118901702088,0.01634159109658216,0.11028414175432238,0.12137498451065754,0.41889693964612323,0.17453703701938925,0.027382810360662018
0.10989944779915395,0.013199711261557938,0.018939845404506887,0.028081603422780373,0.20756548342319767,0.13580996106243237,0.05981068898281744,0.12600305863329395,0.3006902000102594
0.11084777643115806,0.06593590399837525,0.02754172110877359,0.1977412593464216,0.01975192855041621,0.07156853482293411,0.23966326026760468,0.024238664359599423,0.24271095111471716
0.21246052135605678,0.06428200756658892,0.034224577051716894,0.1625136734412659,0.07988698584411243,0.016775338187480802,0.1812441703416355,0.11893993613460303,0.12967279007653978
0.10993028422916386,0.1351593127430749,0.34443613844625925,0.10016697175227755,0.10926307599321117,0.010380074605616442,0.035250038192585674,0.0534313608628084,0.10198274317500276
0.10011211712975394,0.12556323652968618,0.029650524574162538,0.10145988743651461,0.06687256616825911,0.10701364685469596,0.23249841044517774,0.10593380024911896,0.13089581061263098
0.13982663825308317,0.019718787855512093,0.04080578040884427,0.05173420121181429,0.2497673865713137,0.083017839120482,0.33584757575827423,0.047188903578192276,0.0320928872424839
0.10902636652710879,0.025443855800478834,0.023074731088594005,0.22967801799009713,0.09341794278208933,0.11138680287949727,0.06730210744064345,0.057236558108683215,0.283433617382808
0.10546214154892704,0.09261494882660788,0.018658140587720057,0.09347190427471576,0.3050572129666646,0.10281407068710036,0.10083102508105292,0.1364552552267924,0.04463530080041903
0.10208309674540983,0.06157668259058876,0.052833765947634226,0.27814095752398815,0.1363152391296392,0.04080123496912886,0.20414369537483704,0.06100489792200214,0.06310042979677183
0.16802192791989842,0.0656565507695118,0.09091831594462485,0.064101619408579,0.21189063130270566,0.10621771901682452,0.01787104294486226,0.12244262221783138,0.1528795704751621
0.10767838867494572,0.0675116076864745,0.5770703713291131,0.014580695242079235,0.06562395509350259,0.017524000045234165,0.03355558253452089,0.04842445989672318,0.06803093949740657
0.13312979506152825,0.13251638226253948,0.04797024126513794,0.061774469322116,0.34417560669896724,0.049423044490421265,0.1331186445973259,0.03157522764121473,0.06631658866074923
0.15468195107311614,0.149177700122804,0.035826644442422124,0.09438256980915154,0.028332401626816467,0.04055600965590941,0.2803290848022264,0.09437212861947203,0.12234150984808186
0.08739518116798924,0.10071593602666433,0.034836466028746536,0.16886867810433734,0.20104819958385958,0.11308262169280991,0.033957368399881706,0.055316859259301576,0.20477868973640975
0.12301625735466586,0.0777774128706457,0.05701380909892519,0.10926074975106487,0.32073537536655405,0.07434405533479978,0.07644825950256963,0.06555621922241657,0.09584786149835839
0.19577848439502774,0.10398692198036892,0.016133530406837026,0.21093557957133938,0.034680362603657464,0.02020088510949183,0.3424046658789073,0.04324287693792781,0.032636693116442544
0.10836597139680572,0.02465322113027459,0.041654526763662776,0.19405379800454706,0.0516741439045208,0.2739191329624124,0.2313145601572666,0.05563787616937982,0.018726769511130267
0.1888041342056961,0.07235359257713651,0.023447592352315572,0.12822511709865872,0.0893539256120721,0.025629879841775196,0.09073154137616284,0.08400640113883412,0.29744781579734886
0.07908695168459631,0.026631340952707066,0.016501657707546035,0.0695526898737886,0.10022298819750669,0.1496469234607312,0.2173181111997605,0.19473026442114935,0.14630907250221434
0.14933226316531387,0.013700171230838021,0.06341735895345657,0.09642020047321048,0.17953011440919509,0.20562162726625077,0.033916379109799,0.09401396917463734,0.16404791621729886
0.0847981490452757,0.022433738106803935,0.5464384380616436,0.06409962282488753,0.048411865415563325,0.019691218914967775,0.08204817698813542,0.0582319697252488,0.07384682091747392
0.12335285867689372,0.15498347314872682,0.03187255515928506,0.2974466265759,0.1581813311784076,0.013487940258065212,0.08647246096434125,0.0449275129305749,0.08927524110780545
0.20202248344223772,0.02909061112353076,0.03912454628254469,0.15609296724285546,0.07329838052898989,0.30113377487014675,0.04451346082376626,0.08916203855943827,0.0655617371264902
0.15573276596532595,0.20705540966578617,0.03927118332869372,0.15257052227916393,0.2024061426114816,0.038418288359515065,0.06946931410414263,0.030486878293531878,0.10458949539235902
0.16867441667485375,0.02717829561372585,0.0411426767175033,0.07016973567189917,0.10341976612449717,0.04934034349923053,0.08779306934053997,0.2650021306735266,0.1872795656842237
0.10501569422796625,0.02122012392743069,0.1263905828016819,0.08980678249864249,0.23841043362979808,0.1860129434553438,0.07154870178563505,0.09133054142950105,0.07026419624400067
0.14521944693068065,0.03458954528060215,0.03272433285325583,0.1678463914987348,0.17176664263089117,0.11788236488979054,0.22349572295519002,0.042672404645998224,0.06380314831485669
0.15244346446102908,0.11055330382418195,0.07458226348161062,0.06775611469695055,0.06022801443282569,0.08292107061478433,0.10716518157689514,0.038979608876776345,0.3053709780349463
0.13774684121273836,0.04792384206881123,0.05110795432757228,0.08046046588753177,0.08456155719964932,0.06596609715091017,0.3162196922657731,0.11937613653197825,0.0966374133550355
0.21317875056430016,0.051465450109228685,0.027966490447403885,0.023887249624016876,0.029396416112480797,0.025680875551356907,0.40460861749892246,0.03621770224322338,0.1875984478490669
0.17201662164126952,0.025184809169665843,0.20297973511084955,0.21077661772662945,0.19322389551184962,0.01558751321164685,0.04111625840866714,0.11077399979714643,0.02834054942227564
0.11804376910674463,0.0040987387020836865,0.020811459843002797,0.013554274917215593,0.2062716166768226,0.3725594666782804,0.11856993237211695,0.08796962288197265,0.05812111882176071
0.0806557216514776,0.43774695019663384,0.04672358212664707,0.0649705187987517,0.03645366299595905,0.005560583974458904,0.2027385468237479,0.06266708195943153,0.06248335147289247
0.14380168938824708,0.020208501599220215,0.07729064827001593,0.10215604433012902,0.39055983950106493,0.07470335022078146,0.03469796914256074,0.03183243623435491,0.12474952131362575
0.10682237958606595,0.054436534090526824,0.0263235539767048,0.08164475321446378,0.16832544636222857,0.07952635523969553,0.3676549440963166,0.03842966004708271,0.07683637338691517
0.2144169105069714,0.04850976423581977,0.06106318013083959,0.09444499645723654,0.20665763763716646,0.0861588780391888,0.14940601765215844,0.05441609128529559,0.08492652405532342
0.1231567563843073,0.1067335225094835,0.5066182916287393,0.058431864465305565,0.05564263324170884,0.011506060421910292,0.039528842382119164,0.07235790372123324,0.02602412524519282
0.08250216459637104,0.17212627040669323,0.4139292257935227,0.04799979329792567,0.026285204138186694,0.007378235768511092,0.03578437418221115,0.15160984492528928,0.06238488689128918
0.09887332828209976,0.07808428634321952,0.08308181826044192,0.16800582713560477,0.04906636261448124,0.02064066884867519,0.1104892256349182,0.08119319015841227,0.3105652927221471
0.19508006907237307,0.1419454265757102,0.04489621803245141,0.10986704702931686,0.22585402402887655,0.06102318540837775,0.1446300730462766,0.0432589518973557,0.033445004909261916
0.07842130293391919,0.019928294896457543,0.02968449094741306,0.048718854584398154,0.027101820924607983,0.5069802424481226,0.0766300216100425,0.05984751716468262,0.15268745449035637
0.16557218497824958,0.025396329686518327,0.05048065647092228,0.1315886706895721,0.07968614652626259,0.17246166765473048,0.2860231130759005,0.028921995259870176,0.059869235657973974
0.2208227624101636,0.015340371098430594,0.13917536311898995,0.060362218074750264,0.042097544027270506,0.038494872455095634,0.34823783539306713,0.10097349636178542,0.03449553706044686
0.19371977544297034,0.03461887121183826,0.05256556568719508,0.03389258566851325,0.11749227156224158,0.06354568380980259,0.21670300741089962,0.16099761178764885,0.12646462741889045
0.21321977926972444,0.05597288266124048,0.037868621288882236,0.12929598662350417,0.08003746303142771,0.11171898164119753,0.210256371511779,0.04671216200814952,0.11491775196409491
0.13975052569411342,0.061360060907848325,0.06655029187221721,0.026970977137543973,0.043266758255221825,0.033784448193127266,0.4284333372628433,0.1291465647408526,0.07073703593623207
0.06518147444064942,0.17660017890746937,0.49942427780205395,0.017259209065180144,0.08968597244108616,0.013609163014891073,0.01658226164365616,0.08178777973095452,0.0398696829540592
0.14199209320586806,0.013465183722774785,0.08594589700766182,0.049854216833184674,0.13682076314094402,0.3205189376735598,0.04530853910081823,0.06332545779282586,0.14276891152236273
