0.12726607592879358,0.1803201446023591,0.11228758575031944,0.12856748428656917,0.0887343058033001,0.052101268913338744,0.13455265657863902,0.05623461497074461,0.11993586316593628
0.05625458736199699,0.06988964842868679,0.06607295639782633,0.12440880528589164,0.09271784953695313,0.5082695449459944,0.030170369281853616,0.03746837481625676,0.01474786394454032
0.14172729033769393,0.19248200751635836,0.1167936392704594,0.0732385720968038,0.13634355094862552,0.04151419459679492,0.05355339104607423,0.17339154529600984,0.07095580889117999
0.1291923696772665,0.11411177067884648,0.10279455560848723,0.09728175551678575,0.10251827746759522,0.053927280826852435,0.22120917507717733,0.08815737562634085,0.09080743952064824
0.11345584126234591,0.07715496542906582,0.08264723287922981,0.18849792277829225,0.05551854381143805,0.04028163656501952,0.09654353555266354,0.07033494460152083,0.2755653771204242
0.11909949450674177,0.127512233695643,0.10966022406232177,0.08463413167713967,0.088303107995155,0.04530720629943399,0.277579859394722,0.06695093707839221,0.08095280529045057
0.09733099607188829,0.08414433554296485,0.15432160421657093,0.0774031275706963,0.2403404808564232,0.045158658858356404,0.12083254335044236,0.12335475014979295,0.0571135033828647
0.09741893601343554,0.15861462990769243,0.12453479727291387,0.08150575377490131,0.2811142345382686,0.04741414972379279,0.037321066910230384,0.12921038872650145,0.042866043132263575
0.12980912044713852,0.10912854704811618,0.11385275438989852,0.0748360209054577,0.09286954707955374,0.038718171295599714,0.2542946552730298,0.09984943154118005,0.08664175202002584
0.1312037674193369,0.16387491490034625,0.11648948417200745,0.08895430964947292,0.11200762370607444,0.04834226242696229,0.1649595098503122,0.10198029437258943,0.07218783350289815
0.11605149995718571,0.13405117944790443,0.10949449629172918,0.0775476807177956,0.11908246342252386,0.03905574799817708,0.1565483520242109,0.1743766086504894,0.07379197148998386
0.10914525090729615,0.12426109903151443,0.0976643441746398,0.13075218374201789,0.09739189314164427,0.1208925115018719,0.18130088867185604,0.06191108283473085,0.0766807459944287
0.08029983590407887,0.06919922225789338,0.0577154885887353,0.05067800023346556,0.04374932655704339,0.32600214650140363,0.07206491195623999,0.041654995953700064,0.2586360720474398
0.09460008091408857,0.12147162548526957,0.1523464544493949,0.1198375059752901,0.09221256221662422,0.06514335634554454,0.17432233178665016,0.05641077793328792,0.1236553048938499
0.10752099955642502,0.12759919964428243,0.11534916419508325,0.09205002651526632,0.09790184892601156,0.04901790536957831,0.2540345183986216,0.05486909972566914,0.10165723766906243
0.10806002006093142,0.0930604069305656,0.10207467495436366,0.0740606025442047,0.16645288710634065,0.039526279142941524,0.2455365438796334,0.044467409985797735,0.12676117539522128
0.15382295178669983,0.1340102597669158,0.09597729054161053,0.06418904200356775,0.12421177780675834,0.03551833151647557,0.13381061193356544,0.14715276712495864,0.11130696751944796
0.12708158062803884,0.08236001721733227,0.13160946091770678,0.26973458817657675,0.06333474175354681,0.08383504121380936,0.12215322594179436,0.04264308173400801,0.0772482624171868
0.14265402647609252,0.10400140501642068,0.12425848422615482,0.06690827975608232,0.16695823486366512,0.0406979739348406,0.10581502411267096,0.14386048539702592,0.10484608621704705
0.13861348338392251,0.10762826753899164,0.09316030636796478,0.07399015181826185,0.18332871133767026,0.11062523211278803,0.1693340208627895,0.054527426721410595,0.06879239985620068
0.10482220250506087,0.10164441522149222,0.1060424570187211,0.05704759542293351,0.12833047351090135,0.05019281743852581,0.2440711695410126,0.15425988771462074,0.05358898162673181
0.1264606176199711,0.17691836506419123,0.12130160683081159,0.09154666785855566,0.06790563937316917,0.18684272474614447,0.08603431122336268,0.05117135374423575,0.09181871353955832
0.08574019007102467,0.10540691682659742,0.09830671914995716,0.08169262260175893,0.10743869349645459,0.045455766193404655,0.10545294850098462,0.2049923008150617,0.16551384234475622
0.11300720064722052,0.12665866131453454,0.10722723648616785,0.08422100771599217,0.11601391257326758,0.045270035099184834,0.27780930820671745,0.042968971977164545,0.08682366597975048
0.10763153338467518,0.11173574458723169,0.1006278358958612,0.09124354950373116,0.07700597561240036,0.044909532547519226,0.3299555546348319,0.04998421251937269,0.08690606131437666
0.22460665998451226,0.06525669420494822,0.0645680027521059,0.41851569021096324,0.07193713884685558,0.05662595685996857,0.02832874376311625,0.028899820130348353,0.041261293247181675
0.09084836021884542,0.24574866561318723,0.1522970633085687,0.07307142613540318,0.1801761469895462,0.049347004870359985,0.040517232972995774,0.13875335362463478,0.02924074626645865
0.09738580092802908,0.10506879615671656,0.11424923211776633,0.08659666850806007,0.21307818163960146,0.047488242667623186,0.19029252552497836,0.06829358329847607,0.0775469691587488
0.1277638542225019,0.144792019734829,0.12337264153416873,0.08091427213138251,0.14327892116434807,0.04560182941188198,0.11545574400477704,0.1130552016888326,0.10576551610727829
0.13390132018316667,0.08399771865065846,0.10526630958686028,0.06253756205180842,0.12895587548445583,0.04957249628365851,0.04415721914508447,0.15851221064762921,0.23309928796667814
0.11357733229742244,0.10515019087705091,0.0980731355328918,0.07779556658504055,0.08105269631791134,0.04169321693897021,0.30258787189008435,0.07592810889264621,0.10414188066798225
0.1204657367197895,0.09248318189273312,0.1424212243383193,0.07935955014704099,0.11744069514103166,0.04627369500431259,0.15538615884204057,0.14775206986595427,0.098417688048778
0.15077632998393228,0.0936617158842965,0.10764618668848956,0.06815926276925584,0.13766741676512861,0.03775531686275549,0.12177410211067119,0.19775105794429992,0.08480861099117055
0.13978449603447912,0.15791885755256488,0.10264676417389945,0.06944784445570841,0.23907300836396708,0.03688890184419156,0.108994989867517,0.10627218615611951,0.03897295155155291
0.12241867304030636,0.09207715033326637,0.08603198128486829,0.06120541767995413,0.044049562517074536,0.04286183049134415,0.16282628576772162,0.09148002059289206,0.2970490782925725
0.12281949727226577,0.15468139963657573,0.07792226646039728,0.07270735684927183,0.0834403395781449,0.052210343678815725,0.05894869178208174,0.26272869134349286,0.11454141339895417
0.08111793550684421,0.10143227769656978,0.15655094739928124,0.042607377737941994,0.06777926692510271,0.3654790469326917,0.021295426039401304,0.07774493440139368,0.08599278736077338
0.1386960009196793,0.11404400990022356,0.1436720887590865,0.08235421520082004,0.19939600752530914,0.044866994003221056,0.08810497237016197,0.1166844208497192,0.07218129047177928
