0.10462198903575075,0.12124606259862085,0.15046707379867244,0.13226114450626197,0.05330100169103902,0.14618496893845856,0.09886708293818404,0.06883885544253794,0.1242118210504744
0.11992389850329116,0.10191228423541103,0.09489188531604259,0.18193038817349136,0.09545026941065922,0.07272427975706387,0.12143983720716278,0.09014991583986554,0.1215772415570124
0.08832062274737375,0.0980119309907726,0.10036135002866647,0.1005593703898881,0.07826823645894312,0.25829828588231885,0.06043371465341335,0.14913364978460517,0.06661283906401859
0.08420707118356817,0.12823119698237714,0.07679374928433454,0.1458950376139477,0.10734546834304592,0.12949992221967085,0.16060472439766763,0.08523981453354612,0.08218301544184183
0.15548895270479615,0.12271539184241172,0.11751188755413476,0.09629699523970241,0.025624483570895668,0.13593062111621323,0.1604485376656303,0.07683049283305432,0.10915263747316135
0.0944158641281085,0.1691639018003339,0.06794679326444479,0.10860825223414254,0.13338817739720255,0.05025759671677132,0.14054320270389561,0.09601870242630234,0.13965750932879853
0.09849242159052383,0.1121145788839029,0.20278945051815903,0.12548862581822998,0.0501377535802068,0.13694148828011662,0.09163747211889767,0.06516866546563631,0.11722954374432688
0.10199169495828257,0.11528542478284542,0.17426800164236447,0.13096488786388188,0.05170374692029243,0.14091096932187763,0.09590468078897696,0.0673651508479951,0.12160544287348363
0.0955389396582463,0.12943604397584665,0.04283049308030957,0.1393904086067179,0.09059172114741869,0.05284501531114596,0.1504029991724436,0.18540862398135652,0.11355575506651482
0.10462198903575075,0.12124606259862085,0.15046707379867244,0.13226114450626197,0.05330100169103902,0.14618496893845856,0.09886708293818404,0.06883885544253794,0.1242118210504744
0.07808801628903843,0.09168638475666001,0.042625895740927476,0.10001860898409161,0.3464788791180398,0.06190429936460152,0.08798865975272767,0.1257956537229166,0.06541360227099685
0.0836890396972535,0.11795554047499468,0.08391081814551465,0.11307330613103683,0.16011524773925404,0.08940522955245504,0.11390687075013063,0.12944042428673921,0.1085035232226214
0.11322864157797187,0.17012606094782354,0.08493711162663294,0.14056320950879822,0.09305999756195844,0.09566664472217361,0.1080288447578095,0.11939008167539532,0.07499940762143663
0.11059482026185936,0.17370834263034277,0.043308809214548105,0.09811911334046558,0.1574222215532047,0.04640879805017201,0.10353876854292228,0.18979352868724422,0.07710559771924086
0.07343857873437669,0.09846542030990929,0.36647728210005176,0.09630893551994933,0.03832791435056849,0.11385141304770618,0.07048862981963294,0.05187225883866859,0.09076956727913672
0.07099643655554892,0.12703123989314405,0.028359492388608704,0.07516216267373253,0.2042674802522697,0.05733719297434508,0.07821342286876692,0.27909112964169736,0.07954144275188667
0.12174598410508346,0.10646574549380317,0.09112337222884666,0.14241391005075224,0.04396994064160863,0.10714974893713168,0.12629243974000784,0.10540693667842012,0.15543192212434628
0.12377916678006555,0.12023367051673245,0.12078849070963145,0.1427948401886451,0.032498903893827945,0.13319706766838155,0.1416647777127755,0.07296969868871038,0.11207338384123004
0.11313003597377447,0.12899402618981762,0.14337024592968373,0.1379082072998686,0.0641571405956425,0.13250317943587775,0.09948185527065051,0.06388781130383259,0.11656749800085225
0.10507415941957905,0.1259446084271226,0.1413886356706706,0.13345401419951633,0.06177223153002851,0.15479560609587784,0.09357054118004633,0.07153666738295412,0.11246353609420463
0.10167674865540233,0.10156531621480906,0.0691499499435783,0.09606432121886598,0.07267910256453719,0.14539853654162158,0.14382310443930255,0.12907166841043102,0.14057125201145196
0.06752941617319409,0.08616749659821794,0.08125289340353693,0.13918087245315222,0.20733285467453044,0.07753078640615822,0.10197339964728258,0.16470222075805407,0.0743300598858735
0.1074120100743736,0.1361919665706576,0.11807169250302481,0.14588672567319272,0.13190614369021894,0.08514950042740481,0.09328145955677403,0.06376690715183102,0.11833359435252251
0.1486777729021109,0.13791220609615673,0.06901559978374851,0.1404265225291133,0.04913237870269705,0.11241593835233793,0.14227351013465692,0.09172860778230091,0.10841746371687776
0.10515313951814877,0.10270484112733504,0.11520477008538021,0.18418884636174412,0.10445887038777578,0.07800772101169949,0.0950840151802554,0.10762863442487493,0.10756916190278627
0.1415000174359577,0.11043872058846342,0.039971463572216925,0.17417164991958498,0.05044823433162996,0.0939360909814674,0.15665670593057665,0.09574248568535011,0.13713463155475283
0.05812702743491215,0.07205197506757982,0.051074782958466625,0.12310004570496795,0.21074309731092486,0.09797901822035128,0.12598955319861907,0.20931598455262623,0.051618515551552065
0.08313512747971381,0.10534631777471044,0.06197647530719904,0.07878629176507525,0.09660390626696595,0.17792949162426155,0.12293070866660903,0.09740021467185615,0.17589146644360873
0.11517320885737457,0.08016286348216788,0.04817508594452133,0.07976301631399965,0.3473097371141414,0.06208086763822748,0.09895724097587492,0.08879304490246663,0.07958493477122609
0.06960325402795153,0.11382236572564979,0.031518386444175754,0.1496823566882495,0.3688058417498505,0.03933222680785601,0.04950732867445288,0.1352095589787677,0.04251868090304636
0.10390991282196975,0.081599895280992,0.07021374637200103,0.17593787432315708,0.06864926374689963,0.10294739352671067,0.16777277517657432,0.15110245418051652,0.07786668457117901
0.12358530656784424,0.11598885563968293,0.06027416824750212,0.11257702707968203,0.13271169903166574,0.08127070859633492,0.15890382301970601,0.10734715916986004,0.10734125264772194
0.08812990609707978,0.12576131423748135,0.10388968823748494,0.1473802700258804,0.08825730247414966,0.13187812737025473,0.08750768136280294,0.1363925762440115,0.09080313395085467
0.08680245505950572,0.12768811520396725,0.10958033275138741,0.16400854866393258,0.09598071709452609,0.04959247388570907,0.12653647536487353,0.11173788945401086,0.12807299252208748
0.11454338091478972,0.15321296581224772,0.08291588717214521,0.11851124010241419,0.08444913161619087,0.0616875364391202,0.13763908036507147,0.14084165227741152,0.106199125300609
0.11487363490293152,0.11370106972162308,0.10507853465638313,0.12703749133967604,0.1399730793744225,0.11057476757193098,0.09146628508884734,0.09880704227504156,0.0984880950691438
0.10806964116882196,0.08132810187520019,0.0877464618486495,0.10843873801364916,0.06628948005397524,0.26105127404655326,0.08488235246520832,0.1139299789129396,0.08826397161500273
0.10268024826042667,0.12175931720660395,0.15304484170319,0.13111177302406193,0.05888217778126126,0.15533796753210188,0.09279714899100415,0.07211236784139463,0.11227415765995553
0.07914399030351267,0.09839001384307057,0.07857760695856604,0.13945109100289044,0.17931851638820998,0.13154469789596532,0.0950842356509272,0.11896455325917686,0.07952529469768092
0.10969597971537441,0.11484479689806328,0.1278500936925207,0.10119769606644306,0.12121141300453601,0.1136862242873553,0.10799039400786803,0.07163913708261337,0.13188426524522587
0.1138186071902431,0.12600905601811777,0.07324784447872312,0.12353511379988831,0.07606294844385518,0.11497643483199786,0.10306398481309098,0.16463618440275998,0.10464982602132365
0.1656357078461609,0.14093328457635462,0.06798527658067663,0.11476373253376786,0.10131617877728089,0.17335122743630668,0.08007210389418017,0.09301702640330944,0.06292546195196287
0.14341322927935943,0.11772751810260511,0.04589744460735228,0.0744345404290587,0.1566735176983192,0.16496794687411123,0.07753513427029052,0.09752754964256972,0.1218231190963337
0.0910917022441729,0.11526967085103246,0.10614906359592431,0.12086454686921184,0.07313854828322024,0.1798540281670422,0.1322746696185404,0.06559377804477064,0.11576399232608499
0.09933142913474835,0.0998861646934397,0.09346446332383389,0.13314595201092147,0.23859745922373599,0.05926987921513802,0.09082294274766904,0.07728458914879958,0.10819712050171408
0.09485626425056393,0.13069412492117702,0.09717593792418062,0.11598536379588971,0.0748153691230503,0.19400304451826664,0.1189017222381128,0.07942895123267729,0.09413922199608178
0.08046163315420603,0.11854542703720156,0.10989339717069962,0.14339509686625718,0.09890449088363557,0.1254790455039352,0.10910509824831215,0.14643640087838283,0.06777941025736982
0.10793919559224495,0.1479660200643059,0.12439897445811314,0.09897348193621436,0.0742393251578297,0.11759844236324264,0.1398061494809808,0.061712880315333875,0.12736553063173459
0.061833169017036116,0.08170508680828074,0.35565264678093134,0.10391055458195353,0.07578238276661613,0.13053224524521054,0.06381956855270143,0.0563263073439712,0.07043803890329903
0.08949406867705047,0.10315542863161031,0.13049111325415982,0.1241367802537124,0.10909856448742335,0.14578774949850895,0.104973297112681,0.06099084613577035,0.1318721519490834
0.07379511828312173,0.09868500996118333,0.36420736314316454,0.09670632587836275,0.0384852523273884,0.11406414029375,0.07080404427534605,0.05207587904125797,0.09117686679642524
0.11326804244273321,0.1434665115678633,0.07472868876130286,0.08519257446282107,0.08080941423200085,0.12629031334931334,0.1199658196262226,0.11758596719399468,0.13869266836374808
0.165021593152265,0.14931802367686176,0.02647073541628366,0.10910583453015121,0.08593854445368161,0.10317396203810221,0.13748628428734555,0.14787958047047703,0.07560544197483192
0.1249506905178447,0.1277014797318902,0.04901729050003248,0.17748094483956725,0.07342973789546299,0.12914126628648695,0.09292532585708596,0.1525960034919904,0.07275726087963903
0.09044631394159554,0.14056777250456984,0.1031616403758037,0.12258667891606274,0.11619760346364782,0.14815980886092972,0.08474622588673887,0.08455162898852493,0.10958232706212682
0.12899012954569403,0.08844297815407921,0.08633965305784981,0.15931849237985485,0.07044532161776006,0.09983655487107539,0.13355761896836105,0.08061157247670671,0.15245767892861897
0.12710659751809963,0.11068912663377102,0.01960795291385118,0.1268872516872941,0.20826889178337027,0.1959943865795947,0.07532775080382102,0.07577986584888004,0.06033817623131813
0.10526937116051101,0.16008191202520594,0.10612732051824499,0.11405827367464583,0.0522269630935765,0.10309737036345251,0.13881116635051688,0.09922897117555335,0.12109865163829307
0.1143630668939097,0.1339364257395602,0.13407212052582237,0.1390328689148331,0.07418822699899735,0.13921249533814453,0.09408115433801745,0.06572231076919248,0.10539133048152288
0.1707891149549913,0.12770943330248408,0.05277915014479723,0.10269287118847781,0.024450747676383614,0.10507171104134537,0.11096441319410426,0.202128605012501,0.10341395348491535
0.11614148780380025,0.14780545162663752,0.06969711224208586,0.10494722865799717,0.13230215362082284,0.058680087071631686,0.12034977089758563,0.1434707739268571,0.10660593415258202
0.10123470900144639,0.0891767836012673,0.0897664628595084,0.1212439976116475,0.1162033377654641,0.09271346457408365,0.13613593307622027,0.07779175119774943,0.175733560312613
0.06723119012952855,0.0978432224428345,0.01928449574078937,0.030990501349109936,0.39508837611928244,0.07432356147072557,0.0703780635622556,0.1595282597976225,0.08533232938785151
0.1922895265789284,0.09053390807220714,0.05933469939988186,0.14333715329039107,0.06778840728042519,0.04664667604184053,0.10941744611582953,0.1521751974888864,0.13847698573160985
0.1277292877621624,0.13192946979847447,0.06497037447334247,0.14224279881411503,0.037757199630463346,0.12286943641992769,0.1417837477104716,0.10704654008846141,0.1236711453025816
0.13988615362530038,0.12311153896745242,0.1312635537695531,0.14413259859477476,0.06781196805711766,0.12974418695982096,0.0793755821032683,0.07719851052846412,0.10747590739424832
0.10462198903575075,0.12124606259862085,0.15046707379867244,0.13226114450626197,0.05330100169103902,0.14618496893845856,0.09886708293818404,0.06883885544253794,0.1242118210504744
0.1695762500607559,0.1384952105093765,0.05972651763988432,0.07252261729651088,0.1896307060332639,0.09135643860749217,0.07507768396824965,0.06207849129150115,0.14153608459296563
0.10501250793333562,0.11926143873762934,0.12418717834620958,0.1369296305794602,0.06288720150530532,0.17306361428085362,0.09801430481864154,0.07012165984336442,0.11052246395520036
0.10045602965968048,0.1465205544329552,0.11448788295128413,0.11303688112441819,0.0833968494265936,0.0790506030033913,0.09197354090937304,0.13967820485348587,0.13139945363881825
0.10462198903575075,0.12124606259862085,0.15046707379867244,0.13226114450626197,0.05330100169103902,0.14618496893845856,0.09886708293818404,0.06883885544253794,0.1242118210504744
0.07984119244048854,0.14204933893278684,0.059263982549273085,0.12292463080984865,0.18321302226301361,0.14363953862397766,0.0982860133761846,0.11180069848869427,0.05898158251573271
0.11897030342126935,0.14090667632480602,0.11505905816235285,0.15207040002277375,0.07153618293197288,0.06726778692762427,0.12234569911134648,0.0953054321896488,0.11653846090820559
0.10462198903575075,0.12124606259862085,0.15046707379867244,0.13226114450626197,0.05330100169103902,0.14618496893845856,0.09886708293818404,0.06883885544253794,0.1242118210504744
0.0721862688311521,0.09419738163905522,0.3785147752930112,0.09619967322457014,0.03751441035377818,0.11214427829736755,0.06894192256633745,0.05093195263478736,0.08936933715994079
0.08842739684061805,0.12159771497750105,0.2574685382964583,0.1146491718178881,0.04970382949329818,0.12960302393803663,0.08432708818075109,0.06731925442844669,0.0869039820270018
0.10462198903575075,0.12124606259862085,0.15046707379867244,0.13226114450626197,0.05330100169103902,0.14618496893845856,0.09886708293818404,0.06883885544253794,0.1242118210504744
0.09162866091724826,0.11542445325145943,0.061894580054866144,0.08256271157817341,0.10902578443588866,0.19969619196184119,0.12173644574316766,0.10604144122382915,0.11198973083352608
0.10462198903575075,0.12124606259862085,0.15046707379867244,0.13226114450626197,0.05330100169103902,0.14618496893845856,0.09886708293818404,0.06883885544253794,0.1242118210504744
0.16043710782482046,0.142629503469594,0.07967926262181609,0.11800554315019307,0.05055491355664981,0.10615247754710401,0.1479728510173512,0.08113766198712272,0.1134306788253487
0.12374741169732395,0.14040535185730038,0.11136727932931541,0.08829279361756188,0.04583467187901974,0.1073437308343651,0.11670251523671499,0.16245339845061002,0.10385284709778848
0.09769121294786608,0.12787388674351044,0.07634882545139388,0.13389928145860241,0.18519520138230108,0.107131530588129,0.07445749358355054,0.11625643845395162,0.08114612939069492
0.12053540435296994,0.1560304342214757,0.13098063520183495,0.1514006613036125,0.07933263811955772,0.11035174576074554,0.09640614384092962,0.06901289819735795,0.0859494390015161
0.10462198903575075,0.12124606259862085,0.15046707379867244,0.13226114450626197,0.05330100169103902,0.14618496893845856,0.09886708293818404,0.06883885544253794,0.1242118210504744
0.10895796217540969,0.1591806597734363,0.07653160098302118,0.11113394357001453,0.07492618485771275,0.05754245644771052,0.13889618193756678,0.16338497363899124,0.10944603661613701
0.12319541289104281,0.14951726429250656,0.09271237376951015,0.09993332279662163,0.06464864974135286,0.1720061450883974,0.08769382459705898,0.09275473164003623,0.11753827518347333
0.09210506997128652,0.15196546547181394,0.039897089924840694,0.10815543159073222,0.21035847986430226,0.07680441501901371,0.07949777453234826,0.15967821433994303,0.08153805928571935
0.16829809301898002,0.12991372978723523,0.08829632660124163,0.13454177316655871,0.08922409109332437,0.12243508664620543,0.09058817001818481,0.07776913285055996,0.09893359681770986
0.09299523397807698,0.1165227526757094,0.06257325330274044,0.14648874161376277,0.05015805171294827,0.09845357393226527,0.1533825050813015,0.17870906696916866,0.10071682073402673
0.10462198903575075,0.12124606259862085,0.15046707379867244,0.13226114450626197,0.05330100169103902,0.14618496893845856,0.09886708293818404,0.06883885544253794,0.1242118210504744
0.09814061079077378,0.1346265158200162,0.08329955257441966,0.11630020417347371,0.13288962334362955,0.10258292505273003,0.1099749394672338,0.10141820224723726,0.12076742653048596
0.10462198903575075,0.12124606259862085,0.15046707379867244,0.13226114450626197,0.05330100169103902,0.14618496893845856,0.09886708293818404,0.06883885544253794,0.1242118210504744
