0.09309824899008962,0.13288579918554952,0.06039847394676939,0.13662697062537,0.0639226083314146,0.17957805948525993,0.08551732882864398,0.11342768709711819,0.13454482350978486
0.09903851733471541,0.05321842470945747,0.3081156838321903,0.06594330336905285,0.10114411646598497,0.07106205552543547,0.055084569145440444,0.19014686470734096,0.056246464910382175
0.0886447110527312,0.10619334050237804,0.06969183434296529,0.1673954450714604,0.07822029876163344,0.10184992616010331,0.09098160470085422,0.10895429609215256,0.18806854331572156
0.08208871266863459,0.13333833656743274,0.324493489553725,0.03203706059038517,0.11558487999860591,0.17854703995408253,0.03248301744255773,0.04162181020830574,0.059805653016270645
0.05808963196438474,0.0671424463411084,0.43239061911361304,0.08550696454655847,0.09916352037729038,0.055972106354927505,0.03514413722167295,0.07335703827944343,0.09323353580100104
0.11272550994073866,0.0864313133117377,0.08770734940499002,0.09096534562874799,0.05995125558950443,0.21889982287758233,0.06132850165071507,0.10441559897443616,0.17757530262154764
0.11373478832318586,0.10306864442510177,0.05422199190921609,0.1833184355703087,0.0503986439050646,0.10911857233913186,0.06412618599360063,0.1238916830883005,0.19812105444608996
0.10639630899163856,0.13848059785230588,0.06810143314469726,0.18889251604530224,0.20158319638495933,0.0690391625358044,0.07926759070328594,0.06494538526533991,0.08329380907666645
0.11484309381206055,0.10604891494604263,0.056252249656614246,0.15541468444622622,0.056025215856667254,0.1090170427456421,0.06503574057147939,0.12817210356134168,0.2091909544039259
0.07546523918375163,0.33874383580347134,0.09143745496903995,0.07649767448601358,0.05480173242939762,0.1183457114007741,0.05518334139317379,0.10625177288174104,0.08327323745263689
0.10538433236096656,0.12755242105493322,0.10751099520227413,0.10764962894018848,0.06650640101831064,0.1482271460886033,0.05623953455867364,0.10620701505781714,0.1747225257182329
0.0796438595275681,0.07769772202965897,0.3608227609515959,0.08922401594167785,0.05329106874962675,0.11099249290750722,0.047414978834160924,0.08386557295395873,0.09704752810424562
0.07264818953219099,0.08407000156341322,0.058001882143011746,0.15398544813070825,0.08979193202920226,0.30214624095193493,0.06551733298710466,0.09320669592392417,0.08063227673850988
0.10800649522653956,0.10594744805447087,0.07573927317818448,0.13498564307464886,0.10771978061069594,0.10722973445405133,0.06928842927530227,0.1639068652717495,0.1271763308543572
0.1051384394775045,0.10854763869217739,0.06941653343720146,0.049596734321749,0.1988267141876007,0.06273660625647189,0.10692307144430369,0.1554891309096739,0.1433251312733175
0.18396984687293236,0.10799345104872105,0.054192549402889,0.13159288025626803,0.06260492479396775,0.08690889326683703,0.08850842386638964,0.11663280373874646,0.16759622675324878
0.11661089358867262,0.10569457600923683,0.05606571970689659,0.15662009320207507,0.05182757383453921,0.11230566774070443,0.0660524776120472,0.12874458930652172,0.20607840899930632
0.05682795115201821,0.03192217016067022,0.06874295388249306,0.23805412619833052,0.21956675162848396,0.09132098979002244,0.16329558939210753,0.08639047699164853,0.04387899080422561
0.10884483817456499,0.09847092671632056,0.053406016905477076,0.15848147672960544,0.053990608540771735,0.11421788760493623,0.06732697425512245,0.13802764588140906,0.20723362519179242
0.14800826717558818,0.09236207227750197,0.05456717329573583,0.19402385041873496,0.04949337919777567,0.08981955348996275,0.07798460937341906,0.1459295193170186,0.14781157545426293
0.1154715360031866,0.07410185964549588,0.3159754535128483,0.0956640949633553,0.047481632467606845,0.08255438867160772,0.04193477330342598,0.08597478366349769,0.1408414777689758
0.11840407962486839,0.1048165755309562,0.053665395548546276,0.11731179768230408,0.10664025402606953,0.11996957857194825,0.08595118696478672,0.13326560372787985,0.15997552832264075
0.1360366373981016,0.08592642009583923,0.135023908718614,0.09006327623499777,0.11253052416893317,0.2086249653917662,0.05383415534958355,0.06942047931469553,0.10853963332746902
0.11661089358867262,0.10569457600923683,0.05606571970689659,0.15662009320207507,0.05182757383453921,0.11230566774070443,0.0660524776120472,0.12874458930652172,0.20607840899930632
0.11403875240564837,0.10386249269544379,0.05435363839561839,0.1530543429782967,0.051608518107753444,0.11342416408962137,0.06931595467621814,0.14072701341692043,0.19961512323447936
0.09655950725391593,0.07998498683808604,0.09933759469598491,0.09207549050657,0.08130811028350717,0.28013462285634516,0.062413193518556044,0.093944680349677,0.11424181369735777
0.1067188077553373,0.0894541234539737,0.07527178681114281,0.13190069613292268,0.0658960669431778,0.12080475916480525,0.07484129334991245,0.10701804872975025,0.22809441765897776
0.1757483149232489,0.11410416265889893,0.0764078836629787,0.08478000842730438,0.06336250310674647,0.19181936438733507,0.08372953516864101,0.10420130874210894,0.10584691892273763
0.19616848761390626,0.09407797559205329,0.13866048324841365,0.1291130130025192,0.052964209214829604,0.08768815149504583,0.04436711430434206,0.11005287419396166,0.14690769133492834
0.1425404721832694,0.08861793261472911,0.08259835241518865,0.13261094516645197,0.05359268351753504,0.08553500174446589,0.09663983131625614,0.1254220079318605,0.19244277311024324
0.0940207902813538,0.17826604708898783,0.08226379490791323,0.0781580632865989,0.07213153391162158,0.05623307262744386,0.07196952653822973,0.30813389518795026,0.058823276169900914
0.13492096332889966,0.06129833297909786,0.04380661790875762,0.183485110168374,0.15501707462475955,0.09064434075783707,0.07218610612623307,0.13510492821967177,0.12353652588636928
0.07305464569580221,0.06043231529586382,0.061194128812610604,0.24974704556371904,0.16446596619911003,0.0711698130942046,0.14137749606298614,0.09212334617255112,0.08643524310315241
0.08692712048555166,0.09401467840608389,0.0877427852121231,0.05939331012930819,0.08656717639310628,0.29259861187254366,0.06430344962883738,0.1053235195274355,0.12312934834501026
0.11193672120245553,0.10150280537868132,0.0532148003633039,0.19934102497765713,0.04960753899304047,0.10720437482100521,0.06296812745098311,0.12107895640265241,0.19314565041022083
0.085143964927151,0.07154491074270171,0.05554348826685007,0.09561527520129282,0.13933422198457307,0.07836053840261077,0.2006566364500699,0.1826128734560463,0.09118809056870432
0.10820477691642334,0.09860129657817114,0.05955941402518525,0.16084066818059403,0.05565184992005459,0.13541565822452442,0.07015116915079993,0.13139957561380472,0.18017559139044267
0.11545665047549214,0.12609338461014055,0.06591995090694527,0.13105608068535984,0.10103169352157665,0.0800242816539782,0.12356845534867893,0.11274343072284769,0.14410607207498086
0.25926450563949804,0.06794314141690863,0.04765968683099786,0.13404805790614818,0.1275040297771931,0.15631375380340273,0.10194395470741097,0.05496166050724613,0.05036120941119427
0.08386256774551054,0.10499701029173276,0.056855346750575596,0.14094832736517174,0.06727767571567446,0.22716473776264998,0.055708923956635854,0.1119453145460186,0.15124009586603046
0.1013270008648046,0.11075945273136224,0.05215079923462046,0.17533327383021416,0.0645042336317804,0.11320178396268944,0.06481925368182338,0.12477158575729137,0.1931326163054139
0.13676377362815897,0.15360949521410705,0.04804828320200208,0.16114825188432533,0.06329914227809853,0.08827889375457855,0.06640998643065944,0.1592679973679609,0.12317417624010912
0.14067005459605963,0.0850578768664596,0.05481604279654239,0.10800443271742549,0.08733357872860371,0.09068649947080427,0.13415038809775315,0.15320825462690263,0.14607287209944916
0.10675886388920679,0.053450609703187234,0.3317636146803019,0.1441438404913151,0.09551187566826604,0.06876138474974527,0.06157651470634847,0.08091912857489647,0.05711416753673271
0.08688556804540999,0.09311697988582762,0.0381123497847309,0.0944878212399976,0.06862888173704713,0.10007954209760632,0.19815950303877927,0.21168602362722547,0.10884333054337565
0.12440767537498852,0.14165520969673265,0.056113080186837756,0.11976497515418265,0.05973857589132595,0.11873335590863072,0.07286052944779081,0.12657070312345878,0.18015589521605216
0.15404812147982094,0.14547806691578477,0.0819929498100557,0.08702591447020729,0.06311390854658729,0.23865745138105718,0.10570602405633454,0.06490482774961168,0.05907273559054076
0.12991188110768145,0.095311760545493,0.07548930370267226,0.165676713334608,0.07472790354855129,0.15570290742072793,0.07211483251865264,0.09711047753779249,0.13395422028382098
0.11308681936176072,0.09699310671964943,0.05020977878581929,0.14420757235955903,0.07119850508231473,0.13194813532131042,0.06988633751743271,0.18229238419997626,0.14017736065217748
0.037078151405835764,0.04878274285550904,0.1710528791812004,0.07218011652982168,0.14457971710406178,0.3701169857219142,0.05064960050730898,0.07031069636513766,0.03524911032921052
0.10580554744428212,0.11547900415323553,0.04347388733873231,0.07805967199706909,0.07482437736944238,0.07950082737181201,0.326841049713734,0.08984570452062064,0.08616993009107186
0.12651997618235863,0.07728404120734426,0.07034098046967946,0.13823606821952053,0.1547014204664531,0.07144966109464966,0.07804748103464089,0.08753479604948905,0.19588557527586437
0.08092958178943149,0.0678083744933461,0.06493575510291942,0.059824993527917904,0.26403616957006965,0.22751346704482053,0.06516023059759062,0.0777991600177325,0.0919922678561718
0.16107902955726988,0.11294930998791648,0.09553962217702816,0.15133087397777475,0.07102876971213228,0.08060487984577135,0.0851650654044324,0.11745868421524086,0.12484376512243373
0.12355954546725585,0.09334161957237484,0.06575617171254931,0.13596468428735278,0.04929879152615557,0.14755692515280172,0.0769024188916989,0.12911861893636165,0.1785012244534494
0.06688192599780866,0.07820330543600972,0.07072005371629488,0.06192697819828114,0.2698497569710631,0.2572556301522773,0.0878497077230936,0.07266114267398037,0.03465149913119118
0.14082962990310943,0.1040604150422096,0.04373217791782188,0.10698856806822687,0.04691916589281756,0.14081806283083192,0.07455216198072467,0.21790749328184825,0.12419232508240981
0.1558816256435499,0.060668897885946614,0.036775476077951966,0.12475759971351669,0.05528064722558964,0.23894996385355852,0.10600001460168573,0.12603727885789073,0.09564849614031022
0.04358597073701335,0.05067668781038756,0.13843558631453393,0.0999740879709639,0.12380816823424519,0.34544183817383556,0.07284323231675512,0.0832953598029927,0.04193906863927263
0.12642947957354314,0.10511816136906654,0.053275395294448524,0.1494958921896851,0.05413021607358707,0.11289508495285246,0.06496065637943374,0.14266250673245262,0.1910326074349309
0.13421763816158316,0.11315109079193651,0.13267204945862016,0.15272777562506482,0.08286325440661091,0.08731841556130715,0.05842941188977424,0.1002306557682646,0.13838970833683847
0.15851240796438457,0.12611402878722935,0.06981349169861133,0.11837515120159077,0.04322982299002457,0.1294669844916009,0.057784719447622146,0.11442062755643452,0.18228276586250178
0.07937783604415627,0.05506513888804069,0.04198177416162158,0.0929496779330794,0.14490814963163084,0.13761604257499965,0.263755760265952,0.06516795982032676,0.11917766068019285
0.14827219209074846,0.12068826748381041,0.09513656940384436,0.1353702480966168,0.07101890989599724,0.09881754824075495,0.05765102539067849,0.13192530317181936,0.14111993622572994
0.09297197947267594,0.06352170135499799,0.045467682516086266,0.25767849237305557,0.10169973297721424,0.07374960838150539,0.147933610670673,0.1049719161010733,0.11200527615271828
0.10057713870448222,0.092856892678781,0.047981595895723254,0.12305074149711341,0.06036431618597856,0.09277905597610647,0.1440942076287662,0.14299168778149493,0.1953043636515539
0.11525614450615869,0.10443581416277348,0.05515368734370011,0.16939394235668523,0.05112459456288642,0.11078101685773256,0.06513181855716398,0.12639295090352914,0.2023300307493704
0.11661089358867262,0.10569457600923683,0.05606571970689659,0.15662009320207507,0.05182757383453921,0.11230566774070443,0.0660524776120472,0.12874458930652172,0.20607840899930632
0.30290670737765085,0.10950580456419468,0.04837668507484775,0.0658362109235549,0.07310186128646788,0.1252546890106106,0.08666434113806949,0.09285404587304247,0.0954996547515613
0.13037660558476916,0.10206245547104346,0.058719445865772636,0.17205760361374103,0.050851619630906175,0.13002532339423478,0.06985482297978207,0.14171991667365821,0.14433220678609246
0.08175309469037777,0.08260056440704465,0.027055199835145094,0.04365661333187799,0.1467784141482017,0.08649055230510415,0.27390142055928784,0.06764629088959934,0.19011784983336147
0.12027049192183896,0.06209284429179607,0.05412522559194601,0.20421382593241302,0.07049015772128865,0.2057189132643773,0.130518997346158,0.08769297265919218,0.06487657127098981
0.14008922222798706,0.08673737226029428,0.07001283069156948,0.18640079484300162,0.04426744598196308,0.13436412756730964,0.059913058090356075,0.1239187518414701,0.15429639649604865
0.1085674128878014,0.08297107742494685,0.25228949709546644,0.18848935722975488,0.06669237273335464,0.07030419253559679,0.041140161055355,0.08771601127425332,0.10182991776347071
0.11532852148523916,0.09739453021083033,0.03466085000292098,0.126260376664021,0.061938519282804305,0.107194346278068,0.08835962916266028,0.24821163915751018,0.12065158775594571
0.08727359798644674,0.06093325323674992,0.048268359294993894,0.09215313227334603,0.32360141893012834,0.0644764740642198,0.1185104525712483,0.058345369741987875,0.1464379419008791
0.09659643620209053,0.10782902209698142,0.06377463307074013,0.17830487394946526,0.057053400588884674,0.1317710076400748,0.08039489517769886,0.12234333385856755,0.16193239741549673
0.08201461243575998,0.09880214415580964,0.06226117722441155,0.13887279321016954,0.055083986597456745,0.2361478690094152,0.0588534673221963,0.10894026391540135,0.15902368612937973
0.1293892412787179,0.10425700536510198,0.06957996605231458,0.15517795025661565,0.057566022664754274,0.11140057608184596,0.06654465653723773,0.12875098631783113,0.17733359544558083
0.1244325750138594,0.17661034364247494,0.05015974445866004,0.13123596574010254,0.049961503948742624,0.15010499056424215,0.056499017218827496,0.10824283784343734,0.15275302156965345
0.11606983812969185,0.14035057372900975,0.04887811216508834,0.08015008447491996,0.055372154739951496,0.2238302053612012,0.06504774422754007,0.13049356933340225,0.1398077178391951
0.10647394418636562,0.0980191452054558,0.05346612275501761,0.14771121256024897,0.0512260214407337,0.14569027757105465,0.07097022958558157,0.13708224670581282,0.18936079998972932
0.11177035705844468,0.1012215280487294,0.053000307746747244,0.20090914884359923,0.04936572281621606,0.10699638499942059,0.06277616435850104,0.12076124937129736,0.19319913675704437
0.1485830124473624,0.0672879861614518,0.03557177018412632,0.09036808264418672,0.10508723230642214,0.20328665492954226,0.17339913988831576,0.11296842195497137,0.06344769948362113
0.12889507011274218,0.10013776821663212,0.06618959156112651,0.16830782819886178,0.0478834112718608,0.10677609311328334,0.06446304258284187,0.12520312335242792,0.19214407159022348
0.14016392210525308,0.11215912001546248,0.0647870675277169,0.1162756594024652,0.045741381990169076,0.11271446041725493,0.06094472182580571,0.11970594361802156,0.22750772309785097
0.08165276952439221,0.08867245276835199,0.05022520360524383,0.1045131378757354,0.08907393519056289,0.19392008452771758,0.07975315598389816,0.10894689906822362,0.2032423614558743
0.12150901068189712,0.13586381474770218,0.17229897258599988,0.1342774686706525,0.061598878766852515,0.09354287651153621,0.0455950598965339,0.1007755313364127,0.13453838680241312
0.07994555973315376,0.07449896225055462,0.05080694488478405,0.1838040548244694,0.04054711250774218,0.08982157978277537,0.25752127259581853,0.1374944241631785,0.08556008925752352
0.1397127055570486,0.13510050310417213,0.06263667975577929,0.14300135850639514,0.06983711602727777,0.08050011426825293,0.06557837682723601,0.12546672021323166,0.17816642574060648
0.14734473226397907,0.10187400274828175,0.05920880303258034,0.1029738932270974,0.06631156844398141,0.11789661957285753,0.0919450192257321,0.15673993300074437,0.15570542848474603
0.11559009281728456,0.06325045048841516,0.1124129812899195,0.038456338034292666,0.28208053858942583,0.0784416847947929,0.0928295170957162,0.06741587472918577,0.14952252216096737
0.10806723608347259,0.10322565939614155,0.05250761294264647,0.20341244749505827,0.04970800807619897,0.10595468905802047,0.0632598815954057,0.12203905276528453,0.19182541258777142
0.11516655098725909,0.10858184603432025,0.05529493667498012,0.1527752825539627,0.05077783184883622,0.1327920020023944,0.06595137960037833,0.12498354125708566,0.19367662904078323
0.17814660381755285,0.0722591222171174,0.052303892513251404,0.1473649485978419,0.07977872074684851,0.13092805379040093,0.12819364305086786,0.1479520639898281,0.06307295127629103
0.11292497033231245,0.1023736659178545,0.04765086346070039,0.1254285747869136,0.0751822598867768,0.0904207041844159,0.08324627572970696,0.12322925989660262,0.23954342580471674
0.09201689628207137,0.08915041203505798,0.08691297277814358,0.09638517650292705,0.15856704369809368,0.28081067089844675,0.05465862378324224,0.09048342366374283,0.051014780358274614
0.09367762387746832,0.0458975519244745,0.06091237655200318,0.05786378061590608,0.09269627434300692,0.060384212174599085,0.2711773138973065,0.09087946714854589,0.2265113994666895
0.09326253657255335,0.08694935153272076,0.05895627165051425,0.14402074792573263,0.04853814382080446,0.23129222540765212,0.06014235054536147,0.11698805435313538,0.15985031819152565
0.06879307165844749,0.07466324545538928,0.06136337729389979,0.24744879549265542,0.06377498823804408,0.22277952134205334,0.05424842814221004,0.09039489036389085,0.11653368201340973
0.11661089358867262,0.10569457600923683,0.05606571970689659,0.15662009320207507,0.05182757383453921,0.11230566774070443,0.0660524776120472,0.12874458930652172,0.20607840899930632
0.06583685872978458,0.05397092564298106,0.5058364115777887,0.0650889844860636,0.033051970678051844,0.06523413435433471,0.0636955528372034,0.07577773744744931,0.07150742424634278
0.18676171724597687,0.16150563941883977,0.1010997970592838,0.0986652141327229,0.0909678571192028,0.07012607745564059,0.06070327549537154,0.1183633805117829,0.11180704156117889
0.0987258028704896,0.2003830891586222,0.06238006456956472,0.18284079253921856,0.07359558052757681,0.12714178401278187,0.05958321644998283,0.08081142340538609,0.1145382464663773
0.13253001603869843,0.1319674083812459,0.07887526025467494,0.07591076649971916,0.14096972085324488,0.07770364580028723,0.09457435746242622,0.12710303780235602,0.14036578690734722
0.10882185681933798,0.13461507963334873,0.08382390637924474,0.08537536809888124,0.1255893350539055,0.15786824948170572,0.05373781503585296,0.07415956980320319,0.17600881969452
0.11390231125265299,0.11867487206887438,0.05829958886683303,0.14465798042271058,0.09413549172325342,0.10391135676910286,0.09413105641747878,0.11204378120607512,0.16024356127301878
0.14808267540662148,0.10035210709794673,0.06819541801460986,0.11386428002904825,0.1257869399996153,0.08464317304488489,0.07387959978245857,0.12739308323110088,0.15780272339371404
0.11661089358867262,0.10569457600923683,0.05606571970689659,0.15662009320207507,0.05182757383453921,0.11230566774070443,0.0660524776120472,0.12874458930652172,0.20607840899930632
0.1997089437394121,0.08435821525236796,0.0807824865066626,0.14536193406215098,0.0727633666652573,0.09477200376870111,0.08021928975764021,0.08336539726371132,0.1586683629840963
0.09887095923651858,0.13462526393969917,0.06792362633699787,0.13876529982112076,0.12734957590736776,0.12003528150139497,0.10230516422414516,0.12093121045205346,0.08919361858070228
0.046748501131440266,0.11249709069520797,0.22905736143818198,0.06224819657479017,0.0716206327173093,0.2757283413563822,0.03423677072360325,0.04988668782021482,0.11797641754287003
0.11757529678568661,0.10207915581785758,0.11556687186626706,0.14168923802006458,0.05230215891690957,0.11049550828761025,0.06364025619990002,0.12058518856355638,0.17606632554214796
0.10396079159441807,0.06734908103830001,0.049527838422581426,0.11414862604215177,0.06780558948035352,0.25728729871719797,0.1063029242793591,0.1587705174602538,0.07484733296538436
0.08818844461844579,0.09710749361523126,0.058976732232751454,0.13496200004150205,0.05853810705537731,0.23195904133332804,0.06185972690441002,0.1227842642444108,0.1456241899545432
0.07174176989682039,0.07691546088037948,0.06890666420904014,0.1603612377374449,0.04392353945936508,0.29983550078361515,0.0768232894265323,0.09608043243673646,0.10541210517006605
0.07031286996455749,0.06422895692353887,0.04702323417057938,0.21774018300265494,0.1364929163827492,0.08462166527018189,0.12378786445374061,0.0910572812247714,0.16473502860722622
0.14378689189752838,0.08600420058710938,0.21963968250642185,0.13572571171224765,0.08150539414284813,0.08201219813297098,0.04763364849997792,0.09130609974945703,0.11238617277143875
0.14970376553174705,0.11177069251687681,0.06603748896047844,0.12469121403935861,0.06409907321409479,0.2336792970602981,0.05293523899382454,0.1030706763101515,0.09401255337317016
0.09625638208126647,0.07780253313134781,0.05782156941154382,0.22831526106260777,0.11770958435564494,0.0832029164474271,0.13384646526502353,0.08296563007738385,0.12207965816775469
0.11661089358867262,0.10569457600923683,0.05606571970689659,0.15662009320207507,0.05182757383453921,0.11230566774070443,0.0660524776120472,0.12874458930652172,0.20607840899930632
0.1189508586277419,0.1707467922912742,0.054244287095231124,0.13781869937413252,0.053583061631298556,0.0883590932685994,0.07755198436934056,0.11589751532752847,0.1828477080148533
0.10877620400338046,0.06601711686866095,0.1337865304828684,0.19600038244218654,0.20135886240499912,0.06882925400925442,0.06998283992845154,0.08013539340320354,0.0751134164569951
0.12098450031187137,0.11381331414863095,0.06437830207892475,0.13432012433133445,0.06910543449949132,0.0954676245093387,0.06586405626299552,0.11701796701099292,0.21904867684642007
0.09918867408458894,0.18818917607805807,0.04314396036113735,0.11101138398783943,0.08076577077106734,0.09758220296161502,0.12630657917810403,0.09851791911505203,0.15529433346253776
0.1400649998302793,0.08499536470248058,0.05993937542056891,0.20054688071762353,0.1457071615672685,0.07625545597449,0.06260313134472519,0.13966795207676239,0.09021967836580154
0.10396096418072599,0.10679492403681734,0.08921421144766305,0.12261450038867511,0.06350003531198312,0.14601167886568223,0.07477097913242887,0.11658124095835559,0.1765514656776687
0.1185730296291569,0.09209758905758707,0.04859730082302571,0.17808339394583747,0.07918933969803736,0.11314421608945362,0.09269545093787727,0.10358095772448116,0.17403872209454344
0.11023749155271469,0.1027462321149717,0.05332029360650508,0.1869347178372509,0.05870979164478518,0.10387920990922254,0.06218094058014365,0.12171192682599123,0.20027939592841495
0.11849129889450788,0.10005167447974433,0.03766837932128131,0.12316484814949179,0.12126375428324908,0.12969507943408062,0.07140632958795547,0.12495696948912009,0.17330166636056946
0.0644596174820052,0.04076487903388814,0.11658012088726123,0.04181836860233823,0.23765803971714172,0.21458672033172718,0.13047906741606555,0.07966059744844443,0.0739925890811284
0.10503565550105616,0.2442238599197577,0.03857915817522529,0.1025537163468961,0.12799286166422177,0.05793542639037208,0.051519617677106465,0.17228746846997556,0.09987223585538892
0.10655197157991901,0.1377481085727826,0.08546315651573759,0.11540212320807679,0.06627958858228246,0.10897314936250219,0.07604935357987667,0.20152080079540666,0.10201174780341594
0.11520055234304705,0.10438506684641062,0.05511809110173314,0.16990986092705418,0.05109699459773087,0.11071943422313642,0.06509459134583175,0.1262991977808687,0.20217621083418724
0.11661089358867262,0.10569457600923683,0.05606571970689659,0.15662009320207507,0.05182757383453921,0.11230566774070443,0.0660524776120472,0.12874458930652172,0.20607840899930632
0.04224414024894449,0.023121043274897085,0.03795415635774775,0.1045345258618839,0.32031215155527487,0.038280737094764816,0.2548378736371501,0.08198770273472276,0.09672766923461423
0.06683689070514799,0.13926805506333148,0.03634914631548558,0.09743101199806004,0.21716665090112772,0.19516235117242223,0.14387870715115028,0.06622431292531179,0.037682873767962886
0.10029764564328698,0.0839756267703921,0.0507649759634362,0.148743946799244,0.04834237657572729,0.16589858912789676,0.08738452616207248,0.14235254804955186,0.1722397649083924
0.09499803127677675,0.06902182937368388,0.07155360087482444,0.20781208340534127,0.1434119173500685,0.11612837965729696,0.08943990410266828,0.07527203734298638,0.13236221661635358
0.11661089358867262,0.10569457600923683,0.05606571970689659,0.15662009320207507,0.05182757383453921,0.11230566774070443,0.0660524776120472,0.12874458930652172,0.20607840899930632
0.08250641930782987,0.08429568423049905,0.05036177965159102,0.2036514408760295,0.07853995719717978,0.2114681900511206,0.06433635380203888,0.0996550614921169,0.12518511339159447
0.09847825535390929,0.09808739000394283,0.03866389981334487,0.10495124795636261,0.07482560553509561,0.08752263586037297,0.11116964412439014,0.11817302570735673,0.26812829564522495
0.09140011989422982,0.06703987973723415,0.09429461825893741,0.3804010331834224,0.08016800409895684,0.06633751148793601,0.07299177665139099,0.09248903708092195,0.05487801960697041
0.136002096142366,0.07158722454016044,0.04002262795332037,0.15152297974633502,0.09565733721649089,0.12835859451653361,0.13184991712634805,0.10151257194226591,0.1434866508161797
0.12212249897156215,0.10405388448461567,0.0486651505840626,0.10220744474489592,0.1483844409081612,0.12048578721110237,0.09849554408669126,0.10007731282761774,0.1555079361812911
0.1308844153905709,0.10114146136811282,0.10282439072123212,0.11309919578414392,0.07798972794494861,0.17235578603946367,0.07155631578688758,0.13732537162211209,0.09282333534252823
0.1202453240563251,0.10150521279468268,0.05758212549455766,0.15744584019790464,0.05695518146287428,0.10467854563987479,0.0652414686778945,0.13783358781140737,0.198512713864479
0.17506955701964255,0.09035303346028101,0.11014925266175091,0.17833146003310585,0.07522409898312084,0.08301260550881713,0.0772423637388147,0.10331673386974156,0.10730089472472548
0.09506385808241764,0.0974940382106837,0.048740646902445846,0.11102273873492637,0.07641633706120114,0.2566032694568139,0.06330156734675223,0.13602467212441013,0.11533287208034902
0.1134625976451547,0.09867326275369324,0.05438554691280778,0.16297050899292123,0.060335835586771004,0.10609633991503427,0.0629725774417494,0.142884400445933,0.1982189303059354
0.1216836410323534,0.09861768967235045,0.060867323592582755,0.19561695141623114,0.04716288576477249,0.10468702109893428,0.06257381970924077,0.12076814899758516,0.18802251871594947
0.1457016689652404,0.07839081111217998,0.03717211427019474,0.1090863067558459,0.2628379246803049,0.08734362664228275,0.13790592636322882,0.07101025091616919,0.07055137029455331
0.11336098039586334,0.12657468831810906,0.05345471202414979,0.1490654237939777,0.05119360177167051,0.10922290500334102,0.06749442460427128,0.13223228802022177,0.19740097606839557
0.09246947801076096,0.17474697005439052,0.1374038088583894,0.15005663748584996,0.053459949700904195,0.13489914379175721,0.04373252338375372,0.1185253841875377,0.09470610452665634
0.15025591635003008,0.1283782901584324,0.05434508760692023,0.14635739024471303,0.07542907776122286,0.0945737474178527,0.06251501414062695,0.11705776261125878,0.17108771370894293
0.2729610411053523,0.07759547627479384,0.07710509951361554,0.1105479494882206,0.13726783331884243,0.0862232366548612,0.05144856880741374,0.07859653118874248,0.10825426364815782
0.10033826999656022,0.07944051298352273,0.05249063651828897,0.24011921111169773,0.050633095944455746,0.10448305450550367,0.06900441915443797,0.14592124891560196,0.157569550869931
0.10558238793844688,0.09706545291344006,0.08252238439719553,0.17887521197006417,0.051981804444518644,0.11338754833509286,0.06445909645762658,0.11535375621788917,0.19077235732572603
0.14311459347411334,0.09713713165244468,0.06215978472335521,0.1593325917297778,0.0516876063466461,0.10034220734595488,0.06148866919461574,0.14403998110651253,0.1806974344265798
0.09866251813024542,0.12992670575997942,0.09992155353741959,0.04922055743937646,0.20334483398754533,0.07621444009309934,0.06790293726648446,0.11089722871459247,0.16390922507125752
0.1047533200508864,0.10249756295514263,0.06470032203277341,0.17242078537230168,0.05987012844346155,0.13333751206164635,0.06696358090503059,0.12035752480736324,0.17509926337139414
0.12414013169607502,0.10452224015112323,0.05761958851441227,0.1536875912207373,0.05327941564798161,0.11632213824918984,0.06646915650763535,0.12621039658973146,0.19774934142311396
0.049772220567027986,0.05438364075007102,0.09649201019420432,0.15672416845057532,0.17425323939490686,0.20748026074981218,0.10330234644986676,0.0760670386221227,0.08152507482141282
0.09820537402500074,0.09198192206541415,0.06000614376583033,0.16680888110942083,0.17059523124017437,0.09754645450731413,0.07576423576257661,0.11608915264481713,0.12300260487945176
0.11491467521412191,0.10588391791922917,0.20338919913402384,0.035915086216670104,0.286895629799994,0.08103313718964017,0.04727440709911603,0.06565397954310988,0.059039967884094914
0.11266326189212995,0.10230128534903227,0.06825747438628761,0.15787684049235653,0.051621139673701404,0.11435911793772963,0.07102587947743576,0.1305742018551881,0.1913207989361387
0.20050229244833964,0.10235797056234452,0.04735325322280553,0.1083950886106882,0.08298140693496349,0.10282346204065333,0.07493663157703419,0.10353931719100118,0.17711057741216987
0.12433303840450251,0.09746473773164767,0.07418723372524144,0.142732715660867,0.056074012161925056,0.12348842884158488,0.06276449747331674,0.13346593810097596,0.1854893978999387
0.10984050041361075,0.09097102790705114,0.04609546607973094,0.23125762812929132,0.065830352436896,0.12925036381102986,0.054746705765766505,0.10894554321090509,0.16306241224571838
0.13290852860741567,0.08755888205078884,0.07142482932344583,0.12705950170983107,0.059362732741517266,0.10170917022381863,0.0627110485380983,0.16621742205558915,0.1910478847494953
0.10833696607723137,0.05374682566022946,0.16713671222258716,0.24127121602802296,0.11170900877123502,0.11225753684385771,0.0678370097365472,0.0783376731586475,0.05936705150164165
0.10758055303618848,0.07180590374155728,0.10699328145542115,0.08115037628357191,0.10853946433904732,0.22764995735553809,0.07800822986254988,0.09158987762760219,0.12668235629852373
0.1434313377266627,0.09467378299315105,0.053442340410082854,0.16360526320454552,0.07013332820029937,0.11384176096514931,0.08762326896839895,0.1368086441650121,0.1364402733666981
0.15778414356707007,0.17281961697315618,0.10262995471062575,0.0732593159651899,0.16558620074170846,0.07570399917364565,0.07690968502040472,0.08343346677820125,0.09187361706999796
0.08229492572778051,0.08496639647309558,0.03621385785603877,0.12361808623820487,0.22915002118975605,0.17944061842443426,0.06737086944443021,0.09151839006724921,0.10542683457901059
0.07929165195233893,0.09164321899277846,0.08307418840222573,0.20903915510689416,0.05930043346290942,0.1157162219329031,0.06958311676392796,0.10655741302110529,0.185794600364917
0.12120920164539517,0.10806745619404946,0.05012478870409282,0.14079012729276286,0.06964026869866678,0.12465530668987908,0.07040139153496047,0.12477763241330632,0.19033382682688704
0.04909340547650246,0.038813883975252005,0.08450667843124358,0.1853126111293116,0.1986434632775024,0.24787337928196726,0.06853671044287367,0.06761447324733423,0.0596053947380128
0.13112931485244408,0.1165508170595128,0.04861659771974425,0.13032835526375294,0.05183734164313159,0.09411985188063128,0.0956745595071659,0.14526370080496004,0.1864794612686571
0.046241864453384345,0.040935251081941425,0.05227275850263918,0.22232095452824432,0.2235647130415852,0.24391695342667444,0.06569246082562258,0.05948046331515769,0.045574580824750854
0.10178936487835478,0.12377528771531891,0.09104369062831323,0.1502244217837152,0.055359231203881025,0.15274811954642767,0.05249106926995486,0.11001566495850594,0.1625531500155284
0.11674186021228107,0.10454214835406532,0.07566703384905234,0.1534967238307661,0.06542921891785093,0.1101424867399563,0.06474290013242508,0.13207473223380076,0.17716289572980215
0.0936601786816433,0.09385875203066973,0.12740107355498684,0.10370039802591281,0.056435378278736424,0.20161601383856717,0.10570574522913793,0.11305547761121561,0.10456698274913012
0.09608022701205304,0.10794692400259787,0.055360941059846534,0.16577913574096972,0.06040162640049516,0.1309319358709798,0.08158744023683018,0.1045107722948078,0.1974009973814199
0.20563194269527477,0.10877574237251497,0.04928018272421564,0.10367427103089233,0.08837020485910409,0.11100580198123257,0.073071038092627,0.11501632819587872,0.14517448804825991
0.05158737809718972,0.12494003339020608,0.06856616209918524,0.04837653009550208,0.1644033374940962,0.16413082834419843,0.26390542565423125,0.0527150547489057,0.06137525007648531
0.1553817724019287,0.10801973684654602,0.03563652278878713,0.09378700003932966,0.09787164508042778,0.08764030858867071,0.11921118515186357,0.17355626753837347,0.128895561564073
0.11661089358867262,0.10569457600923683,0.05606571970689659,0.15662009320207507,0.05182757383453921,0.11230566774070443,0.0660524776120472,0.12874458930652172,0.20607840899930632
0.053525060231419126,0.052838978629616486,0.44639347266310175,0.05842987655380776,0.09604438996814035,0.06273296473747662,0.04479063987581803,0.10471901042832021,0.08052560691229972
0.10810570112321101,0.10459276139420448,0.05298436345799901,0.19590488451306345,0.050324538816898,0.10669262970170475,0.06403120788135902,0.12380536757466842,0.1935585455368918
0.06235285073372162,0.07091425662021929,0.04738507266473998,0.07790968815617068,0.1949351696979574,0.1041634288573629,0.2387597380763675,0.06411235861545393,0.13946743657800667
0.17477649799626607,0.06602374193063393,0.059553561983818164,0.05345244665335782,0.08860979667865605,0.13317361517753742,0.2679307362345515,0.09882638145348495,0.05765322189169412
0.14773621420228503,0.1204719687576925,0.05330675387886124,0.14422334173621773,0.04178473020733009,0.09420199966714222,0.10458934549131799,0.11939236307370264,0.17429328298545058
0.09244340065037153,0.08381958557525392,0.06335142659365016,0.08542931492446217,0.16368747734156971,0.28111329055022705,0.06252183917673443,0.07675438270018839,0.09087928248754269
0.11335151635280276,0.11743025651782209,0.050511844993031046,0.13890924491773413,0.08527298945995893,0.12802067998220387,0.0708178737374995,0.11726244214005833,0.17842315189888944
0.12036784511228571,0.11208178545971757,0.05689558080357996,0.15316020369394084,0.09528821748948801,0.10066437752483852,0.07125648827635477,0.12021707561124641,0.17006842602854813
