0.0839864655559938,0.06264606661098138,0.028815227953170586,0.15682585510071403,0.10968832820302969,0.12304668800122047,0.29483314920687215,0.04892344596437234,0.09123477340364551
0.17951628638411546,0.12242485593561665,0.12386593065643059,0.0446163918776698,0.10523833435351336,0.09837964833134617,0.04764041251263542,0.16247253417017338,0.11584560577849916
0.14435466784800677,0.09151210721056592,0.3335842785115539,0.061055676200338645,0.13494022119007795,0.058813991951955004,0.02253360039336978,0.0707343923800828,0.08247106431404909
0.10607984889412524,0.16678680783146269,0.0892742407818603,0.3048985527658962,0.09580659174316476,0.051255007439792444,0.06634451031892748,0.045506588267480386,0.07404785195729055
0.14079080590437412,0.08750525699671273,0.06554357151821162,0.16642825415644852,0.13686435706915476,0.05154018838505218,0.030355631304670377,0.18791401763707813,0.13305791702829764
0.05313361388055312,0.1462939273807211,0.014232408084028932,0.35115341515090864,0.05012996500861074,0.04721478927385984,0.2628495211717919,0.02618797101456255,0.04880438903496311
0.07397170390632,0.14633481985282526,0.006805252728084875,0.012450193758640031,0.08939809564783459,0.15019335756219085,0.39314979900569974,0.02264249294329086,0.10505428459511386
0.12354637150253604,0.032714065544248494,0.18195300327890493,0.10189448421685399,0.10363169936031126,0.13179430945975415,0.07930088369832261,0.13077763660801012,0.11438754633105841
0.15943234378027538,0.011305346250262381,0.09584772010529802,0.12418165346023939,0.12390841357425932,0.178011359691956,0.04119515217741688,0.08312103879721068,0.18299697216308194
0.06871678719425112,0.03587549995042502,0.04348708398957513,0.06874815626461322,0.06994978326966075,0.10117716880761525,0.3619605636205688,0.16919666841425304,0.08088828848903773
0.10415216582617659,0.014948451822120378,0.13771362029917558,0.06202385518874323,0.11598264458679451,0.09232762191914501,0.07183096516202335,0.27139533600731647,0.1296253391885049
0.10014523560680562,0.08278999273391129,0.13400442467016288,0.023677386460255707,0.08166527303682992,0.11717479846444467,0.295148504569424,0.08001041679022068,0.0853839676679452
0.10140959841072028,0.03853178024478421,0.1308796531027483,0.10317206076695877,0.09908348646344804,0.16963087401625424,0.18261706779588324,0.08346392171230767,0.09121155748689537
0.10714574690761088,0.020549581857922914,0.0975135131830236,0.02661535262956397,0.091248043320667,0.10126136364921501,0.2205457118840486,0.23336652592748883,0.10175416064045924
0.1385497578737268,0.09370926968100478,0.08700398241984247,0.10130038471071841,0.17532496497163666,0.1295913959088199,0.08804696236330307,0.053636358928948545,0.13283692314199938
0.07532884788671346,0.019651328876202512,0.009239536020104215,0.013679112225890681,0.07606015683820157,0.15644972898196088,0.5150953555102404,0.024306368258004783,0.11018956540268154
0.09735558490021018,0.0697302195941204,0.008534619269360008,0.027343183951024117,0.10574490643272054,0.08251727710851904,0.37829003056381866,0.10864704245779466,0.12183713572243247
0.09071648316142521,0.07025607769284718,0.004024268402928691,0.022778178980444996,0.08043338673633331,0.11298574124553405,0.5095936133417337,0.023113332478144604,0.08609891796060826
0.08141723179193448,0.10097099650045625,0.11779735277565978,0.2400706847278916,0.07617949831690672,0.05541318894494831,0.18160675992804234,0.0653666504437468,0.08117763657041382
0.09945093356921926,0.1099862231464724,0.10429167152427608,0.26505518162172476,0.11069945478499077,0.08008061197183702,0.02910987381289575,0.11240494685454742,0.08892110271403653
0.12432265469452723,0.0668517318428322,0.286762971769356,0.042510334745044086,0.10877238957639297,0.07599308820038835,0.11849555798396623,0.055747102805006915,0.12054416838248605
0.06970527646517692,0.0393222831515913,0.017503828282918146,0.06242160734831915,0.11086278801709538,0.14394484438666735,0.29613675746337914,0.14315827472533962,0.11694434015951295
0.16787119080618915,0.18679096309663304,0.11775795421434361,0.0824155511401528,0.10966744004071786,0.07226676219049503,0.0417026276285559,0.10767128917327674,0.1138562217096359
0.08422271575084998,0.029737489486105464,0.013011922562511992,0.3039679953065045,0.07460622597996101,0.09451878002033054,0.2710944829364568,0.04162034695038451,0.08722004100689511
0.10428847960917846,0.11345302529279411,0.08573933025277197,0.08763667896470899,0.10481005396404784,0.14954077156272838,0.21649516430534207,0.02031111098861051,0.11772538505981772
0.12237379636761725,0.053048128417051636,0.19520246577443542,0.010828013301093132,0.10228040685331628,0.19806951898578207,0.14856102441697966,0.05711483775810874,0.1125218081256158
0.08408182883955335,0.010711852345202331,0.003259059453163003,0.0368077709944993,0.07448094144638974,0.2215273710371152,0.363643041667511,0.07851686967725947,0.1269712645393066
0.11273796371534632,0.07905419941485817,0.294040285649843,0.13004614609266654,0.10166058330943971,0.05221058958221025,0.010709188731685066,0.13108883651551942,0.0884522069884315
0.08949407268459286,0.18066926179934825,0.030335553240442275,0.13549269690387944,0.11886443722401695,0.18502663189833093,0.0841467647786308,0.0973431386754066,0.07862744279535196
0.06961261171322806,0.07354384020515824,0.0645048778655294,0.08008381122173006,0.06925628634723824,0.15121292812631446,0.36950725570297394,0.02585316075365046,0.09642522806417712
0.09285468424897421,0.12885687741632293,0.07663453243895903,0.1488936577360618,0.09399489343813926,0.12362071693673736,0.12390834679396413,0.1129094640531137,0.09832682693772767
0.17523196910741237,0.04526083156267385,0.1654188621207181,0.16330606498640002,0.13126422079228997,0.09716891178501841,0.0192149070518068,0.09440397454155398,0.10873025805212651
0.09015351060684677,0.060889085667301085,0.38771646532487036,0.14728983040189703,0.12104820960224993,0.04912096980490146,0.03262199877196747,0.0165484608282236,0.09461146899174228
0.07949089743553088,0.06362336084890798,0.04973631265340691,0.012119711063292833,0.11786671472835959,0.1439014007626877,0.39477665876011914,0.02826856995819993,0.11021637378949499
0.10400215669749147,0.05052016688996219,0.049771093913264446,0.10031006831621526,0.08640707668523069,0.09168268017471289,0.38901075788908424,0.02660738935905724,0.10168861007498148
0.049994820633583424,0.0803285085404905,0.037292824291581386,0.0701635937461781,0.08548484832125114,0.1245948464180825,0.4506813053980438,0.03704457355322217,0.06441467909756703
0.08638366136342339,0.051504984206827135,0.007975958348192213,0.1284011280091356,0.08412146226108964,0.13040059036112692,0.3427901164270833,0.05679989544039989,0.11162220358272186
0.06622226522887244,0.3250711574062871,0.041381412559827864,0.04169260230123051,0.07631084219511365,0.12845918664540218,0.2241104365640787,0.018996823910113862,0.07775527318907373
0.11401886691050128,0.11382260884975255,0.10389557409545579,0.12896352756023005,0.12875081607624653,0.08592426928978936,0.11382387786017749,0.07132569755534471,0.13947476180250218
0.06704078867236263,0.03970044821525351,0.08388058356220625,0.03150797413247049,0.08142888151890383,0.08836742027952982,0.31444220082978497,0.13743007452465883,0.15620162826482972
0.08750097008797308,0.22837907031031332,0.1325997498621699,0.06637018360160049,0.1171870179906092,0.05493698389310242,0.17729286057155788,0.030289990010586885,0.10544317367208678
0.05270163588857071,0.02454913316867675,0.015302610042986763,0.10974673923791771,0.083295994551638,0.0823240766689819,0.5377547430880408,0.02402168635702942,0.07030338099615789
0.06108034879501889,0.06851202924806434,0.04018384886050532,0.1443822270662232,0.08037480120602099,0.13545882847326288,0.34808282001723184,0.05279530932680424,0.06912978700686821
0.0821452646720879,0.16722129801915311,0.02071463467146833,0.03153505223220484,0.11629320255748232,0.1337497552080523,0.30376508223052917,0.031039227377946354,0.11353648303107573
0.1157637261176257,0.12420523555640128,0.01417352204492574,0.30711161270333576,0.08211090118078225,0.06881044871055915,0.07794092886888992,0.11815315805331739,0.09173046676416269
0.10626254543415507,0.03233773145934785,0.025278654588302987,0.01606644048538598,0.08290941499002294,0.10961766097013768,0.47463554464495344,0.028893990048607123,0.12399801737908693
0.19340280569673915,0.06179076127825317,0.08236594446116184,0.10224650786500268,0.12375719592313335,0.09158114677320402,0.038776423231114736,0.17719302192963862,0.12888619284175243
0.12741664567425787,0.12850518136059502,0.06590359961917924,0.025115615955896602,0.10712121051947976,0.0576104218166519,0.13197068489127303,0.26519820067426547,0.09115843948840108
0.06900379356874498,0.012071090886981032,0.07167622866592327,0.13313308002386745,0.06882897937094555,0.06714334999437992,0.3467248759436837,0.14636797140882116,0.08505063013665297
0.06202548089036722,0.016872267578169283,0.00286867171052219,0.02609178083605199,0.07567017044198236,0.13485435917975355,0.5262057873925864,0.0560337786424473,0.09937770332811968
0.06379760915420438,0.005640330660498796,0.12132766822809767,0.027543879790229236,0.08930591989047998,0.09336369995722554,0.45737029297222337,0.04230917368533898,0.09934142566170208
0.13118420616814983,0.037325065956910444,0.023293347696963746,0.3216143355237679,0.11389902880720267,0.10223609738179458,0.043665823601953015,0.09766302685349237,0.1291190680097655
0.09414289879048669,0.19507603859860034,0.26876576722547735,0.10423790626645896,0.08644496857160515,0.01963810554592874,0.0355512530756982,0.13110072384677815,0.06504233807896641
0.07537741873300359,0.004892735790781674,0.016087012448695977,0.10497722862290988,0.07299026209791122,0.12833618338738262,0.4669438846580893,0.038675227378632,0.0917200468825936
0.10243996035383546,0.12038325874717132,0.08107045175625208,0.06707328133691684,0.10310091895861277,0.03819237422962331,0.07974113278994141,0.32254243167420477,0.08545619015344207
0.07819866540614052,0.0390161731147728,0.004481468937940076,0.036901900502708494,0.06887775616558096,0.1041979867605292,0.5284187218388201,0.06916746939468443,0.07073985787882339
0.062272618165186644,0.26129580814403225,0.09584466439734211,0.004239653007859606,0.0862621049597672,0.06811996521752235,0.081053364882497,0.19272700792882658,0.14818481329696637
0.05847889768061382,0.18981641645536765,0.041684497603894845,0.31726035178119555,0.0579676125073001,0.03290684826973548,0.04978579807400755,0.1961659285409778,0.05593364908690718
0.07425359109893857,0.05106683202270906,0.06146771894122771,0.05981847412468133,0.09691636714729936,0.13701474750478812,0.33741910331076896,0.0844594488836607,0.0975837169659262
0.15729388063418856,0.10911049134619265,0.08315142771092883,0.131780067858823,0.1395799304768032,0.1388710284835349,0.07975741035540344,0.08117010552001463,0.07928565761411083
0.11660964092149062,0.1628324060751671,0.021094237942384724,0.11073260654507823,0.08540772047652367,0.15454918084986627,0.15422724598777748,0.08409816798832037,0.1104487932133915
0.044379774370717606,0.05657909477939671,0.02270337147965419,0.09240380252161445,0.07032937279460279,0.16450794024799442,0.4150415218283206,0.0381673774635762,0.0958877445141229
0.17504362364073978,0.07311422813154565,0.0946641599759821,0.05902221876694225,0.133169333286329,0.09801042002183737,0.033075859387489394,0.22542273156847173,0.10847742522066271
0.15726332712606708,0.04903727155620071,0.1217107511951902,0.2139233175023223,0.11837692434026681,0.06068646107728052,0.03122735077484612,0.14966636750867832,0.09810822891914794
0.09613182755106574,0.06211189361503495,0.04362967450598976,0.01981276966359027,0.10047645713160498,0.19024586009759706,0.3664661952556268,0.022960837558364852,0.09816448462112555
0.12574663525258745,0.12414300969567577,0.15899272815290985,0.15847861722349568,0.11000256832078513,0.09378041683475151,0.028559620513538872,0.09345396605505459,0.10684243795120123
0.08102504596285376,0.12169821667767067,0.02361153732084607,0.039421760840995544,0.09230145756499968,0.14929026468562293,0.25779203291360436,0.13779138425160506,0.09706829978180187
0.1585453509244662,0.21022464878762945,0.06455988854125636,0.10339676053817841,0.16303761250291826,0.07640215342843805,0.031156212509929827,0.07934531249315317,0.11333206027403024
0.10089564071958042,0.12695318829622418,0.13352710939287135,0.24916386804212767,0.1125075883819238,0.06819791247990369,0.04302719616488257,0.06349702712800355,0.10223046939448273
0.0986981039676943,0.08019855449606203,0.055213451731339354,0.08243848104780664,0.09603904726911981,0.11812431428573948,0.29807220214056085,0.03320721373984097,0.13800863132183658
0.08240809790237935,0.17758842155913857,0.23393235983480198,0.1868379243909647,0.08653345945391815,0.03425182602830312,0.04441631273952066,0.09615251927906959,0.05787907881190394
0.06351169014055132,0.12211974306512524,0.15843453062733115,0.030420612525856316,0.08564042373885171,0.12193328850658786,0.17907655224338695,0.17000682736104036,0.06885633179126913
0.11940962200621923,0.15158796448999198,0.07667843330629694,0.09192020681232738,0.14046208818139339,0.08859650405820056,0.07771935096972653,0.155722152614797,0.09790367756104706
0.10294808651239769,0.08737428225248461,0.4093311644038035,0.10008368472978259,0.08430844109250686,0.05447000118066389,0.010885070025919806,0.0651882052141169,0.08541106458832409
0.05034773204558129,0.02238139302006287,0.0297028191564575,0.08886241595365274,0.07448319525015305,0.1410703738194795,0.49280445271062784,0.018010120058777324,0.08233749798520783
0.08197978094826823,0.02794755831736229,0.08099076291693068,0.1995436179906939,0.09211356231555352,0.15158094980426928,0.2703878115628097,0.022457868618440364,0.07299808752567188
0.06931541712415455,0.1901761860519812,0.05496221810830031,0.07847710208111999,0.09188897783971062,0.061265122570322905,0.0422129338408749,0.2796878615012199,0.13201418088231567
0.08200622923759944,0.04377624375970901,0.11325397992302012,0.061690563601071495,0.09768390819682159,0.07855907121409528,0.30889807980391437,0.06838689330631777,0.1457450309574508
0.07490958324512496,0.08817066446382577,0.06767647697247467,0.24380121568126403,0.0854109149181671,0.07579052704144103,0.05700546836133615,0.17994344129511206,0.12729170802125422
0.16556239209112686,0.07909586842058963,0.06044383920496884,0.16522107652781212,0.16809605808265202,0.09241490270153517,0.06708262126455866,0.09589628203665951,0.10618695967009721
0.13869032464049907,0.03343037080218128,0.12684549661563774,0.036281675091665605,0.11247452278802184,0.07995759936734063,0.022091478695366446,0.3329893455768616,0.11723918642242574
0.1062037943458951,0.04514629302306857,0.003929390476049001,0.09949141794998022,0.08340014054675889,0.15244158195300278,0.41766773735049334,0.018636848452684825,0.07308279590206729
0.11545712911743618,0.057636269594787674,0.17496043775309789,0.017676586174829017,0.10169351101750417,0.11885789103055676,0.27011365332946075,0.03481452533551719,0.10878999664681037
0.11959670595783413,0.17324004823508224,0.11326680861217658,0.06944729653801325,0.13799976617003004,0.09439052320123316,0.05205748183790051,0.11847306077631832,0.12152830867141169
0.1472157797125482,0.033641260313443895,0.023494126830946527,0.04513808499190233,0.11220345056337085,0.17788033662015124,0.2539721338304637,0.037682417045953036,0.1687724100912202
0.10605424842503065,0.35106553355028797,0.034134570486606224,0.046489781876867135,0.10015072598887524,0.060084474034883296,0.04850915289218067,0.13122247522956454,0.12228903751570415
0.10539921076996106,0.07400913179214241,0.2082669209348715,0.29002980540544915,0.08578717771074533,0.058338332787725274,0.014575835175581803,0.053846520879818706,0.1097470645437047
0.144595133156085,0.059726896002692785,0.05931102459575005,0.01992493618310635,0.1500618202986569,0.16352444304490335,0.17744773876881495,0.09928657108433685,0.12612143686565377
0.1472157797125482,0.033641260313443895,0.023494126830946527,0.04513808499190233,0.11220345056337085,0.17788033662015124,0.2539721338304637,0.037682417045953036,0.1687724100912202
0.06901784705355622,0.05412434517374157,0.0860378747447151,0.2521753501697863,0.0953815904781559,0.060378458673524815,0.15258872448738525,0.1383052728069015,0.09199053641223336
0.08239285327456734,0.15272601107134973,0.031774048291086356,0.04712955918853092,0.07427248709272814,0.0803839766975247,0.4222081469146972,0.021710725178744405,0.08740219229077129
0.096171279872785,0.10491457956533119,0.24318597414805257,0.08270098926404067,0.08897803654799659,0.07601265268066347,0.05220598690978686,0.16607319792674927,0.0897573030845944
0.12372225211307426,0.13258090594898272,0.1976465610815937,0.24948529996421318,0.0888996998332926,0.07599554742679548,0.00706106582030844,0.06104629280318261,0.06356237500855702
0.07422351438744235,0.053648509501782154,0.014450517017649616,0.04111968352079481,0.09597161096781169,0.09846387622411511,0.3091456625170406,0.2296575978534239,0.08331902800993968
0.04920784985040192,0.16358541338181562,0.09949200135869903,0.24697870528685983,0.05308642246871522,0.053123762066038076,0.1777585641533579,0.09841574502304273,0.05835153641106961
0.04807406504039485,0.026375919582530633,0.006293387542833238,0.19151713682030405,0.0613733339709999,0.14770928468271086,0.42588915444292236,0.018392383299279738,0.07437533461802431
0.08417772917032128,0.289748588514639,0.08655298487450251,0.023021025341474533,0.08811371286337026,0.07025477938651117,0.13875649659565095,0.08057098906804745,0.1388036941854828
0.09830766515560896,0.06690628151971818,0.03185366583048895,0.05128109231569595,0.10531339952416714,0.16727057706902007,0.27474827245185435,0.0739406230735064,0.13037842305994005
0.1111943562687245,0.08962473979132617,0.14506523888202502,0.07831366401718229,0.11223274954246472,0.09433985478858065,0.044774188473296284,0.20908644535923718,0.1153687628771633
0.19305315536921863,0.11226469625674777,0.11023014517477155,0.0474704872370369,0.17013846495982754,0.11520715334446992,0.041488651365801286,0.0438900176671873,0.16625722862493905
0.07839288746787765,0.04991792529519507,0.19903452797161172,0.09230485356909539,0.09498626122417535,0.13267965070178173,0.22350181643853825,0.053202238272105,0.07597983905961986
0.10708597572633442,0.10719150649875199,0.15208650213056274,0.25109478192327894,0.11363861664430142,0.05219146684157144,0.05243497788391138,0.06875744783846897,0.09551872451281866
0.1343567460451773,0.07834232670971814,0.040815187534011234,0.15327602610082067,0.13685724087026285,0.0794920138205057,0.032257846399448176,0.21025509815580823,0.13434751436424783
0.09333674269934818,0.07766136112662292,0.029545419095650925,0.22412926628485555,0.11334101123198337,0.0783728747620574,0.18147230112147694,0.114183486291155,0.08795753738684964
0.060212843943985385,0.05944520700721806,0.02718191426866699,0.19035663022102944,0.07881136973387677,0.08307756202180472,0.3170712879081586,0.06181181591860794,0.12203136897665201
0.1416363048553197,0.03882096520969955,0.26304477870501025,0.09318793958337292,0.08869244507877279,0.043946923667349126,0.029856443375248166,0.21706596822854118,0.0837482312966863
0.18792979366200283,0.04003809787743574,0.12760538242307207,0.03819317069231957,0.19421687561219583,0.11479576854619855,0.024435595405564253,0.11717775030321011,0.155607565478001
0.08200048371464437,0.09831184492238937,0.01659735818313725,0.10214847856964177,0.09296694438111068,0.10453633958886648,0.38730778925085946,0.0327051111490739,0.08342565024027666
0.0401244828447509,0.10640417163742667,0.007569015018245421,0.026166745093395255,0.06500341407317951,0.09342913174316758,0.4415525385063188,0.10017554588728957,0.11957495519622623
0.03855790554415306,0.009786642158397382,0.0008586920689280732,0.17027852468817195,0.05723093561289377,0.10839853385328473,0.44152165644698016,0.09410985504829887,0.07925725457889206
0.05670428695244522,0.2054542294755967,0.106608083839366,0.1699066806252751,0.08103103541818481,0.0404223567415954,0.04022036329106193,0.2136141963426633,0.08603876731381153
0.1217679347314758,0.1679741430457806,0.06947274550019361,0.26210184652303065,0.11102754554106709,0.08485356394342336,0.04366513854623889,0.055015763539735175,0.08412131862905492
0.1557173825259909,0.047533080347455424,0.017199512943092913,0.02463794598425305,0.11916523973187854,0.17904700583339342,0.14074727926232772,0.1979275326448843,0.11802502072672381
0.0847536525688301,0.11369189246446276,0.01813277852347213,0.16166985602543646,0.08970981722416338,0.08410504668542046,0.31699520293970934,0.021995936724650667,0.10894581684385475
0.07921341853820667,0.08954627495126631,0.05964606113492212,0.3472518436216876,0.06996430933166253,0.0480319114289862,0.009056905172721426,0.23327996191379627,0.06400931390675098
0.09958844989801015,0.013970113827983426,0.06488611859568677,0.1851319700556042,0.10609294659569447,0.12881598442687506,0.18353756317927641,0.09268053686044096,0.12529631656042853
0.07430700062019537,0.1316264905657267,0.12788682240672708,0.16003990272035942,0.07992689374502675,0.07390200961186959,0.17926434266700608,0.08699552915579295,0.08605100850729597
0.09893788333213156,0.18717850832160624,0.310377425426263,0.08308006112814635,0.09521987291760088,0.04472834515692878,0.005419282253029316,0.08251134718220587,0.09254727428208803
0.15938666173424035,0.029606514454325186,0.18152830221000063,0.08185777702897389,0.1639553097327308,0.164042551859613,0.04062046680086937,0.08648095174925167,0.09252146442999513
0.10319201510954568,0.101154635520791,0.02666799830042951,0.42379690341515447,0.09009188148656168,0.04265898130354528,0.08749191975690529,0.06240184481521908,0.06254382029184802
0.1376871182235978,0.06650023287020741,0.039892736353155225,0.21376042017656047,0.10978348976523089,0.06604502038061999,0.060306290793225505,0.12560976498675824,0.18041492645064452
0.10449955015704852,0.2149204178484306,0.052456015700220356,0.170655040053197,0.08170756659063812,0.04878010378539686,0.016222045651917802,0.23076175430409548,0.07999750590905523
0.08627094800752912,0.37156281261687024,0.09020577301148351,0.05413273572054355,0.09551118091343845,0.061561428581284376,0.12357673987335425,0.04739620759852544,0.06978217367697102
0.10428756952199979,0.033853903499558115,0.03536565532243275,0.013513432071313025,0.0869470952833667,0.23149037545417264,0.3697065631553807,0.04731373475734104,0.07752167093443527
0.14284413211188732,0.11575446914447418,0.05165251870600446,0.03999027423362162,0.17378471971214218,0.11859444644898816,0.0555470425985145,0.08320421094663784,0.2186281860977298
0.10516253502499956,0.14565320567985382,0.0240325791960173,0.044474999686445214,0.09792327108329942,0.1898164365691429,0.23090443175304273,0.03233506887040723,0.12969747213679192
0.0860511393337875,0.07056491548159981,0.20704575107578482,0.19522793303250444,0.08021179571623806,0.04525114322182816,0.14256488939448617,0.09806248785426634,0.07501994488950466
0.13568512009955408,0.18255023193404107,0.15548964302475846,0.08132051958927605,0.14433315708129846,0.10564236188364078,0.027042015500681808,0.06988002248152134,0.09805692840522805
0.0762611228346894,0.024462738579422022,0.05987604473813629,0.1107719358770697,0.10076541556303446,0.07725343347966242,0.38774248761515384,0.03155145202944256,0.1313153692833892
0.08453071467871291,0.07716214474231345,0.011723050686711376,0.03792945917966387,0.07033074098208543,0.04656331772689425,0.5358069916135307,0.049038129416442984,0.0869154509736451
0.09264185900557052,0.03311664448179522,0.1441124976501407,0.0439674966831371,0.11069231061316336,0.1190039856508504,0.33269775869938994,0.02437881846792098,0.09938862874803178
0.1319617623884488,0.011837232596290199,0.4372704928795426,0.047341387391919565,0.11391423763777708,0.06997181571637015,0.012541785801179131,0.05965151772065779,0.11550976786781464
0.05034486967192567,0.053455706104877154,0.044363953877916806,0.3630697802169762,0.06191138141074607,0.05055187437202888,0.07640858851250092,0.21917258455536115,0.08072126127766725
0.12794913230368987,0.032593283330132845,0.16090903416261104,0.1325682751577123,0.1297702603181806,0.13715205171757605,0.01708598579093273,0.13505168016199554,0.126920297057169
0.12402100482449079,0.04291073447058972,0.033603313235186165,0.029034781546100463,0.13268149286422506,0.22896567435571624,0.26056733631630163,0.043908154330570076,0.10430750805681992
0.08934132997306211,0.19345589019253265,0.13354788166716544,0.15585271531820943,0.1282593612646292,0.04721662830605849,0.03938364995917709,0.12027501809831681,0.09266752522084874
0.1307586841398268,0.06580848286814305,0.03680496183957013,0.0775978435307663,0.10346173982060071,0.12639428924671456,0.2269145660582068,0.09278768263044068,0.13947174986573088
0.06113640375499005,0.03797341039423283,0.03427624369396561,0.011397079902675945,0.07925338741459347,0.15520531944871654,0.5266707579161182,0.022503421147863436,0.07158397632684385
0.07593232552886953,0.08622733998590172,0.3266998505618648,0.1366501745880844,0.07000263522140303,0.049053101762432806,0.062081732680120426,0.09860501246968396,0.09474782720163925
0.10790421081047835,0.0202485700754318,0.014147521735954802,0.10576145287914256,0.0749202713805065,0.08561921682253826,0.48703504886498816,0.013708389556642187,0.09065531787431745
0.08198256407277994,0.23508841662981228,0.18707689626355503,0.16561435782153952,0.08479956706163522,0.02731972958147401,0.008684708552320536,0.14024080318980145,0.06919295682708208
0.08388816829560707,0.1420215559069161,0.3208321761158661,0.1580845451659952,0.09099594545217399,0.022211495526031536,0.04083138755527218,0.043288923985638744,0.09784580199649913
0.1110565734619582,0.0394568547830818,0.03821040576715153,0.05546192667472674,0.09575543929742995,0.22751360038556157,0.32284414633857583,0.030686720492854504,0.07901433279865996
0.05849087905825778,0.1929840139975095,0.1576198130645212,0.14844687185427521,0.06970302976987049,0.04845409116393674,0.21398819503980918,0.014309371784696137,0.09600373426712376
0.1272742804642307,0.12078919498962086,0.3138552116520669,0.12426003769400867,0.11118851086526908,0.06684091616802999,0.017579079095067823,0.03321523146120781,0.08499753761049823
0.09106777050514754,0.17440894564498502,0.22831262403261401,0.17647791825088663,0.08497958386535809,0.03903932383558453,0.07041059404968793,0.02172881052536797,0.1135744292903682
0.08867528118626267,0.02091282611100311,0.11778846677820896,0.1050638713299405,0.07497713851579649,0.05311470811046697,0.04576786966582017,0.4138355237299905,0.07986431457251063
0.06584402713580272,0.09591674588962375,0.004443916328346141,0.11632745765126627,0.07380867055086109,0.12153815108374467,0.42053806010671924,0.011724355739789865,0.08985861551384618
0.08525888604571864,0.1150902814896954,0.06534047616072548,0.18024556969619585,0.07678335828445028,0.08422708506357086,0.24066732344133415,0.06000171786374411,0.09238530195456518
0.14353403242567964,0.10355811571755662,0.08028297126029194,0.08163003348229632,0.12722178237130227,0.09622562633404201,0.038358025337367194,0.22084154815739196,0.10834786491407207
0.05805817297091953,0.07047505774765359,0.01877600232080236,0.06587147742736907,0.07786617988104533,0.05503714429125329,0.5006121963099134,0.08831024447224121,0.06499352457880224
0.10841910473401402,0.04044113540751889,0.06976130260555918,0.05644142542372619,0.12725857981603442,0.0661997700613196,0.08932958568864618,0.32784927830842187,0.11429981795475974
0.13342360413470558,0.07935543217750753,0.0857351924565754,0.12654931228304253,0.09923573714747362,0.10325282090471877,0.06167954304851542,0.17498567259502704,0.1357826852524341
0.12168058329554483,0.2623374720870984,0.04131641795728913,0.012716034149645812,0.10171088567451346,0.07430992260106227,0.11465529381601441,0.15523948802446044,0.11603390239437116
0.13270479099961724,0.03471751007885945,0.20591580734018788,0.12023632042205451,0.10596407579132955,0.05640794211753871,0.042437725698588724,0.22017220376977278,0.08144362378205117
0.09218415177226846,0.1053792260285784,0.07540525991951356,0.0495294044866278,0.10212141230623561,0.1488804978976088,0.2622713919670675,0.05317725817378072,0.1110513974483192
0.1477871094774607,0.06051906981874794,0.057847052680834926,0.05281452875252715,0.14392879943670736,0.09331733114401468,0.07467736266328677,0.26521488592649867,0.10389386009992173
0.09664519171616652,0.09867959568534314,0.042588585919075356,0.062449136773125115,0.10835818773740201,0.12671872626174574,0.3023500096845868,0.07762261412365877,0.08458795209889657
0.10380290965699661,0.040280730362786184,0.0505825031337355,0.07103351904109241,0.08937502384524681,0.15376972560744234,0.32172923212435783,0.04269829155321072,0.12672806467513167
0.16675063574190827,0.07013636387835344,0.06378209751328352,0.2427120809780735,0.13020440525675037,0.04922359642858165,0.0781921362678951,0.061838190456424226,0.13716049347872997
0.0828457548743298,0.05760616886701848,0.06550766080923538,0.06196301861872896,0.08765920401555143,0.12445244357673513,0.38837150086003075,0.03702564934283731,0.09456859903553279
0.1511333202882658,0.11240706885935924,0.06247293973579024,0.044426279377865925,0.09861993257438978,0.08405404492125779,0.09386963018790816,0.22892923067538098,0.12408755337978213
0.18992496694380037,0.0625814465642721,0.04403858465608371,0.09694811239288988,0.11733785121111916,0.11204053616957432,0.11489826075460469,0.10617215172633232,0.15605808958132347
0.07418140249496154,0.10025443738189181,0.00937892765683906,0.04478864837734655,0.1069485371774918,0.15675248631653893,0.34878887599546865,0.03011847501364198,0.1287882095858198
0.06187581781079308,0.07799162331061593,0.014846990206700947,0.04407475816717162,0.07265877591981446,0.13507900734223818,0.5020375769435125,0.020455568272072164,0.07097988202708107
0.10617649755679541,0.1680493028516731,0.032612711870162035,0.072976217684113,0.10285732856168135,0.06176228715504458,0.09318162923019675,0.24271693949405795,0.11966708559627592
0.12342698570938321,0.1901645801843311,0.2706276235926352,0.06480098531509805,0.10853101775005065,0.05335193451115116,0.018297771656134835,0.08255891782492726,0.08824018345628855
0.1367377848243876,0.1140217402480877,0.1279205415817756,0.11887352374988898,0.1087579237689883,0.05704824182859011,0.1937247192676915,0.04975248558613582,0.09316303914445452
0.13485278677169857,0.01854720396662478,0.019670104938294537,0.01826669178939967,0.14929510897577872,0.18888888703463413,0.33945019741909016,0.021610900101324687,0.1094181190031548
0.1224471167844154,0.20344403416489765,0.24113804930404623,0.05413315880323393,0.1106653078231364,0.06397407552973498,0.047089436144364914,0.027728780284971815,0.1293800411611987
0.11540141321947013,0.029036535444865192,0.048021249243362506,0.1973952529598558,0.13315766426585357,0.15087836309260838,0.11800544386577515,0.10062028880318037,0.10748378910502891
0.10934936170535481,0.07954598717272025,0.028266062393497327,0.035684813896862434,0.08556167053353562,0.10554037525924109,0.4146223555390698,0.07169493066737247,0.0697344428323462
0.10068369802765108,0.03944945123406798,0.03212815133299677,0.03767748507146678,0.08493924564214038,0.12665241424141205,0.4666514810433952,0.02407105622326613,0.08774701718360363
0.09499648460155267,0.20439707922728856,0.07778996511938376,0.0789749385328578,0.09106098107223344,0.05962303926454763,0.029850576222827663,0.2711444518148202,0.09216248414448845
0.10790421081047835,0.0202485700754318,0.014147521735954802,0.10576145287914256,0.0749202713805065,0.08561921682253826,0.48703504886498816,0.013708389556642187,0.09065531787431745
0.04990838194246616,0.05773631828550183,0.007274452373318227,0.1300780256810571,0.07248292260736348,0.1502348943949177,0.373452792040691,0.07854866226886313,0.08028355040582137
0.14420104354638544,0.17057062705489864,0.11721422263019088,0.1100164999937231,0.1441328876925033,0.06266888244535072,0.0260314348401586,0.09452913839479533,0.13063526340199394
0.05782612011774326,0.009441663652098614,0.011963288768723058,0.1263800118490823,0.0813218587171282,0.12525022447389272,0.3677896037226874,0.14785658433559498,0.07217064436304942
0.07478272255421826,0.00845526104366059,0.01590493322899721,0.057034392403090835,0.08234777698856875,0.12600325252897399,0.48811307240214213,0.07389242665239869,0.07346616219794956
0.08516125443547608,0.06749491576497059,0.035168340011737985,0.17097613446575655,0.09694170062732693,0.1390225919902817,0.19742005282606648,0.05314626875956414,0.15466874111881962
0.16949140924477793,0.07331189374078623,0.11673976783262856,0.10568774038928419,0.11555136595493204,0.1441281984707368,0.12261611070315437,0.05545928228802294,0.09701423137567698
0.06573157405718862,0.15346804895780777,0.016086903870220635,0.09575221956591039,0.06942249711672303,0.05554893209349513,0.4320488882676332,0.03721298326747856,0.07472795280354273
0.1593185411832575,0.09473327656762924,0.11051163564087758,0.09069303763772694,0.14281653560017993,0.10661319072826321,0.03224276886529087,0.1552183719430449,0.10785264183372982
0.113332956695392,0.02402160491066213,0.35811898116058444,0.024347507628863826,0.11525114714633859,0.10405196984624643,0.06230853618082797,0.10438059220464706,0.0941867042264376
0.08319376038361125,0.2372749708276248,0.2273948276005602,0.1630006219987413,0.07508756602779626,0.0386449823338169,0.06737596501614805,0.03769252692203534,0.07033477888966597
0.05412304361961224,0.10357484810534705,0.029359056172643647,0.09453018389336136,0.08525819765782254,0.08384888621318598,0.39836812915078185,0.04253873977537975,0.10839891541186565
0.13181185532104048,0.14886774294873995,0.08576870275074854,0.07041313456562327,0.11225162746634992,0.057462374872222825,0.02029936924438486,0.2674429123899617,0.10568228044092846
0.09333674269934818,0.07766136112662292,0.029545419095650925,0.22412926628485555,0.11334101123198337,0.0783728747620574,0.18147230112147694,0.114183486291155,0.08795753738684964
0.061288400522700515,0.021848650425726326,0.02222759170569337,0.17468465008651102,0.07314578329122019,0.15175711040254938,0.33760008916033524,0.03363651921929654,0.12381120518596744
0.08112131962705425,0.09339583149590124,0.015839572587802164,0.04748685869305022,0.09191500899194467,0.18027342316227946,0.34384392012694326,0.03924164508057688,0.10688242023444783
0.115645621482543,0.11128904535729316,0.3563275744276722,0.05987639989354443,0.0841486554835398,0.08480731005742566,0.03351592523170986,0.041584240588486275,0.11280522747778564
0.12196864953741476,0.10526714251117408,0.12903230852383984,0.008795691971822374,0.10664776404971847,0.10709442318951916,0.2426904905173052,0.04994594021841368,0.12855758948079246
0.15397209238603748,0.01591076316512749,0.057982385799854985,0.1231004530585968,0.16637788755314628,0.23885932474648275,0.025051965997951568,0.07493951093257105,0.14380561636023168
0.1130360384927847,0.24115210334696546,0.24175898688158284,0.027763574733243743,0.08921811723479782,0.0926425912191388,0.026110626393678827,0.08042371568832977,0.08789424600947808
0.13513554714475523,0.2512265735754668,0.04760657944834366,0.11877390378054185,0.10990118352216087,0.0617664092020744,0.07257282238474773,0.10734653087242696,0.09567045006948259
0.09123312571668697,0.13092086909881598,0.030626603838247075,0.07616279775125075,0.10197664709772414,0.09833043612608848,0.20138658315607824,0.13204530711657853,0.13731763009852993
0.13673172147355972,0.12128269690349668,0.052778857412751755,0.02094599864639456,0.1281088872537337,0.21843426119059473,0.13491095893484262,0.0536390359611208,0.13316758222350547
0.06838172957808697,0.04078042361872293,0.08177152147504685,0.29194792756940907,0.08305394965633058,0.13019301581006187,0.12398554237194158,0.07908179205411235,0.10080409786628779
0.16164459800449846,0.043870471083210544,0.07867129621405433,0.06361297436104259,0.15305666513266106,0.210499187989634,0.025547974614146124,0.1278227803153338,0.13527405228541908
0.09149007646174856,0.012896823356138995,0.05133289614009856,0.008326656016422847,0.08675190381529994,0.08962003785507662,0.5058308350660693,0.07693255317777646,0.07681821811136878
0.12799176635588685,0.10108856034655893,0.09380215032705387,0.19570365057247976,0.11578697145602161,0.08231770238151291,0.07712345735184024,0.09589645652588907,0.11028928468275669
0.09277334028839583,0.04767716196393932,0.00829557356969419,0.059918529741604144,0.08633714783903101,0.10450161535443642,0.3292080349250159,0.1362418482658517,0.13504674805203154
0.08408205415337233,0.0269023872711379,0.03910467849069209,0.10166790082859879,0.08510250701943185,0.1851756556177111,0.25460855628554124,0.08831592907615561,0.13504033125735918
0.1162518940251101,0.017398010873249915,0.08824855983872015,0.10534804813265934,0.1557208039513786,0.18638067906951197,0.12606926211272212,0.03234955735114336,0.17223318464550444
0.10857839063399742,0.020569278387636846,0.03141013703619523,0.16831004509645395,0.13896078842575837,0.2139844391962018,0.04609006603738075,0.14160228745496464,0.1304945677314109
0.11158527349554392,0.11732855483319964,0.06944127872552101,0.2999807445316538,0.07966250157667747,0.039436649054744435,0.06974488655805457,0.12091953372289625,0.09190057750170892
0.14754870342372503,0.07665372197100351,0.022904920875610146,0.04605665136826972,0.14587641666907628,0.19982708157613935,0.20904566630918317,0.023404674854460805,0.128682162952532
0.11090699630122842,0.11762483392307882,0.05941298605093894,0.12345875693515741,0.16296404956897653,0.12087574907349889,0.16486130195531085,0.032811281721503265,0.1070840444703068
0.12498056468367331,0.2866693859194735,0.1221521405759401,0.04092176292979758,0.1222024362967548,0.09637499296128378,0.044780496789028866,0.0564978133386314,0.10542040650541662
0.11118827843590469,0.019851341407033977,0.3863918161398061,0.10809760538563623,0.09051898131419893,0.07331670874056788,0.020770612564799878,0.052905140033959,0.1369595159780934
0.08879107214502376,0.08080074832995825,0.2858192733624112,0.2344140272048837,0.09263093286117845,0.04882840149848125,0.0057584944197250935,0.07992098433718332,0.08303606584115504
0.0522755927079745,0.06127670058590606,0.004133985218435865,0.45470220257055044,0.07032080203868225,0.10364984209025631,0.14628423447515845,0.03121349253189311,0.07614314778114305
0.152215444566288,0.07270744500177888,0.028688751778446153,0.08365423975976659,0.15176590895449063,0.08196885068338255,0.2608377616632769,0.054792091268478914,0.11336950632409137
0.08882115073128592,0.010676200833911012,0.005867000146829156,0.00939142391231146,0.08822210775685779,0.1720408806171215,0.454391227041304,0.07818637126008257,0.09240363770029657
0.06771155416722065,0.09968677871367192,0.008230368778817011,0.051609845901089156,0.06011657305461992,0.08594170606099122,0.4543637638330151,0.1158503009534348,0.05648910853714023
0.05485883526717413,0.02812588105617757,0.004481993632558722,0.21772142502252814,0.06776552111225598,0.14510425513456124,0.36712526965913345,0.03571915747356092,0.07909766164204977
0.1267909129533378,0.06562208312541222,0.02679123051916105,0.21589904193067774,0.12539650615847012,0.1273262983378273,0.06880796938318645,0.1293381995105688,0.11402775808135857
0.1143250750519214,0.16142574814524394,0.2481039445521032,0.015949961299387524,0.10096923894188081,0.11052028739927537,0.09575230277494227,0.04106988635876994,0.11188355547647559
0.1270323643256739,0.04938085946948828,0.03554534035232053,0.06425933352114022,0.10895720116967265,0.21791409429305408,0.23552702782356327,0.045497214364901895,0.11588656468018521
0.1255629559179271,0.10481476995094081,0.3112082529983921,0.04233732170514981,0.08677717300653198,0.04084905050297046,0.0101984951668491,0.19838063358386457,0.07987134716737414
0.13038621912869125,0.028244981863640856,0.04793875994796484,0.06420523694224102,0.13327422936166067,0.12782002610732568,0.2269680025660866,0.07069865813098115,0.17046388595140796
