0.10417171692935268,0.1372614076334715,0.09996962984770962,0.08875356320659533,0.09811184743093186,0.10796527251790661,0.11375516501788463,0.13379760194491244,0.11621379547123546
0.07039935392252855,0.11463932643002073,0.08880835938750815,0.11280689528149879,0.13421608908892144,0.13539091916435742,0.11716158416461554,0.1204284956704232,0.10614897689012621
0.05472828959970218,0.12187163943909037,0.2113440944243494,0.08692492366183918,0.12360521415562525,0.10550207255810455,0.11817945547285674,0.08893848667246013,0.08890582401597225
0.08080216539845217,0.11159589363713751,0.1853883354107945,0.10439828442289112,0.12550609213464017,0.0978317014193633,0.09970664023624241,0.08962394798168404,0.10514693935879471
0.07319479265194889,0.1605701243610849,0.22771942367876363,0.09063644636202417,0.08657048647367986,0.09394060665121635,0.09523690558794133,0.08366625481873023,0.08846495941461059
0.058953964021829765,0.10378252798635311,0.29238577592555753,0.08614590256191085,0.11948300335368149,0.09539976362597365,0.08605908654132126,0.07426686702696567,0.08352310895640665
0.0641127949313572,0.07910489854844521,0.18564712525866486,0.10453362379814983,0.12315092020020435,0.10295260298607273,0.11644302200034895,0.11709237374970323,0.10696263852705366
0.0728558509776498,0.14622474310361286,0.18429462033620306,0.11100337226359003,0.10292239430715798,0.09915832393000355,0.09326839264823199,0.08763171445155632,0.10264058798199442
0.1336080195570288,0.07775339073542396,0.24868643266009016,0.08183563352743616,0.09859050943754233,0.09494344815684057,0.08449226012031053,0.08602063513809659,0.09406967066723095
0.06148891675104601,0.10138123945712019,0.22214769897318187,0.10192811640109882,0.08154269129051055,0.15345726562076634,0.1127084862796775,0.08235916032551042,0.08298642490108829
0.04753127251343331,0.10948609946487009,0.22881373690950157,0.10300618838342945,0.11240173418665976,0.09854343226744873,0.10462958485166106,0.10598877366184455,0.08959917776115155
0.09570024101262369,0.10379959055014772,0.10460248505900716,0.11971588496232144,0.11058803061928223,0.10815067986329717,0.14248588195945291,0.12112090213418963,0.09383630383967795
0.09090864674501338,0.13759236047200316,0.1829439666279784,0.08725845450738486,0.10230405651878456,0.09791815105920476,0.10084455711691143,0.10321706893913889,0.09701273801358061
0.07241230938743318,0.08806162091618404,0.07067835497561013,0.10437184847624048,0.11603804895124066,0.12998633537175472,0.12212339463445991,0.13984173937557845,0.15648634791149843
0.06406555569502347,0.09438217365933972,0.10556231219075791,0.1353940081596425,0.13286144472554876,0.11860933154774989,0.11800439863747969,0.11407077095288776,0.11705000443157036
0.08203782331539193,0.11659107560160725,0.16645861288524283,0.10169856511065456,0.10328841572193502,0.11783374341896269,0.10055397861185288,0.09547374819935206,0.11606403713500078
0.12609029348602674,0.0877528020529501,0.07967932192558362,0.11475738333909641,0.11569489415147836,0.14531431048551244,0.11879933698539862,0.11220830711542258,0.09970335045853113
0.15785766040396634,0.13177883634698953,0.11327493500835735,0.09665811373765869,0.08486335186687916,0.12420643777337335,0.10113399924598694,0.09457496309626794,0.09565170252052073
0.22476401251182207,0.053106038825426936,0.009472520919879927,0.11258385507651707,0.09606525884963564,0.16504164477108416,0.11978556908474107,0.0999207880383403,0.11926031192255282
0.06871148711755294,0.1153281531497332,0.2033995963641957,0.09389290256654992,0.10583922438512466,0.11540292985094003,0.11595102795093819,0.0813167473670866,0.1001579312478787
0.03956982705129459,0.09770287161460724,0.36815511914720517,0.08387317180745119,0.09698282303541378,0.08000981750812304,0.0983243893151707,0.06445410273961406,0.07092787778112018
0.11251701136000918,0.193437469078131,0.022095073025689343,0.10353968903469522,0.09502324840277472,0.1571876560647523,0.10392147243499865,0.09435332152418537,0.11792505907476414
0.10459617649881729,0.10951477686496879,0.06688260740412896,0.10088474392582232,0.1350154086254238,0.1312845386010445,0.12258688372875971,0.10297570297013982,0.12625916138089477
0.08620135369741673,0.08640197769601458,0.1547997797872084,0.11492067011226019,0.10968111941837294,0.12022198149982614,0.12129002204172823,0.09484052816755738,0.11164256757961533
0.06219117406988061,0.10279109188136648,0.1954640056899104,0.09141836199801122,0.12667913858954657,0.14176907629113647,0.09022264837484217,0.09861575995894889,0.09084874314635731
0.056866803267756005,0.09022315375332372,0.29260768355764283,0.07767488344823019,0.1201010007367377,0.0859507769986948,0.0875628466513967,0.0812999288065852,0.10771292277963279
0.0954987369740648,0.10343230827410221,0.0326924428457264,0.09916283606104308,0.14247011784184072,0.1495846877010403,0.1404626482226692,0.1179233424398304,0.11877287963968282
0.052364589701134445,0.16603232896578038,0.28417811060487486,0.08279499985798643,0.07995364794258668,0.07647803636797533,0.08351429163007944,0.08555615256281439,0.08912784236676813
0.09839886487483214,0.12498040638138443,0.12997461951978465,0.1089810126235769,0.09760411747054576,0.0992401908176247,0.1139177333181932,0.11892478159399976,0.10797827340005843
0.05837875278043958,0.09288012874806857,0.2578801895670685,0.09719308785804975,0.08131946051547136,0.10843745818181612,0.08586110000785481,0.1233392414854162,0.09471058085581512
0.1154356380877584,0.08722997123715158,0.04613075890727993,0.12790950609108065,0.12260619328998822,0.12898032429994433,0.12090390326123533,0.11927063678297008,0.13153306804259154
0.09138612575747769,0.1325839671165896,0.040178927983002564,0.11815742742202308,0.15483826601244938,0.10911554431429317,0.11711152258488022,0.11741394833114521,0.11921427047813903
0.06908429436267911,0.09134009028773922,0.2458050333100549,0.07877310107527943,0.0985478908296592,0.10701335608106967,0.10541931168933838,0.10297277303028185,0.10104414933389812
0.07578142548705137,0.12757840939551915,0.08151211460513565,0.11484128225180414,0.10339857789640268,0.11737496010640629,0.10211337369975969,0.15086132251896578,0.12653853403895524
0.054502415308214376,0.09985109536899772,0.2523865284267736,0.09464534407777224,0.09200999665291411,0.09998820356632941,0.0886857748866886,0.125594321526365,0.09233632018594488
0.08175580187970227,0.1061952610200738,0.0188732863906241,0.13627718109267778,0.1087999081126434,0.15519490367334943,0.11963327025087118,0.1419341345052029,0.1313362530748551
0.11801550447232963,0.10687506183823525,0.12081681082124283,0.09727448296425534,0.11445833956903978,0.10900969190275511,0.11254638575354586,0.10551000157219635,0.11549372110639983
0.08946600999448212,0.10949826117200374,0.11182572910667497,0.09996033412694766,0.10705752805027306,0.1521279280796516,0.12343992779765635,0.097333624402854,0.10929065726945651
0.05831560333641331,0.10103272494994237,0.15137156018239473,0.11888145253744753,0.12269853812592202,0.10884630901577082,0.1193082669866401,0.10738274597943243,0.11216279888603677
0.07245257390267791,0.0881386365868692,0.07380067545846215,0.142096564662458,0.10393099288269696,0.1204456741264797,0.13880248477944537,0.13788871462782973,0.12244368297308095
0.0657025642712009,0.08896870794195522,0.16951197543854998,0.149125801163723,0.11637457790514034,0.10857656044463816,0.09606271722749511,0.0972861615692731,0.10839093403802409
0.05316896970653919,0.1273389635783646,0.1497960476436491,0.11171250518825203,0.13496251264990947,0.09497739283869822,0.1196388186155134,0.10720451216906107,0.10120027761001298
0.06196316053807375,0.10372905354585105,0.29560549209826426,0.09165879244967967,0.0912911929851496,0.09398056545660184,0.08629358520671974,0.08001751968027093,0.0954606380393891
0.07575214353557218,0.11345333877073911,0.11118734053743541,0.12689842163090917,0.11053808762759025,0.11481374101120616,0.12016681184776178,0.11110359651906376,0.11608651851972214
0.06121929325639664,0.15914332987863683,0.1836132816583899,0.09986630031879166,0.10018055950284938,0.09704256201292104,0.10126989541968227,0.08769542936341061,0.1099693485889217
0.053895225815273375,0.08728048537566757,0.38042069149727703,0.07957668042532105,0.08851964576115351,0.0816236947384771,0.08084848004185921,0.06959201848633316,0.07824307785863797
0.08679078006527452,0.10063322874124368,0.042576180912998814,0.12659934672457165,0.12101343737680563,0.13233662924722395,0.11429329187962255,0.14147347799979293,0.13428362705246627
0.05500999170741386,0.0928936445045414,0.2105514117369661,0.07973801174324678,0.09917741058034807,0.09717755368479875,0.11999677596866205,0.11808126528493207,0.12737393478909095
0.10320972887266626,0.10763042125577704,0.02761749984700323,0.13793018905425283,0.11279239663989617,0.11722998518912382,0.14281163285618143,0.11661967550358032,0.13415847078151885
0.09039614042343615,0.07672602435710806,0.12920902838590323,0.11291230561095633,0.11725449248582025,0.1444671773161834,0.09703598118277357,0.11100602573429504,0.12099282450352396
0.07036515801358113,0.1282071505007007,0.12026342460463124,0.11543926597628999,0.11352990363659872,0.11974979892493125,0.10468579172091029,0.11963463411104201,0.10812487251131465
0.06803827229343547,0.11705504088140985,0.08699106825842429,0.10975467465496332,0.14505659345231062,0.0898919511399972,0.12203555373710144,0.12566182150601304,0.13551502407634478
0.07248297854120757,0.11291900848197145,0.11136355474911648,0.12187018788500019,0.13174899341426194,0.1326365541364066,0.12324999131928455,0.10864088335178979,0.08508784812096142
0.20401424059198692,0.07291666650274314,0.09371920226667056,0.10576821246299667,0.09001895174403003,0.12037799936766784,0.08174738727783903,0.1355373794103734,0.0958999603756925
0.07761748410169539,0.08454607168722732,0.2789802886116463,0.08280855525032113,0.07178989764155047,0.14330260605400894,0.0818486715868828,0.09005490921848491,0.08905151584818277
0.19029597927033362,0.10960016204107115,0.056923989465933335,0.10242778728499687,0.09952895590161241,0.12168967067069451,0.09979615952289923,0.1094973121449115,0.11023998369754745
0.06801492848711778,0.10579105497152207,0.08999390874643352,0.12154334716024429,0.13461134544257583,0.12951931959302762,0.12223660362510756,0.10059000322785873,0.1276994887461125
0.04268122030499533,0.07542298087072526,0.33980664654407217,0.09463398503234109,0.09935623748342799,0.10753113215343353,0.10138846739047941,0.061800981336084755,0.07737834888444041
0.07310403424568064,0.07788429664073425,0.24145013855326658,0.10816212093392387,0.09867045386277663,0.10205279660326287,0.0982786749248105,0.11325003454194045,0.08714744969360418
0.05893663261656487,0.09106255390243712,0.24849259571960633,0.11228169332225905,0.10735487784102059,0.08539955909988872,0.09584184571897085,0.09421883304237223,0.10641140873688014
0.09687064527637669,0.10234657210936082,0.09287550891245931,0.15066851411963758,0.11410740294293509,0.11505149724858632,0.1104512725987788,0.10243744330431485,0.11519114348755059
0.06325355124294059,0.10862456059758653,0.2012556582670658,0.09830152162664357,0.11747464497541109,0.12041786084673899,0.1092150021542772,0.10541048691018311,0.0760467133791532
0.07901926285336859,0.14227920170169314,0.03620805530413848,0.11693007754967233,0.1133427733899338,0.1450114120846132,0.10062737286862417,0.13901437695641583,0.12756746729154045
0.051328914495995186,0.07382938969771267,0.4244906408348667,0.07207226806331365,0.07643462428255292,0.08252110541606605,0.07828100931339309,0.0720439240934792,0.06899812380262048
0.06767108615379412,0.08681104627151733,0.16854773492899447,0.10367674757298183,0.11864349000027626,0.13325582570036057,0.11858715408165693,0.09623498060709428,0.10657193468332415
0.07273193277383015,0.10371540444661503,0.2194142520626153,0.09700454180942099,0.11611741557791057,0.09584970636778171,0.11487110485957441,0.08886850668051148,0.09142713542174037
0.09192785556305144,0.09185030645403408,0.1804774445573849,0.10173194844960846,0.07648758220004757,0.1355759393152595,0.11177959918285252,0.10763981757807944,0.10252950669968207
0.15157746930261837,0.14223830881151459,0.02281666504136771,0.11111793257580564,0.0940692930853616,0.1259319540669885,0.11519911384971619,0.14211760362643502,0.0949316596401924
0.07322821190844313,0.07513336080240383,0.1065678713830373,0.11061816688576842,0.12305612299434061,0.12594710544684581,0.13000513994633175,0.13490015133223332,0.1205438693005958
0.07073209027388179,0.17995882627936113,0.0295001284422507,0.10796086359657679,0.1445865067403734,0.13186970164812903,0.11495378564380654,0.10409761075032013,0.11634048662530054
0.10155115159188972,0.07915625390682107,0.24273558302295947,0.09658540929316363,0.09904741241214621,0.10226947500458573,0.10203224298270004,0.08908523677264864,0.08753723501308558
0.08396035680488927,0.14092435755226743,0.06337111507669846,0.11747642047580448,0.12464631173047223,0.13600515862171472,0.13065380975403537,0.08743591053643045,0.1155265594476876
0.05407631535898947,0.15310863764958657,0.15941788339385918,0.116598783362473,0.08461160292457305,0.09744225419335,0.09163411633450434,0.11673824617794115,0.12637216060472325
0.07528433143481585,0.09300257470702378,0.03456718205621447,0.13005696659390312,0.1026947207577061,0.14231324541466964,0.13041944729784208,0.1338884839564032,0.15777304778142176
0.12345621347833408,0.17818130201818072,0.03735292240664824,0.1315658849693007,0.10665154310982973,0.10828223662741499,0.10288477760524417,0.10938316802859749,0.10224195175644994
0.1049308267233946,0.11079163336732349,0.04587639035815939,0.10841258460800594,0.09589720330184946,0.1491228878553107,0.15312987239734324,0.12393182163608452,0.10790677975252867
0.06015617378905704,0.09048559278640193,0.17082233111255887,0.11279549989776422,0.08742858676306174,0.1346689813089668,0.11584294078406598,0.11978893659816585,0.10801095695995755
0.06208428339346667,0.07586425045900548,0.20915826029354442,0.10032349192279229,0.11712255434061697,0.10334417542022006,0.11591190217714042,0.10941202387377626,0.10677905811943739
0.07525591008601662,0.0944537670894852,0.13374328793417362,0.11705247047093775,0.11853690264665077,0.1122575891336655,0.1452452306586595,0.1080860939460438,0.09536874803436728
0.05380642812099467,0.053754851629637536,0.2597062509225226,0.08901717875690766,0.09757028557755797,0.1325774019392663,0.10813072688898116,0.1027080892992616,0.10272878686487048
0.1354568593493417,0.0790452654870483,0.24590902136536638,0.08266393285638478,0.09911453746192585,0.09628302518594932,0.08339325177715105,0.08552822571173735,0.0926058808050953
0.10599761070629293,0.1208676028341822,0.14268562231323834,0.09301567754905575,0.11992766486061579,0.1340011768391254,0.10527605036769953,0.08682957656109334,0.09139901796869676
0.061895484514647714,0.07990813952129933,0.12774350902744022,0.1271235187718349,0.12202302567644496,0.11087392613047309,0.11960804738492693,0.1364241701807933,0.11440017879213953
0.05968421254475776,0.11940263876004054,0.058382965153451795,0.13880978675415198,0.10794695680568267,0.1129239797191293,0.13548711445473643,0.13671430012217733,0.13064804568587218
0.06432935323410242,0.07493712612720245,0.2374461945506591,0.08894531982862226,0.1072610724695409,0.1095495495210363,0.13205389896622974,0.08260787811084973,0.10286960719175708
0.08307513123740562,0.08831382528001923,0.13917360195289363,0.11294672199804912,0.12078031792382898,0.10381801472760899,0.12941201283704185,0.10732321987950305,0.11515715416364951
0.08969677942682595,0.0882086416947988,0.22172799731964551,0.10108460826544115,0.11041290449675663,0.12063669466945792,0.09673679499574721,0.07356227509889815,0.09793330403242857
0.056524204945097474,0.08127983778142184,0.2606697219198164,0.09087917583719736,0.10960563641091763,0.10677191890884763,0.09252554630766284,0.09503890239731834,0.10670505549172053
0.048765559665426034,0.10603558886871593,0.3219557379995518,0.07658382822926771,0.0806443906586649,0.08789575254913166,0.0766356383052605,0.12071937570074831,0.08076412802323314
0.10086786622814971,0.1433239561406807,0.226015264892269,0.08474908710625188,0.08502466135621096,0.10011099970600557,0.07636900469427617,0.0990914768159355,0.08444768306022045
0.06558625031700634,0.10926656119157784,0.07198229695913022,0.14307585151466198,0.13966160503086475,0.10019568358191185,0.14576716535434428,0.11759151424626109,0.1068730718042417
0.04718081985530142,0.0898024456040109,0.36651885520392574,0.07237492386536391,0.08152330972137513,0.0823313831384384,0.10133627012079272,0.07750887455116541,0.08142311793962645
0.1274426079596962,0.08790958069112774,0.29040669080442794,0.07758495476958809,0.08971579328449612,0.08552500575072518,0.08747373223500314,0.07777036164677331,0.07617127285816239
0.08970802659530769,0.09150717739808645,0.06187029160827143,0.112776893173142,0.11290941010709214,0.14753230982853602,0.1272130031054624,0.1330066903930884,0.1234761977910135
0.1063255432380204,0.08327109489579275,0.05727486892862226,0.11219494139043434,0.13294856102150313,0.11992202697246997,0.14604319248647488,0.13052067436676976,0.11149909669991254
0.08294270448651335,0.09829271055171991,0.12405810526630445,0.09643917967968,0.10331651295649509,0.11605493133901447,0.13989449266668627,0.11461407878991696,0.12438728426366952
0.08007308923661734,0.12717719893038826,0.09864027704122307,0.1177255395242861,0.08652204275514612,0.11786552739353173,0.1172450718033244,0.1273762761408287,0.12737497717465437
0.08841616411778463,0.1588010822044453,0.03748908089736961,0.10900930626156942,0.1162281928073245,0.1283189341474601,0.14394514191558258,0.11960849288201812,0.09818360476644572
0.06831064404209979,0.1153269475893633,0.04573303067653255,0.12490111094039498,0.12180535338048115,0.1486521960640528,0.11257129201159705,0.12453678657747998,0.13816263871799847
0.05171393412446446,0.10435147063688088,0.07522880022236754,0.13083123932432164,0.13112929680915456,0.14664113295437273,0.11091724226475085,0.13923382677500853,0.1099530568886788
0.07444592098583702,0.07289314522501347,0.1360362625528643,0.09836674133368466,0.11931390587397735,0.13284779630491936,0.11795206180987301,0.12042346390653808,0.12772070200729274
0.059983548895173745,0.1008642993342928,0.16481883359547747,0.09610253795565639,0.1133568740037842,0.14032184745691464,0.09509130840600737,0.1164280746358805,0.1130326757168129
0.08493797736788265,0.15755963369042897,0.17783777281632765,0.09447912659238522,0.11592883792454929,0.10538387281009282,0.08005443551298756,0.06666054006859091,0.11715780321675491
0.10079255274043421,0.1042915184759629,0.299902894466488,0.08330766083818712,0.07640005657401491,0.09449422928080446,0.07261072385922493,0.08749445011258683,0.08070591365229672
0.08017700260477163,0.09349123900878993,0.25918158764213417,0.0925526183605631,0.09552617401595774,0.08227597311751439,0.09347482387148735,0.11170383429931276,0.09161674707946886
0.08810552074062901,0.15135108874767558,0.06273639935294324,0.11824977966225746,0.12474413227835951,0.14395900038749296,0.11380579911944366,0.09569392235103262,0.10135435736016603
0.09173963086679271,0.13224615815446417,0.2052485478023678,0.10865868146406986,0.10572974479608233,0.08352876618231399,0.08881423123584868,0.08762403210289071,0.0964102073951698
0.05462076260673013,0.087356157531284,0.22516706628600147,0.08034026139951243,0.13306218862978028,0.10630655179340072,0.10153760076075696,0.10829175289995147,0.10331765809258253
0.07551497630695937,0.0975239615363042,0.24524400655655512,0.09657041668017363,0.09697194607571703,0.10762467558040545,0.0984862877974337,0.08640758752722645,0.09565614193922507
0.05926612855972239,0.08822106464707247,0.273106863070168,0.09261358544056149,0.10423096865126956,0.09739209429640151,0.1094216168014092,0.08418287688479008,0.09156480164860531
0.09841063908820268,0.08939171224814242,0.18648443347448854,0.1181650527970932,0.10990899980726142,0.07708205127707572,0.11784639020686676,0.10801269378506728,0.09469802731580197
0.10717039258370092,0.14803985644542536,0.07020656985323874,0.12038579122436822,0.12928136477415184,0.10049921957686474,0.10857458454452378,0.09009324435452591,0.1257489766432005
0.09358319610378159,0.11028569899609646,0.14506352702142164,0.11488717079543949,0.09163120055398975,0.09874006141885956,0.10902692783616719,0.1307873929266638,0.10599482434758041
0.16974420767793605,0.09778019080276062,0.04093069837111222,0.11927273957862745,0.09445754984417486,0.1252266066444614,0.11539476133632898,0.12082206869607363,0.1163711770485248
0.06898218380101916,0.12735647975666195,0.07128847427441884,0.11728535509379807,0.12307282795567602,0.11583725502888496,0.11274249767219484,0.12854430846496798,0.1348906179523783
0.07097160485917874,0.1093594694633843,0.2775613108165501,0.08718239091377615,0.11591533544764537,0.07488447060921505,0.10449311531604717,0.08425476713348602,0.07537753544071697
0.07715397546786582,0.07397452261321093,0.08386796017360472,0.129929773464578,0.10895487324973714,0.13338035846292223,0.11967073968678128,0.14074893300563873,0.13231886387566108
0.06297234696124206,0.08192997658255792,0.23664741976774006,0.09209933200808636,0.11657844736956464,0.11167471823851864,0.09835572079299032,0.10261504199371074,0.09712699628558913
0.07785759248669401,0.1133893771889239,0.11144174346642959,0.09741962960741708,0.10741571634377063,0.1959555772006986,0.11345613511349083,0.08776807159176182,0.09529615700081351
0.1076860731901516,0.07824733357947436,0.07207124668998793,0.12010506264549847,0.15074575730796927,0.11518602369192765,0.10416011119059103,0.13602093104019117,0.11577746066420848
0.05893670345875271,0.159980563219741,0.07128568935024383,0.08136875056639846,0.14547025102985853,0.13631972255968328,0.12075408060852832,0.09605789544823072,0.12982634375856314
0.0650318648895365,0.15890900585622836,0.04342627557054644,0.14004027467432548,0.11983057115834146,0.13254133065371684,0.10803005713372353,0.12515429583309792,0.1070363242304835
0.05002364150781826,0.08032624320195296,0.35527158057803193,0.08037383194598767,0.09146786266074862,0.07955620951355948,0.10097682338932724,0.0811419679884433,0.08086183921413054
0.0879702807926746,0.13846523623235593,0.08831545860458008,0.1009646822873096,0.15707023381612334,0.1150018090264195,0.11809065310332967,0.08932768644960698,0.1047939596876002
0.13572706007086593,0.13315995004467548,0.0358287876485459,0.12122657532943153,0.10330997856223927,0.14949109476582503,0.12173329495437263,0.09868134929298594,0.1008419093310583
0.06200052991013231,0.08684417350706375,0.15890984816391945,0.11036299333706046,0.09812509880322677,0.11729518024400222,0.12994598195268278,0.1217367628048746,0.11477943127703767
0.10700909681045571,0.10859124553528254,0.21832676848886326,0.11137797274048922,0.0865052025900395,0.10033444344112641,0.09714431066285134,0.08190429218770293,0.08880666754318915
0.05570019749237048,0.1118997481310795,0.29500565164751674,0.08929440332400738,0.07759404482524258,0.12066250455120565,0.08479396792482802,0.09000026257849773,0.07504921952525197
0.08196197263365122,0.12227092065227839,0.1403460645897294,0.10923739719615555,0.11343583163347704,0.11521464996032273,0.12697012623956241,0.08854671531317981,0.1020163217816434
0.09135439952145134,0.1536383488988228,0.17934256234227294,0.08541580890363037,0.10362066851491296,0.11118669811213938,0.083915834489886,0.09086342197142361,0.10066225724546059
0.06890071442556565,0.11123084194613635,0.07764667061038995,0.10298885716007065,0.13942255271913784,0.17753746540572127,0.10034326732302562,0.1298451333351465,0.09208449707480626
0.05926850444621864,0.17696348653907304,0.18995450156871393,0.08697167021741252,0.0814007594518792,0.1089895005479163,0.08350965852541418,0.1046155934032393,0.10832632530013285
0.08827841262775481,0.09329360141088623,0.13436443047509072,0.11290518952929292,0.10950726393136175,0.12051574874815806,0.11535739658446746,0.10901164100913242,0.1167663156838556
0.08027524783160826,0.09781107751312802,0.17866619251498492,0.09010716982219306,0.11042752434408004,0.10808583505632548,0.11206184840225684,0.13197273261555786,0.09059237189986552
0.0679018191900589,0.10288466123911767,0.033306822721225364,0.1359403327338458,0.13242527794597048,0.10877450788690157,0.15908803383346987,0.14968725161386578,0.10999129283554461
0.06820436934897871,0.058998884757432646,0.25114124745921335,0.09986064700896606,0.10852386726889529,0.09420023242862141,0.11543085067223054,0.09208403090577238,0.11155587014988966
0.0731190197105117,0.07787249898656375,0.2412859717818172,0.10819509055446697,0.0986636911031988,0.10209160100298527,0.09828557949066653,0.11331344664061345,0.08717310072917638
0.08053886239058612,0.14161218648533416,0.2700352192292893,0.07945604947616207,0.09276566124664958,0.09003687736272387,0.0871727539028228,0.07283760970848534,0.08554478019794674
0.09580841835409178,0.13105992087174534,0.00845677266150053,0.124532215034247,0.15107338773217402,0.10806994307451286,0.10941463805630271,0.1610684805944346,0.11051622362099112
0.05947226414118253,0.12941193130354742,0.1750882418654152,0.10937723688807721,0.11337369445195966,0.104100996298561,0.10689876933976417,0.1018307591461654,0.10044610656532756
0.06002447422761229,0.1252275614591419,0.2536033779026437,0.08542647161568968,0.08382894799267215,0.07906456870706438,0.10579758594630394,0.08681387831727716,0.12021313383159493
0.08249991157257192,0.1024470413781592,0.15896444885742203,0.08331080692209397,0.09900098149853813,0.15933867021053774,0.09091695656339471,0.09886727608755025,0.12465390690973203
0.0401090039675193,0.09058671383338358,0.3940626810851315,0.07819168582219889,0.0860361810641637,0.06966328133589651,0.09191495642689924,0.07092703264721394,0.07850846381759331
0.08841389741640866,0.08896584353639603,0.059013662494407544,0.10591985212890452,0.14529847513161054,0.13410529728225437,0.11235318466014234,0.13777833900470363,0.12815144834517245
0.04049773117279682,0.09331730688131491,0.22698457021049986,0.10400210947729037,0.11136033422654228,0.12302609004507299,0.12337503385951361,0.09126191654038002,0.08617490758658912
0.07115862726525625,0.08398649890519654,0.10208851217048841,0.10305519073957391,0.11593720577694082,0.13640138673820346,0.12658705799120695,0.11643040459527108,0.14435511581786256
0.10750990191826643,0.1140963275831154,0.05757797568596059,0.11040901785246642,0.11772789983116831,0.15901544191958358,0.10897020598524898,0.12020402402960458,0.10448920519458581
0.05318850899943601,0.16721809650230154,0.16297316940783005,0.10523610900716059,0.0964011116978788,0.11511801346248259,0.10829653118221523,0.09009528241244293,0.10147317732825228
0.04565950831466468,0.12733388408861135,0.17744533111740748,0.11195209893239289,0.08703614650392986,0.11730980624165188,0.11929145156677134,0.10434718356135671,0.10962458967321377
0.06357086756687426,0.11501383203608496,0.10073814129247749,0.1330438027463068,0.13175952107911904,0.12705992064468594,0.11488161934702328,0.10509029926575891,0.10884199602166927
0.0756039681674059,0.06639034462804949,0.08521508507011977,0.11411827904821092,0.13258506938888828,0.15845463494445236,0.1306461733646732,0.11440544864250908,0.12258099674569091
0.091665565941156,0.09079916098286807,0.24680833552765655,0.08523311435799963,0.11805628801620864,0.07939333374256086,0.11546346864539093,0.08290233354490213,0.08967839924125708
0.06995347282324697,0.11555085849785802,0.11505555540204078,0.09568123764510768,0.1218753462640369,0.12647546730467613,0.12291553224278295,0.12211356391773433,0.11037896590251632
0.08350824512774395,0.07457813433266684,0.09946652067349321,0.10738886132481751,0.10972198457247095,0.11800042909354748,0.14938807109820176,0.1338795477448891,0.12406820603216921
0.08019557410880428,0.10780879426394581,0.2155076014555142,0.08961763834772037,0.08244785342070987,0.11234904947824775,0.10190130772047683,0.09823006244179823,0.11194211876278275
0.09660860952861576,0.14488176063850733,0.05156032225664057,0.10096519190712618,0.1065653435368401,0.14134027682482272,0.11479838806539784,0.12671912845519703,0.11656097878685245
0.05440493556044423,0.12176258892756708,0.33114297097989004,0.08176350064563497,0.08567504438674656,0.08317892587519704,0.09030682852435142,0.0819274564344837,0.069837748665685
0.057654267035584066,0.08653936019880067,0.057498381752654946,0.1312015708888918,0.10623481058449069,0.10925007312103317,0.14529171447552114,0.1702046372508957,0.13612518469212787
0.07367192892249441,0.09662952357751402,0.18177889413366247,0.12445867836315332,0.09244101705188579,0.12540617749195596,0.09900605235005912,0.12122322554573504,0.0853845025635399
0.10840258010119687,0.13225417921588672,0.025496800898722027,0.13171814528257073,0.13346072100275921,0.12408640742064947,0.1330581431305924,0.11136607426767657,0.10015694867994603
0.07962803642364585,0.11987665222994932,0.06520411158191475,0.12616710314890842,0.11562142334984399,0.12313178323644443,0.11543625570718313,0.13712041271167866,0.11781422161043135
0.0643613917337019,0.07583534969835577,0.32545724989380226,0.07324871911601921,0.10218357413474448,0.11017903609468666,0.08454014683352108,0.08751191648881167,0.07668261600635697
0.062224161693654856,0.08856183591354388,0.3126871847087968,0.08253560468944758,0.09003234440152512,0.0967651844445877,0.09034924345801287,0.07656301556798545,0.10028142512244571
0.10375678950139051,0.09353506692530124,0.11882679591039813,0.1095693435349445,0.13525949480683894,0.10449194485759998,0.11556718708646725,0.10470282840740641,0.11429054896965303
0.05390064017326917,0.1450812535694226,0.08905174668284756,0.10820717855394783,0.11585325237179223,0.14658752394220587,0.11457602116410086,0.1113264876146987,0.11541589592771513
0.06918830542164417,0.10986107053160915,0.08301042998233857,0.11225452289056319,0.100321904907618,0.11448023786672139,0.12194978102111877,0.16001587560271235,0.1289178717756745
0.08689447152234749,0.1487028032028311,0.08631287805342708,0.12545378970588053,0.11494087538355195,0.13013094926508556,0.10678923204895106,0.09056420586983267,0.11021079494809254
0.0809946328433912,0.0895966935876536,0.24454581228609476,0.09605110781543598,0.10634667407752414,0.10735294938408864,0.09305959845573424,0.08724889804120094,0.09480363350887659
0.06692528836236539,0.0963587247053529,0.18112766640778344,0.10369628020960554,0.13296017310714214,0.09533671470797045,0.1077793898914517,0.1062965376868978,0.10951922492143057
0.07331556888139058,0.09216816897554155,0.11467871882804086,0.11442318608682689,0.09994796807601188,0.14501503605767166,0.1289662292555865,0.12435747021091804,0.10712765362801209
0.08401808382681168,0.10325575421489613,0.18610185817002403,0.10299910756622266,0.11797866174290696,0.09537787563922935,0.11107885141509795,0.09628942841530626,0.10290037900950506
0.08716158231645077,0.11250013835349353,0.19177818032177543,0.1021888678687728,0.10911906069575424,0.10617457193769182,0.09439964703951065,0.1027924822915615,0.09388546917498931
0.16833011929956262,0.056958718579795085,0.1039713008792073,0.1229240736595147,0.09840759863886454,0.14008855470307036,0.11225838819067428,0.10134519891499601,0.09571604713431499
0.07602676776044895,0.09562375475575254,0.07499093215518764,0.1060643311675634,0.10771444236204336,0.13032004884637574,0.13056460101958625,0.12948409684926362,0.1492110250837785
0.07508911984972795,0.10468805927191889,0.21285529710279963,0.10067484569350775,0.1068688518575065,0.10122892663501681,0.09581772170227908,0.09988730716171486,0.10288987072552852
0.09678191229764889,0.1116720505497114,0.09055674432310716,0.10589215907930932,0.12288812600222399,0.11352996831980933,0.13005877584663886,0.11833298775792044,0.11028727582363067
0.14149852883995967,0.08173718700568812,0.022870541625512945,0.1421739648882865,0.12632878707966813,0.1297519465123636,0.11849550772476929,0.1283707095888278,0.10877282673492387
0.1487885358206271,0.1390049931806041,0.030249114736918572,0.11788416943177378,0.09883829770538181,0.1383402690294165,0.10929145047838547,0.09649986518165717,0.12110330443523543
0.05338492574506443,0.08222026074940002,0.2934182781962767,0.09429875388670912,0.07300859420578015,0.12665577976791711,0.08438900147991397,0.10208984424623337,0.09053456172270508
0.070185078248113,0.10286551177068358,0.2029023609203565,0.08303416038122617,0.11325422986927608,0.1089404774068608,0.09622254540122316,0.1099107241650602,0.11268491183720053
0.14310977666846644,0.06413151728361972,0.010127153637339683,0.15614752548154,0.10259961250055478,0.09854081114402058,0.13354302525591588,0.12182876084187903,0.16997181718666385
0.11317988663427103,0.17301438722679421,0.05061430421720154,0.10812739070395903,0.10592574820765897,0.11619614281432934,0.11612262680630786,0.11150727734239763,0.10531223604708051
0.11662405205324337,0.10632967334415498,0.11741366888044406,0.11677444072824296,0.10933871035076277,0.13036227902764225,0.08987808157335414,0.11435468991640578,0.09892440412574967
0.09255263164396456,0.0713550766374272,0.07961048224702579,0.10360927645956501,0.1024343429367679,0.20191851917763207,0.10697223100183129,0.10239279676906855,0.13915464312671758
0.04573610152087271,0.09368193147474224,0.3339493421110186,0.09020909421944141,0.08662583892327645,0.09746876054910336,0.09114075973885828,0.08506976281353595,0.07611840864915108
0.060194662321876945,0.10769611795014328,0.04026097894997007,0.1376873657525862,0.1237588769327825,0.1536703978469847,0.1348018157085896,0.10850153484715393,0.13342824968991276
0.059442732192119284,0.06927953583360016,0.14505084627409429,0.10577305304486255,0.13648129771320747,0.11430614411025113,0.13632217159539586,0.11195393070205821,0.12139028853441103
0.12328876437852132,0.09280861876859875,0.06672431644487346,0.12002784020378698,0.11070034647262915,0.13631433519126515,0.1329147243687791,0.10515619813921391,0.11206485603233218
0.07014398607999735,0.051439642840654574,0.33949137025332127,0.07442135436300733,0.10019970260905275,0.09111413442654465,0.09210076612918816,0.08639561836954464,0.09469342492868939
0.08115741100204894,0.10808720995412358,0.18588408219378474,0.09688709474289921,0.09417187499444697,0.10911420272779697,0.09953325434391595,0.11055466485246046,0.11461020518852322
0.07304121902331977,0.08558176715083575,0.22996888697778514,0.08362993324238548,0.12065489899104496,0.10872940081798209,0.0960609943105814,0.10669370989131576,0.09563918959474967
0.11477836583847963,0.11881429865268807,0.025604695467585703,0.10442597054128122,0.10697557348637322,0.14117999595250183,0.12105003353249279,0.10612481296673433,0.16104625356186328
0.07245257390267791,0.0881386365868692,0.07380067545846215,0.142096564662458,0.10393099288269696,0.1204456741264797,0.13880248477944537,0.13788871462782973,0.12244368297308095
0.05688010782435133,0.1304214724715226,0.08143814063298568,0.11522073060844536,0.13856544137775892,0.1377836898402825,0.11293498978365173,0.10218760658062977,0.12456782088037209
0.07545800217742654,0.08614651573929577,0.13648751004233392,0.11669289985673208,0.13447578636283122,0.11221388839341723,0.12857828376317573,0.09749006220823597,0.11245705145655151
0.09896534218518256,0.08731766357879535,0.17902627780662264,0.08616896005485482,0.12963692011036018,0.13019609972568744,0.09776049336115948,0.09912677505116742,0.09180146812617011
0.07615119196242377,0.08103139885205803,0.21081413790007195,0.0903896024317589,0.12149355198998833,0.11302396760454385,0.1008459173028106,0.09326238591075797,0.11298784604558665
0.05828804337365883,0.10795771013661164,0.1791001075817119,0.09878586103960514,0.1350605593080232,0.11706968024481294,0.11650314375403,0.08616329628504031,0.10107159827650615
0.10507379347271552,0.08265239410750748,0.1843567042168036,0.09450465273436727,0.11207519792091451,0.11558814081376795,0.10489447619150738,0.0834422451069403,0.11741239543547592
0.0931938472533738,0.09946346934889055,0.17188125844637422,0.10345740724302943,0.10465880404619654,0.12202416397203192,0.10028153255250376,0.10566708077719345,0.09937243636040632
0.0630467232351742,0.06908486387863678,0.3224862327986355,0.08791387440260841,0.11033038531644702,0.11455892383948263,0.0702550817749448,0.08173290113476936,0.08059101361930121
0.06689167588067592,0.09834285347007836,0.3181881311818145,0.08736053261143,0.08201227492319439,0.10258019732425032,0.09325818414814668,0.07385786596097615,0.07750828449943374
0.0504543798799277,0.050662184394208255,0.36857983930402655,0.0821452779084041,0.08108511585086715,0.09719264366504471,0.10562371770490987,0.08641032936363442,0.07784651192897718
0.09958551764189687,0.10337413386721661,0.09029969612384059,0.11929647307141705,0.10654488314055031,0.10602710512378406,0.11646792039350824,0.12616517862748217,0.1322390920103041
0.06505565445221041,0.11773209936797017,0.08458522926499264,0.09743942037543561,0.13660148137429443,0.1420089242108495,0.1120154019544451,0.11735811489262021,0.1272036741071819
0.06530976201204906,0.12574731182558405,0.22247426200248813,0.09200646248442897,0.07726086445473025,0.1126927275346201,0.09256672564315509,0.09476079928244147,0.11718108476050282
0.07839804076481328,0.08629256417084148,0.22092459642383933,0.10395837183892924,0.09815222161992436,0.11708660307967889,0.10690119730825377,0.0869978868205911,0.10128851797312849
0.07551497630695937,0.0975239615363042,0.24524400655655512,0.09657041668017363,0.09697194607571703,0.10762467558040545,0.0984862877974337,0.08640758752722645,0.09565614193922507
0.07955896224427193,0.1266881475769368,0.0427307883699781,0.13342474795470485,0.18065775717521182,0.12507481100230564,0.11793794523822314,0.07532619326495359,0.11860064717341412
0.171621473153151,0.1502703991509561,0.028799179594528986,0.105369393829805,0.09390368386867361,0.1320410078839969,0.10884931794371744,0.10510096989535954,0.10404457467981147
0.07422572584417508,0.08288234385575644,0.2476668749187508,0.09279754179475085,0.10356168812748114,0.09456402060105414,0.09627246330561197,0.09848008205100911,0.10954925950141044
0.04614409848953097,0.08831120668696098,0.33054504232642695,0.08230147751252619,0.09669493459922816,0.09585175862237279,0.10913896513203114,0.06790493753626052,0.08310757909466239
0.11483133345751234,0.06423903944303862,0.12398310054823902,0.11083275781956342,0.09635170477627523,0.10836944242183784,0.11006065665664644,0.13319884436429333,0.13813312051259383
0.08270625876578516,0.10235938663285159,0.2257898190609612,0.09684352109959787,0.09708519009093002,0.11358454990572071,0.08566584688510526,0.09161971378224541,0.10434571377680275
0.10846878644820042,0.06113559811187533,0.07266524994379663,0.13403102163534494,0.1176025365153009,0.16428865753621286,0.12977101515771436,0.11187873584281367,0.10015839880874083
0.13739472730225843,0.11282787476075788,0.1605379790619911,0.10394927013514314,0.09001231875834927,0.09962391606777266,0.09763221296104395,0.1048391932968461,0.09318250765583751
0.11451084160222885,0.14475410208468545,0.05771412267587986,0.10797433188336812,0.11389012267196347,0.11949674277713722,0.12838526013143783,0.10696992754863906,0.1063045486246601
0.07098223218706291,0.07117670282357359,0.2664010051343913,0.09131753634126334,0.11026851266490939,0.1166012516430323,0.09166866915991095,0.09434805081142005,0.08723603923443612
0.10900901478197049,0.11619341352225815,0.07147851329021608,0.11627980955264278,0.12258591108988164,0.14826713467567218,0.11593351151932034,0.10012110704722581,0.10013158452081261
0.07464493307445115,0.08043721206505378,0.040227039984359385,0.13173094999119686,0.11349036572516973,0.13226715286687532,0.15289518686560738,0.15840993596986058,0.11589722345742581
0.10620470000661697,0.09305596643489084,0.047712427955232985,0.14940717005046547,0.11731411860236492,0.11393398970240846,0.09758086327171156,0.13433428250681467,0.1404564814694941
0.10577428696646468,0.12365991137140803,0.03623852881052809,0.11086540102235976,0.09516000429633094,0.1378945942110691,0.1184822709233929,0.1094180490429625,0.162506953355484
