0.03199232635268035,0.15828670771796305,0.13795956206024493,0.10933941668984588,0.11271016860392431,0.1294567295040478,0.10016070744755674,0.105740204840431,0.11435417678330594
0.06752775323015082,0.09484450638742209,0.10969659222948551,0.08332925818102756,0.20600467383834845,0.12076593785871796,0.09069762138254604,0.1227906551427053,0.10434300174959628
0.039528526795619905,0.11862160893488481,0.10504404901946474,0.08322700119099723,0.09431076656019204,0.1048059186197949,0.26814802990581116,0.09657995418215952,0.0897341447910757
0.06325888040782975,0.12973592984169405,0.16730719837692742,0.05306206543958264,0.10610308326527618,0.11129723685645088,0.10302606683350223,0.1572624954336038,0.10894704354513306
0.02554728710670054,0.11580957506403865,0.19751351469458242,0.07144399312298365,0.19156024587225873,0.08460467926895775,0.08079517786598038,0.08435309091626446,0.14837243608823347
0.19574212334173804,0.05937109568699477,0.11999216955197378,0.09244919635570026,0.13388605498735695,0.09534154377626086,0.07475648798348782,0.11094129325774428,0.11752003505874327
0.16764228503662235,0.07273149046039945,0.11556087547323424,0.09941829088407883,0.07885708643090791,0.08711246409336781,0.11353617448290941,0.14804331663469308,0.11709801650378693
0.04963550757624161,0.17162263035759276,0.09157221605994469,0.1075335560097506,0.08962092587617339,0.12987619189442368,0.19883615042488087,0.07345984034426224,0.0878429814567302
0.08196292544182916,0.10294140026310068,0.17163021371687517,0.13324770128090188,0.12092578263923058,0.12341060481989484,0.08829186259559378,0.06800812900486408,0.1095813802377098
0.11278765853055635,0.11481709378085432,0.11458586870626976,0.14665155044003872,0.15613594335290157,0.09010242939621566,0.09016532480930876,0.05167115428601316,0.12308297669784173
0.025408888630659793,0.13656571574131635,0.08407420835303432,0.19416660905701313,0.16306909534118805,0.1160763720456328,0.13605558834680073,0.037381991493828336,0.10720153099052661
0.07911817089483647,0.12294034759836532,0.11196757554844598,0.13353261981679906,0.1541223702351703,0.12675325609317525,0.08794067876522889,0.07613883232087426,0.10748614872710442
0.06632875153900039,0.07369786907428487,0.12659349733675218,0.14218833667020706,0.144751676687811,0.11179934198057646,0.1368896126594747,0.08156101385183463,0.1161899002000586
0.2859989105309813,0.05203084407513456,0.06966213516947975,0.11955012583591408,0.0694223633906867,0.08155236071689988,0.11896111036450341,0.10849253150159743,0.0943296184148029
0.050283419329280044,0.18218735286953924,0.11866657754812521,0.11623268983775091,0.10185936549879626,0.1031271791483118,0.10190436794976963,0.10050880373397879,0.12523024408444813
0.24690830520929227,0.08508148960033506,0.14439824614940752,0.08523170238734899,0.08567955441819268,0.09163130456035123,0.06279218700182333,0.09839238823187617,0.09988482244137276
0.09182816414659485,0.11767947989972494,0.12696267924351978,0.16501594124263183,0.11459300305306554,0.11061761728427828,0.05174841057090967,0.10915722397062055,0.11239748058865455
0.03980819238032405,0.16266155999871576,0.07978103860200113,0.05288975551610009,0.1707251901435521,0.13928576859643205,0.15827767797652129,0.07901919424092041,0.11755162254543318
0.2857961902625134,0.05398261590749449,0.131686706537859,0.07238580070487184,0.04748901425488513,0.09456737809151333,0.0871700227755849,0.13271505239433043,0.09420721907094749
0.04554617915282457,0.10106659176211541,0.23399195107730356,0.07437741647347489,0.09308914595677276,0.10354497618272,0.11323927741551633,0.1119238638239638,0.12322059815530868
0.14436570695481987,0.12867396825704117,0.08295153980958105,0.09750893472941059,0.14351797229791854,0.08567337524261186,0.06918760546129636,0.11320431573033489,0.1349165815169857
0.0502125380675195,0.1390621356999435,0.19726153308349434,0.036860852362000596,0.12400140617379636,0.10498957546678629,0.12797018833762674,0.10597122800703042,0.11367054280180217
0.060982785172352984,0.11514582411963407,0.13324423813173222,0.12923472671298,0.08354759297888124,0.11702013023552936,0.1533529805891268,0.11082599403186916,0.09664572802789419
0.04912963219972136,0.12243271799932416,0.12066675129797143,0.11712795711978863,0.12383442045705695,0.12670096245720144,0.0937344790496172,0.13433612161803282,0.11203695780128596
0.09033757083846487,0.07916747675519951,0.07061552915295478,0.266748581032434,0.10021768216739403,0.09801594636314331,0.10432312678636117,0.09096662673699447,0.09960746016705387
0.20779834238813844,0.05983245230257759,0.17569714615701904,0.09195106224504251,0.06496378253133346,0.09861395630803978,0.04758892472970395,0.16899007861863327,0.08456425471951191
0.04728562232417444,0.1074009329728232,0.26186632386183195,0.05843335538165909,0.17756921331168504,0.08649139380394481,0.06951849095405759,0.08110777500844031,0.11032689238138356
0.2179335395099864,0.05960476854322435,0.14630087807170977,0.08495650676540702,0.07620509175857254,0.10862905617202245,0.06148550836456692,0.1474784053706485,0.0974062454438621
0.14730031447639333,0.10763899172095488,0.10419564978893125,0.08396757664040617,0.11264249579648537,0.11270925064517862,0.07262612226052935,0.13139410206638252,0.12752549660473855
0.0282541454622174,0.16254087853388569,0.08973818452285948,0.14595054774005015,0.12321374640427618,0.13195910361995278,0.11704360938786772,0.07987545437093639,0.12142432995795427
0.15421560592848185,0.10480071614922291,0.09382858960535578,0.05066886979021917,0.13024682212098895,0.09508422631829906,0.1767158112874522,0.06706479865693443,0.12737456014304557
0.37628882161031396,0.06129890751799086,0.06322190267354326,0.0544966960668447,0.10958567971028348,0.08804092190882695,0.054778174222883884,0.0928008006696367,0.09948809561967624
0.04038652850124188,0.12517194973527154,0.308255093212562,0.07201008786548806,0.07183706445955985,0.1146980256265348,0.09701285887488344,0.07616558647588535,0.09446280524857302
0.06260160306811889,0.060062826537826325,0.12444639416011853,0.04530262840130465,0.18258156011165697,0.09756859466349592,0.08771671976150337,0.222985092813365,0.11673458048261033
0.04408031124789632,0.1488045303669383,0.0906378978577833,0.0948867153285811,0.12011340975236622,0.10880066907987673,0.12962429910519346,0.13308977040954115,0.1299623968518235
0.15986997508543646,0.0565538776093897,0.14647090781170624,0.14558722672059796,0.07501317098310943,0.10334673681570934,0.11855778837817317,0.0826385493858215,0.1119617672100562
0.028428925506354324,0.09365554974162431,0.17231779914759737,0.110985861461537,0.12640616384681533,0.1154767141842753,0.0967017918932636,0.15406569389339647,0.10196150032513634
0.22987745593844489,0.06343631512463715,0.09866412695033218,0.11609217690102312,0.1106344493190337,0.09900517903414598,0.07472271547315947,0.10606385318769855,0.10150372807152497
0.27225830944296575,0.04977984867970636,0.09966248441817188,0.11077674115113027,0.1135972380065395,0.09442764993957503,0.0793441421709307,0.07569663147813073,0.10445695471284973
0.06293095154578741,0.08773447801869222,0.07521891177602506,0.08663904802414522,0.23937293117378575,0.1072280767827704,0.12840651147706547,0.10640348405116869,0.10606560715055985
0.11631008530425056,0.09156979107062686,0.13088273205070275,0.0780707519958483,0.128833383121463,0.10979276579106573,0.0979197348923639,0.1264047403724866,0.12021601540119238
0.03936743793590708,0.1645978298353239,0.13703035345652506,0.05626703746341455,0.12901824417244814,0.12413824666827082,0.11897567230308768,0.11246266389405735,0.1181425142709654
0.031264373185885555,0.13453883786041917,0.08972311572578179,0.08214016819224795,0.2545763442987508,0.118295324423838,0.10609997146791428,0.08815810566382527,0.09520375918133721
0.0727087621113947,0.10401602744163103,0.14021637716524296,0.12540379128304163,0.11790053313471067,0.1120577265462725,0.08776695638765275,0.12023494818611176,0.11969487774394198
0.13548809941759096,0.14330461305745557,0.04432113325830834,0.08494224926207417,0.11595208481144408,0.1219893630406423,0.1699305011478527,0.0701424333430171,0.11392952266161475
0.1373491151210083,0.08819392209351949,0.18544894661151248,0.10598152419246228,0.08088512180125702,0.10393183478019725,0.09466140056345766,0.0931303523521174,0.1104177824844681
0.04654481556471177,0.119635721559186,0.12183639988457523,0.10537833140345376,0.12026455514238195,0.11459845068234024,0.17492530576792978,0.08945543480979597,0.10736098518562527
0.16625073563644308,0.06834566790879658,0.17704179711769216,0.09156265632856515,0.08413589521807067,0.08934895234130479,0.0715462827025255,0.12667615784040923,0.12509185490619298
0.2200104084034417,0.09092472220554532,0.1454571019701585,0.06963909292035672,0.1051627390999897,0.1004941859827509,0.09929954784450838,0.053239348614292976,0.11577285295895584
0.12971145748286741,0.132984376056177,0.11684679391587383,0.08176815884202226,0.10940640779242351,0.09488358426915695,0.07805308067285278,0.13695043535120802,0.11939570561741819
0.10431648608940713,0.07485975354858924,0.10770566094623807,0.10673804153080102,0.12205149337427347,0.08382927895172755,0.11874662624533566,0.15635469419787792,0.12539796511574997
0.125286187981457,0.07738657921156893,0.10588393965127096,0.19085783451747895,0.1167566246880044,0.08478513335686515,0.0869345457288117,0.09896225790186354,0.11314689696267936
0.1446050205032617,0.12434911328761065,0.06574478722158623,0.05493726968428899,0.11128074177520851,0.10572459082702736,0.085233405844229,0.17845143363088978,0.12967363722589773
0.14107219057664644,0.07867989146555283,0.13562871335597493,0.0769471228898335,0.19466183900873688,0.1103585001552732,0.063667617934273,0.09806580864824183,0.10091831596546741
0.0487415718210962,0.12374727917571958,0.13777612275474835,0.0956096551939984,0.13089534235294245,0.09552784562890033,0.14461939296721238,0.10097972880862016,0.12210306129676214
0.15074730573358666,0.061217010036157475,0.11630319900278674,0.1667319206473773,0.06814842065836564,0.09352667875529208,0.08749787926172327,0.1566012700423247,0.09922631586238613
0.17377848305319166,0.08965856410799262,0.11041029722842825,0.13233188841234875,0.07628492900043411,0.12773516974719537,0.10131783446904226,0.0914023398289666,0.0970804941524004
0.06333767146848879,0.15449381161831519,0.09604206875648659,0.0818697221314842,0.15737698778553996,0.11661421088575157,0.12487782806321224,0.090783049406939,0.1146046498837824
0.08503863533178709,0.09305253828316838,0.08759515965846822,0.09356827495172963,0.20435734534941727,0.11484784692119648,0.11667421197210354,0.09428521096498997,0.11058077656713954
0.08692412312772028,0.0894073507097551,0.1009832744748091,0.13783792032283682,0.20673672044679703,0.09534186696301324,0.10573073941830237,0.07640317173285109,0.1006348328039149
0.04887877748327903,0.14848303060720447,0.1438125722640549,0.09720295774720093,0.14422534062697712,0.11257033718927523,0.10183730041199425,0.09781076400684459,0.10517891966316954
0.041541343127225634,0.10314241772852177,0.13908603561500968,0.08811410170883631,0.12819768934702344,0.11702401358030178,0.1712341652195546,0.09709850098328088,0.11456173269024593
0.04598403842368095,0.11867908103262718,0.1661614896777093,0.10710032747867637,0.13984809721529975,0.10086345781459242,0.10151452574214113,0.10417822210972583,0.11567076050554696
0.05937252111097385,0.12336001343042406,0.16104546448309373,0.17585238202955536,0.09663296724121428,0.10915171170322563,0.07243763743692357,0.09339947946301637,0.10874782310157317
0.10132882253541835,0.10690994236865146,0.08881965751666204,0.10297657172073527,0.11760176513612736,0.120925558968626,0.15141092572150255,0.09022599697016935,0.11980075906210759
0.1277153571615252,0.05738170319990871,0.23128880135864685,0.09893629099204244,0.056206740713110666,0.0861341126113065,0.06513939530134351,0.17309989329588352,0.1040977053662326
0.07373198687934397,0.11944863248667952,0.08828883040064643,0.11468338636424225,0.08602872093021084,0.14525961612737656,0.13181476488093333,0.1502014650992234,0.09054259683134375
0.14297725529093266,0.10688683502597592,0.08172161279124655,0.12474491787489057,0.14484469802513247,0.10379161547078546,0.10736557658997148,0.08019798397578551,0.10746950495527928
0.030805105292019953,0.10597443533920929,0.14489574402538327,0.1091798708209804,0.13543442693847343,0.1245394051564314,0.17245513339900573,0.08221857521908925,0.09449730380940731
0.034133462828729096,0.11514545597166372,0.1812107860644293,0.06496834001627351,0.13337641084179583,0.11144819063674534,0.12187669095496911,0.1085882127007103,0.12925244998468374
0.1274933217281554,0.12183023790191823,0.10464859882041468,0.08215942117545834,0.12296371531410709,0.10036243539052565,0.11056122541501223,0.10985317179030933,0.12012787246409899
0.26728567621220584,0.04737906359680166,0.11782681538696634,0.13748166557648048,0.06912422494511898,0.07347854082130952,0.08489322995489577,0.10980698254531925,0.09272380096090227
0.039893037703611356,0.1199249824344506,0.1100236439279284,0.1079033324374473,0.14840387712438194,0.13684723629604031,0.14992739329450863,0.08936476630439479,0.09771173047723669
0.05921574690753967,0.10394510262988,0.1239792663899676,0.22266961545750105,0.06993093318341628,0.10028118736132959,0.15390360223025837,0.07851687688841981,0.0875576689516877
0.08374464066292041,0.1031093053118236,0.08849881897667743,0.10846373163161206,0.10810763977843064,0.11303024769083857,0.15781457036061095,0.13050901651850186,0.10672202906858452
0.1999259357001357,0.05364321540646109,0.10599113014531758,0.1903411513033881,0.07199858836578313,0.11101241979330889,0.08032737341886005,0.110851145757186,0.07590904010955941
0.038534841716707076,0.14576657999474607,0.09059857866283466,0.06796014586161474,0.15869148634808497,0.12777993603644247,0.14673212014322726,0.12862970944972194,0.09530660178662087
0.050882756178754436,0.13560020418584565,0.13669276922742837,0.14217060323472722,0.1115336854389511,0.10982727414744477,0.09355105285373838,0.09439671798222082,0.1253449367508892
0.04044199662070664,0.08683079116316111,0.15729672743528086,0.25234084493002257,0.07107204040989772,0.1113966081055977,0.08273221783194402,0.11805786568028569,0.07983090782310376
0.07047373201567021,0.11772752317362574,0.1235756804563507,0.08217616973019432,0.13372188734842808,0.10839201466877303,0.08491904860554249,0.14952169581340294,0.1294922481880124
0.028476420757635613,0.13508193725205106,0.1297128371477646,0.07196454637999165,0.13745988948765056,0.11161878053205816,0.16027512644175654,0.10468401193768855,0.12072645006340321
0.029511084822192852,0.10341221199563193,0.08856285750028098,0.22724181004393543,0.14380147308724464,0.09443251344866456,0.1350468454407137,0.06784235077770573,0.1101488528836302
0.3099665272312845,0.04180242454038704,0.09918905072524235,0.07830704648361912,0.0934844677271554,0.07074507828055494,0.0735308501943356,0.13246843569471392,0.10050611912270717
0.0858448687183555,0.11810375738830393,0.11173912462426457,0.14173876617536937,0.1301527438730091,0.11534350791458918,0.11369819179880065,0.08695589964462401,0.0964231398626837
0.0873290407401325,0.15818617541365065,0.16659367922019983,0.09633809194377134,0.11096559628158775,0.09637221682632398,0.06440841180972333,0.09038478360682577,0.12942200415778496
0.09352379608551202,0.07500882704880063,0.17359398743279175,0.0773066804271399,0.2120784763443119,0.08187871813095833,0.06436619596330238,0.12211695710234609,0.10012636146483694
0.09732431139488525,0.1208978663170062,0.1208648788032755,0.06398506419537088,0.15069857566440853,0.09782734972708339,0.12403376280982265,0.10500041625647893,0.11936777483166877
0.11396303201350415,0.0868484017806541,0.22305638741307995,0.08901765019577047,0.09500181205999399,0.10959352049151276,0.07975423109785726,0.09453353273528581,0.10823143221234155
0.052289232338377845,0.15653861571249714,0.10842508837821223,0.10833409765077422,0.20347198719191542,0.11528003784423695,0.0808130270654581,0.08458189321060984,0.09026602060791822
0.17494016097570828,0.07265928856481942,0.09799398724226445,0.08458007939797056,0.13087037944467314,0.117079996403553,0.09435607626056737,0.12832355027621034,0.09919648143423349
0.2541545260937716,0.1295256086021828,0.11924440536201349,0.03845726531721371,0.11064792730651545,0.09603376148086484,0.061782865924308546,0.09732334875179012,0.09283029116133949
0.10963763748939265,0.04222472673786996,0.25173430775314815,0.06751045684781393,0.1385602088449748,0.0901903722640387,0.07421465669070144,0.12158550920387927,0.10434212416818113
0.23385741239148305,0.12135267749965761,0.11200219750402811,0.07474924761210805,0.097674233273315,0.11370328141904285,0.09888268731836965,0.0702607039152598,0.07751755906673587
0.06373318628857834,0.10775856248536665,0.09926815071850244,0.04586853720793397,0.10820673771460391,0.11238216370694391,0.2242487986271953,0.12032448559648455,0.11820937765439084
0.18741912875900404,0.08245161425889042,0.10980266222910796,0.05132922673609308,0.1070459332477345,0.10982868177700061,0.0985013520819573,0.1506697366621911,0.10295166424802087
0.3176629412688223,0.07986718548092538,0.08568561678235946,0.060460548090161326,0.1280134650140181,0.0787636430002462,0.056723804442919225,0.08957723052885687,0.10324556539169112
0.05923924670915134,0.16933631084873765,0.08222801158441592,0.09772586964376624,0.15733552380262053,0.10050649166357145,0.12507669994668377,0.09727344134609701,0.11127840445495608
0.1895994376828801,0.09376276340414945,0.10074807287603721,0.09186017109461793,0.10916713641670851,0.1031219534233868,0.07135743736649125,0.14719812635960583,0.09318490137612297
0.03405723698750435,0.14344996230956356,0.1321601138435625,0.09496744654090239,0.07896488406735,0.14137423685346076,0.19630341728416675,0.07969063555623028,0.09903206655725938
0.1275420364525157,0.06786775702611515,0.09343871273420996,0.052596421791006105,0.13745833191495035,0.09276740344733914,0.12373039271618828,0.2009295414227622,0.10366940249491326
0.05567886513635147,0.16481546125027258,0.07746776255302372,0.06815180832188218,0.20649307650151927,0.11381687404348646,0.13849827251276636,0.0594450192143024,0.11563286046639552
0.04374123851393478,0.1478203330939151,0.1116663654993469,0.13686830585133172,0.08309432939262577,0.10458313979197598,0.11462830294041591,0.1274753117221307,0.13012267319432314
0.07450751545182559,0.09547781806645904,0.1764387956333041,0.08389376667850752,0.14807797164238565,0.14192769439179753,0.11742785925666965,0.0762661407415204,0.08598243813753055
0.039470204808668356,0.11369976345709175,0.17177436688084172,0.15374201668694668,0.08217896013088734,0.09765383468081583,0.10662381145066306,0.10660637987259836,0.1282506620314869
0.018144431303968173,0.14373407726351672,0.09334970709511396,0.1423019650594687,0.1622099303871948,0.12778779194701298,0.10003676595029176,0.0846336585448072,0.1278016724486257
0.19736228969362202,0.07562616480567445,0.15451065357598612,0.0823087226711097,0.07458766893120303,0.08516054122914281,0.05267882557655786,0.17501867648067726,0.1027464570360268
0.01965717511435745,0.15141065435841236,0.2417496756855034,0.09286301864903619,0.08078042656649971,0.1384807000606255,0.08415460371473432,0.08749159545801079,0.10341215039282026
0.18870015246055707,0.08601377846002158,0.09630124877701442,0.11415591142799042,0.06606267584945659,0.10270858345949789,0.16064832336775345,0.08181374839135704,0.10359557780635154
0.09832964912121583,0.09413702598445005,0.09396737110288944,0.11590334957908881,0.15832956462318845,0.11551678540543937,0.12336539737952668,0.11984572533577331,0.08060513146842807
0.17052843468222292,0.09063759723112404,0.052589430893152496,0.13448992811252736,0.15538714572136036,0.10530521568798101,0.0857656118126372,0.11159291831458884,0.09370371754440569
0.05396520736144341,0.13498712314541286,0.18279581645618506,0.07812339815064596,0.14477984805345287,0.1146347455813214,0.09203543115820545,0.08457361606010504,0.11410481403322788
0.05226537582063514,0.11317005864134595,0.15343819070993664,0.09499496829266096,0.12230727088026432,0.11070564641435933,0.13442323337775988,0.09553435243321545,0.12316090342982222
0.034383916471634746,0.1653761408832534,0.12511619035596486,0.08117971347640887,0.18063127799311832,0.10378368308400737,0.12203926293748195,0.06842450380018758,0.11906531099794297
0.08063028954351179,0.10782668351994469,0.15808453447425352,0.09697536042836301,0.10505025759155083,0.12750464249078663,0.09574350042061493,0.11216648388153035,0.11601824764944435
0.21477020640114472,0.0748415841577107,0.1582355392553573,0.06216130786757412,0.08524461111317967,0.092045552319107,0.1127777063040688,0.10733773957678953,0.09258575300506806
0.3358497330550681,0.034551577151272696,0.19344447115326613,0.07861494449900909,0.06799498255728571,0.06814494136852702,0.03192075430215947,0.10626019259005227,0.0832184033233595
0.09325320327278307,0.09377211685368765,0.20418167364385395,0.048829874325010326,0.1096070455780984,0.12156814325342252,0.12848558336596924,0.09319141182390182,0.10711094788327302
0.048728014724166546,0.11986697233817382,0.1485625660402999,0.16616691287870589,0.16022569245762772,0.11081588865444665,0.07420790044906193,0.06686283903268643,0.1045632134248312
0.026255430304354326,0.12397304151447248,0.11945112135121856,0.0943285040503125,0.1880741289256059,0.10538451047321352,0.12690973348949805,0.11900809498867741,0.09661543490264733
0.0680103750716553,0.11400388501977908,0.21172334501239623,0.12235939182794782,0.07591817477359203,0.1029252673505381,0.12258305884658473,0.08473202540686421,0.0977444766906425
0.041020298242616604,0.09277063857334873,0.145860244206227,0.08570143960578798,0.23645693284951838,0.09552182758040856,0.06698482946201191,0.12422733503240123,0.11145645444767956
0.05968280644098051,0.11209359329647998,0.11813206054274299,0.08195052671104915,0.11870966792085869,0.11987758129597148,0.140803862669761,0.13047623463829505,0.11827366648386121
0.02209086543515795,0.20167006699875478,0.0775988322603035,0.20000493999442795,0.07529789744347755,0.14461229213007937,0.09630012604458692,0.09021155243614824,0.09221342725706377
0.19413063475851655,0.05934611715030216,0.09426011594926646,0.14217226231519928,0.10160022755069163,0.09653422552989548,0.06125929168791536,0.13466109116787306,0.11603603389034013
0.05895309430588328,0.09859686662491203,0.2004757747173549,0.08812411058410087,0.09051504455861163,0.06800696822117001,0.11725633416430174,0.1235098977618354,0.15456190906183015
0.06327611532754593,0.11157801098253443,0.08857426805082562,0.18385957579897094,0.11083784305218414,0.10324887276010224,0.08884868768616132,0.12496503089021364,0.12481159545146174
0.17008012720991353,0.07772243365464394,0.1106915354412038,0.14058172776115666,0.12002664499213885,0.10948186139630116,0.10313690801044217,0.0769237605612999,0.09135500097289995
0.03602301714509456,0.10027575006276623,0.36174700311632085,0.06676588731674182,0.07052778671768471,0.07932357463772245,0.1411498188676006,0.051631071295284,0.09255609084078475
0.15722246354675817,0.06272457601552398,0.2083732057640458,0.09766238191719535,0.07974729138925771,0.09140646843547544,0.07166705698411646,0.11345155097779004,0.11774500496983702
0.1671564262403038,0.0928617181028678,0.16266487095485846,0.11868366849024653,0.07799817374912091,0.09061714391554464,0.10407992056265093,0.07498252591040634,0.11095555207400061
0.057875224650484204,0.11703529818829479,0.06503807298499976,0.09780097923988569,0.20888682260602853,0.12458517955933819,0.10892521820007277,0.12157001190798983,0.0982831926629062
0.14993598545940343,0.08535256518329278,0.1654105040714954,0.14417937540291229,0.06108099935062885,0.1048962729643773,0.08951663433581288,0.1063375730766138,0.0932900901554632
0.3026714436019198,0.0727158271494207,0.08129609615868229,0.07281786076047052,0.08560692296388488,0.12345985095984298,0.06884698832392187,0.10794674888375833,0.08463826119809865
0.1086668226867329,0.151847795948677,0.07398033305195258,0.09268596111498521,0.1170169684713896,0.10426752655006398,0.13727810950304717,0.09256429359128661,0.12169218908186491
0.14755754558768053,0.10338971849407645,0.2062679225782571,0.05415556834573396,0.10873292736897443,0.10605077540677023,0.09037133774617433,0.06917604596675901,0.11429815850557402
0.02513065841046604,0.08235248541254313,0.2933968152965542,0.10830887675550005,0.14103130935811187,0.0823729735489623,0.06840656850084925,0.08415017722698194,0.11485013549003116
0.1284315762529773,0.14485975600066966,0.1878194603665965,0.09105658851874027,0.07563328023750022,0.09642632370508102,0.07370527476550684,0.09962167220910247,0.10244606794382571
0.08120594613716248,0.08938354248161536,0.1713437438347614,0.08737797711452434,0.14713570308586724,0.10273536741442442,0.12294471978276329,0.08838401701935429,0.10948898312952719
0.028628885404254747,0.10380848268571304,0.13478242175713018,0.15950973156627526,0.1479950772478804,0.11395912811059532,0.0824232258791548,0.13565426244390158,0.09323878490509475
0.024443201784522525,0.09399940779450137,0.14995540186916648,0.12892117791697452,0.18167618271078886,0.10186939964214214,0.1097924324555574,0.09623560395028295,0.11310719187606376
0.379840977048621,0.05250029749140791,0.049069573210361615,0.07634760112587559,0.09125646716666634,0.09029885036895684,0.06438555807001696,0.10523492736223505,0.09106574815585866
0.15491864299100186,0.09069841883077705,0.10093366651135638,0.11906738144115891,0.19327756708264618,0.1221081349949375,0.08140522998580695,0.052291452925449504,0.08529950523686565
0.280189980599079,0.05552520608862823,0.11821549634446049,0.09775227088403922,0.09399827836096519,0.06921766191596024,0.06957464651797317,0.11520215459822469,0.10032430469066983
0.2595709839189959,0.0806419792505383,0.11353331786735406,0.07539634321068386,0.09238963331427003,0.08752307316991163,0.10909697684372528,0.07741102999949044,0.1044366624250304
0.19413063475851655,0.05934611715030216,0.09426011594926646,0.14217226231519928,0.10160022755069163,0.09653422552989548,0.06125929168791536,0.13466109116787306,0.11603603389034013
0.06289548998718718,0.09272828547474472,0.14141714815969988,0.11955647815117727,0.07789949451573462,0.09873305359275757,0.1899202067752731,0.09338923099609835,0.12346061234732725
0.04070599066952364,0.15799518988762457,0.07809524300190905,0.14244997990766467,0.20997206332542717,0.11504194030736496,0.10254131516570751,0.05852644219103437,0.0946718355437441
0.048978549528360914,0.08146159391558873,0.30675311968951696,0.06745090109745054,0.11423719125836436,0.08870537118228139,0.09389436761470969,0.09682101779092551,0.10169788792280186
0.04451983884566881,0.10362783642160961,0.217534109996905,0.18144062369220845,0.05930995166370904,0.10216943603151922,0.10844216361255647,0.0807577774544241,0.10219826228139924
0.3176629412688223,0.07986718548092538,0.08568561678235946,0.060460548090161326,0.1280134650140181,0.0787636430002462,0.056723804442919225,0.08957723052885687,0.10324556539169112
0.11574104424007976,0.0596766547093058,0.15279707444965754,0.2672390904596022,0.056970605915317975,0.09347153635469056,0.05145959371963307,0.0970252500586392,0.10561915009307392
0.22024196211947378,0.08279115877395728,0.08705192999949062,0.08264769698662221,0.08795662484995782,0.10459864532658453,0.06373628486528103,0.16548389963326923,0.10549179744536352
0.14548114053262307,0.09367294123725788,0.16686990797355336,0.08790581174338213,0.09275176393482071,0.08977029271613045,0.0782393070231401,0.0891353965216136,0.1561734383174787
0.07436149358437716,0.1355166162143825,0.17581207865504486,0.057158034547233144,0.1822501952476879,0.10490180073980482,0.08959960646476056,0.06760713617875182,0.11279303836795722
0.14192799093593664,0.08763525429439291,0.15041706563828722,0.05421112118946314,0.10070868644409335,0.0965793298494741,0.14622053488015255,0.085457809103572,0.13684220766462812
0.20454549931665414,0.05938345091543907,0.1867940934932384,0.09661674260594706,0.12429245346668022,0.08237202612925236,0.060030535323882916,0.07183124535088668,0.11413395339801907
0.05653340606239385,0.08385983416132235,0.17722942747998993,0.13046898002512342,0.19387348059522624,0.09931204816089118,0.0745097196414034,0.07687314769065427,0.10733995618299536
0.15621757867345495,0.08500202753654,0.07318135060703741,0.14665008086254952,0.06596085916195622,0.09445889498176228,0.07529911195132367,0.1907535685345422,0.11247652769083359
0.05823679035078259,0.1416412416610232,0.09908978297910287,0.055694572927937225,0.16406059344174173,0.09062859473120144,0.08819893215400099,0.15867619994020124,0.1437732918140087
0.2030639042018728,0.04300835176758914,0.16971995252389158,0.0785351526007147,0.06819776245871047,0.10231292896007127,0.06427436662515085,0.17608719400855255,0.09480038685344672
0.1109741443204788,0.10331949207354858,0.1442405750076813,0.08924945211856754,0.13011230084190492,0.10791579505885766,0.07198186169301568,0.11594430975948011,0.12626206912646534
0.2135090445722789,0.04024998462585482,0.13775930313453658,0.1533694486947135,0.06962317836256342,0.0861165698617913,0.06422488847354496,0.13541805671496618,0.09972952555975033
0.13107543236608124,0.11969652345190011,0.09861793951191168,0.0552060875115938,0.11145229059671498,0.1427436375187692,0.10366256655758672,0.14116082571748892,0.0963846967679534
0.10992180047309914,0.11195026884688652,0.12405015161292064,0.0842910453913484,0.13891959548488814,0.09386976567106121,0.08345979475157468,0.118852156690011,0.13468542107821027
0.13005942249818017,0.09784830913960356,0.2671445567917116,0.053653919412334085,0.09586574081645512,0.09502842260211312,0.08789055518246468,0.07334458082166295,0.09916449273547473
0.11638102267761315,0.19473582476163387,0.1077610144186209,0.08422998421410993,0.06886052091057958,0.12834411238844393,0.09791541943007183,0.09832290324937638,0.10344919794955039
0.24986239245565497,0.06558286987099415,0.203799058461592,0.0527043299807185,0.11380410098915796,0.09131558062628285,0.06507889631205811,0.07093400680569316,0.08691876449784841
0.08020170494592338,0.08409382821554819,0.05962629611910189,0.11460137530375858,0.18378652692077513,0.11106611030322146,0.12142358398569209,0.13049025231945857,0.11471032188652076
0.08660630350474642,0.09024766268365066,0.2326642743631008,0.0822392648155359,0.1336872612056287,0.10733454050686152,0.08649303006096454,0.0824943831581041,0.09823327970140729
0.07676698532802313,0.10317406907238091,0.19461105609575813,0.09691755591797709,0.10994825163159687,0.16586249733203454,0.09216655702546496,0.07271561033545866,0.08783741726130563
0.045733738893123564,0.15210964678963343,0.09284978456695607,0.1008083019114117,0.13583337123331043,0.13113635404228066,0.14954615020722725,0.07966411307120243,0.11231853928485454
0.07995242640522782,0.08542971163837004,0.21973012252018423,0.1333149080920682,0.08893434413779495,0.09752786351716476,0.1095368438393715,0.06546038533767615,0.12011339451214241
0.3672916682988121,0.035108948173489224,0.11314507616089925,0.06352034480544565,0.04936658545044814,0.08025574965293415,0.04358891019410551,0.1567962677354857,0.09092644952838032
0.1849279217838259,0.1069233003883236,0.1280213654952579,0.07459277314420155,0.09663280834589645,0.07805622855212298,0.10716407336087547,0.1158185848681454,0.1078629440613507
0.20843497536265035,0.06096398881171605,0.15947977952524897,0.03178231569618007,0.1340443569537301,0.07311505785008467,0.05553241904523026,0.15037189185165856,0.12627521490350094
0.24887370005264667,0.03533507088169859,0.17991980520890072,0.10140839230763445,0.10671770968501841,0.07202585660102442,0.06832661475813968,0.09289015761721064,0.09450269288772643
0.15864489447673943,0.08628028585833804,0.173800722050106,0.07510518592101326,0.08196119800843182,0.08968543717509518,0.11159323674132003,0.10957267973440722,0.113356360034549
0.3178295507657559,0.051315113916848266,0.16511829037334463,0.04955588361929849,0.07875748297471204,0.08978386232129947,0.06613697852479884,0.1036514081832814,0.07785142932066087
0.116575163740905,0.12196727278961872,0.1226968166657698,0.1171116819418549,0.12312340706718156,0.11292001517177969,0.12197242361632732,0.06651923939136811,0.09711397961519481
0.06586344287071515,0.06837781839825693,0.2531334886037248,0.17326148355317494,0.09673414668947217,0.08402268236050327,0.06632587729739214,0.07202563507044273,0.12025542515631792
0.029904514469813754,0.1301021636439483,0.19630221883281795,0.0829955516386374,0.0909824794470195,0.11719267293764608,0.13520636985030443,0.10359954941082751,0.11371447976898501
0.2887617930404564,0.060032523259040994,0.13660046629769382,0.06187444905309116,0.09009352450274942,0.1044273898260511,0.044244457659381266,0.10684678121372392,0.10711861514781196
0.10929855769773617,0.08167832827364613,0.14657888875760208,0.06968222551462096,0.09421428683312078,0.12225959778957207,0.16639534197509664,0.08570094593217199,0.12419182722643322
0.13507611446991977,0.11917342647428936,0.07382643121468778,0.15419260063634002,0.10672883407239701,0.1387837141892462,0.0843189681827539,0.09955669965580917,0.08834321110455672
0.02273952385847051,0.16266726009940244,0.059583844822789306,0.18419293818084917,0.1289803093865518,0.08291251089545303,0.13068019306489534,0.09556280367040489,0.1326806160211835
0.08444019133909242,0.10611473659852406,0.1258577910198129,0.10083025312994004,0.15522656528589784,0.10859668002186328,0.09210991016976618,0.12936844006664408,0.0974554323684592
0.08152705623008917,0.15279131109478752,0.11650600484077793,0.07489937513999623,0.08059498918517867,0.11974250415465781,0.12447349911010168,0.12307982957470842,0.1263854306697025
0.02784240618994151,0.11043164763915057,0.14049660539255407,0.11870876196018294,0.1157046487037418,0.12435251335068638,0.1818541732450595,0.06872158662048224,0.11188765689820084
0.2229467302793858,0.10647637780729392,0.14321861067596608,0.06896195929953852,0.08927069640696339,0.10553353749457624,0.090403871943139,0.07845129592968485,0.0947369201634521
0.020347894555894367,0.12302499250084716,0.11549394741564149,0.192516831963659,0.10008781789372727,0.1040630178467933,0.07482780878413757,0.14999837883295056,0.11963931020634928
0.07486711543329216,0.08173667308760404,0.09565606673494724,0.14929597340922668,0.10075491643537282,0.09747968380323917,0.09166896127812518,0.20669926284907103,0.10184134696912173
0.0966305818145776,0.12169219321657615,0.1303714593071528,0.12304700685928543,0.14949086991996127,0.10408225848006301,0.08833482502644441,0.059937378050041935,0.12641342732589742
0.07196677527792539,0.054361848867980594,0.11691020791835367,0.05668927379020513,0.21808922651607568,0.08735665978174229,0.10062135661751331,0.17808309476398568,0.11592155646621821
0.0610986968852919,0.1602158081573622,0.1252240974356346,0.12347769638011967,0.17828447493641797,0.09417438334872215,0.0718597641332846,0.06769243727822882,0.11797264144493809
0.08716089563063278,0.13290632986888026,0.12075502114546721,0.13250153869176648,0.0770393228254982,0.11380456246919636,0.16525121400314846,0.07590472306281797,0.09467639230259223
0.01491796109011264,0.16360463571456865,0.13432206321519222,0.1186021630303351,0.14033445493971108,0.10240816364230237,0.09189285478370775,0.10959895834533602,0.12431874523873411
0.05027348991231285,0.14451122952800077,0.11801839364309519,0.04664597894158059,0.07084248009740958,0.12093300871641365,0.20306293062525085,0.1411249749388841,0.10458751359705241
0.14431138382811065,0.1220210847814342,0.11592697915572936,0.05680438089916336,0.12887942932738813,0.10036573633432261,0.08235842019694885,0.11826859773097308,0.13106398774592984
0.1415763658544782,0.08761610040014885,0.09893026497190582,0.06909746956016193,0.13885870932712746,0.1329005430093675,0.09883105480579701,0.139160331752004,0.0930291603190092
0.024044502454578082,0.1805254988693065,0.12695844317417088,0.07501475198554326,0.12281020099447165,0.12215231555168289,0.13483141656315742,0.09908413642720217,0.11457873397988712
0.07166697502813349,0.06102618838055062,0.0821278588763943,0.1762575844936519,0.2381320748425058,0.06849773962705794,0.061036789376081,0.134710185407756,0.10654460396786898
0.20997125490350318,0.07629582579915983,0.17658445617777294,0.06348316137417116,0.07774933369219089,0.09911269806761795,0.0932498031344517,0.10049344129410387,0.10306002555702852
0.040062281722804356,0.13389965110723218,0.14388548926921502,0.10908314300612126,0.12375489638195449,0.11198680782851755,0.10140432880667803,0.09706650524190448,0.13885689663557257
0.031564090322709425,0.15183248662472335,0.14000818283733857,0.06448100688357167,0.14370808516553818,0.11078152202167836,0.16474160299014673,0.08304405507535616,0.1098389680789376
0.2045472825195661,0.08415258920868164,0.08340341110458936,0.10108383077066718,0.07610484084038333,0.10160679720106995,0.08304885405475933,0.15320783061702323,0.11284456368325983
0.04963550757624161,0.17162263035759276,0.09157221605994469,0.1075335560097506,0.08962092587617339,0.12987619189442368,0.19883615042488087,0.07345984034426224,0.0878429814567302
0.05505336154655116,0.0960060283631649,0.14334849729487517,0.10054675301696107,0.1608387188318441,0.07609590309372001,0.10328940375836748,0.12006975634602479,0.14475157774849126
0.1580636581708457,0.06552577765310885,0.22000840488328555,0.058712982135360525,0.11650658334706104,0.08050541269287335,0.06975453134353614,0.10748574629559289,0.12343690347833595
0.0319559608343103,0.07237273747275928,0.19239342658232247,0.26988439483654386,0.10120650859079645,0.10486768948301085,0.07327228716813482,0.06284374722163959,0.0912032478104824
0.13647967132355918,0.06854178732240607,0.17507678825632353,0.10773179241816255,0.12123381691363799,0.10076446349555394,0.09110489555129105,0.09737260989124326,0.1016941748278224
0.0837690792506013,0.07572810053292302,0.19991331047868158,0.0647357107716038,0.20788553701869486,0.0899180348740063,0.11653406521307282,0.06279665235720217,0.09871950950321413
0.14847531221686341,0.0984719057117679,0.17523348189887208,0.10257622713594261,0.129631533778884,0.08292735160474343,0.06297830390781123,0.08130167713694862,0.11840420660816674
0.040486467603854555,0.148910539158583,0.13701158734259608,0.14926943342410723,0.16416834155434046,0.1126194824110341,0.07244809215416892,0.06365221044493478,0.11143384590638093
0.062200619404742696,0.10860482583599163,0.1405248337789763,0.11655875497548807,0.12636961865476395,0.10198668685963397,0.09922385452209646,0.12324561364495666,0.12128519232335029
0.18411428066633193,0.07288376599813967,0.17656510784640314,0.07610751889481539,0.14235516521667135,0.08506195512863841,0.056726184062821226,0.09495342840775438,0.11123259377842441
0.09720220653146433,0.19856949425274184,0.08689476902306809,0.10939990153236989,0.14451948590828198,0.09824620375345032,0.09363768440010212,0.06953802084161641,0.10199223375690497
0.04455623875802678,0.07919676995428022,0.17524517714192708,0.08523956121749561,0.1357447847663403,0.09715059648397413,0.11583754502950194,0.13423351380153828,0.1327958128469156
0.15693819450384924,0.14021478679712807,0.10038504139991085,0.15044081466200923,0.07393105419886344,0.12874240069569762,0.07263036505802782,0.06591114539199093,0.11080619729252278
0.08482034752948873,0.07536175722982165,0.2623324930078797,0.08067026580501725,0.1160356329707211,0.09245483479821259,0.09705142673847905,0.08503560840570422,0.1062376335146757
0.01097833318161691,0.12304296905689023,0.10691669952863377,0.16040189764673962,0.15231576470736122,0.11790518384197708,0.13008384330475528,0.08533921922090386,0.11301608951112203
0.3091126539863192,0.04742243675881258,0.1321835803162429,0.06951300557592294,0.060940808248863006,0.09061434085711038,0.0767121241241915,0.11848993631095432,0.09501111382158316
0.09209043271519479,0.08131924028575603,0.16065509093230723,0.06895725495307871,0.18132553838540758,0.09581276503209679,0.06505430477163238,0.12583413325894216,0.12895123966558433
