0.053460237009053085,0.06622517319652725,0.0713715525558276,0.029146027377995168,0.05320854317207707,0.49099389738500193,0.15223125227208525,0.042934511083088885,0.04042880594834377
0.09122273894392734,0.031000262156688208,0.11022099298087155,0.09737312557650542,0.21045737346263757,0.40951034259858615,0.020453313963532803,0.014144545072913258,0.015617305244337775
0.35155922601244044,0.15295001811802855,0.1019542893726022,0.04339731211218054,0.06311931745329606,0.028063513407911744,0.07512393382460457,0.14118759491256458,0.042644794786371405
0.1038798647530228,0.015528065219046495,0.31147095145927967,0.38051753260208576,0.0346886187683168,0.05686520307955583,0.06915114596817788,0.017110080203081936,0.01078853794743284
0.044030253671868434,0.11612825053683982,0.2755948590291071,0.012188722085936224,0.23264691084558872,0.1296700258643164,0.07284653482571583,0.09936686482041886,0.01752757832020865
0.06945687701501564,0.22901487621996228,0.02063648186665232,0.07779476643143463,0.0312248201274672,0.22110214494192815,0.21906091386966373,0.05560397747970278,0.07610514204817337
0.029801397713126263,0.3243704103288227,0.1879489148813351,0.01811336073225001,0.29016383564616344,0.06685477176264192,0.015045063211585061,0.058829352937296846,0.00887289278677873
0.12449130105079394,0.2556875010457451,0.03109028567884942,0.027698865989968725,0.08586589659507393,0.048414823972006686,0.07284352593416861,0.19606897927390596,0.15783882045948758
0.0856705355142322,0.025347255991703038,0.3381259964057881,0.13321548384244805,0.07553958473370205,0.06533152353024142,0.0634444331727322,0.07728276997389877,0.13604241683525412
0.0814344461497869,0.17165699157728273,0.07303372145669196,0.42493929781333484,0.03815808510756075,0.058039134319301265,0.024900426490326588,0.10387558290391181,0.0239623141818032
0.17088114102639715,0.03934125421605486,0.1053132967579211,0.341214692678915,0.026722281346143555,0.0713817082531813,0.1353712714377637,0.06911670852213564,0.040657645761487726
0.019379861144892253,0.08096300257550983,0.16170339262500408,0.4131679695044763,0.03774765665747303,0.0604505621391729,0.017496199601808923,0.18659151889581307,0.022499836855849564
0.05748792898472984,0.044258877490603366,0.10650422344982768,0.4914041467211927,0.03390464651850809,0.13399201513010786,0.012878211953402248,0.06537431515184121,0.05419563459978707
0.12199363732375229,0.3490039972179402,0.07563865945706995,0.03228367109824081,0.04822075615639934,0.042868495869309436,0.09939498207950465,0.20568323566143873,0.02491256513634468
0.06919356424520473,0.1521580763510627,0.05659250715618002,0.07070678603187062,0.05696654263781328,0.048329002695421674,0.03971235113513883,0.4893803968928692,0.016960772854438894
0.3601437414776812,0.21104288680853878,0.07445364786398233,0.09179152537453701,0.03673325657889024,0.04884080103045404,0.0430115628526452,0.11146279968217122,0.022519778331100002
0.16237966638756,0.2251426256577287,0.023699417593758793,0.06757828783408194,0.12381456021525998,0.256395086805241,0.05187042313493995,0.06212911461365515,0.026990817757774514
0.024454132155823472,0.011322853385729558,0.2919415921224893,0.4666860874532042,0.04352091103806677,0.0219923842715173,0.023896487465158146,0.0813490999018004,0.03483645220621078
0.027276894041436836,0.14611492073437335,0.4826394078746925,0.04309230041840123,0.17940437715957236,0.045914354460536634,0.04242717334162085,0.01576880871268453,0.017361763256681737
0.07943116459737097,0.07374532305887939,0.2713376115410049,0.08148699413664319,0.049615822415060816,0.027928407510085813,0.34415971516990607,0.04424562067239295,0.028049340898656006
0.05984835666187474,0.22681065149355062,0.19973487991668204,0.030129591539722434,0.0658433685830762,0.048581949382155674,0.2711664953067289,0.07754273992988914,0.020341967186320295
0.10076675620960562,0.26481104225569835,0.18387487448655507,0.04432842627508408,0.08861037897852746,0.1482982758380789,0.1103304905202468,0.03288704984687885,0.0260927055893248
0.06759528715765861,0.2263336812892585,0.08740493002739498,0.16776647801937525,0.08631494182825987,0.01691300367691185,0.0341274080838425,0.2954935282158313,0.01805074170146712
0.15162238022043864,0.01774677354655013,0.05046757601856574,0.1530584856794395,0.07371061895265728,0.1389292470514686,0.07470346251448458,0.04340917792647845,0.296352278089917
0.04507353661043517,0.022348390152208814,0.23765185204986994,0.3110562526894921,0.06627691549553288,0.09392671380664679,0.08703180515180355,0.10844493302108553,0.028189601022925188
0.03642543876395531,0.07458761701172222,0.22907430167027,0.2431652619415091,0.29259196074860355,0.06872301859118497,0.022673917486574557,0.022325607090641204,0.010432876695539106
0.028493863820877485,0.08659693361393966,0.28568964071070263,0.12690707348380495,0.37994771933914157,0.0278380683805679,0.01088057473794535,0.026332832693569664,0.02731329321945083
0.03447057868880621,0.03623230490933985,0.27414252760171637,0.12321094289050277,0.04395721415216922,0.009127123966909104,0.06466015201938817,0.10585297329168213,0.3083461824794861
0.06588267058990883,0.09950886108536523,0.013993474482732296,0.44246668003904094,0.1164617839421143,0.12404620915061586,0.021437656840464364,0.06434868305896164,0.05185398081079645
0.052124964377287177,0.007069351648851456,0.28242530887707723,0.33300726210510906,0.031965395473651785,0.1714566723111551,0.06388563492343913,0.007643209754430701,0.05042220052899835
0.07283086480661721,0.18240920022816517,0.08065678505874195,0.15981822553085576,0.04795201675841502,0.08004026037413116,0.028775970867070278,0.33353884579178555,0.013977830584217974
0.04691932284013655,0.014315109666323711,0.13520563171368502,0.2675892337088576,0.10755240997372889,0.06222077233136384,0.05829960982108362,0.10253755498424555,0.20536035496057528
0.07405186574534496,0.050741043249977864,0.3715690494568252,0.028315497885596157,0.06922580142075693,0.053196733685922905,0.31780772749752284,0.013415555929329123,0.021676725128724077
0.06410746566054447,0.1395663146005959,0.19669667383249556,0.1905013406405591,0.03419254949419228,0.04071775572218067,0.08708083487300482,0.219187557896393,0.027949507280034185
0.036198637800638304,0.02515148063566869,0.19273257700307397,0.3831571055509633,0.027570956768152632,0.167328253368904,0.10645641728099853,0.03761132016658675,0.023793251425013845
0.043180803512765875,0.03508457428070833,0.29951963445435575,0.04142846930746246,0.3348449578914372,0.02385663166643151,0.1037710471730603,0.08679625583497576,0.03151762587880283
0.13407080451161954,0.11599417723956212,0.08119122559173962,0.03926033238758186,0.12056593989859175,0.0948056236235952,0.2749264564709535,0.08169202690789289,0.05749341336846355
0.11578541068628494,0.011355055891760524,0.17076145905242526,0.20692548168959568,0.07804608635351436,0.1303260834315317,0.09806787404835932,0.03492318217612284,0.15380936667040537
0.12813788362281603,0.08853026777889235,0.033656180111352914,0.23719460824790442,0.0967716250268087,0.03429725818399302,0.09214169572665276,0.1840623371143082,0.1052081441872716
0.17654875262575065,0.08655804310784883,0.08737996196782034,0.3926599914839226,0.04253792995225598,0.043769813760656216,0.005115811294864161,0.09975092967843348,0.06567876612844777
0.06465703994313331,0.03729057739988961,0.321272760164461,0.1709960775647402,0.044666041595988415,0.07009124919446252,0.04100618487114682,0.03301072376227208,0.21700934550390613
0.08639560245326657,0.016651298196782266,0.27857506857261594,0.20688187008456096,0.026199872679483146,0.0736472750767922,0.07381853638529351,0.02221039419682909,0.21562008235437627
0.06748454369254171,0.36502411306066795,0.12062527002556561,0.021373116671778256,0.11754465110933354,0.1181169429863435,0.054472570692453676,0.02075533166688603,0.11460346009442963
0.11685719485134594,0.17193132042742962,0.12551253928734027,0.06855761913728979,0.06845697464127065,0.12108779529236968,0.07473172101008997,0.10391345994590899,0.1489513754069551
0.0882047728997883,0.049313629525988216,0.061120669632548565,0.37459875232919865,0.08286837946024826,0.18498905770561036,0.08298286418644552,0.027562163796393296,0.04835971046377877
0.13435477353627928,0.030221630185194175,0.049017361702346246,0.08895172829251823,0.22349296748534123,0.11518005392887631,0.22705169325105382,0.07503108999704372,0.05669870162134701
0.1368487746608367,0.08892796810585853,0.1231838816382199,0.07538668304139955,0.10736440761800026,0.02665717505190483,0.18686226625831648,0.019426918527631624,0.23534192509783217
0.15015573447061045,0.04569191766657892,0.03951693837214018,0.018851963897025967,0.0795287397754845,0.012271168101817229,0.14095819600374052,0.06949595156522438,0.44352939014737797
0.08017275602255004,0.0859392574110442,0.04794275978189194,0.4232306342033379,0.08249794939880836,0.04705960769505937,0.01133528445159284,0.1458010311630449,0.0760207198726703
0.03468193833765821,0.039818279344192256,0.15351688982791115,0.3037959055229394,0.10119731872760086,0.09660230391131946,0.11812370623578089,0.09044352386614578,0.06182013422645186
0.05297227179077243,0.42210099032956244,0.03767031666966011,0.10847985929039093,0.04077285423034757,0.1291606128248147,0.03400444459637576,0.0992241693980167,0.07561448087005941
0.24777089762859017,0.06746819176061346,0.07013920933325808,0.12147810057183617,0.09399419604893355,0.1435717707912385,0.05187007892276369,0.12227711039325545,0.08143044454951089
0.06661409957019954,0.008398808763324111,0.32254799464146466,0.18639642875974385,0.029187785835265958,0.0239985759312826,0.260499372468391,0.005925629280890854,0.09643130474943729
0.3131101331404647,0.08236389274744459,0.02350142062443981,0.1170535029472119,0.13257196521755585,0.11668330320736453,0.06156992102788172,0.1000448733134018,0.053100987774235185
0.25656070778925105,0.20506684683425233,0.04603047681992506,0.129505675965449,0.1318545045140136,0.09774106985500385,0.03578471140683422,0.0382008136072061,0.05925519320806479
0.03657799387987117,0.027463840522612217,0.29177611004576803,0.38803277448912993,0.0367319161626997,0.06432188291599232,0.06975949436743532,0.0496372498819165,0.03569873773457486
0.07117019312527838,0.298062526908272,0.08963879196451592,0.17914846050811017,0.03396133832230489,0.02093400530343296,0.029772785152995047,0.2496369261408576,0.027674972574232997
0.14942887619967057,0.12020566948937657,0.3052515760053554,0.041510627291216386,0.12189688814128023,0.10081937686797782,0.05098063567792449,0.08274104179881137,0.027165308528387222
0.0750726933916082,0.004931504508490046,0.0896144401308051,0.27206652150088767,0.043956326348414114,0.11143994152631193,0.09772678507555595,0.0366888491242135,0.2685029383937135
0.06835988562570451,0.0032090955168397398,0.37439237279650256,0.36572489105876155,0.02404410942481952,0.050531295804311566,0.03102513643954409,0.06811278391237592,0.014600429421140504
0.11064342347850793,0.15948753576829863,0.07877140557929896,0.06697828919641848,0.35465806268880035,0.0904820662748936,0.06996088617171885,0.03968421765936393,0.02933411318269934
0.1266028381594508,0.14659583993064165,0.11485196617382525,0.07984725946133646,0.0561036762504952,0.032070722154041616,0.014176034900568185,0.06819628859635339,0.3615553743732874
0.061950369687640006,0.05226806708581235,0.3048372805497504,0.034168939455688226,0.2201314920722929,0.02993444713665137,0.15159385652433188,0.07363159948463283,0.0714839480032
0.05138333626720502,0.2513678965241751,0.16289210754553304,0.10104208322966625,0.0692956654575137,0.05341718609999835,0.17828724186775635,0.02236793643068319,0.10994654657746901
0.22559507362710196,0.056975222635224636,0.10147490722886238,0.10829489088890443,0.05696038129039093,0.05072547013433817,0.046826250153597516,0.11471393556982562,0.23843386847175432
0.05304347571382645,0.02058898428057394,0.0639302470649092,0.07748256317676168,0.06523069675911913,0.05836584611732229,0.2681591309184994,0.0341443751179561,0.35905468085103176
0.09552782418413168,0.01672869257435687,0.028430086612462546,0.14573122088037768,0.058526973367637486,0.04450402802758146,0.48167466762516603,0.021565300962844123,0.10731120576544223
0.03991319553550768,0.04510919504299029,0.3338813829254792,0.0603641234319342,0.1560222061302021,0.028702278159709046,0.05471608763233118,0.21110239855758153,0.0701891325842648
0.02606015951597559,0.2214776488603042,0.3349365037560686,0.03672634411749613,0.2294150720246161,0.012699857286965488,0.033968706190924076,0.06583843208899363,0.03887727615865609
0.11287054579714036,0.17138384864154277,0.18639340681351516,0.1844301795783815,0.12592921610471577,0.09183684075838634,0.08169760759500594,0.0243345364505123,0.021123818260799777
0.03898206302466981,0.04301399410705542,0.035070019682452984,0.36889070046830613,0.032577584026097665,0.3470307993356947,0.051816520700771106,0.013810410104515614,0.06880790855043667
0.23426984051248526,0.15334168997235212,0.1893405843245298,0.08446401869662745,0.11612065183480581,0.03355703468461866,0.013228540486458227,0.020356130288568624,0.15532150919955412
0.19350732293906966,0.020898114458044046,0.08628592104656747,0.07139062486494449,0.06915966447031366,0.03254304119878434,0.048260615334098485,0.26652717697285017,0.2114275187153277
0.06934265430585744,0.26019473651905184,0.03871084013559179,0.13540937209720227,0.2790968323316218,0.052991040811444005,0.027378088188740993,0.03305094253669027,0.10382549307379974
0.2684776034420837,0.09821334491041438,0.04019742251520769,0.23085559079132176,0.06527778507304004,0.07660905031505595,0.04923289169751549,0.03859203426466127,0.13254427699069973
0.025855587693987565,0.1625951597159673,0.3302106791914425,0.02150822885823549,0.29332407308899583,0.04275648311921535,0.013165261096850907,0.04534808528223616,0.06523644195306884
0.029589071842522786,0.031642875952074344,0.2203247978128553,0.5421950064335793,0.02527069765598745,0.05419129995209507,0.059079928025738644,0.014021213025298641,0.02368510929984841
0.15673918059230108,0.16875806004661406,0.13375252615532154,0.20640352831981712,0.0738767461591874,0.03641880646674161,0.025326863704498426,0.11765132465568791,0.0810729638998308
0.05366904178890388,0.0715503916310851,0.10596963503247421,0.573653440670836,0.035218819769241565,0.08578248188313176,0.006795869244868659,0.03584142043766734,0.031518899541791594
0.10764535491155995,0.11277570100359378,0.08422657453867377,0.38795084334020485,0.05800101311875263,0.05251214968087874,0.07243384885501608,0.08927402943165859,0.03518048511966154
0.08796915010944045,0.009053329955490215,0.3631613348749397,0.23797292112590818,0.13261249466302522,0.022421688764757645,0.037609521954633886,0.03151672839362772,0.07768283015817695
0.22849362463795594,0.09367224110781551,0.07157458961250564,0.0849395646911617,0.1259253857744599,0.04403503655133253,0.13974434196036992,0.0756631833427594,0.13595203232163947
0.1711523773642428,0.033006531056730494,0.04729217401354965,0.12305305900996932,0.17757531912543714,0.013966355262793542,0.01865972687267543,0.352659304238837,0.06263515305576467
0.4488048203781074,0.04664168384087072,0.017101638387537896,0.11605388100857898,0.11465681275944258,0.024263885699159177,0.08759916762590869,0.12235609627175371,0.02252201402864083
0.024353511981556563,0.15795411530622452,0.38461298761161644,0.017317034675672707,0.2769328033527126,0.007776021958053918,0.01897911605417314,0.08832170196174367,0.023752707098246464
0.1336467334898796,0.05256315494957028,0.03789930826176479,0.09257536817724832,0.2387746917744756,0.06506184330055874,0.16358498217326514,0.10430121696828298,0.11159270090495453
0.011727295501438839,0.10106157936857385,0.37178361769582585,0.04254455336683318,0.3950830611485517,0.007920207130952489,0.018085384131338585,0.03601520013957633,0.015779101516909127
0.060438180369724426,0.04629969262927142,0.02181184408793595,0.11266827988983659,0.08086907261915681,0.07299239982214739,0.11303287492238394,0.45424896919769603,0.03763868646184753
0.04259927491629136,0.13895100843225133,0.11812932557955068,0.1437169648185653,0.23696529250757994,0.06703928018583856,0.04409319792651689,0.12306439382982144,0.08544126180358454
0.0627898318320355,0.0910510528928739,0.30636496347341463,0.05203263912825518,0.09970242979162453,0.04199200314994442,0.08529178882130939,0.14203272963099822,0.1187425612795442
0.08412808569225151,0.008091112598793611,0.20636567717539248,0.18301186496732325,0.05482470959566108,0.0844866068924125,0.04785626871383274,0.02095006165057342,0.3102856127137594
0.06825799763669872,0.12673858065001653,0.10696479988120929,0.03686026875655011,0.20551730835851134,0.13535786477790718,0.2132060175590793,0.04888043600182202,0.05821672637820561
0.06374224671262461,0.07852488359832768,0.4254977918205245,0.0640568318635392,0.07584431128593659,0.0991604372091825,0.03914673629055509,0.06307543869206052,0.09095132252724936
0.06655990350366991,0.049975564525955585,0.07219700507221306,0.07700072517117555,0.09079988917074383,0.07799903767397502,0.3043550774631842,0.11509370999784667,0.14601908742123618
0.10840961876675774,0.050586666729393076,0.15233977610395646,0.02999730368489578,0.07020083060416879,0.08597693765316529,0.1814293605098122,0.15523244136656505,0.16582706458128563
0.25090722706189533,0.025930422720696077,0.12804248781270625,0.1287752516361688,0.16228075841452402,0.019130664828078025,0.05879187706644038,0.1028757937250669,0.1232655167344242
0.06073809229122295,0.14349136200190402,0.06429766913782471,0.31434486007829276,0.08664258372169793,0.07847795963154995,0.015410284951599745,0.01188284346337939,0.22471434472252852
0.2811126367277504,0.06897996992687602,0.10866537967542333,0.19033296996617177,0.08768723468172261,0.10956129642828975,0.05048124496476867,0.06403919286237215,0.03914007476662528
0.0650525548600781,0.1244359803728735,0.4031175457719205,0.09728624136303082,0.08679811406485255,0.08009282840887265,0.008859386741845561,0.01347969829365569,0.12087765012287062
0.03878570520380893,0.014954156922431289,0.34648509549287904,0.412991528621464,0.04082276871834122,0.04432089060536751,0.04820668019168948,0.01580754359574378,0.03762563064827482
0.04647386408589649,0.2014064759033668,0.2924093940229437,0.20074224256984738,0.03769428750348965,0.12300280587535055,0.07391717265369989,0.017209594569051526,0.007144162816354073
0.04755149625927732,0.052873920154552195,0.18668343275288776,0.08090892510770382,0.34365180534824596,0.08347216298462988,0.03400647793757632,0.1390528359766712,0.03179894347845557
0.04219970297305026,0.12620961896086805,0.30846932477879724,0.041910208045073914,0.04360255916241293,0.05218937353687373,0.25510761304520124,0.007430599539084864,0.1228809999586377
0.04014722596257007,0.043874338855413336,0.12783840118815412,0.10209064307967597,0.10352965420788511,0.4854345445991523,0.037529741100760766,0.028330061258137557,0.031225389748250686
0.10219397017113728,0.049540665810432954,0.05264492110426074,0.23466367615880987,0.2529956829272883,0.11499278947009771,0.0894442938198664,0.02389934468070884,0.0796246558573979
0.14812054305278352,0.13959276225072595,0.16798603350421096,0.24978204542551005,0.138788185379754,0.0399047337569895,0.02492278607696874,0.02777095325412197,0.06313195729893543
0.12409440101978843,0.09634648192052254,0.27389990414466453,0.0679628209269089,0.06851854803600213,0.04244882618267834,0.028896268728282003,0.16383375826447064,0.13399899077668248
0.11099909388792305,0.1305363110087432,0.18296311130988097,0.07712684668438309,0.08917070959133688,0.06231039593445281,0.0742308411805825,0.2017766497951239,0.07088604060757357
0.03496410304020204,0.0502945980059123,0.269756947821004,0.05651838370895162,0.04471547137380411,0.16101499223893426,0.1405518028436563,0.15089394132371164,0.09128975964382374
0.0519358318037371,0.2602405497865621,0.15346983028853142,0.09202056635811257,0.03538322793526939,0.0529524360952213,0.09834238399001104,0.19774721549730465,0.057907958245250434
0.042805342495209446,0.07723631856752654,0.2706646909970601,0.0899777557686623,0.2404124227661134,0.021284325944375956,0.07642035853735055,0.07964741452078304,0.10155137040291871
0.036596846625653184,0.05690607899965781,0.0920140111648166,0.5260693712157231,0.03336401593340881,0.1161381574741218,0.022329741486052348,0.052785413619240995,0.06379636348132546
