0.09691310982792634,0.08745323568026042,0.13870054913923616,0.04672744700942738,0.2159759033972949,0.12905134637482826,0.0571448777304275,0.09957238833914595,0.12846114250145316
0.11062824244580521,0.22219493698753676,0.11952824332997698,0.09514583954195545,0.04057100544564287,0.08236526246071725,0.0474202753040171,0.22255838710026,0.059587807384088386
0.14828830993292486,0.03325348204111812,0.10220070313174388,0.1181871013777257,0.027446363984029606,0.0985762235414674,0.3211705585395726,0.06357933442915513,0.08729792302226269
0.11255700457058626,0.08458821825611113,0.16278187611793102,0.08501490736751344,0.061919374842089085,0.1000669948556016,0.07042443138702777,0.13422181445560266,0.1884253781475371
0.0891209227170413,0.12586327205156025,0.1247514603824393,0.09539944823614449,0.16381878617799556,0.11841599776056484,0.05217472704160588,0.12365309707595647,0.10680228855669194
0.09296671559652762,0.045578409333491,0.12200734443664067,0.1918559081172955,0.049107456476486365,0.1235887835015983,0.05148708376149189,0.1571150339325361,0.16629326484393264
0.07687731636129008,0.12792447877236734,0.09677774323314835,0.05985348653188358,0.027880497685312162,0.09065191129712609,0.36361169426821904,0.06947917073914629,0.086943701111507
0.15043944240455784,0.07403696243193819,0.12175788817785822,0.08660238890321921,0.15548309200941016,0.11867689083618627,0.059342999359754324,0.12014175427286648,0.11351858160420926
0.09070845462872934,0.09765182289512198,0.12330561840592402,0.03874739425067728,0.15320705817595048,0.08831655566903722,0.06131672378865988,0.0772495226756483,0.2694968495102515
0.08961700840658261,0.15988073163598826,0.10338026765123921,0.0493725003691125,0.2828195542739395,0.16240890071760566,0.08774937899471659,0.027138989880523236,0.03763266807029239
0.11231329915569162,0.04289311632778028,0.14002170365547362,0.13672818914248738,0.09970504080623609,0.08347118039374059,0.06177581972909818,0.1308071278380078,0.19228452295148446
0.0877287450328078,0.060052618345304926,0.15305262300896466,0.18726507267522688,0.061739743798574824,0.09914669295362118,0.16920027770634669,0.11806759523167006,0.06374663124748299
0.1336449262985879,0.06516298049344586,0.09280749590638805,0.12704768319374568,0.09118773282650305,0.08782833456721241,0.04695314425384987,0.2251520530593417,0.13021564940092545
0.10434490197107187,0.04093179466427744,0.07831841749498018,0.18097296328474696,0.07270638459708337,0.13791071275258657,0.27110169722311345,0.043748723256924145,0.06996440475521598
0.07750613313516953,0.20763665820452082,0.13795596879451236,0.030636370171043193,0.06405511392717687,0.11030377402042657,0.05805815703297614,0.18000011921924886,0.13384770549492556
0.10171511422663332,0.140387065920778,0.1113416353990087,0.11791556805479553,0.20858529868419215,0.10998511736759124,0.05576238056161431,0.10103496834800955,0.053272851437377255
0.09188911619028123,0.07078050141525619,0.13142748646370397,0.1299191720638033,0.10407243981381442,0.12635441140090276,0.08303632642622587,0.08974785190336237,0.17277269432264988
0.1761309184559542,0.11045213101764477,0.09442653918143713,0.05624096842766905,0.07111922054148931,0.12429933270274039,0.11273590690629635,0.10198189616256005,0.1526130866042088
0.11188267073617299,0.05263577357291063,0.13186019602046903,0.21949266150656507,0.08467933487918405,0.13211779007518418,0.047353781681708375,0.11406524272882534,0.10591254879898034
0.17594196063283218,0.14166712273004364,0.1191766818501887,0.09790261077097939,0.031407938571016085,0.13593019973015932,0.0754526266603651,0.08375849469433842,0.13876236436007708
0.1246502233798694,0.21995291060172015,0.09443759958167004,0.03171454227715726,0.10841331288726157,0.08100068456006125,0.05866766783313678,0.14821803564271754,0.13294502323640597
0.1430913624368272,0.08176526400550588,0.06346552374675711,0.12482593549603098,0.07358038598601885,0.12329814895832673,0.3059052637468811,0.04060151206246611,0.04346660356118603
0.07586536306571329,0.10150309465632386,0.11553152954621941,0.354124400932998,0.06368702295062344,0.10013925720077733,0.08774769073855958,0.07404299613806314,0.027358644770721908
0.08581867998891259,0.15152675142779282,0.08330794281168086,0.2567279284985923,0.0559427499647878,0.13608972810512812,0.04334341781829811,0.0921184731357062,0.09512432824910122
0.12723000883457616,0.04661197977233723,0.09582644436326787,0.08790783269927573,0.1653172969098099,0.1501755982907235,0.05567274444427115,0.11368934125654939,0.157568753429189
0.1260528034165623,0.0648444803541796,0.17182931147603978,0.09984921884207228,0.08152504226977848,0.08791423045382964,0.07062078586340866,0.18119386305921906,0.11617026426491006
0.09168265463794319,0.2633145513770023,0.11939751725578435,0.0665799236603337,0.07703713142512879,0.11560862259469813,0.053305637618958214,0.11649627061778307,0.09657769081236818
0.09172403006502793,0.14743121099038034,0.13297446030519808,0.08599499117960847,0.05250690766166995,0.11163462411986118,0.06623185581861978,0.07104387304905678,0.24045804681057756
0.08953285863268418,0.07513955831484771,0.08258923431944105,0.043768521935908196,0.020520644283893764,0.10716816219251461,0.47217370762530936,0.05880399108073072,0.05030332161467039
0.07454535967745822,0.09834495673128829,0.16305630915947758,0.15758446889005576,0.07263726527021223,0.12034689598383945,0.1659356154857977,0.07120477541024173,0.07634435339162911
0.09913511534943202,0.036145801478729214,0.12251982666588179,0.117789516311187,0.14416678727606147,0.11318968765799757,0.03732076569395317,0.2294406382644324,0.10029186130232544
0.13737452939538172,0.12409502978310001,0.12300250199958103,0.11206331506096286,0.08103229126986006,0.10475365432442907,0.05464188292764736,0.11993149475286262,0.14310530048617523
0.09416936273664855,0.14715154022246946,0.18037524536276084,0.062420653312130585,0.15602253851704254,0.08758382145741934,0.06775256905668685,0.08550316756874575,0.11902110176609605
0.12372796153359,0.19544669466102857,0.11853409160389206,0.11598403227695801,0.04527082602332865,0.1314566042171442,0.06261770679592339,0.13089491754311186,0.07606716534502332
0.08307141608168618,0.11831955497541025,0.09753062886690188,0.20730582575062573,0.07134164046216869,0.13593861726157197,0.0876637783999122,0.09916100449290738,0.0996675337088157
0.09408433925003222,0.050084537736474005,0.1380237342497025,0.09570276203848756,0.0927373197521245,0.11346089183664317,0.04807955660952664,0.19022210007075882,0.17760475845625065
0.1131156573511674,0.05509194221241847,0.07528342317907767,0.13060406726170706,0.030691318269525453,0.11132978969231554,0.40834402810048137,0.030311425262727842,0.04522834867057907
0.14030608400302855,0.16898221889405318,0.0969855064015168,0.08412970681850905,0.023516218084163484,0.14519571261331876,0.1709236510189104,0.04299859040488636,0.12696231176161346
0.06780916418659128,0.3962798763257462,0.10269832571338418,0.06504302060040708,0.03862918269265268,0.10594808609078922,0.08577759588731927,0.07223076994524309,0.06558397855786686
0.1358770001297829,0.0765224592260724,0.1466011463629965,0.10811513830615894,0.06823033418409313,0.13060712462179372,0.08276846126853209,0.1552298877171254,0.09604844818344493
0.15826188534950872,0.06773856690490915,0.10045686582228674,0.12018820117171096,0.08511448934175075,0.20423404935388792,0.14216874566316037,0.03984499922136401,0.08199219717142144
0.08472925707106495,0.047349749119241086,0.12153643396640974,0.14997279040467193,0.031370118011176965,0.12069466979365773,0.10124041288332708,0.08388839252075155,0.2592181762296989
0.1069739393931388,0.019451313425304637,0.1045344359200303,0.0889675284334207,0.08503961613889877,0.11520941984403275,0.2553913062653658,0.1024932929441723,0.1219391476356359
0.07300514055185664,0.2782718136344076,0.0937845386662795,0.10828713098024097,0.07457468461934323,0.09969916616467313,0.04382491414904934,0.19092827188173797,0.03762433935241153
0.08447050154311331,0.09241471342444448,0.14921564182912586,0.12244924019794977,0.04215721967312459,0.12348563757940743,0.18811869636224934,0.08251784178581059,0.11517050760477461
0.11821794250734531,0.034596388176089024,0.09220233641683394,0.12101083818582482,0.03651862326199148,0.1013450129552379,0.3078048306421113,0.10566615419607461,0.08263787365849166
0.09645205036605457,0.08296911110289094,0.12934680096740248,0.05488855122609718,0.08514658578090673,0.1714911078150533,0.05916086099586972,0.16757768471965961,0.15296724702606546
0.09750589565697276,0.17757113046756126,0.11651865743772083,0.14944425393342617,0.07515826279965633,0.10632706536623156,0.08452817404211839,0.04964816274982153,0.14329839754649118
0.14180749472313503,0.051532878126119785,0.13604742088447144,0.06402803146185203,0.033799554462033546,0.11105118546629933,0.06964522262578311,0.2695593629145343,0.1225288493357715
0.0791242476225022,0.19629437303715977,0.08700656928168266,0.38336295307518625,0.02591160647499852,0.08430871217343057,0.04712925058750297,0.04660717572152542,0.050255112026011656
0.10690754461146634,0.29846891794461333,0.12860968831089245,0.08243682372205047,0.11243268258529693,0.0812601336670117,0.0385463658762091,0.09792387254014902,0.05341397074231057
0.09795053301445522,0.0810049430049326,0.10677288123245626,0.11663336066008285,0.12860513796384318,0.1293510624766029,0.06016357149973232,0.18654533068195897,0.09297317946593564
0.1300318367174123,0.12513153596698537,0.1615711886888281,0.11732599740553129,0.03923260173211033,0.11283693235502242,0.06672953874624256,0.051229254371321496,0.19591111401654615
0.1627499181970735,0.06144367769003162,0.08147825211803496,0.14565396571760825,0.12228957196779311,0.12800757825493975,0.1078465438677862,0.1288900421517821,0.06164045003495058
0.11087806150860645,0.17205491931361003,0.13114526005022178,0.1051338710614047,0.061081922788070835,0.11636932785284254,0.056835954078556204,0.13501830358289382,0.11148237976379365
0.10033060214569361,0.10047817057979265,0.1518355695516918,0.18390568538890592,0.07108771168317983,0.15169397221726547,0.07585200082264572,0.08263471136258098,0.08218157624824404
0.09381844300580501,0.0810562413348066,0.11887113370622511,0.055725446321478495,0.053656669475198406,0.09138919475269851,0.08117576840668142,0.15515356770948638,0.2691535352876201
0.09551504655759209,0.04441512842781381,0.10477598573415704,0.06707580602395057,0.12349121287876431,0.09186578250638223,0.3818078899502067,0.0437441003507881,0.0473090475703452
0.10946844360721725,0.05992952631837325,0.11920812313884088,0.2610600959309268,0.05148793980136551,0.09855909954227059,0.2107128707740924,0.05396170442866747,0.03561219645824587
0.11377447533481694,0.07417530804872292,0.13024176722282568,0.12797861065605445,0.11514834533558838,0.13675939579157975,0.055245694359012304,0.18822417264332247,0.05845223060807706
0.0895784613277541,0.03242364712580667,0.10585920860732569,0.1627934459631555,0.031119501470828124,0.10828545537425098,0.034944503769929136,0.2366151268439652,0.19838064951698464
0.11128866040323242,0.11034989303674729,0.14746128758920835,0.15963555187024767,0.036597843152026854,0.1169892941403576,0.04938514342267033,0.22492602378572404,0.04336630259978543
0.09957742090290327,0.04978759964107133,0.08754532649362667,0.07561994380071906,0.2582040389305302,0.10505566168363534,0.16176354530980988,0.11449918909194688,0.047947274145757446
0.10962376869220214,0.20535051687977982,0.11227402743933317,0.06315064090549709,0.16629707093602306,0.11862104045281058,0.06048074526455847,0.06302946617223054,0.10117272325756521
0.08832111516103348,0.02315817298844561,0.05726233469936572,0.05227957905997465,0.02240010458790195,0.14663605298629367,0.4576252965419836,0.05679350984261644,0.0955238341323849
0.09470873272156334,0.21218943479801003,0.11886073139150126,0.0661164944513332,0.032782209986794396,0.13031298060604804,0.1084209632874807,0.07690421992443316,0.15970423283283594
0.11311904313615868,0.0779520590008699,0.09466835472976289,0.055952272898041604,0.2034154648532748,0.10307599701905228,0.03053078404998354,0.1815452172734445,0.1397408070394118
0.1043639183562927,0.054375750720340454,0.1296074578454873,0.08162153940597267,0.12497967935852372,0.10118418421075569,0.05944049099617831,0.15744540513265523,0.1869815739737938
0.09355326077439667,0.04529257897602781,0.11517455073748796,0.08498124039190343,0.15244359252566694,0.10956201530497285,0.044137865076321114,0.18529561458483398,0.16955928162838926
0.09650357236248576,0.2456380780786002,0.12016880617949333,0.2088660601504958,0.056307926941924775,0.10071196274853432,0.032708509370477,0.08947981144188964,0.049615272726099224
0.08873826802583161,0.07305325926333706,0.1424643528576757,0.04532212506004114,0.07657014449688748,0.09761328956068001,0.10922612059220842,0.1945274005893348,0.17248503955400385
0.08981969969804153,0.16202742999473876,0.11031002503176557,0.12173774413378602,0.2891505209090326,0.08550297539628678,0.045847598508346486,0.06584876903465502,0.029755237293347263
0.0882703574311983,0.2532049459364761,0.12406378506999753,0.05642547756697713,0.03452597267558636,0.16371699641008589,0.08383478152471147,0.1304545316842489,0.06550315170071845
0.1247129462914418,0.06306019752330834,0.1220707898378088,0.10424115186341137,0.18293699693997637,0.09633953739916586,0.0482255630415512,0.14280182819191906,0.11561098891141723
0.11408969140051539,0.12148187211936685,0.12946117616313763,0.12429254885134566,0.08631487612924954,0.13134629028776126,0.08982799859435968,0.06254861936530882,0.14063692708895517
0.12478809342017098,0.06590294819149463,0.10725831727935448,0.06473061313717406,0.16624992869977562,0.11995282878104112,0.06545736138534765,0.140425002282729,0.14523490682291249
0.13320258931625165,0.09357514236026616,0.07757465962715923,0.12174793909841053,0.022502549717165598,0.12113400050356893,0.20364772187093708,0.16705130605810178,0.059564091448139046
0.10466747808420972,0.0425395132889716,0.17093507923772566,0.04675792683340949,0.12002961229611431,0.11135961236152438,0.12840253104434807,0.10062197642643082,0.17468627042726595
0.1565380224187636,0.07657166532684262,0.1231651804120077,0.05938521212762052,0.08340759322827614,0.0963739289015,0.05581474213673798,0.29101417291839166,0.05772948252985979
0.11258436286442101,0.04216054479714349,0.12413486241022205,0.10283924969008885,0.044436362080776996,0.12282797111123715,0.052733521520054775,0.2682785170269662,0.13000460849908946
0.11399344264636485,0.05117942342305453,0.11622164383513674,0.2576052117085584,0.11087093308731193,0.1020146991688673,0.04828165191526992,0.1018072241791003,0.09802577003633611
0.07430652962861549,0.26551117464911594,0.1255969553693147,0.0848206364121311,0.0742271578116818,0.13753919355905472,0.09921624944052393,0.07262181525238447,0.06616028787717791
0.10519444073480955,0.10927237979833611,0.1917616010585795,0.1050307197337806,0.09050819412243061,0.07950223297040555,0.04429163722512871,0.10579058601733397,0.16864820833919536
0.13443986694543766,0.08898340946956658,0.08047401355242867,0.0668634135059391,0.06403480490170678,0.1810878176771533,0.20565745415395198,0.13088435286516295,0.0475748669286529
0.11691588853572081,0.11519778401636781,0.08810262496973754,0.04860166686740649,0.1974362188918519,0.0875127374238361,0.044143587938730515,0.0856328183884123,0.2164566729679365
0.14627037468080872,0.1726872201176206,0.11152289590970989,0.049522940895588514,0.020747994633621397,0.12414125597560736,0.21601437283861277,0.09562528223207663,0.06346766271635408
0.07838022663497997,0.23826248207251388,0.14425699398725914,0.09546812833128081,0.09114518526949954,0.08171928053119022,0.06263531514131183,0.1489106213453398,0.05922176668662491
0.09771212097470271,0.0358024560693829,0.10903608417006162,0.3327892981713913,0.023286219837065147,0.12259119299219136,0.071595584326991,0.11651022633124829,0.09067681712696563
0.08910613314383908,0.01658155853500161,0.0955063470021414,0.15509606584822136,0.08671651776986172,0.10406718337922294,0.08282638441929406,0.12326190669874448,0.2468379032036733
0.10610978945493939,0.15525044306042202,0.09507909706254193,0.04994414959331931,0.012276890047060689,0.11535079824726678,0.3387702496657214,0.05830909473306606,0.06890948813566249
0.10287940855362655,0.05709686614715607,0.08696425018639913,0.16726362654017515,0.09903116650344874,0.15366133759924486,0.06960476686492209,0.09537177302864737,0.16812680457637988
0.14633368485233578,0.17432206658881325,0.10277114815972921,0.06702841676204824,0.10491628938905018,0.11227635058639562,0.07731014110978358,0.08595358953315774,0.1290883130186864
0.10591533630134316,0.09726216456736747,0.09752783965737499,0.045348415617788296,0.08502708036892055,0.14019159038933837,0.05329981354194291,0.23210545150272344,0.14332230805320081
0.10184808407595136,0.04413205749999046,0.12002305440528473,0.12036622885765529,0.07005985901754844,0.10426308748512025,0.05694352752988737,0.3044853871560969,0.0778787139724653
0.0981697712689452,0.08008414854005101,0.08830715377143361,0.12723412874172105,0.015460452634780757,0.13628817187106146,0.3171019084968485,0.11305933262246881,0.024294932052689622
0.10244099360029502,0.29881847344275403,0.11311211599711307,0.07503511249692393,0.036232941197764094,0.10713404940038183,0.07738847013013424,0.12521507353889313,0.06462277019574066
0.09864555473223191,0.029090938998946356,0.10436916295012322,0.10721220411173159,0.1763306611111909,0.09293297781619225,0.05340135364208767,0.2336547205732209,0.10436242606427522
0.10313936799534547,0.09519130560599066,0.09982631436784035,0.2150800532642457,0.025084700770695495,0.10717408609691843,0.09368759543736595,0.13120338992940925,0.12961318653218873
0.11315525613782067,0.04499556518212027,0.08428113475197763,0.044947145658823746,0.04609572369813164,0.0964329158562689,0.4659299004761867,0.054752226383124915,0.04941013185554555
0.1233893386776045,0.2875759100173524,0.08551918370275396,0.05954456009747785,0.023777662982647118,0.10912105492628883,0.07593082551335102,0.06392462799621644,0.1712168360863079
0.10845672810753243,0.1587347366392712,0.09550008435451159,0.07513436551349066,0.1534240952065803,0.1485663891108874,0.028545236968165893,0.09010822963504518,0.14153013446451534
0.13615605514351165,0.07847835422230205,0.09153167031942655,0.05538382369742825,0.09403348846457886,0.11003063611809927,0.17170186387598405,0.09286521914094097,0.16981888901772832
0.12771130545656362,0.1433822476106882,0.08332558642526154,0.12101446130514555,0.07385143050348453,0.15409914284609935,0.04689007887363259,0.17080141899257162,0.07892432798655306
0.08316490223353575,0.031628025347589565,0.11094442746148363,0.06089260994269443,0.38364960779218765,0.07854314948989526,0.04968468299695642,0.06961452862656128,0.131878066109096
0.10362939226775873,0.07223125412632925,0.13499790057605893,0.10901306221900754,0.15121987394739445,0.13529404532411662,0.05866207598409392,0.08813455041840673,0.14681784513683385
0.10803617827755922,0.12509859294553047,0.0958338805635099,0.05616674974954885,0.029954873465147875,0.12322147611705209,0.26117856987307553,0.08455751848474446,0.1159521605238315
0.1418866281916191,0.02597788085245899,0.07939853180282978,0.22151365353273614,0.023827990643740245,0.11671807287664603,0.1137491912341785,0.23332208434488377,0.04360596652090754
0.10935486118791306,0.1251856129720618,0.14689257519685786,0.09928076697716544,0.07202551274152556,0.09321628424493889,0.05364359430118678,0.18122146632226457,0.11917932605608596
0.10794487479166404,0.17003792596694609,0.13112084037834873,0.19693451293874023,0.08265467012184657,0.10544449617824779,0.06469029318357862,0.10452741055960141,0.036644975881026574
0.14265949249654608,0.10079985177825279,0.09441104406275914,0.07183738540950593,0.2800469328988046,0.09863125386404831,0.06509688392657276,0.04962191152427071,0.09689524403923962
0.07173003495990693,0.12621802271473706,0.09133046409957529,0.03233593503786057,0.0815602213122864,0.09067066716592818,0.04399322338389747,0.28716906972449074,0.17499236160131737
0.0912289399839455,0.13259179767610696,0.11136686811446334,0.09781136656001677,0.20312919600848692,0.09546632495788916,0.05650274091272278,0.09371751785824693,0.11818524792812161
0.16194689018046474,0.2681876273880379,0.09011599551927929,0.02939880017496192,0.06778336056601529,0.08677494895105144,0.04297794357632496,0.09155250791999998,0.16126192572386447
0.1289400789066997,0.04463614996793589,0.10898178455724616,0.12535644004934574,0.09856890925227728,0.10784296485339369,0.0671121269667524,0.17775251801605538,0.14080902743029383
0.08554497798878526,0.17409583099605452,0.11378637429515907,0.16724163789797752,0.17998401810940365,0.09848555457460072,0.05152124443348061,0.07204674003394262,0.05729362167059598
0.13783982882603424,0.08035736559995661,0.14630328861275999,0.03911222596917257,0.07335742014933988,0.09473920326000453,0.08755038896458002,0.23423606206351966,0.10650421655463259
0.10565987051576416,0.15187540127642177,0.10518116615239255,0.08722808103317954,0.1599244149663872,0.09766960759530778,0.06859838131398815,0.08985627093779118,0.13400680620876762
0.09687191237605586,0.15764670964576935,0.1333332819057569,0.03994327669630386,0.10324042541940977,0.12700042608227644,0.04557033169909047,0.08192830905123051,0.21446532712410682
0.06654328179074841,0.02976848367509789,0.08558843743976441,0.05233125216923521,0.3882858476505448,0.0907269510265624,0.03910656765291928,0.04670716070110279,0.20094201789402477
0.09560201742589629,0.1413259037808614,0.10428686302486195,0.20740077205895746,0.15185585608732613,0.0992656103569242,0.04272030008149885,0.057641036658754946,0.09990164052491884
0.11577271235080595,0.13310259335392435,0.13436452319090256,0.1511382946505353,0.049148850858047134,0.13728381980061957,0.09969058206408206,0.1039599943067492,0.075538629424334
0.09868999699813254,0.1526477185112551,0.12548712236201034,0.10126290562311384,0.013402878972807035,0.0961343405692681,0.14835381009954338,0.09252389188004122,0.1714973349838285
0.12582020183266457,0.08420447051342976,0.08766503752796194,0.10931257754685149,0.05774582646570565,0.14880244581624902,0.2481026228765899,0.07284850545407717,0.06549831196647059
0.11600348236732115,0.2993129841885493,0.10261781187422285,0.1760509793169073,0.01938873360416732,0.10248373788398495,0.04625309108142772,0.09806119094784681,0.03982798873557251
0.11981711142980594,0.0874597360631496,0.10719216498724443,0.04891611280148895,0.028327026458007967,0.10120683491223244,0.04483986815179769,0.19851467884413468,0.26372646635213826
0.10272358275347347,0.10038327055862577,0.13371287307348187,0.09001704013079097,0.10576186939601014,0.1286729873518758,0.046567247309984176,0.08766311403887157,0.2044980153868862
0.10179957707073589,0.07982326370953276,0.13857070483759545,0.13807777304969393,0.10413784866773361,0.10992520890210516,0.06683223648204141,0.08942937958318638,0.1714040076973755
0.09093416464063814,0.05122167141188997,0.12627684923949758,0.05931739025327471,0.1588819181980691,0.10334171418250886,0.05928138954110659,0.14307369170104867,0.20767121083196646
0.0951926132848397,0.18618827196485746,0.09806411685585643,0.13986941231967376,0.10971667584179194,0.10913534231610593,0.09333234154281235,0.07488094140411967,0.09362028446994286
0.08050265591174967,0.17836386683444774,0.14818013881691036,0.05821712412477981,0.10447179053561041,0.1606205653839068,0.0637767335209101,0.08021279747923261,0.12565432739245244
0.08164227476569554,0.16535269215844817,0.17322763864739857,0.13368365570206633,0.058401871029755185,0.12506899052332282,0.036839226054863956,0.1483139775834508,0.07746967353499866
0.0807930089177236,0.10838452429846629,0.12466151660427034,0.24729664450221786,0.06482845903311217,0.1012141746124152,0.13278480211284235,0.06538360132697703,0.07465326859197514
0.13994266723307122,0.08328881864356313,0.13109554994485698,0.12477816422467373,0.0605014565411389,0.13082834634345528,0.13770660659122466,0.037340946276354904,0.15451744420166125
0.08045881693750573,0.048593916740891564,0.10956175704554648,0.19707455148950528,0.23256355366706524,0.08802694810869528,0.033754173671336034,0.057948843867890266,0.15201743847156404
0.07715401000842509,0.07813029199691761,0.16683694520660683,0.10583557714381221,0.10087630191727194,0.09283300567308737,0.03584280946126545,0.13954516742003045,0.20294589117258302
0.14482691362456987,0.06855036954626925,0.09228958072738104,0.10455610503859568,0.06155558188792865,0.1271146935003969,0.20315700334137676,0.07346787283711004,0.1244818794963719
0.09355644694598475,0.09860915933442331,0.08604723580315314,0.04124168141863008,0.17202276644708178,0.12364186843231306,0.05958625955931778,0.21678679544519952,0.1085077866138965
0.12668835514425422,0.2419309477950098,0.10946884819310365,0.10354479084691004,0.06612933101412914,0.11513615753175062,0.11232595699605596,0.06219211515239417,0.06258349732639237
0.08946213013645858,0.10544816948000384,0.08541292663988621,0.1006625420369247,0.008108377038010062,0.13500024457553791,0.3564405955481303,0.04583562324214216,0.07362939130290619
0.11735430441971621,0.10836471405316377,0.12057743823792673,0.1546830656209147,0.026845336852582738,0.11411588011522061,0.08511225889958819,0.15420276148565856,0.1187442403152285
0.09649562309252548,0.28002980387507126,0.1186093181540868,0.14093506237941397,0.03469321409255694,0.10484939155440354,0.13425972417041968,0.05343909063109358,0.03668877205042877
0.12028120116335571,0.070350162237264,0.16035403244942228,0.04771525768681656,0.19490307653747538,0.10479379231553458,0.11967844318899602,0.11781475599638726,0.06410927842474819
0.08139354767808427,0.06762348201907466,0.10993448093479186,0.0551689856973017,0.22760132528554156,0.1055143565441707,0.04695912996205309,0.10564093796835579,0.20016375391062627
0.09750613074431236,0.0602593461103463,0.11377110092648511,0.38508228735221,0.055320579103255905,0.09177600263800124,0.04240588729465286,0.05106787855890091,0.1028107872718353
0.10363190061162536,0.12552001492974615,0.13549729192220453,0.0530633776915003,0.16128358878010687,0.10542534690431808,0.05353352520873019,0.13404531289742685,0.1279996410543416
0.07429761233165093,0.10279174839450474,0.10733197734435108,0.16599034548480404,0.1741640025516419,0.12853974120605494,0.03690638361094655,0.11451389907924857,0.0954642899967972
0.13293034810783613,0.14605035232754301,0.12865693948464726,0.2813943919800068,0.03457791396463299,0.10160341680320394,0.03947428382322699,0.06331405486165771,0.07199829864724505
0.10716198217017285,0.09123106492735289,0.08081717925418914,0.10398606157705204,0.028816507942588044,0.10266400487247657,0.3923990243191684,0.049706040452074995,0.043218134484925036
0.09243571820330576,0.06028757846765461,0.09315840095720378,0.08006030156418711,0.33911844739668795,0.11491501025445296,0.062475569698129035,0.0890775327846916,0.0684714406736871
0.13417799099643407,0.08828628015093108,0.11911784876131504,0.22780647071069526,0.05164780199422842,0.10605784040145817,0.03836212440927708,0.08401289266138266,0.15053074991427817
0.11120245167924658,0.06499606529156002,0.13528345423646193,0.0769030627938858,0.11992092840481332,0.11824075059668127,0.05045775288385487,0.11826372745411184,0.2047318066593844
0.15534458597283898,0.08507800415271138,0.09789119675012847,0.0628490747950143,0.09692564431430961,0.09134422008995274,0.03219698247015087,0.2902290262858503,0.08814126516904332
0.10159631753686867,0.14236626969372276,0.11427140028258913,0.22131898712668163,0.01943770803170994,0.11171424954386677,0.06459210106561726,0.10333618922786052,0.12136677749108322
0.17345097074557655,0.07093007370395839,0.10696751727324787,0.06992353857562957,0.10854321837366238,0.11092752912571734,0.12624659409974323,0.1741704469223904,0.058840111180074255
0.10125199045573553,0.06810216422653306,0.12430702499915165,0.10570495910021753,0.04250403883829534,0.11016806798489921,0.03826616389980302,0.25967133971265405,0.15002425078271053
0.09395884461078292,0.13870596687928424,0.10128736847278792,0.07151925056851087,0.30451594655060216,0.09561233570762463,0.029892144613605492,0.12384623463886645,0.04066190795793533
0.07918393566068906,0.21674432537617724,0.1016491896811864,0.20334167118563828,0.07365328773697809,0.11771851594644517,0.04643567524374495,0.10554180465644865,0.05573159451269214
0.1065452342150771,0.10016484305489672,0.14293075608605876,0.06986854175300582,0.11298333545060413,0.16342600940670546,0.1409326390610832,0.08922690743714455,0.07392173353542436
0.09844007145521023,0.09095450566153503,0.12908266808063285,0.10670440891884869,0.13883591192900804,0.1510294799131707,0.056808644968511894,0.1411395174670155,0.08700479160606704
0.08759865224263519,0.050512694565675496,0.1439960924213224,0.15681558292926542,0.14809471197205046,0.09053803712996579,0.07102002508305345,0.13946047849441903,0.1119637251616127
0.116588094422079,0.05659363362111553,0.1205562373967201,0.11786798234054759,0.1403992321468294,0.13979134721709616,0.04827371420626531,0.13341534911897582,0.1265144095303711
0.09418275986933912,0.06702204185683293,0.09045893415368578,0.07225522639958687,0.11444094186621827,0.14206741757257527,0.04698378214519994,0.09234985388655233,0.2802390422500095
0.11937888628138578,0.020122689642460462,0.07906687083310208,0.16890268265081979,0.28422178029530726,0.07149310930869139,0.04898855197717772,0.1358487948558285,0.07197663415522704
0.1080307862428619,0.08391323564243912,0.15023053793606808,0.0845358080600745,0.12908476717703637,0.114723257976997,0.10823031194227445,0.10884073029216229,0.11241056473008622
0.13519095136883838,0.06905204379632342,0.16795685618948333,0.09779863453180028,0.06852391940151326,0.1441217614151479,0.05107955118475114,0.18141370962232872,0.08486257248981362
0.09601030713125029,0.11200782839966576,0.14321669204530585,0.08861077024636216,0.16036518656653787,0.10881507074012649,0.07542685111865235,0.13828688282145749,0.07726041093064173
0.11037339401532408,0.16575054716027826,0.11832046817475357,0.11936117417331293,0.14169556338839875,0.11795719549368062,0.047316319704517794,0.12576657103687802,0.053458766852856
0.10838279130515448,0.07147609156036804,0.11230826080886804,0.08141313725631123,0.14118187918921668,0.11947698490657595,0.10947593497831072,0.15169597927200942,0.10458894072318543
0.10118299920480117,0.09888483370197043,0.14077028244638068,0.12331725950325483,0.23274879186569317,0.11021234595425422,0.05741357316568992,0.0653602030007543,0.07010971115720128
0.11595369400273402,0.08530101521873501,0.1293807727510176,0.060940487748715494,0.1274158723422253,0.10672079646137916,0.07050684626873324,0.15553488904501905,0.14824562616144113
0.11478271491745783,0.23882081345849773,0.12040190655071265,0.04019532619866689,0.09559226373990376,0.09085684799703854,0.09936762920155318,0.1503379750347038,0.049644522901465614
0.1304916755118328,0.0921875468295424,0.1526682194948669,0.07567503980937594,0.08281128257307062,0.09039525650002973,0.07389162813924655,0.17348342855472876,0.12839592258730628
0.051104633435649326,0.12512457344849673,0.130060004719463,0.0257520094917766,0.19579689204826448,0.06990417098483444,0.13198586049162417,0.051187099744819005,0.2190847556350722
0.12369651993376529,0.04115965488637729,0.0833975973706061,0.08616204536042053,0.028437604121100885,0.12405617800194862,0.36105738512639246,0.07185532900849471,0.08017768619089412
0.12453109114989817,0.10166752016655929,0.07687535627031106,0.11148683673513864,0.12431781532001866,0.11016016699286246,0.230904770961427,0.051363750338986824,0.06869269206479789
0.08376311522561264,0.11534468943390282,0.159597583517146,0.10180783731227964,0.12939286495439872,0.0992100001425964,0.06261894608286511,0.0882759645754931,0.15998899875570566
0.13015773142012502,0.131977704320154,0.12131839437066187,0.10404174171912921,0.06967530607299453,0.1232910181738442,0.09753382844307362,0.098599138723721,0.12340513675629651
0.09274684884535389,0.1430553457992547,0.09993082952250648,0.17464011885337669,0.10084229209197206,0.09095792344040161,0.04027661350343736,0.13252197724465387,0.12502805069904335
0.09820230748150112,0.12567864843634946,0.1452521154411012,0.026730190756233122,0.06156001583097942,0.11769250929986196,0.047692234137111295,0.14816118704791525,0.22903079156894704
0.07979109387740098,0.24512070048321144,0.11520139330397006,0.19938417699130515,0.07393800668736976,0.11897085593517327,0.05115114152018888,0.06991201518510688,0.04653061601627356
0.1456181212130761,0.06986388314027588,0.10104669411504051,0.2682421822413108,0.022358085921976256,0.12443382514376307,0.07802136305918757,0.06654904270594103,0.12386680245942878
0.08134319523311109,0.2030247413759522,0.17840632922243774,0.09801323762943898,0.11897707006725584,0.11217978905673061,0.04893473669010214,0.07484206917745596,0.0842788315475153
0.0785204678830464,0.2081259806846154,0.1331283137798865,0.059501118268942554,0.19647086427149607,0.11086022762662844,0.045757136898413146,0.08488383254125581,0.08275205804571568
0.0968696564777427,0.10229396444122822,0.1393164361607006,0.08258528310810948,0.10444086422716424,0.11888316377102638,0.04416670145488294,0.17954263801956383,0.13190129233958162
0.08124738630787405,0.037332646384592924,0.1185191725715999,0.10334390356186951,0.34119880186830703,0.1057958165892033,0.039111294904378445,0.06359198617208595,0.10985899164008898
0.09140661644964643,0.06906106918406026,0.08640058583479461,0.08477846707898717,0.02566330870114422,0.09133739522780653,0.4151111806226691,0.051581639213566656,0.084659737687325
0.08249560210320396,0.20132576308508285,0.11416338208839244,0.04955302995256502,0.04538093949376946,0.12303391963442178,0.07900402193666661,0.18287888785483183,0.122164453851066
0.13116501775554543,0.05424091169388854,0.11373103583920845,0.26082783646180974,0.02261838460498272,0.08374260431686155,0.18747272306380802,0.08994580815750379,0.056255678106391836
0.11013113190753054,0.12554456333206046,0.1324911674081599,0.1325921201293473,0.13433971887348606,0.11276859423286112,0.09060616737627948,0.07811836322620515,0.08340817351406993
0.1084595177905377,0.06406737133706876,0.11631264819758448,0.15189752623994865,0.1377322743350736,0.12868491223030026,0.14742617344463851,0.09226856685454338,0.053151009570304684
0.1647988040079112,0.03068449288535884,0.09241220003482746,0.1782716273451382,0.018522709353010796,0.09593094766212318,0.29596198949000324,0.07412329191716767,0.04929393730445947
0.11468676782320146,0.04757443283414773,0.10473031687092793,0.12241065363613608,0.08469596450999366,0.12550295974532347,0.13085009412851142,0.19408574226984884,0.07546306818190943
0.1052009178065194,0.26803345165951836,0.10699767945705778,0.07328901951667745,0.04431694451563605,0.11296321017155793,0.08067487827194313,0.08709901623782328,0.12142488236326658
0.12533236949331011,0.1258520142716092,0.1432294414859995,0.13569660889593385,0.07811322235846659,0.1120024702078191,0.0707651433825226,0.08041187890181072,0.1285968510025284
0.07086394596880746,0.2097621584974844,0.16842281795758898,0.030745250893164846,0.08474369893535975,0.1129233199324352,0.05940712946654011,0.06163470035668563,0.20149697799193364
0.1146067005982186,0.16804307402121987,0.1272156302618593,0.06778836287909897,0.12934161678656794,0.1175966162513137,0.11477044270056691,0.07307745484117933,0.08756010165997534
0.10186494998305273,0.09335569452009111,0.16072971584889878,0.13966870701544218,0.06313319769182629,0.12237709160978716,0.05117048639323962,0.12751170676008514,0.14018845017757695
0.0756047457005643,0.23100765214625105,0.16392762995935375,0.0630770255497301,0.07154022098077945,0.09311836415915846,0.060404868694690285,0.09763403231219947,0.14368546049727324
0.09628285730425636,0.05582663483176861,0.14537351174091287,0.07796619724738929,0.1220038365834184,0.09796781833552504,0.06973381945619915,0.2865280841194247,0.048317240381105526
0.07918179971352494,0.03181165554690956,0.10104668772633968,0.13956911924756576,0.17135542938653484,0.09686856756674929,0.042441300978808216,0.2841826507008609,0.05354278913270686
0.1433765193068979,0.04518707796789847,0.15307696385284628,0.10370235816798441,0.13476902303964225,0.11135177683397483,0.07576186934930067,0.13531019720698015,0.09746421427447505
0.13466545916583197,0.04999743839368322,0.08178621071182529,0.23509937239499046,0.027411794356357377,0.10350900350765535,0.17833116486462144,0.11260475622708466,0.07659480037795029
0.10426253143772968,0.05425998593842804,0.12048962123803898,0.054029594963339034,0.38207287874078283,0.08668692626273333,0.03513444736893167,0.07461398412759511,0.08845002992242128
0.0952276680461352,0.15287139290382853,0.1369040867116581,0.07057739930099573,0.1439185333592962,0.103888569224363,0.056354991842290335,0.13809718006828686,0.10216017854314619
0.17886267006559806,0.07267709890450647,0.1098405427600621,0.07945641630252975,0.06120239964905747,0.13981505895997492,0.15986832050253455,0.1223180981274733,0.07595939472826337
0.07242613983945609,0.19825182668780028,0.1318501972227797,0.06692693039494253,0.18854364230959983,0.11010769579738532,0.05128749618491537,0.09756218418684097,0.08304388737627984
0.09239453144464059,0.03956505033200392,0.1166252500868743,0.10467339675373183,0.24563339682994345,0.12730826531229125,0.0666901506890979,0.12142134534423471,0.08568861320718206
0.08733123259517513,0.21770270915398335,0.12193415558423915,0.10240324738353879,0.07588111673205512,0.12721515602704656,0.05594768953045873,0.1386913825832803,0.07289331041022291
0.0832589670308744,0.3290915787752436,0.13938984557002876,0.06112763800569817,0.049822605031354904,0.12408358723202574,0.04493732171244739,0.09438280181584481,0.07390565482648226
0.1102559982585546,0.12238582053937586,0.12982032151386821,0.06053591690646192,0.17910869377988814,0.08992495408147394,0.025920241643131225,0.1866256828958005,0.09542237038144553
0.06354803670139261,0.12900160909969507,0.12424365044161641,0.07872936031930482,0.06147781281286651,0.10390911710151492,0.049898306341429964,0.17403222488149514,0.21515988230068459
0.11228852202079899,0.10605548307058854,0.10057506557152335,0.03743620840388485,0.05708072092465586,0.14904546523015505,0.08952734607459804,0.0763310599871192,0.2716601287166761
0.08757567448690647,0.15550699865742204,0.13222763470698848,0.0658918598769374,0.12714573896478518,0.12771058567875693,0.08368936089901198,0.07185910275156675,0.14839304397762487
0.12724233298354873,0.06780914457866888,0.09646577119885043,0.04886115744959899,0.01970776387596494,0.09793046125515537,0.16835032104031342,0.12372939076024712,0.24990365685765212
0.07665894211676766,0.13824684908418777,0.09597643086641973,0.09332646117513799,0.08630531801469954,0.18225941020156203,0.07302417975775331,0.035453456647171595,0.2187489521363004
0.11376507653977792,0.12073114820863053,0.09302073772156533,0.35335552265270503,0.03615123467223544,0.11497749885880822,0.04100756536844866,0.06770278107915488,0.05928843489867399
0.1286700555166361,0.023128763629623784,0.1060484802269227,0.05763005036718252,0.0934060787504472,0.11803297419332781,0.25940872444709806,0.13362981061087326,0.08004506225788859
0.0648108916677004,0.05682573717839618,0.11444507441709133,0.03981597604815698,0.28001479435831134,0.12771686760823542,0.04642520641284493,0.06144780452590257,0.20849764778336086
0.11391564196108532,0.07957965503237889,0.09159702197158111,0.1627708584391754,0.16318942186277371,0.094444635326893,0.0267611638370094,0.09229408314412073,0.1754475184249823
0.08128618249292006,0.05908224228206473,0.12271124394112627,0.07501545807459849,0.1715237569460756,0.12075567562238687,0.07206418748662209,0.18094606028908644,0.11661519286511947
0.08707369662886606,0.046773802027822386,0.09827518906278314,0.11574442283135027,0.27450052958495635,0.10266888091461752,0.030149328440791583,0.13740065814130994,0.10741349236750268
0.11421381675028391,0.0988724382142037,0.12668121260374918,0.08908189695532953,0.18804663828731275,0.10973661759212339,0.047386374965625054,0.08195063610763685,0.1440303685237356
