0.042448640367174266,0.03964104401193604,0.0788057578263529,0.13211547855363948,0.2157714209135342,0.03826970115770664,0.23502660818194854,0.11243469524142384,0.10548665374628413
0.06329686779587812,0.01880960026780205,0.07575578434489562,0.09296574796537393,0.14963094139245223,0.044424370941050395,0.18457749228725975,0.15243130923682077,0.21810788576846707
0.015094198742271412,0.00855983310104057,0.01914566818964296,0.12063316541198056,0.0620909566678558,0.5781980406701089,0.09330004182454986,0.06008376834383089,0.04289432704871906
0.14116869482727043,0.0501222125104333,0.05999971436137511,0.12793514550139842,0.09296271054339335,0.058849198076558466,0.05298127271191508,0.1583580008098349,0.257623050657821
0.12126626737818762,0.01916852283120272,0.09933523360537422,0.14546590737022277,0.18112674211855073,0.04960352058347961,0.13552801900439138,0.12970939057472505,0.11879639653386588
0.0508398759603203,0.09251757695361924,0.15770582441411604,0.11378630005240441,0.05245883605839752,0.05520204448969455,0.24394341377851894,0.1716974760091979,0.06184865228373104
0.08618958453403257,0.1608835713774633,0.039531042382505564,0.1385881928719617,0.10331116766404308,0.04113875261919089,0.21941821642012616,0.08672953798592244,0.12420993414475422
0.07626611405329843,0.040690112921949816,0.06521463673716803,0.10605812638286595,0.19605809256072448,0.054512262652242856,0.05272545236884696,0.1738053960529905,0.234669806269913
0.09512253783148682,0.04396293720376094,0.038032136233752754,0.08472076796173574,0.2362850724369299,0.05187068585426707,0.05337730668226654,0.1726762831545491,0.22395227264125106
0.17939078773307804,0.018519939609554125,0.09146710781347667,0.19237920325100388,0.12021351650442129,0.045174720285624616,0.05300052266239478,0.1095563989716658,0.19029780316878078
0.13635506523217,0.03701192352159346,0.04455447565750229,0.23100613761398672,0.1388432740036729,0.04470680394915077,0.05014677771821019,0.15366570249596095,0.1637098398077528
0.060866620896038365,0.11108289679583565,0.1024765593100999,0.2919424231276116,0.12650403853713096,0.04129880112537159,0.06149035567012201,0.12207149981896655,0.08226680471882332
0.21059546743301114,0.05351487895869603,0.045888982167092446,0.07352274369714625,0.08131198253788204,0.05638902140078194,0.09740718372891681,0.09183814864534924,0.2895315914311241
0.1258212021245406,0.07591197834678137,0.02733849527531405,0.22821801370762387,0.08081223382987411,0.050371399036973415,0.08809835698495888,0.13091635057506568,0.19251197011886792
0.12492331393599271,0.02760913463823994,0.07682556514014072,0.06474868583657473,0.18194087609449386,0.06801868401321402,0.09850138871951918,0.12496532924928645,0.23246702237253838
0.1840781066674283,0.13519885809137455,0.05950129775805676,0.12090723465834581,0.09624928702281711,0.05059588929680972,0.11043623537188078,0.1061986057633359,0.1368344853699511
0.06828179253622536,0.4267344726876423,0.13035765928136597,0.03448313934886229,0.10834761483621007,0.03626228533070702,0.05702321990360573,0.07610180732836627,0.062408008747015055
0.02664398423907488,0.17678150141847093,0.05547632686570456,0.11612865021007417,0.14292430288048733,0.04530077524068663,0.224031096953793,0.09892576485526557,0.11378759733644284
0.0914373002371896,0.036929532412173484,0.07861595423193424,0.19809614666657627,0.10548141267936673,0.04272248989670282,0.18407136688835882,0.1345836684620398,0.12806212852565832
0.12791159988644096,0.02132129661846119,0.06199612263055113,0.11107100289443678,0.16899940217309983,0.04660145253306006,0.09006707641418366,0.10055352863993838,0.271478518209828
0.044815353052075936,0.18905479154585567,0.25785544094069085,0.06876220075120758,0.11736465951617649,0.03375855525550389,0.12389942868103132,0.0889381775470005,0.07555139271045781
0.10870404761606826,0.11376312909152823,0.06931442179844256,0.09339769594517884,0.15565239242819817,0.045355129263228135,0.19585016191924942,0.11054064542412638,0.10742237651398011
0.06689033432849291,0.012806031801446127,0.06343982976596432,0.19086541862652381,0.22134433661134345,0.06763595724342181,0.12346304756325151,0.11456721576229935,0.13898782829725675
0.12216490233428402,0.1965596732546191,0.0294351671587932,0.1555479634662351,0.06879866878458082,0.04418184918474657,0.11686293243328187,0.12068103326669123,0.14576781011676812
0.12279805967306229,0.05041585120167086,0.10112318022181332,0.10864851477400077,0.10209686207805707,0.04608011086448189,0.20708761379697727,0.16323364239876934,0.09851616499116718
0.0765057869076059,0.053648546532706586,0.06657270116489457,0.18970459491791605,0.11475363983473595,0.08778491091244355,0.05213668671537805,0.11559175198717997,0.24330138102713939
0.10777184499721475,0.04004347760405439,0.06773629993066028,0.08625446827203531,0.12407047348203847,0.04765891369069138,0.3156270451605512,0.09867306308053642,0.11216441378221782
0.04873508895249435,0.2508005254816023,0.32490783258868067,0.07248299207029564,0.05786999964993148,0.035123565586848114,0.08306428398963217,0.08228841526434706,0.04472729641616824
0.13317609965118934,0.05821092159691377,0.07904466782989807,0.2573392214419063,0.08768850064109718,0.03248179305641127,0.10415540431135635,0.08543732310996675,0.162466068361261
0.06104175050524152,0.11016942130348269,0.12905914591336495,0.11126240693091584,0.08498103930012167,0.08598289519094393,0.22293554499901147,0.09845801920243606,0.0961097766544818
0.08838091693459112,0.05696517273150414,0.04654673280559284,0.2040892501936233,0.09045842525842386,0.06604487088374592,0.13546341647805257,0.10959960212144126,0.2024516125930249
0.0664642526524785,0.04715869307464168,0.03925467845228451,0.23909437609023879,0.15499832729786744,0.0390338979510182,0.1817979595437861,0.0804823074669981,0.15171550747068657
0.012923119581913304,0.1707569508432668,0.4845726250968257,0.06444770611108365,0.07290605302263316,0.02788316431036107,0.05069427941750156,0.07411829272044486,0.04169780889596982
0.2971154129557856,0.07834206968226276,0.05003014177905076,0.07466197447765467,0.11346977156990178,0.053467197944960985,0.1080973644341278,0.1361469453323522,0.08866912182390345
0.08207223611546371,0.047996819268312,0.10946636675307313,0.2035773191426963,0.1163913130656024,0.07715728217185769,0.11986858794193463,0.10500307283960007,0.1384670027014601
0.08805135072207786,0.08509616825137263,0.07876227779583007,0.0949796517353032,0.1621150029116368,0.05150996420550912,0.1298056138864379,0.0941056524688489,0.2155743180229834
0.0875489828314346,0.037303649997416484,0.06772246599591059,0.26214445274022324,0.1342727779046999,0.044409985933506896,0.04339489895282175,0.09076273818546145,0.23244004745852512
0.147795530414646,0.10548694635774007,0.02646966779564237,0.17405396032030693,0.05820989569813325,0.03674949214340812,0.13835020153469654,0.10271098623971574,0.21017331949571105
0.07004353794740399,0.03640250028655176,0.02980113425765073,0.1344873016083631,0.22502039175427738,0.03960172960996388,0.12925015886040114,0.0938116614982466,0.2415815841771414
0.1395129949200967,0.13082674369059114,0.04423949020043105,0.1633155559883445,0.13795368193083526,0.04899619972365679,0.0652459783725728,0.15984223890819102,0.11006711626528072
0.14729501118957733,0.03272386943779906,0.06819540784983523,0.10504857315651712,0.12231454374129296,0.10102581400199755,0.10247020709962255,0.10232617839332799,0.2186003951300303
0.07185014264820934,0.13616440583871445,0.13097665134198364,0.11046086394766534,0.16032535223591324,0.05150541979746739,0.0871355182007603,0.11041170477921414,0.14116994121007218
0.04834941263599821,0.061149250174893956,0.09233294172421909,0.13584088829374907,0.08350631332281601,0.0586470086234698,0.17921751363628124,0.121574360689018,0.21938231089955465
0.13202783889835548,0.1971252748599054,0.12065538767648137,0.10120569682439268,0.11566663845316522,0.048788923887268916,0.09378405861949855,0.10976391319366537,0.08098226758726702
0.05026717121732665,0.11242206869830873,0.06331392039531171,0.25691749086658844,0.12792319123069573,0.03599180835258282,0.07996428516660278,0.09998975377351395,0.1732103102990692
0.12414084479099095,0.04365763065541748,0.09182556554486777,0.17188109950042796,0.2605945383790735,0.04511535793109125,0.06289691839127405,0.15189833725044216,0.04798970755641494
0.1825952474963517,0.03829715038840644,0.04890753724763832,0.16230869776892845,0.13811246769330118,0.04085451847265243,0.09705580061765147,0.1675191933541487,0.12434938696092131
0.007318211940654736,0.18934084719150515,0.03505323943133913,0.13269704519820225,0.041077799679796016,0.4789160132254266,0.032982296681994726,0.056267211796550844,0.026347334854530554
0.1411929117257185,0.10082216446236403,0.09457692387869414,0.23220430544248163,0.12287633677787158,0.03606262806991251,0.1105247483485664,0.10098625180935872,0.060753729485032465
0.09390453706648866,0.044530149546797564,0.04730757790029533,0.14078411914221586,0.1297031543812673,0.05784065570181266,0.1024995552494093,0.12340232604315367,0.26002792496855953
0.24669189314014042,0.05485707283070934,0.0630025775480539,0.10563529390068717,0.13534642604826896,0.13864166847362389,0.044647031932057824,0.10744558759912619,0.10373244852733243
0.17096789010796223,0.027066845569025264,0.03463353460449761,0.1905539152285729,0.17766166212787735,0.04292052177423474,0.09540893857834919,0.102990842177067,0.15779584983241365
0.07250164397006569,0.4056688896146536,0.14953955347915507,0.07776317519977106,0.04750095708588544,0.0426569522515434,0.061727100142682234,0.07323990779827355,0.06940182045796997
0.27155578507862255,0.16678220631598675,0.12386013137532935,0.10949788946538291,0.09747566721497121,0.03850910487234307,0.07439549367856325,0.07083766602817926,0.047086055970621654
0.025312042255668767,0.3969750921744238,0.29635644665033745,0.05694756947685725,0.05788030444063363,0.03213045160344106,0.04426500853680982,0.06566270901263078,0.024470375849197413
0.12428641521694661,0.1064933033976528,0.09381165461631295,0.14346049994142707,0.1511480199652387,0.054239525523971155,0.0932722420973335,0.10719087110110248,0.1260974681400148
0.015498300849449217,0.4743881776053991,0.23193901214226395,0.0519086041353651,0.06245470476484314,0.0275696940450853,0.04611917158994444,0.0589887246855032,0.031133610182146665
0.0330939375655895,0.1921751078352887,0.060251627969721055,0.19814150741511882,0.10414190577067998,0.04553704379260293,0.1312791134063199,0.09236849499367368,0.14301126125100547
0.17612147967145128,0.10478155280551567,0.04969819079682169,0.1312686387784029,0.11824888467374428,0.08041508265516513,0.14911186956614533,0.103257019199737,0.0870972818530167
0.12577201944192165,0.04541178046098043,0.054303388637196824,0.12074185920436498,0.18533065762023984,0.04636860828389716,0.05476423139470458,0.207811659886157,0.15949579507053757
0.05673111365830255,0.10778671691922816,0.05551758504239768,0.09546739052529603,0.19513909811460417,0.08227365954147807,0.21549679029155047,0.08250066493673232,0.10908698097041063
0.18798959129299933,0.16466667991549408,0.08879461410534258,0.10432669239893878,0.09045179818923738,0.06233792241859959,0.07699543260140784,0.10434687052748082,0.12009039855049951
0.17037831241118317,0.05217034091124678,0.03493800844000417,0.12472229497537392,0.16104429866780842,0.05014858530388936,0.07319242836503888,0.09076421185796968,0.24264151906748563
0.12197053584545965,0.025050617787277806,0.028911492562049838,0.21864650745766342,0.16294706229007463,0.0638205886247769,0.14981967361569334,0.12635298480208465,0.10248053701491973
0.18420646481993674,0.0828320867465091,0.03327530842793178,0.11313406150386819,0.07747476895551585,0.05680366015393631,0.1286432298404872,0.11667502111678363,0.2069553984350312
0.049900184561576966,0.04675527975627186,0.027282383041051027,0.14085131252512728,0.1812755773925879,0.054553701549287424,0.16949053295729008,0.13342930692641994,0.19646172129038753
0.088881606125133,0.01984076938212412,0.12133286638430779,0.17243506971272915,0.20894537809293998,0.046839414567846016,0.0669904601632008,0.10797282831513196,0.1667616072565871
0.026003755310241402,0.4748684248731254,0.13935899716227876,0.09299970277545927,0.08311174366003184,0.03185182549957768,0.04271086445843841,0.07553147187892578,0.03356321438192141
0.10710955403406092,0.06678480805532526,0.06888653925961437,0.16425782461290128,0.14193256686561675,0.038464856439984485,0.12262174489383404,0.1613380096976873,0.12860409614097554
0.09834129281822707,0.13610068720554488,0.07204427785890287,0.14672135770209177,0.13647079552672203,0.05487558284520724,0.07913867841729023,0.13164665018961574,0.14466067743639813
0.025246463812125985,0.134131892721457,0.3849037936305424,0.11089201953078139,0.057076928779392716,0.03259225472322599,0.09485539761215488,0.08310885723118229,0.07719239195913742
0.12165903434806397,0.11184786193895353,0.03052569286443524,0.1146345395040243,0.13607135146267216,0.05429626071395003,0.15608028970243082,0.10981967692239143,0.16506529254307847
0.11819590555196106,0.04196345551190892,0.041477607571984605,0.2365487242069171,0.2130063652148029,0.054320657288312896,0.03818517010731899,0.095552774674122,0.16074933987267137
0.008968332812743993,0.21124645799139366,0.4295385813117904,0.05179198540472615,0.05965374589998269,0.045290032880567425,0.08089115652937152,0.06967972924702627,0.042939977922397864
0.3146221539942289,0.09015751269837775,0.05186858856121926,0.06906848287120651,0.07106456914949338,0.038967975914952435,0.16334700668573376,0.0847286331505847,0.1161750769742033
0.12184669671737197,0.07494112683607118,0.023375995419519277,0.10026613084136615,0.11226179804650745,0.04713446348753644,0.2865026107430339,0.09271887812588969,0.140952299782704
0.2448435393532894,0.01635061116448218,0.10547321809894035,0.09872507205019267,0.154375965338779,0.044545402595970375,0.1131624478340294,0.12409487861563245,0.09842886494868414
0.11193144860856828,0.1437165797743337,0.12367669741244051,0.1240558160236187,0.10701890892501924,0.047561763391601404,0.10318759573976637,0.1498363772475998,0.08901481287705211
0.13337663846329625,0.13361726560202927,0.022565820710335985,0.2922574461573427,0.07936066164504864,0.039957199644368925,0.04216975588657506,0.12913763038710072,0.12755758150390248
0.08068285374300337,0.031431232607520974,0.03452402092853099,0.16672711572991727,0.22021086548408966,0.12748402253088173,0.059455106007302395,0.09593655932919919,0.1835482236395544
0.14022769169852436,0.027187387421920128,0.05139926009295612,0.2181032009546804,0.1508374138315097,0.04577115916276528,0.05838010199550763,0.11592730679269324,0.19216647804944312
0.16786799467385305,0.08488312497197738,0.07757750735107216,0.08733725393933212,0.12269471121411336,0.043723130675708655,0.11945521254555193,0.09706219118395269,0.19939887344443866
0.17665543637570544,0.04503784959239335,0.026986589127647675,0.20685136142553684,0.06943497712841085,0.07137131497205806,0.04552501782697844,0.09908067084661876,0.2590567827046506
0.09699685151520161,0.02451584269104544,0.037289236330864846,0.09649960899724314,0.1642799073515336,0.06515845480773642,0.19706781098371087,0.1685319033631932,0.14966038395947087
0.1876346314148433,0.07181678648241986,0.041354727317988116,0.1508532367368927,0.12167281557747234,0.04481659785146306,0.13804762023880637,0.10109291409262065,0.14271067028749362
0.1621931305358135,0.046571390676337816,0.0585622190488849,0.19632462627740258,0.16174472038483048,0.06700576418430415,0.03608041520673404,0.14009038419908373,0.13142734948660872
0.06884895316490215,0.15937988161224906,0.3646570840101377,0.09469157809504024,0.09370909212962686,0.04176491792472554,0.04089914865896987,0.08649864480185633,0.04955069960249233
0.04511166192121329,0.09955937601719385,0.023901373720682084,0.17269948968420726,0.10700274855255183,0.047785470505272605,0.1072786908327451,0.10901186930844438,0.2876493194576896
0.1876346314148433,0.07181678648241986,0.041354727317988116,0.1508532367368927,0.12167281557747234,0.04481659785146306,0.13804762023880637,0.10109291409262065,0.14271067028749362
0.13447459775285378,0.0391793222901323,0.08409808023062769,0.10554960446721584,0.1567451326686071,0.048875835930183985,0.0986962890829119,0.11787900557299989,0.21450213200446747
0.11518657975255779,0.1563583077491665,0.048333526578740404,0.05405303733552556,0.12639248335865463,0.06514955475738377,0.11778922512159128,0.13736453564205273,0.1793727497043273
0.16417289964784335,0.25016035284636057,0.07153844563345801,0.1771998805560213,0.06586355917952241,0.059636883850997684,0.053528148073568545,0.09599440888557476,0.06190542132665342
0.10171944042237764,0.02640775100407652,0.039150439031047805,0.10579778980995332,0.18621239902777473,0.0662236425142307,0.16658067997862855,0.11016372669050072,0.19774413152141
0.044289216983256795,0.0850198274567991,0.08855590756931025,0.18843680939616983,0.14015117844795313,0.05043340003754473,0.15844352694014419,0.10255721432785918,0.14211291884096286
0.051710400727490224,0.27288543759573286,0.16465290626705706,0.10037028786348971,0.06264813260145298,0.07157837912799794,0.11445155939934866,0.08720800754679738,0.07449488887063309
0.05362494897921677,0.10644475579392461,0.09786152895544971,0.1258818474884143,0.12291430888683358,0.03980599838848297,0.1177423405552342,0.21748663410875224,0.11823763684369164
0.28373275355363686,0.02463484178435353,0.06532453359884988,0.2258211890287429,0.07109828668904612,0.044750794792583294,0.037239455470309345,0.09736874187792764,0.15002940320455047
0.14830688830283248,0.06656039572104037,0.13800482629019103,0.11613226553107035,0.14170336453178883,0.04698509454623117,0.11726963547494378,0.10011648313260663,0.1249210464692953
0.09353316150012624,0.07673427307960747,0.04120770354219499,0.17205638542862658,0.14368864167591222,0.06646631720172601,0.069072098677587,0.15583728115069706,0.18140413774352246
0.04470637779391951,0.028775458646876417,0.03534439621102708,0.0641586140002318,0.2819976233540886,0.3231107600229352,0.04642700004413067,0.07363021611826825,0.10184955380852245
0.06000983473166382,0.054898264068432547,0.10298045010786945,0.11253183243502618,0.2398597948146197,0.041239308368953814,0.07698490112826085,0.1059285698423051,0.20556704450286845
0.07508048258703988,0.03270121005084537,0.06135469297711863,0.17813218154062538,0.11700747916471348,0.06227029432195782,0.21020237601624234,0.1362509448162528,0.1270003385252043
0.08451983191246171,0.055606359293480435,0.06650640389046512,0.16634149112314808,0.14214458404817473,0.06269611021771543,0.15748143937380363,0.1440303067413185,0.12067347339943237
0.26486815741835135,0.03951840073432347,0.054983653896633365,0.19507137112030315,0.12756631676058475,0.12442284372400636,0.04822452934342893,0.08252388005480824,0.06282084694756031
0.08574117579848524,0.09834632464283193,0.08576204496347502,0.28560136562984956,0.09933872053782426,0.059050453261503065,0.10628957625905754,0.10387983810748651,0.07599050079948681
0.12522300138313772,0.07286764016501963,0.07266612365399924,0.10658610017384557,0.14094558724943232,0.045736785939621015,0.07563827811254865,0.13886764922884867,0.22146883409354712
0.030227417905703588,0.1482322908592436,0.48669238292299927,0.03679492784062118,0.10397608023406275,0.034191805569551745,0.041640995685604566,0.07138138002898814,0.04686271895322502
0.12005905661399989,0.08828896704879592,0.06379950887072759,0.08097636370602207,0.16259322138356816,0.06409062578874107,0.25368162876743294,0.0984218639397411,0.06808876388097121
0.07912096199144909,0.36427997391357597,0.05750969724548278,0.18752011255886228,0.08261194999148007,0.03289753325830105,0.07023915425374731,0.07474738147021748,0.05107323531688401
0.13136060116988021,0.14586199041337064,0.14723066004468954,0.09030414320115844,0.10422382952369803,0.04739766592585015,0.13610620378576357,0.11901853853825384,0.0784963673973356
0.0353251035808765,0.0320601268929015,0.038993314212704126,0.2121991187961544,0.11470651200694272,0.07759419641970279,0.09684118711114309,0.17376252846884688,0.21851791251072808
0.08975438696075344,0.031187529981556925,0.04280922697075837,0.11518828907443672,0.15365264064786913,0.055317330080677685,0.09830251587577364,0.14114773811104167,0.2726403422971324
0.11030538777816519,0.04593581466832967,0.08715934371044388,0.20057232934600067,0.14790403736129046,0.04551126405530411,0.033393259314377956,0.0898280877019025,0.23939047606418554
0.14038124695060686,0.07844179910948822,0.10600342818017756,0.15479556835852679,0.09748188697644727,0.047160022320153594,0.09311153232875184,0.16066744408791075,0.12195707168793717
0.056095705166000764,0.04556195619444365,0.034859503136330995,0.22824615297383835,0.10164408777089395,0.03357367288264345,0.1826387822477112,0.13111972237833935,0.18626041724979828
0.10894969075254664,0.03698872381385577,0.058910345296866874,0.17571400255677125,0.13678593807678627,0.04149845677476876,0.1231093113740302,0.10722695196721406,0.21081657938716022
0.15204347811192195,0.03612621183158463,0.08021372351554557,0.15458592760414416,0.0857624892033194,0.049086981406575365,0.06064946677317464,0.15264664379284437,0.22888507776088987
0.044881976584726986,0.2773050639099026,0.16938697094450048,0.08834551814601364,0.09688872949461287,0.052545272526877074,0.10473332145510572,0.09310749190905553,0.07280565502920507
0.2812944103383442,0.020851911885154447,0.1262153730135085,0.1823846880605168,0.05703535225017337,0.03605934776435896,0.09369718905419622,0.1069067506356336,0.09555497699811381
0.08500032299711446,0.05104691351693754,0.057287016105235816,0.20875915592163405,0.32052423825824367,0.035009456059103154,0.014656669998047192,0.12284063069029373,0.10487559645339047
0.18499238539897966,0.11491409348952229,0.03327124094755577,0.10170188127251344,0.10111216802994184,0.060266715970917574,0.02731033692768514,0.10934820967852832,0.2670829682843559
0.14893237526379446,0.05263962743853956,0.052221222502802735,0.25707901790625387,0.10511372437921841,0.06540335910410129,0.07802002595245762,0.10542355749704575,0.13516708995578622
0.052494207655391666,0.5324159837322346,0.09849329593825869,0.04879695513862815,0.07945718993220409,0.03692529265551361,0.05067916402621012,0.0638838089968795,0.03685410192467958
0.1310986540969732,0.10446507299788155,0.06379063005013856,0.17646597293155128,0.06665190484385079,0.04061387461936659,0.09770090529087642,0.12234685457612025,0.19686613059324132
0.25271194039674877,0.02963238424055772,0.05350694954158099,0.08057606118725887,0.10001579722521403,0.039033112808668204,0.12605329176137028,0.17643051338954005,0.14203994944906106
0.05620020794801787,0.07526817910210032,0.13037973077284126,0.1878176449410531,0.09728263619535708,0.05322190656123238,0.1900783682679783,0.09495786986199473,0.11479345634942496
0.0690643856538909,0.15654399016452422,0.35098263688989234,0.06576502811885038,0.04699777317391602,0.04766853693680115,0.12631890373657217,0.08123540417107179,0.055423341154481054
0.05496977695842225,0.4240790433018901,0.14972893080074462,0.058245553832412054,0.16711977572181116,0.03325399838176337,0.013070262390152347,0.05915878861680036,0.04037386999600379
0.07516858501831594,0.030790868411435607,0.08931506596447343,0.10988923456233363,0.13820808150035532,0.04590193093849296,0.15805873534381265,0.14499562513609732,0.20767187312468308
0.13846313080223147,0.22650611876176016,0.09383737057071027,0.14984109551222793,0.05064718930713355,0.04529087588160396,0.0967181567895589,0.11492425280934808,0.0837718095654257
0.0659558428842775,0.07812002756640983,0.039932119575600465,0.13818650844062272,0.12341920153755907,0.046650634470925455,0.20056664210703756,0.1259061970142793,0.18126282640328814
0.037246269205819284,0.09912908796986453,0.5375239521804528,0.041140807429058575,0.08974202529055673,0.04121959107268273,0.03173797691440151,0.07224377073223656,0.05001651920492723
0.0413757694941658,0.2872843271270092,0.24999671910591684,0.057424452894273004,0.05435344469435887,0.04297551325265608,0.10032575502672099,0.11311335396697957,0.05315066443791966
0.3032602689678758,0.04512678708721454,0.08770578354252571,0.09634446222626429,0.12632388138103076,0.052202708049212544,0.06502888049992595,0.1145264010623029,0.10948082718364759
0.11119101758567314,0.06168085125438431,0.08254096684784125,0.07675581994843995,0.2841278673924383,0.06489709103481077,0.15167223731999857,0.10182101550768197,0.06531313310873177
0.08928017297500203,0.04861914799768415,0.08374321335805444,0.0772725302901231,0.1671037615721326,0.12211994800017605,0.07048402304190733,0.15893580446551972,0.1824413982994005
0.19586009442085697,0.036661719248529866,0.10636759805369822,0.1315516023981257,0.07648797172331097,0.09631890874965005,0.1187741117379565,0.10257486410061102,0.13540312956726075
0.11982008780821225,0.1422709690697693,0.091747967062028,0.17225098708897738,0.10704288214923106,0.0431177025619995,0.07342785732620073,0.13270621240924485,0.11761533452433688
0.0492786799845602,0.3688831737102754,0.06779998485464012,0.051003676245119395,0.06228360301920611,0.18548094835928305,0.04785812310968871,0.07864077706445627,0.08877103365277077
0.1574327677657631,0.06462816674627489,0.11828314085370163,0.11896964695347467,0.09883862113169933,0.05210407902203484,0.16847877118562185,0.12081765322691738,0.10044715311451236
0.14556045869562415,0.14758149557098077,0.3400126069334147,0.031275318290307455,0.03883512573966692,0.03740584093699298,0.1519585743965004,0.06017844983112905,0.04719212960538358
0.059508749120041615,0.27889978732754167,0.21442042545736348,0.06132512374732687,0.09244232160662184,0.04111912426993975,0.11194892814941254,0.08559183376215247,0.054743706559599835
0.18477499145098233,0.0619773187344961,0.1321325794452463,0.07431827999749845,0.11029441633798819,0.07440113551440146,0.09388394502895366,0.13379267272510523,0.13442466076532827
0.20932079518006672,0.04807046121681324,0.04520891633846521,0.193559447402379,0.056637976390698674,0.04885109828944345,0.08632445761759418,0.09800639167945484,0.21402045588508475
0.11629130208125904,0.00971573099511768,0.05032293773201398,0.11087650577140008,0.2854820528094743,0.03690318740260337,0.12817384858059344,0.15327658148707615,0.1089578531404619
0.07231791633548539,0.03825806353797217,0.0837741842587546,0.16525513973900288,0.13279757211945228,0.05328327820105531,0.20834166583436187,0.11792124651499174,0.1280509334589238
0.09986140319537413,0.015485434468963367,0.06845479778727047,0.15016720229265626,0.16661798330195654,0.05226690675137644,0.09172200857386266,0.134059840258078,0.22136442337046205
0.10702710074547266,0.11365143750668093,0.06556875801374258,0.23668940153922044,0.0929612039918672,0.04103748162804188,0.11948899742946038,0.12355365235408215,0.10002196679143179
0.04942574793730179,0.049144293987775,0.057256841945924654,0.07793934019664593,0.0473389917345981,0.10353628009620351,0.3203993600951854,0.1044875362414326,0.19047160776493302
0.1696365649383962,0.043099525080667805,0.05214423050193951,0.10589650964613216,0.09328293471842682,0.04248870935753121,0.10600616557667279,0.19993398749861457,0.18751137268161888
0.060532951123400645,0.14088122997166952,0.08296247100148892,0.11057566977327221,0.060374351079973694,0.0367527403270022,0.3415617958205123,0.09096969363679354,0.07538909726588694
0.13539388919543227,0.023680848759029274,0.04650082278647577,0.12456655272073318,0.06221800284829985,0.0429748058834477,0.15961211134763068,0.1830445355191764,0.22200843093977482
0.08582287789339849,0.02154531951642168,0.04528654204047581,0.18687955736942272,0.14666213262980043,0.08779918497399673,0.056899480207781385,0.11059320313208937,0.2585117022366134
0.13961111982393964,0.0932292770673981,0.03201447789512025,0.23367465166434662,0.117548382268246,0.04262994198572891,0.08054369778816241,0.098526229514596,0.16222222199246203
0.14344653380294456,0.06462350424838194,0.01625422622333243,0.14616551354423354,0.23913402175885815,0.04687093900216665,0.11116291006148954,0.08862331948242554,0.14371903187616764
0.18580920519785496,0.0691945288708973,0.07987829157247155,0.13182550526291187,0.11457757425321359,0.07212379405807356,0.10911274845808938,0.13906086425536016,0.09841748807112759
0.12922591363256328,0.036255520151744824,0.05501378606089024,0.25637231325017323,0.09250982437979254,0.047639071923941984,0.026952924274152246,0.14835665028110037,0.2076739960456413
0.08042188600707027,0.09310041268542875,0.0659096059808491,0.05973523269384374,0.10594143896746806,0.0521214802365278,0.26936807553862124,0.10943959458344747,0.16396227330674354
0.23129299644339338,0.04115613081668803,0.09681091151683302,0.1280097640560449,0.09037069361687992,0.07324686091397496,0.061168960722174114,0.09511979324312293,0.18282388867088883
0.05449485361153969,0.02267592260624207,0.06538009608116478,0.27600772705038473,0.218876619594126,0.036705298942666435,0.05897859547426195,0.12734788616487588,0.13953300047473846
0.2022976395449021,0.0963038640551368,0.03744892004143166,0.16514220971799112,0.10686592706647978,0.0398833343448256,0.14295414449990387,0.08535193969893173,0.12375202103039736
0.41959162442489806,0.058061554273159705,0.033692128867501774,0.11970590532566505,0.06688739433906753,0.04728954646689059,0.04119866598926503,0.08972659843580803,0.12384658187774426
0.05960546653793503,0.12326281957028662,0.03163365822311007,0.1043488622900476,0.2187943246087769,0.046295047766813396,0.0979667371187526,0.18633019701290313,0.13176288687137466
0.14002117796003088,0.08909145642627529,0.07262603795285588,0.19001572503202516,0.07204135192488907,0.06280296793532121,0.1918901230227443,0.0945792960811177,0.08693186366474047
0.10106396492216407,0.09335100772959605,0.09265383287960853,0.09753044006930499,0.1483643675567522,0.04795448792477753,0.18753734202773942,0.07918874665654872,0.15235581023350855
0.06620330500434833,0.28689018433842134,0.28425052847604654,0.05593822472234617,0.07252666038330725,0.059847144728580846,0.06146485053332587,0.07459976269013895,0.03827933912348462
0.07997011509333737,0.01769315680860332,0.04973228630067642,0.09960047736695758,0.18084558234633222,0.0475291314426981,0.2610498646363726,0.12397653460439197,0.13960285140063047
0.040140080514192496,0.055373278071039624,0.03726331154259658,0.1559008030460938,0.08866734471404131,0.37077608445009286,0.08239244429701202,0.10192635639004725,0.06756029697488412
0.15118968522958648,0.07375919063355087,0.04044982788764578,0.1622138632693522,0.1660067309299916,0.05403224330842063,0.09864841331356189,0.12922942963948675,0.12447061578840385
0.039266858448449425,0.10700564437828537,0.5447999576112125,0.05600945381348852,0.05705570598213693,0.03207250342870082,0.04788068342647472,0.07264664069559022,0.043262552215661436
0.06140085674570822,0.07267651929478659,0.09298242682947054,0.15781758397761553,0.15218082890644116,0.08034646921325789,0.07006143179844633,0.11286190340421715,0.19967197983005666
0.2014210918952076,0.06790554125220037,0.09693391929495464,0.22768407908230567,0.09225660789405372,0.04041883825517309,0.035000460159249104,0.1274101303140432,0.11096933185281255
0.10198043270188455,0.058595698823995825,0.09983380313393837,0.11039035737089332,0.17270378971749492,0.04777960485639069,0.10265045207415302,0.13213465507782593,0.1739312062434233
0.07814759909666118,0.04057505403062837,0.021732195554197503,0.2684477612506632,0.11338818111559212,0.046559005351320425,0.1334450903794339,0.11574079130631694,0.1819643219151863
0.1574327677657631,0.06462816674627489,0.11828314085370163,0.11896964695347467,0.09883862113169933,0.05210407902203484,0.16847877118562185,0.12081765322691738,0.10044715311451236
0.15929586379155364,0.10273429643241529,0.11023503227411736,0.08355047632318974,0.09797625800039873,0.05049729294470449,0.08752507836758566,0.16411423834781252,0.1440714635182225
0.020561931509772202,0.10532015311501124,0.4363061244823876,0.09447403667814307,0.08097967665033022,0.036366667985405554,0.08346718083983103,0.09538097677546827,0.047143251963650795
0.04046086051234777,0.16475578751769535,0.08797553775158222,0.14720262833918574,0.1213930384719254,0.05124940447987514,0.13844467530246887,0.1289368703922162,0.11958119723270334
0.10265380509277616,0.06486488194668939,0.07405873422823006,0.11992877637951298,0.19058249846098443,0.0767675294268143,0.13236021819909524,0.09418287889240347,0.14460067737349397
0.10420057667549454,0.025923606739842356,0.0684223190899854,0.17744835147351204,0.23418005236225223,0.04109468742223992,0.05554133130225205,0.12765802769471693,0.16553104723970458
0.0355721380926771,0.13754099934775652,0.07783906892117991,0.15441828069139393,0.2621975037919351,0.04601896096513473,0.053463514902722574,0.08012772908646205,0.1528218042007381
0.16656522658530648,0.11682060105416385,0.10394901095817123,0.09029444094387268,0.13763249959750465,0.05432556125853394,0.13863329590118045,0.10512401920769883,0.08665534449356792
0.038140436618793405,0.0600745641860605,0.07750864903236697,0.259537503381969,0.187729611512495,0.0371949642198548,0.032457513386778096,0.10552113054339533,0.20183562711828695
0.09554035387604436,0.05042581933365917,0.45950116619521336,0.054010959989591815,0.07614130737515133,0.036580980752088356,0.08310539103089992,0.07990428132293038,0.06478974012442122
0.06734448620515453,0.38678448575640934,0.1376897831928329,0.03383031949851039,0.0649031035178127,0.037490327584540746,0.08438587876668709,0.080037556251013,0.10753405922703928
0.26447391140816273,0.12617664399115638,0.0420122845388144,0.09066551361425378,0.10424203542423142,0.04308969280232546,0.0907685522034531,0.16422591419536703,0.07434545182223569
0.18767000277376863,0.031276430992906355,0.046727313671320464,0.09776958894285442,0.23456886768359383,0.08533711843486325,0.05716556151013912,0.182550791206031,0.07693432478452306
0.26486815741835135,0.03951840073432347,0.054983653896633365,0.19507137112030315,0.12756631676058475,0.12442284372400636,0.04822452934342893,0.08252388005480824,0.06282084694756031
0.014794881007661806,0.054020844443631,0.22940547253972055,0.1127106120114403,0.11750479491435378,0.04215746939528137,0.16644288864791812,0.09496850734658424,0.16799452969340886
0.11018237639537591,0.08629834576834483,0.09553651326974334,0.10990540817703881,0.17420621845633236,0.054965641186580254,0.0786691736434606,0.1635304591572215,0.12670586394590244
0.22412485302722396,0.026094817397233672,0.09873068454125881,0.14450431464095226,0.119617465763928,0.06446966471781984,0.027744951070226814,0.10680874127524466,0.1879045075661119
0.17824272873752287,0.037791417191368255,0.0417807886870328,0.13388007453271583,0.06546851654824593,0.05650874879083578,0.05595066513310604,0.14969886944423771,0.28067819093493485
0.06452551017055426,0.025688273333787096,0.056131582430542344,0.23417346572218115,0.20092010689756287,0.05172104221581562,0.045441008051304126,0.12548524493311022,0.1959137662451423
0.0384942632795429,0.19928734772171372,0.29892116527238716,0.05923658896059545,0.0529353024178127,0.03388166003169429,0.16894239753727402,0.10355010741721632,0.044751167361763405
0.13312761191133657,0.0475512183348604,0.056905054521641796,0.154929094563366,0.16116357700476613,0.05142322237345529,0.0642262051688821,0.15913982228671272,0.17153419383497906
0.10119712452546131,0.11431309320416361,0.036510279515412365,0.22946556258004192,0.08937998876740971,0.031523738485232926,0.16953485275708066,0.11754859665375732,0.11052676351144025
0.10788544392239914,0.06226768105187728,0.06196989644966941,0.3385312404218526,0.15308086752602598,0.03803403560738621,0.07502566738841031,0.11395758918615002,0.04924757844622892
0.052888564703444725,0.06825780870036248,0.1543938184436026,0.11771244320495389,0.1430362612612188,0.044199423053172926,0.10306819687837133,0.20377013882844294,0.11267334492643029
0.049858940094420996,0.02616050725095048,0.09428783175740012,0.10444682479545335,0.12885703181664934,0.35914396364212386,0.04158226472524539,0.10346174518215505,0.09220089073560149
0.07660139848376864,0.12094871608741233,0.06754368905244913,0.190790418606833,0.12378747679691583,0.04888718808540989,0.09481612180377659,0.1356673827700596,0.14095760831337503
0.05164775525959441,0.02855113677182554,0.05785853330326446,0.2265792317607248,0.24583909014026273,0.03059954237638939,0.031594807489363254,0.15101913419459037,0.17631076870398502
0.06453122339559299,0.05183693090429336,0.07846765509810126,0.16716520889283928,0.07665345051027629,0.06988610789266315,0.08917810905819323,0.21372785361789118,0.18855346063014933
0.19686718537127953,0.10548618110060065,0.07213041338308486,0.11141649682533576,0.1036038100420043,0.0657048584800027,0.11702520031545101,0.09318176464538615,0.13458408983685502
0.16633398435952748,0.035707521094066885,0.10251387999905563,0.07817050294383428,0.24135350369084016,0.035682181891550056,0.07303658773272714,0.08756449838712925,0.17963733990126907
0.06980633550047392,0.026516119260082474,0.025133959506071238,0.13796865841056574,0.17138778553234743,0.25867459914619834,0.07716289356161363,0.08446677692296754,0.14888287215967974
0.02245703238022632,0.4459819638980902,0.17660925970890398,0.09261904079050402,0.057097448895297914,0.04314898316252466,0.021701810984453344,0.06675686755990179,0.07362759262009776
0.09525416823026807,0.062328517888985274,0.045327168726440575,0.17030609099636154,0.14201785534953418,0.05754762946276379,0.06966772704092282,0.11652194407299561,0.24102889823172813
0.1813067096789287,0.06164493136605784,0.04405737146543529,0.13700257525354617,0.09277108717261111,0.04508207487992948,0.19026237911825827,0.09640877596268445,0.15146409510254868
0.13191240909565033,0.04341674372078699,0.031506122234925445,0.13444741314293338,0.08441871742207692,0.04980850531437168,0.2417969542683671,0.14140687320440762,0.14128626159648058
0.04602035710710644,0.09296328718437648,0.4923482495006022,0.06247419033506448,0.05151545716877021,0.035851625436934244,0.08014127188627994,0.07845580779296413,0.060229753587902
0.01602044083622129,0.1688054422823697,0.33269036482279873,0.0760612229612455,0.0730454780669665,0.031045197730939295,0.14361715487852206,0.10678882808418562,0.05192587033675134
0.032715250435398475,0.030202969351020088,0.056696208041812524,0.19130474285368326,0.1822081638244294,0.04742235958013724,0.08082948387735112,0.1331651804944068,0.2454556415417611
0.1976240997668002,0.028600470803103323,0.05163975644761996,0.14048553600023642,0.10970114913018388,0.04495011514386168,0.211904812356398,0.1381373371324365,0.07695672321936001
0.04429669011239352,0.035554286525319216,0.02111480461840833,0.08791375459026805,0.04351629117965542,0.6044814724639743,0.060262104401515366,0.07149769290944599,0.03136290319901991
0.1434826241489691,0.03730052315249339,0.0624882592086099,0.10879815392521318,0.082372167507913,0.0611226978533116,0.17659228248231487,0.12038742996423717,0.20745586175693778
0.3219773762328188,0.09546202112034248,0.05847281076475319,0.12099882546913088,0.05444131598015272,0.045627938452979265,0.11693293279588506,0.08997103101088416,0.09611574817305348
0.14266748546508803,0.05386485032618121,0.05573567603803246,0.11015780752108646,0.1542606524962805,0.07378251346046198,0.20856227409768047,0.09175046403224678,0.10921827656294213
0.07877805328856885,0.07246009573022387,0.0346523553246875,0.12815235507686482,0.1355789756549626,0.044452116460657644,0.11061038342458145,0.14941106662250894,0.24590459841694437
0.18182327548802069,0.03874460900983268,0.09677120688691299,0.09502487419498638,0.1022197510258573,0.046724654005386966,0.09305964259401041,0.10551260858639827,0.24011937820859433
0.03940423328774296,0.25931755679189067,0.31761450280391673,0.02777072086889733,0.03988502671219941,0.032680299311288595,0.1582225015793717,0.08208843017887303,0.0430167284658196
0.10483432218119815,0.14361227875308344,0.07112715033340557,0.1511606268037227,0.1012530729043755,0.051412756157173105,0.04939958535708878,0.1302246254975252,0.19697558201242762
