0.16655282566423965,0.4198113427370669,0.045110022570502895,0.018521500282323328,0.019474579134612063,0.10752518971419182,0.047364253744952435,0.0843006072430199,0.09133967890909112
0.303204057647756,0.045072554213161996,0.05325606187552201,0.011331468871452892,0.07318386620990137,0.01141150707234574,0.37894600923028426,0.07282266615790939,0.050771808721666305
0.17627996024890238,0.012269910799041625,0.02669284145279888,0.1038956271255518,0.013285263368032091,0.001746611609808736,0.2696085492620299,0.38923827439746644,0.006982961736368223
0.5312653380050141,0.0363693180913702,0.05950190148089062,0.0358173178260433,0.13480168038288162,0.023457156467406953,0.0621334110891735,0.03936482791076509,0.07728904874645465
0.22956316814266375,0.0628548970855562,0.06967682563321365,0.05230863126103275,0.04309389212371458,0.04061168614643851,0.03733557228710825,0.08668646228306136,0.377868865037211
0.061476656936000386,0.031972929215140555,0.06073104324144213,0.1391898194956892,0.03413432355639855,0.33464648635642386,0.11977521244953948,0.05634411904585631,0.1617294097035095
0.018395831838546792,0.09089854347646607,0.06062895741613553,0.18684509271487726,0.061574705913034565,0.3081024200743368,0.0813946511908551,0.1154707753928365,0.07668902198291137
0.08432994031309236,0.37545021250987265,0.09859867104216695,0.009230193778582698,0.0543046651685423,0.06494206986153057,0.11312014041114339,0.03043474473677939,0.16958936217828968
0.07023616301779968,0.06474374056295003,0.08111741852875526,0.14896838899427303,0.04479746032846222,0.3948818875326244,0.046461289892170854,0.07491649835290334,0.07387715279006106
0.26351273318959406,0.03312855162633232,0.10944177341816658,0.015356372994390766,0.012271807317999926,0.3564745950482626,0.0429638019633218,0.09970058093795607,0.06714978350397573
0.05036495785939876,0.05026731528655267,0.05586787085601665,0.21857486596486284,0.08846226241850064,0.26282304645522814,0.12525134172864882,0.04292921678003251,0.105459122650759
0.22112018170681466,0.027189224466966432,0.26085928502777195,0.10243185716449243,0.015179244594082252,0.01895971309932583,0.06335638879892554,0.2595211031771192,0.03138300196450172
0.19195131969389426,0.08508035681819133,0.14204265072921055,0.08887212696853602,0.12473444024206774,0.10723532835414706,0.04639678621127661,0.09944212416848934,0.11424486681418711
0.05264133957236941,0.06187929307655887,0.10938247058167481,0.20212046700155947,0.07788264264455513,0.3761864586766522,0.034568605233493616,0.03390035777610828,0.05143836543702818
0.061966432104698495,0.041488054927140784,0.08597556475156132,0.02235738400087991,0.23296698947924666,0.20248969985654888,0.20138547649792202,0.04490367571811077,0.10646672266389119
0.1784076996838486,0.030923352090180406,0.10076476105307071,0.13728939853714128,0.16892013753728366,0.08594727426804054,0.08292063117026238,0.07493760114145853,0.13988914451871393
0.10349385792246645,0.01713578546285707,0.08616125785322663,0.0218769129277855,0.048087980820276134,0.012742002600604858,0.026374590910287165,0.6471557887982639,0.036971822704232354
0.052206477255642536,0.08675315942506022,0.11650112714175394,0.18169967329312375,0.13354128366787052,0.08699072218650432,0.11916763813362914,0.18597693437399873,0.03716298452241679
0.1115250256966237,0.037115572196419304,0.14333330735656682,0.13354087787749058,0.017551404746157538,0.08242757290058393,0.19452099535505207,0.21721532186160453,0.06276992200950147
0.02459651296184831,0.029717245903972553,0.05723379187746164,0.2642756307328233,0.021738483891345407,0.00814997317943967,0.018646779401157783,0.5454271760414628,0.030214406010488404
0.11387744878807203,0.440167656525432,0.08046477741935691,0.02797757142194124,0.01228662030034243,0.18994536629326275,0.03907338449190182,0.0347843929192753,0.0614227818404155
0.04377329158382932,0.07137964045695999,0.1252633885191102,0.0993237878756364,0.06126543063997908,0.1676099327148831,0.06089687812847409,0.09806702187090395,0.2724206282102239
0.2895846083051952,0.0378056110935801,0.07768112981326868,0.1884719568286407,0.15684406011077293,0.027598410793644546,0.11054795680701635,0.0576555847288176,0.05381068151906384
0.14231011378255076,0.028636225285305378,0.05804398202284979,0.09843093511650342,0.2599656566565062,0.025921272817284846,0.28208581897521207,0.05002356113657349,0.054582434207213974
0.25469922309219867,0.048697433612088524,0.047625075676337204,0.022769453324039738,0.062319012526947944,0.109730378641214,0.20694156700962615,0.051367388900402385,0.19585046721714527
0.21602805230695513,0.06831954212491637,0.07546659483114398,0.030404102380634002,0.2148789472973364,0.039783074093126446,0.06359967165949555,0.17275048930386486,0.11876952600252728
0.03338555181150902,0.04310833108745973,0.11197713179034781,0.012462237754882503,0.11756000441993864,0.11749260467706509,0.14512385299877045,0.021765616057683804,0.397124669402343
0.14954174490780422,0.023425853713078676,0.034253151782072826,0.09067560172584675,0.00426289680060267,0.004040872659173171,0.3324815582335787,0.32007820324199554,0.0412401169358474
0.15886845624188467,0.11618185019373656,0.19129605748556908,0.0631012781585169,0.005582586459774175,0.21771158406572524,0.10766159115212053,0.07938398017286279,0.06021261606981004
0.009609089650725489,0.40215299173527663,0.04434451862660236,0.024671775171071043,0.11080110503277128,0.05313950665084091,0.10687788407918664,0.19368109183158608,0.05472203722193956
0.01677578981910002,0.5700947442717424,0.11233187492436987,0.010454294209539389,0.02396068690223138,0.02026051490616475,0.0231801515866752,0.11930740450805338,0.1036345388721236
0.06582464243854627,0.03071143199391684,0.05927253802455168,0.009122058454194204,0.32221039417173225,0.09027111607455816,0.26190796400270966,0.057713886691230565,0.10296596814856042
0.1359451828954608,0.018895232111905982,0.03739020203124194,0.07426880365724577,0.1015623434465454,0.005036119540605993,0.08119979431143413,0.5099582135745644,0.03574410843099561
0.2654953922910393,0.08611366552864008,0.08774580322643932,0.011125262460513553,0.3388816154184409,0.013073521469675914,0.04621221726266486,0.05002967490424586,0.10132284743834019
0.082019875583726,0.06922390580060728,0.07337998962201946,0.07572634879084757,0.05492605931429917,0.17362684498347458,0.2138801514555784,0.07224348724194879,0.18497333720749878
0.12203369871579157,0.02348454582220519,0.14110446285455228,0.14104524153996204,0.046077243275690453,0.22204894680225654,0.0171263416359012,0.05968565138179308,0.22739386797184757
0.010827666211002835,0.12586897480075793,0.09946608003865227,0.14192212943380336,0.02981168574123871,0.1453665095823045,0.01505114245881046,0.343971879939241,0.08771393179418895
0.38574955668203076,0.03896970596120402,0.0637090807891616,0.05984737966411829,0.14670867614675742,0.08964098261419036,0.08910026201400334,0.03092202110639869,0.09535233502213554
0.22834219856433155,0.042269361866138944,0.05922428494177586,0.11709319750165896,0.01904605686005734,0.02235908452399955,0.27291790973842767,0.1630771979775748,0.07567070802603533
0.14720638800969685,0.06347277203718472,0.10677105212318239,0.00796004985735549,0.1099906872295066,0.03475803536521586,0.200594387385134,0.2684181421745549,0.06082848581816928
0.2229168324633514,0.07651344837369999,0.05883144437349952,0.14480043005439577,0.04102815828813846,0.2248323697906571,0.1589145212819307,0.044698890263966305,0.02746390511036063
0.2993440610212294,0.04050261850162171,0.08959672591835881,0.05120049460326954,0.19812013243775664,0.03379104270386812,0.11230760401210654,0.12245868343390653,0.05267863736788266
0.21600716615476082,0.02884520977028961,0.065333594197698,0.04868640909429761,0.10948659177346037,0.014184588987550406,0.09859974097993114,0.36005513204431877,0.058801566997693254
0.021192826587955727,0.059466331601243205,0.14750611898224797,0.0080020869619579,0.016978733867415788,0.11509868116140953,0.2689956313095909,0.32037329564214195,0.0423862938860369
0.024674666240170756,0.0913611722815955,0.09810010263777243,0.12097457370253634,0.021510727818186023,0.4308321222007379,0.09220731462601385,0.035174032329155835,0.08516528816383136
0.05925398589427447,0.13979814596836115,0.13146888193627898,0.017779957718348113,0.2251509665150282,0.04333260661259326,0.12393292257527251,0.1400956238659615,0.1191869089138819
0.196572338467038,0.04842200995003712,0.09131161736103345,0.03107668336096207,0.008676081263723526,0.004372823956610765,0.054186523416426824,0.4969757927788401,0.06840612944532809
0.04159154655064848,0.3040781013568184,0.05743489946058774,0.005178803200339991,0.10227435676290482,0.06733300653708009,0.14797466886615243,0.057260269679161535,0.21687434758630655
0.20059279180262204,0.0182042508044527,0.24047810747617113,0.21238931191800967,0.019446726019166707,0.039767187736213586,0.08526025563854776,0.17312467462255463,0.010736693982261828
0.22998874621649387,0.04448711024865822,0.03472884589591148,0.05915658223455859,0.19775277534704064,0.004877420584463249,0.04605012852785776,0.3482561409425029,0.03470225000251329
0.11667998717305872,0.03397014016328659,0.07498130741067666,0.007936242701673176,0.12363682239058231,0.006590177239441636,0.09224248186698875,0.470725659488659,0.0732371815656333
0.1139236246644431,0.08422386435312489,0.11361514107911556,0.05403520336262808,0.21177457228937924,0.10283546855401765,0.08556928200176529,0.07725661214338887,0.15676623155213734
0.3017506696944741,0.04692045306434098,0.07244044890205585,0.18986806417808358,0.12905597288749127,0.0592299665301387,0.018227350312237357,0.12326895144529103,0.05923812298588716
0.12910642128213556,0.053013932560706904,0.09424331128225055,0.20780263494139464,0.05352855255998521,0.04001432065469454,0.14334837623155264,0.18616963606134843,0.09277281442593151
0.16896076910564647,0.06257713425979038,0.09051813597247228,0.09287929812182127,0.034875427669056956,0.03792049877163603,0.18772475406038946,0.1078592029345296,0.21668477910465753
0.039194993186765587,0.09177125154745402,0.21381243146586248,0.025967438353202896,0.05207179677234453,0.15487450060719216,0.1315987884775832,0.15135357051314857,0.13935522907644649
0.11822760712327236,0.051182063594955175,0.10294542924098611,0.028236751540683395,0.1840398735680546,0.18414959489711302,0.014848934996665545,0.09464227340062022,0.2217274716376496
0.07693301654747654,0.036470424648981724,0.12169427093338109,0.10032939181115659,0.039811465727399194,0.0502018286574265,0.3498475416993418,0.13988779526846365,0.08482426470637307
0.2388571329787242,0.030588003805801706,0.17468022630739952,0.07780910445551346,0.012002474647067612,0.3109191729236233,0.07713940833662591,0.05091402485118801,0.027090451694056317
0.3591949979322553,0.06817001124428039,0.06741967398403821,0.008657604769983097,0.30464412033793586,0.031925448793919856,0.08801963096956962,0.023575514421714214,0.04839299754630339
0.10604969630258833,0.03570772146487506,0.15218755719681265,0.011253754706003453,0.27668971812107834,0.06737250954373826,0.03231919228756303,0.09242996675183181,0.22598988362550906
0.28853975169658064,0.1279403301704551,0.08517403191148737,0.08287705812935793,0.0979951721611637,0.10753235151178375,0.04330263431630412,0.11031133345186876,0.056327336650998705
0.055388065824957235,0.3905991278513414,0.07347187200260348,0.015321200281667077,0.06032719632998889,0.021372297081519793,0.1972060086064782,0.10166284432894745,0.08465138769249647
0.17518258920990193,0.06304275359202684,0.09816549109315705,0.04627857231162028,0.0743511851019554,0.05161849228499605,0.1865695934356675,0.0980504767381603,0.20674084623251465
0.18000985366190667,0.09564817262456703,0.0834677242605279,0.029722710029738347,0.06991340759923588,0.02418828815832952,0.024958661838327678,0.3810156774451455,0.11107550438222145
0.034829657935294134,0.035957643662600826,0.07515755401697004,0.4927880661986939,0.020519158838191855,0.12328143451855333,0.05860242800226948,0.12263592017457381,0.036228136652852516
0.08773856675675208,0.013135719774067455,0.04140246634138855,0.12605584319855836,0.010657794948164065,0.008001368358103993,0.13071279601575095,0.5459317279249037,0.0363637166823108
0.21296997767255607,0.03999268188091019,0.09582002202627897,0.02931892673371821,0.06948231734967095,0.04892996029492372,0.09050482685001633,0.0850521661789132,0.3279291210130124
0.010181926969103196,0.11176188374631928,0.051201394310005914,0.010018667607295742,0.008884469159864022,0.3833207475396369,0.38833435779387043,0.021323756524894683,0.014972796349009812
0.08136889192442971,0.08345596471296862,0.05258648129959312,0.3403534499501153,0.0346161121095921,0.2688937236530715,0.06349503514388216,0.05036190068782089,0.024868440518526592
0.1284843818416202,0.11855056003224008,0.1885545180548693,0.06140605689091213,0.08259718917168765,0.07200709383317307,0.04225825191210284,0.09273462918849917,0.21340731907489552
0.038945777647066436,0.037202634447820744,0.10941616712318482,0.1540737680031904,0.04763322454596441,0.31329198319178103,0.01803150553152674,0.2044873317377582,0.07691760777170722
0.2034012008516223,0.10518254134903136,0.3295504998565976,0.012490825641115819,0.0344175326148652,0.06529430120051438,0.022991541188038308,0.10352114631778209,0.12315041098043293
0.04360015508290521,0.10453588253074063,0.09649274590694494,0.1042919717398123,0.15622558977453005,0.04849826858979713,0.06375702248591493,0.11106970859821684,0.271528655291138
0.16413135148289523,0.03127059251579207,0.12138643246937601,0.05029764808757221,0.039030123026055685,0.012778608659381185,0.032471279525669965,0.508842497160266,0.03979146707299174
0.4471165494590583,0.039091570400361576,0.04869913238472363,0.04181040699933191,0.17454898199653726,0.02389875445498468,0.13234808970816808,0.049522122524064904,0.04296439207276955
0.2725373941536571,0.037255073676652005,0.17160940894697307,0.05148125715539037,0.039352382117656494,0.07374171597008014,0.019795626480319337,0.0876637852311571,0.2465633562681144
0.1296226200768409,0.14168748968658762,0.14622847632193484,0.036825753001998036,0.18967568176060925,0.0722296825794885,0.007395840303616599,0.06126772494969068,0.21506673131923348
0.06468382402518764,0.056928790458437295,0.07094097394177666,0.27599722081205247,0.023745582816695723,0.005499686882479613,0.11479386650994533,0.36654816126291473,0.020861893290510514
0.15112851018520088,0.039808156392950045,0.09582445059542648,0.09146032982985335,0.007828634555834789,0.21355022029446524,0.10435928209156782,0.21353750176997088,0.08250291428473049
0.3483434376749803,0.0673331929715753,0.12945934700777317,0.04599458970204928,0.1392092230009168,0.0629002390054406,0.07241351941092394,0.058852968633926604,0.07549348259241394
0.07609328704983916,0.04552304599604027,0.11095643358589968,0.07440865617810764,0.05079876147516706,0.44351678946799095,0.02355698925987725,0.05206563978893147,0.12308039719814658
0.2712648377203531,0.03534161136762038,0.047326127313353616,0.019114522442054725,0.3488519672200791,0.08804730016838448,0.13617063507974703,0.02447574414157833,0.029407254546829242
0.2692179345330129,0.05854982561430979,0.04191610459744847,0.05758801813029731,0.11052599502153933,0.007233434965519262,0.09758488762732315,0.3268275675515548,0.030556231958995057
0.08846871397481933,0.12114662649372683,0.11034898396697025,0.15094310598161573,0.01877347095073807,0.11983988500333154,0.06235467543446679,0.30401806589939967,0.024106472294931836
0.2666905998473191,0.0127518257950125,0.08059168933406273,0.05488434520874578,0.009491680455281966,0.0021988735113874264,0.03859499763465094,0.5176337430290782,0.017162245184461498
0.11202674935288688,0.040937166124081416,0.16498250441161785,0.0334947393956777,0.09643015868122212,0.10745947270744198,0.131164023281812,0.05313062454980692,0.2603745614954532
0.2508239743285727,0.057602398836846556,0.11671345801699896,0.10728059385946603,0.1158476587585441,0.03799664475733606,0.09489873439765684,0.07570670535876306,0.14312983168581575
0.42006566951639374,0.0632227714874909,0.0557046498012995,0.011828547628981098,0.08430544485662907,0.007346049225487094,0.13218918427315968,0.1747540049582976,0.050583678252261344
0.12393106776002122,0.030556186540072555,0.06326659933389324,0.16328644986096436,0.05701472254805584,0.37377451681325874,0.013555712658555647,0.041618420091336046,0.1329963243938424
0.29085818678817005,0.025216498447532334,0.0656779934430703,0.1695819713551616,0.012849645042626109,0.0032669164489255386,0.03616729111077805,0.3734333521518732,0.022948145211862853
0.07467627427046852,0.08499950241627062,0.06967072106719711,0.03519008770129533,0.03589161301639729,0.23551320516202315,0.295684515102618,0.15499861251502045,0.01337546874870956
0.17614849923527895,0.10171524991654539,0.12028911174947059,0.0465046293268403,0.07336053458621876,0.10417796660344858,0.12260113037793524,0.18003088702576986,0.07517199117849237
0.04676961011395989,0.017404992253468293,0.24087324256367057,0.022735413833016648,0.041973224273303765,0.05200603935029213,0.273269120799543,0.2880787989755437,0.016889557837202033
0.18649687095504142,0.036523827617557146,0.16106086295129604,0.03650493020508533,0.044447687048809935,0.06241168097525964,0.29795154244987887,0.12135698401981791,0.05324561377725364
0.015862652234988662,0.05978919634782085,0.07571478345435134,0.25379767181695784,0.03308133154546767,0.25100701707666595,0.06935785525335468,0.06280007219272823,0.17858942007766473
0.16218881381563965,0.05597718969500707,0.07309103008926614,0.030308045442761205,0.12393921723623658,0.09956676525615628,0.31758564779917514,0.06346021975734323,0.07388307090841463
0.33117293379604346,0.10698546921245644,0.04070804701484918,0.0272652985014858,0.17885721788641495,0.020020464883039463,0.17032107246044026,0.09415505249962353,0.030514443745646908
0.4834676883369155,0.03836936299615001,0.026070163293063876,0.07696101179273636,0.15180879899303212,0.0249850806845259,0.1068117169411178,0.05898457876917417,0.0325415981932842
0.10407653197015576,0.10525046776703313,0.13702899406967947,0.042833180870070854,0.048121091819482896,0.14316799412899536,0.10823955370954165,0.0842366187383451,0.22704556692669575
0.3805414432156799,0.08360189001006639,0.04606668260309266,0.06821175301774789,0.044775317608443894,0.03442999749546689,0.09542062053339868,0.057052212908124546,0.1899000826079791
0.1031979803180706,0.043562434503837656,0.10787257511558022,0.39051407707172164,0.005942447430470181,0.061423876368604226,0.08172801417496257,0.17981212368353575,0.02594647133321716
0.2681477481711257,0.058583989606540265,0.12248089679798095,0.015609282964364554,0.19551154896575954,0.1812661224018265,0.024636022181159418,0.03323140243236142,0.10053298647888176
0.18945990176925465,0.14544152896936416,0.19467990142950883,0.035067893542282486,0.12714752367265203,0.09637135121741242,0.09495293842643233,0.03175406119162027,0.08512489978147285
0.3251312926481908,0.028669552538217746,0.05528623600461837,0.13566939560458557,0.0966488595640808,0.02641622362235199,0.20218526057989983,0.10405329917739488,0.025939880260660034
0.09024392874798504,0.04041855083417619,0.21996547507069963,0.042831221514179424,0.03945410348528313,0.03677123685913071,0.07049410798193068,0.07239944932185972,0.3874219261847555
0.04441019596743404,0.0958473251904397,0.06279569779052785,0.11155061495843249,0.04260316360962867,0.2833925614913743,0.11962082808372594,0.16330469515008603,0.07647491775835095
0.24175903481097158,0.07917764772595563,0.1945237831285687,0.039181946746705956,0.10997934735850774,0.05288457696275405,0.06163500301318852,0.08379266200650844,0.13706599824683946
0.4282782710028461,0.03257554821176566,0.08050977773714126,0.03519102708032678,0.20738629014059465,0.023277840656088792,0.06662052876066478,0.06456169716648535,0.06159901924408665
0.05920176552730535,0.05304583695551853,0.20165257542283996,0.09548071760754663,0.034605010094086334,0.33787710026983625,0.12712553790854939,0.06038886797764461,0.030622588236672976
0.17287272402281664,0.04041696138492289,0.0883460332257097,0.05543963090336166,0.13621080700928967,0.02195996831685112,0.19213043479809774,0.06604662211456337,0.22657681822438724
0.5355495983924399,0.04647670436995912,0.1031155287834511,0.01459205823169322,0.05703605212050977,0.15879267127127958,0.013159742239131118,0.044967108287519375,0.026310536304016908
0.25927129453548475,0.08595930675830349,0.11746761106330438,0.04528942064232794,0.027692867453112075,0.015048408113237453,0.013461980152808107,0.3982048722868458,0.03760423899457594
0.25585445131946044,0.04880223447939961,0.07263721685806733,0.15578262670587215,0.14664555347595165,0.05234068526992843,0.0650721549505395,0.05136840775221302,0.15149666918856786
0.2959029746153945,0.07251846393567128,0.10633052075876999,0.019556026184027755,0.0939863008047969,0.07433992662391326,0.07833387435757504,0.12256603855619176,0.13646587416365955
0.213742691253037,0.10184457924688706,0.05597160372274353,0.03916786847824718,0.45728703172428853,0.013091818407275184,0.02241408147820773,0.057695941374159336,0.03878438431515441
0.12290159034419185,0.030175456608888953,0.14686633989378392,0.05321119881858364,0.03557827063779352,0.1716899964395235,0.36541997181817165,0.05226324952030073,0.021893925918762127
0.1382264725109332,0.05219460135787427,0.15093599680302225,0.04795768018464217,0.14129330962506476,0.2344604118627486,0.0802849917176457,0.04920857322043285,0.10543796271763617
0.3633602246922569,0.024579662443223963,0.1016290621514821,0.008553923984202854,0.1314420060231145,0.028272159964502497,0.11005142318887468,0.06107306229586474,0.17103847525647778
0.11684020722450587,0.02687430611785206,0.020647177665314476,0.13231777289984806,0.003132071537194792,0.005745833753660258,0.09048406968510371,0.4921620085851324,0.11179655253138841
0.3503212650022753,0.03658877954680383,0.04959421607854575,0.0160306984009452,0.100815886476689,0.021233378761842992,0.3248650978462672,0.04641845173664961,0.054132226149981165
0.2036955685068709,0.055827616676113946,0.06228239702502183,0.0070684648735988495,0.10378042692074313,0.05433158872835325,0.36278017656715406,0.09405033287663674,0.05618342782550733
0.032330840607512505,0.04996064951020505,0.1495304394706995,0.23934710946243243,0.020509320211473794,0.023449452400759418,0.041733064004013165,0.40271658617601586,0.04042253815688823
0.011210608274670323,0.2339016722168721,0.15714339765905908,0.12148672093210555,0.011740864617971088,0.07583958514865154,0.17971417205498053,0.12597366340067986,0.08298931569500989
0.08184299667391148,0.05609266281417308,0.15777651033432497,0.09930604285611944,0.1493544582347892,0.0722109766001482,0.03128505904122799,0.21949300450624576,0.13263828893905985
0.1300433942198858,0.06610618638049238,0.11710926215176691,0.17677804787409301,0.10946125238365555,0.02973283417255673,0.11372948435758963,0.06127339969238218,0.19576613876757776
0.02199866482529009,0.053131254325568124,0.12193659991896505,0.15373324168706004,0.08777067803285059,0.07363657702594197,0.23792695466418945,0.04274055803970073,0.20712547148043403
0.09729022622291966,0.021695494510512905,0.07516176910217227,0.16324919781926836,0.012297541215493523,0.008410269047921705,0.08556988624704522,0.51185841298765,0.024467202847016343
0.16141417876609712,0.09774260085610531,0.0805049952520222,0.05592180329062634,0.1093022346499125,0.0934222441770272,0.07309133459757938,0.13740097266089965,0.1911996357497304
0.16274495458304025,0.04270604284394516,0.06626966600024935,0.21548131514134794,0.025799527520484172,0.16706543304665492,0.16240136390041157,0.09377468113429675,0.06375701582956987
0.09020764503580686,0.06603614547423181,0.12735007653264965,0.026805455051311895,0.3486598950787208,0.032768617574975685,0.06894286399181074,0.14074731019643197,0.09848199106406048
0.09195144646065663,0.08642018752992721,0.14166259465975015,0.09896615104555562,0.09206451903398194,0.26402601364154427,0.03231217569331364,0.05187313424013553,0.14072377769513514
0.15214112773119404,0.2261776273159571,0.09084776883621226,0.0045153591394533074,0.06135032694545898,0.07818818310204335,0.19274134575088978,0.046631081861857666,0.14740717931693356
0.04927865355724705,0.09894218852701793,0.1851095675794586,0.1417435466960858,0.09724164494770038,0.10193382828423962,0.1578008457294498,0.11225631533952435,0.055693409339276474
0.1359818216216782,0.05177429001728554,0.13204344600491877,0.11572729491492306,0.07699784711777054,0.2512822360485954,0.06327935440339282,0.08287925140798345,0.0900344584634523
0.011729842688509165,0.0630964570875993,0.05660160009267149,0.21949803842812923,0.041253519133105106,0.3021745186917588,0.006455371640990327,0.0674013564944171,0.23178929574281937
0.06386033078766735,0.08648148854630922,0.10604155020559176,0.19416110333341208,0.05367065199089477,0.2732383250800186,0.14212511871629888,0.04862484934435309,0.03179658199545424
0.19163941634390536,0.055434244011296464,0.0770430587713935,0.07968808128949843,0.24297925362118653,0.0072751137937413085,0.19139242552247185,0.12272362342499964,0.03182478322150691
0.08151853772383529,0.08146342330007693,0.09549690666344235,0.13351059567105295,0.1069625819603291,0.07195856611336642,0.160925087316473,0.137173696860531,0.13099060439089297
0.37689873145793684,0.07647784001822555,0.043073993082816515,0.03202005902972419,0.0341718793582966,0.07878542722233244,0.20703799222399114,0.049455841772188126,0.10207823583448856
0.034687003025404915,0.03781683663101317,0.11993908329656387,0.1648185623581561,0.022164787448240495,0.231914207851466,0.24831327572884698,0.05981740846307033,0.0805288351972381
0.09515580060764824,0.0574853205712631,0.25949645913887126,0.1833711813789344,0.03846558185564061,0.13401629956745578,0.05114102180854394,0.1453026648738998,0.035565670197742955
0.33487654411986306,0.08752870960190683,0.13144143129668548,0.036422126038688905,0.022325360236313124,0.07559663163565528,0.0851094407213225,0.13208184388056568,0.09461791246899919
0.05283503322558928,0.02623288160644141,0.033619954683113275,0.08222334696479884,0.1154287377280866,0.02036118407639519,0.20341489413824954,0.371422378171085,0.09446158940624089
0.27682601321910955,0.07448102227057107,0.260275471439999,0.033758402126890824,0.10968584941246351,0.04220677563945296,0.062110608886796724,0.03837270851525278,0.10228314848946356
0.16066453167497644,0.15102235755534787,0.061560242944508826,0.007052454280332458,0.13613417813078907,0.0883385387358177,0.0847651143839989,0.07218892817688313,0.23827365411734555
0.09381571562494177,0.04872636734627023,0.06413988947008292,0.03659039722178493,0.36862517270708345,0.003654431857087841,0.2354950076599025,0.12854324544529536,0.02040977266755095
0.039579894351134015,0.31624940864700796,0.11674815919533511,0.012495781721025981,0.02628648634072318,0.011477492170964823,0.14029488605123006,0.08255230145620775,0.2543155900663711
0.012477507920698168,0.6562408188701917,0.10574609032219849,0.014261461621040568,0.04162356491909395,0.014639323384679659,0.017913138580374494,0.059076412392602216,0.07802168198912064
0.34700247923225697,0.04168982539518543,0.0639565765835685,0.037476447889244834,0.0692842869734151,0.033594893038033626,0.2379221252547121,0.08628787544729528,0.08278549018628821
0.06366532437525897,0.06396206665775349,0.1788770686698964,0.06333200482050391,0.20606571765501128,0.019110012000069718,0.2291548158317849,0.0922663605325112,0.08356662945721012
0.2052917166793186,0.05013896257922071,0.0821079034605476,0.039238148997620494,0.08429423329004902,0.008356201056687313,0.06518049686811804,0.40178219689291056,0.06361014017552752
0.03695932760388223,0.06931701257879413,0.04133275335546899,0.4912964623635945,0.0303461547009841,0.07659738807887208,0.10371457543223239,0.11171073897757249,0.03872558690859918
0.09418881489342756,0.06102059020826032,0.21566261524386496,0.024207125289161375,0.05329534948191495,0.1265531214663934,0.19114323620973125,0.09901532339970172,0.13491382380754444
0.016559190354124672,0.05063635535003489,0.09619114666578876,0.2518037663353577,0.10819769443775358,0.22446938572819486,0.033528702978086966,0.11233094732911005,0.10628281082154854
0.15208827985887485,0.04619748361748103,0.17670391569217736,0.08416259552357352,0.09239013064588485,0.24081815186487587,0.07957865098952711,0.08946635690692921,0.03859443490067611
0.27287026028328515,0.04751428161692677,0.06900147710235686,0.008560783139088328,0.11633860828512244,0.09322768982076823,0.2332234583137861,0.0421670328004376,0.11709640863822857
0.0330683095278986,0.037366503462729204,0.07520445520159956,0.14227140190210083,0.08136815658789576,0.23656927447609585,0.1919661198931446,0.17162546802516088,0.03056031092337463
0.16362876391979167,0.024977295601086098,0.07516237529351466,0.2538416315346888,0.1122455058223416,0.006929833836948669,0.06986415209058278,0.23328041732032848,0.06007002458071714
0.027760855763798876,0.027019666152619793,0.07046674876172931,0.12437670820651525,0.028106072420601386,0.33471042418176383,0.05874624291483276,0.2208194839446613,0.1079937976534775
0.15614315069211693,0.03543974956845008,0.05560704780306875,0.3815932305735734,0.15192621168395218,0.09990640249716143,0.03644738493294702,0.06937895397228104,0.013557868276449114
0.36590154890866305,0.05523935849877151,0.2202214465794545,0.028938692945221552,0.03227282343725471,0.04249633451989012,0.07615013570472924,0.06195386324336576,0.11682579616264943
0.04163363010083464,0.036413361980988934,0.077074796356044,0.02102659804171372,0.35290999723789684,0.04313619021586367,0.1397450937363968,0.1168920443216938,0.17116828800856765
0.03830487893378533,0.04807631378077607,0.0704409980138604,0.19281566335510802,0.15039680270642772,0.2596843373388435,0.02706688763798515,0.11033112816551338,0.10288299006770046
