0.06903817923926105,0.07417280580120844,0.12266685936289246,0.11586570999470501,0.10579483964460538,0.1337308762726857,0.16258743468230227,0.07251423366120681,0.14362906134113293
0.13968386172657263,0.11866301069316532,0.15568658937551377,0.11681204044263667,0.1070279765377374,0.09725564293000837,0.02860964553174966,0.1389990405397006,0.09726219222291561
0.12472154414987895,0.11603054159475533,0.11895532869511209,0.11934486083253448,0.12099161344254865,0.1064533197777856,0.09072329824764147,0.11884768952265311,0.08393180373709037
0.112058410743291,0.1174045646882474,0.09364320106908199,0.11248331984353355,0.10658950752135815,0.09886247513528734,0.041255630838190706,0.13506914564086783,0.1826337445201421
0.07444368231763021,0.1535643314563905,0.10795526142048255,0.09256876581787289,0.08912395016347201,0.0742158012709828,0.10564083410940511,0.08673750932100806,0.21574986412275576
0.074786043584765,0.15327110014502013,0.13851991901665475,0.10293726825681536,0.10786030874986208,0.09630238370867943,0.11641028778635087,0.12817336815630634,0.08173932059554607
0.13798258489084086,0.06971085528988057,0.08313368922006587,0.11557340198009351,0.10893248493813294,0.16651960437786592,0.06828632664561533,0.10211370101501688,0.14774735164248817
0.08987340411162041,0.0959369541048955,0.13762520589473892,0.11595611948677953,0.09057430721984293,0.07988847187187025,0.07476793484862575,0.09979675365321682,0.21558084880840997
0.10943633115955716,0.1512583016543392,0.1282291882359091,0.10316301063198825,0.10156323871248933,0.13623995122519814,0.12960911314967663,0.09431833672439716,0.04618252850644496
0.14210094451454242,0.126636308402167,0.11873417774302304,0.12137113583966126,0.12898022559010316,0.09910451990097047,0.036694430475636204,0.11391564230406732,0.11246261522982914
0.0733881274819882,0.08737591223248163,0.12470743213569897,0.09459268438179208,0.09064098410923634,0.1011141029857009,0.22843860770239569,0.07762063523408881,0.12212151373661746
0.19792974208534939,0.0840047340333439,0.1628590704849311,0.10266032393826487,0.12443500742257652,0.10116971738010723,0.06326253564494676,0.0860309369649329,0.0776479320455473
0.07366808578960865,0.09790842213304429,0.1301563033528678,0.09524304998302761,0.11484601407452417,0.13582241761037642,0.15304176672408268,0.12107663672498692,0.07823730360748153
0.10536281096230692,0.08752078813968461,0.09115010479615243,0.12432243538211647,0.09401542254138506,0.17350168708284042,0.04043833957325063,0.17232938630900405,0.11135902521325942
0.0901381837587792,0.08900762634811203,0.15969617583866336,0.11072839489533025,0.12943831254295987,0.07885101680055612,0.17419484523329096,0.09032106658421908,0.07762437799808919
0.08664816004061719,0.08441845261752438,0.14520867514964045,0.10047328549474316,0.11478358535865718,0.18107297728151017,0.10491725979743198,0.11889024525205273,0.0635873590078228
0.07784294638778778,0.0704205273207722,0.12483087965825511,0.09502301367364308,0.09138403698151859,0.1641595668245295,0.11191452270523972,0.07437512091391216,0.19004938553434184
0.11645101625849662,0.1949138266945083,0.10010191791011828,0.105101930736741,0.10441935881354995,0.06991351711445566,0.09440647977874865,0.14303921966731603,0.07165273302606547
0.08016329783632821,0.08711995864523779,0.10568552924155507,0.09010403454611242,0.11245428500895256,0.08936783899562134,0.07586140571556327,0.0980789566277261,0.26116469338290327
0.0823073267174079,0.09114861398142142,0.10400007200491727,0.10155075674536146,0.10750046881526076,0.12646974064293448,0.11901049500890286,0.14018272657249936,0.1278297995112945
0.10723363438761246,0.09333416305561866,0.1138418269122929,0.09507379740756942,0.1265564456182016,0.09236474783908755,0.0576865092269096,0.07930892412631176,0.23459995142639609
0.0734850794688109,0.11010537184495821,0.14248079191211452,0.11207858979252354,0.12765999637214384,0.08983356084417038,0.0798952193275777,0.1497543470587188,0.11470704337898223
0.12049611498622163,0.12526216519225214,0.10011834628366827,0.12736425361569484,0.09962538233725314,0.12323691063643975,0.06601011345391422,0.12547017958245718,0.11241653391209892
0.11054302194607131,0.11628596750226712,0.11313100299291207,0.10209350203532576,0.11354047172563025,0.08457736184868281,0.09871118863807349,0.1269627123505177,0.1341547709605195
0.13817100419141562,0.07385917189277635,0.12834559263938963,0.11393741684284532,0.12862443451614788,0.12641472757125724,0.12895345557000346,0.08734567636200301,0.07434852041416146
0.08649528625244247,0.09680044566392425,0.10340944967347598,0.10921443457871655,0.12449036000464307,0.10515359237019806,0.10599472578843315,0.1171379174171601,0.15130378825100635
0.10880024669422168,0.1020504394268299,0.12149712609482512,0.11795041893452977,0.13339897188914354,0.15119253724923562,0.08403465324360138,0.08284632238977004,0.09822928407784293
0.1015589818384145,0.11585052437795106,0.10627718108738902,0.11706444261934179,0.1257511116784862,0.0797415113796041,0.0936720649773173,0.15853192221802584,0.10155225982347015
0.10277845838423194,0.08997848419027075,0.10409981085898279,0.09806962433836412,0.09084386388375511,0.10205829693136309,0.13364870675414303,0.11238274196490805,0.16614001269398096
0.1856131487670103,0.1068106158024182,0.10430978247972224,0.11026868590711399,0.12648522327895315,0.10234517850182075,0.04759682213666153,0.10980089289655592,0.10676965022974384
0.10514152216559867,0.1187401724163744,0.13279434295526626,0.12035028307507656,0.11830421544450682,0.08174654628600005,0.06743411766268156,0.14860424110883247,0.10688455888566324
0.07954793730889204,0.1340465624576401,0.112674045380749,0.08906333858062683,0.0954062668330971,0.08161108283801086,0.16843784532845874,0.09129270141148288,0.14792021986104253
0.1099715623140044,0.1617909452869144,0.09846796136775722,0.09906006960438263,0.11678959556516048,0.07394446097336209,0.1571863244825661,0.13910879781266583,0.04368028259318677
0.1250299773704973,0.07373499399783406,0.10739887737245313,0.15102404107628306,0.1471612603331018,0.07551207195541486,0.06048286421232366,0.20443750376558864,0.05521840991650343
0.06011326950540969,0.07981284662718413,0.08818641225868322,0.10094475978431756,0.09850832990064053,0.07047568616879633,0.09745967366670044,0.0635374308785947,0.34096159120967334
0.0909204400479845,0.08817201340016179,0.15543464403743454,0.11577234582440109,0.13041555491011697,0.10297181124352804,0.12045515436059517,0.11575055332559908,0.08010748285017873
0.10821561957937641,0.13365692958188713,0.07394342255965199,0.09136705118235454,0.09555423402280792,0.06897950008537697,0.2282603694071467,0.08406082665829458,0.11596204692310387
0.07602587950685293,0.10706852347971192,0.08249885619147486,0.1149739609480131,0.12159865542535413,0.11734552549802597,0.11363583604692425,0.17170451950175156,0.09514824340189136
0.11639651238013748,0.12160048116754624,0.1228161214040248,0.09809177394959749,0.11622536793000142,0.11618090663246694,0.11883085978788988,0.09304851350802155,0.0968094632403142
0.10415806461960314,0.1242797046133594,0.09014939251772873,0.10161068297941196,0.09998306436805214,0.07491579814859621,0.14928595114572027,0.11772563157079963,0.13789171003672857
0.06947400508683078,0.1492353133180343,0.11426520641283573,0.12618665938300883,0.12032425438919948,0.09663857210574293,0.06576433697038249,0.18864030154142855,0.06947135079253682
0.09642206398903641,0.15112112917251996,0.08943660064477756,0.12171981235370061,0.11535299145315946,0.06800565418451628,0.0855718638910916,0.18211737010699816,0.09025251420419987
0.1445527291331826,0.13024465379247072,0.09963465380808138,0.09958108427783058,0.12176396625764023,0.06945443348859416,0.13940941507716045,0.08845479900475273,0.10690426516028713
0.11800258277519472,0.09588298837321237,0.10314593838136175,0.1226402883959471,0.1308928166945608,0.11679039068100888,0.09184555050558661,0.15274173026877944,0.06805771392434827
0.10312607605462691,0.11572773388385156,0.09866500364542968,0.11642029402405185,0.10870818935848857,0.07393417200147202,0.06629844786905853,0.16040035342612266,0.1567197297368982
0.11093133521805565,0.09332935788633201,0.13826868544630347,0.10460089217913615,0.11010641659823718,0.13385855725508958,0.11928650351723197,0.1229069055701442,0.06671134632946969
0.0728500089406774,0.06427099694788722,0.06411756929826602,0.0973945589453037,0.0993031315574225,0.08964061778428323,0.24401147222330924,0.08061742914313763,0.18779421515971292
0.08574333592373751,0.07101241469800831,0.1210371436382391,0.09113412747067821,0.1058860609544458,0.13218119147534785,0.2774827496568833,0.05607281011639839,0.05945016606626152
0.13204708708825877,0.09410431538128165,0.10992956398024976,0.09821944904865437,0.12434781712556386,0.10880042720233334,0.16359732570250124,0.10227073461101155,0.06668327986014543
0.09262158473941524,0.07960692434050885,0.13155205118050048,0.12721836930483285,0.12748776807122636,0.1037553043697042,0.10124509673639513,0.11200771155558552,0.12450518970183135
0.10114397788834735,0.08252214277020237,0.1328398568506494,0.1183493868281442,0.11341175969554386,0.12949343731823545,0.15848680500048876,0.11651453385828175,0.04723809979010692
0.11226919167471217,0.10399773939839135,0.1220971167744009,0.09345237890165577,0.10654471963194173,0.08013665202355717,0.25828489338045685,0.0723295087034978,0.05088779951138622
0.10553540903928688,0.08574302852098768,0.1156549671384733,0.13540392780424074,0.1312704026892025,0.11962757308254961,0.07307671187712174,0.12861032532220948,0.10507765452592799
0.12184246058609371,0.08422893431981543,0.08055577042319546,0.10745610858766323,0.126765498323753,0.09332113353266112,0.058551353098108196,0.1010343130713403,0.22624442805736958
0.10551507863354438,0.155290341989068,0.11354578868269434,0.10271021366418852,0.1038732832484901,0.06747137675826355,0.02730137663236765,0.10681607191930087,0.2174764684720826
0.09521235467180272,0.12347560171177945,0.11938961305416684,0.0942544692854071,0.10207963794269241,0.19037620649431108,0.07978162143882216,0.1214143877772235,0.07401610762379468
0.11043150469632194,0.11907045885170586,0.09785508234778983,0.11964490481559194,0.10796267953618843,0.10612884553375763,0.11071638209553429,0.17868282638727806,0.04950731573583208
0.11399491853023735,0.12776009829979368,0.12288697684899792,0.11383659859844138,0.12297687080072901,0.0881844989931548,0.122742271824058,0.14789807169046612,0.03971969441412169
0.08976090826893991,0.15097220325704383,0.1353938419638707,0.1176869380235628,0.11237966928974519,0.09325466874765409,0.05798335309065606,0.1568628341936811,0.08570558316484626
0.12466197897046864,0.11349521580011578,0.11299918013028354,0.129952756978806,0.11858827739457188,0.11640633873149638,0.07258816399962836,0.13681469879183658,0.0744933892027928
0.13953582569621556,0.11887008324616155,0.09566680337132934,0.12067379831569468,0.13123217355454975,0.09464284146159589,0.08539695397551449,0.15644496687101345,0.0575365535079253
0.15411560633758373,0.10877416766815445,0.10837277833461893,0.10742927478400288,0.11477424742393687,0.0921012806805182,0.08430441655687722,0.1768251397477855,0.0533030884665223
0.12753043882331289,0.1299595940822634,0.1127718473118679,0.1116251355788469,0.12206699525099161,0.0718239782304923,0.1018258629838068,0.13925462849845596,0.08314151923996226
0.09702547168470137,0.10316219090619026,0.10204250090897704,0.1099722466890511,0.12491746500082301,0.10507098089884619,0.11054765767782497,0.1381024658291605,0.10915902040442556
0.08404182692061783,0.09198188969958256,0.10967935166303772,0.10724723223258804,0.10723232407877577,0.17801780463608244,0.1176077238810596,0.1465420474272029,0.05764979946105311
0.1313298764443801,0.09397654386779852,0.11821607954723716,0.12631647824891512,0.14496456948877676,0.09927475911192707,0.06226951371115751,0.13262013360936395,0.09103204597044383
0.08836014919088427,0.13442408100754213,0.12059925367047607,0.09192526947435613,0.11389860800030256,0.13381571803632528,0.18264327990353554,0.09973800438749646,0.0345956363290815
0.06921766047410717,0.10741592618356448,0.0966451461001986,0.09403416312466391,0.09116936021422169,0.08084801991031794,0.28691574625374894,0.08118093980158847,0.09257303793758886
0.14675510784133253,0.11856852879083646,0.10233219781926572,0.1108384593785694,0.11881928020533004,0.1066476731768836,0.07842264434620887,0.15645996631838754,0.06115614212318573
0.08476312206627958,0.11788737042454318,0.09016136894467018,0.1145858428388994,0.10274461621351294,0.13662648954821444,0.13091076722628245,0.14921449326661287,0.07310592947098493
0.09354354540176164,0.0777101373138319,0.0861290575888591,0.10602088768696404,0.10859147225934966,0.17257627980858223,0.0699875535593629,0.14228974209896883,0.1431513242823197
0.07610263689157484,0.0748487447364149,0.109816347617732,0.10362849756076413,0.11120008972853297,0.1454602488697683,0.15232067501925203,0.13268173640519818,0.09394102317076265
0.13120129810589184,0.09188178113341516,0.14827218705580314,0.10255388493001598,0.11665254372550272,0.10767934674751374,0.16046434288941652,0.10411895933007469,0.037175656082366206
0.07570607858907807,0.177706532653916,0.08645307176379159,0.06823181291179398,0.08451874335627814,0.073505699046865,0.2791205079995202,0.08334042890283029,0.07141712477592671
0.12660781842648194,0.10028126083890189,0.12470231508826496,0.10620299834615711,0.12266103018823778,0.11236078861811344,0.09784685931152175,0.12567134415829515,0.08366558502402598
0.06938640655824302,0.09045443207073318,0.11298306767796595,0.1056624303817914,0.09963785771440853,0.17505395811086052,0.06567291562649903,0.1542632058010397,0.1268857260584587
0.10752231937051815,0.11016590367211439,0.0659836370150931,0.11369213528792026,0.10499189898619177,0.12675867718905512,0.04194613835514971,0.17103268235003555,0.15790660777392196
0.0934506568774693,0.1080662739852873,0.11147758325414969,0.10979965665493059,0.10724675260631707,0.11658755899146434,0.039766483055880514,0.14457504233037147,0.1690299922441297
0.1120131414751891,0.13537695112687062,0.09649230716035834,0.12848764511686556,0.11364492224519222,0.09340838548536495,0.06548517696450909,0.11694996797712154,0.1381415024485286
0.0757380715847109,0.1177010205497964,0.1138085630310453,0.11479005838241553,0.11173714667438452,0.08831940975578363,0.14846478805951865,0.1310498406449548,0.09839110131739015
0.20100741748200637,0.11412160987708127,0.11782956602996268,0.11266639844675926,0.1141366312179189,0.08322803242711806,0.06511182426054325,0.11918289042995951,0.07271562982865072
0.10451771242930717,0.07454684512014223,0.09385938695665393,0.10912881569919484,0.12107014154580449,0.1320345555923648,0.14732433052872793,0.11308556411570748,0.10443264801209717
0.08898527244302734,0.19596652631047037,0.09400858990131618,0.10623146348673612,0.10074358933195794,0.07122329733988643,0.14953127788166592,0.15656573271400664,0.03674425059093285
0.1333265665512131,0.13229989741296191,0.09258061914600162,0.12398816269992681,0.10645913227629578,0.09621529900784236,0.061139227672931916,0.15136666790952882,0.10262442732329774
0.11129577821994212,0.17436910150623378,0.1354008747508955,0.10836603665542717,0.10633393422319637,0.09578147846529901,0.057596609751275285,0.1439062673704842,0.06694991905724662
0.1219757559048862,0.09573049795606599,0.08310086461102856,0.1106171876498263,0.1088044390368731,0.1944958877912295,0.06506593459173401,0.11256375520792168,0.10764567725043461
0.11978387592391615,0.09647345714657458,0.09008207191285622,0.09678005494672813,0.10797816101410966,0.10628828341627396,0.09492799593693063,0.06927863083475994,0.21840746886785078
0.09985133305058262,0.10797091748535263,0.10305821013596543,0.09301029499663827,0.1166113610315178,0.10679163313508078,0.07960042325010525,0.14254082846395233,0.15056499845080482
0.10249530242668749,0.0688245447775429,0.12857423865888254,0.11183905395122952,0.12505586185361675,0.09834111372401984,0.19338781383869555,0.07903542730366954,0.09244664346565573
0.147129746947862,0.09965189242895839,0.12914042187403774,0.12788073819955667,0.13711256302670313,0.08605009946958068,0.088674704108323,0.10879607980996993,0.07556375413500843
0.13138447555782745,0.16209083285497505,0.09402875716470276,0.09973335630981095,0.08905155488140037,0.14392072515974133,0.04370763379069106,0.15339085200946287,0.08269181227138822
0.08134002728962224,0.12782793335727263,0.09310968402301067,0.12155571710706127,0.1213353194129924,0.08187604883438286,0.16925077310517855,0.12223589599238327,0.08146860087809599
0.08484125990952762,0.04960792996560156,0.09195990929550436,0.08811192034863484,0.09180966885646209,0.11058157131309998,0.2902247204781712,0.08750634672187844,0.10535667311111985
0.07903782368742655,0.07814546719001582,0.09712361941231484,0.11588250597266474,0.13191135942990218,0.11618722421467735,0.07763640539781036,0.1606952203635492,0.143380374331639
0.1270336733048661,0.08462138014697712,0.08742964944818665,0.13173563229978433,0.10403424607239244,0.09655096105002325,0.052271397074398825,0.12090215299409564,0.19542090760927566
0.06338157366662152,0.17816554514404614,0.09465907204757688,0.10152239001114254,0.0988651302549836,0.09544420998237824,0.19345052245308925,0.11805566476036429,0.05645589167979759
0.06952188657294782,0.13343901492556295,0.1213005617303951,0.10526259467798738,0.11448698444575713,0.08113097604339195,0.11970536062671962,0.11872946952608188,0.13642315145115627
0.11931220801937599,0.13141741660668657,0.10919618531826449,0.11896145706917778,0.11780826311082006,0.11441758170738615,0.09138033833368019,0.11090887975772228,0.08659767007688646
0.08516847047050569,0.12032247849189957,0.11133712116822819,0.11453113930891023,0.09410245351053037,0.09528539656602024,0.1591180190591024,0.11414412736574701,0.10599079405905626
0.10404527428357109,0.19157200843159602,0.09098802826934109,0.08455213989086323,0.09082618601947952,0.10850961278062399,0.19570047998206233,0.06975393794325317,0.06405233239920964
0.09729883590141053,0.12141167712045935,0.09755391137811059,0.11762258201529335,0.13336984029001916,0.07212024474306358,0.14034173414078846,0.13382599203099926,0.08645518237985568
0.15734026619528754,0.1475425037037047,0.11378268380397062,0.11454465022611189,0.1097449117405583,0.09323311916897999,0.06694315429397744,0.14219511701006984,0.05467359385733964
0.07958861976646257,0.052655524193515026,0.101170322816579,0.08568244512528977,0.11034474278659472,0.1921882283419193,0.1411499253929456,0.10485106537438933,0.13236912620230468
0.0789610311715589,0.13489158543809607,0.13225729524635932,0.11438012497182663,0.11230954018954985,0.11227831212240658,0.10093371388858315,0.07122535327040004,0.14276304370121948
0.11917469543110788,0.07650425659896608,0.0901007999578282,0.11284381322164445,0.1135306615267047,0.16133108375219804,0.05153676719644723,0.2035934620946281,0.07138446022047527
0.06762617592469493,0.17102689572131144,0.07431911058947328,0.09849212456462324,0.0954391103610105,0.07544156112637802,0.15494299377402815,0.19279177322170418,0.06992025471677628
0.08671716139426798,0.13064535719640538,0.10898692953598894,0.12675712221387275,0.09757620255491169,0.08667759664326691,0.10625243030377934,0.16022716084964853,0.09616003930785848
0.06405759756036865,0.06438791165304264,0.11482675823534115,0.09934823711379966,0.11538442841506952,0.22305704522102543,0.09630944086207506,0.10365485821053828,0.11897372272873963
0.0947501985695363,0.06879148185726243,0.13590935240610627,0.1081384908759039,0.11907184482313349,0.1062455187592775,0.22081544870675873,0.059057927199248995,0.08721973680277235
0.09110805158577452,0.11825631785193268,0.08385291069855834,0.0978893314561227,0.1251793248009353,0.10209855937314294,0.15056582001285979,0.14573897178279482,0.08531071243787891
0.16561870561978217,0.07779224608099579,0.11378407866287062,0.11556355121193139,0.1317984728993502,0.10804322405116668,0.060838088245932155,0.13346591205701797,0.09309572117095298
0.08832211700166481,0.09046366281892386,0.10700571960663026,0.1036900517972555,0.10600775281831822,0.08078056385835404,0.1640096521551227,0.0888612508948169,0.17085922904891362
0.10675408820257815,0.12226077913016653,0.1421680895627112,0.10964615187877706,0.11185899115771407,0.0918201620005305,0.04861435447320201,0.13689553433988363,0.1299818492544368
0.11069424199330584,0.11964081674444094,0.08099217158374455,0.10413727667917778,0.10482536646519779,0.08345803695485877,0.18100897965673088,0.15396877707638298,0.061274332846160545
0.1299531494719389,0.1406687594362908,0.13969339513851028,0.12621184066566452,0.12200863197092598,0.11082418834898951,0.04698756227695238,0.11935507644578629,0.06429739624494123
0.098232109461385,0.06946582502937916,0.11853894056803645,0.13362671484143487,0.11116746040575269,0.13914157311875372,0.06657741345553626,0.14468987834932337,0.11856008477039848
0.08740811203654929,0.16724480117701876,0.13609901367164964,0.10926046535084066,0.10102182724026086,0.11304643913323704,0.1169742787092561,0.11639727016544162,0.05254779251574604
0.11293148921316913,0.143629891889748,0.10675814527931426,0.11639260877543496,0.12172855206375648,0.10473876339747272,0.08287852655568935,0.16637021426460835,0.04457180856080687
0.1128601456011205,0.10275562478449073,0.15603062989693897,0.12479682315475844,0.11692466592396626,0.07977000242014366,0.12769494792733113,0.08038335841210985,0.09878380187914045
0.10814402814865776,0.17471607659545277,0.13365725861123703,0.0865313523731684,0.09136625878728828,0.1117311414710659,0.12765402877438536,0.1276183554808178,0.038581499757926525
0.08906701006972273,0.09345887161956166,0.13049653903683345,0.12565889414406634,0.12693404563304944,0.10260051110989088,0.0786227322139557,0.08437410593999976,0.16878729023292005
0.1017084989391806,0.1475321616096965,0.10333273530014352,0.13029235321085966,0.10765456200001193,0.08243263153738802,0.16064689623720305,0.11472735631281279,0.05167280485270387
0.1398506762133385,0.14344403398923192,0.11013165948456168,0.10169074929447003,0.12300083328826165,0.08861410273955043,0.06060118679574147,0.12598318571961012,0.10668357247523413
0.15434336447447275,0.1128706995473201,0.13796744718380818,0.11883691724269822,0.13172661984690448,0.06419220988454373,0.023564591974136077,0.1279604518104067,0.12853769803570966
0.10390513332468831,0.09684368026740055,0.11887450911538298,0.10415382661334788,0.11144099484923732,0.21152945106650345,0.06744024573169222,0.14445641665816106,0.04135574237358616
0.08323484986865547,0.1271358848755964,0.08736394709741735,0.12411186098817183,0.10918705118549361,0.09855919457614122,0.08451951134715852,0.18150660221201345,0.10438109784935216
0.08616911492421338,0.11983094298522336,0.08721515289247683,0.11089418937262312,0.10870318750873131,0.12648402190444485,0.0982297376934937,0.17469349226136358,0.08778016045742976
0.12751945382787414,0.05809741506432253,0.08868975277667407,0.08097501541111302,0.11080690016279927,0.10743576848590931,0.207984668486775,0.059315128723142124,0.15917589706139046
0.10656335952302975,0.12308015173432073,0.11154572739546546,0.11722665549344295,0.12382826499571009,0.10115419758321313,0.06537180043321761,0.15386425472730716,0.09736558811429304
0.09720434321297346,0.10404758081334776,0.1509199328696464,0.10594422900069182,0.10536673269734265,0.07525307194081672,0.14755522292243026,0.12918080455253103,0.0845280819902199
0.16291766286461565,0.09337550721906691,0.11881150631374522,0.1155388857976501,0.12607757003246567,0.10157717916501326,0.10563492597733193,0.1268303964697167,0.04923636616039447
0.08369734486290743,0.09129477789117084,0.0961477753221659,0.1230269160249078,0.12307970869298586,0.09323703950308722,0.14088391047260726,0.10134397889948073,0.14728854833068694
0.06321907606604264,0.10207999339077388,0.09869277983373848,0.10149508510618756,0.09550138381881958,0.07781849475721625,0.24959829566542555,0.08431311431034146,0.12728177705145466
0.09006715582051524,0.07713854604809156,0.15389787312859923,0.11941734256350722,0.10568677742291949,0.155897262495693,0.08502039252391601,0.10527713203748829,0.10759751795926997
0.09974837807468755,0.11181068586003871,0.10900640055159101,0.10257890782034605,0.10891577973398218,0.14621399727458115,0.10182728228370597,0.1082817134514827,0.11161685494958463
0.07991689253206714,0.09885150199174375,0.08950399340833286,0.12514045230259355,0.13552165217765635,0.10787585332972692,0.12890875355533687,0.15958768237337528,0.07469321832916724
0.11177050270814205,0.09295041382075304,0.11905739365591798,0.10651559917040786,0.12034533208720834,0.1381699397488583,0.07999862748332913,0.13648976525482615,0.09470242607055719
0.07495393222763498,0.13802207475161643,0.0926645983588192,0.08733548991769258,0.0878963374505231,0.07348201307663886,0.25363888212001157,0.08237513883786642,0.10963153325919676
0.07493834886211952,0.13188819444340608,0.09544760885334358,0.10310124744024336,0.11263332888274985,0.09073869712162397,0.1987135267254968,0.10063636990161255,0.09190267776940435
0.15136937388977523,0.09705597065069788,0.09838359898610494,0.1353390395806201,0.1242530798235678,0.09783027594490197,0.06269753096934656,0.1521382066181199,0.08093292353686564
0.08960490672418259,0.09278327279265482,0.08627272450101908,0.11056510842859718,0.1193161008628217,0.11662075237933729,0.07908139314140183,0.15785955063377918,0.14789619053620628
0.12415868467967406,0.0983793956668403,0.12463617540685033,0.11166297556712057,0.1255543767312122,0.09926664224964332,0.126230990898522,0.13111431088445494,0.058996447915682336
0.13969121754347777,0.09048029796593654,0.10268300790783709,0.1076183223383239,0.12132592705828425,0.09909807660020693,0.09417231447637296,0.1686280702146108,0.07630276589494983
0.10699727946067378,0.1555829451044026,0.09070231242965959,0.10805989783981011,0.12327203466976912,0.07048363288027236,0.0760346629385925,0.1663514388558378,0.10251579582098218
0.08149370449198824,0.13165330547572893,0.09294231955058878,0.10802212411322065,0.10635034935849029,0.0952848101354208,0.09644758989970999,0.1086907969987127,0.1791149999761397
0.11444388591456271,0.13188386730425675,0.13003843098893517,0.08760043246494909,0.10092410023625353,0.12664044836349334,0.073236960170229,0.08179177131016302,0.15344010324715743
0.11216096902143576,0.17276056075794113,0.1353008261699726,0.11050059153613934,0.10064665697903052,0.08943891872310683,0.08948151270286082,0.07043418860659906,0.11927577550291397
0.09508537245428195,0.09293788591851337,0.12489532010665894,0.10123573281737429,0.09363285402704631,0.15063397742072768,0.09586730172595692,0.10348081095940886,0.14223074457003163
0.07124552704306193,0.14787077265228613,0.10974311626930577,0.09631429116298416,0.08462238249905742,0.11343033318611052,0.11303606485923516,0.12972714212284195,0.13401037020511705
0.11457513362168138,0.07372795314560908,0.12808705625835917,0.11997069254922431,0.12647260152308987,0.15850824319801918,0.08770027255387425,0.07944234878757887,0.1115156983625639
0.16245350752150714,0.13363384412224788,0.11580921733038278,0.10462115208217881,0.0860387949821363,0.14499232760171868,0.03364539080763793,0.13528147356338024,0.08352429198881021
0.08815627189420988,0.09011660336867446,0.08096671184881803,0.10308113476075022,0.10268374817294858,0.2212760809569492,0.1429876664007479,0.12744613369662133,0.043285648900280395
0.11373264447731497,0.16760375749919912,0.08687695861401652,0.12487318989772256,0.10855163231368642,0.07322979376193935,0.04725311510918867,0.11113879768198694,0.16674011064494543
0.09735336899017984,0.22882315430746733,0.10655238971010161,0.08916808454401921,0.0952766193475907,0.08847888234754671,0.09845301954910708,0.13468868212452453,0.06120579907946291
0.13832529580132788,0.07849494481412235,0.12004649443420001,0.16013020300592876,0.13013273287243407,0.10024485913471452,0.04348067746253975,0.08109141954021869,0.148053372934514
0.12264315929489739,0.09774763478598093,0.13277139710392483,0.1175506353709072,0.1297986234110495,0.11924748635392239,0.051165154787159106,0.15121696383146369,0.07785894506069502
0.09107047063715662,0.10058068551822326,0.1075365136705247,0.10950262281127411,0.09636635355612444,0.1618490894133465,0.09903408737298386,0.12352162762584784,0.11053854939451858
0.11935758889496617,0.16745208791567812,0.09835042539879081,0.11094506743006911,0.1132597095377781,0.08384163759474743,0.08554783087239926,0.14497951230504727,0.07626614005052373
0.11647184558675217,0.13033267542029606,0.10853845817852842,0.10701769814839257,0.13034787829834346,0.08949847163852731,0.10174735589303764,0.1239362914072592,0.09210932542886315
0.10318959639299308,0.13716492809803518,0.06523257463710151,0.12796927646924536,0.09328209935149724,0.14475784286558366,0.09498144209029445,0.19415945827267242,0.03926278182257725
0.08478509001210803,0.0787652470735158,0.08210797899713483,0.10845484740296461,0.10369424114466926,0.13882979347491237,0.04174306763529025,0.2160371976362152,0.14558253662318962
0.09422474658121899,0.10093327386396296,0.1516077031773229,0.13718884663345277,0.11804202925962258,0.07730118117696472,0.08851228070849711,0.1498664906359505,0.08232344796300745
0.10872904892136637,0.08777949930397501,0.10590567442693398,0.0989665109913252,0.11998904930419173,0.1074085333076052,0.08171232435692789,0.15073175489049373,0.13877760449718088
0.1230660884899567,0.06470624331140708,0.11850128723605123,0.11530414605939442,0.12302544234237144,0.11726077782823853,0.1549347466714869,0.10589083147184652,0.0773104365892471
0.09005333886918622,0.08911621750630194,0.11755127896252364,0.14597465210298277,0.10737402284502151,0.13521796090252747,0.059317399578388996,0.1497397483715955,0.10565538086147203
0.09857435190243484,0.10792486978484293,0.0996772795192314,0.11431989594728748,0.12310646407186189,0.07998019680347825,0.06034527311938571,0.16038682675610164,0.1556848420953759
0.09449388758787501,0.12513230256160945,0.12094016498110764,0.13240794769176872,0.1311865675433724,0.10007416105798402,0.06984790026825967,0.16219654551389306,0.06372052279413
0.14093745616516618,0.16519621895054418,0.10104794015835276,0.10043324593431369,0.11101502525695223,0.06822126886248535,0.13422119589333772,0.13320487859712526,0.04572277018172261
0.13753731386371773,0.11463999427844716,0.09650144501071489,0.1460697983937795,0.11066311803247504,0.06151868344189911,0.06850231928378883,0.09737930268899353,0.16718802500618415
0.07223324391306786,0.16054401790088504,0.08953675923860738,0.10847829293783591,0.10367150948824044,0.07001076268949434,0.12148680577040871,0.13834065491559044,0.13569795314586988
