0.11351850969339539,0.1438995032162653,0.0995995749312738,0.09567646812497878,0.1430473556142908,0.05292504576013063,0.06720651485024245,0.14400848028298877,0.14011854752643405
0.07540014842948964,0.10889682273830004,0.13838875804708148,0.20393079974119996,0.10573032930436549,0.05114276287782488,0.08985420558885675,0.10169568770719624,0.12496048556568566
0.20851537357653518,0.1215585759494577,0.09414652166899166,0.05861697807860989,0.09632267713678848,0.04739035686325526,0.1385402608546935,0.11659354282750989,0.11831571304415844
0.06588983809655317,0.08169149384635443,0.11667132098810484,0.17175771442285045,0.0928456977776176,0.12167655896776013,0.17253309587508195,0.10730221501070109,0.0696320650149763
0.11179984090340027,0.15312279029836906,0.10761559324362917,0.09873201990794885,0.19440026088537443,0.05669968670683947,0.0258693022425532,0.13608890468573684,0.11567160112614877
0.07291285671578422,0.14519640975780324,0.10207762339861477,0.21236978955944694,0.09168079073952057,0.06534289314237139,0.06544146196414745,0.1390966176805258,0.10588155704178555
0.13949798991133497,0.12598399560171025,0.10794737523773597,0.07011557582301765,0.12311159748497846,0.05397968167602107,0.1209365242695122,0.11676347834784968,0.1416637816478397
0.10138640719294434,0.13955413977082956,0.08654152170648723,0.12754397239833826,0.10180074267291349,0.05123290403483085,0.19200461286002368,0.09815157308729866,0.10178412627633386
0.08521804043402703,0.1367391937899196,0.1373187819781863,0.09530256113668999,0.1725008462943365,0.059606547569765723,0.033469343053179494,0.14709957019340647,0.13274511555048887
0.09897679055643212,0.14373928376614487,0.11299887070711818,0.12753029861992807,0.10165377600814261,0.08456354806341304,0.066042377379638,0.13262006024694425,0.13187499465223887
0.09425277236722611,0.12285361615212927,0.10378264443291478,0.2649485175896292,0.09924988570187702,0.04479986117736772,0.017546484153939942,0.11938539851682019,0.1331808199080958
0.09639680738617351,0.1513856048990053,0.08007222008024077,0.19132234021981656,0.09714201939148791,0.0612185724022147,0.0786920736512817,0.12597135444912344,0.11779900752065604
0.12586147406710294,0.13295486450742747,0.12169450175707675,0.15406403158606172,0.16001543801196827,0.04732809121817744,0.031663001415549744,0.134801928201117,0.0916166692355188
0.16358052134212278,0.0938983185338828,0.10497312654893655,0.06426849257599625,0.17513696507182752,0.04087744275879515,0.15886416195886638,0.10792067266639145,0.09048029854318108
0.09401040858604613,0.12958935316599393,0.13946481473245653,0.16610559436397943,0.14003225200994796,0.04409097551142747,0.01447873770963778,0.12738163601679137,0.1448462279037194
0.12818042667494597,0.1487946023554824,0.1188374228081892,0.03607567692023794,0.20883495910794284,0.07339928536454214,0.04451982744489974,0.16042958573200453,0.08092821359175538
0.09227718409333117,0.15641013059097583,0.13645501520040715,0.0748128947361917,0.1557417963252704,0.05976466254481968,0.05280861106600826,0.12080134989226328,0.15092835555073256
0.09678113657386798,0.08978614471841768,0.12143686940356713,0.05443671167607614,0.12752161950677515,0.23470668840364214,0.10149600991870718,0.09954944244867169,0.07428537735027481
0.12047016643034832,0.12260012000802105,0.06173094586514957,0.21961370944339142,0.10572161982624693,0.08576564983158495,0.05914994304862936,0.11988124451579667,0.1050666010308318
0.14928808935024404,0.1012198171997859,0.10751419920766943,0.06254208633200174,0.12809913243745083,0.14619339802120268,0.05962222949433543,0.12407910736340526,0.12144194059390474
0.1660979960138876,0.11581317119838208,0.106317998450913,0.04944264534418392,0.21867131552623778,0.04597598871761264,0.03051066327391271,0.12722623210132258,0.1399439893735476
0.095504865961388,0.14315036751827456,0.1502767453272648,0.14134245573636908,0.15990538868935833,0.04382583933213529,0.03787310225732868,0.12838152771907627,0.099739707458805
0.10435571172200557,0.1514447558442148,0.1099023173444203,0.1193679274596456,0.15425568215770147,0.05245634400243768,0.023918718052910543,0.14272661602509606,0.14157192739156801
0.17937322710834067,0.13272535456202852,0.12623481485341154,0.10508188716477929,0.13306656184866686,0.04543627257016486,0.046969060541169956,0.1223837655713673,0.10872905578007104
0.12623670530643247,0.11799467568661386,0.12941656818632574,0.11789991437103185,0.11965414987733382,0.1063804199014386,0.042496964100743016,0.12699405522964788,0.11292654734043277
0.11445916907254838,0.1217906614240079,0.12077720574327555,0.06665055165837314,0.15633192575468088,0.10967590493976898,0.09460760364067496,0.11812997860210266,0.0975769991645676
0.12697097653937006,0.12171734275828584,0.15310015797463816,0.09145114805968164,0.12186958929576149,0.07362262395588878,0.02550800178302758,0.12505155135276283,0.16070860828058353
0.07884580058084283,0.07552005699020618,0.06746816700429686,0.07937341284875082,0.07073951184095716,0.20283625609880132,0.21981047780027332,0.11264103918000873,0.09276527765586273
0.21514063715845141,0.13484164442036697,0.13792316114242512,0.09675117043827947,0.13921276544564085,0.034468160495352264,0.03469894384836545,0.10646721649069728,0.10049630056042123
0.12290204774218295,0.10088662634001415,0.08943616179928233,0.16174497315592937,0.08764118071162413,0.053677933691331815,0.19820338976321503,0.09871402021817488,0.08679366657824539
0.11910776875783537,0.12534778486247924,0.12659854596124645,0.11574681308478947,0.11268501615452697,0.0447270267186597,0.09525920702724533,0.11244026474761354,0.14808757268560388
0.17215165259583556,0.12712906704258095,0.09199855779787447,0.07150475992960241,0.1625135702448958,0.09294137618489273,0.08754892936278379,0.10656390907241102,0.08764817776912333
0.12381439393670242,0.10201856747300607,0.11392752457829151,0.12675877085521003,0.11367744036919174,0.07264362251459529,0.1394109375297695,0.11126636805774626,0.09648237468548714
0.11275950199965336,0.19264193241741104,0.10938243077589042,0.03565065974443949,0.16887781646614333,0.07001297999223355,0.04288162488533762,0.14405998751045548,0.1237330662084357
0.15046531511506786,0.0949213572201665,0.10412000085811225,0.05455217781353445,0.1381442316880329,0.15501969783458627,0.07722064177749462,0.11680151566011059,0.10875506203289453
0.10055255949246596,0.10583594222529942,0.15106643402431505,0.06222455413497948,0.1373776793450004,0.12072009143109075,0.15134255967543622,0.07813381305839834,0.09274636661301439
0.13368354759641599,0.10866238212912667,0.09379860607833852,0.1533202838798857,0.09252941589428705,0.06815415506026058,0.14535998039470113,0.11811600738674506,0.08637562158023937
0.11773074044131543,0.11239261258682402,0.08016336581386091,0.03748150323526214,0.17510675349629887,0.240079282018,0.0642341714612831,0.09583263053326253,0.07697894041389293
0.09101554480739843,0.09720089952150779,0.08962663535104677,0.22144356148877467,0.07765554590733917,0.059417631215373405,0.1624581122191869,0.09973133224113027,0.10145073724824256
0.12586180562505858,0.12126921032902653,0.09299770953150986,0.06640289360663333,0.11817326318319173,0.11480098835107029,0.17508165235177786,0.10026391115820858,0.08514856586352337
0.09963982916560714,0.13488129685919856,0.1531585878998772,0.027723844591622738,0.14000413050458696,0.0813754871005146,0.13482394813630524,0.12492575072909883,0.10346712501318876
0.15421953103396938,0.06935648018906541,0.0922902793093544,0.02548260230153203,0.13591909307306083,0.12120251027944,0.25318382730997185,0.08420952523975972,0.06413615126384632
0.10962023127487862,0.12950138556660237,0.11933123890042974,0.1020666392115183,0.12086878163120711,0.08651976839533998,0.1185726385006108,0.1189125153798683,0.09460680113954474
0.152343429189953,0.156651606077528,0.0978338793542407,0.06139867800467236,0.12188273633238278,0.04928154371723229,0.09574906719221131,0.1444064871725266,0.12045257295925298
0.08125321314758872,0.15118269652032593,0.09971667829921523,0.10778297686565201,0.08899703684352257,0.13507861462813253,0.02958064222605414,0.16133708531978663,0.1450710561497222
0.13982534830237395,0.12883497129483207,0.08319870504197686,0.12316906947895005,0.08339696596294933,0.2148406940705132,0.048184775240424006,0.10492837242814662,0.07362109817983394
0.12542679987646668,0.10573769909743636,0.06103840605206809,0.13828840069598916,0.09250790069845714,0.03995933870211493,0.20838898646417445,0.09043821488539128,0.13821425352790195
0.13346192386358582,0.12291982190509605,0.1307848595212415,0.07245163583078217,0.1460335134004397,0.04081013983783258,0.12619796744536502,0.12890317985865965,0.0984369583369974
0.07362157389309178,0.09207845588867307,0.0751105126001001,0.029572525766851977,0.06862854620506695,0.1319865583286068,0.3967369252989124,0.07542756183795751,0.05683734018073941
0.09236385809709018,0.16475425866741425,0.0970058178728956,0.1483116864288179,0.06779254765869915,0.12923229712935888,0.06727152863212775,0.12912695462084303,0.1041410508927532
0.12326302673656046,0.16497002590461654,0.11820839501525711,0.1791602514883884,0.10564541251907511,0.043383095533261064,0.026216667328960396,0.13032325716666404,0.10882986830721686
0.07783586730466481,0.16961196226360506,0.12308953936278476,0.09003807015223504,0.18023906107566065,0.05460075014377586,0.01861403943560048,0.15472805802175352,0.13124265223991982
0.11931731213872022,0.11048447875792589,0.16519810290117254,0.07493470646810439,0.1665714265905084,0.06076672615396856,0.08422872386532436,0.11439663200136975,0.10410189112290591
0.21777135553543162,0.10812533592392998,0.11396855229812457,0.034713758612874304,0.18618078399600005,0.05142412824175813,0.06273764898593463,0.12170387617147876,0.10337456023446791
