0.14845119964015818,0.11306942441510275,0.04692400558006043,0.08219895600402059,0.1450772958369461,0.06828473135942538,0.07762630430838342,0.21646969903940286,0.1018983838165003
0.1279046422817385,0.12088855993816926,0.03433248721784635,0.07614449298924192,0.10538692622968131,0.10430813234269727,0.19581790102010901,0.13233522168602738,0.10288163629448895
0.12300290291441025,0.08930084395966827,0.07198853588069708,0.23053196656549477,0.07542087353820953,0.044560719975911565,0.27034382376373944,0.015662938701407503,0.07918739470046159
0.16166340749328614,0.08512691325957734,0.40003246821354677,0.10318568827809897,0.05577929308328571,0.024987138517949852,0.03203417544506843,0.04884789248863852,0.08834302322054823
0.06019892410755719,0.08795565405614619,0.4543298817913932,0.04629147463680874,0.07651484170762424,0.061811493669913474,0.06721870321315102,0.09127854243452367,0.05440048438288233
0.08788289511024398,0.09666748434008497,0.21804906201695626,0.16730102499645838,0.08789451736185479,0.0860669440239965,0.1267856542555072,0.06004813413579435,0.0693042837591036
0.12428311831954159,0.134824926934582,0.13479567264994605,0.12586876286823434,0.08683507977368321,0.06677730258748567,0.09500405147076622,0.13169687026653398,0.09991421512922692
0.043050186735851925,0.07470381793319526,0.45922833572822297,0.09111526383140921,0.0877352477589917,0.0934634983503891,0.06298227694607185,0.035873246954929654,0.051848125760938335
0.10423025744008978,0.0776190695769932,0.37294775595724644,0.0914655825249514,0.07027197650681664,0.03301255876388707,0.18014169688737028,0.01058724810424476,0.0597238542384004
0.06439212151254,0.11583857620611893,0.1607113181636526,0.14684407347957049,0.10357046698091911,0.17019182187503545,0.08211423624392063,0.058536835012434785,0.09780055052580798
0.0753840002401351,0.10245832837879958,0.09047223015443233,0.1747928888541963,0.10403440768701226,0.126030274087964,0.0689112770536174,0.1438806567260845,0.11403593681775866
0.07059292070733501,0.08430959727506333,0.2788856615905479,0.12085050039153696,0.09039638533778614,0.05435109332574676,0.15841796093157887,0.05825049119937047,0.08394538924103455
0.10332976295532387,0.09847790823933111,0.11326730318156085,0.10670485716939948,0.16699199620762406,0.10488585524395251,0.13859062236501746,0.07778519964524201,0.08996649499254866
0.1346462372084672,0.15409298501033894,0.06522378086782649,0.11032540927719774,0.142089964603991,0.05376087677450214,0.11740317990203919,0.13345925545754223,0.08899831089809512
0.06853192591077792,0.07637820952293473,0.08761771585489342,0.07350470614193179,0.20666914655330612,0.08227358560855592,0.20902619613287818,0.07531038500627742,0.12068812926844448
0.06926564836269115,0.09009763421289692,0.34991286307747504,0.05506866889143704,0.0918703091020255,0.06571111490639094,0.06424099563629736,0.07965338805969738,0.13417937775108862
0.052768477577233026,0.11800309642820257,0.15605930797150278,0.25316252395979627,0.0939247189899533,0.06775305843507175,0.17838587309057086,0.023666009080914267,0.05627693446675519
0.11236966311521181,0.12330178503927985,0.12871735858838065,0.12653647119023215,0.0967172852027292,0.032688304945675595,0.06727665943135665,0.12206730037325471,0.19032517211387945
0.14657538977338655,0.13622513470361478,0.01334573829523321,0.14370060561198977,0.11492317109280624,0.09960362360532354,0.14388026362395623,0.11386058275479778,0.08788549053889189
0.11926115662990665,0.09373244167363244,0.3096859621030202,0.0781949673641607,0.09965685545528193,0.05597629437866838,0.046838212274710724,0.1286695743968183,0.06798453572380063
0.053005434359444124,0.05675424394375508,0.5064348703519074,0.048926281126901255,0.06875492450422495,0.13757304065239576,0.05431013911291358,0.03073450491173091,0.04350656103672695
0.09884849392768404,0.11745757864185431,0.022516728446175985,0.12038707394183666,0.13496495762098581,0.13468882887436961,0.09042830621448966,0.18427788177666063,0.09643015055594324
0.08411505563511901,0.1357600676158869,0.1197510759083081,0.14312675851275172,0.07473208564674493,0.07731949908729359,0.15867804752227296,0.07943752027008587,0.12707988980153687
0.08790879051652367,0.08083754760984171,0.028603471772415637,0.12596094150811624,0.1322656857847341,0.08216742328650585,0.3047048260032253,0.032005748727965626,0.12554556479067178
0.0814311336774808,0.09917451607147598,0.2881179669358928,0.054335534581346955,0.09972967735814492,0.10654793108710192,0.051247947856472714,0.12083223656130099,0.09858305587078288
0.05687223852702442,0.0702608705875039,0.28034249968767344,0.09030086679000554,0.12868169762645604,0.05693514429072938,0.19461351382805003,0.05422693468034037,0.06776623398221687
0.14270329148503383,0.12612528375166907,0.017309051882097817,0.19234289690297757,0.12060412443001041,0.04377937995141106,0.06961898938013641,0.14820479186851643,0.13931219034814743
0.1337993467436365,0.07692107169005985,0.30066499589898865,0.031221491977243315,0.14904313224318394,0.06324796591556946,0.10131112354209947,0.09239073690347858,0.05140013508574026
0.15257067463684856,0.11704336918207359,0.14031699931274158,0.17583065205067525,0.10264476387171695,0.06862366594522186,0.10484142430060668,0.05272825968677106,0.08540019101334444
0.13065583208872136,0.15180324136565282,0.016360494722469563,0.16036500269235188,0.10493411918729667,0.07160375881644822,0.08847734045566504,0.1448245295237851,0.13097568114760924
0.04731106500685058,0.09558184767421819,0.07301951934494443,0.18435832175315145,0.12804992894363768,0.06950846682305643,0.18722562589250316,0.0666367975435171,0.14830842701812094
0.08086577259825804,0.10881668920544596,0.03407356483085589,0.09100932821233877,0.1140590120193369,0.08586878322628792,0.09182224147578073,0.20909869415436103,0.18438591427733483
0.05323511776853623,0.07256822744686932,0.438876101926424,0.07429626953623507,0.0861400484458399,0.09560950455637734,0.08553240073201417,0.03161997212826869,0.062122357459435285
0.10369302823204322,0.10279311522153162,0.11011234355396304,0.10402888367905538,0.10183843553955922,0.0724023874371159,0.08523393862055945,0.16999472860526943,0.14990313911090278
0.1472883016553674,0.15690976293313555,0.04211025996467766,0.18652645633250206,0.07759735008700763,0.07894068617835535,0.11031076996577632,0.09254370918482724,0.10777270369835075
0.0922668395932071,0.11335363627818867,0.009904394642657115,0.14061617834822163,0.16064191025343366,0.044935771375083235,0.12817359527620195,0.11269934907235192,0.19740832516065474
0.10554610896023804,0.1271952756885422,0.18800909558699871,0.19412192733556224,0.06511198364724778,0.03909616282664541,0.1183432284588079,0.059594095971200446,0.10298212152475729
0.05398612088085245,0.12636209689383182,0.11923795022286275,0.16179702651470795,0.08428582225769511,0.15010627453330866,0.1429377600669489,0.04937342359201641,0.111913525037776
0.1058602894463525,0.11419098447725277,0.298429227670411,0.08587612965213033,0.06794553296337282,0.0472680058581369,0.05523007732582772,0.11960102832878149,0.10559872427773448
0.06449271777522472,0.09454340092668663,0.12655142824146914,0.07405271463477997,0.11727988731864553,0.1442254946555091,0.09622408353498409,0.1998757499273255,0.08275452298537533
0.13885886879810586,0.08572697497328524,0.2186911660124331,0.11753791374102922,0.09491420778471545,0.05458940056630531,0.0801372784967116,0.07066314228944211,0.13888104733797207
0.046719371568988304,0.10939111879726426,0.3371627008969506,0.13645998440703824,0.06289424452061644,0.07910531821546637,0.06374639422529606,0.09195120640411825,0.0725696609642615
0.12698408436530192,0.1291237818703622,0.015231611734446851,0.09232923455940382,0.07601577166236782,0.06016402300945637,0.24207563196687398,0.13079990097637348,0.1272759598554136
0.10498459094647826,0.12782059961334327,0.047101160221872856,0.13311846090380158,0.10209979390125568,0.07391893838440629,0.2776083225698625,0.06227886831176247,0.07106926514721708
0.054800171833362527,0.12276161561010918,0.12261649251658313,0.14350583641176054,0.09054215368146203,0.04578139468116277,0.1860341139763834,0.09081381160153679,0.1431444096876396
0.048998824751860036,0.07279179901374555,0.4902292446394541,0.036550437987725094,0.03951817285301864,0.18981066008229744,0.05598104256235584,0.021926981584788948,0.044192836524754364
0.0845868223328216,0.08074771843340194,0.13833573822515666,0.12039980473108004,0.15252914803217474,0.09598217053061127,0.14873947149584235,0.06666511659575262,0.11201400962315879
0.07668206656642078,0.1312948039349584,0.06397733670665008,0.11801762913269631,0.13519882825934618,0.05173853995025851,0.13213829658876453,0.15777995455455118,0.13317254430635408
0.0819652396560487,0.14451074065969768,0.005420819138708344,0.14556793627124973,0.0923006456701192,0.1287582710576447,0.06296239416319249,0.20083998846951076,0.1376739649138283
0.053127483128599017,0.12284957306729238,0.0342777179938576,0.1396661159651404,0.11243767769949985,0.06406779117801865,0.2826418435611857,0.09409262240302009,0.09683917500338625
0.12841253069403682,0.15737367918434333,0.09352516285060802,0.16247623856162138,0.08169257551514122,0.03561786797885909,0.04762637870471736,0.14356181870768212,0.14971374780299077
0.11068462181569871,0.10171203186451332,0.3347923165696458,0.07303666792016966,0.05056446344107276,0.014517721116253256,0.043214864696794836,0.09233535627428631,0.1791419563015653
0.11118165890040614,0.09171752589620719,0.012709496465557748,0.12210381184883877,0.14951035572623206,0.04664944708351487,0.3184347910901339,0.07118358073015958,0.07650933225894983
0.06635438131021656,0.1436951168228838,0.01110365814916346,0.15474233938414303,0.08409236460925827,0.12458746525727633,0.11144320372292608,0.14818072606155466,0.15580074468257782
0.07198752011607744,0.1370342285750513,0.037209119622039516,0.09738112992778203,0.10422893275929336,0.12915729660164585,0.07639821119980973,0.1292982492720288,0.217305311926272
0.0738049232966403,0.09920459188064813,0.06383660688648514,0.08902200735370502,0.11408454609375641,0.1641754016305014,0.18167978033920817,0.08088674800871222,0.13330539451034315
0.18216353612863778,0.11727444284324613,0.07908071278537242,0.09343612662352259,0.09314545699437617,0.044469152628191365,0.23944617551820926,0.07064475749425607,0.08033963898418826
0.05804991044128558,0.07422993711623184,0.5140913547367923,0.0400613110983882,0.07605060350689148,0.07226722453556621,0.05246055923505169,0.059656104407338394,0.05313299492245425
0.04695427068024569,0.06216720153485899,0.23702295616191119,0.2232981756462201,0.15046316965747128,0.04405022883760546,0.09928821776379552,0.050642179080192494,0.08611360063769939
0.12807363364638147,0.13035378351361407,0.11662387133924179,0.11873662953652064,0.10415018142843928,0.027394537710925922,0.12306978321572933,0.11952189634772366,0.13207568326142385
0.0938153719687967,0.09517360831341766,0.03447414896726971,0.12850347902323536,0.12446888974736185,0.07572192068519294,0.07505079228368262,0.24126614036584007,0.13152564864520305
0.09740762122030004,0.10555255641612549,0.3930846825058616,0.144610150928804,0.066065129176085,0.032216844198635824,0.03969297948539285,0.04537952902001261,0.07599050704878253
0.10771633729200021,0.11730901802944826,0.02316449848137068,0.12655008910186852,0.08418320715812921,0.031289859566210027,0.2340435097164361,0.20723950369672828,0.06850397695780865
0.10171154420030636,0.10650919419490641,0.4519543377942599,0.04451589779969876,0.06060371791075462,0.06450078553618623,0.05564867124286027,0.033009134455520416,0.081546716865507
0.04173677729901739,0.0864029952272982,0.22372887508817887,0.15948123788468832,0.06875228963835937,0.04556637587374542,0.2758128434640785,0.02293662828457051,0.07558197724006323
0.046176507231658025,0.06706346412845628,0.257694688238886,0.09174781943508653,0.11542195693342545,0.0301159491259622,0.2852465625868981,0.038585225189607185,0.06794782713002022
0.10938647886753707,0.08190762946446715,0.09144515637720767,0.09225482937231999,0.15784281169794454,0.04365809392918482,0.0770129912058139,0.27375893686783875,0.07273307221768603
0.12707981357294793,0.124382170686281,0.026565288093761935,0.153815215308417,0.1381823851660891,0.09437361132437626,0.07145727746331677,0.12447267415155815,0.1396715642332519
0.0674533550384489,0.08076827923181756,0.31014221889249316,0.10460797636698897,0.12348701469974256,0.10834733885974655,0.06627825284673636,0.0803427964305394,0.058572767633486546
0.12683568353928476,0.10976130023721264,0.004516603240455794,0.19801427826770376,0.11531624291363918,0.0664578222008718,0.12141117870110262,0.11946476544309181,0.1382221254566376
0.044232696393776104,0.10360318875122902,0.31681716060545484,0.10574216693767835,0.05888961954505128,0.0903805090228975,0.11677159817233614,0.09480894233328481,0.06875411823829201
0.17814138741511246,0.1181694515783371,0.017081342071417687,0.1540788759144985,0.09386448373154317,0.07627124772769463,0.10800767271262729,0.06164685597088541,0.19273868287788373
0.06761790971514527,0.11627228126852808,0.009333774072804965,0.14621886669655312,0.08587406988994306,0.06986805583941476,0.06457757009742927,0.27202202782282314,0.16821544459735835
0.05684549954921122,0.11111106483283929,0.013548856309982782,0.09227911601395784,0.12955662890544106,0.26005742797654224,0.059089656017981634,0.11251871309424877,0.16499303729979514
0.09598820032525474,0.13835454049830812,0.07132935637480244,0.07606442753650867,0.08527591432737996,0.2254174378033258,0.06565885533263556,0.13567247800715887,0.10623878979462582
0.08314844992958459,0.10738152829965468,0.058433056593052556,0.09160901535703474,0.1314719024698052,0.08948411346503138,0.14952961138595158,0.2087231803823735,0.0802191421175118
0.07656794493535693,0.11620470064657062,0.0799179746463071,0.11935344361006484,0.10580563480362065,0.07062883753788869,0.07109543776658568,0.167079897878161,0.1933461281754445
0.046627063118088896,0.09324271861345286,0.23575778305272518,0.12900284435190004,0.1096614864573537,0.08252477821979691,0.06600371665879576,0.10766977436442877,0.1295098351634579
0.1515399768811531,0.17453851170041432,0.03422912568831178,0.12915865566983578,0.10111783968041804,0.07387081058807848,0.13652756469657193,0.10682738885779748,0.09219012623741903
0.03781178298291282,0.06742521698688825,0.3334747439108326,0.0723326638977997,0.12125699486388719,0.038605120399340394,0.09036427555499967,0.17248920126861841,0.06624000013472099
0.11480608510548489,0.07609928610446569,0.3725687790794929,0.09634471681709485,0.06691701809424948,0.03320405914771581,0.16913749398183628,0.011698360642508052,0.0592242010271521
0.02647178682908365,0.06072318795825032,0.41310936704242013,0.04510496856965205,0.09216289245298642,0.12433818866388868,0.09187772813009148,0.050260075047697535,0.09595180530592982
0.07017719220644654,0.09528327005504256,0.1225525496913701,0.08039088464227112,0.09233670745316287,0.09204143589740309,0.2522967448889236,0.1271065951814986,0.06781461998388155
0.10354723366639158,0.09304774058921061,0.04027862464352172,0.08810373803243354,0.20275283860485835,0.04377216236367796,0.08805451749952413,0.20051363402447422,0.1399295105759079
0.054920008473454386,0.10290708342408011,0.3815777790734572,0.07877076252768239,0.04331994951913088,0.1620018797520321,0.036111372727371714,0.07814457006199434,0.062246594440796825
0.070100083671484,0.10420565727250002,0.3881137795765189,0.08572559637134901,0.06793614249073894,0.09309904883378867,0.08905741108816029,0.03822086851091256,0.06354141218454763
0.08620898510255766,0.13234369216855174,0.1667576038907059,0.11601410240951761,0.07124923362290318,0.1467720450714849,0.07868244843911566,0.11024916532617558,0.0917227239689878
0.02928502439031011,0.11139237852317523,0.21393168498497028,0.11899319228348536,0.07303252576577542,0.04265754938506163,0.11466217686381026,0.19363123578487154,0.10241423201854016
0.059093927327699754,0.07685607154964864,0.269329366443145,0.07490101972642539,0.12253063399058828,0.09765497577188265,0.11910511887449471,0.11801022420079377,0.06251866211532182
0.0678799484979075,0.09202741798206111,0.31514197941629507,0.11417013630723875,0.12090028011235127,0.03476588880999166,0.06195800100327051,0.08544785048269103,0.10770849738819305
0.0679409970479735,0.07438420761220363,0.15579339404477577,0.07616232571645222,0.16024751363839,0.09335110809305543,0.2080934812465157,0.0741935909567379,0.08983338164389588
0.031033951602740927,0.05423155932919472,0.5450162947299156,0.06194472947900648,0.07338817621840203,0.06678805218419018,0.05215139065227509,0.027409816126838793,0.08803602967743608
0.04472717761365052,0.08039511644268554,0.4995099807815511,0.043869849464793505,0.09445273610868943,0.07920809374255006,0.04919997101517242,0.03916039156244542,0.069476683268462
0.16808354733982198,0.15229827011605926,0.13348346202472053,0.10134143193299781,0.07213360845396495,0.07510609099476312,0.07089065883605512,0.1007405249147016,0.1259224053869156
0.0895691546241979,0.11292806672815915,0.02864560778111848,0.2557867349402428,0.11820605877024111,0.07951008715776105,0.10347284723076668,0.07930057543319362,0.13258086733431929
0.06907278024540763,0.09960018157565122,0.061958116264494795,0.2064897336966708,0.09763785626358161,0.04752110691802871,0.21713878700676403,0.0554802930506006,0.14510114497880064
0.06628949480896583,0.12397041531198211,0.0938357253140249,0.07880689623184516,0.13975412295795145,0.09307271387209205,0.14154160842852245,0.16282770277846498,0.09990132029615116
0.14686718383614839,0.14596356693994098,0.04083700821307188,0.1619259384605883,0.09085090169671943,0.09165473881481785,0.10578188615201123,0.11224434456633552,0.10387443132036638
0.04455781812149146,0.12418843257636279,0.02910752970330489,0.21665461969651734,0.11351778610089758,0.14059642840095235,0.10142545054423073,0.0918025737094269,0.13814936114681595
0.06341002608430368,0.09532804165970982,0.23467515187718826,0.07610605140943737,0.09351389628187905,0.030628620736379036,0.07649981497077053,0.12211201813825893,0.20772637884207334
0.09063737981718765,0.12306388552844012,0.03548928068370585,0.20192218419698457,0.15237076759180476,0.06621841126604576,0.0729712562798666,0.15206699267117538,0.10525984196478938
0.16274948026430155,0.09796319918678324,0.04089824943871933,0.11772519702178032,0.11377553049841538,0.08935242913946344,0.19920622579954994,0.047092077914107446,0.13123761073687937
0.1460795492203457,0.10682859490239884,0.32386329234457994,0.0909634061256952,0.05301550035361915,0.06561024420758184,0.0396879737471487,0.03861024341916342,0.1353411956794673
0.10755448687180429,0.1145553173726415,0.19045906973362717,0.10827566153196887,0.13207559736767013,0.07853106072977417,0.07568956111030924,0.1162409659509711,0.07661827933123361
0.12374039114557982,0.10593826887783675,0.15933282425287912,0.1109028590152278,0.07688118058025561,0.07482027174715439,0.08291620149595999,0.08108187402373944,0.184386128861367
0.05998994627815677,0.10000478305723233,0.3632343227500956,0.07375449573910427,0.08081811205852243,0.10013444370942189,0.04502065311146747,0.0816825930498803,0.09536065024611885
0.1801265605536485,0.0872370324390696,0.4704535154465172,0.03204227728337867,0.052792870492359055,0.044594117860592614,0.020266599507966332,0.0548709711988706,0.0576160552175975
0.09373972920550631,0.11845253694021034,0.03557675300235172,0.14741488064616357,0.11917469209057023,0.0949775825419612,0.12731649364499256,0.09487306895365992,0.1684742629745842
0.05103315981301785,0.0795616676045302,0.4703566613381505,0.11460332662047,0.0928675657985487,0.03689984090220458,0.05515820304650507,0.05319813548148145,0.04632143939509168
0.04388461765788423,0.096038872303687,0.3466159045342634,0.0949564820429241,0.0829922803917647,0.05525129431357493,0.06356498765639984,0.08019609546908608,0.1364994656304157
0.13488490387853005,0.14724859351048095,0.25049420372578934,0.06055964083949583,0.05821640929445875,0.08493662454425498,0.06191925668861614,0.12127247744305629,0.08046789007531764
0.10163959161963519,0.08970320028218526,0.09354603893325573,0.15286567770200304,0.12889545505243205,0.07850046426072761,0.12469961372729037,0.06921256814916209,0.1609373902733087
0.05547525140869387,0.08170708992417909,0.29348557090272337,0.04604467328833334,0.12567553547663288,0.0440939293115253,0.054060044590808494,0.16557240373772275,0.13388550135938102
0.0941811631939955,0.10327873071085199,0.008250007710900252,0.11668664341081904,0.1493977438972062,0.19098498234527148,0.0505344846565876,0.14938797265553347,0.13729827141883447
0.11033973188904304,0.1020171017776554,0.21784959617339436,0.05858143151628834,0.1271608833975887,0.07076333255518408,0.062262395746585764,0.16550201020128139,0.08552351674297892
0.08042100283592173,0.10789284299811687,0.2406029923106597,0.09338805879002539,0.07946550457771057,0.06874769855806424,0.12228892257099629,0.09713266471437461,0.11006031264413056
0.08195657416124803,0.12122985604328436,0.17958658856134346,0.07718514222971579,0.07515305990696633,0.06967888352348854,0.20081215536857422,0.10099140387047795,0.09340633633490132
0.07664509110866517,0.11348757158727364,0.20797479429907292,0.06884806385809056,0.08084017076633375,0.11309764424128436,0.06600185979011501,0.13569713146109105,0.13740767288807354
0.19768523713220867,0.10237449083418927,0.29589904377598025,0.12118755911348557,0.06899618609832403,0.019485066943498143,0.10787999133380684,0.02349104062596689,0.0630013841425403
0.06660040500229646,0.12019694679720795,0.0749114200218519,0.11776860631549517,0.09898948402050138,0.13440713858237618,0.16221853761106972,0.13645910279557105,0.08844835885363019
0.13851449876992503,0.10819922613084043,0.041396717397243744,0.07458946649521246,0.15225898225620185,0.09262064873152746,0.09927903251897051,0.2206090307021672,0.07253239699791138
0.1318205583719063,0.1617452530008824,0.05378791826531143,0.12854055272659567,0.07885691510781699,0.049455699792238156,0.11562165920067764,0.17592337900893348,0.10424806452563791
0.06181087743242819,0.07793590592289906,0.40113250555697805,0.11955695024947656,0.0831574427802634,0.055560217851890185,0.08766684882927402,0.041142690687703036,0.0720365606890875
0.045529357694358404,0.0761076895768177,0.47424276893814904,0.03529035555865193,0.06609266570930142,0.11361276942817344,0.06850568496534519,0.051601268935679324,0.06901743919352353
0.16180004592657055,0.14302660803240866,0.06880253881910056,0.09909450259407049,0.0982041982354699,0.0569137406176054,0.060776624995961114,0.19961423667019051,0.11176750410862289
0.11765257191090095,0.14828684288881633,0.04791935180261004,0.13402900304264967,0.08710910739763665,0.04365627612228981,0.051009018737885374,0.1913482759445124,0.17898955215269882
0.14681333266326183,0.11770726050883608,0.24065176640012273,0.12601204286253717,0.08309498806250805,0.06210041753690542,0.07222326417094214,0.08438991452583784,0.06700701326904872
0.07975951612154558,0.08276685160143073,0.2251458376318168,0.03930299618914262,0.15645917225485265,0.08571698404437239,0.06053949570755626,0.16848267281299423,0.10182647363628872
0.09255784479183411,0.14090700796000738,0.056256255985927685,0.10051924317281609,0.07997321646903868,0.06465730870606193,0.12354227464126517,0.22187918049444447,0.11970766777860446
0.06562425148082397,0.14457334522298518,0.0672625449394915,0.18666593413323737,0.08760029896100663,0.08967263893569884,0.14791990974214472,0.10164085378057615,0.10904022280403565
0.03938561754374636,0.1018111026224862,0.26473476622224634,0.08554619071922655,0.11727950273405356,0.09441572891619676,0.09852379429336573,0.11609734038840878,0.0822059565602698
0.1935005929608672,0.13175995572665578,0.03298259019906033,0.11247646336279848,0.08744122303457123,0.032304834622781026,0.10572333542977774,0.19871895336197562,0.1050920513015126
0.07049780894387354,0.0857094758757132,0.3926228483257626,0.08468832090904992,0.0689146991168395,0.048464129413686906,0.08838596884509158,0.08052870595519339,0.0801880426147893
0.08053698217464811,0.14022434073462167,0.26984477125395634,0.0947656542831901,0.07885480751061273,0.08371917934162325,0.08101245287841312,0.09179822507288098,0.07924358675005372
0.11234461658905315,0.07670855350143305,0.06363897181478939,0.10004315780971529,0.20735534009181666,0.04791233970582806,0.2561445092856094,0.0579519128922199,0.0779005983095351
0.0665329016243023,0.08630342783906879,0.21475229093207995,0.10863351983048536,0.1374550359726918,0.13143134333621104,0.12130206960229308,0.031855532906503205,0.10173387795636447
0.046913888065702146,0.062119132037411574,0.23729646728444384,0.2233111659630047,0.1504423050043626,0.04401093290156394,0.09926714078454608,0.050569888916986105,0.08606907904197893
0.22912996789132942,0.11184133476114629,0.3548083744988708,0.06539043876920612,0.04421980325594043,0.012297529783265197,0.04047457425317991,0.03409885825423837,0.10773911853282342
0.08467749420627062,0.10336425283643401,0.06084722139653409,0.08684690327439058,0.11763119192641926,0.11115806147956508,0.08130973887112203,0.26282764416012366,0.09133749184914071
0.11917914620846452,0.14134108881065963,0.06178406924858165,0.08229611819023709,0.0864038759562199,0.06408548136279367,0.11324795275953252,0.21195709355010806,0.11970517391340296
0.05724602056722152,0.0670908437933432,0.3953846945761536,0.05227276805886799,0.11111495789016258,0.05150807778197364,0.12494406231566695,0.07916395920108858,0.061274615815521995
0.1821935965697029,0.10551148636311831,0.027323609260930592,0.1672103412106006,0.15080562034256903,0.08899560903172014,0.07150798477130822,0.06111166793062454,0.1453400845194257
0.04632933123603161,0.09741697111785073,0.3560721810697867,0.09705014727525975,0.08243390244337369,0.05715620408212102,0.11522002583377122,0.07248170732848096,0.07583952961332426
0.08411947892523908,0.09377057180932052,0.3489976500275313,0.03954536810714712,0.08011220438302406,0.06092257334691478,0.1191292138420732,0.04023389848803673,0.13316904107071315
0.048898906508265456,0.12133242637627191,0.12637744624632,0.15286604736276846,0.09306020396601444,0.131041750502727,0.12354637101667365,0.031996792995506486,0.17088005502545256
0.1269781897757355,0.12906519887011983,0.14683937788973478,0.11027652631388914,0.09407400564975871,0.07182595052003854,0.06733869993993678,0.12715515254204574,0.1264468984987409
0.08202080224400751,0.11606184314115116,0.04983154211953775,0.18489573124790196,0.08457926544205523,0.18398893257608362,0.13267384719707176,0.08807205682583145,0.07787597920635957
0.059934717728463704,0.11047353220436436,0.028885861516516866,0.1506681705940144,0.10123315750749991,0.046408401111211105,0.08199814196367972,0.27857607792915634,0.1418219394450937
0.035797988107789114,0.07589714538701452,0.2648144946363524,0.06709983319356248,0.12683820297225323,0.10822061631830275,0.09216134616233995,0.09089368117464174,0.1382766920477438
0.1391618831591165,0.1316954076886803,0.3239109592809382,0.10953531649533231,0.06588907533310297,0.03563745811230199,0.07682414521992445,0.040053406292900336,0.07729234841770294
0.04044378845127166,0.0896584432293488,0.3708525170681954,0.0962264908635783,0.10715094133127802,0.032759988510488385,0.11413049772142024,0.07261718317586273,0.07616014964855648
0.04728931829784411,0.09391221395792286,0.5001988223070896,0.11137093914644851,0.0894384737791945,0.030774462841815942,0.034028126994524274,0.04305724869779979,0.04993039397736041
0.05812789579648414,0.08865669534992161,0.3769663868740339,0.060544787108857856,0.07946358179831232,0.08886569351710982,0.06261666087985716,0.08555999924897362,0.09919829942644955
0.10372831672527023,0.0771003739073834,0.08212193670518035,0.1119165895690825,0.18648966614901008,0.10295670847389071,0.18439575642737557,0.08697204003861124,0.06431861200419596
0.06746174219692659,0.16037268714973862,0.06046418374887469,0.2084366956246756,0.09639167981129605,0.14022665696806524,0.08921205064610666,0.07987571329188962,0.09755859056242704
0.06309902739857304,0.12396358614939817,0.019101316595484048,0.12470210994880788,0.09536197336093295,0.08503286213885092,0.20693439254020826,0.13875745431507527,0.14304727755266947
0.10472280903325999,0.09699572443776559,0.28322646033631166,0.0716197388843809,0.07493803301303997,0.0827452747227255,0.15915174095852444,0.04283150846159883,0.08376871015239307
0.06597919814422532,0.14194901758310338,0.06935296582467837,0.1312877360434315,0.14015944120509635,0.08188158376102499,0.11722637760264354,0.14683996529476726,0.10532371454102925
0.10267344944595184,0.11766147253212035,0.08666755857993629,0.158918615398828,0.09101319280087043,0.10677360433429246,0.17902825536939423,0.08543165252933638,0.07183219900926997
0.08324379518302098,0.14318889213771946,0.03422996872631053,0.15472286294541765,0.09556947616717604,0.168122042438034,0.1306867253234503,0.11078175269985875,0.07945448437901226
0.08020037007748332,0.09855924978527243,0.018746261977232986,0.16384717667159188,0.10822842878677097,0.04192774583284393,0.25535958043872226,0.04726577142070489,0.18586541500937737
0.07575590301240631,0.11194520059554373,0.19403398825302975,0.09559308638652993,0.09300063089246595,0.15636086528950074,0.09341856722862694,0.09967643935149618,0.08021531899040053
0.10021168850028629,0.11726040194926722,0.10684312984699995,0.11606040839771846,0.10919538227309374,0.126362790104424,0.11516232775590567,0.06127689218163338,0.14762697899067126
0.06080406751873794,0.11491406632060698,0.09443278679391505,0.20826382708595373,0.09165587739275727,0.08625736549242642,0.19488003798551326,0.04541490465521967,0.10337706675486961
0.08983969638839527,0.12186781711116727,0.19089120739130858,0.0964006098122096,0.10297750651504438,0.05246005025158276,0.06664388294626261,0.14746003841633679,0.13145919116769278
0.06537050848107036,0.14087455656991213,0.015570205507967854,0.20292632489856285,0.1313003909387391,0.07433852835929836,0.044416057925194104,0.20387747588884342,0.12132595143041179
0.171769673203247,0.11754405242367096,0.10169766439659737,0.17978279791998164,0.07344249796893261,0.03377530496545417,0.14182209577457874,0.0767174333036179,0.10344848004391967
0.0817635167033358,0.1295264400636784,0.2629490714927205,0.08696912087912212,0.06602363904879177,0.06933560829624845,0.13902934032798625,0.06244005250166018,0.10196321068645658
0.0827460323961481,0.10648613901819154,0.14527066999462884,0.08176861417673494,0.08953704837997652,0.11135412949654055,0.25532958766671293,0.05760290198677195,0.0699048768842947
0.12414449036225104,0.0970603880095322,0.0892067861832649,0.10901429660964873,0.11922838687113031,0.10338213563814186,0.16614949473291807,0.08117726908788837,0.11063675250522453
0.05305556166292217,0.11689094702755772,0.23139588785456047,0.1423884308631472,0.09914756488952221,0.0875557243744917,0.09000613337859698,0.0767339595380686,0.10282579041113298
0.08948600916844197,0.08520887031801756,0.3732853057061399,0.04711811578080564,0.11127498097431095,0.045239292641129046,0.11407636095982403,0.06168351919916338,0.07262754525216751
0.13029309258696106,0.10801610371108243,0.04264013817053954,0.17774848163487986,0.14420272708472168,0.07853207356903817,0.06324880134683418,0.11344440211768862,0.14187417977825437
0.08838708811468061,0.12122200160949825,0.04765834739258661,0.15188501835937063,0.1294317515896159,0.06354426544906101,0.17370076082705896,0.12692060439955394,0.09725016225857408
0.05156135635266188,0.07815290530565454,0.4456072825492576,0.060521094716116886,0.06947633361566301,0.0886087350927593,0.03910662161487937,0.10005133469762077,0.0669143360553867
0.08134731368997561,0.12080308862391993,0.16590543337124122,0.10593476510310114,0.08090687219464478,0.1299306886638405,0.11434977672044826,0.0711451818767378,0.12967687975609074
0.15974086790542796,0.0980398367950515,0.014720656490896614,0.11881802888520122,0.14422508021685657,0.056096097859626104,0.12089379843774513,0.16466251411161717,0.12280311929757766
0.09088030757746098,0.09049560528576278,0.11766474162897499,0.09203283817029957,0.1451013807329846,0.13927263256474345,0.07427978694851144,0.12720592871210804,0.1230667783791542
0.04492728952866291,0.09469000608898866,0.3489762151808405,0.09546229918148323,0.10292350781811112,0.09747229552027364,0.05992581293359426,0.10022763072911994,0.05539494301892567
0.10414773650010074,0.08629088314982668,0.3890375097617614,0.06954051752951558,0.06563381777478,0.05916019509265971,0.029252010352199074,0.071653475715052,0.1252838541241048
0.10035225100246108,0.09376406570423725,0.006656463874354673,0.07883285735089164,0.15310265581709107,0.1146300803952292,0.05861697049030203,0.26528219211327825,0.12876246325215476
0.11320544453352042,0.12091207756645563,0.04017299880986628,0.1200210144830569,0.09711946426231848,0.11548598494815991,0.1268296991475055,0.14279535855162898,0.12345795769748803
0.07847495679091428,0.1339453075012027,0.16752423399546632,0.08167910886674475,0.12771152175432351,0.08979949976313086,0.09284375753967054,0.13535754398606614,0.09266406980248088
0.10943408181786322,0.09225187704995207,0.03647337953860496,0.11523550001001731,0.10268030348263464,0.0877060495335852,0.09292480967640888,0.24154120477353888,0.12175279411739486
0.04304913110768952,0.06479722460123859,0.4862228723120499,0.09180342199838976,0.07363081306127262,0.06387763970110681,0.10297105676550368,0.023591582800429018,0.05005625765232006
0.05977061581014368,0.10146780215327193,0.022015244333771666,0.16483803701736635,0.132632901503394,0.07034999251667003,0.2046104158605652,0.13824442615038146,0.10607056465443569
0.06057850544732218,0.09800351175250788,0.01713020338094574,0.10032263337439923,0.09490791444824263,0.1378698857550216,0.35596680430665933,0.02182499153522227,0.11339554999967912
0.1271789493151447,0.15319447649614362,0.021777480722659528,0.24628888415966235,0.10371732506242316,0.05707096117465459,0.06602019501009333,0.07443085112848362,0.15032087693073515
0.08784058655972243,0.09683010164120583,0.011374989865120352,0.2937795496142111,0.08831580606557822,0.15836263769590483,0.06525037727775336,0.08600147035577393,0.11224448092472994
0.1325946095576337,0.10103008415638838,0.1954806750677902,0.09020583364793011,0.11510812499852925,0.09878521513192691,0.06824337621693041,0.12087776169791875,0.07767431952495236
0.06495156956817057,0.0873614808076354,0.19140860264617912,0.0814022039422961,0.18156627598240638,0.04174917559213707,0.12409633792209797,0.08375642423821524,0.1437079293008621
0.13708437668571652,0.10144097651089118,0.062158521171738375,0.12227730925043755,0.10199469698543151,0.09169035153056747,0.04750843061664087,0.21795289398045578,0.11789244326812072
0.06449271777522472,0.09454340092668663,0.12655142824146914,0.07405271463477997,0.11727988731864553,0.1442254946555091,0.09622408353498409,0.1998757499273255,0.08275452298537533
0.09111759018281558,0.09159030879176967,0.28836625762863805,0.05616737612231091,0.08122673140677157,0.04844274602935341,0.19605664297932304,0.04116343390461624,0.1058689129544015
0.03140907741099089,0.09469150340076153,0.4248685148832981,0.0671605374994283,0.06432235118464666,0.13418851621730218,0.08458144976835975,0.028216635389368454,0.07056141424584421
0.0719764931659214,0.10425862768509027,0.3082030298896155,0.10134402071695714,0.07920477273899251,0.039698040486812296,0.0776110689032275,0.08644607124827057,0.1312578751651128
0.10987831930947008,0.08133332746134041,0.19754794592015398,0.17257545487743622,0.10390025213570997,0.10775207735926307,0.04954859743739407,0.05313937431071445,0.1243246511885177
0.03925945807171346,0.0771400354392295,0.43275923116417125,0.07733998952726844,0.06711255423814232,0.13557281726484777,0.07301633827416758,0.042373791039880204,0.055425784980579484
0.06464338867682272,0.11096431990560955,0.1557171797314204,0.10096710335858332,0.08172846522344553,0.06615246940846442,0.15875021385747626,0.08242402654139579,0.17865283329678203
0.085434473477898,0.10007267672515265,0.16862884193467922,0.12867685624418668,0.11304843263072988,0.08285689158706748,0.061538098252934874,0.09086929361091099,0.16887443553644021
0.050658850940251375,0.0552246821409949,0.4504143035261692,0.039688665380407794,0.15085091124756175,0.08495799017206031,0.08771281486029296,0.035434030081761235,0.045057751650500466
0.07241912848446302,0.09098568790555528,0.4029030581398882,0.07749975463427879,0.07694633209638717,0.051144602633401905,0.07812748059158524,0.09061564836838394,0.05935830714605648
0.03897355771734004,0.08639939240843786,0.13255915730836687,0.06715316735442854,0.11505177687992114,0.18373878358320228,0.15942675777986115,0.11465149536958141,0.10204591159886067
0.08679514257482406,0.08574064203636196,0.2239251438585034,0.05972718860913075,0.15831161715346734,0.0509171527386959,0.10822665959437444,0.14832292048018825,0.07803353295445398
0.0797201844647504,0.10424781374485848,0.16279900197271832,0.06560141629889665,0.11739186801547964,0.14678217327669732,0.14003274807674662,0.051634762690074554,0.13179003145977805
0.07584832147095381,0.09104582111543495,0.11041366024429368,0.1104143989051889,0.10626403068842318,0.06969571806462317,0.0757899321361715,0.270327564279988,0.09020055309492288
0.1197726766607854,0.1100621631829569,0.34436612678068307,0.08577508547361816,0.08147303977714383,0.0680820947154912,0.06607021482303127,0.04641553906244154,0.07798305952384864
0.05103315981301785,0.0795616676045302,0.4703566613381505,0.11460332662047,0.0928675657985487,0.03689984090220458,0.05515820304650507,0.05319813548148145,0.04632143939509168
0.07170816718901517,0.09237903186732523,0.24698834820658866,0.0649068861659524,0.08184661466913161,0.14520229880958238,0.17637728839026293,0.03936074940905438,0.08123061529308717
0.11788959976809782,0.11125866398957295,0.04011614987774045,0.13842774539645838,0.14794529671124365,0.07203757523134242,0.09809102143496644,0.1413369964584359,0.13289695113214198
0.08869648151522526,0.10823045180947331,0.0720347940094433,0.09134525984576036,0.11477609630181958,0.03894516863121333,0.11561851468385907,0.23575523302475676,0.13459800017844906
0.06774227038203896,0.10235553195796272,0.30673427342303056,0.16949736474478874,0.08276783649530535,0.03286579176613006,0.0842536911641874,0.04397799316344225,0.10980524690311382
0.11433594543248964,0.13374775244186143,0.030109005717880957,0.10672088604521578,0.12181197167781704,0.08270317850246779,0.08486724633928895,0.14707980536868223,0.1786242084742962
0.056742682760709706,0.09726234235523547,0.33529626799405116,0.04785520918585031,0.08410196909051931,0.07573982772604053,0.03767357500897018,0.13334927584118192,0.13197885003744145
0.20468182931092196,0.13076564852058567,0.005674187993728641,0.16848151550655968,0.093533783331604,0.1070300168019871,0.08874139960529472,0.08676290136621277,0.11432871756310536
0.04887090116445653,0.06537907709902596,0.31959448304630883,0.11284957150133983,0.125085909996296,0.05913840267595654,0.1453179959139853,0.04315512096852777,0.08060853763410308
0.06227627410812478,0.144537553568969,0.04696615456312616,0.13806263695477128,0.11644558592057896,0.11093551696351826,0.14830562398889427,0.10118928345121915,0.13128137048079816
0.15569813831101878,0.08036415679174724,0.4894492492933267,0.043814337895415584,0.06380071113586817,0.05735609931341749,0.044288228276247066,0.02273293368763692,0.04249614529532214
0.08919605792540979,0.08619237057216513,0.2616477833497833,0.12405792000478799,0.12630677431703186,0.06670010140808597,0.09327463447677724,0.05687899219519096,0.09574536575076782
0.05558668934179226,0.12115145413789323,0.06662597634490613,0.21246192263241967,0.10160805037927682,0.096884968898077,0.07767207478604975,0.11288965757368447,0.1551192059059007
0.13636817249148087,0.15723391409835746,0.12577567582120555,0.10341072061103736,0.07783621548584828,0.08746400714943574,0.03715985754479951,0.12727437981572104,0.14747705698211414
0.07267312288724374,0.10684417329646516,0.010772238885838557,0.09154742916060099,0.17108743915244218,0.06616157939128439,0.043384534634234355,0.2579952353804406,0.17953424721144998
