0.12661820057870507,0.104226529891845,0.03143306915726665,0.07863933079148344,0.10132455164364536,0.09102546496190718,0.2638550932947539,0.09717432392474379,0.10570343575564971
0.10486163005531268,0.12886189721615185,0.21502312272416324,0.07159572919761109,0.09629901517082107,0.07469650905451991,0.09889178937706011,0.11340614874466486,0.09636415845969522
0.10554650917033553,0.0892161260587203,0.07580547136379281,0.2067873546738054,0.1098043775525183,0.08939749601585002,0.11799750395907566,0.0847921911628698,0.12065297004303221
0.04318783316293873,0.10913395433872679,0.10283758928930392,0.09532441621115777,0.1705207808053153,0.11503139339402722,0.13175471489417204,0.13474432220475166,0.09746499569960658
0.11284998064866321,0.10158824075860702,0.21087854254541105,0.11242766775028819,0.0743234240432133,0.1558660231884942,0.05097759065477497,0.08201949369512528,0.09906903671542283
0.04489726684854543,0.11714865555777691,0.17514769048591095,0.21153225850850518,0.12170599128340243,0.10461684071517796,0.024136292085260292,0.09231274474790431,0.1085022597675165
0.0486553175631314,0.08378370147872154,0.08702473565931666,0.23370457035914002,0.10806567507593938,0.11853997252898098,0.13669344692496935,0.08879517819368084,0.09473740221611983
0.10055603774621484,0.11509845177360827,0.11822534003997308,0.10005916489582349,0.12996518024502526,0.11465028764280151,0.06144793484129165,0.11838223180022339,0.14161537101503852
0.13968341010793103,0.12092046753050856,0.07627787118621308,0.09730212142133726,0.07596153418366049,0.09586006365553035,0.19693981182686848,0.10237977904646224,0.0946749410414885
0.10492021502043851,0.09387726843119348,0.10988736764449286,0.05607738177532868,0.09633657911149039,0.10933038799338453,0.20535482989392886,0.08873444211578603,0.1354815280139566
0.06346974808432684,0.14635714354253374,0.1625985467361497,0.1262312368482197,0.11866105257020827,0.11074219906018518,0.060888791167726386,0.11028813464842792,0.10076314734222232
0.07601523373770579,0.10377097093501525,0.15637885360047346,0.07654898334878209,0.08381577595836544,0.15517057905393375,0.12207828827313605,0.13831222978135982,0.08790908531122832
0.10711532540440465,0.11052436943478598,0.244747539887307,0.08615688151914462,0.09762826269841496,0.10530373024699775,0.05066149654138321,0.08327411325791728,0.11458828100964458
0.2144010128107149,0.1077031323972955,0.15967670145363214,0.06530421815282918,0.08662248618477382,0.09809629835529375,0.06132799664755647,0.12155316654306463,0.08531498745483967
0.09685013360207599,0.1356548877101357,0.09128829963693741,0.11227568816376703,0.17095376478432212,0.09527717992084717,0.03339305039523992,0.1068521836081966,0.157454812178478
0.15588040122950628,0.10431346239921123,0.07977862246432726,0.1553642383243111,0.10121746771908442,0.15647381333739493,0.061704034922721064,0.07823065034999968,0.10703730925344407
0.18436937645146315,0.1314986289648298,0.10832716383307602,0.08595515209365782,0.10068631008113248,0.14070191474739763,0.07527981895038999,0.0904722894875581,0.08270934539049495
0.12443730496334049,0.11759400547124636,0.07627063823147179,0.11889602851485524,0.14062631999786687,0.10065406881451773,0.06858801134152419,0.12226380415014426,0.130669818515033
0.07058026559135161,0.08735383052790675,0.07054089385822572,0.16237229914757412,0.19327156773945253,0.12030637553981068,0.042043212997117295,0.1054693949471152,0.14806215965144612
0.05129890633060522,0.07310200645813138,0.048918545740994974,0.13920228589943043,0.08154166632326214,0.1017792714350304,0.3112301191906271,0.08624029894986375,0.10668689967205462
0.2631865857217515,0.10155348243502528,0.09001192405536747,0.04738362720301522,0.11366481778630921,0.12298770064490538,0.052180619026132434,0.09367794457463648,0.11535329855285707
0.03811051292900957,0.10471726470570249,0.218936771104656,0.22764991219970987,0.07308924103900999,0.13216314293423062,0.03059510425012649,0.09695142290060972,0.07778662793694516
0.11581481225501272,0.12200315510005738,0.09560083942125149,0.07881971256429454,0.134055739633846,0.10893547084615555,0.07939254015285464,0.1483564628019862,0.11702126722454147
0.14355984922256473,0.11051034831229772,0.07891538857334224,0.11912968702864397,0.10592138939938316,0.10140474995194838,0.1060211047832551,0.1461838964251967,0.08835358630336804
0.05768466232847518,0.11892762411375592,0.13144756960653467,0.08114643158577962,0.10391918507408214,0.0986795977374908,0.1854767351793775,0.12824927005880835,0.09446892431569585
0.17968115245763316,0.10383342846602979,0.16457061086595828,0.05612531016919107,0.11992812597003767,0.09686967874670788,0.05520771130741217,0.12126600757330395,0.10251797444372594
0.08347865958070959,0.10783555105981378,0.20172108623758642,0.07094568843687639,0.13523368264247623,0.1733918213318948,0.045918198469792476,0.10021518791644164,0.08126012432440875
0.16162254680225488,0.08745413839966848,0.0674057811042396,0.08154244063919507,0.06991824201832915,0.11320064467114044,0.2508367398761903,0.06109851684621128,0.10692094964277088
0.15144049910507598,0.11092899645410824,0.14411815733749958,0.08826087893667917,0.1461050649398933,0.08860502992087904,0.016760250246103166,0.14062255790709793,0.11315856515266343
0.0837334808326698,0.09321177496579759,0.19510887741337257,0.13987618242340008,0.1031774978069983,0.1281884989790242,0.08321788787077744,0.07728161309140243,0.09620418661655761
0.19039379719768634,0.10924308325174321,0.08245104481717902,0.08188449146077272,0.12546097681450097,0.1183801783541596,0.07155500613928302,0.11249839920560689,0.10813302275906822
0.09042923495388565,0.11638255445175323,0.15630693405797205,0.09523696515800555,0.06296135449838065,0.1274066065871742,0.13180397789015413,0.11582200791104612,0.10365036449162847
0.08608080605721546,0.1116335658265085,0.13073622357588557,0.10323772064064392,0.07984212309898847,0.1175240725389876,0.14176214990604505,0.1299207868386487,0.09926255151707675
0.19672791773165668,0.08687944112451196,0.09743659011412353,0.06541981314714702,0.14690734835258265,0.12683324169099838,0.046569937820502394,0.13065325668777863,0.10257245333069877
0.05553822255702909,0.0914244549695729,0.11843782010118559,0.11223018018854347,0.09283651427921936,0.10022141393361854,0.2236547656765235,0.08612485201849213,0.11953177627581539
0.043852489513505365,0.08983753313984845,0.10376602814688746,0.1698959708226909,0.11276961246622631,0.13548309220519797,0.17596623098835715,0.08324060652763843,0.08518843618964804
0.06834291784999517,0.08342725605866053,0.21693813171864962,0.07379106955112864,0.07290691776994526,0.1259105927369449,0.19344650273428807,0.09685530131691233,0.06838131026347552
0.1439577914230662,0.10635622905332613,0.08983346690833453,0.0815141435936058,0.12952098162361972,0.07852498216123482,0.12666246834554576,0.10482684238817076,0.1388030945030963
0.1179480265245591,0.10790993108069828,0.07649241033419589,0.146924888131333,0.09786943194083834,0.11383106022454181,0.11463624943033336,0.11948644845451635,0.10490155387898394
0.16303738499034473,0.1034270676217176,0.06873826506088267,0.05946228739912538,0.06538168349921945,0.0933373604371263,0.27392610933204614,0.09356655163671478,0.07912329002282302
0.08218907568325681,0.09702915400329891,0.11376525339923588,0.12299929105893233,0.07949080954829775,0.12069586318627311,0.1847565439078278,0.10782320198901497,0.09125080722386243
0.3244117855348368,0.10470329037621179,0.08171479195562147,0.06488904124452642,0.07025943458013305,0.08698660401866154,0.07060957183711787,0.0962184852755385,0.10020699517735258
0.2288155470602161,0.08777459018485974,0.0781614302096811,0.04685297103235376,0.1525540293269861,0.14379323135126978,0.0424629116726345,0.10975991217153759,0.1098253769904614
0.16591377115513317,0.10093262884653333,0.07911165167854882,0.04990352983884614,0.15839880542074083,0.1152144465140003,0.09384128677187013,0.12760856398470885,0.10907531578961849
0.09167372092060709,0.11986874844208982,0.2006872992212395,0.09900310302117465,0.098158465578376,0.10917107598170568,0.06202313761296254,0.11278556877564361,0.10662888044620113
0.07262088140374576,0.1209901359354763,0.14774941472397748,0.08077119150203468,0.16402562448940913,0.10829845729489691,0.064495377122554,0.10959385281189084,0.13145506471601495
0.09687959168943082,0.10605387255487524,0.12877811107478734,0.12131171953417248,0.07214387722006126,0.13852761261773472,0.13758348385077515,0.0867363597923998,0.11198537166576326
0.2211692424409397,0.1168583270397996,0.12269563457911777,0.06843280096529006,0.07082406109471558,0.10882487552968571,0.09272460762317382,0.08657826784529243,0.11189218288198542
0.16901699190709848,0.11652064074894468,0.08552050960913264,0.1131585311798398,0.07867735589606996,0.09115253924220675,0.10027407862985434,0.13816702628294103,0.10751232650391246
0.04169218356511173,0.09239449964041684,0.12560461757860733,0.17888742972011915,0.12766066694858755,0.10216036773826771,0.09949738894748457,0.13327147610823822,0.09883136975316693
0.11962750709762444,0.09453914836155723,0.06683280067821465,0.05806797060440822,0.10728569205288326,0.12002216198527556,0.21007971109941406,0.11053970999121521,0.11300529812940747
0.08437859207729799,0.1248635852416093,0.2807355864603036,0.10515826467091897,0.1033391073534567,0.09511188187190879,0.0238617601704552,0.08642591283142363,0.09612530932262581
0.06569647473442464,0.09730261310385395,0.12201887244335424,0.16084446343304584,0.1675982585900144,0.1230296480817793,0.04555801090784573,0.11621020293940222,0.10174145576627965
0.09051217762245445,0.11257596908982148,0.12935663345652196,0.09977941917405796,0.1355325087556203,0.1399936601097975,0.06102912510045394,0.08751849083334673,0.14370201585792566
0.1334119675679218,0.10452927561100649,0.13242375733215245,0.17905812904285753,0.09518793753844107,0.13999192881346081,0.0382186536617203,0.0946674046780755,0.08251094575436398
0.16114639249192408,0.08544989000595438,0.09209987044642019,0.05112567280799102,0.07112868884189742,0.11724702698248939,0.23587164760815874,0.08138574332371433,0.10454506749145044
0.07683661081431713,0.10463160894266148,0.09654638819854656,0.11741969522576912,0.135290042048147,0.10895320688700975,0.10220739789468174,0.11300626766522648,0.14510878232364074
0.054330256655811426,0.09757224779095075,0.06542419305383698,0.06209115774239882,0.08302952023560826,0.13944588481613188,0.31535050215818156,0.09867920672515422,0.0840770308219262
0.060773180593291294,0.10413413719140326,0.1653851461666258,0.16307708000189966,0.11084504576188602,0.11360375779634047,0.08122584533964551,0.09171971128187596,0.10923609586703203
0.13986213470551032,0.11588221173865691,0.09648214937588999,0.07319699020488256,0.09809664592336041,0.11941909915741687,0.1841544402925083,0.0977234074538842,0.07518292114789034
0.13005952477108906,0.10447990896744941,0.17535916187655212,0.10062237342877538,0.0734862100878758,0.109915202327226,0.13339900636678526,0.06179645083647711,0.11088216133776978
0.0863699824194442,0.1358315544804872,0.15198062888478633,0.07659139741111766,0.1861619656768098,0.11341688181694394,0.03674717477910141,0.1332546510430054,0.07964576348830411
0.1299596329324272,0.10471078788983629,0.1808407353800637,0.07164664111659348,0.10973842433611695,0.08334499282414391,0.10436290510555372,0.08529218052815533,0.13010369988710943
0.13357838088288881,0.11557358709916477,0.13960102532197508,0.07524399267134405,0.13382772352904973,0.11171777630972962,0.06675960216233522,0.1009410335681837,0.122756878455329
0.11069110825905588,0.09790299770277326,0.17838686278644592,0.11283651405417151,0.06987010668668756,0.16514043206113704,0.07647209252995905,0.08364110410910292,0.10505878181066695
0.01905462790407174,0.08633988475473557,0.13017459354424368,0.1975635414650219,0.21847241554872507,0.13162102489725191,0.031222599050368432,0.10267095470145837,0.08288035813412334
0.06274682012954332,0.11262568815687542,0.16793230194658101,0.13279593597015435,0.08805953387232822,0.15974769769949995,0.08198724317214952,0.10716759634812495,0.08693718270474333
0.13092915014202827,0.07808610227563507,0.06810960192082588,0.12576246923891285,0.08419261365463586,0.11421483723436306,0.1954033445282309,0.08930997080621257,0.1139919101991556
0.12199214312317526,0.11511066309598583,0.1341097947566521,0.10767741564052803,0.08358886855102703,0.106075799633518,0.06771261258410345,0.11504173143745498,0.14869097117755523
0.1721722262177244,0.09548000843172655,0.16902621822901812,0.10005353402403548,0.09845300056387098,0.10590389146298375,0.041091823071284735,0.12464671317195046,0.09317258482740548
0.09472890114992366,0.10307977441719263,0.05031079819623496,0.22028873859920384,0.1059301376292456,0.07283615176575546,0.08496870096583538,0.12287037871697042,0.144986418559638
0.052552315669547246,0.1010850388672362,0.07875878821700863,0.18198597902814206,0.09955572130083072,0.07256605084159891,0.20042040040335526,0.1162697578817123,0.09680594779056856
0.13871882061352647,0.09235063642041637,0.08269387054615605,0.14578603466007123,0.1038558234177414,0.1235285787447848,0.11344528991466214,0.11383894568563957,0.08578199999700194
0.15519579611720516,0.11887704915012941,0.07108670045348044,0.060365444969682984,0.23158802799207848,0.12645453358001416,0.029724411468296907,0.11439005624505705,0.0923179800240554
0.038997326872117814,0.10783133991529574,0.10302257188883113,0.1280252074353596,0.12461248081265126,0.1508120852671514,0.11077244305325773,0.14067091770999754,0.09525562704533774
0.1515910172503725,0.11244538240290937,0.17274051865885773,0.07580927411487891,0.104836682128694,0.10955528390411641,0.03002658783496849,0.15538791379525033,0.08760733990995227
0.1149212965184672,0.10330751205152111,0.12124188041561255,0.06861117144622346,0.1470593879075279,0.1711577976355428,0.05239186061455134,0.126572465621358,0.09473662778919563
0.24125230769281591,0.08839266370985858,0.18024387246458531,0.04411224561853514,0.0688090074373591,0.11240271146660408,0.06344744960438382,0.10204926228885651,0.09929047971700157
0.06035004660430423,0.10454484621315636,0.06996527116229,0.09136175551017271,0.12277743769022346,0.10608354124570722,0.22653164492557373,0.08865160758433098,0.12973384906424126
0.06788302391655707,0.09757335260057716,0.11819582634505277,0.10477651407624668,0.06911174765657653,0.11994594154385536,0.19660733222076202,0.10649153096921504,0.11941473067115733
0.10659632434733897,0.10590436395507956,0.07878904765634369,0.06588021507723718,0.06713781376582414,0.0936939661635317,0.27492294799907097,0.11288127365775147,0.09419404737782235
0.11061126674533255,0.12494423049816693,0.18771914899389996,0.0723307417220627,0.11317367040032704,0.13183475077942897,0.05310963317779477,0.1004333096589406,0.10584324802404653
0.15353062176851248,0.12526763678349082,0.11648484216562001,0.10946230073399572,0.07359968927820708,0.10800802970792617,0.08279661071250832,0.10841392596831856,0.12243634288142091
0.08860284344849556,0.1487920346655265,0.13931625801483097,0.130343261049082,0.11498482405567656,0.11580538562619823,0.03489717555933815,0.13890870912600484,0.08834950845484717
0.05534767362105594,0.11826841512101866,0.06188192343722498,0.14778822898582897,0.23434475227394083,0.06990845205026425,0.07809868240357469,0.13526056327460548,0.09910130883248619
0.08613914610945257,0.11061943029650882,0.10316552710421063,0.11958380337218814,0.12738095005001673,0.1263915644818289,0.08917344652969923,0.13346212981692016,0.10408400223917484
0.1092664078866934,0.11983276793668203,0.07631674942169836,0.09143586017473428,0.09259734621407047,0.08757669549294071,0.12842775684986088,0.15559288321999507,0.1389535328033247
0.12821427016445222,0.12695959712915644,0.0804566575370034,0.11906226491086556,0.12970715807861302,0.1380257606199922,0.061524462467343256,0.1060958834020758,0.10995394569049816
0.12627203313783794,0.11815548111736096,0.1335853407849611,0.14036485099513893,0.09400600778420005,0.1062112530384854,0.07447678876319912,0.10590735802312969,0.10102088635568679
0.10522712248945443,0.12017673772346162,0.21339906686401308,0.07157715495664957,0.10963077761268353,0.13460231671614642,0.04577712346015509,0.10071722616782032,0.09889247400961591
0.10597952332966702,0.10506614617104876,0.10441230770785877,0.057453070664511115,0.12574990491323176,0.14524096483009927,0.11186680590242705,0.1284134592513401,0.11581781722981621
0.05643846041786338,0.09777379817751784,0.262478046926688,0.14458292231845146,0.047910929671523585,0.14879497413721066,0.08202207748901973,0.06833941218455482,0.0916593786771705
0.05802097635523013,0.09613782285102136,0.09846006825977127,0.08279995399079258,0.07715135837925387,0.1266847220303277,0.2500857116919259,0.09114054317501873,0.11951884326665847
0.20404533218579293,0.1037108076966059,0.10418859726913232,0.11059654091822956,0.1091887674124194,0.09923383216603916,0.04183771182975816,0.1001364486603832,0.12706196186163932
0.2909934618979541,0.10158251750709969,0.08945892635535446,0.05378213038311296,0.07434189472496354,0.08930687313194885,0.07177705503021904,0.1110172967484064,0.11773984422094098
0.0730899282362689,0.10755474583415302,0.2105640330930997,0.10947233475473468,0.12843770751704417,0.14390279937624337,0.031117374655620575,0.10050271513823106,0.09535836139460452
0.132711733082315,0.12138734782561773,0.09280888858710117,0.10786748527346111,0.09347982253491009,0.10208579613143687,0.08850001823712539,0.11953409650917836,0.14162481181885425
0.1510294074669267,0.10680213206758164,0.14757980321397626,0.09059444856060778,0.12308150748942155,0.10435154256665842,0.04770539147778396,0.12488089870450474,0.10397486845253906
0.10528775391647482,0.09609701399123943,0.04835531476295741,0.05888653965130005,0.22580884928471825,0.09575644146913154,0.1700863328587401,0.10227158143564459,0.09745017262979376
0.09724882380765713,0.11854305396777336,0.2188032981335254,0.10301072805511029,0.11100144201716809,0.1162187848974258,0.036018794750024244,0.07507099434520594,0.12408408002610978
0.07057437033097352,0.12247261514875636,0.09543256424422852,0.1468999512926046,0.15272144537616825,0.10426187212243744,0.102382616587662,0.10837605447359992,0.09687851042356938
0.15267807162592573,0.10095147568373586,0.12938123393506876,0.0766470105601682,0.13040040309491704,0.1516206400780439,0.05534987630227842,0.11012036312996427,0.09285092558989784
0.26740184511935317,0.09422080323057408,0.04991066374312388,0.06025516446792576,0.06958199302338208,0.11077566606395088,0.11676687087909358,0.11893691729362181,0.11215007617897473
0.16429260914559204,0.10335772949230275,0.0898445906213902,0.10137989968397154,0.0899587488382912,0.09660376965324802,0.11434020810587676,0.07764299291521959,0.162579451544108
0.2816246271490981,0.12055125074079032,0.06679983764022777,0.0637307275957594,0.083323654102487,0.060352352231958985,0.048194007320220084,0.1309131820002928,0.1445103612191656
0.1400787402387905,0.09592652325678519,0.09830722037916843,0.0865604324955195,0.08707519178599904,0.09582004029814933,0.20217186212176266,0.08551774144884039,0.10854224797498502
0.024072259884660652,0.11061292025565676,0.0541792987968465,0.29321344676871564,0.09405006419057162,0.1054816774433167,0.14331611561272425,0.10517940410982983,0.06989481293767812
0.09598737202104761,0.08808777306816895,0.2667249930671083,0.06762860695240303,0.12118785206844278,0.14923702017469134,0.02813650597287407,0.09447530395944394,0.08853457271581999
0.12788645333567497,0.08338440977752504,0.1335555259513356,0.05024409178010073,0.08474310719461513,0.1814698259255658,0.1639836064776534,0.07161378379535026,0.10311919576217916
0.15443505523321185,0.12360520661330071,0.13633465056322763,0.09688226036148036,0.09386952696004121,0.10157051885999761,0.06045091747072703,0.09743409457014651,0.13541776936786706
0.21164100855952758,0.09266038636672674,0.11517955737292068,0.06597133203666673,0.11132980394884313,0.1043886472301143,0.09060836064331577,0.08357555022055735,0.12464535362132767
0.08632838958445532,0.11141335735876612,0.16315075409472077,0.10231680690615087,0.09335537083918975,0.13991788642517747,0.0979225677791858,0.11691579306883317,0.08867907394352066
0.04812799082850996,0.11764383628473897,0.06828970901900727,0.15962189297660015,0.10432072962946824,0.11247511017444961,0.13884942653978108,0.11358123049788975,0.137090074049555
0.20468873564626064,0.11930228235487068,0.08889524278549055,0.08187646943654822,0.14355812657258415,0.09078786063166815,0.053141329363608825,0.07507006858601377,0.14267988462295508
0.08393639193841958,0.1243805535844882,0.1795447483122835,0.08522548962003391,0.14224107717570578,0.12108952383884763,0.03096241189659972,0.11275235482642669,0.11986744880719492
0.06291757421481793,0.10148387588360412,0.09103229780046924,0.13558687684474877,0.1173460318002223,0.12612149939849768,0.17709665365313895,0.10355083238147933,0.08486435802302172
0.06621085315257665,0.13328210235633578,0.1404207353435122,0.12324948954230852,0.13538663056309125,0.10956830845221054,0.0695085837811213,0.11739692725892341,0.10497636954992029
0.1436128907904446,0.11386394772091073,0.08351192114392798,0.07337083148294561,0.19751075382439187,0.06920703389653148,0.030464748923904886,0.1442943538166019,0.14416351840034092
0.19875475685606125,0.09361235365651162,0.13472569088168843,0.10685764240492308,0.06909000398368596,0.10666935277068,0.09901287863770415,0.09103245374689622,0.10024486706184933
0.07491980360241961,0.10088197000632992,0.10605803809027085,0.20226573624048527,0.07739106784889216,0.12952516083866286,0.13713102777473696,0.10457053650925291,0.06725665908894939
0.1303331293189486,0.11353393245869929,0.0600253520661341,0.16735611541056183,0.11197077126043231,0.0781810684373918,0.10968441615984519,0.10275326305296513,0.12616195183502174
0.1415233779142673,0.12153949642604071,0.10467895133184695,0.08588369126184213,0.10333324858143873,0.1069513579104389,0.10184927488108164,0.11541177144106352,0.11882883025198011
0.17209022329350895,0.11323313874287715,0.10334758352847696,0.07430452088474997,0.07371353402060345,0.10449927435418534,0.15564515469314785,0.10247704742421089,0.10068952305823935
0.12455266022839862,0.1397992265069814,0.13815437469225908,0.11860745915491973,0.13946320646787191,0.0743278644870496,0.051906899715508194,0.0802016102151255,0.13298669853188605
0.2515517081738865,0.10038254286589016,0.12829241335345754,0.044072396539099466,0.08260833917819903,0.10273627689115693,0.12155474455512116,0.07262359078946226,0.09617798765372698
0.059537235116355704,0.11383834492909921,0.22384671109922194,0.09189748878227484,0.11841599341701205,0.12622716648923635,0.05005372413390535,0.11372978578215304,0.10245355025074147
0.10077620646695523,0.09579487803297748,0.09940200448852228,0.11187649353285388,0.13180380380729512,0.09092688077919957,0.18960903940426813,0.0757557627776702,0.10405493071025801
0.08255062257000849,0.0834176642958182,0.07529561235555346,0.10429461593444696,0.062061443382848525,0.10851260670888128,0.2804432312014619,0.09182750316722388,0.11159670038375723
0.048354299498105095,0.11301794214823872,0.10448510207378435,0.10388291396315082,0.11350957373704955,0.11300065319974312,0.17522310078854772,0.10704849514459673,0.12147791944678392
0.06953909727296341,0.1290255987398671,0.10673033871029745,0.22348387450712637,0.09997141344961381,0.10016204486473025,0.04880399444760952,0.09847978620304976,0.1238038518047423
0.2464912193498999,0.07863438942006094,0.0724768655817978,0.08121571991234297,0.0745781245696031,0.09006591158944773,0.1399239565454237,0.10624996552649318,0.11036384750493078
0.1738427530909339,0.10973013812008327,0.20236500473555183,0.043813678416832896,0.10513185822093345,0.13813057643342563,0.049091417907350894,0.07231782537104688,0.1055767477038413
0.22084383666697352,0.10701080893109899,0.08488680699979641,0.06354779895254607,0.07895950968704309,0.1237844445142845,0.11138822839812133,0.09850106925839887,0.11107749659173721
0.06911497072808966,0.10679798286217353,0.06976686751418927,0.08918757405958884,0.07056418656739831,0.08964020191896693,0.33836056387945396,0.08343079505739494,0.08313685741274454
0.13056259987113955,0.0947385471540776,0.14603384821602453,0.05720899726276929,0.17803952643554324,0.1519694654321502,0.03277277983200565,0.12876485458055575,0.0799093812157342
0.12061942187207753,0.10742901856672592,0.04325407332873927,0.08812182998407893,0.18781926234059268,0.05764645904725893,0.14756632735465133,0.1275122432985147,0.12003136420736067
0.15465242231565582,0.09470326027813643,0.11123262859030487,0.0921490359024455,0.10519556245665684,0.08294062232683434,0.15334819593865137,0.08729452950123312,0.1184837426900817
0.212265694263856,0.10432082682277621,0.11382011145864761,0.06633305800970091,0.05701702284135845,0.09565873160740856,0.16845272768249664,0.08982704996789397,0.09230477734586166
0.03494159501450469,0.10464743355724798,0.057359042903795045,0.16796343332753774,0.1268042773564383,0.1450506664826052,0.15811948582911953,0.1171802634542583,0.08793380207449332
0.08284468216535269,0.1199742039031203,0.11072741010683466,0.13505750255274887,0.1227874310370984,0.10626170314331274,0.08195580150830974,0.10719380826185858,0.133197457321364
0.19940802179555037,0.10163659992160785,0.10003791430297689,0.0805458000651797,0.12024086975888125,0.12543184077478817,0.053465457570770404,0.10122729288272107,0.11800620292752435
0.039923060076662006,0.12034718845464858,0.11161419507339654,0.13285781756467005,0.1133824205504506,0.14400430419708796,0.1413054197933753,0.11419225508318298,0.08237333920652602
0.21585565604669776,0.10211759054685153,0.06883237832129538,0.07084290830599171,0.11693480558350584,0.10893290346968498,0.12096722336156758,0.08439134939680311,0.11112518496760204
0.12011878486336607,0.11255085816373452,0.08936764484642228,0.10768081953288122,0.1223814699240484,0.13136674289679953,0.10066729423729037,0.13021349428559267,0.08565289124986496
0.09779152246492505,0.12024852498678351,0.1834369399341875,0.0783155895946514,0.1215401853534848,0.12482198817110719,0.04261965539021503,0.1126084042845752,0.11861718982007032
0.08640542342490722,0.10090716271008356,0.09230598349101475,0.0754290397150816,0.10968758149913031,0.1254123411170948,0.2188246843807459,0.07759748257873074,0.11343030108321112
0.13399765361672392,0.11477708596116043,0.14957014913099262,0.0890697714038874,0.15398284956665584,0.09079158882500339,0.055036998515071656,0.1125443109262016,0.10022959205430315
0.08200011483641956,0.08653921455241197,0.21066391432215514,0.1161337163324863,0.05685039269050888,0.15874749870004665,0.1285807276683739,0.06915742051278963,0.09132700038480807
0.09753016505084418,0.15852342241052486,0.09706748717508902,0.09671300115784227,0.138909890676746,0.11450585807832499,0.05792896265342107,0.10473399209709289,0.13408722070011467
0.1191588062946687,0.12155350934609706,0.10748720133879258,0.102089174796817,0.18213289649984973,0.10263703158033044,0.020478538050688805,0.13893815006730773,0.10552469202544795
0.1185041712770436,0.13392878137345074,0.09878151918412288,0.09595543117293075,0.11282759674857758,0.10825134380225655,0.0851850457888796,0.1508443939626392,0.09572171669009903
0.08665726869025599,0.09257723306729555,0.0907459241839843,0.10496770485631136,0.0860226941106243,0.11506385709545176,0.23382333412775666,0.10068752525753229,0.08945445861078775
0.03004404069870498,0.11031153470640646,0.12121858107395388,0.16742370860675596,0.15979408214528273,0.15174468537770575,0.026838147313249364,0.13102410300382003,0.1016011170741209
0.20664253713663497,0.09955739880878352,0.13927102229409805,0.0681371381741497,0.14670836816259478,0.0834528038675209,0.02129976119225895,0.10630091432759065,0.12863005603636865
0.04685207956111568,0.13358079087621763,0.18617374670386685,0.12862754387837483,0.1346063162094997,0.12736078384599334,0.03370310288607157,0.1143141042570923,0.09478153178176811
0.0916238469758498,0.1062665450413477,0.1010613546487607,0.08688198975938954,0.1994281584576042,0.14407243337167994,0.05391766449120219,0.11867202555407345,0.09807598170009263
0.16463649903181266,0.11335139734725257,0.059182196490341954,0.11577676918317016,0.16065639121289108,0.09634298222701677,0.0387625922245129,0.12381325843594743,0.1274779138470545
0.14200934212308827,0.10772574493616122,0.14565509173459082,0.09095220765316542,0.15082900356010762,0.1498367977478125,0.053076851434979866,0.06485863406765302,0.09505632674244129
0.14830324260900737,0.09266754819854948,0.1404968115723976,0.08694959487326752,0.05559298808794017,0.11529620247977972,0.1366152265131585,0.0846200489867966,0.13945833667910293
0.14579006546556322,0.1129554551933084,0.22593046341677372,0.07478133638388533,0.06775044444888181,0.1146302236443943,0.03453610243933651,0.09785019616136703,0.12577571284648967
0.0935409755840877,0.11058065895585094,0.1057058141585152,0.1323962163828317,0.08354655988352866,0.14065930117885084,0.0770076359360825,0.10872176144203165,0.14784107647822087
0.16001915543100473,0.09794099950270663,0.15511398296463427,0.08374171533145063,0.07202696304646816,0.12478390646369016,0.08420459045075508,0.10882944082406855,0.11333924598522184
0.08141944394976293,0.09285015544906378,0.13695797069556287,0.16946467176520397,0.0761744968876903,0.1134446565137886,0.12368276504702909,0.09801744232583846,0.10798839736606002
0.09329061198283066,0.13585706045045012,0.09696090407429325,0.08920339604909137,0.08913221392391947,0.11399371653154687,0.08893328854192238,0.1346372335707062,0.1579915748752396
