0.11855984243355931,0.09659383872866985,0.12329968795220943,0.13630775188646432,0.06771236180494743,0.10114459989119425,0.03074611036498454,0.18883255567726623,0.13680325126070458
0.10885765736490542,0.12374130453125813,0.12586164671387026,0.08249108479338361,0.14936938488148352,0.12180822401256468,0.08464827539638098,0.04166470802208563,0.16155771428406773
0.11179995917017027,0.12342905660537,0.14356164573198046,0.14954726793176334,0.09779490279025387,0.11143714354690419,0.06359006691414115,0.13413166526526346,0.06470829204415325
0.11238468883491888,0.11447066051982657,0.11763739694311622,0.12284813139736538,0.12839735805295135,0.12161654985033592,0.189617475720131,0.032864258724990346,0.06016347995636443
0.1544376779988849,0.10208794337951131,0.07898682700757907,0.11993591419782645,0.10488297682080662,0.09776739110980075,0.1102151642439042,0.10752774418853102,0.12415836105315566
0.07514567430534444,0.11196765795526575,0.16167948543072477,0.08270041574860447,0.09085549624834642,0.12045162418598132,0.1540365283814319,0.06306136120919842,0.14010175653510257
0.05451336412176172,0.11615346951927742,0.09598139206368239,0.11012962164108432,0.07302862345135612,0.08276980236683579,0.041478811109427506,0.3505948334977542,0.07535008222882046
0.14543760308810172,0.10569799440155826,0.1289621307568147,0.10299547157390533,0.09778568929666275,0.0889047811153365,0.07045104737440479,0.14447982615044022,0.11528545624277564
0.08537087796625305,0.09981386416267313,0.11806992404573434,0.07409234694571576,0.09306263681302122,0.11183881934781281,0.23931163532954894,0.047715451403574465,0.13072444398566635
0.054716894297796324,0.10174723322777139,0.061648622258827106,0.10333554129318023,0.13066707965197064,0.08709662581088216,0.09620181494464719,0.26552512876418005,0.09906105975074486
0.10198332057296926,0.11169211187725137,0.09330475997659893,0.12713505124269178,0.1020078483712185,0.0984962283466646,0.11275081574553032,0.11402516105152703,0.13860470281554818
0.09226010567629979,0.12615703636862255,0.1447512202859397,0.14913872475406661,0.09825957940852831,0.10552881700257317,0.079239655291773,0.12148888798998636,0.0831759732222106
0.08736202803176929,0.11824610872324677,0.13002142175109274,0.14075966491719025,0.07904512173663591,0.10875103927094464,0.1316414981770838,0.08412941327922363,0.12004370411281297
0.08598995019058843,0.08720656653735193,0.10557517890212716,0.09168802838420248,0.0894238889233614,0.08906186157529733,0.2110299259623721,0.1326770750886961,0.107347524436003
0.17564237184936268,0.10180699824682886,0.10331925675831398,0.1020069711454419,0.09541481042205867,0.10404220510983221,0.11075865616357357,0.0754095927251373,0.13159913757945083
0.07933614021805556,0.09690480076397312,0.11538442632016854,0.06923999940791165,0.09571367652521506,0.10593139818590665,0.2951284130486335,0.023128142029898487,0.11923300350023752
0.14061615730050342,0.10166938070707265,0.09917725140087046,0.10789736189908689,0.11822471352515111,0.09566710957279202,0.041903116573402566,0.20677607857424452,0.08806883044687634
0.053098851067846946,0.10592496865384472,0.07726605825202132,0.11912476354269826,0.10767987173510785,0.09452734163611459,0.2576760748670261,0.10241777322585029,0.08228429701948996
0.05859240401820121,0.12521638010288064,0.15902752109473287,0.11921445067244792,0.11961964900157444,0.11086178397612441,0.0904824647576304,0.10011834318098818,0.11686700319541997
0.03258652375637329,0.13357924800583482,0.11623933743911662,0.13471408838225155,0.14640780959440935,0.1176905640072683,0.16517189047817762,0.0269872999321569,0.12662323840441161
0.1633220167100049,0.08322599242694594,0.10550886363158801,0.0836216792779378,0.11764522808109694,0.07775931415797452,0.04534456390571179,0.20927981102064686,0.11429253078809326
0.04693217741066815,0.09966845455444893,0.06473483565551648,0.12491313440839248,0.09646329348028569,0.09239077234528816,0.09715024348759593,0.2604773688977025,0.1172697197601016
0.0772407436896547,0.10379507247932786,0.0874831694207311,0.08327259996075956,0.10507851188305813,0.08457782964310184,0.3336360431428595,0.043805547403924804,0.08111048237658258
0.07521227605593041,0.10741598267335593,0.11350639903650724,0.07323434762561981,0.08736953635934064,0.10928662438145435,0.27753230889386177,0.04985231316543794,0.10659021180849186
0.1026324504254234,0.14327604987498255,0.11275332354073608,0.1349565195301229,0.09858766705740359,0.12593698730700983,0.10431984180880229,0.04212748495212707,0.1354096755033923
0.05152937961862452,0.11888631772117131,0.0920218348452788,0.141985072140991,0.11844125246436636,0.09934153205766934,0.14616452534574778,0.16102274932906632,0.0706073364770845
0.06758030109386459,0.11681307591742755,0.12436539908291655,0.11828094781660052,0.12325100494456231,0.12003380563576715,0.06663495979739956,0.1414088511985175,0.12163165451294422
0.07330543399215374,0.10724154235019508,0.2045529960690947,0.07565981635010033,0.16991038827046454,0.12218208275639104,0.07445988887851453,0.05066674276387357,0.12202110856921244
0.06703886000986303,0.07082447661925195,0.04896466594161291,0.09104275380903343,0.04008583057851918,0.05985361067884834,0.131854496206004,0.3645025665110264,0.12583273964584057
0.1097362606037597,0.09810542177996871,0.08670098397532243,0.139427191590727,0.08424297269749177,0.09066948326352382,0.043347167422088155,0.1917030249295748,0.15606749373754356
0.08704147939168311,0.1287265046744468,0.1063860138622937,0.1441450142315325,0.15148386639998013,0.09952148119434802,0.027392169647493813,0.12688484960558088,0.12841862099264104
0.04038679035850632,0.13423491118005595,0.12475101157572062,0.10932875438970635,0.13250560281294643,0.11655283350191555,0.14899093321895754,0.08382534519249574,0.10942381776969544
0.10735353840820074,0.1169451519707963,0.10682329773315132,0.1348474209312054,0.14267177113743362,0.12026556349930588,0.0905171747324988,0.05551467709914659,0.12506140448826134
0.1352011039742356,0.1085359611364698,0.11872095445086783,0.08309526043672592,0.09366809146806859,0.11665538368908335,0.08743733912816315,0.11303611780344129,0.14364978791294455
0.09094283839966351,0.0972362961661924,0.08360215887427776,0.15233388793969851,0.1032411412391208,0.06909274521861486,0.0325576943089037,0.2561059218981823,0.11488731595534601
0.13894770062848583,0.091517232041282,0.09154631333039646,0.14396475043830395,0.10362756812411476,0.09499971305197824,0.18341685493126805,0.046639330848184855,0.1053405366059859
0.07449848661406774,0.11828349627016754,0.10295114031830759,0.14151865086298043,0.17655224276450596,0.12347534743821346,0.11383589390328663,0.04475038583265747,0.10413435599581326
0.18709306224861655,0.08008968681074492,0.06344495202986469,0.1084509092868274,0.0919181066719877,0.09541508282211603,0.029123299662855814,0.22895999773371511,0.11550490273327178
0.20656861271397595,0.11461842713645888,0.1283268878432736,0.08205069799231618,0.12234444486791618,0.11861505590456152,0.1176995436258061,0.01629957631234381,0.09347675360334771
0.22214054408760595,0.09790147601643641,0.08386506991529878,0.11211346515961684,0.11430531292671377,0.10867940620206003,0.033570402556884794,0.1072280207562832,0.12019630237910017
0.08882942245035678,0.11761528285162086,0.09911359498720418,0.09547948879337918,0.08565001119267109,0.10266062659635126,0.2668999044330527,0.04911847257007897,0.09463319612528494
0.18552778002869227,0.10208431928420432,0.10918721633017654,0.08324693150412009,0.11543116839389223,0.08446234503025953,0.1369508453805156,0.06839624789132766,0.11471314615681177
0.16427468147163551,0.08615266987825919,0.06433427017652642,0.06758261873780315,0.10118667194999881,0.06973016144168821,0.023997932078908147,0.259025879814001,0.1637151144511796
0.11254625797138461,0.12200380536314653,0.08983683120338015,0.11286940406682004,0.17392959930266563,0.12616880316912527,0.04481187212999205,0.06917944163724953,0.14865398515623623
0.1410011758363246,0.10184894175868499,0.12254454074387573,0.09163690094685051,0.07509755989758239,0.08763389942801753,0.09886682537420137,0.14580556456487695,0.1355645914495859
0.17165267109575866,0.10866978142137973,0.10943769891482867,0.12756399052520792,0.11903618459820504,0.09999918039884782,0.06654261682690753,0.06506326790562734,0.13203460831323724
