0.08397263973710589,0.2134152339868255,0.10676692799223701,0.11569300547010315,0.08076103781355394,0.07583516299855055,0.0852891104101799,0.17040021925671964,0.06786666233472444
0.09716935515621856,0.06140376937241876,0.1188281716568252,0.130768295722887,0.09159427670742705,0.13007322014686828,0.0898322117639056,0.21186738296182858,0.06846331651162103
0.12899585105247433,0.07343865084413476,0.1079625392892241,0.10843352196356247,0.06779604337175023,0.05851203738906441,0.08899324958166206,0.18925972977218616,0.1766083767359415
0.14268133099721356,0.05031011026239466,0.10339155119321815,0.1007232329656257,0.09318429175679048,0.17364336571915054,0.08393608026894094,0.12300448933774695,0.12912554749891902
0.1330245957243562,0.05518227844207574,0.11896159117364546,0.10748045806997387,0.08094985532695101,0.17189072421574883,0.09468039240064609,0.15567670120307028,0.0821534034435324
0.11480962576030868,0.21802598135984844,0.12302038321641783,0.12383679522183973,0.1265503504139499,0.05139395127851675,0.11392674743778532,0.09031450990252228,0.03812165540881101
0.14883880431060983,0.06535420392875423,0.13052153597977964,0.13036839226097438,0.12471068912747331,0.061323672022382175,0.11954121765494619,0.13012476494230715,0.08921671977277301
0.2394124462607549,0.13050998929181815,0.10011042888993386,0.09823671694456589,0.060333177274353035,0.05065470673346852,0.09057906107421602,0.20515996481842666,0.025003508712462933
0.23039578012599546,0.06066137890121467,0.12164628550810137,0.12221403825561232,0.19473154965445408,0.05924987925929265,0.15285592109819635,0.03822719970984397,0.020017967487289078
0.11346457206060806,0.05280407489571063,0.12598622693232492,0.12237161088528925,0.11270606228258039,0.15482278501351832,0.1482225190405109,0.09573330828751396,0.07388884060194363
0.11334998620608953,0.07753887733709441,0.0954187308765242,0.0913998865541273,0.0813069980612256,0.05148490312155287,0.09291521237132928,0.11144338960828608,0.2851420158637707
0.21006263958123392,0.08307199040876084,0.10413940564436514,0.10245859340102999,0.059301934465805665,0.06634812784046172,0.079414283580221,0.27786292722234257,0.017340097855779186
0.10229933023561803,0.06850222463291411,0.12024529513014615,0.1220565208616442,0.06907878352194483,0.20631170005694907,0.10707023922847887,0.10433913295139681,0.10009677338090799
0.10254652823771103,0.053375243047154686,0.10861179361722469,0.11048306572678594,0.05771196922632735,0.09009315801644535,0.076280158738764,0.22575132769967346,0.17514675568991345
0.12364835146167918,0.09587496380527412,0.10664914715581714,0.10216661571933662,0.08544766106627448,0.0824199503232359,0.13921505741343027,0.21007842462953819,0.05449982842541414
0.235099855976075,0.11645425062575036,0.11728635969213981,0.11872148984718257,0.10638737906105107,0.06677234542821453,0.09569086825445873,0.09455062941440236,0.04903682170072554
0.12224326847814826,0.1741253669119658,0.0907176800601031,0.08787786801216944,0.04989519493401168,0.06655600623178096,0.08174991647108364,0.22446072272683637,0.10237397617390069
0.14754947798275,0.07961246045882596,0.10316649683887263,0.09826618534838011,0.17769731389850282,0.2042278927149638,0.1449539404874731,0.03480866680020404,0.009717565470027577
0.0816493308477596,0.08885670889921064,0.10902245762691136,0.11982685644431766,0.10761430523569637,0.08368872383333285,0.11775375756174179,0.08840925129411915,0.20317860825691056
0.1109804210559658,0.10548286807571199,0.08498928658014603,0.0896058825473955,0.03810576090895606,0.09644212621417575,0.061053509689340056,0.28263174906553185,0.13070839586277702
0.112261651315982,0.04105838700104187,0.10415400797093517,0.10334777887707552,0.05202553833732112,0.17228604585393867,0.11176328659971473,0.06859328543432841,0.2345100186096625
0.07989213250298274,0.17500929253742772,0.11663585455933105,0.11799968802734995,0.13055754504376535,0.08594097683852929,0.0631521078098265,0.2087964833626965,0.022015919318090976
0.13654980554690588,0.19742074420885988,0.131308257192308,0.128909415096938,0.06692695124751823,0.07616814444548534,0.119193187000781,0.12821164171611324,0.015311853545090515
0.11459944701710961,0.037299472732225024,0.07989593538709487,0.08145399727163659,0.07293754518625536,0.07614995090352676,0.0593479163522369,0.1265223755163862,0.35179335963352876
0.0882053523312799,0.1281150774554747,0.11474510798646231,0.10657528236014056,0.1427174706879234,0.18707537670334698,0.13757865847745407,0.06664089396577108,0.02834678003214702
0.06229832938645844,0.13290199421508006,0.10348185604133264,0.10687902705290224,0.09860016596754874,0.12131226323348088,0.09812853783742564,0.2210541212361595,0.05534370502961186
0.12373834580191524,0.055672993993440695,0.13226465248209146,0.12557997922275635,0.127937469849947,0.10994168664662307,0.1298335489965039,0.13012644578896002,0.06490487721776234
0.08358756330196172,0.12800950384544216,0.11673543828785354,0.10736005527418303,0.11310824326674919,0.07574969431683584,0.09481035043342573,0.2739471287065937,0.0066920225669550954
0.09669063701505826,0.14869475068878948,0.10828289548943953,0.10599084792123097,0.09839626744239734,0.07315258933406261,0.10377658133058143,0.24662242952948432,0.018393001248956
0.17445293698148392,0.1117149365910101,0.11225566900397078,0.10735536888577805,0.06618399553381334,0.1227650868621502,0.07680548181605047,0.18236312963675713,0.04610339468898595
0.12103307138235758,0.07085626549587967,0.12534706544343033,0.1265233044082403,0.08946599112517994,0.13905045504962096,0.14557847884278471,0.12359705016107898,0.05854831809142755
0.08452322736361202,0.08481154841181042,0.11903963905698944,0.12876061596077795,0.11523832062235097,0.17026099942472425,0.09293004042216896,0.14071187842030355,0.06372373031726236
0.13616208993870854,0.10210747817519661,0.11674811580706539,0.12011023867738495,0.11533650684688246,0.07848928464458245,0.07538676552929302,0.22177638021021853,0.033883140170667986
0.15651127074135476,0.1199853744234652,0.11857577978323243,0.11386377688120282,0.07183741696763193,0.13034491429253514,0.15243085686326832,0.07198260992089121,0.06446800012641822
0.11256501993670542,0.04696807239552716,0.12643443933115722,0.11717064754417582,0.09383816265991103,0.14038391757539034,0.17111688474612455,0.057378221697991616,0.1341446341130169
0.18812339901131256,0.15884616969628004,0.11671760105299629,0.1032111502427865,0.14978792042734543,0.045648747765966884,0.09483508441325696,0.13503633829345457,0.007793589096600765
0.075344160289211,0.061014299918503954,0.087492159455628,0.0866574053939377,0.0841075764885228,0.05417019907631957,0.08432101187615931,0.08396444235574295,0.3829287451459747
0.05414066217389041,0.027609698775339045,0.0725288652283758,0.08135895949277035,0.09660373838885707,0.049911247984760175,0.05811853262704081,0.19575361377242118,0.36397468155654517
0.09026733467825265,0.14799009212328287,0.11918060728757451,0.13142314958136278,0.1507999358109043,0.08296944295049968,0.08836785728277409,0.1605760047724426,0.028425575512906448
0.13735142490186256,0.09030289088225453,0.11875634131168622,0.12438551421287775,0.08421377783716426,0.06803712461983293,0.10779587924333517,0.23893888692330864,0.03021816006767793
0.10383380761432968,0.1599552768123975,0.12470824518074962,0.1178395229620753,0.1324285058330649,0.05544397413976038,0.11579164996554601,0.0699994460727786,0.11999957141929796
0.19408562270841426,0.05758395326297385,0.09289880605280482,0.08678743387521996,0.11576029808582372,0.060781611049988075,0.08061436012733804,0.3044122371902054,0.0070756776472318825
0.062476624746223786,0.10712069257091239,0.0948920481204905,0.08766210254404028,0.1024497527751031,0.17637008814727143,0.06567984730821654,0.17925612834388183,0.12409271544386007
0.159901702843346,0.10674902776535579,0.12922533000235406,0.11572726268930139,0.11802860325274173,0.0834145483169596,0.10785052257903216,0.08504665244008625,0.09405635011082297
0.04567505989876388,0.0395215948232799,0.06840237004938123,0.08167739858633373,0.0651825430436313,0.06347534986821589,0.04552375395113586,0.2484295403884329,0.3421123893908253
0.14017848484048215,0.0572874050572248,0.11165151444959083,0.10520517492857027,0.06130603890743097,0.21965588854499854,0.1411565565148736,0.04243948504630104,0.1211194517105278
0.0928582791023365,0.2116907012489313,0.10751331301925394,0.11198970656579833,0.11474441239795648,0.044107917302279614,0.11608720071500735,0.07169049917389149,0.12931797047454494
0.09137875248973337,0.11751269427664479,0.10857623208774976,0.12017522698118864,0.08632511074166009,0.1593214003348755,0.06673323937565344,0.18230089791905343,0.06767644579344104
0.23142812566690185,0.06810589144517876,0.11662552524075043,0.10612306899385134,0.1949984823600488,0.0472124436468355,0.11476150969143895,0.09394352440268876,0.026801428552305554
0.1373107083489724,0.05955485405462876,0.08489415298540921,0.0886873988842098,0.07020246557205317,0.062121229944810785,0.07721137717843381,0.11844300599977185,0.30157480703171013
0.12855913699256494,0.07545464498074277,0.11618974118978931,0.1099152172879636,0.13388075926501788,0.11134896859544396,0.14638213885770654,0.044218920672153,0.13405047215861798
0.07865141389760666,0.05974950079653233,0.09162663968021502,0.09594578426310447,0.10987651497640648,0.0509747181629207,0.06660675607660399,0.39416887807229317,0.05239979407431716
0.0666559006165399,0.11652249797890109,0.09981511779720648,0.10239076270284271,0.05182979377482669,0.045246375821841246,0.07848506232465055,0.27927066535486306,0.1597838236283282
0.07812390000065772,0.19345715304422914,0.11966279983279027,0.1153648121475324,0.06914934310294461,0.07991527646703615,0.14856334546237449,0.10323132307219789,0.0925320468702374
0.12523574641682908,0.13395594037074335,0.132263712975061,0.12397987797440596,0.1268827835054324,0.1249214812535613,0.12505099286838028,0.06414066476061288,0.04356879987497375
0.08345585927976996,0.08142441388480165,0.09445825353940628,0.0965234104811587,0.06922834969105925,0.09841212118737254,0.0676993986179424,0.14127172784479072,0.2675264654736985
0.13645881433975798,0.06545263021144815,0.12469616594339188,0.1167455683634832,0.09135128593405493,0.21966393444068322,0.1559472780524789,0.0678450781084133,0.021839244606288517
0.08876020581411115,0.03545754319755418,0.10441542002347853,0.10681970741215145,0.08395782023099907,0.09473054200554692,0.09927024012795478,0.14748174042613177,0.23910678076207215
0.16774457153937625,0.08648369579272469,0.10235604400228741,0.10074550175511997,0.051531985361838506,0.08201013854429907,0.09221013156693203,0.2614535362831452,0.05546439515427686
0.04766887666750838,0.07804865323543385,0.07700641131275482,0.08878502116583636,0.050160660902662274,0.0706763916625266,0.05636261138468165,0.22204407108983695,0.30924730257875904
0.07946435773395218,0.19024764940321956,0.12469338094016715,0.12434122579465097,0.07616129252461586,0.09141879963414963,0.09816171748188378,0.0940230605410644,0.12148851594629655
0.06505966555328446,0.11256845590994759,0.10756698600846315,0.13267378011058292,0.12271265678471659,0.06761232434377104,0.09679135931871928,0.19173749124644326,0.10327728072407168
0.22479545451073404,0.11559164456581311,0.11785327530324018,0.11969716561595582,0.08974887293993879,0.08907810364725911,0.1340944186401791,0.09181869891634042,0.017322365860539476
0.1545562928891718,0.05020260916389887,0.12261262779762798,0.10991336355988568,0.0778821322500239,0.18858981607658395,0.13850714840667497,0.0738235553644046,0.08391245449172831
0.21995158734690423,0.12135561371434768,0.11885160575016773,0.11448953928475325,0.0856345055040793,0.08059454836699571,0.12169206081725754,0.07182804665839278,0.06560249255710171
0.06706244300196638,0.06156862104085834,0.10628661352398487,0.10732075781014194,0.09414354661947842,0.11655359188293052,0.0827652220243356,0.21093447563543996,0.15336472846086402
0.15899343705577143,0.15305764244456663,0.12438645920973497,0.11612877645224147,0.11321370264014609,0.12324677786829981,0.09657413221372019,0.11076131572422478,0.0036377563912945274
0.06204165376244062,0.08591975148387863,0.08597529744934264,0.08994257330235862,0.06956923622264037,0.05667674960144703,0.06739944127219903,0.29376064193488555,0.1887146549708075
0.10321895644958257,0.03530523343377991,0.09763394569640571,0.09179834290234352,0.17558316166959342,0.1338172881431776,0.10096643545575416,0.05470588514894428,0.20697075110041882
0.10212747967059688,0.2641697760683673,0.09606013867248671,0.10059509899226489,0.09720892498096993,0.07165493075537682,0.059009000446111286,0.20011101320512184,0.009063637208704256
0.10321649160191537,0.06271932065582454,0.11635354928245234,0.1067523119793251,0.11892564178370219,0.19977082497849222,0.116788547451163,0.11067071402237692,0.06480259824474831
0.1798154479464039,0.0906334581506067,0.11698587255311314,0.11583787344308825,0.1588826166203792,0.12078292013129606,0.13530287279516237,0.036610988467199346,0.045147949892751116
0.14507139862294585,0.14028498947302037,0.1284543213087104,0.11512671648459716,0.05871090701070932,0.051869002064870794,0.14902449445143198,0.1283655363756562,0.08309263420805786
0.12210340184072987,0.0578722853689399,0.1231892042593233,0.11665222687271766,0.11644568792155983,0.19042505958022168,0.18785949725291307,0.046124473239848474,0.03932816366374616
0.10585419520125498,0.08372580045149498,0.09294633190168512,0.09929185597156949,0.09183161833265373,0.047630916402455314,0.07445793347855402,0.1178555959280569,0.28640575233227544
0.17218911701009945,0.06377629232499718,0.12746772812356102,0.1222681602093907,0.13932953825493177,0.11809509990499172,0.11578755651071004,0.10077368440683465,0.0403128232544834
0.08724811253323711,0.09692924962636407,0.09251967678584538,0.09739898914224364,0.06056903795817614,0.04204229298132181,0.06718259604971813,0.1975048704889265,0.25860517443416714
0.10144049787266153,0.1539290682936284,0.1270834233065213,0.1125702486900279,0.09771791375734153,0.08133478395447614,0.12091295571570825,0.1639225912019304,0.04108851720770449
0.17308445472019193,0.08311720730510748,0.12385676338905771,0.1155470718537674,0.09799575383151858,0.11656142687728739,0.11668711391600106,0.16201168386178266,0.011138524245285749
0.11735487153702669,0.09856980353806273,0.10405573507248467,0.10945554998712965,0.10952253302315766,0.08023162540079559,0.08646307847233774,0.14372999559192806,0.15061680737707725
0.08575346729074244,0.19472957974567243,0.1133716087071341,0.115030786592484,0.11673976555038983,0.056948209944209606,0.11189835172248562,0.13683391782124735,0.06869431262563463
0.08583023129103452,0.07154354185198399,0.1259915680345691,0.11992946517524712,0.10735729795568517,0.2016871429588641,0.1119437458128769,0.05869651413298647,0.11702049278675263
0.0852104810637025,0.18336690829914212,0.11063877939551374,0.11865961369114948,0.0954583842863997,0.05556769702671136,0.08764108640864109,0.23848499605203402,0.024972053776706072
0.09051961525575099,0.09331527674108563,0.1315160786373075,0.14329702377926298,0.07834012312362151,0.15366819383760252,0.11553955750906754,0.1139640043823205,0.07984012673398085
0.10410343247965781,0.06127636010777049,0.1103041952099486,0.11800858777090457,0.1512101866264376,0.056261952761158196,0.11124435556691455,0.19255055358778925,0.09504037588941898
0.0725395213408126,0.12410040663125292,0.10241277196724725,0.1073341244942065,0.06779735015003212,0.13895620182299462,0.07156179217792412,0.22338222941480967,0.09191560200072009
0.08805651976414618,0.05990138407900702,0.12254173733859892,0.13589307038687834,0.08113146600200372,0.1009696183368149,0.09202721150758524,0.24544903075670557,0.07402996182826012
0.12269243739789737,0.08484185795901227,0.1149012814231269,0.11700378813532443,0.11399645877202864,0.06841552310353834,0.14400641794013347,0.10631871985783385,0.1278235154111047
0.07546541099320085,0.17333710205923483,0.11084846974242617,0.11464698043873883,0.09416826913855236,0.061975876675090726,0.10147728365879577,0.1348637646244655,0.13321684266949504
0.1340546031606313,0.07203449077722993,0.14235391541629153,0.14223818403845165,0.1070267143185034,0.11611438709887595,0.1189284356591755,0.11847536430453247,0.048773905226308284
0.07619922847849898,0.08591701721374789,0.09044435341180208,0.09639180603705906,0.047478013936315955,0.10007877019594359,0.061764593310186834,0.15098715776443516,0.29073905965201047
0.12696970563412205,0.10312290637938133,0.11272694206154654,0.11799253241846923,0.07437702429877026,0.060203598533227785,0.08564928256181224,0.2778547526305129,0.04110325548215766
0.20865664385118476,0.12138842562472095,0.09307419041262255,0.09669122554026512,0.07186131662775631,0.02064204181318246,0.07458543829566865,0.1931670682591248,0.11993364957547446
0.12213510948115448,0.13782502086041568,0.08434530961816557,0.09432504991707824,0.03869342901689291,0.036693174207812776,0.05599575602024389,0.3782892931282196,0.05169785775001689
0.1004428528487869,0.11194017453506105,0.13655914947856884,0.1309489699185853,0.17928597428814133,0.06595352415540294,0.12533830198549414,0.11512342999597341,0.034407622793986126
0.09212928862855015,0.07495621021488415,0.12073847834981899,0.1209222096916593,0.10341053650061253,0.09884655173048303,0.11811722377722624,0.10532016442998939,0.1655593366767762
0.13615987442452068,0.11832591264769769,0.1301272782415642,0.1312263848412856,0.09924554776436233,0.06772637429936179,0.1386686976068521,0.09746229592407285,0.08105763425028271
0.10909729897392767,0.06501648108279566,0.1295634694408648,0.12584285237752676,0.08182497754982886,0.17897737067955313,0.1734477047912867,0.036142001702236394,0.10008784340198007
0.0761816476930742,0.127024692322807,0.11214353912373147,0.12648660010480764,0.08109015595819008,0.0696212512728874,0.08922744977818127,0.18616399094505687,0.13206067280126407
0.15675997818932078,0.0949190478377968,0.11286800922890448,0.09815580657528751,0.10533016710443512,0.1366787738322264,0.09041620921801426,0.16095282550653692,0.04391918250747773
0.17951825774146357,0.08562739209369767,0.1368013707655622,0.1257961384631062,0.14186044194279257,0.02829218660808759,0.15716349421735465,0.1329984810234075,0.011942237144528032
0.20093943703577463,0.10240635432832616,0.10589750926305641,0.10813178286941272,0.10239882205665783,0.09195174947234862,0.10933466387891196,0.09087013975514664,0.08806954134036508
0.07266441912102804,0.07489952675796126,0.10943063602683707,0.10312256342987895,0.06278677063054384,0.24687433767320086,0.09154903231456939,0.13687781299928298,0.1017949010466976
0.0730452730662436,0.13540705485545326,0.09632576699171348,0.0907329155037091,0.05968822298512968,0.0996817724811329,0.06656277352353725,0.2103852627790169,0.16817095781406377
0.1533608215682115,0.044821864507234827,0.09811487970797868,0.0926241038174868,0.07966518250344262,0.0653188210324058,0.10116919501042428,0.3113515715810093,0.05357356027180619
0.07896790125527466,0.16082842086934176,0.11112076036816833,0.11070876749356251,0.13493698534063528,0.11183769486522381,0.13771857482183947,0.10545718423906653,0.04842371074688764
0.08978401222837445,0.16750781198404194,0.11262989725458972,0.11370369503571894,0.14874875327274997,0.06319899634741198,0.08917128909045373,0.12411102731125641,0.09114451747540282
0.06391176764610905,0.0511979232357083,0.09655754353978609,0.08546609532250711,0.09147553382296358,0.10588380127525553,0.10359062147702543,0.30938436137055986,0.0925323523100851
0.0749716325977326,0.11547652643001782,0.10931298348769958,0.12105418476294068,0.07585404136524931,0.09585151134557389,0.08386963513783426,0.15726299805177332,0.16634648682117859
0.08722047108949425,0.07785420137665487,0.11603387810369432,0.11549635045802605,0.09770137807519878,0.25049524912746174,0.14999589687099643,0.041800547587254745,0.06340202731121876
0.04693186029723406,0.1387280404712802,0.08775274320734115,0.10423858677244431,0.04810405768433626,0.045662080291435765,0.056161403274756404,0.2708265738865664,0.20159465411460542
0.1694943678549301,0.05942610429286951,0.10260139602152983,0.09406508104091633,0.0816854149422581,0.09189460335787901,0.07543699832766099,0.29681900145294954,0.02857703270900661
0.1734380746051016,0.05816186789779946,0.13165683935593084,0.14154239367876512,0.13901699989291094,0.09273430696069562,0.11667899425158101,0.08373340039709933,0.06303712296011608
0.056410138004059286,0.12378268366339111,0.08576052440572614,0.0823195968245512,0.07494961267087528,0.12794445532328982,0.05808411254406499,0.19318829960788308,0.19756057695615906
0.07100885808881187,0.2728294369658297,0.09282532880155235,0.09372516970282839,0.07616693379251417,0.03790480790327806,0.06292961088009208,0.17198192464881248,0.12062792921628095
0.10831169477828784,0.06614590511701952,0.1242344035096566,0.1157703349436953,0.09527765305982915,0.18673817088611652,0.10686965786956582,0.10303604291172534,0.09361613692410398
0.09179514041169502,0.2127797062516745,0.12843623152906317,0.13331274003307955,0.0686322759905396,0.080850127623943,0.12799124627327607,0.10688760685342237,0.049314925033306645
0.07357904309546286,0.15489955710935835,0.09564303463741859,0.0912005271096723,0.05322201494793093,0.11326321135150587,0.08359818409714775,0.13592983856968996,0.1986645890818134
0.16949881954025772,0.030727957541347193,0.08864737483455302,0.08832675592359536,0.1026814945536688,0.04491278617091349,0.07245738076383364,0.05598824594392867,0.34675918472790207
0.2106787499245375,0.03603132856965828,0.1069770461827048,0.0983019879048499,0.067573514171385,0.11590860658683115,0.1202562876416395,0.22599355080514413,0.01827892821324972
0.15182455082190924,0.04146977515703887,0.1055975844194158,0.1049939516199483,0.11256665116044602,0.11078990427719866,0.09749238187998077,0.0913352225652946,0.1839299780987678
0.09588414637095914,0.15854206776056884,0.11688272585172972,0.11006706830859635,0.10320257273116727,0.10178077399579309,0.11885416920444021,0.09697203680867077,0.09781443896807467
0.20591583921477086,0.04380055732125724,0.11212501435960426,0.09986728543310687,0.1150227966866303,0.11947681792094507,0.10267597782836753,0.1886613144866726,0.012454396748645296
0.0905739539164505,0.06473532394501115,0.10976221089261433,0.10840706552953427,0.09550508117287217,0.1948331278282306,0.11587258422827866,0.09162934445458715,0.1286813080324212
0.08146207547185756,0.21808303518286465,0.1168648044945958,0.10737459303268572,0.10191061704656967,0.1753006703608446,0.11680249571833891,0.06964328447136804,0.012558424220875011
0.07178883120137501,0.09492267493293842,0.09694436239063485,0.08816860800705002,0.04497480969782328,0.11879764179939467,0.09851349494038641,0.2249037964086015,0.1609857806217958
0.15625845942996822,0.12374441190598644,0.08786136783852617,0.0929558851855578,0.052510104316214924,0.03471344658975773,0.062382151282505814,0.2185644468678698,0.17100972658361316
0.12693993770138368,0.07014480058633282,0.1143813788695859,0.11509758072291214,0.12557524247649982,0.09900544458559597,0.0928489209729012,0.09462392156527027,0.16138277251951821
0.11917526281880038,0.035534755212105855,0.08830037793194333,0.09193874514793997,0.06323927684081616,0.08982015752407797,0.07773167635380046,0.14455534824496294,0.2897043999255529
0.1667050528535415,0.08971033670343803,0.12686996580615242,0.12550894228263462,0.12889760500395664,0.08640395186783693,0.11118296107286509,0.14004566534921345,0.024675519060361344
0.1820736520160393,0.06662255902402887,0.10818787797138807,0.10439005635801522,0.10347992106378745,0.0555253596883406,0.0815567398789737,0.2780349034958564,0.020128930503570355
0.09980376642257278,0.05494608150346738,0.12817567518021453,0.12316528716133439,0.10209803655490775,0.1296841572410451,0.19518099975652903,0.055472761833153174,0.11147323434677592
0.13330681948133646,0.1936647403897569,0.1055519193674203,0.10517073713462975,0.0565258831785378,0.12262604366115981,0.09871698325738927,0.15235331562618937,0.03208355790358044
0.13913584829271938,0.1405021286012881,0.08843063149727914,0.09499925782394746,0.10119766067023957,0.1272424021223927,0.07609356067808454,0.11671462648492985,0.11568388382911925
0.11322326681014006,0.059579786840733194,0.10249243127107872,0.09879920096040107,0.07354352455636849,0.04609033308250753,0.09677962232892223,0.13673266295717165,0.27275917119267706
0.04515033466368776,0.13105938596522138,0.06622703010032331,0.07204602628975214,0.03205428172399159,0.03962812821782946,0.029809883446726384,0.2425889246048624,0.34143600498760557
0.10395595691330096,0.07707541999768892,0.11462939853622196,0.10346294221386138,0.1360747619263,0.2552567815878179,0.17334551014697955,0.022310459268148616,0.013888769409680793
0.11885953228891101,0.029235160618777453,0.09336061469494515,0.09125431045815284,0.1209227624984875,0.05345856636399238,0.0651674575001401,0.07630045554063238,0.3514411400359611
0.09217168613687658,0.13332801496211708,0.12677213036127657,0.1322198914051562,0.09048733729617293,0.10903313274486558,0.17243621707556708,0.11703730632506099,0.02651428369290712
0.09432475141034313,0.16340840369447088,0.12950861437038044,0.12135848458093985,0.09311518467529778,0.08975821517490636,0.13722012554960158,0.12838027194845397,0.042925948595605994
0.15245256392240827,0.047945856063449116,0.11941146827020792,0.13541598697137236,0.08038131488078919,0.059637295144626734,0.12853997433094366,0.2571704623796428,0.019045078036559967
0.07792275786045487,0.15938681791211914,0.1034821672553129,0.1131200717811901,0.1085680629554296,0.08472522687401536,0.0868843524406714,0.10935895484950438,0.1565515880713023
0.23948482770809063,0.11742972636377091,0.11831116180900765,0.1041427951064639,0.16116923950261575,0.05745826588223637,0.11179491320864708,0.07839412710090386,0.011814943318263856
0.09762591728246763,0.107166502845199,0.12590241099966315,0.13805466215327766,0.09028950432850676,0.1008011765061928,0.1269157707766948,0.14895234803605925,0.06429170707193897
0.09042165119210945,0.06622274695408274,0.0918811801455051,0.09023609279523755,0.06663488128668377,0.0613155919594472,0.0847486904347315,0.36566392069501275,0.08287524453718997
0.1291092753207254,0.16106521669698035,0.13170343541813467,0.12866002474260554,0.09155387862154478,0.0819569520359828,0.10548367216378719,0.09980755658321004,0.07065998841702929
0.1558597158340663,0.17518514694803736,0.09699506301701794,0.10218996375557708,0.07169517383039996,0.04283845657975566,0.09924913874706236,0.16608377446883862,0.08990356681924476
0.11179635112669827,0.15653484129519987,0.13077421713909365,0.1201088187258108,0.13914232004574847,0.07035810686222248,0.12189485104761184,0.09000110937670751,0.0593893843809071
0.09298881766397438,0.22048078440531862,0.1002332444663664,0.11148707090503825,0.08783986678020582,0.02893862295135988,0.06578006534839635,0.23227177596341286,0.05997975151592746
0.07655948241772087,0.11439446773226679,0.10133674278055844,0.09026596854887996,0.11988759119709079,0.13001141527362295,0.07933072795217926,0.16206952602092686,0.1261440780767541
0.0894700667997238,0.08312724510426218,0.11267771977852555,0.10754142504725694,0.10557745380891763,0.17386445848467233,0.08860378972732241,0.16909333957477815,0.07004450167454108
0.09584967865579579,0.11031875989123968,0.11691283374468582,0.12042355657059078,0.09773928389570412,0.08090774014318353,0.14115212045966583,0.2062471649697797,0.03044886166935473
0.11187103331209151,0.11208525619839856,0.12098060109047626,0.11896618842298788,0.13435307936940336,0.06417842998051082,0.09647549764049673,0.1537752958382884,0.08731461814734653
0.06756179707429286,0.11194421049167928,0.10303204707742465,0.10273000194843453,0.07713705751457407,0.13507890267674263,0.10689694402841259,0.1329689865551784,0.16265005263326096
0.18668207835509568,0.08464241991528487,0.12842020644591848,0.12877227885803041,0.143330305433134,0.10695241348556099,0.11738456032911704,0.07557508749223854,0.02824064968562
0.15832168306823138,0.1560685329931059,0.11793555209647556,0.11385467203912071,0.12781397642705714,0.07093515667639319,0.131090698632354,0.11521600270566919,0.008763725361592872
0.2352731892838534,0.07946483173302739,0.12408547753315786,0.1170337972543594,0.10384739066387227,0.05194614541818493,0.16074199253018748,0.08685618553401803,0.040750990049339304
0.0876958501697205,0.039525311833038444,0.08436966896336172,0.09982394582015257,0.06858126234479615,0.04841893508301979,0.06144163541911929,0.20803725398642667,0.3021061363803649
0.12032599979998465,0.06323566027328725,0.11659142706048521,0.11982936563340245,0.07973028690157975,0.0538452843357932,0.11669045605606172,0.05372159072100189,0.2760299292184038
0.06457189204847737,0.2879989743307772,0.09519454395563365,0.10484045443712324,0.07116109951935064,0.06278559842552488,0.106613060536916,0.1516293745186804,0.055205002227516654
0.19059284926675082,0.16598925233466336,0.09912879745001367,0.10521520233262964,0.06764713331801296,0.08629766426782542,0.08898324303597456,0.13897121078168936,0.05717464721244019
0.1739686869214162,0.17909973776941326,0.10107871813297002,0.08837216051949238,0.05321105785776517,0.09997506183081156,0.12744232871333908,0.16496054980308797,0.011891698451704388
0.10248803010495115,0.10637775587184477,0.13423389342893846,0.1239150603175349,0.10340261243789854,0.060042272263239126,0.11638908895897897,0.14296976993648472,0.11018151668012939
0.07579400711349292,0.15712996640310903,0.08954932066081987,0.0875969320746975,0.07407638071102209,0.06535819858764812,0.07937209956612433,0.06221492608069068,0.3089081688023954
0.0941279097686228,0.07225629415866998,0.10683268149130042,0.10579444187412645,0.0828837249057011,0.16790384075639264,0.0836804222162379,0.22261602289495605,0.06390466193399268
0.10633827150008061,0.045248889381003,0.08217229615525173,0.08004089083323261,0.03298406417693479,0.11976631366578011,0.06269627630441903,0.30702730852289845,0.16372568946039964
0.0972888163209097,0.11607590258501739,0.12516723266533478,0.12575546170909438,0.13807529294424545,0.16896397952075307,0.11990456745012214,0.06964331321620376,0.0391254335883193
0.08595237965730636,0.1591973619409807,0.11586109114388769,0.11996495238859743,0.07270837016269115,0.10041894200001276,0.11117578912023761,0.12365544111882253,0.11106567246746375
0.08639126757507236,0.1096875134281653,0.09445249972667284,0.09343184584742233,0.06800001355371825,0.07606202173475778,0.0789734814229451,0.10930010260281192,0.2837012541084342
0.08947281751550884,0.035130525615806686,0.11848293273107073,0.11046409608112419,0.1522271218557017,0.1343395525719462,0.11910741107225865,0.11413322460493815,0.1266423179516448
0.18514055617298908,0.10126271237317092,0.11556339114795511,0.1090968211440642,0.058006485075494545,0.10558016544864546,0.08757258771067318,0.19889999902199643,0.03887728190501107
0.18797823422370682,0.17823432233596134,0.10550328465480656,0.102801776761748,0.08503907041713865,0.09890974647994377,0.09555377923157671,0.14240222816507828,0.003577557730039927
0.08303250589977394,0.05743118932891641,0.09537338385104914,0.10690913049649152,0.1219654898122382,0.0568757969505514,0.08389993981292583,0.22773339649351546,0.16677916735453802
0.1020221062474354,0.08273183455413306,0.11330049591510431,0.1115868547513623,0.06175527982822262,0.0914321042816109,0.11344016604628875,0.14144210923629755,0.1822890491395451
0.18398548958088742,0.06735072037991746,0.12153272463427096,0.12328481463152978,0.08571564067203578,0.10363332916808891,0.11272985055337127,0.1751061170863747,0.02666131329352373
0.2203478896492884,0.043774265397381974,0.09920437801243326,0.09742366928222217,0.06018226367501516,0.0881326717662058,0.10983942286125807,0.17067559454948308,0.11041984480671217
0.11012648520612077,0.05219080559805419,0.09082740336359807,0.09417620351540844,0.05997969377700365,0.04277496965355665,0.08763155283866737,0.22784374539533012,0.23444914065226083
0.22813780254069851,0.06330134750988846,0.12319831248059819,0.1251081464308333,0.11894771675545733,0.06318126261693861,0.1364212880124436,0.12362274172259181,0.018081381930550207
0.09151489813811477,0.09627980027832782,0.11962064133884324,0.12815319493078464,0.16459382736599548,0.13364254015178406,0.09617081122698519,0.08913831138090283,0.080885975188262
0.07923203007871114,0.1112716554101157,0.09840976872391714,0.10082080239617063,0.06734715192280244,0.06469514080115708,0.09093988774171298,0.2331740918107752,0.1541094711146377
0.08199526469498195,0.12191699618253403,0.11392753271893996,0.10644064121937617,0.09080609706552782,0.0827098225367051,0.11468876809840438,0.2081929861581434,0.07932189132538715
0.10137049872429571,0.1431012662586524,0.12299394533526826,0.11784041774669246,0.15836093657103487,0.06551924746448765,0.1782036098052242,0.09118273809699488,0.02142733999734948
0.11889946089747817,0.13948464507591218,0.09802981675438083,0.09964674540512815,0.18057163731082368,0.027011529952945038,0.056458928704040436,0.17052583180810435,0.10937140409118713
0.07849348048912337,0.04398225926851599,0.08408122004010192,0.08100457594937548,0.07961748799141781,0.18958809302053656,0.05739760137679276,0.11170760644328,0.2741276754208561
0.09019624822383464,0.09379936588305508,0.08759425413333362,0.0889673969569732,0.16715240986762656,0.06148951579400719,0.07741065742352388,0.12543955740677754,0.20795059431086824
0.16841178996498796,0.09341716467280013,0.127416563384082,0.11710609082572099,0.2184484542905246,0.043819409985528295,0.1123144258541137,0.0461472844871706,0.07291881653507182
0.13054297253848504,0.030781097230062823,0.0986847100287651,0.10288402907878451,0.08702284855597046,0.08213984253662969,0.06440367564051254,0.1465411056479413,0.2569997187428486
0.07415332786703907,0.11721256852402166,0.09814649334778551,0.08908230746635916,0.06637299550868805,0.16581033271044177,0.09695004088360838,0.07896581024702125,0.21330612344503516
0.09168002189321699,0.1907345885815677,0.10889215180479839,0.1264591644581385,0.10793773330388357,0.037569674635479125,0.07237919849510173,0.23762096480512362,0.0267265020226904
0.10457988976459076,0.07713371038137458,0.12706409654539635,0.12053736332137881,0.08506859632446488,0.1809544986335793,0.11645878241957508,0.05990684549537967,0.12829621711426056
0.08895814127052011,0.09399546748979254,0.08183845433614051,0.08411594211491957,0.05366422894470032,0.01970391873023251,0.06808494787587814,0.13650312449667676,0.3731357747411396
0.1141601873814624,0.12249616440345772,0.1263364275055668,0.11982546198526979,0.13301202991630084,0.12521086126035255,0.12637909395669045,0.06886917815460078,0.06371059543629869
0.05115751489723167,0.08889640824898241,0.07950214853757798,0.08920180764747558,0.03198735697434844,0.08164248695367639,0.06232735981853419,0.30692159834239247,0.20836331857978094
0.17048442434569458,0.05133935605823884,0.10612954010251117,0.11619146641343248,0.05948249993239043,0.04308772768150445,0.07894890206696471,0.27008677109683304,0.10424931230243034
0.1308481132385497,0.12185161698845548,0.10264510332071564,0.09962683150293083,0.16806455832360204,0.0918954223500386,0.08296451387584822,0.16561020167390375,0.0364936387259557
0.06633112207479337,0.13799243092481137,0.09522504125423319,0.09566852494142832,0.05101186362672292,0.07829500628731,0.08389861515683729,0.10184973948530922,0.2897276562485543
0.10942270354297724,0.03204089755868976,0.12023530485839647,0.11847803370332104,0.12050428729408559,0.1063652647918144,0.10223480695998888,0.09993734868986666,0.19078135260085996
0.10051841544556372,0.09967657066534512,0.10771871025565603,0.1159846584237495,0.0773409230607072,0.07705553492550939,0.07963033363393505,0.08140624164910941,0.2606686119404247
0.18744152703058758,0.058299863386743984,0.1158871581041,0.11075096501768304,0.09173343081799136,0.09896506717778163,0.09859710955768218,0.08342719990854665,0.15489767899888363
0.07199717039326797,0.14754347322616376,0.1026551322993896,0.10178800072261086,0.06142731442594878,0.06440518401943916,0.08565354505377093,0.22640016623825365,0.13813001362115523
0.10730077180834341,0.037905331702757304,0.09373832865150783,0.09096365735469301,0.06643371612982014,0.1143511355606484,0.07958411282259815,0.08810466137045485,0.321618284599177
0.06542356893618383,0.13366765633946887,0.0865111166172597,0.0949266679398816,0.090989485180545,0.04108495759767285,0.05774167387461584,0.1511636474110917,0.2784912261032806
0.13072013475294855,0.13011014314530978,0.11863207213471282,0.10486773691686942,0.11079210712848624,0.12408891824861505,0.10671894275512188,0.10131485899072344,0.07275508592721275
0.07279227615759794,0.0524775000891648,0.09297703713014231,0.1127493074878938,0.046176594154334255,0.09620217943482799,0.06450058593671332,0.1836601679307013,0.27846435167862427
0.08086323696569787,0.36706483452950533,0.10830156938343677,0.10610207204667799,0.08426410719686105,0.05054444169546276,0.11729118213224177,0.05706456419279757,0.028503991857318844
0.18296187236203354,0.10578068199966484,0.1174322311534333,0.11631392552209911,0.10348911241207605,0.11869436370683102,0.1363544673101617,0.06786323731855752,0.051110108215142835
0.06935696836590387,0.21177577165630343,0.10629175568025194,0.1121737197336405,0.07421374600549248,0.029853047265462604,0.09519879685880404,0.11392824889659041,0.1872079455375508
0.12203648398291787,0.07632876994358734,0.11751538893319702,0.11133645103524921,0.1195111003096415,0.1574413395889561,0.13533420039876998,0.12171005456886523,0.03878621123881579
0.10270214389529501,0.12266923160274952,0.11894863546916923,0.11142983278612005,0.14806893102081206,0.13780257404562848,0.13332951017987896,0.08469720764565754,0.04035193335468908
0.08434374570923031,0.132647722346532,0.09837325009740755,0.10076923395881969,0.07960388795539224,0.09276023428039347,0.09571164842671519,0.16526333290209116,0.15052694432341832
0.1961897922654308,0.06187112850043027,0.11951172307829593,0.11497434857487572,0.12131299354718794,0.0977413191619635,0.11199040895459228,0.11572107862388752,0.060687207293336105
0.08112653626650376,0.05943789587259752,0.11585030179793158,0.11056194913714769,0.10848202193609964,0.2316975039612721,0.15446802132064733,0.08953509665295782,0.04884067305484254
0.22865436653170487,0.08113864902088706,0.12385970727380147,0.11983603106301276,0.09593593556630022,0.11059141302772572,0.16849141958978187,0.03921367302643989,0.03227880490034615
0.08199318147841655,0.07667724461290608,0.09310838514889619,0.08753361474209108,0.04900951624696994,0.13737861491149025,0.05475677247612973,0.17850360188194805,0.24103906850115217
0.12358610064415365,0.07689318467686017,0.12694033655375372,0.12508869664768632,0.2751208635323857,0.07109172977524335,0.11638750293431517,0.05507368585372363,0.029817899381878215
0.10011638350497858,0.10298572000222157,0.11734329244523593,0.12064820601032877,0.06250431464533987,0.07173006376594038,0.12444625016072297,0.23454425186954297,0.06568151759568899
0.06318665169433778,0.12077798727225837,0.09771177146572489,0.09734430699133771,0.0969719837392431,0.14562223963515455,0.08314894630528787,0.19831098363647337,0.09692512926018237
0.10383776513575704,0.1671971400867056,0.11445427957387859,0.11047494974315462,0.1289443155081343,0.10140648460280656,0.10489284423169598,0.14476235484692315,0.024029866270944153
0.10223346210843849,0.12071466858356215,0.12966730294646578,0.12866306092652932,0.07213059481526783,0.09728629620616129,0.16280563457898908,0.14508839555891437,0.041410584275671694
0.05482562005516584,0.0577003350934163,0.08697926576668862,0.09449822499049504,0.04284087379233851,0.046705806783823516,0.07072709734820905,0.3744585279742123,0.1712642481956509
0.09731711638696584,0.0888259933361169,0.10191927118944588,0.10826803997350427,0.11071287192654555,0.0712100866538994,0.08422434073432734,0.1477587064776904,0.18976357332150431
0.10393267015587689,0.032846967684987634,0.10396439831790251,0.10502069396545982,0.060552857572020446,0.0732296268528113,0.07738530215604601,0.12017282460032458,0.32289465869457085
