0.21634284243945787,0.11535490297657879,0.06909474302591878,0.10657834618572015,0.11711986602129394,0.038037688900162674,0.0307986532149999,0.19576286536856283,0.11091009186730501
0.13567574295658025,0.03428829052140985,0.024952367546127934,0.11535663021806958,0.3256240858172816,0.0343054171790284,0.1023601960873563,0.1144750830637104,0.11296218661043574
0.06459453286175973,0.053740239096928565,0.37315249009328627,0.03156291178162507,0.03760875959433874,0.10466942577306061,0.15121482132621394,0.07768607546353029,0.10577074400925675
0.08842049361334174,0.06354243553346706,0.036481646631533596,0.2717833781140297,0.09232985533738693,0.026781107081326926,0.23319869011087568,0.09228494500493732,0.09517744857310108
0.16221530946360307,0.12455114976973725,0.0922518078089829,0.1468287073385128,0.19745821038099812,0.02341413345935193,0.07996691236394848,0.06046465936202153,0.11284911005284391
0.11909973685837644,0.06253234348864534,0.1661810616555955,0.2147928625487833,0.04893266065814412,0.06498601905747645,0.06567759560895116,0.14134959245516013,0.11644812766886752
0.13321012105551133,0.07733811154136393,0.07015019074911405,0.09378146466997754,0.06457811430317487,0.08673719955162922,0.15410769661073942,0.18757104908404632,0.13252605243444332
0.08544001851257617,0.2618498671085565,0.03067889203731775,0.15984890086147346,0.18070318045749226,0.10287040233516019,0.013440408781230803,0.06528550285880774,0.09988282704738509
0.12130860435971064,0.13981340863839944,0.09959209922734436,0.12392779710101752,0.16077460618459213,0.023495448529070682,0.010093110495896814,0.18149888717521293,0.13949603828875545
0.11670200033213823,0.0445056308666271,0.051978024743284196,0.14758108523199845,0.06527892762748362,0.025787897682574265,0.408833747011548,0.05571659965097153,0.08361608685337452
0.19878602317404281,0.16849698555793202,0.07617852342446536,0.13547627200262322,0.1640917646696231,0.028366384817013892,0.026297108049840315,0.08998820682204663,0.11231873148241267
0.08896237613780823,0.0855127640757839,0.11627408198876132,0.32545037593260734,0.046829638819160746,0.01447312861405807,0.04350151891979818,0.18117810153061367,0.09781801398140855
0.17164686398167892,0.1154086396251301,0.05886957673866674,0.31961323990760376,0.09611528562244721,0.004280131514172332,0.025493583315505716,0.12708067021206756,0.08149200908272768
0.13035204962163188,0.06724800041720431,0.04657338691508545,0.11852279724333148,0.10112661498534355,0.08124313636640156,0.19280366516137373,0.11625193544480776,0.14587841384482034
0.1660957384723277,0.2210629449467997,0.045937361715182846,0.06400539784731521,0.19884138055646516,0.036396653791428764,0.008241705042269867,0.13895917055451698,0.12045964707369382
0.0985955502431151,0.09105973177059763,0.11042315216518211,0.103667903573286,0.05975105350220098,0.09060906913304272,0.13234086244699153,0.19182949161992754,0.12172318554565646
0.11151767265302039,0.12306897103123089,0.007558767260755922,0.09688902912883736,0.3695335801085804,0.07556295302095195,0.024681072552514827,0.09346343868834774,0.09772451555576041
0.15690951627175495,0.07340602636007165,0.013567970004542816,0.08197643184860624,0.36322667345264054,0.04463632289613743,0.08378933184273966,0.06925465123710416,0.1132330760864026
0.11924119734220688,0.2216773642022937,0.09517293771468922,0.07373503219062741,0.12179283735044706,0.050875327289261536,0.07171689083105058,0.10276353764762179,0.14302487543180176
0.12232699304702839,0.039750939284300034,0.18357188091589097,0.13369768263738477,0.07263897739609428,0.04105464581107773,0.10379100984520596,0.17781910440245433,0.12534876666056352
0.19764964821715672,0.04480653728344001,0.06398778221936664,0.1522455859361277,0.14459894972098666,0.019897896588523117,0.04324053637430023,0.20758293313869625,0.1259901305214026
0.17713154144181056,0.1580209852669259,0.06520871709243492,0.17573394647647445,0.06302196204682103,0.034381434514180124,0.04529867631749029,0.15152293103587297,0.12967980580798966
0.17994931668700154,0.05522685686292219,0.08399089582623713,0.30209959932731134,0.04718430917030261,0.01742966547044032,0.048442163083255184,0.1481237764317738,0.11755341714075594
0.14596746928982884,0.16544381171492414,0.12675505484182029,0.09383451105160358,0.1756022565779609,0.023287336324694045,0.01642565146614383,0.10085313307266036,0.151830775660364
0.10693237931568526,0.20142501186308703,0.020727255817506646,0.23956084324392488,0.1569225568353619,0.024628879243456362,0.07714630273718488,0.07358092376172017,0.09907584718207285
0.11701833506250252,0.05742542717263965,0.1039874424475663,0.06886463560321614,0.06593477761882278,0.10217145691180991,0.26879410310359325,0.11158947534672503,0.10421434673312437
0.0808562955169802,0.03457355787759243,0.23601407111852732,0.1804106239023352,0.23691367829347287,0.015956101881383255,0.026586905933128926,0.08639020708744653,0.1022985583891333
0.08198948219876938,0.1117358367435305,0.22308134668220733,0.11529168488263448,0.02312635020266957,0.16103935759972324,0.004155685888995139,0.15394437732802924,0.12563587847344113
0.12317197825716579,0.05821573148900849,0.08958138949497933,0.08624622687492696,0.07079966790502816,0.025428968765423738,0.25766400152329577,0.17469527886261696,0.11419675682755476
0.05943551685119804,0.105714203797303,0.027792876964271417,0.18165230845526326,0.08452874902065168,0.20997274947364067,0.12251537603442862,0.10884894040011922,0.09953927900312422
0.11993859511783596,0.11908566818294984,0.031227698533787096,0.11378856459621522,0.1389028234006879,0.03366954390889872,0.278053513384546,0.056552404805539254,0.10878118806953996
0.10397825824747263,0.16368020584865614,0.3506934431762345,0.074137871986291,0.02181335237613662,0.02699170484836559,0.061185937377450976,0.08320428609806148,0.11431494004133107
0.136198820781858,0.09488698034170258,0.02130866682256025,0.2691394008829372,0.15408248015414316,0.037158660401753744,0.07805426345430318,0.09809215434365708,0.11107857281708484
0.100910332470828,0.13898565029055954,0.031051021085157032,0.23787457542856508,0.027175563048953702,0.04148582595110548,0.18799219186462843,0.13685660542782405,0.09766823443237875
0.11037685929158458,0.22796443502211913,0.04291108855575754,0.18604839923358854,0.05262050040034159,0.16350254207928447,0.04102221160628511,0.0723778813678833,0.10317608244315572
0.09747396576538621,0.02285335605934957,0.043547188268876186,0.14564995606988415,0.0881097037699195,0.11037312661963394,0.34851330054094,0.05422602746854358,0.08925337543746692
0.13144971645213543,0.07542171186670436,0.01849025839369975,0.2352163464556065,0.08522713369701096,0.013599736713811936,0.2669087910830606,0.05908648434595759,0.11459982099201298
0.11155415522665983,0.11439325065289047,0.01011673393507305,0.06781481419768397,0.356696985506729,0.03586014928187536,0.1367568006982213,0.06447306732275175,0.10233404317811512
0.09313887056400534,0.07315053819675023,0.021780838643529504,0.15057080012066593,0.05844608907096199,0.24992590347959368,0.17887196743564052,0.08397468245028555,0.09014031003856722
0.09417270328952042,0.2146454190384444,0.05752627152195497,0.13685525302101423,0.07435264117281108,0.02512851703881798,0.13671366466865456,0.14305496688845826,0.11755056336032416
0.11083974002287277,0.11350399999418427,0.05665070514342719,0.17337070352206,0.0631572688880977,0.08776656536678606,0.15426350833458105,0.12475975021515888,0.11568775851283215
0.06825813409714059,0.04220435923236788,0.10523786770454154,0.062086161614709735,0.055661600260732774,0.3649746814326665,0.04226574343057635,0.14782415859527714,0.11148729363198746
0.11111584067915954,0.06417282164990548,0.04830750891518739,0.12206741193112236,0.13841916269784715,0.07729600417547026,0.2456625269623852,0.07481037375026009,0.11814834923866253
0.072613030050081,0.07748594098724049,0.23180629133563543,0.04848488248837208,0.07711271167333446,0.2149201567294324,0.12775583886595288,0.0566088697259502,0.09321227814400097
0.06257907220626424,0.0877893120749343,0.22060617309929142,0.08356697595592627,0.007270879912704937,0.2241184498622658,0.001876763393937438,0.21392724939190666,0.09826512410276907
0.051543139178964685,0.0989327190680415,0.015171550020449268,0.2867986488877896,0.03629599790314806,0.25395935596173985,0.04679220793389292,0.12227891733676262,0.08822746370921153
0.08608572508541779,0.1711419474255533,0.07335749808705895,0.04626785668775738,0.02867696409077583,0.10578299555573834,0.2503490797341718,0.158578797798313,0.07975913553521373
0.1077355992383925,0.1451720237426319,0.11453614256179345,0.05602379958884213,0.13415055463404643,0.0796084867607568,0.07273715838337223,0.16264854410352336,0.12738769098664124
0.08287591007436042,0.05716787609334173,0.138083946347734,0.050214292240412205,0.17479908613667527,0.07805430326861008,0.2557532390152845,0.06982727121006889,0.09322407561351291
0.1243226063489722,0.036700468884052456,0.10789658840606352,0.22525605499378554,0.055365872470446775,0.006766811291030556,0.18058066053210173,0.17486133907790458,0.08824959799564262
0.1110485264621041,0.14047947194394497,0.056279497351910214,0.213021030436182,0.04634883433321443,0.05771985255341944,0.06912049451977494,0.1550517627072604,0.1509305296921896
0.0905639185188462,0.1077829620597524,0.01224746413838256,0.07615553168846814,0.342304978885365,0.14947129439207982,0.011615381319289112,0.1027742162520735,0.10708425274574318
0.13122176982610886,0.1027801557190849,0.08661449867433461,0.14266770765110018,0.03159844384573982,0.057632146021432434,0.04793330045146634,0.29108990253179173,0.10846207527894103
0.09462926410548739,0.1146175122255173,0.10610301691473399,0.07101848901164594,0.07168365022289515,0.17550600400806085,0.13155538850118786,0.12129963563788086,0.1135870393725907
