0.07691527940683139,0.093982828371198,0.08110255295065795,0.08449091333800585,0.08834224387211927,0.10086012791200859,0.09832837412116113,0.11065574952290469,0.26532193050511316
0.09074059747572161,0.10407658770329253,0.16409505567682484,0.0970558008163012,0.1076782163570439,0.10113100109504713,0.0940413874146157,0.10705234087108516,0.13412901259006807
0.12695603834093416,0.10393824457423621,0.12085661117522617,0.10729304261373646,0.1134553191030195,0.07565029339575177,0.09969550787571807,0.10259480371119349,0.14956013921018416
0.10467579089319723,0.09668193802189035,0.1707944679280559,0.0981649053030913,0.06592992423438682,0.11275040613925595,0.12228703450863491,0.09359464559703316,0.13512088737445432
0.10616338495075871,0.15203284827980226,0.10807666931525652,0.09848502444720002,0.12287321573050188,0.11757888452712166,0.10783955201986517,0.12893212425036396,0.05801829647912985
0.11225818984140269,0.09259927322572598,0.07188563336652087,0.12782185972024174,0.12643682910619694,0.08252316000018381,0.13713585964973476,0.10113504507384052,0.1482041500161527
0.113200652346365,0.09950923081388613,0.14321926369324725,0.10132854700455672,0.1077992969177361,0.11868510635430714,0.10000069209134506,0.10631313601770974,0.10994407476084682
0.11165614125040801,0.11733153660355378,0.14979540395818836,0.09630237280793807,0.10903863819634928,0.1091746288589584,0.10020785156899607,0.10281638806526881,0.10367703869033917
0.12007694723090324,0.12119751268278754,0.19944779977875327,0.08643542181165664,0.11355710944815327,0.08521168779609402,0.08333575196996786,0.09576202515447428,0.09497574412720994
0.12580534707790886,0.11674221823568338,0.07695880164877646,0.13312399555212096,0.08201584824289222,0.093758972940933,0.12179282635104634,0.10683564378137456,0.14296634616926418
0.1102006697349316,0.10131897490998226,0.07650947139312687,0.12304170047124574,0.13516997004498185,0.102290013690355,0.11433460304195738,0.13629244161013376,0.10084215510328559
0.08752503424791035,0.08704295824027036,0.1063741930534256,0.07364231801778719,0.08460044427268078,0.09582284975482858,0.10884442580919333,0.05471900580695029,0.30142877079695346
0.08739148888559693,0.09158464706926228,0.09795045367137373,0.08082041408196595,0.1035108197084879,0.07630101269850355,0.09262998804317245,0.11986513433802685,0.24994604150361047
0.0893726625070131,0.09890663330532085,0.22629936526883318,0.13460667361582426,0.07965691562295339,0.07480255311477076,0.08711565273503628,0.08953423944060013,0.11970530438964803
0.1145644147458869,0.11076197176837514,0.09412607742258257,0.14322220428029128,0.08244829890092097,0.10412804825801752,0.11439705062745163,0.15418291571003806,0.0821690182864359
0.10165815796323063,0.12944825777762678,0.07497629381555236,0.10589038819232055,0.1659931140912164,0.10592921351375302,0.10766032365416411,0.15373881830842773,0.0547054326837084
0.12724927915171153,0.1485817434484211,0.09082302126689434,0.12046299573038644,0.12815095094855897,0.10908507638145516,0.10735804244732809,0.10718035670894148,0.06110853391630302
0.115501857987862,0.12887907235419185,0.07928173274046652,0.11611040348968753,0.1076970789856737,0.14815881782652215,0.09917446962039404,0.11452368918901899,0.09067287780618322
0.09556831715694795,0.12031344711280693,0.07918911048847217,0.10083071111445226,0.07494535116130178,0.13163360341552538,0.09705219446633469,0.10473602134817256,0.19573124373598635
0.12450524346712795,0.097613850078954,0.09840147102590084,0.1025170207693898,0.11817489047524776,0.09844356226611363,0.13088021935232216,0.1206211824414359,0.10884256012350789
0.11890960944718716,0.11124515846939614,0.07799354072864928,0.1275909098791755,0.09079806317737271,0.0953555761140203,0.14108148180518984,0.1276042343455858,0.10942142603342324
0.10070233790560668,0.08379075249300462,0.1026509109887922,0.11865602722616668,0.1220862918502329,0.0692360556178437,0.09521605689535793,0.11664923724539988,0.19101232977759539
0.13007875031016655,0.11635222900969178,0.0413766262701156,0.11728325297593116,0.08873368598235716,0.1435366173560712,0.15599638465170695,0.1334884085523759,0.07315404489158367
0.12465615280392707,0.1069164058583802,0.10632682266524875,0.13298821299826138,0.10484558091911929,0.10941643036666382,0.11219798317696328,0.10838683058592101,0.09426558062551517
0.11457233246225461,0.07965409782131212,0.1539046272147221,0.1163526123342075,0.11425853856966373,0.1285538144662853,0.10854233010587382,0.11798364131992127,0.06617800570575968
0.1050370399229028,0.11136542789942987,0.11451626369784244,0.14490160956334822,0.12303449718731063,0.08908745515352368,0.08758219764685649,0.09292166437485955,0.13155384455392638
0.09982171749036904,0.11727230857187321,0.08938879719775349,0.14818382536846014,0.1056790902783068,0.08545411613127467,0.09482324255147227,0.14416048763811137,0.11521641477237902
0.1302119622670176,0.08893207829068377,0.09771967299009364,0.09594602073035101,0.10318068118453479,0.11282361310656024,0.13968440774814547,0.10702414943395994,0.12447741424865354
0.0709102845694195,0.09776960112982486,0.27168110832221376,0.11326477775639403,0.1236414345292079,0.06903597598711421,0.06943615903937575,0.11303947273397381,0.07122118593247612
0.11072060272771463,0.13472960115030905,0.04978012267680737,0.14549796273028553,0.08974879594840586,0.18635297886953875,0.13934515212334742,0.10010882317081538,0.04371596060277597
0.1175132939533536,0.13429498367575868,0.08955807783733495,0.12330631291869136,0.07825573651304717,0.11486954957959118,0.11833247732195473,0.12754461869609987,0.09632494950416859
0.09662152706040424,0.09669678881334348,0.19891658810784554,0.06392883273979848,0.1504963361679059,0.08184629543434342,0.09644146838062023,0.10146410600638071,0.11358805728935789
0.08394240225115934,0.1212830183910601,0.09966361074542845,0.2126009738626107,0.09885255207118092,0.12281540661609837,0.09911459608095619,0.100881029213584,0.060846410767921945
0.11065106782111182,0.1054331278991334,0.1840158123811196,0.11177196995009697,0.11396001374276,0.10380920354854456,0.095740893494606,0.11374111812560635,0.060876793037021294
0.08925023845258923,0.10737621515868519,0.11075704826873461,0.11031463854728751,0.1080559754892783,0.10031145483992983,0.0913663142803131,0.1110185895558664,0.17154952540731586
0.10513996592510666,0.11349093504419507,0.10714360874410533,0.1513393247813832,0.10489423222335863,0.12970684643704422,0.10432149964278559,0.11623982985052957,0.0677237573514918
0.14556612162261337,0.11904241549919324,0.12175459249875392,0.0927391749253872,0.0890214802688911,0.10747344043407377,0.11609939646730179,0.09951676466267112,0.1087866136211146
0.1532406870935691,0.1033840314251789,0.12977736284917818,0.08187949826725345,0.11796794783399371,0.1143474610243022,0.1099978411284072,0.12226941959923139,0.0671357507788859
0.0754850763347369,0.07977587757583042,0.07066476289696222,0.09503131780111922,0.07668003699913518,0.06965757908385985,0.09783390451411726,0.10402783025772276,0.33084361453651623
0.1392392417766961,0.09625144252961154,0.11228871194321034,0.09205474909378462,0.13896572870621063,0.0799241036009878,0.11645026868947954,0.10166796602776447,0.12315778763225493
0.11266901757962976,0.09291879692789436,0.21791241288205807,0.07964619760122804,0.12006370105516094,0.08048904590843943,0.11474696442373689,0.10789674103329623,0.07365712258855635
0.11335353449330939,0.10878996424339593,0.09348381641136806,0.09140586750388525,0.1056948981088473,0.08794281239210312,0.09962590990631497,0.13409499941731107,0.16560819752346495
0.12498207794081038,0.10174404148488557,0.1136566127221456,0.1477833819292029,0.11648851785716556,0.12218665201017985,0.1117410990112604,0.10485481667687968,0.05656280036747
0.11184289562799021,0.10853189785514976,0.12818584216827614,0.09800729418261252,0.11207338373481661,0.15975369484195157,0.11929557772944195,0.09926850295269517,0.06304091090706615
0.10229857329167791,0.12260501630471081,0.10406835728475229,0.12697566197296686,0.09799633325988427,0.16322424379394773,0.09628871752414592,0.07687271669086987,0.10967037987704427
0.08403245104708978,0.0987860803948576,0.08077728153879567,0.13070610392378318,0.07653625251506307,0.07866449928617529,0.0978485092698644,0.09172328341821868,0.26092553860615236
0.11578223049818519,0.13592233476601437,0.09668187169757925,0.10425822963913285,0.11306280391088691,0.10753311888019905,0.10835736747880358,0.12522319716586328,0.09317884596333555
0.15163388078902396,0.09542875732611739,0.09728360801597753,0.07976746064406211,0.0942172503526734,0.14069069560869493,0.13400392082069695,0.10246137824682044,0.10451304819593334
0.0955068395339758,0.11281120234953972,0.15230184361488153,0.13993826140840365,0.1335899722164714,0.08929799406935642,0.09572437873140327,0.1026282725098016,0.0782012355661666
0.09575024322928782,0.13257343491540516,0.15431812792267027,0.08656550403026113,0.16641924871081215,0.08380144617297668,0.09407042103237488,0.10470755197341124,0.08179402201280064
0.11646603856444064,0.12409808456124898,0.10113579553522907,0.11085637666307595,0.11850939356242181,0.12341153302698223,0.12515599800048482,0.12205615510283707,0.058310624983279435
0.08044721283864283,0.07842090426219955,0.1543260434830186,0.06265085042695144,0.09316445249724063,0.11171127821560844,0.08009694848236565,0.09119727216154201,0.24798503763243088
0.09902017549524378,0.10340240095846838,0.148636445943409,0.09175204225813172,0.12807761016874125,0.08311884420571429,0.09256323502596077,0.10646800938027141,0.14696123656405932
0.08497251412032032,0.11673283394488489,0.17648594427046518,0.11328029955256792,0.12273203683357374,0.090618770672013,0.10174517276655015,0.1131248453837125,0.0803075824559122
0.0934962815401957,0.10664694226222805,0.1456881864102481,0.07928340017486295,0.07853631400022208,0.10191847970681116,0.1035499507009733,0.13131173217594885,0.1595687130285098
0.10774763645022405,0.1275221973086515,0.08764784914107389,0.1207175283240546,0.1057776789354089,0.09745675534716214,0.1032607274957716,0.1697000843706448,0.08016954262700858
0.12921004024564975,0.0864802829112405,0.18515428509644996,0.07624059868639248,0.07660042092876186,0.06470561777022006,0.09192407287057976,0.08289949608995466,0.20678518540075094
0.12711863994719713,0.09449246344742113,0.09163235298248247,0.11179926069691475,0.1884991899125966,0.07799099540254316,0.13915009324386785,0.12086092256299198,0.048456081803985085
0.11823085744950358,0.12222068448826723,0.09157077539108897,0.1306114876099178,0.09537629321107248,0.10595950622990254,0.09378163716004854,0.13213509102462254,0.11011366743557627
0.0891405603797496,0.11312198782661838,0.07639574279845969,0.1297271954580341,0.11464391612141456,0.17521769185490377,0.09813970847276576,0.11836791008592584,0.0852452870021283
0.1207369004252939,0.07021862009545338,0.1733380953459609,0.08847645648995729,0.10622229165768637,0.13623537332275149,0.10311971182911518,0.10712462186762317,0.09452792896615832
0.09754671925043785,0.1119773803922335,0.10274169936095717,0.06326380835194757,0.141274408650079,0.17195007713782548,0.09026111615214356,0.08220746642359027,0.1387773242807856
0.1100682970172981,0.09825415778634512,0.14576704581807098,0.10448250259625735,0.10843245184385664,0.10926825089187119,0.10868274761086155,0.08975267309563999,0.12529187333979902
0.13282647748328638,0.11056147898916563,0.14161726181629927,0.10509430605438697,0.09272588452101377,0.0756492557241689,0.10239478090579511,0.1492887995807626,0.0898417549251214
0.09556612601489756,0.12935206771265423,0.11492527492431476,0.130506118632422,0.11870471497292268,0.1169829887216942,0.13150709894091675,0.11366790864679192,0.04878770143338584
0.07880267292908098,0.10931991977675319,0.12796969764664698,0.10627512677498052,0.09336679488239662,0.1094316378392805,0.09496226845559708,0.09648882960503184,0.18338305209023228
0.09831074182870315,0.14548487808937102,0.05320766215420014,0.14481721282170787,0.07676209137097233,0.07909520520263731,0.09476293864109657,0.1023264752796015,0.2052327946117101
0.07864237122077133,0.0936850270866817,0.07375765841661681,0.09985895446403457,0.06560177880536218,0.08606985114718417,0.1151298490266417,0.08521267745805765,0.3020418323746499
0.09261137019223416,0.09785404277994264,0.1354578773120663,0.08978020875551307,0.09819336649279764,0.09463213587359272,0.10387215682170618,0.14525528646768984,0.14234355530445753
0.13983220161221915,0.10801597024783449,0.07003999797769729,0.11411142531012482,0.13581857818319548,0.10107877411062054,0.11710887470177868,0.13826795752929746,0.07572622032723206
0.10155997220512016,0.08790910153814552,0.18225167362760378,0.15107817562312664,0.14080569380723912,0.07597467392118078,0.10056686750063953,0.10445232412275118,0.05540151765419321
0.1138833993931518,0.1001852998906989,0.10083028426360262,0.10036396330998154,0.0708920394271587,0.12006139358649463,0.10810141925663092,0.11173292721007849,0.17394927366220245
0.10858088984326071,0.10498698192677103,0.13364363778787308,0.10948085825916787,0.143659651299559,0.0878023942871542,0.12002342383087276,0.115603344298104,0.07621881846723741
0.08036603130004322,0.08961017920629592,0.17712564448168933,0.07709081159585851,0.08897562163923485,0.14142019244776902,0.08797646919449269,0.08656715163281696,0.1708678985017995
0.11820392262295483,0.10776563515812977,0.08744377313569518,0.11569920435286489,0.11218228432409653,0.09775697343225198,0.11826431414808003,0.13093516081508502,0.11174873201084173
0.12306040595159452,0.09880934951599192,0.07162527665282235,0.10777755437417667,0.09540874920990228,0.11023103657841078,0.11276293661630883,0.08664527894301084,0.19367941215778176
0.10957317514491723,0.118188016895114,0.10752708831691847,0.11221042454081977,0.10008313796307176,0.087887358456045,0.11537980757128125,0.11698994859582822,0.13216104251600427
0.10470690377623626,0.12485010944914605,0.11343907516568981,0.13644793806961317,0.09789037610029594,0.11716656358793402,0.0996080816806147,0.09827763983690048,0.10761331233356952
0.11778528923537172,0.1115950600872751,0.06898833055790521,0.15048215953231678,0.08268761983122382,0.18746136209534423,0.1099083586470166,0.10469932151033627,0.06639249850321016
0.09678269983566871,0.12089132507069462,0.12997879029576362,0.13983472287925536,0.1064947870228402,0.09157813818979015,0.09155584493019941,0.12830615248545887,0.09457753929032904
0.09835273796979664,0.09996761790964541,0.11777480028606085,0.14005478001717322,0.11045439821661836,0.14258376949168708,0.10448223542165225,0.10076342023678124,0.08556624045058499
0.10797955757116241,0.10367067783697692,0.1597131857068573,0.12358047454490767,0.12215793781421137,0.07821684434612301,0.0984481984331816,0.11199981694973733,0.0942333067968422
0.06985152783282227,0.08724724960231023,0.07206550665323266,0.12022586738664474,0.10024352709329015,0.07324868734509944,0.10822613801005075,0.07044578812651846,0.2984457079500313
0.1428961973172792,0.11232318086700514,0.10068509056871684,0.13820057386076426,0.07957642468211047,0.1133712292260886,0.10789748273466959,0.12305075751535566,0.08199906322801025
0.08406492405789544,0.09145010330473434,0.15478788922421524,0.11792020482636274,0.11122568802734413,0.090860703543116,0.11603153864083882,0.10561874981117077,0.12804019856432253
0.08840439797208544,0.11598525276626304,0.112012234507411,0.08744703826592147,0.11482507066057523,0.143783067819676,0.09095702381019315,0.13300392455108068,0.11358198964679411
0.11900512737969587,0.1362096609119399,0.12923805600464147,0.1416227387123998,0.09651841690000423,0.08723398788545744,0.11690432829304358,0.08932442512601459,0.08394325878680313
0.08159056260632719,0.08767054614451915,0.20438516146195954,0.142923648580223,0.10331766186181361,0.07650249901106006,0.08548778307530071,0.11243417953237765,0.10568795772641905
0.08503449609788567,0.1060663914767731,0.16034551427265942,0.11964028172895258,0.0998549066983573,0.08612204103553306,0.0933184209082339,0.06701708524939415,0.18260086253221086
0.096402336737743,0.08784977509480851,0.08785250742766532,0.08798736605105256,0.10324816584631068,0.07748769731898744,0.1109038780513885,0.08543189441823001,0.262836379053814
0.13005511695388838,0.12495575788668928,0.13586878034272448,0.13289948673723276,0.10654477386276677,0.10359501300135467,0.08921594972625278,0.10860459567519852,0.06826052581389226
0.07720825979422534,0.07162346304900209,0.1413901699667041,0.07641748657945584,0.07102282131752297,0.0782029141525558,0.08219878226296037,0.08559674367911753,0.3163393591984559
