0.023195781748147643,0.08326872113826585,0.14622808374486476,0.1601320669804134,0.1451637944238816,0.1410192963057677,0.08257133585285487,0.13294002476370703,0.0854808950420971
0.052373342033892746,0.06858276934815088,0.13539276099363384,0.1443101192114967,0.12129868743369678,0.18687444129525144,0.09543121637079895,0.13185464997269045,0.0638820133403883
0.04395676828278596,0.21286589179229723,0.11739239248720051,0.1237120280721579,0.128794463467613,0.08061114646395401,0.1313148372451404,0.10757646114410835,0.053776011044742576
0.0353142833418325,0.10538025571761078,0.12967606340174387,0.1155604674661606,0.13933550908717643,0.131972664122601,0.09074407250019369,0.1238797414970874,0.12813694286559374
0.07103113689377934,0.09135146330683307,0.13793449458573295,0.12877652042041451,0.14439397220118003,0.07712513039038772,0.1370068612406792,0.11649245650580664,0.09588796445518648
0.022911732487198886,0.1868419811759824,0.1302678279123304,0.11441196714565209,0.129742583356831,0.09977918233199527,0.10028117347228839,0.12375746065655775,0.09200609146116374
0.018214584854745215,0.06525955275842095,0.16484604772254122,0.13025183651821717,0.1283306528145233,0.1689338953398075,0.11849795627244014,0.12010557716515695,0.08555989655414747
0.08924879000395669,0.045709512768799566,0.14584653939518688,0.1319089498789174,0.12346313016508738,0.09439586828944901,0.12586597970057445,0.15105053356563025,0.09251069623239833
0.15080197022523573,0.12722892708003772,0.12985247083087104,0.10882893021615929,0.09083992562246572,0.09234541084084093,0.13645895601705396,0.10100762528204765,0.06263578388528805
0.0667933503124835,0.03477517821734063,0.14609651201616733,0.11630915400259074,0.12433949712128288,0.17962041270914172,0.11772343463892598,0.13612453714015912,0.07821792384190802
0.18116702572735469,0.0640452181185547,0.14929454424067062,0.1252919132845021,0.09733188311801434,0.07934582898073178,0.1318262565454132,0.09948019996021114,0.07221713002454752
0.028971597474752777,0.16235252000026565,0.1296974176813374,0.0984981032804572,0.10285858828814533,0.180615770951244,0.12571304410090453,0.08611315443143867,0.0851798037914545
0.07576159558389274,0.10282991450209816,0.16932599870338913,0.1691782601566454,0.12786518946240025,0.08390352521943316,0.08867699478095636,0.13098107504131556,0.05147744654986927
0.16679215346954268,0.08385675535829752,0.12571036356091117,0.12718726405225664,0.12408320434886878,0.07167131441659741,0.10560367920559188,0.1218919055907326,0.07320335999720125
0.049594655996770313,0.08995783863377166,0.124633360587801,0.1350986973071131,0.13293266459972006,0.1514801153224181,0.09637890006402132,0.11916493676703747,0.10075883072134695
0.06860744390533148,0.05722492297499158,0.14504757527596854,0.1273041450516876,0.1365573627179475,0.1401564427204159,0.128468678234684,0.11055474673584557,0.08607868238312778
0.027045739805016105,0.1356478887100578,0.13938744743943177,0.12212016166811131,0.11573043939469252,0.14719795562392798,0.11607387972070303,0.11818601332279699,0.0786104743152625
0.08793518243883253,0.0998397527218459,0.13012706963874585,0.10355225493874941,0.12054797396832441,0.14665058691260266,0.1266300506816768,0.11303770940662028,0.07167941929260219
0.0515413695719641,0.11611165656237075,0.1060844331278324,0.11585857098401997,0.11856417566832589,0.17964424777917523,0.14332817282098456,0.10207161286454415,0.06679576062078289
0.03823724600690384,0.04963513386081275,0.10607167992089606,0.11742743314757942,0.09825348149787742,0.2130521002595646,0.084562188254889,0.09611559360858224,0.19664514344289466
0.19972649885172733,0.022607729358938403,0.13122483793567966,0.10656758758236062,0.11622870440983833,0.08533404866595053,0.061393171726224216,0.09471846812422313,0.18219895334505778
0.06290348484491837,0.08908863239909308,0.159991651598971,0.1480553276325082,0.1348148000721754,0.11163618193500817,0.09739971855874298,0.12299036388397482,0.07311983907460794
0.0869209866954544,0.08385831304627261,0.144850089719779,0.13845178161599267,0.109313666767285,0.16417229377107986,0.09530956698564164,0.11005403811047036,0.0670692632880244
0.11596216143418196,0.2012133883147519,0.10855048904337315,0.1120105170635598,0.09029074964801583,0.08847118907396397,0.11176348262176321,0.10863580404168653,0.06310221875870364
0.03135356869305662,0.18039974436288334,0.14207807941424996,0.11634545414272912,0.1212063252366055,0.08397492984256527,0.08709020228669219,0.1421419942086196,0.09540970181259838
0.01651460907788471,0.12197889847386044,0.1379402873431533,0.12097301796571554,0.10650530126992275,0.12392540137662533,0.12451671872904611,0.12995036924303607,0.1176953965207558
0.132327561009654,0.09366006457302618,0.1368540572811237,0.11190702897224991,0.12177576334302061,0.08109263353903762,0.14255179977407786,0.11205633806824149,0.06777475343956857
0.05512680451986008,0.1029289538525136,0.1360758099337925,0.14715746713459257,0.13569203523549467,0.11136195561085456,0.1276071514077409,0.11782112458462807,0.06622869772052302
0.04381494405479006,0.1454371973040033,0.12659042781568788,0.11824917409421513,0.1255926275899932,0.11924366041718328,0.11419460776800594,0.14225934456615863,0.06461801638996255
0.06296104876357335,0.04114176291852625,0.15971306615493105,0.13355867288178794,0.13689034515472792,0.09796416340848131,0.11826128488027092,0.12389555503157934,0.12561410080612187
0.039033071402037496,0.06717344467682612,0.1225052210412551,0.12326578294689948,0.1307101459976772,0.1532772023167336,0.11129936528752134,0.13051794381486662,0.122217822516183
0.08034594414864972,0.15074422048966032,0.12241447083223377,0.1256988923785007,0.11850026184186961,0.11059856291557373,0.11165184551608569,0.09210622142338781,0.08793958045403867
0.041756767108402836,0.11921974393087263,0.10619047021072976,0.11193605263938682,0.09535383243516017,0.22664145921714773,0.08546727249508589,0.1295678680877463,0.08386653387546793
0.08858820644348768,0.08777483670501825,0.12842351647171882,0.1579524224727878,0.12220193199198955,0.08047095188230323,0.1179743296451809,0.1238003829048487,0.09281342148266515
0.15361349145701075,0.08624657852149513,0.14035947689247483,0.12133431815601135,0.11936727864266376,0.0912528004231435,0.09894749161700545,0.09664517367042147,0.09223339061977374
0.02007766562346878,0.1759415771742713,0.13858117981503928,0.1135079445059886,0.15249029459721294,0.10939529946468902,0.09186248173001448,0.09860237360973001,0.09954118347958564
0.14300385688192455,0.056711213005731224,0.12959817845305321,0.13243665652656367,0.13398293330566916,0.07940144315073278,0.11888615383753466,0.10526465004430781,0.10071491479448293
0.14337666401215643,0.08307595282442408,0.12566801197273075,0.11708304782189038,0.12685921572080852,0.1438740524424275,0.12992204040317804,0.07857700148308534,0.051564013319298996
0.07319737421987925,0.11785233177836713,0.126294278227437,0.13503173928897289,0.11543275504826873,0.14873494337492096,0.104000035808594,0.11616213985420727,0.0632944023993528
0.03304210650068916,0.14645123872731036,0.13198082625021867,0.0998127506473701,0.10912470716983617,0.15597383953040458,0.10420994425196643,0.10776051051493744,0.1116440764072671
0.04340936070923083,0.12805628973484684,0.13035042359012675,0.12872270651420475,0.1136868707103742,0.1384988924417162,0.10664795583953246,0.1163688994423228,0.09425860101764509
0.10914682514090975,0.06760960690594257,0.14269958359487334,0.11511682707680233,0.11982991969814105,0.11191079809316634,0.1378777213740651,0.12166849794226071,0.07414022017383878
0.03438894529655235,0.10639575277195411,0.12186231652430231,0.1433009334060597,0.1208834763144971,0.0857618291234226,0.11516369950255173,0.11435134457366992,0.15789170248699022
0.34569611840181813,0.12814694686652664,0.09294427062291566,0.08416352360701194,0.08328670475216723,0.039556891739622894,0.10763679939999908,0.07187527479904753,0.04669346981089082
0.08438233808642948,0.1090781279178653,0.12365460390159577,0.11416598483484652,0.08971791741171792,0.1956815237991321,0.13283184968771602,0.09045820440101009,0.06002944995968676
0.026115653252301183,0.05075134415331981,0.16843291144008887,0.13670095674882224,0.13298785373672875,0.18593111695835773,0.12700178332712275,0.09590884098393686,0.07616953939932188
0.06269678087638579,0.0414901427576273,0.14562937494411762,0.12672718954305237,0.11220135846294149,0.21610502740169554,0.09813885022036965,0.10960510110547311,0.08740617468833718
0.051064577766552065,0.14345905366587722,0.11449829771148594,0.09142457889106802,0.09963885051728867,0.09982296844519396,0.11232814008893192,0.12624654736531457,0.1615169855482876
0.10589553921300132,0.060324281657553346,0.13753062612359102,0.13309974527047683,0.11497546039800653,0.08851061167105125,0.09079067007203073,0.10796106924153563,0.16091199635275324
0.03832561204794258,0.17817168814556705,0.1149746597719906,0.11675422692845999,0.11431433490113323,0.09813430052355994,0.08224045941625968,0.12551035524944865,0.13157436301563827
0.03001367671849288,0.09467090047972916,0.1898367828662574,0.14434478752555704,0.14664061190556024,0.07878722130117387,0.11308611699580921,0.11951266444963941,0.08310723775778082
0.09771385735062266,0.10584247676532177,0.12590334060733044,0.11707110169559386,0.12130885351587706,0.08579747633486788,0.11582729078193958,0.11580569861431005,0.1147299043341367
0.05948514196950718,0.14446342241145138,0.13892501285594308,0.14925686388982987,0.12729191810469745,0.0978941493417839,0.10332166738021176,0.1045028199770655,0.07485900406950992
0.12658793102113527,0.11739204863319501,0.10907615496252304,0.12535236113336565,0.10512728400591913,0.11685042256182349,0.09215104663356184,0.12717190279046467,0.08029084825801196
0.03987873357637677,0.050807536420450584,0.13509025837690325,0.10607714402465677,0.1195247392974475,0.13311861466860744,0.12991917289932411,0.11977608977723757,0.16580771095899594
0.12843483723822466,0.18965331584299197,0.12392557591113695,0.10721633128549375,0.10031650234071393,0.09362454223111188,0.10690334183577106,0.09836435081770566,0.05156120249685011
0.08967902576980229,0.09909964997272275,0.13073431287722748,0.13723679473796066,0.11860340863603634,0.07556420229802051,0.1265109850439647,0.12477532810273408,0.09779629256153105
0.24696407841399148,0.10745798048992705,0.1130411689240891,0.10061826115654067,0.09543615878599931,0.09767295623096357,0.08285654346173872,0.09196654818583382,0.06398630435091625
0.0631038377195041,0.06591615740843171,0.11549444223425143,0.11540452840845723,0.13038621121803629,0.2460660086578291,0.09543169904954417,0.10289900523800756,0.06529811006593843
0.07246810541073793,0.12132732593896807,0.11182197455746153,0.12320048347965601,0.1203408954975516,0.07623963254765125,0.16571861330748638,0.11664790596196571,0.09223506329852148
0.009049786802274572,0.28916212659827056,0.09755526367099364,0.10060355377452383,0.0991687769907545,0.08739251763892507,0.07664148991276844,0.10129179510342705,0.1391346895080625
0.1559837007219975,0.17909992148464124,0.1112475783453533,0.10709194003331031,0.08294588363585072,0.07221588943032878,0.09163318675048404,0.12078576614444912,0.07899613345358512
0.034843885868157835,0.17949924233398362,0.135934601393876,0.11547083091437425,0.11177297410158975,0.10509558528743568,0.12365739909287993,0.11453641188887957,0.07918906911882344
0.038319089822936726,0.12803508460938143,0.1263727315907759,0.10852701491412527,0.10684698125890167,0.19482947493068994,0.10689783134049297,0.12713703005674937,0.06303476147594682
0.11164506120182549,0.2172435708856595,0.09691043150965013,0.0907840372296896,0.09068099903517408,0.07588498497198409,0.0933594469591484,0.13895351311916615,0.08453795508770263
0.01626434440779627,0.06109759243907679,0.12513395750870623,0.12150883646195454,0.11296912486824477,0.11861884362491348,0.11124145217874475,0.1100520375762491,0.22311381093431412
0.05000652701256051,0.1481840988882087,0.13192388393369056,0.12534380750389917,0.1309397710450191,0.08541631623364042,0.13489618582503582,0.10092223757606694,0.09236717198187877
0.0703688541306784,0.13035073960015137,0.13794025025769618,0.12299585633540422,0.11975429027271067,0.129610067649316,0.10563099528307583,0.12147455855019322,0.06187438792077408
0.03441208571259052,0.1505989587147127,0.15652723012059247,0.13531315633043037,0.1308193578924853,0.07570343784014007,0.09932195343582262,0.1205969822200645,0.0967068377331614
0.062161807247758334,0.064627557327906,0.15960644951775974,0.14510521714379562,0.13355360888187198,0.08294090633546268,0.13267801816719985,0.11645999485935872,0.10286644051888694
0.024762551651993866,0.14049197197279653,0.12693239052512606,0.11157574985258599,0.10238138267103863,0.13738893811988276,0.15769647540671636,0.1019677283193988,0.09680281148046095
0.05664234700417287,0.14510275908409773,0.12584343071960832,0.12299767847052155,0.1317416794534541,0.09998420451979868,0.09898432930554434,0.1262776367041927,0.09242593473860973
0.09590188449939561,0.13899953109576868,0.14291574251915262,0.13388031360724564,0.13519589210427982,0.053221670037522296,0.08948925555864494,0.12900782953334666,0.08138788104464377
0.074813522147082,0.04141301253549776,0.13226221701886862,0.10945005640882947,0.10906340186672298,0.20970272684916788,0.12201720441459829,0.1165819566705724,0.08469590208866072
0.1752172214889415,0.1757735710318352,0.11192008456099788,0.12157788073531374,0.08524646832938028,0.06270457296396588,0.12049363691336307,0.08905239948244957,0.0580141644937529
0.07205578604466437,0.12180100025509717,0.1219563445996597,0.1215913817393431,0.12339602814680145,0.13018769723764292,0.1206115561120815,0.12071314125549332,0.06768706460921643
0.07265328861345899,0.1301490601024156,0.12359099924004398,0.12050551302412786,0.10131752959359709,0.11534139393475197,0.1413124885413347,0.12700539762790194,0.06812432932236784
0.0859203517845802,0.12912896126848095,0.13337822816595143,0.10930075551946454,0.12067564820076294,0.11188649763324109,0.09742864483089635,0.1384182751796937,0.07386263741692885
0.042068997418479116,0.055494910690265374,0.17022578255729834,0.12000215162875146,0.15278338120342957,0.1282845667483355,0.12019464201934273,0.10609397361604174,0.10485159411805624
0.03796476452674372,0.0558138453542465,0.17721757139140737,0.13424507651941534,0.12680337678691025,0.1561738090418551,0.12123222735627165,0.11508865114446308,0.07546067787868695
0.09466207196686631,0.08644408045338002,0.12291651924632345,0.13784147522251944,0.14615336775244367,0.13960223738985353,0.0830240021883649,0.10901779981449931,0.08033844596574936
0.13413344676951916,0.11762531640515207,0.09070747182424432,0.09426399421701877,0.08014141811453586,0.0663936084249158,0.0751870281024728,0.09166631380553869,0.24988140233660242
0.12974833109637096,0.08082911475988326,0.14285783376807235,0.12626611986728545,0.10857482921296409,0.10459670777489864,0.09341559042353742,0.12275010295531597,0.09096137014167177
0.046815894745560166,0.06356866029965001,0.15475355775716673,0.12864822295584577,0.13371109427968358,0.10756339353064277,0.157782545122792,0.1102616711340011,0.09689496017465783
0.08095468645985252,0.10353376664566567,0.10948559704689176,0.12201469383593093,0.10947699983822669,0.19885425687308408,0.09403738444305894,0.09848425547193906,0.08315835938535035
0.03356275288131105,0.2076900789694682,0.11715634916329205,0.1275803596712371,0.11136404184442773,0.08673336900763755,0.1234740105472339,0.13406238472267765,0.05837665319271476
0.11026316121766107,0.10567867245636252,0.11253668475637035,0.11134526155999092,0.12347540527533353,0.14977740677383222,0.09683826135925815,0.12300648196016002,0.06707866464103114
0.0280687788461753,0.08005867605913554,0.13759097978161158,0.14490276964055585,0.11266529288983555,0.15491840737216866,0.1129747382664108,0.10422901014517079,0.1245913469989358
0.08171292322318201,0.10120568449854372,0.15672221699719988,0.14251346867757467,0.13877005529710273,0.10261233067014812,0.0916750886924901,0.137505769125995,0.04728246281776378
0.03902370680750632,0.10005483511676305,0.13366209170712431,0.1317190628925311,0.12391998875743493,0.1625582010985119,0.10816159309402,0.12157322514205808,0.07932729538405031
0.04877619724444749,0.10464966240257338,0.15919692905984592,0.12924888004044371,0.13160588759823086,0.11285463845548747,0.11358605317662696,0.11133995068996853,0.0887418013323757
0.06828957883989543,0.0736834374826583,0.1580725484496158,0.11293045639147793,0.12858731300980672,0.13899315581406677,0.14594846078896065,0.10341131919325752,0.07008373003026087
0.028263624782441047,0.16421142916025375,0.12041195293054702,0.12809788559413413,0.11817510740273562,0.15126778225108814,0.10026966305173361,0.10642717620892996,0.08287537861813686
0.0677096750107565,0.1541937408810434,0.09307585426535363,0.107521732239637,0.09302237440905838,0.11190432931640089,0.09767762239793433,0.11314366117435083,0.16175101030546502
0.042650883610613276,0.06865814533443146,0.14341248382184682,0.15125183387625987,0.14736847727125968,0.15423673135715563,0.12582583723936494,0.10357484126908224,0.06302076621998605
0.043100933414306736,0.11946574612732545,0.1320417678030468,0.11274222204489538,0.10719537772961847,0.14702786436374737,0.10526470572677143,0.1408603724506113,0.0923010103396771
0.07401431146540771,0.08969724923257712,0.15317940932479804,0.14415632039999182,0.1480926558685945,0.09363226953470351,0.10324320272091621,0.12748967218081586,0.06649490927219526
0.09393289167368923,0.1309524686444508,0.11642929472164996,0.11205404579198656,0.12149389462243769,0.08230578933128507,0.1604992701779335,0.09664696450688137,0.08568538052968577
0.0520843116204204,0.1256141024733332,0.1489484025660985,0.13487271530772185,0.12131331569845893,0.11129069670666407,0.1377993295492013,0.08930671660396645,0.07877040947413526
0.07137728231308722,0.09299450837588973,0.11854518569862071,0.14920438181575343,0.1366287590870692,0.11024749621585882,0.1269601724024786,0.1197942658626011,0.07424794822864121
0.06394036353733078,0.10276780996837764,0.14387909626278172,0.13455284714381546,0.13919128570341066,0.0927085931768228,0.12604620171336473,0.10572908611047276,0.09118471638362345
0.085690298337473,0.0450357445250179,0.15303205126549405,0.13318843809810502,0.13801766510343774,0.11732477310254182,0.11139322404734231,0.11877028598076289,0.09754751953982528
0.15144716592822058,0.08836953077053285,0.11051004134352932,0.12756213833534782,0.11413011555958875,0.11865840940216808,0.10916256993144964,0.10880878864646887,0.07135124008269415
0.16887059332308876,0.11612899831193062,0.1051922440699985,0.08728446279678441,0.10965678537729583,0.03335341954153553,0.08779916208057799,0.09922722075760364,0.19248711374118468
0.04414090653683827,0.09765078033867662,0.15636027042841605,0.13992231174010142,0.14056194576071554,0.10772556861357506,0.11555666889359506,0.12629661716619475,0.07178493052188714
0.10419757687186741,0.05431773695212192,0.1187484644191401,0.11919927796489928,0.10307794527421558,0.1794711358409662,0.10520738685551327,0.11571138746194393,0.10006908835933226
0.05846275915605494,0.10857601653377459,0.09990404341289817,0.10722037713400508,0.12669167621878666,0.12355745690450733,0.14814118494910697,0.09997022887576328,0.12747625681510305
0.05595417703175345,0.082701055100394,0.13962093012153606,0.1578374364273993,0.12754903886159477,0.13004764788563036,0.10393509766194459,0.10874986882620663,0.09360474808354086
0.15439060437218263,0.1769338089024127,0.133544854437171,0.09826736093173678,0.09692744625189727,0.05673195419042477,0.09986526006804697,0.13185727622272939,0.05148143462339857
0.02510532916423087,0.06724684788641726,0.1044189756513494,0.11316095100023345,0.12212482948599124,0.17948032421376534,0.10076778437750067,0.08403870975484924,0.20365624846566246
0.12683191015577663,0.08716954705006903,0.14269649939305395,0.13650083049611872,0.11583736323302378,0.08808243692348554,0.09436511298489829,0.1381237308801092,0.07039256888346478
0.15997379142292345,0.023665350091161386,0.13991980825227557,0.13006732620027328,0.12400685855927475,0.08377695448236876,0.10063702852658367,0.13349535903355383,0.1044575234315853
0.058979578364324,0.07489828098531547,0.14227781423362176,0.1286563873110075,0.13463679721202945,0.19535239915392552,0.09211325107604902,0.1214957489899211,0.051589742673806165
0.03818995378484982,0.24493503071122247,0.12034653338695318,0.11404471931626993,0.12044185663564837,0.10308711719511648,0.09311954569920539,0.10480037363050504,0.06103486964022928
0.04732566585088305,0.17233175155686095,0.12595771324923177,0.10628263091867955,0.11610383878242884,0.16515833502495547,0.11097563530344767,0.0988436627465444,0.057020766566968355
0.02836801616473354,0.08537607230412103,0.1268881075960401,0.12533461713897656,0.12052668971564022,0.08450878846199568,0.1079557980885712,0.12461058089461581,0.19643132963530588
0.030320438130910773,0.06716923570292942,0.17011286565665873,0.13308349235783845,0.12787808949882581,0.11073320984365281,0.11770956168505964,0.14274253172877652,0.10025057539534792
0.07322519170390354,0.04323925536767309,0.1436397310914875,0.1304108102751602,0.1266664172378713,0.14282599994413514,0.14670379087760343,0.12069214889180176,0.07259665461036409
0.050494178837674354,0.08573407459853832,0.15517631229714746,0.12512038451300989,0.14254394050893737,0.1473692177084003,0.1082387741678646,0.1250226692503655,0.06030044811806229
0.06036146832115138,0.06405381644474904,0.15026672371356461,0.1422308736868687,0.13479366850258226,0.13206048812868496,0.12286346917867146,0.11563751751871147,0.07773197450501612
0.0679478540119486,0.0477584336926447,0.11080924887542266,0.11743149320801609,0.11139273407881496,0.06545974100127519,0.08930308032510358,0.15346021025976242,0.23643720454701178
0.05911627970989083,0.09824543708380547,0.1699792842191988,0.12062479814148086,0.13424223717348308,0.09932240115008935,0.11894970638644031,0.1179703954590411,0.08154946067657014
0.07182191866475872,0.08980391882007893,0.1917253205951451,0.14851398705639576,0.11669149385094905,0.06961132584402345,0.11835107029678926,0.13104220265700492,0.06243876221485483
0.11360098537550756,0.0736504663016155,0.13820493421961996,0.12518952529301175,0.13035249490971593,0.13251591041284014,0.11168382833286296,0.10812656157625479,0.06667529357857145
0.06324160366637603,0.09653914217828526,0.1597570860281988,0.11734856128599037,0.13463246874974436,0.11597542725284822,0.0968414403957638,0.13215650365861933,0.08350776678417382
0.051808161390274415,0.0779124795204234,0.13494225823486292,0.1276295086428848,0.11646489233203362,0.11464107945480258,0.12147143016839322,0.15271906982667338,0.10241112042965163
0.0341337073572564,0.14815362751212835,0.15842555128646207,0.12901567446086654,0.12445933267576452,0.1295007783762465,0.10287049098446126,0.11988462231046076,0.05355621503635354
0.1271938478571817,0.12565017740319917,0.1200177422575026,0.13460750040410727,0.13897694093002685,0.059112833548745476,0.14184274115373668,0.10639432928890648,0.04620388715659377
0.03691846954874528,0.1451815116851576,0.15476736576233807,0.13191856750306646,0.1279370292956488,0.1478578052771634,0.0781794820421652,0.13105015389304914,0.046189614992665995
0.07010496954425063,0.08474547661573305,0.17070322191179435,0.14460441715393066,0.1321639580745684,0.09792919708877575,0.0939784974748371,0.116307685069109,0.0894625770670011
0.07372883511385042,0.0723942934292383,0.12904037946276675,0.1260110611677455,0.13077588036465862,0.10638171424500216,0.13897205227366782,0.13711561489306015,0.0855801690500102
0.06774344736387194,0.18088729476844778,0.12997365829142407,0.14400091063857876,0.12520335004361086,0.0784163492624461,0.10018119355776806,0.10335817049102547,0.07023562558282705
0.024903942510469308,0.0771770332409716,0.14240065737312693,0.13314278143134275,0.11012120741678133,0.06772948957398484,0.12170452165625745,0.12880243242915185,0.19401793436791392
0.060309490030895314,0.10784736738130356,0.12710473557459326,0.12649118642600596,0.10996727128803487,0.23104991237988645,0.07315597871799517,0.10022993943344932,0.06384411876783604
0.13288205281449003,0.07972934397924451,0.1492972589870211,0.14624581001411638,0.13439191316716104,0.08483868745806204,0.08498245380494546,0.12385491407921569,0.06377756569574376
0.07335034046403889,0.08838424854618392,0.14378297406366627,0.13103877491739366,0.12578726096224854,0.13066544190167506,0.12433551531148575,0.11115390593618402,0.07150153789712381
0.044894217660984226,0.14947526614298004,0.1381278801922631,0.11532142589658799,0.12827035128617467,0.13321732089651037,0.11154786895336484,0.1001652290279607,0.0789804399431741
0.05696246931859666,0.0680086238688458,0.12679116642639768,0.1046687923129681,0.10257400100723087,0.15244773591687538,0.11108530969242003,0.13248209688690324,0.1449798045697623
0.07309775981612633,0.088390279933293,0.11815479059648443,0.11099358281957106,0.11450826722163031,0.2030073528278422,0.08500964789479226,0.1267408583289826,0.0800974605612778
0.1374723653269422,0.06891228770945591,0.13281110686265107,0.10999031344742975,0.10729401285627797,0.13050951525131596,0.12501794862687438,0.11206538868345713,0.07592706123559563
0.06565145484647786,0.0523091967815054,0.13056822841679833,0.13013930983374375,0.12365075760467,0.12148056407886045,0.11126227508938043,0.12285157342722426,0.14208663992133952
0.03915151053691182,0.07660651533335547,0.1384447733381461,0.12813213216307276,0.1087305063205815,0.13500622937951132,0.12044849183244011,0.13230781572208813,0.12117202537389289
0.04651116039689246,0.17422148532623513,0.13307716229881805,0.1270120074468628,0.107854583369048,0.10680046905874184,0.12657542955247766,0.11642665189306396,0.06152105065786023
0.15200286184624187,0.06448843841065649,0.13428913511961518,0.1209649104510833,0.12785395088397586,0.1235324238609027,0.09273353056143101,0.12294102132775574,0.06119372753833786
0.042617512049902606,0.041142081954874656,0.1420216463760001,0.11106145733736784,0.13383266006192882,0.16910790121018202,0.13305612805836323,0.15837674861862205,0.06878386433275871
0.18829521106543157,0.047298308769340665,0.09803353186038916,0.11070592915295491,0.10095593437165878,0.180135864347708,0.10647814346290456,0.09864711912021062,0.06944995784940172
0.15918581458447734,0.0796918984458501,0.12013905297794163,0.09454006352944418,0.10237162851558047,0.1691764324113747,0.10619391437571468,0.10587018298730914,0.0628310121723078
0.08537235641701325,0.22494676183693363,0.1137726919533466,0.12574541547200027,0.10374022309566017,0.08709432444338239,0.08192382290413548,0.1166792836630911,0.06072512021443716
0.03635455714484279,0.12960930226028364,0.1380174338527891,0.1297557084710336,0.12959641453482731,0.11951439734303083,0.11914415571120855,0.12668323744521778,0.07132479323676633
0.02666832711396262,0.11581428620323607,0.12489174150017412,0.10772481669082447,0.11965044743229891,0.09168030766319955,0.11765845500888379,0.12476896491862317,0.1711426534687973
0.04163697707557455,0.14277536376899425,0.14804758968700762,0.12931424091113367,0.1203375893603542,0.15652638691864496,0.08623230663316402,0.12109714143501553,0.05403240421011115
0.049172819882857134,0.04192313936193973,0.13694894608785238,0.11590567687765807,0.1169858090140475,0.09169117694478246,0.1513097813931059,0.109335916500878,0.18672673393687875
0.11677905839987758,0.1113539017566576,0.11953182341507564,0.13329947901053965,0.1434860919414418,0.07479172406737543,0.13156161587849832,0.10751749361371084,0.0616788119168232
0.0676513880290173,0.06826958960875906,0.13594722947476087,0.13258621895167577,0.16433670075746032,0.13680898150117327,0.09664294242766198,0.12344925093846149,0.07430769831102994
0.05401231563477227,0.05853420419238491,0.1641264655493472,0.14563640798425176,0.15483788450913408,0.10102163037082833,0.12489609048532896,0.12514741015154354,0.07178759112240894
0.02712246609283794,0.08502280303714434,0.13435469086402868,0.11841893669744534,0.1439516961198218,0.16343424245562713,0.10275135843884271,0.1476600456419109,0.07728376065234109
0.0540840637595276,0.14480271179699766,0.12925906231788795,0.13225523837625694,0.11434199658711719,0.11639314742314517,0.11848433654889852,0.10834220327508925,0.08203723991507976
0.11358899509041594,0.07233598973972297,0.15442221511182727,0.11681087185157661,0.11247064619132678,0.15600599186438774,0.11590469350851879,0.10306662590908082,0.05539397073314308
0.06669328764414192,0.06501912647800444,0.12645892902456038,0.11270622584578788,0.10603299766832909,0.1321740427723275,0.12149166603503246,0.12618682199234874,0.14323690253946753
0.06556449364948352,0.048523142475415226,0.1617157250204037,0.1447108792253802,0.12244042007828955,0.07896447837419368,0.13179987756605713,0.12137855229397253,0.1249024313168044
0.14268615165076262,0.11000980208261768,0.13711799396323127,0.11122066418182415,0.11650573262233783,0.10411836173631807,0.08818017372438543,0.12257634657777979,0.0675847734607431
0.20877759110649766,0.08473519580879423,0.09755919819630554,0.11319551606427226,0.11186820809221935,0.12197139689580323,0.11183537904813408,0.09349089205631093,0.056566622731662596
0.02848481250081669,0.02480112835475594,0.11570377533882593,0.10330705789140089,0.12178558111201891,0.1370208853359286,0.07995663659257328,0.11898101618125649,0.26995910669242323
0.18238071967015,0.027865674245832403,0.13642215584506645,0.15252995079660514,0.10810371125512387,0.13529233372353813,0.10363911058060947,0.09766618302725794,0.05610016085581665
0.10713229052471542,0.06583020292310104,0.13428911596990312,0.14860830247594736,0.14020517572021543,0.07959157858921229,0.1312894352568582,0.11936150513092757,0.07369239340911964
0.03932327286622933,0.25730018421842876,0.13617364717602437,0.09134538284523991,0.09925196328033296,0.109343819227402,0.09353051606251546,0.09156702222785922,0.08216419209596795
0.03483226876825181,0.06327535388169159,0.0856330503298111,0.11433914631641139,0.09916048519300785,0.21909436223985876,0.09366599981800733,0.13540111133163873,0.15459822212132143
0.12344450177425435,0.053647600827815056,0.13386936805546448,0.11835159400409033,0.12417091643966882,0.15087168231246464,0.1254869464053198,0.1071730146909901,0.06298437548993242
0.0348822557810245,0.06370510656911407,0.145131428500778,0.12908056950757915,0.1547545596776789,0.1876274516678527,0.07837657052891335,0.13348280035892013,0.07295925740813927
0.08792369896705583,0.09316618726625601,0.1275418761547138,0.11655546567121434,0.13874089015848404,0.11719441968224947,0.119880810079577,0.12278987940168606,0.0762067726187634
