0.12341458024318326,0.04034914310163522,0.08886729960319928,0.13671992728204171,0.05388864970688421,0.1994742262250199,0.13840866016455325,0.06559096230885965,0.15328655136462344
0.11863602273798483,0.10515787073084198,0.13153745414090998,0.11941164240410272,0.09070912849457745,0.08583851188083443,0.10190202530400883,0.07602940039300045,0.17077794391373943
0.09968543517662015,0.07856093635818585,0.07439161192566011,0.12384133100635845,0.05486158378046699,0.10123178042513374,0.0519569774779669,0.1874247668495401,0.2280455770000677
0.12040666062979877,0.045654900165227115,0.259775949736538,0.055133279215176946,0.12157505463609025,0.07772823033324741,0.1040214320675407,0.09805271800783266,0.11765177520854808
0.11348873567009403,0.04435348304754492,0.12629638910730365,0.09355269625161339,0.24258407933549386,0.09101151610251096,0.09249596372389439,0.07787595016817209,0.11834118659337263
0.11353255689466317,0.2017895865643514,0.06279739642795218,0.09169067068051227,0.10450966970709114,0.11055093201932299,0.11854679071934389,0.12913866523024561,0.06744373175651737
0.10061231198605025,0.17505539461182273,0.06858923884773387,0.04279458651326895,0.15929421837189747,0.07716686928697924,0.08873609060488459,0.17239857019506075,0.11535271958230219
0.10663332836945716,0.13432033980168998,0.2738406219685911,0.0724068928621665,0.05817263081926131,0.12839257082154867,0.06090350590623731,0.08656143419951672,0.07876867525153118
0.11449505745979377,0.13247696545699608,0.1012718311161724,0.05722754761340406,0.161909641494325,0.07710505925546769,0.0595652838093037,0.04242168932372942,0.2535269244708079
0.10464328632365694,0.07446237456672884,0.05920578705586969,0.18114584358925934,0.04886515824082569,0.06306451734468327,0.06806812882981494,0.18256706972317718,0.21797783432598414
0.11587089641248598,0.12782111013665154,0.1356132589799789,0.08333790004663953,0.03811597343241687,0.18426990239018917,0.10095153813860253,0.08554276652920485,0.12847665393383068
0.09410001775137833,0.2991377917008771,0.10784140558625523,0.035769930891449635,0.04851826608678778,0.03249896209886078,0.08593258073238874,0.08791968739682428,0.2082813577551781
0.09731475523853045,0.089796743025869,0.04859745179806193,0.2024004261066756,0.311296171053901,0.05045305830587718,0.047379326221870306,0.07989415155674479,0.07286791669246975
0.12704554640959567,0.09851857993285074,0.11411905767828251,0.03081962738236278,0.1378623094348422,0.14915710168290328,0.10554281978137588,0.1607648089565734,0.07617014874121351
0.10591449423633603,0.10432827965304048,0.23229957760485365,0.13703549054774203,0.04160610433056381,0.05039333902211585,0.051096865788660774,0.15646450711600182,0.12086134170068548
0.10586895035298294,0.14927065864560904,0.1785129087334949,0.05083691220066472,0.10953894993171875,0.08594285743163359,0.07248951803835858,0.18581185825008828,0.06172738641544915
0.10503157328867833,0.27769901815172676,0.049409761740912446,0.039866184949036834,0.0847948893937512,0.08415485573845233,0.08923414496052046,0.1230548467905223,0.1467547249863994
0.09229411426396744,0.12967970281569308,0.18471465129759276,0.07557950774799459,0.14282318164727084,0.029666771248131506,0.06873994349224417,0.07026160490692208,0.20624052258018355
0.1092714388024853,0.0855051886711809,0.16404622377825204,0.07304056282279282,0.14677891972214227,0.21489421820495136,0.07094217948439911,0.10613885136420269,0.02938241714959355
0.11861170462780657,0.0585237127832909,0.14776771139811137,0.11589532619152264,0.14546906605685636,0.18729233409432447,0.061029768642330486,0.08954201672391447,0.07586835948184265
0.10894992650295347,0.11331571329503314,0.10041460043391454,0.10900090299745523,0.027062048004907746,0.11813762410848405,0.08957992842962964,0.1726832371731238,0.1608560190544984
0.09938132374207213,0.08588373492154676,0.20223332330351637,0.028566773998331383,0.21739393503296314,0.12160652750350319,0.07020859332020697,0.02826658160558389,0.14645920657227618
0.103383300244978,0.0780150214950579,0.05673933521239602,0.08096201836243744,0.15763009580298404,0.17164265720750252,0.057001798805836563,0.03896255378338187,0.25566321908542555
0.11781976456508703,0.0942400081611312,0.15915823332821602,0.1277727635843478,0.07151972645863285,0.041181826857732085,0.05725108586773734,0.05551064931476504,0.2755459418623506
0.09952982584354476,0.14049860071242282,0.051983931468859795,0.04467219566525082,0.242355761105001,0.09653146580267113,0.06241383389726099,0.08591343512901674,0.17610095037597195
0.11809523354463967,0.09650999607295974,0.09468121503961512,0.1082220796626015,0.08592888201767625,0.07070503336990559,0.09841482621029207,0.14040620623680436,0.18703652784550565
0.11952915188617734,0.14208819353692623,0.07023650195467036,0.06382457522994218,0.25999951034491037,0.05244030842438815,0.09062388431573326,0.06934990359478306,0.13190797071246907
0.12971938280976658,0.04387134045971513,0.11440456544361476,0.21210830229835798,0.10334980983478492,0.054598332159121625,0.07417870485873991,0.0872744665964958,0.18049509553940332
0.116763330527637,0.10508272488462649,0.06890919685858428,0.09715829065316767,0.06662849571675854,0.08959813435392709,0.09142206470136673,0.2203856851340443,0.14405207716988797
0.12352889910960942,0.025933666838951513,0.16472232819116447,0.0730625774339589,0.07584436371169735,0.04375128371211998,0.1573371658101199,0.08346453509042229,0.2523551801019562
0.10702831062301889,0.14964813416314918,0.12580218219281966,0.04171391577614487,0.18562927284399525,0.07803806675675269,0.08271661468071541,0.16262902431219708,0.06679447865120691
0.10196939813676074,0.07950044652255095,0.05639461111169917,0.04570600606179386,0.07234370080620613,0.07943918393475398,0.08856238254111598,0.2146400149882729,0.2614442558968463
0.13631593795826283,0.06324344652964638,0.12340581266186833,0.11603884310846276,0.06157915489537477,0.15325238263851046,0.1436528626951903,0.052321492714326893,0.15019006679835742
0.11790599262246788,0.08145090538635015,0.1370746218973011,0.04857290570537794,0.09977990329079965,0.12113134088743975,0.06921074023675118,0.13610266213618197,0.18877092783733032
0.10854968869691832,0.03184725034351261,0.10007841576147346,0.2613011209798661,0.10253883026553821,0.06374770143291446,0.08187309173469855,0.11851545273406527,0.13154844805101315
0.11469338217789228,0.12223094060688688,0.11833422289521185,0.1042024214715314,0.10230825122838015,0.1473049519348482,0.10192042928547718,0.12345805958724666,0.0655473408125254
0.09077099942262756,0.11640939610225688,0.15918391040305815,0.04482459267980698,0.08286321681864615,0.03500294920805738,0.19320931670813593,0.24531448689837818,0.032421131759032745
0.11415117974316426,0.11034620736991778,0.060824120976221974,0.12256285767727389,0.10575475359074932,0.0703004036080486,0.10276682000304665,0.17702897612038224,0.13626468091119529
0.10445708125034218,0.03997785031086705,0.06825474895642145,0.07828689426751728,0.24004892363186658,0.14357198944683103,0.07464641720443342,0.14672047033279412,0.10403562459892692
0.11614832414592047,0.07732535914120131,0.1240327423570089,0.11912843030218616,0.1316344626061193,0.07197092653608668,0.08509044176786368,0.10102041790150669,0.1736488952421069
0.13507676680344613,0.06746746691348758,0.11910014123953998,0.1301538256529125,0.11632157713228265,0.09407013217312077,0.11025613553994877,0.10767924490618182,0.11987470963907987
0.12320678778009035,0.027761075323854773,0.11728873482138306,0.06309101630526863,0.10633121609430966,0.1368145348556498,0.1962245875083485,0.10743878603625916,0.12184326127483609
0.13128403646129894,0.037344658906137126,0.09787856044114436,0.06441564282201827,0.13034736602971345,0.17669111548413866,0.0893475847971205,0.17902971031984216,0.09366132473858652
0.10446401947682536,0.10572144669176058,0.09670889397397743,0.19981509763837302,0.16978849357662487,0.05721871811065368,0.05357865818560431,0.14622430629502078,0.06648036605116003
0.1247814482179549,0.1427206677011614,0.11237598004736034,0.1116312033618367,0.1267182624910518,0.05076177574647699,0.10467600683588558,0.080512741750491,0.14582191384778123
0.11203226795328543,0.12170020886945483,0.054200050866125345,0.05833691615913808,0.09318092031140242,0.16675544493781622,0.08442249869724001,0.24333806665096477,0.06603362555457291
0.09946869439722515,0.3193737776309575,0.058905925966735474,0.06851371397735832,0.049763655475596684,0.10373031715503571,0.11697152783757093,0.11255998711534217,0.07071240044417813
0.10036271974018873,0.16232196417209452,0.0663585851514702,0.08258725882906054,0.03422886761565636,0.0505862489104994,0.07966319268902451,0.05817168776441448,0.36571947512759123
0.10746444966390907,0.13979184484464205,0.11929855646718895,0.22420268487692172,0.0855496371110987,0.12413797868662896,0.069081785181058,0.054114889255446434,0.07635817391310622
0.0973534742337158,0.058732410389442435,0.08333459470253739,0.13129255509562662,0.07189807302055258,0.052539177614742034,0.07534607101373501,0.34308531352808913,0.08641833040155898
0.10307022719094239,0.06432630290356593,0.06762011980356436,0.2148780282226328,0.046552509085261394,0.07343152413777539,0.16925507662817876,0.10002434915147825,0.16084186287660063
0.12344657682833189,0.11438808578017658,0.14800165269980106,0.08761070500455022,0.07809054970115852,0.15860426802325964,0.1087227929967151,0.05723967600210563,0.12389569296390128
0.11317815094795423,0.068940841919235,0.09842421964082504,0.0767079221067017,0.07345678517414998,0.15098658258943343,0.052058829333773225,0.08512339713474378,0.28112327115318364
0.10926624952088963,0.06969878605941736,0.1602164218459206,0.0509888503307889,0.07531603960317373,0.10788796238601729,0.09176464690141355,0.25392336440998503,0.08093767894239387
0.11188326980150166,0.24004466732728424,0.04655488104293856,0.04079507684021424,0.12403999735568688,0.0630793139115582,0.16072811950310037,0.08823837720298215,0.1246362970147336
0.10430856639260284,0.08357236134690978,0.26602971650500423,0.11730331249169124,0.05655202393265074,0.0675056655891037,0.04219984699797937,0.06248304882398701,0.2000454579200711
0.10947548574318723,0.100694893384302,0.05772112127729017,0.24284944389208363,0.052856093660014196,0.06110860364255646,0.16007797814703958,0.14388161401405344,0.07133476623947321
0.12702317243121672,0.0940551217372871,0.0840985731393795,0.09467530250952279,0.06147301040928799,0.05708707503377191,0.06271034711404307,0.07864756147068344,0.34022983615480745
0.10903516823282088,0.06764448544836942,0.17204887981121866,0.07892676459117866,0.05318643988941749,0.07116407739487594,0.08941675719486651,0.08658444050915941,0.27199298692809315
0.10883719777151313,0.21060591069924903,0.07115096081111005,0.155532218289554,0.06825820020514682,0.0425805439730352,0.07383610974463141,0.20925509198959968,0.059943766516160714
0.10425767597446293,0.18967051312003336,0.10720392027958081,0.04632583799870066,0.0658098972441754,0.08887333927985247,0.11644964990866143,0.1868281199207397,0.09458104627379331
0.1046355603852853,0.0497133759316572,0.12859721268284652,0.06448251517979899,0.22727062463394407,0.06753690104093615,0.04323391233269341,0.1316124996504248,0.1829173981624136
0.1141834700201656,0.19333306161060407,0.11352067991533783,0.049091094610022895,0.06781874162192565,0.09007306040052183,0.06206734044680013,0.159001364887439,0.15091118648718305
0.10954633174276675,0.10291757385588705,0.2283088442881794,0.07116088674341671,0.07075375484946324,0.0450173492150436,0.17125274900947163,0.11547590927390344,0.08556660102186814
0.11975448580321994,0.12483165793052063,0.0765662369796651,0.2484773024073811,0.09555787543957305,0.03950993347868376,0.09512777074567909,0.1126033300241665,0.08757140719111083
0.11900360470715143,0.19104346901492456,0.08331136922091921,0.03625310670885351,0.1451548362524105,0.07887991702121436,0.08969213179024595,0.03765946705554413,0.2190020982287363
0.10325794261100536,0.25757576774231317,0.060053434232437884,0.07165260913843993,0.04234227701885048,0.16890776892568435,0.14208504420380264,0.08925771050997926,0.06486744561748697
0.11274991090821178,0.05775144573405724,0.15163665329329376,0.034792542968174266,0.09148068703926317,0.19333101619606344,0.10900138275283104,0.14075763814184464,0.10849872296626077
0.125030169850969,0.10360265300292613,0.20972954100173125,0.04698222401681968,0.06333725861949056,0.092055127985176,0.12323761357616596,0.15072011883558978,0.0853052931111317
0.11348099310944972,0.06755582453144292,0.1070929788647325,0.10124408782020189,0.0822895020664078,0.04493416553277587,0.07389289703105678,0.3598493080906246,0.049660242953307954
0.12244599087077944,0.07613597081214792,0.2574024334175813,0.05789101665744212,0.06429621539144775,0.12184648018736192,0.092600693339089,0.05691270175054835,0.15046849757360226
0.11385464396037252,0.11063276665082439,0.04632004956065116,0.1886515377778647,0.055646893983435274,0.1396980064502281,0.09582672233931115,0.07921937729561232,0.17015000198170047
0.12005488649290001,0.14412782678428174,0.1349613150277951,0.11213070208496485,0.02930837791159045,0.05514818006056924,0.13502414756561265,0.08463690014599733,0.18460766392628877
0.10921664723569229,0.042986302821067975,0.1210676898054071,0.03837548415947662,0.12242064707842566,0.19891962483503223,0.08839408506912956,0.045010976281899324,0.2336085427138692
0.11455473591530234,0.1203721908845876,0.27122359668547236,0.05468567919223758,0.10079992468977328,0.07209293194524448,0.08617075449897475,0.09622193845069897,0.08387824773770858
0.11267724764232222,0.04115528474418886,0.06620416561316185,0.06822699772671621,0.055664576241840784,0.21451898717924892,0.0685281720859142,0.1594680418728097,0.21355652689379725
0.1211232216791357,0.07474931261358565,0.08948467466554628,0.11140930550353785,0.06631456145630271,0.11590537613701629,0.13875159172392879,0.10166288743571893,0.18059906878522777
0.11458101063336729,0.026157767198474142,0.1651560794235676,0.1283297019041488,0.14705447564837484,0.04109876287714053,0.07567585215851076,0.04256538939341159,0.25938096076300443
0.1168683167689636,0.11456724908575884,0.0818265973959298,0.049672641030613945,0.14357224674503324,0.03328525034860972,0.092948086006114,0.1739467015119269,0.19331291110704993
0.1325560647180176,0.08616720047952238,0.1606398081709214,0.15596238728501277,0.10713909991386639,0.06302437808526415,0.09576154246861912,0.056560064689690194,0.14218945418908605
0.10172213014140939,0.2337742516912302,0.03634307571623688,0.060757143134331885,0.05509731063676812,0.047278283812531234,0.0634554084559767,0.2586156920081413,0.14295670440337435
0.11459070653971166,0.1778369934410804,0.10737162212089946,0.077166180711527,0.08547262359472,0.08971227742307837,0.09576168975167275,0.08303155716596156,0.16905634925134883
0.11435423380778766,0.09810634710819621,0.12741735556552733,0.10042774147835108,0.19552481110332176,0.05063333657323285,0.08228728283827223,0.15089439899609447,0.08035449252921632
0.11780522403758621,0.1283929139725204,0.10770027237398194,0.06652209274557662,0.07656430731827361,0.07582612016039057,0.07436516669489601,0.18726278969682908,0.16556111299994547
0.10509614861455657,0.05036705714045501,0.08119822989880071,0.22487860305197463,0.07678348836539278,0.09905561052613765,0.06698180392012683,0.22458519176088423,0.07105386672167154
0.12214162586214723,0.07721124127012292,0.09009593225259264,0.09846274693023797,0.06766518075080073,0.15170193176688945,0.09550674082033851,0.05212507350090967,0.24508952684596094
0.11615551963098873,0.07342238051828993,0.09733511139869651,0.020627700892301655,0.07054116866879617,0.13888892064214464,0.12396199933582487,0.2505878629775085,0.10847933593544891
0.11104637488455654,0.07299831045820183,0.07403030713292406,0.09504827019646966,0.1203074064972555,0.13483147157127331,0.1081934859242517,0.1958792704128179,0.08766510292224951
0.11780903083205867,0.03901420797409185,0.1279352097660927,0.11529373452297154,0.06991928072808777,0.12232383880863458,0.07620857438487694,0.18344081291969275,0.14805531006349326
0.12465036606499158,0.0670863775339828,0.09508163403793307,0.1444856286612339,0.096323349258841,0.07435751895099522,0.13669462781422395,0.0772150866182436,0.1841054110595549
0.10588844590780382,0.19042857274413816,0.07238330634741194,0.09126168548304803,0.07094743813200571,0.030574058618113523,0.09866413057448342,0.10727168942185254,0.2325806727711429
0.11208162091267147,0.05913671129010417,0.07039145858363093,0.12447726679754179,0.08427150009892748,0.2958815211302647,0.08686238383856902,0.08695194909510524,0.07994558825318525
0.10648190939160422,0.05836258959921395,0.10007078909195417,0.08161090173768058,0.27399169744157675,0.08106355924707907,0.11942452568109065,0.05277314495249966,0.12622088285730104
0.1072868663631219,0.06442520751014995,0.17894503390647068,0.04437000487128279,0.17288734178905937,0.11805786749250496,0.09577697692276005,0.04208322777467615,0.1761674733699742
0.10569166633950493,0.16381018702961178,0.17670030684684598,0.0723213864705411,0.12466532856984991,0.08627518287320372,0.05427894129815327,0.07842829021389107,0.13782871035839825
0.11588080627152209,0.0877720911744851,0.09341505465366585,0.2142279761317021,0.0924191615030312,0.10274627701700845,0.10727404568054351,0.028630398419766837,0.15763418914827476
0.1298884792834614,0.070552415976444,0.10109254181696449,0.047403680962949064,0.06014410134040201,0.08403346616553098,0.11653956906335931,0.14400240880027948,0.24634333659060922
0.0925053161550606,0.30973345165304095,0.11269965871550112,0.03593420082609521,0.048153592563612395,0.06523947325349007,0.06157429429078135,0.16217472753414894,0.11198528500826938
0.14485564944814042,0.05073475789390617,0.14712126154762487,0.0573048240157761,0.13025876574596032,0.12208166097996709,0.11723264787267125,0.08295383914673887,0.14745659334921496
0.12514854133660455,0.04878167798454194,0.13750409944888778,0.1017357063439861,0.07697488761084345,0.056438740233810354,0.10286958089049951,0.12504671152742017,0.22550005462340614
0.1236698326040584,0.0628355869383286,0.12562515951887318,0.12693364181082356,0.1399050430646218,0.1079556608499596,0.07336520583623134,0.09448095228381866,0.14522891709328486
0.10648764469096746,0.03889353885050272,0.09593934722767421,0.10528886275020422,0.13267111495964048,0.1300631464441457,0.047994429364412304,0.2749555498597143,0.06770636585273855
0.10195696406175558,0.16604702499324298,0.044470501321317635,0.09273970206589836,0.15962946892854826,0.057495458659213544,0.0766600441525091,0.16434670464617465,0.13665413117133987
0.11202501966463525,0.11086547686124924,0.061450499919679526,0.044751044811323394,0.1320184892131321,0.16707981278450745,0.10002293233283537,0.20045815362237804,0.07132857079025949
0.10475602366623865,0.2089948174554336,0.0445730166062066,0.1432700983408895,0.09170911174081804,0.14985369336823645,0.06711386469293897,0.14229251920918953,0.04743685492004868
0.11536465587060822,0.08843784263051474,0.28228440109283126,0.09727129176987576,0.11113741582204924,0.030814001585925715,0.07160371053467791,0.03615238395554979,0.16693429673796742
0.10684791084260083,0.08611920896255477,0.06245472993796128,0.2376279461449696,0.04504832263467471,0.11843573410847631,0.053435588941555735,0.10914883918231509,0.18088171924489174
0.09943679513062044,0.21257501856422203,0.06871274896568996,0.10176506719650663,0.10030397877834259,0.1888124172818865,0.05965135988205399,0.07686257850590533,0.0918800356947725
0.13597821920893557,0.1261200151405322,0.11877938934585695,0.06822040624426191,0.0732996570418607,0.06984534664022936,0.12324199631746043,0.09244903908796638,0.1920659309728965
0.13369704062759102,0.09290070596682885,0.12897842750443636,0.09121694650530436,0.06479581887339861,0.0920894850223886,0.12068567155163988,0.11772929869749388,0.15790660525091857
0.12573236961691384,0.11635783951260927,0.11380397666225835,0.11270260066216638,0.09558823489708602,0.08079027338572252,0.08810323828043327,0.20751523760215576,0.05940622938065467
0.12291029736287636,0.06925381672837104,0.08851270907809566,0.2524527088495612,0.037862313001854504,0.09265981706775311,0.09427606898233465,0.09349752596598994,0.14857474296316345
