0.07388691209304409,0.07797928144580103,0.18264391541412253,0.12632461632791492,0.12889235631833743,0.13626284353167895,0.06710884447263216,0.11293718119820507,0.09396404919826379
0.2730763746289299,0.0885952162876107,0.090066236750031,0.10158748439552634,0.030221811411932514,0.08084461394395093,0.038509343487479676,0.2260915219726538,0.0710073971218852
0.03545166860708216,0.09993946139978378,0.11570377193354553,0.10210159517866986,0.17838657459589524,0.0943192215625207,0.054335824968097884,0.062209447971562214,0.2575524337828426
0.042009810909609695,0.07822585016768384,0.049684739939633536,0.10899530271762305,0.1350201049411444,0.07408672359385343,0.036678391949619395,0.1578341764051062,0.31746489937572653
0.13752461403792393,0.06151759052083385,0.040405458504629274,0.09860733637020559,0.12336051041192368,0.12094084546127244,0.06019745254274739,0.1719374545827489,0.18550873756771494
0.3658325528061868,0.11916904372917818,0.010246061726693097,0.11114483686042999,0.10454786150028321,0.1401741399921115,0.025749273619747135,0.0822838027184213,0.040852427046948726
0.058762761033274796,0.18299748147590225,0.2053823421398483,0.11308705262499293,0.06039561493359052,0.10263621170202443,0.18260334911144438,0.06028487472739489,0.03385031225152752
0.03785152443057095,0.09227339113908035,0.21257532784598634,0.062392849817165676,0.008536869887674896,0.09061647102251279,0.09782649445823575,0.33245350165565424,0.06547356974311902
0.027908666851694117,0.08365079657061035,0.053355195120081356,0.11624625837676363,0.11932395073135749,0.10677037078337105,0.14318906309282295,0.21381202365194954,0.13574367482134952
0.20391596178753457,0.10528864757524471,0.06236490427046896,0.1073378257952604,0.12891058833014207,0.11144203382020092,0.05199369125599609,0.04327480641465159,0.18547154075050068
0.38007148161218013,0.061173057699498656,0.02316215332132125,0.11365875314644482,0.13975988354859817,0.11245235715711387,0.022300387501715997,0.0882488506462693,0.05917307536685784
0.05984722226930759,0.16258749605040576,0.06517367950957541,0.09261122532986432,0.16504512129778182,0.10297988075241399,0.028799911927647314,0.08951743942392176,0.23343802343908196
0.03948165906584729,0.08042161574938873,0.1581113320284476,0.12999309561430497,0.13886490075772948,0.2148595690405939,0.05850960058784119,0.03607352240220584,0.14368470475364106
0.082495252996038,0.16720801009006114,0.017664868555027424,0.09490168881747323,0.031431321961980827,0.29064176416996346,0.15870550653191245,0.14677133456872102,0.01018025230882248
0.2484648347790673,0.17258486205296955,0.06122042309851073,0.13052027297887972,0.03923644922881795,0.07947876556229094,0.03736990845472855,0.06688729064544074,0.16423719319929445
0.06899690908448625,0.22971243304563407,0.08324243148883069,0.1423115868904596,0.07161185915725128,0.1140013457855396,0.18035823956361133,0.03713577528947855,0.07262941969470871
0.3214120728443792,0.10260012193603486,0.05171855356119604,0.09088222678163499,0.15804510124052037,0.09083808744198152,0.020737305920136395,0.11286145393079948,0.05090507634331715
0.017370670273003996,0.053278080409147256,0.05176493753985767,0.11295803033969871,0.09608306678867219,0.1367252928572039,0.08763411212100408,0.22122899134051818,0.222956818330894
0.10462384224552686,0.05935244947021636,0.07177275922181779,0.09229733756670766,0.16280805404174434,0.1833516910897185,0.031049188153902074,0.04592101302048057,0.24882366518988586
0.07173675807117887,0.057831667515847875,0.027132245951926492,0.06221663871502838,0.22587297776644735,0.0876254573408503,0.053202907051439596,0.24265398607740338,0.1717273615098777
0.209296407616104,0.06875730288188281,0.055991401516528226,0.15496214377059744,0.07545576007814116,0.09551387303539359,0.03793158102406516,0.25146426215830375,0.0506272679189839
0.17415078148866817,0.054018744795003536,0.0443467688564094,0.1723492052999377,0.19310899829290576,0.10747268603075194,0.042412259276499935,0.1598650924478098,0.05227546351201379
0.10959422010660913,0.09004650535336896,0.10156017322975004,0.10011627875859641,0.06403367780321195,0.1751712608867546,0.05146893804588515,0.04706702206477009,0.26094192375105374
0.20748331614832408,0.0442743347368881,0.12189264163299089,0.07414814135192017,0.0921820259499644,0.07371209872237977,0.04420894190842536,0.08691605526422137,0.25518244428488596
0.009151415411649216,0.056235703491214484,0.03119580914128539,0.09136844853415127,0.024317842725425906,0.11829611677809314,0.6359159282537418,0.024489407897547683,0.009029327766891007
0.13238297273529584,0.1309003446067245,0.04592724466531755,0.11202237617411125,0.0423074009245889,0.11529535488944342,0.09418867585820602,0.13724076612342198,0.1897348640228905
0.22939767060227223,0.07170258616909342,0.12831010381712868,0.1736095001980578,0.09717968015385646,0.10287442604396822,0.03368180766804059,0.09264916327539889,0.0705950620721837
0.2018542213703136,0.09065041542762091,0.055727593847816226,0.1233407384441375,0.1118805678688307,0.17576979154665753,0.04536494938972857,0.04966979406218622,0.14574192804270877
0.07561659810011935,0.047578585785431206,0.11262486219109498,0.0978816588390039,0.09965873061958702,0.09512429050991249,0.054144950890846776,0.25428909935385924,0.1630812237101449
0.10139066183563152,0.1478645336030352,0.05802138244297334,0.09839862078272728,0.1551021302323499,0.09736920470761688,0.05421528472976225,0.1103966234395219,0.17724155822638168
0.039106369534226186,0.08155292807181658,0.017818190551987922,0.1052972583495544,0.4047628660923788,0.14806464545256806,0.032934070349721345,0.07087663616279856,0.09958703543494807
0.032168593149565515,0.06693949833409417,0.06129099710602511,0.1432827333517429,0.2977373843814098,0.19948730545595308,0.06007319974519957,0.030441760746071023,0.10857852772993877
0.33858594636806516,0.07124656879175906,0.06658280732446983,0.10997570981184934,0.10251813292194145,0.09170000281151158,0.03319671064844132,0.13996516725909133,0.046228954062870975
0.5116153803344791,0.05067634255001293,0.07718238691125165,0.06961204980344858,0.04922389824726873,0.07441045551841902,0.02748780679735809,0.09294963636474755,0.04684204347301434
0.0618976186338397,0.11357644926620251,0.02813985497684451,0.15938203732490439,0.07237832540287414,0.10470702915602254,0.04257684651998672,0.31034161308813585,0.1070002256311897
0.24462929062501013,0.08731360050388108,0.02837599879256264,0.07978397530810773,0.11502320052791831,0.1281532436591134,0.03923156586280846,0.23434205388795346,0.04314707083264485
0.10585066170808162,0.055004223631304285,0.13761690785200073,0.137226004311733,0.09416877673706854,0.09767469105448205,0.03143959961087336,0.30865067243611977,0.03236846265833664
0.0389926726879887,0.12260604210099312,0.02028925660463587,0.28541602823462514,0.06623038432494667,0.14830815871404018,0.15330393661061045,0.025686982664947844,0.13916653805721202
0.14540305450420798,0.130245447190394,0.026121321884175402,0.1438018568873053,0.14319599691274507,0.10750821959716601,0.032372108005975175,0.17608296954177613,0.09526902547625495
0.4613340014944732,0.04250463139254493,0.035630731722123686,0.10733543123275592,0.024511203893731,0.08913343340742341,0.02389487373993605,0.13676243564670307,0.07889325747030877
0.10151554405820795,0.15514358815624293,0.203445713825492,0.11210866120714646,0.033788094661488924,0.092450933861584,0.11457726397224051,0.05261173233786165,0.1343584679197356
0.24435544530441092,0.06579737425033982,0.02863028298038313,0.07111020448823295,0.12646816915760847,0.09617177727875903,0.24628162842998866,0.09261006977676711,0.028575048333509934
0.12119249737632663,0.09935058354694921,0.0228689433940804,0.08659203646526813,0.09927972957701735,0.0907510142195157,0.019774221313175303,0.31463046793895727,0.14556050616871005
0.3557782705020825,0.07978747078063625,0.018190532607615016,0.11586142132036026,0.09938988022082577,0.11527087077506949,0.05937653433273422,0.131101605441208,0.025243414019468433
0.14350209184919527,0.08727558631606047,0.1752460981824817,0.06539188785365009,0.14623850885945142,0.05505272959573398,0.09499204044825542,0.1924089247122354,0.03989213218293636
0.17554747388449962,0.07252718881135901,0.09605110213191868,0.11752567624093434,0.16905254566090053,0.14713523711825083,0.052819150484872214,0.08225986588117122,0.08708175978609355
