0.14370964069640077,0.12353069392135237,0.09069804250102313,0.1573034465826377,0.1053146256203573,0.09829403099361413,0.047039401408763844,0.10221907700317419,0.1318910412726766
0.18851336874341562,0.06354348317937925,0.11616888971974737,0.11453861301959854,0.13109492424525462,0.057760694389809276,0.05196185382212262,0.17571858455342507,0.10069958832724756
0.10876699902267996,0.11807930837124969,0.12938693735829265,0.11148531319176531,0.10137880447963886,0.10931962672264693,0.12709728567361375,0.09147734113919191,0.10300838404092089
0.09282928193690947,0.10762293023892089,0.0955053108999117,0.10673355794742705,0.14286542794954568,0.10186349481918228,0.0761221343884038,0.1842050198777436,0.09225284194195559
0.08218557001622924,0.10801042259521354,0.12208302614315053,0.1076311148717883,0.12745417288666927,0.10596549888554507,0.14843803304552147,0.08745221720677421,0.11077994434910836
0.09131262490267562,0.10775696921680282,0.11632022996812492,0.09546115832298659,0.11836738940954976,0.08482926630839825,0.15317341548853122,0.12913640166843465,0.10364254471449601
0.11393677785366584,0.11336100834150901,0.14815145526994458,0.08969140418803549,0.09443921710543159,0.13239609901056876,0.10093954222096395,0.09944765854642011,0.10763683746346069
0.12720844885309018,0.1264434327183072,0.11934183334884634,0.08506761647534224,0.08189239092449889,0.15184892694643626,0.073441730620134,0.13037717976935823,0.10437844034398658
0.11283569228393246,0.12263886585017758,0.12080186378128886,0.1196810694162689,0.09902864998264567,0.09900121575416419,0.06552862943749037,0.1574220368981746,0.1030619765958574
0.09636171680584338,0.1390398408627222,0.12709078303375412,0.08845272516603962,0.09278281410745677,0.1300542133706791,0.0934955843471158,0.11928071952690504,0.11344160277948405
0.13101731529567348,0.13966007537312347,0.07213598847482212,0.14075578875727374,0.08975103631698743,0.09835167261149935,0.05245065290657499,0.1539840959842997,0.12189337427974571
0.1537897427079675,0.10678874024646588,0.1121010731438233,0.15437454285808294,0.07748708978577157,0.11331343032384668,0.06823187452429394,0.1039151124779983,0.10999839393174989
0.11429559646097033,0.12668606016831865,0.09806442942457161,0.11809629633886076,0.08311269319145659,0.16564657906045155,0.06512402373387506,0.10565837202095336,0.12331594960054204
0.08065483633138587,0.10315228943984082,0.104367273822418,0.09744119768434907,0.11859209752862614,0.10107108001950658,0.12130609192834045,0.17715933515013924,0.09625579809539386
0.10433058797379847,0.12650533055984559,0.08242756128185635,0.12898332408227856,0.10797496288726338,0.13196303393461903,0.0808113440956962,0.12267918192398568,0.11432467326065675
0.07900749725699417,0.10769644965895586,0.09647504573875194,0.10034121954359976,0.10835848269787242,0.09784713946303007,0.2256959183854956,0.08087123138217132,0.10370701587312886
0.11871086275986593,0.15672482618431974,0.10508054189022543,0.11474888394474414,0.10013676501920077,0.10546964936776175,0.11870232556237703,0.06652101380609567,0.11390513146540954
0.14357614811578026,0.11362704544236137,0.10694391749223786,0.1418235373059556,0.10714414975015522,0.09450199909156014,0.08031078958920666,0.09529194985124374,0.11678046336149911
0.11420679152590747,0.12197287963498642,0.09259714911406051,0.1393500396789589,0.10808536538976843,0.11394803262485576,0.09892723207895267,0.09940487509085687,0.11150763486165298
0.07230716039564265,0.09027552383363252,0.17663094485291755,0.09749063903663624,0.06615796840167953,0.13225192362600227,0.13892074201390534,0.10530972386734082,0.12065537397224298
0.1215482793926923,0.10039671154647951,0.11960119799181511,0.08023463742635273,0.1042148500992733,0.1289484119957303,0.08999077594071463,0.15652572544295057,0.09853941016399152
0.15599417740319435,0.12173562222771535,0.10299041645861141,0.10287840153697485,0.09069780692902736,0.13260073054964916,0.05815626535592483,0.13297299965997614,0.10197357987892659
0.15338375948195485,0.13657738334916067,0.09896614524927076,0.10643324668714738,0.10651930258515356,0.11860202177573169,0.09509196530060998,0.07126422149712192,0.11316195407384928
0.055790763525270216,0.10713628097079196,0.10597597644697483,0.09608062241766467,0.08400443488454228,0.13254349630109696,0.17218505922886043,0.13947619958748084,0.10680716663731775
0.12193425976010001,0.08773518838583404,0.13130320390750486,0.10884626125983599,0.0972887034128959,0.07507115129171198,0.07343084972551425,0.20329576896132917,0.10109461329527385
0.08567785552977665,0.0998749832761232,0.1266303902768899,0.15162035838067753,0.09057187162426385,0.14412639433413507,0.09273840359418362,0.09370937333672136,0.11505036964722892
0.08883365991171367,0.1188299213742104,0.12804586084219385,0.1018210277146222,0.10548048399856243,0.07884813979379451,0.1588366883025568,0.11313769830388572,0.10616651975846042
0.13767949652821143,0.09863847908662872,0.10640543491592225,0.12740949607450455,0.11209344146589613,0.0675879392155811,0.0788560879744103,0.16593491931146148,0.10539470542738405
0.09964445269173061,0.13726825290649602,0.09093742364099616,0.1125773255383646,0.10913236900308872,0.12408519340767665,0.07967022487379972,0.13289550616246096,0.11378925177538653
0.10123925111994521,0.11272264400721436,0.11068199585814281,0.10373424238991495,0.11997932859551004,0.12683853193655717,0.08245550186022861,0.11688310482788515,0.12546539940460158
0.12710090169167054,0.10297666681453148,0.132015388727039,0.14179315314509935,0.08065264859564845,0.09157805983336924,0.18192495056408522,0.043820950857472916,0.09813727977108382
0.1218860633953066,0.13567140691042523,0.09012765384951775,0.09887431843130011,0.08700298527501603,0.19767694048244452,0.07023706457034502,0.08595310381972161,0.11257046326592307
0.1274863154883524,0.1519425471409108,0.0717542080136807,0.10464461514597977,0.11701483488935893,0.1205135828890986,0.08272087865569731,0.11474045500127178,0.10918256277564971
0.16099131438676803,0.12569387238048735,0.10313407337024988,0.15957198470085596,0.08078329048642406,0.09628434904812928,0.08714097998675309,0.07779804285263096,0.10860209278770144
0.09016432732330819,0.1076503308084097,0.1428246717908723,0.09807137867534672,0.08621712111840114,0.10672152608954559,0.20911839177559313,0.061525220255119036,0.09770703216340415
0.13206393554662754,0.09505776685207783,0.1158326796418792,0.11722539970688513,0.11001920478265813,0.11411167923118033,0.07115849423726131,0.12621194984855996,0.11831889015287055
0.11429502467090115,0.08100382593929485,0.10129071985005812,0.115768894147936,0.1041295634921237,0.09182657092680153,0.058555796467025766,0.2341057112988338,0.09902389320702505
0.11580184074906907,0.10108521343168232,0.11519760014185376,0.10564255914985458,0.12161195065590524,0.07557069555771177,0.0790720765154843,0.2086002734042761,0.0774177903941628
