0.0995979651265329,0.12738690651415632,0.09463904216013962,0.14500689938711478,0.10847055809882578,0.12798976750515034,0.09464709566940395,0.10503630169247619,0.09722546384620019
0.09664447850104496,0.12640391972936535,0.0675047454331602,0.1027444752322247,0.10581091384101819,0.15414198232323365,0.11863073341643877,0.09797593205913313,0.13014281946438108
0.09755756749502104,0.10474223240034795,0.1064974660888207,0.10278370728729679,0.14543418486009113,0.11243827089312498,0.13437002401809114,0.14451819878889627,0.05165834816830994
0.08735691380580234,0.11015505566327315,0.1664277145977559,0.12554653610873315,0.09369905335974764,0.16800980223769435,0.10644168695283268,0.07385661338480713,0.06850662388935373
0.10653520632063763,0.11911187805554557,0.13736161866806254,0.11488201451608608,0.13526481798193324,0.08863663618951419,0.133009359960028,0.09866143320644527,0.06653703510174741
0.14941036986773337,0.11354630094392613,0.08860419093951104,0.10055424250651583,0.13558128035329528,0.10092125306187805,0.08094629658897633,0.08656363010415054,0.14387243563401345
0.08758020292206697,0.12704250905111197,0.11525066750262819,0.0966960104546331,0.09928877871969517,0.14765912357987532,0.11137717171945177,0.08165259854824777,0.1334529375022899
0.1404977721192885,0.1255195282498026,0.09028788949003806,0.11489333659866054,0.1085307543614597,0.11904212692964822,0.10561874404832161,0.10316982668835782,0.09244002151442293
0.09609736401719471,0.12648381530274708,0.07463657666272713,0.10016549340594148,0.12565360230757125,0.10456393829373589,0.14662549499814623,0.10617661272086419,0.11959710229107208
0.08683868586251425,0.11654445925691508,0.0996872633291308,0.08320003926135243,0.09793282290135279,0.1268133270789953,0.10191041625050656,0.08767818953486207,0.19939479652437067
0.12381772522010122,0.11990578294186659,0.11816437993861133,0.11648489374364117,0.11675892451591152,0.0985476746891741,0.09957903702357494,0.13275296249801963,0.07398861942909953
0.08739361128039169,0.12585079088035653,0.03761685741540998,0.14468925306781585,0.11631657152116916,0.08481518741273308,0.1457309092575874,0.11384475903658482,0.14374206012795143
0.10353840909307066,0.11202620178702029,0.037216940255033214,0.1235912722860814,0.09186221187414899,0.07215862297538835,0.12990480108381405,0.1109256616424155,0.21877587900302753
0.13387875008855743,0.10074363992079859,0.09420536334434408,0.09962590278794779,0.11751969758269178,0.10355698293672082,0.12284906177397088,0.10471218250970847,0.12290841905526022
0.11917239722884108,0.10776662734923215,0.21719509057333705,0.10954757894463073,0.09006717194722931,0.07293821670821418,0.10437937461808851,0.13178368401924623,0.047149858611180755
0.1160899577970113,0.11351210837305865,0.2062427385806663,0.1005892705926897,0.09884081343309976,0.11743887769681721,0.10559479321420927,0.08990118852986202,0.05179025178258573
0.12266875719032311,0.1178225673572225,0.09343541840938119,0.1321043059216013,0.10734539789827768,0.10066575456156485,0.14699663750802783,0.09804975779019859,0.08091140336340284
0.0862691242205388,0.14017118133658282,0.06308898509408706,0.08621315774680958,0.11434319595465141,0.11034707709837692,0.13930875619092264,0.12004465533415631,0.14021386702387442
0.09149932877061288,0.13468064267157276,0.08399158853617884,0.08527786166006553,0.10572303793348548,0.10114994363792339,0.11571766275866839,0.1177260640723381,0.1642338699591547
0.10952865288466618,0.1171594261331214,0.136320888674212,0.12299880950290941,0.09275048387711808,0.12402073635921285,0.12889626122358747,0.08827391097999525,0.08005083036517736
0.07314944236367049,0.11556813892742894,0.12135447087847852,0.10388644022295579,0.10181972281678513,0.1387031508938359,0.11628942182952628,0.09666908706586554,0.13256012500145337
0.0958110461153634,0.12211153217004568,0.11072493946048138,0.12836261240728866,0.10377360567929021,0.14658015541248298,0.11127926871399467,0.09467229562941754,0.08668454441163558
0.08482334581945994,0.13159850548399943,0.08766446563937658,0.11055203292974121,0.10385167550947923,0.18051990465934484,0.09895580088967419,0.0667232375288675,0.1353110315400572
0.07192946579270304,0.12733206126057953,0.05280730385264845,0.11874018104459443,0.10064023252254319,0.11115261716875587,0.15401480827075217,0.09611380483297849,0.16726952525444486
0.10051598700611003,0.11520084508287458,0.17721750371615883,0.11248038816233624,0.10840935156325558,0.12780313389940837,0.09166242567831567,0.09977058787163157,0.06693977701990915
0.10248981965245833,0.1251285142653677,0.050321055395729765,0.11110837640813546,0.12213241435030482,0.14006942092084762,0.150790457912603,0.09514360895650581,0.10281633213804742
0.08204293098548729,0.1219114106093035,0.09007454938580443,0.13520176813144802,0.10589664671509903,0.08693802323959443,0.13702392286356538,0.17250610965109034,0.0684046384186076
0.11895955135949153,0.10664150836803643,0.06687515127743751,0.13868416254959937,0.11207749108715193,0.08817330337961744,0.1333858895676718,0.14425745838260418,0.09094548402838977
0.12043674283486262,0.11942250090777329,0.0744797477606333,0.11367294357024811,0.08715652332986785,0.08851468319474476,0.07472411332062283,0.12876192939512313,0.19283081568612395
0.07540200474885084,0.12795354064987494,0.12547611555220894,0.10088230194607399,0.10161512397088958,0.12906848234282198,0.13714266985125667,0.10502126793175239,0.09743849300627062
0.10932625916507642,0.10991143435626104,0.056289819205605586,0.12608594962159822,0.10952573990843062,0.12086665555050095,0.09710023339842234,0.11276738456409689,0.15812652423000795
0.12624978845505822,0.09895668044727661,0.03802145338624186,0.09697041886305756,0.12214321896325453,0.06844033261838174,0.15170398713279706,0.10110327819394525,0.19641084193998717
0.13703257888589343,0.10614709297254056,0.10037136577781508,0.11784094193969448,0.10858297462921779,0.10982186287519102,0.10701786220972827,0.09214357504767016,0.12104174566224914
0.07049714768618325,0.11787008880517968,0.14310579205725363,0.14572371991603356,0.10119271903016192,0.19093656499611397,0.09884657470902908,0.0718549597530853,0.059972433046959595
0.07224298061881,0.12280887425831334,0.15942679510900204,0.11185853474726333,0.11067456059952789,0.15389679175169613,0.11392370621243748,0.08860915265787218,0.0665586040450776
0.07061847746795252,0.1320563076675685,0.08101546412207426,0.13453929443430512,0.11312493258798721,0.1311950651355734,0.10034054838554851,0.0928404437753126,0.1442694664236777
0.09815714142141803,0.10170024007524704,0.0935894496501198,0.09785016514895617,0.1121806564127385,0.12270738450712604,0.15682814493206812,0.09597943641797806,0.1210073814343483
0.06627385860896357,0.1336635177761986,0.10677096469070067,0.10371697063360368,0.10068706285266525,0.1511203601952837,0.12319122999093517,0.12287502696586487,0.09170100828578455
0.10897918637821986,0.10480383424751032,0.053850365841881596,0.1125271776326529,0.09154169817842848,0.07303312144565244,0.1203710188997713,0.12790650568165504,0.20698709169422813
0.08312272366286974,0.14170740146723715,0.059237833580888404,0.11001671984019346,0.11655818123917261,0.10400648133402345,0.14422887884077762,0.08514591702568897,0.15597586300914865
0.09917411799047586,0.12659223305418463,0.10748297269565237,0.11106536970407473,0.10622103969179425,0.14101559170265857,0.10716312812032497,0.08492672323821988,0.1163588238026148
0.09719504710568366,0.1133185801393829,0.07099779381556755,0.12856926304853034,0.09848619550754174,0.08373416177136528,0.11968999661729002,0.18854657140392625,0.09946239059071227
0.11238944710012012,0.11528202252292215,0.04201129735750722,0.1278170387891046,0.12825442633275705,0.11920081869359496,0.12069673104281176,0.074759176380865,0.15958904178031705
0.08090362784594145,0.12178860985759386,0.1305913946829322,0.10902967510307711,0.10279330318727674,0.16395590127712464,0.12537755750402044,0.09211011367920724,0.07344981686282633
0.08358846322885126,0.12422413445403065,0.10090058785922966,0.12535901354376142,0.10980908337859925,0.15405504224230412,0.12605756016276104,0.08349121526957605,0.09251489986088658
0.1251188237228314,0.1138992490735861,0.08589204474186983,0.11266255672237498,0.11721905768645376,0.11437270664928456,0.12289746831316421,0.11250944297059384,0.0954286501198413
0.08575586093675548,0.1214551123542863,0.07301241179593387,0.10059713212802363,0.10173557894245074,0.11140083106317054,0.15029322539745513,0.09992666146412921,0.15582318591779518
0.10805437287343089,0.11627308416321257,0.08171854304798888,0.1284063466476515,0.09070335283781115,0.09708819724275781,0.16197716856945646,0.09877340052804667,0.11700553408964402
0.0634668406566838,0.15413514106715617,0.1144057804814569,0.11395743594071119,0.1001349281106878,0.1615323005118276,0.10305785535182628,0.096057634976139,0.09325208290351127
0.07507548682218944,0.11987323312868296,0.11943951518716889,0.10807017646997596,0.11365265518964458,0.12470842520734404,0.17477294254473005,0.11139788718754122,0.05300967826272295
0.05692823217220864,0.13638199773838647,0.11674867922266212,0.10190654486198135,0.1044672504779256,0.14198023173662452,0.1536156007566254,0.1067537234134142,0.08121773962017174
0.1049594052956014,0.11715153535593437,0.05110126602870624,0.11039515499248644,0.10158395479907308,0.10777019025903505,0.11413177397571811,0.12106869921190333,0.171838020081542
0.10451443741847653,0.14065394116257232,0.10738346999789898,0.1141572421637112,0.11959565280945846,0.1282897888896626,0.09721675246061774,0.09752005676741789,0.09066865833018428
0.07933530340678677,0.12013695646793732,0.07390051593008458,0.12715478988253032,0.12630393420964411,0.1462939345215696,0.11904532423605618,0.11730355232738805,0.0905256890180031
0.09382825589067888,0.13141271064237478,0.11161251620679669,0.08257526739547591,0.10778050620428004,0.17220248416459294,0.14836031336170574,0.08993531416352013,0.06229263197057486
0.07774801667692323,0.1311472665635219,0.04635402075388659,0.12670609097749128,0.09427915230041067,0.08876696224338211,0.1318693977415095,0.1684194972224515,0.1347095955204231
0.09179217529979085,0.11461089323934615,0.08292708956123294,0.09671963189150339,0.11729613426071707,0.08396025719240251,0.20894352852708728,0.10075642784776791,0.10299386218015179
0.18505838416681017,0.1050088978773519,0.0809430378368123,0.11905731255539763,0.12476086328068957,0.0640326373165606,0.12270208299275985,0.079522649150002,0.118914134823616
0.06896566877479461,0.13575987673414244,0.18633399074377244,0.14950292650376634,0.09335141832155347,0.12357894887490693,0.09319126811621924,0.09354013135490945,0.05577577057593508
0.16110571225878564,0.10184743590695376,0.10374124022298063,0.09797313156096817,0.11736203957949598,0.08362491437902791,0.14874063047273275,0.09901206539538243,0.08659283022367266
0.0843026145444843,0.13722075517468765,0.05470387713470967,0.1336582919422037,0.12402590310846373,0.08654802442057997,0.1446331256583684,0.10730756800214016,0.12759984001436248
0.16343063325191087,0.09694495559456011,0.13264065959980853,0.09845717434011951,0.1590296470771186,0.11892327503015142,0.07616847878266454,0.07891207837479362,0.07549309794887277
0.08036242743780903,0.10850399844514931,0.11297089864916905,0.14663421237243082,0.10830419651261668,0.17761389763076454,0.10464280910715514,0.08106782684499476,0.07989973299991067
0.10281908385840083,0.09988508482578577,0.06697649256098402,0.10355325971338274,0.12249128679987258,0.09877544783988014,0.1333939108713392,0.11680521335692479,0.15530022017343006
0.10710947396403088,0.09644783419982823,0.050751155319064274,0.12647272324493852,0.14946501222536018,0.16938353202497972,0.11455072560719626,0.06716128834200312,0.1186582550725988
0.11505996645464463,0.09763289289017918,0.22020343779956764,0.1340308540560661,0.10360441297189475,0.09139959285182582,0.09631193097778946,0.09677143781003765,0.04498547418799487
0.08244452111493679,0.12703146021073483,0.2577804047408179,0.08545989911517132,0.11530476964118667,0.12052001534241215,0.09085578768314777,0.08298760954828073,0.03761553260331175
0.08813891029232923,0.13043394335285352,0.07558278798748826,0.12843895611105638,0.1136691580941969,0.15663767297632367,0.12120755140747452,0.10175956668137547,0.08413145309690201
0.11181270052738612,0.11730200243552942,0.07507210587905945,0.11981913852441611,0.11800513623205096,0.09052528707264605,0.15336434563576581,0.1439976727205138,0.07010161097263229
0.11054490664422119,0.10511100956602822,0.17626700536210857,0.0909479093877071,0.10102784380322338,0.1462181803220716,0.0900213120329955,0.11807012673354779,0.06179170614809657
0.09650184962934871,0.13283528654605253,0.1241553832123793,0.11156786811190457,0.10318331179683438,0.0912035627751397,0.07687588414114366,0.15359839912181353,0.11007845466538367
0.11179630831383003,0.1290363381058422,0.0986232082941342,0.10486262612460318,0.14873073718081672,0.1304128753450511,0.110633326129793,0.08538995474339968,0.08051462576252988
0.1482413932368217,0.10338183031406174,0.11135676683226596,0.128908268557685,0.11809635387116924,0.09421940064072924,0.06909266676234255,0.12591860053142273,0.1007847192535019
0.12553546096701962,0.1276297783086948,0.1081569666461039,0.09409779272835918,0.12780373061086112,0.10763630501090538,0.11439557971791618,0.1121312387186248,0.08261314729151509
0.11194938743822051,0.12520116394608308,0.17306482012055624,0.08183610098491757,0.10464297664264917,0.10946412090952401,0.10665126588749181,0.11804821241772234,0.0691419516528353
0.11163839646081768,0.09834500008731245,0.14710575469142398,0.11606742187445152,0.12348608345526028,0.15805744925657275,0.10205148351325853,0.07704795425246773,0.06620045640843512
0.07390606627067321,0.12571959269903335,0.16357591916227526,0.10635485040802212,0.0986661880168677,0.11173972999464132,0.11894365814769199,0.14480869723685083,0.056285298063944306
0.08612894911293952,0.11898984689801749,0.12704892758221228,0.08627314635363731,0.11097128976367436,0.14233642685609496,0.1192526357670363,0.12159667676910176,0.08740210089728599
0.12205946585524548,0.12113385183649104,0.11844120330226539,0.07984093701803259,0.11924179777704752,0.14034749139023753,0.11612518470200879,0.08714123955724212,0.09566882856142957
0.11157352388761932,0.11740349032347963,0.12000813186591007,0.10821131911362902,0.10498851123938664,0.12047981250421964,0.14277861968315436,0.09917924137639016,0.0753773500062112
0.0704146506711022,0.13346871536881763,0.03783861151437887,0.10771295459819563,0.10869034563256451,0.1038583899792439,0.17291037422530434,0.08361358542770779,0.18149237258268514
0.10638361820273111,0.12107947283913062,0.11200430846609503,0.11704533061066312,0.12441588062153591,0.1099068251528346,0.13178020528932602,0.10645250330180843,0.07093185551587505
0.08540163881995189,0.11708834759237963,0.042297407019316245,0.10387989616661637,0.09340324932414884,0.11144907395782681,0.09721001354813393,0.09371755481109366,0.2555528187605327
0.09819584422932053,0.113939496026151,0.21898003635240762,0.09499981416275627,0.11802157251432129,0.10949320301288595,0.1121362962496914,0.0921313800498565,0.04210235740260948
0.08495668327106336,0.12119867222567864,0.07014272316800041,0.12132385870204809,0.11448479838540239,0.1359654098404849,0.11505567141971469,0.10038251710039862,0.13648966588720887
0.06867169706288744,0.12434100798760721,0.10719144483466077,0.15294107884992017,0.10515055231218795,0.13300989707378305,0.1550962464941528,0.1053492987849558,0.048248776599844855
0.09546570726185173,0.13627538280313145,0.15286334349139113,0.12999832265949066,0.10703007054970755,0.08725580743696315,0.13292688315187795,0.10636068391918829,0.051823798726397974
0.06511006092176332,0.1259398849646857,0.044369566144160565,0.11168827438381279,0.10296360174722534,0.0881857887758201,0.14208455036204456,0.11243338578164457,0.20722488691884308
0.11297217454255726,0.12542773544723634,0.046930415557997214,0.11293465659356856,0.1013860774703929,0.09856247715407901,0.08829948639682345,0.09387198360314768,0.21961499323419756
0.08856263794036494,0.13208336899492293,0.08051986495933229,0.08898954935458488,0.09180742600622788,0.09076770300227775,0.12431409826428767,0.1161201632820857,0.18683518819591594
0.08495071794627777,0.12933684981381952,0.0974614546534167,0.09267247641575771,0.09721211283900955,0.08511891714278846,0.13809004175935788,0.14363151429286994,0.13152591513670253
0.11268333795811984,0.130309188200592,0.1694807436462932,0.10787756225106711,0.08548329821161925,0.07202951087959443,0.09286828939541898,0.15036402736088575,0.07890404209640949
