0.08705348904920814,0.18772258926859875,0.1486431309076535,0.02065110639120562,0.07126602415010418,0.26433014649357905,0.061607833837282,0.10747653475619941,0.05124914514616936
0.1459485379269596,0.10490408870981038,0.12380506078239022,0.030922091726135515,0.18732153701253038,0.08427314260476593,0.1419777613278275,0.12074295889696712,0.060104821012613295
0.13037103222530408,0.07904924441302259,0.07192684472914873,0.04105894262302696,0.07272506349474829,0.1759621340059394,0.18828067481836683,0.13484655560365927,0.10577950808678388
0.15542130434662288,0.08780484599199001,0.19921384244269583,0.024966190176088657,0.09047708766764502,0.14264289137726738,0.12576599050596193,0.12072508853504742,0.052982758956680864
0.1617715938709918,0.07464000416372407,0.1124871173013145,0.030783026802277402,0.09190616172025685,0.2634555456628765,0.05225800271574498,0.10110814803330491,0.11159039972950902
0.13214658569075508,0.15092493171232954,0.12757786278353306,0.019501102071944484,0.09029584086186433,0.21612604133719784,0.05747895763141203,0.10935161833331948,0.09659705957764415
0.13281039995400265,0.12314947216283156,0.060919927261787764,0.040924802764844025,0.07458739195129169,0.3464812615034541,0.03952491641147441,0.08923803886246871,0.09236378912784515
0.1688376269939772,0.08989244800147211,0.04893699566853718,0.0321471281194983,0.0968907083016114,0.1377740159104822,0.11045098637927188,0.10401988935134208,0.21105020127380766
0.1830642030223324,0.056858831110682344,0.0699382528834101,0.15216152856908835,0.06693894436505148,0.02543253981653938,0.06849238493071239,0.10902048724431979,0.2680928280578638
0.14083100474991714,0.05560017528574612,0.09582697860599608,0.14389274266084356,0.07661862193047536,0.18465032057317077,0.02810154836504163,0.11157064342479228,0.16290796440401709
0.3106747562102805,0.028094228363311352,0.1402984544397419,0.004586762243976863,0.09826563646551915,0.14103638773159552,0.083572271993907,0.08062226124201513,0.11284924130965263
0.050765289289217495,0.3145880177213942,0.06298433193336146,0.07754759490214437,0.07218131704833446,0.16885608205842226,0.017249286099067573,0.10009354759708738,0.13573453335097074
0.03670581470594114,0.2434815836270339,0.06869357425885167,0.03811777278545937,0.03293926339130793,0.3978121297944303,0.006171151064668733,0.08338265992905751,0.09269605044324948
0.14085693080588016,0.03607655574138995,0.21898299227142368,0.03700415195519857,0.07508282956827407,0.11308870569623293,0.12430001011538709,0.13071340144079835,0.12389442240541516
0.055935741858955564,0.06848283793764738,0.1002554452334355,0.2516910519967473,0.12094529004032056,0.20656541151470229,0.04692319699674014,0.10602268099527905,0.043178343426172244
0.21674931046544285,0.033776981781511006,0.1350280763147633,0.009616482168731748,0.149195620982642,0.0319202750830171,0.25733771374531506,0.09479964221121474,0.07157589724736223
0.05757417061748407,0.23107166508192703,0.113254826053946,0.12607510611113365,0.07648670568330206,0.13412371813226565,0.04472406758781822,0.10356047286108756,0.11312926787103572
0.025415442583779185,0.05929770751946465,0.04434379609733926,0.47376890328124244,0.054997443148974194,0.060661976365364266,0.058340500608892155,0.08776356630084127,0.13541066409410257
0.12759864951082533,0.09324764207051502,0.16621260429106463,0.04381826592475644,0.11836265500569694,0.08652679617369403,0.024328973052562198,0.11758408045273827,0.2223203335181471
0.0549354431337451,0.14041816143783395,0.08169635751994904,0.05333448353394818,0.11168706611301844,0.2372477535872799,0.05507271888773505,0.11880566216837644,0.1468023536181139
0.12398297354865113,0.1326643344915555,0.07542512922983147,0.052958247526334185,0.14332234348968395,0.25829685641760597,0.018321734382787256,0.10470241348531678,0.09032596742823391
0.06723223832348448,0.2442353066822552,0.12411294428188442,0.1694976579341996,0.09174594140597124,0.031334756469640145,0.08308488248546411,0.10790488422214056,0.08085138819496022
0.1535014087236848,0.07185413488827347,0.0838611487546795,0.09665627557466121,0.07762779125396284,0.11304071973160579,0.11319118255329673,0.12442156951391987,0.16584576900591583
0.15670703648979198,0.054522392654536046,0.1501517182481363,0.11297457037660874,0.05103021626523011,0.03809969597814908,0.027566703096429057,0.0970896257794396,0.31185804111167914
0.12324959234553055,0.04460286495145369,0.17553096864509166,0.08172808760646454,0.09178523427585701,0.24456661298753968,0.04503089918396087,0.10050472729679434,0.09300101270730772
0.043564507082857244,0.3464272537910828,0.10871706614326437,0.02932170980989465,0.08769575173537941,0.09786462542828019,0.020074002881832732,0.10704193104666716,0.1592931520807415
0.06380088761378111,0.14557240876717284,0.18234849249309396,0.036496618900863476,0.04761437310032851,0.38833074806881585,0.006524056953002892,0.07833312075651615,0.05097929334642524
0.12406053556118472,0.18958989193318374,0.1373682309191403,0.03546753614554968,0.10044515357561094,0.12175253788533406,0.10001161419406501,0.1047330483890163,0.08657145139691524
0.06032597874709955,0.05055027997868552,0.049037656403599424,0.24889204709385968,0.06124985733886682,0.20168813904277816,0.08412600987367481,0.11650743828341986,0.12762259323801617
0.2252753187606483,0.06127927850608239,0.16427174869809832,0.027555871464468213,0.11272351368607521,0.030771271857398266,0.15306857659657014,0.10840054064101214,0.11665387978964692
0.034076954624813444,0.12697408499223184,0.14266312864675737,0.28572710772503696,0.12972863816000293,0.03590590136078006,0.06147837101077324,0.1119635727061888,0.07148224077341535
0.06784643834878538,0.1538737042060861,0.1327937791384077,0.1658098134048006,0.19449174134268724,0.05139475289840236,0.059083471962230405,0.11322822645773618,0.06147807224086399
0.08999191852444133,0.13281149761188984,0.10982014676216105,0.04543871597639456,0.14012916484229523,0.22651058779586022,0.019973096935336637,0.10408872662469093,0.1312361449269302
0.08297866468131794,0.08743369077778829,0.17274135164639806,0.17347529330391942,0.06389991427115416,0.08752649953595404,0.0074863642886903725,0.10900230925849132,0.21545591223628635
0.11457317456950633,0.07872000679301101,0.09606289928416623,0.05793828728472047,0.08940448643792721,0.3136803813015449,0.0937947991282327,0.10594507015906433,0.04988089504182669
0.1348123641599331,0.11381559439981141,0.04401873844330285,0.024385593370830936,0.09946555378404769,0.2955375370846643,0.10264246940707777,0.10870386730861514,0.07661828204171676
0.15767579788403308,0.17103633634788418,0.06406539320656873,0.0707855889305929,0.09929651571090486,0.10529268900682937,0.12222718133238618,0.11123971461203615,0.09838078296876451
0.12003905463878221,0.10902570720891942,0.06858382014522414,0.030366848671044683,0.0863534550935735,0.054775380334574165,0.34550571949799797,0.12576026288566042,0.05958975152422332
0.17455446250059672,0.04273295009072054,0.07528906263231734,0.1039068966095336,0.10999549711343515,0.08530666065559352,0.21919465302550034,0.11339756982059494,0.07562224755170781
0.17296691079494167,0.05226787580782361,0.09729079032406346,0.08635950376001561,0.06541045742432529,0.17488530735069055,0.07351648437040069,0.1199028826788507,0.15739978748888847
0.13888406740579648,0.09920838758190874,0.06162003185010576,0.13123514468672084,0.08453537827630654,0.04456206092978241,0.2029493385130838,0.1170246729834641,0.11998091777283139
0.10861848265484685,0.10178226088539695,0.2084678966372969,0.049446421001785285,0.14125359531797912,0.09023693498163454,0.10683907579844698,0.11016408662456977,0.08319124609804364
0.11121087904199549,0.22696467263945086,0.17222967722306284,0.06171134800773215,0.114515614136883,0.08204465165085108,0.07490483296344724,0.1005188680836932,0.05589945625288412
0.08487579003322782,0.0917636834340884,0.06773051091926287,0.06697421210854475,0.05120079917772482,0.3932987473584621,0.027420598269312813,0.10134962957157682,0.1153860291277997
0.06577832094408644,0.08567903341611295,0.06945116191411244,0.24413260125021494,0.10402658804770583,0.05696978740029188,0.02945909048008058,0.094835722485842,0.24966769406155298
0.148378183932694,0.07479232764334527,0.25426953117784784,0.02141624777694402,0.1288279387544469,0.06299591917902793,0.08896055120312545,0.13128012987626617,0.08907917045630247
0.12448096684120546,0.12032339625457493,0.09017692102528196,0.016835362734044096,0.12315610374151226,0.2781586834888321,0.12147736509778595,0.08354272621867137,0.041848474598091934
0.05869450682994256,0.11573625046268259,0.09283608523845709,0.13791203685813977,0.10039338191023928,0.044634504167863576,0.20082174728551505,0.13487706432624422,0.11409442292091586
0.12290903360371223,0.062436605719175954,0.23655299251738623,0.1090102640875329,0.09356813123407842,0.04476689693095546,0.05834566996649315,0.12281654032314522,0.1495938656175205
0.09576814838230162,0.06420635242539963,0.2226571755164265,0.09580464925017151,0.07284443067126689,0.28559734601928666,0.010517378207936441,0.08831343838750656,0.06429108113970426
0.03951093745656573,0.1416678263821249,0.06454895419723129,0.35552975610046905,0.10204816510751973,0.05916082037957852,0.06306988294180722,0.09771877769363713,0.07674487974106643
0.30450055512382845,0.035724776292516705,0.1432642546767452,0.008087873411740236,0.06604434771740868,0.12412206394245222,0.14512979370775247,0.08650589550850084,0.08662043961905523
0.13335106590285986,0.12037952269162895,0.0987139168957909,0.026132015627526983,0.05819955866884915,0.4014068336768677,0.03792568456173464,0.07210483575800539,0.051786566216736496
0.17179125878213844,0.08856897430255815,0.0560410145275963,0.012098638244330245,0.07821343596051547,0.29040150246230245,0.10269282100987571,0.09780467029663154,0.10238768441405166
0.14823439822432372,0.0659811285564631,0.07557018415577722,0.07056443232085079,0.10419252624559361,0.1254007591912006,0.14930460475257504,0.13673364497119575,0.12401832158202021
0.11454875923476447,0.11707559304855564,0.0853869962416308,0.144992311394844,0.11702586124128252,0.04402258452783342,0.08644513070519498,0.12137807613056639,0.1691246874753278
0.11269386713296548,0.10363978636674222,0.2290865115399048,0.03839730614866444,0.12887684733887164,0.022956200970197363,0.10297152484926551,0.11163065690825945,0.14974729874512907
0.16157895321702173,0.06868710816484185,0.26755967219172877,0.051848169310772886,0.1100989257209692,0.10605047823764018,0.03619401534949414,0.1061356527897649,0.09184702501776641
0.2101087895319307,0.09302665663137309,0.18317070549694534,0.02849829857915315,0.09212354989427089,0.09600174203562895,0.08824529832018618,0.10709332870235726,0.1017316308081545
0.14659741853873834,0.08329591782247375,0.2028150450451672,0.07595928220217792,0.11923932108387954,0.05834225606654533,0.06922007273608448,0.12604175919009705,0.11848892731483644
0.19662240152519683,0.07490918013192362,0.11493465231601795,0.041774246967219285,0.08614525263741958,0.16665509248680724,0.09388996061305933,0.10722451233947893,0.11784470098287726
0.2383418429776287,0.07997238061776102,0.2308460775809644,0.03521042371820699,0.11761295405909082,0.05120261002892045,0.04693088469629956,0.11500341554023126,0.08487941078089674
0.11006576141292053,0.15261963914219343,0.10880027549862499,0.1346365678393832,0.10140809999852325,0.04363324373841997,0.05159067196598608,0.1330540673236692,0.16419167308027946
0.11761659663565184,0.10653179541589979,0.12894521550103136,0.0617251058419929,0.15083741325736522,0.17691016104683543,0.04760323549813141,0.11467175847200071,0.09515871833109148
0.14112526959978702,0.05561407403273668,0.09684587661714718,0.09340329664558063,0.06416689979640665,0.2782147369839983,0.08232613533208233,0.10745265008599737,0.08085106090626386
0.1432431279762208,0.09827143434493528,0.05221177160138473,0.08228713779016084,0.0473382859358808,0.21262577472759603,0.029818851076237513,0.10179929913383906,0.23240431741374504
0.11852534773386132,0.02685883525824985,0.11650589519078218,0.11219329953448944,0.10825870961585732,0.02089173559141437,0.3103535442447202,0.1250295712286917,0.061383061601933575
0.11481485474649783,0.09137446759753383,0.07419574578277964,0.07325414374677867,0.07270524517047153,0.25302292511637253,0.04346747578176994,0.11168551477110704,0.16547962728668894
0.10091816582827168,0.18717232706826428,0.0797208555222614,0.08544118719943805,0.12149842551424912,0.14448083664136016,0.04274918124196877,0.10644493620580302,0.13157408477838356
0.09693838603748263,0.15225697698330629,0.1923130906178835,0.09319372510408346,0.1293153723017886,0.05355659227594267,0.09470737810392428,0.1311820635439551,0.05653641503163345
0.13954902932041122,0.20227008134652547,0.06799314825218175,0.030454642857444595,0.15620641866275292,0.099366145809953,0.03535252446770073,0.09985316760152678,0.16895484168150354
0.11717839710447013,0.11733835153379839,0.09792354776711075,0.13978102530509764,0.07296379719745819,0.1729465418102165,0.025995558360847687,0.1233583117612045,0.13251446915979628
0.10980180547226316,0.0665193873443774,0.09673060884069083,0.044178717935721444,0.08467974372634,0.032993500335961,0.2091311587836496,0.13611525551638884,0.2198498220446078
0.06360405847232521,0.1631016244941922,0.13718582966684467,0.04163310807497252,0.1288245960251239,0.16082194447849482,0.10702861406747675,0.12167970713961872,0.07612051758095124
0.17121602397541202,0.08341281002632946,0.11042167578158181,0.0373887535836216,0.10651092797891781,0.10526325030904064,0.08517945771161474,0.12123654201682621,0.1793705586166557
0.11540726544899853,0.085602633122308,0.15144086275774385,0.09962458111516143,0.09922410293547836,0.1494324868368849,0.0859849308970152,0.1295830758041062,0.08370006108230359
0.09425655946344462,0.10603180080457648,0.19775289794739595,0.07162712418112352,0.1547007557618002,0.08388281751772493,0.08582096871743221,0.1088813743710685,0.09704570123543366
0.1585411573114165,0.05694382042467832,0.17750876742368504,0.022442025719811343,0.05844158495354138,0.2506170163622534,0.07179847007023037,0.10729821581654159,0.096408941917842
0.15264030681409327,0.04392392967363736,0.09577509525870564,0.21894020983590723,0.07222779112091665,0.17509147954708607,0.03367286911948488,0.0901837527506182,0.1175445658795507
0.06700947996073177,0.07888352548301342,0.09668324597487694,0.3194844933683207,0.10482108821697693,0.11539191250942793,0.022560185903472568,0.09259391686502356,0.10257215171815626
0.10152698847615181,0.13383688654000214,0.1991682246083241,0.050676417585788724,0.17257670537426542,0.05097559710013542,0.11155760054845115,0.10740369513915449,0.0722778846277267
0.09337113434880683,0.18825725574090293,0.11314516797477553,0.032193518257813254,0.07064083966052236,0.2487705385891282,0.06098249021360161,0.10145971565478891,0.0911793395596604
0.08763207284676494,0.11772008419633868,0.15704968013593143,0.04058633782592692,0.07582751679194576,0.3044179389765838,0.03376689495233478,0.09478649013313366,0.08821298414104
0.1612694836610867,0.027717348241362502,0.06131000535230746,0.03598229692269161,0.09528748539003945,0.05994901193272358,0.341756458934323,0.08354591535021505,0.13318199421525068
0.2000990712303218,0.06912057794344044,0.11921289810684323,0.07545527009786974,0.09030175215911394,0.06353267094276259,0.05059531316722535,0.1149190907445764,0.21676335560784654
0.06430908169390287,0.09273599904578861,0.26547568533204535,0.061718270479881675,0.08118317874412632,0.1527009964277268,0.06991873382840463,0.1222807120913887,0.08967734235673507
0.11696739450937184,0.13149516517061363,0.05809546361155593,0.029300404642155376,0.023610783570032517,0.2327670946881716,0.02327995338598607,0.0916584769909647,0.29282526343114834
0.2395024871193919,0.02170543781454741,0.030484399567646852,0.02702970149192518,0.07698020677042634,0.03623567238087458,0.39661509571157844,0.07766466536171752,0.09378233378189184
0.15908662344970803,0.10271473436445362,0.12417245225917252,0.016943635041634052,0.06103469066536799,0.22623834468692952,0.10879512695805586,0.10608125193872293,0.09493314063595554
0.2194152219948379,0.05632758652324227,0.1656387469328934,0.056342984339567,0.0788659555764256,0.1845515940546132,0.03928318330215575,0.10813406566130729,0.09144066161495766
0.16416720367630286,0.09212584687928753,0.08314325260399517,0.03895343213924038,0.07775965280386017,0.09063617335987789,0.13461583138291314,0.11706062881100548,0.2015379783435174
0.17023765898124854,0.09161149900209382,0.17354613642185657,0.04302223753546277,0.08492093991898098,0.22644557029059897,0.04256221429817042,0.09867932765464786,0.06897441589694008
0.08161713023448526,0.24319611744132208,0.13169437166047746,0.02985308542317269,0.05679837730806991,0.10580144191195955,0.004193445580106069,0.08999067328472189,0.256855357155685
0.1411774567009205,0.11212420732264276,0.07369143604121448,0.0966618807628093,0.09051649683387526,0.13725165031568462,0.15944503915233665,0.11914769702701355,0.06998413584350298
0.16142562390332266,0.0616280290660634,0.24247100474255254,0.06562964104808987,0.12324942421316175,0.04344277426494786,0.110749865050001,0.12697587082062692,0.06442776689123403
0.12247322165293772,0.11296574253007956,0.06266090598917225,0.047603835844349164,0.09581922384272756,0.18851996975549642,0.09104134980307811,0.1286789200144363,0.150236830567723
0.07692298013437575,0.043434392964968316,0.06338340577466235,0.35668314138079843,0.07320811521936028,0.04417454422700438,0.05119557451663643,0.09776838524111292,0.19322946054108125
0.10371725055547032,0.11380188542337245,0.09741892033315787,0.015129828840217066,0.1571380395646416,0.03612811759643845,0.2951824507445888,0.11011952495937649,0.07136398198273697
0.14054584328481964,0.13064676286902868,0.11179095572201142,0.028112374403367557,0.06228420457880615,0.10332694100432516,0.015037243129088442,0.09617962364414673,0.3120760513644062
0.18711064227210258,0.10363404465589832,0.05948309946726365,0.04647759716501083,0.10610013128230127,0.1830503107250828,0.1433327140190511,0.10902964570746125,0.061781814705828254
0.12677644544429764,0.10152073262915538,0.07013502838567506,0.023601293006961798,0.1715678550496109,0.016184532255983874,0.24093716717290178,0.10726542634779403,0.14201151970761958
0.15147170377238076,0.04986234923080738,0.1001420727472727,0.12079561199822197,0.10179540597115512,0.1556156324948119,0.08492373182258417,0.10959114119404283,0.12580235076872318
0.07785497088761138,0.0637077011194751,0.07349784600892513,0.23773855246116207,0.1089919502618381,0.04062596912352161,0.181704008846301,0.12823764401348423,0.08764135727768137
0.09788590070625114,0.15434820502949548,0.047010995161430924,0.06764738807043386,0.06703081077695179,0.20870782513489664,0.018867290422516683,0.09964970723810486,0.23885187745991865
0.07444507006658348,0.041624542278625803,0.10176986929844661,0.13277487256397824,0.17461194142930317,0.006141157163170492,0.22653238476408588,0.10876884170718004,0.13333132072862627
0.1970424824377078,0.05140528592749046,0.09012778996329988,0.06453506684845665,0.08168745479106336,0.09697084610641073,0.050726238481653495,0.12400332514779948,0.2435015102961181
0.14680280332704274,0.05900919825643819,0.22461456557029943,0.09559062991613954,0.16682861534327778,0.018223895549152023,0.050176432795517846,0.11006900121705322,0.12868485802507917
0.19589658818676958,0.07421223430139616,0.14071783097148174,0.011942299222361846,0.0793525568753584,0.17215091139537717,0.07997072881795332,0.1038192236737775,0.14193762655552425
0.26616434972837405,0.03681840244047641,0.10885999966519817,0.027542580618181555,0.09966419714497397,0.032446063205758796,0.0855919078966715,0.1255155563797227,0.21739694292064282
0.11358428064111048,0.21917370496571528,0.06744945054641686,0.027097977522021827,0.08915092451680166,0.09631256812157174,0.16412342241907815,0.11511759740416137,0.10799007386312261
0.10110110138593825,0.07051798734760158,0.08992479281207384,0.047195487382802104,0.09488527450318561,0.16806122590583253,0.24455422683805741,0.1114115218173221,0.07234838200718646
0.03575098851939663,0.17408473004382463,0.07409280884742857,0.296502758358735,0.08462569606239878,0.09055174098758369,0.05173664800227846,0.09969941689833477,0.09295521228001946
