0.06077142173336836,0.4117398324504651,0.01624094538154165,0.022867382201100118,0.13806154967348513,0.15652617845988717,0.11142723390615127,0.012858671727472454,0.06950678446652882
0.11353743370934889,0.2269374360090133,0.14191669469436177,0.04002756992643788,0.08034987736714673,0.11123566306038923,0.1091363072639789,0.06162464280574783,0.11523437516357549
0.07968229292614083,0.06862539411664177,0.04350346394968796,0.10265512861191073,0.20624029456150075,0.16808352181296846,0.16636514464410193,0.07012358788410901,0.09472117149293861
0.08234483057331249,0.040774472449915236,0.08346908015149805,0.11548739863259722,0.11797511077739209,0.1230335413975001,0.10846893984418204,0.24472728280632472,0.08371934336727808
0.12867911877750182,0.08645707319303803,0.17493797608942194,0.07628466875186218,0.07377860255564123,0.10940535039669301,0.0943997045736356,0.1404337900986693,0.1156237155635369
0.14296267931756998,0.0922527953115605,0.09072284294144528,0.09561574973230202,0.11513721882344208,0.14428260815327867,0.12371811930019704,0.06816675078563694,0.12714123563456747
0.1432299625561583,0.05012354945190628,0.11955648000653825,0.11738296300296325,0.08966253354159226,0.12390284098921105,0.10213273239650171,0.1394735711042051,0.11453536695092377
0.13395493065543596,0.22815947311557813,0.06570890488601315,0.053892342727330546,0.10663069494613941,0.14729750686220858,0.11732551088731981,0.027936764386724187,0.11909387153325018
0.0810582394607877,0.03698471019708959,0.060006441512559607,0.15643950656438832,0.1699399665302881,0.13691993005823638,0.1458199885249937,0.11713787777905049,0.0956933393726062
0.10477615268309326,0.22317623312479876,0.14017230365800368,0.050254737068774924,0.08713582975698343,0.11426715567549613,0.10828780593188347,0.030774838126070198,0.14115494397489617
0.12504222732898215,0.10814785602888231,0.11381035229849827,0.060566248910694155,0.09059629882889332,0.13016447240441334,0.10425767008770097,0.16759291151697586,0.09982196259495953
0.06004239670622855,0.027293192906286828,0.21744541237850815,0.20119055235089753,0.08469910458784773,0.10299947877032638,0.08807999777243469,0.07620162374663196,0.14204824078083825
0.0933231824394098,0.030232661392959007,0.11291051629147346,0.12094711066944702,0.08232811032240185,0.10215418733414224,0.08729630739299797,0.28892141884782974,0.08188650530933889
0.15147333088528642,0.13731330626483385,0.12340802229221737,0.05811896002855177,0.08375678335575402,0.12937871171297607,0.1029481313608351,0.09875381762180986,0.11484893647773557
0.08615997483768945,0.19238567950063068,0.04268673789382782,0.055307761505009545,0.16539759309720478,0.17268694692616895,0.14562494812060178,0.03767845634250178,0.10207190177636523
0.1223269332865236,0.06751085689777997,0.08841151792642037,0.11217647305720578,0.12422611341019935,0.14066569155249323,0.12735048960820125,0.09825991678157846,0.11907200747959802
0.10975407141231919,0.06630713222812311,0.13583499880986685,0.07129656200567845,0.07483878578247453,0.10788325520621585,0.09019996025948666,0.25795008790973556,0.08593514638609967
0.10372780884914135,0.06525773065244785,0.06056374990427494,0.14067805825449506,0.16322960430960978,0.14388029421909068,0.16056276684877668,0.03494912495512384,0.12715086200703984
0.08834804978901818,0.027730670753032385,0.013362741809039727,0.15914089188371391,0.2442351049779452,0.15694369356961055,0.22114309842510893,0.025059251182470415,0.06403649761006082
0.09187806652812175,0.026763051752723283,0.090596119319107,0.1637225829236173,0.10996701843136332,0.11085949362497517,0.10793203032343313,0.2051557609223914,0.09312587617426765
0.06335364119246895,0.49020660115834075,0.05334934167590961,0.014884292600186526,0.07478962016228154,0.10090995721945555,0.11394238318099803,0.011885530276092836,0.0766786325342662
0.11738068179346574,0.0459034429727849,0.18975323254531118,0.12637955595626502,0.07371409859786086,0.10889091387238244,0.08751001566138533,0.12374189873031743,0.1267261598702271
0.15332050377651327,0.16053613363536437,0.12600472125563003,0.05499722907909247,0.0818123808531802,0.12738896188124413,0.10262130871856061,0.07262352292680095,0.12069523787361396
0.13848897657996187,0.241293921114298,0.10525231948086627,0.04984568505887185,0.0823516435219756,0.1238845193638839,0.10183052853867613,0.022822067338298172,0.1342303390031682
0.13380705796795847,0.05569835436716906,0.1080294202918392,0.1129925878737829,0.09999797682788354,0.12865821757996596,0.10937916201226962,0.13773557706012987,0.11370164601900141
0.07864055124858486,0.36764262484935356,0.10595758586924324,0.024893855012437432,0.07894002193328907,0.10050922408421065,0.11602998464543772,0.026209773811936093,0.10117637854550748
0.118919689603237,0.10652695950937412,0.15970169631452272,0.05709292720448315,0.0729411808898976,0.1068644144220424,0.09695554375365172,0.18339027349891132,0.09760731480387998
0.11168187824630689,0.027696346142769696,0.1717519512115077,0.12180744997817106,0.058454128298140506,0.0921015392588123,0.07411998591771816,0.25238670898803595,0.09000001195853773
0.08129650312896734,0.03317540508599819,0.05522782813165555,0.179321862030436,0.17867011081163606,0.13332950786688036,0.1564236856488608,0.0825440731093362,0.10001102418622941
0.13878265259503986,0.04362204768816208,0.12002772449177306,0.1260477614548181,0.08839442306223168,0.12064446216455331,0.10048366622250747,0.1499989695308114,0.11199829279010311
0.11023486571578862,0.33983647174510007,0.09222261130288593,0.028046099564773375,0.0776657445159266,0.11355239913076474,0.10598137506946463,0.03191058177070743,0.10054985118458855
0.04243393260382394,0.12399623648284058,0.19592257815987776,0.08715234582914705,0.11825755645342696,0.10878305057347992,0.1271396378532856,0.025821834145911323,0.17049282789820686
0.07065603449468517,0.1447042967366922,0.1998195438471496,0.06841832750435207,0.09384680671319402,0.10564763594996811,0.11628367868011251,0.05762435551436524,0.14299932055948109
0.09993959749440555,0.12611139778530756,0.06401398802920263,0.07284859561330281,0.15044395342788786,0.16427480669267222,0.14129027237496697,0.07067381457695333,0.1104035740053011
0.1383605447022369,0.05022425458916931,0.17074288175594102,0.11676702992174988,0.07385744731639879,0.11455771893716704,0.08898231431694444,0.12156296181736093,0.12494484664303172
0.15289955947059167,0.04184211561672615,0.12832030190733232,0.1392442493295353,0.08531974410655414,0.1230964016455749,0.0994322763113753,0.10728016760060459,0.12256518401170564
0.1661372830540002,0.06824617806026538,0.1273384927264942,0.10726743971549468,0.08706590896232065,0.13139097469837505,0.10233646470407348,0.07890977818558563,0.13130747989339064
0.13111526529021236,0.1873793229970959,0.07605410029758926,0.05605704194932589,0.1110243921264696,0.15118075472641734,0.12012737889367713,0.05090586744455197,0.11615587627466062
0.12542492136624783,0.09435516041530412,0.17944009732180588,0.08057541138827241,0.07884273188669981,0.11319796729916472,0.09787292104702901,0.10048757308499462,0.12980321619048163
0.11256032724768561,0.19587741157483507,0.1537934040868031,0.050052340008737206,0.08361564716684412,0.11289409567697191,0.10806231727839326,0.05256710514782928,0.13057735181190042
0.1354706380805433,0.1600897707924453,0.11691618262509214,0.07768599860895196,0.09226875100746566,0.1334317577061086,0.10479732177612126,0.018616220290467347,0.16072335911280447
0.14334873147171243,0.21707907280609864,0.11606279606275301,0.04480858154964864,0.08093196432483744,0.12425025690372694,0.1037068070613631,0.05138180431312861,0.11842998550673119
0.08901468541137121,0.05401137107505022,0.08141413627280952,0.1053554888306717,0.1277977909440326,0.13559582103281734,0.11892580309383978,0.19538045896724068,0.09250444437216693
0.12605681133430371,0.1859072201685991,0.1476533925977272,0.04710466309532285,0.07973396406885318,0.11461015319460273,0.10554000825172938,0.07507131137054478,0.11832247591831707
0.09604007401020222,0.041167831296469067,0.07364498032452456,0.15787967763507837,0.1475153231655905,0.13302144311165887,0.13987230491270175,0.10058123078875203,0.11027713475502265
0.10110319940902877,0.29474281092739846,0.0615416563438799,0.032662862029434164,0.1054975597525718,0.15024335001440833,0.11429799337321302,0.04592938045777487,0.09398118769229062
0.08987816058101698,0.043474702033541035,0.20712843662074645,0.14595820899010073,0.08059412292633895,0.10766975745610634,0.09062863154437023,0.09578602097739035,0.1388819588703889
0.0865588000102404,0.3745298329975495,0.09756984129641377,0.024596650918141855,0.07725951022392774,0.10287632791296807,0.11201117216556396,0.025387218206001576,0.09921064626919314
0.04449236448135704,0.05040191262957467,0.24658683830030795,0.14735607545266663,0.09446389952504823,0.095128652654484,0.10529680881635713,0.07663410677260295,0.13963934136760145
0.13919617888974314,0.05125148080023634,0.15199515069154326,0.09883228299555473,0.07104511382150003,0.11093605752253,0.08763538334054437,0.18291481802423692,0.10619353391411118
0.07992573828477688,0.10173140990908786,0.21353214359097297,0.08137643856598246,0.0846542727542892,0.10152530837886098,0.10713944575620055,0.10108172075496058,0.12903352200486853
0.08470368208647128,0.09595160138300558,0.05123846438611199,0.08463501974125359,0.18395431162497422,0.17022195659554532,0.15646524411963658,0.07111905099400982,0.10171066906899157
0.08824940778177609,0.02135832892481243,0.08636961875674405,0.19066411859736113,0.11389674740312479,0.1061917950528184,0.11058652343379893,0.19024318976602528,0.09244027028353884
0.13143000965396381,0.1152373821258278,0.16451506534458435,0.06275171303289302,0.0760296693380534,0.11243931869030521,0.09874075484654156,0.12373851530793599,0.11511757165989484
0.13778791821338912,0.046645144044787624,0.1542628384386258,0.10447790125226523,0.06981123022430356,0.10940856209528453,0.08614630276359846,0.18561253202984748,0.10584757093789819
0.10992834053031736,0.1614943002516015,0.16564830376343487,0.06122411933543168,0.0864412040141465,0.11467838223065015,0.10724046169437318,0.05245651248859686,0.14088837569144794
0.14834312259898275,0.1524658639299411,0.10935152353082822,0.0556610902507055,0.08955791404346643,0.13558451996919263,0.10683734123527679,0.08820833981405078,0.11399028462755584
0.15295550248712117,0.07944373958650347,0.15117871377555667,0.1003838327407165,0.08335454319165285,0.1278319236074477,0.09829099965785514,0.06426464414044598,0.14229610081270058
0.12165070331962491,0.03970305955817693,0.16515485103793293,0.10434879342957537,0.06351956565719795,0.09914703655205347,0.08027554074499409,0.23070668705586975,0.09549376264457461
0.1284782917386381,0.24709053365642086,0.11987170821110193,0.03933203053702854,0.07964599657151265,0.11743948087385712,0.10528865571778785,0.047053000098726094,0.11580030259492685
0.09565461555527925,0.03958479177566413,0.08533942977339219,0.1394746239186956,0.12404112680305351,0.12576555573384923,0.11950580275720006,0.1707416931821936,0.0998923605006724
0.07787751600929278,0.22939043288366867,0.06095557448461463,0.028619846654072818,0.12810910735805292,0.17014700682386794,0.12140988276477634,0.10663689865949261,0.07685373436216138
0.07879280847479629,0.147548757705705,0.07945762688881985,0.03838079182258703,0.11777095960995514,0.15344946011197516,0.11461939821850188,0.1951906539168251,0.07478954325083459
0.11834997015924413,0.19616837250083066,0.130862075380071,0.03780872860764562,0.07990920270285805,0.11709058369004362,0.10704200949951907,0.1149356606270779,0.09783339683270999
0.1062665605546733,0.054968121884918765,0.17187971811402036,0.1436051071968735,0.0922955378751185,0.12551620895028628,0.09878167579840003,0.044434805382836236,0.16225226424287298
0.08353767669165489,0.019543253015066278,0.07147753240150372,0.22662924216086544,0.13921148038723194,0.10889090154471466,0.13024386671759133,0.12454918372260043,0.09591686335877136
0.07729285549097287,0.07957841062754008,0.21496576556517785,0.08124896379309142,0.07324123991813918,0.0906079302315879,0.10048963968968733,0.18175350604546947,0.10082168863833389
0.14069186895909935,0.10783142727526422,0.16237745002297865,0.07325953255120392,0.07906966096474159,0.11858693524615953,0.09860621241661126,0.09056256210123594,0.12901435046270554
0.08058590202362909,0.02772851426404016,0.025883735876608444,0.16691494888546676,0.2348403777042081,0.1494442969451936,0.18650615935562267,0.0528656974868666,0.07523036745836457
0.12134399157003921,0.10874087173321757,0.08496964291033321,0.07742480889853746,0.12197375216665175,0.15022177490092353,0.12545785118719952,0.09528432449297146,0.11458298214012629
0.07796796821717829,0.03698793937135753,0.030867344349485876,0.16044152892440358,0.22540280407738364,0.14849140542091394,0.18879882577376975,0.04240210072426547,0.0886400831412419
0.1248670637612002,0.02422852367903532,0.10181426986663572,0.21843213717819532,0.10387726937806685,0.11652199850001739,0.11570225316371978,0.07541080185254247,0.11914568262058693
0.0971071208637353,0.06461259412636206,0.06749756855571357,0.12058225859583925,0.15871267442484763,0.14878022057779647,0.14778699542381768,0.08114773957893273,0.11377282785295534
0.07366396666179727,0.1770643212956435,0.022753047635476153,0.0483665316916913,0.21961121326302982,0.1852729800350453,0.1605839360031475,0.03135167740089169,0.0813323260132775
0.1463390905688217,0.03723813718309991,0.15255847288424831,0.14473622299136876,0.07601208068594802,0.11805646562630505,0.09009065285458286,0.11053425313781905,0.1244346240678063
0.13289174312242977,0.16868461951683034,0.14344608920450816,0.0478358964619954,0.07862196875318485,0.11687763351440651,0.10359091871720423,0.09575990813722886,0.11229122257221198
0.08263259831097912,0.11810154902544091,0.178094707081879,0.08934228152344142,0.09962287602247087,0.11868468411473405,0.10984382865187331,0.034381307136224316,0.16929616813295692
0.049944712923901034,0.2567188336285366,0.16506521093739876,0.027059175526170928,0.08630241340591534,0.09924977047103369,0.14686013144214913,0.08625458178836938,0.08254516987652523
0.14580299818304313,0.09768510189639336,0.14145488198209277,0.0679646138248994,0.07780137926073298,0.12036078602789084,0.09701115664463149,0.14136515544180916,0.11055392673850688
0.044161071351804505,0.03270700102814214,0.19506265220667354,0.18765714061790464,0.13890582275568467,0.1041842021616964,0.12302119943976846,0.022367550219268773,0.15193336021905687
0.06818471306801922,0.038583104709486116,0.20275348207371313,0.17760623084952545,0.09276360160480007,0.11269114408243497,0.09548412211471276,0.05370699700260847,0.1582266044946998
0.12026670770328889,0.29525019332079544,0.0897386006219069,0.031225778733926204,0.08329343751809584,0.1260932159639135,0.10671625956993797,0.0481469469274722,0.09926885964066294
0.08111526826605907,0.15216818325279882,0.17936110621911763,0.07008650726307537,0.09585600196644761,0.11273200282841223,0.11269075243571186,0.03989276365173827,0.15609741411663908
0.16015222187340994,0.10220221692324505,0.11373087218848081,0.07905605130830323,0.09179817091203187,0.13604557074485849,0.1070193482307004,0.08658068319479123,0.12341486462417899
0.12026803148728878,0.012949672513713447,0.008168134169388405,0.10017511136186885,0.2742685088730879,0.19131530509451902,0.20831799325984138,0.04430504886845232,0.04023219437183978
0.13409409765061892,0.09306894614959704,0.17175437534143656,0.08325920950048898,0.07968004754541681,0.11730120022816626,0.09759880184182429,0.08984320184632148,0.1334001198961297
0.14939765985484038,0.048619669792148545,0.1426325095592019,0.14471239808798733,0.08664335228853698,0.1296720078361371,0.09874491307155771,0.0550782031421174,0.14449928636747256
0.11706471564483495,0.09094392097222966,0.1007422326864133,0.07321989706812783,0.10382939355883568,0.13699946802567178,0.11089919210433151,0.16422090123159097,0.10208027870796436
0.1534533908127507,0.0537955101452269,0.1374522247121105,0.10907884011478897,0.07961031247060152,0.1214427825507477,0.09501366490139607,0.13256528100476797,0.11758799328760965
0.15898749354433359,0.10755915463321823,0.12821326340837172,0.07131752236147701,0.08351645074208815,0.12950566912942038,0.10134925327707574,0.09927957235685482,0.12027162054716044
0.10085078328639224,0.15190239408183123,0.1770279644459695,0.05021038432441154,0.07824982939143964,0.10365195778511134,0.10851112985196158,0.1218330238763828,0.10776253295650011
0.037190584350152066,0.10160684329857726,0.24722704411412486,0.09009323401063292,0.10107858846440326,0.09368172645849142,0.1358379135785121,0.07488575512575339,0.1183983105993528
0.0633645941513125,0.06505403270444991,0.21511558070310513,0.1298114628286825,0.09714708954946037,0.10927499699873623,0.10481855087651015,0.055184379593365085,0.16022931259437803
0.08745681566539736,0.07766209427075782,0.06056397562185403,0.09658182635405292,0.16964430335736383,0.16094715153755598,0.1485739039661787,0.09604065749561208,0.10252927173122726
0.15125458572366188,0.1039421154158754,0.13611461571899533,0.06802892003735617,0.0800552507557551,0.1242156119041876,0.09886003480987167,0.12319138522685634,0.11433748040744057
0.12681308003119607,0.08077566820176714,0.11624020459456956,0.0751624575713798,0.08973453763416432,0.12652886923072512,0.10186501579048497,0.18139175167427612,0.10148841527143694
0.1543205502845005,0.04698127321122433,0.14676929975970476,0.13298223547239932,0.08056481560852641,0.1241760948014941,0.09477829878945587,0.08759737891956959,0.1318300531531252
0.13674065551424702,0.16473875408278585,0.13895646229137476,0.04844926648568948,0.07894507115613936,0.1190694733355893,0.10299567182482339,0.09863991245727761,0.1114647328520732
0.1416385530597937,0.20320026645213973,0.12286322396093911,0.04516688551509688,0.08058473993882141,0.12306572457615177,0.10396330800998223,0.06321831210519951,0.11629898638187558
0.07785883831604519,0.09273609362157652,0.056380108231403936,0.06701829788829917,0.17071184508895587,0.17505796664961684,0.139517073327622,0.13743814752854372,0.0832816293479368
0.08619277409996355,0.033804955628580775,0.07292766746464517,0.1607034939485719,0.14344574891813666,0.1264626339112794,0.1303953817967317,0.14864871679546462,0.09741862743662627
0.13516309224802733,0.05878309462193154,0.17428567099655579,0.10179842222080891,0.07278740941522015,0.11181366335824104,0.08952988948238888,0.13504903712492694,0.12078972053189951
0.13365332605201546,0.1281979868595646,0.10563404456715747,0.059321192115811196,0.09582182652269372,0.13783419225233606,0.10918913374779686,0.12302124333720121,0.10732705454542336
0.14791110097486046,0.13718062689299293,0.14575757763383987,0.06282832445694576,0.08032755494099937,0.12259087120901928,0.1009160007495743,0.07465550041342527,0.12783244272834265
0.13936405684224273,0.21030903854243463,0.11687109571718203,0.04250068743187368,0.0814703287968543,0.12472506981699782,0.10475868576056764,0.06868835367053734,0.11131268342130979
0.1208805849788438,0.12699422232858493,0.08314589467373341,0.0686766833172728,0.12043688599230545,0.15240778920792244,0.1245775052875193,0.08991669853754024,0.11296373567627767
0.12313601316892903,0.021715161380340627,0.10749147741068932,0.21750798914439343,0.096787615069211,0.11225212311386966,0.10853920286462189,0.0988339769358348,0.11373644091211027
0.10445995597837841,0.08588263018730784,0.19552182144149263,0.0775146429428203,0.0739814022047061,0.10088382742175772,0.09676330499574452,0.1526892343614158,0.1123031804663767
0.041632337756649616,0.06893893428782845,0.17415585361176608,0.1257442898160476,0.1484102829831323,0.11567091309519846,0.13440191788252762,0.015653475455074423,0.17539199511177553
0.1344983336323036,0.15514881591645,0.14662346455569894,0.05069913102227014,0.07818694922162446,0.11673385868739854,0.1024887426084854,0.102876266101158,0.11274443825461096
0.12839676699381053,0.2121852645591602,0.08134530602190497,0.04605813486117968,0.10185166199251273,0.14667208138294383,0.11435250932520642,0.06046485196990884,0.10867342289337277
0.09617115485867468,0.021629445896345526,0.1969523642199625,0.1744780968991094,0.06411096742721357,0.09686977000671142,0.0750102816107882,0.1642205121501939,0.11055740693100087
0.13577849016529717,0.02772555076462457,0.14970579142719845,0.1521744404206402,0.0699431385069846,0.10834636781942868,0.08428611634429013,0.16312249832901585,0.10891760622252024
0.07393001121494004,0.22047790851984972,0.030190288605988894,0.038841150953256055,0.18484667542927732,0.1860695158248783,0.14395418514953837,0.038848488337298814,0.08284177596497248
0.1294302123372126,0.10092500794611599,0.15569476371381138,0.0616675014552664,0.07370033631795071,0.11093853646237896,0.09575826945820722,0.16896641219717923,0.10291896011187736
0.1334746606121332,0.09255570484869745,0.09151999160135255,0.08933086930085184,0.11578778698626184,0.1445935636873936,0.12256544398921804,0.08981885002790962,0.12035312894618189
0.07435734719402697,0.0524764892323796,0.22547094246131041,0.12821677275270796,0.08077757473937346,0.09932186768140977,0.0944975353346309,0.11380567308226829,0.1310757975218927
0.08610166602908471,0.23126054006246521,0.051229733041168256,0.03877697785697162,0.14004996771640163,0.17320879921706098,0.12941819831882742,0.05848163576895169,0.09147248198906849
0.08937875006464908,0.19764091037776224,0.17104454119133647,0.04846941219722863,0.08623093220105842,0.10635553214210698,0.11460247899271475,0.058782559654583094,0.12749488317856042
0.10177780098797028,0.07805080860534645,0.19692914019539645,0.10218614116476193,0.08488542466145071,0.11231122381403931,0.09932106541130718,0.08038103731024036,0.14415735784948736
0.10304543480113763,0.03259832311428863,0.08796228404641926,0.1687856070643701,0.1217657498307206,0.12092744976024195,0.12173800286124026,0.13629222663369747,0.10688492188788401
0.15691815242116072,0.12437767530702941,0.13869557029028448,0.0672673146590747,0.08091726798726447,0.1262972880898413,0.10035492162064764,0.07823844503024903,0.12693336459444818
0.08118618031006058,0.08297978074327893,0.1651038294799536,0.1217090991138855,0.10600717197494021,0.12748646807646521,0.10784850425392074,0.024382524073246464,0.1832964419742487
0.09476680234429156,0.09914017332620118,0.007387529959624391,0.027257869620704343,0.2953647369907722,0.21416315002597278,0.18087208412014585,0.032343407819825205,0.04870424579246254
0.05876473363866186,0.12166193765664668,0.20277038308158632,0.08525606246739541,0.10312492088174781,0.10874557998423845,0.11723107683920564,0.04118575223595402,0.16125955321456384
0.14997507356050271,0.07772340558005401,0.1561641829157676,0.0995858178037518,0.08205124003908916,0.1256207738043277,0.09726760116109119,0.07141986602248027,0.14019203911293562
0.11927833472178652,0.083415852190041,0.17776664151458377,0.07274411627549358,0.07112858390676012,0.10382422020948219,0.09327591976188494,0.17256223916353383,0.10600409225643408
0.09529101297920467,0.009680430452533058,0.14218868964528866,0.18464795258567723,0.05820002292218764,0.08198206761641706,0.06934161833068943,0.28019896523998944,0.07846924022801278
0.07089626543266718,0.035879687562012735,0.21864017986583906,0.16836651697473826,0.08251021748004266,0.10351053971605412,0.08983964520498788,0.09066481314957786,0.13969213461408025
0.12811903437079258,0.03753658357694009,0.11574653637481308,0.1355639243797079,0.08999842465361364,0.11704437172226356,0.100335149327906,0.16849268616079252,0.10716328943317055
0.1577206742195182,0.1453870863118092,0.11860618490883866,0.05968449456576491,0.08504360842422991,0.1321406347058138,0.10388005830748644,0.07716940633319823,0.12036785222334068
0.15801211506918753,0.14484910074300125,0.12366189624701796,0.05992370327784036,0.08326854619758184,0.1301004557716928,0.10276173584273672,0.07554805973627036,0.12187438711467126
0.1663508922269954,0.07036293096034288,0.1287627398839775,0.10459313617050248,0.08629459780039576,0.1312041018655097,0.10176250481904318,0.07940995149427887,0.1312591447789542
0.09227960854897427,0.07843998870383061,0.05284564744793587,0.11731069741078398,0.17980332877579674,0.15400635731365578,0.16501728873806223,0.04225734036047141,0.1180397427004891
0.11345586371092801,0.21479898596978594,0.10430922229600503,0.034898370095026436,0.08850982239991186,0.13089999102641306,0.10936716002003904,0.1109281078348394,0.09283247664705119
0.09276576417843478,0.08225052372110843,0.00899712662051431,0.05749837276277948,0.2805916243850457,0.19905173210278257,0.194626818738301,0.02788613070487241,0.05633190678616131
0.129324309984343,0.2797845804160855,0.09806625753717142,0.04360700980541312,0.08046884534585118,0.11940131276065229,0.10110022930626712,0.019506478506067283,0.1287409763381491
0.0851927461967588,0.08620389154940271,0.19924820617349173,0.1037125011443046,0.09271792511945559,0.11359626703984826,0.10464200548459196,0.057894406138727546,0.1567920511534188
0.1485145828511982,0.0384099428765371,0.1121893444672476,0.1772140886025655,0.09854887329179585,0.12963285249035336,0.1118513331126028,0.04630239979791489,0.13733658250978478
0.16948406910348104,0.10916983308899326,0.1126996197758104,0.08257189072325595,0.09097429071600836,0.13772313748496448,0.10694879554690366,0.05773941923406858,0.13268894432651415
0.1274393206972869,0.04852188149240186,0.16839994584665463,0.09812211971868123,0.06631352331352512,0.10329260938066341,0.08387512175208185,0.20171192625213877,0.10232355154656629
0.08836973973544206,0.03397603915505298,0.12940413057905387,0.09981887788696353,0.07220003729880113,0.09585161511275912,0.08074335971838313,0.326331597001228,0.07330460351231621
0.13157846741391563,0.20316518760191168,0.09511546789988012,0.043512377598915915,0.09322890687259251,0.1390433856335185,0.10991597508972839,0.0788201395117346,0.10562009237780264
0.12380263883312825,0.08435529434109569,0.1020839854061954,0.08063825257565473,0.1037298362935243,0.13636320269530725,0.11152998348060043,0.15064394790564128,0.10685285846885267
0.07939714404641537,0.0838013125671237,0.21884161949553124,0.08880034311205232,0.0800363089032533,0.09751909767701748,0.10251758191163822,0.1287028360528923,0.12038375623407604
0.11739008275352254,0.09371895723703284,0.17424262330075138,0.0951968280206491,0.0881511268507547,0.12138293201096716,0.10153587482047575,0.05494803757637399,0.15343353742947255
0.14441171517763582,0.10630116436882853,0.12841745186933942,0.06461010119236964,0.0825646676135559,0.12566536262338945,0.10036266490933704,0.13880006377913803,0.10886680846640628
0.13136552347732505,0.1106390471433661,0.16255227389368132,0.06233665098565263,0.0750209880537502,0.11176795401245927,0.09774646440495549,0.13741371610536923,0.11115738192344078
0.07349070414522665,0.1717723278418958,0.018527613163306103,0.04957845675970895,0.23250670179452296,0.18373553319910318,0.16569296107114043,0.02670693793799628,0.0779887640870996
0.1271963386092354,0.13250596265908252,0.0773367929874108,0.07428466608811733,0.1245124000284411,0.1534011794430337,0.1289618692268558,0.06084897408816622,0.12095181686965724
0.15682698148722088,0.1401365645354401,0.1335545806573692,0.06307234421809932,0.08160875118179022,0.12726321029636298,0.1014065340079751,0.06861806562497885,0.12751296799076337
0.08901532417361357,0.06551985629055936,0.21323454205226686,0.09750361247010929,0.07394666941439325,0.09633278240173587,0.09416485588058489,0.15597112877674266,0.11431122853999422
0.0871246124976489,0.042165074566083226,0.05514482489690803,0.17011036244640274,0.17864148498020674,0.1377652698211788,0.16551888108881863,0.05130874401378769,0.11222074568896519
0.16410500401953834,0.15396338394871412,0.09441021224382128,0.0691369030477075,0.09507129353022377,0.14166390367929624,0.11063201350183967,0.0401565437334816,0.13086074229537756
0.11699500012669538,0.0336282580996244,0.1049699662482072,0.15132949143958524,0.09971207319542395,0.11694113938951345,0.10662741692498774,0.16374078089713276,0.10605587367882992
0.13275631037736002,0.02308295030574385,0.14376933403797776,0.17326223757596326,0.0714780601979617,0.10762799644960834,0.08538646075189466,0.15401035977453312,0.10862629052895734
0.15645168073020926,0.07779376904759701,0.11573682797953622,0.09384831409286547,0.09275881607203973,0.13327288193507214,0.10668856129657145,0.10112087482136149,0.12232827402474723
0.0841853541971943,0.06990661296018612,0.06340647777530373,0.09578866096515633,0.16329260962114592,0.15812308872589673,0.14107763154003042,0.12895420152410034,0.09526536269098607
0.04361717179578728,0.05150076754608319,0.22279991572876326,0.1555709302232998,0.10765253711266926,0.10453982812724176,0.10948300471005146,0.04122800272902511,0.1636078420270789
0.16022443971765607,0.09207663009496081,0.14170599486660143,0.08132577051158953,0.08043599361593663,0.12625689710602392,0.0982197362009985,0.09333886675973463,0.12641567112649849
0.13602032289083885,0.11310543582766192,0.14916421334230354,0.05928504561536352,0.07595713572155462,0.11548711486752428,0.09781625354624061,0.1462706211477701,0.10689385704074257
0.0641702220095105,0.14586226297013388,0.18856938306613777,0.07447648399985796,0.10200684752000626,0.11043754531846987,0.1172279328577655,0.03590751419248862,0.16134180806562967
0.07814877859845205,0.025927417483495252,0.20942635458007156,0.18941478725455893,0.0757228054410673,0.1025508171338949,0.08271156782659682,0.10565552004216712,0.13044195163969607
0.15726222684062444,0.10812909281735265,0.09823330267201615,0.10756953855435542,0.09939823819787724,0.14300543941742047,0.11193261499733388,0.017006718344806493,0.15746282815821325
