0.08737145056155714,0.18534987429954305,0.010260049532115062,0.137975404326672,0.07284153419346442,0.13630066768289936,0.04257190670797415,0.06974980957585122,0.2575793031199236
0.1071075371186234,0.16976665639303468,0.007126731803585761,0.06954196577361403,0.09741638559681548,0.18657502510197266,0.03790299265058142,0.08731168374047303,0.23725102182129953
0.1079122467178556,0.18236721889400506,0.006367100512446708,0.07010886522359171,0.08063219039967566,0.1514820885675591,0.03844266326046735,0.07731792069585931,0.2853697057285394
0.16162587310894697,0.20370846452578753,0.012277856361766192,0.12366147683131172,0.0776449471395269,0.053395864407875616,0.048622165638689895,0.0730023399771471,0.24606101200894803
0.09141777675617842,0.19925384453429765,0.007855463025969312,0.08554570619598915,0.10110098240314486,0.08227543072363547,0.0470885693285081,0.1536822781479887,0.23177994888428824
0.06784161540247009,0.1541324483268565,0.006487537041706143,0.08507170904937411,0.15052182916219323,0.20377609822736087,0.04409046044046161,0.058873451894792324,0.22920485045478514
0.1533957604134838,0.14296029865366264,0.010716409671721397,0.11930626784554195,0.08456726884731564,0.13435224723290248,0.04073923922672525,0.08994718399917827,0.22401532410946864
0.10859342408322331,0.18342910614669153,0.00847955775140126,0.07580016872808772,0.08063136329026042,0.1657604902032647,0.03907174154769907,0.07726797675457124,0.2609661714948008
0.10201258075378665,0.16769934873879958,0.006063573001674662,0.07076226354280767,0.07398357987007755,0.16688828778757903,0.03742382695246938,0.10757086475843129,0.2675956745943741
0.08477754452605357,0.056306720008696846,0.004468375673406724,0.07578987886859448,0.0913536983705112,0.2618331165308229,0.04684325200430956,0.11670667551518495,0.26192073850241965
0.10522604695745315,0.1535955003094421,0.005408757004345816,0.06724193861551177,0.1198595108123689,0.17231244105493737,0.03459053425832579,0.10448242452747614,0.23728284646013895
0.11201187102600667,0.16776715880851634,0.006512355612750889,0.07257726757828682,0.08393764803058366,0.16137237057419374,0.041651792606339465,0.08028408706247038,0.27388544870085213
0.10839941388864947,0.17115337718003565,0.01447269930080611,0.07493072115903159,0.07459347899621578,0.17287074051477405,0.038093332078616426,0.09689896637829376,0.24858727050357712
0.1397654787287985,0.19167193858548578,0.004895934740983101,0.058920300571472385,0.07446617456900459,0.1024080451234531,0.03824955659065604,0.07110224078115268,0.31852033030899385
0.1161124813145311,0.20467368038577458,0.007925994782208618,0.09292100318437753,0.07822190970372236,0.11923580696382712,0.04214371494300485,0.07381279792620261,0.2649526107963512
0.06609334998528947,0.1475565992867964,0.006340958317555288,0.09930526235700488,0.09145850713143688,0.22370893722319016,0.04106721605675575,0.07970380913559126,0.2447653605063799
0.0998363333653658,0.17324939276014595,0.005234960588975073,0.08491376995347388,0.06299112912907381,0.21158890994565618,0.042228594372629956,0.08746781199855547,0.23248909788612396
0.11261810247835642,0.20375662243402845,0.006429275927804065,0.08203460691112771,0.08286691674345546,0.11961895346159285,0.04195237350617862,0.07872371486804416,0.2719994336694123
0.07903470736431488,0.1914390535405164,0.007139543938744196,0.07398739227678243,0.08467696660493289,0.15606474045309535,0.042270349679104785,0.08171495751513595,0.28367228862737315
0.08222857128918824,0.19051580145426375,0.00859433857196518,0.06201978972164699,0.08051405210469371,0.17528370148144645,0.043155221295054925,0.08593929865233525,0.27174922542940544
0.07957218068422262,0.1722476381060344,0.005020226260151167,0.06512257683717877,0.12194858469680707,0.15839863336903767,0.03922859333744622,0.08667979105954327,0.2717817756495788
0.10150221284404275,0.17100167911169825,0.0059693284186692,0.06904393327337424,0.09431069981091554,0.19677318386915543,0.036191129707878966,0.08727980754011282,0.23792802542415284
0.12219190128299807,0.18433763207449672,0.024857265669731152,0.07615991966759486,0.08157815019180756,0.16635792419248419,0.04040595873627102,0.06814777713050832,0.23596347105410811
0.11367148846110696,0.162298035720156,0.0057624267194954564,0.06680928424511151,0.13290621632486524,0.17222253904394158,0.03756942506442048,0.06908837232762027,0.23967221209328246
0.11241428497172702,0.17120989779121878,0.006134842370197673,0.08866118806999294,0.07593919327643972,0.15393170447853635,0.03678970158899961,0.10956313096233554,0.24535605649055237
0.11522214332979637,0.19352831312877392,0.00652642507928432,0.08005532462181272,0.09000092113916669,0.11230148608272132,0.04027064402845255,0.08678992088716382,0.2753048217028283
0.07830762884144608,0.19220166311375464,0.0067941985692117355,0.07231643892247941,0.13412101281975633,0.1289209493169072,0.04308750004634556,0.07220124833293938,0.2720493600371596
0.11732984569187359,0.1797411667156008,0.005879430927992646,0.0697626414722102,0.09563479815613533,0.17574948259077816,0.039063333483587884,0.06961220305223927,0.2472270979095821
0.11358068943186916,0.1692421846481499,0.0063106295155432495,0.12296907124869415,0.07611888902724773,0.15361391717730385,0.03712295857564163,0.07316156318012529,0.24788009719542511
0.14486579545046027,0.07195789875879044,0.0077346772201614365,0.09059384424940574,0.0660210189470398,0.19622214237868474,0.05247272491163132,0.06088008781475943,0.30925181026906684
0.1463006658721091,0.16413866763121862,0.00452981633834498,0.08597214590670031,0.1620870970405842,0.0744420556387093,0.034762762559500116,0.13004814360901787,0.19771864540381537
0.08805147309410555,0.18792904049582584,0.006707391828325894,0.07938042561870527,0.08244543352157101,0.1348517751637179,0.04193975717543174,0.10513974352820855,0.2735549595741082
0.11142670593920616,0.17358158112417665,0.006099688337676574,0.08689464910462812,0.0764062040367005,0.1544273451395511,0.036917572871947794,0.07354079397143082,0.28070545947468234
0.14620954811942735,0.14668837086800632,0.0067208590096560356,0.05264281958657033,0.12532761196274564,0.22421528654832268,0.03507799153994069,0.06544730919096182,0.19767020317436912
0.13343317490578366,0.2282827112395904,0.011682795007483607,0.09840269755356516,0.075321150901961,0.0768672626484959,0.04574079414369394,0.0711254613637483,0.25914395223567804
0.12351283076506743,0.15118670278739263,0.012431452402272643,0.08442043758393858,0.14181046271062425,0.16627998827151041,0.0385671238404303,0.07227643865332413,0.2095145629854396
0.0803932244937836,0.17390387281810774,0.0063688850696650605,0.06826169968238317,0.07526153973319796,0.16151171620837576,0.03841069128930633,0.1086730946167429,0.2872152760884375
0.1167259787863855,0.17727487279189588,0.00849676901783186,0.06962778307325936,0.10221448980766616,0.1745193717313512,0.0379502146342497,0.07542182923708234,0.237768690920278
0.114435552106557,0.15255544483013028,0.006457612500616706,0.07316790137653421,0.0846431808410965,0.16799089200278416,0.04281460025238217,0.08017699877589898,0.277757817314
0.07471885941323328,0.18277465341929156,0.012024039971648566,0.06673091558822308,0.07064700393590086,0.22299792119850548,0.041340060579436504,0.06745483428201747,0.2613117116117432
0.07496342369083796,0.15502119113769133,0.007006740985560722,0.0765921334200016,0.08146989382724829,0.15493961648139323,0.05824664338061782,0.07514475920110193,0.316615597875547
0.11137600670107907,0.17782060303286493,0.008423953684724306,0.07025488587094877,0.07315395713769478,0.16970209424664354,0.036740116904801126,0.07777046067869009,0.2747579217425535
0.11599919599259773,0.16237423334658566,0.0054735875183545045,0.06415876756860335,0.0832253835395138,0.1681928265156105,0.034690582575602966,0.08697207890517052,0.27891334403796103
0.1266420578688806,0.20903048336763516,0.0049842747765948365,0.0703678613534904,0.1095074092603624,0.11299521389870264,0.0417290323124678,0.08497171418431476,0.2397719529775513
0.11170855281749979,0.1493068293880794,0.008281680000616467,0.07021048544759725,0.09625870416887304,0.19013765911328182,0.035866667976743045,0.08501120717830131,0.25321821390900784
0.11625032603542527,0.20175653160547102,0.006323862019895216,0.09467855751757091,0.08073212543802719,0.11336921666032718,0.04152615698041692,0.07716585541552443,0.26819736832734187
0.05960661750720033,0.1720937030229218,0.006919435859791871,0.07221941885777454,0.06457651179907446,0.20458431430446744,0.04133367771556676,0.09202453425688568,0.2866417866763171
0.12096551726285155,0.17026611022916185,0.01049558940703395,0.055805532084752064,0.06912084855622641,0.20665681208720058,0.04038367673852682,0.08716317826610868,0.23914273536813802
0.12251923964680578,0.14239923681322958,0.007853632605170796,0.07653189090956174,0.07373232340012999,0.20444633731561215,0.033118811252160485,0.08640368040060255,0.2529948476567269
0.06725047352871197,0.1761159295976299,0.007044378805365069,0.07600493828658536,0.08175138180812676,0.17809638593648017,0.045727892995070324,0.07809516836688073,0.2899134506751497
0.13282788328004116,0.18064941862858,0.006563398167466904,0.07328717682536423,0.16344629054388404,0.10998759418875621,0.04105099060413398,0.08121517474629161,0.2109720730154819
0.08342299110574959,0.16463206434337566,0.005675229838486911,0.06726247182847686,0.09411067063303015,0.1724050375243075,0.03689004842960853,0.1446420125594511,0.23095947373751358
0.1315857502625161,0.17396849127939432,0.00502498125737979,0.04819076541020064,0.17778497499229443,0.1398953679651007,0.040718975129241775,0.06462535069545133,0.21820534300842098
0.12196405228142432,0.16256998830758237,0.005446766529313574,0.06465405985057208,0.06819283434688174,0.17981702166683955,0.03668852829937908,0.06538354322391082,0.2952832054940964
0.08958673019552561,0.11276504972365059,0.006693930103848017,0.07115335571508481,0.09966737045055533,0.22559143470622942,0.04416003691046392,0.11000614544180638,0.2403759467528359
0.06862524965601464,0.17724014231167207,0.009743426161863583,0.07572591557423809,0.08494400077946256,0.19005493024938314,0.04503285993408084,0.07978996221437719,0.2688435131189079
0.10786459714434905,0.18664772820497455,0.010019193640529082,0.07341742011003559,0.0832162650380987,0.15105344975231091,0.03986583866969166,0.08009695217631653,0.26781855526369386
0.10987854839093365,0.16034771745745988,0.009333299497834261,0.08000933522076122,0.07193304413416114,0.14266260546053097,0.03760456548813876,0.15075632467736308,0.23747455967281705
0.05765481445056705,0.16614940535913494,0.012479287179231592,0.08833527904146778,0.11262829058401964,0.20348060201519483,0.04302487464627558,0.06335954237452766,0.252887904349581
0.10985235945061646,0.19917119764579505,0.006414027554343226,0.07192524311062404,0.10839986437398387,0.1173067853836794,0.041516186500661086,0.07653408726582875,0.2688802487144681
0.10924505144259983,0.18681981171629125,0.006367841982053947,0.07425241104224449,0.08326299142044473,0.15287531981631927,0.039026299719553036,0.08002015231284897,0.2681301205476445
0.1285990481238096,0.16126727685932868,0.0078973489862703,0.07065327771071106,0.05902783900931494,0.2177202935996533,0.03544965846813858,0.07832293766325815,0.2410623195795154
0.16066165805699517,0.18154777470989636,0.011707696929348041,0.06446224821549179,0.0832485507829204,0.05184062559267288,0.0422947110089571,0.15228277586082303,0.25195395884289523
0.08173366294881344,0.22906894429418748,0.05754604827370865,0.08712628272258872,0.07660487833102302,0.05377913624567882,0.04942676799518453,0.07292225312504892,0.2917920260637664
0.05786633270267705,0.15981463967984624,0.015368089347085508,0.0803504251585704,0.07644489039835752,0.21440418873855974,0.04672776423101124,0.10188582567609016,0.24713784406780206
0.07031562728788134,0.20476567485526911,0.005401704331367443,0.047856253237824185,0.06811900262272284,0.16790318772222343,0.047877280646055544,0.10091212563139067,0.28684914366526554
0.08991880977062455,0.12163208005034444,0.006745987830197325,0.09349524262920661,0.0829137508643951,0.1575055342158703,0.05676432766693732,0.07645037590349603,0.31457389106892836
0.09482750491740384,0.19979547133707062,0.0063274390307308526,0.07036743263313168,0.07541409193945244,0.13113679786566496,0.04542080115632233,0.10863450774194743,0.2680759533782759
0.10895808887375036,0.18689600350163593,0.006383329584970125,0.07418310171871315,0.08331519596399549,0.1526502774549745,0.03906064610052879,0.0801281649345589,0.26842519186687275
0.1085019077286133,0.13909318832522438,0.01109628936503688,0.06670658686521684,0.13955898270145925,0.2040346974498144,0.034397762789305626,0.10050663408580034,0.1961039506895289
0.11447560641368044,0.17205624219306193,0.00580665262218131,0.06600366540905737,0.13813428525690222,0.15924236794175117,0.0363474462227973,0.07028564033803292,0.23764809360253533
0.05537843747136099,0.15878232487060293,0.006576837849945313,0.07131890854864763,0.17100816105110675,0.20340909698560647,0.041629416551636024,0.0795393427067583,0.21235747396433569
0.11631277212479503,0.17850583293061476,0.010747552386577994,0.06700333009394127,0.07452868501778477,0.16309830066607936,0.037469614698391586,0.10930021817869877,0.2430336939031165
0.14909227365297298,0.22674474883327056,0.008298096445781611,0.08152533856547824,0.06924971846246893,0.11445012536814599,0.045370855194401066,0.06528496579877459,0.23998387767870602
0.14990719919016507,0.2158338214694453,0.008122925949843953,0.04912472618599559,0.08648564353452408,0.10397484070525913,0.04171247930151769,0.08249385359368537,0.2623445100695639
0.17346947106879532,0.2349938807494704,0.01759451747306038,0.07969557471331297,0.07680910307481574,0.023522411403122608,0.04649469311676114,0.08130291807201602,0.2661174303286454
0.10228567925491215,0.18285058573001076,0.014476966779112388,0.07691711082731466,0.09227492560340561,0.10073394108480055,0.03920514298227593,0.09681389225281677,0.2944417554853512
0.12842255191060123,0.19229898512757596,0.007657111722414403,0.09114207260214212,0.06899318506290542,0.1229287010375734,0.03884212736372729,0.08219975606906615,0.26751550910399396
0.1398694316030968,0.16217070841960132,0.05027332768071329,0.06703143003641455,0.05605262592339131,0.20205563130777102,0.03311198896016455,0.05333635561808378,0.23609850045076344
0.13866834620452373,0.17739751921714583,0.0034759046670888353,0.06046603491961855,0.05516016124582788,0.10664183841560422,0.0344238010555958,0.22887209578806011,0.19489429848653514
0.06136983425138959,0.19360897097443286,0.006981894328085784,0.075734599023306,0.07834730406684139,0.18066626824139478,0.0453414048876228,0.07456977524534897,0.28337994898157787
0.10503415874457328,0.17038895007946683,0.0062184409574725244,0.06884790434413646,0.0758451917862941,0.15794253401613303,0.036926031025124144,0.10034983277224231,0.27844695627455734
0.11808363555023439,0.16417594214500061,0.007381847328403433,0.10986023477438449,0.06901013872043037,0.16927981855263444,0.0363662838468319,0.0740565524665855,0.25178554661549485
0.1613916880707951,0.2094379605118719,0.008128620349523791,0.06673712505554515,0.07663324025398448,0.03313721925742815,0.04336427061343298,0.12761075607729394,0.2735591198101246
0.12132482290479875,0.17783715303196534,0.008185316843912636,0.07919225042729792,0.08484895228671784,0.13493793754267047,0.04187050218417724,0.08113404790655279,0.270669016871907
0.10471158734466961,0.18798233120900734,0.00673824634846519,0.07314039794183858,0.0854904283980892,0.1474624217822524,0.03994116713480434,0.08226281398357126,0.27227060585730206
0.1506197056284766,0.06634999468765045,0.007874705296535386,0.06125262419052485,0.09588767597471122,0.23820942300477968,0.06384153077444264,0.06880434997600807,0.24715999046687107
0.10471158734466961,0.18798233120900734,0.00673824634846519,0.07314039794183858,0.0854904283980892,0.1474624217822524,0.03994116713480434,0.08226281398357126,0.27227060585730206
0.12234956668956681,0.19283707279775308,0.005458363118330766,0.06881360503595829,0.07347698385073191,0.11785419748300498,0.03928200643650331,0.07044497315634433,0.30948323143180656
0.0634057406859969,0.18461727029176736,0.0069699498756630035,0.07421667637576777,0.09819732972987404,0.18085678876277633,0.042337657876861695,0.0734753161480373,0.27592327025325547
0.07817789503897855,0.17682898370934322,0.015283149048697995,0.07158070558735742,0.07482076807379232,0.1950612133667418,0.04403007036816678,0.07132963352120938,0.27288758128571255
0.13193079055592793,0.1876794560559744,0.006356113814344995,0.07294613843927687,0.07313927620681099,0.13723977990665012,0.0371497863866041,0.10406420578524089,0.2494944528491698
