0.1477147418512477,0.10694285510780337,0.07533355632490106,0.13601953055477592,0.048868389256133245,0.140197484865656,0.12644027136295913,0.1435715640802878,0.0749116065962358
0.10810413899547856,0.08462560385075801,0.09755574177440336,0.10740392248349268,0.11753218317556396,0.12112065720199872,0.11757604711770198,0.11883382510467556,0.12724788029592723
0.09721076207867524,0.13785839902381658,0.1176002341594216,0.11679852114479394,0.11788546316393063,0.10966842421807484,0.1297578579921421,0.12780105294834507,0.04541928527080013
0.0996004614030062,0.17650449095011148,0.08754186331682884,0.13240479432182298,0.056535609109024325,0.12818880560423315,0.14254964786485128,0.1527565675221968,0.023917759907924996
0.09949203492076471,0.11562404124848862,0.1681889332875269,0.10774942879726929,0.16275599091470802,0.08675853504514904,0.10641301698229101,0.09855918707813038,0.05445883172567214
0.11907495406081132,0.13186304220092804,0.08245447771495977,0.13317697856192126,0.05685925303384598,0.13885701061246813,0.137839062342999,0.15032902233846684,0.049546199133599624
0.10733607871151722,0.11499463164793351,0.2183633302619744,0.10719594483255092,0.16073225635794178,0.0759525831573035,0.09087626151111894,0.08180275024582732,0.042746163273832405
0.11936334392934039,0.13642061478049503,0.08163650487420199,0.13462784187059562,0.05385549889310833,0.1389214719095093,0.13835619227224452,0.15166314728560104,0.04515538418490378
0.1525478802480715,0.09938685915830103,0.07452443089864101,0.13461472144525935,0.049713994061674656,0.1390572701284383,0.1227816278981408,0.13991422925838873,0.08745898690308462
0.10234740613324982,0.14030159013976515,0.09481062335447897,0.124525112704878,0.08190698968735059,0.12806731254707993,0.13920272363449046,0.1438770611204054,0.044961180678301654
0.09571292191591607,0.1486057409431338,0.17836616887881382,0.11472224789337149,0.13809011944790595,0.08201782348103877,0.10780467378867369,0.10381501710078822,0.030865286550358223
0.1036678167365911,0.16594106877093615,0.08592057947329679,0.13304042928378523,0.05599964418859294,0.1316991599900783,0.1423976725283829,0.1532106887073921,0.028122940320944496
0.10481941480920494,0.1631391694218944,0.08554233283502388,0.13318200200424457,0.055903615716885735,0.13253422406187462,0.14226042094375727,0.15323910174358948,0.029379718463525068
0.1506850494600873,0.06430013917950633,0.07490000469766626,0.11395591595494475,0.0664309748775871,0.12369518889451214,0.09920658505961655,0.11106395989505813,0.19576218198102138
0.10729260375083081,0.12370983250337657,0.09236248716642086,0.12334076264793796,0.0829740112483532,0.1315987833083213,0.13656924132812917,0.14196476951365142,0.06018750853297877
0.10302352353143719,0.1663245722862865,0.08643236986738889,0.13264567774181538,0.056938030421313894,0.13121691403267122,0.14244542649645875,0.15291407127234774,0.028059414350280348
0.1612224465345323,0.07268424727632795,0.26542805976069467,0.0948101324564879,0.16376187000685274,0.0694398005136508,0.06747001433528248,0.04678608517938646,0.0583973439367847
0.08970817367283886,0.1922153860179412,0.12181291820639062,0.12346194510754978,0.09096902186013227,0.09913863528984222,0.1302820121449441,0.133112208743138,0.019299698957222892
0.0995445660400326,0.15983647276374588,0.09303725737986472,0.12770524066762468,0.07161023117818756,0.12673783619396145,0.14144444563254735,0.14778785310046008,0.032296097043575715
0.11057894112236782,0.15985605146421702,0.08228573257354442,0.1360309665419331,0.04986548927278503,0.13537239656045427,0.14126457608690127,0.154716834546805,0.030029011830992103
0.1368637250688128,0.0926412075706574,0.0797871537496101,0.12581368752621688,0.06378048453924333,0.13671717851536405,0.12232296075168318,0.13487538999475523,0.10719821228365704
0.09732155845416011,0.17132805511502372,0.09302715171641539,0.12867572209303232,0.06788357016362404,0.12454060271925492,0.14174500725847478,0.1487024640969806,0.02677586838303414
0.09800588651525911,0.1269990384178083,0.12270495328034786,0.11380542428165837,0.1302123786043779,0.10690511762200033,0.12567014466241924,0.12218712240455858,0.0535099342115703
0.10147402255576737,0.0646508854995282,0.11253421389263167,0.09037949350470893,0.16632932675965614,0.09912284483586524,0.09593880147585658,0.09137559354699949,0.1781948179289863
0.13097091890183374,0.07876504130002975,0.08243227189533286,0.11576275925487539,0.07810737125754581,0.13009469867803464,0.11395485991117875,0.1231479522440359,0.14676412655713325
0.13749363536402612,0.11294145572245261,0.07785247167059473,0.13467088562805193,0.05209254996526475,0.14056349399573007,0.13029347904828992,0.14581858647056303,0.06827344213502692
0.1783546515610824,0.10306695130743747,0.06789274180756803,0.1443151123534351,0.03762964619264555,0.1373771035086915,0.11907401409857775,0.14100359665658016,0.07128618251398204
0.10140864705116966,0.08049523151273436,0.14918226513254887,0.09563558717005471,0.1866571193108553,0.08895167989012642,0.09776632000190827,0.08842191894670574,0.11148123098389673
0.10586794522505538,0.11643921387067135,0.09595553638247951,0.11954378789481492,0.09447205046752966,0.12834685409613086,0.13363957261504264,0.13695943115475584,0.06877560829351982
0.11894474676868073,0.14408144644153345,0.08069850853528013,0.13646652610092389,0.04999895236274848,0.1385435039435539,0.13904903801508084,0.153391378899159,0.03882589893303961
0.09845767179009378,0.11803147227544324,0.13122665851951265,0.11059591825270743,0.14425712343845581,0.10194662741776539,0.12010793604592784,0.11491703766425042,0.06045955459584348
0.10217189964368927,0.0862213903710779,0.11120098831687954,0.10307779948927707,0.145193601205992,0.11048639129673554,0.11407212080602264,0.11086423169205388,0.11671157717827214
0.11728711561460754,0.11591199689482407,0.0858549308767486,0.12696783823981886,0.069878287651158,0.13703010805908258,0.13451784488260266,0.14386979856119797,0.06868207921995981
0.09767979800251547,0.18745579946586463,0.08688615123355992,0.1334565689717999,0.052585330538625935,0.1262415376515927,0.14227899244602135,0.15353473596297088,0.019881085727049205
0.11240562870607529,0.12493481086481135,0.08748288123148477,0.12731157809946922,0.07082081938069278,0.1357736401419759,0.13728900964914145,0.14576075645868877,0.05822087546766055
0.10222889120623191,0.1139588091296434,0.10437827130402359,0.11504183293914305,0.11327300994339017,0.12066970251101301,0.12986970537180328,0.12978332641224197,0.0707964511825096
0.12474849174181736,0.1236422639022529,0.08114800574690892,0.13325511117778188,0.05614596628507992,0.1398410289013287,0.1353602420870937,0.14866295722102243,0.05719593293671422
0.11271285874312413,0.12839734286288773,0.08662635588438727,0.12864191535824582,0.0676403421981814,0.13628880367373755,0.13806290785677985,0.14723287509689909,0.05439659832575718
0.10821007849814768,0.13789670413664434,0.08820399164293906,0.12865594336455818,0.06842432312494336,0.13423532487058062,0.13995327651581999,0.1482854582740363,0.04613489957233045
0.10455889386242083,0.15706896068303122,0.23583617252632028,0.11650443302259013,0.12370669867114904,0.06920134605976164,0.08823690417815054,0.0855952731617345,0.019291317834841917
0.09573416909454131,0.1633535804591388,0.10280290343379184,0.1239584467419629,0.08615262445932222,0.11763491047592722,0.13827469165046458,0.14122538817765168,0.030863285507199485
0.09765804285096147,0.1284925642916248,0.1262015366944956,0.11365026938018724,0.13246177229034847,0.10468892215389553,0.12453599011793144,0.12068408457999709,0.05162681764055835
0.10323094088209737,0.09907435366851203,0.10546662396164042,0.11008084090002009,0.12492221963995027,0.11821604773033804,0.12346979807148993,0.1224432979233497,0.0930958772226022
0.09544563550703646,0.18692476089037033,0.09058174078210383,0.13106226022254994,0.05905597746662383,0.12326206089593732,0.1419799818838766,0.15111168282661655,0.020575899524885186
0.1072098801834503,0.17157668465162726,0.08224259376675402,0.1367217550878748,0.0472926865229892,0.1331576846850998,0.14164062615526482,0.15556290122634397,0.0245951877205958
0.10056000339028758,0.08471540460775105,0.1250657159322465,0.0997624775678047,0.1653823129144104,0.10096055491721985,0.10810662796902554,0.10196610126676646,0.11348080143448791
0.1364551570541259,0.14875381239925156,0.07448702171988464,0.14394732829798113,0.03711314879546158,0.1386254575564927,0.13442233584163868,0.1544521209396645,0.03174361739549928
0.0919970089966322,0.20846829548981605,0.0890383937180187,0.1331380791242062,0.05060363547011204,0.11926418892035939,0.14075273880052683,0.15244841966557962,0.014289239814749015
0.10096011001345073,0.07307695578304572,0.1188620120957764,0.0946003129322287,0.16805794388885684,0.10006558698179663,0.10168925180768486,0.0961759901156448,0.14651183638151535
0.09887165305473401,0.1142838403032419,0.12839607313419735,0.10992905210092169,0.14470914559993664,0.10345981523747494,0.1201591322989443,0.11506759854408148,0.06512368972646772
0.09391155424819991,0.16824058426240016,0.11042468052975635,0.12256879097623434,0.09337897651635012,0.11087659906964183,0.13526508439597426,0.1368926547265298,0.02844107527491324
0.18329101650639376,0.07849350247460862,0.06699058390642586,0.13579556419808816,0.04327526220594419,0.13104021863603013,0.10650364498843014,0.12596207504744752,0.1286481320366316
0.11728026465147823,0.11945947218206954,0.0853106880725902,0.12823933166222626,0.06730686521375596,0.13748348706202093,0.13554267780705864,0.1454139543623877,0.06396325898641246
0.09479746982027909,0.15548704378904202,0.12112403925736216,0.11910499396949299,0.11077688651424471,0.10547525611100367,0.1301318043616264,0.12907261723929855,0.03402988893765038
0.10138071079330387,0.09434405636364147,0.1141419815644127,0.10582815337300115,0.14337207252482045,0.1104800100349943,0.11771602043304953,0.11413707755954955,0.09859991735322689
0.11397540502030147,0.09774572776389702,0.09057897973350959,0.11759788854085947,0.09029599348401551,0.13116440800831372,0.12694571226090515,0.13243021013485168,0.09926567505334642
0.09779772137514241,0.15297682388550515,0.10089699377478921,0.12340086887454771,0.08775873240380348,0.12091626969695161,0.13845485442315367,0.14132115870894227,0.03647657685716448
0.1040874821979586,0.09075296385899816,0.1807718996027842,0.09917125300388795,0.18522281628937817,0.08216735200044255,0.09439579150213297,0.08364266049535758,0.07978778104905983
0.10189751278415433,0.07575954013558521,0.11233040640835135,0.09742325366273275,0.15603604736292684,0.10553621340861681,0.10607339565127134,0.10211125839527686,0.14283237219108444
0.0963730202651471,0.16723448992168222,0.09759356698330783,0.12621449607015714,0.07682600185011264,0.1213455115348815,0.14032578923674055,0.14517624687871156,0.028910877259259393
0.11366789208962806,0.0742694082504801,0.09184724709886326,0.10490857528774057,0.10991819005954055,0.1209410359890638,0.11055477619405986,0.1137119554782892,0.1601809195523347
0.11894474676868073,0.14408144644153345,0.08069850853528013,0.13646652610092389,0.04999895236274848,0.1385435039435539,0.13904903801508084,0.153391378899159,0.03882589893303961
0.09917925290403418,0.11624400813847512,0.1205079824114405,0.11158212751262168,0.13537337198166244,0.10840417869637824,0.1239044381669158,0.12010510470869946,0.06469953547977257
0.10058369131974543,0.08234247175640556,0.1368620038852915,0.09736986905044488,0.1779169824635791,0.09431728898093979,0.10267344186323106,0.09474112178091193,0.11319312889945071
0.11233002394033471,0.11283715502781394,0.08970956021417842,0.1229123075563866,0.08086828932134445,0.13385086155839962,0.13360512460702004,0.14023852802230188,0.07364814975222038
0.11627377628223436,0.055937505696712415,0.18849197345866733,0.07987299883525785,0.20701216326494443,0.07265867748057986,0.070120863939324,0.05623357817221911,0.15339846287006065
0.09807465743817627,0.12450488101089724,0.1257952668471094,0.112815562637625,0.13488644751655599,0.10505235209527602,0.12385847034001381,0.11977926684140562,0.055233095272940624
0.148262931680491,0.12164221010558217,0.07390966341668782,0.1410800696107608,0.04222447075975957,0.14069222439646112,0.12974363771564568,0.14891419720503316,0.05353059510957872
0.10190186492814368,0.06293016706993215,0.1412121016215605,0.08590632549726973,0.19625136791720765,0.0848870707744528,0.08620984452401304,0.07692318360215394,0.16377807406526645
0.09960954270277395,0.16382463473311523,0.09147958221004271,0.1289480064783818,0.06744810020077928,0.1273882287940562,0.14194793219209165,0.14926338391308283,0.03009058877567633
0.10259508917866722,0.07739194239442998,0.10937976737474524,0.09907348557658839,0.1494823889288499,0.10839827632006373,0.1083840230610233,0.10525242682433657,0.14004260034129576
0.09997037105075497,0.09637308720404451,0.1388649258913148,0.10314736390379721,0.16729997061486457,0.09643243942735558,0.1096248030735981,0.10220310727831732,0.08608393155595297
0.10078200079888383,0.08435932160398245,0.1213725625337012,0.10013884469981067,0.1614552058525425,0.10302419237488696,0.10917568865670298,0.10366794133140593,0.11602424214808349
0.09885098939045411,0.16579698674800297,0.22364575073909407,0.11760682252091174,0.12116100982516698,0.07016865269628926,0.09252452185642113,0.09174377069445838,0.018501495529201405
0.10088516393742993,0.13990349637781763,0.09800462704342627,0.12284806804800837,0.08829342679150333,0.1252011022464733,0.13813287575920516,0.1414005336433025,0.04533070615283356
0.09671135792364881,0.1613682111754748,0.09989470742193803,0.1247328293852377,0.08269639649383835,0.12042187166606377,0.13932142489238192,0.14301421977470363,0.031838981266713
0.11553929193302269,0.10255898112667174,0.08886052579158142,0.12065426250631338,0.08319227946141124,0.13348887246909888,0.12942189688963698,0.13619126782855406,0.09009262199370965
0.10040489181685158,0.12451534243004735,0.10654526896266753,0.11679960770151225,0.11093494905013028,0.11884714438486611,0.13193530002221232,0.13163734655782486,0.058380149073887756
0.13360289943300044,0.0989252689767941,0.08050918740952767,0.12750507802564395,0.06291819356743249,0.13800372599500152,0.1259478103304563,0.13847081441367654,0.094117021848467
0.12174098834467195,0.15788020018330243,0.07784138083900223,0.140782159634584,0.041301351206551096,0.1374164763043764,0.13834478306916775,0.1557455305287004,0.028947129889643857
0.10533531808375603,0.13457447833859634,0.0920277397142718,0.1254007518916441,0.07812373006236176,0.1312112702770001,0.1389667311298256,0.14487453164620337,0.049485448856340854
0.1163015620367609,0.11068749876002515,0.08723520376890072,0.12444105078035171,0.07536309545236818,0.13572057663003415,0.13281363470778573,0.14099941221354798,0.0764379656502255
0.10346183493762151,0.15619907710764466,0.08850504609997929,0.13030732127876757,0.06380887791005307,0.13137616830773957,0.1419704033880437,0.15067722608487935,0.03369404488527133
0.10772657793990263,0.19613002118392012,0.07859744463286537,0.1416684512733528,0.03552249560454472,0.12928336674745608,0.13865143861616544,0.15724951848612323,0.015170685515669469
0.10826404758963833,0.09072671749705526,0.2014349177731065,0.09899198318367854,0.1840250101243404,0.07833165230080018,0.08890853863087252,0.07726095445460522,0.0720561784459031
0.10029705703057616,0.08876203163083325,0.1344082084377425,0.10050326526047922,0.17055083030541304,0.09711760111128759,0.10730644243000383,0.09999457024552731,0.10105999354813704
0.1185764203802178,0.0946118333682764,0.23309697789830888,0.10099121002999596,0.17185642338573612,0.07427978100890549,0.08205986558271731,0.06937727272238932,0.05515021562345269
0.10650442694174606,0.086623047976079,0.18994847186478825,0.09732142456688297,0.18855987176653743,0.07986085536337491,0.09011573074927252,0.07855322368389857,0.08251294708742023
0.12429898017066272,0.15505592486146522,0.07732362159939977,0.14118232082957552,0.040884946174977094,0.13792864054140533,0.13771278985730928,0.15548240215158995,0.030130373813615174
0.1552926464559448,0.0967171024366608,0.07392537555172202,0.13439153830021558,0.04945556094288119,0.13848313955652933,0.1211509510801743,0.13847481340570908,0.09210887227016284
0.1262524313795181,0.12710094062084112,0.08009997115194,0.13497730365521832,0.05287830260583349,0.14015717004828132,0.13567031095838236,0.1499768370930133,0.052886732486971934
0.12659867393183177,0.07970905440548835,0.08430635139624935,0.11446377125861658,0.08297216546861814,0.12949654795621118,0.11504157790485652,0.12309971102016472,0.14431214665796335
0.10082819999402726,0.10515907174423744,0.11382608059922267,0.10972131279019016,0.1347398267725888,0.11241697427283558,0.12283731712492252,0.1198036744135486,0.08066754228842703
0.10052364309909241,0.08441603264582791,0.1374646735363604,0.09829662247810826,0.17656748279736825,0.09462433142333261,0.10377272424728028,0.09586774438369637,0.10846674538893351
0.11137683853166025,0.11048558587897593,0.09090876549730646,0.12137933689504161,0.08494716136849856,0.13266625289457099,0.13263526690170574,0.13845386618987582,0.0771469258423647
0.10229473653985151,0.08524458680107792,0.11071291034547708,0.10274747216659653,0.14516452963016047,0.11052873465015627,0.11361146045951431,0.11048730276390144,0.11920826664326452
0.09725231488922888,0.13048063807165364,0.13142945705907108,0.11347658167609366,0.13531166289376015,0.10160571770097727,0.12280451347130195,0.11851376653132811,0.04912534770658523
0.11251845083479158,0.14557042792844407,0.08363343338086193,0.13357329840146148,0.056033773364706045,0.1367620894596395,0.14046704525119372,0.15237269563310218,0.03906878574579958
0.10579774614519606,0.19029960403610258,0.08015234520748878,0.1396824247354115,0.039500706847399314,0.13012034322558222,0.14019200467322526,0.15691676756563397,0.017338057563960306
0.1196756860541473,0.14032796981261608,0.2545242686511286,0.11429665905705311,0.1270036842233587,0.06797879267076068,0.08132170438914955,0.0740782005112442,0.020793034630541846
0.10344869241258886,0.16211349198182526,0.087028485344769,0.13189002119348622,0.05920422208267715,0.13154512539698168,0.1423205812679525,0.15221427245115218,0.030235107868567156
0.1109263162525868,0.049714786445880205,0.09125046041754394,0.08531658665708446,0.13330135053811634,0.10081463717338128,0.08378311871123377,0.08438231721975613,0.26051042658441703
0.09743858219378256,0.12830700758824423,0.13277609263257242,0.11287310607293076,0.13785348446760137,0.1009636279094716,0.12185773818582442,0.11726102363300044,0.050669337316572305
0.11781326213963446,0.161122977685786,0.07884508085860802,0.1398379216199991,0.04260028345924272,0.13665814577036203,0.13933205008293514,0.1559213457387674,0.02786893264466513
0.0858308508979914,0.22998358818631615,0.09719386528005114,0.1311513410604235,0.05381694766648284,0.10715787182364749,0.13662355374230328,0.14793537912298935,0.010306602219794776
0.11418357572270676,0.1875786995217801,0.07717411465909042,0.1430523326877796,0.03449698373471487,0.13156306948687194,0.13775543454332614,0.15723013035090408,0.016965659292826108
0.09073456699116018,0.18335440204150932,0.12795324321650925,0.12190153670403425,0.09969686392217847,0.09726865890330198,0.12795895718971673,0.12929607799966322,0.021835693031926628
0.09745526124960331,0.12814538752926358,0.13276579417287293,0.11283866785718617,0.1379627780578568,0.10097498626100805,0.12183010915562553,0.11722165012601608,0.05080536559056751
0.1004099899849709,0.12889385588111366,0.10434243221226308,0.11842444712717348,0.10485920395273014,0.12052541377980368,0.1338109020120245,0.13436605144892258,0.05436770360099796
0.09084225358631526,0.18470790747568996,0.1206782793370181,0.12279438129395703,0.09415543949921885,0.10119026680585848,0.13095764898596488,0.13295643647339292,0.02171738654258441
0.10316994662266323,0.0911607229827014,0.10695583789053231,0.10649415453728389,0.13359238507842874,0.11524333529514359,0.11868433251952741,0.11686898968093973,0.10783029539277968
0.12432523310932884,0.11089589274783145,0.08299307789524472,0.1285624435857899,0.06450580279150119,0.13855892715327042,0.13207224991346997,0.14338014308765587,0.07470622971590761
0.09182433104161629,0.21261568949224108,0.0878302593668494,0.13407282309822122,0.04769087329347691,0.11916161682538036,0.14043745479539824,0.15317762603495036,0.01318932605186606
0.11368261385342572,0.17112619215110894,0.0791829540373709,0.13999184532327427,0.0413068327842672,0.13469133960264945,0.13988092935654337,0.15655502678088126,0.02358226611047898
0.10605406837814559,0.03790535740754204,0.12443105831784153,0.06650978017342683,0.1954682054544962,0.07240400642389759,0.06048047011973202,0.05250554672355231,0.28424150700136586
0.11057510648954727,0.06420348264258403,0.0937716467909106,0.09658303744946016,0.12499257590861564,0.11245962103088254,0.10054278607364137,0.10183108187863706,0.1950406617357213
0.09073456699116018,0.18335440204150932,0.12795324321650925,0.12190153670403425,0.09969686392217847,0.09726865890330198,0.12795895718971673,0.12929607799966322,0.021835693031926628
0.11500821842017478,0.12170878298567762,0.08629945540866663,0.1277649228003018,0.06899677922616108,0.13676502666722803,0.13633942982796363,0.14555527061857934,0.06156211404524705
0.11218354640336388,0.07307938835020304,0.09304811227066938,0.1033555242289995,0.11449874453165132,0.11923758807843483,0.10932193043075399,0.11178908748369343,0.16348607822223063
0.10221257484386043,0.14785631617143816,0.09255988723544206,0.12677129199623163,0.07465582580869723,0.12912492835627207,0.1406805192026016,0.14675283923582816,0.039385817149628605
0.23155424596767613,0.048296084259045156,0.2865093480127416,0.10473728572730057,0.139663511397909,0.06587154771647352,0.05729978241987981,0.01986047247592522,0.04620772202304906
0.09828252832511462,0.12296409719957539,0.1616415533223738,0.10985168854440915,0.15534582077693873,0.08876103553045085,0.11022007740326227,0.10335167749313397,0.04958152140474121
0.10113930058980454,0.0661276032116774,0.13607375608194058,0.08836822160036416,0.19072508278116496,0.08832525634803463,0.09049530627456714,0.08196262471351057,0.15678284839893605
0.09656077275323594,0.14622462380271342,0.11373391258999814,0.11893907570771356,0.10864430561663051,0.11159397502139862,0.13248120405077754,0.1317793855736331,0.04004274488389916
0.20601942588545227,0.08812681427929854,0.061919931704896576,0.14942372998868025,0.03320506611977075,0.1305908039273815,0.10836450897951962,0.13152962589956874,0.09082009321543183
0.10486828984670311,0.16258863502694798,0.08562122295531853,0.13307858049040452,0.05619884811088039,0.13257733806878283,0.14224692872357367,0.1531476145981162,0.02967254217927276
0.11082537939397547,0.09156532604915157,0.2113229717312679,0.09937389198207817,0.1814204287688277,0.07692527135079119,0.08667847192669237,0.07471135289707287,0.06717690590014286
0.10008468592286941,0.11331232270907265,0.11452231699808856,0.11195906799054893,0.12997963096475948,0.11250054434476901,0.1254855203269237,0.12267907076739219,0.06947683997557608
0.09957085880867507,0.10993808753721535,0.12196875236439507,0.10960100654380706,0.14160211274925258,0.10717452648708924,0.12131846831322224,0.11692424118258009,0.07190194601376342
0.09074560961327423,0.2225630559009616,0.08638266779544546,0.13552606982699178,0.04297555316115998,0.11761840100089553,0.13930890073089605,0.15393857327176033,0.01094116869861502
0.104577835742181,0.078437207582735,0.17207136616006083,0.09376936371986594,0.19460629709245483,0.08204192975718826,0.0903140941695282,0.07907574165739885,0.10510616411858699
0.1006225075298597,0.07523231784326138,0.12606269120971114,0.0948014252113593,0.1746182493317323,0.09702533662010288,0.10109700303142244,0.09438292191804487,0.136157547304506
0.09578592314251662,0.14944292898714054,0.11782333697551821,0.11869747665958043,0.11121056539798864,0.10836904319569186,0.13104860952290218,0.12991839318490173,0.037703722933759835
0.10196554818841402,0.11449667312016465,0.10503217043790171,0.11494620195789385,0.11415450068944637,0.12012538874246187,0.1297826824999532,0.12950853947913285,0.06998829488463146
0.1277124675747952,0.1298881332263299,0.07920557808301204,0.13639597427001576,0.0502476197456401,0.14031070318033143,0.13575247912100424,0.15092390123049432,0.049563143568376995
0.1055140685978564,0.12536519072132887,0.09421959729473657,0.12246164802614645,0.08655953322123654,0.1298356088040676,0.13656610373447772,0.1410251490859857,0.05845310051416408
0.11734491559526934,0.11967697568922832,0.08524022140933617,0.12835028564560572,0.06706113590061213,0.13753353278965816,0.13559451542368137,0.14552536191262014,0.06367305563398862
