0.06318289416544216,0.13443841194954823,0.1021114900057339,0.07303380265108148,0.09229688422644156,0.09764616967184021,0.14860566738346273,0.15113645499367281,0.13754822495277685
0.09327418037373576,0.12645252662910378,0.10951223582141882,0.08496470276970523,0.10038103813323906,0.09869702989290108,0.1212881436659428,0.13706073596664117,0.12836940674731231
0.04537353838316597,0.13368367034170422,0.12665818396110073,0.0532395759240911,0.07914832050399656,0.08017486528654437,0.1915604660090698,0.1536629093089433,0.13649847028138395
0.07087384805273764,0.1304487366227123,0.09662439508247854,0.09163364769533339,0.10161773717710043,0.11357008840197558,0.12050414505904948,0.14100965103951693,0.13371775086909574
0.11475740563854968,0.1124079911208082,0.0948568572057702,0.12639111050882232,0.11959400378244907,0.1236140240740113,0.08259021798644854,0.1111408813313869,0.11464750835175382
0.050913425612174316,0.1363916300835973,0.10368111045622813,0.06590174475684159,0.08655551389498341,0.09456549981814955,0.1662930752753119,0.15545871443986645,0.14023928566284735
0.08644893043886094,0.12741820814421578,0.09781499621080546,0.0934052083279198,0.10443704615611514,0.10893727835233669,0.11499949784651638,0.13655804338797142,0.12998079113525834
0.10781293252483126,0.10830128650889237,0.09569595206534783,0.1400642937029752,0.12302558859905444,0.13430188078077115,0.0741906638630387,0.1056134734782273,0.11099392847686175
0.12714170892970386,0.10846494639636357,0.09679217015868473,0.13010857212797655,0.12131894734497595,0.12157724564383719,0.07865206942849763,0.10547622467074091,0.11046811529921959
0.1291958821067369,0.08349112149776854,0.09818505536751863,0.19135755015888667,0.13505975023585373,0.14850317573152647,0.04881730444393822,0.0780758494470334,0.08731431101073746
0.10199595214427876,0.12009333254187471,0.0960074058152297,0.110141770121793,0.11269251861587402,0.11693313209971505,0.0963138271035247,0.12338985792297237,0.1224322036347378
0.10618524670923385,0.10897418532515572,0.09594029802853858,0.13892222444468194,0.12249606015514918,0.13426497085749314,0.07496639569073481,0.1065605814905658,0.11169003729844697
0.0852865735229863,0.12875905696439205,0.111544054676761,0.07865826047823381,0.09680972557997536,0.09528046269544262,0.13122560084973534,0.1417374308723609,0.1306988343601125
0.10229606568461097,0.12242425006825351,0.10112298770344663,0.09967429931206932,0.10804388128426612,0.10857512373931522,0.10496536115917861,0.12835894088572267,0.12453909016313691
0.10522505445831921,0.11984822406703965,0.09755898258650646,0.10833891940717671,0.1120790425328481,0.11440999782101402,0.0971828319274235,0.12330146244113947,0.1220554847585329
0.05383578385736276,0.12605329439348342,0.17096035578103974,0.04427512379320686,0.07477182613240972,0.06492515311790237,0.20127127361186392,0.13913650261255106,0.12477068670018016
0.08933255246909683,0.12332367388872793,0.09527080075157764,0.10712323336872588,0.1103717077909779,0.11934765420097222,0.10082490356683,0.12836388770950014,0.12604158625359144
0.09811900290849629,0.12481386571844168,0.11855275580878283,0.08210254286532413,0.09864978350656772,0.0943454917113377,0.12185322676700122,0.13525792002067014,0.12630541069337828
0.07415218162879718,0.12588038288968084,0.09868337307929216,0.10450298690246414,0.10662466284328802,0.12347940572543566,0.10509509784859705,0.13239446685463466,0.1291874422278103
0.11700788499318442,0.09925821194887097,0.09632188253924225,0.15863203247974045,0.12849625062906264,0.1403343451771896,0.06340604173802335,0.09436698757518669,0.10217636291949968
0.05933405959731083,0.13229474107465108,0.12686143739531064,0.058774688160554846,0.08408243391321023,0.08199989167999193,0.17194555714168444,0.15061069035600655,0.13409650068127943
0.039969843067491,0.12691447367843342,0.16975820504287506,0.041389786050158216,0.07179466799101555,0.06536362338225551,0.2163832570750218,0.14140464935561484,0.1270214943571347
0.14584583849784227,0.09951775898360565,0.09905663214810513,0.14357695913953458,0.1259527243527637,0.12271063500813494,0.06871247495223277,0.09321797911296424,0.10140899780481666
0.18861455985543493,0.08219285739436329,0.1277879590801186,0.15372267758622526,0.12444494967446677,0.11154959477850634,0.05533881187685402,0.07244630424239021,0.08390228551164046
0.05973784293461295,0.1350584438408887,0.09975903696893972,0.07429367894764706,0.09229414409186425,0.10056166238532023,0.1481675849499009,0.15158959708843212,0.138538008792394
0.0790809576433712,0.12753325653572992,0.1397731419878089,0.06302857227513983,0.08725948539223478,0.08048732714731316,0.15260956979688692,0.14220604642081466,0.1280216428007006
0.10421257169727455,0.12291766172091713,0.11685475714098408,0.08692822606444563,0.10124192851552262,0.09684804051539993,0.11498625941220546,0.13156766074653503,0.12444289418671554
0.12961443276758855,0.09705569251446611,0.09374545705731922,0.15986942250757677,0.13024383330560954,0.13640466664191983,0.062393318609231335,0.09098928150256214,0.09968389509372642
0.05813279868455581,0.1315445011915552,0.1330394292482712,0.056384861875941494,0.08255243941472419,0.07938671937195388,0.17632865078364549,0.1496181899510829,0.13301240947826984
0.14470166097466888,0.10301394855785752,0.10434191697061357,0.13232775150295037,0.12169737340549679,0.11676257016729957,0.07435279609366972,0.09809995442736334,0.10470202790008021
0.12251032908963048,0.10410526036481794,0.09390987423686586,0.14514849533409344,0.1259976691726171,0.1317458251488138,0.0704607184757486,0.09960529262547879,0.10651653555193395
0.1250907881594062,0.09682921576935581,0.09464800299362362,0.16198417163529982,0.13023753208967281,0.13894032034684697,0.06154291800353667,0.09109343439640145,0.09963361660585666
0.07751625505731473,0.1238704959861187,0.0987582539276667,0.10915709652305482,0.10882525385541486,0.1257659631343592,0.1000041619498462,0.1290122326033549,0.12709028696286995
0.12094274843972429,0.11326662638074142,0.09902261581284143,0.11878054866910813,0.11678568941029906,0.11641812705027675,0.08667585523306374,0.1128853529386168,0.11522243606532846
0.09528123613475285,0.12284243646332693,0.09593561197345657,0.10518357683561469,0.11021329301516948,0.11556411549220652,0.10169676420926699,0.1279660074144542,0.12531695846175164
0.11722751480311933,0.10741108560951057,0.09411890153015627,0.1389133051363073,0.12379963692362439,0.13023486689627142,0.07443044671002151,0.10404539178907084,0.10981885060191841
0.06673003057787005,0.13152872729187742,0.12463438063580258,0.06280626303143409,0.0869599096554317,0.0842921681099928,0.16106394860551443,0.14880835074028198,0.13317622135179494
0.12318859955870266,0.10644569813666727,0.09422349401199522,0.13862728708476765,0.12412682811706577,0.12795946852246912,0.07412667183036951,0.10260233694807348,0.10869961578988929
0.0865394534237328,0.12541194656202412,0.14611106241892993,0.06402154685413419,0.08773453796113855,0.07938146977648972,0.1467431529566957,0.1385975366865761,0.1254592933602788
0.12840328048930907,0.08611388644943842,0.097382105441927,0.1856519957946213,0.13435013034430224,0.1469156076737785,0.051042503843204766,0.08043141782638562,0.08970907213703307
0.08504582823113642,0.12891436750624188,0.1085169814577394,0.0805458664325564,0.09786781451697708,0.09726651473170082,0.12928559191894687,0.14155801519413383,0.13099902001056726
0.14245993844853316,0.10368834220374694,0.10290948292732482,0.13234727177191707,0.121835429092597,0.11756611639804693,0.07479851922698828,0.0989771674704611,0.10541773246038456
0.08836332252331393,0.12764460100850797,0.11723928364115487,0.07712840275461628,0.09591855603855164,0.09267513482712153,0.13135616666586342,0.14039844420546324,0.12927608833540713
0.06222308471644655,0.13298888558611952,0.11880226822345118,0.06292182954069166,0.08675487926274439,0.0860866613643686,0.16394772453011616,0.15112595590326597,0.13514871087279598
0.0646371867299872,0.12931871194759917,0.1429753118735826,0.056072859567412946,0.0826771579987515,0.07676668075838046,0.17194017327566521,0.14573863070989332,0.12987328713872756
0.12277427117624605,0.11086379245955626,0.09686575251553298,0.125686576672533,0.11959319567513531,0.12034069906644113,0.08197611148010596,0.10900769493159683,0.11289190602285244
0.09398950566710636,0.12536960427055235,0.10006979325263426,0.09496334709763328,0.10557661740515101,0.1075365218129453,0.11143860524279219,0.13339249272428397,0.12766351252690125
0.10826342162333435,0.1179206805171749,0.09673996651758215,0.1130056727458119,0.11416232746365496,0.11680190087092464,0.09300573990600208,0.11998109332295404,0.12011919703256095
0.1433951881252334,0.094007154455048,0.0938220270922443,0.16129453692971604,0.13131293001498637,0.1322167172591645,0.060794823563179314,0.08677372553007599,0.09638289703035208
0.10833672689206879,0.12152178722916113,0.11878375802636713,0.08835585516167994,0.10187772370254021,0.09678676607452504,0.1121021523994604,0.12928051750571454,0.12295471300848292
0.09254263552238058,0.1258670804801897,0.09992887642238278,0.09411842878772453,0.1051153722931697,0.1073200319578258,0.11265180011789704,0.1342614192435052,0.12819435517492464
0.07885843979904518,0.1302760795885275,0.09919626185401093,0.08581338559680242,0.10027735194449755,0.10475284799665106,0.125618462242964,0.1422437842992447,0.13296338667825666
0.08343439090879384,0.12847316302275386,0.12256419557413467,0.07181237402074732,0.09275716147937763,0.08877930632793048,0.1396750831151697,0.14260799160203286,0.12989633394905964
0.07540053207516578,0.12257307354667768,0.10140470628444274,0.1125134873742785,0.10910543681162876,0.12928875947194343,0.09680755021002847,0.1269698842912648,0.12593656993456978
0.09218438720229151,0.12673308503898478,0.10648391969910893,0.08666909876377989,0.10130925894584379,0.10068147009277989,0.12005313264102913,0.13709433597464218,0.1287913116415399
0.1545179373008946,0.10175747309316185,0.12200530935978708,0.12194712767845295,0.11600915478271329,0.10680571955359697,0.07660162305869601,0.09729673520733796,0.1030589199653593
0.1407158296968654,0.09209646148485229,0.09320401463634342,0.167573374037444,0.13268764256579005,0.13584238298716478,0.058218510852587724,0.08494356167598503,0.09471822206296739
0.05680361493778321,0.1355556029576933,0.10341079569920054,0.06864889384789105,0.08911729799505967,0.09527110528963266,0.1585089810860944,0.15373022757241417,0.138953480614231
0.09850005426069326,0.1246973268653434,0.1080901712686929,0.08952989148610409,0.10284708049152295,0.10112624083965098,0.115009417367834,0.13359311266887766,0.12660670475128077
0.12603819943407155,0.0899336478179613,0.0967525443362618,0.17758694319803855,0.13298264722320133,0.14490203535489413,0.05439309668080731,0.08414719143161214,0.09326369452315197
0.07877788115348243,0.12731835832443425,0.09596993666430347,0.09913923470391374,0.10587180752281466,0.11698877165566851,0.11037271795254895,0.13522678164026206,0.13033451038257204
0.15383548117057524,0.0977001816906005,0.10447657825027139,0.14180013090156868,0.1248439147950567,0.1188916736430784,0.06810463723455333,0.09092107207174706,0.09942633024254881
0.13410425747606772,0.10099710303949072,0.09436804211982963,0.14757701217176764,0.12730605793488578,0.12893037304484908,0.06822034439145284,0.09529630731194327,0.10320050250971335
0.10352698712211612,0.12272663263971721,0.10589643663725536,0.0950413987104504,0.10571876747765031,0.10425030863441216,0.10849724669528889,0.1296857777603074,0.1246564443228021
0.0461997757824865,0.13176109766510746,0.13841030634635482,0.050465996328881275,0.07778756825408513,0.07595211780185086,0.19512605753479986,0.15060966293873176,0.1336874173477023
0.10928776985839618,0.11823827729821035,0.09793497635740596,0.11087726890407024,0.11329022856271491,0.11487693514745351,0.09442438866741305,0.12070005269446649,0.12037010250986935
0.11937490336215684,0.10857532356965179,0.09430384023168176,0.13477244019151266,0.12268809336609136,0.12709596138693965,0.07677202696434904,0.10557083870362921,0.11084657222398771
0.11978398564318538,0.10038182486901592,0.09500607672685997,0.15525875860756175,0.1281970088730117,0.1377647994702301,0.06510196781970642,0.09538186484413175,0.10312371314629702
0.10091823501103608,0.11185535584957029,0.09643653980764864,0.13347871348662763,0.12027016877747841,0.1330749071510188,0.07874669743507082,0.11059997715149854,0.11461940533005081
0.16678167949647582,0.08963786577215048,0.10503440661989742,0.15607422557478295,0.12883097164894394,0.1213721298713255,0.05975294793622473,0.08098345406183005,0.09153231901836904
0.03750713986293663,0.13650566075835172,0.111059651538294,0.05680421337985083,0.0782532234743633,0.08890445624384442,0.1922378345931847,0.15715832424386758,0.1415694959053068
0.1260829844710722,0.1057245971035281,0.09448076296964981,0.13903257742044003,0.12439103246154425,0.12716844266401564,0.07361791593592788,0.10158272404431386,0.10791896292950816
0.09416166629487405,0.12156352543153613,0.09509387659826218,0.11019099975441611,0.11207097084118899,0.1198676580753167,0.09742298359383976,0.12546997631472265,0.1241583430958434
0.18348724569391392,0.0718658974407418,0.09874317606433809,0.19623139894457717,0.1371980762310269,0.13067594132635807,0.04350064628181096,0.06330784497897098,0.07498977303826211
0.11970349007041636,0.11743857221190479,0.13377732465688333,0.0868800929906996,0.10021088991464588,0.09188510086970507,0.10820088502965138,0.1235971919257108,0.11830645233038278
0.12151114779654686,0.11538177871575321,0.10643876419857334,0.10832492987983611,0.11198068158547848,0.10874028948966313,0.0933645567887208,0.11714169947089469,0.11711615207453334
0.09557938811431697,0.1252352036353467,0.10248905082694175,0.09296541216412281,0.10463312844829749,0.10521564251472582,0.11285357984128819,0.13362618552580313,0.12740240892915713
0.10272236223730764,0.11264048299308217,0.09549355283089268,0.13106262285233447,0.11990512505742335,0.1309238969896282,0.08035337759444382,0.11159731186696291,0.11530126757792473
0.0652518613239606,0.13237773810267517,0.1198264737030396,0.06393788154392603,0.08756180209254111,0.08618684827596035,0.16050663166333493,0.14999358746075128,0.13435717583381088
0.05302948265386889,0.1359567488595716,0.1054052268443388,0.06535067646286692,0.08679216039955817,0.09290316586436148,0.1660204934364655,0.1550474878099287,0.13949455766903998
0.1771391783489771,0.08171369819381968,0.10414658774705478,0.17172342656579764,0.13245953673102748,0.12428263533081008,0.052252156388987024,0.07231170645567069,0.08397107423785564
0.08330075312808721,0.12929090254705902,0.1021660226619449,0.08493760211598306,0.10014705065592688,0.10222459653518219,0.1251314359114264,0.14109317607397412,0.13170846037041628
0.12405106762341418,0.08247948306437446,0.10134153292355137,0.19445767491602214,0.1343482730060083,0.1512882263492937,0.04762772119861053,0.07781468659654024,0.08659133432218515
0.069073361086867,0.13311809965902477,0.10397631544483334,0.07457580777238296,0.09378030707883146,0.09696716239771506,0.14371567405245464,0.1489373139867585,0.13585595852113225
0.13692529935439546,0.0973451900217982,0.0937141930511523,0.15588179109452638,0.12972505402664355,0.1320136975070271,0.06385020570764578,0.09084655560487243,0.09969801363193882
0.07094647893192049,0.1304956106991439,0.0965982048174372,0.09143280404580063,0.10155792181913698,0.1133501991332122,0.12074150617420519,0.14112049384066905,0.1337567805384744
0.10261921545269524,0.11801405776571376,0.09491712790181667,0.11655704630981323,0.11522163798571962,0.1213846195725067,0.09110115332126029,0.11974907541974811,0.12043606627072634
0.037822417294924804,0.1345256179936434,0.12351169221795844,0.05162725419107544,0.07639423240832946,0.08124661442486496,0.20111570099806939,0.15519919422818307,0.13855727624295108
0.1622747653119521,0.09480391919572567,0.11053144604579461,0.14227881740247836,0.12422724417801466,0.11605486162250762,0.06608996450593062,0.08731271684368093,0.09642626489391541
0.12452913766913859,0.1157457217635166,0.13114407987527066,0.09149461565960343,0.10256178446100984,0.0943333686959597,0.10304422489609577,0.12041301622961846,0.11673405074978704
0.02575474682868328,0.12294841506005712,0.1917188835814545,0.03215829806483584,0.06404243421224312,0.055860574269455114,0.25413206055461185,0.13016650375136765,0.12321808367729155
0.13422313752444742,0.0825274279587369,0.09644118280211157,0.19244206834797073,0.13593710586166255,0.14708689695643087,0.048367561064705994,0.07670861955575535,0.08626599992817863
0.08225364819216263,0.1283821289597494,0.1263646363015805,0.06955972533637277,0.09137574269887629,0.08674008212624619,0.1428838410468984,0.14282240799326332,0.1296177873448505
0.14257655482846887,0.0897272556610188,0.0930841457956239,0.17269565800965678,0.13384206464799506,0.1372538018876295,0.055910633088261254,0.08242669377674595,0.0924831923045999
0.09257667903508726,0.1265421066220905,0.11594778375477625,0.08030459904003363,0.09773192518407449,0.09443704061987694,0.12612157641193167,0.13814833808551105,0.12818995124661814
0.12459394107996546,0.09049390210271795,0.09710571727244255,0.17665411307924406,0.1326299684734009,0.14506861904617394,0.054806661778586126,0.08481993737721849,0.09382713979025058
0.10986348172027331,0.11409007084972271,0.09463934757639304,0.12423834652808835,0.11853011657196744,0.1239758750401665,0.08459964327182412,0.11363811581598665,0.11642500262557798
0.0671219515750795,0.13111887564035798,0.09735062749712875,0.09054167167580156,0.10037697001489553,0.11418442690688431,0.12261809874172298,0.1421099212093551,0.1345774567387743
0.08817244735256209,0.12608765385855436,0.0964988918976808,0.09799103638378005,0.10660945469389153,0.11229946632580438,0.10989051229852016,0.1337628525008267,0.12868768468837996
0.03296338448185492,0.1281698184314857,0.16236384904862314,0.04154624879295014,0.07041098636320199,0.06824225447727854,0.22167148282573135,0.14458031783403918,0.13005165774483504
0.13284909342476584,0.0687099942772027,0.10374258673440194,0.22335470379347422,0.13712521140126913,0.1558844871277138,0.038040937835628987,0.06623316954009971,0.07405981586544365
0.08956834446323257,0.1259461182126548,0.09707175305071357,0.09734737715368769,0.10644059790028747,0.11122199810955118,0.11022992581055469,0.13369745992198634,0.12847642537733175
0.06815062757950797,0.13294360147054773,0.09804081832178942,0.08159290948264235,0.09704199257346431,0.10483067675609503,0.13441042258959282,0.14688293998739843,0.1361060112389619
0.12639069134920572,0.10008186380048849,0.09381405987257783,0.15367343386096963,0.12852415458399005,0.13466084956846955,0.06565565634882246,0.09458760897777078,0.10261168163770551
0.1548519713891915,0.08345600783826114,0.09296894666102729,0.18287963426081796,0.1361827027502169,0.13674236732159054,0.05105259167369635,0.07550931311783012,0.08635646498736822
0.1158284590573908,0.11424203153446268,0.09667523898474091,0.11982763314058997,0.11716422165363559,0.11891918204550112,0.08686555512578818,0.11413186088298206,0.1163458175749087
0.10468630725674981,0.1180233427199896,0.09532907531198424,0.11528181025778966,0.11489342403254688,0.11972538682963325,0.09182253698806452,0.11987457748035286,0.12036353912288918
0.12335491873346822,0.113760455451914,0.1032519808859352,0.1138783776792656,0.11457042366132793,0.11216367733696671,0.08931754864887208,0.11413698404997859,0.11556563355227162
0.1272104980776927,0.10125895180640088,0.09372681474854999,0.15037068520912325,0.12775126514709462,0.13275757635786675,0.06732619404066435,0.09591481391908697,0.1036832006935205
0.1290611520678173,0.1068747460398138,0.09626043338797892,0.13370387081260593,0.1226551501740017,0.12306445396840204,0.07630244013604,0.10317783233772453,0.10889992107561576
0.08941282874251433,0.12641921472378506,0.12992606342482335,0.07167066239362735,0.09255935296288498,0.08670271756884518,0.13645211081948017,0.13944684520302852,0.12741020416101115
0.10087187827492865,0.12389833539214323,0.10857871874752617,0.09073565619186062,0.10346921434861882,0.10139717640731853,0.11307645589695337,0.13221032748270814,0.12576223725794258
0.04005714556216986,0.13239661316975126,0.13621072896338982,0.04894806897149035,0.07580071958108307,0.07631634240794861,0.20315440983097752,0.15194281805458668,0.13517315345860284
0.09450545842518111,0.10952614798617921,0.10119343026070172,0.139947937422802,0.12038600634682305,0.13935234011272868,0.07442160890753101,0.10801768547591738,0.11264938506213577
0.10822463308665004,0.11142435964625719,0.0946399536265815,0.13222337494452224,0.12094583765219376,0.12959050924212456,0.07926180466673703,0.10974518727450315,0.11394433986043061
0.08067646512786333,0.12273731113403878,0.09809975896293432,0.11148783665697916,0.11025759665241786,0.12622559276005965,0.09751164240481956,0.12714794609229904,0.12585585020858833
0.07913455288437442,0.12997166999751028,0.11671152648501126,0.07230879616823897,0.09303955412094149,0.09077065961458146,0.14149476364298721,0.14480800545888786,0.13176047162746704
0.1543353624346864,0.09890985711516893,0.10842466105319233,0.1364450870976415,0.12265938898573331,0.11571984973151199,0.07035164985308677,0.09263519767344543,0.10051894605553326
0.14989947423692646,0.08874503022785223,0.09345669973748329,0.17169555967442365,0.13388360578920303,0.13429847178649432,0.055798835362205236,0.08089493577100167,0.0913273874144101
0.12313439139048915,0.09763562569089525,0.0949313085514664,0.16069247507572362,0.1297449937037624,0.13906378170288272,0.06223472390731038,0.09211225188674671,0.10045044809072323
0.1722822710045594,0.07743116455078163,0.09580397529663383,0.18873486294498057,0.136848757252409,0.13247821344193603,0.0473023575106536,0.06879029010696326,0.08032810789108273
0.08490294677147636,0.1289664425758866,0.10764361667031903,0.08109792664632264,0.09816958141555576,0.09786845293400397,0.12874559971843744,0.1415113602034491,0.13109407306454923
0.07412417480958827,0.13137462701643565,0.11340998912139329,0.07131082417999678,0.09232002050057653,0.091453854132776,0.14544671968612247,0.14711630802461484,0.13344348252849614
0.11558722475126278,0.11106099615793041,0.09450185279720634,0.12982900713842938,0.12082991245824239,0.12547276863217796,0.0802451732032735,0.10913512537321746,0.1133379394882598
0.1571032628348253,0.08374209387341114,0.09338876961926057,0.18096192643640538,0.13584351096395478,0.13526344430652226,0.05158142158246432,0.07558226504807186,0.0865333053350843
0.11807199907374027,0.11218681100987042,0.09577295666834094,0.12491834527883866,0.11919787744336158,0.1214971751079597,0.0831441969651538,0.1108935646864896,0.11431707376624504
0.08117602314626607,0.1300112144318498,0.10716078480740776,0.07918553968878338,0.09701415490792081,0.0972773494956687,0.1324999553398545,0.14343967653241396,0.132235301649835
0.14078805631228064,0.08865002885928043,0.0932360277807247,0.17608008518685184,0.13436819290439378,0.1391754045715082,0.05460096886257709,0.08153671973937549,0.09156451578300795
0.07252744851676121,0.1319825154038072,0.11024232976335531,0.0721984337948761,0.09275159608223142,0.09302195482198117,0.14517400032610628,0.147838993149801,0.13426272814108034
0.13264378473625252,0.10232734778010304,0.09458441732668381,0.14473150498346088,0.1264032507860337,0.12796360227614803,0.06984246469710562,0.09700655372548918,0.10449707368872323
0.06265373000566447,0.13326571364518278,0.09759774958536915,0.0838016440215988,0.09683345893760731,0.10951846512804204,0.132871087338894,0.14659473791119856,0.1368634134264429
0.1367726182241874,0.09486383799089261,0.09335537057822522,0.1623544254491736,0.13131301599624687,0.134999396121581,0.060815265968372036,0.08812117593363793,0.09740489373768339
0.09509512459161114,0.12183736791242587,0.09525307784205239,0.10879648133363824,0.11163773446006921,0.11845236005814545,0.09851987591747007,0.1260293411892589,0.12437863669532863
0.129050999141863,0.10486207750572085,0.09483359938911053,0.13971782135934696,0.12471447524188756,0.12650934885331663,0.07292465009296714,0.10038357794602255,0.10700345046976482
0.11432440808908918,0.11381221796138176,0.09556610345959772,0.12235955145794193,0.11809844461869777,0.12114744136453455,0.0853605231601845,0.11333467444055052,0.11599663544802201
0.04808890755737815,0.1283569240890643,0.158985215370916,0.04617487111117924,0.0755300180908909,0.06929662188457467,0.20071508407790684,0.1442744528158203,0.1285779050022697
0.08746038956374225,0.12377999942031026,0.0953855202322622,0.1065771367674929,0.10992322352183868,0.11964670010855054,0.10158029845616467,0.1290876865325731,0.12655904539706544
0.12296605370388186,0.11374977571208451,0.10261211766708196,0.11445366177321892,0.11484653970943252,0.11270656704206218,0.0890411268482285,0.11404806064273643,0.11557609690127309
0.08778683829510621,0.12799302316913516,0.10357226319817399,0.08643612004355457,0.10110077776383951,0.10202373637689582,0.12190818422226816,0.13892767462756175,0.13025138230346478
0.07059810148140377,0.12810506576158276,0.14595174000874234,0.057499467031609,0.08370017508759091,0.07663136776035027,0.16568946319420286,0.14351809511190358,0.12830652456261452
0.10973665966852215,0.11601173393662097,0.09554581697994269,0.11843850810641689,0.11639597847023009,0.12012670832480178,0.08875218231500204,0.11673539815446199,0.11825701404400142
0.09906511645766967,0.12015582098625961,0.09518750874491165,0.11190172226597794,0.11318209891193805,0.1193190538027026,0.0953097242417914,0.1232632744017118,0.12261568018703732
0.1188611058778389,0.11235429107357485,0.09629060220216591,0.12380162222168571,0.11879518599653686,0.12049554149780695,0.08375959403085355,0.11119578895520789,0.1144462681443294
0.16041654462134702,0.0892950464320333,0.09818969984980401,0.16323513364782968,0.13155467897530485,0.12700484985110547,0.058031168883128176,0.08081786908180706,0.09145500865764045
0.12003026242750359,0.1145005871186167,0.10074688422340179,0.11479250580787466,0.11505806780806734,0.11396182853962696,0.08947021969307972,0.11503100374219088,0.11640864063963828
0.17468104968972553,0.07735531966572125,0.09710748665634107,0.18721067666790492,0.13638231632388798,0.1310565421024305,0.04750124930007721,0.06853382035028614,0.08017153924362537
0.15173926183404432,0.09534299909786666,0.09845157196306924,0.15181739396386987,0.12850641910749505,0.12483545894392067,0.06404681891707317,0.0879354482993211,0.09732462787334001
0.09780205308184216,0.12488502920254745,0.11922126221973395,0.08152936542649088,0.09832116150534341,0.09390016253066236,0.12251995004383466,0.1354712265900502,0.1263497893994949
0.07911837133187224,0.12820878805489874,0.09592559661992937,0.09588963737505263,0.10469434078112971,0.11400959641862556,0.11391129627910716,0.13709044276934965,0.13115193037003495
0.07052226653758001,0.13262134093723293,0.10745840920689509,0.07282213901675971,0.09296947151544908,0.0944688572006246,0.14538665444579646,0.1486370596705899,0.13511380146907215
0.1185544981487708,0.11640078487669825,0.10493175223212937,0.10765551438275933,0.11175798298360305,0.10924821434408583,0.0946054612297114,0.11864384944442723,0.11820194235781482
0.07182214305034207,0.12553766431394545,0.10044854324595116,0.10562300799005535,0.10627138931183333,0.12543671297938785,0.10408423162998977,0.13180401598175695,0.12897229149673806
0.12039747600580442,0.10904061005536382,0.09461946074024824,0.13289825601450037,0.12212731340776269,0.12562743014949074,0.07781829417334289,0.10621940054942917,0.1112517589040577
0.11237075546265664,0.10791607118824426,0.09465742134370471,0.13953962973020598,0.12348683838151815,0.13233583893195747,0.07433265330772021,0.10489385974370542,0.11046693191028711
0.11361381282455472,0.10914699663097986,0.09428654787094397,0.13594592569082262,0.12260416040648019,0.1298372959027038,0.07650084139918956,0.10647469943723832,0.11158971983708697
0.1250060737972433,0.10920143554278684,0.09636284505815669,0.12937691264039028,0.1210233940192772,0.1218750037175844,0.07939296632904708,0.10652087633656417,0.11124049255895002
0.1738075851876295,0.08603448984925201,0.10759894913553215,0.16067997101729414,0.12954482266866083,0.1208210085028945,0.05668290349035258,0.07684036669870355,0.08798990344968076
0.12966822414354473,0.10046053068277577,0.09368178254929771,0.1513074799932408,0.12815929429959916,0.13235730970559947,0.06667311955514625,0.09484068030088139,0.10285157876991467
0.16147445210300418,0.07627549942332477,0.09253229104114792,0.19801390107310676,0.1386007992862939,0.13935374666834902,0.0452590578301513,0.06879143200496973,0.07969882056965234
0.1244798309703885,0.09970106294380314,0.09412626469045492,0.15532882151853247,0.12874060590001085,0.1361246771793129,0.06489553713773932,0.09427986228082907,0.1023233373789288
0.11186795730754039,0.11239654864520238,0.09444051562364421,0.1280157087725011,0.11996655797440166,0.12567479353832464,0.08180476420718968,0.11109302016636058,0.11474013376483538
0.11137640761128866,0.11629102311036484,0.09653836550728301,0.11628684927760484,0.11561372656495254,0.11804440698632983,0.09006138732815165,0.11733175893122227,0.1184560746828024
0.11801411255404855,0.09043308732041645,0.10029686546428525,0.17803498508819748,0.1316063770284225,0.1479466665732231,0.05419541246930987,0.0854612031614202,0.09401129034067664
0.11512492452439077,0.11913819578150246,0.12591350311011149,0.08840279654765759,0.10148698801102525,0.09464849998872771,0.10916502367019353,0.12582463789595108,0.12029543047044018
0.06505225108963626,0.13337666373572996,0.09755639670777645,0.08189157864284902,0.09661938372231764,0.10647038857467044,0.13494714990649634,0.14732984432669008,0.13675634329383382
0.1009411997431287,0.123345113176112,0.10312717884914384,0.0961113586150641,0.10627641790032238,0.10606080269986849,0.108393849153458,0.13033722072055995,0.1254068591423426
0.10709867664981317,0.12016181978174838,0.1001550037467704,0.10489623353987272,0.11057059282392417,0.11108897170214131,0.09950252793741064,0.12428405338535908,0.12224212043296019
0.10093664883296276,0.12394760674887913,0.11857533626981005,0.08380487482442983,0.09955237185652598,0.09503542650583797,0.1190616263749487,0.1336639382265457,0.12542217036005995
0.11424386690204065,0.10386773579093524,0.09542075259260309,0.14870227529019334,0.1260091885027416,0.13654789193331837,0.0688386203321166,0.09978648531434502,0.10658318334170618
0.04381489079205267,0.1258625669635038,0.1752369270572316,0.04052059570720068,0.07177491382378294,0.06284493587503716,0.21640328760725888,0.13859552576413284,0.12494635640979941
0.1018350736043084,0.11721514189629971,0.09472640407554474,0.1193249093489095,0.11613791557971422,0.12360640260891813,0.08904026477827338,0.11840997380589217,0.11970391430213972
0.14965569504087128,0.07513429189652347,0.09375979461818663,0.20537707708779532,0.13883814992215984,0.14557671585315496,0.04346524703577653,0.06907463761771818,0.07911839092781374
0.0712808691342678,0.13242000542867774,0.10796998427414504,0.072907613722844,0.09306959248018513,0.09427431899782558,0.14489163246633674,0.14832595653265188,0.13486002696306607
0.0966802943872515,0.12400935804770145,0.09889036845476691,0.09886505483084368,0.10752210515361904,0.10990004305601087,0.10711261439289173,0.13071589942396813,0.12630426225294675
0.09141958963605679,0.1254608392554328,0.09747018997022523,0.09773912340152403,0.10674225108031395,0.11086839226871374,0.1094236500041154,0.13294856290134574,0.1279274014822724
0.09010316356443987,0.1267783688314398,0.12342038310043492,0.07496159134918991,0.09458318845345275,0.08989009969545865,0.13268026548820996,0.13948592598735532,0.1280970135300188
0.0926030166766701,0.11343357302992134,0.09925248427647297,0.1315389137535584,0.11815792812284505,0.13513850185485676,0.08030317794191578,0.11313420704021154,0.11643819730354805
0.05024729822870627,0.1348414153416779,0.10195173925592028,0.07894729778995065,0.09099490811443235,0.11033925299280127,0.14394245843193235,0.14939603952813021,0.1393395903164487
0.10205346954919643,0.12045836119540672,0.09642728635578775,0.1087681481759072,0.11212883656710876,0.11587349016227295,0.09742813137021634,0.12409025284438913,0.12277202377971475
0.09426739544551277,0.1259638673657049,0.10505361837209892,0.08935740861913066,0.10275711613146805,0.10243764133690625,0.11669174123735544,0.135421969530028,0.12804924196179496
0.12363639476068537,0.10736873866628295,0.09462323014809489,0.13579614611052476,0.12323834600548848,0.12618754906686716,0.07573893107302597,0.10385425159912097,0.10955641256990943
0.1051490290438325,0.11512675464986062,0.09458495150252004,0.12365630344957758,0.11793410956384986,0.12530676653440273,0.08547798216024309,0.11517823170232512,0.11758587139338843
0.1317856261668591,0.10340553799910783,0.09488119739726626,0.14219962407413003,0.12558601648627774,0.12691183784510132,0.07127637117036895,0.09841493880969047,0.10553885005119829
0.04623502650322644,0.13552831424125708,0.11435503534793064,0.057721780917582434,0.08159843324376846,0.08599531376711866,0.18355124688348032,0.15593245427518973,0.13908239482044624
0.04287078369137053,0.13411367043567055,0.12488149967553845,0.052850575850360536,0.07840925115422727,0.08071413350140114,0.19440568397806832,0.15442479103556475,0.13732961067779847
0.062078373390481965,0.12923134026125563,0.1456975542041097,0.05432170475664034,0.08147730519714842,0.07540237700178899,0.17643432184624586,0.1456737226988743,0.1296833006434548
0.08877411525343042,0.12714915134130791,0.09966977952160572,0.09180981504342468,0.10383284670786778,0.10663774692100625,0.1160215682964093,0.13654043599164847,0.12956454092329947
0.08326093109831421,0.12898222245671134,0.09961136054225822,0.08809606919786545,0.10171423818880442,0.10525999259605855,0.1216257924677883,0.13992156555242863,0.131527827899771
0.15139034332576695,0.09448279114445386,0.09728591639993613,0.15473845850708454,0.12943815564451486,0.12637531501817384,0.06281480021336033,0.08693209650196015,0.0965421232447492
0.11116892715303255,0.12041117957441656,0.11366264635646395,0.09382009672896381,0.10483738488081125,0.10062411064625948,0.10680518846778059,0.12666106047108264,0.12200940572118911
0.017752950270937286,0.11999122988921274,0.20513954606877327,0.03216157451476204,0.060291881132152524,0.05794241360078058,0.25748622980453556,0.12679613624636968,0.1224380384724763
0.11482411761945098,0.11179590013797058,0.09462329495308323,0.12814488369687355,0.12021012448534889,0.12469839898783062,0.08142281890217724,0.1102170570176021,0.11406340419966278
0.13192651788024082,0.11125860681207145,0.1102348957477776,0.11294672220189521,0.11370705669202057,0.10855682464034717,0.08766964599452703,0.11086922434994051,0.11283050568117965
0.12262174947388915,0.09946337467327704,0.09455159471489738,0.15653716742857446,0.12881379455097966,0.13735150248744013,0.06434726861208513,0.09414626867582776,0.10216727938302934
0.09567232396927439,0.12556640541315403,0.11788514784577621,0.08102163665868711,0.09808500890225946,0.09410907799485863,0.12398533702098334,0.1365720111412276,0.1271030510537793
0.1502161310222784,0.0979583535705929,0.10072860925789005,0.1447080877524106,0.12615869175798647,0.12175466061563889,0.06747024390834751,0.09120360229513068,0.0998016198197245
0.12251249729642472,0.10983291607648431,0.09574186340891346,0.12919426840625078,0.1209070988412645,0.12263581799312866,0.07984358050000852,0.10740471692562308,0.11192724055190201
0.1345469950132596,0.11174817158223714,0.12840350829118505,0.10028182708358051,0.10671055102592732,0.09822362269894495,0.0938465447866967,0.11338591248097753,0.11285286703719122
0.12819679063103975,0.08161552863997672,0.09955679318403281,0.19570666335407758,0.13524732772272402,0.1502002977907819,0.04719025298669131,0.07662031941501739,0.0856660262756585
0.07871568662827909,0.12259910447147841,0.09928178306170736,0.11213669070521266,0.10995070661764555,0.12755505862996883,0.09700640866309472,0.12694458419366847,0.1258099770289449
0.13456958321609877,0.09816859593252743,0.09363672895398173,0.1549092062408404,0.12937041572883065,0.13237941369678222,0.06450674543160743,0.09191427178316726,0.10054503901616411
0.06417248611577077,0.1294908191927583,0.1006422511173319,0.09582677519282042,0.10115827524576294,0.12048093886327665,0.11629738477888503,0.1387258578761901,0.13320521161720386
0.12150685489984121,0.08586586276231839,0.10091370707503004,0.1874469953928297,0.13327076009213415,0.149968685910271,0.050310832171772395,0.0809808507827361,0.08973545091306695
0.1190962577858679,0.11194088155435578,0.09601371860951428,0.1249700381964235,0.11924736982684815,0.12117017659092137,0.08296869662159849,0.11054642682836213,0.11404643398610838
0.084312705402596,0.12697968700437146,0.09602085542910928,0.09732574963614826,0.10594648584842958,0.11320809600143368,0.11136055510251351,0.13512184117759743,0.12972402439780084
0.10218626090169668,0.12117643036906507,0.09757206699732823,0.10582865111557678,0.1108765205479545,0.11355854422855349,0.09983062274874442,0.12553869032955867,0.1234322127615222
0.08704600408016601,0.12380686106759999,0.0954284856555065,0.10667634914553659,0.1099003619421592,0.11988810773201126,0.10153706710921025,0.12911369054906138,0.12660307271874877
0.05024472492550214,0.13564131005104427,0.11086369485018312,0.06091813471011063,0.08405500342384696,0.08846698657916678,0.17522967845731333,0.15553735134702187,0.13904311565581087
0.13496773605196302,0.10659035783073657,0.1002727856486888,0.12957273318505633,0.12102013184277345,0.11851727880062794,0.07767426683998863,0.10296925899780118,0.10841545080236405
0.11876486440385566,0.09383698282934853,0.09811276796475364,0.17042358412217437,0.13076797226181902,0.1447494099072508,0.0576210021078279,0.08862252241694486,0.09710089398602524
0.16431535186350413,0.07846220502506127,0.0933779599127648,0.19090169820417288,0.1375497353660005,0.1361074119609451,0.04741143716033309,0.07033544426112695,0.08153875624609135
0.10744887984908624,0.11841961639596695,0.09690367332748023,0.11185571841754775,0.11365412311107907,0.11625053447672123,0.09402298238403266,0.12082211886196277,0.12062235317612303
0.14430485941140656,0.10234284355463508,0.10227632301353316,0.1353353018355152,0.12293859710315014,0.11867018408292133,0.07295850547724074,0.09707804029779406,0.10409534522380359
0.10813498162347361,0.1080470151334169,0.09569773360738854,0.14057756257995144,0.12320074966097232,0.13446855931999793,0.07385853903457709,0.10527318950252433,0.11074166953769787
0.1398518796738077,0.09670683690150574,0.09401411816444279,0.15601599868762783,0.12985246541268336,0.1310523964977068,0.06353520692592192,0.0899671001300778,0.09900399760622602
0.14635883228413774,0.10446249048721201,0.11258146376331446,0.1234341153990846,0.11762885746977952,0.11065836358105376,0.07826813112193474,0.10066069748700597,0.10594704840647713
0.11501985856662204,0.11292941730477794,0.09520270333548414,0.12465504516459881,0.11898193153061691,0.12240524524579766,0.08371773304190548,0.1119548118382561,0.11513325397194081
0.14423171582902483,0.10824691579462625,0.14675479018185647,0.09585093430287006,0.10298819837102728,0.09169088710346283,0.09232052252057267,0.10908094202305475,0.1088350938735048
0.10955762036037058,0.11255348860922494,0.09441347982353432,0.12869400383342638,0.11999613708564588,0.12693411232178803,0.08154960811383306,0.11132949581651057,0.1149720540356662
0.07859027028975502,0.13066768024017708,0.10199385920511739,0.08210417670999548,0.09842618751146738,0.10119148040600917,0.13012701631560225,0.14368813795477778,0.13321119136709839
0.18323054273066472,0.07639432193746999,0.10337517983786393,0.1827006055492342,0.13446871418401918,0.12612185606555848,0.04764495198823987,0.06706987006941142,0.07899395763753822
0.1352858363693421,0.10491610817509084,0.09795780988268943,0.13505373660118772,0.12313338289313236,0.12167807657986296,0.0746554852083885,0.10048452035770089,0.10683504393260523
0.07972445920556905,0.12524370335592513,0.09665718509331278,0.10505841329040316,0.1080901790362944,0.12155285101107811,0.10397338343348117,0.13139036447658417,0.128309461097352
