0.09686580562031522,0.10372196784834714,0.08152828729036556,0.16279363582718628,0.12134529066833677,0.1223878568496023,0.1271109976498862,0.06563964588735245,0.11860651235860813
0.13861976601761375,0.11340141859342497,0.1060675822625965,0.10822778736263187,0.09183892414151888,0.09444499225982012,0.12428085945604457,0.10692943781166413,0.11618923209468524
0.1472770060475709,0.13638740607841185,0.1111938214355007,0.09797838891030643,0.08771226741908063,0.10025113703962557,0.10720876071581291,0.10033460042372581,0.11165661192996511
0.09537052340369291,0.05070036014114898,0.12443667023317162,0.09337556013825009,0.11246059806363111,0.0866161901680153,0.14083253181569363,0.18041646038542858,0.11579110565096777
0.04382514593415332,0.06762831349709864,0.0599465068650083,0.21670858102154797,0.1627542975073303,0.18114956963790518,0.10498454146352863,0.03801648839971646,0.1249865556737112
0.08169822957995698,0.0882059711117339,0.07979761883646753,0.17570672086278274,0.12911542990468627,0.13345719120592892,0.12700707875226389,0.06360114024214454,0.12141061950403519
0.10467119460537057,0.07533589344870718,0.10377092698030989,0.1326152640254353,0.10833742547508014,0.09305530437947275,0.14680849584237118,0.11267335807867347,0.12273213716457944
0.12583972765615023,0.12984698118963348,0.08743075407794253,0.13645189153260937,0.10486080887418747,0.1019322521655281,0.12514760914350978,0.0743306032219253,0.11415937213851378
0.13803397457317987,0.18607491059924341,0.07428076807642389,0.1308319970235677,0.1045166043966659,0.10291505658936816,0.10885636003345629,0.05212569354574182,0.1023646351623529
0.10174716140860483,0.058099326669930736,0.13717080873461232,0.08728018498669278,0.11499223218559652,0.10174531768398987,0.116466941449806,0.1676968099721511,0.11480121690861574
0.13412438604212562,0.14806410969674833,0.08519747622592423,0.13101444578558283,0.10169520200167657,0.09988391995546429,0.11973469636389548,0.06966661227795257,0.11061915165063003
0.1113029450446592,0.0652714155462532,0.1256734492927516,0.0935519051160002,0.10419383348188632,0.09514855247452265,0.12869306616680928,0.15858131845786388,0.1175835144192537
0.09736705690718044,0.09352449074124325,0.08767090661620008,0.15837391931551628,0.11824115453559392,0.11420998745734938,0.13336365368583725,0.07632119033213122,0.12092764040894821
0.0889518753396497,0.13818657620720046,0.16111419422168055,0.09414135015601398,0.14127463397874546,0.15630178616991577,0.06165732249839843,0.05555362270850647,0.10281863871988917
0.10018192530221552,0.06614462981905611,0.10790586665893846,0.1267715974994946,0.10956263925288094,0.0889705732879499,0.1511601859187688,0.12677014276532358,0.12253243949537206
0.10875526328705147,0.18252685486508358,0.14599355343585133,0.09023743751107999,0.11704997270375028,0.14072548468750812,0.06536704597312971,0.05076007360995601,0.0985843139265895
0.13008362020764266,0.0919455354629663,0.11760825076677706,0.0988724060439075,0.09464377260177126,0.09716458007487233,0.1229206139477272,0.12923094197434049,0.11753027891999523
0.130990871691685,0.09922429957978514,0.10704587683834332,0.11135079948686837,0.09487840468438567,0.09313168475241534,0.13135952098366752,0.11362109154774273,0.1183974504351069
0.12141490301592461,0.13465008432757689,0.08274702801454425,0.14262784092563505,0.10918805150619416,0.10738289871900604,0.12252314531306192,0.06654468941969048,0.11292135875836656
0.1375649543716496,0.21037229242303893,0.12431618741572752,0.08784801486532136,0.09204399291906529,0.11968099097095479,0.07331299892692339,0.05811877034606796,0.09674179776125118
0.06022126759621169,0.04851402305927601,0.10397890295502826,0.15993420431337077,0.14178289800499858,0.09194496076428943,0.15181426411441384,0.11941966060376312,0.12238981858864835
0.07640657549917862,0.0480380923820245,0.16774152558818578,0.08393854709338817,0.15889657796565596,0.1279094083897481,0.07972483029228294,0.15120948800823106,0.10613495478130482
0.15120914616032868,0.15957599762448366,0.11121737767868824,0.09493116628468794,0.08583842345805098,0.10313437438233593,0.0975256348112389,0.08899858248957908,0.10756929711060666
0.0642963250713897,0.0428801170481631,0.11190364164872328,0.13128082743595368,0.14301875701410674,0.07572745112338729,0.15894146320064315,0.15649016460499998,0.11546125285263298
0.1551950470999669,0.19564145409852687,0.0834249892421154,0.1128606698304863,0.09074808222795078,0.09305927723232083,0.10527730705810341,0.062171137892032324,0.10162203531849716
0.16315882691746378,0.21319511988308704,0.09214530995235509,0.09811700107151684,0.08209288960050454,0.09462512544270074,0.09403053901226999,0.06405555534864606,0.09857963277145597
0.08285594745206376,0.056468864080727425,0.10701948273641264,0.13895750865610623,0.12113088312328624,0.08869189789726682,0.15548302259075084,0.1264277810469182,0.12296461241646789
0.15571957305829062,0.17326705022457256,0.09397444658732089,0.10637859641291857,0.08667595605205934,0.09404360462937217,0.10721381288158373,0.07662301976278334,0.10610394039109898
0.1031733323392659,0.08148960855907117,0.09881884428474184,0.1417668420119544,0.11086673940864074,0.09848070029852284,0.14319447539949834,0.09953898265529872,0.12267047504300604
0.11234792995971234,0.12742095334794754,0.15061368190303037,0.08988265847943078,0.1197225196065137,0.1343472492351882,0.07309745659363485,0.08648603031128756,0.1060815205632547
0.02472463271328712,0.03878641893302958,0.18297158489986812,0.13194785489966468,0.187415192466037,0.23533963078814998,0.046151538665494464,0.03553995168856546,0.11712319494590345
0.11722254186201721,0.07228388636826145,0.12348033047758049,0.09527011370490275,0.10087429291866849,0.09602202570951839,0.12724460939207408,0.14958943076483736,0.11801276880213969
0.12314875528178743,0.08358315108822849,0.11156594806384645,0.10847273472708775,0.09733051718339514,0.09183973089757475,0.1362398539225448,0.12808234596805967,0.11973696286747539
0.10087744656821267,0.08077211391250927,0.09794083350309174,0.14463197032263797,0.11234362202362368,0.0999579046043978,0.14302061003323588,0.09756932186398377,0.1228861771683073
0.11876627686140107,0.14564233032840115,0.07675701645779581,0.1468360082864197,0.11336813628568831,0.11364604390215582,0.11766559006469056,0.05714167258472569,0.1101769252287218
0.1352419607761952,0.10236075993169992,0.1126337446464762,0.10234770596981098,0.09243011104390492,0.09602690245566246,0.12306765906493781,0.11891122080842176,0.11697993530289073
0.0972422147396614,0.07742102842493637,0.09806676418650147,0.14699946650270937,0.11413865951127668,0.10055184244104183,0.1440609744007427,0.09812027495152702,0.12339877484160318
0.14891962320669916,0.17082026280759713,0.08696658506044001,0.11730809551478993,0.09305169711199802,0.09443488352603542,0.11220530606009033,0.06982911238621986,0.10646443432613005
0.09099099245037477,0.08094662288797802,0.16596121031809138,0.08915031499784294,0.14588945546355617,0.1408993783921544,0.07078331977479614,0.10791071273885572,0.1074679929763504
0.10347944877486964,0.07159455441332573,0.1057128495623631,0.12960201769985083,0.10834422626049124,0.09121085361626502,0.14857982846399728,0.11876681326583947,0.12270940794299773
0.1398371161095645,0.11299221425585305,0.11317524707867967,0.09993977713145548,0.09069658525270785,0.09819211318121705,0.11650081707547455,0.11339110169198689,0.1152750282230609
0.1227151393655402,0.10096605041817658,0.0991948261669288,0.12751863937151345,0.10128779030900259,0.09513299983706154,0.13551874155054652,0.09841078672470172,0.11925502625652863
0.09941672352577252,0.07812789451081359,0.09886209180742078,0.1443180782359218,0.11274570844794675,0.09912129968240653,0.14429392745967493,0.09991914366355259,0.12319513266649047
0.10477272527534814,0.059717990765064344,0.1183381990396948,0.1018115897280446,0.10562600502350757,0.08722680764809444,0.1442950112614001,0.15927965887054127,0.11893201238830468
0.14083801824078246,0.12093433177601043,0.10339465042831397,0.10989760542163078,0.09148909164472013,0.0943290667262003,0.1229000344296401,0.10101800484065977,0.11519919649204206
0.10293419341300647,0.08630508952713505,0.09561236834951607,0.14623835903945978,0.11223439733817685,0.10224168966907947,0.1402164736540912,0.09205809625808135,0.12215933275145378
0.13920539167709356,0.17398221306928074,0.07902833116223096,0.12903615751178998,0.101731148206531,0.10031180636954705,0.11235421810377648,0.059121765426330575,0.10522896847341956
0.14873181275977912,0.1457890592128431,0.09841707506689469,0.1090802562351999,0.0891174819455679,0.09444832569408923,0.11529734862391199,0.08804089374644629,0.11107774671526778
0.11643679836614516,0.14351083659179198,0.07614984496129173,0.14889343469399277,0.11481730320169979,0.11567100946604932,0.11770610232020351,0.05632452141032988,0.11049014898849585
0.09138223675524831,0.055746451121723585,0.11171903568460846,0.12103663926339868,0.11454203209703405,0.08387469649042834,0.15595077150797876,0.14488037299105314,0.12086776408852673
0.10111413198321384,0.11316701442954373,0.15900307063320263,0.09056510144051551,0.13293278850668203,0.14171323431059438,0.0691310695515706,0.08635056538417478,0.10602302376050259
0.07928577890586819,0.05272562318757685,0.10876873792797297,0.13607454647406766,0.12420741809455034,0.08545931577172801,0.1573875634373385,0.13433087026234267,0.12176014593855489
0.04595195856207846,0.06453286652447758,0.18184095637064754,0.10983004478850054,0.18372969127581132,0.200999990163904,0.049991243373679634,0.05327784684686399,0.10984540209403688
0.14686821884681098,0.13294460939715697,0.1084369740224142,0.10076534094931411,0.0879965723190016,0.09795492549459676,0.11171307175620332,0.10076550333767818,0.11255478387682383
0.14568996165962034,0.13739851736553088,0.11564275210890669,0.09516437187938027,0.08863005083983604,0.10370931266093698,0.10216734731867472,0.10064527692765474,0.11095240923945937
0.09084026272089217,0.13010869942789047,0.0646861422942294,0.17123289808746786,0.13362705227590144,0.14583311792392975,0.11118561267021827,0.041122782177403276,0.11136343242206743
0.1235586718483511,0.20170209593095553,0.13516990652322253,0.08833276942414071,0.10277750323960093,0.12975005342293486,0.06870125686658636,0.05313142193014763,0.09687632081406028
0.11046676471077183,0.12019729805724662,0.15226028158509067,0.0898109374248368,0.12203969209409497,0.1346309998167581,0.07351679167811494,0.09034557211652494,0.10673166251656109
0.08128736828592587,0.08674022048346043,0.08047637450131383,0.17566326977422067,0.12897731077370098,0.13264213856943216,0.1277364596038695,0.06473225012446171,0.12174460788361484
0.1387005159793351,0.1170586047320838,0.10323509240331115,0.11150267304342733,0.09249200236654032,0.09402646876397837,0.12506209024685927,0.10201849497864512,0.11590405748581949
0.1009694555997801,0.10854013510742298,0.15932715240647902,0.09030163302739307,0.1333474225551015,0.14075236474679162,0.06999766237848419,0.09024779664038544,0.10651637753816202
0.04175046069182529,0.06164047031127292,0.18171344255305874,0.1138115434098761,0.1836135956080418,0.2085632406796257,0.04904052556265762,0.04838564389283384,0.11148107729080799
0.07037259557230012,0.08141913314472922,0.07530407833420703,0.1870711467229215,0.13668299517689722,0.14674358997050643,0.12270365761659689,0.05730966307979742,0.12239314038204409
0.11808269477573113,0.0825708522183991,0.136252739806535,0.0895149390693964,0.10666218460760553,0.10976674926942798,0.10427828085685213,0.13797795571079116,0.11489360368526157
0.1295447712165745,0.10121178917677491,0.1040922402152711,0.11630289389020358,0.09633662755852009,0.0931131931617958,0.13288988398626927,0.1079559667860247,0.11855263400856592
0.06832649408289132,0.15192003355630776,0.15823891607363075,0.10258564250236639,0.15078332336379505,0.1771734704534893,0.058657259039710634,0.02777763642747481,0.10453722450033398
0.11347329836567459,0.16503369656084563,0.14627439260524008,0.09000214230297092,0.11529430297410304,0.137032128009382,0.06819932574770302,0.06349411004032443,0.10119660339375632
0.057739170015308316,0.08117669963728293,0.17805644027049947,0.10340843493956764,0.17611398617336146,0.1855057555474161,0.05362309153926715,0.05681075268365626,0.10756566919364062
0.07939186812811083,0.06210203863009276,0.09979053491696384,0.15647801974503875,0.12390762830368934,0.10083381709657657,0.14863481765349282,0.10391550220240657,0.12494577332362851
0.1539176508724125,0.1594127528797901,0.10143158968502548,0.10186754769489091,0.08566493154701715,0.09648363839829992,0.10668147789334494,0.08614282643790472,0.10839758459131434
0.029020922160573698,0.04326465301371221,0.18415361077538528,0.12580387320915332,0.18648660157318453,0.22875757837061136,0.04527273101933127,0.04192985899432244,0.11531017088372582
0.1054735966448277,0.11552088010702542,0.0812619982561985,0.15609806506809276,0.11750898143428064,0.11768084420236113,0.1252680308975911,0.0648324222777087,0.11635518111191413
0.08276046942217395,0.07771333470038994,0.08826573765139505,0.16884140078400103,0.12495551662653209,0.11954967241153058,0.13588140676373814,0.07827473097630168,0.12375773066393751
0.13136544865697167,0.114170530484121,0.09816246559974462,0.12255418636505143,0.09761148325249051,0.0947195972228656,0.1299363753573239,0.0945406672249922,0.11693924583643907
0.06837449672551567,0.05690213816060082,0.17912875838430586,0.09051257548711307,0.17594982751120045,0.15387706572661866,0.06137209488276079,0.10949280161489557,0.10439024150698911
0.1369013670694378,0.1279425510921854,0.12685724036316004,0.09161986417008298,0.09490337293419886,0.11140052256185028,0.09472517405122892,0.10478386600158644,0.11086604175626917
0.08851639653869746,0.0637003937793301,0.10361792360771442,0.14330624468128186,0.11751892695310345,0.09396488385768871,0.15138790923109302,0.11397823143088633,0.12400908992020472
0.14656944982804399,0.15723463902000112,0.09037590589785428,0.11736851187208626,0.09302274347739115,0.09450613760953246,0.11569851534078235,0.0761130828700336,0.10911101408427483
0.11650065740538355,0.11948167818711608,0.14741503056843505,0.08946613136455199,0.11528193584965139,0.12899193424122068,0.0781182542883611,0.09674817029376015,0.10799620780151992
0.1285622059179777,0.13665592812804592,0.08626532698432776,0.13498707484087827,0.10403665055381102,0.10157435586078352,0.12305158400174249,0.0720462788713479,0.11282059484108532
0.12433570821784874,0.0844668765237475,0.11239991418813138,0.10676742372702264,0.09673621593704469,0.09235958219479662,0.13459555239514706,0.12889401635158446,0.11944471046467693
0.12697446041285956,0.16465944848177064,0.07476119673553892,0.1403085266928026,0.1101871932326648,0.10968729722563668,0.1133456480296207,0.053705165753911856,0.10637106343519424
0.09149241159402671,0.10852782372788461,0.07521384544170923,0.1696338010184323,0.12704743401505908,0.13371801807742986,0.12143627108635198,0.055925985821764695,0.11700440921734158
0.05541366830798732,0.06350751915488126,0.07831779515048554,0.19778961637005707,0.14337995477381035,0.1474622488403514,0.12451751909354002,0.06355451964588314,0.1260571586630039
0.10479614323386471,0.07329732587209792,0.1496397932933928,0.08695334810687376,0.12255392434574681,0.11911477522493924,0.09242449258606543,0.13886356304584171,0.11235663429117758
0.14221214476405122,0.12998610018596982,0.11952158243470845,0.09400471493802326,0.09065991203699676,0.10567166853419319,0.101333670810015,0.1049421417914747,0.1116680645045675
0.06274287548053797,0.07387139499648139,0.07459222751890845,0.19380242639128908,0.14083520755937476,0.1517309380291537,0.12166017927922983,0.05687027687912675,0.12389447386589814
0.13914359070378304,0.14857227761208106,0.1264298810610823,0.09081915097756628,0.09376006660632256,0.11419502333047082,0.08775879311649921,0.09180659311342283,0.10751462347877176
0.07050654704398907,0.0712288865726968,0.08415022616833269,0.18159127266787037,0.13269861491916699,0.1314224529008912,0.1318387591244111,0.07177937280404738,0.12478386779859442
0.11724851595670861,0.073205119856724,0.11625821726725756,0.10320471333813952,0.09955998667963757,0.09128551159325883,0.13724522084049298,0.1424278265955091,0.11956488787227186
0.036263252161426666,0.055278972182130265,0.06712948837328873,0.22138154825843404,0.1635909867152188,0.17053245289040828,0.10866010278602883,0.048933718197098484,0.12822947843596585
0.126813788866852,0.12502866086583128,0.1380263968987998,0.08980539519549119,0.10439273987646995,0.12079172778170288,0.08505408599835851,0.10084396064688844,0.10924324386960597
0.12194638544806265,0.11719373863356486,0.142254168011844,0.08947971410081135,0.10913783786609538,0.12329275855004695,0.08365472161015497,0.10352954283335396,0.10951113294606592
0.09596660856731754,0.0795688197339744,0.16166112388359624,0.08811560278179098,0.13851705204328332,0.134411923414093,0.07607313138928427,0.11690560012124507,0.10878013806541513
0.13489330865626856,0.10779556680576269,0.12303212818963967,0.09393900268514131,0.09423961680037746,0.10463652163664965,0.10759308856138718,0.11933655653154558,0.1145342101332279
0.0505962932994522,0.052331947327959684,0.09079271115297805,0.1895603683999599,0.1465547036765726,0.12072160003053241,0.13602860945712822,0.08718494244509016,0.1262288242103268
0.11053270713053957,0.06539578975176706,0.12969525366811896,0.09106922324243356,0.10629398412349046,0.0985058055621026,0.12268182912617147,0.1590488814273176,0.11677652596805872
0.12739603206031577,0.09219715829570115,0.1086143014630659,0.11101459165262484,0.09605824472902742,0.0925357707008242,0.1340120839939866,0.11897340114307627,0.11919841596137792
0.11214753955520813,0.0807299083520869,0.10456354516576781,0.1264347172044037,0.10429116484909812,0.09226943277114812,0.14396550807316608,0.11381404948129627,0.12178413454782488
0.13509642259453225,0.10299834531613028,0.11046809267220463,0.10486692840081446,0.09260884517025303,0.0949338746941822,0.12530527118324078,0.11648790539626785,0.11723431457237445
0.13580521224311917,0.10568163632279189,0.10857664526503229,0.10679097928171412,0.09256092204534379,0.09445916786613602,0.12592150929123883,0.1130931381393528,0.11711078954527106
0.12512247338607732,0.18327932707537198,0.13666745649863113,0.08888932643929591,0.10342757116765071,0.1287269704765824,0.07109829441442769,0.06298496192976392,0.09980361861219905
0.06545411444815995,0.08419401931803257,0.06881841005805613,0.19355870424169516,0.14291008578593603,0.15942787490600066,0.1161861948748689,0.048143945908292136,0.12130665045895846
0.12077630526356087,0.0917506123063943,0.10319182145180149,0.12320667147682707,0.10066152948803046,0.0930954520577505,0.13862443584884374,0.10838888181703714,0.12030429028975453
0.06253167400597144,0.06942022784646036,0.07871485258214668,0.19171377020797933,0.13903507248907598,0.144454681813437,0.12578113750039857,0.06338925917829978,0.1249593243762309
0.1503883203922697,0.15233583642349555,0.0970006594917064,0.10893679830189718,0.08868932647080889,0.09432997396333155,0.11354835364805095,0.08484011956623827,0.10993061174220146
0.07158049703125462,0.08820688076123646,0.17498756135785495,0.09653052706151292,0.16671478813772667,0.16742757307181977,0.05784195835717654,0.07114393152825911,0.105566282693159
0.16708190446919036,0.29631756993106373,0.0826446447957171,0.08808260000469355,0.07954511283177822,0.09218756893057857,0.0768349128581263,0.03547271317295249,0.08183297300589981
0.12814457982008856,0.08841067558973374,0.11767544771675957,0.09923711167181071,0.09536297035041669,0.09638194987174141,0.12500015241551898,0.1318585969609207,0.11792851560300967
0.11316204588109853,0.07590343122672971,0.10862528311439197,0.11823023794383442,0.10250589820774751,0.09005306618109576,0.14458439811774845,0.12554703253821958,0.12138860678913403
0.11960317805835535,0.09391877858173438,0.14006203106289275,0.08918804281063752,0.10853385476407323,0.11610432537975773,0.09462577524073706,0.12494953721335679,0.11301447688845517
0.10495730162908434,0.06644230223767143,0.11050653214848771,0.11824726726970648,0.10624170236148382,0.08774859158675145,0.14949727202318475,0.13475282372766587,0.12160620701596414
0.13443410265786856,0.11836039915177526,0.09832983136886446,0.1201196266886484,0.09609112089657984,0.09442515841666099,0.12795185763735847,0.09413533978305415,0.11615256339918988
0.16237706942449345,0.22628792306206877,0.08079530991299538,0.10562187220641413,0.08700173523674748,0.0910940084259526,0.09671769492748683,0.0544295247089129,0.09567486209492852
0.13718873359289754,0.1694603588310409,0.1283019627148294,0.08960991636730715,0.09487033236952246,0.11867181357499605,0.08005852898049583,0.07826733583565847,0.10357101773325224
0.13080143041335757,0.17387342098705846,0.13346937534853445,0.08911953303404614,0.09962389598973766,0.12411580316937637,0.07522468314804456,0.0718171073669851,0.10195475054285973
0.12639298910090324,0.16911193462765772,0.13729154318034917,0.08922824935017482,0.10359476304552939,0.12728696871710413,0.07361854243324287,0.07135403628529846,0.10212097325974027
0.09993218412118966,0.09842386541020452,0.08651280589362642,0.15730626377323756,0.11757314284033588,0.11449936866369799,0.13169460177024794,0.07408706647945414,0.11997070104800588
0.11145973707644796,0.12506506764214378,0.15136354256329543,0.08988806062461104,0.12078138686439129,0.13470522012029354,0.07304564775932147,0.08744176284278597,0.10624957450670958
0.1565254084248009,0.1851417535341029,0.10535109476416758,0.09458939448345656,0.0831593051297183,0.10135626719747158,0.09336710220129614,0.07712499155965193,0.10338468270533414
0.08561307902244146,0.06483934292676365,0.1674682072053658,0.08717068460963558,0.15116278646183903,0.13626988792331038,0.0741361944521084,0.12572916130228487,0.1076106560962508
0.061973697273556304,0.04999431935405902,0.10303495346257929,0.16114149585567591,0.13920097728709233,0.09431185212508558,0.1512474673215818,0.1158853066842019,0.12320993063616788
0.10713221785944416,0.09020151405313605,0.09576573192612581,0.14301832200957967,0.11014303175437251,0.10096508566645301,0.13916480595309666,0.09213655815964956,0.12147273261814262
0.09403198646016286,0.0847799250639839,0.0909980895037456,0.15787528189114083,0.11839932979825886,0.11107475764835491,0.1374162987427605,0.08286285110705705,0.12256147978453547
0.10632998026533819,0.11695557868143702,0.08113321061698424,0.15547434287272077,0.11717305254245254,0.11731661263155635,0.12495919132156112,0.06458589659783849,0.11607213447011126
0.05836336888757467,0.056147161935621887,0.09153913389487069,0.1830667161632161,0.13943449893927448,0.1192317502273753,0.13861106440075632,0.08734105830237787,0.12626524724893268
0.15263316708559585,0.15576529876150547,0.10626495319052416,0.0984958617963465,0.08550780636712181,0.09911845835582246,0.10370051529535325,0.08980086555334965,0.10871307359438076
0.1465004179837103,0.14117112170167592,0.11533075213457618,0.09493418916977688,0.08825160736399552,0.10399147199316172,0.10089918041413115,0.09857406156632474,0.11034719767264754
0.09191292878593287,0.07391523374418218,0.09739925194814443,0.1516820106055482,0.11713517743393782,0.10258785646698128,0.14449665215993726,0.09687858368870078,0.12399230516663519
0.1253536798775109,0.18635975212646697,0.06645202694473677,0.14149415672288188,0.11521531011614489,0.11593155160563358,0.10614172544892343,0.042099218952617805,0.1009525782050838
0.03492622646108298,0.054999486697811815,0.06553679448933518,0.22348422888937133,0.16607624094292048,0.17306235771934741,0.10668086674383499,0.04678925352749596,0.12844454452879991
0.14580676529811407,0.1406071958211397,0.0974254894436372,0.11236025704473689,0.09089464689307107,0.09419570226931522,0.11839176817929463,0.0882290673489386,0.11208910770175273
0.12582046073165928,0.08561121791919372,0.11388414743548649,0.1042010429160478,0.09604177183046016,0.09334220318708214,0.13189562129974663,0.13021052034961034,0.11899301433071335
0.08683464169376476,0.13109163052918574,0.16305116505360018,0.09451589487820099,0.14446819047351742,0.15782078890447837,0.06127525783274806,0.05755944283321229,0.1033829878012922
0.1311866373656803,0.11861731535893945,0.09583500217767593,0.12519848566161715,0.09862311675739321,0.09566281360232731,0.1288325634424059,0.08977628530679277,0.11626778032716802
0.12024006772623357,0.08373010228072515,0.13346834341062705,0.09031868120107019,0.10416147905330785,0.1076994657270637,0.10712196250622102,0.13788630842558694,0.11537358966916456
0.13139570511197562,0.09791190267488374,0.12311144376510426,0.09444703090305422,0.09547331691932819,0.10265814558838178,0.11251788841128502,0.1266474112604472,0.11583715536553996
0.029007250743854834,0.037263053795455456,0.1881685778281931,0.12140059472970162,0.1914526844791471,0.22479729636957504,0.04305739518108431,0.052401309033520325,0.11245183783946817
0.1475648625117171,0.1473330011598389,0.11506267031718154,0.0944363042941244,0.08774594898885206,0.10460771701675704,0.09866431134520583,0.09527166261159899,0.10931352175472413
0.14622350890374375,0.15369255737711685,0.09156935764308749,0.11683990822593088,0.09275419439218908,0.09441931651534875,0.1164936320291406,0.07822182122296557,0.10978570369047687
0.12862035855360315,0.09020968446810784,0.1132485966137619,0.10408330154576367,0.09496045080779349,0.09401958460985395,0.1297224948969724,0.12657612389847753,0.11855940460566605
0.09374021888187607,0.08274478006026102,0.0921846843149582,0.15686096905827604,0.1180681627826623,0.10951426088904277,0.13871335030651152,0.08527258366125927,0.12290099004515277
0.11243731909124173,0.16228642115246636,0.1472288990381159,0.09013135064938614,0.11654971033911699,0.13773227183832046,0.0680508876336209,0.06412446317404452,0.10145867708368694
0.03707607501236612,0.05488724706137207,0.06922472624136831,0.21947837754307567,0.1615951140627859,0.16677921494707468,0.1108452614492579,0.05194473018958105,0.12816925349311825
0.13905558674706234,0.11156498216869544,0.11496795930664037,0.09862039378806446,0.09109401348073913,0.0991869298374166,0.1151455247424555,0.11512821612554176,0.1152363938033844
0.15309803921947518,0.15583497955769307,0.10268226689541966,0.1014660472487577,0.08584362875578912,0.09688448604157239,0.10705474158822666,0.08816322951448254,0.10897258117858366
0.09068727320133702,0.08804908375405461,0.08655364397248595,0.1643302881601752,0.12185048667419196,0.11879941919319259,0.13322493974766092,0.07462646910996475,0.12187839618693697
0.12493890743359869,0.1352305285850953,0.08464354069199066,0.1388318061356196,0.1065726280467823,0.10423865770982484,0.12304475917663892,0.0695235693824949,0.11297560283795482
0.15378459157158866,0.16485749405801572,0.10711115224643523,0.09649707488064636,0.08475783277556988,0.10065846881279743,0.09925475276713998,0.08608649933352759,0.10699213355427913
0.11123533964070974,0.0743077308656097,0.10847895278212512,0.1195238351833295,0.10349521140447532,0.08984147047197948,0.14574880558887646,0.12575939364679586,0.1216092604160988
0.1257135902286465,0.17008235524191087,0.13770183168726366,0.08921637476329745,0.10409377360080907,0.12786203904093255,0.07311871863163917,0.07032790994328698,0.1018834068622137
0.08569943669135212,0.07891303732342264,0.08946804044483765,0.16553266103629646,0.1230504708454551,0.11649311361345782,0.13690984325837705,0.08036772945458986,0.12356566733221137
0.10648206233042358,0.06013489708926536,0.12608027953708092,0.09298496303052384,0.10666028946498977,0.09323766705345304,0.13158507786796989,0.16563680527079458,0.117197958355499
0.09321847883162726,0.10709374220684746,0.07719225968896522,0.1675915595999217,0.1252052760678951,0.13009722511491958,0.12321732515851434,0.05887145588044085,0.11751267745086841
0.16086933461442476,0.21646960067876928,0.09930479701282029,0.09308048023309852,0.08088430150616051,0.09946678765571043,0.08789833987575231,0.06423389819218199,0.09779246023108183
0.10067030059219245,0.07039566621088293,0.1050136000563033,0.13275270531185207,0.11007702790573944,0.09187993548061092,0.14920518995674167,0.11697051411854438,0.12303506036713273
0.038518289670622465,0.08820266362572031,0.1682067987899755,0.12387499477946334,0.17072525923355117,0.21653569593158215,0.05360650536164627,0.024735820647135382,0.11559397196030335
0.13156340165262637,0.10790869510816115,0.12878377315228715,0.09172921328528406,0.09763971141325826,0.10939106948354665,0.10103582281720232,0.11842003490196844,0.11352827818566562
0.13768895627184452,0.10780951001425827,0.1116537415996564,0.10237845023414023,0.09151823208005966,0.09637402248880407,0.12113287713665882,0.11513783152510904,0.11630637864946895
0.15061400452713114,0.15305546214254048,0.11071145092974954,0.0960084272822961,0.08618263145233607,0.1019859722021229,0.10055959115146067,0.09209537634075977,0.10878708397160335
0.1398126914592277,0.11287213681189719,0.11292041500792989,0.10019096579749716,0.09069902927666292,0.09800258228151403,0.1168634672384699,0.11330845748529732,0.11533025464150393
0.09738876798026198,0.06908546337518319,0.10418168503326004,0.13649156448703467,0.11213668806158276,0.09287428809196523,0.14966467334160052,0.11478100599784526,0.12339586363126633
0.14835359233407616,0.16413935234432786,0.11619427563233926,0.09243098546565476,0.08731764014914456,0.10761872021668249,0.09143101844776824,0.08631188681251922,0.10620252859748743
0.13516967039305205,0.1020495774181423,0.11347356728903685,0.10148097017290729,0.0924563146789175,0.09648602642560807,0.12221557601739268,0.11977908968566697,0.11688920791927637
0.14341784535574345,0.12260651404035518,0.10842281025926699,0.10285005309005413,0.089455449239375,0.09664616709363359,0.11685822490409035,0.1054133378628979,0.11432959815458349
0.0969206893013545,0.12333014336396915,0.07190893224189904,0.16580416910064713,0.12637957446577877,0.133680757452858,0.11743692709170621,0.05082989420651518,0.11370891277527206
0.09371935197468746,0.05061518597120365,0.13814483011587017,0.08570179543089114,0.12053377617133725,0.09862017521565725,0.11949698596081954,0.1798343574752944,0.11333354168423919
0.11132190827361683,0.11062618235372283,0.15154942139045147,0.08936318263307404,0.1210424183253147,0.13148436078497783,0.07685385061283333,0.09953236918899276,0.10822630643701618
0.11358631204093715,0.13813535365697963,0.07651357237884106,0.1511654848128348,0.11602614107221963,0.1172608167948707,0.11876969083457746,0.056999110554856326,0.11154351785388333
0.10533475615936487,0.09685295430771808,0.09084325592179109,0.14961054453509534,0.11310416499619404,0.1069906230437393,0.13489572143247233,0.0819655758497703,0.12040240375385475
0.15123330601815982,0.1488035361369501,0.10242486605504708,0.10331019281082753,0.08685040812964868,0.0961519628111479,0.11037787337370382,0.0905754555852501,0.110272399079265
0.0911408235328785,0.07395528597737992,0.0968912431576809,0.1529407935220117,0.11770456928053312,0.10349503256728591,0.1441043009666414,0.09572954521524628,0.12403840578034227
0.12275517346824587,0.08741218088052906,0.13189402592442376,0.090887989547085,0.10233855957471333,0.10735133378917931,0.10718084167595336,0.1348138315010131,0.1153660636388572
0.07977625679438667,0.1028308507543066,0.17019268587009886,0.09499255788831178,0.1564617376848432,0.1612465687161363,0.06014794959967359,0.06930563146350092,0.10504576122874204
0.08641631304675806,0.13817300438555422,0.058228729093467546,0.1743478511299393,0.1403873143416207,0.15492776421498014,0.10550499271086229,0.033118715957312896,0.10889531511950484
0.08773416455418566,0.12723045148156328,0.16350083404548435,0.09411483819027248,0.1444889159556131,0.1566037077148824,0.06168651791861279,0.060983669265565844,0.10365690087382
0.10831878491794744,0.0895454838298375,0.09685800221619334,0.1408022072002416,0.10912089519321244,0.09953385236793875,0.13979256370263604,0.0945184915138001,0.12150971905819279
0.1559347412413092,0.1731636576189972,0.0945364287789821,0.10573613537464326,0.08637307802592176,0.0942071979030615,0.1068309959188171,0.07710282208149459,0.10611494305677321
0.13081176118973348,0.1492599849862757,0.13480886030608905,0.08973098283003343,0.10077935669621087,0.12184512405189002,0.08047493248003539,0.08633816495797275,0.1059508325017593
0.07747215689750027,0.12027894753295483,0.16725587141122344,0.09716388745699119,0.1540689936647697,0.16648216693747486,0.05898489362791906,0.05381578152060503,0.10447730095056158
0.10720205818977076,0.07476352820060633,0.1056197830895224,0.12752180145294362,0.10641817792861956,0.09138649045411866,0.14689835720982877,0.11783716068152468,0.12235264279306518
0.09974861223089,0.08455932682267653,0.09478143653466965,0.1495473716422813,0.1141168797822747,0.10413942550270743,0.14018685741044998,0.09041536163469847,0.1225047284393519
0.14999477789441912,0.14649390380869967,0.10046391328553515,0.10615867773044241,0.08792110477545813,0.09510914511566387,0.11322336724878052,0.08980769871496246,0.11082741142603873
0.10745702149661186,0.07204836915287026,0.10771146804611786,0.12314217316329872,0.10564052684232061,0.08983637092859827,0.14767790121916852,0.12440738721548221,0.12207878193553172
0.1397649771527004,0.12322698329941097,0.12140198955496545,0.09369653869997967,0.09203702477237624,0.10609878888998542,0.10227762888235974,0.10901724735713818,0.11247882139108391
0.08370554436721173,0.06056056391782958,0.10374533101754833,0.14611239110499977,0.12063836130525597,0.09392256453384505,0.1523082029698226,0.1148913824693919,0.12411565831409503
0.11108286455102878,0.07284344949989985,0.10951444091491162,0.11749996292021352,0.1032918279464808,0.08935602541230757,0.14589538860313703,0.1290624222582575,0.12145361789376334
0.13832654691196422,0.11111183099612225,0.11727042067112575,0.09696278226297995,0.09164350232877462,0.10078128094228156,0.11266504627798941,0.11627655054976604,0.1149620390589962
0.1592003611593981,0.25042935741563205,0.09951819704171803,0.08845978653143931,0.07978262224175361,0.10190648489332048,0.0787599448012739,0.05077346518674517,0.09116978072871933
0.1574145226005411,0.24420811169243004,0.1022453889834174,0.0884186339786154,0.08044356094266723,0.10363521281985144,0.07867424713744309,0.05269066989792881,0.09226965194710547
0.023280629690578217,0.04196059377712071,0.17756225915265844,0.13569949098406167,0.1885678447908011,0.2362944302576124,0.0515407159590536,0.02741505691856547,0.11767897846954843
0.09782559110077411,0.10831591157985505,0.07975983947479665,0.1628716498868674,0.12178472815312501,0.12400798275167081,0.1251561553714223,0.06271741192745434,0.1175607297540343
0.10123249850512879,0.08860798974264783,0.09314333685706243,0.15033704562540126,0.11406436303424572,0.10572166341746687,0.1381906205870089,0.08683718102522416,0.12186530120581401
0.132701080710797,0.10378180476414722,0.10552276669975551,0.11242894320037346,0.09452229806493877,0.09334853415259224,0.13019997981330853,0.10959911502042097,0.11789547757366636
0.12117470462457618,0.0899741621803593,0.10458486867181205,0.12078443678232186,0.09998438950930578,0.09248030670037093,0.1388423023171673,0.1118333383539149,0.12034149086017175
0.15389630955732864,0.17315430157268208,0.10865346704794733,0.0945298199689234,0.08442577829055048,0.10266608383178318,0.09479250889560764,0.0825391151798754,0.10534261565530184
0.11116570081109023,0.11703577713836115,0.08415839729635433,0.15009373929312095,0.11344326195669689,0.11149978715902491,0.12682303545667284,0.06944229843861964,0.11633800245005908
0.1294224364482086,0.10320063670804806,0.1300891365008927,0.09142412273607105,0.09900689395987945,0.10952247287469992,0.10170021214032954,0.12171406301553463,0.11392002561633612
0.08068163389004905,0.16517555816636828,0.1560670167499171,0.09705709944701431,0.14149446440457938,0.16422866109431122,0.06013609788806789,0.033801494487962706,0.10135797387172997
0.13766095104564202,0.11749107601517861,0.12279765173345925,0.0934791775220329,0.0932001535376516,0.1062455136124069,0.10331893495347688,0.11265531276686248,0.11315122881328933
0.12649222949804306,0.08560413080915734,0.11826168837003197,0.09899418816044263,0.09605945868624215,0.09609469274975042,0.12597100300306172,0.13440480513304345,0.11811780359022728
0.1126846598262909,0.07723926001694827,0.10729855095560518,0.12105624398435466,0.10312663558317446,0.09061165130465987,0.14469109653239912,0.12170080123689171,0.12159110055967583
0.11169395318023079,0.06575848890531562,0.125857379227765,0.09343532726555089,0.10408646082981228,0.09549325443768253,0.12808899230715698,0.15802728144692488,0.11755886239956108
0.13196457667925218,0.09575168177353967,0.11787040780330649,0.09819817439998686,0.09400445257525764,0.09819788614574575,0.12032335001769047,0.12667758904643392,0.11701188155878699
0.14668130328011578,0.13732220091395123,0.10075685184728515,0.10849190727821119,0.08946995315299829,0.09466874745313532,0.11720474977551965,0.0929197719109157,0.1124845143878676
0.07516185740859836,0.07353118652235476,0.08589886892794847,0.17661749901916868,0.12965187784770033,0.12651892566801834,0.1337046140387618,0.07448773376273043,0.12442743680471889
0.11725814118881313,0.0750338783121493,0.11336596407101805,0.10771160521637722,0.09965854828774035,0.09042590848154715,0.13995119354827032,0.13642452125014123,0.12017023964394331
0.11288594604256169,0.11597261419727845,0.08572342195241701,0.14779952952044118,0.11189202345672711,0.10910096088810291,0.12788983258368775,0.07208189112656833,0.11665378023221562
0.11678084778254634,0.09120503295290007,0.1426453500734741,0.0887605620126853,0.11150681958727941,0.11777935534611401,0.09288745444657785,0.12571155507418108,0.1127230227242419
0.1511397590330249,0.15493562541635283,0.09665344565746666,0.10857712604306076,0.08839905153438254,0.09431818763426854,0.11270170448258794,0.08381445896897077,0.10946064122988504
0.14630704165184696,0.18200451803883333,0.11880938965249864,0.09033207989816265,0.08812869013311914,0.11184211820476507,0.08373949671004445,0.07619354768651633,0.1026431180242135
0.057011333556290435,0.0794207526248991,0.06424182162145185,0.20248119434290346,0.15057338913050153,0.17044734971262943,0.11123132088799313,0.04250591407714943,0.1220869240461817
0.11513227931214964,0.1209131497856936,0.08482769623927171,0.14657328999437794,0.11124564085970905,0.10883843040332014,0.12639618483964174,0.07040767678200609,0.11566565178383008
0.06495954704086117,0.06120503383151227,0.09031826784244641,0.17980282298088476,0.13450960553247507,0.12105441990936194,0.13815427216230014,0.08391611155319807,0.12607991914696012
0.16431000651576166,0.2405016272168954,0.09273684745870925,0.09256945394951839,0.0798282569694097,0.09636095046724003,0.0852956937225412,0.05509225935825529,0.09330490434166903
0.1138773507236579,0.1276716872947277,0.0810666516363759,0.1494538566914758,0.11364021769965094,0.11296838816653236,0.1231117791740393,0.06415480842697342,0.11405526018656675
0.11196808723270546,0.09076563181092301,0.09830032430840373,0.13630872237910366,0.10677151354297461,0.09739607970966614,0.1397430449308207,0.09758239333606043,0.12116420274934225
0.12622639558307788,0.189452387345743,0.13515304315490273,0.08866352550790275,0.10196529405492256,0.12797853568811743,0.07086952620373208,0.06071312201180543,0.09897817044979612
0.15144082312485438,0.14917299642643847,0.10347753643177282,0.10215114649569407,0.08654084214501279,0.09674279366900324,0.10921406712591418,0.09113217303886394,0.11012762154244615
0.12405223303225212,0.08227581343734795,0.12224827343200988,0.09584296835433649,0.09784053894557969,0.09814375503777804,0.12258944045970206,0.13934661600742923,0.11766036129356457
0.11317261923386741,0.07129421537856025,0.11273076785816001,0.11021752676385159,0.10161153196209279,0.0891626383678971,0.14352913509917145,0.13766422796235497,0.1206173373740444
0.15163478603781136,0.17462038478612354,0.08791848113038124,0.11427846647259443,0.091148840955293,0.09376851353161596,0.11046455624426244,0.07037549782037957,0.10579047302153848
