0.11869723194526598,0.12610552633016145,0.08449133059832792,0.11184041899571469,0.11434224740874548,0.10762579987752639,0.08696402516333195,0.14385971490187222,0.10607370477905403
0.14740777719816014,0.14068883052760614,0.08890530016079541,0.060464174367988406,0.06888331920330144,0.06526671721157139,0.038113237151948746,0.23670260485915384,0.15356803931947446
0.1164971460230786,0.12129561663940681,0.08539909065838679,0.11500028008119784,0.11955529875381195,0.11364053723208277,0.09415088969669766,0.13081594489638557,0.10364519601895199
0.09734482947991725,0.11527221479106912,0.06481535577825541,0.142400359748997,0.1273292576430454,0.12900007736987576,0.13561371518036933,0.10466243563943427,0.08356175436903641
0.15877892527548873,0.11132954024205431,0.17040509015909325,0.031111893695721312,0.08959596489340486,0.06527840340150545,0.027579190271322097,0.156844508870307,0.18907648319110304
0.13100063715834698,0.11907272055843084,0.1111709117580792,0.09048710152971358,0.11440235429840113,0.10153427729064046,0.070278483845631,0.13792214913043707,0.12413136443031976
0.1422987645418972,0.11535686292635171,0.14032366919945774,0.06725342548287436,0.10802518206117175,0.08836161519580073,0.05216260333066699,0.14029777020983691,0.14592010705194272
0.2419072668053163,0.016517284286069123,0.43376055034668465,0.007838982837739044,0.03648327744658824,0.06518377348735084,0.020550074518511,0.03633303295224787,0.14142575731949283
0.08917244719593637,0.1036774419225986,0.06114278704428219,0.15307196146816918,0.13334523432265727,0.1384166013292302,0.16450725130666954,0.07745667599658704,0.07920959941386958
0.13358327086751262,0.1542414567317825,0.07263446777443533,0.0812706417166152,0.06131340632110982,0.06418677438949015,0.044347943178190595,0.26330136436797685,0.12512067465288695
0.07475970568221911,0.1039985024603622,0.050426558545506754,0.17458451610050144,0.12933859537814987,0.1354842954242265,0.19722771044536694,0.06766184513382209,0.06651827082984506
0.13766299966634313,0.1305591288343488,0.10279076593439429,0.07927128151892461,0.09697693871956169,0.0848218628334454,0.054911433205832,0.17666932064525653,0.13633626864189366
0.08513278754457197,0.08927664039112099,0.07543392384347997,0.15797037973334718,0.13408847781122682,0.1370330035789816,0.18377080813616883,0.047620936622416433,0.08967304233868627
0.10560198938281558,0.11893893969563156,0.0726390266724088,0.13102812465187239,0.12405218410674883,0.12260064731474855,0.11604765839922133,0.11764718754126575,0.09144424223528713
0.11520602433511502,0.13352512819016857,0.07520834608888728,0.11727944037959591,0.1082041574913396,0.10317310738282953,0.08697811668396584,0.15939628967206806,0.10102938977603032
0.12037192391794549,0.12732483406661088,0.08559927159031407,0.10923112302378259,0.11243131037401166,0.10514314975138771,0.08332863450675503,0.14834770546833873,0.1082220473008539
0.13486971082878255,0.13102254757104695,0.09908689716005938,0.08449322818051004,0.09899948974841628,0.08761952911217918,0.05870332258284508,0.17421311786512686,0.1309921569510337
0.15827723412878983,0.13552533936005356,0.09603774396799074,0.040562838170626225,0.059544253458661565,0.05943281533508498,0.028846309326987896,0.24757600719347952,0.1741974590583257
0.13611772967301314,0.14334090937547375,0.08291737457753741,0.08141393628354875,0.08015327578520813,0.0746695972320819,0.05005402961531133,0.21930395341072362,0.13202919404710198
0.09643849254367542,0.08600405991791214,0.08835124510058699,0.13791249337955688,0.13960216258464572,0.14210250171752392,0.1573629522031438,0.052884107646599725,0.09934198490635537
0.1316240552421503,0.13322534872509093,0.09260376591651985,0.09037818118426637,0.0990378485166794,0.08915469129634512,0.062216529001531594,0.17661697199281998,0.12514260812459652
0.07892379476842186,0.09963683885651053,0.05562486058594004,0.16852631581213975,0.1317707672094669,0.13785841492332715,0.1926082600068164,0.06236170015823302,0.07268904767914432
0.11394619817496691,0.1312509538077379,0.07532876317129068,0.1192198817039452,0.11104456411776358,0.10627678210617554,0.09089353916090405,0.15239183337994974,0.09964748437726635
0.10389104972092038,0.09094360546337517,0.09166756501167446,0.1282155027427134,0.1399274190882351,0.1412138487387666,0.13847728178673935,0.06593974671824171,0.09972398072933371
0.09607748719842506,0.10487834687682866,0.06808102849780877,0.14324315567983073,0.13360076389837724,0.13690609498048273,0.14790952828579387,0.08411768963713133,0.08518590494532154
0.12191466606248609,0.13325232845848856,0.08230898247019874,0.10679207536461399,0.10541163796874649,0.09825492955379979,0.07667905024751732,0.16536415543972313,0.11002217443442579
0.11827012233518797,0.14549070245438744,0.07054592663069162,0.11150287628966689,0.09218893272320237,0.08848245372502071,0.07213753669171374,0.19755254626381147,0.10382890288631774
0.13131270127068775,0.13396372851364438,0.09135647130119633,0.09092049539995727,0.09837355915271688,0.08879518509186808,0.062236418068969866,0.1784620765311092,0.1245793646698502
0.12156623858420466,0.15910539519193842,0.06667746267107554,0.10121495345322207,0.06631104597210008,0.06933493562593404,0.05428529667416967,0.2557025742676639,0.10580209755969171
0.14501319174440355,0.13592799680066145,0.09776245310036547,0.06548091695381689,0.08099569956079829,0.071999368517661,0.042993452446622234,0.20908798854437224,0.15073893233129884
0.13467407848063243,0.13181473488759546,0.09770311528022763,0.08487495399613039,0.09820854824103893,0.08715464587722908,0.05858857105339634,0.1763710355882856,0.13061031659546415
0.09970213767881438,0.07621513004033113,0.11815159717641371,0.12539396715068798,0.1406478203271263,0.1346189749920452,0.14327782790405827,0.041694501323244364,0.12029804340727861
0.07425408586088116,0.09511766015175815,0.06729744853938886,0.17923074609408826,0.12629390391284803,0.12762560221383326,0.20725101442909666,0.044554072109252336,0.0783754666888533
0.13556861483690072,0.10683357001933665,0.1426987306327532,0.0788283926058276,0.12075988563138013,0.10278119909005808,0.06565192396381493,0.11506946066136133,0.13180822255856742
0.10344870957577816,0.10393165444550832,0.07860032305870002,0.13236547807187732,0.13424214331851902,0.1351410646485189,0.13242199858034145,0.08718382865418582,0.09266479964657086
0.1173657084628329,0.13407410912927928,0.07700077528644961,0.11395401375964827,0.10671129276774098,0.10106240668882127,0.08311692832700775,0.16294442735533396,0.10377033822288599
0.11862163667744757,0.10110384328519606,0.10922052943736955,0.10811210543986442,0.13336269840791118,0.12672331344848012,0.10130350800632648,0.0922739420088462,0.10927842328855841
0.14810174773381132,0.11248527818896199,0.15910645004411997,0.05318148224486191,0.103384982775853,0.07973578833594447,0.04243868845883698,0.14079327052576854,0.1607723116918418
0.09333857699134206,0.09712588829832408,0.07002850073956048,0.1461243717110382,0.13661473437602345,0.14124819991372817,0.1604658196430505,0.06867794641484913,0.08637596191208391
0.12710646512426754,0.13691768103305998,0.08404086378541838,0.09807160199415532,0.09782557227307377,0.09006486337480703,0.06639217550613316,0.18204243193442174,0.11753834497466302
0.12728402986109347,0.11463529847408323,0.11036827126631639,0.09644730188469007,0.12043355187047,0.10899187771487027,0.07869812111482538,0.12469955303699176,0.1184419947766594
0.13547296759502972,0.10949827021319442,0.13710606257298164,0.07985811534160064,0.11896055398408661,0.1016581864896499,0.06536508949451707,0.120435215931889,0.13164553837705098
0.14928712915541206,0.12953746357694249,0.11314012152263997,0.056591135307266976,0.08435582145321642,0.07158369701138652,0.03970446090413524,0.19406083171093122,0.16173933935806903
0.0800342477025502,0.09446185510070393,0.06287847181821049,0.16721160866328713,0.1321633354527465,0.13709549580220512,0.1945632722828032,0.05275493613824237,0.07883677703925111
0.10256191989508918,0.09541938288532918,0.08438055996766691,0.131757796634102,0.13827044737717717,0.14012771183784442,0.13975551530501124,0.07211152674925139,0.09561513934852846
0.113819573204476,0.13596286662418844,0.0724412141313696,0.11928490216853245,0.10609137328402712,0.10168750380283254,0.08711284690109854,0.1645363875819909,0.09906333230148444
0.1285776728255568,0.09070314007417786,0.15410374516770145,0.08600681539884582,0.13438497096753277,0.11903703655233548,0.08131463798051052,0.08210202798977939,0.12376995304355991
0.13500192186139412,0.11429855268568505,0.12693140878999185,0.08204599029353372,0.115620109486412,0.09967855212058323,0.06505841819655704,0.13046305790564236,0.13090198866020072
0.09798620058226963,0.11367061747859829,0.06615027894069658,0.1413989654993468,0.12841404475005178,0.1300865748954316,0.13584146132601133,0.10190361978447064,0.08454823674312335
0.1411418003600995,0.13184352235667793,0.10368260066345075,0.0727230956164093,0.09169566235592369,0.07970670972275833,0.0495488024589479,0.1863151354155639,0.14334267105016865
0.12057797490582815,0.07219552023998956,0.1695636592075471,0.08782671849519208,0.1437067423248589,0.1290025088068595,0.09465386751020088,0.05298285170907899,0.12949015680044484
0.13105987405984604,0.12422222978447207,0.10391142219682271,0.09098542118546839,0.10946418132044193,0.09749899015267643,0.06783570739720357,0.15074315164339813,0.12427902225967079
0.1231839476990771,0.14660234541704129,0.07296456158888419,0.10335858077429298,0.0872703177964162,0.08333420398302709,0.06441628376850338,0.20828114015925034,0.11058861881350736
0.10489982872070014,0.10076606200722608,0.08329811221366151,0.1295658642380257,0.13585338264176802,0.13644552578228264,0.13133070219801218,0.08259133964138947,0.09524918255693425
0.0985602350395373,0.14756802177693726,0.05779513480244247,0.13995046162647903,0.09719313385350002,0.09758588415233045,0.09896466926905428,0.1823952365271039,0.0799872229526153
0.20873700875856735,0.03802913040552939,0.40248953512444596,0.035279967160908754,0.05682013646138303,0.061278264015028484,0.06495925432980552,0.02257232844427476,0.10983437530005664
0.07368014774310949,0.09681595483215051,0.059488332080677664,0.17881274222688448,0.12797534270674155,0.13187390188745093,0.20834266367499613,0.04990664173167231,0.07310427311631691
0.11460912807695278,0.14559467587160543,0.0680704027880319,0.1171691774315725,0.09406463785364168,0.09100751693541742,0.07723457419700887,0.19326340157484487,0.09898648527092457
0.1405416276920041,0.12680331668023845,0.11278862966116494,0.07337277044345529,0.09852474706633874,0.08418167054531922,0.05222127873664553,0.16925306185419217,0.14231289732064156
0.13032076465797796,0.09637795925931876,0.14811565923993888,0.08536748133689946,0.1306724297394206,0.11488993150653881,0.07747857522467014,0.09222021257536912,0.1245569864598663
0.10522216025750351,0.11632752236882749,0.07352484712825606,0.13137627804565197,0.12608844880988648,0.12501246028696084,0.11900331186234551,0.11198228051597164,0.0914626907245965
0.10240972719183372,0.10201000984994855,0.07845043176678673,0.13354523467032037,0.1352812886162936,0.13676793040261048,0.13607039619141123,0.08311875160862538,0.09234622970216992
0.11258783633859777,0.12849928214427941,0.0755297131106867,0.12124368429410141,0.11421395076570601,0.10983082425261238,0.09542889355173699,0.14442815743499093,0.0982376581072884
0.0937546048057716,0.0993150348469166,0.06879884490962145,0.1458639172068533,0.135893331825978,0.14033003937834784,0.1578279800934745,0.07273878737905445,0.08547745955398232
0.10844954749677495,0.10197619960227723,0.08820989961532637,0.12446318083266371,0.13495363917162542,0.1338632487855005,0.1227569408971257,0.0870146746786707,0.09831266892003548
0.12025186094397115,0.12292883533424497,0.08932819039410106,0.10920278152546038,0.11667623988440294,0.10918265039217152,0.08649219244460983,0.13762265138196375,0.10831459769907432
0.09020396517248581,0.10147917578340031,0.2620903021267987,0.1434337367814796,0.0830479813156218,0.056232759368047724,0.13224508254288136,0.024967702099592898,0.10629929480969184
0.09526892078643791,0.08252610552793671,0.0958582933866276,0.13783272890985673,0.13899446722400843,0.1391955445603115,0.15875544416449572,0.046475187187714144,0.10509330825261128
0.12086939512064605,0.137965234876013,0.07750803434190495,0.10825464293603508,0.1004668362206086,0.09442732541368802,0.07470700290305683,0.17758602912639274,0.10821549906165477
0.15819748024971472,0.12320099490575685,0.13081755007452475,0.03814834200527841,0.07921384711204162,0.06491807027665598,0.03015688008015849,0.19162327980287638,0.1837235554929928
0.13396394025383368,0.13610764284066368,0.09099745902360712,0.08613187492447831,0.09332472146497937,0.08404963943586213,0.05727226587830498,0.18905023864908763,0.12910221752918313
0.08298718023191509,0.09057652337353954,0.07228864935027811,0.16202530901628534,0.13292042270516005,0.13607623597463456,0.18869134872314142,0.04770320114725909,0.08673112947778676
0.12206436096462825,0.13989291388458525,0.07705967042139543,0.10617484541966248,0.09735741899615424,0.09146979237706464,0.07145158969776089,0.1847862353702223,0.10974317286852663
0.14072785007248498,0.14416108777783213,0.0832258908870019,0.07253414101034263,0.07259515129827276,0.06893322851203576,0.04389200123477293,0.23382193665893045,0.14010871254832646
0.09479538546444559,0.10627671397295524,0.06583872655571346,0.14523888398638932,0.1327702156332927,0.1362730202839956,0.14949181385035012,0.08584498304799164,0.08347025720486632
0.13142920793099278,0.1527621568851553,0.07260845600209447,0.0866479934456975,0.06795438987980738,0.068451781372044,0.04847148543396564,0.24962466927884944,0.12204985977139354
0.12014418603753953,0.12877846160662665,0.08408287794030474,0.10963007045011058,0.11107234983811458,0.10398578016131917,0.08268074131626418,0.1517938948412634,0.10783163780845716
0.14048084746324752,0.11927981975904549,0.12807196315068323,0.07212971722426212,0.10639420408413547,0.08906661291555677,0.05445951907725877,0.1480940761056986,0.14202324022011203
0.10461133144551217,0.14426179624435484,0.06198058579773816,0.1319946539572887,0.0996517566196005,0.09841436325425666,0.09340438114876574,0.17854435803785262,0.08713677349463063
0.0967665121341366,0.12011607997446033,0.06255245154810928,0.14342795428247546,0.12383511947914294,0.1251165049995205,0.1319488528918463,0.11417626624936295,0.08206025844094568
0.11519695796694542,0.14522792838004636,0.06863607987221991,0.11632469748017049,0.09425242318075822,0.0910018395559969,0.07673592441175538,0.19283054321823964,0.09979360593386749
0.13360650040868477,0.11585564550920986,0.12125767431369394,0.08507865888452466,0.11538217586744219,0.10056200486701299,0.0670252153756113,0.1327594510446208,0.12847267372919943
0.15242182334235418,0.13771599796111975,0.09354619237395394,0.051314550857370085,0.06602079754439028,0.06279119159806784,0.03397695255252598,0.2382070756892424,0.16400541808097555
0.1313939153506848,0.0970072570664499,0.1502734308826211,0.08351445437881998,0.12966509600816703,0.11305297467521815,0.07514954949991783,0.09400899389556049,0.1259343282425608
0.0865051562375238,0.10501158318915162,0.058004569562412456,0.15699875753507375,0.13226709181786817,0.13766404837211346,0.16918141547445895,0.07815394040815228,0.07621343740324556
0.12502421372217268,0.09756577500298765,0.1302246987168209,0.09585081481663178,0.1328812120633667,0.12163436691535807,0.08868349230484186,0.09057992491622414,0.11755550154159615
0.1023604066518572,0.08475649909124665,0.09848270178932172,0.12779646789927082,0.1412706246916563,0.14214193803952138,0.14306457959590435,0.055667119159805885,0.10445966308141569
0.14045591269172944,0.14554130234451088,0.0814105064397279,0.07259856251754386,0.07023843917403656,0.06771997465826284,0.04330393110609684,0.2395443055464365,0.13918706552165513
0.1430446585866985,0.0975353007684432,0.19028734439629855,0.05747041766023426,0.11899276751524906,0.09107879023800046,0.05007747833054572,0.10406315985208246,0.14745008265244783
0.1339104098066417,0.09080804112464835,0.17333356050425142,0.0750649606354632,0.1308510058580679,0.11012506583796605,0.06926567691724411,0.0858678629954614,0.13077341632025596
0.12911284492153094,0.11009047219191749,0.12076115651682284,0.09224568333483522,0.12288553878958297,0.10990763776774076,0.07710415677509143,0.1165807616404873,0.12131174806199095
0.095989387178237,0.10628513258266632,0.06722414551274258,0.14353481992660236,0.1328483565351372,0.13601765465189364,0.14686614050513644,0.08662364821567892,0.08461071489190553
0.08544658013448116,0.11483809459869639,0.054007712002234635,0.15864388342656754,0.1268121512309222,0.13126491018859718,0.16043831051552207,0.09640797988049525,0.07214037802248362
0.10740537883821753,0.08025870403167576,0.1161103288741222,0.11681066118345589,0.14276470208308822,0.14026385346102851,0.1299827503652046,0.05329259351075281,0.11311102765245451
0.13863061742876856,0.13229403992381913,0.1007838607082661,0.0775308752675146,0.09382135387336395,0.08227897611366668,0.052789619410888035,0.18369419196846312,0.1381764653052499
0.0740773285565862,0.10882463847634039,0.1608066938765458,0.1870958749139072,0.09965151699347574,0.07272759601490036,0.16548603498671183,0.029147488350254363,0.10218282783127815
0.13429014004484666,0.11804491679367606,0.11891071645306461,0.08418222668865201,0.11296686097892487,0.0982347697240239,0.06510285843905107,0.1385286027791284,0.12973890809863234
0.13010352728517158,0.08654815943470939,0.1690886231350178,0.08050799207250488,0.1351833853646263,0.11717206728287606,0.07728270543555833,0.07707580963813672,0.127037730351399
0.07358004046353654,0.10542884261916598,0.13665370055410833,0.18883266543847965,0.10608121435133304,0.08244163383335766,0.1754386326368392,0.030767968542471765,0.10077530156070784
0.124788356630216,0.0912763540957654,0.1406613566387607,0.09350897011301161,0.13602866851997056,0.12419308980190268,0.08986663994113693,0.08044495370579165,0.11923161055344451
0.09306575033199455,0.09577041631558274,0.07091885167912751,0.14628905442984372,0.13698516598018465,0.14169340160703492,0.16206524343143588,0.06617326029307638,0.08703885593171963
0.12281347023484723,0.14213845686104706,0.07593062017711254,0.10470821595266838,0.09391792963621477,0.08849426068844347,0.06860699064625075,0.1927863396502829,0.11060371615313284
0.1407538027412011,0.12177014804913637,0.1232745413965211,0.07210509433258795,0.10369944451289163,0.08721208684593938,0.05340551169908636,0.15506522885209476,0.14271414157054135
0.13677729067433858,0.0917305454658705,0.18232304085524217,0.06919202086967263,0.12811233737174488,0.10453892907384464,0.06290538638769541,0.08931451985203985,0.13510592944955138
0.10711637337906778,0.09896002506240857,0.08863884575592355,0.12576263422701897,0.13662789490503494,0.1363653489158471,0.12740960210298136,0.08097774300446224,0.09814153264725552
0.08594313058852948,0.10123281112254061,0.23703514002563206,0.15115928104518564,0.0901044356620977,0.05894628568196649,0.13649186959229984,0.025818149447784124,0.11326889683396417
0.14243033561184124,0.1265156473958909,0.1155068710551883,0.06959166065387618,0.09681282240441236,0.08196556093561817,0.049575932053167016,0.17116331106441854,0.1464378588255872
0.08699279631956987,0.10142774852038827,0.0603232126323221,0.156113431592546,0.13381567373938819,0.13941783553302864,0.17170944444982283,0.07188292861232397,0.07831692860061022
0.10056608108396864,0.11179393871906655,0.07001959163318718,0.1376056227488208,0.12960779092158933,0.13067894484517614,0.13225222913663062,0.09990995005040933,0.08756585086115148
0.13862202745250066,0.12610514584235474,0.11173706161545292,0.07703251162740828,0.10123715024835041,0.08709471811796439,0.05530300786063394,0.16456183379815048,0.13830654343718415
0.1336886091787921,0.11436530970181787,0.1239738200575478,0.08461374410862084,0.11656083800061133,0.10140324057778582,0.06736177896308077,0.12944935023197465,0.12858330917976887
0.1135724149843101,0.11764703929612914,0.08401784996889478,0.11917506934170648,0.12347414617614527,0.1189150246368194,0.10204823903632143,0.12062762825823066,0.10052258830144269
0.1446777900130993,0.13181181134693998,0.10607760089827274,0.06588687357679203,0.08748928923194836,0.07553492339260502,0.04489067073102091,0.19270417859915678,0.15092686221016494
0.09426876291956271,0.11930496522602742,0.06042653835566345,0.14679911842263393,0.12444555195906533,0.12648916031291324,0.13766739758500066,0.11089217956269763,0.07970632565643564
0.08875846382409243,0.08188825091020345,0.12778071593153326,0.14573956824227122,0.1299717165274624,0.11022760366494433,0.1557900171258159,0.03369946792670875,0.12614419584696832
0.09572738289825289,0.15527694956825247,0.05602221594247799,0.14249325923335662,0.0879480497857716,0.09010710408077044,0.09367631434199174,0.20315650369483165,0.07559222045429463
0.1501656554641769,0.10327657997639327,0.19214098366029045,0.043182796465972416,0.10660134653354199,0.07632650834537189,0.03721101034639329,0.123617707071969,0.16747741213589082
0.1357063895331134,0.14461151918645274,0.08124062050215296,0.08188556873826461,0.07843819559373215,0.073742655165103,0.04971535357764742,0.22361288719646008,0.13104681050707365
0.13056631221538725,0.09284770486340442,0.1563180781624325,0.08318190931519091,0.13224350315497735,0.11549279198664708,0.07696724862674194,0.08672135769973198,0.1256610939754866
0.1285666953290033,0.11448482727448557,0.1131238780497021,0.09414290985201261,0.11982879561855879,0.10764984835938723,0.0764533976487748,0.12540747060056678,0.12034217726750888
0.10669774723764193,0.12885895340087392,0.0691519388539447,0.1298215594746928,0.11537864944238767,0.11297737376233825,0.10522502870835744,0.14052619661111157,0.09136255250865173
0.09621294356457237,0.11512092831066822,0.0636747147670867,0.14395786578148853,0.12742999800757118,0.1294457072754433,0.13805296785099486,0.10363918585816405,0.08246568858401075
0.07876204551931067,0.10393053177778588,0.18529392771010367,0.17163360959871454,0.09988028428148867,0.06792665118208636,0.1516292984630535,0.027948848714184047,0.11299480275327271
0.14291786019027616,0.10050401384686898,0.18100698147505448,0.05951764096935347,0.11759172803764657,0.09125818391393516,0.05091152232186263,0.10927770088859073,0.14701436835641182
0.11803172598168431,0.09091446795837087,0.12215055161980741,0.10529311911466939,0.13854519544249574,0.13192775850314883,0.10526203389078566,0.07541865679361957,0.11245649069541819
0.11103775480188381,0.09367169424211301,0.10193080435896695,0.11796669666982525,0.138680702986428,0.13658189511436783,0.12075762155686372,0.0749875512392334,0.10438527903031797
0.12590497710552562,0.09094086176204197,0.14480017194866088,0.09126056994461067,0.1356630041905399,0.12280460888545408,0.08735160259323517,0.08068092569167401,0.1205932778782577
0.13356822125359444,0.11352032004447847,0.12517389481226263,0.08465977603600026,0.11733270270902775,0.10208477497826353,0.06783509362998895,0.12746413507191792,0.12836108146446604
0.12855179923101556,0.1371915730983283,0.08504808234141803,0.09559273597456792,0.09641351857353204,0.08843482712109603,0.06414934507299529,0.18479922208966149,0.11981889649738527
0.10693423618834143,0.10262212461214798,0.08508682343958536,0.12690538693670303,0.1347494987454226,0.13430474848955468,0.1256776540629639,0.08714747543871533,0.0965720520865655
0.12877644612546102,0.10155693818673801,0.13382605237863252,0.09039786305810056,0.1287209464138481,0.115015240560269,0.08007155688362728,0.10004096613899177,0.12159399025433167
0.12095370839200818,0.10979843962487056,0.10382480325726977,0.10636062655414598,0.12701887816819316,0.11896249180400059,0.09277500255624853,0.10995285306398976,0.11035319657927349
0.101053780224989,0.12895814909416395,0.0637773416257074,0.13771612934101074,0.11621203925965547,0.11553502561648925,0.11504806465275713,0.13651202147530608,0.08518744870992102
0.10207929104092082,0.09604284001696968,0.08299704109505662,0.13266783167631593,0.1380034126739407,0.14002619271399805,0.140555759607861,0.07280537075750981,0.09482226041742729
0.13303855133065823,0.11145145029070247,0.12757495166395058,0.08519510820433202,0.11932997490904163,0.1040326019822327,0.06939818037315626,0.12253246530282953,0.12744671594309664
0.07576804896283529,0.0944741485587105,0.08914846284635201,0.17901897852530513,0.12186658869259932,0.11468061229655262,0.19649296088040757,0.037290253299610526,0.09125994593762705
0.09060633411512979,0.08599085686208001,0.21039786003225672,0.13530862007965272,0.11020782439033205,0.06647793808945376,0.1291429267502573,0.026940223670508027,0.14492741601032963
0.13995935810106883,0.1427349015543984,0.08501363364907322,0.07436460575516705,0.07635907003981855,0.07124742414648252,0.045702352044110606,0.22549960509637346,0.13911904961350735
0.1157437010674882,0.11598715128029552,0.08859636692800715,0.11566252668026135,0.12417352734755176,0.11869845723768609,0.09913429696246258,0.11872824486643803,0.10327572762980937
0.11491087740572499,0.12046706917841911,0.08381869743314224,0.11738011765776409,0.12077408220539128,0.11554545761748473,0.09757654860672273,0.12773471532896868,0.10179243456638215
0.09848971081792479,0.101167234975237,0.07349049728528988,0.13917898408687315,0.13559012121645073,0.1385371742899518,0.14550253064431815,0.07909245614490586,0.08895129053904875
0.14692724723401093,0.1217177411502709,0.13173090144788846,0.05929195361088136,0.09667817693629398,0.07857348511393342,0.04404492551469411,0.16373101844243418,0.1573045505495928
0.08914481943382975,0.10480920977373225,0.06055499850466114,0.153190223468067,0.13282898858473344,0.13779584766227704,0.1634503864751925,0.07951313914480405,0.07871238695270297
0.12406425540195842,0.08082642517770355,0.16033362046854627,0.08851176528655343,0.14022068669855184,0.12647716996949931,0.09017918936701373,0.06546214783233952,0.12392473979783396
0.13500944222950403,0.1369846208779614,0.09062800794724969,0.08419992784143514,0.09113174367889815,0.08212508520242821,0.05535095387753756,0.19364758733738055,0.1309226310076053
0.08128358909560772,0.0898540410216007,0.07920111833993086,0.1654793844200522,0.13015647986513165,0.13003044373543504,0.19082645976514964,0.04265072107843801,0.09051776267865425
0.12241653418648367,0.14786359918810046,0.07169501411324548,0.10435037115265816,0.08592815380292877,0.08255731699671938,0.06435405126169118,0.21154648633033704,0.10928847296783588
0.13486084101972737,0.120131171692494,0.11643498504908832,0.08344242718109245,0.11061348658285225,0.09608124994333704,0.0634038046389989,0.14419114524121313,0.1308408886511966
0.1375454392004817,0.12932351968220265,0.10475042896860448,0.0794120131029097,0.09858056480865873,0.08595211096963988,0.055614449415599614,0.1726874027805656,0.13613407107133765
0.1019284624820103,0.12142966307002923,0.06733908793280445,0.13635711505805947,0.12251654615857788,0.1221075995278152,0.12077449675014802,0.1203879085824946,0.08715912043806077
0.11527990648285176,0.09978799307252934,0.10354363335756761,0.11318782211543205,0.13498950517417962,0.13039588336661947,0.10898144171806508,0.0877770507218748,0.10605676399088032
0.15006901654899718,0.13132729711751392,0.10878086179308528,0.05543516964880572,0.08072531431191021,0.06964396196196196,0.03840460629607161,0.20272817221254727,0.16288560010910688
0.11086787793484376,0.1336862522626426,0.07091835564034425,0.12374723480569556,0.10955367884279026,0.10587500378553426,0.09383868753456366,0.15583576691378476,0.09567714227980083
0.12663332981427147,0.12069502552973958,0.10146723585866475,0.09842253331742708,0.11560441480796678,0.10507676110044305,0.07691849014504114,0.1378599006018509,0.11732230882459534
0.11002395613399223,0.11760129902724441,0.07907012320517895,0.12449004862340159,0.12434172187703334,0.12128527518356942,0.10874337288614616,0.11795926392625507,0.09648493913717877
0.14002652206684676,0.10298082527494619,0.16472508705005373,0.06764694926487504,0.11926403864112294,0.09656900398683897,0.05709868136371052,0.11126747016178007,0.14042142218982587
0.05526690008646266,0.12312628308651756,0.09002899324875209,0.23339111269558696,0.09358399193731493,0.0847587522442012,0.22472761835063948,0.0354802376634351,0.059636110687090044
0.11656539898828465,0.12452911462537708,0.08298244843547983,0.1150933034470747,0.11663950313420275,0.11071544052699069,0.09172075492604266,0.13829266270678353,0.10346137320976405
0.11558085765689365,0.09077226173576648,0.11619343619630489,0.10935930912752241,0.1391693117951488,0.13421358047764123,0.11093822546469956,0.07357518195422154,0.11019783559180137
0.10872941390018892,0.07685989401333905,0.12641925437513737,0.11198410389933129,0.14345659554193516,0.13864943662730111,0.125240951092461,0.05001594425299514,0.11864440629731106
0.1275177828139441,0.12954986858093745,0.09236527070414062,0.09749278090694298,0.10623666165562178,0.09663306817092493,0.07050559219904172,0.16119283587103114,0.11850613909741535
0.1573839272800255,0.13297921162906778,0.1025022896476326,0.04234163082100412,0.06626476274009739,0.06174357794040458,0.030411290427827545,0.23084702903968926,0.1755262804742512
0.2220027490953819,0.026859729429055856,0.3982358250898164,0.024793962159514307,0.05889473658372288,0.06626615637121304,0.05345720905626556,0.022381756520903764,0.1271078756941264
0.10132509073192093,0.09254323434431111,0.08549483588516249,0.13277890916575852,0.13922547298624394,0.14155682039629758,0.1440388210392987,0.0666613001398534,0.09637551531115325
0.09788053722100547,0.09511270322510672,0.07766565469114857,0.13881165725271086,0.1379973215816301,0.1414788186930118,0.15098257045572852,0.068434381206982,0.09163635567267592
0.13843343683851458,0.13492994468527744,0.09624264546359544,0.07794983053125508,0.09049896386121566,0.0802623736506072,0.05183433172723076,0.19226845437089687,0.13758001887140706
0.11865526613825085,0.10934135991415861,0.0998705514327078,0.11003462166674555,0.1281596939374969,0.12139353556316677,0.0974899942947155,0.10742357724419298,0.10763139980856508
0.11374426393511995,0.0894416574053168,0.11380458632762731,0.11178916344342822,0.14001029262768644,0.1361256458022639,0.11541699357264779,0.0703745657615995,0.10929283112431003
0.11359070890884554,0.07811179818943075,0.1344944305333948,0.10501802397569422,0.143355954718103,0.13688106332899927,0.11440734683904419,0.05503242214735412,0.11910825135913412
0.1500843597238588,0.11823701927891152,0.1446140471468697,0.05137922347118131,0.09588600396022302,0.07532149217419706,0.03963232474768532,0.15900022623405016,0.16584530326302308
0.09043208658344702,0.11072449519916389,0.05942225881325399,0.1517099790096074,0.12988685459589805,0.13390553420236506,0.15455425872256012,0.09143663323384342,0.07792789963986105
0.08935573285762614,0.08383804684315473,0.09413772685659484,0.1483558424355282,0.13498521498603958,0.13294858501770035,0.1705907172627091,0.04186541617754433,0.10392271756310267
0.1195830126439421,0.1328554908605652,0.08016599821040017,0.11051942746172098,0.10702995497206136,0.10055009921920322,0.0805896765914599,0.16188844199657126,0.10681789804407586
0.14492463226162922,0.12857544414814712,0.11329623677317575,0.06496846320715256,0.09140941722383562,0.07745006203650068,0.04552636461897839,0.1819182219572366,0.15193115777334398
0.11512815004826515,0.08927430283310776,0.11739968146215284,0.10941169551508628,0.1398428980476644,0.135056625534697,0.11219064839604413,0.07105574577250486,0.11064025239047759
0.14515676885223253,0.11106326183281502,0.15740513743557483,0.05931251794242193,0.10819551102003801,0.08515278692840282,0.0474502379129114,0.1334794994831963,0.1527842785924072
0.1343929828071485,0.13146567879629123,0.09791706616918423,0.0853799992919183,0.09888007725784488,0.0877665407885203,0.05917029874274036,0.17492254019778766,0.13010481594856443
0.1449014506977674,0.10482281265213926,0.17453180012083414,0.056970342490735924,0.11273133636115522,0.08680576849799441,0.0474949797965303,0.1197124224382704,0.15202908694457298
0.09369466679491616,0.12200814866951239,0.059202063911882576,0.1476337155276846,0.12241000307357978,0.12430149617529579,0.13590476152065956,0.11618605312014685,0.07865909120632227
0.0965650108123437,0.15998513231760325,0.05658131221658028,0.1402053373633437,0.08093265184444214,0.08424858969458737,0.0862579900556018,0.21981876574144685,0.07540520995405094
0.13978942976247888,0.1240225820173629,0.11727978375473407,0.07444694760872483,0.10234792945521265,0.0870591087133742,0.05424571638676581,0.16010766847980992,0.14070083382153664
0.1288886541337347,0.13244974612899185,0.09064258806654772,0.09516768810904815,0.10202645424006516,0.0926354486341725,0.0666789231690987,0.17090523750464556,0.12060526001369572
0.1561100801876323,0.12850236962471426,0.11535654985351407,0.04368780039330772,0.0755257819500813,0.06501486727008528,0.03224520039884787,0.20685968532339719,0.17669766499842002
0.1043248060892964,0.11799043253450808,0.07157510260811399,0.13278729841438344,0.12494540097038258,0.12403886712564323,0.11931825785512323,0.11478851230293008,0.09023132209961898
0.13035381336683785,0.12048472779368692,0.10800006780283167,0.09184974502243998,0.11354353019913466,0.10122046347146678,0.07074698534375311,0.14071242863639946,0.12308823836344955
0.09141068992245072,0.09464314241886425,0.07019897577524702,0.14861829668811444,0.13689746434653308,0.1418855097133284,0.16679079102506753,0.06305093496247216,0.08650419514792236
0.12538266066095563,0.10840555343690896,0.11482582765883019,0.09852718522088706,0.12608251659771366,0.11533406940527462,0.08481671692072361,0.11042710149585622,0.11619836860285009
0.12284446070159126,0.09297841708179926,0.13184405823104223,0.09784805806937179,0.1360734655790767,0.1260576974582681,0.09411858626544828,0.08175558754948754,0.1164796690639149
0.12296878618303408,0.11384954863342,0.10307230418175002,0.10372707160097823,0.12318641230094633,0.11407733377648865,0.08694626362979589,0.11966025116834293,0.11251202852524389
0.1257425816456896,0.1401904498537668,0.07977684411184285,0.10009668117929597,0.09452185766349995,0.08800153792396125,0.06599891027879155,0.19050501308721643,0.11516612425593566
0.11263039832355987,0.08950409215744093,0.11112168194094989,0.11364981693159083,0.14014044391023076,0.13694291083844587,0.11802939913802189,0.06971866231545495,0.10826259444430508
0.10398491779862552,0.0852307484215427,0.1003072073774995,0.12545948232075096,0.14143362631927994,0.14189749146437178,0.1391586337734433,0.05754537902232407,0.10498251350216219
0.07381484360776037,0.10111792664050005,0.11559200546049259,0.18708918853539294,0.11230728403573319,0.09413896752659436,0.18540138837455908,0.03274403411943504,0.09779436169953244
0.11679982845909363,0.10785050442268697,0.09788928989323213,0.11272568392362807,0.12974685208283007,0.1240360103410524,0.10196152133627652,0.10327061451585805,0.10571969502534213
0.13314444352550844,0.1218067284473006,0.11077018903003966,0.08691410153142792,0.11033986661303391,0.09697757456573769,0.0655602147673191,0.14667458258031804,0.12781229893931453
0.08852358781520682,0.08872669273156093,0.07694738419564857,0.15195066249954564,0.13619666810972267,0.13979047052819113,0.17609859906051828,0.05030973935277432,0.0914561957068315
0.13529177277944612,0.11465250678490575,0.12691390362953706,0.08155641611745457,0.11510129328320988,0.0990695414833805,0.0644474651430862,0.1315284821948298,0.1314386185841501
0.10693746590434178,0.11023849735827762,0.07946663107298649,0.12821678222581623,0.1301508796058049,0.12899519613094446,0.12042201323239472,0.10110773722022859,0.09446479724920524
0.09752860243846488,0.08287987762810874,0.09631232160948851,0.13443031431284844,0.1400690390234692,0.1408631990293472,0.15403147654483115,0.0490795856942576,0.10480558371918423
0.07949007255745195,0.09596350735515735,0.14098715330618053,0.17098139084574682,0.11443772836533005,0.08743048661544502,0.16436187984511616,0.030835347203198724,0.11551243390637338
0.11982626192358935,0.11239022807212874,0.09886450907357179,0.10867626340417764,0.12556304591972137,0.11812500369835165,0.09360189547110988,0.11431063450711136,0.10864215793023828
0.12701516571387458,0.1001347929127065,0.13141301946766593,0.09317299436730626,0.13050144521604298,0.11798345688020558,0.08398906563306562,0.09630888422534466,0.11948117558378789
0.10719306659999576,0.12863543490144555,0.06974936063373947,0.12911330202306687,0.11548261923265535,0.11292623594424424,0.10456871335092029,0.14038593086201048,0.09194533645192193
0.11240072734335566,0.07951833885814674,0.12848554121968966,0.10808170134105462,0.14309461158619297,0.1379002315681345,0.1177899556037919,0.05593796355970832,0.11679092891992553
0.07789183277505624,0.09342963423021962,0.06682528956630497,0.17162597335099894,0.12977769773101602,0.13279465997648304,0.19990666162876577,0.04719890220970882,0.08054934853144653
0.12121955455418039,0.09056833222597548,0.13139464793199096,0.09959848502629991,0.13773121802470775,0.12870542080795286,0.0979927317249213,0.07701705438145229,0.11577255532251914
0.09184622993272355,0.09020157951472012,0.07636836295734815,0.1469002878451077,0.13772885768008972,0.14202767991803616,0.16791616415463892,0.05586719839352496,0.09114363960381078
0.15589611717413265,0.12548449947474088,0.12436233180638956,0.04305265465471473,0.07985692997762699,0.0663321053369586,0.03257449889724929,0.19449884770111056,0.17794201497707673
0.12314414591409843,0.06634515941255427,0.19501317915450386,0.07745149996524035,0.1444790024186797,0.12288327955108884,0.08457568187666827,0.04852224318959399,0.13758580851757238
0.15801052889776576,0.12102805266453219,0.13789342898245008,0.037483078265986375,0.0818980531355776,0.0654998461460727,0.030151549405300127,0.1836332995630694,0.18440216293924575
0.12807218022419872,0.13933682058627636,0.08243030980069839,0.09624483461098887,0.09393452545434333,0.08674559255889748,0.06336163411043481,0.19099122561611426,0.11888287703804779
