0.1058204675036269,0.09541478386125034,0.12039479275833558,0.08223784200023437,0.0753734539329507,0.09733001988071155,0.16418507587284936,0.12828429185034376,0.13095927233969748
0.10929032004629402,0.10289148266692982,0.11717382473852583,0.10159267882496813,0.10202176591463125,0.1077142564504948,0.11140550719835703,0.11816225825877295,0.1297479059010261
0.10682646103787129,0.1043698002080835,0.08628189559926575,0.13662189150372245,0.1597153622085978,0.13275863817307146,0.03534105855432219,0.07992463975839116,0.15816025295667444
0.12245208936816532,0.09961752614943298,0.10950352594837125,0.10932769478672895,0.1334967492968797,0.1146006340393926,0.07173607995958609,0.10356311670209582,0.13570258374934727
0.13264353965509806,0.06778410487986712,0.11419220129621756,0.054979250467077884,0.09296737100483171,0.07261088686254867,0.15875223860112603,0.11381315962484788,0.19225724760838503
0.10348549685349286,0.10081684910669753,0.11971026088421671,0.09162539353747755,0.08102016899456342,0.10266688128726427,0.14890894178147732,0.12667248079383892,0.1250935267609715
0.10911359710463109,0.10761813668979914,0.11475605882127003,0.11268744071613863,0.11224627198314695,0.11308761441900529,0.09361277023076604,0.11459740593785611,0.1222807040973866
0.13862679019861723,0.06599013967279062,0.10978582997366278,0.057195300499643664,0.1052732874231823,0.07329932226828405,0.13644927414696292,0.10416632902010814,0.2092137267967484
0.09401729543601794,0.11765888115607832,0.08689062084735562,0.16650424008647455,0.15811795607461387,0.11458346448557905,0.05326344762426031,0.08593614460718868,0.12302794968243165
0.09882300850332044,0.11081401285162808,0.11741679635793205,0.10907651720805496,0.08788886689087162,0.11020993936907447,0.13064238121603872,0.12513458532126778,0.10999389228181196
0.1051720368902327,0.1017460450484484,0.11897474798858561,0.09563371233962226,0.08854819385310164,0.10466888399816787,0.13408189955746055,0.12362644038154025,0.12754803994284072
0.10701848537670226,0.09389478296583292,0.12107790368395689,0.07382872027368134,0.062109210217693146,0.09154041928746752,0.1961295214913411,0.1339158412665757,0.12048511543674915
0.11469927787797674,0.08672335767820549,0.11918732998736625,0.07392418077678121,0.08383698542558082,0.0909324890292187,0.15506324103452052,0.12273727175465515,0.152895866435695
0.11375361101823306,0.10385437796247131,0.11429622695122366,0.10800468715529844,0.11650203409853371,0.11161993375296375,0.09055135517731795,0.11218447480662463,0.12923329907733355
0.13980720694244783,0.08545792448121381,0.09407401979545076,0.11672331637449228,0.162938655703505,0.1254399277976969,0.04056624318656652,0.08267805911501945,0.15231464660360755
0.12236000387526742,0.08591109964849451,0.11575678679566744,0.0781671499607115,0.10221110163979685,0.09282520525355199,0.12461116232482357,0.11324463424561242,0.1649128562560743
0.12383625752842205,0.0900741903814037,0.1139339466472652,0.08734724670821183,0.11363145426666298,0.09943120918293098,0.1041390450023132,0.10930408559208467,0.15830256469070544
0.11286873706973682,0.10293389576115398,0.11540998055850349,0.10482873514285719,0.11173170895321909,0.10974255685740629,0.09758153885753644,0.11405998505039112,0.13084286174919557
0.1351572459176495,0.061767854727680344,0.11341524561159723,0.04876597888697576,0.09212997115368084,0.06605789173161354,0.1686339136515512,0.11398200571159998,0.20008989260765167
0.0960370322552292,0.11471993986346073,0.11640686648047371,0.113100571966254,0.08511249536665537,0.11085269070794239,0.13592043869323367,0.126465770163151,0.10138419450359996
0.1067072206726681,0.11176096983335104,0.11244833493533335,0.12209126962814594,0.11717372651453857,0.1164881364368547,0.08458544273182074,0.11257730039501224,0.11616759885227523
0.09990602674371392,0.10465435997773927,0.11997228846754042,0.09036016842845807,0.06921125795720241,0.10144333864088888,0.17413546415456616,0.13199449708004932,0.1083225985498415
0.11210790093891039,0.09797170362196955,0.11761741985908584,0.09352272378966293,0.09969747995142604,0.1033724592065643,0.11869023216236718,0.11802865725459473,0.1389914232154191
0.11656256418965694,0.09026261772549182,0.11760208289954034,0.08194242998324437,0.09626272860441594,0.09596281540316308,0.13047306343246598,0.11749414394713655,0.15343755381488494
0.10884375949645948,0.09452865529714581,0.11961865721300725,0.08410223614454743,0.08414042283416114,0.09812736750695018,0.14759198619576777,0.12415724405566943,0.13888967125629156
0.1311830135448114,0.08821562870797799,0.10963426140004284,0.09163042013580837,0.12820210341916607,0.10314632276204798,0.08473195948132967,0.10188936356447005,0.16136692698434577
0.1266654125796731,0.09386205273691521,0.11045418104457876,0.09930863586443132,0.12935225929662855,0.10838830171870996,0.08029729826875807,0.10375174711465589,0.14792011137564917
0.09532102767424742,0.12196386564825727,0.10059908763628823,0.15269011638442354,0.1288699241163921,0.1156975487934479,0.07481577444870985,0.10473107570063116,0.1053115795976025
0.105478136379352,0.11433611825338615,0.10317722032830828,0.1369737877730185,0.13623879835454392,0.12244206166754268,0.0603701912321889,0.10105372136284309,0.11992996464881643
0.10732398057788321,0.09567814527874523,0.11984582589077218,0.08495620404056044,0.08198054383955672,0.09877893929401353,0.15071348636177373,0.12535630008242798,0.13536657463426702
0.10835136188054961,0.11652539834410063,0.11877600209654733,0.08528629297053884,0.05443576400491177,0.09188980459566091,0.21462491611367707,0.13471493734152679,0.07539552265248704
0.10246724456830965,0.09968866482093021,0.12049422332058078,0.08486544594888921,0.0696477733966686,0.09880475920684144,0.17470618851167022,0.13133179052837193,0.11799390969773799
0.09791268806094787,0.11983364036821904,0.10168432548160851,0.14876163446789678,0.13089507319364208,0.11826844682571597,0.06916056147049603,0.10351515347182653,0.10996847665964722
0.13739267135810318,0.08693551754261782,0.10447364281765557,0.09987723955342853,0.14309592257321757,0.1105838078337343,0.06524480815499507,0.09454790747750964,0.15784848268873822
0.11176177748868488,0.0862221000376847,0.1208086623509695,0.0678603059475842,0.06737219142886297,0.08740122361485715,0.1882404657322537,0.13093901959070972,0.13939425380839318
0.11649372272533139,0.08786104500761194,0.11816180191664993,0.07745497487553167,0.09134141152102881,0.0929928268617658,0.1407799926574129,0.11923767571418832,0.15567654872047923
0.09341282212906526,0.12467141905142205,0.1012992130841907,0.15200248369944372,0.12203220840379846,0.11359059240997992,0.08508673963162876,0.10838934221999041,0.09951517937048067
0.1303849443254282,0.08598323312596749,0.11092536888799254,0.08558446889100833,0.1215411260249527,0.09832148078026244,0.09524491400691926,0.10388026649703234,0.16813419746043665
0.09768736285752229,0.11450323400319833,0.11558736071139962,0.1174507011021414,0.09319225980679423,0.11275039253133264,0.12010509845122726,0.12316624951572176,0.10555734102066244
0.10707350490334827,0.1026442817726992,0.11809796982739883,0.09923951696874529,0.09564291225818704,0.10645883352346992,0.12145108125462338,0.12079758252278916,0.1285943169687389
0.09604049696764756,0.11818724107017635,0.11725866301447574,0.1036432989161961,0.06956465690592108,0.10468174560700201,0.17307566690138224,0.13190419581877558,0.08564403479842331
0.13363676772186514,0.08425753149226271,0.10915245206084945,0.08575366362005715,0.125945688334314,0.09861976261011614,0.0897340368663424,0.10096710090432988,0.17193299638986315
0.10365097307109554,0.11592534867234376,0.10492295994467371,0.13781926290415572,0.13115547257765406,0.12087331191648021,0.06603384544603431,0.10415867191496286,0.1154601535525998
0.12096365127922491,0.08503398947367095,0.11668605916498916,0.07554561582429366,0.09708608043758103,0.09108265510177992,0.13369704498372895,0.11556518021384705,0.16433972352088436
0.096422843311595,0.11407996446221769,0.11659081867928604,0.11249390575437405,0.08550658344644228,0.11080633366899871,0.13506309942013017,0.12629019050025533,0.10274626075670075
0.1394760835677914,0.07210401025269532,0.10765231679425101,0.06805346788208735,0.11694077629246374,0.08328416393429726,0.10974713651971994,0.09909594905477037,0.20364609570192363
0.09490746349445223,0.15566339929888195,0.09948499049261798,0.13727667226120124,0.08442568419178224,0.09560630265720658,0.12780578032943318,0.11044180948510847,0.09438789778931611
0.12805507740678676,0.0682374056493928,0.1206937306919923,0.043750517430039916,0.05772670443922542,0.06507089912173358,0.22047346481273442,0.13871674540516502,0.15727545504292975
0.09882611982846201,0.11550587649120315,0.11849476338732538,0.0956859482558899,0.06387861791629222,0.10088744556691653,0.18822839860794702,0.13370358459336223,0.08478924535260146
0.09544790781446523,0.11605700148881416,0.08729841621670627,0.1607311225631606,0.15655748204723227,0.11987595331032798,0.0487897460983918,0.08472348793582878,0.13051888252507282
0.09448308154833408,0.12213807619641677,0.10902850719788836,0.1367999953440644,0.10531715330901732,0.11489711761149261,0.10261893759394551,0.11740247785122032,0.09731465334762061
0.1314424534885588,0.09242499045856739,0.09780256776510297,0.11747028971133826,0.15748291682619675,0.1243147161621928,0.04547007219131443,0.08827060209014725,0.1453213913065813
0.10194179856761332,0.1152910303132297,0.11202251332826298,0.12742732247744795,0.11240764935590657,0.11664447934102633,0.08961483613251105,0.11467588107967659,0.10997448940432551
0.11038185005688222,0.0979467756403342,0.11828964935615321,0.09216436380698832,0.09524149156007639,0.10264188851309707,0.1257010144547066,0.11996057222542861,0.13767239438633336
0.10960980957230677,0.10012685031399166,0.11797300698257944,0.09599135185561691,0.09742138747504625,0.10477432794900489,0.12052371217049307,0.11952011883383747,0.1340594348471236
0.12483002282445567,0.07125720145521207,0.11887140738810813,0.05320489642331779,0.073836767391195,0.0736015832918158,0.18998655992277613,0.12719641162328776,0.16721514967983156
0.13390758619004253,0.08510470010241437,0.10870292409671983,0.08805027904868166,0.12835770883275646,0.10051346457339216,0.0859152826365991,0.10028861607268304,0.16915943844671086
0.12484486077537967,0.07862778173224859,0.11618050459715883,0.06701392035979192,0.09391396489952558,0.0841666643149151,0.1450976209234189,0.11548864906635142,0.17466603333120992
0.10174139607873722,0.10993811760459653,0.11685781427445492,0.1110403165698103,0.0958842990199057,0.11132501273570879,0.11657393330926098,0.12176832252579706,0.11487078788172846
0.12442811874670257,0.09678411238105428,0.11037427998151929,0.10388416532709566,0.13067023598140456,0.11126574702487002,0.07695317841158231,0.10414413124600458,0.14149603089976684
0.10429109797621695,0.0969580898312004,0.12053879846020614,0.08285122342225452,0.07223379259325907,0.09774235309111028,0.17004870418052942,0.12989464574601803,0.1254412946992052
0.1361568702462013,0.0888135625924335,0.1036474652314691,0.10438042718261957,0.14634901409729859,0.1141020475681964,0.060518969485519214,0.09384510641282269,0.15218653718343964
0.10341957118002965,0.10886887907532627,0.11680911583341232,0.11017794970131949,0.09850417108682046,0.1111782858212893,0.11283912053416545,0.12056956009333746,0.1176333466742996
0.13091392607411959,0.09109772320733185,0.10829783439093325,0.0988883093936916,0.13476807976876862,0.10877784803122019,0.07461785431822542,0.10023487865120455,0.1524035461645049
0.09748531318702046,0.12238536521671269,0.11669468503773746,0.10280499301207931,0.06609852984377292,0.10204703676123185,0.18227814813033003,0.13213622897964003,0.07806969983147512
0.11306482714583325,0.10266060200922972,0.11543817169447661,0.10437701129478227,0.11165818417140905,0.10952120215836449,0.09787928522459316,0.11403392987658963,0.13136678642472177
0.09463300604935743,0.11550499512924216,0.08518048181510973,0.16304061292107366,0.1602674568512261,0.1190844033171957,0.047636357100615596,0.08228770703244956,0.13236497978373007
0.11539459845778081,0.08383645789601597,0.11962907626341242,0.06882183766960859,0.07838326406083505,0.08738434606480254,0.16800579769996463,0.12506309288617717,0.1534815290014029
0.09832211362148385,0.11514360317376371,0.09044629694207042,0.15245517743275103,0.15146490831273107,0.12405061741709023,0.04752959906003559,0.08732936188888892,0.1332583221511852
0.11752333414376931,0.08703762958032492,0.11788640634045293,0.0766953351734537,0.09234826264618427,0.09233835535280473,0.1398201600528117,0.11852572146317952,0.15782479524701895
0.1127676114146038,0.09370313672338859,0.11840875518453069,0.08566631491980731,0.09325766661921753,0.09866963029298371,0.13243268422492938,0.1198097151011968,0.14528448551934217
0.10549014946915382,0.09483177726078616,0.12085198837187161,0.0780800114919412,0.06772370078505686,0.09470020783162598,0.1817666686688513,0.13160692262528143,0.12494857349543169
0.10265686016029645,0.1166322847449303,0.10444438253950301,0.139600266009459,0.13103853053825146,0.12066684271572808,0.06625833230187848,0.10404038262636088,0.1146621183635923
0.14239958691559723,0.08434618309021152,0.09860965768239453,0.10828448609659243,0.15534110221119016,0.11834803419141733,0.04999066316633522,0.08717162702733434,0.1555086596189272
0.1228287151077478,0.07705833144169658,0.11781409352630395,0.0626517749196068,0.08459146567813602,0.08130405225591966,0.16348406725537182,0.12064372698719783,0.16962377282801952
0.12569669778753592,0.08597843943333228,0.11387245466314173,0.08096623351815684,0.11033555109634778,0.09470646304936085,0.11188420016260812,0.10924369047491407,0.16731626981460238
0.11947971099689643,0.0887659211848449,0.11657839960919396,0.08128421755212478,0.10061879005953851,0.09526775226808064,0.12477548216957501,0.11496215811497751,0.1582675680447683
0.12284573365927186,0.09953839343296533,0.10895923629491644,0.11004695043075136,0.13499920770747723,0.11522670872952824,0.06991593546287003,0.10281256254716402,0.13565527173505557
0.09595472290288187,0.11395349473162945,0.11707699104140827,0.10946765237297305,0.08113363619575305,0.10947557717401486,0.14445609867862025,0.12800823300815942,0.10047359389455986
0.10066261688291543,0.10602380577627325,0.12006930483158174,0.08762981576206295,0.06386339563338969,0.09908687167287787,0.18832118546072107,0.13399458315226762,0.10034842082791035
0.12372957638749266,0.07376112020110075,0.12058398419032378,0.050511224420120314,0.05897701814913616,0.07200159672031603,0.21455446375670087,0.13593763192478794,0.14994338425002152
0.11469670736716382,0.10462638342379456,0.11288923066263425,0.11130270583141479,0.12171842267953577,0.1136643194694455,0.08328093969374391,0.10999623799197289,0.12782505288029447
0.10766613603384072,0.09621899417544783,0.11961527220744199,0.08643782183389263,0.08429459246360993,0.09959268314166587,0.14593847706783172,0.12442109126393758,0.1358149318123318
0.12447673551044747,0.09850964865803558,0.10776907750872107,0.11046486738302362,0.13816940447773077,0.11603810693998118,0.06657367103746185,0.10100984869029535,0.13698863979430312
0.09660295036785187,0.12068577850154884,0.10033992215766417,0.15189107848938013,0.13186989682621103,0.11711810574398056,0.06988337168802218,0.10288168214374514,0.10872721408159604
0.09310779396784712,0.11807745903591792,0.08518290882324646,0.17001212271596122,0.16156624849488116,0.1115755888531395,0.05431443511030443,0.08484214037923686,0.12132130261946535
0.09447333687463032,0.11810197167530483,0.11527805481633807,0.11647711383075426,0.08408132144451368,0.11096146731915783,0.13873689822540577,0.12684976089244313,0.0950400749214521
0.1313040970542156,0.08550662125700914,0.11043324515174384,0.08562425060146328,0.12281689615500696,0.09839494567337638,0.09365262115493846,0.10305530364125097,0.16921201931099547
0.0979218260377338,0.11567568073680405,0.11447556502922217,0.12169328486441545,0.09773479700463021,0.11397546028908741,0.11207693682027303,0.12126334211924479,0.1051831070985891
0.12675871500959576,0.06842716191931277,0.11870149356535374,0.04999164672522066,0.07329101808479675,0.07039788208561443,0.19442232393405023,0.1280053576076369,0.17000440106841874
0.09354173176238934,0.11367222186726804,0.08122792999676724,0.1647145834136143,0.16661639395953368,0.11971563284182697,0.04419062990013195,0.07721726821419977,0.13910360804426872
0.09245993330385859,0.12603601642681078,0.10796786980202085,0.1374339632203084,0.1004051334409764,0.11274720637480118,0.11282282226630924,0.119054132387583,0.09107292277733159
0.09750755798189721,0.12196570038309233,0.11680862196671356,0.10246307687145716,0.06602756136935205,0.10206113725879888,0.18247683745912754,0.13223856554672,0.07845094116284139
0.0924413161291887,0.11034162123892777,0.0765933002126279,0.16085235320014912,0.17040336563555405,0.12540998860949104,0.03822839739005072,0.07085121881698485,0.15487843876702587
0.12488135834607365,0.08587087554575133,0.1143713189297606,0.08007520474783217,0.10819121730991055,0.09406689225758579,0.11525444056338796,0.11025496468571166,0.16703372761398624
0.09187723871617771,0.13333119821033615,0.10819506836509003,0.13173236243485933,0.08815244147772948,0.10778702225290908,0.13472639674616707,0.12218986068808213,0.08200841110864894
0.09892321397993024,0.10644553006632052,0.11947700398493893,0.095030189148128,0.07311341364111205,0.10392606437373675,0.16393942014972532,0.1306382545615346,0.10850691009457358
0.10397390180280304,0.11322835946144837,0.11306213350327875,0.12310973805229176,0.11226812706539419,0.11598809455860326,0.09043071756529308,0.11484284029626979,0.11309608769461772
0.12209664060403187,0.10008585134116633,0.10930227386082532,0.11027564500618366,0.13400964799731652,0.11515823240875149,0.07081961582503336,0.10341048469141345,0.13484160826527805
0.14847772757969502,0.05150346408236611,0.10005741435577037,0.05147397930037173,0.11731847251906012,0.06502043427332775,0.12007684318129842,0.08620142793072388,0.2598702367773866
0.11003817457015715,0.09270347024825432,0.11961941925747883,0.0815308684312221,0.08366780110802773,0.09645632992618591,0.14999530217347593,0.12401093422997066,0.14197770005522742
0.09890243697263978,0.11422806142149389,0.11519711036958909,0.11897351646241942,0.09728141931193228,0.11348562475469977,0.11291569272050689,0.12144157872575741,0.10757455926096145
0.1399882521968841,0.07962164985590643,0.10573185849125666,0.08403157280735181,0.13163469870396438,0.09749370420598547,0.08305227947257128,0.09568209591880524,0.18276388834727464
0.112079588251816,0.08720253922733594,0.12016344598709221,0.07214979604745991,0.07596932512769057,0.09024225097589834,0.16956398679054016,0.12677184462739002,0.14585722296477693
0.10648991372912192,0.11334665278214089,0.10947821817114096,0.12838793351479638,0.12444313617692697,0.1189212560289676,0.07463167963767132,0.10877192637716789,0.11552928358206609
0.13805645337276598,0.08492982116157217,0.10535001972471042,0.09460868921544158,0.1388714971208042,0.10630685724911904,0.07140631656357323,0.09544435991838134,0.16502598567363197
0.09168428177636118,0.14016928145642468,0.10416875631311805,0.13806668518531814,0.09165063514541218,0.10469591190644752,0.12775019308144073,0.11766964365488998,0.08414461148058765
0.10890559603497585,0.08998180647379588,0.1208179202999452,0.07295787354911383,0.06904521106372512,0.09121636932919412,0.1818048869895673,0.13047830278999217,0.13479203346969057
0.1347814527627754,0.08752497851632014,0.1196411172471931,0.051836732371800774,0.04302845237186762,0.06775992289890914,0.2434495400404096,0.13861776555909797,0.11336003823162621
0.0990831834993537,0.1132388356872371,0.11585679853056557,0.11633580901746181,0.09519709641162273,0.11273319938491072,0.11666174530150926,0.12228501344417708,0.10860831872316197
0.1332062158463755,0.07560432413667557,0.11154345680097129,0.06833020198759476,0.1086930863822866,0.08404350752332929,0.12201469488960125,0.10577735597396443,0.19078715645920133
0.12013362231865017,0.07966778445716748,0.11849660573555422,0.06517424060255393,0.08286839279667128,0.08378983498062093,0.16384647379550335,0.1220193589268868,0.16400368638639187
0.09334756668264137,0.123840122732274,0.108724954401396,0.13673890460801474,0.10228261008385155,0.11389491931029605,0.10849157262819265,0.11859142557840302,0.09408792397493056
0.12093113836525005,0.10101560034486357,0.09997007668865616,0.12298133058719966,0.15136446960102343,0.12498132572523679,0.048877323431308024,0.09285393225461748,0.13702480300184475
0.10807559025709997,0.10056337977605116,0.1183929786891123,0.09567889990994442,0.09423994623610958,0.10462683673887256,0.12527350833785522,0.1209734239793006,0.13217543607565418
0.11811077328639615,0.10438599796893146,0.10558755081452602,0.12069006858167487,0.14083537551442438,0.12104473144194777,0.05985108372216765,0.10003763905057932,0.12945677961935229
0.1130213668310247,0.08530466507365563,0.12032429212969138,0.06889629207837837,0.07305130349780524,0.0879135258386337,0.17709722312595896,0.1280070551553332,0.14638427626951886
0.10929273490103031,0.11058656898825424,0.11108866503662433,0.12230478939415552,0.12321719615799405,0.11755424359460805,0.07755390102825335,0.10965107572534465,0.11875082517373554
0.11328854718445237,0.1065162955008116,0.1122400759354301,0.11495006569246223,0.12300058052667888,0.11527975143177875,0.08039012092481422,0.10963335721627966,0.1247012055872922
0.0987783855366675,0.11251198853570939,0.11646687499325285,0.11372370815896608,0.09211338161917966,0.11183423657704498,0.12230828647366498,0.12352713843049923,0.10873599967501535
0.10043471311775444,0.1169775174767197,0.11068412815186852,0.13166146665143733,0.11367957475057588,0.11711880456372133,0.08776851770593634,0.11389608672694518,0.10777919085504127
0.11046064631990714,0.10371461265520045,0.11630427378685702,0.1044216779037954,0.10685684893828683,0.10925076658418999,0.10378097583038036,0.11628776509771181,0.12892243288367097
0.0943361784771528,0.11843439077149258,0.1152184854639624,0.11647931374730693,0.08361945371070761,0.11082158464184504,0.13981453406882252,0.12701474846470986,0.09426131065400022
0.09211098913018005,0.10734623662512914,0.0740242708174219,0.1534715941166596,0.16873607916411648,0.13186861438681496,0.033339159199467804,0.06741029930291974,0.17169275725729036
0.1235935615069073,0.07214938443829719,0.11984404721457986,0.051998464011940686,0.06706118574726856,0.07315220679202354,0.2013068135570496,0.1314255626493747,0.15946877408255875
0.10831619678828147,0.09201714947422535,0.12038281863557178,0.07801952207456414,0.07564892501146865,0.09453887563820514,0.1661567213204714,0.12763872442019367,0.13728106663701842
0.10378476858161977,0.10321351367858411,0.11894173241017765,0.09742507079093139,0.08746026782690247,0.10556990964919634,0.13505264750401635,0.12434039456474259,0.12421169499382943
0.09438307227542948,0.11815848433822092,0.11566975071122892,0.11423122057365354,0.08118028987303334,0.1100026288842304,0.14505782753632934,0.12795651588812665,0.09336020991974742
0.11952851723752478,0.07823425874874694,0.12075596410422292,0.055861797606307724,0.0601494091214671,0.0771677099775984,0.20929104304618948,0.1346035628738449,0.14440773728409778
0.096369864993519,0.12111587843943587,0.10185696785040617,0.15013121141895278,0.12797678062885395,0.11678718141651456,0.07402009803193897,0.10528324347381346,0.10645877374656526
0.11923364968179617,0.08404556773897852,0.11777869549156668,0.07250659833547696,0.09061060673776479,0.08918109712673883,0.1455921215919809,0.11866238048971019,0.1623892828059869
0.10877435831310055,0.09238535097605616,0.1201263813064387,0.07952949550120815,0.07866266344190466,0.09540718328147657,0.15979881636394447,0.12628850293422603,0.13902724788164475
0.11182724832311265,0.09247269348907243,0.11903326330096463,0.08259531227371095,0.08831637072433092,0.09688471396558995,0.14186718887044011,0.12179540238580101,0.1452078066669774
0.13625065743735112,0.07237636445197827,0.11011694881483917,0.06539095883182745,0.11002508840808188,0.08115946575675163,0.12201990641438192,0.1035395130547095,0.19912109683007895
0.11609422892542269,0.09530160727562631,0.11660545273549877,0.09124541294022352,0.10460877301068965,0.10197470009809782,0.11341611286124224,0.11514818659721802,0.14560552555598094
0.10128899929869105,0.11730007181714464,0.10169346771087608,0.14402179157448167,0.13494466668589322,0.12104391880384867,0.06239764544111696,0.10110148579028215,0.11620795287766568
0.09757439753008773,0.11028682532202477,0.11821492282840203,0.10404738965661069,0.07992492743953972,0.10793085739536645,0.14730352630429888,0.12828865679359977,0.10642849673006993
0.10261756524830436,0.09962173949247895,0.12036545806997612,0.08620812570098042,0.0723164041047545,0.09967190839736229,0.16838918433563357,0.13020654706723744,0.12060306758327238
0.0986083618160985,0.1376262786246579,0.11177734219392922,0.11285353457631497,0.06800430479602729,0.09865239430520696,0.17325382788457408,0.1263088567205243,0.0729150990826668
0.10965685247333586,0.08899199444286181,0.12079086949925176,0.07183070371755221,0.06915427555320514,0.09038755387822595,0.18228229002041788,0.13032269476907526,0.1365827656460741
0.10636297307142961,0.10235992118038217,0.11842560984169496,0.09802932313393398,0.09314967942445274,0.10585213089915274,0.12573517083246782,0.12179390277537477,0.12829128884111127
0.11810584374995896,0.10140167894002754,0.1126347878327603,0.10702355866813364,0.12343759206739087,0.11195088487275684,0.08326846714918841,0.10862248067594667,0.13355470604383676
0.12382159994229729,0.09193434790008059,0.11339426668857765,0.09118911906995604,0.11725785234455534,0.1021902171000486,0.0977455608233777,0.1083795420999541,0.15408749403115268
0.09802907425826052,0.11970453732996382,0.10141339649588883,0.14893002381181789,0.1316498470775266,0.11842791414605865,0.06827064424256306,0.10303083230081145,0.1105437303371092
0.11072164956788715,0.09007889360060158,0.11996850922454196,0.07682976085453555,0.0794216382223946,0.0934647191765211,0.16027291549847825,0.125531981044949,0.14370993281009078
0.10516264982047407,0.09623644594742665,0.12094881091272323,0.07738568494860398,0.06372081250570573,0.09396829402540281,0.19104540663230374,0.13343399763888356,0.11809789756847612
0.12592564906786463,0.09013375969686004,0.11263893948274584,0.08953820474569463,0.11888758756796458,0.10111949311351189,0.09661052522897355,0.10693308427017202,0.15821275682621286
0.11713740069236,0.0798778154954929,0.12060375053597151,0.059718379588632776,0.06496382757347001,0.08062656930131719,0.19829235063224784,0.13196306444624095,0.14681684173426682
0.09793292427916493,0.1145072707626927,0.11545955311857821,0.11799132232702603,0.09424483045968209,0.11297050419572004,0.11819979401318488,0.1227270571487773,0.10596674369517382
0.1234627533221131,0.09982978975152718,0.10610220443149328,0.11452717717884055,0.14176808243368597,0.11876658759841459,0.06140195941600327,0.09930732922382608,0.13483411664409609
0.11126285485044078,0.09066559770556565,0.11963445974077402,0.07858605472559631,0.08270395897754536,0.0944814032761188,0.15354705727940662,0.12406418628954959,0.1450544271550029
0.09637724553190609,0.11840304227907737,0.09298333460972268,0.15814030211277705,0.14704861820613652,0.11838557653827468,0.05615861874060354,0.09238220571516177,0.12012105626634025
0.10066142427047753,0.11796261973788534,0.10675370004712674,0.13892839728086656,0.12361021780207965,0.11881609243164125,0.07523494153184114,0.10838634209724345,0.10964626480083838
0.12739896413392257,0.09115153724161239,0.11127241789013557,0.09353116564052945,0.12481192884773083,0.10421147553342454,0.08783208303036831,0.10469985955216682,0.15509056813010966
0.10795121320615052,0.11266875710456759,0.10564950577941262,0.1317429480826855,0.13387061873489262,0.1215908682240674,0.06357901345749926,0.1032395385399038,0.1197075368708207
0.09301834660418172,0.12337696977695174,0.11154203367321908,0.12823111970527687,0.0919600202629741,0.11242480978079195,0.1252961097513097,0.12321918521234283,0.090931405232952
0.11483231497756852,0.08631013703361877,0.11922987629551603,0.07324157662264326,0.08323963186874976,0.09045691310934323,0.15654602355468714,0.12296040782700422,0.15318311871086912
0.09557527733825259,0.11650486595605765,0.08817418216180033,0.16063509599936934,0.15521797099135445,0.11943650294168251,0.04995786482787153,0.08593482813264519,0.12856341165096644
0.12339143510010257,0.09055770141880888,0.12058096531355167,0.059116417491585915,0.04764654821787759,0.07669966683268449,0.23407750722053466,0.1383838799876543,0.10954587841719991
0.09489555424678846,0.1220042308228753,0.10810344151482597,0.1391306929068452,0.10901681744197812,0.11534211715344596,0.09719929396204892,0.11561901913406473,0.09868883281712731
0.09317448637979912,0.1147128958704451,0.0815801749343359,0.16832239983188316,0.16782759188753438,0.11595062281273093,0.046900105526850054,0.07844068474260378,0.13309103801381772
0.12775869015100694,0.0790818090348253,0.12063430889111676,0.04996791606701359,0.04902137021980463,0.0697779782352209,0.23095962428076203,0.13942354797685966,0.1333747551433902
0.09851144681234635,0.11735271984383729,0.11807922199458525,0.09742539080178479,0.06425710753431789,0.10117577600979877,0.18722516388205027,0.13339991771631413,0.0825732554049652
0.09782903982693784,0.10962142417829936,0.11911673666423701,0.09623369893535572,0.06988971861990499,0.10372831041706437,0.1717012426993754,0.1320441291243233,0.09983569953450205
