0.12767133195717548,0.08450778259697773,0.15882236736600072,0.15053003798762726,0.09431540047569614,0.12081992284378544,0.06907519217392528,0.087549213797951,0.10670875080086094
0.09925281553602473,0.07719560416386047,0.10963594669993758,0.09117384785546777,0.14207236696824163,0.09944762897249686,0.10772959772610032,0.13290527056819787,0.1405869215096728
0.1343107206628227,0.10893535523731163,0.08259234004401306,0.11396888905023499,0.0573966670023874,0.11501185854803152,0.11111057597970486,0.08986278816227167,0.18681080531322222
0.12593437290284235,0.03838456545295285,0.07836067721815518,0.12515573304831226,0.05015127646718697,0.12351746408510629,0.21985176197443124,0.12411520333153507,0.11452894551947777
0.14849409657306464,0.08555165300548284,0.09680864497925469,0.10681263191488394,0.07123611110710354,0.12198125744961608,0.18046299022571946,0.07351483438150525,0.11513778036336952
0.14553412608725214,0.0883912550375356,0.08589013383157224,0.1344152045586401,0.06415191378324833,0.10942083830087435,0.060480130043361335,0.12532651810473283,0.18638988025278322
0.0992421995299989,0.07569536119151066,0.1432998667375142,0.09705364496942924,0.23529361892444633,0.095931509645401,0.0377966901248707,0.060826718464968954,0.15486039041186003
0.13798012731052245,0.08578991706171224,0.12223422723038778,0.11831836293194042,0.12770209883507902,0.10695859822322434,0.12277673650888654,0.07741422733338736,0.10082570456485977
0.07639067151968594,0.04961581395802286,0.06690908804469617,0.09796447308062688,0.1571624574661572,0.1002089836189885,0.20647228924701153,0.10949435654503271,0.13578186651977825
0.09938445667483921,0.08500767348817477,0.07335478565226705,0.0974470389549925,0.23278437903371219,0.08320692509704997,0.09407061764827052,0.09392108289058372,0.14082304056011002
0.13410353696913638,0.08260730862443838,0.06905897069164933,0.10164135983646379,0.049776285529738555,0.09474467179068874,0.190223021141024,0.15580136821097057,0.1220434772058903
0.11078981701644695,0.06749587145052303,0.06177992214624531,0.11873581668988246,0.10870605289043805,0.11253313635797817,0.21054196489514074,0.11492773778671143,0.09448968076663393
0.1646839832399989,0.12974653289013813,0.14603484971962954,0.0828295827864517,0.04215326227312279,0.08976672684470906,0.08509816590519736,0.06928586454242348,0.19040103179832898
0.10924745711646223,0.04680914032405046,0.08657951439501693,0.10164463889615916,0.13337701611672234,0.1032324441504433,0.13779640299720566,0.13103997171722612,0.15027341428671384
0.08978273277540488,0.11328459347628984,0.11027704181068443,0.09661548766606243,0.2923632199260009,0.09897884603324392,0.05808832802532177,0.06143816096907573,0.07917158931791615
0.16004962176554985,0.06733886628621262,0.13107726613781936,0.1351777055455815,0.07406857552225583,0.11617282942359179,0.12565009511606834,0.08637110009942221,0.10409394010349858
0.11048055355492598,0.16316472019151493,0.07289568693413752,0.11348124909053348,0.1428605217594288,0.1372024297354947,0.04523024882322965,0.09029661275399377,0.1243879771567411
0.08489221913255719,0.2405674987492823,0.10167568653185262,0.08387007985605877,0.10562116403684639,0.10169401890348062,0.03121141485369495,0.06476730804518581,0.18570060989104134
0.16048123346847962,0.1715098613956245,0.07658554380108326,0.10186449336515979,0.04706263619991625,0.10547377250133767,0.09626063553009682,0.11464678235511566,0.1261150413831865
0.1052828431381404,0.06142276235368327,0.07656135333510868,0.09923743035251516,0.2142876077839685,0.08724320375680612,0.1721653217328133,0.07104774068082333,0.1127517368661413
0.10145724949762973,0.12067771852709554,0.07559311884274812,0.09209330664648534,0.1041041153269122,0.105812552568387,0.1596404649970667,0.11462968987199912,0.1259917837216762
0.10612767310318671,0.05387910155772504,0.07244705384857865,0.13870294732242366,0.11895589209957858,0.12230865851707183,0.11056775215591015,0.08685284470349387,0.19015807669203152
0.11924195943477267,0.0602408644747951,0.05262398923479381,0.09940615587305339,0.19251547790117893,0.09005623958161536,0.1693387489895277,0.08967300004450346,0.1269035644657596
0.10199245814783121,0.059100360229996284,0.06424768375677137,0.1211224051210853,0.08179192730180873,0.10363944683656601,0.21681382889782574,0.12534455645207956,0.12594733325603577
0.1591323494425878,0.06718628449313295,0.06510442196211483,0.12750097439468674,0.0691253026245869,0.11052595231189107,0.16447933536537937,0.11839769836622212,0.11854768103939822
0.0829981805970867,0.18766731405107076,0.12730826516189234,0.09943285511491617,0.10691856481992672,0.10450324029263545,0.029218958931609768,0.09702815747446292,0.1649244635563991
0.11775388669843839,0.0982203129762997,0.11188001787298517,0.12712351007016218,0.09970830082251207,0.10717808373435457,0.1076080166461811,0.0839137729258118,0.14661409825325503
0.09433509591254426,0.11000493681319029,0.12155616958837702,0.13487100291342036,0.09952503129080474,0.13595862968178177,0.08220361613320656,0.10779847612427755,0.11374704154239751
0.07879809257419317,0.06595686182703785,0.12705097290859466,0.10979454801931048,0.2639507653969665,0.08130726966031047,0.07699690742571375,0.10104330656181486,0.0951012756260583
0.1242046877650398,0.09044720802001442,0.1780523452533922,0.10254404704399865,0.08336945175346071,0.10932504091826435,0.07265487188694571,0.094363672421114,0.14503867493777026
0.11570715345705916,0.132499434289822,0.0914324585087502,0.10218232233724452,0.1630585178991417,0.09111296655751246,0.060335171755505825,0.06515678443684263,0.1785151907581215
0.11362686540613677,0.07211898442094618,0.1403059442673797,0.1211522877511106,0.08072150329669836,0.11895521167023888,0.11833352763417067,0.13330271640186112,0.10148295915145777
0.12296285509265613,0.06520218401249184,0.08769640269339474,0.1265399972997327,0.07229658761022588,0.11107467940664094,0.16776117437963292,0.10840337909648622,0.1380627404087387
0.08736365046083205,0.12078293048754418,0.09271656705795407,0.13968198321335545,0.2172983237490248,0.1126552395738258,0.06043506532232282,0.07185710211302622,0.09720913802211457
0.09828185545552488,0.15778883229713725,0.09168000087435159,0.09918456182557349,0.2163364714420504,0.08131468306532695,0.034893343283276944,0.08658390516989012,0.1339363465868683
0.11222307982876428,0.09791933253485456,0.12788124544419407,0.12770251486992584,0.06914975578305375,0.11349940170696234,0.04652838184485805,0.10427984966015628,0.2008164383272308
0.18069120901489363,0.11645519499115198,0.08526538530601215,0.1399920040783886,0.05227313535055259,0.1195648513844731,0.11709354778468593,0.09657057584449658,0.09209409624534541
0.10704456274971468,0.05373491671583491,0.15948934192891603,0.12209491498728403,0.023550744814528835,0.13349522650609855,0.14840485799517233,0.11102398340836567,0.14116145089408497
0.11561647247814866,0.08812785427805465,0.08004879289266037,0.10339641305092419,0.10560107576551188,0.08344139755474643,0.2097813295783181,0.12748163712616725,0.08650502727546842
0.1294285120458644,0.10899671481035154,0.20580211565121417,0.1332429080608554,0.022460288144998976,0.11389512657497199,0.05576354099849785,0.10268148008477264,0.1277293136284731
0.15989859610775062,0.06509925178639912,0.10046500916954365,0.10377566472198878,0.07050752105899309,0.10301203017904052,0.1911794774811615,0.08313684932339878,0.12292560017172405
0.07505401498114012,0.1106158233044058,0.14664695348505927,0.0925671414835161,0.15976242429191298,0.09358021509886875,0.14709723000057404,0.09974300942977203,0.07493318792475091
0.11112589751293396,0.07472637737627752,0.08477474144476116,0.125485381757822,0.030201963148597372,0.11585914839258571,0.17815762047648354,0.16493387003527962,0.11473499985525913
0.16790720853017627,0.052376640388446284,0.2396652719093069,0.10723938834151563,0.030519509711200446,0.10196634864095883,0.12971832950822781,0.08759241324054788,0.08301488972961991
0.127998784679458,0.06374264745856355,0.11367465655229632,0.10921277795196367,0.07808139299976728,0.12655526876582757,0.14854849747317633,0.1177439588108606,0.11444201530808668
0.13008438205909964,0.07193922795963581,0.0824970812718275,0.1141181036126324,0.06205806490827426,0.11790595643232554,0.1605478182969868,0.144852053265191,0.11599731219402705
0.08920433681641056,0.12184612186017556,0.08835765017572066,0.11818292055921797,0.07061489950500378,0.13075222443933573,0.12086828238523346,0.09604168455132596,0.16413187970757628
0.13608513208873177,0.07640136649714067,0.07205545547076443,0.10779684645173408,0.12551291078887036,0.10158292545248478,0.19056853097838763,0.07561102027559592,0.11438581199629048
0.15111681605950636,0.06781016043010522,0.08838629012242039,0.1188741484161715,0.0704254703709442,0.11613141501515267,0.175931288736899,0.08693833094265326,0.12438607990614743
0.08908434941265393,0.2720900232605801,0.12362842345460244,0.10731590948612035,0.043555511807753015,0.14304472593602588,0.025924404299628515,0.052113220762707115,0.14324343157992858
0.10071795783248257,0.052760431529833146,0.10812201713004665,0.11637956553567334,0.14479735484623837,0.10819682289201188,0.16791096967274166,0.12940767433120567,0.07170720622976665
0.14700982974522306,0.07733211364814584,0.07843335898350097,0.1185981070087645,0.14523834677137867,0.11095141082680726,0.12340195753278253,0.0886642520562158,0.11037062342718139
0.11127767783329572,0.10662155639292448,0.09237587286429505,0.12793506176280203,0.07172203065733161,0.11100675695059757,0.059435502003351764,0.10726072596363212,0.2123648155717697
0.0997743517592532,0.07619152855591911,0.08623453337360397,0.1005600118159895,0.09717122278392905,0.1047299508743685,0.25670722614180685,0.09647162746073266,0.08215954723439724
0.10933630210303287,0.06991780245190465,0.08159412658905328,0.12806549003525586,0.11597638388718669,0.1149971503016289,0.12463505910339844,0.12377344591868959,0.13170423960984975
0.11933069719729335,0.08141072947755981,0.07307920338668095,0.1147871038506272,0.06307277469439582,0.12625896649197524,0.15380425000675627,0.0967733710928037,0.17148290380190767
0.12091412640468839,0.1133441907058113,0.08957400429871577,0.10644886518848427,0.09554480470165376,0.10208034822901628,0.16319097301958416,0.09229675115493151,0.11660593629711469
0.10507734402725931,0.06360254065840025,0.12469327862969426,0.10586385657244067,0.16789632947197428,0.08954307967784847,0.1489527794173259,0.12312440579143384,0.07124638575362303
0.12311203218087163,0.08052697228810411,0.08283349930590227,0.11244947471277593,0.12839879690952652,0.09824011755986022,0.0959247812891895,0.11836845083929293,0.160145874914477
0.11259527705681881,0.11210686673303238,0.1194347734187669,0.1265049043547639,0.03632913820639503,0.14495164328840004,0.09240711725328817,0.103001323441672,0.15266895624686275
0.10045473543947216,0.0942422351692832,0.09724326685871632,0.12850073848634036,0.0811121629026172,0.1501720475822015,0.08330657737152752,0.14658717007703967,0.11838106611280208
0.11200360236433893,0.09070552924624718,0.06506715395293294,0.09251058440658393,0.13913900180287267,0.09411379278688829,0.1941506438812448,0.10747840910522148,0.10483128245366974
0.08636099451014516,0.0921588025283545,0.1729759132114015,0.09721794538240665,0.23627456492575216,0.10072044998974693,0.07533597387323743,0.0806153910130808,0.05833996456587489
0.12295494831673232,0.1277145029248534,0.09095797818871526,0.12305338477373802,0.07215859708975987,0.12676841333817407,0.10353695239884031,0.09173027678189272,0.14112494618729396
0.0846019212607702,0.0930564764133735,0.08289496251194711,0.08747427625916997,0.21540443131360698,0.10089206752412226,0.05476868794177919,0.08337256633529468,0.19753461043993617
0.14988915460479826,0.08060547126540388,0.11562863570655202,0.08246213513235473,0.052707998500533454,0.10052878396597387,0.09007202807150178,0.11545330314148493,0.21265248961139704
0.1386004400658486,0.08551545757826386,0.0700984912491238,0.12647070649507647,0.06495562201072043,0.11402583392906303,0.13077986704403097,0.09854070801350749,0.17101287361436524
0.0971652234058001,0.07611181783846956,0.09490411647712114,0.13190963573611694,0.03825482782634802,0.1161345110167939,0.0857625574967135,0.17812821918269606,0.18162909101994074
0.12605960533365504,0.11549769582184159,0.09315692867551334,0.12303863207111256,0.09936435298623496,0.1407815611943295,0.09509880405921393,0.10882599110730586,0.09817642875079317
0.11056507735181209,0.043862946466403395,0.1433896814031809,0.1165285666223168,0.06425714862997116,0.10823531536385257,0.15635803427976747,0.11714109163429258,0.139662138248403
0.11074032838169755,0.12004409966966585,0.13755136815836685,0.11769050455869014,0.11133728707224995,0.13933633859461528,0.061822190125774494,0.06570400974274887,0.135773873696191
0.13306360826130673,0.13547031573986693,0.13968578416780267,0.14532377341656308,0.07041399008312393,0.12518277441935108,0.06953060981755269,0.0894464043155027,0.09188273977893018
0.1152320106102838,0.10803301993048946,0.11407673881559965,0.10798431559078303,0.12445763486176949,0.1016594545430753,0.12415369304618228,0.13912898487563563,0.0652741477261813
0.1364014293808718,0.13882740067595004,0.07558933938825192,0.08987741523221672,0.10101773513584315,0.09952526482561559,0.1309012958829174,0.08696095446679415,0.1408991650115392
0.1275165792152959,0.09166522843441655,0.0690992074346526,0.12557908168265056,0.05477761271436315,0.13046213800926063,0.1289653589510997,0.10394170139291752,0.16799309216534344
0.14781605847852464,0.11012827603293562,0.15090299515630376,0.12016591143243527,0.06271826593159992,0.12382038706189356,0.0798133873941154,0.09634329420128052,0.10829142431091136
0.17455189988116981,0.08041920198387754,0.06714936329422484,0.10425270206825964,0.03870072668043674,0.10221666328952206,0.10002248952887503,0.07463138599133302,0.2580555672823013
0.09049377462783416,0.06272107701499595,0.10433775137330047,0.11464118322236834,0.12671521983295345,0.11277732415268253,0.15983861023696433,0.10787049505571507,0.1206045644831857
0.11726897720558432,0.1544187581785987,0.11270109729551304,0.12718503308357273,0.044182103849137754,0.1144352821137697,0.10265745385899283,0.12813566343540908,0.09901563097942184
0.08395211850512548,0.09410810532497477,0.06280315293969314,0.10937120458761629,0.05490522781234034,0.09961623710629679,0.09388319140267697,0.1882128628199847,0.21314789950129157
0.11295970923267284,0.06875662114329302,0.08639818413119539,0.10861581508750111,0.1480938337437813,0.09947174601796333,0.1539782304740334,0.09072156802520998,0.1310042921443496
0.11477982585686547,0.10985853274957852,0.12042158892309231,0.11349964592499695,0.0758957072435897,0.12280168299059084,0.05971431742358598,0.0915129227968402,0.19151577609085998
0.14654644518310297,0.059860333120531795,0.08932797644473774,0.11733308325074887,0.07748300185281416,0.11991729293558477,0.17741576614739016,0.0877638002666587,0.12435230079843089
0.13932583745271135,0.07356075994445399,0.11362146097049937,0.11320980649580938,0.06940970065016362,0.10529568531347266,0.16761533715874402,0.11378007031372343,0.10418134170042219
0.14420430723366334,0.14282547977086732,0.13798917433342842,0.0912735382099072,0.04535794904696546,0.10688256503463012,0.04938456805027173,0.10117894849894228,0.18090346982132408
0.09505409741376196,0.11115342376392612,0.12500544904093955,0.10781878289618992,0.11731267185816951,0.10729481030521991,0.06240859088973363,0.12981181116555837,0.14414036266650096
0.1428616019748024,0.11109749215310201,0.06076927447512789,0.11555735037691799,0.10969727685063442,0.100850100636533,0.15809367227451473,0.11659357133724872,0.08447965992111887
0.14284134002065402,0.0586625083223358,0.09257889954664696,0.14443798073426836,0.042202837542900114,0.12487128284084768,0.13500776316473292,0.09177522702428348,0.16762216080333067
0.0888605630964903,0.07279483714901373,0.10111436564419381,0.09458057154667839,0.20138627985877436,0.09224230270770421,0.1020587395502335,0.08367772554213616,0.16328461490477555
0.11003398042213662,0.10087870130553196,0.08367921731285811,0.12791692491645276,0.0939976479756361,0.12016641287120572,0.12205690085072869,0.1526172267659196,0.08865298757953034
0.09086894569107189,0.05543020171039848,0.12844854967231092,0.0738543456051845,0.13144820252374692,0.0742414449100741,0.1620491539608909,0.16091866596788093,0.12274048995844132
0.10078408538674531,0.09237589380522275,0.08441174933818779,0.10316222177635288,0.13121940032858953,0.1031884344344234,0.1061133328674559,0.08536240496408472,0.19338247709893777
0.10704045375239457,0.08324317175915416,0.11101440653296916,0.11903480915165215,0.06724108196937818,0.12121221301194467,0.14447476342727922,0.11974682907993932,0.12699227131528854
0.1265432686357577,0.0764026658848039,0.2293698432533526,0.12039730483972406,0.03454017610351042,0.12962548107161245,0.10438751634999836,0.09019623666028138,0.08853750720095899
0.13876246460431685,0.09689177863349356,0.0858416284200361,0.1180598790792637,0.08031964942024855,0.12318970678028557,0.09722475651678845,0.0888927872357486,0.17081734930981862
0.12808698067566138,0.06670450404368312,0.16896822673542355,0.11700260306476408,0.10822625913568422,0.12371695070585316,0.07721679799304824,0.06647533380692668,0.14360234383895548
0.10850015553796717,0.11364325301871057,0.1505699695663326,0.10639448000516483,0.03812986042964391,0.13299444391788787,0.08152917340653425,0.11800494128846038,0.15023372282929845
0.1359029709160031,0.07144212746475447,0.09022472518515146,0.10983250755830443,0.06114473311964991,0.10733603962944682,0.17619630076335469,0.10274434765869266,0.14517624770464255
0.12927770211348608,0.05607340972981447,0.13779581395317736,0.11648526344114325,0.15067888940546018,0.10369742675550768,0.1220802382779708,0.08835868254533923,0.09555257377810089
0.10705794186554453,0.06863269457553395,0.08246541214063328,0.12145460790306208,0.10668934345317159,0.10863119055006663,0.1301845727455931,0.10940252847194831,0.16548170829444656
0.1469155364154253,0.06408212406042686,0.13975699013077958,0.1107373969860308,0.1017086760631566,0.11178654030947847,0.16591846764790188,0.06609840337933794,0.09299586500746264
0.1654634220558541,0.0545662085583269,0.09411846183572871,0.11287519507650894,0.030670570186224006,0.11430481640929598,0.13346387875121787,0.12340612150507514,0.17113132562176836
0.10121286757755826,0.15966136820446028,0.1413375572170099,0.0990799994276692,0.12368746595977886,0.1050031820301124,0.07015767090984774,0.09555757175314726,0.1043023169204161
0.15497311270329964,0.06401872677802671,0.15025342402608746,0.09974686513710494,0.12380650110649487,0.08399019921948497,0.0786824855580898,0.05160605150662791,0.1929226339647836
0.10528541603595672,0.08012710334139633,0.12276615024270023,0.09723122459496177,0.1858345798458817,0.07981966942364907,0.055885791882961555,0.16364577568780803,0.10940428894468458
0.10880157094034963,0.04484701959164574,0.09034421290672166,0.10789958112585289,0.10739047262240216,0.09599877286075355,0.1742830434194604,0.12306982403510029,0.14736550249771363
0.09648590211785135,0.11295907636214242,0.07491126645119592,0.1195034575042621,0.2457353040785515,0.08762999744869578,0.09462478257573044,0.1200528271133579,0.04809738634821262
0.14027158695875688,0.10243388307594552,0.10447014898654079,0.1273836392220532,0.09494805426018026,0.12509246226604334,0.08217593782831535,0.10284319519395228,0.12038109220821236
0.11108770245484578,0.10660953243252029,0.15579590800762158,0.11383214611723225,0.050109164201791484,0.12687619071221753,0.1037869143195282,0.09591664925741067,0.13598579249683226
0.10790389604618246,0.07261715427112407,0.10594278844795925,0.11669076265662741,0.09493185580499676,0.11402769452666962,0.1911450415919019,0.0932708470782968,0.10346995957624171
0.15213853571489447,0.09755188350908343,0.08830456887872833,0.10391146036537091,0.032813478552124464,0.10176897186537161,0.14783595647135792,0.161407558577557,0.11426758606551198
0.09462569424945504,0.08661370639801547,0.07927052775501976,0.12333274227558877,0.150438631454597,0.0995898658391331,0.08856781239926252,0.13705009297197834,0.14051092665695
0.08031730192947627,0.10797832205566554,0.10179177082518125,0.0948342666005401,0.27811471900711177,0.08353938888511792,0.09532994016451653,0.07654233158232308,0.08155195895006755
0.10426469546175195,0.07967550234626254,0.14147345800236297,0.10881224659510486,0.17584352160357533,0.1111124298517297,0.09530650096452094,0.07419133762000073,0.10932030755469095
0.10612058580994103,0.05420788318751361,0.11669111622377594,0.13404675017816658,0.07036756079918947,0.1129299332840894,0.17947882152406866,0.08519544601666733,0.140961902976588
0.1227150187379454,0.0842524891448201,0.11570940264533597,0.12800652644306232,0.0307343185393975,0.12075948951356885,0.10873750552891481,0.13144785643692503,0.15763739301003002
