0.09978058462250565,0.2915475710753436,0.054481252674010876,0.0827501086491959,0.09954461807265298,0.10909513504212816,0.11755712674000705,0.03835971365185729,0.10688388947229847
0.09169897813143617,0.04785617237050092,0.0315665203910378,0.12767512987685226,0.08646298066386288,0.12003369885835992,0.10303842227928822,0.28789619875489486,0.103771898673767
0.0797554228833133,0.09408311229925763,0.1766752106212862,0.1385956921760634,0.08723787388503444,0.19871038118914364,0.09200574287912743,0.05895785016504893,0.07397871390172496
0.10284296333296432,0.08715657559699747,0.15905990151921104,0.11759311376362548,0.13323472475924222,0.05776437686207988,0.11041540148304176,0.1113421510122471,0.12059079167059077
0.1110640359741173,0.13277242196940506,0.19748824186723016,0.07440845659067429,0.12190245481182778,0.07210002520658969,0.11464026665938733,0.041193897167292985,0.13443019975347542
0.14285746629159224,0.10086966954537684,0.09538613196092076,0.12210823655063884,0.09628158953507017,0.16227059567374472,0.11031650508082025,0.08774258798251372,0.08216721737932257
0.07999000293566437,0.044685141683228284,0.025479245709242777,0.12990799395225802,0.06514155426850035,0.41195834604086934,0.06730058047885801,0.0387231261746265,0.1368140087567523
0.10828219036205942,0.3587309991591486,0.0729783575787087,0.07963450415612724,0.10672281292880047,0.05113043356750588,0.10093333507707296,0.049393550127518115,0.07219381704305869
0.13083182112055255,0.24330765944362068,0.04679012618469813,0.08534628706040172,0.09698701454060821,0.08579762569607846,0.1158382479471348,0.05773806162575023,0.13736315638115526
0.08408233630705397,0.07052187915889117,0.024411625509314156,0.1196849119495499,0.06843180444145516,0.4017286386586729,0.07259018193017085,0.09737676812738094,0.06117185391751103
0.09085015201852349,0.05371927072204911,0.15634225896164447,0.07823962535227658,0.0707679533205554,0.27732238386667174,0.0860028744795115,0.1182887936019054,0.06846668767686226
0.12068556500292321,0.1127046983465108,0.21150800991001564,0.08673602753412889,0.12268231454088309,0.056348152620305327,0.11703217291376151,0.0663163940867503,0.1059866650447212
0.1293460841844737,0.0836960652743165,0.05617334637018943,0.15137461099041094,0.0898837907852238,0.20196062018621355,0.138189816498349,0.05413164511668439,0.09524402059413883
0.13319741882486097,0.114047258559839,0.18834838685399216,0.09209350820681206,0.10316124032432737,0.042602308973421356,0.11297607568835173,0.10346829982641433,0.11010550274198101
0.12847173959891556,0.2614312548878433,0.10939301274527236,0.08560692586548352,0.13899457339398505,0.041344450438695994,0.1097935292668273,0.04241967684617034,0.08254483695680652
0.09912908503678093,0.12753470765333358,0.12009044768338238,0.08590524015942082,0.09150674466879398,0.10307753071147152,0.11242431182534209,0.12127509793896461,0.13905683432251012
0.120677631173756,0.19653289261680837,0.06567200477857196,0.08223455096974186,0.10574116493156603,0.05420686620395931,0.11604325330148209,0.06796647160115708,0.1909251644229573
0.1201960269466848,0.18455669311280568,0.0779806614632771,0.12062880345423128,0.13494145581531214,0.05849884854826798,0.1280017199475392,0.07484675684460441,0.1003490338672774
0.12633057284967933,0.11187794024727878,0.06616993336130964,0.09679371413606974,0.10175174708064949,0.13917911307302383,0.11303173793293109,0.11531329420851373,0.12955194711054432
0.10516331515760179,0.15774479163182886,0.041257912654721146,0.15246404640323927,0.08686744605946001,0.2044723571733257,0.11281357318787817,0.03694026557195848,0.10227629215998664
0.09453866156975073,0.1352594827188868,0.09191185525028962,0.06925183806602123,0.09649988581495746,0.07508789116990343,0.10523529509431595,0.0789747924247843,0.2532402978910904
0.11276544139672401,0.09408170873241668,0.09479916161996937,0.08024882527387699,0.10593892430726663,0.21234875149231072,0.08751342287113005,0.08109841890177438,0.13120534540453113
0.13088096606306474,0.1374834972992068,0.053668146348803986,0.08489605406787627,0.11260682216213842,0.1916621946316004,0.11795400443033799,0.089047667176032,0.08180064782093942
0.09183811997230962,0.05178959904098295,0.07836471989780662,0.1274642696822608,0.10778663737280052,0.2778325471035041,0.11620989911924347,0.0716378610667797,0.07707634674431224
0.11619005235431841,0.3550584215007589,0.06427827657460324,0.0922246670359807,0.1027879098925759,0.05454861907325002,0.10303178892529095,0.04165623008015933,0.07022403456306252
0.08777197046534874,0.161819567304508,0.09727612203922853,0.09983588486669455,0.0802816239789486,0.11333147671842397,0.11502558430321035,0.15096169658455438,0.0936960737390828
0.11210071383675735,0.04856156587176771,0.07773188686751276,0.19051397443109516,0.08787081030141337,0.19277815294251932,0.12022566712646732,0.0656730773051626,0.10454415131730431
0.1402903874243305,0.11122882931356265,0.07625630514246008,0.09225286326451669,0.12075727068928203,0.15017974324095673,0.1296544791967652,0.06842280266086526,0.11095731906726085
0.10784205361113153,0.23956667834835196,0.08785289707451505,0.07900215145574942,0.12094470044030596,0.11446267916137738,0.10500235015560432,0.06216061589259111,0.08316587386037329
0.04562424136419672,0.05173299931272632,0.01929139176178104,0.12088313672419544,0.049862674788329224,0.4432496179800076,0.07602055235808992,0.1154637762273321,0.07787160948334163
0.1371816973345927,0.12158516598354331,0.15795886493694652,0.10144681485952821,0.11734214304918432,0.0690570982374231,0.1136317455316294,0.07974184377262722,0.10205462629452529
0.10303386222734771,0.10573248458270117,0.04590996600481764,0.14974762165744904,0.1283112029733046,0.21216637434456442,0.10515042122945335,0.09904440586830275,0.0509036611120593
0.11962787439009742,0.05864486121766466,0.11571496356154147,0.08731994898953564,0.1076093710298794,0.0922011609735383,0.1145775767656358,0.13703162108323216,0.16727262198887513
0.1081917920495914,0.24394539559637193,0.07505171850759443,0.08599664732980973,0.09786201706953952,0.04563562893461524,0.11967675462214018,0.0828535170895403,0.14078652880079723
0.08590878687847474,0.07211040052210796,0.032008489922442686,0.10416348437196177,0.07222360859806577,0.2926266014618773,0.07873277209855058,0.20142562663985833,0.06080022950666083
0.09397851568687243,0.03098081076313382,0.13875927012215503,0.14055444271541692,0.07917297314177263,0.22215103295324998,0.12864773073159239,0.05304212971731815,0.1127130941684887
0.09521157459518148,0.14765692149814744,0.07277441093036695,0.13087286655513705,0.10420018812014287,0.06196124188334426,0.10172000136129696,0.24163921999448976,0.04396357506189324
0.09799367135249071,0.21399073839947036,0.05598505687218525,0.09911907904795386,0.1253860175113182,0.08106011278423432,0.11322382583550628,0.10397323221342969,0.10926826598341134
0.10446414988972125,0.19579222210954939,0.12183586486128882,0.06632633562312223,0.10756707694082546,0.10700681412091329,0.11692389060265312,0.0612455453783173,0.11883810047360914
0.10106151863055716,0.05039445093030078,0.06397903367755796,0.09363300188599422,0.08584857812960946,0.37597950556032295,0.08333116781375562,0.06398151089934788,0.0817912324725541
0.12773180499021572,0.17103543894969483,0.053429944893416896,0.10447805396805494,0.10996139562134277,0.08322028917787466,0.11530077575104651,0.10242262783230201,0.13241966881605177
0.08959796728895579,0.12786936894278236,0.10882922920276394,0.1826573650630915,0.08706593729234895,0.06266500453911268,0.1010639629452198,0.1324204820982666,0.10783068262745847
0.11471656553740428,0.06526047546321966,0.09468406266173379,0.09385602254319159,0.10081780920846116,0.2637099673877537,0.09141512521685798,0.12333983505310085,0.052200136928277
0.10079305408346338,0.22117181630027546,0.09556261670469492,0.08374295842659722,0.12628979124751336,0.16424809355044948,0.10729558016903612,0.04728490637872177,0.053611183139248314
0.09189892042992547,0.07931053472524671,0.05635117292847628,0.10685094980861971,0.12259521915156517,0.2186153497382878,0.11226406940869417,0.10546272737565003,0.10665105643353479
0.12058398189466928,0.08389517287716343,0.04715411946623991,0.15496494336722652,0.09430999708253922,0.24835943225516247,0.10477260610748085,0.032755408526688755,0.11320433842282962
0.10355939533053317,0.1406140016990258,0.12411099476389686,0.0765684967174604,0.15456705620828462,0.1046197108648036,0.11647286245006022,0.09982784757372652,0.07965963439220879
0.08843035107539966,0.047740967404453244,0.023231839948260887,0.09999635027719679,0.09985322002028452,0.36334234227108847,0.09122743262094889,0.11392664123652829,0.07225085514583914
0.08947765592458912,0.31054269475749546,0.03531721339495218,0.07853671022792254,0.08972412409454174,0.1663507699382454,0.1012911573822954,0.06043563773240368,0.06832403654755442
0.09595520197944322,0.05411341490034922,0.09704124090606243,0.08549175458226112,0.0824761019742909,0.19281373727489257,0.10967745282189394,0.13814783110826,0.1442832644525466
0.09120335023114505,0.12667090385779053,0.12344401721151967,0.07099567838160371,0.10534829570715526,0.12675286668511623,0.10545978851907338,0.10546592205465678,0.14465917735193937
0.0977249898414767,0.2579245839350503,0.1442086099752915,0.08261054558742983,0.10753785847356238,0.03667449622420987,0.1003777798386752,0.07566933130349009,0.09727180482081414
0.11156350815512033,0.09590534168389943,0.09755367794999924,0.08450945834592764,0.07969801394093037,0.2866539928052501,0.09044014774952071,0.07367651904754553,0.07999934032180668
0.1296758678227928,0.17388464143926594,0.08769813414693174,0.08454756121769091,0.10867399755532814,0.08199774515687992,0.11246251579147415,0.13120018564109875,0.08985935122853768
0.0826544754853444,0.12460800946866779,0.12251349570431076,0.09479573418688053,0.08983674627202716,0.1773160118614382,0.08800724698723365,0.05957627754604541,0.16069200248805218
0.16766076561133691,0.11646770007572821,0.0906158303541681,0.10581654122022971,0.13494777057575424,0.08238579735830998,0.12396107834603033,0.08397257350219693,0.09417194295624563
0.1463403604095895,0.12891316576732867,0.05375900145645742,0.09054299762942797,0.10135932506851986,0.15221482572863834,0.11702925001302163,0.12409387824305222,0.08574719568396448
0.09148761503577714,0.08234676119812016,0.16337874701496766,0.12230422458865808,0.11920234837474912,0.11694256466986797,0.1276657193373628,0.06945246854529101,0.1072195512352061
0.16619555518104953,0.12383684099978524,0.09295009035820047,0.12429565960058808,0.10966995156859262,0.06135042227558699,0.10962528567921599,0.15498290825057756,0.05709328608640346
0.11579022108802141,0.19681366410009124,0.06450194498501709,0.09179011772186174,0.10103501722074171,0.18088997972351564,0.13768894773245952,0.05104891231492742,0.06044119511336416
0.12989081231636612,0.23633049630012457,0.09498637775963577,0.10558285078473338,0.10732835994351504,0.023307012284121187,0.11527936376060337,0.08361515742581514,0.10367956942508545
0.09577120996015932,0.09168488476932757,0.06552779918807128,0.06836969964827906,0.08849503523046558,0.3015925246203416,0.12914059203963532,0.09606998078794941,0.06334827375577089
0.12474923126655828,0.20441890472828805,0.11826025549743395,0.08023315610528865,0.10840548234371507,0.06242506151592623,0.11892592247478599,0.0997681854909746,0.08281380057702914
0.09376916829852772,0.11871323344353657,0.12944408863987011,0.12043597368919097,0.1422689495871088,0.0637107409395183,0.12571866654030195,0.06390506957569687,0.14203410928624854
0.08269455707139949,0.09943279717036489,0.115032950177989,0.0762871326150667,0.08121661326759501,0.24616797482990585,0.09092162633471558,0.1177524365447296,0.09049391198823385
0.1280208970623061,0.2046874305259636,0.12331255451767077,0.08069495825293725,0.13782999523015235,0.054413938446473874,0.11232310446649553,0.04096259022244796,0.11775453127555262
0.10916829753191826,0.10762893438161471,0.04497338138867707,0.11237361541850382,0.11333874460863085,0.15438882458768652,0.1264343867192446,0.15107430591516421,0.08061950944856004
0.07845666935110009,0.05826910945066677,0.060192749491955744,0.11494853092976909,0.047868048266253384,0.34151700810003155,0.08571262253179372,0.19057336577263242,0.022461896105797217
0.16795047864578602,0.07588895621071916,0.07260005595831981,0.10734581605802795,0.09129607964225556,0.18262939325830707,0.10143012263695295,0.10968078395628916,0.09117831363334218
0.08693390195181051,0.15358074760959628,0.043467560952101324,0.11002453174672892,0.11512273652136423,0.08289929290169547,0.13563904251369954,0.06203060495608922,0.21030158084691444
0.1368374983418652,0.14631656625594802,0.1619153112464681,0.11717365113685418,0.12933571209503375,0.04232145174810861,0.12405918590915092,0.04941506028852117,0.09262556297805001
0.13501960668021562,0.14810342126569565,0.06622579829463121,0.08468654087156802,0.09111629426957107,0.13972709578441375,0.13858779994270637,0.050642665055664816,0.1458907778355335
0.07505021139830048,0.07069224791858568,0.031055794933018493,0.13482899093017386,0.06661726531640101,0.34952110419544796,0.08285953401587128,0.01840171857433444,0.17097313271786677
0.11165622790264666,0.08063016993877996,0.051803179923673136,0.16508500676849167,0.12769014383657767,0.15329375380565652,0.13097385141684478,0.11589612628424523,0.06297154012308447
0.0678910708027773,0.038442669581435863,0.015256893751486337,0.15979877297926592,0.06468744007000267,0.42103895550857223,0.08059275277532428,0.04630203341216682,0.1059894111189686
0.12693234948934523,0.15347988724364645,0.07998202236109749,0.12004686711478763,0.14467513883829872,0.060301968552184705,0.14272535616273013,0.06629025158404325,0.10556615865386636
0.11976106142905718,0.17369908759399919,0.04333490226429775,0.09202218203328229,0.10091680395109477,0.09743178397367269,0.12018968442264107,0.08656053813204025,0.16608395619991487
0.10476419834774335,0.0768905799059398,0.05027969591448341,0.1197250893600994,0.07707223598559178,0.21942365359471494,0.10198352382533415,0.09689920159173632,0.1529618214743569
0.10089567183966881,0.062229006512129564,0.10094464419484624,0.0949092279056099,0.09982847849998522,0.18239702894166762,0.10805622510850475,0.15460054580902693,0.09613917118856091
0.09721963407065022,0.07818920639057025,0.06917802891852413,0.07201870092209774,0.09583240656785658,0.36613319828490676,0.10581538096029787,0.060982006236294406,0.054631437648802045
0.11877828895234806,0.1687839141540991,0.11870133999429673,0.10735679322364865,0.09214137951797358,0.06977754901871795,0.10203861059064039,0.07319491632111604,0.1492272082271595
0.11166167758846475,0.06139857886422667,0.03519026990773166,0.1212254690124057,0.061440909551954935,0.13841299042311941,0.0808044499484711,0.041592602304690855,0.3482730523989348
0.10302632312147507,0.08566169545395262,0.09722479741688085,0.1546909248217055,0.0804360980390506,0.1613509072558141,0.09186035782054396,0.13944918240753576,0.08629971366304157
0.10944652386702343,0.11537475369487456,0.04832117266563987,0.17990607992349936,0.09852674111832338,0.23899209632073784,0.09643733276589876,0.048104091200551057,0.06489120844345175
0.14063643104281712,0.14432670704870934,0.07434890534836402,0.09603841084062782,0.10633617136597828,0.07868321225201176,0.1433439240297534,0.09930298454367742,0.11698325352806083
0.07292729967196403,0.06710469137232995,0.036730954635097776,0.11667258314564155,0.06407952971348786,0.4411558207684331,0.08386235294453674,0.0683100337204795,0.04915673402802945
0.11074996423925414,0.2727920895256157,0.050485848955089396,0.1028220455297973,0.12421012092055382,0.062054236681527854,0.11236379733073597,0.06720230092726646,0.09731959589015939
0.15044006221386022,0.1714891613773196,0.1329752082286036,0.10057377380113831,0.13273201837579948,0.05413635025317013,0.11169692273206598,0.04925101257603127,0.09670549044201145
0.1524281149366196,0.2178406374618882,0.09527015343809027,0.09021276795862915,0.1193777886793063,0.044369481610763734,0.1193468315558522,0.053948289940206555,0.10720593441864394
0.09603437736874681,0.0645576392563484,0.03871733436202693,0.1115134569662149,0.07318996476606539,0.31023733901918094,0.0833652550603786,0.183991336637137,0.03839329656390102
0.08481209810937086,0.06642597740922798,0.06165427194110418,0.08358473319543014,0.06959373572726518,0.32072119586391207,0.1387196785626523,0.12295387974947974,0.051534429441557596
0.18853600441077023,0.06047844505371306,0.05548931735006662,0.16104995557844826,0.15921926519657018,0.0312556550588515,0.1304087647480863,0.11921701024077863,0.09434558236271512
0.12486583424474122,0.18461689352366614,0.044186768684190546,0.07550106285033549,0.11310417350556488,0.140097588711566,0.09956955464072637,0.11306589042939397,0.1049922334098154
0.13215849251143658,0.16149381382410014,0.04805746521767249,0.06743111088638855,0.06700740282684316,0.2700204961798133,0.09104453154894869,0.12994975392029542,0.032836933084501696
0.09752201395881677,0.03804217481440544,0.16158787674480557,0.14996459570395068,0.10967785560542287,0.06979179602599528,0.09661792201629593,0.12482726922212388,0.15196849590818354
0.117627485143965,0.14744817958830161,0.05836133410800238,0.1218083359121408,0.09371227330242034,0.10438644410029274,0.1206694146482223,0.0875451216125065,0.14844141158414828
0.10739368899023392,0.1913706276698427,0.08688497721375583,0.11462302777012838,0.13590172995108632,0.049271492798105165,0.12283385589443414,0.044854540848859065,0.14686605886355442
0.0576157322089862,0.03947473227422322,0.0324517305690059,0.22229087842112735,0.10325630671150236,0.27658922795189506,0.07533988333761421,0.09312906822790672,0.09985244029773897
0.08908321315955253,0.10520080806228134,0.038596827816370326,0.12759751151232215,0.07418714413790511,0.22211784781434066,0.0875999987172376,0.09202685101051089,0.16358979776947932
0.11593022298318123,0.09513636455989466,0.061684201409996954,0.10307409139041653,0.12441004497495556,0.13102639696175022,0.12125467715876703,0.09264969091485568,0.15483430964618206
0.09194268022403203,0.0898888224675335,0.04427540913902395,0.19870308348656465,0.08515230255313157,0.23128474872419247,0.09467283694641056,0.11637117026718498,0.047708946191926414
0.11271787689394284,0.14564405401750818,0.11471978674628298,0.08078664925995066,0.12480486856719412,0.09802032696830199,0.09898777090971832,0.07932765942268015,0.14499100721442074
0.10130590200190216,0.2638904502764648,0.12159080086085379,0.09066258412489715,0.13798209710440945,0.01980672721836019,0.12328836047180684,0.04973696799421662,0.09173610994708914
0.0931225342193216,0.0645765743881932,0.0649356292185078,0.09938751905185078,0.0781576770302278,0.30749750864228986,0.10312920815059018,0.04413098123606066,0.14506236806295822
0.09729013433039703,0.06560891327889294,0.04374545383704903,0.09865854329243944,0.09223428138086914,0.30006394186319363,0.10010564681797668,0.1464011122781502,0.05589197292103185
0.10605181254975908,0.054964742080591135,0.15624866799973203,0.06452601081833502,0.09132367060778414,0.20766929350014127,0.08666190532823083,0.09363983964955032,0.13891405746587623
0.1328284841489311,0.1558665033176765,0.05160975233017707,0.13982679178957147,0.114715143268958,0.06287899787476416,0.10057123693792852,0.12951469114661548,0.11218839918537775
0.11230959107162537,0.14811530528398872,0.12574719123536662,0.08541239515605403,0.07717897115028562,0.05666273053801305,0.10489958708413287,0.2053654320593757,0.08430879642115807
0.10448254794211863,0.04033611374761583,0.03556769241146617,0.18822999413206973,0.1349040271725851,0.23231967409631005,0.10729946916777851,0.11149054893250442,0.04536993239755161
0.13958223619585855,0.11681749462806441,0.05659381618967696,0.11272095348950868,0.1297424247603379,0.03867981545094554,0.15463021442728006,0.12968216518657996,0.1215508796717479
0.10724769877638503,0.14943212104886786,0.31610912922523726,0.07924309254282232,0.11577496279315742,0.017305326776797997,0.11214559794519187,0.04210035125609369,0.06064171963544656
0.10808159217856968,0.17559336580073995,0.06597451968190599,0.09487726653618934,0.09551358828889804,0.12353209754148087,0.11523931847712619,0.054155310644032145,0.16703294085105777
0.08237125640969765,0.14400999813154738,0.04637751259824293,0.14084085116867856,0.09010277473674037,0.12183936687784462,0.10286349391816459,0.18095881139590575,0.09063593476317823
0.10771800322448503,0.055666464436463885,0.1678478533698268,0.09485672276454875,0.09377236929285228,0.19062352226839663,0.11418960532888117,0.08327388694692292,0.09205157236762244
0.14093018656824804,0.13434054939401596,0.06971995356878309,0.12906128561347602,0.13600454272434662,0.03175379261335484,0.1554247828560802,0.08598225779553571,0.11678264886615947
0.10235892943095477,0.161439650492347,0.059875197702757586,0.06957199597819039,0.07204613250977872,0.13833987265278672,0.11658931348084296,0.1265304574877015,0.15324845026464043
0.12855136349974103,0.19770103963675226,0.07741132942382467,0.10768353357425864,0.11891623599637646,0.11110887405984193,0.11351725259868452,0.06291970200234444,0.08219066920817598
0.13167112324837707,0.17637208788927297,0.07334561199535597,0.11199643410715936,0.1101923470905272,0.06614095145910225,0.11942129802484129,0.12129645531880266,0.08956369086656123
0.13076145584747698,0.13902541926697926,0.05935794518272345,0.12085727902673338,0.09723400687910783,0.15193577067714906,0.12351501001088196,0.07530769927857864,0.10200541383036944
0.08616999796177853,0.06888442628865367,0.02101155215040203,0.12066509018911388,0.08280262712951082,0.2687295519862896,0.09542455133579246,0.037406167977875875,0.21890603498058314
0.09809527026289444,0.12506753662540127,0.025760219892699204,0.1225112286951698,0.08820615812352685,0.1663211488030163,0.11645838887179898,0.13531165772719408,0.12226839099829899
0.12576995347808104,0.1986354484419187,0.05158880958871148,0.12054200963760985,0.11215494349910898,0.12573755975656944,0.11511082151025442,0.06872040631875034,0.08174004776899581
0.1143375838927665,0.19100190138731396,0.09232830389589779,0.11190486515923398,0.13652880428396588,0.07612628577775933,0.11975308901862987,0.06922892861211173,0.08879023797232093
0.15872742964127015,0.1313369409942652,0.12419311559989844,0.08907584296090963,0.10306139966764487,0.08718062701198454,0.12076099936091,0.06685099829979572,0.11881264646332147
0.12595906949403574,0.2126480945528136,0.06492895228140637,0.10413617677759829,0.08249828524728291,0.1290999971011014,0.09700399967190765,0.057589643899351874,0.12613578097450207
0.12169025312866817,0.10439079932493593,0.06089023378182912,0.09482922883341542,0.17113602047100077,0.07244523487009014,0.1359406638719028,0.12608423590986328,0.11259332980829438
0.0900915200500124,0.1210814456348035,0.09484197827646207,0.11174484871972985,0.10613458617759997,0.1640868658208304,0.09657774332676106,0.14234174729738527,0.07309926469641538
0.09539607856317718,0.2427228762594201,0.035319962921758034,0.0915775901652471,0.09150495141168759,0.10811227624911834,0.11240392445866987,0.08975658030064693,0.1332057596702749
0.09432838742792791,0.04384268687757436,0.05255776088433362,0.1630613888354764,0.08561235078968249,0.24700951398540252,0.1362255322501155,0.11530978657088253,0.0620525923786046
0.09961294486907339,0.2620566238685092,0.07088609804133238,0.09231716014782439,0.09376243772013032,0.12344001183082894,0.1161339762978288,0.07944722647243431,0.06234352075203833
0.1326842897221745,0.1282979203251945,0.17123922058037158,0.08117691934890169,0.1235970387034439,0.047462948195958095,0.1322308872225961,0.0625619945927924,0.12074878130856727
0.12997694650308883,0.1885502491062333,0.1161405378168709,0.10125909333327517,0.11773833028785963,0.0693843660195923,0.1230510592014719,0.03651786244060652,0.11738155529100137
0.0989584590905096,0.035574822680371036,0.0686842520484457,0.10307586402208814,0.07527801685681261,0.4289852353165789,0.0714345089398535,0.05937417901905728,0.05863466202628324
0.10107416814572547,0.06498286734603016,0.03556830435158995,0.14567548390296473,0.07189693553591299,0.28269294611689383,0.08732345287420884,0.12162985142836741,0.08915599029830662
0.09368231208239079,0.02989133385368439,0.03737377793878404,0.06804631521476552,0.06097966793426607,0.3863329462915362,0.061475194229416,0.2482981728540498,0.013920279601107274
0.14692280186392867,0.2150132858064896,0.06199524222260872,0.08557374479297665,0.08965159891259254,0.04419978600317357,0.11994736873606032,0.09208543280209787,0.14461073886007206
0.13132376416069216,0.17504284703185727,0.09661055290187297,0.0966592023117025,0.10540944001316677,0.10276089113478266,0.11065765083065143,0.09742699970613909,0.08410865190913504
0.09698854169921532,0.09962483505912052,0.045990549094653194,0.0771430303633893,0.07504166136877936,0.3498053102209427,0.08903350588709702,0.05120334921847263,0.1151692170883299
0.11323062061174334,0.19378932509161886,0.12508947685323343,0.0879732397442126,0.11046009698831233,0.048847233087003644,0.12007333695640614,0.1105489061442728,0.0899877645231969
0.05644519273044043,0.024591895765707025,0.015189992534647825,0.1327007081953597,0.052373368238072,0.40685639801578094,0.06482545455716238,0.16961674007408087,0.0774002498887489
0.10993102784383159,0.16983416434408835,0.11354313532218736,0.11391575427922025,0.11111173079084903,0.0435754126770169,0.12557161812280815,0.06828535578405681,0.14423180083594148
0.11539669751132549,0.19222422162369113,0.1394461637786987,0.115215199111105,0.12571072034285521,0.04165797353691164,0.12868174836532284,0.05961837117401364,0.08204890455607636
0.11210991109456021,0.20443526273100746,0.08334886837808946,0.11884133293479404,0.11199273593782182,0.0542701898715429,0.11892371027856667,0.14566649548973862,0.050411493283878867
0.10569522013833971,0.22159792759116806,0.1277373603859038,0.12555883408766963,0.10340229846515481,0.026850877707764714,0.11724067026304362,0.06682252728795651,0.1050942840729991
0.11539638330036371,0.17183084884805444,0.10594201820526798,0.09415265440798315,0.09659684764362748,0.08574595450212567,0.10466317039138186,0.09659846062956723,0.1290736620716285
0.076378053175285,0.055168670211335556,0.10027673056474869,0.05644414517425134,0.08422539354687703,0.3219799112641,0.08985300783187827,0.1527259237695339,0.0629481644619902
0.10243092091395194,0.06700067542086388,0.14893088355102344,0.09222742596977573,0.11761972858776008,0.17264981153779527,0.0992268408268594,0.0424885756798501,0.15742513751212014
0.11174790841861515,0.11994912290900206,0.10148872009235632,0.07412596675093171,0.12863066467255704,0.08272979064422897,0.11581641943681692,0.16575622084228323,0.09975518623320868
0.09931165667008175,0.05486408721827374,0.07226144139234916,0.08625274405651388,0.08886817861126602,0.27292059409766845,0.14239892023415454,0.11348618120905758,0.06963619651063488
0.06735985564028706,0.03801219402019991,0.03966460551518702,0.1489552417955294,0.06112400867136027,0.39266708613941986,0.08492833896922929,0.12496688115334403,0.042321788095443146
0.10316721159992176,0.0914649751054184,0.049385601986401705,0.131277844792972,0.09747107499465768,0.16649630976310456,0.11133210371719353,0.14845887094688492,0.10094600709344526
0.12594972905249754,0.1459367141689604,0.08947525171167842,0.1527895410248852,0.11716201859805138,0.06992801435703276,0.13025610709635546,0.06209973153574202,0.1064028924547968
0.10247030732379799,0.15977098175450202,0.03898360633940658,0.0776452950522264,0.10843789811508632,0.11085685093516007,0.10940206890010638,0.08976282582107158,0.20267016575864263
0.0749177248076811,0.0746535234885329,0.07456093607055639,0.11789950813503453,0.07829682564512232,0.12176620478540895,0.12052328090812235,0.12726953445327324,0.21011246170626818
0.1113913052982178,0.16407149927641487,0.12028782273163396,0.09442187338495077,0.10603690018136247,0.05380903539817319,0.1343231871737476,0.0974986506414756,0.1181597259140238
0.11896048517106166,0.16724971506313702,0.07092454826768695,0.09157380069146004,0.1593219133263741,0.06591604759128107,0.12215642701905859,0.04829045728846038,0.1556066055814803
0.07981175771535635,0.05068217436012109,0.024191030037166873,0.06716507888657168,0.055079336422235115,0.39907685841194834,0.06222345068626935,0.1017739019303688,0.1599964115499624
0.11555017247815404,0.05496485195371866,0.11142742493449982,0.12453871474351358,0.08567217081961065,0.23604938914709003,0.1006326072194436,0.03224272029649236,0.1389219484074772
0.11924262371191442,0.1932152756138856,0.050598420411562726,0.11858746289030937,0.11000324585806243,0.12475188240315145,0.11090815004744475,0.04784834783970187,0.12484459122396736
0.20923247129683778,0.030669635289660487,0.05477005716287952,0.20547761175926285,0.10525862814811308,0.18168969600379858,0.09815750871653812,0.0977415818944476,0.0170028097284619
0.0894953524555055,0.26955854313634897,0.047295722973640285,0.0863954159548201,0.08904257885316924,0.12654759967745324,0.10237407945542783,0.07072554932832688,0.11856515816530792
0.07931989268863558,0.06657627679794982,0.06129000037073301,0.17798497141593925,0.08714040109810163,0.16375171714606818,0.09457676127195407,0.16538887644199118,0.10397110276862724
0.07516830442760288,0.09986353516339179,0.10020403268760464,0.09672957523396149,0.11147014351424687,0.1594119374385271,0.1070181593321406,0.1743965459566675,0.07573776624585715
0.11592090334022355,0.0874928180853498,0.0337417683509964,0.10438409495657804,0.11126652765071236,0.15671224212851464,0.1391744935756395,0.10208096335560692,0.14922618855637887
0.1123043195304551,0.09044112221350754,0.06085786783111429,0.13117532052585493,0.14919078198943217,0.14978769779722878,0.12568964366066002,0.08159551030436267,0.09895773614738447
0.0758304029651788,0.10681481615472622,0.06769519748557007,0.09963290217099469,0.10226366324032661,0.1516922343711411,0.10390441123844806,0.09749075057739082,0.1946756217962237
0.10354172366011834,0.1577811837911983,0.07596479780438446,0.09697607506636598,0.11987762121605788,0.08049087715922758,0.12313570004629609,0.11594409240788657,0.12628792884846482
0.08851673397883547,0.07428889867612226,0.08702532384417326,0.058118445776893325,0.0721657378177827,0.30128169223660295,0.09630581322902458,0.07467035697797611,0.14762699746258937
0.11472257332128526,0.15137575607933088,0.06929573937658773,0.13617141205252903,0.14323806658423724,0.09157162222118609,0.13199903282813594,0.09250242458586777,0.06912337295084008
0.07417017346338241,0.05972759693652075,0.10991905081048263,0.1194046764478655,0.06307044536913321,0.15410803892019698,0.089469404795208,0.09331247516300063,0.23681813809420982
0.13356474230819212,0.08410078072508224,0.1073648494410397,0.12337331481533992,0.08565958129403468,0.038131661819168584,0.11712490059646467,0.1616859816792003,0.1489941873214778
0.10248042389557195,0.07387520989129427,0.1468084509827221,0.1176480839989056,0.06531702151390857,0.195072212350329,0.09772700423563696,0.09734107393034301,0.1037305192012886
0.11795508632958186,0.08194452878064669,0.04198618850367975,0.11336371846616623,0.1146284686829847,0.10043495038901666,0.10666939989067781,0.0733792248779372,0.2496384340793091
0.08500156082442611,0.09785937816369429,0.16096312279444155,0.10114860716189976,0.10401261710695563,0.08340855846345296,0.11403306176390571,0.0927468897957247,0.16082620392549918
0.14673412673905553,0.23147024959270976,0.17661664450389156,0.08056005337673584,0.10821143633724421,0.03354253018631562,0.09704939154911744,0.05424680762425823,0.07156876009067191
0.09019143639365783,0.08458818476727538,0.12523968864432958,0.12875575451778642,0.09898010277978997,0.13005257563336256,0.11720578371472108,0.0970641064422616,0.1279223671068155
0.08362962888356888,0.0783218088297532,0.13662344423848963,0.13105130611039975,0.08389791881667356,0.3196390438472901,0.07801387393927128,0.047108033962409646,0.04171494137214395
0.1208960361951215,0.12443165721261445,0.05428031192169478,0.10951438870993017,0.141156377257624,0.12644160340410063,0.10435645187829744,0.06667229028968487,0.152250883130932
0.09155616374976877,0.1050807740143118,0.07224907308823826,0.09550200928604159,0.11355343729203111,0.11414125853590124,0.10843799578077745,0.14157529418799011,0.1579039940649396
0.1465106553282953,0.20237027144204597,0.0709571613725364,0.09789609976639724,0.09855085474027292,0.08883805296053021,0.1299796280897395,0.06065602589648422,0.10424125040369829
0.1440864259200341,0.18955983474434243,0.11472059196274538,0.08417641683289982,0.13321097695439646,0.042488801807081346,0.11024033633942253,0.07223173254450312,0.10928488289457482
0.1264198010877788,0.11617779104509691,0.04856640179821425,0.18888584670716516,0.09018162101785875,0.15036622740802708,0.11725479631069281,0.11106871220805925,0.05107880241710705
0.11807404503455382,0.19069172605002224,0.08471358884509715,0.1034258251419965,0.13408278389447983,0.03242435148565722,0.11916629785156778,0.058211481948857446,0.15920989974776797
0.09669546516888994,0.0936279629062524,0.12247889186378576,0.07944557012950096,0.08573691301684645,0.2560231648715081,0.1438025462150436,0.0654551733107831,0.0567343125173897
0.1049639951749763,0.2255850196776228,0.19661091321835164,0.07795658021227836,0.10647092853284269,0.024977633409758407,0.11177479013920187,0.07140897474489712,0.0802511648900708
0.12765656493869823,0.15713180513775546,0.0765020319156895,0.09435710611683769,0.13451844919244296,0.13318409680585477,0.12714336797454712,0.04474694276982818,0.10475963514834603
0.11263951687736351,0.13859432974615604,0.10558636359375205,0.08999239646378909,0.12253532802319937,0.07651866740310859,0.12789684978374008,0.10442107725279026,0.121815470856101
0.1349804640066792,0.11907717265944112,0.1093776593524687,0.13563401066580694,0.08681829829388549,0.061688261998295635,0.10979962055592678,0.07054160014966519,0.172082912317831
0.1295643203330877,0.16972319514904055,0.11054949666791541,0.08426151535380966,0.09223319046101686,0.09336452417067466,0.11048368194162257,0.10141872494630029,0.10840135097653227
0.053827288344505626,0.05376778449445069,0.017960319983512236,0.10988431955516498,0.056109653724721875,0.47560916168355033,0.07629385668177217,0.0969909691240759,0.05955664640824617
0.14772148630000773,0.13039448894309405,0.0393265184523,0.11099602667728542,0.12818040690482693,0.06110742519621958,0.13425493059574978,0.05299728308551044,0.19502143384500603
0.09377780931941992,0.08754206591126838,0.06095575468431728,0.1025914879003846,0.11001423952777838,0.13312676049780794,0.1448227741360312,0.1567244043484007,0.11044470367459165
0.1347973063913114,0.12358515786058437,0.15201788409230554,0.08653263682934732,0.1279687509857604,0.09674431480468994,0.10405231287800665,0.03939110241541406,0.1349105337425803
0.15206881861473973,0.20009785251442633,0.07542563862410674,0.10189050486527357,0.13583189612680027,0.04801986269950855,0.13324215392301517,0.0734980987271997,0.07992517390493004
0.1392852555396501,0.1175396084512102,0.10475898438394615,0.07721826903242067,0.1087694065614113,0.03899690212843335,0.10868573976508995,0.2297454802154779,0.07500035392236037
0.1190735618824525,0.1315012359435075,0.07351848131698775,0.09709839309148312,0.11135625900144223,0.10911151866047959,0.11153963970235996,0.07862455226468949,0.16817635813659784
