0.1215302818452461,0.10531924593013002,0.11145770476029955,0.1388408843129156,0.17804197829311075,0.07064986927323859,0.07567691620689347,0.08168586902463654,0.11679725035352939
0.15472790222042626,0.0917824189854185,0.14661979087671265,0.10291658313606715,0.08031458404698415,0.09803347123021593,0.039797512789916,0.18177127178609467,0.10403646492816476
0.058131190689453015,0.13505262107318064,0.10867428909582344,0.09998849582704399,0.10924226154547378,0.14734443064568734,0.06549340272109906,0.1490057159608207,0.127067592441418
0.1227546570794497,0.10371189600940633,0.1199474575754129,0.10741242470080836,0.06372086187557159,0.19586033446493678,0.09921323517553571,0.11077191884507627,0.07660721427380239
0.14008528083455574,0.10379413840969413,0.23445134531290102,0.11305694370726456,0.07838297946490949,0.07004542526309797,0.020381647533511,0.12997114119344977,0.10983109828061627
0.06305902059790042,0.09893434399064654,0.19033090621044543,0.12310844159011003,0.08996401725237445,0.07862187699534186,0.04699576353361809,0.18871156490554616,0.12027406492401706
0.10587962683300765,0.12910396597091975,0.11365236362303995,0.1114020337003998,0.1533421828126477,0.10827280216390361,0.037699727630773304,0.12009709577638134,0.12055020148892698
0.1873430446135418,0.11559891232764853,0.1926428834881274,0.09937002014514144,0.08099726648873434,0.0890235655362201,0.07532537912616875,0.07887904912040723,0.08081987915401036
0.10055382195353298,0.12389097342902743,0.12668461576962395,0.10678546323851766,0.12893744444575186,0.08402777193540127,0.10207703702221388,0.1088275759980986,0.1182152962078324
0.20112311417773251,0.10702211243196007,0.14985173068078794,0.10110638958826616,0.10077751999701413,0.06651910073462504,0.01971961475545092,0.1474455787725917,0.10643483886157157
0.020760296975441007,0.09961639879403604,0.05622598861978719,0.10210686942219906,0.11995553746763865,0.18386937729407413,0.24742202047558023,0.07597516607981154,0.09406834487143219
0.13132070526943584,0.12385414648801889,0.09518808450937333,0.13494432191358144,0.12227858070239095,0.06779430707223526,0.0405250250379496,0.16401358666409555,0.12008124234291917
0.14243038030246818,0.0886290704605357,0.07379491647372365,0.08117680052955514,0.05992800753352864,0.241320827320451,0.18546019060428873,0.05977601173959781,0.06748379503585113
0.0975210867510568,0.11519885191934716,0.13235958765218303,0.11172618620738235,0.0692066246349805,0.10238710636892477,0.1566560577867864,0.10067511388282857,0.11426938479651039
0.04811912540337413,0.13205718155119983,0.14053811594592444,0.12143402591020176,0.09496859688417887,0.10992616742917354,0.05798071826390211,0.1891894307628279,0.1057866378492174
0.16275472942213046,0.12994621510191384,0.166889995040733,0.11984230543461027,0.09183636932479501,0.06888105142420249,0.05495840773636401,0.10599539883521751,0.09889552768003336
0.13460709483312092,0.1074384229429932,0.11519253455715413,0.11111309060619035,0.12209500972801253,0.08211279621659023,0.07490907424221455,0.12984339447906304,0.12268858239466113
0.08580362093903114,0.12463481512089775,0.1810288236491755,0.11102720890498924,0.07393706486038754,0.0814655803005636,0.04730570854024727,0.16650010651060254,0.1282970711741054
0.1674192104281814,0.10731535987902711,0.13577336907523954,0.13152609740263263,0.10119243779690375,0.06985429933039863,0.026669176917822238,0.12997491067007141,0.13027513849972336
0.078745367437395,0.09297988083438861,0.059213337541892196,0.07804586541519308,0.14382640652432988,0.2103081346073429,0.20868882235716701,0.059862142868730046,0.06833004241356137
0.14253505380668363,0.10434768474150131,0.1195890912916671,0.10093600092832979,0.16375993374061332,0.12772400429175396,0.02683732281555881,0.11032370480012871,0.1039472035837633
0.09776653090927628,0.10291032024081799,0.13376049159011075,0.08607628412927464,0.24626649896406191,0.046675313862641815,0.1445380435468777,0.06282241972935304,0.07918409702758596
0.06650160447262933,0.12795942068474672,0.1645414988824151,0.13044793635225163,0.11199496118956041,0.0439554450264144,0.03638822177500959,0.19350505290220718,0.1247058587147657
0.12001493488120546,0.10437981210545506,0.09560772675842459,0.0913072747816732,0.10061215815104059,0.17091078775848634,0.07497129510492716,0.10497240174436817,0.13722360871441944
0.0970123037247579,0.10444880760476223,0.1488753819530727,0.09523128273271282,0.05898951502783164,0.24477029474220288,0.09504608862322271,0.07705113883852856,0.07857518675290866
0.07121622256920306,0.11537167111664763,0.05774770250039012,0.11523517875764017,0.10422465770357936,0.09297709325945325,0.09830439379966704,0.21707552959909107,0.1278475506943282
0.1286487478956858,0.11763184165602936,0.1266479577895123,0.13379643162493393,0.12108581097802251,0.061283125375113094,0.03192058349346762,0.1480615552501102,0.13092394593712514
0.10294987941574334,0.1166571433946229,0.06623219483515234,0.1199115436476584,0.0812205258441378,0.16138945036920413,0.09848176899645568,0.13292504248176862,0.12023245101525677
0.17688888201016661,0.09228151662673374,0.2060219504313636,0.08417567418233855,0.08402439529702481,0.12035553972704534,0.010205033451068766,0.11538084808290376,0.11066616019135478
0.06338483161268461,0.11528163267773615,0.15805535069434043,0.11545565947781677,0.10750596503744426,0.08294092982091672,0.0517497326322263,0.1475552276289088,0.15807067041792586
0.19996643308452114,0.10317758239145093,0.0769450000813378,0.0938043169346473,0.08394371761147158,0.079279692339207,0.083165501467915,0.15319078161387104,0.12652697447557812
0.05492856433941214,0.08954057314954167,0.04215125489319612,0.0696382714659597,0.20758951468197537,0.07785878558341312,0.33211627106740105,0.05473249596876747,0.0714442688503334
0.13373677324300703,0.12503968364020535,0.18179220900090495,0.10977220177398123,0.06799533856711974,0.09789801238205705,0.07532420652858311,0.10199150550830315,0.10645006935583844
0.18615420797171076,0.1237868318616645,0.11939433881498356,0.11765918758612032,0.07117471246714933,0.08497940427616534,0.052637431521979694,0.10908844312094303,0.1351254423792835
0.12154127784404826,0.09932159789118689,0.11673825786346315,0.12512447354964673,0.15551188477117003,0.1517395650277972,0.040010850899760766,0.07054220330773801,0.11946988884518894
0.16454641095592115,0.10334286216136028,0.1699995424205186,0.13340693423076264,0.08254037452473541,0.06060847884496218,0.029665975479231332,0.12051274022858481,0.13537668115392368
0.12123040155807856,0.10420761238788505,0.1581765029005222,0.10334004134506451,0.07159607147310677,0.11929662902597797,0.03502256031150959,0.16001897276159238,0.12711120823626293
0.19437444689273808,0.10773411452034531,0.1673052446792924,0.10434000316802573,0.08751346511133594,0.0485862844314203,0.0326383758302044,0.128261081264484,0.12924698410215388
0.14423082042112492,0.10658874684364024,0.11309703370200135,0.1077310926508475,0.08200065099670877,0.09379880951196969,0.17820142807206196,0.08923634955399605,0.08511506824764958
0.10128746513935107,0.12423666735735713,0.11572588011727032,0.11358211918956067,0.08469106904735037,0.10097263922328997,0.031223487525976604,0.2081534268734884,0.12012724552635538
0.07392247051377071,0.11829038044598376,0.19815260096925846,0.10757468046152567,0.12775549964937774,0.08261727516738053,0.04479284130917754,0.10764126363682726,0.13925298784669823
0.07523253810964137,0.1192184001294246,0.16375572594032548,0.11052189341918062,0.07145268959573936,0.11137110548312618,0.0386445325204352,0.15587729161543015,0.15392582318669704
0.144834660982118,0.09701418380964805,0.13242231361582846,0.11966977780801424,0.1134486696410439,0.06383052550610567,0.04117462312878183,0.15886739846595935,0.12873784704250046
0.16309118179674875,0.12960747090038127,0.1300873834674621,0.09774018324557805,0.10334110355454428,0.09794700751867204,0.09273522886330787,0.08668950150166777,0.09876093915163782
0.045859163311812806,0.10883120784860222,0.10482859798529189,0.09273653908032499,0.08004421695882154,0.11998206378265007,0.23817605645985895,0.10068020682486517,0.10886194774777225
0.0920012775116663,0.13677280915451553,0.12532670627338982,0.1446280404045794,0.06707448844549267,0.037144798174276766,0.13740039953496244,0.13871409933220172,0.1209373811689153
0.09241400710641517,0.12557767532647582,0.10145696172303255,0.11666795416239967,0.09674192503405199,0.07879436871229473,0.07476937347556352,0.18058210691123075,0.13299562754853575
0.15777295333222566,0.12650706240128098,0.10274376978481155,0.12078230524766331,0.06784729093873039,0.18780872906847965,0.030943165547138423,0.09595704474609144,0.10963767893357858
0.0389279650969409,0.09623610417123359,0.09221532089890382,0.10109622983630757,0.06192606331414632,0.21041484580727254,0.18131141814459886,0.11958242421472488,0.09828962851587159
0.07751386144862907,0.10581468656662252,0.15489375605669387,0.11836463494416512,0.08542202237532649,0.03514651518227241,0.06574560884383189,0.21756930646137115,0.13952960812108758
0.06002147393390708,0.12956305129446724,0.15894500040062107,0.11876993991972339,0.15246451051969523,0.1111575493815992,0.11599148460754694,0.06462525674386832,0.08846173319857153
0.1059699164972124,0.11142192581851278,0.23560293351266884,0.10006230288972438,0.12081825009909597,0.10192527749434871,0.012061437814943699,0.11282231092918082,0.0993156449443125
0.12145235115720117,0.10039541020947008,0.18677375022282275,0.10629441567837684,0.07505825109732646,0.12769934938016236,0.049520177282473175,0.11513244640191288,0.11767384857025422
0.025427024539543024,0.09696411525360005,0.12811281418626644,0.12265653054152419,0.18732831958200402,0.13471526923569746,0.15714678591645034,0.0633249944884482,0.0843241462564663
0.10028157085239929,0.09418086584340087,0.23988835651250642,0.09598878164167919,0.13584148866648138,0.08592470928489838,0.0377733308269115,0.11596282382963281,0.09415807254209013
0.10035984182921788,0.12303880219518575,0.3171474053041897,0.08637077256250587,0.07775601239995772,0.06605977791275856,0.05190209080325709,0.09084602936926267,0.08651926762366473
0.05256993305527271,0.0965789893557163,0.07378952334026678,0.08708431693152814,0.09765555247218499,0.0867428204568681,0.39452900023333837,0.0466592962008499,0.06439056795397473
0.043339364878677365,0.10256931481109534,0.12370879024247743,0.1264401492820083,0.12194092819140571,0.09678828083726239,0.05507158911445762,0.1859961775906681,0.14414540505194773
0.06481059791586859,0.0935755244580004,0.1256644734263566,0.08784811280137513,0.16222094846895274,0.1364578217806286,0.10427483702268807,0.10235236369314178,0.12279532043298814
0.09786325456308481,0.11781526964470812,0.21175587595839454,0.11875079152377703,0.10301051903623694,0.08248127245469465,0.04826685005564018,0.09080475389847924,0.1292514128649845
0.07060278394375995,0.1505258086193472,0.09585008581845784,0.16306580373383264,0.09013554531636636,0.06533430488126225,0.11851170217458874,0.11081917714719029,0.13515478836519457
0.09423409263086842,0.09918154526902702,0.10537886864662131,0.09721149732625355,0.06998142824254698,0.12873755698463396,0.24904721330015414,0.06713164404814168,0.08909615355175304
0.14183503321497962,0.11741557497156511,0.06257910197805551,0.11764327084045678,0.09563254896581841,0.11896015805183553,0.1165487001867533,0.10492241557702082,0.12446319621351498
0.1702873167196923,0.11914423353119712,0.16928823582705163,0.09073444205082488,0.09601792469265936,0.04125416176251434,0.1599283463132848,0.05186924153522465,0.10147609756755092
0.14500987446672264,0.1468242283353287,0.0864725154663188,0.12559745607568382,0.12187717472308239,0.1200955307348624,0.053958777149406084,0.09674135416028824,0.10342308888830687
0.06213328263235582,0.11005966916352733,0.12616255922245465,0.11137722910684343,0.07354521124890188,0.20808064088452438,0.026047106207484638,0.16999627703406703,0.11259802449984084
0.08174587046137687,0.13156134779956405,0.1797080365436198,0.10555255081660063,0.07253199548544545,0.08824181910695165,0.0968897937930257,0.13641806239635393,0.10735052359706193
0.028422421731643877,0.09664306439199172,0.2458571521314085,0.07314233336868388,0.08226578429632198,0.19506771257076902,0.16275267917185607,0.04514937091867762,0.07069948141864729
0.1437850542514135,0.10212581075906581,0.1882060530149183,0.11374645209553576,0.06592493993963128,0.09554888775569154,0.06316241953846698,0.1004176191532916,0.12708276349198516
0.18071091093948807,0.11617284000905215,0.15170490669190803,0.11228593506799404,0.09291181811578346,0.061185221036124365,0.017299728705096627,0.1561056475061323,0.11162299192842094
0.23583379929853956,0.08179625243960355,0.2050268401428683,0.08621735703164975,0.07261061470233354,0.044652558800204634,0.08569876439528216,0.08815709117994976,0.10000672200956882
0.10706078806994179,0.09473113087356787,0.11519341143382045,0.08268355940574042,0.21460260599101819,0.04775442024390339,0.22988433786770193,0.039940455306796456,0.0681492908075096
0.2583633934514655,0.07334734440904005,0.15658998332118934,0.07831162505994065,0.05773861498365013,0.20723157569494824,0.011048009787855756,0.07366991225388972,0.0836995410380207
0.102111758001866,0.10149024421054183,0.2222773404253372,0.11437444706196666,0.08269345907246778,0.06695876023673601,0.03739192405690705,0.14946274812619945,0.12323931880797785
0.053141510371453315,0.1051225913847003,0.1485128182032431,0.10452933377699995,0.215684433522044,0.06865603509514263,0.1367583409385556,0.06589277335210195,0.10170216335575911
0.1887873873042081,0.12238125796284606,0.18720964321119157,0.10128964256482571,0.07921618955517455,0.04677115723896146,0.03283533394289612,0.13354620056531416,0.10796318765458222
0.13515702003537,0.0949705246475205,0.13511552526580498,0.11406314702538395,0.0753108465580008,0.16981657519463608,0.047781392801152324,0.11940213590643593,0.10838283256569535
0.054100092203175576,0.1382558398285817,0.10507522274298599,0.08813142364300995,0.07424782652265179,0.1688455981326118,0.13148933456820028,0.13510574038630896,0.10474892197247399
0.07570450765598453,0.11178876370629903,0.10711157543593221,0.11043755979430703,0.15470139944057756,0.09328433690039757,0.03862253699831087,0.16146321571962777,0.14688610434856345
0.10898817207681206,0.1146708351620751,0.06699063162586512,0.1098963856870772,0.14880024618019153,0.14336167218059856,0.07417687428991325,0.12337097344503407,0.10974420935243316
0.08544744880155375,0.11350992949163098,0.062001900313316156,0.10748825561712867,0.081735689490421,0.17110826694621104,0.09860400204773756,0.164874878543011,0.11522962874898984
0.07670276540857694,0.14409566707179244,0.14061753565373206,0.08549566977820637,0.06832742805425907,0.18027921830218296,0.04626294807733594,0.14764464424184823,0.11057412341206602
0.06122991859748058,0.10522162800804669,0.21281935169487073,0.11815974327341687,0.13019208088434028,0.0627840389654501,0.05635103860494794,0.11931158457958624,0.1339306153918606
0.05655131749391145,0.13009582814606105,0.08142775970587221,0.14436439651852842,0.10710138894530681,0.1742991065628711,0.0983470360564117,0.10411472629209106,0.10369844027894626
0.051720657710513616,0.09279905901197831,0.13785321341011272,0.11897581722373507,0.0801910979617556,0.10837224796863552,0.2595668385336625,0.061699239999280224,0.0888218281803264
0.16926465281840353,0.14507241060991596,0.09244809640351959,0.11237372062548255,0.07422958848242399,0.055695594057958174,0.13713041317177074,0.11418089458356066,0.0996046292469649
0.07557285171937399,0.09702859312786359,0.08203406008614332,0.08564340174268087,0.16386141907681864,0.03700199470085527,0.33132376434207833,0.045829008752053146,0.08170490645213281
0.10254569743370294,0.11170467524682325,0.09970889599403544,0.11349112889801904,0.08879973852326879,0.21802473572524997,0.022703462069823977,0.12295181432334325,0.12006985178573332
0.12096540880918664,0.11699674810285254,0.07462222601300533,0.10740468999497295,0.1758205688213298,0.1256046170588151,0.08311161548066763,0.09248361154814046,0.10299051417102954
0.11763676050698174,0.10018081918576606,0.06532321454370855,0.14274155971550295,0.14834557331476278,0.09295975921902029,0.09184275983949164,0.1310251543763446,0.1099443992984213
0.08795289027888448,0.1264303022870458,0.20427872242396128,0.10411335913057833,0.07227932867803004,0.12704328278446006,0.11717927993904718,0.0738721261313738,0.08685070834661907
0.042600117721821346,0.11029084830396775,0.0769299560765651,0.0779111385492673,0.06572752860456305,0.25201515976345085,0.2245704789289417,0.06698313805130929,0.08297163400011365
0.17849456688634277,0.10415007524391671,0.10082499553735702,0.08714102671466901,0.09945935155083434,0.06934720877436505,0.14489821089716168,0.11440785497810901,0.1012767094172445
0.15976066320503665,0.091205714280763,0.13403618920680416,0.08484186035463727,0.06192127366025329,0.06686637828334502,0.2934172133536492,0.03654755406824411,0.07140315358726744
0.07475783348164707,0.1298725785745212,0.1832589575655554,0.11632560163908663,0.12728456564674448,0.0792178401304184,0.03134269280546686,0.14126908964714777,0.11667084050941225
0.10154603373995698,0.1241102311313735,0.14781872130771073,0.1030561261430226,0.10154892241828455,0.15465718539689366,0.08794308248224841,0.06602328055690093,0.11329641682360869
0.20055136827570963,0.11023547027291446,0.16752206490777255,0.10934498440350049,0.12410820786187964,0.05394954054313742,0.03789908852493985,0.08722551441697024,0.10916376079317576
0.05837451189519779,0.09187950349418368,0.0834462318167022,0.090653275867788,0.0706743642525951,0.2765350028843044,0.13326037698199936,0.09667175348519287,0.09850497932203646
0.2157645638827509,0.11752990647262516,0.20181979087988944,0.10955103946258739,0.08084834583521473,0.05174939903446884,0.035433479543576916,0.08639004011719253,0.10091343477169412
0.011701933707993105,0.08452140437227446,0.04960979965985291,0.10813163023486139,0.09720738398002926,0.17899202110574655,0.3136263758375077,0.06370266593289052,0.09250678516884418
0.07536817755988491,0.09099781502038078,0.15700048185476784,0.10546715833843863,0.06881471880651517,0.2573795434021894,0.09739698020938227,0.07673505814023981,0.0708400666682011
0.18695860735889083,0.11536105346728336,0.10094003397028554,0.11151134217309511,0.07137053270404731,0.18207743135034585,0.052289368314027806,0.08113532211048939,0.09835630855153475
0.25630024936179835,0.10403456348714607,0.12437213788889871,0.10017252618645657,0.06996457703710583,0.05117390723409465,0.049321776208649144,0.14209610449794804,0.10256415809790266
0.11584525828280422,0.12912510557150378,0.17574160578272047,0.11423213509205254,0.06190155299836849,0.09257779135518947,0.1091213387992035,0.08087064137156136,0.12058457074659623
0.04965557336285692,0.10171381241795208,0.13737907088660561,0.09086307131195526,0.10001170630729328,0.14120002212998,0.15613072863425503,0.11681740497715765,0.10622860997194415
0.2527616045317359,0.08985263089884477,0.20554315532082268,0.09488036023701812,0.08123332219844805,0.06033080304699747,0.06603482766738142,0.06810626553542999,0.08125703056332156
0.2388722255637041,0.10937829738658045,0.07466868194664637,0.12524391779898766,0.06944984292820593,0.12745564593353464,0.023213858530491394,0.1160310478511492,0.11568648206070027
0.11746621779195567,0.12184914010332314,0.13642048443741006,0.12550538451142168,0.07893904660106243,0.041974117223097566,0.02606620633202859,0.22315881455945155,0.1286205884402493
0.23029687332256407,0.112096631459359,0.0760203357863686,0.10024153748226293,0.07647307347281342,0.07286635070073057,0.043070208387048614,0.16677363956754723,0.12216134982130561
0.13181053481779514,0.09775960738737309,0.0739517170361996,0.1042665542280274,0.14796906819027247,0.045165106329356663,0.08650275977548409,0.1620742757974032,0.15050037643808833
0.06612172549085965,0.12152584024871256,0.0905652238775329,0.10562191858983634,0.09449658242469892,0.08421191252657816,0.07904498405528293,0.20226696678743525,0.15614484599906336
0.25023328630815805,0.09980834159005454,0.12632917853953043,0.09774128783936069,0.11110142519739667,0.09282282748502914,0.06507760479871695,0.061858389937015534,0.09502765830473787
0.11873164479532,0.09251604267709336,0.10863274985108091,0.10845778804404925,0.08177781202274369,0.09662256386348066,0.021333781018144832,0.221534968316632,0.1503926494114553
0.11644484596762215,0.10803008952462378,0.13510774993057167,0.11560705805182207,0.1210851067268746,0.1077845183945092,0.04702342976307864,0.13473257335363026,0.11418462828726765
0.12202768539328195,0.09738540014037332,0.16053416937773726,0.11586824595134403,0.08164045636089988,0.14465394912573995,0.02544509398310038,0.1312610970556832,0.12118390261184016
0.1520632121526129,0.10421641437392809,0.10069165295851416,0.10974667122293628,0.08648201207008761,0.11912800042771847,0.07709692758506022,0.15696107852469576,0.09361403068444647
0.07999792650243619,0.11394912072564674,0.17284903160018908,0.11377276733331747,0.1256643086334622,0.08485833650042303,0.030367491568687056,0.13759356617002924,0.14094745096580905
0.10927384325418203,0.1136411856284878,0.11356086547042858,0.129731659969208,0.1063045372060298,0.11634016361339146,0.03136977329507289,0.12371242057065429,0.15606555099254518
0.017695822564392723,0.09168052644783155,0.10624679511277131,0.10335761982029235,0.10852837807394232,0.11342347736039375,0.2763863168803144,0.07892490334130038,0.10375616039876125
0.053766847732105126,0.12143388746886612,0.16093737664207777,0.12351647796300218,0.1078506436399821,0.11797192176339856,0.07981136674345889,0.1018635418580406,0.13284793618906862
0.13120757453083867,0.13901438746906827,0.08009604722079275,0.12228708995791215,0.0948526036399883,0.11249109190895168,0.023046140245183547,0.15532601717920194,0.1416790478480627
0.052529339854912205,0.1248448257794134,0.12153246521892475,0.1324497688060002,0.13201054234391885,0.11397632464847468,0.09988288507345455,0.11959356593723602,0.1031802823376653
0.273793746674631,0.10179986580205304,0.16414345521856716,0.08846172685848464,0.07523383006559674,0.06768727007401114,0.038941496012591385,0.09182587569940774,0.09811273359465711
0.08395265000496782,0.11533574269782215,0.13106805131338353,0.13049308837573212,0.12165228089107737,0.13104210754288118,0.03567819564655884,0.10390584706291224,0.14687203646466482
0.2509997019829871,0.09853315845837833,0.1033475401935463,0.10890121747920421,0.07785987213410996,0.1146960849666635,0.06198848107271115,0.08981145650201465,0.09386248721038483
0.0922732662176396,0.08413073428561625,0.059695223089128994,0.08140950398207471,0.0820567130308415,0.1644927622384348,0.29782710886543634,0.055893268405823204,0.08222141988500459
0.114665385706407,0.11519633156925886,0.14761369653540377,0.16123653135215002,0.15574148089281759,0.05179461360203284,0.05431634083765405,0.07971258032236082,0.11972303918191507
0.11471375754807563,0.09847831745056514,0.25369914209446776,0.10476141178266112,0.07708757064932974,0.09528757274285138,0.0863523736886463,0.07438405939365587,0.09523579464974707
0.10842526408117388,0.13558655683551438,0.15340098222962179,0.12503475649781137,0.07950720324917489,0.0801820500982693,0.057808227898038377,0.14823787675900743,0.11181708235138865
0.19602769948190427,0.11009062895539035,0.19903361242908277,0.09636990750162278,0.08007802732083595,0.10594250883246882,0.032941494298559304,0.08932035766862927,0.09019576351150649
0.252365428838005,0.1173890957963281,0.07613456704149679,0.12150519721813735,0.06992604448515816,0.06535011470913485,0.12666738117186818,0.0804656848219311,0.0901964859179404
0.07229240975249535,0.08673594178919304,0.09683284276286808,0.10307874210835903,0.09262415379655194,0.2631300763804855,0.09502846387841109,0.10048572633922252,0.08979164319241344
0.10922040739265976,0.10726141697220619,0.12483802940979195,0.11708320286196021,0.09969454614346336,0.15197048212885444,0.03781417692849675,0.12686635159112047,0.12525138657144688
0.17010614871769877,0.10979042012570266,0.10650686315714604,0.10881062134548887,0.09875870272029537,0.1356310863729174,0.03594109877887783,0.12518363884275863,0.10927141993911442
0.12084425494672768,0.11214656175171828,0.15672200828638014,0.11362982781180908,0.08123481103821857,0.08041820945924551,0.05333272653458873,0.1589564570933868,0.12271514307792518
0.20277291494673289,0.09331750148499206,0.176314518994959,0.10603742388594538,0.13971625830131562,0.04368949935442875,0.04856882262061365,0.09513796235073285,0.09444509806027979
0.15778103575188798,0.09860910833849551,0.25769069557952673,0.09700606413446988,0.07874321102582543,0.07102737241630562,0.03006884279723765,0.10688726412761544,0.10218640582863575
0.1462992476942869,0.11013943285926198,0.17280402531173203,0.12293576277412943,0.07105188104389164,0.05493388708699102,0.017732198074921282,0.18399766795720454,0.1201058971975812
0.09918491654884055,0.1115776600711244,0.2578818987327296,0.08753594963912494,0.08378389478289726,0.04340846716320949,0.12041500175561487,0.08280979617171101,0.11340241513474787
0.13061595100807943,0.10925449517179063,0.10895613286784812,0.0975791041557486,0.06739776985400651,0.24328839242783373,0.029084531092480673,0.10435052912356364,0.1094730942986487
0.09363489619419874,0.15532805495274682,0.1373823146322968,0.10810784084975267,0.13682490692826457,0.06967023669363104,0.08427804422859787,0.11139228332278173,0.10338142219772979
0.17611143468975574,0.11187339143182211,0.17380063223766382,0.11689228344066731,0.08889866457513051,0.06892050459394417,0.029249756011416595,0.1257726760102122,0.10848065700938758
0.12274168212052727,0.12069770340411588,0.1080147595404216,0.1277855811995051,0.08152890854429193,0.1201310578203678,0.07938775086246713,0.11684992603688489,0.12286263047141843
0.13203609336898733,0.1334739458847627,0.1256709081401395,0.1353528756829094,0.07917321866027707,0.046466536211635455,0.19030763639026996,0.068678813337161,0.08883997232385754
0.08424781268218921,0.13556466589411206,0.13567696534387066,0.11344804559558129,0.10763739075425509,0.07360113696312942,0.11287077103180924,0.1237073965610997,0.11324581517395323
0.17208006387511487,0.10327651505262136,0.10676616187581413,0.06728020258251377,0.06918787092924421,0.06810313574664462,0.2631447628548308,0.07900463103608328,0.07115665604713295
0.05985757782262093,0.1435502706642686,0.11679428414925863,0.12926237069505755,0.095606115912595,0.06308120043590464,0.055047978943589836,0.1720619262266749,0.16473827515002992
0.0772317741050647,0.12613314031901351,0.1448073541686302,0.12288598118027506,0.0728417734148347,0.06619100138166367,0.07440173385337134,0.18372639686987713,0.13178084470726967
0.18141156441456038,0.11728441662922846,0.21262001433622704,0.09653450413350677,0.08183602501172921,0.059675407667299396,0.03901331211070546,0.12609172495316726,0.08553303074357597
0.0919552699711159,0.14833125023275603,0.13080495933929426,0.13045796818940114,0.08850358071425533,0.0846987206617688,0.1063701428192938,0.09302552871829711,0.12585257935381775
0.1380164657922456,0.10304550012513221,0.20345065078266233,0.09551718243499656,0.15479332848271218,0.07766245867065712,0.03673760976770374,0.09377438128561422,0.09700242265827608
0.2646597872354321,0.08832754477671369,0.09690397983278197,0.105304282013556,0.07178328764325269,0.10028196476790717,0.01925531421462762,0.14550178045224704,0.10798205906348168
0.19632276497658352,0.11746394136741561,0.1293609956758168,0.10261415236185185,0.08385230183106081,0.04216150517642644,0.07630689180633903,0.12072689312152673,0.1311905536829792
0.031769170321329955,0.1060927606055846,0.08767956941263737,0.08357318274294782,0.05611068273152039,0.2539672343055674,0.18518389861787254,0.10376811510204875,0.09185538616049112
0.07323627574703502,0.11145288708960795,0.08162570103439844,0.13074535098069426,0.07860091475730192,0.07531481183502708,0.22438329114705113,0.1006225417755041,0.12401822563338005
0.061521500701580155,0.10989107618774026,0.16669572847363967,0.11454839160801246,0.17200094959982767,0.09116524036886677,0.11373697259105171,0.07422292926682258,0.0962172112024587
0.08303468373518035,0.08177199766656144,0.1178483544924603,0.09244985469417709,0.06810108716279718,0.25348590699298656,0.18497047806638256,0.05006671652213379,0.06827092066732088
0.07012672073160106,0.12317372307921864,0.15550481469210573,0.0966624953407379,0.07051979050093655,0.07123246354520514,0.1277907523968817,0.1641681123404638,0.12082112737284945
0.18679590862351017,0.10291872925250627,0.1484647141637642,0.09254786744676043,0.07966154029852009,0.08384838858373934,0.11917574958151156,0.09996588585402329,0.08662121619566471
0.047241602707443785,0.08365816583216824,0.08402163273151136,0.09633977792345089,0.20825342993934548,0.0932761087777106,0.24327082534670494,0.05585669784973971,0.088081758891925
0.30906774110860596,0.10601975333448832,0.08842517904132137,0.0902669579819179,0.07731987747630736,0.040658935683849394,0.05351039397417001,0.12959996877014682,0.10513119262919278
0.2568915650775342,0.09882765490874708,0.10636969838725673,0.0986365767949847,0.07991637277545592,0.04801940554180012,0.01265666748558515,0.18001448094671782,0.1186675780819183
0.12242661057187358,0.10514040144066061,0.20034447736517783,0.10385950000596922,0.14662910922425568,0.09317086066376301,0.07484078964500569,0.06834870481406087,0.08523954626923351
0.09497468811237464,0.10613956677080112,0.250944659485496,0.08967493332110038,0.09195350966062617,0.05599394492981219,0.11614830950816941,0.08996844571610224,0.10420194249551791
0.024604226500190774,0.09339299710681738,0.08543492414352986,0.07544633041775507,0.08632890757720864,0.3348506162519609,0.16793899537158682,0.05819528271099217,0.0738077199199583
0.17593200480988083,0.09366168287812017,0.22042060882757097,0.09529828592761284,0.07688580163439702,0.06743792257763165,0.02331468998431652,0.1257988696282957,0.1212501337321743
0.1495137282486689,0.11684128631056157,0.13875458033023927,0.12588061713727852,0.09074210749139429,0.08495590914563927,0.08974747248715133,0.08892781171039792,0.11463648713866893
0.051567280123588306,0.10386827429861763,0.07290042977701527,0.14572696989489506,0.08925703890955626,0.0588481327599523,0.2594063306705135,0.10712350757572016,0.11130203599014148
0.06777519415186246,0.11302221357517055,0.11733939363838825,0.12105900603783783,0.10403441032389048,0.09140746630946876,0.15920993464947913,0.11060671215319141,0.11554566916071114
0.06392495629390192,0.1269865784593787,0.10296571975264189,0.11805688232417551,0.13567521328767326,0.1029445017408045,0.0651122219758133,0.1685639625742145,0.11576996359139646
0.145911882890207,0.1333200071008239,0.11950085594861799,0.14349653877583946,0.11286793218340674,0.08131042173595966,0.04276448552071993,0.12366357871346151,0.09716429713096371
0.0633700827790777,0.12185284922752904,0.13853506367429888,0.14083487045962487,0.07878880797961942,0.13787848152706308,0.07266429278425197,0.1479975743572319,0.09807797721130317
0.11032415046611703,0.10356183633393705,0.16640617414335787,0.10444024430615335,0.20180487095791347,0.08730233536055536,0.031900671906647554,0.09448734853910794,0.09977236798621035
0.15089749880601994,0.11311690466321733,0.1996159170727616,0.10729162574191904,0.06990498824650734,0.0741790017206425,0.059237227997280116,0.109900446981324,0.11585638877032818
0.06874879044048364,0.10304367510384525,0.17220467006388598,0.10781227899555074,0.09157393789467934,0.1004508717388945,0.16380331313030302,0.1068199132904185,0.08554254934193906
0.1798615725534065,0.12301349052273954,0.2296527712885025,0.10924950392511192,0.0715324393327194,0.02501395936355133,0.036948361444875115,0.12772233097236196,0.09700557059673166
0.11575031517038444,0.1098706966432429,0.10799782322767083,0.10515194321964416,0.10338652217395351,0.1681258224517345,0.02537774480223244,0.14578276263365783,0.11855636967747933
0.1193066228801865,0.11046151403362482,0.14681626894667074,0.13068045423015004,0.08218804371933082,0.08713173572040617,0.04545278523559643,0.14808259355399886,0.1298799816800356
0.026356744644141047,0.09691823679302068,0.07268944305572654,0.11300909935554292,0.18653427567292613,0.06259836115483029,0.15093403655443047,0.16610996585670298,0.12484983691267888
0.2063411676695437,0.08914856177046493,0.18245165939656102,0.10045915347163754,0.07116087525707443,0.050256426637669854,0.027056356751886303,0.1683334118852652,0.10479238715989712
0.07153890406749105,0.1309493729746559,0.13486385504557255,0.12519474190635424,0.1045499135365733,0.05600098700731455,0.11259224949918305,0.12006567932898098,0.14424429663387442
0.23929858290211245,0.1038492106912624,0.07701435365265448,0.10456133533988769,0.0723453010235647,0.11123493501178829,0.05911673491918428,0.1214389617051523,0.11114058475439348
0.12328168471437861,0.11369732481302079,0.2789455660802477,0.10720370900634013,0.07229839672045195,0.06157193707257134,0.023493575408465472,0.11156923248265378,0.10793857370187021
0.09734731560615084,0.13116246901896522,0.12644622809578532,0.11771891823338056,0.08137023580136565,0.11396895522739821,0.06194860542397012,0.16385695949128223,0.10618031310170188
0.05416263433456268,0.11885400439498135,0.14188787022071514,0.13304845905179719,0.07598923472650326,0.09917639822253334,0.13368213412009064,0.11504676029458079,0.12815250463423566
0.06095950389481347,0.11943362547982384,0.12279434006910672,0.11628603751039018,0.11199251340869716,0.10051768377202115,0.18397738587301535,0.08629125529429198,0.09774765469784015
0.0625614770852173,0.11410923461338773,0.12668490189173764,0.1053125389364908,0.08878275346089017,0.14086719591548594,0.10560259170375515,0.12461495898572812,0.13146434740730725
0.06462529114281956,0.1128807005787091,0.20184115709128359,0.0991061547506013,0.09585283124947197,0.10600009339293141,0.11046627787105791,0.10040699588284412,0.10882049804028109
0.07242838429779692,0.1118066267870355,0.2000132498445494,0.1117607767417107,0.07146015958396125,0.12827900077763055,0.04472809020654073,0.14478811953905193,0.11473559222172301
0.2499098062251123,0.09692323834282297,0.1226236108192467,0.09203496706971126,0.07678355848287251,0.08875476305390266,0.03558475783472407,0.13348601294006737,0.10389928523154014
0.30951213646335934,0.0793627154105002,0.09171376713569133,0.08122682042333979,0.06285765177440301,0.17166274905997714,0.072997179227875,0.05481490050923162,0.07585207999562253
0.08175694256869283,0.10309586238651088,0.1401467016914091,0.08600453412273694,0.1310346291159817,0.13448600422077675,0.17728302366078977,0.059499186089653794,0.08669311614344823
0.04837134363023915,0.06573405481218476,0.08011328751305169,0.08127196578539392,0.1229751211244054,0.03943709770973903,0.4762592678308213,0.02682513632484212,0.05901272526932259
0.11313678508980825,0.10981657171442065,0.1654409570515139,0.13062498998368627,0.08298342110424002,0.11293989595592391,0.05911875903517585,0.10204470542077422,0.12389391464445694
0.23979379054191863,0.10621795716686412,0.1631580938629769,0.1042542118302681,0.07418519496130811,0.08450970546179563,0.024844894519040598,0.09658004098398264,0.10645611067184524
0.13750050493619315,0.12002987818139628,0.10351741971709012,0.11684208728730948,0.08269174624506398,0.16054116438233695,0.11212790287578107,0.0793016559939305,0.08744764038089847
0.22248986592097827,0.10354580211994789,0.13526969859435847,0.09756059993118911,0.08558713542855068,0.08292002788604314,0.06555300675222196,0.0941859586696609,0.11288790469704962
0.1676394760116946,0.11261818554032056,0.10258773439752279,0.12447630302448127,0.1277751356682791,0.055579465408097016,0.05612339708500431,0.10922212075281627,0.14397818211178406
0.18050943228057026,0.10073422274703407,0.06230603602480187,0.08809174498678297,0.06577933407861157,0.16339707339094486,0.11125458609832838,0.14254263848704254,0.08538493190588355
0.19024744384127343,0.0909813269955646,0.24114171566051681,0.09755212300216343,0.061628245871172986,0.09029857761360156,0.05820458322774294,0.08100711555112423,0.08893886823684005
0.09783933879665878,0.130348835373013,0.1925121454293696,0.1026145493001512,0.08619456470183322,0.12959867196137723,0.04700230265553377,0.11470722453044242,0.09918236725162073
0.09632410744805424,0.11040934808988752,0.08017511749463112,0.11727127378201017,0.07688145613539939,0.23231011451329475,0.0532976627489564,0.11562354265192197,0.11770737713584446
0.07044970094951482,0.08652869969839751,0.0796607822901197,0.09600538400414971,0.09131820421715686,0.10399304050833585,0.23982148345162987,0.11973871409249826,0.11248399078819743
0.2360607468529856,0.11932431151517864,0.05307451907136365,0.09803603472405568,0.07232237853278277,0.07797963211974955,0.20336821092265941,0.06814704866513642,0.0716871175960883
0.04467392696183311,0.13419075443597342,0.1443727267888083,0.12000880256580913,0.07086655565398962,0.0843180191767516,0.15790327343458452,0.13496506341434755,0.1087008775679027
0.11583687521248476,0.11197856446572303,0.1217743553739052,0.11490958170597881,0.16310317548172837,0.06155797086387774,0.1608300360839909,0.05685499253551398,0.09315444827679724
0.20187292200311316,0.12300295927777538,0.08968735409207124,0.12517744848888526,0.07495668359323578,0.06180605663110394,0.0310079528769303,0.16733992074089313,0.1251487022959918
0.27048089286133187,0.09963833639413729,0.14691718205085516,0.08585234542343585,0.07193839509962516,0.0826236000654812,0.02514865243934283,0.11129283847788146,0.10610775718790914
0.05411057396535098,0.09541509621608286,0.10392865182399473,0.08900235995387423,0.09606277338156827,0.16842175622968267,0.27920467248131947,0.04496967431863134,0.06888444162949552
0.23658024993570673,0.09801519793874582,0.179463865148583,0.08988367864209791,0.11310899799529434,0.055373553715654535,0.03201163013024167,0.10094787269381018,0.09461495379986579
0.16514470567931056,0.11381075365346383,0.1451330629043611,0.11592901388011524,0.07957035933643951,0.10365257165891979,0.030055423021539584,0.11434581354243918,0.13235829632341126
