0.1098007446260507,0.20087561758864939,0.11037262462103455,0.1329239677406376,0.1097919228832338,0.01590264310527779,0.11525206415387147,0.08978427583056035,0.11529613945068425
0.10453489941335371,0.1827973150443939,0.10650373498948379,0.12876112753423832,0.09537395686283523,0.08490699360416637,0.11916994661130542,0.07741889469331899,0.10053313124690422
0.12258393435124315,0.08205385305913941,0.09583778944461846,0.13414078905116422,0.12752554971782698,0.09429181699138127,0.07907085454927583,0.137514955984494,0.12698045685085668
0.09394345884006348,0.05260955916739527,0.07129688584402172,0.16153313664538885,0.0757786738372973,0.10827060482006572,0.05695030251077191,0.27941519231351336,0.10020218602148238
0.09011109734313029,0.08965819949695693,0.24829962235860306,0.10693796907750812,0.032276890593257494,0.23871715561596993,0.06540200260908825,0.042764091028059024,0.08583297187742689
0.11180357836034112,0.08694551392247747,0.09274800864699,0.10916127722031095,0.174725584639854,0.029801262371911774,0.0922933186896715,0.19597824170967748,0.10654321443876569
0.07908609946759128,0.06925278498159763,0.11146840568972562,0.07875924919995876,0.02784604366575046,0.447564476512388,0.076026151270236,0.038198826351590574,0.07179796286116172
0.10140554707666259,0.17508807870725462,0.2307175957112156,0.11155400393408477,0.044617075746495614,0.10100931943755868,0.08281841502084285,0.05566820418195386,0.09712176018393148
0.1278096155591077,0.0856242399610737,0.05316183052374466,0.10208126573030263,0.06469311666257742,0.19738232709872416,0.1827520673608117,0.09346532764460604,0.09303020945905201
0.09975259341466565,0.02698614453263413,0.05629452874177702,0.15558828849357342,0.02645475155487986,0.2420142457022477,0.07990858992547173,0.18727675685269982,0.12572410078205068
0.10400779238060877,0.08312560098135718,0.10452232683873496,0.11716401756771429,0.15695220417358077,0.0205061331597544,0.10145031768332043,0.19734577528936423,0.11492583192556509
0.11403567563342076,0.1437854653042062,0.08878284613740654,0.13825852537992975,0.14027035360595438,0.04560210328961208,0.10892749850099372,0.10437813092740617,0.11595940122107025
0.12522102933010085,0.1445847840590274,0.09474170562235458,0.13636567938502497,0.17641987996464412,0.019737411769685635,0.08993218275190178,0.09604155303842894,0.11695577407883183
0.1299153295272735,0.08375662663210098,0.07279290938838444,0.14929977306786532,0.08034147412944452,0.1637075621068984,0.08670795159182598,0.1302665421755072,0.10321183138069961
0.1164513672990859,0.019999058008904433,0.22434601751396507,0.11527890554456523,0.03711802749470373,0.19381680705417334,0.03049973017232445,0.15262388802020324,0.10986619889207462
0.08764168748290578,0.08810266189095324,0.12022428829008307,0.12983242735600825,0.1468645555234019,0.030090929589968948,0.12966485880396897,0.14270269600367003,0.1248758950590398
0.0901588920119641,0.1278390934464614,0.11389078322547293,0.1332292446752741,0.10280305569637377,0.11808363904905779,0.11017557983573946,0.08859386194913775,0.11522585011051867
0.10592237869685774,0.14730313183185714,0.15364876284545953,0.1364505075634479,0.12536472350295855,0.03225936126859243,0.09278775948679265,0.09560606514449432,0.11065730965953972
0.08940921180093704,0.1293521437760521,0.06757543660499628,0.11045581275340799,0.14377298510225286,0.00790631298342118,0.2203148691553359,0.12266048534507994,0.10855274247851672
0.09931344482988942,0.09497873380752968,0.06500361053304726,0.11949725360967849,0.10794275973587109,0.11620302913528995,0.1760242890685281,0.114318128922778,0.10671875035738813
0.1176625893201767,0.13384425932237923,0.06827619687003682,0.11612187754605918,0.06647484748901288,0.12371696253802894,0.18550886055764496,0.08603484907034353,0.10235955728631774
0.07668442895346893,0.03196253291474055,0.2238153940155179,0.06563567211175704,0.059099444316434525,0.2668510763572981,0.04648183404625476,0.15336736077664173,0.07610225650788648
0.09348567949970199,0.10665864465698997,0.12856955804877623,0.1395443292122883,0.10822858632507766,0.06623012479414496,0.11320715176401018,0.1128175357372647,0.13125838996174605
0.09570530797612677,0.15325760645425363,0.1249904611885101,0.1286846189460339,0.14728158811050593,0.013792117459729839,0.121511713025798,0.10489361762897853,0.10988296921006331
0.07516838955753707,0.03162913210768978,0.16277938532379002,0.05064260252286434,0.01957362424962636,0.44261773268774224,0.022561672097134982,0.13908534187854774,0.05594211957506745
0.09801114737207715,0.14978926115098565,0.0649629166638497,0.11143488757016563,0.07493549045953779,0.10146664503224025,0.21954611789384312,0.0832127809772436,0.09664075288005712
0.08809888355580275,0.15098545286812778,0.08093628880865704,0.12201487276149042,0.10919804069377209,0.058553010170097265,0.19015387148899962,0.09310647591264269,0.10695310374041038
0.09817484456058019,0.050031332397256455,0.05137866266167233,0.14205008734361937,0.0735377951110089,0.04568345410923549,0.20802917833780302,0.21850339677614505,0.11261124870267909
0.10464539698701547,0.20595195252071133,0.1713347144822677,0.1188054078058995,0.05169552650932748,0.1010158720809314,0.09015879473488993,0.05823242964085332,0.0981599052381039
0.09361414510087558,0.08087404958496035,0.12680939145597966,0.0916867076408426,0.036826111318643405,0.1383664200496788,0.27070276207867006,0.05787252109654639,0.1032478916738031
0.14120821829220548,0.12393692671228425,0.10323513312521791,0.14169457991361012,0.12099539329428873,0.05062120895467891,0.08341781379268265,0.10769041427331627,0.12720031164171555
0.0827210208820536,0.08491753822672381,0.07133607661860564,0.10678587145480062,0.18411416432341818,0.010193104358414072,0.2032884293436602,0.1442634620857445,0.11238033270657939
0.1392981729649826,0.022814253697773002,0.2764592093086479,0.055728302512413556,0.01948901565852122,0.16713294675712656,0.023956071098391152,0.1754347424497141,0.11968728555242987
0.08663019085714029,0.1245516137816824,0.15753077554755368,0.10416123314017771,0.10003195688118931,0.11497096877289871,0.11821845881705466,0.07793211363101976,0.1159726885712835
0.0905434372754305,0.15212959463848574,0.07391272564918826,0.10942299542942857,0.06246743020311694,0.13146585405837555,0.21000495245332126,0.07287173865498484,0.09718127163766833
0.09841654678744727,0.07797941969574686,0.06510060589148142,0.1394803205010089,0.0826837280380731,0.07513796416074892,0.1849188493840487,0.1703036897611221,0.10597887578032276
0.06938975904677586,0.04838493603980024,0.10946451977585832,0.072813941196629,0.03899595953803067,0.28218713872366147,0.23665207069142732,0.05213251238317671,0.08997916260464044
0.08049852362261094,0.10561834147903441,0.09091845944771633,0.11558286828729665,0.08809777716434763,0.19606312845140347,0.1388894996623465,0.08039812464235925,0.10393327724288481
0.11634238070983986,0.06509325409888217,0.06370350299359388,0.0772128408536843,0.027658580370760952,0.4400676919941293,0.07446344316724719,0.06531418177482098,0.07014412403704137
0.119272822641118,0.14933008900658948,0.11668120834102613,0.1414064474353246,0.1585666568752069,0.022209267545188732,0.07795064679144247,0.09281207818948828,0.12177078317461536
0.12289653918015198,0.13864056210800704,0.09566789186203746,0.13714426347618314,0.13842594524082807,0.01987618575787858,0.1086826253984788,0.1135083431425127,0.12515764383392228
0.1174490826343894,0.19574309609554838,0.08149850166214893,0.13055410526294578,0.10180363317802298,0.04663695149719175,0.13446367809463186,0.08661411936963924,0.10523683220548179
0.12970275458156327,0.12487897295710444,0.122292380818059,0.13558258050278524,0.16388828663328778,0.009650152810208227,0.07713613222521083,0.1043726652223373,0.13249607424944385
0.09711057094986157,0.12517409582635666,0.12387840994912896,0.12240316491661923,0.07194354477661535,0.19466167606603102,0.09319915660652144,0.07218570912708962,0.0994436717817762
0.09310932453137664,0.120672676027394,0.11396731151441519,0.12357776302936391,0.07487625987699305,0.21097791837785132,0.08778508409389883,0.07128511543076116,0.10374854711794596
0.08733969256119556,0.07071384257164673,0.068865965234706,0.1111402700926349,0.1095291197487402,0.06882978400505031,0.240430757558561,0.12572523001445224,0.11742533821301308
0.10098904520289785,0.18012624098008864,0.12193470366851662,0.1343513372061884,0.12761260637199753,0.042940986718792123,0.10367484093484201,0.08290755313010854,0.10546268578656819
0.08693580468440502,0.12588422165449994,0.07220462074544835,0.1131793645618009,0.09456425046676474,0.06212518547394721,0.2443277904957092,0.09508981919822773,0.10568894271919688
0.09556706752355792,0.10736119645040938,0.08929933911071786,0.12483422749129887,0.1684501396470722,0.024846322331768356,0.1148287613291638,0.16398436766744415,0.11082857844856754
0.08628697426855976,0.06737547579104124,0.17854006995700222,0.07289105319951629,0.02205513840251923,0.35395116748297073,0.11068154769331591,0.03566278317448269,0.07255579003059191
0.10786965244635398,0.04391971813027453,0.0583013256587811,0.0993605123685925,0.046811103318149305,0.091792166940594,0.2739502093306187,0.16875554507202536,0.1092397667346106
0.08109927781163562,0.09440640060265443,0.07290178165796299,0.08962775849268008,0.04275007890247586,0.40409729020027974,0.0912633359096967,0.048170457507703046,0.07568361891491147
0.08468516842909084,0.11982653129437976,0.09522278463609572,0.09816739156945904,0.17642184784973558,0.027012659222613755,0.17301258854434554,0.10262577064347676,0.12302525781080309
0.12367330071064529,0.057309741558759196,0.4038206362104872,0.11539912196664463,0.05315958892097291,0.02941954039025228,0.03794887885226061,0.08190236895778585,0.09736682243219208
0.16510786348837894,0.26899903553655985,0.12414669118453629,0.06719243102903545,0.05300339564620744,0.14070698529234402,0.04368903615369087,0.053059951241278096,0.084094610427969
0.11004086317132034,0.13745143583129937,0.09809137184696513,0.13363454350935008,0.17247164854019492,0.01138775686225942,0.10390586562749364,0.11101200875673185,0.12200450585438521
0.12327937117075792,0.1572189189725599,0.09820511525076432,0.13810346373985002,0.16201881618700328,0.023384507835816193,0.08986515927684323,0.09189887466657685,0.11602577289982836
0.10697523709850869,0.05602304077294018,0.13148474595042026,0.081325514334438,0.025704822676551022,0.356729280020698,0.11013394630148461,0.046105145755636366,0.08551826708932299
0.12281044829396918,0.19708168401515266,0.24707826323470458,0.09290431133258599,0.11846747315387253,0.004280791628570645,0.022037633298214492,0.07806509035600656,0.11727430468692339
0.09219482972669417,0.18093832842193214,0.08700239918034702,0.12762780034241758,0.14502523696599587,0.03037832690665765,0.14251264516986048,0.08961612418480445,0.10470430910129074
0.10736547317308605,0.1326514780710396,0.12733648630741173,0.1313048632177576,0.1748012925375978,0.007156768323536621,0.08824842286393114,0.10646932122904383,0.12466589427659562
0.10736221963601313,0.11488534423478004,0.08508420406346683,0.13487496998411816,0.1489617304750487,0.08842578876187923,0.09907081633346894,0.10814868766879661,0.11318623884242834
0.09743117077079323,0.1451734626015577,0.08403628278791864,0.13223913209573593,0.13441820455522138,0.06750529286622624,0.13137729162122258,0.09817514967500729,0.10964401302631699
0.1524951516248732,0.14336272932018407,0.036097721764974035,0.05959793724655743,0.024463570440845493,0.3082719650554226,0.07040808119625372,0.0994503948700962,0.10585244848079323
0.13978882218309166,0.061230718469694245,0.0831032851899755,0.0935803804257851,0.05484583925389567,0.3192451429739825,0.07573746697650278,0.0902809332579902,0.08218741126908233
0.12503978751768582,0.18309321124189482,0.08362212029947984,0.12946185830089044,0.0830518146345642,0.06293342625168126,0.1372610557606326,0.0869575951976279,0.1085791307955431
0.09706649596854326,0.07894925067098092,0.10571205486824525,0.11778184428581871,0.07666448269830094,0.2667310616737647,0.06618144191032903,0.08598966425289438,0.10492370367112284
0.09811269892568021,0.0767564328656203,0.07853564854358788,0.11719662918213386,0.10035445123387926,0.07380196433990281,0.20786774846063558,0.13261701221172606,0.11475741423683405
0.11121046424576754,0.11323739821022431,0.13133332286838534,0.1392928981989776,0.15368152425797182,0.02352108756838653,0.08464920513682483,0.11780650834897637,0.12526759116448566
0.10080752653766911,0.09734311044649253,0.1537461009785036,0.163938769140599,0.08746589392315778,0.07109859986556705,0.08373790494376554,0.12637390488028477,0.11548818928396061
0.1416299457777754,0.16703444927769126,0.06340501025821471,0.08890924657945116,0.042588863905563414,0.1033776622666267,0.17306367625973165,0.11381823911516696,0.1061729065597788
0.11850308811173398,0.11672651587967629,0.08244082460113165,0.1273731048593603,0.12850243336503783,0.026576617252974017,0.1532133158803158,0.13140749808160743,0.11525660196816268
0.10487935730933383,0.10317741169697088,0.07483631518762983,0.1289277898853501,0.11806770608485113,0.10859152221888414,0.1336898187507991,0.1154516126071643,0.11237846625901664
0.11931745023911633,0.04474904946417107,0.14124572567875074,0.08292236155043002,0.053915872708967146,0.25993482963215153,0.07558961080431678,0.14633275005116406,0.07599234987093233
0.10698908914071682,0.16419407283271345,0.0951542554628912,0.13465844599340174,0.10039641154798128,0.09542509932471631,0.10962154216147008,0.08428654634792569,0.10927453718818343
0.1045847490490528,0.07816648683441015,0.071929764114456,0.10819822740116843,0.08278051246151069,0.27827399156087096,0.09352284256923586,0.09213587005121288,0.09040755595808224
0.09814182334680162,0.08187417951129207,0.06707248107654055,0.1113709365811572,0.06890453751077764,0.20616057047462158,0.1704701875911856,0.09225593419367024,0.10374934971395346
0.06520288142473817,0.03948692968428013,0.07292656739051864,0.07231862575910653,0.04699085840273896,0.4069273125973529,0.15122003344026727,0.06050277672280117,0.08442401457819616
0.1209249131552405,0.1330230539227056,0.09354726022939903,0.13966268765071324,0.11661647280138786,0.05703212083859591,0.10920522964078572,0.10819116010129896,0.12179710165987324
0.08050885970713623,0.0739435151675572,0.16869004626053774,0.07705325387768153,0.056143474495751654,0.06004780476423174,0.20694101762192443,0.18286701758337842,0.09380501052180107
0.09694374624702691,0.13757671272346111,0.09172893527891733,0.11533969435910973,0.0578588491686031,0.19502816370039364,0.13822371322463872,0.06798794846701493,0.09931223683083457
0.13443768977215173,0.11419907115060561,0.06957601763404399,0.10979689498077504,0.0753374303885091,0.22385845553384795,0.1051409498631403,0.07910513026468245,0.08854836041224379
0.07968128458647113,0.05034358204394335,0.2163296408009734,0.06314825886562044,0.014975933898669047,0.4061219586390255,0.06428800264481023,0.04009272189077238,0.06501861662971446
0.09794503864313459,0.19543563428704006,0.08077920705281272,0.12086150709589784,0.08415383394171909,0.08194025063994856,0.16471409178993832,0.07589176718786385,0.09827866936164496
0.1489415042985278,0.0891231644584618,0.07620710968241316,0.14733346052613425,0.06242575636375921,0.15411092595065873,0.09479849752411178,0.1183699712890554,0.10868960990687782
0.1627526849720952,0.10443072769501077,0.08375966991929258,0.12828728417940663,0.08262065026003618,0.1268340201429713,0.08771776033936729,0.1054865086517127,0.11811069384010735
0.08942039623750342,0.06665000228244575,0.06910204239492514,0.09181288303910536,0.05600694562751644,0.14231717470379346,0.3040060723359414,0.08315525857826123,0.09752922480050784
0.12043687998474652,0.1459824232603657,0.1125380368083408,0.13677399640858687,0.17689769192712004,0.012143184501074732,0.080087973531462,0.09366257913921251,0.12147723443909074
0.1347905902070922,0.18617326924543984,0.12221453080482288,0.07621144299845883,0.018916043829730916,0.1879023623238342,0.13158204825692935,0.04238504722653974,0.09982466510715195
0.12254824984372219,0.1147287361580842,0.08704836215722996,0.11941017849738529,0.08329994103076187,0.21047614894510433,0.0868290827259765,0.08037310486568439,0.09528619577605128
0.10828588191149008,0.12309005964108648,0.10936160118057875,0.13573166919766388,0.18517106805357372,0.012870210772727353,0.08802455630134616,0.11204436588397294,0.12542058705756062
0.11565161067004626,0.14144668173176908,0.08597084667113868,0.1148287790389068,0.0603438933339925,0.2367089326613175,0.08959163897905843,0.062479416897863814,0.09297820001590691
0.11362757765155442,0.08684126507588523,0.1768501522837068,0.1363968972580305,0.13530986856069763,0.0673181346939007,0.05232016910403702,0.11282431667200869,0.11851161870017897
0.11992649674873357,0.17421676463507377,0.12696900902074917,0.13234191657890704,0.08030937145556112,0.09861625598741425,0.0890316466728235,0.0740038902444612,0.10458464865627637
0.0952001983035695,0.15598226052389164,0.11973703463300582,0.11695926271075523,0.06932744556894156,0.21758908941311392,0.07704649937017707,0.05709397745588399,0.09106423202066123
0.08551960439850309,0.16491790600419304,0.08719295910206669,0.12352894684600248,0.1364053027064098,0.03198490229058864,0.16915288440472018,0.09465765683835296,0.1066398374091631
0.06029610538296295,0.04100118661760128,0.1402026659695198,0.05303422313116605,0.02459795580079165,0.47137204620762246,0.10592682865197249,0.0328606322990777,0.07070835593928568
0.0708155631437832,0.06726655427740237,0.09429967892381348,0.07211225299405634,0.045571611349525344,0.3061723344170851,0.20037667692679215,0.05585744219740627,0.08752788577013572
0.10508435587843351,0.2292544350757362,0.15872903892491094,0.12659818627322358,0.0666333007126676,0.05795209285328857,0.0902646739454312,0.06342214674660351,0.10206176958970492
0.10536974878690163,0.16048591806643595,0.11305644126299431,0.13753339214903493,0.15500711935789876,0.015710713786757716,0.09594047282378493,0.09732200582036438,0.11957418794582746
0.10547895732578373,0.058565028692296295,0.06458165015302227,0.06994891888575021,0.01898095447433494,0.44170895916215985,0.1326220446091253,0.037686326330411614,0.0704271603671158
0.09539447989439702,0.0988410242477667,0.053262129536210456,0.07109196696831262,0.05511328213410218,0.278588752704022,0.1390875380152326,0.09882385155168627,0.10979697494827019
0.13302777674899646,0.048165243591597684,0.04920102536334122,0.0796215320402648,0.04918278151227759,0.42292632135140207,0.060394748240763296,0.07859068079607848,0.0788898903552784
0.06609194021811386,0.0319732053529552,0.12292515033451197,0.047405142676979095,0.02482401470820129,0.40783956690541295,0.10841345696445205,0.12068867739442574,0.06983884544494778
0.09378724583094954,0.05402111116968211,0.18637161198096883,0.05429892247581333,0.039278976454602044,0.08558969489859286,0.11509475555581145,0.2922986210816268,0.07925906055195302
0.10295464121544425,0.29516995691049946,0.07733362152622532,0.08987377269059897,0.06776355130213275,0.08942927036626153,0.11748937800739874,0.06749945907479235,0.09248634890664666
0.13623450342519877,0.13527138528046745,0.10453532364255551,0.13461577852977177,0.15624988984885588,0.017376019204117087,0.09285120679299509,0.10445897545877747,0.11840691781726102
0.11124434365028936,0.05685751882089999,0.08701058727177953,0.08695790675403382,0.03552391662704311,0.3529003192756011,0.12138091229589754,0.06923393386981579,0.0788905614346396
0.07695692852180558,0.13863874459264627,0.09413574586901301,0.08942239928047029,0.07592886982254111,0.025259481332402255,0.3289702237511963,0.07483601002277528,0.0958515968071499
0.0867803824633359,0.041496859407674974,0.17971401781503182,0.05124113195291186,0.012507052368511233,0.42786136843995876,0.09972136919507879,0.02812376647747855,0.07255405188001819
0.07908609946759128,0.06925278498159763,0.11146840568972562,0.07875924919995876,0.02784604366575046,0.447564476512388,0.076026151270236,0.038198826351590574,0.07179796286116172
0.08470964075289124,0.07977824341718152,0.09265141316810754,0.10268414700655835,0.0585135612168964,0.3640451481414367,0.06785959381342303,0.062445336196166525,0.08731291628733871
0.1049850712327033,0.21050957859789485,0.12336025293980668,0.13302709420940104,0.09530713872940959,0.07679651031866272,0.08678239042671809,0.06601728604431585,0.10321467750108783
0.13762624580524938,0.12150469708156682,0.06277699964462168,0.11721858684959623,0.08284060445471086,0.13845478756340598,0.14532460882846995,0.09448986402823895,0.09976360574414023
0.11252244186436766,0.11865116319970193,0.07017783193121412,0.12673355316852403,0.14783359561038398,0.031149416639190214,0.15524519137184256,0.12479035404508394,0.11289645216969163
0.08638061218379293,0.050571760684909595,0.06870222804480605,0.10672302034047754,0.04647924633843729,0.226019017127609,0.18229167990552178,0.14051196954138473,0.09232046583306101
0.10575429965391313,0.10341723861843755,0.1452498609846121,0.11732814177698199,0.16537447979268532,0.009014364907199401,0.08113117312001232,0.16055700790559813,0.11217343324056017
0.11370229405843174,0.10341137883639995,0.09452067164105599,0.11594140665073033,0.0711411266232387,0.09418994903487445,0.154027800347386,0.14922275012365707,0.10384262268422577
0.13228890232117135,0.10174756441932399,0.13460118686288844,0.16517321170089308,0.09868941364068169,0.03881460031496348,0.08253095070688271,0.12984744739289725,0.11630672264029814
0.09335852921491139,0.11694591550724258,0.10072366612979293,0.11227078957034774,0.06832815569603072,0.291554006748302,0.06826999101398827,0.05833110334211219,0.09021784277727209
0.1135145308425554,0.15265215080011754,0.07085969398332204,0.1150612487243945,0.06913875902321077,0.17687953725037442,0.13633642342186017,0.07184679010591398,0.09371086584825121
0.11415617823431214,0.1390916825403992,0.09259892049866718,0.13534444319388336,0.15509059242843629,0.08440840040848858,0.08446596937504115,0.08598305698413274,0.10886075633663927
0.15430309238227233,0.14681123443623625,0.07473717370113157,0.12976645840011533,0.10774565422256166,0.0623932342136373,0.11486215901848255,0.09860603471290337,0.11077495891265965
0.09281572420377023,0.035221442877901556,0.207815536448727,0.04966245123164701,0.010141699728140479,0.4325876818083371,0.08308418382782624,0.026155368580374025,0.06251591129327637
0.10923175860750134,0.08711814006494038,0.256747137919548,0.07869869670878378,0.06446416840815063,0.20361274704280338,0.03976445600350671,0.08132720787412276,0.07903568737064294
0.1546191493019793,0.1078964778773719,0.05143686801021886,0.08811670613246471,0.036840442941068495,0.1799339393492331,0.22386214244819555,0.0703448037617518,0.08694947017771631
0.1079819716731602,0.11516653296776004,0.151267290334704,0.13306939323833397,0.12280977901407918,0.1125959401144278,0.06705118782973962,0.08549765896298019,0.10456024586481492
0.0952484702152574,0.11115917270060725,0.15552118535321957,0.12393303652010461,0.08365255390232403,0.17058007942439235,0.08210951197750063,0.07913071278371428,0.09866527712287981
0.10835470098208029,0.14881419950572447,0.15283005120433346,0.13906753335026992,0.11986785863485767,0.021891329734934992,0.08935865900954942,0.09841234190698321,0.1214033256712665
0.09495478529769429,0.16679477308328106,0.11452495072504788,0.13069815434735674,0.11113361640466075,0.050505841547062356,0.13410894408562044,0.09024709368987666,0.10703184081939983
0.07681662988840426,0.03314101561235048,0.08027362037139128,0.10831033759876624,0.03336179723658698,0.3404109116845451,0.05028141732284777,0.17223321578382253,0.10517105450128524
0.11650378086024475,0.1114391680417988,0.24808530542101262,0.12569968638047915,0.12442940677316183,0.012844481000933773,0.06112202481328873,0.09316082677807756,0.10671531993100271
0.10576435005460723,0.21563185313286928,0.22251500801975432,0.11527228877560168,0.04945033852518216,0.036644330384912056,0.0896153655397499,0.06347218561623028,0.10163427995109309
0.0966862906631608,0.2250352998355791,0.10536284324687495,0.1270749652759758,0.09154335364362752,0.02913104260423813,0.14025520233152466,0.07998736711780545,0.10492363528121362
0.11300508561091943,0.1266613249579939,0.06503376531857827,0.12005033049626561,0.1082181638769109,0.13182390120944262,0.1430909051896376,0.09388094538438853,0.09823557795586324
0.09778165282653138,0.14731095921074824,0.08969388186179204,0.13458868509051783,0.1417416705977426,0.04033158348380917,0.130554614213836,0.10353220708998401,0.11446474562503868
0.11947413881717277,0.1478691363384579,0.1183556742674599,0.1413060837279154,0.15853125211985108,0.02105011723391445,0.07761551818950685,0.09314453984028846,0.12265353946543323
0.10842388450601266,0.1414164212331291,0.13018011655613704,0.1325052631917231,0.16158299292931141,0.00699164268639204,0.08839088422473988,0.1031923606598149,0.12731643401273984
0.11145829839511114,0.12653324362856244,0.10315893135259945,0.14130981561668984,0.15210877731103647,0.03484911048925591,0.09410190283133206,0.11211522387564493,0.12436469649976778
0.11418308984800879,0.026866939350794396,0.2860897221271433,0.1263954702740531,0.04734566586606103,0.09088934673245554,0.027948569118500712,0.16695229951025017,0.11332889717273291
0.08569298159312512,0.05866332229490887,0.06395104264855682,0.0825752531882094,0.03294944679780742,0.3884481464072427,0.15366726239074624,0.052505755145050105,0.08154678953435335
0.10668466896609892,0.06796549366255948,0.06853918347191466,0.08592108436154655,0.0488822200519854,0.3998028018996784,0.06702182873659378,0.08024790092335722,0.07493481792626562
0.1230009418613071,0.15483215846258622,0.07622393545404758,0.13132992922784248,0.1156912189075086,0.055215119489559934,0.13525098939870164,0.0990377074219841,0.10941799977646231
0.08156297352416103,0.04384652144222875,0.15510430049127982,0.05833558904285994,0.01452625731779926,0.42315054780812417,0.12694725994007808,0.030044894769932603,0.06648165566353627
0.14191041884952035,0.13561841111892675,0.10379717717185982,0.13697185213671453,0.13283862049827244,0.02994582099804019,0.09388951554965526,0.10586320403422256,0.11916497964278801
0.11861118631992472,0.1960300196021867,0.08352265322280335,0.13042738850187258,0.09982689304389464,0.03847300367754756,0.13729962338521387,0.088203928163657,0.1076053040828996
0.14834408460111664,0.1728650948173264,0.07502700082786833,0.1283596278684769,0.09878031332375499,0.06073290794154474,0.1208937580663763,0.0889153107143892,0.10608190183914656
0.08682143381202122,0.042671951309039176,0.21326705660245301,0.05373865932096922,0.01192641899496547,0.4135443878903348,0.08916112913360606,0.02686124946603478,0.062007713470576264
0.09516784660409648,0.12470653633525625,0.09009964282394294,0.13502089275450893,0.15955093047378316,0.052998201575989994,0.11627263624336792,0.11085056691119567,0.11533274627785865
0.11181599367481436,0.1238067758967698,0.10699944369715231,0.1412394835995391,0.15218693483734233,0.02908382344390308,0.09321263666449116,0.11468350133566797,0.1269714068503198
0.12298623295271062,0.0754061922199349,0.123856511024923,0.10592250992802592,0.10745016409055763,0.1333442051441791,0.061929174182211534,0.1695680805194798,0.09953692993797753
0.10486079657759106,0.037210318518486905,0.19880375540736142,0.053578379976174394,0.008201962762976312,0.43814865751024773,0.06566242785003872,0.026710641711232958,0.06682305968589043
0.10757059695308287,0.05930291326485102,0.07543536846474083,0.09509667406089824,0.04103116959201187,0.30199753883777525,0.15274061121953217,0.07273433900989244,0.09409078859721542
0.1416299457777754,0.16703444927769126,0.06340501025821471,0.08890924657945116,0.042588863905563414,0.1033776622666267,0.17306367625973165,0.11381823911516696,0.1061729065597788
0.09226875254786437,0.04208338261424621,0.06424615850782023,0.07598815948966754,0.02953682108331809,0.18374314024277325,0.2565468105598433,0.17168107630213228,0.08390569865233467
0.08181627321960412,0.07392416826770769,0.10958665738088197,0.09262950091905763,0.10766352642129669,0.22907317878983546,0.10463106060636973,0.0915151663200875,0.10916046807515911
0.13247759040665494,0.02117943533358374,0.24534623822612298,0.05442816376877591,0.010425146385357215,0.22859576731892092,0.18299891674102967,0.03532616472437434,0.08922257709518026
0.06611557951741139,0.05490220485463726,0.1382353301804683,0.061160257170754295,0.030808538489105242,0.3391453459151725,0.18935023541904428,0.039951922908985575,0.0803305855444213
0.10425550052264436,0.12001741114552578,0.3272717098347442,0.11408916401082485,0.0556574068682014,0.05515906971820223,0.06021743763390486,0.06392901022054004,0.09940329004541228
0.1157715433914515,0.14652529505197778,0.11830343946582073,0.1434964465095133,0.13617292897171226,0.05559043445959965,0.07596270862809366,0.08858858423991733,0.11958861928191387
0.10896852946339779,0.09295418274118826,0.14354935415901265,0.16164158368966108,0.09620948355409768,0.043439318332724484,0.09068550271181967,0.1490958352204987,0.11345621012759965
0.09116473746448638,0.1720862186612775,0.08699376442946138,0.11713938172542933,0.07411202123956638,0.1441036047255266,0.14833412826976464,0.06920220803014804,0.0968639354543398
0.12007091147309475,0.1410757724535796,0.08997094718270461,0.13631874414140768,0.14751759571634782,0.07548742797270157,0.08959181414528095,0.08940661803712675,0.11056016887775623
0.10858655328958666,0.031325884776594363,0.262862526889169,0.056965630877236294,0.03780960175688566,0.14395000217353593,0.09615013175989418,0.15115677384945253,0.11119289462764537
0.09629114610366002,0.15987378774319916,0.07785476655618508,0.12396192564149178,0.10216735728064497,0.0944637271081361,0.1573543896603333,0.08544326353590119,0.10258963637044853
0.10133593000998949,0.04667566060113885,0.09231730801867631,0.12624732526082275,0.041098047160043685,0.3105099752765383,0.041964249624097026,0.14478865565509214,0.09506284839360142
0.12442735842785589,0.18427862273501208,0.0997007186438849,0.13857446992371159,0.1260080917438385,0.03312394231378131,0.09492548893073466,0.08576062719672649,0.11320068008445457
0.14589116916799727,0.07082580499571445,0.3793180619936387,0.08320833599680484,0.08908291631329074,0.01876258377666198,0.030933861702771872,0.09655802666824718,0.08541923938487295
0.11860654561034079,0.1512481107431671,0.07578318287366026,0.13004076761241232,0.15745250989404377,0.022714202744256017,0.12942006092246572,0.10507446521610003,0.10966015438355407
0.09885140296592432,0.047580845221811656,0.3067660872102816,0.09345068647820089,0.031536559121515796,0.22312574201556032,0.05602096767993959,0.061385777074741195,0.08128193223202475
0.08326847222387705,0.06173742129118903,0.07313440483639039,0.09719507482253742,0.05217324900592459,0.3414847625221875,0.12563691855573886,0.07178395390163653,0.09358574284051857
0.11579199073618394,0.08700690603526334,0.08239283716204063,0.1620457314833169,0.1359778855033075,0.028480124975936095,0.09722945360273805,0.16958781053766403,0.12148725996354952
0.12006711219780895,0.14550067585109167,0.12494988862758455,0.14124760426141633,0.15517287461121732,0.018122483782007925,0.07569633402045783,0.0941795052356013,0.1250635214128141
0.1262219110254878,0.17459865471504135,0.11304175004328983,0.13860038486080384,0.08863127983964174,0.07391165353242025,0.08872155778042597,0.0814159097646107,0.11485689843827844
0.13145623028886474,0.13998300219032178,0.06288984145261299,0.10989028628081349,0.06207473621900841,0.168489992742566,0.1562110526121001,0.07607640101757306,0.09292845719613946
0.1289986078176263,0.057348888316320755,0.05607548153818099,0.07430433265815695,0.02422480716778021,0.25607057934111804,0.267580782770808,0.0547330452805719,0.08066347510943689
0.0929010493580222,0.12343680529536322,0.08157492830734332,0.1288329816424699,0.1355602178502644,0.03744786317891906,0.16680125356917172,0.11714108759223545,0.11630381320621079
0.10528672841308813,0.09988691953455124,0.08590620405851868,0.16046457095737987,0.10125083313315413,0.09670097858189337,0.10614221217131879,0.1360175916988726,0.1083439614512232
0.10981434426328346,0.09941789142765345,0.1693453854495659,0.12456837966811203,0.09865076698442238,0.058259762632048066,0.08373849309934804,0.14649050877142908,0.10971446770413756
0.10463976818743607,0.03315814977499674,0.09801265239939312,0.05154050753910199,0.027587631094159782,0.41900759560753337,0.05441217863119276,0.131436044147343,0.08020547261884321
0.08810010307802936,0.04229763125500341,0.24534750300525057,0.08371501843674413,0.07549344977040084,0.13547338586221805,0.09099073786359924,0.14632545730238053,0.09225671342637387
0.09862401285368567,0.1135997385328128,0.07139562945012685,0.12127047633960368,0.09323427129776791,0.0861371263340915,0.20118241375963272,0.10407305745365214,0.11048327397862671
0.11275748643291938,0.09971335630551541,0.17154347242010695,0.13998267237053666,0.11358609413480264,0.08595558452987771,0.05573467391975598,0.09878223289345882,0.12194442699302648
0.10238920079165996,0.13871939408441838,0.08367757194299569,0.12736771235469935,0.17034746271957216,0.010094964603143257,0.13362477300456416,0.11727012723589884,0.11650879326304825
0.11960247587557475,0.02471243919263305,0.1458117143152809,0.07357671535347045,0.013199385675502454,0.38814727792144693,0.06899087187222856,0.08541940864409124,0.08053971114977167
0.12869953865613712,0.11318536325766498,0.07341175200780946,0.12622866606731337,0.12831977007979786,0.13632206112429524,0.09357266170254823,0.09647827451380712,0.10378191259062663
0.08529836044075449,0.06700201475439785,0.1951725368897683,0.066555959095203,0.0184978839401775,0.38183803420170975,0.08647416244567162,0.0315565948670676,0.06760445336525
0.14705797978024968,0.03400617111625439,0.330608351627452,0.07792782374989964,0.041126261565911454,0.0761231745073802,0.02347995928105424,0.18162177612323627,0.08804850224856224
0.10312405532931752,0.1674032571851414,0.1012115768053659,0.13804031927287233,0.14557554462199315,0.03769393942366792,0.10295520893956839,0.09087819775129989,0.11311790067077343
0.11123315876755664,0.1235286599390456,0.07902824886366668,0.12110749170988093,0.07328201016629517,0.19770043972886553,0.11334623381140048,0.07947937124644307,0.1012943857668459
0.11298476324575786,0.11000118133985487,0.07157540761615307,0.12853792526691624,0.12843008809515796,0.05459334804432744,0.1539665314901618,0.12495877631202651,0.1149519785896443
0.08295460810310569,0.0726887239294104,0.12116112493011609,0.09009264338751505,0.10396308520978308,0.2706018310410668,0.07510064881642026,0.07965535417232499,0.10378198041025762
0.10173681134141815,0.03233926319910974,0.1108489286368151,0.08314861988355406,0.025971615571388912,0.26821026891916255,0.17252141858132938,0.1155899372670604,0.08963313660016163
0.09701215229252376,0.2012190303492809,0.08060507614775715,0.11841355942802094,0.08147890232241893,0.041371225939035035,0.196589212977213,0.08240744374303216,0.10090339680071804
0.08803261199722068,0.09632980442592269,0.07604487249456793,0.12390722974049746,0.1354625837221681,0.0961877194152691,0.15583273035532816,0.11615922902663427,0.11204321882239164
0.0932590330817128,0.12514713427760646,0.09221710582843846,0.10917083473354187,0.051935033382665995,0.23184614205604148,0.1387283545327281,0.06261603582101831,0.09508032628624646
0.11776925371983105,0.046025138763991946,0.05264965288714205,0.07395911647618023,0.0328201872734165,0.4968693688793821,0.05428315022832775,0.05425538941874114,0.07136874235298733
0.09361414510087558,0.08087404958496035,0.12680939145597966,0.0916867076408426,0.036826111318643405,0.1383664200496788,0.27070276207867006,0.05787252109654639,0.1032478916738031
0.09666832272562165,0.1654575980095582,0.2062449893652463,0.11758281761018567,0.05277978999366686,0.09929043646615322,0.097059495518332,0.06158447120794275,0.10333207910329335
0.11315918461133667,0.06653824015034272,0.08662790622538674,0.09315920216871322,0.054162626708829764,0.24935547566196567,0.08305621474549542,0.1648188572285332,0.08912229249939661
0.09586909135455324,0.051120606716188344,0.20888434276652237,0.09707767892957843,0.027480347647149128,0.24099579864507023,0.11428573894906974,0.06871111945351478,0.0955752755383537
0.11049662535017839,0.0813720452837089,0.10976026460310212,0.1252594536421802,0.12336922953844176,0.18160324874538492,0.05714948815802582,0.10538263018618343,0.10560701449279447
0.11686266624435922,0.17119348687030092,0.06629928213285613,0.11961975099297435,0.09375748042419056,0.04177143372481661,0.19336176423699405,0.09569357508138705,0.10144056029212112
0.09005588255466185,0.06250012983094878,0.15389103980003746,0.07198427293251365,0.02016075320593264,0.34036323698024407,0.14987973483406516,0.03675449022001808,0.07441045964157839
0.11025924956607479,0.029475969035933757,0.20991823032002813,0.044368634830761394,0.023867618994458824,0.21001991997872674,0.02536188052424986,0.2811840092568883,0.06554448749287813
0.1149123218857873,0.05976002057857575,0.27242284685418455,0.12750819157789475,0.06770419989231916,0.03162981256884507,0.06490412416759246,0.15160227236337856,0.10955621011142237
0.09376937585759436,0.12069072622445574,0.13366851400355176,0.10836541436791629,0.1474127849444544,0.07937504194018967,0.10377792833265215,0.08424454006862107,0.12869567426056447
0.10225734608052865,0.09229443799935462,0.11092105510664334,0.11851279297876394,0.13737827232344293,0.03585424448027489,0.11441839767368935,0.1833573668689045,0.10500608648839772
0.09523372390897893,0.024297329574966237,0.1598574999801194,0.04251697512347152,0.007499190741131939,0.4366855413229405,0.1360045778732535,0.026358432232568174,0.0715467292425697
0.10907915576720782,0.16262492534274786,0.07148876709633674,0.1264098863477164,0.12902216456464508,0.05023045005089127,0.15348342713089563,0.0953301225982176,0.10233110110134165
0.12568657894631496,0.10603954326182434,0.0660192912956196,0.11749162820028501,0.09691024655748202,0.09947925015234656,0.17297926969837019,0.11419131432907569,0.10120287755868151
0.15100491320068318,0.062041568433069495,0.07489305968175049,0.0940436088959054,0.043408503432069236,0.2287447232004498,0.1564769789005107,0.09695889315348334,0.09242775110207835
0.13326778871293274,0.06021873754196736,0.04677768375166775,0.08309511725627576,0.043215463283513555,0.14985933745094543,0.30456723367929545,0.08648195387595219,0.09251668444744965
0.09562038208348787,0.10520718430135888,0.08777853778119964,0.13365164948300348,0.16895399148970594,0.06365824210377473,0.10812521110191708,0.12053214298861122,0.11647265866694118
0.08005127536979861,0.05604842767650389,0.13366046501269857,0.08211183319536589,0.03324546436710983,0.3350247737462881,0.14299589583946362,0.04826124451021376,0.08860062028255782
0.12408637224439605,0.13282175179050854,0.15884577238388425,0.14040163532028926,0.12577419377156993,0.026724527704444154,0.07305187119916401,0.09762937299948236,0.1206645025862614
0.12379671991749093,0.14459632813058487,0.09852650147475,0.14008476239256792,0.15874371552743707,0.03502389768405433,0.08615626869268163,0.09544528849649454,0.1176265176839388
0.14973429424886125,0.050694299335442394,0.05909527769675251,0.10354560787665722,0.04942551970188486,0.25026432600495835,0.0715018638000962,0.171555975766255,0.09418283556909228
0.11040505539702815,0.11581416266138399,0.10626305583234873,0.1325738067665515,0.10223500902486637,0.17110045825634188,0.06876676061809632,0.08318757804245092,0.10965411340093222
0.08951473620886774,0.06171185327511331,0.06424573422467968,0.09871535105356488,0.06324648900829499,0.35486804180868,0.09573249496493495,0.08200154394911524,0.08996375550674929
0.09401250556223913,0.05232318914843385,0.06209229056908231,0.14398729648376152,0.050746212092353034,0.20051041441004505,0.10076133878616585,0.19628557717026707,0.0992811757776521
0.09701215229252376,0.2012190303492809,0.08060507614775715,0.11841355942802094,0.08147890232241893,0.041371225939035035,0.196589212977213,0.08240744374303216,0.10090339680071804
