0.1172579612702157,0.11714400834783249,0.07902204575208598,0.13866070143225787,0.11462236932267476,0.1072475363482406,0.10057337352101677,0.11777101692638105,0.10770098707929487
0.10272961134372345,0.1012292124279706,0.06902803179857615,0.14103932595428997,0.10044310510844602,0.17333803311274554,0.1139885472383899,0.10160772133768668,0.09659641167817164
0.1000650525977999,0.10453981183026302,0.16066056744866516,0.10162355858657657,0.1094502514590896,0.10028205957674358,0.10755825272451497,0.11072950282550702,0.10509094295084026
0.10035569238235291,0.11111966245661624,0.11363676950163326,0.08603624657405258,0.09833281884177415,0.181067566880881,0.08757534141423652,0.10206750247733476,0.11980839947111845
0.1095273939069733,0.21451962618615847,0.04535553075740176,0.006954724941623583,0.14327448606257573,0.09348857084452845,0.1352310620491568,0.11450563288944783,0.13714297236213402
0.1244043701007413,0.12066944512961901,0.10212701480895547,0.0769090599460313,0.1098538857462202,0.12191714687977284,0.10134597473889218,0.1188912188674988,0.12388188378226887
0.1312019505062315,0.11323270308499885,0.06307528168307656,0.1244200332811655,0.11946293287387418,0.12133978627266502,0.09357523460360496,0.12147620344168221,0.11221587425270123
0.06835766489448301,0.11455107022440919,0.3072502626803977,0.09175626002046366,0.08410359804499369,0.062095503730263346,0.08786519154991412,0.08071311745369986,0.10330733140137537
0.1244403152445082,0.1231506711804734,0.18504510979636735,0.02915571772068719,0.11253304255812228,0.08840895888099963,0.10497629479266689,0.11077534763041065,0.1215145421957645
0.10867832978545872,0.10792579602063808,0.12160877014432436,0.1234860559747843,0.11978741135605776,0.10866090964129228,0.08651837144193973,0.11781082227008917,0.10552353336541566
0.11829770880306127,0.10887855006943863,0.12809934504388784,0.10499203341064257,0.11809812025061368,0.10175133502143885,0.07904854043471653,0.11856682146969177,0.12226754549650881
0.11843307715796954,0.11451973544537562,0.07898106301031109,0.14323741581732144,0.11859869223563035,0.11544238383886331,0.0856446000760595,0.11844144723847423,0.10670158517999484
0.09741349617089234,0.10113023201578812,0.14565882743400185,0.12437867476952624,0.10419447694383495,0.1409888429942455,0.08032804952388009,0.0985591626719496,0.10734823747588135
0.11484966227469777,0.1220995900920096,0.08294619541208281,0.1327750700430741,0.11218920238978573,0.09288433192259765,0.11693156720476199,0.11796769912978773,0.1073566815312026
0.11450706636686064,0.10687058191091249,0.12397121834653228,0.10772344404681007,0.11989840149069754,0.10597171900973108,0.08483439093956165,0.12001057669425452,0.11621260119463968
0.12043159954280981,0.1137765780435694,0.08428719018703086,0.13939975571619714,0.11687927024095719,0.116995240499335,0.07900868207344644,0.11738229997361589,0.11183938372303819
0.1050193218796256,0.10536907345917236,0.13531422998210305,0.13563755579377332,0.09972428545712964,0.10809577536338803,0.11812123070235003,0.1003023846832853,0.09241614267917271
0.12223397842627119,0.11986325510172531,0.07173983803374051,0.1332538539244856,0.12218080462797891,0.1019961071062377,0.09443239679137776,0.12548120087909276,0.10881856510909027
0.11969940365210226,0.11327489560781691,0.06736794288419944,0.12739145096736762,0.12701973401011882,0.10930040998899744,0.11234172278585797,0.1225016212745667,0.10110281882897276
0.10803451568186713,0.1068844880412375,0.09574059818189817,0.11235146103353251,0.11729747134936368,0.11728944020246117,0.1172904235848266,0.1139491719980586,0.11116242992675464
0.12472303861713763,0.1068662115223316,0.051775204456466016,0.12007536291441451,0.11073454689580285,0.14722866640941623,0.12173368369646298,0.11377103778962021,0.1030922476983479
0.13137401411370211,0.1169655031266873,0.09424514357564623,0.09038908178772426,0.11790848485787316,0.09445022386718867,0.09584448435395305,0.12709189957619965,0.1317311647410256
0.11810717164782018,0.10936519068538865,0.06443755338504799,0.1380973498515621,0.11223349407495309,0.13907197762643256,0.10462141455782736,0.11262068483401015,0.10144516333695795
0.0692420364683738,0.13939737708871058,0.13547642763267997,0.15077319323666147,0.08558932495511307,0.06170897386293636,0.1483194399711274,0.08992660437187527,0.11956662241252207
0.08018733329312579,0.1184544060973421,0.16605201389807644,0.08646633458382628,0.10201591174864223,0.07066940600878652,0.1603720796928335,0.11161245470548982,0.10417005997187724
0.12769226527158553,0.11852339694707263,0.07135249798971587,0.13192725697906654,0.12019283370433032,0.1069376200058243,0.08726968992007234,0.12323015535362632,0.11287428382870619
0.10437782597039941,0.1010734365875765,0.10719601807570485,0.11540148171505209,0.11636496324093774,0.13396763693570202,0.11201300515786594,0.11131696517916756,0.09828866713759382
0.13145676985873986,0.12227232787284138,0.047768129696352975,0.14289227055954354,0.12095043672162231,0.10675072602747963,0.10172070820822528,0.1224858112534804,0.10370281980171474
0.11767919165498637,0.11704666543426773,0.08387940287153017,0.13187617906155435,0.11532309484623442,0.104770126488525,0.09672969778601774,0.12042637664133075,0.11226926521555353
0.12075599872042171,0.11130741530512893,0.06247472617174026,0.13097995272913612,0.12428441291028995,0.11954441789448071,0.11024517103045232,0.12007731727176803,0.1003305879665819
0.12279790678897795,0.11171555996958327,0.06543283409742624,0.12068964079016938,0.12685623714833447,0.11212607019243492,0.1138354353550493,0.12292775016856643,0.10361856548945804
0.08216069076585282,0.10618754234768794,0.22997521707415122,0.07954743906850976,0.09392598696310238,0.10543122545493373,0.1122977337395215,0.09018871168953008,0.1002854528967105
0.1081629028823808,0.10127633614611564,0.1044037063125462,0.13809416806907882,0.1101056910968407,0.1535198988347972,0.07991927028049554,0.10144335531546585,0.10307467106227934
0.08940291055260469,0.1359738847647451,0.1372638153478677,0.10882535186423714,0.09349109883515246,0.08044070560210854,0.11998539136563774,0.09923448317553002,0.13538235849211666
0.09417644020638616,0.11008719061042087,0.17626395857395574,0.07227323300423137,0.10112518297844102,0.10332096651960831,0.1469591532890557,0.09870856945790125,0.09708530535999955
0.08672655711645115,0.2804234895020726,0.06996289267132937,0.03985735536017267,0.10586811693713742,0.09824808865711253,0.057946104587721835,0.10374877926573876,0.1572186159022637
0.10600460247266692,0.1039101268797083,0.15733984144101065,0.10779280399912305,0.11912439954879833,0.10074649309494081,0.08431217965634234,0.11479543608750027,0.10597411681990941
0.11500992248774722,0.1086786134688494,0.1106068576855771,0.10962895435576574,0.12423932652905628,0.10358884651165041,0.09570573746740069,0.1228573143860587,0.10968442710789444
0.10061559493471707,0.10463300418234855,0.172339923333529,0.11210550671163881,0.10562406685080379,0.11025111011287526,0.07150301349459191,0.10435310712304861,0.11857467325644705
0.13453541728090976,0.12051477827675626,0.05727595992257739,0.13104740765115555,0.11999634641095912,0.10715804522640471,0.09184574392112706,0.12444188903411531,0.11318441227599485
0.0978269980883043,0.09901150787977005,0.17082337958761973,0.10305628279176247,0.11286997869426664,0.11029999607759601,0.09429370146922093,0.10877066236942488,0.10304749304203493
0.1080689202842104,0.10335659423953342,0.10772524268938499,0.11149193486365065,0.12817344513048298,0.10418217272243886,0.11095339941647563,0.11960011386186471,0.10644817679195828
0.127368341882353,0.11409576943757975,0.0527525723877554,0.1350140148727136,0.12105681206242998,0.12126675306624664,0.10554413658625293,0.12033769406446483,0.1025639056402039
0.11535790512005865,0.11681807171024199,0.06560811934403814,0.10801004619729944,0.09662404530844697,0.22505923509875236,0.06406279446740028,0.09275250174813705,0.1157072810056252
0.12833930741350677,0.12207803496883544,0.1113407513547028,0.09094644509552523,0.11123594602560238,0.08949118847479191,0.08213246825367294,0.11904112731650825,0.14539473109685433
0.09708777472274739,0.1038013694515529,0.1565044245628733,0.09932321165112411,0.1167283669775025,0.0922769940371092,0.10291134285484671,0.11593059743425767,0.1154359183079862
0.08570871498138972,0.09907391373384285,0.20279529175076685,0.08427646513790737,0.11353437741799703,0.07990519527610927,0.12230937585302169,0.10931640486577039,0.10308026098319471
0.10885578031969824,0.10754936318236535,0.1332928970667853,0.08379653249083513,0.10551297359526429,0.1666047994367765,0.07002931275919189,0.10510249023088132,0.11925585091820197
0.0990203209955931,0.10112921263710013,0.17235479778783638,0.10640471134732138,0.11344219396337095,0.10459512052882264,0.09540520520611707,0.1089634337724068,0.09868500376143147
0.12136042897910744,0.11361583045343981,0.05817474458468876,0.12609540421833873,0.12891473694073471,0.1075005867855829,0.12267703774871895,0.1222250549506061,0.09943617533878257
0.09465249725037923,0.12092805196892137,0.19436420661565754,0.09662541768706107,0.09154812726658439,0.08987197713438783,0.09680855532584409,0.09327062391466456,0.12193054283650005
0.10390163456942841,0.10814474454712573,0.11404114933112813,0.10024901626033123,0.10083140431394962,0.17631242557071802,0.09248757870025914,0.10074161035417802,0.10329043635288165
0.0824759776193883,0.127278146983559,0.10588177966542756,0.15884110878571414,0.08909208027203773,0.07317592677011418,0.17264884839114006,0.09377168533969323,0.09683444617292586
0.12328531838805573,0.11039802095577063,0.07544748616804677,0.10960886833664384,0.11813915964187398,0.11943034479873262,0.1156304124608713,0.11967186545664828,0.10838852379335688
0.11227963469760804,0.10731320805721833,0.14012675279452094,0.10847942445635865,0.11738318332619709,0.10190761833603512,0.07775769163422801,0.11823053784892727,0.1165219488489065
0.09079386132803768,0.11263949179985387,0.21717168691414787,0.10620477610473796,0.10545744865031992,0.07768816984100971,0.08150487704508154,0.0967935377319234,0.11174615058488813
0.0993693546070154,0.10340703682787085,0.17325758744693695,0.12408463674680896,0.10410186357453242,0.11361565190885219,0.0693805082432807,0.10102865678629684,0.11175470385840557
0.11626037556948336,0.11466556006616806,0.08393971143248152,0.12217315519704249,0.11925528573253709,0.10511931418918714,0.11481433511156806,0.12063590631028359,0.10313635639124864
0.11081826990048795,0.10624101598146647,0.07670245073254293,0.1132501167009355,0.13510967989186737,0.09872308981587692,0.13521528710741373,0.12212421845498093,0.10181587141442816
0.09759099433955833,0.11108757802618467,0.1361526354358386,0.10382669254451343,0.09144405687476202,0.19929083431831762,0.052165151862305026,0.08545015870745304,0.12299189789106729
0.10750635716041229,0.1072602507922804,0.06840418666516442,0.11492161523119608,0.10586630167824009,0.1974474439508301,0.10416574190154988,0.10194813877459563,0.09247996384573108
0.08619568400013977,0.09710586916965824,0.2210988880229272,0.10277339345166747,0.10042697963482543,0.10604070331158562,0.08598418422993626,0.0965690641756574,0.1038052340036027
0.11929855093860353,0.10699969536028965,0.07624084469369342,0.11995317922051607,0.11039815433428997,0.14487549264790875,0.09567784721541128,0.11271377990296842,0.11384245568631897
0.10835353466487185,0.10392607361252264,0.10981746211317228,0.1235282222933689,0.1084320069285634,0.14366134716752788,0.08572900764562845,0.1065442761752768,0.11000806939906792
0.11898825196884115,0.11230528721382745,0.13883983905387806,0.07407900738101915,0.11421809352170864,0.14775259669892726,0.06609945919943562,0.11217643913704163,0.115541025825321
0.0927797076210869,0.11450560087748633,0.13188184796647673,0.13009312803043455,0.10037159882651016,0.08132619052843203,0.14574458829224513,0.10396483572137498,0.09933250213595318
0.09780551988684914,0.16298093652946966,0.11661250501620289,0.08355761393001082,0.09236071715608328,0.1453253371911304,0.07225809526968925,0.08360882701839067,0.14549044800217392
0.07083855802802715,0.12135485607289094,0.2583408470826521,0.10955770509332256,0.08959954235734889,0.06859381627090312,0.08223208157245201,0.08623192916972215,0.1132506643526811
0.12238868380227208,0.11394561344685518,0.07499872934835582,0.1266970346175055,0.12334641902548793,0.11146265355345371,0.09854097024835347,0.12239499746228377,0.10622489849543255
0.11847642662028912,0.10269228742024082,0.05682423759550348,0.1414628813120983,0.11057650268403985,0.16839653523371326,0.09456127215177128,0.10785157873478894,0.09915827824755492
0.11472331331802592,0.10493449579298093,0.15408813654300724,0.1224924562949465,0.10425454436261945,0.09034635360358038,0.0908715289174258,0.11064108854279979,0.10764808262461385
0.07345896050000456,0.12666005240711112,0.22282472978162793,0.11395932325817033,0.08823888522526464,0.06651458165878764,0.1343238362406963,0.07773302504916761,0.09628660587916987
0.1083271904924362,0.10634211713054292,0.1237287416418474,0.09009320337432425,0.12401353449349549,0.13586937221485562,0.09304529119941242,0.11295184425701961,0.10562870519606604
0.11943661541552986,0.11772051793815862,0.08609268393341156,0.13157198652237356,0.12109858169599784,0.10213004694364802,0.08845254984207386,0.12361981554854969,0.10987720216025709
0.07913848300586325,0.11654229427257556,0.1839437743901544,0.12283239237610992,0.09230867160017618,0.06388710120798075,0.13746154807406122,0.0897035516369759,0.1141821834361027
0.11737928866779414,0.11133824841653879,0.09048374662833208,0.12472900784965639,0.12172304857464696,0.11231805507818231,0.09233697586410511,0.12152545613179433,0.10816617278894995
0.10820385988615155,0.10217095045788578,0.09662700074658286,0.11453604721997694,0.11560311496019188,0.13807212732205118,0.1112894509794679,0.11215923882359034,0.10133820960410155
0.1268907142977634,0.11281789697285004,0.05978579344925003,0.1281294946669311,0.12239272432125654,0.1200874636155489,0.10441333369105914,0.12099535259602155,0.10448722638931929
0.08587642454350736,0.11618376904023436,0.1280380794170571,0.14263214486368242,0.09475389847137272,0.07549161686994658,0.1663073673171512,0.09734599434363293,0.09337070513341532
0.1365006374481517,0.1219802719546994,0.04880202633836302,0.13833209952704173,0.1200676022616937,0.10794369581823365,0.097163796638215,0.1221760460465781,0.10703382396702373
0.12503798834199678,0.11887629368390307,0.052879468704833045,0.1350372493313253,0.12624139051237934,0.10528485487422778,0.11479109950705768,0.1224679602863672,0.09938369475790976
0.09934288315336302,0.10293406881489642,0.1574757301191463,0.12278991368978613,0.108468102638355,0.11514928504437609,0.08243585299287931,0.10669359076018703,0.10471057278701074
0.12904447035394404,0.11336395852863829,0.07681546201274199,0.11611170582861373,0.1189835720160793,0.08924344111170834,0.10865358959895381,0.13219424110994055,0.11558955943937993
0.1119585066113314,0.1119620525715845,0.1083580484121146,0.07943695348882185,0.1087960804304231,0.17496037890401941,0.10206865616989162,0.10503488085355446,0.09742444255825905
0.0969272477894479,0.09880942927162754,0.19773690835679827,0.08828485560032306,0.11417387163074384,0.09204826674542847,0.09836288995682961,0.11055824114682121,0.10309828950198004
0.08834233257394529,0.11243762977424539,0.17509465734183394,0.1133463574200811,0.09484290829882625,0.10078051511360414,0.10904322004824185,0.09466756996565188,0.11144480946357016
0.12553868277682154,0.1213043851667137,0.1014062461177407,0.13969599712560757,0.11084512138428863,0.10246378124987095,0.05178870818077629,0.10822692217455689,0.1387301558236237
0.126561300430411,0.12117120131892224,0.057923949965579626,0.13854951289295636,0.12188959323964438,0.10483423661228647,0.09863868518892192,0.1242578064089565,0.10617371394232152
0.10671225085882041,0.10981791976175397,0.06416199924951045,0.14444265506775597,0.1023116461035235,0.08830846145998,0.178091989299044,0.11290095522480365,0.09325212297480812
0.1207865577304833,0.10983761160350398,0.08278643945355157,0.12982884516546148,0.11878861119767774,0.12570438558641608,0.08799311376672536,0.11673845635709608,0.10753597913908441
0.0866391066666312,0.1073253117679931,0.2543945872074664,0.08796294653395488,0.08696668352905623,0.08491957148477276,0.09866968754097112,0.08482775477211636,0.1082943504970379
0.13304440440323173,0.11629803187556492,0.0776215858433853,0.1313321815988466,0.11582918122119112,0.08673024928666027,0.09624766558531328,0.12743289536672486,0.11546380481908187
0.09399351173006866,0.0990819372030906,0.18052256005049994,0.09662006616029928,0.11129040676118797,0.10023663174052828,0.11923335733205882,0.10600257071099578,0.09301895831127062
0.09340538644022552,0.11027734631630691,0.17681018317103483,0.11761110549379276,0.10070376720556545,0.08403827498796353,0.10547585367495095,0.10254846125597672,0.10912962145418333
0.1025893048178869,0.10096615184928197,0.1001228108510102,0.11143588504888062,0.12002434143735358,0.12259107136841112,0.12593499961234925,0.11367953660879722,0.10265589840602929
0.07745820944532623,0.14637801849618778,0.1932584556174813,0.09150340866174624,0.0920607087586805,0.06405735888878424,0.11940383503592693,0.0814570557307559,0.1344229493651109
0.11288006132208907,0.10619665303312674,0.12593505548754289,0.10159266401512251,0.12238008748127648,0.09886036756948684,0.09124597989204879,0.12255499260570442,0.11835413859360233
0.0856165189715611,0.09835086311103036,0.18530979068531137,0.10828824301419555,0.10570854622236697,0.11437411869650595,0.10512693628728859,0.09867209713320384,0.09855288587853628
0.07399669543627053,0.13378552687552794,0.18641783254229535,0.11157538725974682,0.10545274176656656,0.06625475205623038,0.10776507127355371,0.10539462290435868,0.10935736988545013
0.1179524524509082,0.11799609795791131,0.0678807459783294,0.14778220659965888,0.11489748048201347,0.10969370423916573,0.10666439643406893,0.11586683568933864,0.1012660801686054
0.12169974751924578,0.10797933890519584,0.0754893666672445,0.11576436278391249,0.1138302224543245,0.13582074003616937,0.10613592525212168,0.1145606984845513,0.10871959789723451
0.1076277141920156,0.10466384146492869,0.11430759303008727,0.1141292478776097,0.11567951347748706,0.12172814936150138,0.1035735697382932,0.11442781212429672,0.10386255873378043
0.11323449146348569,0.1058183262168859,0.09039530539908537,0.1062498445761751,0.12095168628873214,0.11718705452391294,0.1221426449471751,0.11940455491507633,0.1046160916694714
0.10083744785078826,0.1169456970143008,0.08944018980311798,0.13529839310876024,0.09998708429526963,0.13498287571376955,0.09575297102156081,0.10286456426300979,0.12389077692942298
0.10518756836072858,0.10525511898414402,0.1186998777164951,0.12355977665394706,0.10775072078588276,0.1311257498620192,0.0928776288584437,0.10720134478102948,0.10834221399731021
0.08722236106062597,0.1433193977319568,0.14004564465034755,0.16268379472299674,0.09256115680114568,0.09681142379699603,0.06904718054399778,0.0881772692820632,0.12013177140987026
0.1130164663289076,0.11478899469858883,0.08228856707952423,0.14396875632642073,0.11430890852573243,0.11209856814250492,0.09910822277091201,0.11608321012061514,0.10433830600679411
0.11918156385702122,0.11907779194063582,0.09124248136232065,0.06861524343201818,0.11564492724885006,0.18359329311118375,0.09606569403670968,0.1016371448237392,0.10494186018752145
0.10566018322480207,0.11651897238838667,0.15212722231548884,0.11341486127705967,0.10692991947621185,0.08412176250955476,0.08720770453829592,0.1131406625075183,0.12087871176268201
0.1201099448293134,0.11887891764439422,0.07582994629045182,0.1392261197618354,0.12210926092939998,0.10363089166645341,0.09287976572483408,0.12225094205383785,0.10508421109947987
0.12735437328775287,0.11724179400293537,0.0939276996891354,0.1216811857831906,0.11758175328167851,0.10171822878506757,0.07324729544106788,0.12215457651975337,0.1250930932094184
0.10621958555688897,0.10202717738572688,0.12327174875394475,0.11620117725211702,0.1227043349290808,0.11485354450353726,0.09758837837872432,0.11434902643264862,0.10278502680733138
0.09770027057011832,0.20173092674950388,0.09467612903430338,0.14973032414051,0.0880200795366128,0.06397887545299243,0.09143242168409542,0.09631172359254363,0.11641924923932019
0.06310744907128923,0.19089052016128075,0.17688700640207453,0.09482504866531301,0.09145051088039417,0.06842301191180064,0.08641525719425695,0.09966463464431202,0.12833656106927874
0.10027378372896555,0.10594806269789432,0.15184237819475474,0.13551533446902544,0.10112948963989558,0.13031045133473332,0.06238435568524194,0.09581967214034974,0.11677647210913937
0.1188431199378226,0.11436947081134559,0.0913316875901573,0.13549005296808594,0.11798115021423873,0.11070727555939147,0.08028223415448436,0.11913633551390414,0.11185867325056986
0.11767914202783543,0.10917495347504254,0.07638834019646747,0.13664428910554152,0.11873458909045546,0.13050865094186268,0.09186803073446541,0.11589872400984418,0.10310328041848531
0.12647862789017852,0.1209806904043809,0.04524407403728811,0.13779283853073634,0.12602193574191137,0.10311569624431514,0.12011370215018614,0.12234127140883205,0.09791116359217138
0.12139417249657969,0.11057505141340251,0.10575656046863491,0.10972563504510657,0.12166707098734457,0.10537184814056454,0.08760878368802676,0.12241067004179218,0.11549020771854819
0.10715053538134704,0.12391918601648895,0.0957514462343253,0.09800069734714073,0.09935396057331268,0.10774218542519437,0.15191445875505669,0.10565642595138537,0.11051110431574895
0.1377722411446118,0.12015351763525485,0.05218432508933707,0.13428529423182456,0.1188212063997111,0.11060591298759437,0.09158690665415348,0.12243537807191068,0.11215521778560213
0.12700961145525574,0.11589479933424528,0.08979566533148144,0.11176488752082094,0.11473449399630876,0.10657397179734636,0.08548107894943907,0.12034189747856601,0.1284035941365364
0.0761243114493871,0.170571293366659,0.17167106609179528,0.04887473618297037,0.12050202141178272,0.06478230319320755,0.12444313288182159,0.10409326479718121,0.11893787062519527
0.129202742222614,0.12719720792543296,0.04022850386482316,0.147859945867614,0.11605509170210133,0.09904621600716669,0.12408008336005978,0.11917044196477755,0.09715976708541048
0.0997214303783361,0.10543614058947902,0.16232583360455966,0.10867806199385788,0.10586594072675855,0.1075623986708192,0.08954717883577128,0.10682576305476706,0.1140372521456513
0.11680792899775645,0.09859738368057018,0.04660801612086817,0.1692144322348128,0.1007348841392093,0.1943512155053715,0.08868351929705653,0.09496496846502112,0.09003765155933387
0.080660133879445,0.1207002297551281,0.1774310430744641,0.12646950189442685,0.09333432446047545,0.07041041877036279,0.11855407539900666,0.09478921138337106,0.11765106138332004
0.09315010152723846,0.11023190247093,0.13328046175748087,0.13427443300767603,0.10053969454486524,0.11874777162501021,0.09054166685234727,0.10092498445668313,0.1183089837577689
0.10312813979894626,0.11120042427730481,0.12273703904180966,0.08674654840255946,0.13597358092854642,0.08960024711849544,0.11281752883861058,0.12279714910974819,0.11499934248397915
0.1081092538023679,0.11477321338077494,0.07695788358104251,0.12406284052603601,0.09414180719304531,0.19730131463474232,0.06537755329708843,0.09320003540984696,0.12607609817505563
0.09064878518424428,0.1642237883980669,0.10890631813726102,0.04048265705025747,0.08937437863004732,0.207628576657781,0.0871019776973364,0.083221610770417,0.1284119074745886
0.10593571619224044,0.10438340487272812,0.09313470489314496,0.11535613049405553,0.10659729278008152,0.14793062087500078,0.11126502741654311,0.10784704594069217,0.10755005653551337
0.12551950759612343,0.11335623597750055,0.08850943112054789,0.11662148679832211,0.12112613209163854,0.10863698267162224,0.08760958130157441,0.12312276080318481,0.11549788163948603
0.09174930750873689,0.10022774158779596,0.16468265862929057,0.10558621354027235,0.10464217296510199,0.11843257089029952,0.1139499547453608,0.10152474029447422,0.09920463983866767
0.11045721111753011,0.10775094323008112,0.05745186521392276,0.10367097300188659,0.13918358895116253,0.08741667840806171,0.16193163777560957,0.12391430914628926,0.10822279315545628
0.10473914373487168,0.11075888402360334,0.14939381560744133,0.11400294486865535,0.11593634393234176,0.0912134546579456,0.08302021685599648,0.11103013745970118,0.11990505885944332
0.10608276182198723,0.11032233646806948,0.17052491311603682,0.1093222760676628,0.10534952435632676,0.09816773049930132,0.07453581321283236,0.1041735596732176,0.12152108478456562
0.10615033039686672,0.11676105539708215,0.09132904042998792,0.12435340181218624,0.10860076136734392,0.09260753269986509,0.14293358253945868,0.11468576116883689,0.10257853418837243
0.06266749073659865,0.180012468394915,0.19760120794479122,0.10448257321223668,0.09662653359117422,0.06774793904365893,0.09128986788490638,0.09012095969302834,0.10945095949869049
0.10388929379203088,0.10727177110685755,0.11889691675289978,0.11448682570116464,0.11415368475037273,0.10603663066248864,0.12706549518856106,0.11235466227197281,0.09584471977365183
0.08148594968818007,0.0944466531184373,0.2868823063568689,0.07538125196934956,0.102455688768615,0.07367492423262083,0.07688268143552214,0.09970379416652508,0.10908675026388108
0.10505865070180442,0.10881488176455101,0.0936034972071287,0.13580866659525903,0.1093728303701637,0.12139526451689873,0.11559675577267388,0.11043208589174998,0.09991736717977062
0.0772287692530288,0.09043642274928931,0.2698118413633896,0.11033310678432479,0.08727297668547196,0.0885012566665473,0.0895717193366305,0.08806220826329962,0.09878169889801804
0.09894716101123535,0.0997435177237948,0.07951534798311909,0.17054568582694163,0.09554761191429544,0.18749974766467092,0.07601085335123133,0.09131014344882486,0.10087993107588655
0.08739021035258872,0.08971262047577207,0.2273296236121266,0.12526048405746973,0.0930882196552399,0.10581888370831148,0.08755082807114178,0.09197405366192668,0.09187507640542303
0.06316470269402129,0.1487158252007931,0.2679770389439034,0.10157324687112701,0.08482791557071524,0.06018823836943724,0.08026065509119264,0.0818364206828099,0.11145595657600023
0.11707691484638742,0.11674330276121474,0.0872851333837384,0.13729620449391952,0.12092915469653727,0.104347280264999,0.08866367895131759,0.12129035638474868,0.10636797421713738
0.13240562652703533,0.12921760956129077,0.0999806968204257,0.07924146306953435,0.11026085139625037,0.1069503115478193,0.07092512689854541,0.12545010255014274,0.14556821162895606
0.0831808365010322,0.1243218485335893,0.15780757332606368,0.12723952058793478,0.08921037635657432,0.06264038204381057,0.16433600830483966,0.08461677279510466,0.10664668155105082
0.10237969966695903,0.12135626297293561,0.12183008557095305,0.1296861830618362,0.10545650001910052,0.08172645322290603,0.10521250869973715,0.11087004500613869,0.12148226177943361
0.08942817145674913,0.11585564708446489,0.16722641835422303,0.07960353605096823,0.11088980086802581,0.08891086762629441,0.11933002319266328,0.11080749566982927,0.11794803969678196
0.11328944833463556,0.11538276857292362,0.058776967076486906,0.13995304618993376,0.11252696553939501,0.1099506476829329,0.14144600926317924,0.11460335545476329,0.09407079188574974
0.09820127066406494,0.10540203883206285,0.13987517188552293,0.0974565299463876,0.1093251237029993,0.09706198900761115,0.1429655275911005,0.11051030811846883,0.09920204025178193
0.11800938716671028,0.1152379360589325,0.08666675815332375,0.13995641230038328,0.11943438913739224,0.10978892218399446,0.08501423477367953,0.11899444885726729,0.10689751136831664
0.10340670661136475,0.10377873695779427,0.14493828608022225,0.09611405280683659,0.11738497998648396,0.09873863067750117,0.1034941945584592,0.11740042212318684,0.11474399019815096
0.1034196624763311,0.10971793601012435,0.12974003661693012,0.11977296402030242,0.10968257848017489,0.10118959899818274,0.11081147194116069,0.11176207810704636,0.10390367334974737
0.09867727485858606,0.1012104783398029,0.22744080812035497,0.10612840489680635,0.10647193882610545,0.08962037389898138,0.06051405590255337,0.10116195930510509,0.10877470585170435
0.11770754679168223,0.10732291481136368,0.09315474534236438,0.09185251310810381,0.11994073159479389,0.16136514611290542,0.09049604539179079,0.1118084820416451,0.10635187480535074
0.09855622833598333,0.10750465843501196,0.1604289237385398,0.10116548647220497,0.10585451687011042,0.0996955100787077,0.10382483603244237,0.10842954961272404,0.11454029042427533
0.08154822435267824,0.09535338978788455,0.22970279038803157,0.11686534623683288,0.08743227959181221,0.09875718092223797,0.09498562155105379,0.09167778239052843,0.10367738477894028
0.10380230223752858,0.109169095132345,0.1275311211747628,0.12192514642404144,0.10822582448453849,0.10786150136817302,0.09933247776585624,0.11098551400182555,0.11116701741092881
0.10598112653547524,0.10560279757470616,0.09600084183102046,0.10739656589036917,0.11671738660215587,0.11339642335609905,0.14096916297121095,0.11602390537148333,0.09791178986747968
0.13991596429430486,0.13868802055390347,0.10383704789565779,0.08416340718333327,0.11396857030337441,0.08659966053017204,0.08309388752525144,0.10691457665672761,0.14281886505727504
0.08401052494407374,0.1017600722863302,0.25924841521084313,0.11607620052844496,0.09380862835794063,0.07680240897138046,0.06262263557126431,0.0933518407000055,0.11231927342971704
0.07920750545460614,0.16719708056762247,0.20562347992428479,0.09131789174440204,0.09583062077282371,0.06682078751969608,0.05564182005122986,0.09452487804025433,0.14383593592508062
0.10280274856103795,0.10065549893665549,0.0858072415558575,0.1239809825476807,0.1058099249076682,0.16261995415182492,0.11563460618229383,0.10496524019093277,0.09772380296604859
0.10284033389026638,0.10206290560189829,0.12759127843452112,0.09732703605718018,0.1248117402194054,0.0984547989217231,0.12921365056278358,0.11728182207350855,0.10041643423871342
0.07093733435847217,0.1847183078251923,0.07688067762745905,0.16770394897420063,0.07822574221471575,0.08213787149329102,0.16870618866227885,0.06667327138782504,0.10401665745656517
0.12610276788658611,0.11824298246080843,0.11250443552755877,0.1129795974331491,0.11798319808747165,0.0937597786388648,0.07330438624319238,0.12237594652602625,0.12274690719634258
0.09936154689589984,0.09714299953497758,0.1329945001328452,0.13206837546116132,0.09559155123322256,0.1381563798665682,0.11511477087678469,0.09718576799576288,0.09238410800277774
0.1206638535489361,0.10898451958144373,0.09345537674649995,0.11467101695851604,0.12315883629783664,0.11344435074907112,0.09552595796852596,0.12053276756563928,0.10956332058353117
0.08512796956655029,0.09561333048337702,0.2433082027251844,0.0926219877926594,0.10908440190212058,0.08337077293755342,0.09089493093697838,0.09969639941316856,0.10028200424240803
0.0963047232364549,0.10539894482437699,0.19063364061680388,0.12463044997442159,0.10379541549778243,0.09484861939991496,0.0655576204023495,0.10427982394583406,0.11455076210206167
0.12217912789764718,0.11616960429204957,0.06158358527240871,0.09975845768122328,0.09736954514364939,0.21877021239197203,0.06329421295122524,0.09904659930861826,0.12182865506120633
0.10593819777358426,0.11018423135269022,0.21619405510013767,0.11543808451966076,0.08431858710581856,0.07553556615602572,0.06924105334714332,0.09142447734088148,0.13172574730405803
0.10305169216964578,0.10422097801160073,0.1755849681161322,0.09775699336553627,0.11045474327453221,0.09699762409572643,0.08102699554466618,0.11308611313653232,0.11781989228562782
0.10892322856045515,0.1111682915206282,0.10213942887406585,0.12471454370477693,0.11083102116411671,0.11127899087724052,0.10806882476727109,0.11423522087223277,0.10864044965921282
0.08210356631341552,0.10067858362047898,0.2344957044149564,0.0849593743039468,0.09864426423245032,0.08022173642770869,0.11839494087633697,0.09887471620232186,0.10162711360838454
0.12867118297211508,0.12135921074470786,0.063277326758573,0.13131815541982658,0.11596272952506699,0.103533666120781,0.10241914102295546,0.12127090833667353,0.11218767909930043
0.11779213654643601,0.10830745902279514,0.08320560858497739,0.13324267665362513,0.11656905845705619,0.13266489042973548,0.08480384656576447,0.11528234765789182,0.10813197608171832
0.11831911537392865,0.11934629764209116,0.07520801449020553,0.13651941054629846,0.11649210718125243,0.10253838124366414,0.1052798272552667,0.12024714245152397,0.1060497038157689
0.12717976469747647,0.11342426035172186,0.05633289403547188,0.13391555228883864,0.1209656911584673,0.12249858891140769,0.10263404118013748,0.11977947036294623,0.10326973701353259
0.11704171411663165,0.11102472113458002,0.06909593686032421,0.11891969863379663,0.1209126479626213,0.11445447889778372,0.12797087362890214,0.12029063615841118,0.10028929260694915
0.1262083811953835,0.10995163958313021,0.06749084612300636,0.10703537905130056,0.12854139187326652,0.1069649670720448,0.11772913393528152,0.12555429534183263,0.11052396582475393
0.12029936750930374,0.11607018803062553,0.07607852294094124,0.14263226744275248,0.11979774179653735,0.11193089577066216,0.08792121724258035,0.11936146159454526,0.10590833767205188
0.10848112241487633,0.14787246024421977,0.15846652877902656,0.13472004178920907,0.08945082078961046,0.06234786340734916,0.08162882528776033,0.10200792912315877,0.1150244081647896
0.12470538030267635,0.11173450669707723,0.0793158692089478,0.12498719131295986,0.11985068859351113,0.1195469048782073,0.0889455353422472,0.11981284104643049,0.11110108261794265
0.12265480354176583,0.11335258001874376,0.07190704023314266,0.1249336289244511,0.1161299902124322,0.11880919886497247,0.1078887190978803,0.11787299768650285,0.10645104142010887
0.1174023085095417,0.10672154463037355,0.07224119855272174,0.14317127361172902,0.11437128880303467,0.1469987891543886,0.08620965922619649,0.1107870519396329,0.10209688557238122
0.07553310736557918,0.1518690755688176,0.15152418972289972,0.06860210224319262,0.12530251246731383,0.06549964316619628,0.12799062334044756,0.11273082500420477,0.1209479211213484
0.1133882741258478,0.11102391222638414,0.10836599330219399,0.12040821295980202,0.11620317092990307,0.10895994427296037,0.10077695954251836,0.1159799094929661,0.10489362314742408
0.11809750370357079,0.11977768730855724,0.13279241752786783,0.11377340133806661,0.11103233223856908,0.08714547146915874,0.06550091328587322,0.11496383613637469,0.1369164369919618
0.08450115215178788,0.0952109682452555,0.26961924754699207,0.0834047364993742,0.10507256251377244,0.07858809364033012,0.08338490444277526,0.09753739798556417,0.10268093697414833
0.11445796159213674,0.10784350381096891,0.0832700981751038,0.11085705343539787,0.10791982091854868,0.20125156627260457,0.07123334932002566,0.10279884988994296,0.10036779658527088
0.08411406855824448,0.0927087952662421,0.2496480500961438,0.0821728293432359,0.10643894609042293,0.08709009401664468,0.10143251590804898,0.10114636808015776,0.09524833264085937
0.08750691957850432,0.11011235618572159,0.16257019306434903,0.12695864865625675,0.0977526027395882,0.08592372867067606,0.12971483806576148,0.09697588208698656,0.10248483095215595
0.0695218200654651,0.07948479715670231,0.2562942923791595,0.10805398397235895,0.09118745549370244,0.1319081969036474,0.09202197480225288,0.0880202472478242,0.08350723197888715
0.0783197778345775,0.13454957361761655,0.22457160852230282,0.13152427944407108,0.08623534520556438,0.05715611004287006,0.07697033961571008,0.0828706703357337,0.12780229538155388
0.0913193637264571,0.11412959960564167,0.19968291289051113,0.0874270500908263,0.09400227860496246,0.12322764990592443,0.07224027129633216,0.09228793077626313,0.1256829431030816
0.09519120174084111,0.26948923115100826,0.05367904222521364,0.10165214423635376,0.10611848969038466,0.06005410123209886,0.06530197020975653,0.09137459042816541,0.15713922908617775
0.11226510185456672,0.10900975651345789,0.1118764526652229,0.12417698425810957,0.11040846593274005,0.1221758853201882,0.08002854775359301,0.11172913756786491,0.11832966813425677
0.11321989229323859,0.11894060584641454,0.07310336110995373,0.1465358568799818,0.11052086623183056,0.10197827305761153,0.11710896456391577,0.11409637412632945,0.104495805890724
0.11632485142942817,0.11138022364542094,0.07765261104426571,0.1109381224641453,0.1135417085050296,0.11426415234812924,0.1328278236128369,0.11747629365795587,0.10559421329278823
0.09511069562051327,0.1050904566892138,0.2235362927695672,0.09910261473934882,0.10628038232903309,0.08222392890482837,0.06329299532946726,0.10367165656791817,0.12169097705011002
0.14233837046108275,0.14624326532219875,0.09568255707461355,0.019497479373095532,0.1369699221122738,0.09305205025357192,0.08612739093471629,0.1269584238971113,0.1531305405713361
0.10639963226959592,0.10426325886463796,0.15410223298940942,0.10486971613844842,0.11776433401045333,0.09811393942086623,0.08284772887878443,0.11503195239883839,0.11660720502896588
0.11942592534010421,0.10840332280593527,0.0816892624263426,0.15079606862663078,0.10617376541555264,0.15071556549117873,0.06326509171488746,0.10216599721928839,0.1173650009600798
0.11425438506143452,0.11191420956777287,0.06334034086055254,0.1552810709272588,0.11091679275131505,0.13181293860967858,0.09799781104589846,0.11232057708048564,0.10216187409560351
0.08292573993472264,0.13785145188814044,0.20553869728225574,0.11382977819830879,0.09449048351133715,0.07193939608094418,0.07543432577579359,0.09267524920548205,0.12531487812301542
0.09544881927078348,0.10460632531642593,0.19858781311839913,0.07961492086506108,0.09945969050946125,0.13425111566982673,0.06888409792253103,0.09980028457926526,0.11934693274824608
0.13905084641382903,0.11935603314192172,0.052459181055355464,0.13188306757533172,0.11784519793047014,0.11178611920510373,0.08897935409235058,0.1227964498977906,0.11584375068784698
