0.12834016032635473,0.1169515770307052,0.06573019226089065,0.12089423154941538,0.1165331578424647,0.11104512602476342,0.13252962489011275,0.13588636096222773,0.07208956911306545
0.013641325957619216,0.11898202348885367,0.15272097486397163,0.09259189929995666,0.13170523977572782,0.09961898065188346,0.11513174018999635,0.1830110358954883,0.09259677987650283
0.12359171030868686,0.11213114208212482,0.07033260350761072,0.12031818369987783,0.09439685236675714,0.13805497754664134,0.1164007294166323,0.11435214478051615,0.11042165629115279
0.027208533954296486,0.10952322913055207,0.08391949072723348,0.11638873407530999,0.15633933339360237,0.15003295933045036,0.11346606159093413,0.12524755980419627,0.11787409799342485
0.011152231462619894,0.10284537111943459,0.061350738091641155,0.10412098516274537,0.2980908323916677,0.10218727538553972,0.10635983358811309,0.09796214286965625,0.11593058992858231
0.038718663451716186,0.11654067587585669,0.1594138709679642,0.12078055900657399,0.11663644220213394,0.13197162694545428,0.10888619425112085,0.09977252960028571,0.1072794376988941
0.3448776492674091,0.08213573616368058,0.07244853260571582,0.18682372496312105,0.05826727560870881,0.011327880736108667,0.15616412354413792,0.05396212647070189,0.03399295064041619
0.08556606291901625,0.11222621243282105,0.07476457083995085,0.1252530163994143,0.10256700586492286,0.14526160938421728,0.12142652789544928,0.124424608249689,0.10851038601451922
0.31986237779332594,0.10066372847304685,0.057949941110362425,0.1101184211449046,0.05479048738785373,0.09321231388353979,0.09912433983533393,0.07041382531799693,0.09386456505363579
0.10888397383957342,0.11125983620637847,0.04278931505488021,0.1153482064493705,0.10461465250753232,0.17006690644445674,0.11397694438759319,0.1260177204946824,0.10704244461553275
0.027184970076523558,0.1097105085539498,0.06279666087472295,0.13628319624512727,0.12737650712999196,0.11072907063874839,0.12381994909207776,0.17535350538468342,0.12674563200417485
0.024508858717597105,0.10969715987922639,0.1079058365415785,0.12299041598559106,0.10695227243492463,0.1292998677335521,0.11692190145428442,0.17430368623132972,0.10742000102191612
0.3387952867483907,0.09859356103633758,0.03943176713305007,0.10509329836407648,0.053864718092559605,0.10198318081753777,0.09961384073229514,0.07353760308410077,0.08908674399165191
0.04512200745090137,0.11950754181334089,0.08581841902936323,0.12066667738606257,0.12399338410089855,0.15969949652212256,0.11627238740191732,0.11868651423720201,0.11023357205819151
0.12781883635887162,0.11266000172750013,0.07769937600960068,0.11823774615489437,0.08295217137238504,0.13244469045642907,0.11568255272723572,0.1241422462189069,0.10836237897417644
0.02643181417948551,0.10928380383287241,0.10552342822757389,0.1186156399058133,0.1280621934173859,0.15553497348676518,0.11093687403997264,0.12809314147981313,0.11751813143031808
0.0027769000977263193,0.08938508880952489,0.13772358226419193,0.09128714023752975,0.3256077057210269,0.0504150099324003,0.09888831543980874,0.06666642276445232,0.13724983473333885
0.11627757251701747,0.11596927211577364,0.11482043127890662,0.09924381625141908,0.07119755226798469,0.10999378304444918,0.1151578361534273,0.17919958811477676,0.07814014825624525
0.053896584339591776,0.10386519502062726,0.041269238302297416,0.11267194805197424,0.1555975490132978,0.1619825249796821,0.11029317078217292,0.14555265537947568,0.11487113413088083
0.17518343771362854,0.09066518080781495,0.12834204821204767,0.16483309791178463,0.043768340509667554,0.12036768232923811,0.09944049837318708,0.08078186524815507,0.0966178488944764
0.032667438839321536,0.0880121991027741,0.25877993194576254,0.2699239726570432,0.08967226118448514,0.01788051544236482,0.11389066089602012,0.07182145260435054,0.057351567327877946
0.2708631340549472,0.07864068914321871,0.020596194849898185,0.1030112794659187,0.05222641967563274,0.15437115544187294,0.0865371525910658,0.14125689598254684,0.09249707879489882
0.05153162910668411,0.11726611246377283,0.19013627040106518,0.11855250817083733,0.0610308176585517,0.11889023884147172,0.12032321394562495,0.12915977308385826,0.09310943632813394
0.030539969167720685,0.11883191280915684,0.05621700158199897,0.11597959765953486,0.18087746466674695,0.13439420633719765,0.12135401107257532,0.12600427668666467,0.11580156001840407
0.04276873446026928,0.13235625574479787,0.043095197698194095,0.14293336003609955,0.12535831884269946,0.10644680283907658,0.1513820335227705,0.12727908218298115,0.12838021467311153
0.30023662946046326,0.10285114610710226,0.06036372109739582,0.11197906325573882,0.057614411017761706,0.0974015170518765,0.10091027835534165,0.07304934118642317,0.09559389246789683
0.2651887229492665,0.10737379684234744,0.07237467855669918,0.11356828653380231,0.05558721435336076,0.10866359420215561,0.10379575110723362,0.07931406590324526,0.09413388955188928
0.017589175377199416,0.10347360702192043,0.034970584306997406,0.1102400377821594,0.2802258204068521,0.07011978729421997,0.11635612820896594,0.13967085797199721,0.12735400162968818
0.029084422245012356,0.11664264585649092,0.09626785029068219,0.11607469208124295,0.16199080844751249,0.13581538126298623,0.11693772062710724,0.11421352931321889,0.1129729498757467
0.39543539842952,0.0841265122838105,0.03390758617391618,0.0985109507694311,0.04515901791818642,0.09732807110510393,0.0899890953004114,0.06644130320790238,0.08910206481171812
0.017426382225221096,0.11347031656385413,0.11167050490729767,0.11340506976884313,0.18332539924001864,0.12657744707490345,0.10890880627448858,0.111358074565664,0.11385799937970935
0.0119659174305296,0.10864145648725114,0.07984326605033693,0.10991879307616852,0.20536416076920402,0.12245810716767165,0.1116162540244411,0.12697357805245135,0.12321846694194578
0.19076738258283402,0.11589571869108685,0.04843498848674168,0.11729624872552598,0.0790298143195725,0.1326645011276312,0.11657790929449201,0.10026999856984813,0.09906343820226765
0.1523176762927206,0.11411149488248488,0.08594968810938856,0.11661401185575541,0.09633692881384048,0.10661933573872158,0.1062465256972302,0.10404433048755607,0.1177600081223023
0.23246586740937544,0.11008818572550809,0.060576777357223055,0.11374627321637372,0.06681215096745509,0.11373872304476818,0.1124460029271613,0.09444588352974281,0.09568013582239232
0.030862239418826747,0.13353894778717387,0.12321686755434395,0.12430403208011669,0.10611902828683019,0.12180496782288397,0.1274748686027848,0.1229101609175377,0.10976888752950202
0.05072389651343991,0.11865173159715875,0.07007279325838063,0.1200434211437501,0.1347160313813828,0.1595291415155777,0.11727269867118355,0.1183849378601925,0.11060534805893414
0.08102716917135583,0.11091474711458998,0.0755087893404012,0.11807614273606619,0.09956932596371633,0.17324791835525524,0.11045730188845977,0.11968846211209615,0.11151014331805938
0.05351445848917515,0.10264434292635517,0.05184726174246052,0.12319517145218573,0.14105691716025184,0.15893052045606473,0.11255546915313175,0.13684600708714953,0.11940985153322563
0.00314279832856181,0.08757702802524321,0.2958949996121784,0.2070563047944788,0.12915153123238773,0.020662912560497033,0.09803429107707058,0.07318662718074044,0.08529350718884204
0.09662347504492863,0.1171843661581129,0.05260978751074835,0.1189127258350265,0.11759916931604626,0.15432188202178268,0.11754609096328689,0.11584333671068288,0.10935916643938497
0.031479941186340704,0.11514983999985003,0.12514192169409263,0.12169941398655836,0.1271974819376033,0.1259448158658033,0.12051319479856114,0.12186812865463402,0.11100526187655653
0.07829808507182177,0.11639942678978073,0.07043792387159006,0.11791074681670972,0.11623098066591321,0.14961323077804053,0.11223579546216979,0.12410448539040599,0.11476932515356818
0.040064290670477586,0.10495266305318594,0.06641888623203467,0.11878501559782789,0.16329742107892706,0.1573928181618285,0.10850775541680481,0.11796991266042105,0.12261123712849242
0.36901885992059663,0.09543662917744096,0.051939909714274674,0.10512093423460256,0.04854598778113598,0.08053250872364014,0.09467487443997331,0.06397935425868637,0.09075094174964933
0.019279510550192867,0.12074840234867074,0.11532966126568643,0.11540044685481415,0.15991562062547485,0.10039497911045799,0.11449958856829666,0.1309037651415734,0.12352802553483293
0.438891082780807,0.0844645964882233,0.03636411362448152,0.09755346238754502,0.04002726456180026,0.07391416420625668,0.08729114586092777,0.054968174701372476,0.08652599538858598
0.05785178197647792,0.10690651368476001,0.05276542463811029,0.12323185381839642,0.12118734237373259,0.15595773715172645,0.11896021314103698,0.1502281381602601,0.11291099505549923
0.008110202490112739,0.11907924911930623,0.1758492442939523,0.12870687067481137,0.12126015337067698,0.07731356201728257,0.12138175618894925,0.11495195125693036,0.13334701058797815
0.012985027164337961,0.1085350785660652,0.13397173555966993,0.10690289770575111,0.19369246163738363,0.10553090716082718,0.10555814073308144,0.1120029479564351,0.12082080351644843
0.09529419636181737,0.12206926263421242,0.06709326995271053,0.10595458320335029,0.11661476134390643,0.1348113938130406,0.12784173708378133,0.14671241492387052,0.08360838068331052
0.2735417055138689,0.10517479641141092,0.06364661488893684,0.11460010144395756,0.06116247133122574,0.10566635255271621,0.1031394381771908,0.07631962097715088,0.09674889870354213
0.044018289491214335,0.11800129932450824,0.09575026735602073,0.14115674438516057,0.05692816138220869,0.13636077504511726,0.13098378775369035,0.15895488552854217,0.11784578973353771
0.03622919008351153,0.10981289992725586,0.08122554197859838,0.11918926427249144,0.12984387020205482,0.15546815884802634,0.1129323510814018,0.13525358561244655,0.12004513799421329
0.03767728351382542,0.12673912970224274,0.0800940563024059,0.12106977512044433,0.1521820986168465,0.12936615580052638,0.12417038465016618,0.11686170067394569,0.11183941561959687
0.1405616389264126,0.12330696165946485,0.06687852020552414,0.12313463293185117,0.08973553226037922,0.12866745254967674,0.12073435209569916,0.10314086863762588,0.10384004073336613
0.048681478618275965,0.12466881709606377,0.06160693131870206,0.10495409094441244,0.13719700005561727,0.13719821112395156,0.13190078056929566,0.15635751100636233,0.09743517926731889
0.0036183669722012423,0.08738645630582553,0.03435418705488844,0.10408272601335777,0.3588887699822809,0.04121410893811034,0.11620947623579714,0.09657131165751065,0.15767459684002794
0.07057140747817325,0.12855282392808837,0.0920113863279129,0.12127110574782812,0.07921367138376732,0.12406429150323478,0.12910205408367367,0.14483887802561277,0.11037438152170875
0.14528540426838593,0.10981830581112301,0.047721925053067195,0.114273571518958,0.0893448836749543,0.15346649383551023,0.114550094318358,0.12075343014262163,0.10478589137702173
0.03948481602164241,0.11805781829212321,0.12298400773619171,0.11850976712227433,0.0920959579319528,0.14708165793744116,0.11934519447960555,0.13506288957235857,0.10737789090641026
0.39543539842952,0.0841265122838105,0.03390758617391618,0.0985109507694311,0.04515901791818642,0.09732807110510393,0.0899890953004114,0.06644130320790238,0.08910206481171812
0.018046638812942443,0.1096240316631724,0.1830738699963649,0.1425993440376427,0.06962790277570423,0.1127143688562422,0.11801481309406796,0.13823863488385343,0.10806039588000971
0.007549076466353828,0.08920393264489136,0.027872683933456512,0.10838775702037007,0.3170785802886804,0.03783552718583617,0.11617090223183628,0.13612790963589175,0.1597736305926837
0.024990174810209858,0.11495670603122184,0.0778253525214596,0.09334342785344153,0.14800993152441,0.12877613405997568,0.11777020133588385,0.20101577566273052,0.09331229620066721
0.004903378754371613,0.09510183220825696,0.053672219881275386,0.1554081992594036,0.25948816522005985,0.021641416905890404,0.12525946365764307,0.0858407826933097,0.19868454141978933
0.2011950595939699,0.1161397667843942,0.059049330988755,0.11482882252754067,0.07238198891943905,0.11614760043661661,0.11191284404744929,0.10350766788927157,0.1048369188125637
0.16187724955279703,0.10367388803797128,0.058525944960837316,0.1184390046539517,0.08392373672531069,0.15184874049612546,0.10918076862871241,0.1051590941670054,0.10737157277728866
0.009653890390145017,0.123850851460784,0.06846288464088512,0.11511538907683276,0.18652753689673776,0.077206416745173,0.13796649085431997,0.1423339594366206,0.13888258049850172
0.07052021304916241,0.115228495719857,0.10656080144045305,0.12054262103144103,0.08636564233819077,0.15048712581314302,0.11711856382126566,0.12554415370543695,0.1076323830810501
0.025986816484597764,0.11348181144654562,0.0885913599181663,0.11209952301786914,0.1746715771981809,0.11733347812255897,0.11268420929378743,0.1331027324429939,0.12204849207529993
0.03592207835910501,0.13430184145649524,0.07133521810209556,0.1353527130237826,0.10129765515456779,0.12026206553659409,0.15218409214062098,0.151964559796235,0.09737977643050381
0.03872016256861261,0.09692287936995432,0.033071162046133216,0.16343674410563494,0.09385122847532039,0.07482623667361253,0.10962964861710976,0.2542262350337297,0.13531570310989255
0.006827773847552167,0.1391894521712908,0.21497099420686192,0.1243788122502804,0.10443224281444312,0.046500707180131294,0.15069000818662306,0.10021375343335227,0.11279625590946492
0.10194651768187309,0.11766897562217248,0.09272745777322929,0.12174281705165584,0.10595885598528683,0.13068220626600494,0.11114607473228338,0.10330820119737531,0.11481889369011884
0.05657615734890429,0.11323715667613381,0.0713865298333492,0.1150730608964488,0.12891242222213992,0.13426399825286084,0.11252034790467423,0.1454421445932971,0.12258818227219187
0.010925226352001155,0.12325793139124265,0.07421949721614353,0.11797955103310186,0.20351085277363165,0.1037424633459287,0.12883263859093075,0.11601820969402926,0.12151362960299043
0.008813346549209228,0.11644954254802709,0.1649166039680737,0.16958398055981402,0.10141731281043113,0.07512889304047966,0.13616281266980082,0.11521732435324959,0.11231018350091482
0.39962302566728597,0.09122265579160062,0.06019924680468643,0.1004656693936901,0.03992612347574074,0.07221001729990618,0.08960249087726507,0.059069609112989176,0.0876811615768357
0.34000807005332917,0.10008351302491447,0.0512730958342067,0.10756843809399651,0.05236360459445636,0.08987340107018887,0.09928384744390835,0.0697583155530729,0.08978771433192663
0.32064888329240415,0.09949825252290946,0.06615695190353875,0.10517958772800616,0.04547155189271101,0.10283464871516364,0.09570165089171694,0.07264807348924279,0.09186039956430715
0.10467040417775457,0.1170631776106527,0.08153600941069289,0.1097466919453876,0.09301733111054504,0.13053505750460376,0.12741363774748893,0.14951960647933238,0.0864980840135423
0.074195818631649,0.11129543612009618,0.07687226108536274,0.11813729210156841,0.1040809960984287,0.17207683898621115,0.11067991217173846,0.12026862310131141,0.11239282170363396
0.02888569021625867,0.10967114119198255,0.06892308998210099,0.11345643626710471,0.18146851162397512,0.1525963181467108,0.11275913262860121,0.11761606247245127,0.11462361747081463
0.043144703382167866,0.11778503531205169,0.1266350525832761,0.1170081584816395,0.11540766174935184,0.12923696035794674,0.10966329910679351,0.12354915736466832,0.11756997166210452
0.011399860275233598,0.11286395378167517,0.15961376759172696,0.09337118346471046,0.15643848868204793,0.10766180032834043,0.11244088827326544,0.15672172246078267,0.08948833514221738
0.005457472224868685,0.10541689228083478,0.11411890039447657,0.10262842113991026,0.22749673246416593,0.07860207833973809,0.11129830249174384,0.12158533414904765,0.13339586651521418
0.040804853304386386,0.1159592303809397,0.11190381053545619,0.11294475145509995,0.11544149724845354,0.14235917546003787,0.1226556412157616,0.1406899480570789,0.09724109234278579
0.26594011442204885,0.10346174818725558,0.06503479015882228,0.11200050578294125,0.05758180175173808,0.11955579594067078,0.10035874868636724,0.07841782442744456,0.09764867064271139
0.09583693747430892,0.11125224193213124,0.06517647250591153,0.11892209107583529,0.08945900543866114,0.16594686193486752,0.11694470795363605,0.13029530474277842,0.10616637694186988
0.2768137020319015,0.0998856619564011,0.06629176583791181,0.10691897496030915,0.05330880669020016,0.12130127036742143,0.09522104206932042,0.08134387091440372,0.0989149051721308
0.41324925252631517,0.09389089061359661,0.04064088421953858,0.0989800258408269,0.045080514824974945,0.06657702833811077,0.09391812298572196,0.06315956077126582,0.08450371987964923
0.02817871467440376,0.11246933942174214,0.15479417542765184,0.11542387554977314,0.11310879095597087,0.12299964097919559,0.1110414335957401,0.12674084395993865,0.11524318543558383
0.005457291992638456,0.10978766287395582,0.06939329693993798,0.1164978366482687,0.22943346477127688,0.07311015866764883,0.12379845261867344,0.124954335060021,0.14756750042757893
0.13933544519250696,0.11487175186904507,0.07863143387239312,0.11796935800329562,0.07529018668854022,0.15089226365958197,0.11020282996757282,0.10604695075092786,0.1067597799961364
0.02988082916063538,0.1144450481946296,0.06941273976917084,0.11661140442956146,0.13891295506927567,0.1455529970879841,0.12139954045563008,0.1476780837720528,0.11610640206106
0.004972837431544921,0.09585475223628714,0.17139890051801007,0.11441873056624711,0.1991504475086694,0.08825273888690495,0.10117044660792385,0.09586796231480034,0.12891318392961226
0.05242125204575063,0.11667610671192609,0.13293857308207468,0.11845780897248788,0.08867147842905194,0.15224421746964548,0.11320208609907734,0.11816039309245463,0.1072280840975313
0.07369920094197566,0.11831846494207164,0.07513705192066279,0.12294482260794555,0.1278905918495267,0.15060857174026468,0.11599566001374433,0.10522425090019659,0.11018138508361201
0.019855750874353793,0.11981623964185721,0.10546134707246729,0.09856011602008401,0.1608108427637269,0.116531122991205,0.11780329804420897,0.1642846026921843,0.0968766798999126
0.047224469180299204,0.11703327296640553,0.09944424250199106,0.12012036901311378,0.1274435612404616,0.15618108669161976,0.11197686066497999,0.110097508092335,0.11047862964879408
0.01699701084117362,0.11408781585878368,0.06562441655592065,0.11721539434283997,0.19722078357044248,0.12125274652975722,0.11715209151695537,0.12958031556543168,0.1208694252186953
0.044085247082289836,0.11902974239532466,0.0888309281222287,0.10175217592838968,0.14567337872791222,0.1288234111997156,0.12185916400097659,0.16220360753498533,0.08774234500817733
0.23872861227535394,0.11145432051783473,0.06859046849397323,0.10440475264336425,0.0718928428048119,0.09814499805136717,0.11460991934922121,0.11551964941169453,0.07665443645237906
0.02295291656699462,0.09648990121810447,0.042785765773563716,0.1411828520760722,0.1812931552698492,0.10950843716169194,0.11218007879196261,0.1532968273897539,0.14031006575200736
0.089799010791015,0.11656870135474418,0.07787139145317389,0.12390030271599999,0.11879773399261206,0.14960834427204264,0.11386616067069782,0.09958116201411159,0.11000719273560289
0.14997521743388198,0.10998474247791123,0.06568813212023979,0.11923416085966444,0.08597727366869445,0.13261418303832462,0.11528168838558041,0.11303936775534666,0.10820523426035648
0.011598840902053908,0.10640589683658296,0.049948378784822944,0.10889171247802866,0.23637469346574794,0.08997715020689256,0.11647721051863151,0.14533015275507233,0.13499596405216718
0.04088605986212445,0.12522944964656313,0.06984703198991284,0.1244061436231918,0.12017185218751984,0.12803217313662754,0.1255168575075308,0.14315014827019398,0.1227602837763357
0.013663563181256043,0.11848414773613551,0.1110048235797856,0.11252782282920092,0.1938670418235928,0.11352523859162168,0.11494405381558996,0.10916673884824717,0.11281656959457027
0.02812732854461843,0.10749580350975003,0.0852902085434189,0.1593714571127869,0.11276759747944846,0.10846159266760651,0.12219077879879876,0.14966607889074296,0.1266291544528291
0.10452047727981768,0.12107782943329602,0.07408862598157583,0.12106268800598859,0.09687640822577365,0.13979918345805512,0.12254809205811135,0.11497092481911325,0.1050557707382684
0.08497355324659757,0.09949987022002359,0.0385007899203923,0.11883412025994662,0.09895534774296529,0.1710664880126976,0.10880692461872143,0.16578353760050069,0.1135793683781549
0.2918198137911246,0.0998556622595585,0.08327564746434453,0.10886890397488481,0.04523624331856143,0.11046543919162989,0.1013533845059595,0.07766164965039384,0.08146325584354276
0.09171524242055135,0.12887515856006782,0.07125373995607646,0.12403034603305656,0.11064944964278182,0.12493048817117708,0.1252518382794137,0.11314966851700947,0.11014406841986579
0.060010724906767655,0.10867110053940886,0.06362863481773125,0.11901458949733194,0.11947709119172438,0.16488496395453553,0.11372703036254761,0.1347068007952781,0.11587906393467477
0.14997521743388198,0.10998474247791123,0.06568813212023979,0.11923416085966444,0.08597727366869445,0.13261418303832462,0.11528168838558041,0.11303936775534666,0.10820523426035648
0.3589321511770012,0.09562031961084833,0.08338361834043374,0.10510819095230861,0.04125928082341581,0.07477913897047224,0.09358175441711708,0.06146366466662192,0.08587188104178108
0.036105017393290396,0.09903458061673676,0.03912433127383486,0.1344079973583097,0.17021861345883219,0.1161077412066807,0.11080830886087593,0.1590083533016774,0.135185056529762
0.1730832535666301,0.09044810964906541,0.021657933695895023,0.11253017755646633,0.08651628614351892,0.12582696365497867,0.10495726461610767,0.18460728927883066,0.10037272183850722
0.01997144368960459,0.10789274490767965,0.0868047828504806,0.12576603511178944,0.14597894257172558,0.1014758745395561,0.11240359864956391,0.15747171786358174,0.1422348598160185
0.011870133166828506,0.1256098842828048,0.07187800727666714,0.1214281251664373,0.18890364918414107,0.09528664017652311,0.1312341409187941,0.12427822841196208,0.12951119141584197
0.018990956798773564,0.12369630371513984,0.12053954240457809,0.1262262076933565,0.12369551492831986,0.10220601134033351,0.13698282673920817,0.14287725161162587,0.10478538476866456
0.07105888995593358,0.11401710657191073,0.11670106200533746,0.1210076916771745,0.08826295780045922,0.14344523827995698,0.11478383554708645,0.12019492504120795,0.11052829312093314
0.17593284174622328,0.11372099197459472,0.08054078190546031,0.11824124959332488,0.06416004757299067,0.14358068892775,0.10952761338460366,0.09548514608986791,0.09881063880518463
0.24909760248282997,0.10988151445874517,0.05493915394795723,0.11178721237010314,0.0641965623774975,0.1103659289100648,0.11328936019443715,0.09431828898556373,0.09212437627280123
0.011303791326943001,0.11899249687615628,0.25823111166008533,0.11118454600879046,0.07315283465007226,0.07571240873552877,0.11887707732262909,0.1321694805738559,0.10037625284593887
0.12830443194407395,0.09874272609673673,0.04056575839795831,0.11476451528211938,0.0892102308757385,0.16988531229320836,0.10580449323675016,0.14238883645720835,0.11033369541620636
0.028195733442523522,0.12000598565598634,0.11594759797281745,0.1018941520074918,0.14492394050338742,0.13139035948659675,0.11643540361399363,0.15017079184792279,0.09103603546928025
0.03203729891021592,0.11702556219659853,0.12614640494735507,0.11890896856150796,0.13841113423394458,0.14093310044975707,0.11082129150561774,0.10602713751159909,0.109689101683404
0.02856145429604487,0.10248301668346134,0.06228599798833997,0.10392115695570618,0.18039012449637423,0.11437688448628425,0.10518262017427571,0.18039784438851525,0.12240090053099818
0.018832950926311227,0.10136972097584059,0.06331701676357311,0.14132450558440987,0.17745827939790323,0.11320946303799646,0.11559034298545827,0.13323634509661755,0.13566137523188967
0.08584774849931372,0.12360247017302396,0.08247047466761227,0.12652838401533978,0.10459487615589774,0.14663261577196066,0.12226217372768249,0.10639184928436536,0.10166940770480404
0.15589326253281363,0.10385517602312348,0.04826413881945211,0.11422713875336461,0.09624487342659978,0.1576641625678418,0.10643958889061624,0.10707099555904503,0.11034066342714326
0.28653064550505586,0.10373181608461503,0.044579728999341456,0.1099387214248438,0.061121036898014375,0.11609120208059802,0.10407912985176161,0.08102563844577663,0.09290208070999317
0.0615565591854818,0.11472531036286478,0.03792854526279918,0.11616143922927412,0.15231894026982098,0.1334112619461114,0.1223154145556385,0.14410788398258775,0.11747464520542145
0.05709677003514487,0.12508517078157755,0.08151715185029047,0.12385663721189404,0.1299383601133284,0.13943267756107636,0.12219469252846372,0.11171494781839586,0.10916359209982873
