0.11116569585753666,0.05417296907906202,0.14787701023949637,0.19343505703661176,0.09625059492173411,0.09571734552734158,0.11251249709710198,0.10352346843428477,0.08534536180683076
0.10155958352963505,0.24584960219087396,0.0388647657943695,0.24174964502137805,0.05187523403885696,0.1240830269115546,0.08133305662806349,0.04643050151353347,0.06825458437173489
0.1538404732362734,0.09388978928265605,0.08318658052833648,0.050306914611240566,0.09053795680107789,0.12716200991380863,0.12620983160202606,0.1611236711805005,0.11374277284408053
0.1518674690179956,0.10184927719291637,0.03654334253954825,0.17830476017285957,0.1021080208157316,0.1307866427280772,0.13519877982842,0.12392896403650566,0.039412743667945775
0.1019159983891923,0.11649833259003195,0.07055351094931979,0.21061744380141686,0.12002461995180656,0.09275103007528429,0.11184254043138607,0.08751883540050431,0.08827768841105776
0.08971526437562556,0.06589042080353265,0.20158081279459705,0.14393554664807032,0.15878582392669202,0.08812855072430824,0.11928373918549512,0.09900091996811379,0.033678921573565154
0.10540623161871909,0.09169451897215247,0.20440205009834544,0.13783879859558976,0.06659512942169069,0.10548346534557264,0.12554194839260122,0.08780716563981077,0.07523069191551786
0.10634573569341181,0.09955981364288341,0.2303115827547391,0.12273241878429629,0.05706663453358568,0.1309458972210903,0.12239062736706925,0.09341381122880925,0.037233478774114925
0.1086487749678527,0.05879039647714392,0.08257518683243463,0.12811558645037688,0.09870535096891432,0.15845146192535575,0.12800891701598285,0.18822654183159224,0.04847778353034671
0.11678736774581659,0.09106478424679094,0.06248449202947611,0.18600946040565494,0.07732125116195508,0.12757591416576783,0.1302914458758669,0.13756476366825854,0.0709005207004131
0.1250916361162767,0.0858530205086931,0.03661702974927994,0.1791908422967791,0.06574105816669581,0.10173621713030497,0.11743423130121028,0.26526851920992883,0.023067445520831332
0.11044372778735391,0.10584430417691694,0.057533264226227225,0.25461811320775435,0.08542144357671184,0.08656601589613926,0.11980030965676096,0.10988319558057404,0.06988962589156152
0.09856056060576024,0.09419577031366254,0.08655252396619685,0.13942372976394032,0.10899850208376499,0.09492390823501005,0.1426361450676982,0.12690573373031336,0.10780312623365344
0.0858942173989138,0.12539423923191997,0.20200945554573782,0.13183097703328386,0.0712465611553035,0.09874412701206309,0.10294316507704294,0.1366910877562825,0.045246169789452374
0.11282533007503821,0.13032090476468514,0.09942867370326175,0.20104071177747254,0.05990704210309946,0.1036763498566317,0.12425636830115143,0.12707307820887245,0.04147154120978739
0.09470408632811422,0.10296223355838496,0.18076536931153664,0.18794206801376978,0.07516296540991999,0.10004512712405988,0.11071577334840878,0.09760616617465918,0.05009621073114656
0.07989031813028678,0.10488580394937563,0.05668463039599994,0.07469365946545305,0.14841545345535187,0.1141263279026715,0.10405806818361468,0.09855385515244115,0.21869188336480538
0.08549432277874576,0.14663355319269755,0.11012546616980734,0.27406823903585636,0.08305730821584238,0.08782272328999308,0.1081131671760517,0.07317712227569645,0.031508097865309476
0.08741357017980123,0.052418913143255697,0.03976624675476525,0.12660658815908718,0.07620600118053482,0.09494860711996717,0.10696358373557861,0.11610521153547586,0.2995712781915343
0.15363725779053886,0.10602661763424515,0.19167907547692567,0.10661939195998447,0.07098801108893872,0.08636914625822455,0.1429449449485469,0.10690568945432523,0.03482986538827051
0.06814145556480024,0.06364898802774531,0.2839152520233204,0.04245676664662437,0.2748330009481322,0.05493428283928703,0.08704485562436141,0.047762101263023715,0.07726329706270535
0.10193184042181587,0.1438359129075574,0.13723630305967252,0.12650891358628466,0.060114456014270505,0.11854428759919407,0.12196341206987622,0.15923205593894205,0.030632818402386755
0.11044196433826148,0.13962198112649776,0.06457695519615374,0.24209228699457355,0.07499311266905356,0.08349778526403084,0.12333445068602274,0.10577716584173967,0.055664297883666614
0.09631287467967546,0.0784411452776181,0.10296406233751833,0.27298437279888593,0.106626035764727,0.0801782108368652,0.12105736787112094,0.09209172388188926,0.049344206551699764
0.108851600084147,0.06616694070344194,0.046284834257863526,0.24375365022760356,0.06501574700265329,0.10859238601655034,0.11717597019317878,0.12777761135006133,0.11638126016450016
0.11772291416828264,0.1113679871859507,0.41775762851314013,0.06367961234665107,0.04376270116915674,0.06632333391018645,0.09170271647110333,0.07581506583057222,0.011868040404956802
0.12156196945359832,0.1370631368125932,0.11265048680834054,0.12146684255939255,0.09754108195617124,0.09670623819228617,0.12327903425032898,0.1344328470000409,0.05529836296724803
0.10343265956366188,0.12444798049419376,0.09715056710280694,0.1209019470792782,0.10502300619219074,0.09751951996146109,0.12086542182541603,0.19607655975866223,0.03458233802232929
0.09502850061843456,0.19564966866192127,0.14746200572481707,0.18855831375423596,0.0629688386468477,0.08975034127265664,0.1060515298327706,0.09591113082873941,0.01861967065957672
0.10398801492068162,0.10176021071452061,0.19560811235146194,0.1576543732397467,0.11092907422361682,0.053034573814378504,0.09202583971990086,0.0852518792098167,0.09974792180587622
0.13134775711702182,0.1330362205849549,0.06967417734128678,0.16366799314306077,0.068740659638037,0.16583508494829766,0.11968350643159087,0.08977273817538772,0.058241862620362454
0.1294086814192588,0.09444513114879215,0.11106598587132109,0.08952387245880966,0.12009653485147818,0.10415940079036116,0.11891404688850414,0.20909535881129426,0.023290987760180588
0.09895029427208006,0.17954996928353584,0.06659663173320518,0.11577370216989065,0.12761724711037922,0.11262008414847473,0.12449047125405938,0.1278990909037555,0.046502509124619396
0.10819344100942639,0.09767380247541775,0.09591056431434279,0.18811161020116116,0.06326177409533744,0.07038960917736793,0.10902607492142481,0.1226530035542121,0.1447801202513096
0.08382418364241201,0.08435974466461572,0.07870369737893061,0.26247562290942633,0.06727368059513648,0.07114389503968283,0.11211843183741192,0.10390711566232232,0.13619362827006182
0.10341082901306724,0.14189565328184603,0.07511688464717095,0.22486500624728112,0.10119631774290234,0.08934244252237333,0.12078414770094814,0.07154661180245758,0.07184210704195333
0.10666503163237352,0.08943511339900896,0.15937850740991447,0.10861194360982396,0.09111374466291805,0.10894653646970555,0.11672190309832085,0.18407263028027,0.035054589437664596
0.11336573278437985,0.0770174228402474,0.07113974304029212,0.09188069029568924,0.1199285947136739,0.14157659755718677,0.12708624951301623,0.1501996402598366,0.10780532899567781
0.10576339317759102,0.09287461981896471,0.13168603556655775,0.15572948365225212,0.06249599671158696,0.06935201281330368,0.10935160007404666,0.06720642601929795,0.20554043216639925
0.11463364178679118,0.07326491491695701,0.08595550531876478,0.20146025511196244,0.08002696861903728,0.1431718452542896,0.11505880343147984,0.1477637138323542,0.038664351728363695
0.10164080331112324,0.16906609500108596,0.1416874548838484,0.18168771118132865,0.04870178476419101,0.08821341366468356,0.11204238645329335,0.12836146335051057,0.028598887389935063
0.10368573771278312,0.13739815529586752,0.08980148549802337,0.13316544213348905,0.03985988528187507,0.07230619520647133,0.12022700631949979,0.14574548186743347,0.1578106106845573
0.10450235908563177,0.17247308137617665,0.12469396811019835,0.1519170947261617,0.05716797007658775,0.08096802803481157,0.10506320621601335,0.09173225194531442,0.11148204042910448
0.08870567222748083,0.10747950232473784,0.09069023864485964,0.15543586582255217,0.06595488318326169,0.07888564676762377,0.10745754930820067,0.21681065060285867,0.08857999111842481
0.12038917380288094,0.10660912699262513,0.0950879257198599,0.14665311240868992,0.07318956722196308,0.10982456298529915,0.1250413231768184,0.16156139654933274,0.06164381114253065
0.09693202882897882,0.11342552769312382,0.032496301994045046,0.12298123003736473,0.12308697094976158,0.10465544086555863,0.11721253456723724,0.21174961435074743,0.07746035071318268
0.12557240496594638,0.1287323764836765,0.04842549693125963,0.11989056418753674,0.07192193916192742,0.12248565103823221,0.14189180664839082,0.15136556910845986,0.08971419147457045
0.10328083542390233,0.06733837433868618,0.14550901359271362,0.06370239133513883,0.18716078035261566,0.08550840515406925,0.10485501429139132,0.19183677507495758,0.05080841043652525
0.10421565015642655,0.06374628164099137,0.22868637442867457,0.057079944782134545,0.0617426713436366,0.15196811811503855,0.13069856303020802,0.18074777765549124,0.021114618847398504
0.09119931813565345,0.15861310283707408,0.1446765679388777,0.18036290191682336,0.09320646879529854,0.06564003838064421,0.11329783702193948,0.06128633812638715,0.091717426847302
0.09109926591719912,0.06906114465200504,0.1825106660778939,0.21902040925642774,0.0566824332025668,0.08729361453838619,0.10375670211253359,0.16793694841199316,0.022638815830994464
0.10126477781470045,0.13527757541310972,0.07022973721712585,0.2222757627935039,0.07998074707802229,0.10398215563828996,0.11524426036184528,0.12320286824603817,0.0485421154373644
0.09861297658917018,0.14943689073985914,0.14175004621963458,0.14229715964719247,0.07661010870475055,0.08909373094064556,0.10869954859402098,0.0929153126982483,0.10058422586647826
0.10030664175207031,0.13414688938381222,0.06481331546970047,0.2051346592952271,0.10632228715389012,0.07465282533808415,0.11430016137132815,0.07306482756147709,0.1272583926744105
0.12675291358088706,0.2230606719680965,0.054602874684230605,0.08638035125309436,0.08616473586900324,0.1238882027278061,0.1259565310808699,0.15767173702544293,0.01552198181056933
0.1505326436305546,0.05374832985341912,0.08341136427230154,0.10601096400319727,0.1495885854336697,0.1042998749158981,0.12593431329540586,0.123213014392851,0.10326091020270278
0.10509271050439,0.14812991974264778,0.10115217796795274,0.08158893859059109,0.09818064974329299,0.18947640962741352,0.11053476993609045,0.0776914112591972,0.08815301262842429
0.09623720739513848,0.0673193310600998,0.05061846965928902,0.1270878012362362,0.14169442952694655,0.12055706114496588,0.1001200128630033,0.18263781145931132,0.11372787565500946
0.11627785579648235,0.11802621496896744,0.07190150140980948,0.10166325946797239,0.1224068334955412,0.12899860474981154,0.14523236719442015,0.11576997607365547,0.07972338684334006
0.1216771741794009,0.08427692302099661,0.3011199301209781,0.08757722889493642,0.09210955282987514,0.0855184057249767,0.11156910598603649,0.08673401995742014,0.02941765928537945
0.10667277490828096,0.09187541374324315,0.07816765691188231,0.16268071134313825,0.0926215870428312,0.07410067773616395,0.11778695103112229,0.19819367602766969,0.07790055125566818
0.1274818102842358,0.11180306808753794,0.14549331760768167,0.22919620318925174,0.039948144696652685,0.0894117011819167,0.11672135389134101,0.08977064062601757,0.050173760435364846
0.12196237868245523,0.1921250600944359,0.04272210489458372,0.2144680502765686,0.0721592561869492,0.13577641309135632,0.11559350764073678,0.06888278432303648,0.036310444809877815
0.13231915912143052,0.15583126304921077,0.19365462906159145,0.13999558698065767,0.06292599275318538,0.06601735646018787,0.10616340636959831,0.0823846958910744,0.060707910313063614
0.1098298112528036,0.22115866028827288,0.07125302712794274,0.1199987188652204,0.056303010746246766,0.09602874370671377,0.111037789708623,0.15959856144294052,0.054791676861236406
0.09307874059931846,0.12695715826636408,0.21303070746428418,0.09088750169943771,0.07915029268969323,0.11928939370204904,0.12219153824012456,0.10718481573930823,0.048229851599420566
0.11936237581701327,0.1446359553424081,0.04745598027288576,0.11586108283242873,0.08537555742886777,0.10313272634763661,0.13004910515417958,0.15931157218074618,0.09481564462383403
0.09926811577534565,0.10269420013872212,0.1971945735123246,0.10059084100772563,0.07031586967600877,0.12108528422684378,0.12624101595509474,0.10369990207996764,0.07891019762796707
0.10280030833104302,0.13711772443426165,0.10029582889326606,0.24180349194488623,0.05395828422054467,0.08443059559782662,0.11278556715475108,0.11309679900921299,0.05371140041420758
0.12029876506167153,0.10689986965305127,0.11072913972967446,0.13225997189252658,0.0485604548065009,0.09956803461126935,0.09455878527658733,0.2500807302837877,0.03704424868493089
0.10212670244770544,0.10800963128021425,0.047279725373497984,0.26292987301533205,0.05799806249232307,0.09516215040504061,0.10887201142642382,0.13830310620705458,0.07931873735240806
0.10076612651344084,0.07574845933671885,0.14252876054164673,0.2569216280792969,0.06112058489300012,0.10127941483044371,0.11401444918341787,0.10091911489010241,0.046701461731932604
0.0747993265534727,0.061216032964274435,0.1985050572915685,0.2183455296401198,0.14232172131059564,0.06503266585077039,0.10335412467266054,0.04846458247712829,0.08796095923940962
0.1001747713945003,0.1061041057302999,0.06505078177512004,0.29798238737995203,0.06726945510060411,0.10531868066893892,0.11598879887103224,0.09960893008014764,0.04250208899940471
0.09103260927085179,0.10190600619760153,0.10486096375174586,0.1542788811492076,0.07406213866664325,0.10369149404695573,0.10991250080924657,0.17250745485030408,0.08774795125744357
0.10347699912554603,0.17282065633839147,0.05404725809817976,0.15348632140125987,0.11892750443151782,0.08128729536251635,0.11752890423511546,0.1012834813199875,0.09714157968748567
0.1200908147601887,0.076961414483669,0.08070847112769643,0.2475254722845001,0.05708712676947884,0.14875310133651107,0.11817284479536216,0.13145390740593535,0.0192468470366584
0.11013700716985231,0.06364993657728701,0.250499035787412,0.1378583659217956,0.14426889208084273,0.07574943925533821,0.0985579476429931,0.07987959747027704,0.039399778094202066
0.07825584992481079,0.10564943460134234,0.28506446502622035,0.05177616405153873,0.12443212386078169,0.05245919537424364,0.08576398490722986,0.08095574559308781,0.13564303666074481
0.09933349317041262,0.11850606774011659,0.07743284129500984,0.2665134748306782,0.06228451483325632,0.07417554370712805,0.1053145671601977,0.09151537338642983,0.10492412387677086
0.07959826890358045,0.08452528012048488,0.35885069965935434,0.1553979082690111,0.04353666347183932,0.10170683844743496,0.0901597620655974,0.051116959214671444,0.035107619848025996
0.12365312439240987,0.14134327169761507,0.11491863780953245,0.11353336258472273,0.12928745010104278,0.10168923021491794,0.13692655857571576,0.10399303763127189,0.03465532699277137
0.1055190171582067,0.11679635011713037,0.07469695704588245,0.2533482712424377,0.08081534402679114,0.08195297684091132,0.11509721870142044,0.13123912433350685,0.04053474053371304
0.14346373941469395,0.14243388092106715,0.0920957234188287,0.07597664693070762,0.11780513553624734,0.1352480646039768,0.1282285553117023,0.1328133591144994,0.03193489474827677
0.13470444021354303,0.12492906390138549,0.0530804700953059,0.08380443582904329,0.08646802980580515,0.13891775847399082,0.12942427268129894,0.1247920810769201,0.12387944792270732
0.11635164842362607,0.10090889868856935,0.11009027770200587,0.17639332814872496,0.06806794138865864,0.08038860621035107,0.1371587646365414,0.16603839952446597,0.04460213527705661
0.0865361827979216,0.08874801884977297,0.05621150943444055,0.37028291340487157,0.05692676863840703,0.0665346827354119,0.09233337176468293,0.10283893436777931,0.07958761800671214
0.11212055346012136,0.1337685005814466,0.062028389188781285,0.06142432663178713,0.053757769576076024,0.10176363325622818,0.12897294526758193,0.20421319472992883,0.14195068730804863
0.10230984235618211,0.24310891718533587,0.05888476263207828,0.1454238874268086,0.08053104655759626,0.10566934800746967,0.11118050145619206,0.09939384034015457,0.053497854038182545
0.11824989284141241,0.0914970100569868,0.15768729901581316,0.1060735448864233,0.10998418394393304,0.10183574898334746,0.12252460412036881,0.11253738357437386,0.07961033257734122
0.11731321893285714,0.07390558565918455,0.033370685923654386,0.19865168793598645,0.06902286655554803,0.09117349137523752,0.12874378547985052,0.1272328306942254,0.16058584744345597
0.0924561271730272,0.20767048995362472,0.036801378583088726,0.12394867263455682,0.058982926718011926,0.10696864575625642,0.10400267886242835,0.17019958246205105,0.0989694978569547
0.12262025419839939,0.1509171956403141,0.016266347822157228,0.08864502426477076,0.20383202327890296,0.10409615568072249,0.11515005658050072,0.11939778747396852,0.07907515506026377
0.12388536096136464,0.14890530865310855,0.05917242680632042,0.17696064997297478,0.0683053369830496,0.11242632175180352,0.12918264615297612,0.0949013185387939,0.08626063017960854
0.11069132548261802,0.18113773602260708,0.04710319144908157,0.07795317337923505,0.0576695228639359,0.12810460725027975,0.11484817478207127,0.2258908787224265,0.05660139004774486
0.10009934145302164,0.09670214026822765,0.17358357470671648,0.10860378976830593,0.06476451680904134,0.18236218551911096,0.11007087535157656,0.06997796908273148,0.09383560704126792
0.10048692275951836,0.11169387719986053,0.11890143978901262,0.19116138268083305,0.09581659940824387,0.08938916900908718,0.11127989499314073,0.09537396653793283,0.08589674762237086
0.1624052290119788,0.0980920281521497,0.048223212411343974,0.11666222759814489,0.1773659536168286,0.08040354362225782,0.10702994582155885,0.10598773741002206,0.10383012235571526
0.10279487562556737,0.08780604562300036,0.032792571728822696,0.2588688571819327,0.08678796187888345,0.09953410907524081,0.10751641554542285,0.1175482057775477,0.10635095756358204
0.10385581467095321,0.12694344821060996,0.11790578198712004,0.2082024560365404,0.06548341308629248,0.07496884710635084,0.1135828213313916,0.09794482031408987,0.0911125972566516
0.08510073689492781,0.1315117698521905,0.04334864492869781,0.11236119807151929,0.04647032535466797,0.07054034272051525,0.1044777369726183,0.10420745143884225,0.3019817937660208
0.13638797114617726,0.07063237154929249,0.08735016461909546,0.23558317056246425,0.08384025895444243,0.08613026495037818,0.11997648260739897,0.15646694375139814,0.023632371859352796
0.12020192681278752,0.08768486709555645,0.12808862280376768,0.10285409136321712,0.06527591048917812,0.13505006518614812,0.11478142691609794,0.18318760033651035,0.06287548899673673
0.10928291555355442,0.15034669748904536,0.07129321317990649,0.17314687565582795,0.06450309939636811,0.07923946718058027,0.12690121886405872,0.17112737231250194,0.054159140368156694
0.11464524130044164,0.18695297879523567,0.04668775296961858,0.10514928519017087,0.09497561237885081,0.12330129886896253,0.11128354871379104,0.1939453236884073,0.023058958094521534
0.10235360871152821,0.14042393044306464,0.10039743030573213,0.19356306113587327,0.06073066373772742,0.12456651293927086,0.10203652808260766,0.08192059946115078,0.0940076651830451
0.09168798352455622,0.0849468216148923,0.09642889868022379,0.24682995722262993,0.05945395203900409,0.11948225164309012,0.12335488116614396,0.11386722895342405,0.06394802515603555
0.10128114750040951,0.07307572752485651,0.06728933545749029,0.09976173060039606,0.10324080888288972,0.1134072797082266,0.13462285314553124,0.14754760147478838,0.15977351570541168
0.10454431198177433,0.08740526554801048,0.051636059783587596,0.30406654930347016,0.06857320430619344,0.0974045603163441,0.11889170177472191,0.09885754107635762,0.06862080590954028
0.10229675089799761,0.08120475830210046,0.14976700488913572,0.1708025827783095,0.06837666587306974,0.09709013206488488,0.12337971294139453,0.18481764559372205,0.02226474665938556
0.11751147692570933,0.10556598659563605,0.06048044013761053,0.18045563622305513,0.06082381918554775,0.1169029669193542,0.11034910563045237,0.11675178989479866,0.13115877848783594
0.08879175453973992,0.09093751932382489,0.19233434305510433,0.16979312503989483,0.0745960576737444,0.06463153332747736,0.1042129972975656,0.1092034433855752,0.10549922635707364
0.09317587690276548,0.07206365961070897,0.040367084329512436,0.14721081088116472,0.10305720841559823,0.08875944131941364,0.1414449873762835,0.15535509463292363,0.15856583653162937
0.08128204294471651,0.11323871055974259,0.3649640565701715,0.08796786102402597,0.12332533451041165,0.050772302500491286,0.08188160445048176,0.07572490356722598,0.020843183872732856
0.08278440309516763,0.09120759440932145,0.06372417429637416,0.23619512872563694,0.08712397376977767,0.07686019809995505,0.08987759927231594,0.09027353797127262,0.18195339036017857
0.09513778433082935,0.11085652851526147,0.04298680694882903,0.03505323156953998,0.2152439937238991,0.07147015876210634,0.0970026336055325,0.08892407552452826,0.243324787019474
0.10713277045104279,0.25095249489313176,0.0547151409908651,0.2517539748733942,0.061790521783790346,0.07963507742488789,0.09756645013694205,0.06656793081714288,0.029885638628803002
0.11455795110299784,0.12179611647699921,0.06497818923758829,0.1809929768112535,0.08380759523318863,0.11950684303938013,0.11790983186609942,0.1503787853620533,0.04607171087043969
0.10375881896212412,0.08649026238696282,0.09607743779995338,0.24387672090645363,0.09522381082255595,0.08120172438515212,0.11925216382464819,0.11772655196508781,0.05639250894706186
0.103188155947837,0.08417948574788275,0.1437717822269446,0.19936379041001362,0.08378180190094049,0.0906190459610808,0.11250489586573525,0.11675177604132692,0.06583926589823857
0.08036880129491841,0.11871632305066909,0.16955482210499204,0.26542629097713105,0.04826425795890538,0.06479392223810876,0.09647954840878153,0.06066900259439254,0.09572703137210115
0.08124522517714299,0.12423112783090322,0.0371715796494862,0.15293190703907075,0.08613396941754152,0.13586001546215717,0.11666471295302171,0.17031739772222218,0.09544406474845435
0.11676339645054006,0.09156166284491095,0.05061249171535529,0.1779489169422328,0.10367946208839622,0.08733978275187204,0.11059598244383147,0.07663743874242736,0.18486086602043375
0.10718625279345656,0.1732171033107596,0.07567316524831233,0.1966554148586542,0.055384657420750945,0.08867461331233911,0.11996660722497328,0.13947798781502005,0.043764198015733925
0.10155095587716712,0.0743706995960871,0.19842346680439193,0.12655389304550757,0.09688673882333798,0.12107985990560459,0.1152171144534578,0.08334478625093274,0.08257248524351331
0.0894873844613981,0.12512286765895678,0.07708463740237527,0.20782248982476179,0.06370321828805602,0.09148305692779013,0.11693888844680907,0.09175138814791665,0.13660606884193624
0.13378195672117246,0.11049795558081127,0.04367821164982955,0.12889991391580202,0.09837107459023521,0.12631923901988057,0.12683916865182596,0.16466812883188162,0.06694435103856126
0.13416891231528155,0.06710003463752126,0.10343644578909682,0.13354935262497805,0.06926616904290221,0.14466528079430685,0.11672544677378578,0.14522336623007395,0.0858649917920535
0.10241177022239277,0.2209577087514186,0.0483956755130824,0.14265601818529003,0.05060769799161425,0.107973505124546,0.11600029422971155,0.10434155321304561,0.10665577676889874
0.11694825076192154,0.2047844732979481,0.09590721851741445,0.0578975669207622,0.14579678291221362,0.08354599600518385,0.12623919419176807,0.11979888482375463,0.04908163256903351
0.09274237270408964,0.07565476231611531,0.19951937048177024,0.07882829161888778,0.10029133610756163,0.1251386582115062,0.09775563065801662,0.14633660489665132,0.08373297300540124
0.10744630792388483,0.1013087750036389,0.05651036875419657,0.22071477606204407,0.06580666691596791,0.09991134427233661,0.14327599370435992,0.14816538083658184,0.05686038652698927
0.1015637918617045,0.11126028198962933,0.04904020931486441,0.22966654427987784,0.05548868671347231,0.08775883447788503,0.10798263387614714,0.06956383348063158,0.18767518400578798
0.10988301538805463,0.12304680787566724,0.14864661252105613,0.13556079524882184,0.055405753081748665,0.09098241307393311,0.11661312366799693,0.14365759138875622,0.07620388775396535
0.13812485495700022,0.07638206217601794,0.0814961830621944,0.0778409815110903,0.07638059333040455,0.09384534584384707,0.12358902659899941,0.31975889830435883,0.012582054216087291
0.1105359484520116,0.1323945006949584,0.0469129991476037,0.06341739769822687,0.08329795989364004,0.14520073867711267,0.14100232603645121,0.205742311443149,0.07149581795684656
0.11268646136588255,0.04067757404038698,0.13084982747454518,0.05319115118948219,0.10997560053650313,0.0939216157644444,0.10487113967006007,0.29760110739269624,0.05622552256599931
0.12876429801541142,0.08294004503438583,0.1671586167842649,0.16207579900853655,0.0669314605319659,0.10680870598517889,0.11549273708866074,0.144676875717662,0.02515146183393367
0.12288829118289944,0.12158337087616566,0.09926411372381622,0.1681170600343106,0.07370875410539612,0.12223193329808908,0.12184126691725167,0.1208165100295312,0.04954869983254007
