0.12824372267872428,0.1929236513281565,0.07908407155275211,0.14820216189351174,0.05626160067207,0.09293541591150752,0.0897120308766609,0.08524887302244465,0.12738847206417223
0.09771872654178416,0.06826375792076413,0.10842953092876251,0.14482403613562592,0.1855435075314428,0.08342059478807042,0.10923588362353949,0.10752144164404161,0.09504252088596903
0.06879358306749424,0.12717406958923025,0.14673087258610504,0.07976937340652392,0.11462351088563288,0.11673656522807829,0.1042741502922182,0.1321195140438293,0.10977836090088787
0.12185480323339075,0.13130501368399358,0.11045091791636868,0.1628623804047533,0.04759036065090544,0.10637136867449447,0.1008390296039587,0.11059914203340555,0.10812698379872952
0.09738354919425235,0.10261975082013085,0.14907730795073387,0.16001084305444455,0.04442767328142568,0.1077011467407607,0.08488917061226708,0.12459255047495167,0.12929800787103327
0.13541881622019256,0.10581224466208727,0.09183510813958035,0.20039048441524843,0.04542631913051141,0.10501100584241724,0.1124427348372043,0.0643775275685531,0.13928575918420535
0.11683299958987568,0.10880641690422399,0.11622211567286073,0.11167191141315556,0.12826953083453782,0.10992620603811941,0.12216083146085766,0.08546413188050118,0.10064585620586795
0.13920790205720426,0.10097625572263862,0.11764252596015312,0.13313118256996528,0.08155438882035476,0.11955137802231199,0.12026611726800118,0.08675734999918872,0.10091289958018212
0.12349189203794997,0.13214356061893573,0.11601781297847823,0.17442252252370957,0.04197590431439476,0.12078498376721396,0.1084076352193281,0.0706682786217346,0.11208740991825521
0.11210627339194223,0.0984440657752026,0.10035289639053564,0.1475023552106932,0.06606926273270199,0.17129251129133807,0.10380998799910464,0.08500473104279284,0.11541791616568875
0.1324719094354786,0.12949025747607876,0.10123591989124962,0.13479290391166834,0.03601415206461419,0.1262236015023187,0.127729540879963,0.08862636575754361,0.1234153490810851
0.07898171100261152,0.17982777490422666,0.10793843665537735,0.11625232717768752,0.07080625995357868,0.12058531123387645,0.13254998121914288,0.09510579472441831,0.09795240312908066
0.15742133047584658,0.09515186980447427,0.13177687644814876,0.18879686291264475,0.02912458314842752,0.10743906494184945,0.11437851445586834,0.06165771895276292,0.11425317885997736
0.11825902996524841,0.11147545938747243,0.07246387873045633,0.12621294970569416,0.10350364617169465,0.09372981855324551,0.13728597399465145,0.14528546110505017,0.09178378238648688
0.14649488144184214,0.09979640117998616,0.10876047128022136,0.07354291950816473,0.03303873456340951,0.135144149603489,0.13118196822809078,0.15820955065487305,0.11383092353992334
0.13127955202415817,0.10222003973210941,0.12070197094514663,0.12501526985940714,0.07531200539749135,0.10924039682226712,0.09608821102485195,0.11498179980009482,0.1251607543944734
0.11324786613655158,0.1497842216773699,0.08488910793312932,0.13513349417021733,0.06606215944547998,0.12846826951974458,0.1300266629999748,0.07751712868974762,0.1148710894277849
0.10112071835765102,0.10371909276956186,0.12886781292503968,0.11419498341906971,0.09958811067258477,0.10610521718262826,0.13958057847046731,0.06740807506684553,0.13941541113615186
0.07704911184586735,0.13800841995966598,0.10631644859696376,0.1412836743219763,0.09377818300434826,0.1255025666468511,0.15012751321757203,0.06683714372258384,0.1010969386841713
0.107935832596871,0.10342171017365148,0.12115267011132881,0.10807530788732798,0.12404889568769399,0.10085250791993565,0.09869230875109768,0.08851562063849365,0.1473051462335999
0.12738275542327585,0.19148735992530563,0.0970118638979095,0.11040049826945246,0.044771945093711796,0.15532765463505113,0.09328714275480114,0.07415977074439092,0.10617100925610151
0.1310406449804713,0.14152035428097517,0.12301665057636928,0.1433858977956832,0.0627851169267132,0.10707835732127467,0.09337221871695119,0.08010125795020841,0.11769950145135367
0.0997340123788814,0.09658672057868951,0.09464417385782208,0.04798520713738052,0.17872555640435803,0.15393040742012984,0.09327899823309682,0.15188594424970828,0.08322897973993355
0.10101646294254175,0.08302673281086248,0.10039760543969167,0.12490075129743043,0.15596420819603793,0.08457015176919719,0.09875633898927466,0.13978411627403686,0.11158363228092694
0.13254636315005955,0.13194517962381289,0.11122129984373307,0.11032621147539695,0.04147656060690192,0.12491519566822813,0.11294176070380624,0.13204697656420317,0.10258045236385804
0.13109105152507092,0.10942754502949768,0.11565611025464795,0.1246474682970951,0.08812033351986319,0.11399292977775705,0.11701661775026656,0.09002729378341294,0.1100206500623887
0.11602082211572175,0.1450391090647087,0.07739929198319145,0.11640950623872122,0.12339230089077347,0.1037879892614806,0.11419251992689455,0.11678435992581084,0.08697410059269743
0.14807465132870548,0.08422936371998868,0.11512831026325525,0.11510942941707507,0.0919081932399839,0.09770825483150429,0.09736050009591046,0.14090334720049738,0.1095779499030794
0.08013327870870221,0.0740836791669514,0.14967297648062083,0.13131708938487044,0.228465516279018,0.09413277439030376,0.07501592747430713,0.08650561264850638,0.0806731454667198
0.09946929729759013,0.1405470879918693,0.1320048351489085,0.12852284990775542,0.05429866113837919,0.10700301125703017,0.11316545827107549,0.11202544529675836,0.11296335369063341
0.0976845231395812,0.1287983500584038,0.15303869514874388,0.1529548795459546,0.0809022997552108,0.09311294268559385,0.08745337281600345,0.10890186666033451,0.0971530701901739
0.14898041414175384,0.1629787299116793,0.0992725129302723,0.11992335400440052,0.05218935155475035,0.10356738513145587,0.10910038079774748,0.12137240571279188,0.08261546581514846
0.07131595219563033,0.05866699649013737,0.14489641621701266,0.11260868030867986,0.1474521605878972,0.08459823471034666,0.10771682011978138,0.1258173148157459,0.14692742455476862
0.11822896059059977,0.09301715534882575,0.15589883328905033,0.15200395616740933,0.048703072667734444,0.1148178956667328,0.08364927500093707,0.07700957810697923,0.15667127316173127
0.18325983277789337,0.11895326355322992,0.08397248799262991,0.14220826349369556,0.04386987731211613,0.11254003001987674,0.1163152760717804,0.11694887588886245,0.08193209288991558
0.12001692058650204,0.06735060801135058,0.11843493583543628,0.08325354716026902,0.1627207421315293,0.11165319804392805,0.09325011774562116,0.17595249578323371,0.06736743470212983
0.11213606769253477,0.1060198195261096,0.0840288324440606,0.18538471607409765,0.0963271978646754,0.09812462273848753,0.12242516826418755,0.08171114979247833,0.11384242560336842
0.109459699506103,0.0889235033560702,0.16308730185417464,0.11921059178500591,0.07415447594210169,0.10504528914987842,0.12828858595317502,0.07768663000115024,0.13414392245234086
0.09719517628220238,0.19343853162860547,0.13180905930171213,0.1482753817968289,0.019440451014860846,0.09832481749774953,0.11258215446954122,0.08847238540107893,0.11046204260742054
0.08296624045313826,0.07763156183187332,0.15611709233375226,0.13206447650203668,0.20259484657719581,0.09955777448597426,0.09627265544537578,0.048082410300626634,0.10471294207002702
0.11103564807720177,0.11936446514606651,0.11016843386265042,0.1878562539330704,0.07341542241262737,0.09080989913216192,0.11454690857781352,0.06365253576764711,0.129150433090761
0.13042573651756648,0.09972263806141109,0.08285756319695582,0.12782063891363613,0.12097064529518986,0.10776560400477107,0.10299066435200088,0.12298417540549439,0.10446233425297424
0.11340309522271758,0.14366241368369007,0.12223382754322855,0.16568928971564675,0.0955440098036941,0.10600278852755878,0.09037210858773186,0.0733713409717935,0.08972112594393877
0.10155175606844163,0.09897502979529867,0.12030108928862011,0.1471758813003171,0.04540766066400006,0.10960160253292915,0.1101296607225018,0.09504911849924541,0.17180820112864606
0.13297837271723903,0.12876530060910077,0.12137973411759495,0.1314320053120254,0.03324399547688161,0.13638064631789187,0.08835906491297758,0.09353508350138727,0.1339257970349014
0.09771891348372246,0.08994892309983427,0.08808868682468789,0.09088194458267061,0.12530099503294187,0.09114582346515594,0.09025727937268246,0.20706328132503793,0.11959415281326662
0.12989457518759032,0.10130142082013353,0.1154666152526931,0.11796972120242392,0.0676795243976559,0.10783927568739271,0.1208871550310161,0.09653466306414282,0.14242704935695152
0.13211033215130727,0.12304674634444292,0.10272228035586876,0.12026519385129504,0.05414254616034824,0.1319511701561568,0.08525524415137098,0.1401526963920187,0.11035379043719129
0.1402385848711915,0.08610665727002935,0.0796905533818373,0.09103412969120178,0.11505434865045018,0.09432303129712234,0.14835250428080404,0.15394413927474346,0.09125605128262004
0.13535035940117315,0.14435043806410972,0.0970666390583405,0.12779124958878557,0.0923785030767335,0.10056628708917474,0.10005896837841217,0.08938151140442534,0.11305604393884537
0.09627289013619957,0.08919116757876483,0.08996075524907676,0.17272441756340218,0.1549197305696328,0.10269725350505117,0.06412858322682541,0.08513707293022539,0.14496812924082195
0.1387433468757395,0.08541107738156654,0.14958930612129887,0.14024877817078105,0.038205967771705485,0.11069221824987834,0.13621525075951466,0.09890791388184522,0.10198614078767036
0.11020216901500379,0.1289400502784012,0.11748055735886971,0.10920302121704915,0.05385373891052378,0.1319596899785389,0.12380547329723611,0.08758820033875707,0.13696709960562026
0.15407823179158078,0.09565424318609451,0.11965901906530663,0.12591063759969404,0.03606148322010244,0.11533724078528763,0.08684888634497819,0.1644785727771311,0.10197168522982468
0.15254789678589853,0.14619964902744767,0.11355912980520988,0.15478349813191838,0.042172493114584285,0.10389669565917477,0.10785953345410149,0.08430285928385266,0.09467824473781233
0.1361810456401551,0.1284612463132805,0.11150639066780167,0.10589335343313487,0.09849260179522969,0.10918342403227373,0.09903792180947302,0.08543542552559352,0.12580859078305784
0.13623571020214814,0.08220951197359379,0.11238327571771756,0.10023965916609572,0.21091934092873507,0.11229244550128496,0.07213435642772507,0.06038686175528173,0.113198838327418
0.12418685692855298,0.12273077543339968,0.12557149886218089,0.14593989569293428,0.06557068510493068,0.1296285396500443,0.12353814647784346,0.06611975832138016,0.09671384352873354
0.13945188502291364,0.10327743350099194,0.13842913125584608,0.07444523908449842,0.04335265839742607,0.1528041449040298,0.11445096063164444,0.12329055656303865,0.11049799063961102
0.07481942274819962,0.069379233202666,0.0784619981981332,0.07552947001245124,0.18460883372580847,0.10486052096203292,0.21065559232728961,0.0826065188005599,0.11907841002285909
0.11183305058882693,0.08853555195202086,0.12429182430092452,0.16414991432335002,0.10852911106862843,0.1279927110594162,0.0921285150506272,0.08036500902308656,0.1021743126331192
0.14004719847492605,0.07215171686515126,0.08587858555396312,0.1767969515851965,0.08541382138886962,0.0872250978058771,0.14056565424218537,0.09313515559996237,0.11878581848386859
0.1408730925434183,0.11423407565609056,0.11799166294691381,0.1232999587589721,0.06238686762051942,0.11857775052117758,0.07917344530574692,0.14376375418336704,0.09969939246379426
0.11599087432814141,0.10477269396117078,0.1800625850102577,0.10854849476687985,0.06153087898460122,0.12735030568494096,0.12533129639858698,0.07598667176172652,0.10042619910369459
0.10926356014831028,0.09491696283904695,0.1369873352543688,0.1318902678126351,0.06138092101505743,0.11670894908134777,0.1422725513486998,0.07816702682384581,0.1284124256766881
0.12484977512529256,0.11123087886545752,0.145683491509238,0.15957621636022234,0.051059214384183815,0.11957077179085047,0.10492000450079182,0.08674783007766153,0.09636181738630194
0.12142459431179631,0.1565593980496893,0.12865077149868412,0.13127738514437695,0.07914524476384739,0.09198464975679853,0.0922236548254003,0.09076694910543422,0.10796735254397283
0.15044007822060176,0.10738036179286133,0.10407834607116473,0.11390407625205323,0.09766729287650759,0.0881582019160541,0.08074837401637207,0.1635856491904905,0.09403761966389464
0.10945435175248024,0.1011095049872514,0.07794064632720481,0.11496401533619133,0.1458488803153508,0.10262987588486572,0.13017441942049202,0.1088095556915362,0.10906875028462754
0.13101172119916188,0.08598532956700278,0.1215723377548888,0.1951926537463717,0.05579813374753972,0.11581055365564692,0.12345980210915634,0.08431170600723746,0.08685776221299442
0.15030719526872818,0.08448069392349257,0.10882883959737984,0.17159009549527968,0.08495272212858734,0.10877788227393663,0.10056606625431619,0.06878559664038168,0.12171090841789789
0.12873166462362176,0.1040724993224096,0.0844988617988588,0.12582259699574694,0.051500530202583654,0.10173439800584345,0.15210677100851352,0.10685014864451807,0.14468252939790419
0.11577856177042313,0.09086173160644061,0.09524273176617955,0.14864306396747062,0.03641882932888474,0.10558432362921381,0.1675491119965743,0.09632901480171947,0.14359263113309387
0.08975086809329862,0.08939793819534281,0.08288659673148664,0.15587192156511528,0.19067287059461582,0.09472159974775556,0.12517579626634656,0.10322788415464268,0.06829452465139596
0.1190798384432706,0.09118515778022311,0.09263062246257843,0.12187680855983539,0.05934181227033066,0.12556618414324747,0.18920225912002406,0.11132205402713787,0.08979526319335239
0.10146632557534063,0.06618651467889329,0.11945078463352965,0.14378888686271574,0.2397148371307953,0.08606822685128084,0.07242081043863667,0.0958183762554302,0.07508523757337768
0.16722408865431596,0.09548235655615245,0.0750678174682355,0.10562617731796371,0.07672977096868594,0.12141781929696605,0.12802153299954697,0.1104092644620212,0.12002117227611224
0.08371716581949522,0.10025302119844737,0.08505636703338104,0.13594383224330264,0.3053044470755791,0.07901245947480649,0.07271550887576216,0.06986015824525789,0.06813704003396806
0.15645122868327432,0.12891165946376532,0.10610325968573642,0.15704792083605823,0.04370718521430203,0.095097689380138,0.11589474056939442,0.0970768430454128,0.0997094731219184
0.11314036908750229,0.10483446296196013,0.15296545918751017,0.14533381670121093,0.11345372378185459,0.13334862266244757,0.07109466585674983,0.06605348129371008,0.09977539846705442
0.17361907178517086,0.14047897772382778,0.10533628871369534,0.11722042729184064,0.07091793378253808,0.10932863816793696,0.10126899702111053,0.08209590349520748,0.09973376201867241
0.12930014877941845,0.116984551943073,0.08648785264483382,0.1344177018428422,0.15442250431315427,0.10646327354022435,0.0997361873662338,0.0771423818512448,0.09504539771897531
0.12288888211720468,0.061764361480028195,0.0904645416010987,0.09846309040936489,0.2434534970547233,0.09508675132618465,0.06952398669558303,0.13759273712972825,0.08076215218608428
0.0912410787559406,0.14197430541341793,0.1404838344759521,0.12715808962796316,0.05329948653525083,0.11830561277038254,0.06403674487947182,0.09344258335805024,0.17005826418357076
0.10813221210201807,0.07105424144296763,0.1832847732495041,0.05894500442715015,0.2596663529001347,0.08714027287806476,0.07954534692069859,0.07676739468753052,0.07546440139193149
0.12315281688994473,0.11153007192424326,0.09194692411908607,0.13187534505233492,0.18283363299156744,0.09252954362964001,0.09367140756389374,0.05760090918634858,0.11485934864294119
0.1174616576845307,0.1339574934288104,0.11393500942039687,0.11422759286811217,0.13229074227827334,0.10051220824369077,0.10394084831490051,0.07888347286860602,0.10479097489267919
0.16039742765742435,0.12583828345577894,0.08936174929386209,0.1386135710761396,0.0954897817064234,0.11955655912666563,0.08237459172015794,0.09408719708719356,0.09428083887635451
0.09892488845620336,0.11465630603712033,0.12709707220880678,0.1326986308847238,0.061950324100348945,0.11310621745575271,0.16173914536255815,0.0816014723462864,0.10822594314819951
0.16237129169043496,0.10054505860897588,0.10766052188154322,0.12349718639320194,0.08995716453687658,0.11703495502644908,0.09298112808557206,0.10159731450602483,0.10435537927092153
0.16254838237837546,0.1561070755448443,0.07986642746994736,0.1429892447878839,0.05307278040203547,0.11817214510410508,0.09746644116236879,0.08542282215981212,0.10435468099062754
0.18125700723941837,0.1653384195217914,0.13479342241386233,0.08240210706944939,0.06877075467044114,0.13476008578468623,0.08938664188470506,0.04774139875277428,0.0955501626628718
0.12370173161303377,0.12836818461658558,0.1596704738491443,0.07395026869858486,0.04126380231338763,0.10719297182052934,0.10179451683166002,0.14215984540774476,0.12189820484932969
0.12331447554800958,0.07880965238508268,0.08699172695733359,0.07959417560611101,0.14553144068132196,0.10636780075106377,0.08265655321117388,0.16799107158942164,0.1287431032704819
0.12512609360711766,0.08581000180598941,0.08316522557014905,0.14378558580041192,0.12476221993582814,0.10783842495649337,0.08119545146961668,0.153432625203497,0.09488437165089669
0.12029715884279546,0.10881310573654819,0.13242556206417175,0.0948984932379956,0.040375530669678666,0.1670748166796238,0.09256033678449653,0.13835143677545433,0.10520355920923574
0.10379807750297508,0.12547569377839238,0.12789194601694526,0.09193442039898636,0.08147101153313126,0.09721300040871006,0.11223460086505294,0.15287193601841245,0.10710931347739423
0.16549902154534846,0.07634534994189797,0.10300013873369634,0.17502249975396608,0.10511662554874297,0.09685898474298556,0.09006766324837556,0.08834738947315333,0.09974232701183379
0.12836411051437832,0.11911116632015062,0.11872226227721006,0.16181081822516075,0.02965175683142275,0.11890172011633715,0.11458661919545506,0.1034100754645011,0.10544147105538422
0.0871537454103133,0.08413628453251387,0.08795823269293983,0.14360184399559686,0.276430394050589,0.09684598199119916,0.07204015606862642,0.06146799001319908,0.09036537124502246
0.08071076646408594,0.0715254661749537,0.15976755213454344,0.09197253242297754,0.08383624304678215,0.11684012320520426,0.10052063282135455,0.22409547744351233,0.07073120628658608
0.11449834489605852,0.08772933824423694,0.10408021174961855,0.09547217555990735,0.13739283252564005,0.12668517906735763,0.10753381273322772,0.12177975635485379,0.10482834886909959
0.09329085206529775,0.14845506496112967,0.08793873208722158,0.1110037588903054,0.06350057534392894,0.13971905208847707,0.15814022151108265,0.0701260668628496,0.1278256761897073
0.08091778567151535,0.0747717594363606,0.08849795889728929,0.12083912719018573,0.13473296116811886,0.08857289167079352,0.13477568759620814,0.14045867456277214,0.13643315380675627
0.12534229201708094,0.08441553577176014,0.11534396056713109,0.12208067864211065,0.10519404938403508,0.09968299857104888,0.09877332721880135,0.14233781605661558,0.10682934177141633
0.12367489616304068,0.13533934707448242,0.12603615310158,0.14003748515909087,0.13608433214461454,0.09760777517273307,0.08096072556632766,0.06224049502277437,0.0980187905953564
0.15944511555325927,0.0888455464765861,0.12394342963895282,0.1524818757504887,0.049925325632531915,0.1310437082196287,0.09335975190308497,0.10162017185137029,0.09933507497409723
0.14365724918306455,0.1329847865664885,0.09019488177549077,0.15030220934440164,0.16070890622478662,0.07006007790941587,0.07000236361148916,0.07702330325590097,0.1050662221289619
0.1351279546678594,0.08737843250307703,0.08540952326249181,0.08107652522555242,0.19216047933702007,0.1442327159474385,0.07609547795028963,0.10872731868349561,0.08979157242277547
0.11579493549708471,0.16869432272532717,0.10460713654539537,0.07144605088076672,0.16942354865675294,0.133174914856229,0.07774419899969037,0.07054294000534835,0.08857195183340529
0.08169424952161554,0.08824327917213033,0.1713849024101842,0.0605666200160201,0.24276256192273885,0.084824640700085,0.079017422968102,0.12208992800951739,0.0694163952796065
0.10537525571582852,0.114409286153211,0.12812009070594663,0.13378505087989515,0.038815189727971655,0.0992034764508485,0.0743785065296087,0.07803704393406712,0.22787609990262273
0.1567446951780017,0.1684050391109927,0.07926828916256333,0.12163536011039328,0.10439740378950829,0.11018207743665796,0.05886927588474252,0.07211209886983562,0.12838576045730452
0.0892511385038956,0.1457907427047416,0.0738402579198318,0.09689651438283371,0.13820402964427392,0.10593668522899068,0.10283110787888537,0.1241081308465511,0.12314139288999619
0.09064251027565813,0.1340886064700061,0.13433665498224892,0.08505104184031238,0.19061363083746,0.09620295911267995,0.05647835656977176,0.08751933199953464,0.1250669079123282
0.1141782754000651,0.09829599385947012,0.09459186245917232,0.1176883217169536,0.05716413795320327,0.12659251421416537,0.07652366939402509,0.16816985005178112,0.14679537495116401
0.13164971461714123,0.11641284797086932,0.11747700650191473,0.07728538969000696,0.13161598934074792,0.1479611644409707,0.08508935395461664,0.09079201340093834,0.10171652008279414
0.11277542268036311,0.1515910912723977,0.10980162799165116,0.17636179894137125,0.06391404933110084,0.10933065535857783,0.08994856591597748,0.07573438027471883,0.11054240823384176
0.11632136335764959,0.12711695512260704,0.12856028595590827,0.09685126864982464,0.15445577203526684,0.11824929449736417,0.11084341430675737,0.06102086218512998,0.08658078388949218
0.12646027113457767,0.09478515994065802,0.152801615137128,0.13708048416144145,0.05283013329894858,0.10698336549229422,0.12418235691301412,0.06858440904927997,0.13629220487265806
0.10723773707269783,0.11860226336747703,0.08591562481130588,0.15431038400959893,0.11900506952305075,0.09392539023559388,0.09298430484547737,0.1378789507797456,0.09014027535505283
0.1238338754105739,0.12668913660690487,0.09157738469620326,0.18075984917870466,0.12234893082312474,0.07939242407250695,0.08907538707823394,0.07280246545763268,0.11352054667611496
0.12560468806337385,0.10702670642323146,0.06941870527118228,0.14141189925717734,0.146464105853654,0.08646656962300758,0.07354957120771848,0.10655907793177133,0.14349867636888372
0.09183839418064754,0.1108993450624109,0.09631842049016588,0.06425033155031769,0.19859850099540624,0.10585231956892945,0.09420909687027451,0.12375300197317181,0.11428058930867602
0.15750314514315408,0.1022372775522717,0.1088769417037639,0.11224125294732451,0.07430107912446489,0.12192225999561201,0.09444903723955933,0.13624094683892196,0.09222805945492753
0.09646431215242683,0.12446454350041752,0.08745139728107199,0.12584317219150218,0.07817670103633921,0.11195393804116971,0.10419989908030963,0.10389585107675518,0.16755018564000776
0.1754895578971255,0.1333088602847516,0.1037839196078514,0.16617603934802627,0.050247640966723774,0.12179649908588543,0.1011988833764816,0.06282100751149779,0.08517759192165664
0.09544044908946477,0.1905906291442457,0.06883022973926362,0.13132689897097102,0.13868865042032433,0.08933101836481967,0.11987419967463853,0.07250226301430551,0.09341566158196685
0.13293103138709464,0.2115845018457798,0.047398228098169994,0.1463630528301728,0.08222948301756465,0.11368542494450286,0.10654403773216548,0.06299004967743546,0.09627419046711432
0.12815861023502836,0.16938807979442658,0.10308221029565119,0.13876486080238867,0.05072724262034021,0.09759263073455438,0.085660276036521,0.12531585686426186,0.10131023261682769
0.14787725194003803,0.10641653502355475,0.09249968944039273,0.08320523670551204,0.023089653893783812,0.10845282892144964,0.11965836729657442,0.20545345299165466,0.11334698378703993
0.10052659782287514,0.11846855402650656,0.0954402149166118,0.056973607927203546,0.06989691639997535,0.09953539870965,0.13729482776198465,0.21699903148156677,0.10486485095362617
0.17626825962422965,0.12716489713162055,0.13970037537524085,0.11844374468030451,0.0299471593073971,0.11293977188659188,0.0882859051488083,0.08897369962545033,0.11827618722035682
0.11697378816060892,0.08978631151196818,0.11247205615853363,0.1110589717332736,0.05826150275590495,0.10523650801020541,0.1122924999918341,0.16941822432417195,0.12450013735349925
0.13869075152764132,0.1376131178703868,0.11605950818442479,0.15062119678786265,0.035067137257417454,0.09331251048567298,0.1194554006041287,0.07721988184677119,0.1319604954356942
0.13945167593539332,0.07301623500682049,0.09242393145608879,0.09599676728825123,0.14348949225324895,0.13731625670711733,0.07867636100664037,0.09291546900663462,0.14671381133980488
0.12648610883338482,0.1135657470466418,0.11135392076729793,0.15125356425762015,0.13010760246857012,0.09324550088869434,0.0992748280246014,0.07102691783300148,0.10368580988018795
0.1254163700437124,0.15016516184088807,0.09706834466265273,0.15551695622083306,0.07815272338343744,0.10455753959242398,0.09270788533222686,0.10804632093718651,0.08836869798663893
0.1184333406600963,0.09516565047733806,0.12063637118962452,0.19431669747894698,0.08379046266185512,0.10791955514760747,0.12693512484230343,0.06685981580399804,0.08594298173823006
0.06787097007315608,0.09824657406101395,0.11715762754603261,0.09783868647732545,0.032825094481781676,0.15407182052903898,0.11236833936596972,0.1365081442532732,0.18311274321240834
0.12745949212397223,0.13115533539842703,0.12037945424170053,0.09435884224671685,0.07368767802850901,0.15512910009590622,0.0941142948938705,0.08940723704942917,0.11430856592146847
0.12519131340271625,0.1087590503753844,0.12402332710641384,0.11333201822763918,0.07766876375015565,0.14787690605823992,0.10918043299255803,0.0893671498523168,0.10460103823457596
0.128421860884503,0.14845326565846148,0.15824391483541655,0.17930189607818794,0.03144821635496805,0.1117264380972784,0.08456455699147314,0.047010653304938,0.11082919779477352
0.11688852507368508,0.08876946673850943,0.12495488224453484,0.14499328129611766,0.10013717561150005,0.114881852416015,0.1372853245785409,0.08390489745257147,0.08818459458852558
0.1218763979498335,0.18366509536857045,0.1019496973621321,0.10193323148340354,0.07946400329240878,0.13196278504839917,0.09953024338944276,0.07378441080396454,0.1058341353018452
0.1356911666791577,0.18543490981035074,0.12496118952157566,0.10221329814383158,0.056226321132290376,0.09657044619579569,0.10230267185231046,0.10084718298750313,0.09575281367718465
0.19420059829020775,0.13627562278686442,0.1102486247555241,0.135343757723114,0.02127734231808079,0.11098677079850716,0.1011172249884108,0.0661317200376914,0.12441833830159954
0.1346321320901747,0.18979071849176146,0.09079708967038437,0.13242048795130879,0.04862872698597668,0.09608173465254055,0.0968925972923179,0.10180143375812718,0.10895507910740836
0.06791223002510709,0.05950898367534521,0.10880139237234689,0.11800055791214466,0.3270207728194671,0.0685104089775556,0.06553561054422619,0.11297144315663217,0.07173860051717508
0.10948284848378169,0.09113127320885067,0.11277718382032285,0.10011088150159787,0.19755401543474047,0.10384215880824742,0.0844460821872931,0.10827114666559907,0.0923844098895668
0.11567014145469022,0.11566634837508329,0.08887878960173168,0.12681133422526428,0.18546332929707401,0.11255499672329622,0.12060357465146099,0.052500048944747975,0.08185143672665132
0.13356290938707618,0.12946872039252433,0.07860098431466511,0.17104006817598663,0.054512437244318555,0.107964353635406,0.0951535205085458,0.0872911130589532,0.14240589328252415
0.13393898886775146,0.12369813817108948,0.09394994960110774,0.1413036920683208,0.06065640760837071,0.0984297512725546,0.12783706104877138,0.11486405294414614,0.10532195841788768
0.09695613928289977,0.14061177019754936,0.0977132639085199,0.09478772293982696,0.08793820809541619,0.10785429510931667,0.08601410167576229,0.12432080235778535,0.1638036964329235
0.17928949169855643,0.12325990249413103,0.0892465985460084,0.11378041376464165,0.08067579574673925,0.11939532345453713,0.07934053989761831,0.10865602896212105,0.10635590543564677
0.10412941511684098,0.13179222191532405,0.09733353033934977,0.12464770629343598,0.1298371748404149,0.11603931782514394,0.13088660305665514,0.0877109885947806,0.07762304201805464
0.16457027033195773,0.1057355854597269,0.10334560071611576,0.11479759658884864,0.06350271704215087,0.12037897340599364,0.09268068872179307,0.10466737092990558,0.13032119680350782
0.13391886826221852,0.13086029368738927,0.13638732976004034,0.09259197241177775,0.03942301217858613,0.1380538651091882,0.09783192616816161,0.11299796817015212,0.11793476425248606
0.12908903342261943,0.09867364718246197,0.11629070985377825,0.13187325557665422,0.1687645455273222,0.10449707047994777,0.07601513727443693,0.06585244698287883,0.10894415369990042
0.22154347997337842,0.09193433918251433,0.0851809606598171,0.11743064650453493,0.06061019300504796,0.11705307457207122,0.10348094502520043,0.09971111755022698,0.10305524352720857
0.10185462706737447,0.08827032272516057,0.19396776683896147,0.10339386723881655,0.14636481185683925,0.1149878485709596,0.087238859589353,0.06012114120095969,0.10380075491157538
0.0965876743287889,0.09225347188794801,0.0921604591078396,0.12446872035036609,0.1807217565881963,0.10001975849245542,0.10194567539892063,0.10075919436594659,0.11108328947953854
0.13316199563168055,0.11136867742372769,0.13339436022616216,0.1051311266688979,0.11149113998519515,0.15735081659916228,0.08382276557196429,0.07226983685040757,0.09200928104280248
0.1158308218110287,0.11185125449124274,0.09933065296492473,0.06597369042348543,0.1477153546234435,0.12644475067738625,0.12057516299696487,0.1263604327487813,0.08591787926274246
0.13819278648302308,0.15013113980905943,0.08546793514893396,0.16795378410845943,0.026620216353666012,0.09989549251667351,0.11632953017673892,0.06706373012868301,0.14834538527476268
0.13465798240804683,0.10722724384138495,0.09325003761306631,0.1356975442712015,0.11322954516485773,0.0939157190152798,0.11418814555165402,0.10852405477205344,0.09930972736245532
0.14983407657928974,0.09800915687063572,0.11342677299724378,0.13197962233183488,0.0160212501820578,0.1121948337874238,0.1254379316879368,0.12481710611427406,0.12827924944930336
0.12477566250914958,0.11852984458157646,0.11039106144128268,0.14205552570172986,0.05185032778101417,0.12085507242447674,0.15126286982689888,0.06331916823218087,0.11696046750169069
0.0665352439172727,0.12086118319748722,0.09213773527067397,0.08221246239278988,0.1415185530365307,0.16243135887376425,0.07389894146399495,0.16530991072004111,0.09509461112744533
0.1722884520944922,0.09889382002836812,0.10159703500434446,0.13983175231116948,0.10743845823439291,0.09459891194414978,0.07960669771316486,0.10888554820921541,0.09685932446070282
0.09052483096926571,0.09580222897792366,0.07743436299148128,0.1813677177572349,0.17659753781208587,0.08585267171956477,0.09928871187112408,0.057644594156838445,0.13548734374448124
0.08841586737742481,0.1063912158211238,0.09854736409502922,0.0827888307398084,0.1746586098905023,0.08659620307179595,0.09571784744041388,0.16462890140299627,0.1022551601609054
0.13064359232108172,0.11678684690742587,0.10810990026607033,0.11370661322599196,0.0826182824060686,0.11494860061710921,0.11123643970499168,0.10691731489124089,0.11503240966001978
0.1378077231446467,0.12385499762794588,0.1199747110690398,0.13664895245257278,0.0562012930834517,0.12193527522082614,0.09752157567723407,0.10460290881093422,0.10145256291334871
0.11517238927147559,0.18308007946233107,0.11645510540992271,0.08004076134069586,0.046683031102717217,0.09309987578696076,0.09683625701086529,0.18029256836854488,0.08833993224648666
0.13371717965071975,0.09753616133902825,0.16335207541937438,0.13532826991481675,0.04057808987469058,0.14840333293511024,0.08815474271881797,0.07940682342029529,0.11352332472714678
0.13120521814179534,0.0838780403320829,0.13237840628334727,0.12760337900591798,0.10187971582244178,0.12566337398550217,0.09471167973938577,0.09337335867150869,0.10930682801801805
0.1490032345334927,0.10719007052170586,0.10091634911699988,0.12945995090287832,0.04895045391285565,0.14381451159822153,0.08429086283411402,0.11516629642257518,0.12120827015715697
0.1332919505506789,0.10042667626903645,0.10856922704908396,0.17581266466206427,0.03990895997408531,0.11803046967654392,0.1474909974881767,0.06426541012484013,0.11220364420549038
0.08408205426279446,0.12592481570386374,0.16377192893573,0.0784033616969937,0.09723947614136909,0.1262526199085868,0.0800340360023098,0.14126352893039898,0.10302817841795349
0.14908559688195108,0.11169645883585054,0.09392294456110112,0.16324977404812227,0.0756791799224481,0.11032077694266483,0.08677300759850441,0.09320112535059756,0.11607113585876015
0.12314899910377604,0.13919872291779226,0.10130760159185764,0.1778609098472644,0.041038066129483707,0.10932674020367643,0.10131233612178779,0.1013876614976471,0.10541896258671475
0.13268106814151664,0.09606888475154711,0.1169601927328575,0.16113657859609695,0.05700031924595294,0.11760085848070267,0.1256165194000292,0.08004897006353844,0.1128866085877586
0.10475637901616242,0.12860342428667548,0.07825744977173145,0.09534035898502431,0.14030014087392575,0.11425507855912494,0.06603980133868748,0.1511597895298313,0.12128757763883687
0.16363206141121178,0.1395235593490684,0.12663142503611713,0.11102969240056522,0.12530477294946743,0.08699486750632583,0.07608162171020211,0.08480161205068186,0.08600038758636024
0.10837613280448684,0.0893450164799155,0.07402479017161835,0.09984658354311716,0.21109811216657504,0.08518488681424079,0.10598173243512433,0.13256273354798823,0.09358001203693378
0.0781967323911971,0.09157345800169085,0.08748029175479728,0.11835647433039131,0.21823409987788298,0.10477022102813367,0.12796097942667642,0.061470835576273364,0.111956907612957
0.13992411862153062,0.11459963376609873,0.1076471050752894,0.14459977713609215,0.12224112827741744,0.10696452059317657,0.08584720624678994,0.0741842069894684,0.10399230329413667
0.1315246335242476,0.1383221420795295,0.11087338090440886,0.17147646117796678,0.08266647241899575,0.09461588895846679,0.07928590862233556,0.08949109559139502,0.1017440167226542
0.07501993058321042,0.10211549222166277,0.12355242778353955,0.210312004756439,0.13156659612842236,0.09777026611794547,0.09146468967045916,0.05855120127701877,0.10964739146130247
0.12251426178210113,0.08434318644045129,0.10376219481226161,0.1158423538120699,0.053859701025618455,0.1260192728243308,0.08893699832918966,0.20318310045174112,0.1015389305222361
0.08341627674631848,0.06579309653958167,0.10172245259977702,0.0630881310781341,0.09945173059708623,0.07838785687991812,0.11762401792395445,0.24248702163160044,0.14802941600362945
0.15579103670983488,0.13514955724982522,0.1000127214801921,0.16131502764581326,0.06017685145609502,0.10901953351491094,0.10013826224091167,0.08734219730306696,0.09105481239934989
0.1223751474596088,0.08899465385312322,0.09721138362287046,0.10629267025921259,0.09431608287816562,0.09676913462562865,0.11775711171634447,0.14984844721365223,0.126435368371394
0.11978687215521906,0.11014015113511423,0.08540847215635967,0.15190694568975385,0.19552187874978336,0.10142625732621206,0.06490447309817084,0.052186977653096676,0.11871797203629024
0.08872233552903101,0.09028749806272542,0.07373210386507865,0.09372674037774799,0.222093453222971,0.10428561272341398,0.10314519946949724,0.14441987567068357,0.07958718107885117
0.14601856253298404,0.13627036840911033,0.12206104305716196,0.10326300754086037,0.032651753996538545,0.13742513562922665,0.08973896157867423,0.11137778888086718,0.12119337837457674
0.11313652533224534,0.11375570864474938,0.09765008817424486,0.12820091361638272,0.12669041990274393,0.11375627224344668,0.09557215128333973,0.10399216563017903,0.10724575517266828
0.1034070060983916,0.10012788699105794,0.10862655319154228,0.1110291295933958,0.1996458280301485,0.12042266445312426,0.08324290528928331,0.08130400003825085,0.09219402631480555
0.11706406771622858,0.11466369508305119,0.10405906418449277,0.1441015531524401,0.06743560660459853,0.10669843238327041,0.19584310861418894,0.051940964203463336,0.09819350805826617
0.11965694019940822,0.103913884745581,0.10490465894404172,0.13057532330678687,0.11874487667523503,0.14694745102953657,0.08587202623325967,0.09806746913042963,0.09131736973572131
0.14002087948560019,0.09648162565922602,0.08383250412655348,0.10208407227543463,0.1198849297095292,0.13167726867257035,0.06971967531443826,0.1425996518037842,0.11369939295286365
0.12981224774969882,0.09979445268334837,0.1293285210206804,0.09502216973337217,0.048417596449661975,0.12031935165498382,0.09543000997773204,0.17678756881346003,0.10508808191706243
0.08361612372926473,0.09174875913022225,0.07432050348739178,0.1728190534409013,0.1978612061874386,0.07844085005319335,0.09342187183210034,0.0791939301194312,0.12857770202005642
0.0988888809504037,0.12835596234199384,0.13648141512593143,0.09010261658470482,0.05294927139380357,0.1126480991822648,0.08907256091669251,0.1916543229247353,0.09984687057947006
0.1211918554811706,0.132751172042636,0.0842889411439407,0.15331839549393866,0.06336635637025832,0.1128256545386082,0.09704808616023404,0.11826859976014166,0.11694093900907182
0.11256752389365828,0.10029542097178683,0.10551405835420724,0.1951489320861103,0.08078489013173344,0.09236056602668913,0.12453453584546832,0.09727036781917199,0.09152370487117452
0.123976814458491,0.07286165356409263,0.11184347675794144,0.1291902066501073,0.1211218296249826,0.10316632275885239,0.08935343613435665,0.10936552921381293,0.139120730837363
0.12844747722277353,0.09439600686431789,0.07969641188899812,0.18166678625704255,0.09892659423585219,0.08629969020273949,0.07899762929362934,0.12145119488303752,0.1301182091516094
0.07250966589315298,0.1429368626990902,0.09510627625954902,0.11179814602765437,0.15844496608723035,0.07889809031174633,0.07970819377388043,0.13469052467326229,0.125907274274434
0.11591432884652676,0.10901085433968742,0.13524132525558183,0.14163793734048777,0.16192673020333734,0.1109727651273991,0.09176007601725457,0.051410790971663824,0.08212519189806129
0.14005939525141667,0.09609481101040913,0.10847717379906936,0.16690648402551722,0.09196427062913239,0.10049178556622133,0.085473462208825,0.09852344952296062,0.11200916798644833
0.10853159508550785,0.1490414662630145,0.12520762786932935,0.13555357290763864,0.037105476217641924,0.10021269203440214,0.09606792299265549,0.12731401129147066,0.12096563533833947
0.1127035259100504,0.09142221646964961,0.15406268578847376,0.14167957957815788,0.02793217751173517,0.09946991333620836,0.08731413168134972,0.1601325754585369,0.1252831942658382
0.16981249195772433,0.08622176173713854,0.08583885069364483,0.13287713414333632,0.05410172777533694,0.09916609472520126,0.14314254851917307,0.13260741897717043,0.09623197147127434
0.10574300781364976,0.1195657943644743,0.17372659551782543,0.0986217648044227,0.07205307198060486,0.13826966713154967,0.08020840817375591,0.0920917382601998,0.11971995195351759
0.11120677898982285,0.13212959413863104,0.1051090433261354,0.1622447768782318,0.07065915290450628,0.1017290060245254,0.1290939022755288,0.07929629898670551,0.10853144647591291
0.12304519282922477,0.070548500524388,0.11028280251667516,0.19079758146359127,0.10337669740414819,0.08838350020800607,0.07061935611895681,0.06876277717171553,0.1741835917632942
0.10278578210839055,0.12356392582904342,0.15163967167433104,0.06860850169678637,0.05750017992810911,0.16588756586884487,0.09854027483857646,0.10541200128099487,0.12606209677492342
0.1304835343360896,0.11315564365869464,0.09348241270249258,0.1339519880467311,0.04396631314891333,0.11439157147991293,0.14246024887347136,0.12365096247851158,0.1044573252751828
0.09433019799734021,0.1056516860862405,0.05665769417242756,0.15477129360767936,0.20609365968783752,0.09113511335453296,0.0810765602705482,0.12737093899840066,0.08291285582499312
0.11653059547234894,0.1036682108569153,0.139249459773951,0.12352697707834952,0.07827158097963588,0.10095767396022802,0.1085795304937653,0.11084497642713818,0.11837099495766794
0.15484165744546516,0.13030441433987303,0.12334821549317117,0.10840224968882763,0.041743124367374936,0.11657863507932344,0.09869593620219862,0.11052927580154431,0.11555649158222166
