0.14004283727137098,0.13549663840492146,0.04995989547024404,0.10866445769824888,0.030707036240957542,0.2241497560393281,0.031641712084006214,0.12700378367699253,0.15233388311393026
0.11126307827128622,0.13587521527022536,0.07114855188372493,0.09779496890741023,0.21655739506702645,0.109806389198898,0.04150298875448675,0.05698059654351997,0.15907081610342214
0.09033053410755827,0.13676763146429438,0.1309692876892277,0.1590107152644115,0.047709847873393545,0.20825037839394375,0.03049234340020593,0.10722361257400632,0.0892456492329586
0.13700727568369253,0.07440145122116215,0.052631019419717234,0.1564024068540595,0.0968576844365449,0.1692327008609669,0.07408026130847117,0.046309438520897646,0.19307776169448795
0.13393635974632942,0.12920079200530712,0.10529176246236725,0.16817934628464237,0.04125027706099353,0.1258608932217098,0.09113722226254749,0.03700220637024818,0.16814114058585486
0.13822997837391884,0.07842047733815181,0.0884273300557357,0.10282245628564803,0.1462712559335241,0.19532773082560687,0.10941994402567297,0.04736455692860847,0.09371627023313318
0.1800563794964575,0.16080703135069313,0.1264240150239309,0.08255232908490852,0.10329420212046936,0.06406472173493415,0.10349696825975367,0.03277330523265734,0.1465310476961954
0.1391510704230156,0.07456185334504528,0.07920709171336578,0.08863929667284032,0.0930198452178405,0.26472383824753204,0.05923297319030658,0.029732448218965635,0.17173158297108823
0.12917807022656413,0.1174614353492186,0.10344166481146606,0.1252133411857999,0.03347356911576046,0.20516523545768117,0.03911494523509255,0.0610850750447841,0.18586666357363293
0.08589309476566827,0.10883167418063232,0.06041268884820585,0.14812951174673625,0.1358816149301417,0.08919683117505384,0.14534410480907542,0.03908281025481509,0.18722766928967136
0.16881184430650764,0.06330377689916424,0.10330532305611904,0.12357032394627866,0.05348613372364545,0.1692644746677354,0.04554108617955226,0.09389486805580882,0.17882216916518853
0.11613295052685357,0.0968209930653423,0.10153827746323052,0.11777839598858607,0.13313071529978546,0.14835552179470737,0.07478563979189458,0.06624001321768479,0.14521749285191538
0.07936464991788861,0.1397477168368061,0.0322874099157067,0.09330903498094656,0.3760336824899257,0.04946231351700895,0.07821577258597585,0.05906075822817555,0.09251866152756612
0.1070815653197144,0.10125276363956263,0.09032690541682609,0.1296755059998753,0.08590711851935012,0.14767392970048168,0.047399158543876975,0.11573788866817379,0.174945164192139
0.10880952130121273,0.1906535460161747,0.05930424181634464,0.1385861168185997,0.09877994114565385,0.12596959905403218,0.0550018360126619,0.1291950275445076,0.09370017029081268
0.0839913100124749,0.09273627968910884,0.15900443688549978,0.13599427147538182,0.011369300287526791,0.23871294999649828,0.04377644272711584,0.07863135988597487,0.15578364904041883
0.09199752680936489,0.12237700738888894,0.05658858894304134,0.10323696518220964,0.16543415157483612,0.11264359599963499,0.06297105536029975,0.09480765426029476,0.18994345448142957
0.09929528859992622,0.11093057511034472,0.19038811285202697,0.09051377221189309,0.1594892181665337,0.15741877317771796,0.08589064769612238,0.027949938113109307,0.07812367407232565
0.08054706507524083,0.11650414189768458,0.11657318162736392,0.0799923144472264,0.061268400513919345,0.13236166932190996,0.09527993761228935,0.11819083740011993,0.19928245210424564
0.13274517627636506,0.07215926880367589,0.0730308922132362,0.12047323183749825,0.060063532938319696,0.12167861449749547,0.04498552081658553,0.06869582540887988,0.30616793720794405
0.12551952347805248,0.09742669788773535,0.10500824441023571,0.12016685455540073,0.1312016861207552,0.20312347905071357,0.04646797934748851,0.06219467372946522,0.10889086142015318
0.12159121037850175,0.12109893299730372,0.04674022941057961,0.09882929122615157,0.15169410040864775,0.0674849614835093,0.06824253782147231,0.11974524549417402,0.20457349077966006
0.15115690084259897,0.13222294446123573,0.04117768511016549,0.1290388331544495,0.07021256819088094,0.18136824896252093,0.03351308250927552,0.08357667719314972,0.17773305957572325
0.11710334779534308,0.15252113453217844,0.10251436574278011,0.10477413954658064,0.03213549546878995,0.24450139197782908,0.09221129697714185,0.061661033577191195,0.09257779438216564
0.14053916530137286,0.070269512333477,0.18157583598369756,0.09141962721225405,0.046118247146502124,0.17436421529047855,0.16988435446736472,0.01620878580208316,0.10962025646277009
0.11799283019879529,0.19590521323991905,0.05859129242352934,0.08222099164280945,0.016465762594262266,0.14993753864126558,0.06621849431129696,0.24833524319815878,0.0643326337499633
0.06324031514514246,0.10011568949037712,0.06986337435251627,0.18018203646721367,0.13529010487752072,0.14635550370121883,0.09970267067537038,0.05592787053989109,0.14932243475074944
0.10336387919488327,0.20204714186841202,0.15392423994927312,0.09285518173449724,0.056289261858715155,0.19018530188592878,0.08741942704659356,0.03609100133918907,0.07782456512250775
0.12031279303778657,0.10327887635073575,0.1377034091305514,0.07494709523391496,0.2031463127586145,0.13183526424407097,0.04311830775634942,0.03511924595158492,0.15053869553639154
0.1073739218997571,0.0671894853160719,0.04957771711220257,0.08450610208048248,0.17582041033788817,0.17211465801925085,0.17096919749901976,0.06788240954072225,0.10456609819460494
0.13529739656898818,0.12605320888635776,0.07356559773319227,0.12230124362535426,0.13200794566718732,0.16240375557215672,0.029883198549402353,0.12220771671167026,0.09627993668569096
0.10637288257792164,0.12380618162029568,0.1302685243285052,0.11812124476807091,0.035897040774263346,0.194662442586525,0.1378452904707985,0.020983946951836783,0.13204244592178296
0.18015133586264245,0.08024249744100025,0.04802138481449045,0.16086425604381246,0.09536705927812406,0.11293794658553136,0.04801873974597884,0.08656643431464277,0.18783034591377742
0.09962511445066542,0.14377883324292592,0.13753099504607874,0.12291254144678863,0.20144580081307983,0.09039266666162038,0.09129775471521369,0.05213210850364891,0.06088418511997835
0.13195563678447184,0.09426350451750565,0.17020911541728248,0.06563022257415295,0.11190712461222536,0.23022558037801566,0.019623735720811816,0.10232697605110179,0.07385810394443253
0.13438957954635508,0.07689125479271441,0.09167429963223261,0.15538512639935184,0.13415982869295665,0.14877824049089172,0.09886185422792293,0.056597622021624105,0.10326219419595072
0.12000847536561372,0.07633502308264088,0.10289633265384367,0.19413732630825753,0.14491618130031578,0.10002213420408189,0.11666918791613101,0.05458728791190112,0.09042805125721443
0.1010191167715262,0.08070045501827294,0.16069898611561925,0.07561899106425884,0.21696444266305925,0.08876535564072534,0.06957336140386806,0.08805515173314359,0.11860413958952655
0.14572485231355078,0.11481425795996032,0.049675384321868375,0.12605702261919613,0.07162048323625848,0.09070832792057722,0.17170311568947214,0.1461493314634985,0.083547224475618
0.1287325120425661,0.10057583224655542,0.07653280996009248,0.1440575915941595,0.033326940616345606,0.1191399922745149,0.05460638881626517,0.09621152243931641,0.2468164100101844
0.10755723830335469,0.11227523884936759,0.1017526539622489,0.11206722056767478,0.221920884019144,0.10220802110415939,0.0546292672172412,0.07979762119922502,0.10779185477758446
0.17117714134893328,0.10063962682761762,0.11717078942518995,0.1561515219123815,0.16566413104756825,0.14818943743286642,0.04793494022014394,0.03664866691666574,0.05642374486863335
0.06432168767421514,0.10437200944719133,0.028281979312888797,0.10398641730280933,0.0925916980717479,0.0923085957247138,0.19746734768545235,0.21946138229032663,0.09720888249065478
0.05907134051260806,0.0767584761879735,0.25623273202359026,0.12173308670350037,0.04677173958384603,0.11860824190854873,0.026424879934615383,0.1920537177105628,0.10234578543475481
0.1314977182049112,0.21319007338779064,0.0488222856174674,0.07471783465797242,0.055784748135624625,0.14225952493091756,0.03603393810226624,0.24581685875174308,0.05187701821130677
0.12830532217434643,0.09463237255476047,0.14963032670323867,0.1564300832097863,0.11001427420089792,0.15166557848044568,0.05129248773846031,0.03484179217092901,0.12318776276713526
0.16439927007636687,0.13965878599077755,0.07462145496825916,0.09629195034286177,0.05201184181112608,0.09913564240149186,0.0603333213879527,0.27933675893491594,0.03421097408624797
0.11747030805086854,0.0524996995057461,0.10905026233072984,0.0453047295509926,0.11259772593978014,0.11045755815920587,0.07481160779168443,0.20278024186411406,0.17502786680687843
0.11336299513609532,0.0649345004202485,0.0560404342059713,0.07016956717517124,0.04033615278130592,0.17903809647226096,0.032787856739171194,0.3825430219001271,0.06078737516964831
0.08904396691766674,0.12802493939132795,0.05385678170917774,0.20313222732361255,0.05489786257288127,0.22836474696721165,0.0490166461524206,0.10271476606434059,0.09094806290136098
0.07891151864665817,0.06355817156183065,0.04845191712521288,0.08559540218226609,0.35361385119190913,0.07873797997008435,0.07522131216085799,0.11867923528570061,0.09723061187548014
0.10445341537682434,0.11301859959912687,0.08709084461334515,0.10308688139064504,0.052249808990925455,0.21728828768530226,0.06597356104919543,0.1408727907713101,0.11596581052332537
0.07866295814474862,0.12205100771924988,0.04665439690104615,0.09846825253677984,0.07779738240200086,0.15126931203503216,0.10832980562676975,0.19029628266819945,0.12647060196617332
0.07615653218914555,0.17185766052544071,0.09743261192938456,0.08909792178694852,0.05840097419198478,0.21718538959742714,0.032690564891711404,0.20713355716422943,0.0500447877237279
