0.2298294648018094,0.06345658272608928,0.0885770029451554,0.22919393439416727,0.10305161250452939,0.06709201750379185,0.060675540930491025,0.041976861086929586,0.11614698310703675
0.13520633772179294,0.12729772571302755,0.08235710712076359,0.20631185884743353,0.07689671769231288,0.11272221549320956,0.10285206490682891,0.0763208515286909,0.08003512097594016
0.1754452039615099,0.14837171019656234,0.1210413736545896,0.0900438558304391,0.1102794994642473,0.11060794502954192,0.07737147035338883,0.08915431214137463,0.07768462936834634
0.17509460057648465,0.11914723951069356,0.11261648239195711,0.0926826202651514,0.08131347388756983,0.09813307664838981,0.08631258110652074,0.1341136037791047,0.10058632183412815
0.07370329443936909,0.10107600284077188,0.13160354475207067,0.08823803312117647,0.14958002207387086,0.10419578413953094,0.07504487264703236,0.14355077106204941,0.13300767492412838
0.050223372589838854,0.12962468847416073,0.09837391102201672,0.18865971913644575,0.09446484051991953,0.09054669116351577,0.09884573052477902,0.11197252111587712,0.13728852545344658
0.11881869976756933,0.13892183690306298,0.1597489379405121,0.11819510739556253,0.10657887734924847,0.10604688082173237,0.06586279594127113,0.1387732960037007,0.047053567877340434
0.08032527653659394,0.17257349774524955,0.1145516173666068,0.09012022671221555,0.12694658495907007,0.11374586139862042,0.06805864422280809,0.1475197305465172,0.08615856051231828
0.1566780474136126,0.130139670480841,0.10597667073708589,0.13025844941755535,0.1097253634916419,0.12767399436453836,0.07512017752923421,0.07947749791323067,0.08495012865226008
0.16739444009676785,0.10848670326348235,0.12282485177787976,0.10253948798456398,0.11332239784261844,0.1385057241375339,0.06972884722595464,0.08355449394436638,0.0936430537268327
0.11111147890074592,0.1774140975448679,0.11259560598376606,0.08229897127386408,0.09445671881494953,0.12630218681072428,0.09107371014236267,0.12538319934221612,0.07936403118650343
0.18375467656430203,0.1285636934382858,0.1023737400590818,0.11280671091353972,0.09749501269350191,0.1295812910989732,0.08357017675852148,0.08484753036254365,0.07700716811125032
0.07185833660136522,0.08730448988172368,0.079360893536252,0.09440102938355122,0.06118156967150968,0.11062826225773421,0.21814531996116823,0.20659575448473821,0.07052434422195757
0.10448010879836712,0.18829110867181206,0.0764518004210375,0.14767604545329086,0.11690749770306241,0.10973152950765996,0.10307181414194057,0.07096163805788368,0.08242845724494584
0.168715493623442,0.11899679193556349,0.10918876398228922,0.10306133807747508,0.09333370495515143,0.12224241302557998,0.07798950625725816,0.1175652137156683,0.08890677442757243
0.1407655580522509,0.1339642283462769,0.0932886379384118,0.09844984586305411,0.10210022635855433,0.12493319358674616,0.11775654659658384,0.09819045748397413,0.09055130577414772
0.08081422612414753,0.10877715019416671,0.08595710084820686,0.13464610431284177,0.08617511901744317,0.10790260641338023,0.14293527508314294,0.1283086752846796,0.1244837427219911
0.1506735338368609,0.1397509355207739,0.10294121134585393,0.09649277246689096,0.0923542492597282,0.12277660897106447,0.09941677100215805,0.10926378940045704,0.08633012819621251
0.10448941177922755,0.1220405718885943,0.0986303086173639,0.06852989196126986,0.14659297112791578,0.11433014912494227,0.11054702759414842,0.11819311777166429,0.11664655013487364
0.10982014170076888,0.10687274978096573,0.14586547593760665,0.09352779894919662,0.10265831266168468,0.12998896846133193,0.06841999765292432,0.09758040246569598,0.14526615238982515
0.08769297391493301,0.16241822131294084,0.10889678024942066,0.10892200965207298,0.15079416307681273,0.10134888129896609,0.10290954241247689,0.07080988922386754,0.10620753885850924
0.12666840648159566,0.1649472210408944,0.07109908684842027,0.07441035256648813,0.07825999015807153,0.08175424878123748,0.16017339344104417,0.1602055460370552,0.08248175464519318
0.10434856455074659,0.09090921171479344,0.11535882849571277,0.17457802148130486,0.17967588860355307,0.10057094590570016,0.06396911633044743,0.06068229009199242,0.10990713282574922
0.09694877882172724,0.12507208673575207,0.15826457358769058,0.18278653966847733,0.05476360368347414,0.12395173738700634,0.06344510028678112,0.1445336069282088,0.05023397290088236
0.12536375848631293,0.08531705980401079,0.10041675009628293,0.07741029629619574,0.13189890292416948,0.10846642834386121,0.13461289313794442,0.14114412080078634,0.09536979011043621
0.111470496181536,0.13920848424571644,0.11143019917885677,0.0890057144267347,0.14284724263327023,0.12469810758130488,0.07427066766002112,0.09468727967755974,0.11238180841500006
0.07678407497414973,0.1487191428863841,0.1283546683087549,0.13678621619048778,0.10779875195533695,0.12911006195727762,0.08084458492333514,0.0849676435083108,0.10663485529596291
0.108476355383462,0.16468772589087902,0.1372677431723312,0.068514143866365,0.102244478996444,0.15104928378013507,0.08452510058006424,0.0828627761482567,0.10037239218206284
0.13014804210035105,0.14096441462741982,0.1084944519479319,0.06806315385154926,0.09261689360829417,0.12407869427882297,0.05923495402592788,0.1546863665031308,0.12171302905657211
0.11863395259448249,0.19238491723229834,0.09622349391663687,0.1980295415074276,0.05811581952035246,0.10568445790704527,0.06988513438098497,0.12786289416780935,0.03317978877296259
0.09918048071073167,0.13206312515218277,0.10937893216677846,0.09127456643448262,0.13476463636545657,0.13327753100341289,0.12332259937602129,0.09195391503845056,0.08478421375248313
0.16343985651510537,0.10676053427751457,0.10002973144116468,0.08898589698763337,0.15630180072890898,0.10791022335461592,0.08202178332242926,0.11987360645001134,0.0746765669226164
0.04470948875778764,0.10031993940514954,0.08240170086628451,0.061159928889920334,0.20767581240154356,0.10577990025186577,0.17306587188372644,0.12563378760214852,0.09925356994157374
0.08720550270949297,0.23245197081409752,0.08636114854888442,0.05695669534661582,0.043286758407184066,0.1066524560872375,0.23218381680182695,0.07357532136715912,0.0813263299175017
0.10910184209227837,0.12405312212026735,0.11557429113035043,0.14544836430250466,0.14419432676914615,0.11562195534593735,0.07450080075080028,0.08863450087310115,0.08287079661561426
0.09325782094813827,0.21203777822546888,0.07201287443474945,0.08537383988332974,0.10399352496636684,0.0989830047769474,0.15223857250870615,0.12014339387497867,0.06195919038131462
0.07506370046524345,0.15657531008316908,0.08779034936923795,0.1418509203070174,0.09607250359471785,0.12230926548622133,0.08281258148159347,0.11943263160828255,0.11809273760451693
0.126364969597702,0.10890029759884168,0.07336406044075568,0.13914510731269944,0.0944537326336437,0.09686371264604172,0.17427947889291992,0.1010356068458863,0.08559303403150949
0.06785176463694213,0.1578887611398295,0.08116243208662897,0.09921860917271512,0.1221866374787125,0.12179603510795285,0.12422954026674364,0.1304121334764109,0.09525408663406439
0.06668429534284308,0.12886317030003427,0.10433862444645454,0.09933658811721431,0.1879206398568493,0.10017115340728709,0.08082729861927059,0.13053288773618815,0.10132534217385868
0.13307759375758874,0.16995101623660605,0.12232639759157782,0.08625336975451765,0.12502029705853496,0.11484127089808026,0.0775116274496226,0.08135121186883937,0.08966721538463253
0.08152789624690691,0.14288134240308267,0.12551252004370692,0.11817372392022511,0.12640396278039776,0.1152550510198977,0.11996287005853556,0.059004463448810385,0.11127817007843703
0.1447478776215285,0.1477633992071649,0.11185010863059767,0.10436781191107213,0.13882608099490498,0.10516124193763277,0.07457051482953166,0.07023735707696825,0.1024756077905991
0.09934870177905676,0.1384523089560754,0.09051274768797908,0.09379786371338801,0.08578983815941636,0.0952112832591374,0.12374934593365532,0.16678024934523314,0.10635766116605855
0.17454543167237868,0.12034148836404163,0.07118394265211699,0.11138999722782485,0.12286679118181426,0.09697471594412144,0.13408546253555784,0.0724997506081285,0.0961124198140159
0.10534701156443822,0.14816058172042845,0.0905264316668888,0.09780222084721557,0.11122602496352174,0.11201116416925984,0.14280564212012115,0.09852479362488341,0.0935961293232427
