0.016846410336822135,0.11200511332178019,0.02510204745620918,0.10420147372998965,0.12099525429120613,0.09142797441481781,0.14113879087521047,0.29348849325289766,0.09479444232106675
0.22487230428976648,0.11405144634465521,0.05950410444870674,0.05482672605967696,0.09086593071411346,0.0970028547865428,0.13615630415799332,0.12789423509228107,0.09482609410626397
0.08811648998178646,0.079188136440882,0.07625509795591333,0.04872452176646053,0.09181095512174169,0.23004610627442368,0.2611771681625608,0.052116950073534445,0.07256457422269709
0.34751210948859373,0.09525352508925196,0.021357772479309516,0.06013486716760532,0.12600803228033527,0.11703300826071132,0.05426725708886913,0.062390752723922416,0.11604267542140141
0.10221997078686196,0.12352014128626132,0.18394340090886,0.06971676928002764,0.09894393999149802,0.11596778383160411,0.09405298522958905,0.09401990002696319,0.11761510865833459
0.04413830986051798,0.10166721442525763,0.19423641799169525,0.0720691361599509,0.19958464594146197,0.07523889243226999,0.09010588329133086,0.1282275461677375,0.09473195372977793
0.0640739056763986,0.13660428401701155,0.17010849738160264,0.06919450743735496,0.1442525621797261,0.105947444970939,0.07460752530623214,0.13345131167805815,0.10175996135267686
0.07630539849083391,0.12687612581110888,0.08931373912399536,0.05533834635469456,0.12292883990260939,0.1641040659800382,0.11980998876086006,0.14804867305399957,0.09727482252186004
0.07349052022730217,0.10448107910122255,0.2953997236912536,0.06064014723404892,0.11395524133454421,0.1149429343796809,0.06577679756934686,0.1023429259219627,0.06897063054063804
0.10016286167429166,0.09902975279128932,0.03703936748125009,0.054080799268474804,0.21132182309982175,0.19133902530387226,0.10203532901916505,0.09845480488666287,0.10653623647517219
0.046122264857676114,0.11563889242883953,0.10811978981710307,0.12468527233180961,0.11961277460968293,0.1268811353046545,0.1627700544502977,0.0972531947352412,0.09891662146469538
0.2273722680784258,0.10488627405206025,0.026737853687390702,0.09398813567817334,0.1303770719120856,0.08023641265027993,0.044542934280291636,0.12343407178458228,0.16842497787671043
0.16929621251035135,0.11600264826019252,0.13573143502782914,0.034173455109293836,0.0969835616517774,0.17289130409156958,0.059130401217382715,0.10339421486597818,0.11239676726562525
0.06138263415090445,0.12019535878337913,0.1317930706437262,0.14307222892075022,0.10276321641784747,0.13431104021865584,0.10345374729383205,0.11490467046702595,0.08812403310387858
0.16996735429608822,0.08903796861976675,0.18459156158323112,0.10268802242984774,0.062108929108304595,0.058336798202003715,0.08560028219811189,0.1772555283577979,0.07041355520484813
0.25579966732914167,0.1030794997942539,0.19716496756405275,0.08322139891372596,0.06104775806916613,0.11341591184076333,0.06980260099318679,0.044940661794844426,0.07152753370086513
0.06547189534397814,0.12427495102171415,0.06328671092562332,0.1004347220297609,0.09533607083234603,0.22591866604425911,0.08422892347980916,0.123977353381788,0.11707070694072112
0.04081938379669366,0.0986345692883875,0.11339696815797269,0.14977702034953636,0.08367906868359824,0.057507761875588696,0.2551214623218856,0.12439560595728814,0.07666815956904917
0.08041040034020526,0.10809147637357186,0.0458305571343653,0.08869075160127939,0.12238195089722081,0.0856463687454882,0.12338095744794227,0.2361956451653027,0.10937189229462414
0.06638264379492312,0.12854132268374643,0.06131537948137613,0.05710228524092664,0.14431874277637227,0.1970708056356574,0.12272579322972717,0.10785129533528033,0.11469173182199048
0.11973908467856975,0.11931335508737884,0.1534273339154669,0.06898335065202628,0.08265854436502952,0.09484326349259019,0.10555518017202663,0.12993679096229613,0.1255430966746158
0.1338353069318303,0.11415293130808435,0.14649331303835636,0.06373259310939454,0.11515837186877854,0.13930865546531446,0.061703305351418325,0.097359606411684,0.1282559165151392
0.0496498639363987,0.12035262373350797,0.10301920712494951,0.0654959907928969,0.12698832253140144,0.08373552018796654,0.13846121793720959,0.19811452059841192,0.1141827331572574
0.11413583613979987,0.12091591353176194,0.2358618840257283,0.04718228027735252,0.08610376654340222,0.08549145584910832,0.12672653294486338,0.08171358170234695,0.10186874898563662
0.07432042499444012,0.11603864108316782,0.05903764313333356,0.04724507471294608,0.14323099736907816,0.06152871012969736,0.28933180413993925,0.07400504798426288,0.13526165645313473
0.07340578583161521,0.06497026410569841,0.022413931457197545,0.14469718311454235,0.06265220496280051,0.27723426332120216,0.1903158491626561,0.09223918934078852,0.07207132870349915
0.22448892680422772,0.09449369255677253,0.020464997136020704,0.04116008487295503,0.1971560179416992,0.09887583300827196,0.14003697796994904,0.09496591036066027,0.08835755934944362
0.042804705832650634,0.1333006930830369,0.05647854475306594,0.07152722281928556,0.08388213890504104,0.23618793128892376,0.10410563837059396,0.07661507135951628,0.19509805358788598
0.13683458328755724,0.12126200871084429,0.07278553442764049,0.05195275353539241,0.15664086023590648,0.16667016352997266,0.10168977280078116,0.09775695382177678,0.09440736965012851
0.2019534811761711,0.1437632268894172,0.2274157856955509,0.0557215442689366,0.08327092717420036,0.05882593186678272,0.08133197809194265,0.05946546378297277,0.08825166105402575
0.07569872298598784,0.1024494764300261,0.027599573002254584,0.15169410327640045,0.16726976105017588,0.1099273670936969,0.225224423575196,0.050129045665966564,0.09000752692029572
0.07756659457989863,0.1305429664919897,0.18460642860227297,0.07948100646184152,0.09825410906408184,0.08108023144833955,0.12315469971070565,0.08356380010402818,0.141750163536842
0.1271663674623802,0.12613308716411542,0.1486371172889883,0.07236962671241824,0.09638052616990221,0.08324090983205393,0.17661388187924532,0.07640267540083263,0.09305580809006386
0.14426328398128388,0.16398946973785994,0.02655949174000292,0.0877486808359514,0.1453291104106903,0.08706667423456971,0.1499728030195961,0.10095464082750101,0.09411584521254468
0.2868190758706793,0.09616216885289307,0.011032219165850845,0.06816067177436624,0.16092942473332547,0.09640429144656061,0.17445720321508715,0.0426038611438643,0.06343108379737307
0.14012347489084623,0.13335257341832932,0.09611172372417161,0.05741737174850817,0.15622305610205087,0.1052456022195518,0.11532328914000349,0.08002683441938291,0.11617607433715564
0.05318792312333287,0.12930565969641075,0.16778826292608237,0.06807376509877257,0.11650403947537673,0.1488259174274265,0.09956310911711481,0.09824441911778505,0.11850690401769844
0.04433563988766151,0.15349065150939603,0.15335285156784959,0.09271186619748112,0.0978642378148989,0.16117091152348806,0.09258359673483334,0.06789488327762497,0.13659536148676646
0.08175856592064686,0.13158676825334012,0.0704167700702462,0.08033570554579444,0.11209343870688944,0.07212443735269088,0.12042678805882377,0.19066782290976128,0.1405897031818071
0.14016388927759119,0.09830747574237468,0.17747438701524887,0.08063393463843226,0.058969156470213356,0.15686800606919413,0.15123656347657702,0.06125085954853743,0.07509572776183109
0.07700271734964585,0.11047191315252074,0.25450705182108296,0.06307629683667322,0.12565425019193044,0.08967924833644314,0.08999909833460946,0.08673480942035838,0.1028746145567358
0.09932738841782428,0.10526605912930424,0.19994950880097873,0.0860979764382123,0.17595824836450843,0.052165514650466566,0.06083967331890383,0.09682703094404659,0.12356859993575504
0.09611860423053697,0.14844585041996763,0.11010126928291745,0.11150952031768137,0.12653875061793482,0.10344024342055297,0.0817546360205874,0.11187537057076247,0.1102157551190589
0.09266366949953193,0.1075518459704078,0.2209200471921795,0.08749174295740864,0.09585535268770197,0.08059010673158726,0.1486536315454233,0.08564578515879528,0.08062781825696429
0.16431835593489072,0.1453741745057093,0.1375552993115019,0.08102463258744574,0.10502608481506899,0.11372372744985966,0.09120037358177135,0.06127516362686052,0.10050218818689183
0.23610406159857442,0.08266201985913553,0.03861772501172897,0.15600767486644582,0.08961903584925322,0.08602027630726967,0.12548990259020934,0.09354450745844149,0.09193479645894154
0.108123829455693,0.14501432501288714,0.040501760716540665,0.05526691460838141,0.09186168346996976,0.17872597734722642,0.18109171601964635,0.09939250004088751,0.10002129332876776
0.21303146110949536,0.11861297214482201,0.1590398485800687,0.07209516925562295,0.14790763878368,0.06109858394671632,0.05706761246381128,0.06483492473238396,0.10631178898339937
0.25121456427463534,0.08109021003109106,0.14044123288052937,0.04591955362663116,0.05835382986494079,0.07863461319883196,0.03885350644746265,0.2127839816922871,0.0927085079835905
0.14022861860010483,0.11020746994010322,0.13341240518277017,0.09180259925175989,0.15583608867552493,0.09197007527207697,0.06536391424421029,0.09659182402205968,0.11458700481139002
0.06942963435757987,0.1094677200088857,0.11380900159909324,0.2121606720823448,0.07785729976974544,0.12403051687628659,0.09060027703126278,0.10295197268192069,0.09969290559288092
0.18219439887373975,0.1384264359527352,0.12050641302055252,0.06981017475509858,0.07896171789164487,0.08349387486429022,0.09618939867871291,0.1130182574526159,0.11739932851061004
0.09326449421609413,0.1466593636975698,0.08747344294224742,0.05697205039763054,0.08559729126499521,0.17834588450946198,0.1449990490599767,0.07230847512701498,0.13437994878500928
0.07813748902918718,0.09896839245239934,0.09296656643092484,0.06138274365917648,0.18979318943225684,0.10606827614746517,0.10870182293580039,0.1531426697879855,0.11083885012480428
0.10712975020998687,0.11675826038435873,0.15922722101592968,0.07025502758448544,0.14554492101627683,0.14332840386216872,0.08373651124418047,0.05949026918492373,0.1145296354976895
0.10982981646103114,0.11652310480300705,0.20769931818747686,0.04825602979939788,0.11703860315180319,0.10532369266385522,0.09278847080220765,0.11227319691426497,0.090267767216956
0.16706352648853554,0.10022148409672567,0.08818471965566159,0.05518093758484635,0.13477646360145654,0.2184855348087994,0.08213432317583379,0.07931514348989346,0.07463786709824771
0.07716303581686981,0.12065083932268743,0.06100104643695801,0.14658863194487762,0.0929223190574232,0.12053819441951819,0.1740323783366117,0.08588985276442802,0.12121370190062598
0.05903036302792819,0.11767363839872204,0.11099696219781792,0.09950099716856751,0.12788793458697784,0.1473304270370238,0.09899684220565357,0.13178321958603934,0.10679961579126974
0.08639086984415112,0.12052717239151829,0.0712658830786418,0.06332216640048635,0.15900703114295467,0.15663578494197095,0.14676747790463393,0.0842562392867876,0.11182737500885527
0.09911440679215566,0.11275886405773576,0.04004060451954046,0.32214766880955253,0.12119034504536134,0.06493741104472449,0.017639506709045308,0.12707125365464175,0.09509993936724281
0.062089586797413304,0.10049153113149405,0.13744883417813858,0.06580311322123496,0.11982637152912567,0.19244822033577472,0.04608383897908789,0.1708594775674437,0.10494902626028708
0.036337607171746604,0.11096936535710501,0.0356721861417259,0.04484282332477409,0.12610675143875016,0.31775255055158613,0.17644744439756457,0.04358514347169375,0.10828612814505378
0.057723906016718785,0.13986250707071876,0.1707285275014433,0.06247050730166858,0.13303672742219877,0.09482547728240955,0.08136851217090596,0.12036785193755534,0.1396159832963809
0.07234036131022631,0.08057602583937616,0.17542422202496258,0.2649272827285804,0.10964487723857662,0.0835406651097056,0.05706757512010371,0.0754874209012048,0.08099156972726383
0.10196400600252747,0.14176245936098866,0.10150157614370729,0.07218286664218118,0.13758368396294543,0.08983132911407621,0.17032603387943515,0.06901873811727596,0.11582930677686266
0.04865703209744152,0.09588980492489894,0.3694411176580498,0.04022075672404529,0.09088136952950977,0.1569061607320926,0.049456701875783236,0.06573669239140646,0.0828103640667724
0.09598607937942578,0.09685874131171696,0.36744459486819925,0.02732950569376576,0.07143101605171616,0.12195810608926376,0.08995185047432008,0.06303556147208894,0.06600454465950326
0.2047829065013054,0.10379955923822144,0.18250341884449653,0.054396183208033654,0.10884326998299405,0.12005901022521985,0.048161380238300654,0.07200769016466844,0.10544658159676006
0.10359907993849453,0.1174601868048644,0.12136223925479635,0.08032351689563792,0.13846492322950849,0.15078164446495143,0.08637315590423807,0.0973598446928004,0.10427540881470836
0.24396070782436985,0.11214826822771391,0.09270724788130909,0.06230384514047668,0.09900205181506667,0.15139224861281597,0.07366557633235897,0.061650139091359246,0.1031699150745296
0.09004198911726229,0.12119261054779819,0.19116254551645598,0.055343583284385794,0.07191418392893308,0.10563886412360086,0.1935337328875001,0.06867949121344806,0.10249299938061568
0.20922841964789687,0.10385904477826939,0.2271055699560327,0.07371311298225752,0.07510074881725817,0.0886974267876095,0.061548795513257176,0.0779074612677967,0.08283942024962192
0.15102218190241887,0.12936100710521203,0.15005720666699496,0.11456732997502432,0.11195247531828584,0.1032102680536164,0.07323833964199271,0.08195943878019261,0.0846317525562623
0.09493780150598825,0.10213358806043388,0.14440252305487955,0.09209764333620564,0.08818158290653344,0.1560887742523628,0.1512670346782603,0.08611049110280028,0.08478056110253585
0.23197400248280794,0.1070739647936091,0.04770346857981627,0.12191963321191131,0.14913922169249036,0.07044752343490583,0.12475113170025463,0.06632065881526034,0.08067039528894426
0.05259174134860083,0.13353627737048343,0.1915962418251719,0.08680430662756357,0.09744013418430682,0.08959622109063341,0.13664635730921898,0.10198095668406344,0.10980776355995765
0.06904891695770378,0.09298059127112919,0.38942416339209873,0.024563503601159217,0.08597648259426242,0.09710332220069401,0.06108265057858791,0.09655384633576304,0.08326652306860177
0.12574433806649687,0.11058926113944549,0.07419669075726944,0.11133100022022759,0.1011108880334947,0.12936309454259734,0.12058559595975538,0.11612594243019088,0.1109531888505223
0.08833738556644048,0.10650649898914928,0.07264578844029175,0.04569191307066627,0.10943839853650487,0.29087736276126885,0.16466063016112362,0.0507268519325253,0.07111517054202957
0.07534099272591217,0.11025952122758287,0.03230260452438812,0.11649844652111692,0.09465682997665248,0.06891225049745864,0.11322126395470332,0.22002240482402577,0.1687856857481597
0.06660661589840018,0.12073789175153354,0.26616200167950455,0.0707134018335525,0.08743559022701784,0.1150624203626766,0.04797249627345568,0.13585054913207692,0.08945903284178218
0.19782334680731384,0.13204184258760535,0.08562478184960899,0.127603108629702,0.09475022716722663,0.09495731540925378,0.12073501787600115,0.051752025310912685,0.09471233436237558
0.08770239925070274,0.11095926028537344,0.044938090886410535,0.18863348086784115,0.12251031861426871,0.13343558480498274,0.09582078457592587,0.11442685213053772,0.1015732285839571
0.12943258615200376,0.15785868382314747,0.016524097363353838,0.12465945420037194,0.07301039723489544,0.11976334455423494,0.22263682299715856,0.039878699642874,0.11623591403195999
0.09639884544751133,0.1162086997013433,0.0774838272265549,0.14450866856754785,0.0932414145840899,0.12721230587019017,0.14517130601604095,0.07099156151523618,0.12878337107148544
0.2480893859181358,0.09771508043128885,0.016600185446891146,0.19821973863855172,0.10396976390106742,0.06587255934442789,0.11499935965095298,0.06695486316464382,0.08757906350404031
0.20472554821001887,0.11926325381888887,0.09449713583616119,0.12548801818986785,0.10445850051073856,0.09035896489160224,0.07956534825328658,0.07050467377839938,0.11113855651103642
0.1425979857438389,0.10625971955110815,0.09284447029551886,0.05244347824278269,0.20050855164514095,0.1624176807305074,0.07813640916271662,0.06780180584400604,0.09698989878438051
0.04026541542584512,0.12582198709519696,0.26085868288469344,0.11254723990694582,0.07410942626957134,0.0818087823459103,0.10562628755822111,0.0790421828646937,0.11991999564892224
0.11754160665992806,0.12404283775643438,0.19665060178602345,0.06481337690781983,0.10748879373118685,0.11688414526954109,0.08093909235454157,0.08390092221925881,0.10773862331526596
0.025650058206362823,0.08880617639747974,0.02718892674443088,0.3595116452870896,0.06010174712371225,0.09118884885599794,0.19475676144310117,0.039050128869426014,0.11374570707239955
0.0618882977448133,0.10287870075373325,0.13590804533238562,0.055153731247912174,0.11757368164258002,0.13406287370631195,0.18971256461939243,0.11508242444112725,0.08773968051174402
0.09394626356458192,0.11216166828190506,0.13576198227529204,0.03894349781277279,0.1005458681655158,0.09293819093608179,0.24185540076717593,0.10921000213759198,0.07463712605908267
0.21467915816608563,0.10784075309508796,0.14617077895907968,0.0767612044562995,0.07393294978417222,0.07574405380338263,0.06027770986606915,0.11317088821719345,0.13142250365262978
0.10121695654799356,0.1278240008648503,0.10498957729161901,0.07868418275141244,0.08842208629902332,0.17833074667075702,0.1102120272417485,0.09611194702463116,0.11420847530796464
0.2550804123932213,0.10199903265235104,0.08542302315512944,0.0880198990911299,0.12357375569777602,0.049449288523832645,0.061530788543982945,0.12970034774315206,0.10522345219942457
0.09521013027514773,0.09222919205308999,0.13893652467016512,0.043625962949395726,0.14448656467114973,0.13077486029690333,0.06352394691607889,0.18371139667280154,0.10750142149526803
0.07460602472618828,0.1234781818087919,0.1493323434702276,0.05279183735320586,0.13250130362641385,0.17181381790307348,0.08292855989420092,0.10625164144287329,0.10629628977502471
0.03836664463134531,0.1336922903814559,0.08933574004697105,0.06478399299722466,0.13480989900014353,0.2312253097635136,0.0946737172313991,0.07536088272042998,0.13775152322751685
0.05780770172566008,0.1251579024085319,0.09057323352948732,0.11667004258536551,0.13402784525030173,0.1501816192017428,0.12341463325269247,0.10351481906768818,0.09865220297852995
0.10917307184903745,0.14977874566405544,0.07350806962174254,0.05220803992161849,0.1509373972186275,0.09673897323675397,0.1630136076319072,0.0952551080097827,0.10938698684647467
0.08777923877220283,0.13171197069476448,0.14306639264138307,0.12630346212745164,0.11248799681949802,0.0777728585962183,0.11919358277301507,0.08021057704413388,0.12147392053133271
0.04387815867099604,0.11485371574265511,0.08211313708606127,0.07299028570730749,0.17253475924662862,0.10791487149434385,0.09834988255510511,0.16241938268639322,0.1449458068105093
0.20748041284317273,0.08243155659295132,0.06658618388508235,0.028995810332838545,0.10590237256466474,0.09611581640757587,0.10934551207220622,0.17039886713374772,0.13274346816776053
0.11438826558222759,0.10278440585000624,0.17004122706790303,0.09098398053550749,0.08756190880964232,0.15666186533634432,0.08480688485434329,0.10680593269616483,0.08596552926786087
0.023433293698273756,0.11128268004466642,0.03803910685286693,0.19888158155558644,0.1533006508328098,0.1617267054128403,0.14415222657015803,0.08477645571093857,0.08440729932185975
0.04037133926797295,0.10993014943479233,0.2019870129160898,0.11175059448025461,0.11139843795460098,0.08951266065644058,0.12101944670412597,0.1262251081386276,0.08780525044709515
0.061301494741041164,0.10894203503253612,0.16923990535566613,0.07519025618815234,0.07870808291141791,0.20252871204181025,0.07437517780418758,0.12562441884276443,0.10408991708242414
0.08117406981226488,0.16805823273108886,0.0398362919129178,0.20902390590592637,0.09900156237913345,0.08515682946883389,0.12851371204739445,0.06993313989053036,0.1193022558519099
0.10492662993101781,0.09271234602029144,0.10988337670015062,0.11046410194534557,0.05899732859892023,0.034680343452411215,0.08588633937397716,0.23221491229218005,0.1702346216857059
0.026265571811103772,0.15000400830605487,0.0855034694664198,0.12706000892260788,0.15109717902237127,0.10107781156948353,0.18488542876079517,0.05324117088162989,0.12086535125953372
0.07511228248060736,0.12127694948132846,0.11086574572188979,0.11285047603096159,0.09825444699798021,0.17291248596141048,0.11713675265496554,0.09382751821672834,0.09776334245412822
0.14680445543440276,0.1305089505435506,0.10297108432196551,0.07825214335029046,0.08731241370151903,0.141875035609947,0.10300375662298701,0.0991924579598894,0.11007970245544811
0.07462201830656427,0.10346694506428877,0.23231814212009305,0.07911357097199383,0.13341285293069824,0.050399187849308864,0.13689765639746607,0.10490493133502744,0.08486469502455952
0.13428228942526424,0.09941248094856371,0.14037026299189057,0.07750871418449717,0.1321371530577302,0.14773903681765826,0.09415368750762938,0.08252992584098144,0.09186644922578502
0.06470893750407795,0.1080338690746435,0.1353888934950203,0.07208736542351497,0.1137698849537328,0.15276382346839182,0.14612643355741123,0.08755592092517545,0.11956487159803202
0.1928579983154791,0.12874562823640526,0.16469853887542987,0.08607584407313541,0.0971939660680557,0.07288066241250563,0.0695072555581899,0.08972029273274586,0.09831981372805326
0.16798129278615,0.10881287626233142,0.04795117090377207,0.09030444041062242,0.10043020057746199,0.11553500480038703,0.13277790567410103,0.13690682999972503,0.099300278585449
0.07551322003271733,0.11157208408503978,0.19601152049472192,0.2152394003828444,0.14800091522542966,0.032885801811058636,0.07352890738804181,0.0714970960498854,0.07575105453026103
0.11659754921411251,0.13505586832565386,0.17635370476111376,0.08569267675948865,0.14347302899875378,0.10641578100081445,0.08129543112615407,0.05855635762595616,0.0965596021879529
0.06807013203622637,0.18453633782526557,0.09142166239988954,0.1743425286812805,0.1036054501544932,0.09784589226164374,0.07929960802496606,0.04560089789614066,0.15527749072009436
0.04593512706341394,0.11505914377341804,0.07082927810750947,0.06403208844989684,0.10101310278362922,0.26664815712266515,0.09996788523221144,0.14354292254439935,0.09297229492285652
0.06839112305830607,0.12478825306173408,0.09766577731835396,0.05108857979115646,0.21960355562224243,0.12330017776823228,0.07623944200178163,0.1297162086216274,0.10920688275656569
0.06916346507177122,0.10562515262224448,0.18338022519791916,0.058184602820111564,0.07754873165333019,0.1577347913533184,0.10694928860749808,0.12252472520156199,0.11888901747224496
0.02853809522491187,0.08249722069928807,0.008437759082798405,0.22268013677436396,0.16628554435397433,0.03762054896596,0.05673485172497003,0.27894377843970725,0.11826206473402606
0.29938710137239655,0.10655755676865686,0.10502079231738826,0.11089493083212143,0.08605087118481532,0.07398869338808702,0.047545293231733184,0.08137928406327156,0.08917547684152993
0.1298773162437921,0.11859333393444492,0.08539125117873458,0.14694938051358475,0.0798808592137258,0.12723562517213413,0.1353389167253368,0.0891165056307452,0.08761681138750167
0.08354762705466368,0.09791791992423056,0.13779156681997332,0.0421075199024181,0.12373510200266187,0.16776509632656553,0.13044215342418894,0.12985413918226127,0.08683887536303671
0.12878045996058526,0.12168228762228943,0.1363510360215476,0.08248089124114609,0.07546745896964871,0.12404187524716924,0.13674744006147035,0.08837496929603178,0.10607358158011145
0.10979201979227839,0.12126277453326069,0.07201256147094758,0.07361138041779632,0.13409644268306972,0.2051520825602379,0.10633048059700378,0.07466699754491772,0.10307526040048798
0.060767752265970455,0.1343699428625348,0.05921850994451692,0.15850923948223317,0.1388216741299935,0.08493025256701432,0.1361250664694322,0.09768872138392347,0.12956884089438112
0.32698800411052825,0.10682853594582827,0.020667581568012076,0.04543763034529771,0.08550675463700756,0.09226278071978183,0.15337128257357543,0.060106912864228444,0.10883051723574046
0.22145425573522393,0.0993993620507007,0.13636194402669802,0.10553083122760898,0.0832484137990938,0.08026080239220655,0.11782926885442767,0.06165708482853103,0.09425803708550934
0.13696486836825753,0.11845171562245033,0.12021227333599381,0.06449755428834487,0.1846646066405484,0.07276206619219998,0.07356934147619369,0.11766719371985847,0.11121038035615283
0.1267175518060163,0.10941290340845293,0.17375848031356966,0.0872092759544113,0.11442934638157877,0.09739048391613096,0.07009182384769651,0.12577830848973456,0.09521182588240897
0.16046113059922704,0.11106357096998402,0.06108022430661972,0.12113252886283606,0.07336554511778508,0.20558872149833132,0.08418934291869444,0.09265811292479896,0.0904608228017233
0.18394016216558554,0.12284342056217917,0.13968798622786288,0.10590983265179536,0.09581859194804872,0.07657877170292247,0.08435337212815432,0.09252776649969245,0.09834009611375909
0.08373466700848815,0.12082955950631469,0.17336873738902167,0.12373459315729211,0.09517859760070445,0.0801132046482138,0.09813755669300295,0.1277215683528322,0.09718151564413004
0.19567197525341815,0.11112463939685169,0.08131315483127254,0.07416840070463711,0.08858264182939345,0.21570894982237418,0.04636443498500716,0.05307073656955257,0.13399506660749305
0.08108786788123663,0.11421343450601816,0.17860715727607504,0.135600874457205,0.08822097031894616,0.10290802226708895,0.16503925480187429,0.03183323779698821,0.1024891806945676
0.23426992787893072,0.10224576463016406,0.053393519457263165,0.055971719707285504,0.16488230040376778,0.1550343418710071,0.051675036852310084,0.09156947616719735,0.09095791303207425
0.2905749033523148,0.09627333953361368,0.0754489005991187,0.04174271624797193,0.08834848133559416,0.12659721594746728,0.09684617921122085,0.09882548221267211,0.08534278156002646
0.018645263823007102,0.11748678032512046,0.13705697275356435,0.20976520490885078,0.09266973734604618,0.043856581182170555,0.16437575488051173,0.10184692660557182,0.11429677817515699
0.17713138245464,0.09641154695581779,0.06886418656843409,0.17111420545481346,0.06700972851509261,0.08726710554072499,0.07692158327809628,0.13379792421421957,0.1214823370181613
0.13404189764642882,0.12282268989149116,0.12152857166404,0.06928918109927563,0.1366347264077535,0.11034823858765462,0.08534732389065215,0.12218673659559126,0.09780063421711294
0.26338302274841485,0.11309051334736864,0.07354045326419885,0.11388193055119959,0.0949579017189607,0.0759184375133406,0.07129453634904254,0.09973291624206364,0.0942002882654106
0.265958976200465,0.09770952958865663,0.08216011606574246,0.09094611830906651,0.12942952874772348,0.12076230649692732,0.05653834338591546,0.07831568599815653,0.07817939520734664
0.10691906075877948,0.09445698489074167,0.09772337865894526,0.07183055048771668,0.09044213312467254,0.27791367093537606,0.12150594065288467,0.06642673349239021,0.07278154699849339
0.10871526736016872,0.12375583830426744,0.31624733115966736,0.07090651585262125,0.06215313603642899,0.09874344135339767,0.07601399487705339,0.051085403406734974,0.09237907164966015
0.18394725238364865,0.09318702399328131,0.23300362005332645,0.04361316844014191,0.0996836630492326,0.1512209500567456,0.029961271192068897,0.09117069477929941,0.07421235605225517
0.06382202150572251,0.11955097391579,0.07519722216316253,0.05444106472107895,0.06740357797409123,0.2645254299065554,0.128838854872434,0.1362085038282382,0.09001235111292712
0.10069474243445899,0.12043605280857649,0.12251156337215412,0.16156548838256649,0.11014345003785202,0.09604553319879276,0.09674239841406633,0.08622185260515114,0.10563891874638169
0.40082376336102016,0.0949124311489626,0.08147033468485355,0.07182829765754768,0.0863139076286975,0.032720213986973556,0.07552167580302054,0.0797114463255685,0.07669792940335586
0.0653573413022915,0.1205583883266312,0.2902658427182203,0.060133482231650846,0.08668149699908802,0.1486835713070843,0.061743849532603,0.059389039772884726,0.10718698780954611
0.22578999979426304,0.11249655025541942,0.0615809031420668,0.056743664557467044,0.1148353519152895,0.1753005409548907,0.07492808773257946,0.07076264435317497,0.10756225729484913
0.2753271383369678,0.10497306394052842,0.08782064545633235,0.05718044664736808,0.10467205954689096,0.0783827593751359,0.10709627963307393,0.09351718114354995,0.0910304259201526
0.12586063011894175,0.10121027428717139,0.11480210829813242,0.1208979843241043,0.08913262343784593,0.18348308941357336,0.11746839993393939,0.06433964588728265,0.08280524429900891
0.06748917478967864,0.11427582794055417,0.18712886388244585,0.06693040239252883,0.09984600934758843,0.16948942054157815,0.092850094533735,0.10987555660874393,0.09211464996314699
0.09876051744068365,0.12561115563906078,0.1549698348990712,0.06113042658265125,0.20589021648413044,0.0821457170648046,0.10176468623585642,0.0715539674405576,0.09817347821318412
0.10242022205521738,0.12195402929102228,0.0958047363873093,0.09042335696557337,0.1295770052167199,0.09141927873786582,0.07372496703922697,0.1510153740064708,0.14366103030059418
0.08968588845711434,0.10632384624585062,0.07359733219063137,0.076369097787584,0.1135639690530695,0.23585746758797002,0.12069325259107817,0.09099852852030127,0.09291061756640075
0.21788590864136678,0.1160870498667362,0.09953428356435694,0.04878506212136672,0.09891321593095591,0.12154881544139545,0.09351331699573424,0.08791714531457483,0.11581520212351283
0.06213056646520549,0.11025374683245708,0.09685831758988593,0.061380310789859005,0.19571829738878513,0.12056022748133936,0.07510990419502249,0.1774490949447501,0.10053953431269545
0.21641957051918215,0.09820939115905576,0.2007000614852136,0.07277571397380447,0.08694768204898029,0.06867233091109605,0.09063833818827455,0.06731013302647787,0.09832677868791521
0.17916590487870662,0.09244506463973372,0.2153616459933184,0.08368150115627819,0.11367613378208485,0.04648550282685878,0.08054520259242547,0.08900705952436357,0.09963198460623046
0.08130710347616303,0.11744278074883503,0.1182625243223459,0.11469619932429853,0.08281512620898358,0.13970066559116212,0.1127617954021427,0.12644444007803676,0.1065693648480323
0.06397230465802729,0.11975339421208402,0.07325247068884135,0.16066412197978655,0.08888889990560378,0.13714714532096148,0.05656304123544215,0.18521968321218188,0.1145389387870714
0.03626569871643761,0.11176747375531532,0.05327601308575689,0.07376697105475982,0.11957080472744175,0.25313577572529056,0.11791573815189109,0.13871689003899748,0.09558463474410961
0.1373694197339783,0.11074713037448829,0.061603689283765084,0.0717972591448222,0.1072278703007879,0.16496896782120493,0.10704802135919451,0.1385071940158021,0.10073044796595669
0.09268199796279974,0.12423372444728283,0.07627358826757567,0.13264049111522047,0.08600552176827646,0.18103052567515152,0.12111607815572056,0.07262113708116404,0.11339693552680874
0.065388304775874,0.14426157887381755,0.08866734349119003,0.10174831353432497,0.12002273440900402,0.12114614334499589,0.07472191667010673,0.10853661549856171,0.17550704940212503
0.14237701814198148,0.10501456864151885,0.22064222764706456,0.06446378727778541,0.08458144831947371,0.10575869520992735,0.12505321627106938,0.05523447494577515,0.09687456354540412
0.13835425780212993,0.126671397038799,0.07017361881948146,0.07733919896932227,0.14496729816519965,0.1260413331725729,0.1305893318467151,0.0879141924159566,0.09794937176982299
0.1478509571258095,0.1318053596555988,0.0608913310592625,0.07244661306166027,0.13678711649549424,0.09727989047382501,0.08953995128358638,0.08910466083092393,0.1742941200138393
0.10442734170021993,0.12411506999394528,0.10579379096049983,0.0792592175995,0.17582264800776545,0.0954178242858514,0.10567028507714675,0.1156218084560055,0.0938720139190659
0.1130901805496272,0.1130163687563112,0.20692099009069972,0.07929589646662492,0.09217997003475951,0.12255579246677316,0.056400002958933104,0.13888212504942712,0.07765867362684416
0.06705771211759283,0.11464952612814298,0.23723301403714347,0.0820649918487565,0.09091147082795066,0.07490509753027157,0.16561821369135768,0.06479399712452254,0.10276597669426175
0.14508347972611144,0.1088588757259827,0.12042950767961436,0.12900294922205405,0.10440640195977065,0.043035269760222226,0.1243568790676523,0.10749902785380483,0.11732760900478734
0.09171373191406251,0.14514580778909236,0.15149180550377375,0.07917614600870825,0.11819436258181597,0.12034276599718159,0.13204266948538257,0.06773912404209749,0.09415358667788548
0.06336908735264513,0.16697821497110168,0.09198452134646941,0.06369224239794764,0.07887472466368024,0.18101087317805364,0.08047047505427193,0.16581559656839248,0.10780426446743784
0.2227180213169331,0.09747937915043081,0.04763550753819253,0.08756572934986341,0.16514903564431813,0.052137963634817645,0.1130634032183807,0.12776708080072216,0.0864838793463416
0.12786853959393057,0.10185545177381865,0.09158706138109063,0.09139886877301227,0.07566645558900904,0.20141443225027258,0.13024683411420854,0.08390711506050008,0.09605524146415763
0.055959381364889337,0.11825400974900707,0.04822351210227723,0.16679232075530182,0.07579583218717491,0.13466183838919718,0.15056116662512894,0.11065226886261176,0.13909966996441173
0.06779259685584765,0.10059238285488094,0.2878591108965584,0.12311080416844676,0.09314228436998533,0.06307556158504418,0.07044482040509514,0.09825367802451442,0.09572876083962718
0.0378520123265973,0.10674737727888829,0.039435120891640994,0.06003261230992152,0.089150213232774,0.17814277575808232,0.3428562419212557,0.05866147721226326,0.08712216906857662
0.06445007031973395,0.12353846851896223,0.05829162696911697,0.16098831183006862,0.18302140295430125,0.09643072111048251,0.10164988370414939,0.10506141926693596,0.10656809532624907
0.13247531355000208,0.10208483554955435,0.09875043303340446,0.09441533565403222,0.19988284281895283,0.14146477175936154,0.0852348958532207,0.05261999275869047,0.09307157902278136
0.08959758054238996,0.11351693544678838,0.09425078665141869,0.06630797662125161,0.08612003076726643,0.0858816072800365,0.19060574317747822,0.1663687384932553,0.10735060102011489
0.06831158106787254,0.1208696039346872,0.1905442946559659,0.07828678824550596,0.07281809165048582,0.1431417953486266,0.16443353885117037,0.05382159222356487,0.1077727140221208
0.059869294294768276,0.11807229288087497,0.07484104797995338,0.06657793601504174,0.1567969777182391,0.16023882847210583,0.11491290278433508,0.12987144782344187,0.11881927203123982
0.18183248159053697,0.11460565609565819,0.23839475952407696,0.07516603642187858,0.07058929388582805,0.07756474565500872,0.06194363363659777,0.07263197208154586,0.10727142110886888
0.06252542149119893,0.14955489681048562,0.03501287678492133,0.0883983568893551,0.16263740401582588,0.12048380445830308,0.1359235305948905,0.08689244845557924,0.15857126049944026
0.030674420038653588,0.13152950164285346,0.059456980249886104,0.12462594270873194,0.07777881169188099,0.19575739045668725,0.10921461632604772,0.15600935768653662,0.11495297919872234
0.05820993751777672,0.12272900279608819,0.15019194385469858,0.11495803126148567,0.09437858509081633,0.06390495953934995,0.19451683894824348,0.08926278557204725,0.11184791541949385
0.3990179405698346,0.10330403236729584,0.04931306953266179,0.051872482353927794,0.0779618188284255,0.09825733754102951,0.05978374719580685,0.06128935231938968,0.09920021929162848
0.08941489231600046,0.11457491169236246,0.10599282831936908,0.06322545565580916,0.09081315442759536,0.1968954273499152,0.0517739079090179,0.20084110431091098,0.08646831801901934
0.09327238139245775,0.11145765039555261,0.21099308341148693,0.06200817614657785,0.07866577237878337,0.1637327403329698,0.04724184655846055,0.13545758301996416,0.097170766363747
0.07631595616651672,0.12257494205785864,0.20305000304234408,0.08512743898244203,0.10020795561885958,0.09185346046037886,0.10050089548072398,0.11029022664694199,0.11007912154393412
0.1021831101855278,0.10271375897721696,0.18235643487382228,0.09881825550275315,0.08679830257804422,0.09221504950721222,0.1348438956306167,0.07835077038138223,0.12172042236342444
0.2212906377772891,0.12894349510712874,0.06462756548211061,0.0810878074447174,0.10238482712191815,0.11411634228473393,0.1051956586413515,0.06818614995455885,0.11416751618619174
0.04757100566449979,0.1169321124005414,0.1607964940282981,0.046389379655251806,0.13964914373919493,0.1386878992252407,0.11301011122430545,0.1250656994556739,0.11189815460699393
0.04469913068087111,0.10937987430840668,0.03234396072285007,0.2552727521611317,0.1531000683894182,0.1352445889445066,0.05122036760914089,0.11135730907584131,0.10738194810783346
0.10854926559779234,0.13405792245612244,0.15167947384368088,0.08376388784203387,0.07652825545808649,0.061293019538217676,0.1314320527392858,0.09687078856457625,0.1558253339602043
0.05717045709802406,0.10947007243089528,0.1202518235653463,0.0616533046412901,0.07628765018471419,0.287038069451021,0.11266773490620241,0.09123595143118812,0.08422493629131861
0.1110742114110662,0.10447214107019043,0.15441933599805482,0.08131414628908637,0.09206953909525999,0.14096710637383592,0.06638244070737596,0.14327387450836834,0.10602720454676205
0.16257426086852333,0.10712608134493788,0.1324269022888691,0.09421234478366446,0.11848191786380131,0.0787276769888312,0.09371429669753155,0.11850825791006535,0.09422826125377576
0.06538355666732397,0.09499581427971095,0.29579283656809024,0.10642690574749068,0.07532067523025099,0.07718557799585314,0.0859778676347323,0.11612724768385911,0.08278951819268857
0.11571840709242222,0.1341551346157606,0.13147864722195235,0.07056907066112363,0.09629661599168064,0.13854017215635886,0.09697638020710886,0.10154884455934242,0.1147167274942505
0.037845465271463874,0.1386822266509214,0.20399031466296633,0.0744223492881702,0.11239405877140611,0.06901115516166893,0.058988440619614994,0.18339755411549877,0.12126843545828937
0.08517906232206444,0.14438648626991438,0.06088904285435829,0.23937603437918722,0.09303918414638418,0.07690130837070135,0.08550161660242228,0.0882896492499869,0.12643761580498092
