0.1385933253305952,0.07250699866492095,0.05008857638869424,0.14837827820355956,0.037735594653629724,0.1087883691937364,0.06642958102097417,0.21397658989042115,0.1635026866534686
0.11512874318640078,0.09657392766952692,0.09891690375512398,0.06699596953140541,0.15624955306766908,0.12826645034057765,0.10768269634803172,0.1362303893650911,0.09395536673617333
0.09116104323153797,0.10020775432294371,0.03760351896664572,0.03116392260459284,0.22362580558257592,0.1932501783360228,0.07409887886312085,0.11720709084426555,0.13168180724829462
0.14766598662737376,0.15972980405405796,0.09130324351749336,0.03874040172357442,0.07730518951383977,0.13754951424825923,0.09937058686667094,0.12758470752717962,0.12075056592155087
0.1309130791834127,0.09296544988825328,0.07995800071816499,0.08241595670997065,0.12651428510911447,0.14746554537441722,0.11894105387687393,0.1211778848448697,0.0996487442949232
0.1114679992158092,0.1317308275443315,0.04144284606356249,0.06771259070482065,0.12576424045795084,0.1047807288491962,0.16321302975263552,0.1606087289696894,0.09327900844200417
0.12313640349565284,0.13542332114140668,0.05753837375604711,0.10116483997983089,0.09597607681701315,0.14784962211357033,0.10877571660463044,0.14252724273809897,0.08760840335374954
0.10533102417708828,0.07795552564839815,0.21977738346393885,0.03625932390119698,0.11325016427932204,0.09183168459736683,0.12006813819502536,0.09524651327145872,0.14028024246620477
0.08611608889693023,0.08557151240622803,0.04657906839933725,0.056817437229690765,0.16711638399888792,0.06474541313111085,0.0629491266640856,0.09035353476215002,0.33975143451157935
0.09519675755704558,0.1409245851853447,0.06159379501094906,0.06428191460164008,0.048767216869943376,0.1201146882294128,0.26591997638271675,0.07889329205333943,0.12430777410960815
0.07929426749216723,0.06094107347522931,0.2162584709732783,0.20946092683717868,0.04540960301826815,0.1153190378965225,0.07217307212288529,0.12083862927049427,0.08030491891397619
0.14115878268859025,0.0995644049606836,0.06730428998294453,0.08531909153169814,0.0891158886538207,0.14396218120804335,0.07628061456481845,0.1855803199840055,0.11171442642539546
0.1358829818306803,0.1318456383628235,0.0542810561327548,0.07098536198138783,0.060556719271594485,0.12749919613235758,0.15311797722294163,0.1172049199372876,0.1486261491281723
0.08295880235698673,0.07587382877502193,0.06697993844564194,0.08134296981415608,0.217972112503836,0.13611452448636932,0.07401147997902265,0.13082731976247078,0.13391902387649454
0.11661870925471851,0.10601844320525396,0.05340945770718549,0.043797186573148045,0.09618247397622232,0.1929348475671706,0.08613186433155473,0.17205670262593156,0.13285031475881473
0.10704637925153869,0.11466561063269276,0.029756756564095713,0.04806244294866302,0.06729526054049269,0.27048425429478423,0.14420484141259018,0.12524688533181674,0.09323756902332597
0.11919027636595543,0.14018314057239137,0.058248885523996506,0.06376691958554048,0.1052778153450888,0.13220376210644494,0.16704248481902392,0.09659258958950655,0.11749412609205206
0.13007516882052653,0.1586380681477653,0.050751518139719155,0.06191206592448469,0.07423643768527631,0.1759313496635602,0.11886514246420286,0.14105951884040235,0.08853073031406263
0.11046150000687022,0.08625571104882097,0.15465148395128978,0.07587452863009406,0.08717973456438555,0.09075927839326092,0.06499379549734936,0.09208820010798507,0.23773576779994401
0.1165905563563477,0.05402025968163557,0.1638622813743558,0.05143870714537426,0.23837881668244243,0.07303899706406974,0.08641080842425981,0.12043636874549064,0.09582320452602394
0.1141815341896002,0.07971902507679514,0.2996621077197584,0.06528741778200664,0.10134114868514991,0.07643930883711413,0.0648667706517783,0.1411207218370852,0.05738196522071213
0.07942602402554037,0.06931191375108237,0.12623679115546443,0.24776617431661807,0.024472135038806905,0.05354358784370539,0.042087179904090284,0.056927449289096266,0.30022874467559596
0.09296465246349722,0.07368564408240397,0.06043835757762674,0.04983819689791933,0.33257535351714607,0.06117904929802779,0.06691304424434033,0.10897462870788331,0.15343107321115532
0.1546962449781423,0.09661575254270098,0.05462311508820333,0.05845581112137895,0.05491096445271893,0.13118433621617961,0.07613424195833463,0.17639633191968618,0.19698320172265504
0.11237429917235704,0.12149598079745523,0.17122590625657566,0.04056905981646819,0.07728585116143144,0.18648282396685545,0.08058612143946693,0.1563282707172682,0.053651686672121834
0.15714757138945587,0.08361166609834116,0.10284244466363485,0.06475196861684947,0.10801653608833035,0.14587092188043702,0.09458029310785436,0.19434931599243957,0.04882928216265736
0.1300801255002085,0.09029503799391159,0.06507333513977441,0.09428042435263018,0.10602227437691436,0.10750699249609326,0.151154395524949,0.11517414241973967,0.140413272195779
0.1145997428816557,0.1385592821687737,0.15127311123769135,0.07100939696589981,0.10654873770376304,0.10472691275492507,0.07726800853304094,0.08992200828075514,0.14609279947349527
0.13292931238243502,0.08962897444706497,0.07080544034785476,0.05995649699674318,0.22629990214944543,0.11424678197204746,0.15860367824346291,0.10158590383204187,0.04594350962890439
0.11444619612245206,0.12202982611189493,0.06283122621194066,0.05263924565976982,0.18522153941953215,0.14172050456067517,0.12169490824763875,0.13157067631997868,0.06784587734611784
0.12648028456368507,0.10185609673018026,0.05569952600096712,0.061191716304120757,0.1529891857375035,0.12444488603974398,0.11760644727673737,0.10819833932295182,0.15153351802411008
0.11102884050817537,0.11860538565287171,0.03725977519968275,0.1088266889194756,0.17671363500114567,0.08604629137646913,0.08642296994672967,0.1170115626666018,0.15808485072884831
0.10034254558591292,0.0584840774380079,0.3923995358245542,0.08266922718002893,0.04500388555249016,0.09644601567125353,0.07529126678527166,0.08764919507576559,0.061714250886715
0.13265513426402817,0.14809434371145938,0.06764117208558162,0.07998238024390246,0.12477008985777382,0.15310937006204864,0.07794898358074788,0.11763982574571584,0.09815870044874214
0.13416742382457383,0.07407024549685037,0.08776055793108957,0.04676536180394494,0.10351334737267244,0.17366877608219558,0.12194563632880899,0.10629217526280217,0.15181647589706215
0.12597129337711624,0.1245347104698923,0.11321318899440007,0.11377002057774878,0.07728206400725461,0.149146063970651,0.08926003875777656,0.14934124339888263,0.05748137644627779
0.08859420778624584,0.20963709497770996,0.033092150667864466,0.11814732575249946,0.047731812679952,0.09404289297951539,0.15880020496019054,0.0759635883854674,0.17399072181055497
0.12355819188622578,0.1857627101489934,0.05388346230773178,0.12389791467150023,0.055183276111700826,0.10223597920960652,0.07664466442098399,0.11633375366168507,0.16250004758157244
0.10318718561653512,0.07176362321837075,0.12678703122741383,0.044682603698302015,0.07169119127829127,0.10995419666094698,0.0777044752103132,0.10132418922315677,0.29290550386667014
0.11375896677005763,0.11233225925845707,0.17862678672755192,0.06806173099163655,0.07375890607297303,0.09498229930926415,0.13149157680630674,0.08679389930013338,0.14019357476361952
0.12015740116639138,0.055721900144469864,0.013144821591494294,0.280739510481208,0.09031534661533651,0.10032230147859685,0.08808307974898956,0.18873906669366555,0.0627765720798482
0.11272496243246295,0.12690450410171264,0.07856196132710021,0.06033197036095278,0.16082729012825267,0.11149507776883462,0.12927251576431095,0.0958382209101425,0.1240434972062306
0.1238584945115093,0.1757384231691237,0.09437344515353303,0.08141736970109231,0.162929468290704,0.10666257988116463,0.10573999673274047,0.09516897981062154,0.0541112427495109
0.12094565465791525,0.10126960072385753,0.12908502895032245,0.0379522940714534,0.08360529516904118,0.2038448761107601,0.11707868742221506,0.14127877242051146,0.06493979047392363
0.1211444439039921,0.10730938572460628,0.21098048773337053,0.09079488098248141,0.09031820248848503,0.11105008804615897,0.08285483146754118,0.09739195929807705,0.08815572035528758
0.10747664871119907,0.08242711518645916,0.21872992949208028,0.08695463832395996,0.11444624453330475,0.10091246234368201,0.10357319332397114,0.13981296230159962,0.04566680578374408
0.1257154922711294,0.1318789963955393,0.0605779012138957,0.09342059415760447,0.0762793865017352,0.12892162305091112,0.10994593788544443,0.12194919835549504,0.1513108701682453
0.10367521702583365,0.15619104837574074,0.05412118372750433,0.051266010485527536,0.10772309526488055,0.18146827304270174,0.1025773492670648,0.1431668435909534,0.09981097921979325
0.11128580471361971,0.1471560785138918,0.024448106562356464,0.05469028785627417,0.08463299574393353,0.1816527489814516,0.10549208984390958,0.09194637772369314,0.19869551006087005
0.13993810914711777,0.08932440155130235,0.1094930841391671,0.06374866324834519,0.059260713221092665,0.17536980655874937,0.07644527955459261,0.12070177015620298,0.16571817242343
0.1294629299533588,0.1808637077155434,0.07511329420112327,0.08236034090207503,0.07347808756044566,0.1579714824451577,0.11036203072308275,0.1070364892969684,0.08335163720224491
0.12846478462710553,0.11316866191179643,0.060365566227510374,0.04314796280712816,0.06576355757313126,0.15682873304088504,0.0942815875353084,0.12024328073534969,0.21773586554178506
0.10549091063228556,0.28138232061380597,0.1034339017023558,0.041390492715967016,0.05844200870036529,0.12051821494784205,0.14558999404813575,0.07888517542966444,0.06486698120957808
0.10751590875370183,0.15967738284680785,0.019800074181054342,0.07723331232325194,0.1525212403198464,0.1336009384228074,0.1742077054372113,0.12290588467220047,0.052537553043118364
0.13453203512007608,0.187927236448214,0.11817830078111641,0.05269121702506389,0.11399171993191203,0.1080579366090779,0.08333783098163995,0.10966025594268104,0.09162346716021867
0.11832088513044688,0.07661234739157115,0.14392907555680368,0.058527265112390786,0.1033871220587188,0.10070039552614318,0.07205502686999724,0.10380121989227283,0.22266666246165548
0.1052417682150509,0.14615986560462008,0.17978356139102006,0.03189491026580784,0.1699203866977559,0.11137430202602965,0.06918959572304742,0.07749108925934171,0.10894452081732649
0.11511138075553524,0.09741725934577145,0.030620801821676036,0.031205438742791063,0.14571669401420506,0.17593210104636312,0.1826010953885934,0.1465143788763962,0.07488085000866845
0.12902717638418026,0.11093524824289869,0.019442872877044368,0.1887566808749868,0.057217772318035924,0.11955707412511081,0.1683457908841751,0.12012626645322189,0.08659111784034612
0.12950375384648047,0.08035359249462487,0.01917939492327762,0.06933503384117512,0.20371560364862096,0.14145155440218324,0.13544929959279287,0.10525697948894293,0.11575478776190189
0.12122467916766906,0.14965875927740802,0.07236894469584164,0.090075301725509,0.09133094118434841,0.08843522031550977,0.0903359346596293,0.12370050193742439,0.1728697170366604
0.12030083127144087,0.13583982108733014,0.22836263745261864,0.03997721062530164,0.06567790000108607,0.10640165785183579,0.06628079994542489,0.09015274620867658,0.14700639555628545
0.08639710736823124,0.08464813759964747,0.21582159301140844,0.04765540674324856,0.29774189875800144,0.06867447330609044,0.05346804417284606,0.08371861757338946,0.06187472146713688
0.13042179741278254,0.10800371199214126,0.13694485185797717,0.057974413617093934,0.1109972435874171,0.12203798889722701,0.0822002555770696,0.1451730601889626,0.10624667686932872
0.10016294419814464,0.15964211695821803,0.03957216431945871,0.06632373481348451,0.10645977242376221,0.07874110109826822,0.10873818848499177,0.1134766936198886,0.22688328408378333
0.09899211361896286,0.15937758224949958,0.04089424923958663,0.07514429078878539,0.0445083063394561,0.07990135189526766,0.0687066562862849,0.10768954901427708,0.3247859005678798
0.13239536118712564,0.10167500586052236,0.049187302922874376,0.11809188390235259,0.05651574495131729,0.10231929449166487,0.07563540698454509,0.12830809571133836,0.23587190398825944
0.11363256798002593,0.14413360478513743,0.08381607666588738,0.038857811071389005,0.2513024574569515,0.1166465817744735,0.06360601364997845,0.08556163660751402,0.10244325000864285
0.1093222663144553,0.09264259436047662,0.0895943392819747,0.05107514344142722,0.3032538123838866,0.1098258847946675,0.06132002578357535,0.0856113453188705,0.09735458832066624
0.1232556323316259,0.17171574680605187,0.05186751884938711,0.11527597259365381,0.11661254054535397,0.12116270582761594,0.10508214084523539,0.1187672402433706,0.07626050195770544
0.0839672760736226,0.049520595128868916,0.36693147161182815,0.03114108612801052,0.18884597817886928,0.05072954977859554,0.04891017450213959,0.09143364737913728,0.08852022121892796
0.1121157684432574,0.13560535831651818,0.03194027295483499,0.07861115293837469,0.11005106923506525,0.15175202682118163,0.20212501058351762,0.09120751354027269,0.08659182716697754
0.11242569626030859,0.18585965423400921,0.090143358695238,0.15657104287806237,0.07619223744537092,0.1006816603026756,0.08065212765916195,0.0968391839962723,0.10063503852890099
0.0729511712611834,0.04923544061961379,0.3466794546703731,0.05537836772666991,0.19133452635639223,0.04837712412499277,0.045025618587185894,0.07995818257114089,0.11106011408244802
0.1280177945408053,0.11194998164332097,0.04038416733846794,0.19563524265757667,0.05322395943585987,0.13270074524835648,0.15769550670422636,0.1015596777729938,0.07883292465839255
0.0982135265222648,0.12437359538905322,0.03926966993888293,0.04941098674499106,0.1790376402809423,0.12075413926226496,0.11532963112784918,0.09655885688028881,0.17705195385346273
0.08726817347553935,0.07252098563795766,0.03345031388293383,0.05403267487675676,0.27337750262846333,0.10723015110802302,0.08613681693156128,0.09359032374791999,0.1923930577108449
0.10408939651305271,0.1782150964807153,0.025166535132486706,0.0908936030711995,0.05443035632513544,0.08910084491019045,0.29482513470310595,0.07772737933288092,0.08555165353123306
0.09852078087052685,0.05492883825995614,0.21629466495965113,0.057156743407332476,0.06995783943732069,0.06936535315834295,0.18205036781471898,0.2058457609982656,0.04587965109388517
0.1297868661191541,0.08667674106048155,0.016069911782418535,0.02553813002128702,0.16792906692497947,0.11205975097612882,0.07467986410982694,0.12232983833476056,0.264929830670963
0.11081163492361841,0.07608934944734223,0.07466035358033929,0.12950318218572585,0.1573116811405599,0.0809920205377616,0.0905225569147492,0.13528793578523482,0.14482128548466883
0.10179051529611793,0.24015623375721343,0.04349930265396116,0.09204228955584616,0.07626558409417598,0.13217454328523845,0.12329324363325776,0.1395532238465864,0.05122506387760286
0.11711494622484114,0.11624657957125267,0.06468512194605308,0.03980213909842153,0.2235787685260108,0.08274086654162661,0.10025727659459267,0.12919591717617115,0.12637838432103032
0.09493228118862418,0.09601493522114936,0.057933462108071605,0.09820921936345835,0.05934090145761577,0.09257109883571436,0.08883056619694203,0.09741061867223551,0.31475691695618885
0.09514383170034006,0.1252925067560714,0.08654246050508273,0.058072135425732585,0.10420013994944517,0.1857160213586436,0.12957589702204683,0.1086291585707857,0.10682784871185201
0.1443510713874733,0.08978647008299696,0.0327321081908146,0.10422576777565305,0.20117202955429883,0.12525719090390514,0.09067129960051436,0.09655218036896114,0.11525188213538266
0.10692766920807313,0.09850920039078993,0.2289040710832825,0.03320351207988454,0.0653639356614694,0.09744877834442466,0.08182624418210639,0.10238790518100317,0.18542868386896627
0.1461183199686439,0.1330229714314208,0.04709325141089129,0.09529347659150172,0.11917662483560647,0.12249783785399233,0.1296083547915359,0.13004925209839832,0.07713991101800916
0.09514383170034006,0.1252925067560714,0.08654246050508273,0.058072135425732585,0.10420013994944517,0.1857160213586436,0.12957589702204683,0.1086291585707857,0.10682784871185201
0.0960055533693485,0.09835395166807197,0.03892807587130421,0.09188403966952813,0.09495815105019333,0.10226427403790288,0.09331995714158352,0.12943875190165036,0.25484724529041713
0.1580947825655124,0.14785559745549065,0.022370862043576804,0.09047475608599469,0.04561138448180991,0.19355195527597455,0.12253564690178657,0.1010193502089769,0.11848566498087748
0.11259847378315246,0.14275757938283584,0.06121198749615316,0.08586607894001312,0.2496994482066969,0.10295481886450934,0.06629359607458886,0.11306464316931138,0.06555337408273897
0.12581582696043334,0.09698179403734968,0.0365385629848961,0.09147486225073653,0.08698660138221281,0.14075995628862076,0.13198912008637606,0.15880403311548674,0.130649242893888
0.10869960130768673,0.10125303305809491,0.061494006492544405,0.21681059363129562,0.0699910078585787,0.10917617522853397,0.16135936613146992,0.11554375045718263,0.05567246583461314
0.1191584242141121,0.07108730461955746,0.21710850666373407,0.03645239108533948,0.11510685384986837,0.1565066847540488,0.06879994699121843,0.12226503744375287,0.09351485037836833
0.11567546050146567,0.20937343601509958,0.09948245507473313,0.06403108057098751,0.05419879285677339,0.1032576158837442,0.19254533755299405,0.07982799087481011,0.08160783066939235
0.10734923307184259,0.1204759877549172,0.03390746873851044,0.05460870853438913,0.0881472670034122,0.26813622387743247,0.0978178650126007,0.13123671317165442,0.09832053283524082
0.11606675181518104,0.1978028983853922,0.03746148897699062,0.07290706157040512,0.11746431761489984,0.1370647409613221,0.14765112220879129,0.12205556269816271,0.051526055768855133
0.12346692306613642,0.11645365372162537,0.09582517671667111,0.08068078379583003,0.07310049770389267,0.16988208499955904,0.10003880085380046,0.10763669120329333,0.13291538793919158
0.10641640109070045,0.0844740155848739,0.02214739867332219,0.12315674175333542,0.04473552426338601,0.14498850830003665,0.10355660974286392,0.14499639524749816,0.22552840534398322
0.09924274587756782,0.1429338816702935,0.04679252525347901,0.10904201839512002,0.12880372765050083,0.06672547157822485,0.1459694880519651,0.11806700758577077,0.14242313393707803
0.11758096311279309,0.07183424928097824,0.15292951406878644,0.235932610871441,0.05192535383124967,0.10810679528423876,0.05563488277977189,0.09295534278969532,0.1131002879810456
0.11985212361073068,0.08070527138562653,0.022970796331975737,0.08824321259448527,0.038205601681925556,0.12746232334365906,0.08166102371548489,0.08495263502835004,0.3559470123077622
0.1115575129173651,0.1071464355410157,0.09016077405192767,0.07625671506478489,0.23749206741413384,0.0953910735217352,0.08779058377645776,0.10999216760594092,0.08421267010663895
0.11845504748806192,0.16423860519086883,0.054493686487850745,0.06239614761057543,0.07240618783934077,0.10471564018365913,0.11712699740074044,0.09497772633971574,0.2111899614591871
0.10184760215402981,0.09645488581952333,0.012846000088490314,0.20163824968637453,0.05965389156190015,0.08640344360249326,0.1323683815343136,0.16781105257663567,0.14097649297623926
0.11237830436803704,0.1742032931406691,0.20732734109180792,0.0641180912374631,0.04813394057105629,0.10233840809752626,0.06173650612807959,0.148695886379512,0.08106822898584864
0.17153739471495755,0.13981513742652732,0.04989206141516323,0.08071462229836078,0.056817502480261746,0.17280852574779257,0.08233339115446346,0.11663401224119148,0.12944735252128184
0.1109391221495311,0.13331507875097987,0.020843379911618127,0.10444267446651578,0.06854237053313518,0.130628437122262,0.2666265979102315,0.10631342784013849,0.058348911315587955
0.10955119762173106,0.1759556194810832,0.03777651419482511,0.06956473004826237,0.04186404930007518,0.14852982811666943,0.112965150929445,0.16409654002635501,0.13969637028155368
0.11320797461048064,0.11761946222292446,0.032645594380449484,0.074507088336814,0.27782276476297685,0.08069582835136858,0.07361882010273557,0.13189329212857168,0.09798917510367877
0.13032668201539513,0.13217275923295344,0.08309806278123238,0.09845773506790068,0.12174708202092588,0.15613598924208325,0.14742472637464774,0.0997515905396306,0.03088537272523086
0.11730521138884746,0.09741378548323143,0.08461512501623823,0.04531525985580332,0.21462063912176035,0.14816388825931756,0.08701590986748982,0.14669984897074193,0.058850332036569995
0.12567881144016793,0.10986909639160879,0.039507894400946764,0.11938992339251842,0.08566983962763312,0.1138177555381078,0.08612684693788585,0.15507204927974017,0.16486778299139118
0.09967038002556193,0.1328716797518168,0.025157724178300003,0.20206676354194186,0.1375941103699632,0.09919500855457587,0.16738914455652912,0.08667434686496754,0.04938084215634361
0.12413062597108583,0.15128143406947656,0.04611480534759796,0.05264436199484634,0.07252575433469315,0.09731084117318604,0.12093033497488681,0.12164308645931503,0.21341875567491242
0.11289299973497031,0.1078983248701494,0.15604668197929097,0.06243074416060316,0.20242825034377196,0.08200526282997801,0.13118934752992115,0.09804259442981557,0.04706579412149938
0.12742808880222864,0.15467386506814765,0.06859602482458504,0.04233732267960042,0.1317456961646185,0.12521761622071784,0.10325638313105956,0.1148150145596959,0.13192998854934657
0.15597899663503548,0.1333596498172709,0.1208538432317678,0.07862132846420265,0.07758112915430866,0.14353468611071682,0.07539167437166681,0.11465271571611257,0.10002597649891827
0.12668457514793105,0.17632970641112314,0.03208790995665809,0.10845183883772097,0.07738803624148197,0.1532075532210914,0.07712901067350687,0.11933117707395936,0.12939019243652713
0.12370380636879319,0.10503514318742467,0.0896082813394985,0.03614816271785332,0.1294739251721344,0.17127123381511425,0.073238633876646,0.1644041767216378,0.10711663680089789
0.11678040453168696,0.0978875377746861,0.025632419460066478,0.08979860502117037,0.0722177462358277,0.16814685289900197,0.0808867748541313,0.08476951749018229,0.26388014173324675
0.12154154120088818,0.07772257827182655,0.07948408330830188,0.08147982678980574,0.24107433071334083,0.09041857709785905,0.09821014853386296,0.10483641645018522,0.1052324976339295
0.10447549196112033,0.11888219150662743,0.03301605580674924,0.05336662291241226,0.18916675484227066,0.10049373683149383,0.08846969652847758,0.16863627930832473,0.14349317030252393
0.11980237133122991,0.08515765776707208,0.12698481092683797,0.0476348520997931,0.085359613857719,0.14112465579247327,0.19541330372947782,0.1313366528624075,0.06718608163298928
0.11999456014420114,0.084809903573782,0.0586426042491508,0.07786113575072097,0.0675577792658766,0.21616517033563284,0.17788930350235765,0.1234479242466367,0.07363161893164132
0.10452050077048854,0.07310502469794586,0.11394571522236034,0.027720578205238478,0.29753899582168236,0.07444359598854865,0.051828145649340684,0.0716310341951189,0.1852664094492762
0.10867828019731313,0.13267958332792704,0.048757653561464144,0.12669896250111698,0.13711246066178048,0.07321592330864797,0.08188925318947375,0.09141014921565388,0.19955773403662255
0.1394958775082045,0.14522418467795106,0.075999633835335,0.07205013416145095,0.13267565108770776,0.1234968779913045,0.07383329468129544,0.15283425488223032,0.08439009117452041
0.13122364670394296,0.23999343055719435,0.03339944821690514,0.05997471238807408,0.04699521174064266,0.12400032712826803,0.15805933381356851,0.09690530558230959,0.10944858386909456
0.126065215470654,0.10617164366174851,0.05801022114623725,0.09511052832790416,0.15726311516486519,0.09722915485955264,0.16195701982147795,0.11661970817484595,0.08157339337271434
0.0972327677269788,0.09302334761003932,0.3886302275359977,0.05495849019686388,0.05413709609276222,0.1081243621979766,0.07375645378464354,0.07559060528096882,0.05454664957376921
0.10421040968920925,0.0691544968315695,0.08651358136686126,0.07383422606303085,0.1556279586116142,0.16361148910469736,0.16762501456711773,0.1199447503626047,0.05947807340329517
0.13231338525932562,0.05054363305359877,0.1343436002675303,0.0805701582680362,0.04390670565153424,0.09179774095651294,0.1913860625360159,0.08689652556129597,0.18824218844615015
0.12312862362938397,0.16862187496374406,0.04700164277168384,0.10288610723766599,0.07715807868662657,0.09143418101883094,0.14129332974395437,0.13749618714026327,0.11097997480784694
0.11324030523584187,0.19466214535252765,0.03908140977962201,0.10966683854009883,0.09543865212881704,0.1411336427683892,0.1161272935448977,0.08864118582103343,0.10200852682877226
0.102371614380451,0.10162341335721004,0.09112671337626455,0.07495798664305969,0.1383970515802276,0.18227862576526566,0.10958387809494043,0.10911303836350666,0.09054767843907445
0.12879909569534012,0.11426885955895927,0.14974446842798242,0.07139649165996959,0.06647746668736693,0.09707946741332767,0.08187472169518625,0.10812416534510534,0.18223526351676236
0.12778958723949,0.11290999287164244,0.03815256865826457,0.08165028150198286,0.06222941609315019,0.16211624661881346,0.15637716717273606,0.10624201540811136,0.1525327244358092
0.13933735061190874,0.1465748374000889,0.05224675355414832,0.08475361825158163,0.05079156719713745,0.10704738868967127,0.13013437911209683,0.11148124611349586,0.17763285906987103
0.09751203324625375,0.13987054596900975,0.16393074368012292,0.06087089711574915,0.05301147369834205,0.09683202886882929,0.06441401857869648,0.10520732913134978,0.21835092971164682
0.09861279268733569,0.054785680766267185,0.36703546327187375,0.06737154024889065,0.03889708507585275,0.07979890508220695,0.08182032643394434,0.07131503065811942,0.1403631757755093
0.10981204181841776,0.07981012788158756,0.19388518588555112,0.06127825378378632,0.17498854514417952,0.09612258680147177,0.1227896395329745,0.10221424727640945,0.05909937187562194
0.10228277969734166,0.10609715672228763,0.09473735900493474,0.05463738422787576,0.08054930740076953,0.12184823436143664,0.13020952017811702,0.10801090198612519,0.20162735642111196
0.11051747279964015,0.14592401444863612,0.033296068718598075,0.06877756467337429,0.22577390154126234,0.11005007008692262,0.10660772938105083,0.13204777601451353,0.06700540233600204
0.10364865356803622,0.08869468400658294,0.05504469898316575,0.09726822090685856,0.056147392344711944,0.1288140164349653,0.2514120776140537,0.11564601918460872,0.10332423695701681
0.11121996729548399,0.10017905892678235,0.042849881703665986,0.0664595572644459,0.19072990134320075,0.08377563373007231,0.08268750559085322,0.14268098453089076,0.17941750961460476
0.13327813031618582,0.12678348735223463,0.09317257582901661,0.05963622098622635,0.08484845056542956,0.10583476338872637,0.12520582126601776,0.125085356250705,0.14615519404545796
0.09147022959924334,0.07479135411715442,0.013207229718006764,0.2617052730609648,0.040041167511216495,0.11311066184032198,0.2513605066467077,0.08286401658773003,0.07144956091865444
0.11832629910340368,0.1576145393231797,0.03768555860813844,0.11042352065200396,0.053102624718168144,0.09189645829309599,0.11350243404028415,0.1963844950726755,0.12106407018905037
0.11859485305606693,0.14825916466398203,0.04693647213915842,0.030688115256162635,0.15066834811781257,0.17803138312459352,0.1279988894382199,0.10477122113521109,0.09405155306879287
0.10095968548437677,0.06831528300171108,0.04035640136594226,0.059526200145767115,0.07988364050372171,0.10295100388917004,0.08890350925658157,0.19036806537699,0.26873621097573946
0.10950978202158691,0.08439156348583955,0.07830510669410201,0.1417899882723437,0.04592178499584315,0.09203477662999947,0.0744870560618725,0.0954343603801382,0.2781255814582745
0.12349882450053433,0.13147665656157492,0.019395434006368846,0.18318635433217745,0.08363818460651377,0.11065144887973515,0.16142141059089063,0.1192774621066749,0.06745422441553009
0.09926626733787458,0.0575247765432802,0.04337728377312727,0.11935935264769515,0.19123326337033333,0.09425956896279906,0.07133682700743284,0.15060148302696955,0.17304117733048807
0.11601919062312786,0.13606403505169715,0.05213342595549936,0.06261095329428389,0.09226093245112044,0.14208771173164048,0.08889691513156678,0.11824158870965296,0.1916852470514111
0.09068485024316868,0.06787742082700167,0.036036600618460694,0.20917070179661304,0.09608705579822409,0.05271153127854982,0.16462710228340663,0.0677044417867133,0.2151002953678621
0.14597172223527488,0.08308925787153348,0.03782624459622871,0.05292530084878277,0.06126212280152007,0.21334888413398456,0.11270912888539669,0.1880333276364782,0.10483401099080066
0.15316312747343658,0.11547899094050466,0.05091492974115111,0.052982224109074584,0.07517507687204207,0.17009176736102571,0.1373392639937385,0.1547731132207589,0.09008150628826798
0.11365163375017483,0.08324785998224322,0.1402520478438106,0.08531044626877808,0.0768381789907515,0.14210459030534475,0.07886887069626558,0.13084462249510778,0.1488817496675237
0.13322915433989513,0.13689660503021814,0.06583378835021882,0.17500662152523017,0.10572228386972825,0.0973386708045089,0.07691428564808515,0.1408082754388004,0.06825031499331509
0.12989128857736865,0.08921298041360537,0.18419592356104564,0.09144399262623064,0.050005091295073995,0.1531062016653807,0.08824806971821629,0.12122593469903749,0.0926705174440412
0.10203484478630491,0.06179392981426679,0.16982731897004288,0.07067487717850301,0.1074729078170316,0.06203820873915284,0.06851030298952115,0.10591585606203728,0.2517317536431396
0.1179999582154528,0.15347433515257755,0.08777378196607334,0.0730716977821954,0.10598370724442398,0.10715862740969935,0.09710782088959534,0.10775238338030901,0.1496776879596733
0.11805335865215406,0.09199773894907386,0.050354307818203714,0.04925466076776774,0.20779537445426519,0.07614383667154018,0.09315467904328402,0.1000966331474797,0.21314941049623148
0.12237213660755271,0.13638458003064258,0.060301847965626126,0.11769831749035009,0.1154953696701832,0.12082668383189017,0.09477144309647789,0.1363356619393982,0.09581395936787902
0.09943536899580974,0.08735996448046052,0.21377534800211803,0.04140204413854027,0.21181239700686952,0.07727101692557017,0.07776742558089376,0.12862369881634847,0.06255273605338961
0.07823923888763205,0.08838370114823717,0.18533363249633616,0.1535207327106009,0.211049666229941,0.07205291802388199,0.08017499359183876,0.06893738064728266,0.062307736264249285
0.1260488842857504,0.09745528382158963,0.1411500430030236,0.04463410688143568,0.1201034230187125,0.1318691832658666,0.1246207835445639,0.13603665210526536,0.07808164007379216
0.09509407012922726,0.10219111246888046,0.419132351630321,0.04642441753721798,0.04043423942030815,0.09058590872375555,0.0506413045299181,0.09661892177200049,0.058877673788371075
0.1168115677223633,0.09616022296122602,0.03160425628356907,0.12258840431202367,0.061666335923663405,0.11576623678181146,0.09255746411993397,0.17618608055584126,0.18665943133956775
0.13046776111305644,0.13594785527689404,0.06133624925298544,0.08439298719372772,0.09782652131486454,0.1274062139706902,0.09802098528415028,0.146067434451684,0.11853399214194733
0.1312491067268324,0.14984741048144337,0.10367200205409864,0.04518343584883625,0.07631138774966521,0.14356102154447875,0.08653473355768117,0.13346945736114238,0.1301714446758219
0.12042024468165091,0.15438243574187685,0.13229828467342006,0.08319483459502953,0.05303560946305422,0.10203234871223772,0.0766257444327162,0.1273193089977156,0.1506911887022989
0.13933735061190874,0.1465748374000889,0.05224675355414832,0.08475361825158163,0.05079156719713745,0.10704738868967127,0.13013437911209683,0.11148124611349586,0.17763285906987103
0.11912789355509484,0.09554118050289372,0.006370507000194218,0.04210199366639553,0.05187576820807838,0.22130439713377023,0.2530894177453714,0.0936923208191191,0.11689652136908261
0.07783637244929514,0.08208843551136961,0.4299253772480139,0.04416115865340219,0.11860599092391187,0.06448066815763863,0.050890811277727765,0.08523869751613422,0.04677248826250679
0.13315641887278243,0.08456958972586733,0.08170041092791094,0.0642921985867238,0.10086259755244227,0.13907723482089898,0.23143551411245614,0.10253506876689007,0.06237096663402791
0.1106401312905172,0.08892766485336567,0.05875152468089286,0.05843783474024783,0.06691779140203576,0.24458360528720244,0.15463172729444286,0.10847828241342554,0.10863143803786983
0.14672116786996559,0.10389597236704257,0.019281086630681468,0.06928391383268355,0.08736275618488987,0.13664841462517574,0.0910847416271273,0.10764160422877407,0.23808034263365976
0.10987585132163569,0.10445928167401536,0.10597345162679589,0.07534191439022582,0.16855469809948373,0.10785778122914592,0.11795712211469288,0.09277704955960424,0.11720284998440049
0.11048755302701614,0.17008364004738682,0.04700527985393471,0.031744304130001205,0.0821565868144011,0.10896102976716526,0.175788311739299,0.2090783947132939,0.06469489990750184
0.10329360428150432,0.09420526821559848,0.13481075699203496,0.1061526082739413,0.19843788508164728,0.0818482136356805,0.08627796027261747,0.1023897918971482,0.09258391134982753
0.10303536352820064,0.12627786820964026,0.17739305332701882,0.041668545280145776,0.07690082851549586,0.13881912711598246,0.10756881151259996,0.10926890372520646,0.11906749878570962
0.09787210692085056,0.22490138163459414,0.1630012282358149,0.07801019900484717,0.05558049043555832,0.0783977670760678,0.16441312049422005,0.07544960987794441,0.06237409632010258
0.12885566831874692,0.16730548761604583,0.05195976238643729,0.04796080834221422,0.11291020089556925,0.17619591994064573,0.0796523540530532,0.19578316281841282,0.03937663562887484
0.10122605054853695,0.07035891733487726,0.04362172901949107,0.16874174226395922,0.060609925949402586,0.07091621114854713,0.061524794925439115,0.11885744282758337,0.3041431859821632
0.1115575129173651,0.1071464355410157,0.09016077405192767,0.07625671506478489,0.23749206741413384,0.0953910735217352,0.08779058377645776,0.10999216760594092,0.08421267010663895
0.12270557931612582,0.17633304567858102,0.046941369418169406,0.03405108765555567,0.07796106651074387,0.14789955703564725,0.12380700886082581,0.12536089088360444,0.14494039464074668
0.10603677363428059,0.06855624931665484,0.020825922795749158,0.06660279173993879,0.15695832588991596,0.11888881657327581,0.2195008195574013,0.0994319761787585,0.14319832431402515
0.10205746254693544,0.08237228845242699,0.03559423004800181,0.07744423944527663,0.17340945086258555,0.09149011351881435,0.10161855640002988,0.08654715703913436,0.24946650168679485
0.12299016663815532,0.1165295827038056,0.013197461686116593,0.03607492049283972,0.036017020797396396,0.10190836826854721,0.08162174586162922,0.12960624768757,0.36205448586393985
0.13820446067512815,0.15550456454503564,0.043554376316349154,0.05501076429523218,0.1066544353811597,0.10891899566975534,0.1252178541206943,0.12625563775762186,0.14067891123902365
0.10792410714818455,0.09719425453707035,0.2427092546931331,0.056923509347370525,0.09239266644232631,0.08786641686790032,0.10787039466944266,0.0846251587838152,0.12249423751075701
0.11036701718847519,0.07065252499474828,0.02329691631619794,0.1444429139664015,0.18078910566214876,0.07495837398432396,0.068230566385148,0.11434320536263327,0.2129193761399232
0.11616601167324102,0.10993560687579425,0.07265714781766815,0.08196332012441916,0.05867195381863611,0.13836579129746204,0.10637387070862224,0.11648804925370156,0.19937824843045557
0.1017815523497479,0.08478921484370654,0.1047561666229163,0.18717638294693403,0.08899144138016384,0.10523952379058538,0.06742169864801519,0.09364940956157908,0.1661946098563518
0.12261130013771067,0.08627453131986092,0.0757998267158297,0.0381483325926471,0.06376415021343768,0.13632642065085013,0.14011325962379204,0.1433433460700918,0.19361883267578003
0.13193108193624067,0.11436859965603707,0.061044110150198005,0.14245727933204663,0.1058448943265951,0.11926290197453197,0.10216218006420597,0.11570204212387208,0.10722691043627254
0.11005384772008693,0.15021050366746666,0.08602112428255042,0.06735098022718188,0.10751595398927156,0.11888987471010178,0.10728450909517813,0.13374811462169187,0.1189250916864708
0.11591421658287389,0.1012917695158363,0.06887180838077998,0.04110458171967746,0.26818050005911537,0.11965503183053217,0.07935562214686083,0.09158985344993702,0.114036616314387
0.09879279150092897,0.053622617554589615,0.19343691328889626,0.038571073626944646,0.29216920286706255,0.1177669806766352,0.06882787005193505,0.076133852536563,0.060678697896444665
0.11939435322561213,0.12515933168029927,0.0706373862102115,0.03261269570123974,0.08200202997607443,0.20021082677837912,0.12640718071345847,0.122954725583172,0.1206214701315534
0.09884563906659355,0.11805848979336715,0.020048028194645386,0.09294868397101086,0.20121505919734117,0.1329159593445207,0.0907220337603264,0.15514726749094485,0.0900988391812499
0.1923461215954795,0.1360583557663131,0.04545095562067104,0.06009570004650252,0.0737132583045979,0.16158432009613274,0.09914055981324836,0.11028512391570884,0.12132560484134601
0.13306882763779512,0.1441317341970815,0.1461509397438706,0.0330937397877682,0.16065367299494537,0.10090664999969855,0.0999002528995447,0.10996249898642226,0.07213168375287365
0.11401892002609344,0.08107843527019602,0.09038329296655606,0.08397655171982844,0.18105404039032547,0.11465742514259164,0.08911020622249687,0.15486662631044548,0.0908545019514666
0.1030014715791212,0.06496272957826045,0.04383369737452992,0.1249245835833,0.06281673877280047,0.12473490465821145,0.10737794633520836,0.1344413984286297,0.2339065296899384
0.11472493538944069,0.09997666522514337,0.03292180970624801,0.17559797636895605,0.05830170686654917,0.11584893660856743,0.13182949049160844,0.10986126435209768,0.16093721499138916
0.12329441834293714,0.11790850787486797,0.0863388087919205,0.0851219959463888,0.09337145317746665,0.12691344896933268,0.1355579625619393,0.11017063164263408,0.12132277269251286
0.10509183122512243,0.08875901074607888,0.3314921738352226,0.03910880970202589,0.06821794636558733,0.12341966781374346,0.08225620334790071,0.09117480698313345,0.07047954998118529
0.09248542659044327,0.14069972856859156,0.02715348062240074,0.06138912753446766,0.0765460604722323,0.07075108437968071,0.19956382307771234,0.08531569704837905,0.24609557170609234
0.11545409519908266,0.10601883036825854,0.08549962759534314,0.12307045807955708,0.09581315327654867,0.07818943732342105,0.15603163396472453,0.17700570647917832,0.06291705771388606
0.09430626519158737,0.09994129278983506,0.11179708026891831,0.13098849971782808,0.0545218948875627,0.1388439468133138,0.14361989407520734,0.13856544332971643,0.08741568292603097
0.1286846830526246,0.17685930337698808,0.10149414803559124,0.05940261519388251,0.07601871525793924,0.10739613968596899,0.08152902661016743,0.12225189424856202,0.1463634745382758
0.11447627532006832,0.11772106022486624,0.034159536927061675,0.0689389035107824,0.19735062908134307,0.1375496787153586,0.13777088770486304,0.12898039196510677,0.06305263655054986
0.12122699907907697,0.09218234136552021,0.06273566183489242,0.14655035045425327,0.12373797520390627,0.09185611018596389,0.12925739014088286,0.1196103384576686,0.11284283327783551
0.10786023999816242,0.15488680860351872,0.038364438694068685,0.09328565894415092,0.051174079670018434,0.12833603221148043,0.2524330282272976,0.11852690027638624,0.05513281337491649
0.09138029923175323,0.1546608973348135,0.026711917679491607,0.06549733310690785,0.3184150012169888,0.10086378381139745,0.09695182922318517,0.08439821414011787,0.061120724255344504
0.0976040068825087,0.0905766213475148,0.3089961908633636,0.04174279437111477,0.0725825927839893,0.11573433174169352,0.08652884062159616,0.07789954866433445,0.10833507272388472
0.11731648436583293,0.1542991594747093,0.03026236668356455,0.08381021043671877,0.159934445805745,0.1400884269776195,0.10536649518278868,0.12341940783071194,0.08550300324230935
0.09532098467076976,0.1675083519809095,0.020561794361160284,0.14227779195361878,0.09079673448789786,0.17847417137836233,0.07924904600417933,0.1278576342779191,0.09795349088518311
