0.08899805963714752,0.20131994679247545,0.07415463230960569,0.11923903897299169,0.12325968047176177,0.05363849016852348,0.1219785753935325,0.11401546045538476,0.10339611579857715
0.042583480478199126,0.15023655460000582,0.03784916740054805,0.06421975738663548,0.08410362700836514,0.07264306583988822,0.07238034817242782,0.07351052203279601,0.40247347708113423
0.06910761048128332,0.10170983426900314,0.29892269404715116,0.15919222870290453,0.08853560762903935,0.0794800690451868,0.07020293863666473,0.0954907237354289,0.037358293453338055
0.08776559166509607,0.18773825202755282,0.06848316267814711,0.1651561120638089,0.12547722162531194,0.0663824571530059,0.1141374306751803,0.1135305877438626,0.07132918436803438
0.13983501646385801,0.1585408329397323,0.11797547124579284,0.09254852505852225,0.12101428824131122,0.036493428469146404,0.11436883493981465,0.10502411059905849,0.11419949204276388
0.16527128510000436,0.06551114595004895,0.06500095583033828,0.1257133195449204,0.12441270339079295,0.10169839966692436,0.1664925989726331,0.12699728597938428,0.05890230556495335
0.19846003338729934,0.1955478244823612,0.06776704362291698,0.07412366861559518,0.08756930994229535,0.05924206689581052,0.11401244943094478,0.15746609970631337,0.045811503916463235
0.055268693262630286,0.08976334667011016,0.08262508471424793,0.038908264224222236,0.10877104859082291,0.17146198385290815,0.1085753521060122,0.11861574869992786,0.22601047787911832
0.07789054567604446,0.11566357622984806,0.09815982744803238,0.07314054042868307,0.0940301951107404,0.05776855706530998,0.2598768977322346,0.10436486161462921,0.11910499869447788
0.15786501300058883,0.08448641805208829,0.14375594369747557,0.1449236861733603,0.12546184682297154,0.05751837107084276,0.12011020308800373,0.11409110146459323,0.05178741663007561
0.10012289066026057,0.13618111296978508,0.17045161647005305,0.09118319863832425,0.12269902120711867,0.03216969617056993,0.0882139860554525,0.11902956703049745,0.13994891079793845
0.14512284577610968,0.07933078605372718,0.11429772044167208,0.13049834939799718,0.13622537360162565,0.020814976384646553,0.19841948309026003,0.12920411071313928,0.046086354540822355
0.07512668547697897,0.06707758645117216,0.31331376077849304,0.07271804585137409,0.12613343267445834,0.07093046113863588,0.09463970500417296,0.11806028234322197,0.062000040281492586
0.14476476319546236,0.06843598013424723,0.14293674541392754,0.1426429856752826,0.16492111351968117,0.0251681955778526,0.12734625629017207,0.12914061098079146,0.054643349212582924
0.11039533866546446,0.05748177265278673,0.05845316520477952,0.1450800166524437,0.10805814075556373,0.12612225446092037,0.11264580298635903,0.09893671170655927,0.18282679691512324
0.07060468254676057,0.0885156080940897,0.18578320585297106,0.11635440903014722,0.11059611398954554,0.07441345620575764,0.1678879427214297,0.11373763135184962,0.07210695020744887
0.08194842155983954,0.12560260556766487,0.07350543537796131,0.10666669481471021,0.10112892434338677,0.1665412142825978,0.11207825150069058,0.1905911989271538,0.04193725362599512
0.09349798824272555,0.07128108243159609,0.16684113970922085,0.029429176516911376,0.07866354502623685,0.07315299073229366,0.23764950554315487,0.07240540828338334,0.1770791635144774
0.14329617006744713,0.1685950393427228,0.11397364004224593,0.09092267434119679,0.11074355870789027,0.04802018739151936,0.15274644906800064,0.11976741695216607,0.05193486408681103
0.09838122417662391,0.0378819004567152,0.29157660967511273,0.09040024843575938,0.11847988983663495,0.07700686026373138,0.1253112818188369,0.09747248290203032,0.06348950243455519
0.1427319152178574,0.13501438170720084,0.12353914904251745,0.05360757894061894,0.11846364676911453,0.08977313672319115,0.08637840728869822,0.10555638083661663,0.14493540347418468
0.10979951480480954,0.137286472734906,0.08426991258402039,0.10609309071467367,0.11876110194879363,0.0368812777785687,0.14419728470273818,0.10985393386646192,0.15285741086502794
0.10464254120883111,0.09525784073533738,0.10564392904135096,0.17168778120362352,0.1054611025358614,0.1606353802802635,0.11545911572976675,0.09779251913433372,0.04341979013063166
0.1599655600186311,0.17877681356558792,0.10429706172788017,0.043830200280619826,0.1235909169556621,0.028390214742277375,0.08153164576002092,0.09246107160408724,0.18715651534523325
0.1446785464912972,0.0847488853019432,0.1080872734335138,0.1504061224442467,0.10579969935692297,0.03297479815511257,0.2250860634842974,0.11126666163684851,0.036951949695817714
0.07804118988554548,0.16416466072423805,0.19234026145943348,0.060498889199059214,0.10321573215262474,0.22370409197112406,0.036507063131300775,0.08173504997216556,0.05979306150450867
0.19455953477846188,0.1343615789286788,0.1506400508889744,0.15385712560400533,0.1133720467371848,0.06604080921202864,0.05472772546097177,0.09103884860402195,0.041402279785672354
0.12068456955831676,0.12798332605715593,0.07610704138930154,0.10771468404213726,0.12099776787466508,0.03300383608298043,0.19332984667738182,0.14968312878831205,0.07049579952974915
0.12913603130898377,0.05898014167127954,0.25341426611525214,0.07777485429688995,0.11770619260601155,0.025970460800021546,0.13585985891304017,0.11505428764122365,0.08610390664729771
0.11954280732772228,0.13332418837925875,0.09533020625348386,0.14975703687769934,0.134937518692617,0.048672882100058136,0.0965038590358135,0.13300007172373857,0.08893142960960855
0.07156126387593774,0.18433190081474027,0.11615689474252218,0.17367920621997734,0.11150446542205239,0.06158648442605307,0.135057241184444,0.09679427436785477,0.04932826894641812
0.15081021655005483,0.14291176251480467,0.1101089657405903,0.09680114618909007,0.12574977445262456,0.03209652980094132,0.1305948881725347,0.12516042998315768,0.08576628659620195
0.09958100582145994,0.032463230384373334,0.11736510136567498,0.08316218857823808,0.1255697975051754,0.2257872732999069,0.1365684126821192,0.10708153898309475,0.07242145137995734
0.11272582820616339,0.1315252447412977,0.14413434767604727,0.12527312556511927,0.15129273443879673,0.047536403149013355,0.08894122728243496,0.1459011651024427,0.052669923838684685
0.1342333359811875,0.07282299311461461,0.09359795026469024,0.10982301545362787,0.08728596776412219,0.2966195178950907,0.06475921284726964,0.08032243366406981,0.060535573015327505
0.08181115879877317,0.16106865447712324,0.13321040198675266,0.09337302863702124,0.12219032471579648,0.07606470164497486,0.1042726108761171,0.11128332640314802,0.1167257924602932
0.20441851607611963,0.03495241861352035,0.15735843584685558,0.050344243245383676,0.09973483338716305,0.17525309279929935,0.11413279020395949,0.0780547768494497,0.08575089297824928
0.15772432841409273,0.08168031084070035,0.16130628730018015,0.07030811616383502,0.1502306269199116,0.04412570037513119,0.1072273327435417,0.17650443807584013,0.05089285916676713
0.14602015757975942,0.08965365495230304,0.11090687646738671,0.09097845621380753,0.15139182838418477,0.07411564200445085,0.11195959555917262,0.14823675709599973,0.07673703174293534
0.07666582429158099,0.09929660932595448,0.08062036528880542,0.12176562808346802,0.13110957482468402,0.08215114112605776,0.16468114181520346,0.14693972412140008,0.09676999112284575
0.09736455668619966,0.17776620611435145,0.1734084632358158,0.07203688621240592,0.11173080088712044,0.0253648027800709,0.10156245093843595,0.17319433728223413,0.06757149586336574
0.12942925330662072,0.20071163001767875,0.06531398696264784,0.09727478868937849,0.10329538277180039,0.041897005385564436,0.16400367836304822,0.13214964621737046,0.0659246282858906
0.08140640312211633,0.07961993286813922,0.06278058297379602,0.12140244016834871,0.08833723722798326,0.08537925075460358,0.04213886376386552,0.08357402741613269,0.35536126170501464
0.17639758570918565,0.08194004303509748,0.05932916503450891,0.07383305695063926,0.12756533996491745,0.2564895894147438,0.052152395773385984,0.09096140711463226,0.08133141700288911
0.13354285633262,0.1434715206289123,0.11566274600195103,0.08381596960075792,0.12505794233535963,0.11365955433096374,0.09552219468892542,0.11043431588301099,0.07883290019749897
0.12212418292502335,0.059716986492205824,0.08828483942459063,0.08855731365399276,0.1281645617007328,0.09110325179789602,0.10957597959079407,0.10072239670376097,0.2117504877110036
0.15757367591343943,0.10718539097630808,0.1206614623596906,0.09825636805329734,0.1374088676772967,0.06468600764226749,0.11653156977586974,0.1159674234492802,0.08172923415255039
0.12360019801189293,0.07522709119735332,0.1370515018233247,0.0776655228956409,0.12240031746149686,0.21698190865165076,0.0735392591763364,0.09765772197852908,0.07587647880377499
0.10253917505131678,0.12624779880602285,0.09298781366540022,0.09541272357078988,0.13534685956253656,0.052121736538340874,0.15956287597001326,0.12331927149989041,0.11246174533568916
0.08678286814767211,0.053990514388292686,0.16545934491937456,0.11505504722808134,0.10341924454184849,0.05361716087278178,0.1459630506964512,0.14519128389375843,0.1305214853117395
0.09805783448341399,0.18565722548452016,0.07694129196387357,0.09655532676636618,0.1185812480415795,0.08631679746098937,0.10182476776491765,0.13166141087901032,0.10440409715532928
0.07371493544669995,0.019059310004245614,0.07063322090575182,0.06934553380921708,0.12124272320256842,0.10437675717062335,0.25253954071744816,0.11659807453307663,0.17248990421036894
0.12488609923022102,0.18399617184219283,0.09318538348839615,0.1491879185596643,0.13005201662985746,0.023512001251287995,0.12044938454174371,0.12163872939792479,0.05309229505871161
0.11196150252728439,0.15416552629744582,0.08583044272506672,0.10828663734393208,0.12303580302211768,0.02334771973044339,0.10087298403245466,0.10325107896534845,0.18924830535590678
0.08038800974623743,0.08868447333455992,0.18771811201121222,0.1263386875963201,0.10168352281314312,0.186605826733328,0.09493337230583981,0.06992974580977572,0.06371824964958366
0.14145714971882267,0.16748331313948825,0.12140595741620035,0.06668492127753257,0.13402293344012753,0.03952533537579266,0.13959121900514668,0.12475412991154389,0.06507504071534541
0.10517697754068474,0.06319418458159738,0.17603137568712643,0.20647469089937318,0.11600395799576768,0.04810054035068817,0.1158802540144331,0.09470867836253193,0.07442934056779749
0.12995132560211398,0.08589775274276538,0.12096127937504957,0.12752617097884608,0.1347618712172258,0.042486164965713,0.08571503452876306,0.1015397080287372,0.17116069256078595
0.13285932095378342,0.21224808729391684,0.09751838514651084,0.12533864925246674,0.11651088334468844,0.02336002847988695,0.09539692761827602,0.10631893185288004,0.09044878605759067
0.09214850680350901,0.09900197764942768,0.2027910145193125,0.09133206559837163,0.12520473851350764,0.018716997691276143,0.09258626940831649,0.13765714302363674,0.14056128679264218
0.06836295640640518,0.08734617139190075,0.07497025726695335,0.12745015781960492,0.12369335019241119,0.1509346501212788,0.1295899329577825,0.10111459248163142,0.13653793136203188
0.062344725907479005,0.017137828873789195,0.20051446767818182,0.10479447130860543,0.12073406790539566,0.15377724776109414,0.17659863362008799,0.07143385488939617,0.0926647020559705
0.13130195383218699,0.12530122357096055,0.10579202834054824,0.17948403486108352,0.116959556897224,0.023996872716161837,0.12706982261381838,0.1321139159464302,0.05798059122158634
0.1488559460210418,0.08420507850208991,0.1527571210795334,0.11824037524445659,0.11035992162614244,0.06317278325503355,0.09690741730147596,0.10999427157144111,0.11550708539878524
0.11824545460489749,0.11067688549609245,0.10581585962509184,0.10683294907830464,0.13087191934846457,0.020290189257568765,0.2205335631672657,0.12237745805417542,0.06435572136813915
0.17282153695571242,0.16157046397564725,0.0762268442523233,0.11564549622805724,0.11203017333172173,0.08285522189148344,0.08971321284706191,0.11023399605660526,0.07890305446138744
0.16204979097755629,0.09050816789103629,0.03923865941743373,0.051424174736490275,0.09099771047111017,0.05296513648021747,0.05124776291743946,0.07465418953565559,0.38691440757306067
0.23632487792150172,0.08215020979326029,0.09438032511189941,0.10992432714066923,0.1361240558560432,0.024823708600541144,0.10396144780312451,0.14250378607043293,0.06980726170252745
0.08377649619927646,0.06260592041918778,0.2037991741341186,0.17301168759730887,0.10775637664548966,0.026997619852018772,0.060103077055992014,0.13256343930811806,0.14938620878848982
0.11853823519915586,0.06225576127247282,0.21529746167002303,0.1599012072855238,0.13270994797194732,0.03501098454430341,0.09058701287929409,0.12316504718503547,0.06253434199224421
0.10012230912643418,0.20835128458622687,0.11625437803066359,0.1613119453636009,0.10930874672461048,0.04915266012096759,0.07487145422269526,0.12183866933328086,0.05878855249152024
0.15646269799357404,0.052200062581826634,0.1072732676927457,0.11024977967012595,0.11027696426408301,0.1617656277615064,0.0877759337061868,0.17318882096639923,0.04080684536355229
0.07583005887621325,0.027985896628411545,0.1399226649389492,0.09942040416707097,0.08975598532986102,0.2569430038900254,0.16381994041208947,0.11216458087301868,0.034157464884360354
0.08920414421251378,0.0874887278333459,0.2741528005215963,0.13409329082090515,0.10371863485422562,0.0138510004669581,0.06458448704512287,0.07901460846231124,0.15389230578302096
0.09520177372672885,0.13500783474518493,0.1873771134916918,0.07426303862913619,0.1020941561314117,0.021184509855532826,0.18132306618991834,0.10516460466135254,0.09838390256904285
0.18859650953603088,0.10875637028741438,0.1093979812401864,0.10827129924319645,0.13784392175242333,0.04126950702673879,0.12206712176539504,0.11953610532577018,0.06426118382284461
0.12877019310144247,0.0767561793865704,0.21473346707214988,0.0990772778509707,0.11484008893704854,0.05960216690356613,0.16294647417528774,0.1093831581926943,0.03389099438026986
0.13601980470297168,0.02931236634750645,0.06994531899137463,0.04255239045421788,0.09158131850227476,0.29992376705472085,0.13544356804797267,0.09594400035362759,0.09927746554533355
0.1331750579929192,0.14175722206083172,0.11828775199030293,0.07590376584126635,0.11459704546150289,0.09466250863775749,0.09256550756048505,0.10588209035191265,0.12316905010302177
0.10698259452774005,0.13131606704652973,0.13363791485790663,0.08493655010618606,0.12025644488835151,0.029403415935860138,0.21757798075649462,0.13051683577126127,0.045372196109670075
0.18197689445200171,0.12765729275103563,0.09966004963206467,0.11797592760819993,0.1253713853676139,0.05715686102817255,0.10023234065756163,0.10532735418452659,0.08464189431882348
0.10372656417139973,0.10758950015744685,0.14211395576814656,0.12774137541868416,0.10542891611972523,0.09900278188440499,0.15515818387450564,0.10467788051488867,0.05456084209079809
0.17031630516187576,0.11222015743489698,0.16200173335967064,0.08060248125364321,0.1319393659888676,0.0421230279692362,0.09242529837309234,0.14838481110358434,0.05998681935513293
0.15160214712538167,0.08338298625693924,0.058026768433960374,0.11651380234577198,0.1205771032581167,0.22530592677479266,0.07799847486507214,0.11863873466455131,0.04795405627541393
0.15087163576881946,0.16305355772057703,0.13082661241357788,0.09798897503176153,0.12554773791446158,0.019799013398864904,0.10917040965162646,0.14246547666672124,0.060276581433590014
0.11604774249424303,0.18651331272592922,0.0907247662892947,0.1071909647450587,0.1321224846251496,0.027595376541998812,0.12145510546046163,0.1611692617942417,0.057180985323622535
0.09589298180857662,0.1907409702548596,0.08645784857835676,0.06378110190988369,0.11721857831008387,0.13749338568849376,0.11757335130656947,0.09057808832037295,0.10026369382280331
0.13378326130952103,0.17602064522001193,0.1335382211934696,0.0627564535028722,0.12137046736181079,0.03507039936282776,0.1235527535221228,0.1294289092005582,0.08447888932680568
0.15190676718676568,0.10785727323979342,0.09250153173341019,0.1596999620967077,0.12271361129061507,0.02071890430493552,0.14193659569981806,0.12092684560365907,0.08173850884429512
0.13267972244653434,0.12668127736484788,0.2536046240575951,0.08146634782775097,0.11355555969046022,0.0343084992173296,0.11368277176281771,0.09963800558397384,0.04438319204869034
0.13488538139335154,0.10846267511771542,0.11123693296238231,0.07719361468936894,0.12054917047615872,0.07235208471534704,0.20275362750948975,0.11482159574356816,0.05774491739261802
0.11638864178661101,0.08443450015650533,0.10247178186954559,0.09373980601799793,0.12128518705876705,0.060000947629366495,0.17429868030862716,0.19526153398426285,0.052118921188316625
0.05823576419391339,0.16699765701809474,0.03823273590118263,0.05268811180036337,0.06984413889259901,0.01468608769413981,0.04004414944909524,0.07106846836655448,0.4882028866840573
0.13744055536101193,0.08226479903734432,0.06604008979055344,0.07260864488957501,0.10357226419216141,0.19574020514965995,0.1232985219218079,0.1364175438540857,0.08261737580380042
0.0797109561820837,0.09590622983341322,0.18412954816628258,0.07742002201550371,0.09712980686574015,0.22645794489643215,0.07784068229373008,0.10613371086953306,0.055271098877281384
0.13526988150474237,0.09400533400890891,0.1467481632202138,0.12871623428096615,0.1299789201727504,0.04526296478275265,0.12501901204331384,0.11026207098338202,0.08473741900296983
0.07083599242694014,0.0642029638907675,0.23264324599751565,0.07130788861296362,0.09118556136282953,0.26629277520385236,0.0675477230830799,0.07560856359060027,0.06037528583145104
0.1591168170543573,0.06672246003644244,0.09865934618698018,0.09680445246424214,0.1276889468627219,0.08016859832973891,0.10696694306833023,0.1353798399465453,0.1284925960506417
0.11371607980154408,0.12826744313709426,0.10239459633679075,0.04865842872573526,0.14078555769222395,0.064206851159201,0.10793302932272325,0.08447891969621212,0.2095590941284754
0.1292816566401019,0.18705696655722814,0.09269338252084491,0.07945989085248382,0.13223605262539004,0.043749426938757496,0.14801348656021943,0.133830161671048,0.053678975633926186
0.10208486336234324,0.16621006718034673,0.23312874620304966,0.10368681917370555,0.10712136313663696,0.02386824907432328,0.08463068064865886,0.10395341364659222,0.07531579757434355
0.12167733564530082,0.12318812728609445,0.06629201885042932,0.16515561443242996,0.09524463327516779,0.06400818689704556,0.10436300655744561,0.10775393646425936,0.15231714059182716
0.0880686948988361,0.0855750799940574,0.1871801061142114,0.09624132981809996,0.1127653282067249,0.06682587113548964,0.09384155908553898,0.0822491035645834,0.1872529271824582
0.07181393829763087,0.0879239188633353,0.2109693833451304,0.084463455296596,0.10865594398448038,0.07797133217997615,0.14869693410792026,0.09896265052456078,0.1105424434003699
0.1965852741347688,0.09318952642580941,0.08418741284101015,0.11988415943844667,0.13607261724450892,0.0586172261293773,0.10177325174463898,0.14334723573790858,0.06634329630353122
0.1063845728455034,0.0685177978151172,0.11512493908533455,0.10796414136849602,0.14560167679634853,0.041868118554306326,0.207488702444696,0.12290164175073683,0.08414840933946115
0.201990030496174,0.03303799255807265,0.20016296620995097,0.1827233307279066,0.10331953065404238,0.03371324482016958,0.09809914513323424,0.09443135175162763,0.05252240764882188
0.1364835204296453,0.18015100524287372,0.06570286590370487,0.11508987117189036,0.11803967232547719,0.018936993927361773,0.12344451250268264,0.1388362761337659,0.1033152823625983
0.09583485763864424,0.055905597532404906,0.10261055976507762,0.10705769182749963,0.08080402654607394,0.2397236908185468,0.04214718289141581,0.07107694418768873,0.20483944879264826
0.12213666879685868,0.20842940709769153,0.0918980272218863,0.12650450721111375,0.12492453812846797,0.018357297846589054,0.12500201295642324,0.12366694056661515,0.0590806001743543
0.1234398598185044,0.14982513057207872,0.12077468283999133,0.10517308104010832,0.13505028677119243,0.026775193532756158,0.12979503504766274,0.14052744490946564,0.06863928546824015
0.09667335748643828,0.034604593115584927,0.08671293044391408,0.06670039917825314,0.13141563677225304,0.302682150763455,0.11491397003500031,0.07960866743595578,0.08668829476914547
0.14505393720282964,0.15259425002914495,0.11857063152310425,0.0652866872008447,0.1045427664274398,0.10225173020771287,0.1358650417825671,0.12216882051126303,0.05366613511509364
0.05622168904268,0.13802203983846187,0.17902103452256943,0.07416395001271649,0.08835757851807781,0.044952927522388386,0.041630024942206224,0.07427835658591857,0.3033523990149813
0.12013288406147131,0.0779466245735806,0.12199422207929332,0.07541007277678836,0.13422466775198794,0.05358091204856216,0.18601602890190774,0.1152911818232329,0.11540340598317561
0.20255276381627116,0.08894914037548794,0.14818459115988072,0.07433133935813226,0.12378152399019908,0.016291018675681546,0.11561821924315073,0.15020118090803938,0.08009022247315717
0.1004899078130757,0.06599469121983258,0.16019441051835728,0.07074210789361521,0.12197038729393095,0.1384948529914201,0.14859233628508836,0.09849870984056319,0.09502259614411657
0.07409374118244748,0.06003705746482276,0.221586970510667,0.10621594099156317,0.07140644206993153,0.169341907862301,0.06628327425598783,0.07927662546622592,0.1517580401960534
0.10275970305855393,0.23829108134253643,0.11780007718907708,0.16215433203378013,0.11844297319161697,0.01832979257769253,0.062077797208621034,0.1007616543967826,0.07938258900133927
0.10446124777269354,0.1404124892028403,0.13586586574073903,0.08040585182646774,0.11353504075355551,0.14254549418930873,0.13227153735689043,0.10118206251905097,0.04932041063845367
0.17271810953957326,0.08480639937001007,0.12520180478442516,0.21105405999378155,0.124698104715446,0.039116036729483994,0.10726540636109978,0.10345665162293259,0.03168342688324764
0.10920797891566865,0.14711619067420154,0.11581267044606625,0.11732230426736813,0.11327015046515843,0.11142579311642986,0.07448515558028389,0.09461991865895765,0.11673983787586556
0.12242005016182071,0.15675327183841117,0.08369270274318567,0.05542607505175675,0.06951454907933806,0.0617506543811115,0.03228398852989341,0.08355703612709248,0.3346016720873903
0.13165747020798982,0.19245556628811214,0.10174414051826736,0.08698000830479924,0.13041739780504472,0.021732474349659654,0.11865825740406362,0.14713676390882233,0.06921792121324116
0.10281955878865377,0.0440248570005815,0.14861267936460434,0.1252281891425825,0.1369786728510255,0.06447714345001115,0.14302788790646734,0.121558695031653,0.11327231646442093
0.14380734695720093,0.10072830857059283,0.14766890612486352,0.13164976472608012,0.12528046818519326,0.027006620975422096,0.11228529559290595,0.11913395064693959,0.09243933822080164
0.08491338112773071,0.05089546367674063,0.200441296494406,0.11962095495506335,0.12829915000103587,0.11839829811851373,0.07559392342372724,0.1274127960377275,0.09442473616505487
0.057532561019935924,0.0876742421688148,0.05016761191596832,0.10732507540286255,0.08768282584464697,0.2921572071778476,0.045853855576043094,0.0818180219703311,0.1897885989235496
0.2154593398988003,0.1311787281848388,0.09287677483333116,0.10325920859287074,0.12497234775857609,0.0692545224861348,0.11487598727956139,0.11284148399199666,0.03528160697388993
0.12703023105908953,0.22125372881569896,0.15700445207006605,0.09644394614109127,0.12282221598710523,0.03790142020248944,0.08102660318582157,0.09287320851675503,0.06364419402188286
0.08265633136942149,0.11057090700125331,0.04106056887868113,0.06701341845500444,0.11719045971846322,0.13751484751555307,0.06603221878931671,0.07658738031018571,0.30137386796212096
0.09516431598911301,0.06110150910304792,0.07567642129503586,0.1051957647442636,0.11477374842681533,0.17877805345362419,0.07184807511935468,0.12965475526143258,0.1678073566073129
0.09757765516888463,0.1827837777801058,0.07417881139036792,0.09509834630015711,0.12864251407650726,0.08573326251752601,0.17406183480316462,0.11737807614630935,0.04454572181697732
0.13704634890179204,0.05113862796592394,0.10651143510568693,0.07970515168788368,0.1307280038894496,0.10597777879298896,0.24394555014172392,0.0971724514578408,0.04777465205671019
0.09783551968595221,0.10398380758696509,0.113193388909038,0.1268760572014863,0.11836958916006401,0.04752783313039156,0.1914399273325816,0.12896328619427097,0.07181059079925028
0.14855805579668188,0.13201591893277168,0.16186824426249816,0.09261609876853316,0.13475589021492426,0.03975608708350776,0.11001709550497522,0.13435699197790585,0.04605561745820208
0.11576801529446505,0.09733446734962792,0.19649123266100102,0.10102487170304458,0.10974513341261512,0.028195645447066913,0.12384095103546855,0.12166832205948618,0.10593136103722471
0.10070553502467734,0.08673165884178824,0.19837798507460028,0.11577873185308496,0.13596109358615796,0.07747651873743065,0.06598801822034449,0.11473211525101644,0.10424834341089961
0.10213688081287521,0.2097476779116844,0.07684122533526275,0.06397485752106725,0.0910617185860448,0.05271064986020996,0.07085215524863177,0.08194653804309271,0.25072829668113117
0.09613294583673815,0.11929475031500943,0.21400310066178685,0.07035641625626333,0.11050004158985889,0.08752784329989734,0.07011398191297535,0.08915238491016253,0.14291853521730805
0.1251663852476591,0.1833291959933748,0.07863887241023987,0.0946421483159854,0.12278186452157919,0.025313769717816268,0.10515413213033709,0.1303105347734305,0.13466309688957775
0.1190975431409388,0.1439209407525413,0.07214725937927244,0.1067166423505496,0.1275046082163813,0.07885003139416263,0.07938969738929515,0.11545353425550664,0.15691974312135223
0.1352643812013038,0.05211890199236078,0.07695763322757361,0.06953037655051021,0.11545473394505527,0.21869245840966975,0.12008662822350975,0.1724788173577795,0.03941606909223732
0.09065946979079724,0.15201808028405583,0.08792291216785265,0.16203700979363145,0.14073154634298432,0.020191112690893253,0.12936816482837124,0.12797883900863005,0.08909286509278401
0.13165747020798982,0.19245556628811214,0.10174414051826736,0.08698000830479924,0.13041739780504472,0.021732474349659654,0.11865825740406362,0.14713676390882233,0.06921792121324116
0.16208664565588238,0.16444233662597665,0.06627570538813411,0.10413364716975572,0.13433501190786395,0.0758491116084543,0.1239662978701041,0.12825798818931314,0.04065325558451565
0.09553438142263766,0.12933526837023177,0.08614811379681653,0.09055079825178432,0.12621531809075712,0.05437197803477443,0.1750205166370045,0.15245473058684358,0.09036889480915006
0.07557131799515641,0.19673559713895794,0.08085879817973629,0.048188488856883926,0.11624424321372544,0.18242754549165333,0.07038663708620231,0.1376255976591473,0.09196177437853698
0.10979444711863436,0.07220159467790642,0.08531385617925602,0.1501055639862345,0.10108080931032833,0.2611350556898631,0.08434690285540965,0.09093213565915126,0.045089634523216425
0.13526988150474237,0.09400533400890891,0.1467481632202138,0.12871623428096615,0.1299789201727504,0.04526296478275265,0.12501901204331384,0.11026207098338202,0.08473741900296983
0.11763121657473348,0.16120140394143465,0.09911629373785558,0.11789528065177994,0.1300822243623361,0.01563897801688731,0.13772289816539288,0.14170110262074181,0.07901060192883831
0.08973143208268654,0.1479920902488182,0.16359555483229704,0.0880979152833755,0.11258908645955386,0.052022043495109256,0.09308515443201003,0.10689301667243174,0.14599370649371787
0.10159434515381101,0.07786128494309569,0.1513397295090896,0.08024638733519501,0.1225097150031323,0.019779631722558328,0.20733900242012362,0.10873330453587086,0.1305965993771235
0.0774724669391884,0.10362934749593439,0.07294402810257929,0.13571746063029147,0.10632439848919073,0.04500587846415712,0.29054629933499193,0.10063392476576179,0.06772619577790497
0.1373128201371858,0.054546889354889404,0.1711743884865257,0.1352803731802957,0.10768735331984354,0.04204825453570949,0.11591190167994736,0.1807197846353371,0.05531823467026592
0.11308674201078513,0.12669465071109562,0.245339485479348,0.06012724445109008,0.10629852278008668,0.02589310797641507,0.10197521468874392,0.10191890785099901,0.11866612405143658
0.07811601697864388,0.08622276987872977,0.12553131754194363,0.12447061684626297,0.10562233789863813,0.04763305362821566,0.10288997336084649,0.12060097406040078,0.20891293980631867
0.1404287130644052,0.165532863550842,0.10142587636636502,0.1394166087357099,0.12569357139693388,0.04752784801860269,0.10318797806765767,0.09578700089256965,0.08099953990691398
0.10930626863887793,0.09903631797909924,0.12625836828192968,0.1159038278385785,0.12624649896121276,0.06293970844682593,0.1287601437860295,0.17218915451073272,0.059359711556713685
0.16911797565051434,0.1862619145641956,0.11784272052912063,0.07442554297790256,0.13229481118976735,0.014861566288109716,0.09162266255899774,0.11007457291071844,0.10349823333067365
0.13012588098061864,0.1285894829365193,0.08410764061263055,0.09643114891033504,0.12864252290409348,0.03324714628256928,0.14194341692236656,0.1756389196837865,0.08127384076708065
0.14383766012945431,0.10381690143168136,0.1545968258812895,0.1116871041791803,0.11746642239654549,0.014884206580655738,0.15404696765660564,0.15411614001141682,0.04554777173317078
0.12568806961705403,0.08369873605366662,0.09024999681319086,0.1295437850351314,0.11282397307556429,0.07538689826784734,0.18590924728357794,0.10246123187341434,0.09423806198055329
0.09706187449523569,0.09733006165942548,0.11480370302182835,0.1006785956363669,0.12284642371235349,0.059601583107866736,0.14750483936895178,0.15585886769121657,0.10431405130675493
0.09114663701417675,0.07673285961151687,0.16165450594526426,0.10320878278081513,0.11606363423308365,0.056259702072376176,0.16713818950174067,0.10627088034051106,0.12152480850051539
0.13678329502904377,0.10602072601107963,0.0735134841213868,0.07221549036378123,0.12804987569067927,0.058684554962431586,0.136299183438011,0.14169625403790756,0.1467371363456791
0.2379090863609982,0.08643381117191994,0.1481941403783349,0.0919960107841637,0.15637389437608204,0.026428262948300058,0.09103404934345394,0.12298247013985997,0.03864827449688719
0.13324658443028306,0.09424230130688195,0.1863648354127931,0.06581211168558398,0.14089366052866079,0.05155740824386795,0.13576376868626913,0.13103681688847035,0.06108251281718963
0.15129863476793684,0.14084924132943993,0.05415146995315823,0.09961672377356297,0.11303510658206517,0.08137728723371641,0.07636269520062554,0.09313137668199,0.19017746447750494
0.1200946326825393,0.12231974971371752,0.13315002729466505,0.11310743835083614,0.12299351155658293,0.013225331188046719,0.17956139507411964,0.11384840356769503,0.08169951057179758
0.07906619404582592,0.11050701261126362,0.08101799819872725,0.07337918413006607,0.12595457121757583,0.1794010416843769,0.15042175586671383,0.09621561275088586,0.10403662949456467
0.14970514461485906,0.17281683514248522,0.1269451881813466,0.09554770163497127,0.11334092749951037,0.018004860205946365,0.12847952849679153,0.10695267045081513,0.08820714377327453
0.20536442886040182,0.1090656151370775,0.08555451890100595,0.07714849319445166,0.16467577837146308,0.03350157639634004,0.09816684042741312,0.16802889224445647,0.058493856467390415
0.1208325066969706,0.24884707646916518,0.09609425407829235,0.05467509866643681,0.11424204929802462,0.12003022770248789,0.09778994090049364,0.10787117427925469,0.03961767190887417
0.11095608660544021,0.1155902904082331,0.25533231564114783,0.0927587333621218,0.09320429444051966,0.05677168293379855,0.047639291115142764,0.09047576567963393,0.1372715398139621
0.13984972290831918,0.07468238167410877,0.07253559648887016,0.127606678383251,0.14947300338061978,0.022497962441410033,0.1938052075200795,0.1731488678511163,0.04640057935222531
0.1800803256400831,0.2079590781463038,0.08696803614605543,0.14059357233688344,0.11619043565572253,0.04574838521512677,0.1069917006505412,0.08578373085645175,0.02968473535283199
0.11499246654356976,0.18973161008497952,0.12655132203760616,0.08904445576025626,0.12473093615171975,0.019514384141801948,0.12554332493802897,0.13798808956405292,0.07190341077798475
0.0873055286711912,0.18014605655723548,0.06386418668061802,0.05236044451775737,0.09049588659222295,0.08448057158859053,0.07656241298948938,0.0798818499238733,0.2849030624790218
0.09459145732276215,0.14614773311995194,0.1122308419365959,0.05877227612161381,0.1059288821588037,0.09753011795000838,0.09574393599379866,0.1341515248652572,0.15490323053120827
0.1911368850308229,0.16481977519158153,0.0848158240382849,0.11522646455628678,0.10795098609395413,0.04335495346177193,0.10785173257100829,0.1218364646477989,0.06300691440849059
0.09200505647189976,0.07537079411228302,0.06355185653054295,0.09780705927275742,0.14191142833744233,0.11238941466246388,0.19662946793977298,0.13246762642154575,0.08786729625129192
0.10708256605432383,0.08429408827878819,0.1415278318212033,0.08254037803122617,0.10198587290370782,0.14402588416314918,0.10400634441000008,0.1371581269277257,0.09737890740987577
0.07581562545002564,0.11949853702626252,0.09491918284037797,0.13393531372326511,0.13130465603695016,0.10412584328054626,0.16894966136487463,0.0785762417877494,0.09287493848994828
0.13216954145411622,0.03504045040914684,0.2664771339837868,0.08755444066101037,0.08791107685526023,0.1307277471793298,0.0800898625015478,0.11666290623528251,0.06336684072051939
0.16864545736849415,0.06780192087913432,0.06375366681866614,0.06364315838499447,0.14245797507248056,0.04951397782749464,0.14996327440482052,0.1406720115551798,0.15354855768873543
0.04892777694319386,0.08600903833757323,0.055761366276363335,0.11090429337571917,0.09434428398927512,0.3693285247342552,0.07657313396675637,0.11312118740317527,0.04503039497368857
0.11227848163635157,0.07543216187415903,0.15802006738744914,0.09637880142054961,0.10752150379973509,0.07377696701246804,0.07980503656158844,0.09277033927510246,0.20401664103259654
0.07075996663084472,0.04509837063715871,0.13030959553972246,0.15612551778036163,0.08341410019090512,0.30052142931716874,0.08035607853593879,0.07054690675230446,0.06286803461559544
0.14613367249490233,0.13473234306085666,0.14811918345403777,0.0739590785797483,0.12976422631435305,0.0487186736406692,0.11591310346603811,0.14216730308895434,0.060492415900440195
0.06451189647841966,0.029346302077463193,0.34849269552503354,0.0902103657532193,0.13279183134372088,0.09756414718983486,0.08812755302998453,0.07257104610892522,0.0763841624933989
0.09889281082073849,0.02212888246113295,0.1552398421774275,0.0720920431089062,0.11661452472503138,0.16318863640096412,0.09994047039342246,0.1539263344190773,0.11797645549329959
0.1210084428024491,0.06924854469625781,0.1328241089954623,0.15039950279488998,0.1383143980780386,0.037976689718723915,0.10394257693702036,0.1836498831134068,0.06263585286375122
0.08042001062409788,0.09075214987093684,0.15796674694735666,0.13155997903418734,0.14703540229102377,0.10112248958115473,0.08787714983619506,0.1300578519090051,0.07320821990604255
0.06104573323034527,0.08815723347581676,0.12953575366451175,0.09389448298193225,0.1010639049998608,0.04266700820261906,0.06825891236084743,0.0757898066900946,0.3395871643939721
0.15245777555983475,0.215440619149006,0.09152897902761124,0.07199209703804414,0.08445240943671001,0.0626147972780459,0.05594203674914814,0.08019624767564122,0.18537503808595854
0.10290274428912081,0.054621461214976776,0.27483199417206133,0.1151690361943143,0.10169766853627844,0.08145510638120955,0.09346175755297143,0.10176289157751384,0.07409734008155347
0.14541056803701422,0.09600655093889698,0.08217480994537385,0.12150426868167102,0.13699275607385378,0.10404357471779159,0.09054083768471625,0.13113203907280244,0.09219459484787994
0.14964596055015433,0.112935800710112,0.12200858781455509,0.09757559273146048,0.13743759606706857,0.04504920324581204,0.13863958889932615,0.1268248176111622,0.06988285237034905
0.10201743708584343,0.07759351218607045,0.06309333463728474,0.19295312066097894,0.14660816886446645,0.051204063442766796,0.08919617710744626,0.16292831175164987,0.11440587426349307
0.1473183434543354,0.17823879170968726,0.0796126917637619,0.09122798502402955,0.11503431155346529,0.06106954642520962,0.07759683972387928,0.1371826658525553,0.1127188244930764
0.13713699588968187,0.12420889145074666,0.12299565168970172,0.09336027954044795,0.13694458601056617,0.056619136136301866,0.11313664345580905,0.1337767269036846,0.0818210889230601
0.07468187581715151,0.08287628063504757,0.20399185519933502,0.1269817337815703,0.1447219973132767,0.08914415693755984,0.08080122240873915,0.11960277271597747,0.0771981051913425
0.11335442084988302,0.07749958496239043,0.2442301500292449,0.07130804827071296,0.1097849213842506,0.020855938353273835,0.0871383140048201,0.08831443315711922,0.18751418898830494
0.12388975197483308,0.21604044711054415,0.1252022273212918,0.06857357518724626,0.127344859675247,0.02878746085068337,0.11970046214140356,0.14186953652843062,0.04859167921032017
0.055268693262630286,0.08976334667011016,0.08262508471424793,0.038908264224222236,0.10877104859082291,0.17146198385290815,0.1085753521060122,0.11861574869992786,0.22601047787911832
0.09530668895191041,0.06362416795071467,0.14828297949527633,0.134369019749945,0.10437917401960717,0.09839530615736763,0.10274846695051437,0.1820813446960936,0.07081285202857092
0.11757259986744056,0.2296916037774427,0.13375752987676273,0.0960477109142293,0.11218898938300803,0.04139506019966681,0.10254439601746769,0.10813950852286774,0.05866260144111449
0.06134277822257567,0.05235084241399174,0.2340702339889881,0.05030753776600321,0.07142946743051498,0.08123265175180172,0.05573950303695185,0.06879496616510324,0.3247320192240695
0.11556583375157538,0.07750680939578458,0.12884066200756408,0.133562132038085,0.11550604589140549,0.024024258889720207,0.2053356694560811,0.12080628645841653,0.07885230211136764
0.16070041961637335,0.08848973772906439,0.11594451802348797,0.09715018636193261,0.10940745855333127,0.21183755927494127,0.0656458356833212,0.09851810558965109,0.05230617916789684
0.08967964339175838,0.057150684934489326,0.23937362145889807,0.0968472651619548,0.11687663377100348,0.06060980278748177,0.11161477825606075,0.13076922276056827,0.09707834747778525
0.09946702025360558,0.10298405290438602,0.07136391035201191,0.1192529993864357,0.11857943138643617,0.23825483340419007,0.06226994545937107,0.14154111757976628,0.04628668927379723
0.07529094919129962,0.02326896115978998,0.14286144879734988,0.16643231003532527,0.10169180697433322,0.19713155266348248,0.1598712968773193,0.0803105732763974,0.0531411010247028
0.10973309229935074,0.2288908286642383,0.07771710109069242,0.07592428352878887,0.1367543694653791,0.035261679626633374,0.1343322537718397,0.14336120597250435,0.05802518558057315
0.11270949930250734,0.10618323394192038,0.06339993737051318,0.09000139906643485,0.11647006952192895,0.08233014287084395,0.07869582668261892,0.16794150639075522,0.18226838485247718
0.07200315110768508,0.08658701418261622,0.09091466533056104,0.13735497435626837,0.09029767104673554,0.10460447029575133,0.06581090071439934,0.08937526192555474,0.26305189104042825
0.14053504505802736,0.07940311863934861,0.07507354162707304,0.10101944057661115,0.1249711318590863,0.138111079428649,0.13508242986421695,0.105201107729125,0.10060310521786257
0.07469885459200377,0.04112228763451007,0.08247174771227248,0.05330904770826752,0.10017583608157231,0.10051254134328165,0.05261467212075175,0.07763137588959224,0.4174636369177483
0.10829571422604822,0.144142714689615,0.1264013205478058,0.10710782395643526,0.13041379796165375,0.06724547521726061,0.11514717895151085,0.12265935220816555,0.07858662224150499
0.14071983595635448,0.12894430882048283,0.09056310345936462,0.10682495086357503,0.12920374747464536,0.029426733084913403,0.10393622649592808,0.16422983711755246,0.10615125672718377
0.1670462119300101,0.06874307165742084,0.07797162032886269,0.10790337173906585,0.12798225771458185,0.11675775269166401,0.08708807249807536,0.09707725597676299,0.14943038546355628
