0.1677316430361837,0.09106075636813282,0.0816386882688994,0.08079869752918045,0.09933803200579672,0.10604266720464418,0.10220132993639401,0.14166762567558672,0.12952055997518205
0.10123841993129819,0.10400827669722833,0.043275094374176266,0.19510139750889396,0.12789324988100184,0.12038001816807886,0.0780460919126326,0.16331167164204,0.06674577988464998
0.08545722315769173,0.09130733694861497,0.08814748602958883,0.10289512311289588,0.1382462708663581,0.09522234908033428,0.11911260458441177,0.0949927150126441,0.18461889120746042
0.1225638569814625,0.12569702690473072,0.13544087045028397,0.09735564899800005,0.09494304263501162,0.10101416628614229,0.16715985171154504,0.092460823634256,0.0633647123985678
0.1063974034460126,0.10820272775895533,0.0660054566838727,0.10957679458353588,0.09135105118545116,0.12140722154461725,0.11632630266284744,0.16429293709326556,0.11644010504144209
0.07350618847406902,0.12014658730701483,0.06372765864153705,0.08249832944038198,0.1545216900715141,0.09957120801337245,0.10538837972603088,0.09306138227325074,0.207578576052829
0.08523576012470441,0.09266088634488932,0.3026752132053279,0.06766927642600003,0.10338975952517104,0.07703943157211852,0.09321943128582393,0.08660407454698649,0.09150616696897834
0.11647881423495514,0.12776295908480237,0.05299285905534595,0.09855047134743605,0.15426549607706166,0.14497559222519324,0.14163270062056318,0.07838222634733312,0.08495888100730925
0.12094734373806042,0.10975510566601454,0.06819201234228668,0.09678476671887094,0.08615187450125468,0.09807707131642818,0.13443480540519442,0.1324365646449097,0.15322045566698037
0.11042088090343864,0.15074573249384693,0.07557600725638446,0.0998686626264329,0.12652212079783973,0.14272404990997958,0.13135419983861726,0.10540569559863557,0.05738265057482498
0.09481959245664578,0.14884124629576448,0.07119124515324822,0.058561269608462,0.10642906568572826,0.15564626410111726,0.10655603285164943,0.17827044791025093,0.07968483593713362
0.12498388163155665,0.08721226311480408,0.10660363553651829,0.22271509234457,0.07691674240850917,0.09179548516909676,0.1274730319757321,0.13949366564861257,0.022806202170600476
0.10282415995010304,0.11337576429621195,0.13141339637679816,0.11887120333866207,0.10784366296303749,0.15413463704220598,0.11160552951232978,0.12307022823292475,0.036861418287726704
0.11011786391340816,0.17424603396171046,0.05495010075759727,0.16318890636117886,0.1363252615861368,0.07845962329372452,0.11186154639143175,0.13284815785073115,0.03800250588408101
0.0944757911318384,0.11643674163281582,0.1041155378664562,0.08401803601450726,0.07991401172238953,0.16335369403108188,0.12891890144415638,0.12770984809776162,0.10105743805899288
0.13648119621265695,0.13228744936396283,0.05934670388418154,0.10936601060874601,0.09799040383395315,0.10461219744413408,0.12275786292788139,0.14813831165960256,0.08901986406488148
0.08383825411137717,0.13067697664416555,0.064344435715932,0.09358277099709023,0.09757763245974523,0.16843280878999348,0.16533043565881814,0.10465282396552537,0.09156386165735282
0.08508066727529452,0.0692092907704172,0.2645087951674055,0.06154878770568706,0.10575524149804964,0.12191583512632682,0.08182208789644928,0.0929535256862437,0.11720576887412633
0.09253048693880146,0.17526740015630404,0.04458780099447406,0.07720971621918028,0.09040805776042556,0.12552706626275398,0.1362949213885218,0.1456759166118808,0.11249863366765804
0.0744034860751739,0.09661059396089237,0.029511446615879986,0.054421998117450736,0.11685774611797156,0.13292467188394527,0.10429739865238481,0.08490419870695055,0.3060684598693508
0.14827746733778915,0.08283662158530243,0.17593661137778183,0.06312752478742278,0.08249567783328932,0.06712645534423013,0.11002060256468922,0.09577035557126716,0.17440868359822795
0.07194089256932872,0.13514281492637806,0.1413610817022274,0.07956432038491834,0.15549295172766803,0.09653431311723844,0.1403374256508689,0.09896194841407757,0.08066425150729455
0.11652214982238912,0.11342376720651416,0.26753497882404603,0.09491359599055771,0.07913007746726658,0.05984889214041252,0.14239606505272875,0.09122697164777077,0.03500350184831443
0.09694865673478266,0.14783084320882456,0.027524334296207816,0.08255453821759819,0.0968943522919417,0.23532826468995072,0.11205525249993052,0.1235805481723874,0.07728320988837639
0.09729092923869787,0.17622754794448534,0.10420747689921972,0.07270876380230172,0.09939702529828542,0.11422103294320925,0.16569161133094745,0.10442571942683164,0.06582989311602161
0.1512518399745685,0.12307420235541822,0.212688585870445,0.061678656564169175,0.11103361993938277,0.06327110512406935,0.09200334100994306,0.09756295273554542,0.08743569642645838
0.0694633966241965,0.10141859953912297,0.23173895603540426,0.056465899649413544,0.07619209872903505,0.06262601632819738,0.12198253827492152,0.10368388871023282,0.176428606109476
0.11181198325433794,0.13772500097417797,0.06219333149561939,0.10565357913003497,0.1438353673580878,0.11736272229446221,0.1517805500204755,0.08938064694973841,0.08025681852306586
0.05961179050792104,0.1001861591084644,0.18406317296489164,0.04558500616449248,0.15060490978345403,0.12158860989385838,0.10401034873980573,0.10474470163125764,0.12960530120585456
0.12484827052838553,0.10799955529498295,0.10114429403760106,0.12541578266147965,0.12177002720584817,0.08662492830979551,0.1201697475337241,0.1115300423030896,0.10049735212509343
0.14084467154991184,0.16510716692107608,0.10294336200394495,0.06970311020383137,0.10655010397652957,0.10404289766917692,0.13106614379479353,0.14803371477016605,0.031708829110569665
0.06842874604180352,0.17496350751267006,0.03970835129245658,0.09141114104378618,0.1426387214792787,0.1748848010924938,0.11739690618311134,0.10367479265602307,0.0868930326983768
0.17039172609950812,0.14659201890693785,0.028406059481982077,0.10998021172475936,0.12444111594744363,0.10369343830324997,0.14327418499438774,0.09805846904282094,0.07516277549891036
0.11154722089055906,0.11042085283526633,0.11843737097063277,0.06422808235815071,0.14674091356146923,0.08025388161219439,0.09776861477958586,0.08508782084134096,0.18551524215080062
0.10359775697782418,0.0889058048938226,0.02816580988219275,0.11801626301253854,0.1191956621003915,0.0801890306789781,0.10590223086567253,0.08454999442665363,0.27147744716192607
0.1110681178401245,0.10880263844334565,0.10525516999990682,0.061559211219871866,0.14068816215500282,0.08394814272981617,0.08995948200081676,0.10273910568576651,0.1959799699253489
0.14129018827666193,0.12894933907391284,0.03644007194086101,0.11571036832790815,0.11256993802720722,0.0950129398639336,0.12333841253292942,0.11045303827150559,0.13623570368508028
0.045250306007192875,0.1259977260287344,0.2472047867966676,0.07590439570850967,0.06703244266572382,0.12128095472370655,0.10891153341339133,0.11426143622043532,0.09415641843563849
0.17575422701881604,0.11688911507651607,0.05989213902318313,0.06570588012682478,0.09483334151521712,0.10773626681346908,0.13721376564390358,0.12945678366752067,0.11251848111454954
0.10611710508537504,0.18070978532523865,0.06407013008660604,0.07676480919054424,0.16132688774258694,0.14226660013369843,0.11127631501116175,0.11615271620993102,0.04131565121485791
0.08664086552444879,0.13802293624351936,0.16473959435642224,0.06204999061499594,0.07953627479806354,0.12749046485067886,0.11479797923489361,0.14872687445145535,0.07799501992552223
0.14445471101595,0.1788569803039239,0.09696617251009082,0.0668700014445781,0.15733283195903752,0.06344713680913965,0.10087999386245623,0.10841264680091274,0.08277952529391093
0.11756419079271696,0.07453841714489227,0.09526440584032177,0.06106686743227363,0.0844028949471552,0.07083799150707226,0.13569013763997237,0.07624841833116598,0.2843866763644296
0.09191850852239314,0.1526566195597401,0.026044562404475172,0.12376723822845281,0.14477408136079065,0.12479925697042642,0.11324592538011007,0.10535844653292616,0.11743536104068551
0.12784317205438697,0.1418031120747371,0.055171658792244914,0.21374743833744914,0.10637529278743067,0.100482050487027,0.13469970522979902,0.09827281179325971,0.021604758443665495
0.21929079496852802,0.12229057257526081,0.0976416342379701,0.07903894460110178,0.09839225290584552,0.06849193444283065,0.15443843109835095,0.095654163453181,0.06476127171693129
0.11917844364119441,0.09003263710072697,0.1868640942045019,0.04681136061417324,0.0715778791463042,0.08460090284364473,0.11378125474078306,0.11271335497192074,0.17444007273675077
0.1426078328551056,0.08601466235322656,0.0763529532318345,0.10580249252565961,0.1136188890475819,0.09280625086517315,0.1385130332586504,0.11042299405686189,0.13386089180590646
0.17256627062959876,0.13003103668281246,0.12224509587007854,0.07311576151171562,0.08014617623675303,0.09981696114530138,0.13382631126739994,0.12440554448489415,0.06384684217144614
0.10221023124906102,0.11876350018844635,0.041169586563162684,0.10483159711815032,0.10101187135189259,0.12901813546911065,0.12831017905339795,0.1544036828182719,0.12028121618850651
0.08582723971740559,0.18828304449260147,0.035606552219759106,0.1527533874848438,0.10795541619067177,0.12136456138769673,0.10480007034919736,0.17966772619585755,0.023742001961966647
0.1432316370999672,0.1879612084463492,0.04372652577176714,0.09190922963864372,0.09023596786289996,0.09374124786626331,0.11065887274066406,0.18338379586136266,0.05515151471208277
0.1511006101712926,0.1265982008557749,0.07802419433913828,0.14743071050408363,0.18800850827265628,0.0509161211429617,0.12691348582267134,0.06779607854157751,0.06321209034984376
0.1449823766609464,0.10789437570387139,0.1552287617668097,0.0801495151612361,0.10879383328869047,0.0859933869707679,0.13613613912146602,0.13110273308747714,0.049718878238734755
0.11251691867286939,0.11164854247635682,0.11592727806615134,0.10947351463701217,0.09651106494134015,0.09767730343538965,0.14210144492542662,0.1238574058412721,0.09028652700418167
0.05572467445382204,0.09711289618366949,0.3409138398943526,0.14157857409915223,0.09569886962732184,0.047532147397197605,0.09446252592425702,0.0922624932749118,0.03471397914531537
0.06217801945548021,0.11082901210654089,0.12018009208909435,0.09809742829444155,0.09105811250605743,0.07765558435906252,0.11193417295221686,0.11678262474981282,0.21128495348729337
0.12077331235798627,0.17446506855821922,0.14317075995220901,0.07973672519528673,0.08523134488375522,0.13571224101388227,0.11688305811905013,0.13335765279290027,0.010669837126710956
0.06586154691600692,0.09075973683241272,0.20049159486524248,0.06657635446571024,0.0813185925827347,0.07898253563861037,0.12005253455835468,0.10612343767585343,0.18983366646507446
0.1537551743417763,0.12301950498450441,0.1959428870151336,0.0814794495567789,0.09500063731743047,0.0872810897521769,0.13219822679418547,0.10432809015585914,0.026994940082154806
0.10003028178647251,0.1334578575603909,0.034538163417951497,0.22349368580200646,0.11274694542343555,0.08657357885268178,0.10524132196739518,0.12372117004722742,0.08019699514243869
0.10740926593627693,0.15070587790804432,0.06624657956504557,0.1065309865700672,0.1127722512759,0.07144758080952628,0.1177940964787132,0.16873598323601582,0.09835737822041064
0.1266330941381927,0.1288743951593225,0.07353228891161114,0.17749567823129309,0.06513455920677963,0.0902920771291817,0.1288642532747463,0.15123231829177444,0.057941335657098504
0.11061576837528257,0.13497876891811325,0.09147030546065767,0.11164946807449706,0.13344440156494883,0.14909001650882073,0.1161461361303779,0.1074107306895446,0.045194404277757394
0.06450715472879828,0.117225044349291,0.06769522451834918,0.1432806929301601,0.10841686087616968,0.22044451077969077,0.12827423788235517,0.09337860252593465,0.05677767140925114
0.10843603598407404,0.10429491019856361,0.08601667861217242,0.06439704012947024,0.14312831886899072,0.10529492079937236,0.11608175642682889,0.10515517637010263,0.16719516261042502
0.09572288027151589,0.1124428033316525,0.3338190067417605,0.05737789621845416,0.09093268671956282,0.07665532841784688,0.10856620258040928,0.10849769161013528,0.01598550410866278
0.1610114497246227,0.13846224887372846,0.0777444890391424,0.08911993300367725,0.14691592470029793,0.13211280582374246,0.11045464129671693,0.11390739648592618,0.030271111052145656
0.10426072715864547,0.17549336093447762,0.05171650941547908,0.11578492916333777,0.10825576633196728,0.09758705788059645,0.1459478544169366,0.1396282975511961,0.06132549714736355
0.07837935321696297,0.08829065302350363,0.06931867962183506,0.06631699675281691,0.12693294607973457,0.05765356395634189,0.08542546522831507,0.13211223981733963,0.29557010230315023
0.09927959414580574,0.16571139189935052,0.06315697360365045,0.09345312000285765,0.1347834547908137,0.11946998814953042,0.1465400701521164,0.11276537157446655,0.0648400356814086
0.107800879808979,0.14263178216812122,0.15283540883685168,0.11195038456901167,0.10153602287881709,0.08302254458255072,0.11932296545859129,0.14700175173968844,0.03389825995738895
0.07839459704632985,0.10819998849920372,0.04897781536985782,0.06644572983413233,0.11172406870018074,0.16577457763064557,0.08615596634611689,0.11794167363133216,0.21638558294220092
0.07854717550552416,0.10561007510042637,0.08323186599399557,0.08311805840136398,0.10334246623104104,0.15069132934382187,0.10909184792838378,0.1266631746045733,0.15970400689087003
0.09043389464403935,0.09330554652952121,0.18088597201728382,0.051069849184733986,0.10867814455518936,0.13918857919983627,0.100722472935801,0.09962746527996691,0.13608807565362802
0.09045628694360336,0.09367878560915767,0.16765279983826006,0.12498821145660466,0.08711011826716779,0.11414475677669096,0.12693810113325651,0.13999313450689568,0.055037805468363336
0.11144058824765414,0.10333861777335042,0.0850889405016481,0.09030644710379158,0.09270097381414301,0.1663338099049012,0.11988672989104494,0.13666847850463232,0.0942354142588342
0.10747329813629042,0.09928411190805904,0.11775205426212014,0.10757461459845152,0.10432401142314209,0.15621051257100974,0.11152676087044201,0.10527900636016659,0.09057562987031846
0.11370517405068885,0.11225663207684222,0.1082336753311785,0.08704378814441348,0.09855829856764664,0.10423178270287044,0.12377819704729405,0.1061428973701883,0.1460495547088775
0.11393398404114281,0.1215718339624685,0.0798419467304223,0.1373595288361962,0.0966546688090898,0.08695979119168896,0.1392841341958779,0.159223516142628,0.06517059609048546
0.12101419900249512,0.1126341421030097,0.06334137753675265,0.0733863214711334,0.09415680376884127,0.1504537745177691,0.12570164365836775,0.1501378173874921,0.10917392055413895
0.04495042407828612,0.06907520041443997,0.020792178047661793,0.027791820074165464,0.08425954452703434,0.21435635716926985,0.07565299254696357,0.07194067956446797,0.3911808035777109
0.08131870893912822,0.11487626698159663,0.1144077247544933,0.07129983718995177,0.15619900479517948,0.14642460407606775,0.09255171166001419,0.1137317395010193,0.10919040210254945
0.06490022373880411,0.10559465696734939,0.21125246880880108,0.11129661809674345,0.09655517158598431,0.12490262941279841,0.10886575291631471,0.12119607841236835,0.05543640006083625
0.07963833313918876,0.10857337541375933,0.08748266654932384,0.09890171828134868,0.08870128971443379,0.07338256319881141,0.10979410547996626,0.12261029212583606,0.23091565609733186
0.14290607902449728,0.09146746920362753,0.1340706926486763,0.20921087994705914,0.10743052452154289,0.07928147901825179,0.09309910828637442,0.09750369163459875,0.04503007571537191
0.10341235640570827,0.1297111498781214,0.12651039972850706,0.11982151117089505,0.12864134615265135,0.06313602302658257,0.1023974381790504,0.13819857867806407,0.08817119678041986
0.05877058096864107,0.08870729707283209,0.029965303578249555,0.12530850417278724,0.13091853304789391,0.09309669843567832,0.06444617072793374,0.09693134151379305,0.311855570482191
0.10488974786592802,0.10942456751228873,0.15333551369019854,0.09805972760516914,0.09901978087813988,0.09591650288710456,0.11578274838324883,0.1424744787444828,0.08109693243343953
0.11081672771968838,0.1722623835827339,0.04952902711731282,0.13363362023995576,0.1365187367563942,0.11606488831187463,0.12473573961874969,0.09901981526166219,0.05741906139162844
0.10232038320464103,0.1267270236153641,0.056471134931130686,0.12253877617832891,0.118349464469708,0.14119134637189554,0.1210866322799448,0.11450527519041227,0.09680996375857474
0.08024124518027183,0.10452736524295266,0.12016780682785287,0.06290316937511341,0.07956911644223584,0.08823059939872291,0.12029268336870719,0.10644546968477693,0.23762254447936637
0.15880533334629562,0.13248430034515093,0.06197001699447514,0.06448141326367553,0.08702707359390034,0.11136424686156808,0.14165691797848307,0.11275107298094801,0.1294596246355033
0.1195244626006831,0.17564749452543205,0.024180477743838052,0.0974709849240724,0.10830014726232799,0.13527821375624355,0.12119146905912226,0.1361140396825319,0.08229271044574869
0.10117534238407329,0.11730929865700417,0.2585059466636525,0.06877388146295586,0.0864126946595008,0.0776920634310073,0.14724212307100282,0.08206325443373988,0.06082539523706338
0.13632915893112732,0.16409965561950324,0.08443879192336202,0.08054237272820249,0.10922742146183106,0.07392016735200281,0.13021366850289948,0.12521807612199023,0.0960106873590814
0.06790293615944529,0.07977395290728787,0.18966963471290735,0.08370191544360661,0.0836515176961199,0.20240545234419569,0.11058090244559472,0.12279336351800225,0.059520324772840305
0.10062941867765668,0.09051925304561932,0.3004735910707204,0.048665910352319465,0.11866151216232372,0.06552107671517256,0.09304525294779402,0.09747527281943229,0.08500871220896157
0.14983934730993198,0.11163067967238499,0.17081347855317305,0.07644756305126917,0.09851880371054315,0.0788052271874312,0.10561724488205519,0.13309041458130005,0.07523724105191117
0.10669238448192764,0.08870741706868558,0.05324613361585543,0.11802551683002223,0.10896653533959129,0.14318506317208116,0.1217728452840683,0.13425411844163904,0.12514998576612923
0.10525335081120524,0.1175848605491863,0.07406802617756514,0.13072980419517155,0.10492029972262569,0.1311757363474971,0.131318040290447,0.14219070284633287,0.0627591790599691
0.16717615611908174,0.10023961003259142,0.12915909519813248,0.12870809218097382,0.12479257587093164,0.061681803145652664,0.08395126924754508,0.12452502450052398,0.07976637370456727
0.08271626818319465,0.16085580535778052,0.04743747635678522,0.11562441528082427,0.09548515027655724,0.12620723238347134,0.10817261763730053,0.15039730891809044,0.11310372560599584
0.09470570281193323,0.10273719737513069,0.20518552407248247,0.07027151563723855,0.11033426903343187,0.11612308856752414,0.11785266975968318,0.10084681953851672,0.08194321320405916
0.12341702150258838,0.12010277577708799,0.13206310887513664,0.12385027015253529,0.11780907088714092,0.07679305401303964,0.12209523277187906,0.10293684295038108,0.08093262307021097
0.07111194758593511,0.09334343716313927,0.14744559995997716,0.06994111582480966,0.1016853850458768,0.132568309502943,0.09414881125233132,0.11585653908207709,0.17389885458291057
0.10120645583134032,0.11838713817965962,0.04797472437142832,0.17122285340454566,0.10243721483642458,0.06882066719282944,0.11299211367952684,0.12144089876194723,0.15551793374229805
0.10676217221793065,0.10002344594823094,0.19646246915292961,0.06098697335998569,0.10028959185681635,0.07716304680955648,0.13242684347066988,0.10816655330822911,0.11771890387565126
0.14199785392467465,0.11911758245949917,0.04037078619284028,0.08082573342288392,0.14112902843186295,0.11393441681442791,0.10458430179471188,0.13819602299458958,0.11984427396450963
0.07817147390139284,0.075740888897645,0.05381354577193875,0.056028490878898385,0.11167902535289054,0.21079356388994755,0.07969573131778705,0.08883452813702082,0.24524275185247899
0.20570770634886634,0.11572783714281855,0.13935464451202736,0.12979340397507544,0.11278224322770512,0.05836616116669016,0.129841631012113,0.08335391205312666,0.02507246056157741
0.1355084018998769,0.12028694551043717,0.07547994991506535,0.08479641544477134,0.173020015285431,0.082577157871644,0.09639024841214279,0.12004847539029773,0.11189239027033364
0.19151840011513813,0.12395261132320394,0.11170909239670061,0.0797334447615411,0.08344879796777804,0.09619035915840835,0.1558878087971398,0.08982133464182841,0.06773815083826154
0.19787434339608487,0.12804371532111122,0.040228053175040294,0.08871739045494025,0.0846789704618091,0.1046628509699365,0.1165177774850738,0.1391302581737686,0.10014664056223548
0.23570139376975716,0.12011878816210425,0.09285805356274594,0.09131573259554532,0.13099819371367952,0.05875709822392459,0.13027368731893418,0.0783229339649762,0.061654118688332794
0.06532963260318121,0.08044346535247372,0.15917488438866909,0.11052195564663155,0.06361984194997938,0.11615152681169287,0.12650668303392953,0.16592101197454726,0.1123309982388954
0.15111679305435075,0.09997152718600359,0.04108171542442659,0.0494454829882616,0.08634073781257261,0.2108507835760538,0.10355213484385058,0.12580547958882338,0.13183534552565704
0.0970544483195157,0.16734769705537636,0.07939634898953528,0.1341671028288054,0.14317677822494557,0.08144026497837019,0.11151617503058346,0.13066866692013623,0.055232517652731766
0.09369515000571275,0.16256489589522288,0.07930947887903483,0.0778822578766753,0.12324942233885254,0.17602641191846957,0.12185019403455917,0.10431591489410913,0.061106274157363825
0.12065287418143482,0.10762638614867688,0.23854615765804796,0.04833459542323273,0.08282556950108996,0.05040335570446875,0.12304292373641469,0.07847620295248424,0.15009193469414994
0.09869692837684207,0.1008401846165264,0.10283102738373258,0.081385147131457,0.1289583517842325,0.09280680621531216,0.11068813710890811,0.1031763077559319,0.18061710962705735
0.09628910403936465,0.1058467042745418,0.18371808889352004,0.0845820388344745,0.14253610640588157,0.07788541712717137,0.11600516074487853,0.09912326174387616,0.09401411793629148
0.09023264413320793,0.16237583919967094,0.09693530687575512,0.07953001283197479,0.09849650666554705,0.07557876491094419,0.13889197955501115,0.13680520465934254,0.12115374116854631
0.13197144012431825,0.09406143574025881,0.15219799892348937,0.07954959731766396,0.11455772672772147,0.06773922424409226,0.13094628465247785,0.07719640436523229,0.15177988790474578
0.11279263788019527,0.12822820988023387,0.17541759921806077,0.0846470968455915,0.08815807039304115,0.0961533643454185,0.15462399087426876,0.11660306210847284,0.04337596845471736
0.09676537019301003,0.11647534795512249,0.0984748602348241,0.06905879597417554,0.10391844117168335,0.19086546962843917,0.10898823117961894,0.14825293596668407,0.06720054769644239
0.1503150850377276,0.11403258274997008,0.11242423275484716,0.08247241255050912,0.11610412399510654,0.1252897143060632,0.12040445364301404,0.0911012403190621,0.08785615464370017
0.10890483738411018,0.10082455866653611,0.10809544915358378,0.08136569859882946,0.12835319468534048,0.151675377863606,0.12446441973342397,0.10212509619953299,0.09419136771503711
0.07330472914269341,0.09667394802944762,0.3503693269382068,0.06877689513897355,0.09662393457337597,0.08920512442116979,0.09799886453326617,0.08905534222848392,0.03799183499438283
0.0923864619113387,0.12875664309457716,0.2577669757238425,0.0873413485949915,0.09450692731045834,0.07617191306554424,0.11719917267267073,0.10258801033998705,0.04328254728658979
0.0920382090950026,0.0887168811365559,0.3710421350628533,0.06177911508338563,0.09095538274007958,0.07715657952202984,0.11177543099565433,0.08400799659226017,0.02252826977217856
0.07724242555760646,0.12278269893506148,0.06325457638608177,0.12476729627114957,0.0944139097415156,0.15452853624821808,0.10294361925317987,0.14371103607489613,0.11635590153229103
0.09596368263111187,0.11428407475137346,0.13090128042096272,0.11946495247332774,0.17073952361856373,0.1375376112696953,0.10344203655188777,0.08500492238309754,0.04266191589997983
0.13276390067112653,0.09112279932560506,0.08841348807902501,0.10252672323866568,0.1098409291820835,0.111392622910704,0.11299263545064099,0.13522181587429705,0.11572508526785225
0.15847783855064693,0.16742307493912797,0.09784409646366482,0.11696501361808993,0.10955018613781885,0.0680872516316341,0.13333281684726453,0.11809723033015,0.030222491481602932
0.08671730965475201,0.10070396149335419,0.10575865726202148,0.0711175274517238,0.10376510825083708,0.12068186684501825,0.14580494485711806,0.09072808666098812,0.17472253752418698
0.1255481725839448,0.10042311349512512,0.08489389729210116,0.09856808732147238,0.09793124726564188,0.09574820849565634,0.1168629931989119,0.12437434588816416,0.15564993445898226
0.09951009454299946,0.1251635210259968,0.03529113046107245,0.06784969671647383,0.09888750784201657,0.2612443814166719,0.10423299534702024,0.15842388382427647,0.04939678882347229
0.11823681240709101,0.16459546516490384,0.09686887147748229,0.08037141843827199,0.11475498603374212,0.0866487057715884,0.12702480865966415,0.1283253986735081,0.08317353337374817
0.14097623308368376,0.10311017507470382,0.03458207194357904,0.1665034685963093,0.08553902030976912,0.10151242676907368,0.1139385297180594,0.15668889440367936,0.09714918010114253
0.08978169614509075,0.1032814245947664,0.1173602108337028,0.06350339546617755,0.12571611475618358,0.11593885410769493,0.13228730653550388,0.10192452806247228,0.15020646949840788
0.12229624636816146,0.11486006282678668,0.1893445615415508,0.07122916466857973,0.1206228129047353,0.10670769587154522,0.09129367976050713,0.1312811280367892,0.05236464802134446
0.0899058852843434,0.09774167994658924,0.15255810397144362,0.058764747387116956,0.07704998216742409,0.06325078572752442,0.1087573926893012,0.10303749985439513,0.24893392297186193
0.0863567392613546,0.08256019838030663,0.16688668510750557,0.13808875713227756,0.09863166430616062,0.054864949560863595,0.09367243761788262,0.13624679095032158,0.14269177768332728
0.18659739381234883,0.0916383912577118,0.05161731411798642,0.05846498499978906,0.0914932608979533,0.1401057466736334,0.09839676621269328,0.14073486639943233,0.14095127562845156
0.0711735187848924,0.08276400373966275,0.052331618822222696,0.061244971640320035,0.05337418240745767,0.07562862410339828,0.10510223060965958,0.12743561975935755,0.3709452301330291
0.07660193218880441,0.1050621901063817,0.2607585729847966,0.1375156420826109,0.08711622502879844,0.0714247664885796,0.10856011439678348,0.11258283977679735,0.040377716946447456
0.11528742787201122,0.1359346981334756,0.07773040044904561,0.09720349745231426,0.11278365699817526,0.13382906794373547,0.1247843403196357,0.10443713185283116,0.09800977897877572
0.11731662841497209,0.10529334030689759,0.10453237526613074,0.048144839431555675,0.08869228158334515,0.20252808147110202,0.11595112082312826,0.11629491719306563,0.10124641550980285
0.1567440832532879,0.12038553337997589,0.043582518575359074,0.10694090404708238,0.14528051902262815,0.0896304984355173,0.12336698537201081,0.10334630668888488,0.1107226512252536
0.11240592553979044,0.1317494334239566,0.03018711123512466,0.14044868738543495,0.06330123509018776,0.16168528750111852,0.10762238447353639,0.2052185301193796,0.047381405231470976
0.10226550034446502,0.08432735588055568,0.2637119210821619,0.1403266163587664,0.09621910014601438,0.058533989934636065,0.10762556519399898,0.09581477785331605,0.05117517320608545
0.12375132052003728,0.1080508578246966,0.12070295287159234,0.09727672627298511,0.1073842949361412,0.17122456695266078,0.12456780748570928,0.11871219103654908,0.0283292820996283
0.10416721600088392,0.09189738766361173,0.10266281213375193,0.07107389451091345,0.08500077356556128,0.11990498102389714,0.1211082819967524,0.13948937604507797,0.16469527705955017
0.09253549288704443,0.14524940390123794,0.06913314854853325,0.12944957528275544,0.10054979514013922,0.12510208724021551,0.12060461865131139,0.15645547611868407,0.06092040223007871
0.08788570212794093,0.11155267921224497,0.329149400515887,0.059441701755239905,0.134874876178749,0.06406210328157015,0.09830333048134239,0.0802255898235706,0.034504616623455164
0.08484198989903284,0.11989830243941817,0.1761427347588691,0.09071187826482381,0.11085696822296205,0.14447472883968884,0.10852164480671884,0.13942818794480497,0.025123564823681433
0.1061853948097737,0.11364986152561084,0.06016563497880658,0.14048310201951061,0.10304387988512777,0.12076011491314576,0.08967403683607233,0.15427787949098246,0.11176009554096998
0.19398817079067618,0.10018547261185111,0.10833518686891619,0.07144855835354842,0.12996618957693462,0.09981444545527551,0.10841286533549173,0.08482179989930762,0.10302731110799866
0.09348065397408221,0.12338709736430342,0.2111579978471736,0.06381384805719205,0.09169208321518456,0.1854419991645023,0.09368426952515946,0.12261364298446535,0.014728407867937198
0.10578261794391318,0.21519894614143067,0.05670714407703709,0.09319882890343627,0.1109540051148818,0.10740370530902416,0.14514177029643063,0.11460893841062314,0.051004043803223036
0.12109114271006811,0.11699466181515157,0.19904325464495787,0.07989667506481211,0.12463890489558649,0.10318075401547043,0.12159305629013023,0.09772850300847806,0.03583304755534506
0.051432140427456134,0.0593058408215792,0.11726024251882117,0.0365607003124955,0.1376590584465299,0.09428578744697746,0.07134475203392505,0.07050951646174067,0.3616419615304749
0.0933977535182991,0.146979802000438,0.06453644274583273,0.093332157773611,0.13727648562869707,0.13499998454879109,0.11648753862312718,0.12879877534621267,0.08419105981499116
0.14036762141760464,0.09071939973577975,0.1370592669777627,0.06225217754701584,0.09445268382471106,0.0862781832763392,0.11369817444976178,0.09266362958688969,0.1825088631841354
0.09170337314530493,0.19833481274669926,0.09570858830598082,0.06841539744516183,0.14029913481587933,0.14283885873267604,0.1438652839567349,0.08850953489204416,0.03032501595951879
0.0966475779696266,0.0754648591454364,0.06334036167892955,0.04417222435739577,0.0975985327263819,0.12897193605086205,0.07955289227402612,0.10117866557508942,0.3130729502222522
0.10446178263297345,0.11763230895401666,0.17666887835914757,0.07967665984554857,0.07552991996181509,0.1137243516550085,0.16448549580281072,0.11410386741920009,0.053716735369479386
0.19538330467337794,0.08413041999379363,0.04386688774256061,0.11630244122792603,0.09781833800513628,0.17020089979172073,0.11142098606355966,0.12997274674073242,0.05090397576119273
0.17118391307607173,0.10557691195853869,0.13637838414202236,0.060769601093350674,0.1271828546537763,0.08616309355544975,0.12464155973215725,0.10475028051934972,0.0833534012692836
