0.10881659465014977,0.123796507333043,0.1162531518024657,0.07744539377034483,0.10113306258553194,0.11990825307600772,0.10431157360840115,0.12604236483397635,0.12229309834007947
0.08200518323379564,0.0955480929028702,0.10346333684342528,0.10973679180057894,0.12313263851738898,0.11442914238189476,0.13495255853754987,0.12468498491005701,0.11204727087243932
0.1032691786244634,0.12376253935136812,0.111447100752512,0.10210488013159352,0.09842391778393444,0.1148239774563254,0.11053502247929557,0.11612630470598644,0.11950707871452126
0.0957921833270457,0.09566839782091217,0.09120820107552546,0.18131297496292284,0.10258568466137263,0.09442269571797503,0.13702788765396362,0.10310979135192243,0.09887218342836022
0.11685691168618034,0.14495471596774798,0.10913780569071359,0.12028103187337293,0.08102850150568486,0.10634012598795561,0.10066245446716086,0.10370437794205108,0.11703407487913275
0.1029485012489133,0.12329396759921589,0.1112033436912624,0.10304851325083135,0.09860775111539281,0.11463640930275594,0.11101246990680652,0.1159491357859876,0.11929990809883423
0.12434243768487745,0.1596142166552387,0.11375307570748139,0.09989029757644198,0.07694463535132516,0.1098664448744438,0.08918122392707369,0.10540390756793439,0.12100376065518337
0.0745997264210811,0.0871815637726598,0.09642270976382654,0.12938817152356927,0.13000780813617108,0.10911255135420167,0.14608411929232581,0.12150483734440513,0.1056985123917596
0.06944787816797898,0.0811145600776128,0.08988581281911749,0.14885350786436213,0.13443721228586733,0.10348414923516208,0.15490835716324683,0.11812452582963656,0.09974399655701575
0.08915933373520563,0.10397989042621192,0.10702641720194145,0.10526733964855374,0.11474849385859376,0.11554466253273243,0.12628986735114436,0.12260988386176151,0.11537411138385523
0.07986401738922931,0.09215151351687823,0.09875882521134287,0.12932902185866382,0.12320664078547423,0.10951937876294625,0.1402539696919696,0.11908377341303199,0.10783285937046372
0.08832695774949091,0.09725576265088608,0.09744507067862294,0.14823514983226913,0.11178809654332926,0.10436187429783672,0.13550990148819506,0.11093231951103166,0.10614486724833823
0.14364569027562787,0.1375622888175298,0.12314837016333513,0.051639826616516254,0.09037935510312912,0.11871345761576645,0.0814227791783657,0.13234623573979226,0.12114199648993744
0.09525064163673734,0.11171095470646232,0.10760590846806979,0.11210392668843243,0.10623278625059557,0.11341889434274695,0.12070071490814305,0.11693108534972559,0.11604508764908698
0.10756770578934034,0.1306782425105003,0.11212115297608778,0.10242189464400143,0.09351214543303328,0.11387482981729191,0.10608828361868507,0.11363125038156058,0.12010449482949918
0.08813659578761955,0.10061876975458862,0.10169606270700066,0.12973722693574521,0.11307171914987613,0.10938140618784038,0.1316292550535004,0.11526272961541222,0.11046623480841683
0.15020011541184755,0.12955501881233336,0.12450726831758507,0.043790582146489315,0.09388027660114855,0.11853934433249148,0.0807098432267107,0.1400285396136852,0.11878901153770881
0.140323856063417,0.13992833302062455,0.12246052040220808,0.05524853040019506,0.08946236035034598,0.1187129143369004,0.08234779149293571,0.12959019589464418,0.12192549803872905
0.08827092445651193,0.09628874408845008,0.10962652849780803,0.07795128440904141,0.12559008704252803,0.12066382011531174,0.12750947778086086,0.1383464554303644,0.11575267817912349
0.10483714792218594,0.1175447356431259,0.10268472783245895,0.14243742195459166,0.09387358621599323,0.10372869049678168,0.11866901270695683,0.10560274577524047,0.11062193145266537
0.11156677144453109,0.1374190566225766,0.11266105473625311,0.1022509728820919,0.08916992502247863,0.1129604202181671,0.10195699264690276,0.1114794458674998,0.12053536055949902
0.12835795544054598,0.16615048743869396,0.11390303832367353,0.09891870250896018,0.07371238583527308,0.10887851249699203,0.08548354442593176,0.10373419839694231,0.12086117513298726
0.09295274311889064,0.10084601813300768,0.0977767312162313,0.15221469991413406,0.1065421433772466,0.10290014396757872,0.1321267631207218,0.10847742999695169,0.10616332715523757
0.08350680304356502,0.08957593465615771,0.09179425428217912,0.16527386552853612,0.11615695406544162,0.09978618479458733,0.1439294193849915,0.10928239483495523,0.10069418940958623
0.10319042134995816,0.11143980872218089,0.09957073508722715,0.15401923032744788,0.09562143956858504,0.10092522261186336,0.12340272234336719,0.10451267290401405,0.10731774708535635
0.1716454179708783,0.11622071567963506,0.12902256030893275,0.02854319386098357,0.09810136100793805,0.11469420063005858,0.07449256256614499,0.15640552004144334,0.11087446793398532
0.11753837798787374,0.14776616141944543,0.11340835852144071,0.10083891914826248,0.0832468767849781,0.11169946712781,0.09577664411121178,0.10869819451845698,0.12102700038052093
0.11867989359927511,0.14921976556087038,0.11407373071949785,0.09786937051619012,0.0828893322390913,0.11223808472818146,0.09429664842627578,0.10921708855719763,0.12151608565342036
0.09982861925526593,0.11842853105680284,0.11100805501903077,0.1004789312137108,0.10274704261924751,0.11579043935825545,0.11398406317780545,0.1186729926060991,0.11906132569378207
0.10999258713888492,0.12903397844728556,0.10597001979434761,0.1316854344070526,0.08824680449786874,0.10535772973719125,0.11070600444313074,0.10507803650658541,0.11392940502765313
0.1095901469695411,0.12602626915248458,0.11623355427537409,0.07902486809109298,0.09946316455653888,0.11943827528353697,0.10329777232376454,0.12446881500688296,0.12245713434078383
0.08783611448268902,0.10192326262010261,0.10433505488870964,0.11698289575193199,0.11462081404351533,0.11270804816031994,0.1294970591091735,0.11909476654829493,0.11300198439526292
0.08468957024694544,0.09502284978365101,0.09778104661056797,0.14186473856649387,0.11630462175281521,0.10624581761511635,0.13765604208311183,0.11372862158442894,0.10670669175686927
0.17420046316350138,0.18785156236717482,0.12148562301180109,0.06370704678967948,0.06290257151965008,0.10802917396609717,0.05708035246114345,0.10713787414088861,0.11760533258006384
0.08234832472582067,0.09313081905133704,0.10640667040269165,0.08803167613876546,0.12880676633478308,0.11874322087116836,0.13368094084197032,0.13521925601464088,0.11363232561882249
0.1196559247417877,0.14680180495933115,0.11619068773183883,0.08729035663255963,0.08559993486918639,0.11508949233281479,0.0928254109905688,0.11366377719213729,0.12288261054977533
0.07993086229645789,0.09327314380064965,0.1020793344055315,0.11247153620621486,0.12539634265946875,0.11367092277397757,0.13767081683728355,0.12472121790706976,0.11078582311334643
0.08387827925108042,0.09211636648979919,0.10749889130864976,0.08017622779492951,0.1304048162800476,0.11994213053550438,0.1326044144378137,0.13953603985988863,0.11384283404228686
0.09172474044897129,0.10713816329406077,0.10852146444751369,0.10164060634045101,0.1122780361062653,0.11629548829471277,0.12300400928118217,0.12269263182800766,0.11670485995883535
0.12918067589391413,0.15101708424148966,0.11899557249726948,0.07417455699876037,0.08396097938575797,0.11646341410367494,0.08555515239573298,0.11712923558982165,0.12352332889357882
0.10949732103201765,0.12970635535665057,0.10692290844659441,0.1273682416201039,0.08887433496444595,0.10664919871513305,0.10993300734337126,0.10607182754389423,0.11497680497778899
0.12824060362449882,0.1622601262187803,0.11577762694854148,0.09039744705421253,0.07679227023945863,0.11169260596002967,0.08508933744856458,0.10755526504331092,0.12219471746260309
0.10646448047433736,0.11784939914155995,0.10166753337210133,0.1476713375501405,0.09213043531161773,0.10196101686347063,0.11868610412522733,0.10417289102453542,0.10939680213700977
0.0952228118386073,0.10905337112548551,0.10398030775749105,0.12865067829324084,0.10489171098880035,0.10906865186979038,0.12424728055543505,0.11238456016547387,0.11250062740567573
0.07766774975348266,0.09053579846776656,0.10241382601878708,0.10359033088170644,0.13035661434167187,0.11538989117069788,0.13956235534915704,0.12972444991860319,0.11075898409812734
0.0876257965398199,0.09859725578522664,0.09961632301095992,0.1381279010549365,0.11312453399767093,0.10715789029432554,0.13393145367542167,0.1134133043760215,0.10840554126561731
0.13259585495099124,0.1523066159601082,0.11968389489933483,0.07099418510171308,0.08323568357014868,0.11652367339482278,0.08334354325526423,0.11790334175132945,0.12341320711628755
0.132248553254763,0.17435264311000495,0.10739330747969796,0.12664253858266142,0.0644233068509491,0.09838972333658984,0.08754117848003994,0.0944644547308577,0.11454429417443607
0.15387975429502218,0.10125548670763324,0.12437435055518536,0.03054266407081566,0.1102202947543021,0.11740515954901136,0.08886390985098074,0.1624448937780509,0.1110134864389984
0.18408236773955824,0.18879803956712146,0.1236120313502369,0.05774480752888513,0.06153299677709257,0.10716028824575412,0.05248808818688105,0.10888634931240042,0.11569503129207014
0.09134378358271499,0.10153136706653344,0.0996887859829191,0.142523270783489,0.1086699769457254,0.10571455156571734,0.13130068635450765,0.11095360771595232,0.10827397000244084
0.0940699880791711,0.11035070811958321,0.1080372975765036,0.10828125872392408,0.10818066234294325,0.11450891893714599,0.1213107652009185,0.11884360944656895,0.11641679157324136
0.11471376884809796,0.1429554452052397,0.1128314758170675,0.10279211985002305,0.08570964909647284,0.11195587550478503,0.09886775191992737,0.10955027660350913,0.12062363715487745
0.10969316432939315,0.13389147725694903,0.11313714723929529,0.09871381390147001,0.09199651596454289,0.11439098811135502,0.1033808611570665,0.11386600041789335,0.12093003162203479
0.14950253561742075,0.1823711016778015,0.11745088615470657,0.08035750317801921,0.06688870843170562,0.10902940381527222,0.06971380221919009,0.1039736524865611,0.12071240641932302
0.10139777069048667,0.11525972632547431,0.10379727475568044,0.13527765807250838,0.09771362454962196,0.10634340323025904,0.119912412025363,0.10827753919186706,0.11202059115873914
0.14810045955791884,0.16026175536844542,0.12176198285397295,0.06217417363025509,0.078340157252006,0.11515075751703407,0.07380250742725826,0.11840764559023857,0.12200056080287074
0.09226743431481159,0.10436714897580364,0.10190631486031672,0.13421892040790856,0.10799648860117202,0.10788754714726717,0.12846590052668397,0.11238062242854208,0.11050962273749432
0.07963624912458649,0.09226092054448853,0.10395667362249311,0.09929800499957442,0.1287377256700284,0.11647461339380771,0.13694773321891396,0.13063697288100165,0.11205110654510571
0.08778608269875575,0.09377557497452044,0.1093765067051889,0.07437937338323101,0.12844375676512795,0.12094329592492403,0.12885638707990796,0.1414975611958977,0.1149414612724463
0.10627396387359896,0.12377609210634559,0.10587124692081377,0.13003635850620396,0.09240314847500676,0.1067398797242027,0.11381166814592525,0.10709355541934322,0.11399408682855977
0.09255048528647193,0.10825983245505146,0.10871288608181391,0.10208181133362486,0.11116108162409599,0.1161438052344753,0.12213146670242796,0.12205061266678142,0.11690801861525724
0.11843545538117899,0.14959532778082146,0.1111136432211124,0.11168534064175721,0.08023956647357827,0.10824808630519217,0.09690585524341637,0.10482622433269691,0.11895050062024619
0.11361440663805415,0.12755508534783022,0.11754000459828191,0.07331257889494991,0.09858800460128675,0.12004228566972693,0.10014009859084373,0.12636461191668671,0.12284292374233964
0.10400448501505039,0.1234033510343479,0.1133705379328462,0.09199776664040304,0.10017763759209791,0.11726349847642144,0.10875975982484558,0.12010293209670891,0.12092003138727865
0.1151787068263072,0.13128380217693447,0.11761619242049154,0.07496484156203133,0.09602148435981683,0.1193928384367063,0.09826390905987577,0.12416921952926074,0.12310900562857585
0.08783655934905225,0.0954043561900899,0.09573076215049027,0.15472335627689723,0.1120135392063204,0.10259360001966815,0.1374674992518379,0.10982391431885269,0.10440641323679134
0.10907431225869886,0.13293627223480228,0.11293531470957664,0.09933681559773595,0.09252153561975969,0.1143652868525142,0.1040958555275436,0.11396445757702744,0.12077014962234128
0.11270232056287417,0.12593627353498263,0.11741069091952579,0.07297652871769171,0.09972360766583256,0.12026243674504877,0.10112906061615275,0.12716715587481345,0.12269192536307816
0.09178863631531105,0.10511131673835651,0.10327634300913535,0.12766494084816835,0.10892010371186162,0.10968690973141781,0.12746962157917457,0.11416638806718797,0.11191573999938674
0.18802965563003252,0.16964644818781172,0.12920632678237054,0.042301878911181194,0.07014040156945103,0.10953652988591302,0.05358216360883874,0.1236732247882356,0.11388337063616567
0.12126337277809936,0.14109127810817848,0.11821915758125577,0.07583308275633223,0.08975703395871383,0.11790969555963327,0.092295672754285,0.1200931952047082,0.12353751129879392
0.10036928320856753,0.11858119140045875,0.11204765836973235,0.09518332080915715,0.10341631803470065,0.1170226471917567,0.112871750101468,0.12066687643049684,0.11984095445366201
0.11619931468366883,0.11237093648295941,0.11852751004088628,0.05699770157611262,0.10909165181770264,0.12225024396456219,0.10340256787438062,0.14093945676821631,0.12022061679151112
0.09240805012864366,0.10700723910159919,0.10500152159292948,0.1206846700604341,0.10871725377980622,0.11147555611124438,0.12535550328650613,0.11575005263563852,0.11360015330319845
0.11520682991232545,0.13182765130462026,0.11755195252298752,0.07556000278671708,0.09564305214785658,0.11924748833861838,0.0981313386561745,0.12370234231771514,0.12312934201298505
0.09666716632293787,0.11382781022377715,0.10842983205425423,0.10988096009107799,0.10484148263971999,0.11382462414405736,0.11879802914650796,0.11692660220051136,0.11680349317715612
0.08901178536578502,0.09422736365241181,0.09366062065588021,0.16456500403969135,0.11026389010239283,0.09977006831309425,0.138708536213735,0.10764204334312921,0.1021506883138802
0.120468473609661,0.1157559813668156,0.11946932917799989,0.055668973398525556,0.10618443419764635,0.12195211797275751,0.09986494359238725,0.1400259879380896,0.12060975874611725
0.10961849233444328,0.12697622468556855,0.1049876390440962,0.13565645309573987,0.08863976485789178,0.10439727029827349,0.11223888113827757,0.10460996019601627,0.11287531434969304
0.11278836476519172,0.13762539857509962,0.10901172722682118,0.11969686050733298,0.08554492090973449,0.10779337061731,0.10454649422151992,0.10594565863249024,0.11704720454449989
0.10612053229501446,0.12585940537262583,0.114211210204106,0.08928409943840555,0.0987252379240723,0.11757879020390233,0.1064231127941876,0.12026760225982507,0.12153000950786091
0.11542229882903436,0.13394915022018114,0.10405561336803039,0.14189563987136322,0.0822801941202201,0.1010142871259609,0.10871206797996535,0.1011466775977003,0.11152407088754429
0.09366604536510369,0.10818912866887466,0.10482513101788211,0.12310232338343226,0.10704060962312567,0.11072005780070686,0.12456667849708192,0.11448978852439233,0.11340023711940046
0.13039961600783498,0.11615181677445081,0.1212124703240662,0.048701886551174245,0.10456081255431353,0.12128876383882616,0.09464968683494988,0.1435616480575855,0.11947329905679875
0.09781147934394759,0.11545796442935073,0.11054035265325235,0.1002989551610549,0.10516885818457394,0.11609647721611271,0.11614426981684291,0.11987053792189317,0.1186111052729717
0.07484108096793811,0.08482847790601354,0.09145951619978372,0.15293837653496484,0.12715721981475378,0.10297358377920797,0.14986705675868697,0.11493674945447833,0.1009979385841727
0.08926371607606857,0.10236425330507189,0.10273582717014616,0.12668349807977655,0.1119618454352056,0.11012910723181195,0.12984012290091715,0.11556407656063383,0.11145755324036836
0.08951315740524766,0.10246728555868144,0.10256620153606201,0.12779566528690295,0.11158352353237845,0.1098200273976494,0.12981498439984626,0.11515615567446225,0.11128299920876959
0.09746821994136033,0.11374634178423441,0.11173950654094901,0.09226819019075581,0.10771518678905563,0.1180375531710669,0.1158895452781582,0.12375723492149225,0.11937822138292746
0.08791975302103688,0.10156187912858751,0.1034433817955517,0.12141040360483729,0.11403742217468682,0.1115725359110757,0.1302055022227983,0.11768113918474217,0.11216798295668355
0.09463369458950448,0.10328179727344322,0.09888169465486212,0.1494378850830221,0.10480820663158967,0.10348695606207436,0.12989305528314313,0.1083665097786486,0.10721020064371234
0.08338613087843505,0.09561635510024773,0.10005888437293836,0.12969233905550415,0.11879403746500233,0.1095042073524574,0.13655533988613092,0.11738818363752294,0.10900452225176116
0.10583341940380216,0.12335303349465854,0.10598630684977922,0.12926416858281056,0.0929110713231741,0.10704907886699673,0.1140233577234882,0.10744329141527646,0.11413627234001415
0.11023107036760386,0.12898318595968872,0.11595259724182566,0.08221114904940446,0.0972069267044449,0.11857939265548356,0.10232746273836246,0.12198060180290475,0.12252761348028167
0.09630176938170708,0.11313257765047281,0.110443429498691,0.0984880220124965,0.10739424394441265,0.11669861991046422,0.11760425216845745,0.12148873225373862,0.11844835317955978
0.12366817150745753,0.14084673278874005,0.11898073568347056,0.07195390876792922,0.08997527428243973,0.11838439974364816,0.09083809787969598,0.12178769232353724,0.12356498702308157
0.09114166373778114,0.09699945249943502,0.09519288610572497,0.16076485964424347,0.10817049481370848,0.100683992630366,0.13586676480032456,0.10760076279235013,0.1035791229760663
0.08865952681618687,0.09152690744347851,0.09096052870079618,0.17499712815638027,0.11009226436058121,0.09682942175240021,0.14155683067740046,0.10603106468124417,0.09934632741153206
0.1547943920143959,0.14818982145562432,0.1242862975495158,0.05028651298795616,0.08370591031201217,0.11649843444249042,0.07346134761211132,0.12851494711504516,0.12026233651084868
0.0945042048888038,0.11071987820553265,0.10975882264989854,0.09946490516603033,0.10934318570380476,0.11662542706042522,0.11968550336979965,0.12207354849290875,0.11782452446279608
0.06943394728461068,0.0825717963026167,0.09377987150539908,0.1295611347675882,0.13703376438694007,0.10834135474032776,0.1520754057238212,0.1239407351196628,0.10326199016903352
0.11641196916283582,0.11410063967931618,0.11863142441194807,0.05805010007149197,0.10782955254609711,0.12214832007780878,0.10264630279835878,0.1395679275647674,0.1206137636873759
0.135946792656534,0.1657675146148432,0.11797921022552038,0.07980680286695933,0.07571955096221374,0.11292144431532712,0.07928869391039511,0.10989807054443274,0.12267191990377446
0.1404266992442416,0.1645917079359463,0.11945778574493371,0.07281179944491142,0.0764574188203961,0.11394383702752044,0.07686933778914712,0.11275249080012606,0.12268892319277729
0.09048502867010032,0.0880241002786249,0.08628524769236852,0.1953531375126327,0.10704078322470478,0.09080007299723873,0.14522204143289408,0.10260270053353682,0.09418688765789922
0.1086735923957775,0.1301648566734839,0.11452952310633975,0.09007806770833515,0.09565112055643336,0.11690357880441186,0.10376864718454963,0.11837861447726152,0.12185199909340731
0.08490321494667537,0.09883509518612783,0.10514608494148785,0.10691549558876212,0.11986943763631806,0.11518116206185415,0.13130121104107412,0.12425275688919706,0.1135955417085035
0.0693889799656302,0.08184651603404378,0.09797030268941763,0.1016866575117199,0.14312016370090774,0.11414063936086477,0.1500179384449749,0.13563518579589376,0.10619361649654731
0.10337179285125157,0.10655268819630541,0.09589718634522604,0.16895659007505803,0.09533760671778281,0.09679897129265723,0.12736285580195886,0.10247884939971892,0.10324345932004116
0.1179067409203846,0.14494292914338533,0.1157063713619092,0.08930122786142847,0.08646941128296531,0.11496667293625788,0.09449964487916178,0.11355833650386556,0.12264866511064194
0.07555899237427798,0.0834245880411937,0.08863400872485905,0.16637822074635356,0.12503844229122094,0.09931160652782911,0.1518128481015725,0.11167533180914742,0.0981659613835457
0.10084818205526251,0.11550575615895324,0.10449936565578015,0.13186492546245576,0.09840585957965126,0.10736286701727789,0.1195378824034646,0.1091835482040208,0.11279161346313375
0.11617285512235426,0.1455699056298104,0.11287984525777855,0.10302271707889611,0.08414014427034981,0.11146777952554139,0.09745120506761433,0.1086682997838625,0.12062724826379263
0.09045387255757244,0.1043084049833523,0.10392179866485389,0.1229716956981962,0.11084408105909183,0.1110294029793007,0.12785040259556954,0.11603160983001613,0.11258873163204702
0.11858556950057998,0.1497185566249396,0.11332846788465585,0.10144141278132839,0.08204752228863749,0.11120673095999299,0.09483862409639472,0.1079068623285938,0.12092625353487722
