0.13715396500422283,0.09947912056208885,0.12064338292914717,0.09715767406328162,0.08693060218465233,0.13054834878335408,0.09002623644903161,0.10210176826056772,0.1359589017636537
0.1125886451119163,0.10625882740059349,0.12362213568518865,0.10902676094001296,0.09049541766381107,0.13197970193899874,0.08299450532459442,0.12534177283407602,0.1176922331008083
0.04656006601245674,0.12156725624928334,0.08499580280413617,0.10523573850637062,0.2604784581868749,0.04659838484218528,0.20205763192589055,0.07483918588259998,0.05766747559020241
0.13577128124989354,0.09984484913236508,0.11922765622450121,0.100949371028149,0.08479971541089308,0.1371470894578419,0.08015296542368239,0.11133217047279835,0.13077490159987548
1.3419503218219573e-05,0.19673543155753728,0.050525592992977514,0.2036015931046359,0.2751506599784326,0.00021872683075686004,0.16993958757501182,0.1031350368918957,0.0006799515655341049
0.09923259251479118,0.11129573675139459,0.12487215828347457,0.11399386138884786,0.09697860041149729,0.12451023236192993,0.08891336819081219,0.13156477670311695,0.10863867339413545
0.011417652023974323,0.14490638857778024,0.05385482253303309,0.19759369516210826,0.14558412311543348,0.025329351079748402,0.2675905035024417,0.13439206419188146,0.01933139981359901
0.11536952671029015,0.10739107221698001,0.1175057694990075,0.09624644830189648,0.11746835697002729,0.0981468274459314,0.14299435438796357,0.08288062555947295,0.12199701890843064
0.1388863828327959,0.09929017294822291,0.11954368985517726,0.09722205986564103,0.08746762952839415,0.13056583388323553,0.08966897945497126,0.10170075746660101,0.13565449416496086
0.1323179564570569,0.10234689312027523,0.11876625805616436,0.09563579796881959,0.09926927027852572,0.11517009360582804,0.11316123533362692,0.09052772361273816,0.13280477156696502
0.09826113962124745,0.11099220183086234,0.11225402923412357,0.09810917246574642,0.146129081998057,0.08368728923434848,0.16482895300212064,0.07894881347823018,0.10678931913526395
0.12088942242139471,0.1058745922954024,0.11787092355487894,0.096043317200655,0.11201570164594887,0.10297624138099921,0.13391979963782158,0.0849003601116148,0.12550964175128457
0.14327769757347353,0.09917439400761989,0.11637716199504962,0.09805206883477219,0.08816538034644118,0.13261320514187058,0.08560471382226441,0.10306055876247565,0.1336748195160329
0.019797568472587946,0.14637266341265695,0.07256596081288504,0.18396883899967423,0.14720296033614316,0.040302201278644,0.21117851399908613,0.14957215216360123,0.029039140524721455
0.13795561315371765,0.09939076764544692,0.12015359863425494,0.0971364995892876,0.08722268459838022,0.13042490331587533,0.09007489390900525,0.10175532633867852,0.13588571281535355
0.1325583239370719,0.1012181580391933,0.11832963614518544,0.10409486420886598,0.08450636377094978,0.13968251962042683,0.07645614361550619,0.11722423025031233,0.12592976041248824
0.11865898602310321,0.10668365285942717,0.12047351824958363,0.09488608503029006,0.10686777637400442,0.1027571105122097,0.13857108784655872,0.08355045708037585,0.1275513260244472
0.11261237964730499,0.1079588922683556,0.11467625293134066,0.09735286088431379,0.12804621966760185,0.09467227928219825,0.14480252907512836,0.08272732241875543,0.11715126382500102
0.10303284646067544,0.11077009960178519,0.11728839495553496,0.09618867714035965,0.1266706844701603,0.08863966285775053,0.1639769545331357,0.07859942490446041,0.1148332550761378
0.1193320826047205,0.10630450690345065,0.11718427861306034,0.09633822705881724,0.11520983411613545,0.10122590790652197,0.13617935417634922,0.08442811053269654,0.1237976980882481
0.13598012865233933,0.09990925913450271,0.12140754574886858,0.09628244906733598,0.08780947117886118,0.12798255966105773,0.09423225950702023,0.09955540991171208,0.13684091713830226
0.13930531836986512,0.09959527985470662,0.11894687582934589,0.0965716384569346,0.0896804090082567,0.12752430437651163,0.09387224386022987,0.09871188057666193,0.1357920496674875
0.1381546712084083,0.09945082075567747,0.1185370167731959,0.10011483590432828,0.08502226185699267,0.1366370059463569,0.08087557730335639,0.10934337686969504,0.13186443338198897
0.12922463561432068,0.10103466171689283,0.12181713085464657,0.10183771613901359,0.08559226765941917,0.13560134942665117,0.08183056685551464,0.11361624208981498,0.12944542964372635
0.11304271572416817,0.1079547190900529,0.11672474909772623,0.09657979971648219,0.12153663418039234,0.09591441492125419,0.14621167728386616,0.0822673099858461,0.11976798000021167
0.10416816568903305,0.1159112722477455,0.11348347205792786,0.12459774163527826,0.09065395584983804,0.13676439059003484,0.07469091208264254,0.142587354486501,0.09714273536099882
0.005145804086957803,0.1969861827816096,0.06875145688910378,0.13420757291807692,0.3306066832721298,0.012660839630334049,0.14045703124188372,0.09148389585357403,0.01970053332633039
0.13705771339689862,0.10166362394318812,0.11528258188557737,0.10445477421974314,0.0838060134334097,0.14210641842946867,0.07363712316522115,0.11751402579807502,0.12447772572841827
0.12276509633211591,0.10336865005861777,0.1269363040395344,0.09773757305197679,0.08752663604179818,0.12796588910054899,0.093448220667234,0.10661329647549246,0.13363833423268154
0.08792448883613117,0.11811317480855403,0.11815723320622205,0.12898278837140123,0.10060745520945595,0.12255636873957082,0.08580038588395567,0.14660251059327956,0.09125559435142964
0.1358835873069927,0.0996208488308618,0.11995766443486916,0.09985695084389457,0.08514873648252806,0.135591687914948,0.08241248469258676,0.10908748529830187,0.13244055419501713
0.09955114650054946,0.11115814236984077,0.1250785063246351,0.11350467976319577,0.09686484503473687,0.12448186984485259,0.08914199160104785,0.13098914447342383,0.10922967408771773
0.1362980395477697,0.10248676882215213,0.11407699680611605,0.09688410230337625,0.10646305967885213,0.1151056837572907,0.10787655149250457,0.09198623776008406,0.12882255983185448
0.14618938344093912,0.10097361512547294,0.11228313880430645,0.1011410490692325,0.08562735142246868,0.14024400412322438,0.0752163407053275,0.11070095326276903,0.1276241640462594
0.1269884989705771,0.10153532447977144,0.12363146314746642,0.10061821320367802,0.08627041678910168,0.1331909096637768,0.08523805188796792,0.11162287943161768,0.13090424242604295
0.13835067073250842,0.09957738797283104,0.11978441438733907,0.09656384220227365,0.08867713330892697,0.12817888544242576,0.0933017363826174,0.09937882249507797,0.13618710707599976
0.13183118867363985,0.10035326575490872,0.12161424576050171,0.10039436270516316,0.08538179743053441,0.13496417802887997,0.08313171788028946,0.11067691413507046,0.13165232963101225
0.04737278957642544,0.13733723252106297,0.10486951024120433,0.15745561756661328,0.12952998869817314,0.0810379564669585,0.1256107923040036,0.16028806399689674,0.056498048628662006
0.1334036416836159,0.0999969951544777,0.12137504145340765,0.0996155152971766,0.08538676153807451,0.1344602861840233,0.08403513926885813,0.10891199531497846,0.13281462410538772
0.07606090175939832,0.11409982654068641,0.09968811390416117,0.10102996441878749,0.20090622570682362,0.06717110049287499,0.18027420612837597,0.07684313254980628,0.08392652849908576
0.14152335814696512,0.10085837427268728,0.11457443667899554,0.09689428202660959,0.09825092762069627,0.12241900654918292,0.09796312160693922,0.09568444802637566,0.13183204507154847
0.13853932501464133,0.100968382424236,0.11552576736277866,0.10330653416274821,0.08396772719523478,0.14129233767164226,0.07465518613402188,0.11546929087671089,0.12627544915798605
0.12134069808390512,0.10324271443637421,0.12339294705080556,0.10442314493193323,0.08750485924313096,0.13401078149265813,0.08261637555785327,0.11842891682039314,0.12503956238294642
0.1423944730519033,0.09985685465409166,0.11532610918122936,0.10087788678846223,0.0849573736616861,0.13897038474506143,0.07741528308565958,0.11048883270138321,0.12971280213052302
0.12595613908379144,0.10398997297995412,0.11758017352936441,0.10875492446463696,0.08528779579747293,0.14076828834254307,0.07427251366550719,0.12452337920164136,0.11886681293508848
0.12258181644635657,0.10355028082711981,0.12061969891173614,0.10734898814809574,0.08665844207795964,0.13740525727144484,0.07798086296901569,0.12271723194455185,0.12113742140371969
0.1367954860770901,0.09945219209805763,0.12071152517699496,0.09762471193115647,0.0863813874503357,0.13170391751939084,0.08828832767294865,0.10358121885796401,0.13546123321606174
0.09186456252260822,0.11456694924868355,0.12660166734876319,0.11411863764916165,0.10180881396886217,0.11773612395851252,0.0963206872768314,0.13145260767221897,0.10552995035435829
0.12002026473403186,0.10612325028171953,0.11688933796170048,0.09644120359642631,0.11545800787568276,0.10163306401030796,0.13487250230092154,0.08474949794245036,0.12381287129675918
0.07426727792417408,0.11446151328622922,0.10309650295111893,0.09975977708166356,0.19005224231473708,0.06649123610354876,0.19141625898258188,0.07475194683691788,0.08570324451902862
0.14072438903611326,0.09907580516494201,0.11801580030510879,0.09848894772932702,0.0864110808992437,0.13397277874497596,0.08440125643521601,0.10502954655201913,0.1338803951330541
0.11531811163516914,0.10521557088231341,0.1240909472858553,0.10684297379665782,0.08956217158541813,0.13220681450527896,0.08359953034495886,0.12226527754802796,0.12089860241632049
0.13813064953850165,0.09956008353213701,0.11824812053405113,0.10052294866550232,0.08485364868044311,0.13727384844475185,0.07998164665820577,0.11020922013291441,0.13121983381349275
0.12925382719151232,0.10662292139873748,0.10700353142985108,0.09815880954908723,0.13369876944337056,0.10429502513484541,0.11431419258721447,0.08954613460683748,0.1171067886585439
0.14131550254195832,0.09909553910314979,0.11749534501455876,0.09878871120353883,0.08625870139498014,0.13471578630236988,0.08326313485600548,0.105717658803154,0.1333496207802848
0.10107851921128565,0.11051906842643873,0.10575201445462205,0.09982334581900908,0.16517978347930265,0.08396415809721196,0.14967326486876933,0.08200571852029363,0.10200412712306683
0.14786109461045624,0.10242324895940218,0.11020321062193827,0.10169137064438871,0.08592301331682588,0.1415684621645855,0.07325015834521219,0.11174217318053065,0.1253372681566604
0.13495355344898954,0.10256728903068035,0.11485581424534423,0.09673077011017474,0.10606947882248262,0.11430047995546971,0.11002476905020458,0.09135158487810029,0.1291462604585539
0.13145877122566485,0.10040493392561949,0.12241961197832811,0.09942590092575114,0.0856489553715127,0.13353183815630104,0.08534152572033205,0.10878365350754182,0.13298480918894875
0.13597341339349334,0.104245262370313,0.10996641851945659,0.09755450516560636,0.11757436994395216,0.11173491390234953,0.10762585185952685,0.09170735199021612,0.12361791285508605
0.1293252950254216,0.10471127436992467,0.11212025087029341,0.09750394975742954,0.11964567993905402,0.10688450826455535,0.11789164333603226,0.0889706908523465,0.12294670758494264
0.1396735016343461,0.0991844464320585,0.11899793448107242,0.09748668098230161,0.08736716861465725,0.1312928868195737,0.08843085218786285,0.10231271564111262,0.13525381320701502
0.14256183953878668,0.0993206419449605,0.11676930172768761,0.09738974879078714,0.08964508355937711,0.13004166848444174,0.0891838713649354,0.10074578369728814,0.1343420608917357
0.12398037804106314,0.10381840696025298,0.1190271687661922,0.10837494133995267,0.08599603340526996,0.1392012728177662,0.07589266041722066,0.12409485338455446,0.11961428486772768
0.1390297108286449,0.10094890560125429,0.11612426040862477,0.09651305348880367,0.09783380672068248,0.12078906171146253,0.10168303563071983,0.09439395285208652,0.13268421275772105
0.046109705152600045,0.13723677084997213,0.1056314678220915,0.15517792728991472,0.1326896880845858,0.07809690306396323,0.13067630649698847,0.1582928516141655,0.05608837962571861
0.13701061538316758,0.10088115819569672,0.11819197915358996,0.09600072978164238,0.09533434748476277,0.12079175730462553,0.10352544075300252,0.09393626750403787,0.13432770443947464
0.12303806113212394,0.10298911442181317,0.1218026418086154,0.10560208972534844,0.08677471951118676,0.13610256233799542,0.07990460624249714,0.12014142506755059,0.12364477975286918
0.08352491653176869,0.11902481309745228,0.11975377469725335,0.12884150143390072,0.10438238296520508,0.11737574084375803,0.09090915283165303,0.14619164470810678,0.08999607289090213
0.12123906015084707,0.10909416693697534,0.10340441961680936,0.09886690667386161,0.15273879502669493,0.09691338737904269,0.12028642006516625,0.087778178034657,0.10967866611594569
0.1444415828103038,0.10107266651700603,0.11260647655550188,0.09729518057446085,0.09876489851201542,0.1243692310968329,0.09366910187570861,0.09721667646521186,0.1305641855929586
0.11143318286859848,0.10944249711108965,0.10503817912456857,0.09945657009542129,0.1582776326405908,0.09061822670872315,0.13424263102795111,0.08494975335506871,0.10654132706798825
0.12772574757568464,0.10143971706226029,0.12436113318125215,0.09892119798200677,0.08633550011750739,0.1314696824364917,0.08825088667207341,0.10827162422531872,0.13322451074740496
0.13166475672112013,0.10043205009712548,0.12305508233823222,0.09816621585073236,0.08595548766816996,0.1317484085506951,0.08826896670631,0.10603601489777954,0.13467301716983515
0.13445847270293151,0.1021563798103533,0.11670417647387521,0.09626545966976402,0.1019784479090049,0.11549664396298566,0.11033466461332841,0.09135291027631902,0.13125284458143793
0.13158897429692026,0.101909400414031,0.1176864068591524,0.10537035131114388,0.08445403037968378,0.1405876372628216,0.07519328938201023,0.11932051092314781,0.12388939917108895
0.10434738522038511,0.11521145066531774,0.1141105314706653,0.12401601306550965,0.09079481852036712,0.13645117763102924,0.07501010953551278,0.14209179602931452,0.09796671786189846
0.14538165921032414,0.09959627906805384,0.1143967341270577,0.09927927375801654,0.08709087917788545,0.136137728706385,0.08046402262017355,0.1063177236145948,0.13133569971750894
0.14106249050991065,0.09981609432031613,0.11707509676724233,0.09672805033073208,0.09220309548126004,0.1262280872583541,0.09462427322521809,0.09773669365872878,0.13452611844823784
0.13140230250182713,0.10293099508961588,0.11725567875803966,0.09611292814788512,0.1038928934802668,0.11258941488593632,0.11571960344963715,0.08969716821413198,0.13039901547265983
0.13904871406070593,0.09985924525705898,0.1187105984784061,0.09634815764550174,0.09100367942821784,0.12584418962872013,0.09622880708360575,0.09735075014060356,0.13560585827718005
0.13737283441379577,0.1008038228297372,0.11803506006772561,0.09606112385726079,0.09525553613526423,0.12111199740705347,0.10289714767419211,0.09416749110398286,0.13429498651098795
0.10923465319165439,0.11106159770629775,0.1166460937938691,0.11908093894135478,0.08980936214677543,0.13700365264455486,0.07541306921793435,0.13725696934163356,0.10449366301592566
0.14201925085670056,0.10028501986081566,0.11543807659335044,0.09687893573202051,0.09517598966208556,0.12466052536236631,0.09561388771794609,0.0968800919785775,0.13304822223613744
0.13709742347324752,0.09940413631754548,0.12052356536699577,0.09767093519468817,0.08639418588251883,0.13183073105287005,0.08806169428402873,0.10363102947870229,0.13538629894940316
0.011090313504231225,0.14512500114535312,0.05507141938844765,0.19033044982859335,0.15118113821472454,0.023924667160791377,0.27223622295883293,0.13194455021351179,0.01909623758551403
0.12648521850721942,0.10199371017738117,0.12129703908891172,0.10421986230596947,0.08591414093391536,0.13674345761010923,0.07968280773782027,0.11781463037458222,0.12584913326409106
0.10412274410012995,0.10986555883377809,0.11383260824556445,0.09765684271285036,0.1370388838645006,0.08819984024095755,0.15742302899307745,0.08024881585425461,0.11161167715488689
0.13883717383165847,0.09940131782076884,0.11955040925535564,0.09688788113709672,0.08812242156959044,0.12938780604299863,0.09140194084071791,0.10049311495449627,0.13591793454731702
0.14028253541152966,0.10013700751466355,0.11590638079240828,0.10176918886453011,0.08440791313937686,0.13979615226134393,0.07651615281463778,0.1124991268501274,0.1286855423513825
0.012348901951263215,0.14524681428443784,0.05562339275387873,0.19791771791877208,0.14446846586625464,0.027337568487716516,0.2596716388486799,0.13700577686434876,0.020379723024648452
0.10265545308207809,0.1142671446412979,0.11582446493961567,0.12352966602253396,0.09207181033389635,0.13437770063127064,0.07672980052901014,0.14175481259052677,0.09878914722977039
0.11542073174374844,0.10559238218951135,0.12207304298728217,0.10958580606792113,0.08912024512282875,0.13447868771631039,0.08023454617583556,0.1260241841940913,0.11747037380247081
0.1362397865297047,0.10011945879756434,0.11819533831377436,0.10191574956227496,0.0844880827323049,0.13862230796392688,0.07811110955294533,0.11313858734748101,0.1291695792000236
0.1289002327271182,0.10102883027640881,0.12275410112517127,0.10069683416632196,0.08584121790655047,0.13413674493898345,0.08404912197312257,0.11157169515926096,0.1310212217270623
0.13076448296766943,0.10283140958186084,0.11891968022984302,0.09556313437261242,0.10046412116613407,0.11351023962452537,0.11615949609553199,0.08958652714974978,0.132200908812073
0.12515832931902324,0.10241085789588474,0.12135283409961577,0.10493788397300641,0.08619489041010396,0.13671180623233306,0.0794762150130867,0.11901863215524731,0.1247385509016989
0.125700376710055,0.1022217596517625,0.12139070372684287,0.10456785828380977,0.08608785337404701,0.1366571352377399,0.07966006602084857,0.11841153695788897,0.12530271003700547
0.11371770247561591,0.10770183789506495,0.11450171750157795,0.09739708562987341,0.12768316882400632,0.09543127635266568,0.14287482320058867,0.08314228486896548,0.11755010325164161
0.13482871886761907,0.10143244800326412,0.11897831745813474,0.09567017592071769,0.09606428552211731,0.11872249757211496,0.10750447924371599,0.09249779468092219,0.13430128273139397
0.10765882417296994,0.11060841715769931,0.11805565064915108,0.11857629881704827,0.09084854501953403,0.13521759073021522,0.07704250568414157,0.13678499618199771,0.10520717158724285
0.14121951833836321,0.09919421657218701,0.117894413212992,0.09740322914282189,0.08840832352016363,0.13067453876886787,0.08886367232825045,0.1014329140301738,0.1349091740861801
0.10079345616853957,0.11034065654188725,0.10808017941827479,0.0993431508945702,0.15801718219044217,0.08432477106206497,0.1538725987122465,0.08119408507147467,0.10403391994049989
0.13269400230373343,0.10065111649720893,0.119478982822482,0.10267405948967227,0.08476649421320533,0.13812513164782286,0.07858052785524518,0.11480522555161239,0.12822445961901757
0.14174660487252136,0.10133048287187214,0.11346724284163008,0.09703704163229691,0.10078764917212986,0.12130561158582542,0.0984543254475927,0.0953112934742521,0.13055974810187942
0.0819565576787573,0.12459941886354504,0.11243198434242714,0.13815169488177578,0.10100604993198607,0.12167821293671127,0.084554580032432,0.15364115688097538,0.08198034445138995
0.015475967960385273,0.1535010504236007,0.05699329465240734,0.212777876807516,0.13054178512013723,0.036734359120234476,0.22444462079194813,0.146337548476328,0.023193496647442847
0.0733384971494201,0.12409552903331082,0.11713760093221486,0.13643336367862827,0.11060879733879465,0.10912880882953986,0.09703749736584451,0.15168328268509845,0.0805366229871484
0.0040526823413626865,0.15547075620784154,0.04049074202512545,0.1887091351073131,0.17288401884929416,0.008908722569223721,0.31087440538800354,0.10863515163996619,0.009974385871869603
0.10463020496083693,0.10978592398166213,0.10767826544970434,0.09935821864641055,0.15629100272203206,0.08676822530504369,0.14743729464863,0.08241656974580665,0.10563429453987376
0.12802240058114042,0.10499873153839501,0.11203922869964499,0.09757576941111899,0.12128450806438829,0.10570267881698335,0.11967869576397618,0.0885039116666174,0.12219407545773531
0.11178766743533795,0.10813771577317662,0.11362081577605476,0.09771156892327386,0.13193756223210296,0.09363402201884939,0.14487798175765806,0.08277303574953508,0.11551963033401132
0.12986293986165254,0.10086711144745301,0.1217287258062335,0.10154989034014898,0.08550629648928725,0.13556103651902052,0.0819836890690302,0.11304400766243856,0.12989630280473546
0.0897697723148906,0.11844009102622775,0.11661595693386562,0.12982628584532652,0.09869895328598714,0.12525878397666065,0.08312954797110922,0.147395333173881,0.09086527547205143
0.14983966456688572,0.10857290857058116,0.1015359585314309,0.0973503612082951,0.11729596207373412,0.12186011297609654,0.08645205886737367,0.09786751914963249,0.11922545405597033
0.004704762240356959,0.19769496674741394,0.06833263965870878,0.13163211499064104,0.32136042023126926,0.012382567332646179,0.15448101458938626,0.0900252152470107,0.01938629896256695
0.13180973931143972,0.10042751305586244,0.12312626632759853,0.09790039251304279,0.08602898298386395,0.1313612852318906,0.08892387405384994,0.10539810214764593,0.1350238443748062
0.051042018532734,0.13607550488301912,0.1062828080192733,0.1561250003631432,0.12546023164549572,0.0864309675394061,0.11832523697381632,0.16084327354347053,0.0594149584996417
0.12582293189622978,0.10431053610394864,0.12152660402776026,0.09447408796234452,0.09883838973114863,0.1106971675359759,0.124276894613839,0.08715206441803496,0.13290132371071844
0.09373781155338627,0.11475765628461838,0.1202232368160744,0.12348946483314917,0.09823273566381278,0.125299311767206,0.08478228577879321,0.1416938488999752,0.09778364840298452
0.09337987543870248,0.11388394880146713,0.12341885160580378,0.11903041870846613,0.09980216540623625,0.12211548470989848,0.08948166714803496,0.13705952679803715,0.10182806138335364
0.005318869343300021,0.1967935483567572,0.06893478571220558,0.13519319828653106,0.3340959309914903,0.012757959179676882,0.13505356517058614,0.09204694824994758,0.01980519470950522
0.09870232917641343,0.11301847903045818,0.11978973548157716,0.12149474131119266,0.09543174173955539,0.12897805487931333,0.08189971552060211,0.1398227475995999,0.10086245526128783
0.12234141341878964,0.10289821678676159,0.12465804108393042,0.10194184063052625,0.08741478456673096,0.13224414675680116,0.08571970122914989,0.11436083512587503,0.12842102040143508
0.12784963410536765,0.10132699149376694,0.12260335808508792,0.10160208395834358,0.08593803544965055,0.1346955953607538,0.08299795892039576,0.11331819164140755,0.1296681509852262
0.13710264593452084,0.09985193462845558,0.11822822254296157,0.10128904678691743,0.08461186503336933,0.13807680786673146,0.07887534607438813,0.11186190758951071,0.13010222354314488
0.10662331568607618,0.1093026216955622,0.12106438884977866,0.11569850863634307,0.09224734692310509,0.13216955947114772,0.08057539369151263,0.1336418124503137,0.10867705259616078
0.015347058492607667,0.15401382836002633,0.07539823022320012,0.11791404174124327,0.304657498427741,0.022569339090648982,0.1993511230666654,0.07820799744436595,0.03254088315350129
0.05199527661666206,0.13521054719074072,0.10753700180791126,0.15412703835986774,0.12552298055209204,0.08704466708132814,0.11803263451646477,0.15989372315061598,0.06063613072431736
0.07674918616636124,0.1226275557298704,0.11756499422015325,0.1346546070020996,0.10807177855361043,0.11252860341674593,0.09401434799851753,0.15062950588429572,0.08315942102834585
0.0746839850400816,0.12789496365318173,0.11112827654781583,0.14326821509790824,0.10511553434951358,0.11536605284152057,0.08914113205804923,0.15686418190907073,0.07653765850285837
0.12840500198504384,0.10711014324619683,0.10616045297526895,0.09825988005962542,0.1369857677867867,0.10326329288767082,0.11462315040836148,0.08938432784154217,0.11580798280950384
0.12603097080174352,0.10443856600208777,0.11755306671249004,0.09608594414974297,0.10835579583001016,0.10742165279514186,0.12509458386846567,0.08709704788800159,0.1279223719523165
0.1278216442881401,0.10348115809280689,0.12317117688218426,0.09392711788946895,0.09371853173306992,0.11514027801884417,0.11745633179007398,0.08929602379062244,0.13598773751478932
0.13222733638893455,0.10034823348914274,0.12096958822036248,0.10104238960882783,0.08518306489515964,0.13594839829159255,0.08167896439356409,0.11187886723382033,0.13072315747859584
0.10223803617214851,0.11114983744452889,0.10215095556316138,0.10030436008960857,0.17525468950600734,0.08390263894895911,0.14231175047805794,0.08333332539432813,0.09935440640320015
0.1272148890575406,0.10489013946025123,0.11310134453143068,0.09738168478488708,0.11921172485613755,0.10559654164061578,0.1214904643992593,0.08806962889393755,0.12304358237594017
0.006796857543952411,0.14681448883972062,0.044986547179221396,0.19330910511086152,0.1556331500166235,0.015112163880862978,0.30451607996724717,0.11903189214595929,0.013799715315551166
0.1238623993738442,0.10242279473659584,0.12389481886330929,0.1021866697831532,0.08692928918882266,0.13330590021871533,0.0843717229071307,0.11465695818939535,0.1283694467390335
0.13770644883928707,0.0997244269222266,0.1181264095463659,0.10098978527004628,0.08468704211408469,0.13784602236876864,0.07919392428857634,0.11120871057406391,0.13051723007658037
0.14313825145078551,0.09958183080205533,0.1154214757715914,0.10015030609365454,0.08552593913872347,0.1378104390995196,0.07881652292863045,0.10879659038322376,0.13075864433181592
0.13530359416785717,0.09976445457354965,0.1216897110222499,0.09719020173388086,0.08650282391963245,0.1306088008112299,0.09014458096774182,0.10277043080410309,0.13602540199975524
0.0006083172957725111,0.18645127361041794,0.02642828777867558,0.24643013749942097,0.16083613477294298,0.0021810982216788214,0.26577912154479266,0.1070984280707884,0.004187201205510093
0.11145516452464334,0.10792486215130769,0.12005770781233198,0.11427431682208511,0.09002530456888842,0.1351225481620901,0.07820100316301326,0.13194705049067446,0.11099204230496557
0.05491065168087069,0.13324355558291623,0.11019693121839665,0.14992410512184975,0.12437570064244431,0.08969053664565581,0.11574710118747228,0.15799949334700344,0.06391192457339087
0.1228773315671321,0.10274446365055583,0.12470546360829567,0.10154073485719213,0.08728256482060644,0.1321349186394066,0.08604482242859184,0.11363661571636596,0.12903308471185346
0.12441196401585779,0.10487612844061807,0.11785637796154937,0.09599846116762113,0.10902407491397759,0.10612710824499165,0.12791607357610998,0.08636262731835885,0.12742718436091557
0.09098930721922206,0.11486272711414924,0.1236522739673111,0.11969200483373639,0.10135682041266199,0.12010870300176128,0.091345466842104,0.1376468395609545,0.10034585704809933
0.0821364809108101,0.1361894435483376,0.10300578510058034,0.1434718380700163,0.0961108606194157,0.12759413605087527,0.08024558412609349,0.15566198647937077,0.07558388509450047
0.1111942808181841,0.10842455735880634,0.11657065324705772,0.09664418450776374,0.12338139440236102,0.094420278191309,0.1491304294811881,0.08167154452865015,0.11856267746467979
0.12460270809736335,0.10225963887342915,0.12291904603776156,0.10316136006580164,0.0866018605854913,0.1346739118209816,0.0823866620987635,0.11622418826440743,0.12717062415600044
0.10160939538546286,0.11178886367225833,0.1199626316024756,0.11974593170353835,0.09410148440414874,0.1305524461074092,0.08092968901850105,0.1380534845548026,0.10325607355140326
0.11664973287637286,0.10607927673232992,0.11983008228142754,0.11164008693893474,0.08818284483982347,0.1370251579548362,0.07712787211976191,0.12864013073440075,0.11482481552211271
0.136463089050393,0.0999035893169264,0.12103187000935474,0.09618230252262124,0.08833478451156429,0.12738256234988907,0.09504639941947975,0.0988535461778896,0.13680185664188185
0.06880119017861834,0.12577352487121682,0.11725448721018666,0.13733062894682133,0.11488884338842054,0.10359087177071707,0.10291451350262774,0.1517123016308349,0.07773363850055658
0.08878303439206676,0.11949614037388186,0.11569172621166685,0.13132302620890468,0.09877461512899001,0.1251787446103414,0.08286725176361773,0.14861912531634444,0.0892663359941863
0.09511091369374862,0.11132117909926119,0.1091524878825429,0.09903214873088455,0.15847517102399325,0.08083566747098118,0.1648881835419516,0.07911803628474388,0.10206621227189279
0.11055757641971191,0.10801436688731196,0.120566493071523,0.11416700859349482,0.09050803454869809,0.13431611601094096,0.0789870321200473,0.1318345359941152,0.11104883635415673
0.13641198097087978,0.09999947850233275,0.12097137681063434,0.09603360875327227,0.08875820991464443,0.12667875187042452,0.09613263136108119,0.09817533139402346,0.1368386304227073
0.005520622294270988,0.14860055732658098,0.0337090037471414,0.2389352459143876,0.12671201003308072,0.015017869914488046,0.2958267375623304,0.12310230860504201,0.012575644602677795
0.0809202947191598,0.11986930636996358,0.12034608704214055,0.12895380374504184,0.10661634521048298,0.11438173648122212,0.09398297538999219,0.14605724416433447,0.08887220687766247
0.15172887921321518,0.10315994495787766,0.10804160448589982,0.0999114159825669,0.09033459869723283,0.13801362061468694,0.07569902782754244,0.10740965556543997,0.12570125265553833
0.10052822179507788,0.11035297233879365,0.10911135588392995,0.09909094911945482,0.15489268671407355,0.08440189135806725,0.15596207743877702,0.08077489673730023,0.10488494861452552
0.14166281863871277,0.09915383654184773,0.11708413701416914,0.09913302074650247,0.08601896131768065,0.13551780317987108,0.0821035802913009,0.10654896016262881,0.13277688210728647
0.13394459501771963,0.10237081829589802,0.11647120481893536,0.09632872106979672,0.10313241956981971,0.1146673698158671,0.11138249619187969,0.09100486569206194,0.13069750952802192
0.11658966742305747,0.1074475736704759,0.1106561863516401,0.09835035319067008,0.1367260753195907,0.09603504230357963,0.13433104937547338,0.08506082308419459,0.11480322928131818
0.11271923028423748,0.10966357869492299,0.10390767193847378,0.09947484820003288,0.16031706253647632,0.09117373614498919,0.13111263934454512,0.08552848681487822,0.10610274604144398
0.13239524502835767,0.10102739548111382,0.11882078243036354,0.10364020779888501,0.08462572006884535,0.13909890614263687,0.07721862220315309,0.11648143798538128,0.12669168286126337
0.11863082470181634,0.10416398110382874,0.12329445611414051,0.10612368626653444,0.08829886847525115,0.13382128475271374,0.0821519604503627,0.12111083623620426,0.12240410189914812
0.1347313570786968,0.10291474124295978,0.11397279929953545,0.09693431414773625,0.10860094592884935,0.11331779852262079,0.11043223497057993,0.09117367056491484,0.1279221382441068
