0.1117583475309708,0.08356583371629002,0.11321300662566199,0.11595048347614378,0.10071785433348845,0.12250810526558509,0.12520172635366644,0.11009346532124155,0.1169911773769519
0.11547312068649325,0.07803198787159252,0.12413994364362019,0.09511724780906634,0.13670025360453147,0.11402275351204322,0.12330221977653577,0.12967836830284596,0.08353410479327117
0.12264499245583906,0.13738062152452116,0.10015553279189841,0.1395319473269989,0.1027412532338518,0.08427165634783373,0.08338599186822371,0.10243918375929612,0.12744882069153715
0.12137275288678713,0.08575854341514509,0.12316331732391027,0.10060103680263562,0.1375276511306817,0.10730001154878667,0.1036302075650186,0.12864820519069864,0.09199827413633632
0.11296084908697267,0.08026708887689456,0.10820033705708398,0.12386594535914493,0.09399634505816257,0.12070265286845598,0.1066132779512119,0.10206305929780098,0.15133044444427238
0.1125010043237822,0.08567315363088428,0.11102400479870232,0.11997111908117995,0.0960385886778062,0.12244629891243912,0.11751238793415043,0.10618547367057947,0.12864796897047606
0.11570292281894569,0.0750036888453849,0.12392321107109784,0.09570300783450907,0.13868999573427201,0.11369367730328624,0.12169247434981406,0.1294273436545421,0.08616367838814809
0.12172120945239535,0.09995350407416442,0.1225878110432323,0.10259272453899788,0.12903928690755115,0.10612198760249579,0.1018500034919898,0.1278424318427376,0.08829104104643574
0.11914160971381,0.09405332341373483,0.12451592228862045,0.09710271943343873,0.13209041666434188,0.11006832727704519,0.111108184287795,0.13022909224019077,0.08169040468102325
0.11069670121459295,0.07603778464811402,0.11749699846234997,0.1068834189824453,0.11449137672986465,0.12085264724737892,0.13564402360683944,0.11829050284717281,0.09960654626124195
0.11171757755295857,0.07669331243511675,0.11362157703009308,0.11535006988612952,0.10481566025393015,0.12161019652251126,0.12392038472811646,0.11119605045438107,0.12107517113676314
0.11159124281985355,0.09521883518341533,0.11253750886681209,0.11617062484219776,0.09555301494694701,0.12352088634056602,0.12737256976766662,0.10856343252661725,0.10947188470592441
0.11306960033909062,0.08578528822923466,0.1086818147418274,0.12352157255293235,0.09254520616640942,0.12171079287662444,0.10929882789406498,0.10238405667535011,0.14300284052446607
0.12248119780995977,0.12956454174458432,0.11405581181656867,0.11805209974278665,0.11106802810910481,0.09671568467083326,0.09068675721101495,0.11767726848533784,0.09969861040980967
0.12405982375658499,0.12819738718449067,0.10287997561154154,0.13581480570604984,0.10655315635156565,0.08641437303091708,0.08438139391781485,0.10549973149434999,0.1261993529466854
0.11151437201801744,0.06493559157599317,0.11898220246675202,0.10407090900936283,0.12787365541878928,0.1180483078279474,0.12977004722960608,0.12159788637452079,0.10320702807901094
0.122866260197344,0.11492367469364988,0.11867708374815318,0.11046037864467745,0.11958721330611823,0.10127743484959605,0.09499393240670428,0.12311284835560665,0.09410117379815026
0.11252971562506252,0.06540668779325028,0.12094929804367716,0.10018026584257352,0.13461547087501094,0.11650284199488924,0.12836809904921606,0.12495934262253976,0.09648827815378062
0.10980306152305062,0.12978075169130499,0.08235520953778329,0.14100562550142728,0.06645627669250834,0.10757515123933396,0.06639822989186767,0.06706472948111343,0.22956096444161042
0.11602954197879232,0.10502512337277663,0.12489799208501258,0.09298181517937038,0.12508066841907925,0.11251578338667911,0.1215136808186648,0.1307749190240763,0.07118047573554862
0.11203457554019956,0.06470190646041858,0.12012885374194272,0.10174458942711723,0.13220813964662192,0.11711971065480302,0.1290731741544456,0.12360686388489202,0.09938218648955939
0.09907566215897802,0.22004574979996797,0.060160000814373095,0.14484176385827405,0.053832854045544366,0.09139469245398002,0.0509724337124546,0.04353880240876368,0.2361380407476642
0.11198725053003918,0.06796896518241731,0.12071996562135567,0.1005090014869474,0.1309227387327469,0.11744266276837666,0.1314634197942395,0.12440765170461426,0.0945783441792631
0.116322109096538,0.08178407236482,0.12453110449422587,0.09489922545212781,0.13606505459368842,0.11324502628402926,0.12083786945808002,0.13022271236651953,0.08209282588997101
0.11305239019886443,0.08648535504859335,0.10884931791139803,0.1233079000112735,0.09253242652028752,0.12186809500004625,0.11001500058954095,0.10260077662637067,0.14128873809362538
0.12122116033549846,0.08573283342516698,0.1232794855320213,0.10032754429351427,0.13752167552781605,0.10752476653789834,0.1041144530644142,0.12878613148018103,0.09149194980348929
0.11442592356337372,0.06302300589277444,0.12191335161957335,0.09860211662694716,0.14278317220528006,0.1139271121026454,0.12079995946093659,0.12680169160579122,0.09772366692267805
0.11091839884568498,0.07171328720484656,0.11821221020088231,0.10558749580451116,0.11943769858387565,0.11989877827919593,0.13419814954630524,0.11978605461667317,0.10024792691802502
0.12133699072311682,0.14402927496875506,0.10573164976039351,0.13052610452017402,0.10261635065035364,0.08921767253115916,0.08565891513638858,0.10825811942114139,0.11262492228851771
0.10793774584479059,0.1551598940254432,0.07682424935941014,0.14307970472993722,0.06291358895640653,0.10445853202646455,0.06219713985368025,0.06048458618086585,0.2269445590230017
0.11319723532479127,0.15099753216793887,0.10044977729995534,0.12918340403057707,0.07517494472727797,0.12207120997643349,0.09742386129950777,0.08856572769402342,0.12293630747949473
0.11008829578481978,0.08247501082045232,0.11836735485785056,0.10380344839527056,0.11347513585571607,0.12105596833346871,0.14133752835677926,0.1198024341076026,0.08959482348804006
0.11169933707899814,0.06725852549684987,0.1200644341689963,0.10183108812913655,0.12923932780018368,0.11785298986283137,0.13157645227376405,0.12331909462728574,0.09715875056195433
0.1238532099254671,0.0946468761743857,0.12004206829583673,0.10756770874400434,0.13105851625372347,0.10253818677472093,0.09590907842370616,0.12489484111203675,0.09948951429611885
0.10952340533880683,0.16069949044315043,0.0803926594032363,0.14259783549578461,0.06437901423656357,0.10789667636373083,0.06533263424852996,0.06402035150844311,0.2051579329617543
0.1122239958323125,0.07095897410477864,0.12155426670011055,0.09873768238382097,0.13122377635597096,0.11724280913214763,0.1324922178109651,0.1256850780224855,0.0898811996574082
0.11168258054919576,0.08212639735052928,0.1224648093833976,0.09549552370179067,0.12631417665177674,0.11769935459151319,0.13820699161732375,0.12700688415053785,0.07900328200393515
0.11727862230281634,0.07257940236685127,0.12378678391772291,0.09669519481979773,0.1426336002667715,0.11186151667218198,0.11527260190171025,0.12939454314995033,0.09049773460219768
0.11589717281467087,0.0944956521761159,0.1249300565556422,0.09331288643318474,0.12951410352996165,0.11332734963700203,0.12303507911476928,0.13075339562359609,0.07473430411505723
0.11913533014317057,0.09910885465959929,0.12444402679883143,0.09724936467410332,0.12945632074306943,0.10979403869665721,0.11072975650470307,0.13012927234464755,0.07995303543521819
0.10898629136706439,0.0945520589292249,0.12003598666565411,0.09670413749286406,0.1135201576101778,0.12013010318675262,0.14921891903192902,0.12313495659043473,0.07371738912589838
0.12060603370344564,0.08315212167019624,0.12359865567981493,0.09928599961832223,0.13897156441498082,0.10836274159661541,0.10593352849754305,0.12918796684174005,0.09090138797734164
0.12152679688210337,0.0968786161280682,0.12294548271035961,0.10172012218823405,0.1308508594222372,0.10668797484030255,0.10282708705298578,0.1282933049571248,0.08826975581858447
0.1136389208660941,0.07184793431174337,0.12282286905804367,0.09676477383026034,0.13572487837578806,0.11566331398121865,0.12812407290801156,0.12774911071149495,0.0876641259573453
0.11894591358733286,0.1300386120716111,0.12180661630619231,0.10158912843741787,0.11475822339210658,0.10599515835038885,0.10377361998316383,0.12688819033535684,0.07620453753642982
0.114901929346743,0.0657986419973139,0.12256640287750849,0.0976848395231348,0.142309136220586,0.11378545112188955,0.12082896353265071,0.12767849343539908,0.09444614194477445
0.10805879545361774,0.1323247207079867,0.11129453589254756,0.10825254207732153,0.08798077009489182,0.12348758608456321,0.14323126470632344,0.10778276492982401,0.077587020052924
0.10374048158683132,0.2070437026939128,0.06822218527088196,0.14459514244596774,0.05771898689606092,0.09870316882084267,0.056351226868796754,0.05105949491372775,0.21256561050297806
0.10887971619442494,0.09897034864058891,0.1208227058544911,0.09383773331805968,0.11431767981129749,0.11932124956558461,0.15014239506214191,0.12466953238220228,0.06903863917120892
0.1113198899140085,0.06272295746960853,0.11577243403409547,0.1104181073004069,0.12053143218315161,0.11865749651251016,0.12363306206942583,0.11621412892842341,0.12073049158836967
0.1127588103589292,0.08527585929531685,0.12355198926385812,0.09374167863310356,0.12834390537407978,0.11647874379443046,0.1347531978642129,0.1287194943367929,0.07637632107927628
0.12514695066146084,0.10073372570523836,0.11628620090103485,0.11443027580599235,0.12538972824151948,0.09830684150180502,0.09148026159162281,0.12053657399601099,0.10768944159531524
0.11183044968095888,0.06806151662047243,0.12048597147754732,0.10095674248958096,0.12996576778893396,0.11768177499153554,0.1318853936256734,0.12400060178323591,0.0951317815420617
0.11868470318437589,0.0948880842736712,0.1246674792580779,0.09644234015415272,0.1314422945917487,0.11055176312299282,0.11268557212481772,0.13041736883770344,0.08022039445245964
0.11726840077531704,0.08699618246506853,0.12479299816482749,0.09506589759680067,0.13447236411627192,0.1122861892081239,0.11785475236611943,0.13057698842442134,0.08068622688304965
0.11171275579472416,0.07905662695337252,0.12213847037229404,0.09656694330198135,0.12709131003410143,0.11780518635383513,0.1373161508848717,0.12648348135763474,0.081829074947185
0.1238056444087086,0.10997240961819699,0.11766986327485333,0.11241600821563058,0.12136139366245569,0.10000532754431474,0.09339939253217518,0.1219916534635297,0.09937830728013523
0.11774997127857449,0.08768932737078548,0.12477241407395324,0.09548572677194588,0.1345547503195977,0.11178364438214967,0.11612961821926986,0.13055752261014275,0.08127702497358101
0.1127924002505577,0.08287885951924644,0.10979476849778319,0.12189658222672607,0.09521097352487336,0.12172413362841478,0.11232203934428621,0.10434200982922388,0.1390382331788884
0.12333325019202,0.12625943845316503,0.11201438762422873,0.1216866838641062,0.11127377833817174,0.09460936333037188,0.08901826726863112,0.11541729020541021,0.1063875407238951
0.1106866764758574,0.08138525998795916,0.11622327683841045,0.10932689983858308,0.10830067891972223,0.12190243200637234,0.13525810776912459,0.11574599780370891,0.10117067036026177
0.11955966173524285,0.0712491754062655,0.12306896342358682,0.09863984018509976,0.14622647408654682,0.10892093172194041,0.10699185729755532,0.12866839835295707,0.09667469779080536
0.11113350142473168,0.07065560549873258,0.11635221805892078,0.10974114658191568,0.11503220671530583,0.12037163149817842,0.12965168448564945,0.11648399573762529,0.11057800999894037
0.12350858426920215,0.09884299554417013,0.12025289401658033,0.1074321175164752,0.128680207867262,0.10284371655058396,0.09645842669570799,0.12509156942210653,0.0968894881179116
0.11001675869215483,0.10669066730627179,0.11341418111679884,0.1112985917573402,0.09466843802163981,0.1237509033901945,0.13769302073148407,0.11048376063860871,0.09198367834550726
0.11136316021610508,0.0651995085208767,0.1151905177344274,0.1118044893729706,0.11658338875180918,0.11936867771147142,0.12361341568676705,0.11492921940719765,0.12194762259837492
0.12177177320126735,0.1389731127667483,0.11012047490851547,0.12394356976723185,0.10594401934379383,0.09312702349265939,0.08802942528579281,0.11315437925100064,0.1049362219829903
0.10975379251247706,0.14588020303039198,0.08133251240350314,0.14206062645142115,0.06532266289142964,0.1078690905630061,0.06584702926901452,0.06540869392815361,0.2165253889506027
0.1235102676478654,0.12050267559959853,0.11476863895864013,0.11730492698015448,0.11499386492381462,0.09719100695445121,0.09095981020036985,0.11857595525491975,0.10219285348018614
0.11540423497019954,0.08028250206222369,0.12429176222680738,0.0947207304685569,0.13546256921271702,0.1141214534467286,0.12400859283069134,0.12986845680819542,0.08183969797388015
0.11605872279497943,0.08322531984726235,0.1245846809035292,0.09456832113114204,0.13498041136238656,0.11350200764909613,0.12200616295985327,0.13027936897009082,0.08079500438166025
0.11276273891422602,0.14038384714429386,0.09055165454358009,0.13882406816222437,0.07011821623555776,0.11511753902906528,0.07586293462254744,0.07580570903518948,0.18057329231331568
0.12063312257889158,0.14831209217946184,0.10625630005849844,0.12928564720612243,0.1015503190411549,0.08978410245754452,0.08590432432693061,0.10876816464705463,0.10950592750434107
0.11976451659110599,0.06809294517406918,0.12248368151431004,0.09919860136727059,0.1487458092829864,0.10816124669132228,0.1051695377033539,0.12803317344709605,0.10035048822848563
0.11626743198637844,0.08787885824883468,0.12480977949092169,0.09417215731251101,0.1329679400570846,0.11323955877772292,0.12161234150040857,0.13057914622057762,0.07847278640556044
0.11506191094216751,0.0703077213753042,0.1232518031582271,0.09661126082052685,0.14002160531671073,0.114070768620315,0.12240593212038507,0.12852932081515378,0.08973967683120974
0.11271896907982015,0.07697160973816408,0.10903793669226641,0.12258298447378213,0.09668321980420003,0.12051426170157875,0.10849223304236405,0.10363681269574292,0.1493619727720814
0.11207563480807031,0.08956447715904792,0.09464166509225501,0.13420699837252736,0.07767146289640824,0.11331136012147103,0.07888178973031472,0.08322836696089987,0.21641824485900565
0.11060132146347551,0.08362406333100027,0.12130739351162607,0.09703851353764359,0.12169161679101498,0.11895894767331457,0.1421945009569852,0.12509892958942162,0.07948471314551812
0.11343270427693976,0.1148497465918013,0.10614177724465894,0.12578893735306929,0.08316284205102363,0.12331696402124963,0.10763762297714158,0.09731264662809429,0.12835675885602157
0.11007010925785808,0.08833806208553892,0.11648175005844998,0.10746047989789065,0.10607444078775519,0.12231636494970517,0.1400544298560927,0.11619310476750629,0.09301125833920297
0.12116800372628446,0.1447829233111528,0.10669531798908581,0.12893871499147103,0.10274734321880975,0.09010110951743631,0.08613225123612968,0.10929824715233226,0.11013608885729788
0.11476033200309134,0.08521067551994599,0.12442078051831569,0.09373770436124351,0.132147781440172,0.11467799785783105,0.12711572440239857,0.130015515929514,0.07791348796748786
0.1122314570390528,0.057095904077091385,0.11873995178258501,0.10380380405186633,0.13731927564156984,0.1154555079369402,0.12189865510187482,0.12202763307174573,0.11142781129727385
0.11149573709429401,0.06892590441392549,0.12000480456905342,0.10187302846158648,0.12744229052755307,0.11827400978330911,0.13307005620924311,0.12311978966873105,0.09579437927230429
0.11168880004326608,0.07107391335089697,0.12084981946046587,0.10001556305384547,0.12850889041884683,0.11798233379150423,0.13405289643744508,0.12448409122459521,0.09134369221913426
0.11049531956903665,0.08557956153296316,0.12145293852978394,0.09633120840173175,0.12117758889057285,0.11890468304522146,0.14301172950910665,0.1253651040962123,0.07768186642537121
0.11446094129808822,0.06427615107613555,0.12214872137974163,0.09825863052219513,0.14208647748352432,0.11407686562212042,0.12147371780067956,0.12708794126380316,0.09613055355371201
0.11658330887900714,0.0950583242401814,0.12496972817928391,0.09390454534784289,0.1299098548891526,0.11267575374414111,0.12040802038751076,0.1308063236159908,0.07568414071688938
0.11207548883914813,0.08085120312205746,0.12268981155945928,0.09545210189469484,0.12789224590659967,0.11732932688556123,0.1365136623652114,0.12736917007167545,0.07982698935559247
0.12162642406634244,0.09570078944392357,0.1228987421541956,0.10180972248210012,0.1315161993537687,0.10661035389352398,0.102611072273717,0.12824533597724094,0.08898136035518767
0.11267623029805834,0.14527150997525715,0.09014222727211064,0.13896300111229073,0.06965242857663699,0.11508020250008603,0.075573897900675,0.0752008393183689,0.17743966304651618
0.0863907895337926,0.3060133526998796,0.04380908718493942,0.1428524201375267,0.04413903887668282,0.07550397044919756,0.04039635152529474,0.029303828645811564,0.23159116094687512
0.12355233297010487,0.10137957186765434,0.11987333498197099,0.10824434450222763,0.12705587774400848,0.102403896687759,0.09595814509272255,0.12462379803384084,0.0969086981197113
0.12040162733540487,0.09256854578755835,0.12390623129972454,0.09911816025836223,0.1333020257617391,0.10855231974832963,0.10683306214935544,0.1294850552180773,0.08583297244144857
0.11368646889715432,0.1362625671760229,0.10149413170308656,0.12986704732398427,0.07695302661115233,0.12218055489235286,0.09739311771043496,0.0900631544971976,0.1320999311886142
0.11004995632510446,0.08278185991949172,0.11848567305853251,0.10344961510478627,0.1136649674862769,0.12100799434271449,0.14171761517804507,0.12002454321347145,0.08881777537157709
0.11126616878109585,0.06607873791964014,0.11815639054370637,0.10582877209143116,0.12405141483795017,0.1187896658428582,0.13010903158256046,0.12005300192645674,0.10566681647430093
0.11422448271880557,0.06184341045122521,0.12159988481107888,0.09905076467598684,0.14295042433788224,0.11396236830354611,0.12066801153969087,0.1263800882282221,0.09932056493356223
0.11154489973883613,0.08925942052612774,0.0928698076325017,0.13469881985797197,0.07639361312024619,0.11185367206407633,0.07643682559090316,0.08115957610622089,0.22578336536311586
0.10091209679161899,0.1848469036845457,0.06296727256885966,0.14415132690829857,0.055881244607286856,0.09302525450100314,0.05267780224600471,0.0466038096195612,0.2589342890728212
0.11091138191768997,0.07284391774093509,0.11919441078643626,0.1032952599478033,0.12159324089785639,0.11953731409373798,0.13603648041476776,0.12150853661851861,0.09507945758225463
0.12408218450543089,0.10749792723515911,0.11758523895040739,0.11254311895354734,0.12254241656427693,0.0998542968714654,0.0931710779405393,0.1219213655596046,0.100802373419569
0.11633160397318894,0.09766277046192338,0.12497590430174292,0.09352684277059002,0.12850936304332525,0.11276371397138685,0.12119774007621475,0.13082645203865154,0.07420560936297638
0.12193362378152871,0.1371446945140063,0.11099819845138431,0.12265029533191592,0.10693520203029505,0.09391511672889159,0.08857179478079595,0.11415466318679347,0.1036964111943887
0.12396552074643064,0.12309787222197716,0.11083595660461443,0.1237018365557777,0.1118954327025793,0.09340703553660452,0.08817172789889142,0.11415558518522846,0.11076903254789629
0.11273647313911511,0.13324836625200917,0.10538427167389552,0.12426228430916116,0.08038763532155756,0.12372386417959795,0.1103079335576258,0.09612229499785947,0.11382687656917818
0.11307324551459859,0.09613706380309262,0.10888504469605668,0.12307319613070146,0.08977040994997608,0.12294834017280203,0.11260497482481281,0.10217279066976413,0.13133493423819564
0.058921809560839145,0.45416005743267096,0.018677274084221387,0.14298972688541978,0.027554607202591692,0.042857636587198676,0.02341759852804173,0.011172071723892658,0.22024921799512395
0.11371605577508663,0.08210092311106094,0.12384192838793395,0.09422587898998643,0.1315657803552983,0.11569150982195749,0.13066688987728894,0.12916086355022846,0.07903017013115883
0.1174347602723901,0.07743990087430398,0.12424516793406226,0.09613703287088893,0.13989292330099823,0.11199539500803664,0.11600906877758992,0.12993170416033395,0.08691404680139601
0.11104057964008301,0.07264774174095494,0.11650022188627994,0.10938878696027066,0.1139969334842119,0.12068592836469672,0.13117907205724202,0.11662058237256655,0.1079401534936943
0.11149392710416972,0.08701317818019284,0.11357101552381976,0.11490008720635246,0.10006846025508842,0.12286770674613168,0.12812422486884964,0.11062362934963277,0.11133777076576268
0.1115490298416758,0.053850967685898234,0.11632150794527023,0.10763514159289156,0.13402219054530118,0.11534194986352342,0.11797731034151475,0.11843555106920524,0.12486635111471957
0.11108734818701436,0.0691822128845966,0.11832375549428,0.10545517172859048,0.12177305233110569,0.11938357612321925,0.13258683246585196,0.1201293991245709,0.10207865166077083
0.11686043685943064,0.06673250133113422,0.1230173718457016,0.09749474609895475,0.1458203661361632,0.11168523675428928,0.11442547751223316,0.12848464956086178,0.09547921390123142
0.11123180878100719,0.08051660580157716,0.11482840248768612,0.11268925535146594,0.10543457555653635,0.12209574201199623,0.12998250823541743,0.11316204541765147,0.11005905635666212
0.11525766991528269,0.06990835811955302,0.1232571920034186,0.09667833006105837,0.140674620772702,0.11383038161556884,0.1215377611835391,0.12856422754707267,0.09029145878180452
0.12253645392872237,0.13175165432548427,0.11217563316088237,0.12110318922956131,0.10934120637345694,0.09490924709359783,0.08927365979358787,0.11553273397323045,0.10337622212147655
0.11248308417400338,0.0794641754900064,0.12288043134078301,0.09548266874970261,0.1295207519683841,0.11694293255984926,0.13470985893060264,0.12768042262969723,0.08083567415697133
0.12153932893926152,0.1262285415221148,0.11855289574474208,0.10992794580432912,0.11470204813285118,0.10148483783084315,0.09564388653674638,0.1229078139026266,0.08901270158648526
0.11891171924854194,0.08939378718819106,0.12456252556725661,0.09678328372169104,0.13448357691858337,0.11048719483919954,0.11201440741105634,0.130302172813336,0.08306133229214409
0.11552208950111058,0.11116129251049485,0.12473030357367258,0.09234023242309718,0.12221673084818542,0.11241668039535542,0.12241229655606485,0.13062330459217394,0.06857706959984518
0.11145163599252039,0.05385728903283915,0.1159439814672636,0.10831580716785734,0.1327893148742102,0.11547056894896862,0.11760029842980803,0.11780344585291297,0.12676765823361974
0.09914220340461634,0.20992926493239442,0.06010830221569662,0.14471141705654544,0.05404678653396552,0.09110753728301141,0.050912448681955276,0.04363798464986484,0.2464040552419501
0.11399392410861103,0.11086621116371535,0.0999160981616554,0.132917911945572,0.0783398845462067,0.1196693397443176,0.08962632492714707,0.08847176828340154,0.16619853711937324
0.11131784030332686,0.07561168072100759,0.11500860906711474,0.11254779588082954,0.10844944603534708,0.12141689921655148,0.12824072693144614,0.1137361211077443,0.11367088073663223
0.11072836689566466,0.08900663680815912,0.11493500176257965,0.11137314393516129,0.10220769010665058,0.1228516899849839,0.13469438393690067,0.11317328085787719,0.10102980571202284
0.05555651538940348,0.4434694610564181,0.015165939739213924,0.1471206529439816,0.026913024592794484,0.037386820759945066,0.021155940172219275,0.009311985032804325,0.2439196603132198
0.11905641370661442,0.10032921672538399,0.12444341837050316,0.09717706182161596,0.12881240042335618,0.10980239814594316,0.11087207820943305,0.1301280415062692,0.07937897109088088
0.11171464259561699,0.06966795821511879,0.12061445860041292,0.10059810422960923,0.12891174846692013,0.11791933669665677,0.13316470445202772,0.1241397544644064,0.09326929227923114
0.11118843216177905,0.07756463437486157,0.11525553003289397,0.1119339802511739,0.10791700119137086,0.12166762795872378,0.13002887623847925,0.1140789348148898,0.1103649829758278
0.11902026441541351,0.10162358379154052,0.12441733818192191,0.09718655927658588,0.1281514485716436,0.10974874335984432,0.11083777680283284,0.13009509228898541,0.078919193311232
0.11878019257600803,0.08141086007190869,0.12429891747121742,0.0969616594627809,0.13893403741985455,0.11062849152341402,0.11192841902229213,0.1300188828711746,0.08703853958134959
0.11962648175866818,0.15481043303800712,0.10550657218847333,0.1297529518987846,0.09946147124016531,0.08925441381130599,0.08549079428195333,0.10785884653879946,0.10823803524384273
0.07741582414852581,0.2694228949960345,0.03031035857265897,0.14052359310265014,0.04026477826972486,0.06028200083393196,0.031773235147602254,0.020334145642104316,0.3296731692867672
0.11762127722684483,0.116920937225557,0.12412321567348379,0.09592563983079945,0.12069844492939401,0.10979520324448078,0.11294853583534635,0.12979676796596232,0.07216997806813152
0.11062057433224255,0.08208760560818162,0.1162878221775162,0.10907401367419772,0.10813317668900084,0.12194957996535154,0.13585686032117208,0.11585356628761567,0.10013680094472178
0.112921422716596,0.16122695272387508,0.09891107051302368,0.1296414608298282,0.07358299624620987,0.12146889016803819,0.09502715123305876,0.0864090377540148,0.12081101781535543
0.11091346882130017,0.08219364874476309,0.12156754727469034,0.0968841049474936,0.12328258495150522,0.11863853740175323,0.14083592096407252,0.12553018005329844,0.08015400684112342
0.11775878709022802,0.0934456707183866,0.12487441411986884,0.09524773636854668,0.13161698850079195,0.11160479564508767,0.11610572190339673,0.13068050968800113,0.07866537596569234
0.11726681588359074,0.07378012701098441,0.12391691663132974,0.09651387909337898,0.1418691109535862,0.11196817847706114,0.11568313263434087,0.12954338115925318,0.08945845815647469
0.11164774226971384,0.06109767870545737,0.11836519420121115,0.10510013373451595,0.1302122986389719,0.11727895550534308,0.12615055172487435,0.12088919875238817,0.10925824646752413
0.11120328451323247,0.06693709142668362,0.11668189045901968,0.10896526112594378,0.11893964365595784,0.1195294849102222,0.12822025281776736,0.1173678040396735,0.11215528705149959
0.11393608395435208,0.10680481651224487,0.1002024929013674,0.13264057281629363,0.07910302638187384,0.11947773669970248,0.08980137117503682,0.08903777232457492,0.16899612723455396
0.11088176900115225,0.09070781629834927,0.11440049434131845,0.11242545890324192,0.10048940399965241,0.12306836006700612,0.13337964314198242,0.11213257805471954,0.10251447619257763
0.1150215319505103,0.0674427807066388,0.12285372568350313,0.09726463550130515,0.14159576084035963,0.1138473470102375,0.12126154875939284,0.12804233189366152,0.09267033765439109
0.11035187505639815,0.08282628130020576,0.11695996573318891,0.10727977749710259,0.10950339438863237,0.12177069965326588,0.13831892363496023,0.11712534561519845,0.0958637371210476
0.1200172739558063,0.1278197915112552,0.12091992432265704,0.10440295255187391,0.11525694561555593,0.10455957395212524,0.10058006390081492,0.12576505990300235,0.08067841428690915
0.12246458593904053,0.13718593047450756,0.10508277229181835,0.13206315297288132,0.10446466962321553,0.08849813925318617,0.08535987366414328,0.10766960313054912,0.11721127265065813
0.11329405223391083,0.0796910859688637,0.12343641439695646,0.09490186761154729,0.13157254554809295,0.11612823311360038,0.13178257544079897,0.128553697211045,0.08063952847518437
0.11490459499835086,0.07261296055715062,0.12347354487697319,0.09612680035192922,0.1384219963980942,0.11438829264418936,0.12385065793812161,0.12878117933695551,0.08743997289823546
0.11711924739935418,0.08212261601066552,0.12457851159321039,0.09538206686222672,0.1368821575858765,0.11245057110356527,0.11795524284485416,0.1303129449767104,0.08319664162353696
0.12240645791428613,0.09595631874426391,0.12205655548582801,0.10370948247133845,0.13113911958269908,0.10528454990385334,0.10012347373765802,0.12723800153791723,0.09208604062215586
0.1233132208578987,0.12196632803643497,0.11481255659020699,0.11717452808554253,0.11441522070084766,0.0972752234252542,0.09105709695914849,0.11861013113275265,0.10137569421191388
0.11036695669727763,0.08700203324845125,0.12147043292009185,0.09596268506050971,0.12056629171052136,0.11892770417657439,0.14372680006998892,0.12541495303238331,0.07656214308420155
0.11251685998407608,0.07610463903273477,0.12254317991371373,0.09649265609538386,0.13069836775365276,0.11695389648941834,0.1336257743380028,0.1271798056527156,0.08388482074030197
0.11220765356733194,0.0632854277939499,0.12010530600660119,0.10176738000171187,0.13381228273307114,0.11670018446975194,0.12761808838342573,0.12368152721242487,0.1008221498317315
0.10397743554982018,0.22947700360030945,0.06932673958174325,0.1435788793477899,0.05759391845958551,0.1001301194739133,0.05735507966402011,0.051881277481100864,0.18667954684171736
0.11686538765015242,0.10132602423274885,0.12493592758292849,0.09402566103360073,0.12727094957761836,0.11203296643394998,0.11881412769621995,0.13078428370646503,0.07394467208631615
0.11841466850842025,0.08470074757750067,0.1245531381218284,0.09636209476270376,0.13673510471345868,0.11109058640133869,0.11356294010418788,0.1303049518665527,0.08427576794400905
0.11251173912242785,0.16678746692004112,0.09037831123222284,0.13771771296045363,0.06876595767227027,0.11616942068711184,0.07733351373441272,0.07513456254000643,0.15520131513105329
0.11001841038481998,0.10308558344039147,0.11397785412620513,0.11071168854796053,0.09646277441462255,0.12357675050518557,0.13833913860958855,0.1115007456238245,0.09232705434740178
0.10983781788495116,0.08779754294384501,0.11726278380507223,0.10549962402765574,0.1082601651797223,0.12193383138320506,0.14208784122112297,0.11771516733727783,0.08960522621714774
