0.12562065627832827,0.07718875305977302,0.1079257725560075,0.10064748121344447,0.1141775409986241,0.1608925977628546,0.10381228738604058,0.11288211094092042,0.09685279980400703
0.12644120236159764,0.08305087266457972,0.1260326732448949,0.11398654458767661,0.07053275468530573,0.15091926368613842,0.1062440889421915,0.12398898421475106,0.09880361561286444
0.12099964400375902,0.0863137229631002,0.08198264413007288,0.08292770385431507,0.20230390111345686,0.12112094138670082,0.10321674519656888,0.09851602598268917,0.10261867136933707
0.0334452031842181,0.14754160708535916,0.03789914542235497,0.06573044550910943,0.4365165417102266,0.02721945516258151,0.09199887922769184,0.02774355248114445,0.13190517021731404
0.11561883330641402,0.11731996543092231,0.13252988286896675,0.13148930113691615,0.0387057496950824,0.10067397381391845,0.11816462295079204,0.1300130892820355,0.11548458151495233
0.07462212812653858,0.2051661062435682,0.09514707680194233,0.17234900158741548,0.019848857045729595,0.05331850887226869,0.13941284151673783,0.08579810138638248,0.15433737841941686
0.11205321138847212,0.09929960994596836,0.1344711545207829,0.13022076779919825,0.043393106751374026,0.13151167222956464,0.11627197064311091,0.11903278320895479,0.11374572351257395
0.12890059557410707,0.11010516537332854,0.13258367726503295,0.12281047101069348,0.04632652035153608,0.10059604358854157,0.11143585490162831,0.1420599037225271,0.10518176821260487
0.1144249475724674,0.07617740724075023,0.09162727739386158,0.0905442805164587,0.163807409563029,0.16103636528958057,0.10448457706053375,0.09662485324822001,0.10127288211509879
0.12915668234928965,0.09911826184023437,0.13246020642945724,0.12062710588495788,0.052486891697037956,0.1170340405710943,0.10957975630776362,0.1367638099950254,0.10277324492513958
0.13175887858606006,0.08026412456876406,0.11131934853824736,0.1022014199957047,0.10591496412477326,0.14911424366152384,0.10336561491610141,0.1204803891506943,0.09558101645813104
0.13811129720634238,0.08625704451472949,0.12044271856998214,0.10773531315370327,0.08345549571325407,0.13270236533730448,0.1035350447551122,0.13303257787720024,0.09472814287237173
0.1402689059898223,0.08501302131611162,0.1105327763063797,0.10056546586324423,0.10756481141935074,0.13127507450646808,0.10222882856192402,0.1287300195716912,0.09382109646500804
0.13861802129933523,0.09048715915430776,0.12520209361291781,0.1113131196522474,0.07178583565243758,0.12446012119097698,0.10444374065431584,0.13806567498452263,0.0956242337989387
0.11776968562032226,0.12170545555761929,0.13165351087367408,0.13040325145622753,0.03834490667689561,0.093729099266802,0.11762742494792627,0.13432281496726586,0.11444385063326723
0.03350180037488271,0.13346309049201574,0.04019403811951674,0.06680154999737804,0.4338205306802038,0.035646796249507166,0.0949923596096241,0.027478785634585945,0.13410104884228574
0.09907913310046024,0.1492466429503189,0.12173377281898827,0.14530369408216995,0.02906691486336325,0.07783592810583849,0.1286876130458782,0.1169113398134996,0.13213496121948318
0.04606232635610031,0.10999277794332625,0.04790901789560037,0.0665352358709601,0.4027669690232513,0.058063060635537046,0.10008146006759967,0.03717354915327511,0.13141560305434993
0.07145095151069654,0.20385129136089566,0.09344547808021485,0.17840654121091795,0.019125552441963522,0.05508295556570564,0.14128269331851673,0.07829033406353293,0.15906420244755612
0.14484993466453952,0.08786394798602486,0.11060298109336693,0.10001543938278319,0.10649261273540628,0.12220039123716701,0.10153873779714433,0.13368224092138278,0.09275371418218518
0.09906242013151062,0.15261394594069064,0.12072254035688457,0.14517390609862,0.028723477464057897,0.07505113090773693,0.12868711114660197,0.11789052434011753,0.1320749436137799
0.12451719753788064,0.10338630696965705,0.13358453633190803,0.12421133484361374,0.047316532602297234,0.11381475886163568,0.11218732937582465,0.13437083756904103,0.106611165908142
0.14060350020537551,0.08902972163958726,0.12203526449000938,0.10854780238038171,0.07917972301298977,0.12536148995301988,0.1034515061133879,0.13739404409239694,0.09439694811285165
0.09544339557624926,0.1730833488672899,0.11348543897189232,0.14713523308393772,0.026211052546288045,0.06230618114259665,0.12996696046663886,0.11806862114408267,0.13429976820102466
0.05288258746516486,0.10078133302000324,0.05182720460175092,0.06747103878249855,0.38125960977605927,0.07221369724170938,0.10213114645289208,0.04228122710510143,0.12915215555482018
0.07383874198257845,0.2149565228794832,0.09221142282342103,0.17201326746952347,0.01926876831499329,0.04913973978470909,0.1386027374636727,0.08675868184398083,0.15321011743763793
0.1273202853629177,0.11272963417125269,0.13255408908237903,0.12398155040364123,0.04456777692355174,0.09821749093497212,0.11241308092058207,0.14162330588778246,0.10659278631292092
0.1279728542990534,0.08730707989889068,0.08544201806958567,0.08477627495593155,0.18718944977808757,0.11902046874880066,0.10257139098675018,0.10554075110075412,0.1001797121621462
0.10762017215591192,0.12646693384500035,0.12985219727999028,0.13773462395374608,0.03430548314713485,0.09515417995706997,0.12303072667493997,0.12268995375499155,0.12314572923121504
0.12727554471856092,0.08591120017372074,0.08674412300321845,0.08578832834511903,0.18247449777802957,0.12348052333254317,0.10279851106044859,0.10546860471617485,0.10005866687218462
0.12523495232246318,0.07850972518585757,0.09938599125236408,0.09483259416669625,0.1390507912891987,0.15265443005462057,0.10359568307262734,0.1088413306705255,0.09789450198564688
0.1293867071049518,0.08935165235844855,0.12946669358914356,0.11665017975404428,0.062388568544710976,0.13477648890506835,0.10722061625081784,0.13101322454087752,0.09974586895193716
0.13569279007122542,0.0879047676634415,0.12489907977570501,0.1115119947374032,0.07308927050796286,0.13190180079293734,0.10476638149053959,0.13400386709775283,0.09623004786303224
0.08825031883169725,0.1715923463153138,0.11136606447706039,0.15597034974219987,0.024756423373974486,0.06660055059421796,0.13442135961275029,0.10454279117322274,0.14249979587956332
0.11628969596333959,0.07348656951113652,0.10258866909874369,0.09805652072522923,0.1271353480433511,0.17702602069011317,0.1044069626999231,0.10216809200687273,0.09884212126129084
0.06742968321736394,0.22660955573259448,0.08530304040402474,0.18254903141254855,0.017250607938547973,0.04642174438746626,0.14036878412813736,0.07456163666048085,0.15950591611883588
0.12397100978086169,0.07766515380132465,0.10014375939966765,0.09549296825307167,0.136528393466368,0.15643893191920824,0.10373759499695068,0.10803014015585262,0.0979920482266947
0.13527454166010033,0.09633350589278226,0.1299786305328228,0.11631164824734395,0.05938752286050436,0.1168240169495462,0.10680835836274327,0.1403479401382628,0.09873383535589401
0.10149631047921533,0.15183154853266975,0.1215533857331736,0.14286000608501656,0.029361599461044885,0.0743556436923357,0.12729997222683379,0.12156133284312676,0.12968020094658364
0.11781569078478431,0.11353612430387168,0.13319340176719785,0.1297132417154171,0.04052326810014673,0.10407681628727565,0.1166663353640671,0.13123912143227343,0.11323600024496615
0.1320062366810998,0.08493708803809157,0.0924767172909914,0.08934399986550541,0.1613952650909302,0.12760669098005045,0.10252243307309439,0.11189687331220848,0.09781469566802832
0.11513264247639104,0.11991633207375545,0.1319978245500655,0.13202137329120325,0.037907737231038546,0.09773772192375264,0.11869422207232407,0.1303629241846483,0.11622922219682123
0.025263690750751664,0.16990491963376395,0.03210696838447727,0.06863068595873113,0.44796207111983444,0.016358515467676093,0.08724740727913984,0.021246740477260342,0.13127900092836534
0.09398128472016842,0.1696545797723933,0.11407470155827283,0.1492173072226915,0.02614584307246373,0.06519246302465376,0.13108051773685295,0.11440262467692357,0.13625067821557998
0.0661092420196547,0.26177840925539025,0.07650971486978302,0.17633161067254877,0.015980509530327577,0.034344245757903895,0.13512438799899343,0.08283243097291852,0.15098944892247998
0.12163658213147377,0.08209684655913417,0.08775551068273257,0.08707971918922496,0.17928607035053032,0.13633150998934443,0.1036252373308027,0.10116614176834833,0.1010223819984088
0.0977799936524784,0.162164424642205,0.11748285533964753,0.14578908372743798,0.027565670877372748,0.06846920015411029,0.12918692808609744,0.118684157694715,0.1328776858259356
0.11093159376584812,0.09349204818183567,0.07137863746897133,0.07565889508175049,0.25218695524443635,0.09881304031304426,0.10264277593079223,0.08724105007355487,0.10765500393976668
0.1351788781234293,0.09594891355658751,0.12989824307506065,0.11622851111220688,0.05971138957221772,0.11756021485421915,0.10676724170403361,0.14001709691059394,0.09868951109165125
0.11263603174803165,0.08349345550360375,0.08000389927659794,0.08223772223404996,0.21196240083559362,0.1293253959877702,0.10411620622084188,0.0912157237867965,0.10500916440671453
0.11720358181422584,0.07575008568252627,0.09581301989357477,0.09321599815147179,0.14938787270617737,0.1640155058442771,0.10428425748918745,0.1004595084123396,0.09987017000621996
0.12362994938021758,0.12275761696800629,0.13120656914519868,0.12670627868078446,0.04006288956895102,0.08858757328804334,0.11496657435783375,0.14181458821572798,0.11026796039523694
0.10766493071852647,0.129854875581967,0.12899386056855375,0.1378701703008922,0.03373908503437008,0.09130390070011911,0.12329298991215158,0.12384432976550012,0.1234358574179197
0.12514833006875312,0.09001795240388394,0.13130091410933784,0.11947633377931556,0.057670705349910145,0.13733581563368352,0.10883982806599812,0.12797811375847493,0.10223200683064276
0.09053708370797547,0.07264723137792013,0.07898023477208257,0.08332120235692747,0.21196621042694488,0.17380199199005084,0.1059922333877466,0.07390830832401218,0.10884550365633998
0.13382478525781735,0.08930069411953934,0.12727859835422412,0.11382608493773289,0.06748243918265788,0.13088172683074026,0.10573562307541678,0.1341456290997143,0.0975244191421571
0.1256503316384924,0.07824585143447073,0.10112970571961756,0.09598119733134146,0.13371823390320645,0.15418193478734632,0.10359311586146698,0.10994475191841595,0.09755487740564221
0.1326495700965782,0.08344581846379003,0.09641780659810174,0.09198662527203848,0.14844928623583156,0.1332650609480535,0.10262538088062617,0.11419599954822639,0.09696445195675397
0.11712916804887515,0.1232406003738069,0.1313123312961341,0.13088999805746096,0.03778660863670574,0.09237380483609915,0.11806683483936713,0.13410493364383635,0.11509572026771453
0.13696614009463282,0.09665107589517367,0.12939031607116444,0.11543300601001744,0.06054125413432465,0.11494410021195019,0.10627050863134548,0.14186519329189376,0.09793840565949757
0.13801926100749176,0.0969241689457726,0.12902610512040977,0.11490625035513975,0.06120455133287345,0.11366313185889072,0.10594891572695773,0.1428417536228767,0.09746586202958739
0.10314114661055329,0.12177853666614193,0.13021243736215934,0.14069222787747374,0.03388045789509839,0.1041091425650089,0.12474234792316104,0.1150015578948486,0.1264421452055548
0.11465955189160115,0.09780483771027608,0.13441223796092513,0.12827738579532488,0.045312371441841304,0.1318816808375665,0.11483837744594423,0.12138290244779693,0.11143065446872374
0.1410578259074006,0.08571061382777727,0.11297344498947887,0.1021053672260449,0.1012580108144479,0.12993126735762986,0.10228782525239861,0.1310791398088925,0.09359650481592947
0.05839737286441882,0.2562394004723274,0.07224385640769418,0.1977582140387815,0.01386604056329188,0.03851422449394205,0.1394216982656912,0.05835704316242601,0.1652021497314269
0.10265372092423757,0.14784928071766157,0.12300322251093504,0.14198857879322455,0.030054205302372284,0.0770097586813805,0.1266615974803794,0.12213557685466925,0.12864405873513976
0.1333041183046139,0.0995293094706975,0.13137339172342874,0.11842557949622719,0.05495083792779454,0.11305294028884656,0.10811409730866206,0.1407117367461174,0.10053798873361212
0.13034224173397693,0.09186944046013808,0.13028682639419129,0.1173663476144063,0.06002383038155806,0.1290088493672978,0.10754901682023832,0.13347972371141692,0.10007372351677617
0.10817061429194853,0.08528534068041012,0.07603818275399506,0.0796152023547917,0.23092870155298337,0.12208974511319452,0.10415187212896802,0.08652145062979888,0.10719889049390981
0.07891382758181559,0.1993403178228846,0.09911220132211314,0.16594217478745185,0.021109415834584495,0.054577155490394325,0.13760621392460973,0.09361749946621074,0.1497811937699355
0.10729245937546043,0.10766747690394217,0.13354436991850577,0.13532119763792283,0.03847651256531689,0.12128159647288421,0.12031122005539067,0.11620945617237004,0.11989571089820701
0.12260292569877322,0.07881190224042613,0.12290832101550753,0.11205698218424683,0.07690666294411781,0.1646705806895441,0.10582662621676402,0.11753968472355604,0.09867631428706426
0.12721317951391295,0.1128020384013616,0.13256005907244944,0.12404992890070787,0.044494574605398095,0.09819857294376733,0.11246700452431292,0.14154174255810392,0.10667289947998586
0.09781941747049218,0.079824589878054,0.07566052952355075,0.0802292499205441,0.23289445468517447,0.1402469601796648,0.10531158166442238,0.07859366510091857,0.10941955157717871
0.04236500780963906,0.33989177039128765,0.044113927830842996,0.21748763325259443,0.007307294817967853,0.017032795631928537,0.12728938713531143,0.03352867693327744,0.17098350619715072
0.11143460170735182,0.07274009249615916,0.09675315361486171,0.09447881203037212,0.1443000935888534,0.17923775820161889,0.10469279516564312,0.09588327166726719,0.10047942152787258
0.09143371211315,0.17279624611636593,0.11225860641701946,0.1518838113755753,0.025369804104712897,0.06434327492507182,0.13242737417273265,0.11075728423825186,0.13872988653712007
0.13849528530767233,0.09600229460787113,0.128482008654608,0.11427356999352217,0.06274704065566127,0.11483540264277754,0.10561521195726571,0.14252712649462637,0.09702205968599541
0.13057729356928574,0.10420235414570005,0.13247292476354625,0.12099560225699342,0.05009808935847491,0.10782786932259596,0.10993214196661046,0.1407994956323145,0.10309422898447869
0.1322596862366177,0.09480973603700349,0.13064272929932175,0.11749531010337201,0.05841920035762524,0.12194602565936437,0.10756193157942011,0.13694244680018983,0.09992293392708539
0.13609230741230285,0.0968554451072046,0.12981036549331934,0.11601801645243544,0.05954941972845773,0.11528890490436645,0.1066175605306091,0.14133365932130748,0.09843432104999687
0.11254125490573014,0.10908148158840025,0.13376990051379947,0.13230329254160086,0.039944388097113724,0.11465249028434264,0.11827824825977773,0.12322197685637003,0.11620696695286521
0.03691557860023872,0.3525206905388361,0.03784490724219319,0.22329566668787193,0.005567779039300711,0.014466857628824352,0.12625505288040134,0.018804965876946415,0.18432850150538718
0.10101105062127234,0.09540485458928054,0.1335420609758803,0.13524673379930738,0.04033133127706116,0.15004316398817794,0.11950639103922445,0.10447336065860528,0.12044105305119068
0.12160164521357797,0.08227229685145519,0.12785491029074958,0.11655109480822208,0.0656844104156199,0.1577704748249745,0.10747487629039498,0.11993543345868722,0.10085485784631852
0.13241120432033737,0.08480628080066029,0.09315888557603436,0.08977328192143193,0.15905535357517966,0.1281457201549238,0.10250294862105193,0.11254931862302481,0.09759700640735591
0.07974387359857614,0.20121094395984,0.09904666317773876,0.16427571307644753,0.02121129557205148,0.0533428107253224,0.13689191657778418,0.09594585433384861,0.14833092897839095
0.11654740455844549,0.07321739882188404,0.1052098771758127,0.09986856999349199,0.11943297773321808,0.1793746464267781,0.1044424000861619,0.10338602122339136,0.09852070398081621
0.12236606176719877,0.10396753068331839,0.13385237196071315,0.12553897963049865,0.045982537395110316,0.11462411967489854,0.11315994791639801,0.13238541006795862,0.10812304090390551
0.11691894321300696,0.07749009645898887,0.09146940034642881,0.09018743049370011,0.1649048998138918,0.1552052960447857,0.10426277912210258,0.09863622177326271,0.10092493273383245
0.09497502114948826,0.07163081489209115,0.12528805718611621,0.1213462559169582,0.057607358835172116,0.22083632661281535,0.10998487233288329,0.08969635470273622,0.10863493837173915
0.12726635615495063,0.10062822940490386,0.13302538216870466,0.12206299446756969,0.05034062356862429,0.11605705737149603,0.11059096849095888,0.1357698132959695,0.1042585750768224
0.13448191581839794,0.10795458889165087,0.13153427542856652,0.11941412170681882,0.050210946690094516,0.09955742052443534,0.10890814846783899,0.14646876194914918,0.1014698205230478
0.13517939672085316,0.09131728420848907,0.08571218251214713,0.08421927673710834,0.1839265335840735,0.10811006304064748,0.1014271666466835,0.11180333214871692,0.09830476440128082
0.12081694186586805,0.1252710784300978,0.13079576380779603,0.12852596645248976,0.0385166826025347,0.0876470027529516,0.11645550882128658,0.13945719627373765,0.11251385899323783
0.10639447845220779,0.08005614487113531,0.08000365405549502,0.0827988784459659,0.21190514213310752,0.141405821239558,0.1048361743667975,0.08637879604257181,0.10622091039316113
0.09285129323133863,0.18051981665190167,0.11043076207702428,0.14915495081399965,0.02515903929471704,0.0589990993860889,0.13096228415314934,0.11575018547228255,0.13617256891949794
0.12110465454590609,0.09276070129998308,0.13310880665389915,0.12293998610106799,0.05211818482847225,0.1356022728093924,0.11103441948464192,0.1257843548547159,0.10554661942192124
0.12986186945608125,0.11404162992437734,0.13200204814911762,0.12262372596220467,0.04518764235705073,0.09475793323939657,0.11146917637544995,0.1449153578072038,0.10514061672911805
0.11526888736021029,0.11932502337904649,0.1321241457518655,0.13188715778098406,0.03809277937441588,0.09837659110532458,0.11856443516109405,0.13031723897935207,0.11604374110770711
0.04943959553853309,0.2997356228775368,0.05666038506484979,0.21256900641740403,0.01007851917388775,0.02780384227485591,0.13362850919364025,0.042784825253883906,0.1672996942054085
0.059300936848612956,0.21932833930221507,0.08047022599376198,0.20234355802700477,0.015162454179609751,0.05213453964955478,0.14437199692627534,0.05255951768115762,0.17432843139180776
0.1384261557362574,0.08506491546625052,0.11721050692875352,0.10537895044539113,0.09117689955689111,0.13435535097343235,0.10305759938974172,0.1310075232600627,0.09432209824321947
0.13953953783101938,0.0872895437403507,0.12056753392322417,0.10761863745300047,0.08294680904665233,0.12945217458361277,0.10335490971755962,0.13481642884559172,0.09441442485898888
0.1392195543318,0.08905618712621167,0.12333691123607131,0.10974149702222656,0.07629216673380691,0.12655584305212744,0.1039105734536274,0.13689697560015887,0.09499029144396998
0.02288347130908623,0.39840118492951976,0.025715740379385874,0.1988141066698932,0.003430857041246772,0.004620778986068806,0.12677798876168433,0.005769852181741974,0.21358601974137312
0.104728825410228,0.1496487356749768,0.12286677231592776,0.140012401049852,0.03034534103084253,0.07435076110419821,0.12548733114035118,0.12592217399122838,0.1266376582823951
0.10273063836118546,0.13290553083403422,0.12730259514465794,0.14194794103494693,0.031955295552010675,0.09125322414300661,0.12608910140533933,0.11769682257851988,0.12811885094629888
0.13268401086385298,0.10390874539314367,0.13196057572830386,0.11976889068492534,0.05149426651666005,0.1066826106485666,0.10906785764906864,0.14262547455832542,0.10180756795715351
0.1243305455348956,0.09346323874398049,0.13259997048930824,0.12144203842144867,0.05369363618025182,0.13129180775111104,0.11006327522192105,0.12921511820681472,0.10390036945026837
0.05079877908275084,0.310892673261078,0.05597404633146894,0.20309183383107876,0.010535101912139714,0.02394867604613528,0.13148109112486114,0.05318784001276522,0.16008995839772208
0.10797920340344279,0.14620021139434736,0.12441422974281796,0.13740049559286524,0.031519006306229745,0.07539586079423759,0.12369370494717574,0.1296886539090196,0.12370863390986397
0.12463631526868561,0.08646798632936005,0.12970988422097504,0.11778339522158587,0.06178248313580335,0.14525496339967575,0.10794491183598653,0.12528560045259704,0.10113446013533071
0.1274046602033036,0.09400472492123457,0.13195325467687022,0.11994123968366176,0.055404234861641644,0.12754996697404763,0.10909930240046421,0.13231232780068902,0.10233028847808738
0.12387892234153654,0.09632927651568364,0.1332388501610718,0.12271082561716905,0.05117735044883536,0.1263426674378191,0.11094278903295725,0.13029226807300243,0.10508705037192478
0.08806812251438352,0.1084671358724419,0.05815846629623624,0.06701364392731744,0.32761576902551837,0.06667825145171534,0.10018104547606284,0.06792050811563333,0.115897057320691
0.06464728835265532,0.24021584356119988,0.08030771160140994,0.18581549764626923,0.0160963824614631,0.04212574746410577,0.13961859813016728,0.07122406686060813,0.15994886392212135
0.13761093662249582,0.08633600060006408,0.09617668409620368,0.09126883086345373,0.14843690846643035,0.1237425383552842,0.10190142437577371,0.11862101113133607,0.0959056654889584
0.12476701245841958,0.1111089489864021,0.13306741850251494,0.12529279123584872,0.04407718229378816,0.10223226222269827,0.11330206639624756,0.13814368437182145,0.10800863353225924
0.1346492846585187,0.08236841600052212,0.11550586956370816,0.10471072254613861,0.09552890544185742,0.14301954609398956,0.10336600512538814,0.12580514035712775,0.09504611021274954
0.1279881776429339,0.07832244354742161,0.10865112216703272,0.10085104898872427,0.11256848010330645,0.1561462286555553,0.10361545641398273,0.11546822609381473,0.0963888163872282
0.07142397691240907,0.20527463532587195,0.09307842949822454,0.178247573520493,0.019059392827335556,0.05440426931057391,0.1411348586269365,0.07857702160646668,0.15879984237168884
0.10420381630555087,0.1414708517378098,0.12519518089991732,0.1408061747223475,0.031177079633101252,0.0817728567574852,0.12571100207799066,0.12250828182527096,0.1271547560405265
0.029414897395059352,0.15310189872010693,0.03591176717533554,0.0671078687650133,0.4423253465718329,0.024100227325864105,0.090848815180139,0.024419291713528565,0.1327698871531202
0.12112105036038749,0.09250886427829191,0.13304879042228587,0.12282897706334933,0.052332646444410456,0.13608530997169513,0.11095786293662685,0.1256713613118576,0.10544513721109545
0.12479127753802484,0.08808700350249483,0.08241606397306878,0.08287574902599164,0.19966588674573452,0.11609589929980091,0.10270623182809573,0.10174941494014615,0.10161247314664269
0.08484824409222412,0.20583317725475322,0.10011316010224595,0.15544720205621185,0.022115137642747074,0.049242914894496705,0.1331336763705697,0.10829322764334341,0.14097325994340795
0.12576896352316588,0.10980626394128151,0.13307980480766127,0.12455965460433699,0.04501812536150312,0.10329509879363996,0.11270328786582588,0.13864012493050978,0.1071286761720756
0.1052947294644802,0.0930516898962188,0.06954316850999666,0.07471618507403087,0.26338513774825906,0.0988682942280119,0.10298962963148234,0.08252518376738717,0.109625981680133
0.09757423711728046,0.17255595081649597,0.11423636932028365,0.14482330876474667,0.02670324902191692,0.06164732656449951,0.12870633124061095,0.12164880387766903,0.13210442327649694
0.11887656651731209,0.12517176739604005,0.13086496321318095,0.1297916453207895,0.03791545431583639,0.08902483192517169,0.11737747155799555,0.137023820880494,0.11395347887317979
0.08316295716981272,0.16302812342138281,0.11139435333652441,0.16315457434277944,0.024203831325434178,0.07510032313872296,0.13774035529147474,0.0928789282089933,0.14933655376487545
0.11946194207211797,0.11371844798581628,0.13311864372208868,0.128726766947656,0.041077970384830326,0.10260162928697475,0.11595741509301026,0.13325101842391615,0.11208616608358964
0.12224928699616328,0.08941081019236147,0.13187813340234267,0.12081018711213069,0.05600146925105202,0.14132067729190043,0.10965678781005027,0.12505686850017614,0.10361577944382312
0.1150960504808371,0.07599104741635958,0.09272797586615274,0.0912585036440338,0.15986772943204822,0.16215729737320533,0.1044373085433579,0.09757035961629572,0.10089372762770965
0.11454972155849458,0.14755781195856235,0.12458979055825414,0.13197124539807015,0.03297260248647848,0.07064602355393897,0.12008414850187649,0.1396714750785536,0.11795718090577133
0.11633802699269048,0.07292633504022754,0.11122210525653357,0.10418487883118344,0.10284539540270081,0.18388645330654985,0.10472930847866442,0.10554671116562765,0.0983207855258222
0.14303837181556664,0.08668930347880771,0.1101230043224964,0.09993243225413943,0.10813835985050228,0.12566786954365167,0.10179205468884324,0.1314162338710804,0.09320237017491223
0.13347297791030588,0.09258105139666024,0.12932663764502297,0.11584058414209979,0.062090589822409815,0.12497561575012255,0.10664496290083843,0.13639668277740324,0.09867089765513709
0.1251051430606163,0.11488670877716584,0.13253047255119713,0.1254536889218543,0.04288866451204416,0.09699301398251255,0.11360913391119469,0.14017032324810655,0.10836285103530852
0.08700297036687865,0.19941910819368802,0.10278979386316263,0.15360150823512317,0.022871888233530115,0.05143150971875458,0.13260024824432035,0.11058952793489629,0.13969344520964622
0.09746897120119817,0.08324546534658593,0.07276690956858646,0.07802006330184079,0.24858691108733624,0.1267491914132763,0.10494116276107968,0.07756546282494134,0.11065586249515508
0.10604852255013959,0.11481541991787758,0.1322137837575552,0.13756206935954426,0.03619430806627481,0.11138319171613505,0.12227093609427124,0.11687085862235859,0.1226409099158437
0.11625387319260382,0.07305425219707752,0.10551720047022617,0.10012114428228729,0.11843965174409155,0.18036885665586577,0.1044700006212619,0.10323725582217373,0.0985377650144123
0.12688920706548157,0.11814312927261177,0.13179860220857412,0.12458890402959945,0.04255412353219978,0.09175167971784444,0.11313489144390576,0.14357296712151515,0.10756649560826792
0.06975727059449888,0.23494644351029126,0.08489360024339047,0.1757032543157181,0.017594273357220382,0.042449768451594594,0.1378944646459691,0.08296396588238031,0.15379695899893694
0.12208462632153026,0.0945015853482004,0.07533494884652835,0.07772361375978405,0.22956459795936623,0.09814085746772609,0.10182860572622184,0.09707412341770794,0.10374704115293475
0.1323818175243458,0.08100944740524516,0.11498935017377127,0.1046614701648515,0.09675634491579084,0.14799472514589848,0.10358618346995056,0.12312687846125803,0.09549378273888831
0.1465478370539369,0.09320650999759704,0.12122582886623418,0.10709223928783669,0.07930381354168026,0.11315600734355813,0.10237198623458839,0.1443031366718951,0.09279264100267333
0.1450617228359415,0.09063224595649529,0.11940599393987088,0.10599080705079578,0.08445186604611456,0.11861265974348012,0.10234335452545273,0.14056057533872648,0.09294077456312273
0.14092462915435763,0.09011790998926035,0.12304782438079688,0.10926735721346063,0.07660420085859035,0.12313781216458898,0.1036014180858265,0.13878117204178905,0.09451767611132957
0.05011058525868107,0.31151438501677137,0.055289741015879336,0.20531426196859284,0.01026902140045777,0.023960778910914013,0.13148769071833535,0.05068348045140523,0.161370055258963
0.14011983460420827,0.08818232812239912,0.12134407395145541,0.10810444135052721,0.08096516082504636,0.12731521102644006,0.10339937066765488,0.13617486048972685,0.09439471896254181
0.1319354351099337,0.0820927284757148,0.11958275094532549,0.10801369968938102,0.08575041119315002,0.14698541280234248,0.1041895317222666,0.1254693393058275,0.0959806907560584
0.1251781584375748,0.0875247968801719,0.13011907007477544,0.118111679355876,0.06079752963795238,0.1424723065415008,0.10809518132919521,0.12643048356602382,0.10127079417692973
0.11413378617719648,0.09733255722652445,0.13441253293180142,0.12841977649936231,0.04530120955918187,0.13325248111738186,0.11491696681940794,0.12060859583594834,0.11162209383319534
0.1336957523686137,0.08228241866654958,0.11728627422987535,0.10609885774780631,0.09122903702441033,0.14448297659436085,0.10367419628338263,0.12589195103143896,0.09535853605356233
0.12526227958774858,0.12248210565392108,0.13113111511652314,0.12569135459858718,0.04070996291188597,0.08783050571703266,0.11419411523286344,0.14360116198428677,0.10909739919715127
0.0830611294084803,0.18883788834542256,0.10408959217063211,0.16108639979312997,0.022565171719467775,0.05845012479323969,0.13622024928500137,0.09929227508243793,0.1463971694021883
0.054611967282416164,0.2881319050908394,0.06311519738984382,0.19941945831546903,0.012085341941104935,0.02964623234144827,0.1349444788880391,0.056995106563557586,0.1610503121872817
0.1255493966399608,0.12047950019238086,0.13151053010638822,0.12547503613915442,0.04135791695850933,0.08990958873764072,0.11392215688086434,0.14307901623587482,0.10871685810922647
0.015526768409134745,0.18354882650412938,0.026525407463985847,0.07796407898322628,0.457544577645623,0.01009390320446901,0.08475473853950609,0.012172165840543989,0.13186953340938165
0.07403475105078781,0.20045410253772358,0.09597902031199544,0.1741348334259962,0.019911218254246365,0.05583149368508711,0.1402781571423189,0.08325262563793814,0.15612379795390643
0.1224106849939461,0.07561788828263309,0.10882275583750955,0.10167459643294059,0.11108720747743085,0.16863515464207812,0.10413824825213534,0.11025691874680373,0.0973565453345226
0.13886930486699917,0.08773954940548191,0.12199495009584044,0.1087724649153574,0.07962048621771338,0.12928345092256274,0.1036938353902684,0.13522472610668357,0.09480123207909297
0.12883800759847916,0.12206149910579106,0.1308146009091876,0.12351731572157548,0.04214425922385268,0.08599590080685103,0.11253923703990014,0.14746566212379605,0.10662351747056664
0.11668875011561501,0.08519993223547112,0.1314236755447116,0.1215647286803777,0.0562823623046437,0.15616049265721757,0.11012699735067037,0.1176089537784712,0.10494410733282178
0.11256121931683727,0.07138354049422475,0.11164003335665358,0.10502442833039298,0.10018199490674462,0.19312115237642266,0.10499284163189833,0.10214758061128355,0.09894720897554231
0.05788768761089388,0.1235064627649012,0.04783356791900895,0.06364900580792061,0.39271969800328127,0.04578467582846354,0.097151304758558,0.04610005978790857,0.12536753751906385
0.09906509733838838,0.08477315564260009,0.07235158096839336,0.07755395633358482,0.2507364382605601,0.12175140166358267,0.10466417647111907,0.07864192098988064,0.11046227233189083
0.11605776462355155,0.1071098702598875,0.13404563784332482,0.12980008174644952,0.04195199093105392,0.11481899939449765,0.11637903263673322,0.1266715452693688,0.11316507729513309
0.13901532419745372,0.08644067904992597,0.1196484598319596,0.10702784457907177,0.08523705284591103,0.13145992786198643,0.10328990596330147,0.13346422636338803,0.09441657930700194
0.10011905867107147,0.13325624393505972,0.1265902482357131,0.14419296199688966,0.03123118937567898,0.09259067500009543,0.12750051787525113,0.11390619837004708,0.13061290654019334
0.13245319513610826,0.0826523223853657,0.0982398734767207,0.093249480240283,0.14276008181200586,0.1363798913176331,0.1027232088368148,0.11483551430736616,0.09670643248770239
0.12929450793158392,0.10471419074225084,0.1327506368107428,0.12180319217081721,0.0491076046290291,0.10803090165192714,0.11051700354067895,0.1398194529799873,0.10396250954298271
0.1346060293476258,0.09897601351630957,0.1308596682755643,0.11753793778347,0.056352028134312594,0.11293833177644515,0.10753777702948332,0.14148773718386554,0.09970447695292367
0.08547753554463212,0.18882421382174128,0.10520169704454814,0.15759445468447728,0.02309569266023136,0.0574705830231266,0.13474636141997365,0.10415165158754269,0.14343781021372684
0.11828063249297956,0.11729853462815461,0.13253825642402992,0.1297941122171343,0.03962428974297944,0.09877395749270916,0.11693542603605567,0.13325631233513227,0.11349847863082506
0.10041668060610838,0.13186500295908415,0.1270422846266475,0.14385062127516704,0.031503480758408156,0.09392234388106617,0.12723192758564547,0.11395830653975804,0.13020935176811502
0.12272359274324561,0.11722884231308277,0.13235687413617572,0.12704363568719781,0.04124210149344478,0.09571559264786178,0.11491111283189899,0.13846989814907937,0.1103083499980131
0.08440643047635106,0.0808105906133333,0.06906730507189814,0.0762462548695473,0.26942072722479443,0.13242003020902177,0.10569666201308381,0.06707460264720956,0.11485739687476056
0.0880618221456132,0.16968254193389745,0.11184261035783993,0.15637732062883064,0.024846779763134614,0.06796916613571397,0.13463681178975806,0.1036691713693521,0.14291377587586004
0.11638198587081404,0.07777065507170143,0.09040861207363503,0.08948716690014814,0.1688107910414858,0.1537530283614118,0.10429361446166413,0.09780941923259158,0.10128472698654799
0.13653116865018702,0.08291987713339764,0.10740973639077545,0.09894480247326803,0.11613676732510131,0.13753315456213763,0.10256350113157033,0.12316546077147583,0.09479553156208671
0.029254814759862403,0.13335359233273322,0.03893008090737527,0.0685077236719268,0.4395103019876214,0.03550647422465101,0.09501952262082197,0.023788415232502403,0.13612907426250553
0.12708138928008636,0.08936960483252732,0.13037522951761737,0.11803016276753013,0.060135509457127784,0.13685726604146262,0.1079995201639982,0.12919672135651106,0.10095459658313903
0.1363438171998735,0.10189547754523244,0.13073489961875306,0.11730340231511976,0.05525344833658354,0.1070019640934532,0.10737461490397626,0.14471951244296152,0.09937286354404677
0.11410238856964183,0.07193664582122701,0.10875614340324381,0.10270510086089428,0.10851585980478139,0.18808091723410592,0.10472442712972437,0.10249455896295173,0.09868395821342961
0.10019103074105146,0.14498110454429539,0.12328217824496784,0.14435341576450886,0.02978892090985623,0.08093424338164396,0.12801147680847552,0.11741238301352748,0.13104524659167327
0.060780407782016016,0.2532847702751994,0.07469992736943841,0.1921576806464456,0.01466122093242714,0.038755430853304886,0.13910899900233362,0.06440567659014335,0.16214588654869155
0.13610934372005837,0.08291105542846038,0.1053329710033064,0.09760377360000148,0.12181401870146676,0.136982323461769,0.10252191142074485,0.12167101575601987,0.09505358690817295
0.12048913121505811,0.10219525149045833,0.13407944128085197,0.12620832936144152,0.04592974839286221,0.119044740330152,0.11356484119546255,0.12959472480752507,0.10889379192618824
0.14095235452620944,0.09038842745848068,0.09203405060226266,0.08805433198042228,0.16054123881786528,0.11144329678329305,0.10107428230621313,0.11977526560847851,0.09573675191677493
0.06582397298996913,0.25729064424619597,0.07733607044300707,0.17842143175762384,0.01599948855738774,0.0358802547912195,0.13612429699649023,0.08023532514244663,0.15288851507565984
0.12916434454085238,0.08147758198244316,0.09663766775737666,0.09251871593254206,0.1479527936272522,0.140361052528299,0.10308075100502105,0.11117180816207006,0.09763528446414337
0.11256467434378122,0.12010739075810452,0.13183699483878683,0.13375071919291462,0.037043485567113434,0.09933918141458668,0.1199354370136842,0.1271607082035986,0.1182614086674299
0.13693914446235908,0.08311335680939598,0.11143765025324733,0.10160799892523655,0.10558654095668125,0.138254704067426,0.10274359957714012,0.12579562274826514,0.09452138220024858
0.11955710687861659,0.12420314899234268,0.13107753732938998,0.12932696451229964,0.038349565233374905,0.08965239224811282,0.11698336240902356,0.13749177266247936,0.11335814973436048
0.046474681917407036,0.1272527121438093,0.0445844945347332,0.0643555182956188,0.4125338666573199,0.04136290577228207,0.0963493090553713,0.037711782671137395,0.12937472895232108
0.13673771092037704,0.10807968603042577,0.13093148989555733,0.11817027573726917,0.051437969142744594,0.09780642117232642,0.1080306880210931,0.14861371750028715,0.1001920415799194
0.09454070011645432,0.09387402069806809,0.0655130235537766,0.07247099883411294,0.2884003330152189,0.09470170990641091,0.10322754342886468,0.07372467002767802,0.1135470004194155
0.12531943768024856,0.07727460229300677,0.10543917451205871,0.09897252701526192,0.12102693478658222,0.15963058958892334,0.10374441237869518,0.11149540755531007,0.09709691418991324
0.13940809754471772,0.08814808144975415,0.12202862257233622,0.10871826960152285,0.07944266143251583,0.12803898433372585,0.10362352601267592,0.13591149876794836,0.09468025828480309
0.11811999252754807,0.13494912832877246,0.12836384912124837,0.1301828409484965,0.03579341209518073,0.0795168831772227,0.11819907761440158,0.1397934749461092,0.11508134124102047
0.11704059716623566,0.11409734332960524,0.1331126114965225,0.13025714824133286,0.04007679043451919,0.10389380293196483,0.1170923515302682,0.13053069648587204,0.11389865838367948
0.12283308093307939,0.11581954113605188,0.13258967741409833,0.1268790224727308,0.041705304725316604,0.09740873861233303,0.11471316171634155,0.13800855396215259,0.11004291902789587
0.11454461922103237,0.09834089281852039,0.06986674957745097,0.07405701501706385,0.2570215352968288,0.08834649862181304,0.10149035689485582,0.08956033431415138,0.10677199823828339
0.1154101253185964,0.10798892291567941,0.133959425133615,0.13035102359823406,0.04138804332239379,0.11398925887613358,0.11682228827496884,0.1262528881076898,0.11383802445268905
0.12235998055127152,0.07685761860306621,0.10020669501290325,0.09571522205187806,0.13607133922356318,0.16002256084050423,0.10389021973131717,0.10662522718376055,0.09825113680173592
0.09419532608070424,0.0707716702424307,0.08397838764174297,0.08678784835040232,0.1880373577212822,0.1862453062631321,0.1057476604356135,0.07801331024214309,0.10622313302254895
0.0051227139633199335,0.20362880738953404,0.01850016179996459,0.09272489280678071,0.46434021051856456,0.0011989594818706888,0.08716878845150343,0.0028353521481248698,0.12448011344033721
0.12558114142953358,0.07987755092009995,0.12215560742582765,0.11095416821536541,0.07917939741121142,0.15881694081568834,0.10535047987779998,0.12026277796742035,0.09782193593705339
0.1223157701886467,0.08965899520903442,0.13195240267393768,0.12089560624541844,0.05579441472601235,0.14074107420862095,0.10970864300523904,0.12525781641455655,0.10367527732853381
0.12150737424555923,0.12630717436948255,0.1305254618296924,0.1280835584745211,0.0385087277971353,0.08608489601612841,0.11618779424784703,0.14071233175617273,0.11208268126346127
0.0394029669850389,0.12288770255949184,0.043637746874058636,0.06611253944881162,0.4214885749152724,0.044178289623806134,0.09725774179783013,0.03213578269520128,0.13289865510048907
0.14151890082869265,0.09110284591194219,0.12356958543969838,0.10958304416571045,0.07512727483561013,0.12088435032040916,0.10362364109370614,0.14010142254398525,0.09448893486024562
0.13669853251508116,0.0881376364641609,0.09155053850682561,0.0881920369748662,0.16346161269905596,0.1176527328477593,0.10174858177423075,0.11566799199856743,0.09689033621945264
0.11563097394356174,0.07288784231463276,0.1045829807301797,0.09953721809292722,0.1209328507275028,0.18090469044426294,0.1044868005771411,0.10232321054622778,0.09871343262356401
0.13743144548149522,0.0956296837638369,0.12883175158648788,0.11477069228508947,0.062152782531682056,0.11630803975802832,0.10591600303931215,0.14149338268754583,0.09746621886652213
0.13948455716179872,0.09496241234446225,0.12754410827468945,0.11322518483435824,0.06515890550616683,0.11582039977696823,0.10508021209448926,0.14242014848450418,0.09630407152256282
0.12313858618973099,0.09934539166376617,0.13367524871465952,0.12401491025151894,0.04880257354587806,0.12163566915003717,0.11191378216521508,0.13104737710179012,0.10642646121740396
0.12147611242476526,0.1299708930295853,0.12962514751062806,0.12805875787647092,0.037721318989414644,0.08231650364864745,0.1163757004165004,0.1421319832568891,0.11232358284709891
