0.18561343662480312,0.0686346440729701,0.21056970720378784,0.019609265233073932,0.08370495032584506,0.19982042396660618,0.09535250876742359,0.03924458041506673,0.0974504833904235
0.24015988617687511,0.03651376262130865,0.301767220317106,0.11452935542631558,0.12794065675690697,0.0392377264847528,0.04575542864233304,0.021690952496366833,0.07240501107803506
0.10183910039233994,0.16324334281569916,0.1555153685082,0.1005237920043774,0.19147448530002606,0.2045613791578895,0.037248898727931,0.02428247087180238,0.02131116222173465
0.05718082073790493,0.08892465337916079,0.06186246656038017,0.15451124341996736,0.0781977719551115,0.0827192926537217,0.1596952340970754,0.06858910680160935,0.24831941039506877
0.2963309216181937,0.04150916447514054,0.02334621765465306,0.1545825745333179,0.11356585854631585,0.19929724247687866,0.09509979373688632,0.029067218060185945,0.04720100889842823
0.2990553281384385,0.17190223240423552,0.020210690792358783,0.04485767635007856,0.10995336879913901,0.11247422762825243,0.09718851683879225,0.043191846307913694,0.10116611274079128
0.298099521500075,0.03916869825273714,0.0398048230410576,0.03666185438889617,0.035446646271338624,0.3001452564258808,0.0692544074938634,0.11978506528333342,0.061633727342817794
0.5610590252507958,0.017192211323587704,0.039214561956633975,0.1277796048618228,0.04790423113971457,0.08645249937791039,0.04525100464549428,0.01545745116951224,0.05968941027452835
0.2772852769093756,0.2397597601033513,0.08811130329150484,0.06805305692221728,0.09378135872170486,0.013912608665794038,0.06990357652546843,0.11354701539985974,0.03564604346072394
0.12033141281021122,0.056566399432483906,0.15086114256162944,0.010025214374120035,0.03076664979835732,0.3700515511563109,0.14063411075186974,0.03873534130621762,0.08202817780879978
0.3677520269587033,0.06328808554542653,0.04570842933437627,0.11994979418334355,0.06376344020481295,0.049198791185335745,0.16636520833879792,0.05306111369763169,0.07091311055157208
0.2797866504126129,0.123569214263663,0.13803133814988686,0.06029647402131508,0.17494094101047755,0.06838667850351375,0.04924785136862095,0.05439714776788516,0.05134370450202467
0.1585532445247076,0.04891515063207586,0.1019296985471058,0.12196276448696852,0.07007532682862162,0.08533104555912491,0.22197757973456114,0.062375909081256724,0.1288792806055779
0.18816043167069274,0.18403838468391007,0.024620370678126113,0.017257915865065924,0.05994027067078952,0.07929095113401304,0.030764777742781357,0.38974922135290857,0.026177676201712602
0.10569660957900734,0.025001746292938706,0.06206096179700878,0.1481204716478239,0.10547009514053145,0.033309460923578074,0.24516853827243587,0.16421499966489086,0.11095711668178505
0.11931739559538523,0.23265803503599317,0.04990681696126465,0.015529291543649843,0.15080560927399317,0.263915079985852,0.038594956521193304,0.04659840773558751,0.08267440734708109
0.24577721230210595,0.21622242669796354,0.029595500580330416,0.028123091599630102,0.08122622350201043,0.20016958737644308,0.010895543175962379,0.1492765012503954,0.03871391351515874
0.11680248292858934,0.10414648460355137,0.0417207728630313,0.06840018055313571,0.15140702825631225,0.0790381459883352,0.2494754453113692,0.07015109109480568,0.11885836840087001
0.08960419135858226,0.15644724097571552,0.014575807617221137,0.21809416678306567,0.056206772656503194,0.047507358819544536,0.04829207074691914,0.0727111240206438,0.2965612670218047
0.08496975566477333,0.40589744509488335,0.036098621097993756,0.0837180712630779,0.101091110775552,0.06241586395971795,0.05407598574314144,0.08822858440363905,0.08350456199722124
0.1034833283338989,0.056506512705844586,0.06440225944044599,0.12439503047863616,0.10800155590628924,0.06475958203105903,0.11493025524716029,0.3266664969279411,0.036854978928724746
0.19267696997528125,0.0402344905140317,0.04785174352041662,0.0583574224694078,0.053011258271493354,0.06500445002755112,0.1403182084193981,0.28985895110281107,0.11268650569960903
0.1743348371967861,0.05629886252770752,0.18620127290668623,0.06471691287993565,0.136363860257481,0.06546930149268347,0.1596500190673934,0.06956850441806557,0.08739642925326103
0.10276207272820485,0.014126417206657109,0.07326734109093593,0.04382517698826339,0.06998800888254496,0.0721244322320843,0.11450392952633585,0.4798211456424921,0.029581475702481392
0.1967685134036173,0.10427204067514595,0.08202263024531548,0.11062667969265828,0.1923868100691346,0.01647366135916965,0.17837387300821705,0.04538099368808716,0.07369479785865458
0.4993289754057774,0.03481462891603397,0.051712459501276266,0.17370527298150953,0.1029026997894915,0.04064764875609653,0.017073545709791506,0.03462801006495932,0.04518675887506394
0.05661568097579042,0.034151658586207244,0.05183232689022068,0.15129465444115706,0.08704592246050187,0.1207669169842946,0.0295682583122772,0.28142807154950594,0.18729650980004495
0.06486926508652108,0.09162118951255199,0.04277661405476371,0.06444999685066174,0.0819443873379822,0.13982886369384007,0.1815403681784332,0.026637434069915884,0.3063318812153302
0.37531248044080207,0.1407854136177373,0.05984231397947038,0.07370012440998559,0.06844242981118374,0.047238948472896315,0.08586788773779318,0.10534768025169272,0.04346272127843868
0.27107733197180145,0.08487656413498368,0.14533037146365477,0.04161264935569567,0.11248779170684103,0.10722868125284755,0.12710641832347533,0.058578281716053636,0.051701910074646806
0.034447975249562425,0.041018260704946415,0.191680276325528,0.020658459375967556,0.23074560277138367,0.1848474953888215,0.011120264424697032,0.03973707701196849,0.24574458874712493
0.24481105258076608,0.07563270660161403,0.01894964982302802,0.20998106154976368,0.08907047880263393,0.08555010816601989,0.028893471043711927,0.14549426180374425,0.10161720962871812
0.14589141995767888,0.10465567121478132,0.0640148960626759,0.07032243392766191,0.13981073994778667,0.3276625484818738,0.01647747308233523,0.06468750626672602,0.06647731105848033
0.20866476156328675,0.2141505093463508,0.061544676888132054,0.1342834487922962,0.19417498321339602,0.022617095870533965,0.0870160949414462,0.04270558189897653,0.034842847485581425
0.11482211028316562,0.1163368087135375,0.057471973713953316,0.03857966429989401,0.05702790407703299,0.13470529420852914,0.3093231684159849,0.04452686621218855,0.127206210075714
0.25883940363561375,0.022630026952330577,0.026385738054938462,0.04506962020298621,0.09234365219998791,0.06100813809771072,0.2559433235948284,0.19588552802061865,0.04189456924098526
0.3784362743166511,0.20645127004524377,0.018987758093319644,0.04233061145534464,0.05816018388975456,0.060981516656915,0.057131256867300646,0.10654228184507868,0.07097884683039199
0.21111854659913656,0.12427221242972662,0.07804677970271287,0.05694881180553474,0.14925372892252037,0.12620047314690222,0.15890920575722586,0.025053670663813893,0.07019657097242689
0.12431101809507977,0.13142447650003233,0.07799535232555103,0.0525211982133742,0.08160790262264787,0.11270583109765579,0.14552726835958316,0.1750642448258712,0.09884270796020463
0.019019194061813145,0.12029494738308906,0.028173396074706796,0.4852410614186791,0.11166474995051241,0.03633868226658863,0.028984230936225718,0.05772267319357057,0.11256106471481457
0.1810079685062341,0.16101491850887376,0.011699300338150838,0.021230642397834728,0.1514985344100562,0.25761313813411385,0.06546995936309798,0.014299315692851084,0.1361662226487875
0.4610683357548085,0.029365438348653402,0.06992163293461796,0.06744369286028351,0.09382172790717451,0.06406730214139304,0.08454793528146477,0.03454702129113948,0.0952169134804648
0.10810837593721077,0.12801461942912679,0.05670029846791091,0.04346195340682621,0.05308308383304846,0.4864379308248785,0.044485943839860605,0.04838599718779585,0.03132179707334192
0.05373812485706261,0.0817829126388735,0.021511748459859804,0.08402096641631453,0.0734338352719961,0.12199453513503118,0.05941728076064825,0.4333261051567108,0.07077449130350331
0.04510930537547025,0.2750551429077435,0.10917972392105169,0.09653441416232438,0.1247510193768876,0.08735884480843233,0.1139441424462198,0.07612449996399286,0.07194290703787755
0.07360066131340402,0.11713433261107797,0.08391180242956327,0.18876574317313932,0.20240459932809032,0.02704897509409857,0.06641978629905214,0.16825845421879015,0.07245564553278419
0.21782371812106907,0.07565092272911432,0.1337789833575432,0.13397005799730688,0.06807033895059231,0.10656974101685152,0.13507096638880348,0.031266362533110784,0.0977989089056085
0.17104820608322202,0.12478266345764837,0.056454953253145944,0.09834105210519895,0.1847621997998663,0.09475128842286396,0.06178139607027184,0.12618509778797266,0.08189314301980992
0.030398872627688006,0.1204129299422169,0.011657220109795363,0.3218126402913851,0.11044747763619904,0.011799744442935972,0.026185006438100924,0.06810422688092328,0.29918188163075543
0.030359640885548378,0.16078558976936017,0.01405217218437275,0.17468078470664486,0.03271476679142744,0.22159265417999308,0.03422186937223163,0.14708887380809396,0.1845036483023277
0.22915107196167608,0.12628232530824235,0.11363053661872513,0.06028105216385763,0.13812864984946924,0.08001382148388957,0.025703124789971398,0.12671776095099907,0.10009165687316952
0.16145534726904992,0.021215941999596033,0.05429791072556669,0.03625162933500442,0.08157676088987188,0.30659951652028544,0.08096970754311913,0.14657839343338863,0.1110547922841179
0.18250782971844237,0.22709149368881887,0.2093784039886318,0.015584939540151372,0.1253522131600441,0.08249532623535494,0.025206254645628163,0.10882902696776549,0.023554512055162777
0.4678463867680478,0.1944672106097244,0.020726946544829015,0.017657763998008853,0.05962221185763058,0.09588378411198269,0.04325452224459717,0.034343713998406376,0.06619745986677307
0.25368817996525533,0.07044184588503477,0.0421328270738327,0.04679325343001625,0.10141353683228731,0.1504720112601542,0.11209642731704501,0.17312855220915035,0.04983336602722411
0.2203574675648924,0.07518141870500047,0.10352447110799151,0.1375293451144599,0.1367071683275435,0.17933524139262358,0.05890017898212139,0.016144789036823985,0.07231991976854324
0.3762606227315939,0.14119564141858756,0.06657706175588063,0.009659068900278895,0.17729953170310075,0.11360615463067349,0.03485452885221014,0.05611138530222128,0.024436004705453356
0.3082125949301439,0.07884876159208289,0.09187912390052115,0.043454719529161974,0.18652616676690378,0.08660936344420482,0.09573169154429474,0.044699580886473,0.0640379974062137
0.37331831341846455,0.07789373938137804,0.09967415106195891,0.16214750272588596,0.08689943522134042,0.0739576310160235,0.0529554949099213,0.04245859560014486,0.030695136664882494
0.1553583278561124,0.1256331525010975,0.21431199255520136,0.0911164540050635,0.14803034047820574,0.10861624647557089,0.051930173433018895,0.0677250109908938,0.03727830170483588
0.05495280075449771,0.19726741828002822,0.03026488578587877,0.03956482090666159,0.15592696203916276,0.03477898930940585,0.060132101052311794,0.3900215108989909,0.037090510973062485
0.16271683991889757,0.045078887778222,0.2896571613852963,0.0659660184962435,0.1307830914018311,0.00506932367266696,0.08262671819305906,0.07629425042326193,0.1418077087305215
0.07681796128089491,0.04580068695856906,0.12256073671931562,0.11374780587955909,0.08164078562877206,0.33852960693284145,0.033412202108166256,0.0698059417852147,0.11768427270666681
0.08594244789963044,0.12000388088480445,0.35621873139185384,0.054689904810556855,0.08895339814073594,0.08666514761183454,0.11020731839628485,0.043488528597813124,0.05383064226648603
0.16129330562141528,0.14074038599568395,0.053295389404928145,0.02737242096015899,0.06645684775557296,0.42432459468241124,0.04526168371960713,0.030672567523893884,0.05058280433632837
0.03315893857391918,0.2314293357497569,0.19271658759335764,0.1168272760192595,0.11236287072914826,0.0645961085425398,0.04344710807549624,0.07633364787144721,0.12912812684507524
0.19428993173111395,0.0642285990868108,0.28575285014812063,0.02195488660921598,0.23371229303597818,0.024322693814136015,0.08050311384259635,0.07431851176212918,0.020917119969898798
0.06361352042423672,0.19689451236187638,0.1941939279058039,0.024309322904969618,0.13853620690931354,0.15361666668280996,0.03548555448855195,0.05292686125498852,0.14042342706744948
0.22041174753310852,0.035939479724020444,0.030397188311101993,0.1088598610355044,0.05863219831413604,0.12237364914694733,0.19729188944772844,0.18552958984753617,0.040564396639916726
0.05429121698068389,0.4402792615500455,0.014872200213604136,0.11853321877604013,0.06137390515508012,0.17324294806521165,0.0410281728973963,0.06830482644048248,0.028074249921455786
0.10268804533414662,0.07253527206563305,0.27026416130019726,0.009305222896649432,0.18135108279701562,0.12111559380818955,0.054188139412305,0.0336129918808605,0.154939490505003
0.18581111633166106,0.11288129828432576,0.16850005801868306,0.013104915650096978,0.14232041805474363,0.06743857519943545,0.05212719916367309,0.14431313828029535,0.11350328101708562
0.04812878761170388,0.057818822962142004,0.31596085810761915,0.10217622164015971,0.07922919297109444,0.16465518269266344,0.086479696505488,0.05613027016656593,0.08942096734256351
0.2893044904108067,0.15071583445145564,0.029590304605427623,0.023948914709862906,0.06494359844898091,0.11749353483878484,0.19144272023287842,0.027902279279361304,0.10465832302244167
0.14198310617131588,0.14256675483444878,0.1194954590722625,0.039674946306437385,0.1758536015103881,0.13540226177052125,0.11757690931665177,0.05976851323014385,0.06767844778783055
0.07939914572119056,0.18233606254752574,0.1550416293424289,0.047984515752221645,0.16000492618007398,0.012253822696136769,0.06570917851169335,0.20573002923729347,0.0915406900114356
0.1106782782114807,0.09703672564497423,0.08498477301749163,0.13794565335236386,0.07757318841340331,0.2194309726045377,0.06339950972323681,0.09096244803217375,0.11798845100033802
0.12471401127592263,0.2472529663688603,0.0671448956669048,0.15572585283878515,0.1722170414808636,0.03847918420799238,0.05357985216302452,0.08648515153195553,0.05440104446569122
0.2426909492163092,0.16143418769217335,0.1806436800149612,0.033654297399078645,0.11910918081052996,0.11915211730423252,0.03396310376831583,0.08101621832524421,0.028336265469155002
0.1948387105853282,0.0944117563207445,0.08164851066966458,0.08456802390193348,0.13167385525747904,0.22060655812943497,0.12677943517820525,0.046302499939811094,0.01917065001739894
0.02224599523751071,0.16616813735929215,0.0830898689852967,0.28492304206089586,0.20405713966175143,0.04763102709372349,0.035578001062010166,0.06460628998994165,0.0917004985495778
0.3843199785896185,0.04553722221998946,0.043272007006288415,0.0789559575092361,0.05972789709405024,0.2938121843140924,0.029224671765147796,0.01984781414647475,0.04530226735510231
0.0990150702874869,0.10570395700284896,0.0669153118590668,0.22255337115196938,0.19917886779781305,0.07850295518678635,0.08905428438654399,0.05873300607236522,0.08034317625511943
0.22580829011105452,0.05017815601861597,0.07771992037178833,0.01568967884952179,0.05543730068665487,0.3821174955728079,0.0714727403771997,0.05348682248166169,0.06808959553069523
0.12218503280089114,0.018419181633213013,0.1912515877366202,0.027895574939673252,0.05572715413520903,0.2539486524160897,0.14894833330606702,0.06330312205537873,0.11832136097685793
0.17515159041923453,0.09164596260573771,0.191639006273104,0.038078530281530215,0.22694391326718988,0.08659209485313518,0.05059998374784482,0.05762994786502962,0.08171897068719412
0.13436765920736926,0.13604000960179627,0.061132441522695556,0.022749628377691528,0.07357801296387917,0.3464866198806433,0.10364906258719013,0.062378254392564614,0.05961831146617017
0.08813797548073353,0.03921772768346112,0.1601605104904674,0.033211092625774395,0.06624870242956445,0.4211725118566545,0.0999389654112854,0.014822529428647577,0.07708998459341167
0.16229400934630023,0.06849839882736525,0.08493326117123816,0.3513345032475191,0.06684017953665013,0.012416591428744293,0.07078109626178712,0.08709077979955822,0.09581118038083752
0.029107840988541966,0.09637806757714247,0.017421647801225872,0.05693536834979283,0.12406440223437963,0.08764205739843167,0.05729397735187683,0.1503886157488198,0.380768022549789
0.10967903479990908,0.14766070129927109,0.07599530021564377,0.17653296681682518,0.0893566043275857,0.10963937868736949,0.08105810587601346,0.0954721722135257,0.11460573576385658
0.09839823184426981,0.1206854663790129,0.30482211953225175,0.017186751053927984,0.12102456992029693,0.04391917639312635,0.13167952199046032,0.12106359060975436,0.04122057227689962
0.3091958920718147,0.0968170432397207,0.10246046710688451,0.013768566289357428,0.18595727719481556,0.17946726156001777,0.016455760644344442,0.04475782169559001,0.051119910197454876
0.05573837191078037,0.29817905203219497,0.06446993045481818,0.13148820113368126,0.17019008334055988,0.06156384424301787,0.018221155904585368,0.11973218355460562,0.0804171774257564
0.21316177548719606,0.11631089185030578,0.09932947745053362,0.06813765490168816,0.16818097615357552,0.14339443497167909,0.0682991659040299,0.03498962968248448,0.08819599359850738
0.07316858346298653,0.10496111627132361,0.1395721101918089,0.08957184896103093,0.15197838832622926,0.13573094218229173,0.1515525529110037,0.05419417819234403,0.09927027950098126
0.1349253566666646,0.14586304910443218,0.23427717762279898,0.018703859168935806,0.12250386744490464,0.09821182563971431,0.053726640546425425,0.13843467128359108,0.05335355252253298
0.0704626607918144,0.1897607197477246,0.03909125527598894,0.18867891879069557,0.1485728818251378,0.08880154210024456,0.06823712915461207,0.06781535215899379,0.13857954015478824
0.3794457747652504,0.05243282741428199,0.10002209228637697,0.05526257346697483,0.1547802680602853,0.04332938090981101,0.07127634624076805,0.10845710521671821,0.03499363163953329
0.26893546520828376,0.10566485135829841,0.18805197744922567,0.0561068578601733,0.13398966094221895,0.07239557955943754,0.06565274716592255,0.06056222011147099,0.04864064034496882
0.28568337009750516,0.09218682168918091,0.06059939703741902,0.006869431772058475,0.04607603454842243,0.27425107126693343,0.14404983020039178,0.05017045420699201,0.04011358918109678
0.19980325389898523,0.19299463155310773,0.22794126123746686,0.03318235335396092,0.1563019314421139,0.05481568133207746,0.07019386111356923,0.02705509818021108,0.03771192788850761
0.36091053524483446,0.05860307467735515,0.03624542933791039,0.19141034838931095,0.05339592837135879,0.11103208538691632,0.03132804753058437,0.057252531827177676,0.09982201923455197
0.09978184451134126,0.24882270081521304,0.045090798796175995,0.06730139716461518,0.15512912132089157,0.04404314216797153,0.2305677702980562,0.04624732041714482,0.06301590450859042
0.10277102983414288,0.0822080548329874,0.09517389633096467,0.06830839514657068,0.14119563301615945,0.1072656816949562,0.18028129230326984,0.1538303351868293,0.06896568165411962
0.26448514148279373,0.20332906790998143,0.023651538294991833,0.0751084706446407,0.05406829833422854,0.04752458712939243,0.01399847723058594,0.17631551686081856,0.14151890211256687
0.10400773485337207,0.08947831564559973,0.2578346903812682,0.03435355136327603,0.2535905546460601,0.010455526424794637,0.03122672611778804,0.14510551510050199,0.07394738546733921
0.028831620325148303,0.16575551277751513,0.30443635241103423,0.03786263920425265,0.2723532851436054,0.03797879458129064,0.1307409227802153,0.005643027238468904,0.016397845538469378
0.05256679155847325,0.05924991302457092,0.05864973977328006,0.09649969752648345,0.13613579866732411,0.10084379673744626,0.051691343791878765,0.1385084449129388,0.3058544740076044
0.12477741396785219,0.08017647996014608,0.06795689135338977,0.07510249243345539,0.1391383626163897,0.28414189412172464,0.05579920869953378,0.1275360055756347,0.04537125127187367
0.2210971623774097,0.10853048159973998,0.10570982086967746,0.046686102463808866,0.16171750932112702,0.05034674745524576,0.036548377963356755,0.15386233614796718,0.11550146180166725
0.1777889732600375,0.011155458954223664,0.060078803740585406,0.014083806517764535,0.05503707449636802,0.33078072663612584,0.16606309136050826,0.04146925444405402,0.14354281059033278
0.09015992752918629,0.29772179058486187,0.0905784318481106,0.06268414451647364,0.10077703394158699,0.25057014683150497,0.05026313777561408,0.031199328154514056,0.026046058818147578
0.32786860939675116,0.10784660776338734,0.07096177183580318,0.012829500521193095,0.2032568633486882,0.10958171864976085,0.06858220033653695,0.03947824464068118,0.05959448350719809
0.24865666695543207,0.06360782380798917,0.09737769631191483,0.03605374205860575,0.19434879218549508,0.17010441682298627,0.09767575960740439,0.060726469836870876,0.0314486324133015
0.22642368081101716,0.1918679434554131,0.06688001449786408,0.03530620057805296,0.19103741419625545,0.11399788183947061,0.03838311919032353,0.08981830083887155,0.046285444592731644
0.07989093658841064,0.12068117392010758,0.2589029118816506,0.04483601642166967,0.20001743848183384,0.04126131973670837,0.08794195397947228,0.12462922628156207,0.041839022708585055
0.2607077305220317,0.04667420108215025,0.08462433652241975,0.031131923374180498,0.08869792372378471,0.0707541851798761,0.22229691853061642,0.0993160284404363,0.09579675262450427
0.03933060499907474,0.12846058085378279,0.39757089778046995,0.09577141589338507,0.17921031194616266,0.013488112785903216,0.08222047576033571,0.02524980700790352,0.03869779297298235
0.07868785544983402,0.3080956908684492,0.07810147542248734,0.05237863240592878,0.07856727422243269,0.17882512104009882,0.026233056281628003,0.17743579647987384,0.021675097829267364
0.07229258382326971,0.051123809508953795,0.4512137088679628,0.008136123416546489,0.1961820133390887,0.07165481871390118,0.06969635770827355,0.022855684810997177,0.05684489981100658
0.154951488026945,0.05846215855940382,0.11831369610657233,0.10161181611703218,0.06767338195970479,0.19485197217940067,0.061411027093956926,0.16180033900307567,0.0809241209539086
0.060355487567825876,0.16927061706988758,0.11586695421026834,0.11153037382070614,0.11766866967748861,0.24857161411720874,0.10641383129500787,0.046639805951569545,0.023682646290037166
0.1666391929108981,0.09184921672571324,0.12128584368099021,0.17311842130736269,0.10348047660995653,0.12059039105564774,0.0810726078465439,0.06717267284290043,0.07479117701998717
0.17689934242619643,0.1081349098128241,0.055351440507624756,0.05975215854968454,0.10904960213769614,0.21278579871330794,0.06475524851849157,0.045390698377143456,0.16788080095703106
0.03010833489178082,0.02515091846239659,0.051052100318733605,0.21981035566571494,0.050476676643351724,0.34008900075405774,0.017165885189697954,0.03376729771424437,0.23237943036002232
0.18033458461826726,0.12959185081756433,0.10270582718436128,0.0746962440912293,0.07946308429778043,0.053499241127621645,0.10605263126486097,0.23359986578238054,0.04005667081593433
0.060079147714049236,0.17013329361597815,0.21432911665199236,0.04734134224019709,0.22309953373490243,0.15245604147139108,0.03820940153418409,0.02971872008723023,0.06463340295007526
0.05322504488155422,0.0901080177322915,0.053533706031579587,0.16895513847830826,0.08099562186796906,0.05174742973858489,0.060790801169309704,0.07135464301169131,0.3692895970887115
0.13693439816508735,0.12907189955737566,0.04395399954048062,0.361112411985524,0.07756840612758,0.063659074998612,0.13939444651908006,0.007485589811398861,0.040819773294861396
0.11526593236922889,0.11516322647540383,0.1293494919773485,0.0731668027034938,0.08256625612148805,0.3288940183745985,0.08701963701533581,0.03235454735794352,0.036220087605159164
0.23558995079624853,0.057669623562888545,0.09995358613951631,0.03254045194734088,0.11050305607936188,0.29109415389218735,0.06469581156820715,0.04745483905404937,0.060498526960200034
0.06766211824713574,0.0811809553809264,0.2367399284362568,0.16254444691602526,0.12847574937348227,0.011215004204916446,0.21441934117007388,0.04068618409971352,0.057076272171469634
0.06371422755691378,0.07710059522759183,0.11514666750325114,0.011294663870041447,0.18653007019206377,0.26240336224272004,0.1390861202910324,0.05573259244726136,0.08899170066912426
0.17417525638507672,0.1385780243710557,0.08569774126791123,0.07932066744068769,0.12506704067472632,0.2160978001128704,0.0670711368187217,0.07680573451080025,0.03718659841814998
0.04041298183222154,0.19375499653575687,0.05762495500042134,0.15422104992731048,0.10028181518595725,0.2004457960169809,0.03447871278052189,0.12709787842898723,0.09168181429184252
0.02021309632997249,0.15675581502183442,0.046478685105780536,0.21029927935966689,0.07128212983729881,0.15909344002365133,0.044260943094635484,0.07749695575802966,0.2141196554691304
0.09679880464420264,0.08807766503746471,0.25697421143600874,0.08958623192716737,0.20279457288285374,0.03956402756464099,0.03020712805152605,0.07176754398597895,0.12422981447015687
0.22338738163505711,0.0715524931396538,0.07519867824852554,0.10102389692186083,0.28212507431641487,0.05745883100549525,0.07375266678128752,0.06927533448868131,0.04622564346302379
0.46220652936585666,0.1261771096829807,0.056150797354733266,0.05806500500832673,0.09769785165556111,0.032412345070442515,0.06880289677663486,0.03739587947043327,0.06109158561503083
0.18651540554055324,0.13763295717789711,0.1066293542799009,0.07193380945541204,0.2538639450799883,0.013836902291480343,0.07716568446864103,0.10478672872294727,0.04763521298317975
0.1376749067558223,0.09369085548813794,0.05463905441935248,0.2531075875315707,0.1090627870513708,0.11649671603282513,0.0821033815327853,0.11564881570598891,0.0375758954821464
0.17403855388838427,0.12349606806840256,0.12122076872910842,0.09278571579503665,0.22631485091647863,0.0992960837894012,0.04629340751568923,0.045710932964383964,0.07084361833311514
0.2648006165144241,0.06741038892386271,0.1027914276658685,0.027663911469616703,0.07366652313784218,0.14526965582893506,0.1298178979015481,0.13299970845157724,0.05557987010632542
0.3214052918836781,0.07718564911131492,0.0793543492330607,0.140632082615811,0.09173374106042997,0.022563776519608888,0.10006830555718482,0.12463807895979982,0.042418725059111706
0.136395069594072,0.10904383734977331,0.046978945663796644,0.09446868091011491,0.05879667519121218,0.06187901438031907,0.2682348214339567,0.1793206081398456,0.044882347336909635
0.1536585535762229,0.12247681911982655,0.08544875340828385,0.12783330186486555,0.18784541305084435,0.030237815611131768,0.1675636043845157,0.047411939888166,0.0775237990961433
0.3389139892916137,0.03295909179058821,0.060878223217848526,0.09890709719947462,0.09928739721297714,0.08542185488893062,0.14169007590493818,0.1002523894413389,0.04168988105229008
0.10917142380530309,0.09275645873280956,0.05224726763453558,0.023016846992854997,0.07817412878643815,0.37505644067308436,0.09750730167563167,0.00985707477145873,0.16221305692788382
0.09160844179861345,0.015273417414083876,0.08644502419244536,0.03737621665588841,0.08342816530456747,0.46754921483192097,0.09200401413305019,0.07311345423943184,0.053202051429998475
0.2134992265399529,0.152879975104387,0.07128309984942949,0.027483554147830564,0.22579226540448002,0.13020920078494214,0.0485251993883972,0.06606846993404399,0.06425900884653672
0.1455542361221234,0.05138201452300767,0.046181746878595296,0.17361504642155925,0.04907787811179289,0.07375521183660258,0.19442149765777905,0.053545999716600255,0.2124663687319397
0.08732101388179386,0.2045640297784186,0.1157777989860448,0.07095549422838245,0.08663721286325714,0.3228030324487883,0.01637001852991891,0.0664896537191722,0.02908174556422378
0.3846825993140599,0.10803321429267304,0.015045855005391956,0.0353835765385494,0.098192713410212,0.10564219974633253,0.17518623474577408,0.038067534995715475,0.03976607195129164
0.14694375937374662,0.21180974569421826,0.07270812870913003,0.022270572734463354,0.04172804046204004,0.3978553032417597,0.0736440901686397,0.0026584110910053177,0.03038194852499698
0.1431962476343452,0.0719183810055208,0.1783544347102425,0.039364594288954516,0.1194929312815361,0.234782340791119,0.04344792177015616,0.1072588531574274,0.062184295360698284
0.08310265075584868,0.19570768083628476,0.3173618209877333,0.012665745338814378,0.26569517667828807,0.04044242533166573,0.01610288720559139,0.030103186664275656,0.0388184262014979
0.17582087274504002,0.18074346927668375,0.09598215427889606,0.031644037681105464,0.2432654183974485,0.18274022712076302,0.030418979196632185,0.031616265433828686,0.027768575869602272
0.2829839360270752,0.0634670168578736,0.2738857688712351,0.017724356575463878,0.18260046092485507,0.06317668545704003,0.02982840338173723,0.060116932127871926,0.026216439776847844
0.20293410814401666,0.09826023000198379,0.21203161825505748,0.2552504361187928,0.0881581536903185,0.019025271873384736,0.05672548769987248,0.01163265130625136,0.05598204291032235
0.05744748674615197,0.1460046502582215,0.10007825470314892,0.31531000808893245,0.13110681906212684,0.03958406969815883,0.053145567172938224,0.03929253083021136,0.11803061344010983
0.21181230654325311,0.06139780934884439,0.09941072588892826,0.053081909185714794,0.13500477228665034,0.04598831663500447,0.2082841821379605,0.1326646751224206,0.052355302851223584
0.22722803508944778,0.11034255014460048,0.06111829248033208,0.017096041246993272,0.06267351637709252,0.18142314685676766,0.028436989183645723,0.11021377804263828,0.20146765057848223
0.06778528659415395,0.13121249691162304,0.09826278610664278,0.12366653878821628,0.08406347764564737,0.09448302081168863,0.12338067703476335,0.04684734067077175,0.2302983754364929
0.14914796952511308,0.1015278481205043,0.12500879355211075,0.09388881679086654,0.1555319592513468,0.07716216373577087,0.08323436297835053,0.08420274248185923,0.13029534356407788
0.31845536301034705,0.01957457711821204,0.055485735900295076,0.02449623374456104,0.03438246793578209,0.20899758840792856,0.16996460536275584,0.015514155855488501,0.15312927266462975
0.10423439144276188,0.048260493088601066,0.03552378868959105,0.03776338139103858,0.13404852667055192,0.01811777243974258,0.26534105555541837,0.30393768486518224,0.0527729058571123
0.17008302800462893,0.055126693611334376,0.17087633089041523,0.12499540561666034,0.14305443570205365,0.057823838307167086,0.18235313442300657,0.06565172690064651,0.03003540654408732
0.15790435255619736,0.2553728445166275,0.034637657609477034,0.049145315723011,0.06782339473111552,0.02056493956271709,0.3595451967951855,0.025234574546575017,0.029771723959093985
0.2609424916820669,0.18245505537055737,0.09716372269550161,0.04149894653345113,0.12479958234115614,0.08272602121228682,0.10609951949967474,0.06009809767285675,0.04421656299244847
0.410571815260038,0.13538934267510597,0.05890387578279116,0.02657566668274182,0.06412653254438304,0.12692532476857613,0.06007678684173353,0.07122643237263003,0.04620422307200036
0.06525677917810126,0.13350853382917116,0.1511567970284666,0.21175199770864817,0.14488354320451294,0.06611675942864172,0.13815584815488163,0.04193618068657331,0.04723356078100313
0.08449776359447425,0.0794795128696318,0.03330060207353117,0.16298231113514364,0.1524437021695405,0.2308820516137938,0.01991929503321024,0.151155729312085,0.08533903219858952
0.18524488811763207,0.11247015745323181,0.26422995427697255,0.02081597596462086,0.14507008839106317,0.07647735092214403,0.10189258257048539,0.022301622156466753,0.07149738014738326
0.30561303346496066,0.1101016126468694,0.08647739803317235,0.0885594819162941,0.08614156549061469,0.1518645131687018,0.07442045456231122,0.023753895524168633,0.07306804519290716
0.22218133042619007,0.08465971268833383,0.0293521644113789,0.058392974722226064,0.2215211311408942,0.02796364466842846,0.07192305600254838,0.04185573001535301,0.24215025592464703
0.19469231860250236,0.08786023408589257,0.13317738313076857,0.049609483045752543,0.14866086756788968,0.13082473754773047,0.052209282880886776,0.1449987778588312,0.057966915279745845
0.3605194558425733,0.05415980642050768,0.07660197080411087,0.04660978515356504,0.12856731001668423,0.03384179883434656,0.1179238384232802,0.04597127810114121,0.13580475640379094
0.19231411422921907,0.1991966338634643,0.07285055480394038,0.03655196913412371,0.09224641249455177,0.1418277628421234,0.10390265501125374,0.02122129756574548,0.13988860005557807
0.19406705725752538,0.20558435581154466,0.0796658663324815,0.0289441460715622,0.2145806729173684,0.06757340028789881,0.057334264233900846,0.05036820930177843,0.10188202778593979
0.1264021710139652,0.11244324765831436,0.16322933535647235,0.04776047553331227,0.23766453056627013,0.09958787343556873,0.05793666556955004,0.061856004689073145,0.09311969617747388
0.08229045526400562,0.04427398575755215,0.1863950525077526,0.06592069620070148,0.11138679117023838,0.17095446264597677,0.18552044483889044,0.0635718423232675,0.08968626929161505
0.22529230502744593,0.15172481096786453,0.1530743549927385,0.03949474305044496,0.10064226526525395,0.183105211878011,0.06101091020538304,0.033506267746939385,0.05214913086591869
0.12602428165373705,0.06382569799061243,0.10094683359086642,0.12458971493993685,0.13733821700239296,0.09326881055039381,0.060179741846017314,0.26584762577348714,0.02797907665255614
0.07405612846903416,0.25980734488379914,0.009418396762153647,0.2238292056573152,0.06730501030380832,0.15886297010969955,0.04700864122928286,0.12227697459615931,0.0374353279887478
0.16460620017252212,0.05474732515928905,0.12460321832026566,0.04439852733667938,0.048008150148200424,0.23523084436514574,0.12258226242333226,0.10450812444482176,0.10131534762974363
0.2163981214335214,0.016803445587792024,0.0324261176894916,0.037365499745087155,0.0757951092361544,0.04274870635882885,0.4169856852400302,0.01194539429091645,0.14953192041817792
0.13986400653247813,0.058187734946864265,0.2793882926132904,0.0511891633608705,0.18688580380232023,0.11836110527238959,0.10642514941719132,0.0430135465574466,0.01668519749714894
0.28136101304431493,0.07685516076686678,0.1090745222134669,0.026313478048061417,0.161912411595082,0.21900143427169483,0.08502283062352371,0.026021125417054317,0.014438024019935125
0.4457749885115045,0.05220604009159682,0.05029194094613542,0.0762822777737413,0.20387963714238358,0.04820370846191665,0.03248243513448143,0.033411651278231085,0.057467320660009126
0.10255106351279115,0.021127252252746018,0.31585266199130624,0.018557021563954657,0.23790770589633395,0.008848111881817862,0.04527590326872791,0.04433499469461416,0.20554528493770807
0.3112254584106333,0.09118994527603703,0.05507339913111604,0.23555876446907634,0.09229931095987436,0.04632545497991374,0.08459320518666517,0.03308333944211848,0.05065112214456554
0.18993915954603416,0.10007174058634909,0.11492672128933035,0.24777253496378218,0.0930652733165982,0.09676241066808781,0.09349143435914974,0.03452385431173168,0.029446870958936843
0.02945478648242975,0.49445057776523327,0.02024620163757425,0.06386007867510976,0.06977562368590602,0.053853998100558624,0.06528963845684044,0.16535543490642934,0.03771366028991856
0.30274184783001634,0.046028424271320346,0.1612079156390262,0.024342461473148235,0.1131754364646033,0.11141016154895587,0.080615423737466,0.12278460663244778,0.03769372240301596
0.1788866091802813,0.10931192427335275,0.08949150908821545,0.01336303864544621,0.13956931310952556,0.14614572945929238,0.07010519350037397,0.05338026596815798,0.19974641677535443
0.24129942424082937,0.22460768203648693,0.025071457872226945,0.059285382719039735,0.08468916247936707,0.20844394049244028,0.07715608221524954,0.024811793163445933,0.054635074780914256
0.19608203372400826,0.09163068787320372,0.29188841735597054,0.04156562203884399,0.14424168056829012,0.12776302693215788,0.029513098792093916,0.048358944647760777,0.028956488067670844
0.19116216534526545,0.16358769227422396,0.3071507048003126,0.012028601361665295,0.22986934281985802,0.01853310897423954,0.01433234962251638,0.025503101488327597,0.03783293331359119
0.19108857394796488,0.07195021456680954,0.09614467150366385,0.08885001373402868,0.09953845634023754,0.030343608585139997,0.3134281222543216,0.07647628302837092,0.03218005603946309
0.3471787844549033,0.07416539985738645,0.03602796975766584,0.028288155571527602,0.06470136988145699,0.1895321859683445,0.05937489329035525,0.11055448115658234,0.09017676006177772
0.12486163684433599,0.03612988930719951,0.33275351405446124,0.07421396288754391,0.0682125030703096,0.0673185443836471,0.11507363992128293,0.05676079657535282,0.12467551295586692
0.05974054501610781,0.07165484341942076,0.1104418196298657,0.08535261899736242,0.06394291019088387,0.06942038871723606,0.2894266593799107,0.1870064599654322,0.06301375468378052
0.10444237704924408,0.04211228843204129,0.05772614324307241,0.018938052935194325,0.16182261258445038,0.06290560087562798,0.10285812603540385,0.2032636402198602,0.24593115862510548
0.14782745206307693,0.06431127227255214,0.11966025331005886,0.026161755798005244,0.1596899500710621,0.3510777005575602,0.06296611169470058,0.02289273797054357,0.045412766262440396
0.40672800109328416,0.011638152972887403,0.0533199292148424,0.18705423996291545,0.030612174221939376,0.0765269053875736,0.06560897342281713,0.08478674655602392,0.08372487716771658
0.2047301960968928,0.07190034652501857,0.07088885755160663,0.0450572514686966,0.0946897051811314,0.2640115350498399,0.11076554322956128,0.06762414632578596,0.07033241857146692
0.23588125306320462,0.2618685482633314,0.08546558976440218,0.02461788307329904,0.0752329615864501,0.13657052913791218,0.1321794599342046,0.030829867553466516,0.01735390762372946
0.09439032438860956,0.03836207162343196,0.25099133450551414,0.029137467653556366,0.10897520096062706,0.08701904001989262,0.3275968183615174,0.017480660317778535,0.046047082169072384
0.08595793544394519,0.20040929154889894,0.07592812072886895,0.08556965590071937,0.11990448626736623,0.01912746232553555,0.21905908804613328,0.15070216483905902,0.04334179489947352
0.3054626080923163,0.17843065935283353,0.0675249041511694,0.007647354292353249,0.11387137716854055,0.12865923553156491,0.05668767387649128,0.028034367115505433,0.11368182041922535
0.10038638845930527,0.16983900262715088,0.056891887719941824,0.12807038678815383,0.08006838999183567,0.34298496319093535,0.04870994459158547,0.021796887734259307,0.05125214889683243
0.1937489423828884,0.20779560882364936,0.057583819385223,0.06093896666332523,0.24902900159853045,0.08921154751385878,0.06864992711216883,0.015594527408351993,0.057447659112003974
0.01499750470538518,0.3119269240300582,0.029944038488510506,0.36673801813192713,0.07125651074108015,0.06341328783220407,0.01709991382663206,0.0833017150038154,0.04132208724038724
0.21699519589936855,0.1534808746567871,0.13598617980921268,0.032478766895185335,0.2667046870133753,0.09778781199640242,0.02585202674433423,0.014923446401792752,0.055791010583541654
0.2964321943431399,0.16047298005829683,0.06644944471856877,0.11669312552966794,0.06290918326209227,0.0693623310785531,0.07437263518484216,0.07441370505997981,0.07889440076485921
0.016861113800558398,0.0524371212335791,0.16856576441391966,0.08129264239681921,0.03428779717882005,0.16899606346157714,0.31388812368018887,0.04722007522776688,0.11645129860677084
0.06677029648269063,0.17345277734776,0.055699804664953445,0.010767254312033278,0.14787538749075066,0.25451139958764074,0.06465764400339583,0.18127674997653961,0.044988686134235754
0.04530330304914709,0.21925586852048476,0.052070579186463815,0.23213836173280844,0.07327650389344975,0.10579314965832803,0.05790866073137344,0.06057606339088287,0.15367750983706177
0.16298032412788735,0.24982030328145452,0.14422694032660424,0.020915770165104913,0.06486212763999831,0.10738800393000743,0.08379519452080057,0.10851862885668495,0.057492707151457684
0.016440493519469714,0.09363130661761289,0.02824602412889282,0.08200564469552642,0.048854368830926,0.02585303364292461,0.0970495825703827,0.26651692970256474,0.3414026162917001
