0.09546052975805054,0.14458536845842299,0.10580589187385285,0.0686950627864533,0.11558408553850082,0.17246040624756953,0.07312511016831848,0.05001407884097605,0.17426946632785553
0.05768138968540254,0.07089570069381611,0.023238330680889745,0.055392752249588804,0.12798395937537962,0.06984941726251537,0.026056319234176274,0.10068200752039447,0.4682201232978371
0.2313154008631959,0.07356400241997475,0.042333744356579515,0.06747796384837819,0.05476802189623157,0.06362420831391703,0.1890269970925316,0.06428793246197632,0.21360172874721514
0.022112029458019083,0.09713039947873232,0.02590453122850422,0.03671473830370318,0.07964450361690784,0.04590701633933684,0.08127621336929104,0.09679370467136822,0.5145168635341372
0.5628650234116587,0.05401438317499128,0.02375161918914544,0.08269371563197593,0.03415310087594711,0.04110779247378176,0.05127398639187338,0.024357377688803323,0.12578300116182314
0.066307433373311,0.06278723182290893,0.1433746590025572,0.1321610869109029,0.028517928074919815,0.02692761342320682,0.1668596265331209,0.32469480913677967,0.048369611722292837
0.37144741638253453,0.012627688153856712,0.036318629474281695,0.05287396577217716,0.04064447781972978,0.018922496154431024,0.3546726048179741,0.01619105906976637,0.09630166235524867
0.11988630123711837,0.28619915541068236,0.21479772870978006,0.03071758514002493,0.021438332368587536,0.13164717424176167,0.032484480486989396,0.06103004254944815,0.10179919985560755
0.18364180598277347,0.18629393136147496,0.10086467160434259,0.14573170055675158,0.07195150387821127,0.20488731332066654,0.057493232466920695,0.030161227849662787,0.018974612979196125
0.09549820552461546,0.03876198111431533,0.04480860422712294,0.054609450747090615,0.2779993321437646,0.025928362232516156,0.03412031387844367,0.055134040400445526,0.37313970973168575
0.027994337896658446,0.023174666276779613,0.34240051318272585,0.14719083279547304,0.06728052058248271,0.029327909724579392,0.045334606977317005,0.19278622550912836,0.1245103870548556
0.08109022708003923,0.08089162797463993,0.09189045097370234,0.5281577157086547,0.029016075133736868,0.1032798919882606,0.04070743936615089,0.02439936516435905,0.020567206610456423
0.17842588416621755,0.04320414302390802,0.2542025963438917,0.03126255568135609,0.031291965388220155,0.15479188202203267,0.08839084554730807,0.11150142044062457,0.1069287073864413
0.4884860685219037,0.05253562189416209,0.19701188706899828,0.043548460951711936,0.022579465059995984,0.07948094266853394,0.06148783002221191,0.036893839928896825,0.017975883883585366
0.05321561462126425,0.5730981863477375,0.021874089814500133,0.17358891030376633,0.06142558777740311,0.040176213549857835,0.027614278955291588,0.02932278614339742,0.019684332486781874
0.027383709071471737,0.18833052506230327,0.3010101791267105,0.06667369658524108,0.04416442106788779,0.024609201778964473,0.06406399453564689,0.08628162316332177,0.1974826496084526
0.06942099120828406,0.03244137278127934,0.1067531082963129,0.04655191660644623,0.05561563986392603,0.16327444560449703,0.13090671271080764,0.026157322077327076,0.3688784908511196
0.0424188857949954,0.11815397045683611,0.06152766277506375,0.05090386240650713,0.12854416746041805,0.08815924617614468,0.09379665406174141,0.027373655540401536,0.38912189532789193
0.02378831747880972,0.08009521067635504,0.24714225445059612,0.11057688986840697,0.01600668443366895,0.03125752984754506,0.16620840680623392,0.0713201826122387,0.25360452382614557
0.06715199911821547,0.06445907974867737,0.06363035213980972,0.11237217608426309,0.23255328461057376,0.06283493176286867,0.01441777348465624,0.02711944560655614,0.35546095744437967
0.027269452584803792,0.12136441240312978,0.10069833838416249,0.0503915267158613,0.05750569798329469,0.14541713976528126,0.11824547654905515,0.04951845023568269,0.32958950537872883
0.2217796643706814,0.2275289782489974,0.037707926418260596,0.17792584618551907,0.035360600003364294,0.04290337535967379,0.20834905408829785,0.041509452527739195,0.006935102797466418
0.12031995018781844,0.2868141651372939,0.05179535082826431,0.43370187063608406,0.055936419523846016,0.013737074807528482,0.021388179849933565,0.006939488217918132,0.009367500811313064
0.048926436754366774,0.22837347105964811,0.3105923050173877,0.08390501486093595,0.07776320174429162,0.0359382725872447,0.035375252053320996,0.03622571915954884,0.14290032676325534
0.06889669291059851,0.04030036655324443,0.3137687388959111,0.18663049428294673,0.026354921846568614,0.13121855514860206,0.08521754383469697,0.05135047827391473,0.09626220825351689
0.1562246945329621,0.09687446556317596,0.08030017692601694,0.03997106913101663,0.18807760009172003,0.03428533448611366,0.026329443482385778,0.22691633905634412,0.15102087673026487
0.10738272443351675,0.06425438813233618,0.19597647010623773,0.04383013183182983,0.03002552273084071,0.39161907674713264,0.12169959876221866,0.031097047915263996,0.014115039340623609
0.08897542120355754,0.16337494779281878,0.05754736326678664,0.09776740936683388,0.11570535238496397,0.14722436889548085,0.03451949659674116,0.06489674594717848,0.22998889454563862
0.07917311942114445,0.12023586255718997,0.20781413740335167,0.11146786569823364,0.025443945255985895,0.044274071149660255,0.13104143492254364,0.07668556948077322,0.20386399411111722
0.3929665055507594,0.19255848374327467,0.06907831203052467,0.13528534969105974,0.03820540160033382,0.05024178280008549,0.026826899880303474,0.04159140251589611,0.05324586218776256
0.16886771554324098,0.14745460742143907,0.03662735252454916,0.13687715808893183,0.0676781399035608,0.06552421187845936,0.09662615400124008,0.1141753742351353,0.16616928640344342
0.16660714900966314,0.11357737946896185,0.05207055744200184,0.1104151690279243,0.0689736525114197,0.0336678052333218,0.056281278736665996,0.03254538149108984,0.3658616270789515
0.18290810258199738,0.1275540073294936,0.03688936759611185,0.07455330690524815,0.12831972665163818,0.044407267647650905,0.09744892334362505,0.0986750111501381,0.20924428679409682
0.11255573114004903,0.08066759933926558,0.09447621571390286,0.11128280914925437,0.1899447329774784,0.0550304780297044,0.09408124059258068,0.04961046834852689,0.21235072470923785
0.23200056047327697,0.28152867047077434,0.05111563695876465,0.3418381607041025,0.019544739558017058,0.03653242989344289,0.006830073192134232,0.021934350055610518,0.008675378693876848
0.1648742898082018,0.22285305593534552,0.09995418033605259,0.05380768061359246,0.07892083398141721,0.11998644478901598,0.09165253487198056,0.07629670790872659,0.09165427175566732
0.0827124339755559,0.18772927023936767,0.05380445204834792,0.2825156456408747,0.06652489695688008,0.1355391883355891,0.11196431729639529,0.04515872506590557,0.03405107044108377
0.16354060074098753,0.026962267996230166,0.12476285642329797,0.2811952318853115,0.08477567710632394,0.15435877734987766,0.07516139190126071,0.02523914244540801,0.06400405415130254
0.03168144718993898,0.5087653251122239,0.051475563567360993,0.29977048142100654,0.010155996182560042,0.005576347689696577,0.04876454457165393,0.02011071944015536,0.023699574825403524
0.31192351141762137,0.10701656801518446,0.18534276770861244,0.0563048105847212,0.10838256124827111,0.04893635947407097,0.030613730072118667,0.042682122099963,0.10879756937943687
0.055870763150402375,0.03694495631207039,0.04786293817319004,0.11454423545136881,0.14086258438122537,0.21443150549356296,0.1336598674829809,0.05350435680194369,0.2023187927532555
0.15104718636788864,0.05194904619181832,0.19899097173576344,0.040024368613731764,0.04699281377813019,0.368581280595311,0.08637164088667897,0.024045434689487482,0.031997257141190213
0.06815913919043227,0.038292106792272414,0.10677333956255798,0.027801217236408163,0.07187147980143786,0.043458533624249195,0.41220588922537466,0.038870780290133286,0.19256751427713414
0.06849108195978672,0.14102463119669453,0.1837195587129784,0.06412866378665207,0.14142638840542346,0.04143560675168587,0.17066005893356687,0.1325003934399737,0.056613616813238364
0.17843602416814217,0.12066390333183513,0.30432422102191825,0.040958900829474156,0.016259649182321815,0.107606894678463,0.14205473231112445,0.031254686973387624,0.058440987503333354
0.13996652584108404,0.03179410430943905,0.10885395585193279,0.3097658909929987,0.09741047997005714,0.1579322381765091,0.0487836264257589,0.02854469888330902,0.0769484795489113
0.10006898801917201,0.08981398949632381,0.1304560529100088,0.16796433868747496,0.0700547651954742,0.13711176203628314,0.060118194691291836,0.06191931121737388,0.18249259774659735
0.3504679512167305,0.060907949429663634,0.07983209083533715,0.02602298997258375,0.07631095966206766,0.030827080751528606,0.11114887352997378,0.03456723574409499,0.22991486885801996
0.13327681349195272,0.21039349813665398,0.045253272396198176,0.08837140882418759,0.05441071101085504,0.16470867130672165,0.027138508817048903,0.06774402732668154,0.20870308868970047
0.030957311975333635,0.5158589402898732,0.03230452197531095,0.30505191611416693,0.007823650160681095,0.02765168899983536,0.042693139025560246,0.007437356816948661,0.030221474642289917
0.10351903233869375,0.4710824837269126,0.11875872194984753,0.0458525745863767,0.048662726888742215,0.04090047479559263,0.05062205572698312,0.03591538419985143,0.08468654578699997
0.24282926064937438,0.023079574493055848,0.2110045508444446,0.054372646359827505,0.024916521739514374,0.03171903405852694,0.17703074879372535,0.14622103756119814,0.08882662550033289
0.02009762810091639,0.09190719020215271,0.2247197214887788,0.05762780831482378,0.08429632335345039,0.091805992886506,0.027297238613030194,0.1794146476764468,0.22283344936389493
0.3050272217921907,0.03452951075988696,0.14652015624619222,0.034539307830291875,0.02393059909470351,0.21736438662656066,0.06959104461977665,0.13522664187802344,0.03327113115237397
0.15714273208460738,0.07938552932895941,0.2241973457569532,0.1007324788590317,0.04917442155236596,0.042475507300139916,0.07135963963382778,0.08776025354671095,0.18777209193740377
0.07375727136231773,0.05368765071759254,0.1610488197096609,0.2512193441410762,0.06500394762160698,0.31273519922278575,0.03623572683152785,0.03267509188554767,0.013636948507884406
0.1105159109967685,0.09640889626732914,0.06856163030301293,0.11081697809334408,0.2963649919901015,0.06369988308147277,0.026679335080468613,0.03485257766679479,0.1920997965207076
0.5323972646524168,0.035839036471335274,0.03776593946609593,0.04146407408984174,0.02872739447585426,0.009611183116087925,0.25085044632379266,0.023554203376825508,0.039790458027749866
0.0559126410191684,0.414126634659384,0.03496946752474521,0.27806798314653863,0.01665207400096552,0.06671423588732232,0.09527492846160181,0.007392905062462857,0.030889130237811258
0.3561213246491328,0.09902881593773354,0.06823815654101452,0.07322579629471132,0.12129346281939496,0.032017567046676056,0.024924872182297646,0.04249426472722718,0.18265573980181202
0.19352438497754965,0.05323326354700262,0.08805433045963577,0.051522124710760314,0.06161854429883007,0.040470727483618976,0.09918964108049379,0.08832012770095767,0.3240668557411511
0.08240400740894159,0.11914006657195658,0.21139806832148753,0.03900309939537204,0.3060475436446271,0.04168926450212388,0.05918335715527356,0.07950959202865567,0.061625000971562066
0.2805632429775368,0.036992637885017485,0.08983353151607539,0.08412945865856224,0.08193286729340672,0.11006598290675046,0.10013669774521927,0.040179904265775265,0.1761656767516564
0.12060265806505342,0.15014483667176884,0.08767136627849652,0.05197320408230415,0.0935125331475886,0.1750845123212411,0.1446287149822102,0.014868286072953804,0.16151388837838335
0.08210100471637972,0.08294208319978479,0.3067357052093109,0.11682885083372889,0.021981501007789724,0.19594487087044307,0.13311412247513585,0.024748732035646284,0.03560312965178073
0.05166820442837083,0.11542230881653683,0.05182970873894551,0.040594130421416026,0.032743399271115976,0.3163740581079211,0.06571470689933946,0.037011237164034684,0.2886422461523195
0.059910568803712816,0.14868183963407236,0.04601179936881097,0.04741713962481992,0.33202500800598206,0.03616718407354726,0.07059066176915353,0.10424997231132545,0.15494582640857554
0.3471332057523575,0.04211531857570866,0.0657040936921524,0.10422507741064284,0.13551293528487537,0.012608223755260536,0.057455154351549444,0.08192455646156925,0.15332143471588403
0.31222504082777663,0.06371370351742585,0.04629004367053996,0.11596896453976706,0.0543934361988431,0.05568979710496172,0.14151092968807102,0.03875153776761483,0.17145654668499988
0.32999712099952483,0.043678278221334826,0.05868904250762194,0.05456159047728592,0.045608222409700444,0.11810902366378813,0.04224969979521076,0.043453980385957665,0.2636530415395755
0.05001447418692812,0.05170002471452003,0.10864770503995629,0.06673826429817505,0.09513451278087258,0.03117883393052152,0.07425468880483828,0.0747910353557515,0.44754046088843663
0.05814689275230341,0.10329659514836342,0.09863902100109251,0.07926633797662717,0.3235330746855956,0.01897439150945791,0.048533004362957856,0.11185207272550841,0.15775860983809362
0.10342916275306126,0.3435264596362925,0.023073856281613996,0.30464774069334033,0.03333127691532221,0.026396132031545214,0.06171567269459869,0.03170666914429952,0.07217302984992628
0.25038120241025574,0.12103945037557194,0.11025965741999917,0.03165492106911937,0.13189564063743833,0.23947889121128507,0.008990640156837643,0.06092072420555544,0.0453788725139374
0.15529662607419678,0.037316580949956046,0.2188811562726561,0.4222044716910635,0.03228033348433372,0.093883377850542,0.012044994894427416,0.019527716505772903,0.008564742277051519
0.09256533359414831,0.06250277925693486,0.08155697272147243,0.053813825328563304,0.12974852022959746,0.03799066083896679,0.0718637793037812,0.3639269128320133,0.10603121589452232
0.1367356298194413,0.1419381640373186,0.19039334716663783,0.04002372034220681,0.11383560414369469,0.03377008303298997,0.09435180049294518,0.11878999082553605,0.13016166013922953
0.03070246033731172,0.10590903929747775,0.06597413983255784,0.030565994817547692,0.568796451967291,0.017252792183046935,0.06701525599277447,0.04224269141370582,0.07154117415828681
0.03789296523530616,0.011988038206222879,0.09221572472044837,0.09577371022372179,0.12526158515693717,0.01608313798647602,0.05470388019567073,0.49420590311431734,0.07187505516089952
0.021027320405725237,0.07612341726302431,0.07011629338210648,0.08377036936709296,0.10631830579819206,0.050898193513298495,0.12337267761824673,0.35354597722473846,0.1148274454275753
0.27539475093926047,0.12272384977980959,0.04618596589255047,0.1424043312199036,0.1453981036411929,0.03169829930154953,0.05546503655542151,0.05725228533632248,0.12347737733398945
0.06215573878387017,0.5874940180779015,0.027449820435410596,0.19570569261545714,0.019260815588015526,0.02656601645874873,0.0292544906888253,0.021450593674359846,0.03066281367741126
0.1808497003970835,0.43892449843789066,0.012200669927099275,0.22765166819885038,0.05335266496978749,0.02009184083222751,0.020701665437960048,0.021115569693784714,0.025111722105316366
0.07154641717744682,0.1475291316703685,0.25921775398601393,0.040995843555511356,0.10829033294821662,0.18586363674775352,0.09372468398182755,0.05863163522711005,0.03420056470575161
0.0768051551967746,0.10316763873637229,0.05061010894656582,0.1474127111282404,0.25237367890451073,0.05986753984443068,0.0833981792268083,0.06057812315958285,0.16578686485671432
0.09837768434966702,0.1477731950504834,0.21028641589088984,0.25467644995075983,0.03765439712890958,0.08980196125662333,0.044802027136405465,0.07817956839382796,0.03844830084243352
0.07799284812471304,0.4047683333087279,0.03176318395196295,0.3238719420941614,0.01913832108749375,0.04426055542673604,0.05321197983911421,0.017198646287963436,0.027794189879127237
0.37165763950882863,0.017168597790416504,0.16329099654491122,0.1298037875501279,0.015205754456689861,0.05838121021635021,0.10963720749360815,0.1237025855616569,0.011152220877410577
0.18004384038418453,0.0846425467785857,0.15762091342194032,0.2442722954467027,0.046036114530006944,0.10050054707568079,0.006247757240019219,0.018385455673724196,0.16225052944915566
0.13918787697007654,0.18266173951055778,0.05302042182394581,0.19885627691884142,0.055146421519257104,0.053152146534461264,0.11966946785200243,0.08120359535890724,0.1171020535119504
0.22930161747879493,0.08370585835315646,0.273294609832246,0.08823669803666108,0.08269985488469142,0.01254437572949913,0.10281264255462341,0.02550449115999281,0.10189985197033467
0.25745706872355584,0.15295091239526076,0.025742876698770914,0.09721203161783881,0.1129779786487264,0.06266333344119333,0.07033881484512088,0.06898380662434382,0.15167317700518926
0.06495259585573983,0.1029300115941967,0.07740332285034192,0.13887836684385316,0.15269085930169604,0.03513800717816881,0.08931185351108793,0.10265102278757621,0.23604396007733944
0.16948633578256955,0.06020776930377555,0.028855800262480778,0.04409260320307134,0.2596228907665456,0.016172535190341442,0.05229792733298,0.11754881779044495,0.2517153203677908
0.2668342426413103,0.08566921661786676,0.18984919631370525,0.052173097575631655,0.03676985982358468,0.05566055150271009,0.2314682288140503,0.06587768529508849,0.015697921416052495
0.11355065451311669,0.17338295259189493,0.022896346015253217,0.06736501893906145,0.15535403941019543,0.0120855820792781,0.0895143255092365,0.10771825861537072,0.2581328223265929
0.427422397295971,0.06621077234243,0.056470712357598506,0.036516106685188114,0.054268889674382904,0.05410778002392466,0.03323590508851973,0.06465220148634811,0.207115235045637
0.2853873059091227,0.02315282125124074,0.16619413064294655,0.11603256941377009,0.05033378830764531,0.02569648040677414,0.0868967272163997,0.23156551987861015,0.014740656973490631
0.10921869313616245,0.016697819351007673,0.2133606118978587,0.03214847761524974,0.05188560658251725,0.03770345812131198,0.4717196680315245,0.04661943722161435,0.020646228042753244
0.08669922096237881,0.11186375532381822,0.23768977698737737,0.09365615142387913,0.14142060245495905,0.0377305641113047,0.021194352675867806,0.19679769037543784,0.07294788568497705
0.1566653742139246,0.07690455629351622,0.2545580317952008,0.0847981816288698,0.09035364585773965,0.016605530611540954,0.03878880503780897,0.057253009501977446,0.22407286505942148
0.21085776273320675,0.07062451966502757,0.09044159860182603,0.05566769359840146,0.10551831981907421,0.14587610917914798,0.12014601267588414,0.04374693946461259,0.1571210442628193
0.27074417367404896,0.035065824695775676,0.2015061988113618,0.03655944414266623,0.11509094682921879,0.03414126900695775,0.0541476766540738,0.07283713857782376,0.17990732760807324
0.20245198284522384,0.07115246662962632,0.03528920518503286,0.25839930770890013,0.29803374969398216,0.021127307381149412,0.07215054801012327,0.013922768176982833,0.027472664368979164
0.0809243572528189,0.04959422731229734,0.04794647220635773,0.057095447562194944,0.12069145127047685,0.10990272860077051,0.06426934757735299,0.05971944999734807,0.40985651822038266
0.08491882207000201,0.26062044721022726,0.11208314270710519,0.21440633082611527,0.08632846296119782,0.1538100516729817,0.04914438249168018,0.01671227973698449,0.021976080323706054
0.442816848943881,0.05979517317125168,0.12736053619448806,0.07444073677439295,0.04275464652127528,0.036631313677368625,0.16959621813933753,0.02671057386980312,0.0198939527082018
0.08072633740029171,0.2467516631800338,0.02652776787908068,0.06080478728266898,0.16423917534925145,0.05654492420470511,0.08473440740111937,0.029993046237883153,0.24967789106496574
0.11597611366031857,0.2106550634567642,0.22922068801606596,0.09015940901363965,0.031897351991640024,0.0671074142241082,0.11202695401381729,0.08611529575739164,0.0568417098662545
0.06764902569280905,0.12665780693429918,0.08326749555558592,0.06220692586492307,0.2754460221302382,0.1841566450192503,0.04011292274075335,0.0634367883800692,0.09706636768207172
0.05418444905870967,0.26342459095206855,0.08643031867365551,0.08810901548471901,0.04068059979736852,0.011785235887515816,0.12743056746083004,0.09929445931463475,0.2286607633704982
0.2879716476630782,0.18340148849879456,0.10043696336887753,0.04414557103260044,0.04171060257292856,0.04410023735904708,0.06835216760242539,0.02444215712573804,0.20543916477651036
0.25636665350425986,0.11114733013018992,0.08857101190447209,0.03401536723803613,0.09629078421126312,0.00459012945589367,0.1584020343926432,0.07910995096776634,0.17150673819547566
0.17033377061890884,0.09530019138559821,0.07518093802977859,0.1153482506748592,0.08960913375412831,0.015743225441910674,0.08389351815664918,0.12073411591229305,0.23385685602587394
0.06410285522473691,0.05470486716877241,0.09351759025324563,0.09341050433079147,0.03512802475231619,0.09161631528576396,0.13192668461741827,0.05973500323355934,0.37585815513339593
0.2662452456837219,0.1421131056890075,0.04321802138095671,0.037406817527947174,0.04787245564934528,0.03332663553261067,0.08366658388522745,0.11110399102170938,0.235047143629474
0.05262288370393803,0.22584966311417984,0.18603822474605322,0.027883539280326237,0.03942525432559942,0.19064238989697901,0.04945571858175354,0.03427519579383346,0.19380713055733725
0.1575293558274747,0.07193820091101676,0.041435719181877335,0.054340946712868675,0.12905976629032823,0.18420251605579666,0.11881233550737201,0.029559460288018032,0.21312169922524757
0.04535856492240584,0.11252637679757645,0.09678056660308189,0.0908118350198885,0.12798786137330395,0.13502709102526445,0.04099247692802451,0.055928079210183786,0.2945871481202706
0.10105236146006846,0.13208282512822614,0.09943536623069898,0.15399416295480858,0.11519801105831946,0.20746275498175673,0.04996592922439163,0.034206267572325484,0.10660232138940444
0.08089306993517825,0.07130043862294612,0.06087360705172079,0.04429358846916189,0.41197285524116295,0.04624225311550786,0.06850893884130162,0.08580757024413975,0.13010767847888083
0.04590059889160433,0.41020266027485813,0.037299170376571565,0.2575087138642865,0.06674561124342894,0.0910382413224196,0.04409866147190561,0.016762340049420513,0.030444002505504723
0.10570234167145703,0.10387577875067155,0.10573037517559435,0.11194579162744205,0.1533091941458671,0.09978913793011406,0.16006628334014114,0.12876402661767858,0.030817070741034205
0.01243811213176114,0.46859403919163584,0.13505292375306563,0.17859575701211786,0.020566350027438274,0.0946416013793343,0.024022462389011526,0.007675933641688996,0.058412820473946296
0.4607882367322563,0.02721644492834203,0.07805274794612616,0.06326590051015858,0.1002520060835802,0.03284784353194755,0.06256408951793273,0.08515278067070463,0.08985995007895181
0.05700318011960929,0.1621307705093549,0.12236185686471307,0.11134109648669983,0.04140248709743246,0.19022603748640118,0.03582902413416887,0.054395389279242305,0.225310158022378
0.09815451998965218,0.12136817477200158,0.2105623594167767,0.15929090377002222,0.05889926737463844,0.15111554861489082,0.08504085073437238,0.03005476907771576,0.08551360624992999
0.07892598272889854,0.506637649865859,0.08447717859346027,0.041033548724834217,0.10591727326491525,0.06512763699712514,0.009809081788269667,0.019265084700539805,0.08880656333609808
0.22007881804256127,0.14647006755870493,0.04975012567128872,0.13927963574518087,0.10170529079353773,0.059113081321799286,0.06116405028263464,0.15483534386179487,0.06760358672249767
0.09270525443261574,0.015877773528490572,0.13949636545201513,0.03573596290428711,0.06359218387874387,0.07704323585250679,0.11892150683310292,0.08281113012024209,0.37381658699799575
0.035092735038678345,0.2719332076053029,0.14467057826470678,0.08092754711536827,0.09607519539265896,0.1284273582471407,0.07524370210644488,0.07717657789811559,0.09045309833158365
0.14889468316758744,0.05375932695489052,0.06813934932285619,0.518302492255271,0.024488611817255163,0.05240381337946363,0.05020293513446295,0.00959906805970845,0.07420971990850474
0.17047438052087938,0.127384410189766,0.03469699335772519,0.3466078517842295,0.08333218659920905,0.10526628814623736,0.09688875293001091,0.022849494700324335,0.012499641771618275
0.07298749438925779,0.02104053920657935,0.06247505247283408,0.04693850030878704,0.1970756128084378,0.13510602889652293,0.0660425133553789,0.0506517810653879,0.3476824774968142
0.23495630834103398,0.04835069591171504,0.038931785746319926,0.023389801714364417,0.09691592103658285,0.11462702329758512,0.06900878782869246,0.029414038842745682,0.3444056372809605
0.1566933539550445,0.04488438441176246,0.10451182980829377,0.20952839956735544,0.062143710250050256,0.10802482868950825,0.0690859586803463,0.07433020376446704,0.17079733087317203
0.024924935437411356,0.04256252620148656,0.06668135721928048,0.08780479042085744,0.42986369170128974,0.03695183580929046,0.11143519522034386,0.0977689966556426,0.10200667133439746
0.10981783206964403,0.4954587789489459,0.01911478718862102,0.27575488205759013,0.020769580644574518,0.012413814436794715,0.03126986584198722,0.01601751323177089,0.0193829455800715
0.16345715544671074,0.0648746660546779,0.22974297247518286,0.23065886547149325,0.01974548671133922,0.08861527482823046,0.06572726454728815,0.010055636952662678,0.1271226775124147
0.17918870695423142,0.09274136859523917,0.08189357733537737,0.06449388444772827,0.08104058423272258,0.15824618378851565,0.17715762219159206,0.02910198090095932,0.13613609155363407
0.0780276412867906,0.1250041643080758,0.029700125524664184,0.5818786454867962,0.033885020370079476,0.02501025219019058,0.03673975171653414,0.022736241989977285,0.06701815712689178
0.06372580272988121,0.31205172065573333,0.021767915659356808,0.0689428580992314,0.021757309533597478,0.005492279697206959,0.30596024699936886,0.035329903273576824,0.16497196335204709
0.11731897880024238,0.09825898482801765,0.07518824188917066,0.03971148346775064,0.11861233164587671,0.14214060357197653,0.08282814842635802,0.055408154560739616,0.27053307280986777
0.45357388862462084,0.07826758389204103,0.12784441748673653,0.10673987788997313,0.03254783210122102,0.0685889563567877,0.011896145285233452,0.0357100961812264,0.08483120218215985
0.33560741080738316,0.12405579953142011,0.05281973594085623,0.033119936097924664,0.08837844693854878,0.13230485684461565,0.03652166467947327,0.042763548337203805,0.15442860082257445
0.06028883746631706,0.10277094321112952,0.13573223913953428,0.160090616123056,0.2835493022145661,0.05426389153430641,0.02842038898052911,0.045307760694202275,0.1295760206363592
0.09408239023895208,0.41683521969905657,0.02227719829087328,0.3178512074683933,0.009321008575453305,0.08915491316142839,0.015700460376109837,0.011582748739128514,0.02319485345060475
0.0880772004089953,0.1455789704554181,0.2530499012577196,0.31113942190713,0.016770246591008727,0.06300280257284054,0.06784998784699088,0.02806673748430921,0.026464731475587654
0.054015062817042325,0.07278114828957381,0.0768476274116122,0.05929617074611401,0.38934958723621876,0.08291795730730704,0.07399189685187173,0.026763654959813893,0.16403689438044627
0.1271722333598379,0.21381244304308109,0.1873750461729655,0.06645336734408225,0.04918306320995066,0.18142457626739442,0.02680313678911264,0.03957898083005993,0.10819715298351558
0.11716334981685188,0.13241038126379115,0.16741637528858974,0.011601868969627997,0.0541182976827246,0.1941873333631631,0.04729102577935765,0.03876584534303145,0.2370455224928623
0.30070855445242606,0.21868905852573248,0.05776842065388446,0.20828277062076203,0.06353695406899726,0.020043987402961764,0.06365211307273151,0.029693847795484077,0.0376242934070204
0.06899931743655753,0.38496144818574357,0.07089346896126066,0.33340079435380426,0.005069329617062995,0.021615374673607985,0.009604084536998422,0.012874321910009997,0.09258186032495457
0.3827007999527419,0.2636798111704264,0.01744763743154125,0.07174483363389035,0.053414190092954505,0.04117965895581696,0.05894044783277582,0.02455873447393253,0.08633388645592027
0.38394985098055795,0.05253762349081866,0.07431235955407345,0.09227979828629397,0.021978484728168022,0.03180758979999459,0.03506324455078258,0.03994980265472838,0.26812124595458225
0.020137408305047354,0.1644366398877989,0.14179598924099246,0.10252202218781166,0.2319295732118225,0.07126637054768835,0.06994087121352947,0.10183000852384246,0.09614111688146686
0.16972759603292845,0.30116644230359263,0.07053690326188683,0.11379525802403068,0.042192538521956195,0.12616068746636003,0.04107925915300519,0.02243848644592383,0.11290282879031617
0.21632081892526425,0.0499508436606006,0.16650224538499378,0.30413179463161827,0.07098876076921591,0.0373098889727884,0.036495752268247104,0.018256893680839,0.10004300170643261
0.32483446364939705,0.014126153584236514,0.0654422935811894,0.17737457030532036,0.09497288661730463,0.06577514157919863,0.037817523757070794,0.049656519812675215,0.17000044711360737
0.13024960182213027,0.15638182598564102,0.08832595733057935,0.10221391727617506,0.09594275882306368,0.34579990539180994,0.02744077510273112,0.03406566274304802,0.019579595524821566
0.14695573707923515,0.30783563241160067,0.07319137250557804,0.10597024901769474,0.09179059958672882,0.15534939752534752,0.05205073751572346,0.032837684927319886,0.034018589430771705
0.047364530335402534,0.06706112023568596,0.09576391382431354,0.060084606319469346,0.12773522933801743,0.11976043187024467,0.01967199336615861,0.2852921309584949,0.177266043752213
0.4107821839143639,0.07171310342538828,0.023585471552132226,0.3389084720414101,0.03574207950615598,0.02364012937521762,0.0398654388720862,0.0324045079481144,0.023358613365131398
0.04790550184643846,0.3340798507001736,0.06489142526723322,0.05697310614915263,0.08262049674887108,0.05504356027957317,0.17950317571106567,0.024134133726429186,0.15484874957106287
0.047868699281502884,0.1965362688821289,0.09177100885951943,0.11666341085882619,0.03451065629106942,0.08731444720451904,0.08529772038087345,0.1712920430876642,0.16874574515389643
0.056112430568594864,0.16714164208965657,0.13893959088097096,0.09670220639729517,0.06987065390212303,0.07799985340125769,0.21224626267844468,0.07780585051370269,0.10318150956795431
0.12806711008327695,0.21602868219064375,0.08266589722341912,0.06865990948826955,0.1370648457882772,0.018336277549533996,0.055834200608853274,0.18715614214240106,0.10618693492532509
0.11705022584335027,0.17838183256640358,0.08303679602463199,0.020929489550041286,0.08442803588921517,0.03019857906828924,0.2973957268580262,0.12131077911405523,0.06726853508598697
0.11703647871267626,0.1577043383930056,0.03612227089586876,0.08202448483377327,0.3469418761320484,0.009923570413085775,0.03430726954215991,0.0445279823304767,0.17141172874690538
0.02009627109525312,0.0540111739765828,0.32360298246102975,0.0650619713144149,0.04932238676185685,0.13546215424153873,0.03850353834673858,0.16610282330416415,0.1478366984984212
0.08897475297553781,0.03293902219501022,0.2745058059880718,0.086057267272675,0.18695950559706884,0.06055212899192192,0.07050037742126442,0.04215423674917704,0.15735690280927292
0.06043194409286426,0.15207910578488032,0.06338776787151927,0.059413374876660374,0.20035777801093838,0.21430131913531056,0.012517231757367589,0.040653530003825426,0.19685794846663385
0.07357783943738141,0.24220176196575705,0.06867726244385512,0.14524114452512826,0.008840036042903579,0.07668809630856098,0.06917091285396484,0.037689666992876826,0.27791327942957184
0.16587492483797314,0.18441813501504956,0.11698295835454244,0.14744936276602308,0.06624673820430187,0.07885177497232217,0.05301237856322923,0.014562653049859223,0.17260107423669926
0.06173082377984727,0.3099108654765072,0.11487307212588892,0.3254077455099715,0.022724827868953867,0.04174613830488463,0.08747581143691442,0.019565570879050875,0.01656514461798141
0.03749323164903321,0.4631924651907153,0.1470035370933392,0.0357172790898243,0.015094734043509346,0.11831204581613129,0.053774598174572995,0.09477716083026,0.03463494811261442
0.30329540012937645,0.040270567313057885,0.04121115359687089,0.05665628481376491,0.16365124291552122,0.022488590675889545,0.11215376981569425,0.07895546806809406,0.18131752267173082
0.32361547532745605,0.39205262299365556,0.029553302398256764,0.12656511566257908,0.017123805420161738,0.0029953104762207882,0.04968537228159029,0.04992228519909447,0.008486710240985306
0.16677522718801444,0.35084050855397847,0.09119442317616054,0.040259288506291985,0.03471263898422527,0.07299789549630697,0.056222606937561724,0.10572085714221952,0.0812765540152411
0.0765424586717837,0.3526295168168905,0.17944221203467056,0.2496560227554877,0.009368063783361774,0.022860088330563296,0.04137200825701995,0.04770472006795947,0.020424909282263034
0.24126391374066172,0.1568835490059188,0.06647155070308308,0.04463560021922829,0.02690829414600776,0.39739313186372344,0.029533746250669114,0.019092512612797718,0.017817701457910114
0.10220334161261384,0.19129500940869867,0.06870982581302087,0.04720168304940964,0.08275556749604036,0.06570842202899088,0.10279318843163975,0.07191044140007082,0.2674225207595151
0.25669685472921083,0.28792731377519803,0.06303355303392695,0.09473209734238763,0.06688527188530737,0.08177762795462559,0.06363497869349283,0.015652315797798712,0.069659986788052
0.384153562325634,0.05294740554088989,0.05961630952059177,0.3152767244035668,0.029000907370298357,0.02948800861611699,0.022704556568966184,0.017572749002075148,0.08923977665186077
0.16914913630122033,0.06703795334011296,0.0677878314901778,0.06071910820746144,0.053298894833302114,0.07041467242463754,0.2296420073014074,0.06823043671300898,0.21371995938867142
0.08148882759119423,0.21424796575323227,0.04110922606839539,0.03722578619314685,0.3574373383747466,0.0675651804680485,0.06863181076993663,0.03599854217853668,0.09629532260276286
0.03806917381886609,0.015235752776813003,0.12282660368760777,0.027492615364544767,0.10514207837077856,0.07583788778919047,0.037938321527068185,0.5455866136681485,0.03187095299698251
0.09203264615005124,0.1580854107599949,0.11003932572919646,0.0976456648273864,0.04912542544995944,0.2490900030834969,0.16794711054732003,0.023766207167067732,0.052268206285526954
0.05192996786814703,0.16785244694345267,0.031180745803388542,0.04727132620977929,0.09049904192866266,0.25557791614317127,0.023650382633984224,0.02945317141620642,0.3025850010532079
0.04205028926547811,0.08336855218437202,0.14824730029509103,0.20923149448808406,0.0395704484846302,0.0702603568274432,0.20433284090880613,0.044055265766324354,0.15888345177977087
0.07668244387704673,0.24481359237804087,0.1184383700518693,0.26402849923928856,0.07093990047685517,0.015536315212626717,0.07652661008242116,0.04778780759553488,0.08524646108631657
0.09908458023669853,0.1781725026226928,0.10484598017230927,0.10612392869310151,0.0685263576958662,0.011298280794284235,0.11843820857612869,0.16643085516138376,0.14707930604753497
0.13217312756857133,0.3855354972420615,0.042889570249108944,0.044894748029923194,0.14348615900879771,0.06862093909470592,0.03365574895233713,0.02983151814269604,0.11891269171179823
0.08012849889038315,0.07607751048542492,0.20375715953894227,0.06741570774045998,0.3271740629640898,0.06915060420389046,0.09340135051231972,0.038530848033270164,0.04436425763121952
0.07577965139042626,0.0940540009437219,0.054826511005237256,0.06464965040507045,0.11124588033714396,0.28016261901316036,0.02805765684328898,0.06909395897111179,0.22213007109083902
0.03636771279848051,0.10867555002956797,0.17372004015249196,0.045809630777194466,0.4685188122317956,0.036396359043340036,0.030868068318282038,0.022628838817422694,0.07701498783142474
0.183203325491038,0.12001894635661914,0.10402974907263444,0.04887049890448825,0.16676553680492034,0.07412205742592715,0.06907669392328933,0.09109653295744369,0.14281665906363974
0.0299320648584236,0.025181943495829227,0.4245046463721663,0.055325562682295125,0.1571079380569418,0.04293095665246407,0.02733794926192724,0.07033602390117015,0.16734291471878246
0.31275695226893147,0.046060194379561346,0.03843921123446336,0.08864911039061601,0.18876613317440352,0.012534546647321199,0.07937142269765758,0.15260111873147642,0.0808213104755691
0.06953013656976502,0.04556775049569541,0.10019305397040391,0.06408985751074266,0.22394120192257574,0.035931948278557384,0.08058987064297947,0.28897600945009067,0.09118017115918982
0.5203913860643193,0.05929909295961897,0.045640227333794726,0.07510535422103183,0.08792855376956665,0.026464654068538374,0.06365126882098296,0.023715140551905146,0.09780432221024192
0.25786166595009313,0.05400716091398281,0.09086186110800042,0.3058343490162503,0.048527011179731794,0.02145989536230063,0.10430349163890562,0.04723653491983501,0.06990802991090028
0.14183916343349137,0.05803905475089196,0.03781100465454142,0.09487276235291427,0.18622796099107256,0.01746614931337385,0.0702275709010481,0.0595192705614134,0.333997063041253
0.13583156145450023,0.09725216282508527,0.05483094999344438,0.10853905472179388,0.09634308228131268,0.052548023488143046,0.1303250431574405,0.07263639869225728,0.25169372338602275
0.21495457465087645,0.09229020090279265,0.22070301841661308,0.02351569222765537,0.05332344631140077,0.12925458510232699,0.11768868907809273,0.042972320799052034,0.10529747251119005
0.10117503956007858,0.08539459641077758,0.08819253163421385,0.042568532649522095,0.03810561410415014,0.041714056120926,0.05888850540063012,0.05801117427903018,0.4859499498406714
0.1173828116598562,0.21399314853782517,0.03442867323696622,0.08045883774807329,0.06996592553913479,0.10160450345554345,0.23108081057382682,0.07337950372703492,0.07770578552173918
0.1469274731435198,0.03973022429824257,0.1269359519457934,0.3519800893386225,0.01008080769658294,0.12447289052835099,0.1483283118606828,0.02084245907754276,0.030701792110662204
0.23923832715601123,0.07890800994240087,0.2087265585887728,0.0788471852459844,0.03914558113409764,0.15933437157565555,0.10448959245712576,0.04493081110944847,0.046379562790503225
0.04891298056079996,0.20253801839465768,0.04279600615605172,0.0338693422898009,0.3102640534785611,0.054037632778692724,0.04637027767548712,0.0566274298731873,0.20458425879276151
0.05864502044907858,0.10894227036928673,0.07421552129385339,0.07095502364551191,0.031063833462092832,0.038027784320628,0.08246411377389755,0.03736080438948639,0.4983256282961646
0.028384881052710417,0.2364018668370028,0.06799948647572882,0.1277273293288067,0.03427911435214654,0.3792334815329537,0.09058731871068844,0.016159824729563912,0.019226696980398642
0.07989253050035229,0.1786145387103043,0.19473952871487857,0.13953962700112318,0.037901700903332315,0.14649645442959922,0.07017544623878481,0.04561756398493441,0.10702260951669085
0.5631922322153561,0.017008897031253255,0.09252771242960334,0.0484234009266001,0.01860805443276799,0.002538893159321112,0.20966131349405323,0.02503115678960865,0.02300833952143631
0.07201537464481665,0.04524072747645521,0.07624342973202829,0.07217722392910832,0.05874107248103578,0.5457275911965312,0.07997098084217859,0.01948316789777596,0.030400431800069922
0.2735928002558862,0.2736797265730022,0.16794246563879908,0.07563689240140692,0.0440551559618548,0.033551560713523866,0.016206148596395267,0.040493075122279336,0.07484217473685233
0.06427921539846232,0.11379997351107267,0.06826207680986436,0.02500912583360367,0.022165173006864644,0.5394497636981447,0.0666810271480924,0.016822126997289685,0.08353151759660567
0.1602119668245486,0.06555252420200895,0.060221197766510304,0.046373042660887494,0.06907799692714602,0.18997244647874276,0.051284560411352924,0.13286579973684573,0.22444046499195724
0.20283799186582585,0.31677853480032675,0.021885531773390764,0.045036243831189114,0.026052052324561606,0.16947598843612643,0.04448841833206204,0.05776642564180771,0.11567881299470968
0.09367559140895264,0.03225211907703161,0.02308863016673064,0.02517740220981836,0.0714136374068881,0.08159698273426652,0.0958496343196124,0.06774819020670785,0.509197812469992
0.021546516691242208,0.11820797784385124,0.15365268208140928,0.1036603458921146,0.1811029333065871,0.22374461467902984,0.020371978637499285,0.03405152951809046,0.14366142135017598
