0.010040933938262204,0.18191562700532893,0.1304693761498987,0.029767668769941552,0.020873251421581546,0.08131893296619674,0.01849165167039683,0.00934297767985111,0.5177795803985424
0.016725797800825372,0.1969053427387861,0.038975429851584795,0.16663564681921553,0.21500630720362088,0.06812021926626198,0.1710607157747964,0.0710889210289639,0.055481619515945
0.019271545993383567,0.09387838329219493,0.11196072817274468,0.06324379809524708,0.1886268532568547,0.19076643794359235,0.09695692483551277,0.13224872690609754,0.1030466015043723
0.02876637357171714,0.12785950137426277,0.019618108068395475,0.020930193246813264,0.6084101109134172,0.09684300970249406,0.02308079284842267,0.032146715245970854,0.04234519502850659
0.09852099034804052,0.4090384304108048,0.02262231655061625,0.1404463423048871,0.11411850535653244,0.10840809161594167,0.037184716399535266,0.013745352026521752,0.05591525498712024
0.022674561239418637,0.12977205503598174,0.02131140098005946,0.04586299334817409,0.4386949450071897,0.08499348728878921,0.008574939655227478,0.06528941715238169,0.182826200292778
0.0528350300762283,0.3447229128177796,0.2064896623713617,0.017816697382780227,0.27296469066034823,0.03353262047829539,0.004241433772491021,0.026546602151468462,0.04085035028924708
0.016599437795338207,0.10834926561870077,0.19117448356469355,0.04217843821941367,0.01997296688944374,0.04496886586825253,0.0550079105886769,0.016822476875507655,0.504926154579973
0.007034220579491547,0.18250153467004573,0.008256134120672066,0.03997866691025389,0.3446004391321125,0.029634613913624458,0.1473343192674906,0.19405055021700204,0.04660952118930709
0.009246639305394315,0.3271984874556841,0.3171515590994898,0.03544954259264164,0.12104836152123015,0.06663697816392629,0.03297173823208909,0.025479873390532853,0.06481682023901186
0.04273620401601141,0.14330547593117796,0.023126879925590694,0.009821931071107558,0.45869772488624666,0.0883599193446702,0.048993301127956745,0.10204371198063034,0.08291485171660845
0.03384791001107482,0.19795661288766808,0.017096575510010054,0.015916062150971296,0.09577537544456872,0.04207005941111155,0.02805034455490342,0.009583670271820922,0.5597033897578712
0.01897609267982653,0.08273799891053996,0.07148235761582376,0.07338178626623029,0.021475520042078273,0.08189475458501792,0.051887840488079574,0.054097652164330524,0.5440659972480731
0.03297501927107685,0.19700743815077512,0.008700476531365157,0.0624238219147362,0.5664158300944627,0.05282086514910885,0.031786912067655236,0.028989040011892855,0.01888059680892688
0.015244043835867858,0.368373299830343,0.27211193715440424,0.01926181337309193,0.17949013970134367,0.05321133447363041,0.03843810875117837,0.025891594191877334,0.027977728688263283
0.18163868920852055,0.0037034595783339425,0.018298512875329003,0.015355269244240204,0.08988980664245357,0.2105265328060082,0.007712104421903727,0.4418033493353315,0.03107227588787934
0.12975383125477205,0.10690227544192432,0.025688853644843423,0.03746591714755134,0.0755580840959037,0.10371142958141392,0.4249449940352685,0.02229670853228179,0.07367790626604097
0.07908302156091206,0.18747564777943362,0.08714079553512759,0.12638464230590318,0.12545470796779806,0.10330170776514087,0.21664336524767247,0.013551028224038635,0.060965083613973486
0.0029574726408958577,0.16852553684598295,0.09155862418180238,0.06069447244621501,0.02975828480424264,0.03373618179350351,0.013735212249828793,0.020851495902359043,0.5781827191351697
0.003797991189556629,0.3962351259493151,0.4117979606879394,0.04589730305843745,0.004491324163300563,0.025628312467515364,0.002624676595834357,0.045470030321416464,0.06405727556668467
0.04462212074680399,0.0951683728022195,0.01636115415133139,0.2553277491455533,0.2947177113089934,0.19267397827208174,0.01174695778474926,0.042973628875173336,0.04640832691309408
0.09606980057189951,0.23618999357265794,0.010788464892481689,0.029911022205035765,0.4383673598512314,0.07113251466669178,0.012722839137117817,0.03061038807233678,0.0742076170305473
0.009750995025895881,0.45026707156027507,0.1779385089549453,0.04816687419372659,0.027191225670696286,0.028040420734557592,0.0023875564504897044,0.03771912787721301,0.2185382195322005
0.006790166654612156,0.09760658890436939,0.01818357682450777,0.022978758710801756,0.3286546487683119,0.058764904269952865,0.0631571542460608,0.018161921715345787,0.3857022799060375
0.041808345142481905,0.038986429274787224,0.025429257186932272,0.14284833383156528,0.4393849191244182,0.15093803842179912,0.05414521195924608,0.06340374773009498,0.043055717328674886
0.0799806432287048,0.2662562837974287,0.011865071334213613,0.03717347619954927,0.10679526873062961,0.04731288369898131,0.36317433003813515,0.008294479229207027,0.07914756374315053
0.2527039698929499,0.13929906113440427,0.021770265655516773,0.04310230470869867,0.3282950152875294,0.04067511949494974,0.04822178703569082,0.04064954247775846,0.0852829343125019
0.29696651724396056,0.17918116468767895,0.021184063040862237,0.019592824892492474,0.29453355964800493,0.051168070605035525,0.01578237467298127,0.06402328899954564,0.057568136209438514
0.1343688612569505,0.02139583982899637,0.05001819332733514,0.1770036270636449,0.29197719338934214,0.09530491632435827,0.06704105950256754,0.13975741605568595,0.023132893251119207
0.03493664815712344,0.045832992937694,0.04510058389682096,0.09952176176078724,0.10448829975745644,0.22451507064485077,0.03401230991439409,0.363957580103014,0.047634752827859124
0.03631776615830543,0.5752142523183983,0.02923439426925938,0.056273535580965685,0.023588187297803345,0.1183847469161096,0.027462956864644467,0.062250956771734534,0.07127320382277924
0.11597243526366523,0.1488245280372889,0.01631429191422081,0.07001718041482122,0.11316644531513288,0.0748510071869747,0.36880227798631754,0.06009377647828169,0.031958057403297026
0.0662360728920381,0.2420940483741959,0.010137506711578452,0.027732967553526524,0.35076273705163086,0.06064018103315785,0.008267570452028113,0.1946648571449551,0.03946405878688901
0.07217719264511233,0.13266835958670292,0.006425793355602085,0.022899158250843307,0.4034945197893423,0.15686051498016976,0.03011555156771971,0.11107726681348369,0.06428164301102389
0.08382678792376051,0.1258072143372196,0.15727496780213746,0.015224068767921475,0.007515470558842097,0.22048956214891194,0.02339206886537144,0.3371440175329297,0.029325842062905737
0.00765518935685137,0.050023688303771595,0.025133003608517838,0.09250192592455438,0.499607136834538,0.12778094837810636,0.06281742870568086,0.04844329162868261,0.08603738725929705
0.09258377834815347,0.15149058901519533,0.02515787586388051,0.05557842956411163,0.29015723578855623,0.17019478464268342,0.07545232458209868,0.08511235279649254,0.05427262939882831
0.019178310161347755,0.47164113796392176,0.09869214340353254,0.0455248015931087,0.1282306533580234,0.1003420429743701,0.06297001290401928,0.010008613624982822,0.06341228401669363
0.014424445264475116,0.22018355639021947,0.02038865746737949,0.052901678708168504,0.05561023327201917,0.03591569341262393,0.03987016237673293,0.02260485309985413,0.5381007200085274
0.11846995056258247,0.27649878179371506,0.021630582771261102,0.1839706078301645,0.19681549313040292,0.10404773189766155,0.055579484053925654,0.022723227378323357,0.02026414058196331
0.04203803133835989,0.04506099039444519,0.03272745885675198,0.042143764165194574,0.6783345856734533,0.058835248698224825,0.03281702530109128,0.0317977551809712,0.03624514039150778
0.002794995307549069,0.22731440901758979,0.021706744005273337,0.020281721898783408,0.19594402400079602,0.02153445932396507,0.011274390730727503,0.04819132125035599,0.45095793446495974
0.022466093227063052,0.183521039113398,0.037425506570106896,0.0621473413336426,0.033918740302217455,0.0643030411522696,0.07116861012244392,0.028161231265131176,0.49688839691372727
0.01536628008583183,0.11615839127867789,0.030252256516899455,0.15516030751028634,0.04867351785629535,0.2974693845117588,0.14223962034051119,0.1500997935955095,0.044580448304229636
0.03526892044829334,0.11598665759043343,0.09571012163278858,0.09502885530852018,0.13005523943052857,0.18461860292382037,0.08694750930101985,0.21313426611800448,0.04324982724659112
0.0014584318186791152,0.20734858237413756,0.029598804996141714,0.0706682192804685,0.034809184539097975,0.04269306706175461,0.025554158750280442,0.0070155891695032994,0.5808539620099368
0.09721120117178396,0.12014299513752637,0.014642992240701461,0.06933310566969791,0.5184324178054218,0.07251717394232933,0.012518908689297103,0.07123518287308879,0.023966022470153267
0.011073708605164248,0.11100563403114135,0.021873439238204673,0.13878468018924212,0.5312656325421491,0.03527999805149846,0.09302231184287774,0.020971957814128372,0.03672263768559408
0.19494192342651626,0.13381765942202647,0.027842945802405924,0.06319964354454251,0.3864162174679741,0.10172298893614314,0.008250456976205217,0.05307709535512886,0.030731069069057513
0.07548821028229798,0.4186309265670327,0.22064740159154952,0.05290826810476234,0.02486206284504693,0.09292145966866856,0.07724862541017972,0.013991368314807427,0.023301677215654782
0.035654553864843175,0.3066369647492162,0.13855037301189407,0.018522018755893,0.30680450509371554,0.05051057517399712,0.043833905882316164,0.007610691497007491,0.09187641197111733
0.027911947374148125,0.13423864448892917,0.019940432826645715,0.04636891959976802,0.05515826554887951,0.051404770925275844,0.006485605593613459,0.027947789825525593,0.6305436238172146
0.027534306394567956,0.12199464234888056,0.026680726579672086,0.06397610757280726,0.45989972220006375,0.143998647756612,0.04505580298025869,0.08679932257502125,0.024060721592116446
0.053050242137814486,0.10257553522702871,0.024599580479944688,0.037513487901306534,0.46511871504795016,0.11482968001778467,0.0958021748062076,0.07599621647840034,0.030514367903562833
0.2027598272024668,0.12644213571351565,0.046621726166935294,0.32575235165444005,0.02928707366438328,0.06904443726250194,0.0756610567920057,0.06530483976448721,0.05912655177926402
0.2062961378640035,0.2848526783876281,0.01659519107295998,0.08657391889081895,0.19780680529974157,0.03509607453385823,0.09577694846446072,0.01698724926835293,0.06001499621817603
0.11881254569227635,0.15443996123449105,0.04554297004910377,0.07131583467425462,0.4283222170122097,0.026261742162621768,0.052532347261007716,0.04740435993697197,0.05536802197706308
0.13526595214884346,0.23960941891132728,0.03041666549399884,0.06008090028921605,0.2285664493040418,0.10463689409526684,0.05872343205392186,0.09585134393477203,0.04684894376861185
0.12336268315003263,0.25044261760335224,0.18947380334368116,0.03914565093554495,0.2193037616158957,0.10387874050041705,0.008883493224839377,0.014680414812312087,0.0508288348139247
0.21242454839913175,0.11018854412333066,0.0514339877641069,0.24153722082798326,0.04365957351528434,0.16521672803198692,0.06132457801778792,0.039109804116950114,0.07510501520343821
0.06588916127941787,0.09883683159066875,0.03165543244084046,0.10891192447234373,0.5016335832932429,0.02482562438493142,0.13212213050304286,0.020592588621022288,0.015532723414489682
0.23060587560165557,0.06422922788220042,0.01851994829379572,0.091752856692475,0.22639015693213685,0.1504013992947355,0.08055953067716032,0.12343757028130202,0.014103434344538679
0.005800242105797864,0.1917103608954105,0.011567096849891477,0.009929198717647034,0.48650666291160155,0.08365317147325667,0.12861508525551765,0.008632545322935357,0.07358563646794179
0.20739967941783158,0.1915461849713214,0.03607880880638127,0.09475582065684614,0.28552001594367143,0.049770772869011964,0.04131897565067386,0.07351801027255232,0.020091731411710178
0.007604831038756868,0.0705707950713692,0.05192092299521974,0.24502150071385453,0.008137152915815153,0.36708993280490954,0.13510908482935532,0.08766532486084326,0.026880454769876317
0.18475191085075626,0.2430476075418874,0.003874249506623834,0.19272402805748542,0.23941583166221103,0.04920194105405937,0.0033446284789130144,0.04217422594513029,0.041465576902933406
0.011750345912946492,0.20370819534312487,0.5802901855658531,0.025200704839652022,0.010848989651641957,0.05550550391811649,0.018440838605919514,0.0369269535772322,0.057328282585513514
0.042737704371423386,0.5481548097857417,0.01582991644877536,0.10295327648145051,0.12843313282503915,0.02502852029499486,0.0747226770845072,0.02120567842093063,0.04093428428713714
0.033400546930859226,0.12334898994278208,0.04655787825571284,0.14064136202199481,0.010400752508579919,0.04669784621309625,0.5344097379727195,0.027832539937628475,0.03671034621662692
0.0988700630572487,0.08440005625480773,0.1664433215911924,0.039712569741342234,0.03663691652843166,0.15453040313151056,0.059124980592255405,0.323419030926267,0.03686265817694439
0.058144884935253854,0.34335579808528155,0.31565739207310567,0.044298029538152206,0.0817264587466719,0.089989889979833,0.026992523515022543,0.014488869179094447,0.025346153947584823
0.03406009689792553,0.05575825947110286,0.018852214828332273,0.08604972208914674,0.5838039906184487,0.07138699631724572,0.008870944862392644,0.047608513885733166,0.09360926102967256
0.18237900022516715,0.15821771067174145,0.09175941801598504,0.1751068258786268,0.14530421649920014,0.14239823172696822,0.01701558537384662,0.04006573698701129,0.047753274621453345
0.0042922601311217124,0.09990737575738716,0.18416300450808584,0.024427971167447937,0.029152945201268682,0.06400089564831195,0.025505784498060218,0.005909853389763824,0.5626399096985527
0.016765654984664317,0.2087031421533091,0.5603715928001578,0.03023731202303638,0.03196053579289374,0.07027063131995352,0.05518090825370395,0.008673448214182752,0.017836774458098312
0.005434736334102894,0.46469665167237556,0.19140613725528408,0.0689235415348362,0.13890998331132545,0.05832955535651888,0.004379323374400832,0.037136003282050745,0.03078406787910543
0.03886545911096849,0.3715912832889117,0.18293917585383634,0.0749456650266036,0.12110469416133662,0.1130328833305898,0.056648776750572706,0.017795479307098516,0.02307658317008227
0.05101108687528604,0.0651950559161775,0.02903482019889697,0.10996541596572612,0.10561441380876312,0.1957476681304704,0.13705543918185506,0.283447579597578,0.022928520325246737
0.011406011917911763,0.15588504053389288,0.5399422918319096,0.07176228277551107,0.025683698116220986,0.047813996761794736,0.018890293817373175,0.06211943905753964,0.06649694518784625
0.07084039270741278,0.5192046509679306,0.024910030440440444,0.03084946636758766,0.0624224308337101,0.15925033954459322,0.04532884570805911,0.06130329723438208,0.025890546195884018
0.12678534646540912,0.3337711155948692,0.0144354212278342,0.06891952552308127,0.11454231238074626,0.027270259629667438,0.2297482403352009,0.04353529227630015,0.040992486566891494
0.02432340271334078,0.09747690014089755,0.02445727960623312,0.04322879773559535,0.6587373077117676,0.05370590352343199,0.02356248944316038,0.01879190332354608,0.055716015802027154
0.012001680284972194,0.09670915982378354,0.053428927716770415,0.044606872092534715,0.03273953471983616,0.022117590313204014,0.06243336409277541,0.02789145458940416,0.6480714163667194
0.04863241862952535,0.09621344135159299,0.5856858933730082,0.029298440988821322,0.06094412719591269,0.044095247311309295,0.011298066167599367,0.02932462957930557,0.09450773540292517
0.07864956853595259,0.17140508593640422,0.08078099933671395,0.05206402749211955,0.30941911850165127,0.06930574528869554,0.11063797788243179,0.08974556843265935,0.037991908593371745
0.05596284635404478,0.3001578518776447,0.02480063477415806,0.23340192828386833,0.1050646314844957,0.19371485139610242,0.027163343322715205,0.02921050141499296,0.030523411091977797
0.2713527165547371,0.10656317847101915,0.1800587826035611,0.038877181345148414,0.13784907278821643,0.10810750735140146,0.03555873536451479,0.08108321076144413,0.04054961475995741
0.037841853013625366,0.302996515529176,0.013437893286026091,0.1815684662477476,0.22752863464883658,0.020729206421690575,0.12305091158111787,0.023502868440215874,0.06934365083156398
0.1495596946106016,0.03416940866555777,0.02898676275341766,0.05258962545781704,0.5770606047164102,0.04135884400981412,0.009526471274716307,0.018285230343921738,0.08846335816774349
0.015602589348216405,0.14019729993049201,0.12383888627920715,0.04454909942244597,0.01963253780541625,0.10034885470563365,0.04546077692758136,0.03161510818915031,0.47875484739185686
0.038911675188645974,0.14236704617752352,0.08372005558650476,0.019767905217399805,0.4981466532820811,0.08555466109979569,0.1079158358308777,0.01795318308115113,0.0056629845360203325
0.010952271194157544,0.22960981810953773,0.11646870802853786,0.03145173317137558,0.029483735300165497,0.05043682017572195,0.032411412047472804,0.01810023170272521,0.48108527027030584
