0.04648229715396714,0.15440593409186118,0.023588270053821612,0.5770159286315938,0.031877801511342056,0.03346559081727061,0.0374610397049389,0.08318599330184182,0.012517144733362864
0.2871996641690611,0.1893960025580077,0.08518889656681387,0.10849594742705887,0.023078454597713988,0.11212325052448772,0.010673833505552427,0.16100556256964255,0.022838388081661803
0.12558208827323636,0.09982611594984349,0.012541931691007873,0.05155533115116468,0.03346325305352835,0.14711664758522056,0.42826242198093806,0.08180909906040325,0.019843111254657517
0.09796123165508859,0.17391860719711663,0.10215064740492437,0.1738073103835723,0.16777615970544915,0.07593768291536657,0.04049493971108702,0.12058780496321349,0.04736561606418183
0.05987367181219788,0.18455842748880488,0.14199827841455412,0.009665098166070831,0.0523798199658029,0.2135915905699083,0.006727732958775986,0.10851954408965069,0.22268583653423446
0.19489095070983065,0.14079249301825783,0.15831747154519407,0.028882788628535466,0.056458355727462085,0.1781048855351559,0.01078336476489703,0.10300150428558486,0.12876818578508212
0.1543997947408439,0.07721935833737961,0.04526927856135182,0.03879326950452755,0.08263965958065518,0.1383389489349229,0.04809252516192542,0.3489835031220459,0.06626366205634777
0.08953335449899576,0.11748991010178633,0.28736042789020516,0.018623165332000067,0.07656034475337592,0.08344105778340398,0.07371797138381016,0.027282251326386037,0.2259915169300366
0.05259692089018166,0.12286273287178345,0.08037151380644036,0.04486352012422484,0.38733281828889893,0.13659197546024526,0.09772426385702675,0.06791780260341203,0.00973845209778665
0.12939208120143295,0.2587744354726795,0.038668794049538,0.03679392836285291,0.023776595510060724,0.06665050702579657,0.028779073390551056,0.39650364612772987,0.020660938859358494
0.056974575716361754,0.08198486790181167,0.059192570862620725,0.02380525762691245,0.3619029040079769,0.08109767812599532,0.22512589217069187,0.09195576318342809,0.017960490404201123
0.2361831885596767,0.04952435588563084,0.026610991199005386,0.04041967392656872,0.16399777726072842,0.0916876802248953,0.02144215022682004,0.2870902748256561,0.08304390789101852
0.164689517543444,0.0397861874016656,0.1109970221545692,0.010654478703899637,0.15479559875059426,0.08086508862130203,0.14594367659010263,0.050239952214675594,0.24202847801974703
0.11551800426370584,0.11153966155185024,0.05037531121874434,0.02466729434932487,0.07834552423423997,0.18357805339073277,0.031694111402740414,0.2320887469303313,0.17219329265833025
0.23521513915267978,0.2195809702156868,0.06012909294865562,0.04815072674578539,0.051996160976922425,0.2117456141151247,0.10093259747245843,0.0499429039865237,0.022306794386163186
0.3934005654033586,0.07556691836717354,0.04344776613843696,0.010130819632585155,0.02765416552742045,0.16194697366367464,0.10900647437734796,0.07661133896513166,0.10223497792487102
0.24835417415566294,0.20701735999166537,0.09657311718358068,0.056493287409874554,0.05747287063333357,0.14940671843942568,0.04169670143377466,0.046000337848399575,0.09698543290428292
0.17367102634610468,0.17443772568328306,0.06956466532255516,0.05798955194496358,0.07838505168794152,0.11682141706123506,0.010746075424884502,0.06499684884619186,0.25338763768284056
0.13858592842155867,0.0812567924974559,0.04115356921308572,0.21689616534439693,0.17224631477344135,0.10246328831776952,0.019115150122467197,0.1605619766774586,0.06772081463236601
0.15220808788970383,0.07908793277313338,0.04327304338481166,0.015584738560422058,0.05816124110035617,0.10597339227582553,0.45584530251987593,0.05028621619784402,0.039580045298027465
0.32781549583235714,0.09320249951970246,0.11288280653253253,0.014631818441103618,0.10782031919991199,0.11626387156055357,0.011845565779899389,0.17595610616439303,0.03958151696954635
0.29324797948235454,0.15873443165987366,0.06522100738345195,0.017182350767279513,0.06690046039489572,0.12647162708948598,0.20132227696409535,0.0303452094826855,0.04057465677587779
0.2515776405741527,0.2812773647277986,0.025548916579873942,0.06354895976543219,0.062176971664398735,0.06247818965965599,0.10923220205061873,0.13018246091653793,0.013977294061531134
0.2775324043798783,0.13240994887553245,0.06348375171134078,0.08691751543727098,0.06864042832332437,0.16563127813800707,0.025965947234983897,0.12992469596838194,0.04949402993128018
0.1167387757524514,0.0965203000260183,0.11879898609158746,0.08784529857756358,0.21074149169724166,0.10573258265378686,0.11715445029433702,0.02542487819481787,0.12104323671219591
0.02095836371154224,0.11610983279558927,0.1133072790321918,0.05860302043407032,0.21404903989770815,0.08436044327089864,0.03192888633017313,0.18067404489111505,0.1800090896367114
0.17349331496673379,0.07816870284266851,0.04309010614157707,0.12049558479639029,0.03163889245360694,0.08946714901979841,0.029784110428713314,0.4077690059473736,0.026093133403138163
0.09276333698839499,0.13600246896187215,0.01991833525828562,0.036920963627038575,0.045605737211613116,0.1084982670009635,0.11149264491401546,0.023273993798518865,0.4255242522392977
0.082618036928557,0.4587168468667693,0.03677228937343879,0.06623426983472464,0.04231282874325831,0.09577893873683095,0.03366926686602271,0.16719413140167708,0.016703391248721236
0.07334749779012399,0.20030669511250418,0.09627207665137205,0.03180484451094314,0.030749252516216557,0.20606895553998805,0.05077436167583863,0.27342332173212786,0.03725299447088556
0.0478533874851035,0.09894848904206748,0.13916701851311933,0.0193885285577165,0.12476126423912966,0.12332918958780893,0.01730745983579179,0.16067610314698166,0.26856855959228115
0.03440881855259308,0.018046247051747868,0.03688161979998642,0.019946053428261862,0.1949040500981645,0.13551272891071686,0.4449642848610733,0.0172461020078849,0.09809009528957117
0.07992296161091932,0.1434694844507807,0.3277942654612607,0.03015080180555994,0.12116548906085489,0.07379665856539343,0.008508846644720841,0.08354519114727639,0.13164630125323376
0.1023246027050085,0.06213750700859729,0.16911127838347498,0.05694794153348757,0.07756764600707625,0.15963420696508115,0.05095996688351486,0.1634656910926583,0.15785115942110106
0.0829701527893646,0.20121482091976994,0.13586574329364273,0.021847850086793918,0.06369117730631994,0.17129845795728202,0.23979785796971495,0.06799055977043666,0.015323379906675316
0.053634761981838745,0.22634089194285592,0.19362550176398238,0.017364222082610247,0.0634364315549803,0.2401355721473931,0.012931106900816032,0.1389906338129366,0.05354087781258676
0.3193891478517163,0.11266362941337156,0.15894217932035906,0.016056961583668747,0.09161026084386097,0.07418141851148212,0.03374249449794951,0.13098160458726663,0.0624323033903251
0.09898290829541083,0.12856908624238342,0.22857791693434995,0.039546231211433795,0.1499636770215035,0.1877816586149377,0.020454126121035265,0.09381014399055047,0.052314251568395025
0.052868233427919596,0.03252039951448895,0.08059207728415434,0.02681404872571527,0.12467429831362305,0.06814222508798613,0.18540368642415483,0.06071928234237392,0.3682657488795839
0.2112025660603388,0.1729099610404895,0.09590372100094273,0.03782860458985313,0.03211879190516292,0.15163433688306652,0.02718106327906379,0.1797343661380849,0.09148658910299773
0.11556394952032689,0.07029428603959985,0.11218738316421269,0.020584295783540412,0.2872589018656333,0.14530678076382397,0.057423266963420226,0.08546357188693764,0.10591756401250496
0.12178431599910276,0.13195848123953544,0.07446833363309491,0.4061738868600382,0.03144400813853274,0.12917692495495536,0.026790225321305334,0.05056224892953024,0.027641574923905125
0.3395984450631489,0.11243947452470893,0.05399689431984562,0.026573584657792165,0.21167702358172527,0.08595402663106098,0.03807362358423894,0.10291681804576065,0.02877010959171843
0.09536988555827214,0.11060408570843472,0.11690425464660814,0.07111216703803463,0.10567551607032478,0.17940675989543084,0.23130249752757462,0.07773293723419555,0.01189189632112446
0.0662731662951533,0.11935686032893793,0.11395704991524296,0.03554743629038059,0.11205768313389823,0.1891309641396095,0.2336314034306816,0.049180756383749975,0.08086468008234587
0.1063768250843093,0.18227823832896475,0.1319507123050832,0.09382360617720603,0.08315674555923123,0.1206444607697598,0.005011950093408602,0.19904257333209197,0.07771488834994503
0.01726275100380683,0.1715451471481432,0.04343378235384323,0.023289226373472745,0.06090483501221259,0.18893511663780072,0.04878179196397491,0.22373147251145056,0.22211587699529522
0.2087779708188918,0.2733222901683765,0.17152609053809267,0.045241447032248416,0.09032898669637633,0.08095489443364816,0.013304071030285698,0.05191310923505415,0.06463114004702625
0.14825581168151317,0.08426497809294682,0.10025839323551893,0.10575526350719978,0.135990323067935,0.09884528012144438,0.07135883415611399,0.14036677249123033,0.11490434364609763
0.2478757483908931,0.10955252111590046,0.07587099108056104,0.07739000829033538,0.08253838053889426,0.11381935767960383,0.015904198268701573,0.22849642272258122,0.04855237191252914
0.02229927112352623,0.036190154124542795,0.13411200420582686,0.029645792764386145,0.196886731632368,0.07385988574353719,0.16658484712427477,0.007946652223585203,0.33247466105795287
0.054180524053790736,0.1818327950248434,0.13373324130019612,0.08831100240596917,0.10032914959318545,0.19281476461245495,0.03974741287224357,0.17640436958215125,0.03264674055516529
0.05564007752840033,0.16632895775395873,0.10490275682622822,0.09554228242395861,0.028706609555861656,0.1681695395647171,0.008939321703056459,0.3285078314236136,0.043262623220205264
0.0060476619509406025,0.0875698888774895,0.06950147394454943,0.09599007485846045,0.1667370388509172,0.18834713810575998,0.29850274857489073,0.04808755441954136,0.03921642041745078
0.21894203913808505,0.1933285625346922,0.03230602118517154,0.08523373458433729,0.07594274528127194,0.07357731473391238,0.07650919743791963,0.23011971149561763,0.014040673608992353
0.09735401283578238,0.1550425887943729,0.22923396984024924,0.013732891753858792,0.12687840759028438,0.12763567683209434,0.054510462576917273,0.016991276859969456,0.1786207129164713
0.2247137641014577,0.039488381712510505,0.02009009596612418,0.010784401038486805,0.027096571067771736,0.07443716769734617,0.4994437347733122,0.012965310626775728,0.09098057301621497
0.1614248379512009,0.3842995353251097,0.07320154457917662,0.07092303750637047,0.019092621157252448,0.056795478741814925,0.014527666450014584,0.1686718684433075,0.05106340984575305
0.03145616864011097,0.1592040694545892,0.10027328134658653,0.03281279086123592,0.06868062267053064,0.22756406500471926,0.08253416756720698,0.24488968313919116,0.05258515131582934
0.13165525323018018,0.13933049054891025,0.17352320513702943,0.02907428025182024,0.1546076340463548,0.12450154173744053,0.10590203920661634,0.08865211392957469,0.05275344191207354
0.03387138152869713,0.12491105131453943,0.020809395505076916,0.5678097350949028,0.04496813925799803,0.052902558626056896,0.07205150069281373,0.07264976371431826,0.010026474265596719
0.11673685168217884,0.0884871922358733,0.07174011411309618,0.13680240868767032,0.21167379531392036,0.18910874420262594,0.04992446754908387,0.05202456135753111,0.08350186485802004
0.11929420831906279,0.09848157988496602,0.06705916356787973,0.051295170183923884,0.1378578642502598,0.2019729741830538,0.2402642937416688,0.05102924468946754,0.03274550117971761
0.08662132650306238,0.113176346883731,0.08366692592806108,0.04294081208309968,0.158738065241344,0.19619497595292587,0.042351655270195264,0.1373680170790517,0.13894187505852915
0.03240025264111091,0.08312534463241295,0.021585554718701203,0.6006666847997525,0.042882797207831745,0.04393018187823234,0.03373490869215157,0.08437423730013933,0.05730003812966753
0.06931962089197076,0.2482888395964705,0.04464504569699677,0.08414838411528801,0.10439001923964807,0.30106901332705327,0.028858483546316597,0.038043739142344456,0.0812368544439115
0.11631125913101555,0.11940252562873888,0.4660576625620329,0.0251748358389072,0.036194975711173846,0.07145073621726704,0.040823506203543865,0.05185220354421638,0.07273229516310435
0.00739228668586727,0.10397132426208829,0.10345175558067005,0.07893054723974637,0.047480127775495824,0.15430924141082078,0.48656164372750665,0.014862085205781209,0.003040988112023494
0.4440387800005284,0.16425360295296412,0.05427126268984441,0.024844317320732445,0.03152035597071571,0.0827865066224011,0.0336415969081715,0.13532319027476278,0.029320387259879538
0.26122719409330747,0.10543952375259498,0.07162718660847837,0.02086059976026618,0.05697524756768371,0.12460867310864775,0.020589495403000178,0.02412951518535762,0.3145425645206637
0.32658432069204624,0.07273351229500413,0.10107196631461272,0.03448668817964761,0.07021627123743428,0.10395889890042226,0.02540957774620642,0.20132832250937563,0.06421044212525072
0.03016845685521899,0.02270849760473285,0.05390297695903279,0.008404124099487638,0.12873113361062827,0.08050089571830686,0.4689308441278131,0.011975209303734713,0.1946778617210447
0.19504409120620828,0.14231708114469446,0.04590958270000869,0.16746336386059565,0.01466070071214308,0.0717814508365633,0.02125987799043016,0.33465901323101077,0.006904838318345682
0.38844513471776193,0.06772672275397341,0.032990411841808044,0.19016194270096354,0.05484907249396138,0.06344486231787627,0.05839377488506362,0.12291818075545775,0.02106989753313412
0.1375622995136798,0.14565138124382324,0.10957095451391304,0.023657866198812674,0.03607336590725201,0.23179153585928694,0.19197027422363963,0.041113996603428175,0.08260832593616459
0.13632356276355337,0.2550519141747416,0.05847703431867148,0.10276278505515239,0.05740376890854154,0.04517600919639727,0.026457458917998,0.30812477996525217,0.010222686699692089
0.3133716756570462,0.23613274542449544,0.08866234529788174,0.1357067921919085,0.02958545363747296,0.06793146733791909,0.011452806320799869,0.08770372864776621,0.029452985484710047
0.24484067646560093,0.07203431948917001,0.010554692956080788,0.014851880825129402,0.1110602735724226,0.19141358191251198,0.16913583776594554,0.046135607619382756,0.13997312939375603
0.07096766703643705,0.21275956206273897,0.13313815105002094,0.05331628925613249,0.04165226571547949,0.1331441237241975,0.030206331959888314,0.1749191613313399,0.1498964478637654
0.06059068901630015,0.1306218869419937,0.03522791384712245,0.08078092141494335,0.16218204424626712,0.1591337515449259,0.262603590202594,0.09411446880215178,0.01474473398370163
0.1288602269753109,0.11404805661611021,0.07487839594586071,0.01869826543044816,0.060111801260343295,0.14863717907388632,0.05120445673718841,0.0502993972258583,0.35326222073499364
0.12045641768740038,0.08034534650844509,0.047834175093879716,0.02612401875144719,0.09565441525794216,0.15605951400431384,0.03868793041980557,0.24975582974892277,0.1850823525278433
0.49712271670571573,0.1366430002616969,0.04942327831123352,0.0298832488420481,0.07872684029860676,0.04884331953505503,0.004179390512184882,0.12753512682483575,0.027643078708623287
0.21106491198132604,0.04912348304743813,0.07223659230308639,0.02292960926935918,0.04779966532480564,0.22480312344635323,0.2833453875868417,0.02783224728555614,0.06086497975523353
0.03572750413317098,0.11506795026824453,0.03491220567023011,0.03899308513418195,0.0509919380089944,0.1854953276634672,0.49915179077208083,0.02160311105241783,0.018057087297212157
0.08700722452305897,0.11215864948198427,0.06625874104081224,0.06976508713637761,0.26394873784814893,0.1791280919070346,0.04422449934603046,0.03201753687840902,0.14549143183814386
0.0039137231698294144,0.07538878670899261,0.10882765313682265,0.05490461248459424,0.16948419840282405,0.21973480780063534,0.30747494737256537,0.03799591436454521,0.022275356559191075
0.49189254773304114,0.16310512320827433,0.041942866226483216,0.1060655502903053,0.005052164452384155,0.07004729105106859,0.03207159669667042,0.05440905836374493,0.03541380197802784
0.3312188683641597,0.08348915611941314,0.05979641681359665,0.030889548286835173,0.1501580893140516,0.14077705000095198,0.10407754716767081,0.00987305248960683,0.08972027144371413
0.015826650290244947,0.05720205164728872,0.08905526668874841,0.05403863954284472,0.03486718156955787,0.29543224251900674,0.2045658398459781,0.08201956567864106,0.16699256221768935
0.010782628747086201,0.0865237790099966,0.0933407844792642,0.016307581490191753,0.04225810422250557,0.3587840271565555,0.07021050451035016,0.2845460082412971,0.037246582142752956
0.019283053822712493,0.05294225719856638,0.017435927085779207,0.5572771899728793,0.041922568628531276,0.05691784045249557,0.04143538245680073,0.18382811335676494,0.028957667025469966
0.08677541705941418,0.11623596688934128,0.04020997934583965,0.0591602774091185,0.04123078311234262,0.18612505374598065,0.42652925412296755,0.0365759341824485,0.007157334132547021
0.026571825681868177,0.07662255514564718,0.0785911820992957,0.0649412965391485,0.2211232516056861,0.19123711214377112,0.2499036595611451,0.030134252825574113,0.06087486439786399
0.14971175418497806,0.27958809666564205,0.09300948451184991,0.01364335552558766,0.09353076691585828,0.19052909592330383,0.035929238391930934,0.09287847043556412,0.05117973744528509
0.08522561448354099,0.0648975059330999,0.34718000401491955,0.03439242665560659,0.051765097083794405,0.10773382253867407,0.04029236065535128,0.0546180591795738,0.21389510945543933
0.3690822814739914,0.10966928860915354,0.16807831152476393,0.029189271317797614,0.04620745083676531,0.10296636719376732,0.012427776823177273,0.0557855757844539,0.10659367643612971
0.025222075429262233,0.20820004058965114,0.1817566684033497,0.036130196052742584,0.23223279598342875,0.13910489565258188,0.05804161570139227,0.06759254262751792,0.05171916956007361
0.08286139429396507,0.11717468553628636,0.2992014397043256,0.010308312226503663,0.17106284720482381,0.11553072709794919,0.04703696260736784,0.025401840378009466,0.13142179095076897
0.007566204278231129,0.09108352530821802,0.02337375024937848,0.093826132414068,0.08468013499583292,0.3028908710001587,0.3407665112401072,0.02099913113204155,0.03481373938196393
0.03627070862666176,0.09446846698400457,0.04105794497428582,0.27755596890288753,0.13898658733434374,0.16210759803369132,0.16690316706460995,0.06022250703225177,0.02242705104726357
0.32710710878563704,0.1900802653024094,0.05639962369688834,0.02919311609273027,0.18694007356062226,0.08980297696892926,0.052358395022758686,0.029844643179743197,0.03827379739028161
0.3034453731764633,0.18758989934186224,0.11206621705876813,0.10943123044529772,0.08434717990364954,0.11578927121427081,0.027494643766068232,0.046756336324438846,0.01307984876918116
0.0682887737485691,0.07352895193487302,0.06397109271210458,0.02009069172539676,0.15910611001242628,0.10444907575879409,0.14325699120457502,0.024518852253284405,0.3427894606499767
0.20049035542868207,0.0373390587045176,0.034060842586764985,0.008354875480022143,0.3602800747892004,0.106343875497289,0.1796552446536216,0.02770563579326076,0.04577003706664157
0.1351120709708206,0.10452298179689483,0.30402684032205896,0.03652211423249657,0.10726689668078594,0.07706053339990182,0.072557359464848,0.023157974378105798,0.1397732287540875
0.11645721210972672,0.09293374132925496,0.04266674734251539,0.37987850963231035,0.08350393235847557,0.10903901016204826,0.011479395975305708,0.1419366775741775,0.022104773516185578
0.029619926637868513,0.18675109326247583,0.1009893708547815,0.1365143467747574,0.02232577132342242,0.09689153238583255,0.09120138113923354,0.31589944690510635,0.01980713071652191
0.09688156531783827,0.15154754728646017,0.05133243013774793,0.06643092137197835,0.04654241824761276,0.2012883893165467,0.25003323088308316,0.08751571452259775,0.04842778291613494
0.11127729829809212,0.12646645163823453,0.061695494396482954,0.11437679280680745,0.09583007971214767,0.24059389497727923,0.04964141370888259,0.13111390119528984,0.0690046732667836
0.04777380707133899,0.05452692374370077,0.08063180602803115,0.05271119603696602,0.08764341561423639,0.18847765766623217,0.06079649509184696,0.4112992571614902,0.016139441586157478
0.3811244920910621,0.14779331746306357,0.05832799394035488,0.018886470033172707,0.03611339662637222,0.12167844391126735,0.08425334519598415,0.05933712005638497,0.09248542068233802
0.07051255114139203,0.1507036952044364,0.046974415667582224,0.04533075400217956,0.12134954164409383,0.18529830244503986,0.026574181969306568,0.24225532146532092,0.11100123646064856
0.08784458209066832,0.3521957845718564,0.14285978697079643,0.08419170550782895,0.06280351597924616,0.15682022671056553,0.06448491571354246,0.03147668062046771,0.017322801835028018
0.12378427450967479,0.1794472959859658,0.21416583758953345,0.042742584352813556,0.05819506369862354,0.10449800061253667,0.03256805763880989,0.05442869834402798,0.19017018726801435
0.3078910580642029,0.15192475152921314,0.08155706052664935,0.0810677357617286,0.015937589635790363,0.048769702195422295,0.0761469733632026,0.20224279605244314,0.03446233287134765
0.1264839983953265,0.12460494941739043,0.06880345511957235,0.0858781421395194,0.0857479851641708,0.3103748973627225,0.03246531244469205,0.08891228212785023,0.07672897782875575
0.07469784283261824,0.1904287453356901,0.013006387492971014,0.09210389383518124,0.04617355830672206,0.09126509836298045,0.2336946329257837,0.24247095653615847,0.01615888437189468
0.015014305275860678,0.034055818393122335,0.018610309176051266,0.010386961638632756,0.23035535111137992,0.22956324458890678,0.1968151706865505,0.03256891846044269,0.2326299206690531
0.051501355586054974,0.1657770785498087,0.03531941460149394,0.357838883734739,0.11241700633263951,0.05717391245072987,0.022999042679076626,0.170617192722976,0.02635611334248142
0.07908714148404568,0.15129846211195233,0.07688845531914736,0.05585010178612596,0.07560384577494651,0.21764169338822922,0.10677948807196076,0.1875512073058713,0.04929960475772079
0.23742478592259228,0.1436797698116228,0.04528613029759667,0.13792952433364647,0.05304910482439343,0.0485872975643431,0.16564844888161293,0.015845924823875757,0.15254901354031658
0.37122007921664096,0.13878710466525596,0.2758422415625954,0.020727283486300128,0.039175725475936916,0.07728585365885728,0.029129327944525937,0.020520576861804488,0.027311807128082875
0.1803294408624817,0.12046163204513882,0.039236716418562134,0.030593996294882176,0.17233486363562536,0.17777368755504233,0.06562343343282641,0.14162370099234553,0.07202252876309548
0.07460212882670003,0.10163072385027518,0.1678236151526231,0.16776076212430002,0.050411110902705634,0.23814023030178488,0.06323071341456953,0.12119483464911616,0.01520588077792547
0.022942205811160493,0.16770823814440938,0.031424659946110156,0.3506926620331033,0.03427432778589826,0.0955450835094686,0.16438134774285865,0.0779361950199782,0.055095280007013
0.02113584980041518,0.05231934998290877,0.19871074317677795,0.06196878358887689,0.25332746917101323,0.10521351504285255,0.09383783548781094,0.022266831069609392,0.19121962267973502
0.25733910421168044,0.15956753742231936,0.10753359350756293,0.017957389037157743,0.060250121439464184,0.14943270486438898,0.0345028736050516,0.08516940081730766,0.12824727509506714
0.44490170173251514,0.08455070980079897,0.05688919937732075,0.02408936320182829,0.0623901545866847,0.10011172118285594,0.05106986439321589,0.07505494282465423,0.10094234290012617
0.30312515407082113,0.0552499242169889,0.08895176108851692,0.03860837833502065,0.14173436828244154,0.0609716046918846,0.14900983434880102,0.059304196577025396,0.10304477838849983
0.21424954069576763,0.07434389581872124,0.06847635849714172,0.03134048409038751,0.06846220259211264,0.12803663790300357,0.16798977307206062,0.06071970721244561,0.18638140011835957
0.045314816820557206,0.07712830377112458,0.05326231215975596,0.044640476534382266,0.15450901354719435,0.14784956801781393,0.1300669454161679,0.06595805687192635,0.2812705068610775
0.49628515281723035,0.11110482674543265,0.10496463357486695,0.028107100454012646,0.046647868322882265,0.10087966732587195,0.03256979114704691,0.030752480325782785,0.0486884792868735
0.08277627845013556,0.1440268443464617,0.1108392485813125,0.030545428416438213,0.023447068755146145,0.12887766301776157,0.06018813019982688,0.13826231387175966,0.2810370243611578
0.09907771044518188,0.15082656655056878,0.045213794907486844,0.02152409570840791,0.09530471858360945,0.18155185764268347,0.06354516764281169,0.28210746491252875,0.060848623606721185
0.10959623519268413,0.26836300236961463,0.2629877303296242,0.034726620160455975,0.0738936485826839,0.07142774041758033,0.03266494367533821,0.028102319367244697,0.11823775990477382
0.03674380343766422,0.08556792936256626,0.36672279027115856,0.011831278731134843,0.04154697597119888,0.12416020372045351,0.07175750539654269,0.008547244222182074,0.2531222688870989
0.08446329621438438,0.15169951200481566,0.02753132996332727,0.0620348855322131,0.09925031703011829,0.0836637142439491,0.017106714593153948,0.4599497859347717,0.014300444483266539
0.08241090009781933,0.1474316433111071,0.24456529004467906,0.022292630431132904,0.08315187693123234,0.10544900242792743,0.028578098779565228,0.022762726019966314,0.26335783195657037
0.1265266440413265,0.1463556336986853,0.06516854751777386,0.08821934172566294,0.039691737058673314,0.3696927881105631,0.061211353516585985,0.0337132042122711,0.0694207501184579
0.19091572059486348,0.08309622423760332,0.09353636618392902,0.03215209617066702,0.04259407497917775,0.1217494060584599,0.22802259362928556,0.09225219234965425,0.1156813257963597
0.019196596105384434,0.28958260339612446,0.33130069465986695,0.035299092302219004,0.04499779236645468,0.1814242030986323,0.012251796769023418,0.02362005197548855,0.0623271693268061
0.09975760992097499,0.139423988256012,0.21812858698799528,0.024301416155927857,0.034128244096713174,0.23932469448207908,0.06719268051439725,0.14759282146279692,0.030149958123103504
0.02684014788676532,0.07851735202863136,0.09007781714333823,0.4308643035668582,0.03607512346892624,0.15333443849882128,0.11401090000652042,0.041748718806618866,0.0285311985935201
0.043387091003835414,0.14329735983278272,0.0802494222356373,0.01832485971321492,0.14353367253312663,0.13400761092986377,0.01843964901286506,0.03199396593635396,0.38676636880232024
0.00493832668692016,0.11558773662653922,0.126791849192169,0.15942088288766762,0.31612222058731637,0.17013383217898648,0.07124679627848245,0.009520516143628427,0.02623783941829028
0.1995652923454695,0.28113530085015925,0.03740355523180577,0.09724776852203419,0.04637198830623187,0.06129518870880235,0.04260298009349451,0.20599960286485874,0.02837832307714386
0.0806180517236005,0.12080897190705546,0.13485695585806165,0.050757483726525277,0.18021017072102455,0.20900850796043613,0.017531563969956587,0.10157733485129304,0.10463095928204684
0.07122888930177913,0.2688025120697925,0.26720823198357047,0.0627434550906591,0.06024858887640396,0.09744655928241258,0.031185188222432575,0.04456408641761193,0.09657248875533779
0.0578505490510543,0.18313073619595951,0.08099436060606885,0.3733395219511582,0.09985509354545874,0.07730330281168162,0.018980811417111373,0.07685912695579149,0.03168649746571587
0.027754069330123584,0.20032389834841702,0.1468748392993596,0.13837421128630198,0.2029056800753097,0.07247813479641739,0.06183857936662144,0.13056452183647185,0.018886065660977412
0.2778242233078861,0.23247969481478822,0.06209540674624931,0.021069880961447265,0.023737119628503972,0.19994373379269367,0.06061233229661941,0.08155056223442363,0.04068704621738836
0.04688092946778311,0.1871545024407184,0.07315050751743861,0.3784133981926426,0.057400010535013424,0.1404681370101237,0.02969433541132675,0.06676088048937968,0.02007729893557379
0.3069060870433079,0.1329317146992219,0.047374604343908465,0.06026091086175203,0.10167413042438332,0.10066728399557583,0.13342340758932025,0.07922828097119712,0.03753358007133334
0.10135903756332316,0.29268405869468705,0.10920753702103729,0.13255967068903615,0.019558786310353748,0.15138768474126496,0.027792347793817142,0.12190467980469531,0.04354619738178517
0.11290092135298974,0.057484171888850764,0.04207254126551191,0.02136191988997084,0.25659846420065324,0.11562920633480489,0.12083215252234357,0.08640048622552184,0.18672013631935316
0.23237792767244506,0.08092150217848286,0.06392186902883046,0.009819352576188996,0.035645669313072205,0.12619810826587893,0.4029019554976019,0.015122063062319654,0.03309155240517993
0.35548508945049967,0.08466859134430856,0.06208558539228249,0.025156227433101256,0.04071967633154656,0.07343102932869373,0.0676362633885561,0.18432824261595213,0.10648929471505951
0.19472844653059496,0.09352088688257905,0.08553867533084726,0.11852634167523411,0.04470850180647545,0.2174191128147104,0.18286501382470163,0.03733195831898719,0.02536106281586999
0.012201885491468237,0.10795070134548927,0.12587932017188821,0.09431649784943767,0.079239328057995,0.3609367373143093,0.13263800735934728,0.044322711885431826,0.04251481052463315
0.02016556025276052,0.13386974298314616,0.11018478312825918,0.1779035176438184,0.12188593384012042,0.17433357914815392,0.02330568557719287,0.13583521700095744,0.10251598042559111
0.172037279743993,0.19565886781450617,0.10418360104002956,0.03917564640243014,0.03953707591828628,0.10550624827852395,0.018135412724861383,0.2718227863398941,0.0539430817374754
0.06340444175141195,0.10454345483223788,0.4323241656511199,0.007987331754400829,0.038814115559014414,0.08513809586826714,0.06628715210044116,0.007837019480302597,0.19366422300280403
0.06913238944551814,0.09499510356435731,0.11794546957813556,0.10228390736824,0.26041158281912674,0.14027582977836786,0.05564521117112342,0.1309164469569188,0.028394059318212168
0.008677094596986209,0.07302958608164112,0.08342386231819827,0.07404457944629446,0.10340786488091963,0.12905792414024195,0.29603881358573675,0.1946465422127306,0.03767373273725092
0.2831683456795903,0.14924630464819136,0.15160264241783003,0.017590368212619514,0.03693185581448079,0.10305663300095913,0.008684920461036952,0.07514209216385083,0.17457683760144105
0.06698834126067532,0.1281058842436509,0.09648005753920154,0.0716124005934821,0.24081511984708145,0.14606628991561946,0.07340523125071398,0.1259355231506236,0.05059115219895175
0.08477488105191078,0.08757033325875724,0.1498612578260436,0.06526113804415885,0.15495654617809165,0.21950160035667032,0.09227730912060417,0.09731204094981817,0.0484848932139452
0.013902858268152718,0.15282851513749687,0.1602533247076974,0.07095314280088634,0.23944795027999444,0.17923830060437204,0.04985778949080897,0.05558986863381563,0.07792825007677555
0.2998628882567438,0.08747093288880663,0.12313538226509095,0.035497942745431145,0.06635051022043394,0.07790888626547587,0.023829620633275577,0.22158749971174588,0.06435633701299621
0.08640959762991872,0.2519852189227434,0.03465073252432529,0.030214906892789772,0.0405970953818354,0.20418876629486357,0.17727669301138735,0.06966106996224565,0.10501591937989091
0.13342161786049164,0.039418934324680376,0.1247869372768502,0.05772673008750873,0.09272408502545605,0.21161670948248448,0.05609986903091648,0.07685708252463637,0.20734803438697566
0.17178363492462612,0.21175482290870698,0.0399711869755282,0.2905721416908783,0.053062818182049075,0.1185989527952274,0.07118659759131057,0.03522410610828434,0.007845738823388968
0.10803559315559146,0.14764082546422796,0.2574248518783065,0.0254031891137179,0.11148613266015223,0.16299228789639753,0.03432866628788536,0.04444874535996546,0.10823970818375563
0.06595676347815992,0.15177433096051743,0.08800531983435939,0.0325552255573043,0.22657709274493754,0.19366566055704873,0.12956298585548362,0.013909846671049123,0.09799277434114007
0.039011345448283115,0.10336494933817648,0.09637464012861686,0.08533526695871115,0.11694674970995866,0.13814751174519022,0.21487946121498766,0.16208685781223067,0.04385321764384528
0.12331610326444724,0.17863903791967614,0.043368878941316524,0.1220545592068839,0.06503702365055115,0.07275275407874655,0.09927821719385806,0.2783741483838913,0.017179277360629214
0.08304683539765596,0.12268283773014092,0.058025410455356134,0.07882051613909592,0.3400119837855044,0.13349890737617223,0.05771045920066465,0.08639630785568453,0.039806742059725224
0.016369579292058324,0.10816415956844001,0.04832969734161532,0.22739662763827143,0.31633657808444643,0.09328286505849594,0.03475456324489153,0.07521732258276914,0.08014860718901186
0.2792752364379996,0.1894304652627035,0.024143467216812108,0.06894557205242557,0.017898910881144908,0.06158247964410495,0.05977983764439352,0.276931033342129,0.02201299751828689
0.06581350854104562,0.2050831266992971,0.1276032688466321,0.07290569714704766,0.10571500483844348,0.22732108002033233,0.02946621736042555,0.10098705053838446,0.06510504600839173
0.1379501947771455,0.1037997342252136,0.015426500087307662,0.5367550964649083,0.03391527113330781,0.04888515125463827,0.017870669940697463,0.09013364295190274,0.015263739164878687
0.370792354645211,0.12659866357658303,0.06618423175910416,0.06340177857860148,0.032095121105180674,0.1306812033731052,0.012073428583068006,0.1543581185906758,0.04381509978847073
0.10439166108389698,0.04197382249706835,0.029150991407443178,0.3200615193050989,0.04728588139123879,0.07767191611655816,0.016312091189671352,0.3473690258072348,0.015783091201789477
0.07553809598038587,0.14836227714094294,0.19881087803837913,0.03219649988607081,0.09219903452699484,0.1941550390746234,0.04018051259902575,0.12928122493400532,0.08927643781957195
0.02623770749562721,0.13712590181642048,0.08627544529434582,0.15250316126144078,0.053333519226720257,0.17303232662393273,0.24545789840404728,0.09683593363785988,0.02919810623960555
0.0077037835962244505,0.14003085416260866,0.05265248050746707,0.5052596008394994,0.07961525138925112,0.06337742877913687,0.03858069300884267,0.0919597592673509,0.020820148449618905
0.03737595977630867,0.11348348154656551,0.03212754508380767,0.08930506847791599,0.09361535087032573,0.36738648265507107,0.23039593742663542,0.02585201295398803,0.01045816120938191
0.07218984598242804,0.12236881275086779,0.08844325100942353,0.025099011648652886,0.06810063588025535,0.25039091758490956,0.21494008029748982,0.13599528621132306,0.02247215863464989
0.06924777578456619,0.22187873549401274,0.2397020720410626,0.016711081414523554,0.1046243471105915,0.10711007347056545,0.02259738023511025,0.1361311149479078,0.08199741950165987
0.11719880374207164,0.05169711019458884,0.01876437323286949,0.02503212276246065,0.24293955488794905,0.11133774923226007,0.3051247436237592,0.0623006205847853,0.06560492173925574
0.15833144969057447,0.08505713394169602,0.13169592017626192,0.02170462206135146,0.39143888414765454,0.05606147668176273,0.0917033426705504,0.03659277861655295,0.02741439201359568
0.03809449948265042,0.028614704035986607,0.03474437173835713,0.004921094034000745,0.07817062102196769,0.09231183230635927,0.5099942719862763,0.010239769711709628,0.20290883568269216
0.10157904586916879,0.10269020878844366,0.04127072849217482,0.042726579296072015,0.1040304437941582,0.1213668589346618,0.043205961489168075,0.16413811008515086,0.27899206325100184
0.22914147166285015,0.3266863390708552,0.06769976809232582,0.1472949418988924,0.03836671945490905,0.07252296836531934,0.012471677330034377,0.09092912098825318,0.014886993136560583
0.02484274905378585,0.08719620166084686,0.04375899443353893,0.06273638210203797,0.19145594184766046,0.2582233671615675,0.2909495443299419,0.026082552418652444,0.01475426699196807
0.08413953554004049,0.2339767006424064,0.1072565643547645,0.022515864447450715,0.11004481439572862,0.14908481794635056,0.04472346818699683,0.11997745566445016,0.1282807788218118
0.032636449139260094,0.09178358587495083,0.23459974452528817,0.03586378357611688,0.18239494654494967,0.15879926004976347,0.03488879475268384,0.04233318903801122,0.1867002464989759
0.09128708060076673,0.027337736010812463,0.25325286283767157,0.02455294422055096,0.10896456697598282,0.07717562363807202,0.07647362358271222,0.0753711585728956,0.2655844035605356
0.06298574139866708,0.26786810094426405,0.44305611830303954,0.022081552558835777,0.023524901424603634,0.06511228187881123,0.017237971713631558,0.022564570140173216,0.07556876163797394
0.10475272824505118,0.23660783052297527,0.208272880021651,0.08092527056357623,0.11078603662458049,0.16842716454257736,0.02233276210290837,0.040337454977936706,0.027557872398743494
0.02978681792142306,0.059036269742630876,0.03875506729133714,0.02120045600105908,0.08686647718378314,0.16674135445519353,0.2209413178187445,0.12479591213880246,0.25187632744702615
0.020970980416863377,0.10676718544451132,0.027166711166295335,0.4850026779736473,0.16057054208318308,0.06091717198000035,0.033252976641902514,0.08853660016617482,0.016815154127421805
0.03986173424810013,0.1476521817674926,0.21177289305422833,0.08397932927492717,0.21002375013875593,0.119638294646635,0.09921192987342242,0.030430948248529613,0.057428938747908755
0.12272237864650366,0.14257243737827527,0.18271420544180839,0.06537364059018112,0.13878467764886873,0.1154369407789854,0.03264659335368736,0.09207639385245658,0.10767273230923347
0.2869859138666708,0.09810128460880463,0.1554309208783197,0.025077206951063136,0.19768833012576545,0.05777640862346634,0.078168600527134,0.09160948907402099,0.009161845344755047
0.11063760922978867,0.23956336762856148,0.3210190844542687,0.01776681186044386,0.09176584241209869,0.10552508001599033,0.012176227681980836,0.04724495593137199,0.05430102078549535
0.22516301580231327,0.10814657816403571,0.04353978093153088,0.10902268655164817,0.05711555806083186,0.09987069948754536,0.014431689015814505,0.31410844392203763,0.028601548064242626
0.030904320166056955,0.025907683656656248,0.0515303717077653,0.010750378228831335,0.25601534455954883,0.17814993822446437,0.3184373076022175,0.043959065663280554,0.08434559019117888
0.1510356719185258,0.08027902843567787,0.3830311078325736,0.022422487328438257,0.07363409265807803,0.1102141790820796,0.010149015768713548,0.0943684297992398,0.07486598717667352
0.04356329445925303,0.15278695012905272,0.03287859340686391,0.4012187123321018,0.037160693834858774,0.16565033243721874,0.05107198053934949,0.06501646573975019,0.05065297712155131
