0.09878018706487178,0.09903306402935964,0.10703764003304113,0.1063379612387263,0.09095061532366805,0.1314147794612683,0.1317529633105831,0.12071619452977837,0.11397659500870327
0.10360613358294317,0.11771775446254763,0.12306660551894931,0.09153723319759606,0.12594432616890514,0.09578549578554946,0.10995636737105373,0.11797955640240836,0.1144065275100472
0.11004374634112753,0.09638958544760085,0.10294408724877317,0.21870524491869225,0.08088755745461886,0.08115357958804127,0.09974854087540878,0.10582860508254886,0.10429905304318844
0.10961817480453055,0.09852916032880076,0.1190637149124838,0.11958443310109342,0.1227813977081853,0.1402998471056364,0.07904113562844135,0.11390156956177477,0.09718056684905362
0.1088285390649017,0.11496229220783305,0.12296631908882978,0.09090367889306834,0.1240091463688492,0.0928582839712217,0.11449855286406647,0.11761070631589632,0.11336248122533343
0.10374608914227894,0.11763215238329361,0.12307355365101912,0.0915098287422413,0.125887941349255,0.09569153917377372,0.11010145211312335,0.1179757430621972,0.11438170038281774
0.1088285390649017,0.11496229220783305,0.12296631908882978,0.09090367889306834,0.1240091463688492,0.0928582839712217,0.11449855286406647,0.11761070631589632,0.11336248122533343
0.1088285390649017,0.11496229220783305,0.12296631908882978,0.09090367889306834,0.1240091463688492,0.0928582839712217,0.11449855286406647,0.11761070631589632,0.11336248122533343
0.07761733056787389,0.06956497427462252,0.09423052164831448,0.25178543309654705,0.09493919603015917,0.07398693038431624,0.1152477975791543,0.09223964205494838,0.13038817436406402
0.1089216164118559,0.10627490302507653,0.11833046735781148,0.170424383844507,0.10163492039719031,0.10059922738067738,0.0895553587880586,0.11009249010246969,0.09416663269235302
0.1088285390649017,0.11496229220783305,0.12296631908882978,0.09090367889306834,0.1240091463688492,0.0928582839712217,0.11449855286406647,0.11761070631589632,0.11336248122533343
0.09685772839887836,0.11663070832579685,0.11604918606531016,0.14401157942226342,0.12886935941215963,0.09684957041555475,0.11960544091197922,0.09603114528825597,0.08509528175980156
0.1088285390649017,0.11496229220783305,0.12296631908882978,0.09090367889306834,0.1240091463688492,0.0928582839712217,0.11449855286406647,0.11761070631589632,0.11336248122533343
0.1088285390649017,0.11496229220783305,0.12296631908882978,0.09090367889306834,0.1240091463688492,0.0928582839712217,0.11449855286406647,0.11761070631589632,0.11336248122533343
0.12881140956986561,0.12675238326938024,0.11991593396327481,0.09178109031282929,0.12009672892038757,0.10170656761001838,0.10045434483006031,0.12386499348170073,0.08661654804248307
0.09782509854734395,0.11792353904634358,0.10877835555225869,0.09159867479031046,0.0991108919065831,0.13442204088129572,0.10973633637848264,0.11747350129574162,0.1231315616016402
0.09510441303655809,0.09045964425026735,0.1158407503096978,0.2052787495542149,0.08984611722908938,0.08382953198174348,0.12596020116360837,0.10313275538405255,0.09054783709076802
0.11229472537068808,0.08804880889840035,0.11903483638502406,0.1510550999202145,0.10999453919051015,0.10431728516979559,0.10223673855818882,0.11642764220156887,0.0965903243056095
0.09281620601522145,0.10331868467851073,0.11184314816733133,0.13830931286252404,0.1349514910940771,0.09589062582676862,0.14521207840330666,0.09415388785936908,0.08350456509289102
0.1039914792322222,0.08692869885085382,0.10931780335488095,0.10959926195514876,0.1279473557032871,0.08972498185736975,0.1688773281798929,0.11022435647534828,0.09338873439099615
0.09788454655819605,0.12039550218697308,0.11776650187168862,0.08754334376887181,0.1489095750770921,0.08145207010809848,0.13355899328411702,0.11503122750250316,0.09745823964245974
0.09667525306777462,0.11660063760621521,0.11590502262098011,0.14489589818324466,0.1288749573082276,0.09697667308909204,0.11961791934487181,0.09573081804540289,0.08472282073419109
0.08453930720335724,0.12555382711339963,0.10406189146415701,0.14031062193757737,0.18413753845494277,0.08175874665997156,0.11401063201855062,0.09248276052131739,0.0731446746267264
0.09495483707684053,0.11272550580439772,0.09817773182305195,0.15193327793013475,0.09621089469522352,0.1394568213215747,0.1015953731579353,0.08134422325776394,0.12360133493307757
0.09295259569614407,0.07487761045996023,0.11371160368817256,0.18739349878981715,0.09464416903708621,0.07993045363095816,0.16951246177914728,0.10443870306607467,0.08253890385263972
0.1088285390649017,0.11496229220783305,0.12296631908882978,0.09090367889306834,0.1240091463688492,0.0928582839712217,0.11449855286406647,0.11761070631589632,0.11336248122533343
0.11703671094657637,0.1275114739180008,0.11273462416228029,0.11780483325716916,0.09020427868658998,0.08403878095231142,0.08929327602413097,0.11225679042243968,0.14911923163050136
0.1182695692678341,0.12043367803145145,0.11560684984192952,0.12798164179578517,0.10810400997938911,0.08103411358603088,0.08164527512326243,0.10551177178818404,0.1414130905861333
0.10393606061608836,0.11751751296329072,0.1230817172134388,0.0914740538898395,0.1258119617495436,0.09556605665713798,0.11029529545727844,0.11796976595539473,0.11434757549798787
0.10715171535129449,0.11217905962810172,0.12345623889627626,0.08741826287364413,0.14946893614394263,0.08438965861890087,0.11628396706759019,0.11111775850647036,0.10853440291377935
0.10471275616413293,0.11836590103585824,0.11665199530439917,0.09537537888378689,0.10744248579216782,0.12034391798090809,0.10181039360430987,0.11394850375329657,0.12134866748114041
0.09334308659380075,0.10706740442194784,0.11990387809408735,0.12784432883673857,0.1151684705231648,0.1134962311240152,0.07799613719766067,0.12718493246189633,0.11799553074668849
0.13059793445745013,0.11527789820077479,0.09190830521376474,0.15050030981578966,0.08604214957436118,0.06232790749864103,0.0702234756861225,0.08025546100247834,0.21286655855061762
0.1378166412190737,0.13475147904247484,0.13275350890343204,0.06200541384262381,0.09779083747509766,0.09907421176042003,0.10418263954834865,0.13858201883078616,0.09304324937774312
0.10299448229613994,0.10921303142730798,0.11310153806037399,0.10309762375848243,0.10088532115699896,0.08410438877668357,0.1284908063606857,0.11584862051518045,0.142264187648147
0.1088285390649017,0.11496229220783305,0.12296631908882978,0.09090367889306834,0.1240091463688492,0.0928582839712217,0.11449855286406647,0.11761070631589632,0.11336248122533343
0.11655982715820218,0.11267111926057356,0.11876069995299199,0.1124587044709822,0.12012179190482607,0.08960949384169999,0.11226184024681014,0.11734159473382388,0.10021492843009
0.10551706177201885,0.1386327414830936,0.1201787886150208,0.12538781322239687,0.11005109403016211,0.09287495527968992,0.0800716819180547,0.12231950080572833,0.10496636287383487
0.1088285390649017,0.11496229220783305,0.12296631908882978,0.09090367889306834,0.1240091463688492,0.0928582839712217,0.11449855286406647,0.11761070631589632,0.11336248122533343
0.10601190514069643,0.09644955995810872,0.09522137207810989,0.16238238710288988,0.0784833905457097,0.09174996344615975,0.09333178270421795,0.10991328815498431,0.16645635086912336
0.09461783150760444,0.11745570622645557,0.1152007786360278,0.18630392603275167,0.10630172403333588,0.09322971400854974,0.11828419325580695,0.09248835949884708,0.07611776680062095
0.09977877636406123,0.11993393350026356,0.11904950213022293,0.08795763917592903,0.14538761090758404,0.08102255225624068,0.13082266529138,0.1158202066043964,0.1002271137699221
0.1088285390649017,0.11496229220783305,0.12296631908882978,0.09090367889306834,0.1240091463688492,0.0928582839712217,0.11449855286406647,0.11761070631589632,0.11336248122533343
0.1022144563253905,0.10037925690401832,0.09556383035108067,0.18217438830421684,0.0683938751858746,0.07443919077762011,0.11063448538085718,0.1117851668131213,0.1544153499578205
0.10341688594165442,0.11783514656552428,0.12305587177476453,0.0915758006158569,0.12602114930409805,0.09591471024540121,0.10975692097493521,0.11798386677292828,0.1144396478048371
0.09606593028708331,0.11649095397168506,0.11541676104754132,0.14786169724400447,0.1288815076668204,0.09741459586447489,0.11964826645597015,0.09473199936055139,0.08348828810186892
0.1088285390649017,0.11496229220783305,0.12296631908882978,0.09090367889306834,0.1240091463688492,0.0928582839712217,0.11449855286406647,0.11761070631589632,0.11336248122533343
0.09502775851404584,0.09046751499836768,0.11859141652553189,0.17080279094282966,0.10345337619176616,0.08240153392451406,0.14601939806820757,0.10432947165119273,0.08890673918354441
0.11635759529087775,0.11274537529432911,0.11889013822722778,0.11178943479740718,0.12024803348031494,0.0897057849165877,0.11233444956714984,0.11736211373124139,0.1005670746948643
0.1088285390649017,0.11496229220783305,0.12296631908882978,0.09090367889306834,0.1240091463688492,0.0928582839712217,0.11449855286406647,0.11761070631589632,0.11336248122533343
0.12215834078971095,0.1243851694187776,0.13202962516335104,0.0739124842743216,0.1008998563525305,0.09062534129535678,0.11470863294568738,0.13110706326915908,0.11017348649110505
0.09063954725824734,0.1390622358012157,0.1082661988743482,0.14063024216305944,0.17498247581375423,0.08149434597218574,0.09323661229991136,0.09563120741930987,0.07605713439796809
0.08275429765190352,0.08754605592224525,0.11354264225275619,0.22317481363039823,0.10968357737986623,0.10718662602901885,0.09627601239027687,0.10572683069255155,0.0741091440509833
0.1088285390649017,0.11496229220783305,0.12296631908882978,0.09090367889306834,0.1240091463688492,0.0928582839712217,0.11449855286406647,0.11761070631589632,0.11336248122533343
0.09652663569392406,0.11657519268022666,0.11578690341262515,0.1456174586673796,0.12887827114224573,0.09708156947568018,0.11962691959811782,0.09548663298455985,0.08442041634524096
0.09076393648885288,0.12919251711968685,0.10650483899640306,0.10686816946275979,0.14454713725696663,0.07724133091279285,0.08280458609569806,0.10755823002428844,0.1545192536425515
0.10884803045332352,0.11741103745517893,0.12413975974447451,0.12070425630630272,0.10483096424575365,0.08945631169742903,0.1144730054844666,0.11614113646311647,0.10399549814995461
0.1081734029887635,0.11793294944873255,0.12109462227591093,0.12205994275521925,0.10594179806981031,0.096936784315046,0.09280842247306227,0.11731194935809923,0.11774012831535596
0.1088285390649017,0.11496229220783305,0.12296631908882978,0.09090367889306834,0.1240091463688492,0.0928582839712217,0.11449855286406647,0.11761070631589632,0.11336248122533343
0.09178640152491711,0.10237831092907929,0.11087217291275371,0.1419607713484792,0.13545548319429956,0.09635219690261536,0.14688805531942414,0.09262835522377856,0.081678252644653
0.09518594337898435,0.11459479901992009,0.1164531982038498,0.14112148799673288,0.15537206035827478,0.08251116955131181,0.12251458097197913,0.09138435919135303,0.08086240132759408
0.07229844422086946,0.10998082082097704,0.08630522842319134,0.2496324482088851,0.05696301604073246,0.20624299641606503,0.053702956234820055,0.07427506572056934,0.09059902391389012
0.1088285390649017,0.11496229220783305,0.12296631908882978,0.09090367889306834,0.1240091463688492,0.0928582839712217,0.11449855286406647,0.11761070631589632,0.11336248122533343
0.08787171290039848,0.12133482785557996,0.10728263461246938,0.0973663443290816,0.10200676155527688,0.09929588561041965,0.1574617249302124,0.1209735673023129,0.10640654090424871
0.11529326373242173,0.12559374988708885,0.10590109508238182,0.08829638133607871,0.14109706182134668,0.08748925570086807,0.0980270150544838,0.10499023895781989,0.13331193842751032
0.10379013692776284,0.1141957371925225,0.11332325315766346,0.080595532500345,0.1347694685333197,0.13462040406712283,0.09546400945184963,0.11599282746052776,0.10724863070888631
0.14001413867422896,0.13062644582431845,0.12243173571520338,0.06973044360173254,0.1176252369333259,0.10696777824791587,0.09910578163917509,0.1270339057083054,0.08646453365579436
0.10815470077482381,0.11794795799308944,0.121061852040569,0.12238736206918023,0.10578385389960542,0.09697289459626635,0.09263077699906075,0.11729533702990601,0.11776526459749892
0.10357935928965391,0.11773424595037646,0.12306518224694779,0.09154258182154872,0.1259551537950068,0.09580362244955731,0.10992838253680515,0.11798022647217894,0.11441124543792493
0.10127619413361916,0.09444944924107272,0.1125374894372002,0.1410229540327053,0.11739097108806773,0.08850823415346047,0.12151166092702444,0.11569848817934884,0.1076045588075012
0.11048318974773898,0.09855307839837935,0.11411734051230565,0.1112597337823797,0.12455337145870889,0.08974555577305288,0.14080640750036924,0.1140129977890811,0.09646832503798418
0.1088285390649017,0.11496229220783305,0.12296631908882978,0.09090367889306834,0.1240091463688492,0.0928582839712217,0.11449855286406647,0.11761070631589632,0.11336248122533343
0.07670795142814861,0.09168503331516976,0.09802543935938728,0.26962399601206444,0.0762450813489137,0.12384564024724065,0.11505559867383812,0.0794910965735333,0.06932016304170417
0.1088285390649017,0.11496229220783305,0.12296631908882978,0.09090367889306834,0.1240091463688492,0.0928582839712217,0.11449855286406647,0.11761070631589632,0.11336248122533343
0.10617036314079448,0.11826608661311398,0.11505008473053428,0.07612370222972437,0.13826192225654663,0.11107524341040453,0.11351730566454554,0.12415081996293874,0.09738447199139737
0.09582657755752737,0.11644403972439986,0.11522211037786893,0.14903202447430353,0.12887903175097667,0.09759230102577689,0.11965549576863321,0.09434129619125436,0.08300712312925922
0.14077393796021434,0.13610779156902375,0.13318273117148452,0.06050904724050101,0.09536850835098559,0.09937702972025886,0.10304367504438335,0.14057295348949775,0.0910643254536508
0.1088285390649017,0.11496229220783305,0.12296631908882978,0.09090367889306834,0.1240091463688492,0.0928582839712217,0.11449855286406647,0.11761070631589632,0.11336248122533343
0.109443600028152,0.09832313184748238,0.12048313774461462,0.10471251606653176,0.11272453351722399,0.09095067246965101,0.13769552025067322,0.12066381103739898,0.10500307703827198
0.09722839453078315,0.11798384990030879,0.10795413909487876,0.09165599994943385,0.09795119555443811,0.13710536788382197,0.10937175122914912,0.11730687207016431,0.12344242978702191
0.10586917662099014,0.12930728019812093,0.10708760325618351,0.09612111932355595,0.18178693665583964,0.07832236399114244,0.10235914664237807,0.10496673507882574,0.09417963823296371
0.12911740357991938,0.12727143451001863,0.1237380415105046,0.07352361160108387,0.12087647429194714,0.10346137535720967,0.10349650577012404,0.12432926694063422,0.09418588643855857
0.10799202023568595,0.11806252884783075,0.12078153537726677,0.12511035253975958,0.10449058413202768,0.0972690892611577,0.09118377872453631,0.11714905728740703,0.11796105359432825
0.1088285390649017,0.11496229220783305,0.12296631908882978,0.09090367889306834,0.1240091463688492,0.0928582839712217,0.11449855286406647,0.11761070631589632,0.11336248122533343
0.10457475687627836,0.1300591783310571,0.10837540884122622,0.09592975881568695,0.17709700638718703,0.0819891493756389,0.09944852558003318,0.10609828368787055,0.09642793210502183
0.1088285390649017,0.11496229220783305,0.12296631908882978,0.09090367889306834,0.1240091463688492,0.0928582839712217,0.11449855286406647,0.11761070631589632,0.11336248122533343
0.0965931009758021,0.116586677577331,0.11583980713260444,0.14529461307641653,0.128876926858181,0.09703450446664041,0.11962302297542955,0.0955957925195855,0.0845555544180094
0.16263358963709,0.13699732619926722,0.11729753027353196,0.06845277984387325,0.10633062282164125,0.11512056952622973,0.08931858560102997,0.1342865683148969,0.06956242778243973
0.11310295496022582,0.11105636655941899,0.12046495075695475,0.07561632616662677,0.10119925829335859,0.09603194982213394,0.13963241779235638,0.11229021624511537,0.13060555940380944
0.10886595797300597,0.11736463609034072,0.12413970596728546,0.11973703411278269,0.10534310845839982,0.08956803953235565,0.11450242157607547,0.1162077296698369,0.10427136661991727
0.11013967079118568,0.1058032261705744,0.11846399088300236,0.13493467788616387,0.11950964266515825,0.10549091773073686,0.0898411116787694,0.1126333617892894,0.1031834004051199
0.10191041122524674,0.12982028439885906,0.12500518258878016,0.09204950266607076,0.128784507143657,0.08798309805878853,0.0917643472939292,0.1278533182643687,0.11482934836029991
0.1088285390649017,0.11496229220783305,0.12296631908882978,0.09090367889306834,0.1240091463688492,0.0928582839712217,0.11449855286406647,0.11761070631589632,0.11336248122533343
0.1013946009698264,0.10732426616287045,0.12930357962790984,0.06968581653971036,0.09163524384872919,0.08427970866715613,0.15921357722428695,0.15192342291727456,0.10523978404223606
0.11295583319430869,0.10426873287757553,0.10671441936224142,0.16805842166344553,0.0995129996611256,0.13360618488370626,0.07126235751380293,0.10697287373635771,0.09664817710743624
0.09408396599526991,0.10327759066721033,0.10766781862407604,0.23654851437306665,0.09968086475183341,0.11197082501597304,0.09133275344574142,0.08691289223929528,0.06852477488753392
0.12282736579506771,0.14194525744397957,0.12410485119406446,0.075257131166294,0.12479361014912493,0.09696872336688984,0.08313686552937909,0.1338841826119923,0.09708201274320809
0.10717749331701816,0.11221144627864753,0.12346168445638613,0.08745138723832895,0.14917180277975375,0.08446961285896391,0.1162728020183944,0.11118982451374547,0.10859394653876163
0.08834284696214396,0.108565434581621,0.09510273191178864,0.2684215164103126,0.09911249636079601,0.1185474334808423,0.09276907037625877,0.07391642098742274,0.05522204892881386
0.1088285390649017,0.11496229220783305,0.12296631908882978,0.09090367889306834,0.1240091463688492,0.0928582839712217,0.11449855286406647,0.11761070631589632,0.11336248122533343
0.1088285390649017,0.11496229220783305,0.12296631908882978,0.09090367889306834,0.1240091463688492,0.0928582839712217,0.11449855286406647,0.11761070631589632,0.11336248122533343
0.0814616922928557,0.11020579571787081,0.09561985664522077,0.21856736611934227,0.06460462327447766,0.1837354084968458,0.04582410644605609,0.09525086935981565,0.10473028164751524
0.10300150297869048,0.1477718286699747,0.1057015272206262,0.10403849873994324,0.19282891181829762,0.06748229759442513,0.07685453831295162,0.1124659412162195,0.08985495344887158
0.1036095698076831,0.11771564066254163,0.12306678595994099,0.09153654926101364,0.12594293750973992,0.09578317299856183,0.10995995353921785,0.1179794690006833,0.11440592126061773
0.10101448105575146,0.10103624983792986,0.12261168554461367,0.08827147109001356,0.11437118075159063,0.1017050332034386,0.1151757753930588,0.12529402386275318,0.13052009926085015
0.12617670724066402,0.12924274346880996,0.12291356780872363,0.07444494317512296,0.12253764644820776,0.10543043703148357,0.10072359323044007,0.12329730380056453,0.0952330577959834
0.07337861423247444,0.09881097290713588,0.08911373597578769,0.23075544645157545,0.12015848029374561,0.1173614358067539,0.10857988144022103,0.06956051764916184,0.09228091524314413
0.09497171774466155,0.11743822076387629,0.11149979056801608,0.18933517284218912,0.10624012630656156,0.1056167231091694,0.09580132638676274,0.09336611049262489,0.08573081178613827
0.14868679331254023,0.13295857071243333,0.12097578441287114,0.06786477784269242,0.11437986199555072,0.10968993072982697,0.09566155697366625,0.12935092707027382,0.08043179695014509
0.09453150405009281,0.08941274321536224,0.11818955659658137,0.1748278089023015,0.10242592631837928,0.08185545196768397,0.14719211903335194,0.10365509827150338,0.08790979164474359
0.1031288372476757,0.10365920343382244,0.11999898749906342,0.11539614191935155,0.10972019925360577,0.0904527669477741,0.14239898467854106,0.1135702441493076,0.10167463487085843
0.1088285390649017,0.11496229220783305,0.12296631908882978,0.09090367889306834,0.1240091463688492,0.0928582839712217,0.11449855286406647,0.11761070631589632,0.11336248122533343
0.10187752972332136,0.11783195498496803,0.11047129973992477,0.07401719060071119,0.09572483439565643,0.13288059917320183,0.1171547062345558,0.10913024549209153,0.1409116396555691
0.09590713106183175,0.0867544858713802,0.11744199932262811,0.17712576604545113,0.10038315387162951,0.0789547646716217,0.1546829239102787,0.10259835285620589,0.08615142238897296
0.10213712019797255,0.10469823662764459,0.12385306110398885,0.11429142535668917,0.10068696498791407,0.09711461337313583,0.11518693780346258,0.12308512674546414,0.11894651380372823
0.0956367221502703,0.11761549350208067,0.11222272095159935,0.18462235905382132,0.10719659097006606,0.10470732091748496,0.09665816112949276,0.09442696705358929,0.08691366427159529
0.1088285390649017,0.11496229220783305,0.12296631908882978,0.09090367889306834,0.1240091463688492,0.0928582839712217,0.11449855286406647,0.11761070631589632,0.11336248122533343
0.08493398395213737,0.08298947379341316,0.10029602706955838,0.2824530934420644,0.07225628831673092,0.133239641971764,0.07198058797128136,0.09033796416391339,0.08151293931913701
0.1049763491665594,0.1182459380446373,0.11704775946712144,0.09506497234887723,0.1083104945686308,0.11877786460146163,0.10238336255694465,0.11419525982138772,0.12099799942437983
0.11017423771768542,0.10611381072623079,0.1187291564220845,0.13331925197300862,0.11979710183144249,0.10503380804076949,0.09032941168292107,0.11290093279825177,0.10360228880760587
0.1088285390649017,0.11496229220783305,0.12296631908882978,0.09090367889306834,0.1240091463688492,0.0928582839712217,0.11449855286406647,0.11761070631589632,0.11336248122533343
0.1088285390649017,0.11496229220783305,0.12296631908882978,0.09090367889306834,0.1240091463688492,0.0928582839712217,0.11449855286406647,0.11761070631589632,0.11336248122533343
0.10796862762925186,0.11807691394923937,0.12074184643807175,0.12548559391102707,0.10431514292020494,0.09730934565279703,0.09098852067634282,0.1171277915220436,0.1179862173010215
0.07339120713091768,0.08263194820444215,0.09551650563274221,0.26160560047617215,0.07947202659917395,0.12478046029337118,0.13638360127200347,0.0780646288993762,0.06815402149180097
0.14815622819751356,0.13450068245464475,0.11984153042924069,0.0683919821546173,0.11535322216478462,0.11113181616862089,0.09396601923644958,0.1279066511020415,0.08075186809208713
0.11040582185146815,0.11550899007891895,0.11889328956517196,0.11470622679635852,0.12198598063522292,0.09246995508091611,0.10749152709044213,0.11790079892430912,0.10063740997719213
0.1088285390649017,0.11496229220783305,0.12296631908882978,0.09090367889306834,0.1240091463688492,0.0928582839712217,0.11449855286406647,0.11761070631589632,0.11336248122533343
0.12084446930860702,0.11155839128226087,0.11884461074542689,0.09797989607233613,0.08545966730157044,0.09739624823949918,0.1230050924826454,0.11209897452231143,0.13281265004534268
0.09393251989297191,0.07099810399005867,0.11221994932993899,0.19260585389938523,0.09167055611666436,0.0766262676386523,0.17937894312258926,0.1027224718212485,0.07984533418849084
0.10168370978024582,0.11781985004160966,0.11013921808326714,0.07368968355506682,0.09508381839791236,0.13408164626302535,0.11718583568572223,0.10886942749031164,0.14144681070283904
0.1088285390649017,0.11496229220783305,0.12296631908882978,0.09090367889306834,0.1240091463688492,0.0928582839712217,0.11449855286406647,0.11761070631589632,0.11336248122533343
0.12566970077214143,0.13739174487740552,0.11047407469044934,0.07744028923032263,0.1695559313367979,0.08800380888520613,0.09692419670151908,0.11123632927996537,0.08330392422619265
0.07880488906037482,0.08471048778485873,0.09415953331135178,0.21795187234297705,0.14279150259621246,0.07593278928847545,0.17238030298457527,0.07691029322947318,0.056358329401701185
0.10771616955826036,0.11177198189905051,0.12164840673659387,0.12834301283886465,0.11925475280955761,0.10321361832242211,0.13007270798317225,0.10606419749918689,0.07191515235289182
0.09622160716913764,0.10180008838055028,0.10024432189173527,0.17396720813773148,0.11232063661955853,0.12404082610809168,0.12605492823814513,0.08863113984927651,0.07671924360577347
0.12661260311880848,0.12636902838020678,0.12394745875119323,0.07466636530024401,0.12151313950805609,0.10258435076672183,0.10455596615910727,0.12369991194892378,0.09605117606673859
0.1088285390649017,0.11496229220783305,0.12296631908882978,0.09090367889306834,0.1240091463688492,0.0928582839712217,0.11449855286406647,0.11761070631589632,0.11336248122533343
0.12818099550393247,0.1269419085622204,0.12382093686071001,0.07393659495609592,0.12111937978358749,0.10313830712324988,0.10388921657412087,0.12409539350125236,0.09487726713483065
0.10311742809354918,0.10363814674126819,0.11999119313299807,0.11544696400222244,0.10969352931144356,0.09044773019103501,0.14245069727489232,0.11356139711966029,0.10165291413293093
0.1088285390649017,0.11496229220783305,0.12296631908882978,0.09090367889306834,0.1240091463688492,0.0928582839712217,0.11449855286406647,0.11761070631589632,0.11336248122533343
0.09952182703507118,0.12655140655438404,0.12498865346099956,0.0889545329621823,0.11360882038219557,0.09191262895455787,0.12692530744113592,0.13153649570197704,0.09600032750749658
0.10451637023147481,0.11209824409160639,0.11098253552733743,0.09121744475423399,0.08998898781807411,0.14235306350484744,0.11778097531404323,0.13025232785901306,0.10081005089936955
0.10159787372865518,0.10202400922272788,0.12272193742581076,0.0884358939302372,0.11507975393400229,0.10085252028989154,0.11520222681833812,0.12480775786898463,0.12927802678135228
0.10132674688691627,0.10720751962970605,0.10116633819108735,0.21184093400266082,0.1156366313813827,0.08649573703819374,0.10129157689620964,0.0856624717252918,0.08937204424855157
0.1088285390649017,0.11496229220783305,0.12296631908882978,0.09090367889306834,0.1240091463688492,0.0928582839712217,0.11449855286406647,0.11761070631589632,0.11336248122533343
0.1088285390649017,0.11496229220783305,0.12296631908882978,0.09090367889306834,0.1240091463688492,0.0928582839712217,0.11449855286406647,0.11761070631589632,0.11336248122533343
0.10290665218609768,0.10138504237541222,0.118507249833895,0.08914343311021689,0.12865943791555687,0.09317932854843018,0.1419899020552415,0.114467886082401,0.10976106789274868
0.11703171473545622,0.12712686188378222,0.13180940161012206,0.07501212567940159,0.10240854825888106,0.09352860648349931,0.11048307460824429,0.13118368587670318,0.11141598086391004
0.1019763848439182,0.11783710921785324,0.11064066632431262,0.07418567812058001,0.09605297248995627,0.13226940561737324,0.11713868784167698,0.10926275965232292,0.14063633589200653
0.1022999770367606,0.10595166318283263,0.11812078635629596,0.15036941911886462,0.09490960663521053,0.0937142662355341,0.11629833501478971,0.11308167478592114,0.1052542716337908
0.08908857609433314,0.07849557654298724,0.11709950480725505,0.1694456738676291,0.0952263543593435,0.08946323240269709,0.15381653617164406,0.10964390168511941,0.0977206440689914
0.09571454184959656,0.11149610847595637,0.11675435188406867,0.08624752717099186,0.11160944167461091,0.16227854819231086,0.0854422230128391,0.11527625821758208,0.11518099952204357
0.1088285390649017,0.11496229220783305,0.12296631908882978,0.09090367889306834,0.1240091463688492,0.0928582839712217,0.11449855286406647,0.11761070631589632,0.11336248122533343
0.10160552123799345,0.1020370054998974,0.12272329915412385,0.08843807820080772,0.11508904872567806,0.10084154999402722,0.11520249707752483,0.12480129426251048,0.129261705847437
0.0836070750260461,0.06967531921205801,0.10849056255618943,0.15800590166508507,0.10779509346406875,0.0800366800974261,0.21310472304886577,0.09736692664258949,0.08191771828767126
0.09534639543593211,0.087226121243503,0.11612300373603657,0.21036006479321587,0.08630375684246784,0.07528704556727556,0.14961368187535337,0.0999948598626952,0.07974507064352054
0.12887638492641618,0.11492871767093936,0.13243603214397656,0.07809701110741638,0.10929539757722999,0.1199873528398853,0.11259205508414898,0.10296854558160361,0.10081850306838364
0.09823318505492122,0.09082067251791438,0.11406921195325552,0.2242428344958327,0.09026890321974357,0.07160168891236278,0.10943726309565983,0.09554195604791159,0.10578428470239844
0.08431600167552199,0.11216526211969802,0.10421830506031826,0.2080234910404649,0.12568503328948707,0.11002620959436467,0.11738443957348259,0.07637390443597854,0.06180735321068403
0.1088285390649017,0.11496229220783305,0.12296631908882978,0.09090367889306834,0.1240091463688492,0.0928582839712217,0.11449855286406647,0.11761070631589632,0.11336248122533343
0.09406704250369409,0.07126461375483727,0.11234976916738966,0.19178992599371644,0.09190284444158026,0.07675248965472992,0.17894572793839605,0.10286666843529252,0.08006091811036385
0.10314159202723698,0.10189217682650777,0.11870207041661661,0.08917536396645719,0.1285020316853401,0.09317872850037036,0.14087806043817594,0.11460761853213236,0.10992235760716285
0.10656906390899655,0.11452625947955251,0.10910940658879298,0.1585044162497422,0.07249774231681973,0.08704005545419419,0.10560254839827819,0.11320003502076464,0.132950472582859
0.1088285390649017,0.11496229220783305,0.12296631908882978,0.09090367889306834,0.1240091463688492,0.0928582839712217,0.11449855286406647,0.11761070631589632,0.11336248122533343
0.1088285390649017,0.11496229220783305,0.12296631908882978,0.09090367889306834,0.1240091463688492,0.0928582839712217,0.11449855286406647,0.11761070631589632,0.11336248122533343
0.10297326444930725,0.12129796192923496,0.09999123443689258,0.15802641798255943,0.07142436769855155,0.15648411114973548,0.06529934718193069,0.11308595293681449,0.1114173422349735
0.09263586135573569,0.11831606314371453,0.10139124173126869,0.09234316510165015,0.08935999548979333,0.15870910550973794,0.10633452503209746,0.11562249976158212,0.1252875428744201
0.10260187731661106,0.10073043860681256,0.11825249766961406,0.08910611149783217,0.1288606038737453,0.09317884063880232,0.14343490732793404,0.11428494678029029,0.10954977628835823
0.0953598059151219,0.10278617703700983,0.10786719899260211,0.1591612014115993,0.10148361008091616,0.125505724760663,0.1290050643633456,0.09456881063831762,0.08426240680042447
0.12121029741115485,0.10767753301738814,0.11954337408103445,0.07423825480751278,0.09787472342798952,0.09256965514168602,0.146451783376823,0.11108810862233037,0.12934627011408087
