0.031592319828596914,0.06602511813201811,0.08842121058477824,0.10056498452026179,0.11544132489616578,0.1319256442387553,0.25031555627844354,0.09786144678661672,0.11785239473436372
0.28547489057776726,0.05078741924638214,0.12729441051629342,0.12586916502047454,0.09771026653134039,0.09786094166813925,0.07491339329426606,0.09991851754380136,0.040170995601535545
0.05862784383119018,0.0425982173872129,0.13717434791272987,0.13212534492438952,0.15784787153378918,0.14480105153379746,0.13815802077029374,0.09875146151279819,0.08991584059379894
0.04667989005809034,0.11058703862544368,0.16051849873005988,0.09487857958973178,0.11754127997617057,0.16415067611830877,0.09108561299390265,0.09840533795327898,0.11615308595501339
0.09329816152243087,0.03479111082417662,0.1635318868497503,0.11175581225404885,0.09839514448866458,0.14348813169994784,0.19367506533638698,0.0816854075294697,0.07937927949512434
0.11252426828788042,0.07466233424678655,0.07143551438221904,0.10992040597192165,0.09421932212768054,0.048452871566975836,0.07926097521517393,0.24276658292727996,0.16675772527408209
0.04540389416068597,0.04174229505176944,0.16605460421115395,0.09789805819634528,0.12491968181294016,0.16922405000451168,0.08460741540287335,0.12460007878642976,0.14554992237329034
0.05347898909929619,0.04021905528054645,0.07860142138231757,0.09411134228672802,0.12612957742849681,0.18560314455483304,0.11157645173302339,0.07279766862860738,0.2374823496061512
0.16411851703374497,0.067282336569341,0.1839875353370537,0.11918878594892979,0.11793379428637714,0.10420923591317877,0.06838798652262436,0.11316485619856831,0.06172695219018198
0.0825171681695641,0.05626262128971086,0.11859466213386338,0.10904624741716766,0.11641298037370969,0.14583596996303086,0.10896729015371394,0.11108351278075486,0.15127954771848454
0.3363677142852059,0.06142457862390183,0.05822195602564204,0.09719298994779361,0.11552226749551664,0.056549832629539665,0.07604526463647816,0.10960743608323119,0.089067960272691
0.34336484745351137,0.018393257213118516,0.052015098150078785,0.09251736393675851,0.0812020839363627,0.04488152914215051,0.10978472453151451,0.08740676119325748,0.1704343344432476
0.20158848205057053,0.056767979289931346,0.07685324317892255,0.11861856550910055,0.15673922433756246,0.07324454707345407,0.15053074924034346,0.09867470559653285,0.06698250372358223
0.046339508423573476,0.04920718735994112,0.05372658782043641,0.09788052078877298,0.13535923447900497,0.09192884430511572,0.20514770296402815,0.052027887334870015,0.2683825265242572
0.08793020390818489,0.06599961226763884,0.09702454397112494,0.1351772355985974,0.13802559313857937,0.12614843644727627,0.09038750150569558,0.08761543919819931,0.17169143396470346
0.23678910498792857,0.05421126950599641,0.08580502427607539,0.10645384362956734,0.14823858283329258,0.10910640689481103,0.06524566264336888,0.06882633009059884,0.125323775138361
0.05642250402439559,0.07761130495428187,0.12902435189772685,0.12008592104195641,0.12639313731603644,0.10478939338129971,0.12235890907593412,0.17930013167888417,0.08401434662948486
0.2293582826499685,0.042711113783973846,0.16227718911138075,0.10161322680161446,0.12990388555474577,0.0747308882576827,0.054204652512650435,0.06392951121945241,0.14127125010853117
0.07538218617180793,0.025465297376219373,0.09786832408656172,0.09588152495232564,0.1462762046307872,0.08204069967631195,0.046173105747675906,0.11456132025162558,0.31635133710668467
0.08658705564899682,0.11545359683727759,0.14497345043767573,0.125157093854904,0.11797459988815284,0.037707700968789636,0.051774856348732044,0.1625853279683445,0.1577863180471268
0.11437395606046219,0.026852231534331045,0.10386898375319269,0.10959457055693655,0.23869480340651025,0.09630527024795464,0.08506651836644592,0.17407251829819217,0.051171147775974556
0.024579898038093993,0.03583775084461937,0.040659386282990116,0.09318442796233244,0.08356478273419073,0.21442075788528134,0.27805494611896187,0.17451312117841525,0.05518492895511488
0.06390364016024014,0.039923742728493895,0.13124298402292495,0.10934513530888888,0.0905693361208358,0.2562756229806914,0.05255384489098866,0.08052351861171074,0.1756621751752255
0.13774610039999766,0.045039510603427986,0.08610612454395311,0.10642293374355188,0.17926552299689769,0.11752109248957082,0.1931399403218577,0.09419674264932919,0.040562032251413964
0.39766583298978286,0.06140029188828294,0.05494834331710541,0.0949493788418524,0.07582317207875493,0.08654200809824274,0.04796723282732371,0.05827143720274383,0.12243230275591126
0.1112675524432138,0.10547986358775764,0.08339135562971169,0.11539257510084873,0.13467050088557286,0.10430612225147816,0.028983032080296123,0.22201191397167674,0.09449708404944425
0.17685730042062162,0.03761896970909666,0.1144106064653978,0.12180543632476708,0.11783759482160792,0.14484305574757894,0.0846888636052519,0.12050716723701749,0.08143100566866063
0.1525195832479538,0.03313147009181052,0.07061161920512908,0.0955986572312727,0.15373488556287881,0.1142065640822192,0.0583305308660244,0.11902205418235756,0.20284463553035395
0.10623027210300517,0.17046735610928196,0.06203808516671072,0.10482573216821765,0.114569561715479,0.08210420576329665,0.25090880839150703,0.08339149936838931,0.025464479214112587
0.02912997055840319,0.13276682414274257,0.09498737476515691,0.12702220569705117,0.16754033887801215,0.13930386351090313,0.1663319787597042,0.06317626426719532,0.07974117942083132
0.26863410604799004,0.057459380232410685,0.07248335772436378,0.1008429391821009,0.0915305053662182,0.0854993242685556,0.14879222208059698,0.0766852642809245,0.09807290081683935
0.05091023664386643,0.10857523971909033,0.07069063792124024,0.09567533961364387,0.12344106108763582,0.15213073130458055,0.14531433916859549,0.23242885573473715,0.02083355880661018
0.10757357565825483,0.05849924166838766,0.1271420578003364,0.12764488315977288,0.13684874168122207,0.227774682244672,0.0895391192175375,0.05395794658187297,0.07101975198794366
0.0756498402750952,0.031145487595567373,0.12536825870504617,0.1032673470524756,0.09991412867207812,0.13888717898910968,0.08719974776598567,0.1666888866510432,0.171879124293599
0.08330103474934406,0.0449413106788464,0.17313800565545504,0.12330176721693253,0.14824720548748685,0.12016659813265347,0.09705191539114905,0.11607421744439055,0.09377794524374207
0.10174433161397167,0.039033028178243424,0.1350590563383243,0.12012849204984526,0.15976515977897957,0.1675332680391132,0.11587133220121275,0.11479452176505649,0.04607081003525328
0.04997360112008544,0.08866462794451853,0.09379328050340256,0.11894022284959144,0.19177210363341,0.11476250651644242,0.14112775088155305,0.10173149049089918,0.09923441606009742
0.14416805544680095,0.10609116222346199,0.11293719605652038,0.13656076589870836,0.0995590359874255,0.10139110698667984,0.10377316389850257,0.12203010657888728,0.07348940692301309
0.14990574866753767,0.01722912410678809,0.06583845533659062,0.09603192575119192,0.14362182515296854,0.13324706551445326,0.14379615410111976,0.21854119616618908,0.03178850520316098
0.36548934046772225,0.04317154582039135,0.11142481524894134,0.07941857478893088,0.14200743104879798,0.05917218398107147,0.055914015666687876,0.061517865837444154,0.08188422714001263
0.06941442856274262,0.11549501512283054,0.09743647606593188,0.1296911172627825,0.0721084922739582,0.11045580130782744,0.14445800059062194,0.23285813003982017,0.0280825387734846
0.38582902659876117,0.02912481629496147,0.10351653049289937,0.08718826828453245,0.08885730314576885,0.07970270149588286,0.04886741210930585,0.07403907012815737,0.10287487144973069
0.025315327270211508,0.05255553738746207,0.08569505737255408,0.11527244441794555,0.08174818977354599,0.15739183199829063,0.14773328035496713,0.2692712960429437,0.06501703538207931
0.09368453592335672,0.101357644998007,0.15367146937777917,0.10364519353146079,0.14008402315727528,0.20558531020942802,0.04864351965546581,0.047320520962838154,0.106007782184389
0.10977528098468807,0.03036932869474822,0.04756142931978489,0.10717725624696484,0.16464369391945732,0.10680016313028239,0.3482647369562115,0.03772585434432125,0.047682256403541456
0.1580481270083864,0.02388125269641031,0.04160939546082459,0.12357198257958879,0.07612136926421798,0.23163987770678962,0.07814351152318118,0.20853408784123828,0.05845039591936285
0.4282957125606696,0.08423066880193403,0.0448600299705624,0.08397489168824157,0.12762216467699186,0.032469155495796403,0.060319262800322376,0.04429614318658839,0.09393197081889347
0.10305523802911527,0.03367037648630222,0.13302271704391652,0.1372882860384261,0.14627241297319546,0.21380919531888756,0.11097318904816934,0.09526967504160622,0.026638910020381268
0.10917840085392087,0.08991225674815229,0.12229633577537402,0.10900088740577378,0.14851004817426405,0.13709721544511275,0.13084122634144793,0.0696140255590539,0.08354960369690041
0.12331310724976312,0.0995670190740016,0.21550637446398077,0.10613525840888816,0.11305887997358294,0.15758922960460198,0.02999843968148172,0.07113481760622725,0.08369687393747254
0.1360921050290889,0.05623576619879145,0.17892912426439397,0.08603164438665482,0.1403269029075668,0.14114985497133917,0.1513027584675972,0.07133542699653649,0.03859641677803117
0.13824055392818674,0.03785878332917897,0.08656909290112542,0.13830499522161285,0.12207821516187627,0.06360755523042393,0.07733059581268234,0.2508806679472348,0.08512954046767864
0.12107238952626394,0.0509472670359438,0.16592100366076493,0.11665718928339001,0.08319353450341649,0.1461970842979932,0.15179323484472163,0.10457607443556068,0.05964222241194539
0.05790445306728828,0.09347753240307762,0.10192442921537642,0.11612170119143546,0.15265150247399076,0.08515464207416068,0.06818369253978704,0.18354827480533908,0.14103377222954466
0.11744212272546979,0.030089892553290903,0.19880727308365917,0.10569247819926138,0.10067234639092422,0.1108530420035218,0.14534805151830169,0.0926289230378688,0.09846587048770218
0.026419735034086164,0.11116406062642557,0.07234361527707292,0.09249518719167622,0.21718002329364527,0.07784341310719496,0.21296193946387712,0.05885086479387022,0.13074116121215154
0.034370331209382286,0.06617510422314851,0.04565188008983004,0.10830581124203613,0.11874655550822628,0.17226166013818597,0.13025859703812936,0.19744343960344624,0.12678662094761523
0.051718990779065804,0.10853905567066709,0.19185671086353276,0.1274095667182664,0.1522105607535641,0.1163970629823402,0.15526750786329638,0.057372122761594056,0.03922842160767325
0.030461815971614556,0.08219949286152133,0.1072247968289961,0.11148523747866362,0.1010870137115557,0.167399536411212,0.1384416280587857,0.1522727002391381,0.10942777843851285
0.10745985701056222,0.04202982745091736,0.04239238251900229,0.09663115383176625,0.11730670072306537,0.2495104098479398,0.1370712754374424,0.1049191882811213,0.10267920489818301
0.054476182524375194,0.022863778270069326,0.061075433893466445,0.0991698132884724,0.15931615801243604,0.07204888896989362,0.04328860920480252,0.32097128450657614,0.16678985132990834
0.27343317755729996,0.08202770964055536,0.09629625490170636,0.10729334618963778,0.12610256167242564,0.04169877785509698,0.08711938850507626,0.07181598093270332,0.11421280274549829
0.16282414124877045,0.052115282090873426,0.1505874135731069,0.11998195553680424,0.13246527389950483,0.13256048897972886,0.07028806735532532,0.09713493230338506,0.0820424450125009
0.29034905447043585,0.026358974913376118,0.12274901437957551,0.0978291445750229,0.1110775858002065,0.1446503706372815,0.11576764290299368,0.06530159476605318,0.025916617555054717
0.18532297780797993,0.06683893609799442,0.11184005337612196,0.120009346280002,0.11794254983939943,0.08506893130954357,0.1284050782497602,0.04442812156615939,0.1401440054730391
0.12463967257057977,0.09598217762621686,0.11199742232911743,0.12288973335857055,0.100054527515876,0.10506131169329969,0.049017923952546616,0.06447995294669517,0.22587727800709792
0.06131725875515306,0.10209455891458857,0.13116522721796714,0.1154280738111763,0.1637343456328704,0.06804235858015502,0.16268465250428868,0.08433448313384795,0.1111990414499529
0.2292817811573833,0.0596854150731328,0.11791141804440064,0.10640691845396495,0.12617501350668792,0.1146098835995036,0.0925057806461121,0.07350127569145326,0.07992251382736147
0.2012003819797696,0.1131056456888503,0.07814871383723666,0.0967048494236028,0.1094320863000819,0.0807585564821922,0.18918489898020693,0.0890955664832563,0.042369300824803245
0.31943286244832875,0.05377237062841319,0.10742606207614695,0.10882388661916031,0.09237136659323276,0.04378638866770048,0.06933038295997213,0.14567274710073777,0.05938393290630758
0.06550041732609939,0.061681453004737895,0.13206007430760833,0.11844259721923961,0.1455546552709624,0.05855143427993118,0.1892876957709404,0.15046952942337252,0.0784521433971083
0.06623885134994763,0.07189609377442657,0.154303911989322,0.11612601535031848,0.12120519729307534,0.10066134241681716,0.0669950265116361,0.18982291097972884,0.11275065033472786
0.03599935957366348,0.048965113409726015,0.19456106766681833,0.11269222106323694,0.15083923929221854,0.09913306186700181,0.14380963731229238,0.07737307278845133,0.13662722702659122
0.11666910580336816,0.07620800159519212,0.0942325674353719,0.13369992721642154,0.10973854842044066,0.08146633250679546,0.10225366291323297,0.13486636324245593,0.15086549086672127
0.1604545756247794,0.05712342246541433,0.09319866229780155,0.09376005149406136,0.11077337524405062,0.09248300992532221,0.13155001598864527,0.16926790175655407,0.09138898520337113
0.24043264769992534,0.03630911476065234,0.10292921255361857,0.10957215289368676,0.15118349638901743,0.16210802134340763,0.048412588523906425,0.07998802555402175,0.06906474028176376
0.24956103332760868,0.045507425433405024,0.06655736729714945,0.101069771316679,0.1285421964253363,0.1233091100671924,0.06449554341345258,0.17808913702780085,0.0428684156913757
0.41315367171490497,0.03728943187025024,0.06979266712510955,0.09033667274352412,0.08988703935805521,0.14761994324018457,0.06362785314147539,0.08122024545802886,0.007072475348467037
0.19295087695446445,0.08686712334044226,0.04070695062771685,0.09277659861325675,0.11286147987620854,0.17129900387024444,0.08322539504725789,0.0836650490541077,0.13564752261630117
0.07130051094261501,0.08260593931511857,0.16365588701942546,0.11489422407680581,0.11338104008064835,0.09737420915622856,0.05392321008759504,0.11833892129550089,0.18452605802606228
0.39898247458310654,0.04025825930983385,0.1098555484937573,0.08444383265501694,0.095153697542261,0.053751661379809135,0.038092608598960194,0.06494164449108368,0.11452027294617129
0.01944208560177987,0.015557226731039325,0.11931609828907612,0.11700369769108175,0.17462510173196502,0.35163640223136944,0.06434050816390192,0.09862159259667806,0.039457286963108476
0.05614958599914321,0.15174962295864355,0.060078754185794725,0.11654406558969375,0.20421743928889766,0.07639671372075933,0.04857734208310562,0.11620732397667509,0.17007915219728695
0.30522707024529777,0.03401554476222566,0.08627115479052978,0.1015324134516264,0.17573880242809592,0.08460801351885683,0.052697656925266394,0.08236089416067575,0.07754844971742551
0.17839892251956146,0.05498446418517519,0.06292982841837645,0.09950388248727558,0.16329977044003968,0.062474594842534155,0.1428282161735843,0.1674658082449478,0.06811451268850542
0.19963639335984315,0.05342235328850355,0.10676675551789128,0.10748057485187724,0.09024822023677663,0.04999376413093668,0.061436792546938214,0.20350515344250616,0.12750999262472704
0.04363939218162661,0.08261911234055103,0.12920090661394884,0.1337004670066198,0.18497257266725556,0.16002553744633058,0.08191020626478944,0.15763912061399465,0.026292684864883453
0.10149515808955077,0.03324085205808883,0.1004887286015279,0.10294462510344889,0.081099926623696,0.10642092090761397,0.14782438287067304,0.2568179238563661,0.06966748188903461
0.061443846754058305,0.16414528877587878,0.16140458704063396,0.11030526711559706,0.10714943990245411,0.09817705319528851,0.10958167821765684,0.07737598693510635,0.11041685206332608
0.17365012011188366,0.14079417648523174,0.07755166400324583,0.09341665815728377,0.09737972767576349,0.11875553382554045,0.07955883158735765,0.1644333741199162,0.054459914033777285
0.07763854653019543,0.07066251646547672,0.04747877632748021,0.10342175638666867,0.10940406251667138,0.056494396347641786,0.32325019996627485,0.07111220833360793,0.14053753712598308
0.08480616944468998,0.11855204957357636,0.06742944183254647,0.1278888299521507,0.26080770355501515,0.0843129044512186,0.10605312618841696,0.07928791865517042,0.07086185634721535
0.0567304744667044,0.06845723279495435,0.15562188618623013,0.11425309915538312,0.11856875178842112,0.1034697907148841,0.04277947981646558,0.1931212402138136,0.1469980448631436
0.31331843191881154,0.02999697472069242,0.09232963105494696,0.10661148107635073,0.13111803925574864,0.06739615531474429,0.17595562193523798,0.046295136319916406,0.03697852840355116
0.2947885548495089,0.04139264660187999,0.05329824498389174,0.0846240771159885,0.10513646071045374,0.17339146833629346,0.055419810474253726,0.06601156287308024,0.12593717405464974
0.36412210161364184,0.009502150816868843,0.0903269286311064,0.07526967869055771,0.09065764054630047,0.12224346457226502,0.11380129631096307,0.03601805111719317,0.09805868770110344
0.22584054042717813,0.08818917279352102,0.07459546279416099,0.1027842635541056,0.16753971825804123,0.1301906448115036,0.08111920356501841,0.07997267707588485,0.04976831672058624
0.26223954682343026,0.031375331200318796,0.11944643945498994,0.10222663862135016,0.1433317974688497,0.10442073839681376,0.05245078878294063,0.05334692021787794,0.13116179903342884
0.32600280458100644,0.02051919968037272,0.10379573066681715,0.0981451501904177,0.08593159680703351,0.10271727358064021,0.09806699716621685,0.06907225744377261,0.09574898988372273
0.26753401249306974,0.06707170644300414,0.04016660382616738,0.12590906190956996,0.12250864607849445,0.037853030644921064,0.09623629714628622,0.06677138520987651,0.17594925624861057
0.16097939354319812,0.11177714089833596,0.1263508847453004,0.1208967136420737,0.1250236403169517,0.0583196115689043,0.1291905322456831,0.15251157208484875,0.014950510954703955
0.07538485559337305,0.07388310826036826,0.16447217629720381,0.11603629889497796,0.12011095716031839,0.061813632646021334,0.12165877461646007,0.1159510707595589,0.1506891257717183
0.0886464264053306,0.0567307806467457,0.1005501143018029,0.1256202346520673,0.1353342041057166,0.18083751973765858,0.11733139363270355,0.09362542617187149,0.10132390034610327
0.16622614565777316,0.056600832724703336,0.06722145612877266,0.12181843767900946,0.1659522658696812,0.08913292545497598,0.14519307835936937,0.1115831088378479,0.07627174928786706
0.38875036773723526,0.043139098279649346,0.1373350996073883,0.0952259494705428,0.10787547588905717,0.05233589117887493,0.044016001623879975,0.09459729100353002,0.03672482520984218
0.06408982484981031,0.04574425754106196,0.14527498033114808,0.12047187873783644,0.18676545619491228,0.19301456481774723,0.08899136381296595,0.07647862513701274,0.07916904857750506
0.08338920936283979,0.1174785173282095,0.08770081659739815,0.12493483197055655,0.11566595984736117,0.12715835772126158,0.1349484489897813,0.13699870593161326,0.07172515225097868
0.2202565846786203,0.038213256536337135,0.25483525714653993,0.09610724106141903,0.0935724222964172,0.07965715167010022,0.10842518324529112,0.038480931044552406,0.07045197232072282
0.19188303278751942,0.11505722329161039,0.12028786200654216,0.1400938856865577,0.16813666250009937,0.09624204933523146,0.08583683265072123,0.06038804252269949,0.022074409219018796
0.032971902360894166,0.03432579581930567,0.11824102706769589,0.09519586537802709,0.11864553810102844,0.05968790941323593,0.22283207673415717,0.12044646962861094,0.19765341549704465
0.04540389416068597,0.04174229505176944,0.16605460421115395,0.09789805819634528,0.12491968181294016,0.16922405000451168,0.08460741540287335,0.12460007878642976,0.14554992237329034
0.0648668806476156,0.05502807455804101,0.09293616338780712,0.09294577535680108,0.10676863746580167,0.05031184184018104,0.15100037549273895,0.2709726434786448,0.11516960777236872
0.2972925017017956,0.09172740578771114,0.04899882242825641,0.10320541826240325,0.12510326533085914,0.11856739125645144,0.1042952694483893,0.06328629640664098,0.047523629377492715
0.08884577602667497,0.03431936022925524,0.06792495652309598,0.11982740514895422,0.15416552971855482,0.1357942888607984,0.04623193824552611,0.20315622254891408,0.14973452269822607
0.18344903100985976,0.12365169684728354,0.07767923934362914,0.12932024673792905,0.105239199514629,0.13820953211290607,0.07535481620204551,0.09108466010158278,0.07601157813013514
0.1401488608232765,0.02501427136814678,0.09444552717069883,0.11537945270270993,0.1260002246837304,0.15251090324386365,0.05716513546466808,0.1489549676407785,0.14038065690212728
0.21454600160321943,0.05091415590422397,0.05284557843549373,0.09191826730068786,0.12582457428151475,0.1565305566238375,0.14670269039750833,0.127539602960131,0.033178572493383476
0.043085624234734145,0.08523383407963518,0.13410975221219054,0.13215347487300638,0.09445865221125645,0.17773772845870014,0.22614351317597645,0.05411840379057387,0.05295901696392683
0.12101031285953333,0.05133968634768401,0.08930645660243523,0.11768972443414533,0.10959651513500424,0.10444133519857705,0.22157375318385517,0.06999275409821848,0.11504946214054723
0.2554197637639008,0.05299217909478408,0.11181277035861635,0.08590359965476264,0.1320492000652236,0.08956673047975428,0.17754935231212346,0.02231734603005145,0.07238905824078333
0.3828170201960548,0.030939959773250425,0.14469374115041636,0.09210808697286887,0.09791302645132856,0.08774185645429483,0.042405701582765,0.08644220508858595,0.03493840233043518
0.28503087688802364,0.072642861227984,0.07232736934709587,0.10058803224506434,0.11756050926791393,0.04814478866579014,0.07147741868572868,0.06010537382954697,0.17212276984285244
0.08347815239096285,0.07821971718813893,0.10623305761150725,0.10113315571415439,0.09317816706991976,0.05999969651035375,0.20460998382959175,0.10426253840838899,0.16888553127698228
0.055099248872401495,0.2026444323556691,0.10248078077485889,0.11708922122664776,0.12728102922460147,0.13398876334939222,0.136693337229979,0.04621586476931789,0.07850732219713218
0.03953155157714797,0.0884476054999767,0.09339591849632112,0.10464180770619451,0.1538991784345923,0.22539415407885355,0.16626521601725455,0.07551185079221968,0.052912717397439524
0.10865939163498639,0.04686761596872874,0.05624560249848178,0.10170992032414346,0.07861712149329574,0.35169852077611835,0.07534448636518161,0.14684446412199215,0.03401287681707174
0.3999835282245601,0.14130254294714525,0.04742660144415873,0.08685930654332723,0.08456474656491202,0.06590261279309388,0.03399691437653148,0.0412043657836289,0.09875938132264238
0.25319639007847683,0.04646125794968851,0.1129171020873329,0.1049033412353093,0.13467695887708464,0.0657307284889085,0.05061296886554364,0.09043752367041019,0.14106372874724554
0.05929955574262499,0.08689351712373249,0.13432064465908666,0.11035128022706757,0.06644209987065887,0.20561291566616227,0.11575999394624477,0.08318207641403669,0.13813791635038564
0.1685935564140586,0.04630523352512878,0.06546445133913849,0.13815814555681483,0.1889449327002358,0.09447082360102309,0.11029079199701088,0.13237851484086638,0.055393550025723104
0.08187763009037403,0.14283724515457968,0.10728196326835325,0.11949922896142669,0.18526674142805025,0.10966007203054297,0.11780889148151817,0.09040525560226287,0.045362971982892
0.017596320956837153,0.07354269243325044,0.13164135686634054,0.11402835892599317,0.10769664778301084,0.16029614470596576,0.06292185813790968,0.1342521561255492,0.1980244640651432
0.18533832362413624,0.037408770496486665,0.10750046102169486,0.11117291391890098,0.07542784168536283,0.07745742868734833,0.11982459907660058,0.0883516659760938,0.1975179955133757
0.2329869362475615,0.027565754172144952,0.08141589092160058,0.08729216864727889,0.07209773039969775,0.11161447719991781,0.035393717283803396,0.15257123647191798,0.199062088656077
0.20774382360078059,0.03458092027149818,0.12514005724898938,0.1028629497991131,0.11747637292436887,0.1424250410214928,0.14748793963733856,0.09589108209914032,0.026391813397278238
0.040745687251160616,0.07254054348117388,0.1537800895300038,0.12048695209424105,0.13130766033740315,0.13580358864351202,0.1876563256842889,0.12647361609190108,0.031205536886315374
0.23882524863085028,0.08725340498026578,0.09044439849393442,0.09440922642115024,0.13913003695608753,0.08449594494477851,0.0646095044150956,0.05349713433903038,0.1473351008188073
0.13487610975170622,0.05905472905789042,0.08641057216446978,0.11453759388347058,0.09521347052533796,0.16315210298655017,0.04656312995373596,0.2197105288853153,0.08048176279152358
0.04595907928089443,0.047365060164536586,0.17595605243504342,0.12159263101893521,0.10749198298625273,0.08771630650331996,0.0677487321011435,0.258680601212879,0.08748955429699512
0.05125682072629046,0.09128546129207991,0.04538266592042001,0.10969855165564953,0.10993252339179664,0.16253015374159363,0.1605963890617613,0.11111432884458074,0.1582031053658277
0.20397601030130763,0.02601783940559686,0.10517033114009579,0.10828533124124423,0.12279023453423372,0.1317435827640265,0.11918219116830896,0.11777973504226515,0.06505474440292118
0.07785328356586677,0.09050255705026063,0.06570040011526417,0.10748036825257767,0.11911410765417746,0.07799254834054835,0.11625249489140216,0.10376319489979828,0.24134104523010458
0.06142618424036168,0.060006905921169085,0.1113132316135494,0.12042082907111969,0.15941564448171172,0.2061160733384352,0.07513014906645829,0.11400544011509513,0.09216554215209967
0.041914687283465236,0.057429381175784916,0.0639845959758014,0.0932390504702994,0.08622365316822446,0.2711444027751367,0.15528692248165596,0.09216569008168414,0.13861161658794777
0.07986572475997084,0.10967019681446961,0.06160070056968816,0.11546510605414635,0.1761461060890839,0.09731193769106951,0.07296975734870642,0.20390022874806102,0.0830702419248041
0.21381195472398803,0.11462034827418194,0.08252498736694976,0.12504186008135781,0.1580827386742301,0.05098346252746799,0.11305162062346914,0.07159327409943578,0.0702897536289195
0.2932132613797403,0.04622084407580545,0.082147137633439,0.13027440525716863,0.1039939343687077,0.13372115764282663,0.0898237065676471,0.08385646783788535,0.036749085236779805
0.09226590945494213,0.10543136772271822,0.14248880587120852,0.11990563895821481,0.1937152122633485,0.1565897059467537,0.07389365106810851,0.0645962995686065,0.05111340914609911
0.4761291457532772,0.09105302198638367,0.061951326342285035,0.0805984448350508,0.08302474718608971,0.05458823218771911,0.0295456616745112,0.02910584861168609,0.09400357142299727
0.08721107108438227,0.04388785956983482,0.07817657030350605,0.09911658435489475,0.11556306959089498,0.12478907288657003,0.10289453314679868,0.11566474279213605,0.23269649627098235
0.14865970975618303,0.06296873076256672,0.15314705463967837,0.10853057299148856,0.11571926624825601,0.14015796213015067,0.060366605264320326,0.1370736164662798,0.07337648174107658
0.13652033998028043,0.19476824611939092,0.1377845553440236,0.09737904217280617,0.12499351859050978,0.06310600123944887,0.04016280435085553,0.038502526592156756,0.166782965610528
0.10500009252744712,0.020456078460530273,0.057760286204533,0.09937147019043296,0.10000838362886721,0.17833966162466594,0.15636758989996666,0.14390204963713096,0.13879438782642586
0.06550041732609939,0.061681453004737895,0.13206007430760833,0.11844259721923961,0.1455546552709624,0.05855143427993118,0.1892876957709404,0.15046952942337252,0.0784521433971083
0.03760353163303975,0.19423992497154627,0.2656582786329094,0.10353953768945169,0.12237075086828518,0.08137404417771509,0.05336096100894744,0.05374742464063866,0.08810554637746652
0.33769155001136303,0.022584008410415416,0.03303765523769426,0.0909705919251621,0.08425407855110766,0.20469574204150573,0.059226782479615714,0.12994809153079148,0.03759149981234464
0.016719108684124465,0.17654195366619227,0.08074818954425053,0.10017363553103083,0.07128438977472946,0.0873162602104784,0.19317774415501332,0.23297632308439972,0.04106239534978095
0.1164713034210183,0.04119706536119103,0.066373260815259,0.12020405750746377,0.13746870715562653,0.08971799750364833,0.08688837970167422,0.19018638662884077,0.15149284190527804
0.049372032082426166,0.07379331210499081,0.18862800213707728,0.09974080715278287,0.09875882712023816,0.12526424218550092,0.20204894740788917,0.10453473274008064,0.05785909706901387
0.25446126647856954,0.020353207001308143,0.051369958818668966,0.094709147873628,0.10538737231720452,0.08007243641914162,0.2711376948587149,0.07066237767811039,0.051846538554654015
0.2540689717070663,0.12771710194789107,0.051858057085855815,0.11243166328431757,0.1473424898008228,0.09361658059496908,0.10162118843851264,0.05074822481850616,0.06059572232205864
0.10750269519270762,0.22472833257354563,0.08227170719471055,0.10711947768517838,0.16685941023971265,0.05334592801007718,0.08350994403220391,0.10238163306283406,0.07228087200902988
0.1484813996137487,0.07882963152561555,0.13322656744995395,0.11248248585463128,0.09302328141633066,0.23097521623420672,0.09981725123269451,0.07887784838426791,0.024286318288550688
0.0873876292468469,0.06634291535426379,0.10671047531277546,0.12683915248054442,0.13364856058499494,0.1888924735629847,0.11071708837552925,0.1267544759547147,0.05270722912734582
0.3476362985179183,0.037533478766085364,0.08642284336483774,0.11464247638807734,0.09644958487311961,0.15071978552546458,0.07468844920748934,0.06253403420561911,0.029373049151388598
0.5094607320271707,0.025494634344576533,0.033254967092229394,0.08086699898871325,0.07687264050301312,0.039521144817488134,0.04079430158655727,0.03840305257410904,0.15533152806614267
0.3261726845470244,0.10778506964147827,0.06149253571029575,0.09283411711283206,0.09226326235557997,0.07905210264733374,0.03894795854884048,0.057706501722515964,0.1437457677140994
0.1273755884617961,0.028769189339796702,0.10001841249696923,0.09613739571768094,0.15341490911021974,0.0902511166004596,0.09721794832849524,0.28759584586852677,0.019219594076055682
0.06165943823903502,0.11035440295242671,0.09291583799376567,0.11559621139652503,0.12818306278616534,0.20979945904032382,0.07085284217053424,0.1440338452106901,0.06660490021053415
0.06377671107430377,0.09298948260815891,0.11827541247128061,0.10299782343100704,0.13776267467854367,0.13829708689331033,0.10920437490736334,0.053599425200552754,0.1830970087354796
0.05807249840535514,0.044726645883058684,0.08477006656708926,0.14726382166046992,0.162166278344809,0.16987721995050176,0.2006511753288723,0.049947693525365176,0.08252460033447884
0.05893515011035722,0.0933483808622062,0.08485601509932254,0.1146502507817513,0.10264088069486166,0.10728544997727829,0.09222139151435292,0.2429470296662577,0.1031154512936122
0.11875317342935789,0.029089700407488123,0.037519290383950236,0.09866216074027541,0.05798730153206779,0.12845003171107774,0.12147727903017547,0.19899995687547042,0.20906110589013682
0.11802224292612783,0.0326179065962007,0.14169189452559566,0.10482058893174369,0.13442974995787138,0.18548356445359673,0.10257341218800921,0.1281918452270784,0.052168795193776346
0.02743629083711638,0.03972600858475842,0.05501691975915677,0.12495477668363338,0.1443138411451547,0.3315763028557452,0.1045925388320953,0.0961167421780978,0.07626657912424205
0.1672776098941342,0.020123784499481195,0.07692538678564921,0.07727765006758881,0.06697088664119571,0.21343804450466744,0.11549106474143449,0.06479252586246959,0.19770304700337935
0.11531346749207665,0.1328151051368279,0.08515694244878641,0.12874465807884236,0.14070593973080012,0.0773289672679575,0.10185654120049752,0.13094366996678405,0.08713470867742741
0.26433791323458594,0.04633123138516445,0.1529460265015319,0.11678598817060874,0.0968457727628103,0.07632878874253232,0.1093160947358276,0.09991307612741103,0.03719510833952775
0.3868624908583507,0.03821166812565631,0.07632998166413706,0.1090061862406259,0.11603090019384481,0.06984375415805295,0.05999690291315602,0.0628318758272723,0.08088624001890393
0.04765985816838663,0.025925384325849715,0.12197972170417375,0.11370519360183919,0.09916777331014565,0.2045140556715348,0.15657131884409783,0.1543481282575088,0.07612856611646372
0.0899478603409863,0.04421698367520429,0.13107374660696583,0.10029586295465687,0.12379100814271649,0.2052893339648043,0.03626426975312739,0.15770771142547096,0.11141322313606757
0.03545478242155621,0.04699726453092512,0.11228998205670275,0.10137063424553168,0.09431865598107504,0.12590736817059386,0.270888872586078,0.10631536225624065,0.10645707775129672
0.2195634823251201,0.12815425114672072,0.05382492747919377,0.09605416052605048,0.06777115473168231,0.05465953593253029,0.03208508133806036,0.09477942213059427,0.2531079843900476
0.07690131817025284,0.07980580368213587,0.06094869268485675,0.11206198089262369,0.17614643873505034,0.11521783957083105,0.21287319007956373,0.051791337491486074,0.11425339869319966
0.09061154174203338,0.06392522621987286,0.08927496359936497,0.11427343328080013,0.11828496298159928,0.11119206325456271,0.13218688266802525,0.20386131238144622,0.07638961387229525
0.08407046875465529,0.07408122551968661,0.2151128353621298,0.12399154263697028,0.11205429137101845,0.14178991429130414,0.07040098136572416,0.14195397535227083,0.03654476534624038
0.12233247695196424,0.0882396422949044,0.04907356899696039,0.10445527647756349,0.16403606264277668,0.2022741587446625,0.1095296073888683,0.09563082943873909,0.06442837706356082
0.021534396184957606,0.05353858041544168,0.04392610914274583,0.13154424274249615,0.16773516941354563,0.14556124713406932,0.09928086150210803,0.21551695872932788,0.12136243473530783
0.26207167519856134,0.22394981029901126,0.043974540120828055,0.07993977997707634,0.08105285848858834,0.027988297288663245,0.03146525042493573,0.15036344726176984,0.09919434094056584
0.07470740100250825,0.028945083778451564,0.06870688699770118,0.10506480103896716,0.12802114419086774,0.10338000341013492,0.11435888118838855,0.15665964517093364,0.22015615322204693
0.06426649324658547,0.02194526485253762,0.06733363273963187,0.099837692238478,0.10673190531976519,0.10654454730041303,0.18372558864323585,0.2171661821470583,0.1324486935122948
0.032447123501711056,0.06768786884455459,0.1780093637326361,0.12067527997485424,0.13883110802108337,0.079813241345897,0.14212177692287156,0.1497908551082663,0.09062338254812573
0.21846634216491065,0.027379746480801773,0.1422498532058788,0.1280368918282783,0.1308500547342044,0.17028729953885535,0.05814961832105941,0.05965275706794909,0.06492743665806223
0.06499324008896638,0.051751539697154035,0.0468179835106296,0.1214264624010778,0.16711371488993831,0.07846686759816707,0.07068877148577855,0.20406102513813673,0.19468039519015148
0.28962894430763736,0.03747429715787814,0.11893611999346322,0.10860363940604383,0.07089026129599652,0.10302445630382344,0.13196516605184314,0.10687180704061607,0.032605308442698294
0.09766227579876248,0.045135688729993594,0.13282626480709808,0.12190134664135299,0.15109166641612404,0.16664580468696016,0.12000054890988236,0.13904910443160268,0.025687299578223615
0.05993347487412109,0.11931033506499782,0.038022558995179374,0.115899499154779,0.08567747100132138,0.05676979779850424,0.35300516799002163,0.09833245065940337,0.07304924446167214
0.02912997055840319,0.13276682414274257,0.09498737476515691,0.12702220569705117,0.16754033887801215,0.13930386351090313,0.1663319787597042,0.06317626426719532,0.07974117942083132
0.1116180484236292,0.09054320349721717,0.15762742648971798,0.11213988889523835,0.12167649001216611,0.05992819701967899,0.09160076478689176,0.11243525683823352,0.14243072403722695
0.07047588897878942,0.038333240760719624,0.08841617110062111,0.0989970429876446,0.13593722649460324,0.09121718933748717,0.16908163740832194,0.09644377241288256,0.21109783051893038
0.022980477914126992,0.17930368725247367,0.14297690017365458,0.09266283762513643,0.16740604674347062,0.1317901054638655,0.18689874010770402,0.04208323557158881,0.033897969147979344
0.18748971635441994,0.08564243453379783,0.18601793310911177,0.1088434710571184,0.14004544529424906,0.09798751909160974,0.06590147848181199,0.03881089638106707,0.08926110569681416
0.16727627891971186,0.05607744595587976,0.14801436037318194,0.10362283679796247,0.10738577147984324,0.07061167910493309,0.060645564160198624,0.10478916379073179,0.18157689941755728
0.11658613971406306,0.0263539165733927,0.16934627688427425,0.14027596631917574,0.22905464737917847,0.11082976514426039,0.04979105973391418,0.04182540945034353,0.11593681880139765
0.06589208330216507,0.03510597076205749,0.12701566560673386,0.13620981558622966,0.12586661523047485,0.0867143362338969,0.11655247652298721,0.179280063498483,0.12736297325697202
0.024429110734982534,0.09733481770686875,0.055391297862541884,0.09084249960669934,0.09502699806607003,0.22011671421073897,0.2426313652227808,0.12882660991632355,0.04540058667299413
0.19209255255862498,0.08580816609345902,0.08317255987026824,0.0953544933386697,0.09259958021279087,0.04921840121998455,0.09848358649269724,0.08033253163496822,0.2229381285785372
0.06557098482733113,0.04933329623748569,0.14536940029987966,0.10832917909282465,0.12896908668662718,0.24880629942783197,0.08872971519063,0.10289068388795697,0.062001354349432734
0.13248925665635278,0.1910826713710172,0.07449394279419741,0.09655487102920172,0.11794585181421147,0.14104258525746774,0.11882154871904331,0.06555467630708821,0.06201459605142016
0.123380583966008,0.1366175986925741,0.08381682322109796,0.12048796497340569,0.09888192333974954,0.22394495855751206,0.08376526979612409,0.06640270196615664,0.06270217548737188
0.07780418569907438,0.026904859692322532,0.21872732397401648,0.08430824245746453,0.11300246744972516,0.06683341123742777,0.10288290706058985,0.21473865154180846,0.09479795088757081
0.04879250476441446,0.08129867707672782,0.09164900318914736,0.11760709832606801,0.19135349023558715,0.20450554545785826,0.07862968611179406,0.14594910051770757,0.040214894320695305
0.34230900711816276,0.02483149596473677,0.12807929500007087,0.10732264330290804,0.10412242868749667,0.0719241298443391,0.07148284948454474,0.12373958693427752,0.02618856366346342
0.29399542768299025,0.039981039359069596,0.2031179776099918,0.10244796848878808,0.09267797113078806,0.06613596488231473,0.059373326256002855,0.08372661657147078,0.05854370801858393
0.09103545588717775,0.05222029600405822,0.062494995045208716,0.11318811481678452,0.1338463790517115,0.13523341102766778,0.17940009399823434,0.11905003030670615,0.11353122386245097
0.08137843218301634,0.06815747505913444,0.07585293608128592,0.10111795163060934,0.11367635102309716,0.047573119676562824,0.26326239920885636,0.15814774066103018,0.0908335944764073
0.16710345591556686,0.05112490893190366,0.11353813854593621,0.12073898328233097,0.07293146520194677,0.12117031106330949,0.09282114555617532,0.12027976759356244,0.1402918239092682
0.17072634729616068,0.097673249321015,0.0640329050443655,0.1596479277170805,0.12901479314447709,0.10631272261414966,0.06647224223520957,0.12917069150026664,0.07694912112727538
0.05292043738726027,0.01933429397481744,0.05182549542965955,0.09892322308689457,0.07794831300469368,0.10892165171118813,0.24716622809184177,0.17287618783379996,0.17008416947984464
0.1880622419246749,0.09959780850884747,0.07705519170187815,0.10108526723114057,0.11291275701908178,0.13691930722420045,0.15821480637993798,0.06253664872630228,0.06361597128393644
0.07055615696524159,0.1997171516399281,0.1642444451823766,0.13156840810535733,0.13475299578360364,0.10625083005510799,0.0709064572759745,0.03423535332129529,0.08776820167111492
0.06499324008896638,0.051751539697154035,0.0468179835106296,0.1214264624010778,0.16711371488993831,0.07846686759816707,0.07068877148577855,0.20406102513813673,0.19468039519015148
