0.07111032793022785,0.1021811743048635,0.054822959533817585,0.14062128944884758,0.23411107302205958,0.10563109372799219,0.02061549287758999,0.1966860223651996,0.0742205667894021
0.12290077899657222,0.08756455833689904,0.07120374453839239,0.26940138685944165,0.11149242116663756,0.099011115760192,0.14303891923006126,0.052341112623789356,0.04304596248801446
0.12446824766855773,0.13651089447503945,0.15588235062844225,0.18562063667688689,0.0803534109412301,0.13169988450066952,0.055182702493426355,0.06983254932802613,0.06044932328772156
0.08754393016154466,0.18190704431612928,0.043513291452744574,0.14003456587908136,0.08352859072519242,0.1171114179780609,0.20692889900260814,0.026703957385514777,0.11272830309912392
0.08175378884994777,0.1485332586472111,0.12357952278944632,0.14995426682542654,0.034169111252224986,0.10203556645704571,0.02756339738303389,0.11361036307277594,0.21880072472288778
0.07087118786034058,0.09961710871211293,0.14477340093857868,0.10826321456880054,0.10250177514661202,0.10299663536959597,0.06409648014205632,0.17188700393605627,0.13499319332584672
0.09376638791448305,0.12843333195883966,0.022147463439530363,0.1645612274317515,0.23342843237134484,0.10661314534645627,0.05199065089405053,0.15194534985064548,0.04711401079289834
0.07751278432767239,0.10361876619708259,0.1219882331572227,0.21607326782731548,0.1097676347096705,0.09820506742487434,0.08568767783671255,0.04733692307479045,0.139809645444659
0.08619829031471303,0.11313726566505623,0.08571013628310913,0.11633937140559873,0.06816660235162751,0.10673707920341018,0.2551961142762535,0.07472028690803934,0.09379485359219235
0.06848115902823793,0.08147855208358075,0.10031001708088971,0.10644185628143864,0.113143804135448,0.08473739537614573,0.30558503009445265,0.03378696777337311,0.10603521814643346
0.10730331183817919,0.07314205587138133,0.07816337936526793,0.2559610022541026,0.3078924708092344,0.08609220083687381,0.024566879940251488,0.03897650587985118,0.027902193204858095
0.10879663725661154,0.13624786282076481,0.08826054870633765,0.20054539293515994,0.10269428012053577,0.11690648568533703,0.028626291890386346,0.16726964457722707,0.05065285600763978
0.06840334448049958,0.13700025506312574,0.28037144790146723,0.15063173592375953,0.04032883298276088,0.10406987976889155,0.014396971600531994,0.13001746619798737,0.07478006608097608
0.1097934799792794,0.10416857045886467,0.04606989985558902,0.1430389003618834,0.11969056057559395,0.11887178479242703,0.133053846836786,0.1386941207249641,0.08661883641461243
0.06987888572017621,0.1537748044786485,0.09855092827524725,0.056078927127853014,0.049148620989159196,0.10254011049990257,0.24008259870810642,0.12491202950636072,0.10503309469454618
0.09467984125668981,0.1966412559044173,0.01908678502271643,0.20274468468064952,0.07416855756005396,0.0934616195683013,0.22716796238323664,0.024275101208575397,0.06777419241535963
0.06657837233614138,0.13562344311447214,0.05733737611710795,0.07431647471535792,0.11578023284595751,0.12131032678466991,0.08057267093681363,0.2819904205774231,0.06649068257205655
0.17836171246014898,0.21075497753482783,0.050300341901136046,0.05106684361596184,0.19352936734045176,0.09793313463398494,0.05170981099128489,0.08092375132289649,0.08542006019930724
0.09896849299713584,0.0872772360409595,0.1367860406824373,0.17254677581878253,0.14436210124506624,0.12596654443031013,0.013151395611707424,0.07670381312322339,0.14423760005037758
0.19083169497043437,0.10032766960690305,0.05656827259990236,0.17117637497829719,0.12389142922843523,0.11557755048882651,0.057270398387983014,0.05201109119857042,0.13234551854064788
0.14802860856527655,0.19605223912766356,0.027354192307363513,0.12938528041074734,0.22561162538764093,0.1092957927525793,0.06981304160460076,0.02448675841046824,0.06997246143365983
0.08687073591795295,0.0992317199937837,0.13358444011911041,0.1962961739339987,0.1218073490767488,0.10513950504175527,0.04545691421839901,0.051454644598404244,0.1601585170998469
0.042925626602399354,0.1251868046296435,0.041933224987052514,0.1623362971602654,0.18550249641343,0.1149756608992555,0.14523818981934375,0.0935609584274794,0.08834074106113055
0.0689986135194403,0.12182630822536254,0.019984288664813842,0.16524950135945218,0.22907151978682283,0.10892692028742507,0.07310508548727991,0.034680974377560965,0.1781567882918423
0.11067233387440734,0.13815217712030778,0.06374846830734972,0.32107618323500015,0.08629748383904108,0.12092267303449593,0.0595822813628105,0.044472335157269886,0.05507606406931755
0.07808039942969137,0.06885828319749715,0.16223468457617604,0.23441844942589882,0.10262671461065982,0.08006227169894144,0.04709031984068057,0.1739736924611084,0.05265518475934644
0.07385865533659142,0.05663054934518854,0.033641137921192416,0.21271500489179884,0.06263305218818327,0.10197296768752277,0.3883003650836449,0.010728726567493496,0.059519540978384335
0.07303064778595379,0.1702262053495117,0.07218778337920838,0.29764411825359816,0.10969413971693633,0.10690096777317516,0.04409129990313423,0.05082035344645075,0.07540448439203144
0.09086148121984433,0.08916263749990065,0.13387717588276557,0.06117942673541409,0.09242701971684991,0.08476661697335008,0.039517113681821266,0.3175761854037077,0.0906323428863464
0.09036224168423972,0.08172792798610934,0.1279605414966852,0.1287464419533997,0.09895442109498255,0.1023648408853975,0.07217604689189161,0.20576920428154186,0.09193833372575251
0.0685825268415668,0.1262569748711945,0.05432425428852816,0.13290177951352644,0.15055562081975457,0.10540600862390649,0.04272758192535247,0.23410471885077958,0.08514053426539103
0.08315802916127298,0.13763995020011058,0.05760536814467546,0.19137289264117874,0.11511728389918174,0.10910193522474287,0.029314332248496482,0.20226953886546387,0.07442066961487731
0.1699332413257445,0.07810708782263702,0.19657844060590754,0.12571662617637433,0.23780000718868807,0.07863153291874224,0.008351860630039776,0.05663075643792484,0.04825044689394168
0.08849474612449704,0.13317983649291845,0.22366558434254383,0.04564456666570669,0.12679763228415364,0.11119579021735719,0.03367228495856763,0.11539640099186689,0.12195315792238869
0.14527686203808954,0.16607200427872412,0.026596774333522352,0.09704067284779481,0.09447853087412156,0.1205448874775291,0.049253266766635405,0.11864624365542571,0.18209075772815742
0.13450566039005415,0.07845174088519132,0.05311943148070455,0.1742640709869859,0.0831952986417279,0.10327838236708843,0.04800384821808105,0.16880325197160637,0.15637831505856034
0.0700968474909873,0.11503293645889018,0.21967911363583606,0.15864070383428897,0.0470259791054418,0.08964207816149254,0.0570435775630161,0.185026117280965,0.057812646469082046
0.09175624704386116,0.06453529512846239,0.04802108732476093,0.283699428953966,0.1638994780309432,0.08576766315720706,0.018914317666491234,0.17903167378345922,0.06437480891084886
0.16454944885765377,0.10449944448204773,0.06284380767020503,0.1965807416055525,0.053735420464050304,0.12204409489484631,0.1676072210789732,0.07445681000997026,0.05368301093670089
0.11101561254817366,0.09658950453544735,0.2684251251647638,0.059547335305538525,0.05641713118904481,0.08763167394735864,0.21054480164767062,0.04385363616289887,0.06597517949910371
0.1789539189541857,0.08306755054219922,0.13594311735053058,0.13447985137165178,0.13028426994482123,0.10672563526654671,0.07571304866642846,0.07514815730138459,0.07968445060225172
0.1673557263266838,0.10943947502707113,0.03244970747331415,0.17710456757870027,0.0952881240546934,0.15172111673590286,0.025564802895697597,0.05795655271951711,0.18311992718841966
0.09974831106772371,0.19813458801683384,0.027348051209517294,0.09183600411264631,0.1782599922739013,0.09641792765528728,0.12094847617889687,0.15521222070402424,0.032094428781169144
0.14760139291652677,0.11694136921811038,0.016428005159913994,0.11955992263058658,0.09567073768313065,0.11309443618389492,0.15481588021046597,0.05335849137068144,0.18252976462668932
0.08317090522608624,0.08222750365856522,0.10454847567864155,0.15638580913163924,0.21562854764542538,0.11649391450323084,0.033837425965101565,0.1514570723120142,0.056250345879295734
0.11839871282909098,0.06799377959360162,0.2552282488292168,0.13053912398682818,0.12241860824241975,0.07468597371510599,0.011746387417786231,0.12115989734417099,0.09782926804177938
0.07218188772861821,0.10308907599193869,0.22714659124492143,0.07649425843198344,0.1445311287712607,0.12083434518603259,0.10909817206062518,0.06056428030579034,0.08606026027882942
0.04065999856815745,0.055684472341605375,0.4171757846758693,0.038140487168637674,0.03061187311639632,0.06549299991043948,0.005176112345554083,0.0561184355454362,0.2909398363279041
0.22417507458427735,0.10791347977493769,0.15688468638485095,0.04756660806355762,0.06433573533128689,0.12108986243405055,0.042305304674162936,0.09675330225315948,0.13897594649971656
0.107663214566233,0.0931560304922912,0.06644835684176467,0.09698340899666658,0.057014512065741686,0.16813456060537815,0.039093454583360464,0.26735169437523193,0.10415476747333235
0.14377254640184253,0.09380639424835462,0.034272884340335534,0.3294139921939972,0.10814704297101214,0.09907239186211374,0.08414085702003953,0.0245123608938058,0.08286153006849888
0.07574909908142342,0.06504317732420953,0.05005293035300714,0.2673024979217002,0.09225288267529064,0.08303973626616412,0.21425900741063242,0.055629065279544636,0.09667160368802792
0.06686146902260333,0.06363104920049983,0.0692220949414323,0.1340035755599803,0.07900846596647565,0.07813754228121973,0.04700420695326021,0.1358053522885951,0.3263262437859335
0.07731492082955264,0.13631985391907575,0.07078217350775677,0.17805981967521542,0.06319153287454336,0.12712453220248923,0.211003399321227,0.07196395086356326,0.0642398168065766
0.17984677412067696,0.09672137543833541,0.12712529957552868,0.09426971193321325,0.17415649790854063,0.11868453611431891,0.07345168007025801,0.03736481600681049,0.09837930883231771
0.08316909994306164,0.09833742145209534,0.10940516513584408,0.20264930073624252,0.09885888881865802,0.12696676181330221,0.05896308420019569,0.14156051238753742,0.08008976551306295
0.06677157057159666,0.1408089458179605,0.07652054477068992,0.04461746953644081,0.02809319623487157,0.08595006914000947,0.2870130626696934,0.09862545164579635,0.17159968961294134
0.06838852405249966,0.07074075589076276,0.036890690111633206,0.12916734455598966,0.11887573001467218,0.08577352780781507,0.3760113538930363,0.07495325540351704,0.03919881827007409
0.05519225191174054,0.08055415884543964,0.025951913634418195,0.09907740241589025,0.20056897561492168,0.10351183906048161,0.06430511611559829,0.2614983427479895,0.10933999965352026
0.11217126650270699,0.09798070917385536,0.08410758573354167,0.1889471626494288,0.1196621510488294,0.10842632052723745,0.0432304846001078,0.0484784365102655,0.19699588325402703
0.07615269249647237,0.07460835362407725,0.02182142472654124,0.13131977516678325,0.231781278602098,0.08151375686968904,0.15805446347515772,0.055729340404250545,0.16901891463493066
0.11696962352837233,0.09742476100141485,0.0335314497122205,0.33647957429879427,0.03243820482780924,0.12774827934886032,0.09415988049345408,0.11434663620461176,0.04690159058446259
0.12469447551357449,0.15183916991635124,0.10255544606392847,0.23243235826201616,0.06076582153090831,0.12827636880397375,0.11248848219509448,0.04542094109885875,0.041526936615294316
0.07580933715790296,0.12385423693886366,0.023989058296335616,0.16341747198833093,0.09610393165663893,0.113638276933483,0.0762585917540073,0.13641622231731515,0.1905128729571225
0.06070843016717611,0.08359596007376208,0.018250223189376295,0.12697001583020565,0.18273878452772122,0.12107081289904509,0.017512600417308573,0.2377223178638931,0.15143085503151188
0.08863497540276331,0.12188983764450571,0.04623507494896656,0.09542843397721308,0.07414901219186001,0.17324907399853517,0.06023220605329751,0.15200740861288445,0.18817397716997428
0.16600762070963485,0.08793235358096539,0.1041519986892805,0.17845468257745592,0.16168054761103703,0.09962231553375622,0.021137187438012423,0.039112960295519604,0.14190033356433798
0.11225836081143804,0.11233801476552212,0.1572380956891315,0.1734417068204451,0.06719254779600968,0.1113129693808886,0.03986712004848091,0.16284124333747563,0.06350994135060838
0.06064639987464859,0.0980764288461637,0.28603016766374,0.0881489915606597,0.04664502446729766,0.09598147582374966,0.04441973172163995,0.20322950485370653,0.07682227518839409
0.12938179144841608,0.14593621908141816,0.11960578247941449,0.16990734424113685,0.14947708153441927,0.10305724448147992,0.10620927346697567,0.033686278102463114,0.042738985164276516
0.06710702357903976,0.08728655985809346,0.20289292602011785,0.03729414241463169,0.0560206547756384,0.11432831255147101,0.10844725711164242,0.12769859945327466,0.19892452423609078
0.10042355079533011,0.09229331074062108,0.3951619610870418,0.07483070134837687,0.02761807542638473,0.08205298358933726,0.08155043226576524,0.01772102854360347,0.12834795620353942
0.07101727007370223,0.10603358137701345,0.11644226644038698,0.05344690196454904,0.06382028501330017,0.10699928781169392,0.10866636287203457,0.2618532012497159,0.11172084319760374
0.10541475886727897,0.14002920295297924,0.06413129759714374,0.15619427491486626,0.032399472815786846,0.11466010167492546,0.11233930187403145,0.12453537353455076,0.15029621576843732
0.08340750790384238,0.14390742167815335,0.10058968392712703,0.15810084477839184,0.054315836041442224,0.1089125837141736,0.05650754636609078,0.15272705644680448,0.14153151914397433
0.11482878841916365,0.15884934724557895,0.06944826157624757,0.07516086142180138,0.10131250267460483,0.10823816102866664,0.10907291737676061,0.16435212394881776,0.09873703630835869
0.1755195248746785,0.15287279267644205,0.10983697489968845,0.14620227890978912,0.10199412620195558,0.10349666865919277,0.03621302950391301,0.12147618035063999,0.05238842392370041
0.07719159864412863,0.07421535308722382,0.04948884443258845,0.3019943401963159,0.13122273284193975,0.08594701332042176,0.0833140185007178,0.10694366361131746,0.08968243536534637
0.11812280497557463,0.08547709516555298,0.09030419369061743,0.13087025656053733,0.08351874002744701,0.10202293529067352,0.19114749676411288,0.08583894127365878,0.11269753625182548
0.09543925932647941,0.12254481346666672,0.16842652770942848,0.061876334968193086,0.1468766955890448,0.09734390871882621,0.06138681911895217,0.07362691618493765,0.17247872491747154
0.13705448080941,0.1491919775221163,0.04679484603377759,0.11698461144349255,0.08095901397618036,0.11272528357564797,0.08462540131109238,0.16887014872814135,0.10279423660014146
0.0748648972754712,0.07021448786395622,0.02804071009007671,0.18639980345728627,0.3685642928857084,0.11044395310892123,0.06300206670091021,0.02263346053846078,0.07583632807920897
0.12399322056321928,0.10063532310736896,0.1905455587791728,0.13608042776976667,0.07987435785000792,0.10377206896577588,0.17429646541420477,0.025886093508904917,0.0649164840415788
0.07973984280835318,0.08478124031149877,0.05791671999345253,0.20184387449196464,0.1519180795993185,0.09914319492295424,0.12643817343623778,0.06185756681900912,0.13636130761721119
0.10782549453012724,0.11443642795841495,0.06799050009213986,0.07290831723957658,0.06964810833352764,0.09736898332644332,0.20282935810202538,0.114458084400942,0.1525347260168031
0.15547684949314158,0.0893479370356693,0.19929782050415526,0.16502275905363334,0.0568488902940951,0.10357443800802123,0.10763040667309665,0.07860302625527978,0.04419787268290768
0.09793193817650814,0.17391462072786354,0.14641578609094885,0.2521711037065408,0.10769042153066098,0.11298142793617268,0.03429832009831337,0.045104119217313506,0.029492262515678148
0.13945755136538973,0.17361124521741386,0.10253254016772546,0.15330491639702523,0.1671355636717652,0.11240181191829555,0.025031104193028817,0.06547947709841818,0.06104578997093798
0.13630405549617156,0.079826781813544,0.08905499355380908,0.11586106157880276,0.09871332281381921,0.09295149569233452,0.34235100433313886,0.010549868743520194,0.0343874159748599
0.0629703696026722,0.08746212764593225,0.16324680517628107,0.17182154972204797,0.09011855824449462,0.08572192135287866,0.1960958487980241,0.0947827346688828,0.04778008478878629
0.164176484523439,0.08997010331220884,0.025451879196827107,0.2622755477685152,0.10439607997817324,0.08508461503740396,0.054054002953319524,0.060193915651308695,0.15439737157880434
0.09564209770886219,0.09030585409472701,0.026319142794157774,0.21592754094813124,0.10919255803651536,0.10632969342403986,0.3063797840670166,0.030880945896373788,0.01902238303017621
0.08273633981334333,0.09532216771625275,0.05428578336837738,0.11684918305227164,0.11513835665555783,0.08444998202283566,0.3137093701505543,0.016762524609361173,0.12074629261144589
0.057460460766733855,0.17973049308264297,0.09138175942416939,0.18670687260865956,0.02749383698772649,0.10525879153565498,0.11942772859096736,0.15848483851755102,0.0740552184858944
0.1575304059887029,0.10118076054028126,0.01687481124682199,0.07091896120770885,0.14516600031288543,0.1054454376534469,0.012828264601684979,0.061157203870440824,0.3288981545780269
0.13109687109486287,0.10633222448414292,0.09983806364002472,0.09687722699746092,0.14801449302334677,0.10418718609563658,0.03359869375494851,0.14049908431011557,0.13955615659946116
0.13053429264323177,0.14737945646020403,0.03937178303285918,0.1545386757865296,0.08612441657692767,0.1092831498319433,0.19065700273411887,0.06371231560943637,0.07839890732474915
0.08255224729786839,0.0676404808072649,0.044437183854454665,0.21895468740151122,0.28599348374481565,0.0865271540733344,0.037683575513530056,0.10526387687792266,0.07094731042929817
0.045832398965944994,0.086529241634003,0.1312047383396663,0.2100243377638713,0.15327769650504883,0.07941032054671332,0.23225317816159852,0.038527805273405706,0.022940282809748098
0.08900642805047788,0.13064063190671216,0.09642710563707986,0.2059787418497593,0.05009820318168428,0.10427115731876824,0.22215611588292403,0.026267871992099134,0.0751537441804951
0.10053589332404596,0.07618426699026067,0.05687073494081246,0.05183520630488073,0.06442994076980839,0.10136530491784361,0.31602708905588656,0.16610050461609818,0.0666510590803636
0.10035843351263278,0.10392285518284339,0.09396416288586334,0.11644240834569435,0.24370897057261773,0.10922372462090642,0.086492502075383,0.08520321348130498,0.06068372932275412
0.07459542353887212,0.12587306816016372,0.16146506543175884,0.029944162787841417,0.098088780768764,0.08746845842335947,0.00538258608571834,0.3232945067827086,0.0938879480208135
0.16456145661390784,0.1633359040254503,0.28487315389605367,0.09321015935938248,0.03273968311577889,0.11961608628225033,0.037850217100475585,0.04708945939439702,0.056723880212303894
0.12615814193130337,0.12414766207198084,0.11003060961935152,0.12181071512183998,0.1207951192098885,0.13933131754807493,0.04146251285323399,0.12110995464000773,0.09515396700431918
0.07418374720020192,0.08413348280839,0.10510650617653729,0.17233079780159763,0.1322084378586211,0.10876957300229446,0.10793564237055625,0.030610535970745815,0.18472127681105563
0.07868230441517389,0.09568854398218311,0.11412629360524469,0.11062352631467552,0.102477900991035,0.08815073976309622,0.02002310161451947,0.23565346391463649,0.15457412539943569
0.20438214688433456,0.1242787397530652,0.01930563020948444,0.09614917587064775,0.10920718367594733,0.09872323014799049,0.09607058697732122,0.1747681423814417,0.07711516409976722
0.09313651102811103,0.09983811030113517,0.04517918687223841,0.1336897937540473,0.08681884222323932,0.10411704165545654,0.033680388704527026,0.20499430464099064,0.19854582082025463
0.08649375683139553,0.11463885467444916,0.10061043586993074,0.14552444437879267,0.16775516144576755,0.08621350202513606,0.10874572278801457,0.0345438564828611,0.15547426550365262
0.1703956885401663,0.16632021892870438,0.06421025598364143,0.09430811677663498,0.11610716592956781,0.1604093131814288,0.07269866531160198,0.04210384029238675,0.11344673505586772
0.06359525664328178,0.07045632209919538,0.2880147414049479,0.1759280545725815,0.07009394900427923,0.07988969936330442,0.032720852416535544,0.15538857424528593,0.0639125502505883
0.13091548452263027,0.10074364760324028,0.009552392591657662,0.20378422363779314,0.20049885540905313,0.10837899420193624,0.03713964322934746,0.12183762814357273,0.08714913066076906
0.08433552842462988,0.08732676972657477,0.17917205779808718,0.08646119704465932,0.03872135821852162,0.09904056568276892,0.19053998487322862,0.05853379255364572,0.17586874567788402
0.12011533147724555,0.16327594214875926,0.13169840302170166,0.12346605878676876,0.07209556528080675,0.1033747069396887,0.06489640294030906,0.08959841129256213,0.13147917811215815
0.12102584867188189,0.09723235495156927,0.05708600454279888,0.09936685615059072,0.14160075937382685,0.11620769260430741,0.08164574218914913,0.2194972717272875,0.06633746978858836
