0.11223179460670318,0.09959179261438296,0.13773668068015074,0.08743571939196598,0.09813000261186966,0.11532639949190582,0.11077420243965737,0.11224225003022943,0.12653115813313484
0.11037433662497054,0.11292682573438872,0.16762946381733437,0.08141301989318334,0.09993590480757826,0.10086512614457087,0.06680649048120973,0.1277301978933325,0.13231863460343166
0.10538057031139214,0.09991165606576481,0.1763383319694999,0.096199927028128,0.1301407906879211,0.1006657355262543,0.10050592847211741,0.10129915651753064,0.08955790342139174
0.10128662460290598,0.0928889696077136,0.16995346779821566,0.10685285423722779,0.12762809306391196,0.07922291576018607,0.1125881883874894,0.1283975756326751,0.08118131090967444
0.1166746309018198,0.11723892762951917,0.11220204275297413,0.11223999092191057,0.09693867017554784,0.12860620713375434,0.0678175866918905,0.12453341514380928,0.12374852864877439
0.10160078152605584,0.08401348316530906,0.21419646192558287,0.0833402276744869,0.08460317459411498,0.09895754174661388,0.13303979099298133,0.09237103586584396,0.10787750250901118
0.14052645655416668,0.1261749941566354,0.12208789561244027,0.07606094658666945,0.10466922726996668,0.0776424447374286,0.11737178572702356,0.0900002177107407,0.14546603164492866
0.1323502232988837,0.14314917974515334,0.05063919720922174,0.10618399937417751,0.13297730893038792,0.1215736290744633,0.11356801620789951,0.1205127315683359,0.07904571459147704
0.11766744554321089,0.09354385371917691,0.13881778711341378,0.11126942494436604,0.08718135471777753,0.10994813955481919,0.0952033468430135,0.13802716123226583,0.10834148633195632
0.10317742129668407,0.09810369909031007,0.17396698207986142,0.08053645455216697,0.10529462893072376,0.09557709429038515,0.11862824994944372,0.11506618018324107,0.10964928962718368
0.10155622197316089,0.12107917618564941,0.0836637744907988,0.1073690477255362,0.1258455466590233,0.11975263725439515,0.08199399721535967,0.12288552064479114,0.13585407785128537
0.10235200706392744,0.09422871939772644,0.16967198128219182,0.09773640322434353,0.0931109163219213,0.07716388308094276,0.12646825791612903,0.1084552565095459,0.13081257520327177
0.09728211953158823,0.10062124629127141,0.13492589407034802,0.12325706719875701,0.10260231165862572,0.12127633986194612,0.105695271757477,0.11610012838303718,0.09823962124694925
0.13085976184186435,0.09148828754978296,0.17451960835866928,0.09420252324416223,0.09407476797935128,0.09424443266628557,0.09901753456023671,0.134160245900426,0.0874328378992217
0.11601798353787095,0.0940689582213034,0.0894544918798751,0.07655171946650671,0.1490171541357551,0.10890536958426145,0.1264225526351961,0.08383378480203833,0.15572798573719282
0.1301397327475363,0.08550623902370937,0.1394079207374038,0.11921289988211342,0.09779786032972444,0.09509625267765585,0.11272374605305285,0.12202960827516968,0.09808574027363422
0.13304912389951465,0.10660040254970445,0.09977436856231638,0.066172938847017,0.1361790596545621,0.0911458344094651,0.13405142282457064,0.09406320240579692,0.13896364684705284
0.11101763966077537,0.14096740426861007,0.04113401002129085,0.1446949781845979,0.12017314669022394,0.14739901319757953,0.09309982054229565,0.11366555915834879,0.08784842827627791
0.1138326291808366,0.1129114676707157,0.14148698827539397,0.08360267142481087,0.09615910229018808,0.0961624290748795,0.12098455322017103,0.1162627591293461,0.11859739973365808
0.1199987946670193,0.11664594675237361,0.09024634843712163,0.10775821014108555,0.16673837830321947,0.08169906648163193,0.09150545988265513,0.12737942085303533,0.0980283744818581
0.12878655291446436,0.10090234483746108,0.11766997944746217,0.10975841614944587,0.12357676641933836,0.08846189067128246,0.09942236789306812,0.09880863000388079,0.13261305166359674
0.10160237685544048,0.08937171852901671,0.13493312710601957,0.14997838294498766,0.08467137038514948,0.10839637035933247,0.10734946575182697,0.12422277650447537,0.09947441156375135
0.10943803253160896,0.12018575710522772,0.09515210327834207,0.105979589385443,0.07761013106614768,0.17143248721421692,0.07710941183900169,0.12208037714311182,0.12101211043690013
0.10971250383164223,0.10453787472815497,0.1125627159014941,0.1014607303243716,0.09763791932646891,0.1536588656082607,0.07981328689490395,0.130911839128392,0.10970426425631162
0.12438505114735483,0.12085659297858926,0.1423224341235277,0.05076488031904369,0.09637134247775936,0.1285299337944589,0.07973726186598239,0.12660933303156194,0.1304231702617219
0.11850094187090486,0.09206254104930052,0.16343230548768586,0.05153690459071111,0.08314900235772572,0.13363084597130812,0.14149970490538455,0.10537983750360778,0.11080791626337146
0.09836487616461953,0.1060045717802639,0.1448948014681499,0.10581283835984201,0.1434542266049935,0.07306661301592023,0.10255513065789994,0.11067360739126658,0.1151733345570445
0.09251050797213123,0.10344143008633742,0.17862288913674726,0.11802389869649936,0.08956285874450749,0.11058552866303728,0.09187315739081427,0.09737021386528157,0.11800951544464415
0.10792550950654829,0.11054032491256112,0.13504460859442124,0.11532209032401324,0.10185638454497283,0.11016780114017555,0.08291228586973075,0.12161042498864988,0.11462057011892719
0.12523613926625843,0.15525619882367156,0.05123230357744945,0.11634568764407727,0.12844405807559744,0.09520565616412362,0.10676400256806177,0.11496045118330377,0.10655550269745663
0.1142836378737941,0.09482522847506668,0.19902359773119915,0.055673074485387435,0.07450243634425603,0.13442274263063012,0.08935935263442947,0.13096632712139228,0.10694360270384468
0.13098939201424806,0.10147446522689507,0.11480832839712023,0.10824941694597119,0.13457929360320753,0.07330373129990977,0.15092081125725335,0.1064149179928187,0.07925964326257608
0.1008600669590309,0.08782287596971468,0.17298436109928242,0.12818982304782958,0.08885750146498368,0.10283981984057046,0.11095027715770232,0.10896824719247815,0.09852702726840779
0.12060150348299359,0.10123432050274139,0.10341882744072813,0.07333220695854871,0.11726649983281946,0.1048111282584203,0.13015847874500078,0.10838927977443062,0.14078775500431698
0.10839660598607169,0.12206631573913455,0.02906426344677368,0.13526687274751237,0.19391708999071514,0.13528894360109853,0.10240011882328963,0.08495196692915374,0.0886478227362506
0.08406835056503602,0.08429895391161064,0.16899285704042497,0.1567840419976304,0.10767619171991472,0.07877674364747299,0.10979256734270441,0.12256237284501052,0.08704792093019542
0.10867220408305191,0.10364704247539303,0.11771415376282612,0.09399766885001593,0.13450321160495465,0.1112680740129424,0.08554331576942549,0.11914608477259044,0.1255082446688
0.10256945561885082,0.08880587011473721,0.19081877248195786,0.10023723554493091,0.1040575370670002,0.08181428677195636,0.11930009111435795,0.10422200536915534,0.10817474591705328
0.10109816458418441,0.09401284417705173,0.15273363128208775,0.1589869455239293,0.10880958413627938,0.06789096212065948,0.10036440004118219,0.09651627380715506,0.11958719432747071
0.1296574293398224,0.1297259843655877,0.09942358490829072,0.08595200935878357,0.12678516944641005,0.09927874639171615,0.11028238869812916,0.0869095983195452,0.13198508917171506
0.10969802455125338,0.08850247213964778,0.16724274361239233,0.0989516637393844,0.10740891601053663,0.10557537438266325,0.11905976745238338,0.0958027026915188,0.10775833542022008
0.12252037636949699,0.12637071549087286,0.07853512073740913,0.15441954449122242,0.12152099424766095,0.11623625359367921,0.0853926374729647,0.10225439430198831,0.09274996329470542
0.10048541347344209,0.13482365461309306,0.07987791093769477,0.17216692445529724,0.14563149713147036,0.1329596801505304,0.07159520421865194,0.07412947884906125,0.08833023617075891
0.12180329251803414,0.11914226432025364,0.12404855509965267,0.09913473734721501,0.11124673709406752,0.09639425203338058,0.08850166219501249,0.12038879607745834,0.11933970331492565
0.11122236956959242,0.13695829671776957,0.06351722685160245,0.13233769358722894,0.15117380537466735,0.09710253198268864,0.09589518839421729,0.10180990338608743,0.10998298413614589
0.09678606330872667,0.09886230357310007,0.12404340679115906,0.16217325577223926,0.0993048915265285,0.11638947912495011,0.0899813548728046,0.11407748001671565,0.09838176501377605
0.10940526315801684,0.09068541556208783,0.10995214886212518,0.1311023331089809,0.10987648114812403,0.08978648641584748,0.1165242941188166,0.15491206500185076,0.08775551262415049
0.10897131606477735,0.08789865697666442,0.16391076135330154,0.1070917295730428,0.09110644191228083,0.12739494255342645,0.10955127982401634,0.11270683976052405,0.09136803198196615
0.14044147191858147,0.0945106336300207,0.1083845258842664,0.08683403096247644,0.08533837500450088,0.11246893078369379,0.11705657614588261,0.13046228056445788,0.12450317510611995
0.12273427968875973,0.10614466133513667,0.06455138476014512,0.13936647801269855,0.1224350898363266,0.10201643836776346,0.14006498703541476,0.08504778655775334,0.11763889440600178
0.11801298712769287,0.09827987338130299,0.12100240860750601,0.1382690719063026,0.0961118421635495,0.08661630558536108,0.11116759220955008,0.11907465111831321,0.11146526790042159
0.11311772764905419,0.1364087757505804,0.07455590895176589,0.06644031621589641,0.119712692336837,0.11065977229470388,0.11065561902717369,0.11074198251254463,0.1577072052614439
0.12282849784966932,0.12064328946734466,0.10189888143031937,0.11900060585377022,0.11445113144789819,0.09737361496979495,0.09128435262627523,0.08503853907206664,0.14748108728286133
0.12421918456791309,0.12080077991212339,0.08311517174154183,0.11861128824916221,0.10508149230638243,0.1165029825032442,0.08904984390131358,0.11000060380106635,0.13261865301725284
0.12415106918735923,0.08828139442844708,0.1713691472765239,0.09403571138435178,0.08871326350039217,0.09549089397803294,0.10888224625865367,0.12024495140246057,0.10883132258377869
0.08609054498821912,0.1161013926950127,0.14037335181911795,0.1276345937794149,0.1070709085429911,0.10184910602898019,0.09024705567713047,0.13009231591922776,0.10054073054990577
0.11223058867342624,0.11230669268415971,0.14465657717829336,0.09303057211424338,0.0850988782981113,0.11095848760636662,0.0967221882996692,0.1218502163791209,0.12314579876660921
0.08966792830617522,0.12126408329366738,0.08162763620617712,0.19147592586351747,0.11635791592276794,0.08524795009214296,0.13440900494359848,0.09737551967148945,0.08257403570046407
0.11758772929322882,0.09386235293320666,0.16454822394421117,0.10192333232422568,0.09741761692836304,0.0922656312969586,0.11342228743745068,0.10918623715399804,0.10978658868835732
0.09928644656596768,0.09501829357809655,0.09555085909559102,0.1262569700626779,0.09427713553076633,0.15607470955806238,0.09161372953733887,0.12524450720194893,0.11667734886955039
0.0926967229046088,0.09965674790160771,0.09828392315386773,0.11509975048470512,0.17057048747029838,0.12151943241476544,0.09338257276816712,0.09800892445639452,0.11078143844558523
0.08720516541402845,0.10073911513033267,0.10005442822943661,0.12501369047703884,0.10609230846470656,0.1172845099088225,0.11283033576214475,0.14346442539933432,0.10731602121415523
0.10592640449914466,0.10730248941401453,0.10618423488047259,0.13522515653374348,0.122934881621742,0.08753868404347225,0.09928444879888303,0.11559541776799882,0.12000828244052875
0.12109820726642988,0.11489732649090086,0.1196727168183287,0.09335431117397092,0.07775139501113641,0.1328772111034252,0.10019575096303875,0.1022469425576233,0.137906138615146
0.14565787303356134,0.12268622279999948,0.07997000227114776,0.06401735370258332,0.12020747018614086,0.13386364534757278,0.13084450911943882,0.09531285695923702,0.10744006658031861
0.11087475830010719,0.09670638419235371,0.16180262270457368,0.09149930760806796,0.10915894492474082,0.07146262293695953,0.14684320060679182,0.09082163944485332,0.12083051928155202
0.11102406706196533,0.13052907398695984,0.08458123920925802,0.155099822906861,0.11562992044498926,0.10684686359133443,0.10826462388731306,0.10854650569814524,0.07947788321317377
0.13345170678129661,0.12686682092281235,0.1761952651959285,0.0611950561409108,0.1035822823883501,0.09507982459176374,0.10110970281166454,0.0797109952828572,0.1228083458844161
0.13655691977187195,0.12681195168270828,0.05770554925903989,0.11830184680952133,0.11660197612469576,0.09954915943623345,0.11470980112883926,0.1397062145327234,0.09005658125436668
0.11237327839258397,0.09928121302512881,0.16316685642958847,0.09861322808023039,0.07909223505379576,0.10447898731203692,0.10802067338030445,0.14077960957542038,0.09419391875091082
0.09995743715504028,0.10792601614278811,0.10911090145476872,0.14180189613582378,0.11664910626492087,0.13118603932634007,0.07184509104743915,0.12115870886588898,0.10036480360699007
0.11956902051723317,0.10614193152985896,0.14220103019017286,0.08441958614561203,0.07527833458251408,0.14055664166456097,0.08433887701170656,0.12592252811210136,0.12157205024624
0.11304809268130273,0.11037993107496398,0.13932423427714005,0.12014339307331595,0.15279579870802862,0.07100666853564604,0.10144305228263038,0.10296157518506077,0.08889725418191152
0.09672856515047774,0.09408570396807996,0.18126703652742202,0.13132290137786098,0.10148874951306001,0.09398045845345045,0.07979769054208426,0.11652530507636011,0.10480358939120447
0.11661125994945039,0.09797601617625813,0.15049998993517535,0.0818172404444198,0.10793653087404344,0.1043396706314499,0.12031359014844312,0.100320339393919,0.12018536244684085
0.14423122828586601,0.0937923457752171,0.13040080059432307,0.07299701184683458,0.11149558339745036,0.10594381057258424,0.10892167795222651,0.11805816056979335,0.11415938100570482
0.11645493481161505,0.09634151984664334,0.16694195254357247,0.0967666613067903,0.09389430672483022,0.12026497023805179,0.10039669714322252,0.12161310786134982,0.08732584952392454
0.10801008777354017,0.09467968189638813,0.12466685748919376,0.06369306607579225,0.14516448488937927,0.10194348285103727,0.16336988545095352,0.09000103802128893,0.10847141555242669
0.12074678424235552,0.0912617805958069,0.14563997300945591,0.07682607662564703,0.09615836891374104,0.10682441426536117,0.12516010631337027,0.1183667667287193,0.11901572930554287
0.09341986454587774,0.10122785074938408,0.12814333973744282,0.10905830471091336,0.09692979183477513,0.08517476844787158,0.16418324579711255,0.11200286770512301,0.10985996647149975
0.11201702512759076,0.15562590925742759,0.13150563198512963,0.08663474021288504,0.11714796897301949,0.09984259567187871,0.0783064418588204,0.10233271150230051,0.11658697541094797
0.126434960888431,0.11272012338863867,0.10316823191725683,0.09664384625625973,0.10857838162927487,0.11286545489834439,0.10576252347616677,0.13225484019567638,0.10157163734995127
0.10857987646475509,0.09175933798074765,0.13335592996791576,0.06756682188718703,0.1407320436572712,0.14087818798336893,0.11155466388403257,0.10252776217816646,0.10304537599655526
0.10725751240586583,0.11334339395588676,0.1105525821725963,0.09683490309363696,0.12570567672633084,0.1416853520953793,0.088228040644641,0.10843726342387404,0.107955275481789
0.1061042828957,0.12999587326512926,0.10010546284004523,0.12511153553694962,0.10706201045166001,0.13404758232315933,0.06347736505576128,0.15025405299716538,0.0838418346344299
0.08006705333916798,0.08098755334033304,0.18584951731750046,0.13116687137587726,0.1073227446615861,0.0930483709616831,0.11026250237743145,0.10761060527187179,0.10368478135454873
0.12304164539329927,0.09175444016145225,0.13729307746984695,0.10147181391996575,0.10742689687785324,0.09929437713467744,0.11973828569173682,0.1273803593648181,0.09259910398635017
0.1062380962190403,0.11778545847258208,0.13589007663207678,0.0988698240421891,0.14888136351198913,0.06840605672160384,0.10587528791886276,0.1000276300316942,0.11802620644996191
0.11827708332559154,0.12280142205497031,0.11608374651076836,0.07831778547059574,0.13295660386033406,0.12266575366656185,0.09321741390392328,0.08168493713452527,0.1339952540727296
0.13513455951821282,0.11018073476022956,0.13425395850159835,0.0773577654130942,0.0913427121889273,0.12201379047278064,0.1062500111854932,0.09754768874196412,0.12591877921769978
0.11440483517525646,0.10907776708414378,0.12428494619298343,0.09668888651098245,0.11320795158377202,0.160628299614158,0.09479103715447675,0.09093920086936232,0.09597707581486471
0.11108025638808992,0.09488230328222265,0.20380864732255155,0.09726675311452042,0.09555687657196138,0.08504892857019625,0.11367293395302698,0.10541692447900507,0.09326637631842578
0.11472272028018332,0.11122466353557812,0.09477727100906498,0.12451871114676723,0.10053574987163572,0.10120715888673722,0.13129339993210126,0.1201486435780809,0.1015716817598512
0.10850799854071819,0.11164683595460116,0.09665483885053032,0.10574063553530078,0.12461732917369789,0.11587738476530678,0.1018407889309562,0.10486142673188177,0.13025276151700693
0.11816700021580524,0.09909880169141642,0.12010414727949753,0.13096611344413847,0.09120713934245439,0.1117514275040754,0.08867159969468479,0.1240394622355962,0.11599430859233162
0.10078832354508087,0.09994715743448913,0.12149003842060047,0.13428568520594641,0.09965058000676415,0.10637204929121936,0.10200805689911979,0.11645133814262558,0.1190067710541543
0.11191288111351355,0.09073627794760747,0.1417378264578868,0.10266461044711983,0.09995061969885344,0.10842714686412298,0.12500794228296394,0.10758565660596359,0.11197703858196845
0.12130761480686432,0.10076917460591951,0.14918747229092877,0.08415520937444622,0.10444770410010702,0.10637940459714927,0.10333790121495741,0.10633683924637448,0.12407867976325286
0.12438519513327269,0.1308296935365444,0.11231876575722173,0.056498027086752146,0.07417125530047462,0.1406634929904581,0.10861711922069857,0.10290096378594875,0.14961548718862905
0.12186108942358316,0.13404504459197145,0.07755545664483711,0.12226112672583016,0.10738888270563107,0.09770288639745968,0.10735784106621211,0.11203395495782169,0.11979371748665348
0.1261739710694115,0.13414152067999188,0.04638271106174661,0.17872798385018385,0.1449634002725451,0.08149640921823721,0.08209535184933482,0.14390551992380593,0.062113132074743
0.12538401234432767,0.0994938326439077,0.14730158636271784,0.1114101262773934,0.09110991389994237,0.10326101846889509,0.09523261077337965,0.12401611230091947,0.10279078692851684
0.12261710378610798,0.10405671590640797,0.08955471844986966,0.1206015735651081,0.07728984775765603,0.12174893689037701,0.10982729538195246,0.13398828737413143,0.12031552088838937
0.11485644882432744,0.11322987853724335,0.15589892983177966,0.07231432455965055,0.10574072819742104,0.08646349397973374,0.13526328621292574,0.09438256602293632,0.12185034383398217
0.0925612991139258,0.10825790417614256,0.12173590770214565,0.13118590839670627,0.1602393771362378,0.06667492097501854,0.10599635281376217,0.09866812520392847,0.11468020448213283
0.11866281504693,0.11039142665240152,0.12637095891024894,0.0855520423440998,0.09312023139391608,0.1335653254717123,0.07669497050951136,0.1660318447707186,0.08961038490046132
0.12672298828289605,0.11624945556479065,0.08919372298453783,0.11418702422222433,0.0818983865568592,0.1230698934952494,0.08843727158409019,0.14528960210293634,0.11495165520641608
0.10861289257553487,0.1044575359161733,0.12013419852239116,0.11405107889376505,0.1305824604860166,0.08326409598909586,0.12220909295618183,0.09036475259534112,0.12632389206550018
0.10328913123925702,0.10013578737252664,0.147295095600658,0.09916295515653946,0.08880729950699544,0.09271847643511387,0.09875885734963197,0.11922856753783624,0.1506038298014413
0.10794314429138985,0.08326469064637958,0.161220111422171,0.1002527601823409,0.09650447606933688,0.0896674011422469,0.11334358437688481,0.1100399931319299,0.13776383873732023
0.11176584173131467,0.08947420835577787,0.10024697313035796,0.12318083109918514,0.13353374472104626,0.10042842363650745,0.13813827680826002,0.0902008231671015,0.11303087735044909
0.08763866082574501,0.08110501334893466,0.18053730063676188,0.12656456954970152,0.10151285215085154,0.08551480795686033,0.12230002589944573,0.09351974687871538,0.12130702275298388
0.12959984613929712,0.1057011941422034,0.11987718549849331,0.11473523492814003,0.09019557698092273,0.10129838031522864,0.08220647607777633,0.12686787789649753,0.12951822802144095
0.12509964805199894,0.1095495257954822,0.13359343331215698,0.1190525300506663,0.1021642416974911,0.09306995494005536,0.09416863240986806,0.11679560507901332,0.10650642866326783
0.15005181117230573,0.12804538505895005,0.0901084358601697,0.07119478868434932,0.12423201368957053,0.13533673777951594,0.07937287456681827,0.09783410154106102,0.12382385164725938
0.08769990500382878,0.07826280007156615,0.1893402261724092,0.12911194697078657,0.10930735842676349,0.06963339490671912,0.12513675920160552,0.1053882587741859,0.10611935047213526
0.12250204687691509,0.1079392417242453,0.06421930727268231,0.09770617024023025,0.09789886032616875,0.11974198642163957,0.1082862592310775,0.12439178896480012,0.15731433894224126
0.11072631791737826,0.09294075247536372,0.15926255766923247,0.09768734711808173,0.08959526555870652,0.1251896470947881,0.10549714286795266,0.125804333038245,0.09329663626025149
0.09315785312211027,0.10330203818439343,0.1259973111305193,0.09586359125043085,0.14985181831522262,0.10100836109969041,0.09018521409596093,0.1299492489205451,0.11068456388112709
0.11946312291025658,0.09088312017095934,0.1263759105311724,0.08771017893930418,0.14598390602684466,0.08749808679153748,0.1338534841706097,0.09428131387254211,0.11395087658677346
0.1035180827673405,0.11139789413911294,0.0632647225660197,0.10553117817290542,0.13168035349842966,0.13688642997288772,0.12375782703494552,0.10396308813943878,0.12000042370891974
0.1111912732913121,0.1402207754772718,0.0634209737295017,0.07372805088158435,0.10521129354730964,0.18344996621864865,0.08339997259988462,0.0910550039449091,0.14832269030957798
0.0972793968787794,0.10236967753080584,0.11103457177149308,0.12222132762993271,0.10721759443692154,0.08655887140324765,0.10754240094749241,0.14085643142406684,0.12491972797726053
0.12739799008209993,0.10410627502535395,0.1203491509895782,0.10547102092014075,0.0932374626076038,0.11234305357126574,0.11216458951763235,0.12505051143069543,0.09987994585562987
0.11899600768686003,0.09756196254475812,0.14957227388512925,0.1459486847663031,0.08418056912302489,0.10112981982443477,0.10498988896588184,0.10208536452773224,0.09553542867587583
0.1106725299895559,0.09576501715968573,0.1599773128657524,0.07815536448407998,0.09991303994933398,0.12633783566718815,0.10000332586509818,0.10956283063725307,0.11961274338205265
0.12319577866075111,0.09008392122524107,0.12986602272310832,0.08789857081352004,0.0995330847245413,0.10166326026053923,0.13602918741958758,0.10777687271453029,0.123953301458181
0.12961655867877342,0.08753487713326107,0.1819958405063551,0.07649639669623572,0.09390905817309615,0.08334917801500046,0.13535305718709287,0.09764361861986004,0.11410141499032528
0.11901523378917848,0.1217167600410027,0.09938756963278457,0.06807739933976882,0.11504905958318856,0.12091544114924917,0.10391277206114231,0.12829505044459635,0.12363071395908909
0.08533623037232119,0.093818609178489,0.13457632626647154,0.15303048939831346,0.10802354709634482,0.09918749026056202,0.10178010986377589,0.12486842788402071,0.09937876967970138
0.11681514467450593,0.13187768938299058,0.05368152672461405,0.15067771694545046,0.10728210523857162,0.10531136372820461,0.1012940978894206,0.12372739959591557,0.1093329558203266
0.11040888208701115,0.09956135541682327,0.1472131979192469,0.10347429517707858,0.09540415941160574,0.12328550445016297,0.10605843433743399,0.11605253990763098,0.09854163129300653
0.11463133208870972,0.10366501063853124,0.14841012647459612,0.08324786742555133,0.09818190985637748,0.12229213703766367,0.09106591767962159,0.09586545978478878,0.1426402390141601
0.11019386308410838,0.07427206123402752,0.16971806114867635,0.10648910256828314,0.0977129658226392,0.08967425220087515,0.13203185719013777,0.11365949465213983,0.10624834209911262
0.10602774207223635,0.11268763766396796,0.14719717129111753,0.10454730172319902,0.12257969009791704,0.09729513639673032,0.09069617809508929,0.11524002334326268,0.10372911931647988
0.11318883791038674,0.08915899641438207,0.1734027484602447,0.10972518524097995,0.09739603632118111,0.09451801785165242,0.09806806481559727,0.12626658809118138,0.09827552489439444
0.13711953847697136,0.1251721079849826,0.07896476470862213,0.11223139550546497,0.0774904976525137,0.1381951072072186,0.08710300382219699,0.1067783516379832,0.13694523300404654
0.11850980663716558,0.08809921290418975,0.12973025735786098,0.13659019431202227,0.1144806195559238,0.08041951860761642,0.11623773350988549,0.12284060586885381,0.09309205124648183
0.1005994313192032,0.0902419002425257,0.15693765687081618,0.11791055869600402,0.11359781869740869,0.0879009241152124,0.11744429432669683,0.11906383702754893,0.0963035787045841
0.13001042793107753,0.09779884813244206,0.08313542077407457,0.06705332024994197,0.1422114256505649,0.1266637516510822,0.12511892550374756,0.09365251223811687,0.13435536786895239
0.10828635086509177,0.10415072535278223,0.10322522195501056,0.10181455925129372,0.1119576218288847,0.14119660066536702,0.1295036478047891,0.09122232626549254,0.10864294601128838
0.12558816387998442,0.118074701711625,0.1294055941825582,0.06886542991792263,0.10636662508078519,0.10010894509308908,0.09450304128472552,0.1164494878689316,0.14063801098037837
0.10969595581077202,0.09100623533810025,0.13753032959717165,0.10307557351552665,0.10757455083018347,0.10189816767752326,0.11307048784892142,0.11519142296674252,0.12095727641505877
0.1209027228473362,0.11485738474269631,0.13155703676259112,0.11337042814938351,0.13003595378547017,0.08767903875845075,0.10336817803678122,0.11116248004274192,0.08706677687454872
0.12739799008209993,0.10410627502535395,0.1203491509895782,0.10547102092014075,0.0932374626076038,0.11234305357126574,0.11216458951763235,0.12505051143069543,0.09987994585562987
0.12098065608645685,0.10366026600989058,0.12650711632914902,0.10614949672932028,0.09627900820158408,0.08804243609630914,0.12607521708573055,0.10879765232783044,0.12350815113372904
0.11574007164745707,0.11034975367782036,0.12982048027251702,0.09556142169635651,0.0759484932153159,0.13646093027794443,0.08437185976424229,0.138376857688461,0.11337013175988546
0.10798097015122181,0.09636313849261935,0.16432637239031997,0.06829043005509298,0.09723859026709043,0.11089704582953551,0.1255024339851236,0.09697388003985279,0.1324271387891435
0.11280344589459888,0.11186167880040689,0.1294783510090413,0.10237133347094374,0.11157567548724817,0.13752551715035424,0.07735095595725501,0.12896469941371005,0.08806834281644173
0.10078832354508087,0.09994715743448913,0.12149003842060047,0.13428568520594641,0.09965058000676415,0.10637204929121936,0.10200805689911979,0.11645133814262558,0.1190067710541543
0.1192475093594166,0.12245627677177702,0.13910048267280473,0.07338384260979965,0.10071185354744637,0.11955864075161178,0.08755366482305132,0.10381934384417445,0.1341683856199181
0.12363040882997467,0.09844305827056814,0.10638268846277286,0.15767324682450837,0.06973122750699971,0.09970632962782715,0.12003417341366868,0.10439807675585137,0.12000079030782902
0.11198020092504612,0.09653102407519655,0.14387555995587412,0.10602474775353403,0.1238247678063696,0.08704820249007479,0.10092982745095176,0.10837407331937814,0.12141159622357496
0.08715090163728123,0.10881404589461086,0.11325638605462456,0.1033896681495199,0.10997905596587365,0.14864891912961095,0.11716266260475298,0.09331172426842142,0.11828663629530439
0.12966330539724608,0.09437821057103309,0.1752208882026388,0.0870318458229722,0.08524767328639414,0.09269796126653422,0.10535025056842516,0.12640232652694228,0.10400753835781405
0.14064381001831125,0.10482660537526194,0.12378326415991885,0.09734388594705075,0.08227779320566696,0.10795991958154061,0.11008134253351232,0.12741909233516074,0.10566428684357669
0.12132096132933334,0.1072427268744478,0.1305978146929304,0.09959932478760074,0.09996858327127367,0.09846885740347573,0.12394186353809673,0.11420312729776083,0.10465674080508075
0.08189315010203614,0.10373892443125864,0.08003609414065732,0.11885257221341317,0.14588430711102168,0.07450217591749086,0.185224786394573,0.10114248689467494,0.10872550279487421
0.10571685881197661,0.1383584360824206,0.04366994076625221,0.11485091462936904,0.17703263712508135,0.1142740898041692,0.10925824091447106,0.07766246290049765,0.11917641896576224
0.0943190106876054,0.0837416257821673,0.23195752426947824,0.0985751563876804,0.08045648994524955,0.1105182639867018,0.08650167785042516,0.11456399358091034,0.09936625750978179
0.1100096674238163,0.12661081029710725,0.13432666279477365,0.09988964718134102,0.1240876121010589,0.09477544289117873,0.09437572350890755,0.09474795449906903,0.12117647930274762
0.12147223074447651,0.09578060248789184,0.15372356888195338,0.10157972538908379,0.08419406195069629,0.11628942318246588,0.11654189341249092,0.10583513866556922,0.1045833552853722
0.12544711483995888,0.09199528331520378,0.19342816615522349,0.08235489586586647,0.09045567032975466,0.11030849256232096,0.08932937295752852,0.12262975839627453,0.09405124557786876
0.1321044319914222,0.10982537043212821,0.07739223700992366,0.102409644643893,0.12599293604883044,0.12997885824863886,0.09027910143420392,0.10510526021650642,0.1269121599744534
0.09506221580913587,0.09797034634820857,0.10069397091395131,0.1769086907868874,0.11512037864366181,0.10163372361817909,0.11372100299745068,0.12166484476950662,0.07722482611301867
0.08444596328679795,0.09741012279825322,0.10415857617481551,0.19355346120841044,0.10694007464761178,0.12035015727614012,0.08484418015185219,0.1188812436368209,0.08941622081929791
0.11594415941732701,0.08031574438369828,0.09786448003271302,0.09406214498332632,0.11409589741846031,0.13856495027518623,0.14859370939051655,0.09159557283438026,0.11896334126439212
0.1342021832250033,0.09324473844622573,0.10019606502524465,0.06956164480090828,0.10827845427516174,0.11443890865720778,0.11688952149408899,0.12355470301932307,0.13963378105683655
0.12083349710500545,0.09308977881748004,0.17440812247979606,0.09853910518677002,0.11972107507650913,0.06305933951130943,0.12823923807207474,0.11051418535118789,0.09159565839986722
0.11236218771501823,0.12160247767824854,0.11654695914590167,0.10621986578546501,0.11718627265481851,0.08900878941681312,0.09876521600232814,0.11873537251972856,0.11957285908167825
0.12652998244502422,0.11658320866785067,0.09284742095743133,0.08130211235732168,0.10354193628934248,0.12648954292147593,0.08786882147060017,0.13733387734153837,0.1275030975494151
0.08829940526084262,0.10739977034230193,0.08739308872183059,0.09912595193166927,0.16510396279097658,0.10051291757927842,0.16366740841440014,0.0942112696304495,0.09428622532825102
0.12106262070524781,0.09240457297947985,0.1562011750491571,0.10202887123979,0.093769874468905,0.10359998608219978,0.11167608695775634,0.1115875366273406,0.10766927589012354
0.1061046826578977,0.08787237972205386,0.20903918838144417,0.09245634189618451,0.09236408595769545,0.09754845651871498,0.10754173559749969,0.10257110059100923,0.10450202867750032
0.11015604051910743,0.09047093277778034,0.13586737697276893,0.11456598687159157,0.11319665499381061,0.1027582212782952,0.12767475193299094,0.10788831249201765,0.09742172216163732
0.11580391712187471,0.10127987360320602,0.13229347565507413,0.12017240760203278,0.11833011270493445,0.08522988037705036,0.1161795103193481,0.12182904373866561,0.08888177887781383
0.12355237948500157,0.0957987209300808,0.19108791122389315,0.08120176940991221,0.11268304745462061,0.08522961067664797,0.1267893100891323,0.09707810541974225,0.08657914531096912
0.10851080250555216,0.08506608117403076,0.14772589563095276,0.1139692325242078,0.09066795390519511,0.09549553085376118,0.13665675296533633,0.10142980837381531,0.12047794206714862
0.10053079895298488,0.11809949084082484,0.07518112110566122,0.1652953123227383,0.12135741753205159,0.08004599983957107,0.13833861698822061,0.1096618986206608,0.09148934379728675
0.1423561774633522,0.114591339182742,0.08847203135901784,0.11074163814998501,0.08855210431430845,0.11199176062854145,0.0948900081402031,0.11759135380503456,0.13081358695681533
0.11532914631759889,0.10776752695785509,0.14040016641802835,0.08939736360176032,0.11381861188999025,0.08593497841713767,0.13506572522585802,0.09857967506936866,0.11370680610240273
0.1221830364280383,0.09253487569649686,0.16759316283980627,0.0970142763641183,0.08442647769412942,0.07977094719269213,0.14616008221889432,0.09876318793080945,0.11155395363501501
0.1193989616898095,0.0971553396761899,0.19506284992256417,0.06794864792571657,0.10043785132093878,0.10504882518526419,0.08808686800763836,0.12282148239958157,0.104039173872297
0.09762780429764735,0.11148756764596977,0.08963169182842512,0.16699296953919648,0.11954530524967182,0.08836652521432888,0.10993307810550566,0.11535823529767707,0.10105682282157791
0.0909042814430372,0.08480287556228762,0.09529660055399501,0.20385784422274456,0.11665551100678129,0.09668596748893644,0.07978890537941773,0.13518510996934585,0.0968229043734543
0.11946653544491,0.09166751967324221,0.10855375231201875,0.1647735510086393,0.08553550473168485,0.10989722328688244,0.10170386849915242,0.1155534938557689,0.10284855118770116
0.10030931968534738,0.09950320336942375,0.04385228415578235,0.12100336622553155,0.22473315646583858,0.07917443686794116,0.14849302410326337,0.0929202035649277,0.09001100556194414
0.12200978123170197,0.12361825649121448,0.11184636608441008,0.09553736808987008,0.10815062855306147,0.10358994280316852,0.12594287701274479,0.11618184794007347,0.09312293179375508
0.0944297149609986,0.08573028071769197,0.1912127011721868,0.09640982179981299,0.09213250188219246,0.09806966633977367,0.13048413866061,0.09814368008976475,0.1133874943769687
0.1183689406115657,0.12140971187170095,0.09155652479856058,0.12227842052574411,0.11612307273362403,0.11537157516393683,0.08875800913919914,0.12208906172672053,0.10404468342894817
0.12587625797960036,0.11167170487904915,0.09228421759749365,0.07690506780400949,0.1220762185061816,0.12046287592260023,0.10675987161061352,0.09059861456336493,0.15336517113708703
0.10638987517367489,0.10152511375284191,0.13116492484009526,0.11391929854623466,0.0850153502500411,0.1190552468214145,0.08570360849416629,0.1373851806454828,0.11984140147604865
0.10746043126708149,0.10064483986611761,0.12282587027206221,0.1101851939615968,0.10184861878578681,0.11955230365928154,0.09032550392728021,0.13554749632867746,0.11160974193211586
0.11047607425741589,0.1102109556089889,0.10238523933155134,0.1164593929383585,0.1444072609176387,0.08313798908519603,0.10691611842851301,0.105439405984868,0.12056756344746976
0.11867242964362147,0.13138906081891252,0.04665580870932221,0.18124254808336593,0.11471548301249819,0.10484095484129029,0.08721301596699028,0.09992172641090881,0.11534897251309033
0.099543635410463,0.09954762351349565,0.14396514094820942,0.12105089540231363,0.09583575981473509,0.12619974558723474,0.07906454639864637,0.11977726148250196,0.11501539144240021
0.11651423096391848,0.0962113108723512,0.09424667426217108,0.10317210085364244,0.1539717762749499,0.08035938922860036,0.13111484741042262,0.08716391020694876,0.1372457599269952
0.10870705678678187,0.11839013092676642,0.08636605587519881,0.09543578746107355,0.12668765295259005,0.09579971099288527,0.13341663445053406,0.11721789598248449,0.11797907457168545
0.12122815340743494,0.11215576077396418,0.1306571369112645,0.06688431298928438,0.12363072730710646,0.09578691010029035,0.11436995701464552,0.10388308308400436,0.13140395841200533
0.12223582115103006,0.15798707239206436,0.04343181214090321,0.1269798595083336,0.13443726424042898,0.08767930388998153,0.11190185464842926,0.1114971207644081,0.10384989126442094
0.1045739652646774,0.08481007900954012,0.13028836774969557,0.13311464508162343,0.12565130624819845,0.08605813682956524,0.12398353653344385,0.08895486851473762,0.12256509476851819
0.13718213642540938,0.1370880731532208,0.10438459029222641,0.068237695646094,0.10501919463100613,0.11390724310927414,0.10881405108613941,0.08473365884694001,0.1406333568096897
0.1056227332765544,0.09966535658906404,0.09657428200536546,0.17557976085279706,0.13280402768611924,0.07778325039092283,0.0895579813806495,0.10114845782339436,0.12126414999513309
0.11088180075312633,0.11599069631665603,0.08534670142531235,0.10530055151151858,0.10972633458917103,0.10736308051662237,0.12196545786480535,0.12387525461634004,0.11955012240644784
0.09834477166923039,0.10078902397184807,0.18942253798066108,0.06065222529218658,0.07308289216285423,0.13966485850031887,0.08430316997413771,0.1491880789610774,0.10455244148768562
0.1323502232988837,0.14314917974515334,0.05063919720922174,0.10618399937417751,0.13297730893038792,0.1215736290744633,0.11356801620789951,0.1205127315683359,0.07904571459147704
0.12061157742886784,0.08590666030688467,0.1462003606500216,0.0693356324281842,0.09575366945236514,0.102729996803392,0.15481211869114608,0.10081563870575187,0.12383434553338657
0.11073430939362143,0.1302872194982516,0.09312815030582673,0.07942574287421299,0.11575100408003658,0.11494790281112992,0.09047787777953607,0.10581803132860508,0.15942976192877964
0.12976969481226105,0.10019269477991322,0.14408383511335252,0.05909324425758944,0.11466646723716106,0.08387367658444968,0.13019122756966647,0.13530382092225926,0.1028253387233472
0.1102306094019996,0.10502110359464056,0.11598746099366412,0.12151731410728887,0.09221040423635762,0.10956279659961243,0.11452056990050036,0.11816891173253263,0.11278082943340369
0.11905468732286256,0.13730270051786614,0.10787290972805975,0.05980263109459354,0.15111931272512882,0.10610847846439776,0.08414631768980296,0.1081935446248397,0.1263994178324488
0.09677386397557386,0.10187125625299587,0.14820362278083157,0.0847673817011464,0.10403619296748064,0.13277539994625828,0.10053056707983209,0.1069951294039595,0.12404658589192182
0.09930711378855474,0.09618113159771914,0.1688770010885768,0.12320569076474767,0.12365619936455642,0.07818435504674538,0.09701875099696104,0.12553503505414376,0.08803472229799496
0.12025374598085553,0.11259207514185599,0.13301572957910668,0.09612602430152994,0.10005342557505863,0.10766228421483377,0.09783375299527773,0.112979431306785,0.11948353090469671
0.11956077173848904,0.10466004758929388,0.1284966729323461,0.12766259389916892,0.09457016752382152,0.11261395525414046,0.07696007339626205,0.10970638547745015,0.12576933218902792
0.1513291508828187,0.11429587065620694,0.11896962146709807,0.07253312850367644,0.08146361180612664,0.14150843015875955,0.08324628867069091,0.13436154514989287,0.10229235270472992
0.1301358965805484,0.12464895149802213,0.07642604873198387,0.11439593304560719,0.163074648143015,0.09380750726876036,0.09667868486926895,0.07037720301499635,0.1304551268477977
0.11414476228987287,0.11531776697931094,0.11371346470305395,0.09812382901456822,0.10218437785390445,0.09805427653268146,0.09370342755988843,0.15689308023333234,0.10786501483338738
0.11189462132254131,0.08611264687688062,0.0979294170786017,0.09075547444606262,0.14891768085158663,0.10812776598835026,0.12139515695795393,0.1014320651460226,0.13343517133200025
0.13378386034782408,0.109226703371057,0.13692713127982356,0.08510067548488448,0.13867373890679044,0.08306056774580191,0.09733360149807575,0.12418639858312834,0.0917073227826144
0.11864512299861056,0.11177092120204413,0.15380694471194076,0.06642603120937261,0.09065348899120397,0.12205437439645224,0.09781709602032596,0.10507479906335226,0.1337512214066975
0.12479352019307129,0.10978905388892264,0.17368697678167644,0.06801452727293723,0.10957001128929288,0.12788436337219675,0.08774601293847427,0.10488419583455932,0.09363133842886913
0.13050713622397223,0.10689064918275738,0.13711824318601049,0.07894212918907233,0.10040418083448388,0.1167331213382649,0.09029769102725556,0.11279322801389724,0.1263136210042861
