0.15714658843463924,0.09165630463896235,0.08447778410994815,0.0811724625011755,0.09530097787934232,0.12356514763462949,0.050514652046043135,0.14330156828164892,0.17286451447361087
0.12254511310073658,0.12012187215168184,0.08704663992030916,0.12606332233792863,0.1350939880452632,0.14668026933403908,0.06674891791399183,0.13583281867647298,0.05986705851957678
0.15322133289459056,0.1348658622962261,0.09026406448958108,0.07373851548687392,0.1347640821250714,0.14150256747626372,0.0657279395093614,0.12839556732333077,0.07752006839870107
0.09664715696050523,0.14050362983930118,0.13012016609368562,0.07008653452573459,0.14882997857620475,0.12791672086995756,0.10282942928779225,0.11760154803149807,0.06546483581532074
0.12580835125465592,0.13421949476047113,0.10438568161966233,0.1352678428099013,0.14494704524411878,0.12196233859556588,0.058150109933156724,0.12060523250248012,0.054653903279987814
0.10083791499822174,0.12856497234912379,0.1017759143025564,0.06380013540089895,0.10920463234957616,0.10592400707382221,0.07809010773840133,0.12140051710534257,0.19040179868205684
0.09350787494604917,0.12488566798252443,0.10744975859321317,0.06107359909186658,0.11837150972841685,0.11547399978581356,0.06645292143354498,0.139083771238151,0.17370089720042026
0.14988188121511994,0.11076186986594651,0.10022764480442832,0.05478225530981726,0.12504618429009556,0.09624302264101274,0.14949589264806268,0.08234543799094109,0.13121581123457593
0.09903909022333568,0.13061052093758854,0.1198201704516824,0.0500519122266373,0.10423344555842211,0.12905184238499726,0.07400759726643803,0.12295382706604087,0.17023159388485787
0.14919615189638494,0.1272016115070562,0.09815639669196703,0.06670558577123994,0.12662716183638242,0.1291935059979152,0.05872677900938953,0.1167290904577452,0.12746371683191957
0.1498711114398651,0.104984141375615,0.0756672909638061,0.031619252835325275,0.11969664179363963,0.10453921402384785,0.029947409497668682,0.09449005914705068,0.2891848789231816
0.1337263294913415,0.10804925832396213,0.09193259997293891,0.16395281016493826,0.09609260561185724,0.08089121790369673,0.053238447047513536,0.10278529879885213,0.1693314326848996
0.12075857234369425,0.12855179268176384,0.08455344284458872,0.16550954071298088,0.11259210802575015,0.08787663453648491,0.08806547972546026,0.12294360502804876,0.08914882410122822
0.1072837305773724,0.12100706685720171,0.12071927033774466,0.0595880716924683,0.1275687036522424,0.1313022338993176,0.05981508016996557,0.12155390229695218,0.15116194051673523
0.17902418077736235,0.09253655398140286,0.13476491644736802,0.16402156998299403,0.10581979506869317,0.08662583281870867,0.133758169493629,0.08321700619715117,0.020231975232690824
0.17842868062316186,0.13564001033482234,0.0880670269231087,0.05439288069098099,0.1601394129002809,0.12923208542839126,0.038043993076806,0.09807238736494191,0.11798352265750599
0.10766983355438679,0.12337389204477688,0.11946703494682143,0.038213375780908575,0.11452387544472159,0.08630092267757934,0.09945076176221763,0.13217124941759728,0.17882905437099042
0.0894315898136439,0.1076362166402156,0.08261127947393211,0.20038345283325856,0.11102325886730217,0.107583227407216,0.1994346005939248,0.0685588259532988,0.03333754841720795
0.08332835725167885,0.0943880942105426,0.11812791902767499,0.06420921368984168,0.0935253501907689,0.0928794575872632,0.05047914636941484,0.0866603449752965,0.31640211669751855
0.10470753147219382,0.105729344514923,0.0792242070981609,0.06690583617017067,0.11734354611259001,0.12497284116776086,0.046660394838371234,0.10322043701368849,0.2512358616121411
0.11766214473286017,0.1050873946745895,0.0942218563769202,0.182945281487824,0.10108127110138787,0.11330899910995658,0.10998331414455685,0.1110385834809308,0.06467115489097407
0.13215650487616223,0.14655959038249278,0.10122161507160876,0.09648507803741167,0.1403083656627588,0.13272829249120136,0.04957380507812593,0.10544797610947047,0.095518772290768
0.18151248635868097,0.1430122183733664,0.0913532881929317,0.10460049411894488,0.13377736783728122,0.12243568051697344,0.07243730109838165,0.09206695047186336,0.058804213031576395
0.08095579132869575,0.09190856842383643,0.11371913307841432,0.022277925812054625,0.1017107836135952,0.0955814181529363,0.04457088859876609,0.11144516601756842,0.33783032497413285
0.10841187837267628,0.09458982189991938,0.09489778777632935,0.14553687366761114,0.09642332096683183,0.11234660666886846,0.20163976085050628,0.11380807650211748,0.03234587329513984
0.12083437712151057,0.12027205503450507,0.07721973184415525,0.08967715042690332,0.10000610483983845,0.08740889458694445,0.12059216655475809,0.12193985307899141,0.16204966651239341
0.12459681208573409,0.13721661547879024,0.10021246577803868,0.05922829508745401,0.11287080141651447,0.10435111141262582,0.1001112707481856,0.12404766032766312,0.13736496766499398
0.0776921264779441,0.11088453047156732,0.10253568037907901,0.138131286996348,0.10661916471850809,0.11313955903731941,0.04535448088310253,0.12886842120831757,0.17677474982781397
0.11906835290932949,0.10049713276337569,0.14284453001289424,0.22866328016169205,0.11039776069393153,0.09450889721543289,0.09513789667156647,0.07626521484826836,0.03261693472350922
0.0897816567669668,0.0920881934779257,0.12592171632572077,0.049693308891838546,0.10025862964556194,0.11003990418293035,0.09474809386990331,0.09523087053243495,0.24223762630671755
0.12748776481201182,0.11806343459984557,0.10310749237483996,0.17256210965037552,0.12072021498873865,0.11692512341048901,0.12953452578634625,0.07952475324577084,0.03207458113158244
0.1924449781953171,0.137120940158362,0.08512044763548204,0.04816985737160934,0.111875868566034,0.133382975623135,0.05949690187547385,0.13412758292380977,0.09826044765077692
0.16607328355688025,0.1338620388158569,0.10571098214091706,0.07002218506049247,0.12310307366919941,0.1629895160861403,0.055669606068896184,0.11676474832536421,0.0658045662762532
0.09493431081005903,0.12107901515390714,0.09117431847050073,0.08962548995115689,0.10331254474341005,0.0974349787401706,0.06197406022214824,0.10246534179779891,0.23799994011084846
0.18527487052876787,0.12163725940404152,0.1135481376781402,0.0731251266135211,0.13667435606702955,0.10885007948061391,0.11458138799917623,0.11435326630457865,0.03195551592413095
0.10152332417078676,0.10046350530281106,0.1299886623149358,0.217591566263631,0.11386734006906642,0.09402024354535098,0.06525211870503557,0.08169747744512834,0.09559576218325412
0.09507228509722261,0.11829671524003098,0.10599723823545067,0.17688987591370875,0.09034256308031265,0.1212646093567395,0.0899161328935927,0.11159497627480768,0.09062560390813457
0.12347107941035518,0.14511338206967608,0.1123660168156001,0.0981880651884247,0.14137091642915667,0.11684616395322985,0.08766311772829172,0.08972552119198512,0.08525573721328049
0.135286496050087,0.1303937794035097,0.10247446797166271,0.12358858522213166,0.13838265334554758,0.14146723700939143,0.07457808224876798,0.11810299181923307,0.03572570692966879
0.07642736367724097,0.10489350668887766,0.0982437520997233,0.10896546072818603,0.10774705551439508,0.12948007791409083,0.22234822163988965,0.10418997645573357,0.04770458528186294
0.14349567350764222,0.12448941991023503,0.09394247737300536,0.08813326193929198,0.10866752386580487,0.1266539106921694,0.12701115628712517,0.11118731721965575,0.07641925920507019
0.1470616440738478,0.11077255299045013,0.10748477233549027,0.14469698807436845,0.11557706184721217,0.0854026880275255,0.10430012457720428,0.08530859832224275,0.0993955697516586
0.10146275378241966,0.10960977756206851,0.11627666226699557,0.1307248737639553,0.12573534508333362,0.1294865808371992,0.07495727694030939,0.1101023677384399,0.10164436202527888
0.11345644957278626,0.09387727227613873,0.08625855567764414,0.1831722362898053,0.07807941752949153,0.08570336844441834,0.1619904621667649,0.09569369484921876,0.10176854319373198
0.16673711065023433,0.12283482702923076,0.10006957603299017,0.07705096536916564,0.10895176629036059,0.10881539975069747,0.06206766811599096,0.12271395763218508,0.1307587291291449
0.08660989387652762,0.08467543864680786,0.1212899496218444,0.042145540933761626,0.08447448805302972,0.16103139327925145,0.03958007940771833,0.1064042515693772,0.27378896461168184
0.10264127210392182,0.11390278855293036,0.11882422166521023,0.04545373689952221,0.12933887828071575,0.1706215035499781,0.05456845718794814,0.11794901998457226,0.14670012177520111
0.08793171379878746,0.11235886161877372,0.11288883753029975,0.19650693732966798,0.12094277818638555,0.13494151785306685,0.09173936480998664,0.10768458627644793,0.035005402596584106
0.09212720285409508,0.127547043571875,0.09442710560888427,0.09939586055006437,0.1008175617854203,0.19280526744844875,0.10718029204984471,0.12156693696271025,0.06413272916865732
0.08163488995043185,0.11937702558789225,0.11469899016011575,0.22813738548199414,0.1276573099268243,0.12293338192006113,0.06393148215661068,0.09227460282073997,0.04935493199532993
0.14480590317838557,0.13773928575110653,0.12568232500359214,0.11360781808466179,0.15090377627982113,0.12317842736391756,0.04963660731703471,0.1014990062164154,0.052946850805065226
0.13387311522009826,0.11716734587561428,0.09531926042267452,0.0680897815842703,0.11859533198985117,0.12052948392118841,0.07661337592221243,0.13356392944609266,0.13624837561799796
0.08199168302596084,0.11719935879994138,0.11203416143001321,0.11464206198770481,0.1069320449613651,0.17184495448916834,0.0895068486549876,0.11194558688793821,0.09390329976292051
0.09710319889615542,0.11671549663853693,0.10063007061695878,0.08231548684871136,0.1312453483093268,0.12659892627016014,0.06303800526951316,0.13621460547521794,0.14613886167541942
0.1147139634067758,0.1109459555377728,0.12524271633712272,0.1188056858544327,0.11842520723375116,0.1409207226344574,0.10048435684699246,0.13562046384167128,0.03484092830702363
0.12741990177100385,0.12639064789654536,0.08581069622324687,0.054321681003044096,0.1180027826393491,0.13096351101712864,0.050918422630809944,0.12055842947467259,0.18561392734419957
0.09245004164584404,0.11079776939482504,0.11819055219467452,0.1307552436737975,0.11526407052468267,0.12197848139008945,0.08927741321027698,0.15011540939558068,0.0711710185702291
0.10679135251697676,0.13706020835364216,0.0927130934488692,0.038857722880950366,0.11313346332390313,0.12722164351271792,0.04786987832310064,0.13423125490991597,0.20212138272992386
0.15586346560907655,0.1144109444127458,0.11397552535914067,0.1254888283879966,0.11710170686423516,0.1113529696160049,0.06139893643163261,0.10844395173244663,0.09196367158672113
0.09462176153206592,0.11141126858821682,0.13079479342540293,0.08439534737801006,0.1125690575948204,0.16258444620145818,0.0903935708943664,0.14247528873014936,0.07075446565550991
0.1421611340971883,0.1428649577486586,0.10133295444777705,0.16781544367541476,0.12606668408541524,0.12234359632225429,0.07613265881547954,0.09030894241023567,0.03097362839757653
0.1283290391978116,0.12999509726818803,0.12857523857714392,0.04196628213274478,0.11781484097971195,0.11848558836682425,0.057080023929145796,0.12265405133836087,0.15509983821006876
0.11180900920089369,0.11120117074576508,0.10672037152060525,0.17766248406280305,0.12581277230718738,0.12604707411690644,0.055925797662788664,0.11916648966405367,0.06565483071899685
0.0667410254633539,0.0900007793367796,0.08836656472664911,0.09361360728955226,0.09028308766124778,0.10395546254324345,0.06812029432582789,0.09980299398239162,0.2991161846709543
0.0759317683859478,0.10563855559816572,0.11547947345010821,0.21067603619188038,0.10546238866338291,0.10279500621938766,0.055024993937671,0.08855616670634918,0.14043561084710712
0.13836170313371907,0.12032378855523991,0.10636962149747715,0.07714449910130587,0.10562361915220721,0.1126573334318521,0.07112435542312996,0.08009993209938521,0.18829514760568347
0.11858337871822892,0.11505473725053701,0.09753290121039075,0.18351105953855007,0.12438729349290467,0.12729734521589078,0.0699907600851737,0.12160473557411415,0.04203778891420986
0.14833201280854993,0.12405627142943425,0.10849743723196925,0.08407144914716957,0.10353910771138693,0.10392665572297084,0.08291209226504545,0.1437769466613669,0.10088802702210682
0.11451279656977813,0.11960646537238807,0.11542794586767179,0.12563648348568032,0.11246246066426242,0.1283682190921748,0.05357963101011665,0.09940185156296992,0.13100414637495786
0.11468442954847786,0.12089514017010627,0.11668378623975724,0.1263954039254906,0.10902153445693208,0.1211072617221562,0.11280207647596563,0.097700509211829,0.08070985824928516
0.10855195874230428,0.10958236669843179,0.14204181620331682,0.02768484596432789,0.09892880354779128,0.13191730061166732,0.05256514285938186,0.1513943626650549,0.17733340270772377
0.16103407958987231,0.10628330608789448,0.12481079951243956,0.1709093909190469,0.09588575760683483,0.09055625560010579,0.05991383461320948,0.08861752572648661,0.10198905034411006
0.09057387048654508,0.09721208033735294,0.10740745119009731,0.04418373286514862,0.09521633139539913,0.18432767496674785,0.17050693288934518,0.13009691991746067,0.08047500595190314
0.1378155431922391,0.10056962025060927,0.10788883397662158,0.1561487080799799,0.10239311871481353,0.08822415151092593,0.14757706732892117,0.11243728310412626,0.046945673841763284
0.13091107988420686,0.1035998900770533,0.08188785418019799,0.047191168897914686,0.08956679549257508,0.10366301892228968,0.05243721909883631,0.10343665620044058,0.28730631724648553
0.11791280114365456,0.11472955045689348,0.1074095194924185,0.18916869671317058,0.11193197841909049,0.08767758354813258,0.1323991879090817,0.10030521542570543,0.03846546689185273
0.10874068506813676,0.15832725222305655,0.09528039838584201,0.08126939977706643,0.14692725693269312,0.1684940387533471,0.04288007533583963,0.12080558380623722,0.07727530971778111
0.12224317282075574,0.10035603766043781,0.11052217784968998,0.14941013290029367,0.10362481309662674,0.09645741386605504,0.10880406967187285,0.1180322163724316,0.09054996576183656
0.07589064755170537,0.11042171728867366,0.08109359087174976,0.14097016539406584,0.10942555258647062,0.09502623458186134,0.06528043507408017,0.11354985364581831,0.20834180300557495
0.10333117531062998,0.14590694378760702,0.14397312292044914,0.12244680305860296,0.13609206083059303,0.154031152493614,0.05034044352056893,0.0893505474298585,0.054527750648076474
0.08769666454907919,0.09584754542569761,0.11383429907527338,0.029154911061628725,0.10562100559200394,0.1040862677859488,0.08192919082139523,0.11731264276165622,0.264517472927317
0.1119681055185638,0.11952441535610381,0.15443331970923596,0.058366152022327145,0.11055377184236,0.1822855384958821,0.054564283545009445,0.10798508131515668,0.10031933219536099
0.14955128585617708,0.12802469541599118,0.08744133734477806,0.17498103847221094,0.10900506349182541,0.11168145964089347,0.058424659795371335,0.1183496048004206,0.06254085518233192
0.14245755315458275,0.11548473970219526,0.11848853774611763,0.06440916433653421,0.10721323473904787,0.10706804767451157,0.15785525453134044,0.1293018412359163,0.05772162687975393
0.14946905108962802,0.1214549597809379,0.12546528532319978,0.04999878583532249,0.1421590575926032,0.11993583375426602,0.03948404708199166,0.08570962429108146,0.16632335525096956
0.10028196931635047,0.11614738324251184,0.11264079663699038,0.06884656576068428,0.11880811058478465,0.15807530020681457,0.06645015559562394,0.13268149964360285,0.12606821901263707
0.13762890980825757,0.12165584618946028,0.10262570517788949,0.1307313130125849,0.10752806106995672,0.09620739833037412,0.04975768206514595,0.12065968084788482,0.1332054034984462
0.13714550108575582,0.09031585171619451,0.09610693459774715,0.08599164399176788,0.1057483157042413,0.09881445933552883,0.25222859406836623,0.11923668218241852,0.014412017317979689
0.09668936974062492,0.1080978773442428,0.12001685451138096,0.06892493448806372,0.09954188263372994,0.14233029228337774,0.16139646768001034,0.09891159408066917,0.10409072723790043
0.10896142468188764,0.11506649751663796,0.10874369344931878,0.07997089099637689,0.10985817045053936,0.11012187943506997,0.052932434981004944,0.10461580752497608,0.20972920096418837
0.09147957542265099,0.09807332381170258,0.10986528107324156,0.1773605088656225,0.10161531490193998,0.1453276411544823,0.06898539522197873,0.11077094698411534,0.09652201256426607
0.08653649539733088,0.11301780862376846,0.11146988963552606,0.13247645644172332,0.1074091588260155,0.12595581524702518,0.14033068163847037,0.1191044200031358,0.06369927418700444
0.0764705480235552,0.11395922477563401,0.08631621885954142,0.18910260604690307,0.08781346403119779,0.0968606561583462,0.08230829264976322,0.12938476639675137,0.13778422305830773
0.08816844601617156,0.1041256681334955,0.130967733830908,0.08982015157139207,0.10974440201737502,0.14750870804549757,0.16432549010998312,0.11219364673160691,0.05314575354357017
0.09884444898602855,0.09101702792373305,0.09343393790398831,0.059487078993907004,0.11270050979718223,0.10467954251956542,0.14247545295231365,0.09324672236521563,0.2041152785580662
0.07167009047582795,0.09486965577838258,0.09707551900900845,0.138012809966859,0.08712105373042345,0.1286574789613117,0.1283966720704168,0.14866958809164996,0.10552713191612016
0.1291968840206221,0.11533070616860037,0.10716559469872329,0.1992535047292212,0.10891557534078784,0.09889974855074919,0.07185748888107282,0.10484960057869681,0.0645308970315263
0.11392613327880192,0.11333674998481182,0.13681216107264785,0.1296072661989174,0.14935433538703247,0.13039017812960377,0.0408367873937683,0.08841660387994876,0.09731978467446771
0.08030724524092514,0.10405049417460942,0.1541479068704484,0.051773469830938855,0.08782271746162718,0.11525080284523369,0.045801489206401806,0.11625235727236127,0.24459351709745428
0.15740010182125339,0.14157481891001428,0.12655905546361323,0.07460137134067188,0.12747239837072524,0.1193177370513205,0.07159818947483611,0.11092238383984591,0.07055394372771949
0.10581298160987963,0.11023599803359103,0.10049674741030971,0.024198633592138818,0.10871753191101034,0.17379012923644765,0.09180091561654379,0.1741835248062897,0.11076353778378938
0.10191805629648647,0.10279314800419825,0.11671877338874752,0.21590234223530871,0.12231942166019023,0.10992275728796778,0.055896325620146514,0.10111764144192491,0.07341153406502961
0.09192407314487334,0.10114946490877537,0.10914512637811424,0.0679948532797252,0.11173851088410262,0.11886735038076418,0.03719668676751354,0.09889812696242974,0.26308580729370185
0.10273000377860943,0.1292198010061243,0.1179647765609096,0.05803658561203114,0.11419143751670506,0.15194530864908412,0.07633974295180818,0.11555350726097895,0.13401883666374925
0.1500355423209155,0.135988578403723,0.09456009555058165,0.15420459491898655,0.15006925770614546,0.12361981498452378,0.06282490965421504,0.09360147077138396,0.0350957356895251
0.12437490429163849,0.12411643598617296,0.09267155621427399,0.11648959274171104,0.1124771464452531,0.10057750128776881,0.07496950375158405,0.10555352221860352,0.14876983706299407
0.12496181213663764,0.1272693522284515,0.12353323794496562,0.07404915320053133,0.11228919941905631,0.15586741669489879,0.07665765952811893,0.10653851522943632,0.09883365361790357
0.18242375792020651,0.17587109939496168,0.0990384376663838,0.04765989234482543,0.14646133156243543,0.11563182860448863,0.04995006711467306,0.11403584024693669,0.06892774514508875
0.07873220409038764,0.11110506361133321,0.1253268804743173,0.08506584530117851,0.11114463844002191,0.16516232704195796,0.05246696799114181,0.10892289942489568,0.162073173624766
0.10282332018487843,0.10597688572409592,0.11873219162000477,0.15757705071927577,0.10980525541754436,0.1060322797007937,0.07950929805712074,0.14779062501982268,0.07175309355646355
0.0795259565903196,0.10782713067013176,0.09538717668724994,0.12143342012702474,0.11506936935960839,0.1098703918854982,0.2109941594839216,0.1041456777382021,0.05574671745804374
0.07181920630593307,0.0926061846513373,0.09432465098911204,0.2822031960296062,0.09754752877098365,0.10280685764038389,0.07040033064517201,0.06680399697432365,0.12148804799314812
