0.1386281015702672,0.12366180814615058,0.11247990032718198,0.1577446245314981,0.05610805557925877,0.09840571974420054,0.09623400419929311,0.08748375217639683,0.12925403372575286
0.1679505564508705,0.12100723483528221,0.11773929092071515,0.060468252060060096,0.15069776852791064,0.08293556248896015,0.11225072716834321,0.07511368938628843,0.11183691816156965
0.20080524016270393,0.10632368458470333,0.12832143018134096,0.07242974409494819,0.08524805435720785,0.0868591498552409,0.11248021491999634,0.10583263862590121,0.10169984321795733
0.08285178904261709,0.12713141663218694,0.08031007493978855,0.053059988052226,0.1628903158707892,0.14354521268318263,0.0825461469172436,0.15468605565336876,0.1129790002085972
0.19912857070768117,0.11500995426010956,0.0928448919594379,0.05451694137626193,0.07749925060506847,0.08025310241548071,0.12639675581863144,0.13802059445963225,0.11632993839769667
0.08037392321653719,0.09729536288691613,0.0918040313591056,0.058665370303394804,0.1832069717119574,0.12999367841761014,0.1103123772208251,0.15171080429357395,0.0966374805900796
0.047225001984371386,0.09198482418440963,0.10080651188873276,0.07982361162250541,0.08567117255172874,0.194140759630381,0.07992207051907894,0.22801285951616557,0.09241318810262655
0.09322818254271854,0.08337178375413541,0.18523686406957876,0.08203702486474933,0.09164810316571885,0.14649846620810944,0.11148871819407773,0.12509207131494596,0.08139878588596604
0.07556428329310923,0.09413392478306755,0.1182884231282361,0.15132390617863886,0.08447646793168724,0.10103624973529986,0.11911649780888507,0.16027495585723786,0.0957852912838383
0.07827862975986859,0.09921752696957949,0.1352504297576874,0.06893904599888973,0.12612762771530833,0.14684330632842413,0.1566332442095132,0.078964999780989,0.10974518947974014
0.10372453771003075,0.11103971505682346,0.08557493297207773,0.050020091679365004,0.2875166660406346,0.08231112172952613,0.085077912717663,0.0871999629193357,0.10753505917454365
0.231478407680106,0.1069511070011024,0.1026293009610376,0.05821561306912986,0.07883367440463465,0.06987027025979221,0.12610633210718822,0.1137314349932322,0.11218385952377685
0.045237423799891235,0.11792527262085195,0.1140220164529238,0.10411164787660293,0.15001738972356254,0.12687702425253025,0.1300886999843095,0.0941588397383708,0.11756168555095699
0.23170712437866162,0.08703461504210593,0.13365366276674473,0.043712135534246944,0.13157256287960103,0.08585245474944632,0.09774775671871527,0.10979474875622343,0.07892493917425462
0.10826623399578135,0.12082357007420236,0.08339036019225358,0.05697745331596321,0.12085660124266667,0.11922185552329734,0.15225071092060652,0.10562051014940571,0.13259270458582328
0.08903459590116929,0.09251880351680435,0.14367220996471727,0.04432000326676391,0.10543613566128708,0.2074646776138885,0.08100106870183249,0.1409444053440326,0.09560810002950458
0.07705565688957665,0.11359994249990628,0.12275870024235448,0.08941484539314386,0.14460930590066867,0.1322525582175464,0.12067596933696269,0.08843326228617086,0.11119975923367002
0.13499197195857873,0.1253660505032642,0.08758479169828091,0.07156354078309528,0.14931582232594098,0.06578190255349183,0.15682318477847954,0.09392067225233759,0.11465206314653094
0.06915988141472575,0.10659271364794463,0.13558270910315864,0.06080137880382671,0.09111703179277009,0.10793985506077435,0.17936195465819785,0.1427056983392838,0.10673877717931812
0.1722525421540505,0.11996430934570028,0.14696752795607654,0.056709052815348375,0.11722129276676431,0.07371228981523832,0.14174010817112845,0.05110970248555222,0.12032317449014103
0.0901372228445227,0.126084280430844,0.08553773104493723,0.0809627436119592,0.17071293535360746,0.1472350859332345,0.10611563371088549,0.06413733084670653,0.12907703622330283
0.0921019295635132,0.12271055580489537,0.08631880070377468,0.059472373346230865,0.1341327347374992,0.1344082228998338,0.09493765469744915,0.15080185323553538,0.12511587501126833
0.09481241365018567,0.10880151151026744,0.11198032194602302,0.06064752213263355,0.12535330499399364,0.14106596258956025,0.12615807131735832,0.12383714266816871,0.10734374919180949
0.13310748509215756,0.11127763240948567,0.10185193730263546,0.09618121678736724,0.13546028645167055,0.09238403964222376,0.10365714804879188,0.10958800772141385,0.11649224654425412
0.047017376887357805,0.09102436973649623,0.07365959703639671,0.17564885367292063,0.24365208021136162,0.10881682467034863,0.0696183082363473,0.10218864313681475,0.08837394641195624
0.11610500584331501,0.10572652995700509,0.08399697052256466,0.1469779088441621,0.06371467777116122,0.16459559470350607,0.08954869995248987,0.11024907444550586,0.1190855379602901
0.30201915229305265,0.10622044560377669,0.08268890322299173,0.05905299936832168,0.08006019019713473,0.069473756781236,0.10411708153442033,0.09147750571550574,0.10488996528356044
0.08650163076254509,0.11484908154234236,0.133760819144548,0.052235382139722696,0.10175053684901476,0.161857331889817,0.11071313492220218,0.1264559800432655,0.11187610270654252
0.20398982382998487,0.09718825166427132,0.1476842440830713,0.07660558182230028,0.04704721211793524,0.08751501133319843,0.1791403337497397,0.05367833268883853,0.1071512087106603
0.03546720196717782,0.08340551646265215,0.08889342572838922,0.27690958369166563,0.08678492814676914,0.11294282323179543,0.035837965698494956,0.20147183827524806,0.07828671679780753
0.07208009037172013,0.12679487026944222,0.16588067103084977,0.07906855704770972,0.11437568452999188,0.14328629964732995,0.07534371555352287,0.08938395511496917,0.13378615643446432
0.09228094252820218,0.12975324009795441,0.0987530983624107,0.08159817439425775,0.20420633948848768,0.10020375589074376,0.0809042589653236,0.08787997117186007,0.12442021910075984
0.04223971778479463,0.10175731052389665,0.07904667457964433,0.29359799681023047,0.12282498517357847,0.06715102257284941,0.0590183475767925,0.14985842489322576,0.08450552008498775
0.05944569765789046,0.11863861256868531,0.12371704400523091,0.04182106537154864,0.09847004052423698,0.07795469840193689,0.17446974232819837,0.19860346284127708,0.10687963630099535
0.09080372200931654,0.10454925720296025,0.1827577581680763,0.050204198871337535,0.111210866126907,0.12928322049995075,0.11443053439822452,0.10741773364367885,0.1093427090795482
0.05910128480465404,0.09277241538391852,0.13446138355414847,0.0720236551994517,0.21559075789473522,0.19287165889148797,0.0886915176839116,0.05522221514712117,0.08926511144057132
0.08092737222177611,0.09954803373619382,0.08891127897366802,0.15817344852440243,0.06390084549050283,0.0914718557734091,0.12328527667794235,0.18019532088206028,0.11358656772004501
0.13735127377248152,0.12522326596863864,0.096970207649213,0.07094387444534417,0.08629959936966797,0.10008658477887054,0.1493464825874994,0.11215301330770311,0.12162569812058156
0.10989252231945083,0.11905397821020519,0.1285696089593699,0.11528054631030216,0.11760052654204699,0.09833484302532053,0.09808415069293279,0.09878038733871153,0.11440343660166015
0.293902539991932,0.11770627930845749,0.09156002033788802,0.05141843904734858,0.07692024926012339,0.05931553344929134,0.14618747477686114,0.05323143844871536,0.10975802537938267
0.05541816033645455,0.10217350841675972,0.0760918475744332,0.16098092334272204,0.08404746046200297,0.21793823789258124,0.08538660983017625,0.10849060422045047,0.10947264792441957
0.05863851964822672,0.08584093099567085,0.0985195505737831,0.2560776681936954,0.07847411364666872,0.050033031618659955,0.07673493583351951,0.21171377329813099,0.0839674761916447
0.0497321275867896,0.10007963804336233,0.12326267272947977,0.14067783949166796,0.043075290986189424,0.23163986010935847,0.05716967879582033,0.14474720918327633,0.10961568307405578
0.072292890483854,0.12147823091079962,0.10151651925743133,0.08158788562617196,0.14506667540791,0.11190944553743036,0.13435542832893146,0.1107143203060565,0.12107860414141473
0.07123152716689218,0.12231846513698112,0.10338631318038727,0.07003790128798502,0.11363599514653107,0.1542770708897543,0.10264894615572223,0.13402199666090073,0.12844178437484613
0.1771102344865304,0.10726551092539537,0.11366394916167392,0.1323191661696589,0.09550772988299445,0.11757018280785851,0.08214815043033435,0.07581274962192541,0.09860232651362866
0.2106735642162653,0.1071117193058539,0.08872174925432337,0.06260764578611445,0.09201225218112252,0.07737962813779607,0.1620759762354614,0.09132757423903892,0.10808989064402404
0.14976641363809368,0.10940543508014496,0.11498933845558534,0.06369189306063759,0.19272348249880164,0.0493245567208885,0.14272683186746712,0.07697823004762348,0.10039381863075769
0.09780047065165719,0.11884670283961281,0.11840919325627514,0.0826237596604795,0.14506195362423638,0.05568224647820047,0.19761466598894817,0.06237572491949037,0.12158528258110002
0.22883808243406337,0.08691001940989078,0.10517335199318505,0.06369172220943259,0.05844455834761512,0.10987572433582611,0.11069195092368213,0.14239236764196403,0.09398222270434081
0.10332755690712686,0.10311676293729216,0.14139899107172646,0.09887690437165196,0.11024214891623539,0.08936926366060942,0.11912734395280666,0.12673165775304804,0.10780937042950313
0.20866969290332152,0.1140822477344448,0.1039653321285305,0.060988568504811325,0.23210967585087292,0.06070343835727843,0.08240770588713887,0.029373034022300598,0.10770030461130098
0.15330991725979706,0.11916203537329072,0.07429216717407759,0.07221204891378043,0.09344292869299692,0.12073013448997942,0.05211112339814034,0.20231788714449753,0.11242175755343999
0.04627038041531736,0.09072924017073732,0.1483024836550463,0.07730251342841034,0.13683145793997195,0.23761629305136797,0.05751450702103358,0.1218581123336856,0.08357501198442953
0.1106688761568649,0.08226285768604862,0.15106862684722266,0.18900236269455373,0.10217328202241133,0.12556246148928304,0.08212915573359492,0.07774748158305476,0.07938489578696607
0.13069307862629778,0.12268802257253698,0.09582989557134532,0.056718449225110136,0.16335728960286813,0.16311013415315337,0.08644079845659823,0.05566781245143284,0.12549451934065722
0.24079012790029056,0.10863559001710366,0.12248913884484723,0.05680847858152412,0.08002175424367819,0.07641970185921294,0.14919557536261788,0.05520968861660796,0.11042994457411748
0.1367040228034699,0.10931351845538796,0.14698595469567344,0.1710497393842834,0.08485451869789397,0.039694128295082044,0.10033751065718872,0.1184457034772299,0.09261490353379065
0.11339316127754734,0.12165657034934742,0.08797356256647348,0.08426255789861463,0.16543845146229866,0.09166802396335122,0.09998096386136941,0.12383417960091846,0.11179252902007936
0.14412544286447185,0.10547748993888768,0.14075220833424104,0.04300495158857368,0.17750762236356055,0.09183180380619786,0.09326193849818991,0.1020446128373374,0.10199392976853995
0.08229192217403676,0.10336855554224272,0.1226350144641864,0.15321390819647407,0.2269089470222813,0.06191735425890468,0.0899657685622327,0.06097860738805189,0.09871992239158948
0.13944336153873238,0.10941726458263105,0.11433811785346408,0.0679984949432365,0.10262533735214985,0.08940152755007308,0.20400647885194753,0.06745058203230987,0.1053188352954556
0.084029835760199,0.10067793051049888,0.11229086126209238,0.04936465389437566,0.13810484321122138,0.11722938337148565,0.11484644535514581,0.18593606799842596,0.0975199786365552
0.1118183518191998,0.10783407533359357,0.07254124272968147,0.1353851102460658,0.05226634679648759,0.13472318569960562,0.12389020381396283,0.14084375898319523,0.12069772457820804
0.06272325183237654,0.08419197901815116,0.12021317322351971,0.07398836101497136,0.24399661965092076,0.15780065094948106,0.06481221093781804,0.11232206159211429,0.07995169178064708
0.18737924865402267,0.1106906983506602,0.09314800354266994,0.09096568093719969,0.08248836477402147,0.1052260630741647,0.09307208829874895,0.12016570900856682,0.11686414335994562
0.10249292217742845,0.10348013070414158,0.11614298975132638,0.08420378417987395,0.08692085568709705,0.14748699930490236,0.10950025089846382,0.13982482943881466,0.10994723785795181
0.1628043014175249,0.10718191667343895,0.10947220909563264,0.059136676060528526,0.12817935204130096,0.14256288561399535,0.09371621712602274,0.10045584675272666,0.09649059521882923
0.1450112729471222,0.12946825436035772,0.10692968516998373,0.05469885092366111,0.10582616757195949,0.12699065750031863,0.09539572864918922,0.10919433632872831,0.1264850465486796
0.1045584380503705,0.13856151256059845,0.10806177687462888,0.0667675747254486,0.09051063426479478,0.13500020538575958,0.11077985078080037,0.1099890492883933,0.13577095806920547
0.23483121447182417,0.1183912388973684,0.1447779286300137,0.0934802654480605,0.14145334856898661,0.03703898024746933,0.08327720608183375,0.042511964978810025,0.10423785267563361
0.09569662802478136,0.09952370710904568,0.08285667331819839,0.046118103823482644,0.11245060608906836,0.1495886920982794,0.07118307615695645,0.23107688554630254,0.11150562783388518
0.10640702762249354,0.10755092008691768,0.12820382678707457,0.05408337861165991,0.2482788046863241,0.07301714135849692,0.1401562359856373,0.03465318061021782,0.10764948425117817
0.13027507151304107,0.09926140925398065,0.11532751051875005,0.05414032136706942,0.12909214347877385,0.07435209060827948,0.1512481255460746,0.13902476491414664,0.10727856279988425
0.14503602574386934,0.1028936644251457,0.09811828937584348,0.15905880592990687,0.08554314118720983,0.0879411180544859,0.10698831012711878,0.1179942671768424,0.0964263779795777
0.1253144315598664,0.12221926619972685,0.10733635570401971,0.08104290164039837,0.1028142397624856,0.09298933382686984,0.11563976400293263,0.13011437757293,0.12252932973077053
0.199590182738415,0.10727997103459781,0.10401133882831103,0.06042324902432019,0.08525681454616424,0.07952786525440057,0.161182683690849,0.0974819472051973,0.10524594767774488
0.08909957887581192,0.11775043286549573,0.10104930438867064,0.11999987190943912,0.12318462104030665,0.09371182332108574,0.09123966359457712,0.1362197312502411,0.12774497275437205
0.09390518289037297,0.11104027977430124,0.1341455598559524,0.13821280432552904,0.0519021342926017,0.17244790167984325,0.11879835226657409,0.06051540871273179,0.11903237620209356
0.16728734748677443,0.09927880183611966,0.12409141630776138,0.07823237091560549,0.10692155064839722,0.03858974545927097,0.15675979996463846,0.1363159766930323,0.09252299068840007
0.17611499404653772,0.09179186012453468,0.13632020280442095,0.0711066747078375,0.0928332478994548,0.10011284552509052,0.15314341862865066,0.08524970123489566,0.09332705502857762
0.0825845014434588,0.09840190375281999,0.10048212825936659,0.08766266590561306,0.14117958022691124,0.22594912696030853,0.04792517872412281,0.10673795624648179,0.10907695848091713
0.14184041556140745,0.11586098863690532,0.09202173942335869,0.08984934901193918,0.07473090935587257,0.12899219353501137,0.11886089679693233,0.12331455156979182,0.11452895610878126
0.17678846321519082,0.12551076774187997,0.1107596291414417,0.10913317766255677,0.14098798723912642,0.05316604989465592,0.10442653224247662,0.05280076044934264,0.1264266324133291
0.18751095841241902,0.13044030320940764,0.10913010822958515,0.07414608918649847,0.1358388762802452,0.07217288668810302,0.11891847995110873,0.04735150779539912,0.12449079024723357
0.10259916566578338,0.08848081380807737,0.1189731818193369,0.1951176896542202,0.02560440033385009,0.11990436096045466,0.142869700256488,0.10011477857991398,0.10633590892187537
0.17590195028013786,0.11030048979696572,0.1460172848644633,0.12341317103887155,0.08236956485764678,0.07728941503302732,0.07209790481668306,0.107039094598668,0.1055711247135364
0.11135633574878874,0.1082466115048283,0.10513841291190619,0.06200315835053396,0.06952692988661457,0.08970005657601614,0.20191205388290198,0.13908271700076932,0.11303372413764075
0.18514503808646568,0.12281784995628413,0.12374783184735776,0.08324846682556782,0.10640858731314906,0.07981899907302166,0.12497422073200916,0.06114081693660774,0.11269818922953702
0.07025809575261806,0.1301949154801815,0.12689920897328205,0.10044932397381123,0.21588904890566737,0.08081563620465924,0.1125729537988482,0.04324234247953609,0.11967847443139634
0.24967279532511943,0.108518938930572,0.09630462520992951,0.05822717422123769,0.09178225886416636,0.07634542528134385,0.15016766402405135,0.05834977881267056,0.1106313393309093
0.06900273739090404,0.10955009115229637,0.10313397245809053,0.09249152202449645,0.08210788914911239,0.09577150235667875,0.15933725196103668,0.1862497049288989,0.10235532857848588
0.09800053582678236,0.10005026733679608,0.12473250263716422,0.20122890223347042,0.17600551978964793,0.08271744088790516,0.08340538428070492,0.03343671930162342,0.10042272770590548
0.06310735457233918,0.09157994074013105,0.15268613562657238,0.05004855457579993,0.16699262391236833,0.15993594946619671,0.08302531790048595,0.1396205158758718,0.09300360733023465
0.10586296898479187,0.11141553071353438,0.14545349094854376,0.19614113682045162,0.04316862853440002,0.0942457126704974,0.05428483499853435,0.1420350235816475,0.10739267274759912
0.2226006745455759,0.11659431297795965,0.0962402030046356,0.05650745398054602,0.0633017604536552,0.12308488457505062,0.09665110213913958,0.10363181834366168,0.12138778997977578
0.09882834629339025,0.14365725716537917,0.09084874103024286,0.06768825473814759,0.12778369838955536,0.12949869227349922,0.08561347496325537,0.11488593489804784,0.1411956002484823
0.1144385875952746,0.12168383315443736,0.11482648200582203,0.07038454897807833,0.11955774522969231,0.1152030900888888,0.10456393462968944,0.1083241824677264,0.13101759585039066
0.10271880614970147,0.11353333480824106,0.0935227232589232,0.07033891703875582,0.14163363630652878,0.13389807412354007,0.08388230612193004,0.14649610454252016,0.11397609764985946
0.12554898590932279,0.11022488613934052,0.0888728457796158,0.0880664851384002,0.09446176007658823,0.1489292375994498,0.057298795266921866,0.1752339328250664,0.11136307126529438
0.10252575057221573,0.09953484933819941,0.09137073012695125,0.13985872905310512,0.09863219633076581,0.08067218434002453,0.09592784096153983,0.19434842448704756,0.09712929479015074
0.21901434799275302,0.12722097318530035,0.1409208099895056,0.08690103722234736,0.15012454648459303,0.05058788241039649,0.08327166849528952,0.019695986909945815,0.12226274730986886
0.06405315493223081,0.09796989475086593,0.08629424463167801,0.07654906551398512,0.11259300879839092,0.17927547487528261,0.11094549932462446,0.16918210050753765,0.10313755666540454
0.09788632494274503,0.1016574667518992,0.1163134780532712,0.038334570803880925,0.09497724276217338,0.12646347505807512,0.10788299168929882,0.20704991859267177,0.10943453134598463
0.0877929566322615,0.093458916167128,0.14499198826759505,0.10836744442821596,0.0768318975398468,0.0806677814117337,0.12094166655697773,0.20716860723207373,0.07977874176416754
0.192079399512624,0.099206776945636,0.13049407602694493,0.06057630045467336,0.08211898614673807,0.10194071197423592,0.12703069603617761,0.10840307688711315,0.09814997601585695
0.09715763860049247,0.11680529983385103,0.09116023349215259,0.11329304364744869,0.13024287740432386,0.20809232312064654,0.045686974381364764,0.08751313946399697,0.11004847005572305
0.054735552805937636,0.083316736749508,0.10662829364506356,0.23996389885654637,0.029913103122912676,0.08231563545010144,0.1279325980596363,0.19975674694680068,0.07543743436349332
0.2415113772966541,0.0991197966006387,0.12616941342163887,0.05813053784651965,0.07587143693584192,0.0795551717993894,0.1126733765313625,0.09655417241731092,0.11041471715064387
0.19684481871708748,0.08989857806543726,0.0935326394020531,0.1654996730435055,0.042965109623030434,0.1298761696949568,0.05479520194678006,0.12658500984654064,0.10000279966060872
0.10178050115837038,0.1018770106601999,0.15345308951098222,0.13076334468990639,0.1811583353181796,0.08937604615818877,0.07038597336550197,0.06866311859384001,0.10254258054483079
0.17500591101392401,0.11416764753011076,0.11377751566202961,0.05370414331572151,0.09936040151077291,0.08977076848087746,0.11582583941129689,0.10677602634796919,0.1316117467272977
0.039166070373263605,0.0969374694276947,0.10403052991806654,0.17692647817018878,0.13036301347912063,0.08525677545750215,0.09016874067103621,0.19265197578598645,0.0844989467171411
0.180656195555802,0.11208589621270261,0.11324255419196301,0.08406703004125755,0.11062379352010698,0.10010744552498714,0.14698301858956855,0.036139172375712666,0.11609489398789952
0.13766444331630925,0.11506229368134989,0.14093376720126824,0.07408870490835297,0.11781969640146794,0.066462069538514,0.15908898139181546,0.08565051653036988,0.1032295270305524
0.15690047018205963,0.1265945670905334,0.12588564956338474,0.06391710735942109,0.12811627858995303,0.05983417847845255,0.1439129016032127,0.07475426524577711,0.12008458188720576
0.14669347404441843,0.11545698536154374,0.15103173086019275,0.06708390132238831,0.12732108756991903,0.10321065189732477,0.11895801745358629,0.04566228779002337,0.12458186370060319
0.10422315990643154,0.11497022803726742,0.09972884347127225,0.06451259754269872,0.14655351542592165,0.12632123647652327,0.13494710548337888,0.09273064306956774,0.11601267058693847
0.13507545952221012,0.08945741776416033,0.14392574046206555,0.05568477260608728,0.12117887077357724,0.09235901450437461,0.16102380940229258,0.10524042082719443,0.09605449413803786
0.2176298290964963,0.11568905266483757,0.11963115827931485,0.05735860732367773,0.08078295104075149,0.10850684052404759,0.10529565929129125,0.07791844218417053,0.11718745959541267
0.18304439357761546,0.1281338335808511,0.07944648340012349,0.06950631978839487,0.13981743855893777,0.054668377126017444,0.13305521734779577,0.09619028361039733,0.11613765300986682
0.1402896510348445,0.11619982595571032,0.11589884255565308,0.18302186238239693,0.07717928034437722,0.05603202091147424,0.08264252295986078,0.12206762319942799,0.1066683706562549
0.1355808712929584,0.11288544809963136,0.09488055803546314,0.08436457430788767,0.14176012865682633,0.06443962898534063,0.14106091803804852,0.11628552697658699,0.108742345607257
0.09754942031124336,0.11322680984623175,0.13189780819193003,0.044546173787208106,0.15903344697535735,0.09076836105386644,0.14447070516741053,0.1154278561321412,0.10307941853461117
0.13672265407991244,0.10696052454711306,0.1725794613323561,0.04761008689400825,0.09842681674559783,0.07554489241352753,0.13556432181244993,0.12670886325396002,0.0998823789210747
0.09326859433729597,0.10518557948843493,0.1140256616317206,0.0689208389917419,0.29143596973067054,0.06956272638705012,0.11093123715798346,0.049001922995561865,0.09766746927954066
0.218881786334023,0.10310578516804493,0.09797606323009515,0.053823122100509845,0.08700629228354113,0.09466773971010355,0.12140288791974929,0.11099185611943842,0.11214446713449476
0.10212531749088026,0.11582661819245317,0.15006850652101342,0.05921713882613359,0.20924187182870116,0.09377723955473828,0.08655487751247304,0.05524007812868479,0.12794835194492224
0.2886060426764579,0.10051921520656541,0.13297073618646874,0.0663094654033582,0.07120589284789727,0.06372914178264193,0.12661335994683318,0.05873728692166719,0.09130885902811019
0.15675657369460025,0.08735450113870928,0.17551687920772563,0.06686064582987451,0.059868189623688284,0.07434157861537909,0.15198382853948192,0.14237929103186794,0.08493851231867311
0.09307733372414147,0.12143860712300976,0.11014664507604115,0.04773591184331624,0.13193575767473775,0.14840341026872442,0.1237927505832852,0.10410464897325324,0.11936493473349073
0.1625111151665615,0.11572607335892555,0.09812449952075268,0.04490367679447247,0.1289169948771807,0.08041285375334677,0.13950107179522683,0.1088857551404439,0.12101795959308963
0.21779295609199067,0.08856196511131542,0.10040479330981598,0.06313153447488266,0.05378369506615294,0.07350467187989775,0.2055313181984643,0.09956172913284989,0.09772733673463045
0.07103510243059753,0.10581155402504559,0.12317765817558601,0.05476259541958736,0.1672164710483287,0.194903690671387,0.1374443961223376,0.04580201082361726,0.09984652128351301
0.13316905054059722,0.09898043637021248,0.12023957316253413,0.05256305207060389,0.15595779564238274,0.08358223830270951,0.1463769284302149,0.11894655075192127,0.09018437472882378
0.09945229443121613,0.13314118462586702,0.07518505860618352,0.07403317981462551,0.1506585585726686,0.08118653873643489,0.10981866269009162,0.14854866973897682,0.1279758527839359
0.07249419474740339,0.10860485245553575,0.09764563538162573,0.10025994527837066,0.07024814336123258,0.17551242180688387,0.10147457750692788,0.1575456059357536,0.11621462352626655
0.2752834422357055,0.11452246222602293,0.10509734615963463,0.07325813086993267,0.07241982056674187,0.06698593600940111,0.13417533737714132,0.03081884112204308,0.12743868343337691
0.06767142896380993,0.07256465011915518,0.0807207597131312,0.1680708373117273,0.03489818162613465,0.22541077974016419,0.0493706863040716,0.22790281765737863,0.0733898585644274
