0.09990942697993145,0.10599624211460452,0.14381065140280783,0.08926723774442695,0.11037676773166726,0.15393654914329288,0.04157187081681781,0.10560900905599009,0.14952224501046119
0.1299194011245011,0.09195467088802867,0.15249701718961442,0.12004017315495262,0.1114182838755804,0.1606387088564917,0.05020383561061311,0.11085762485359459,0.07247028444662343
0.11318727477276731,0.14569180902464116,0.09853904588462532,0.10877493266272965,0.1119221838208894,0.16283491250967544,0.12640215228861143,0.06242847262472321,0.07021921641133712
0.07973748002429226,0.07370302390982415,0.13736045818343967,0.0817832406325197,0.10217446236897797,0.08479371706891253,0.28560127750743297,0.07099833733485805,0.08384800296974272
0.07810259744108944,0.09771962086743592,0.1521451625263592,0.0924110625680779,0.1420954394586102,0.08807533967416704,0.13832358448467416,0.11051196217886128,0.1006152308007248
0.1030935866906414,0.09073177038273582,0.07603712726494637,0.12132304248223674,0.1349029068929084,0.09122926687403066,0.052068033876347175,0.14538505628145335,0.18522920925470007
0.16946120092476122,0.09254269639035458,0.06416648007850619,0.09550759085472925,0.09994748495808858,0.11445057362426282,0.04463511320304053,0.11848579105953749,0.20080306890671937
0.1364436831120479,0.11924950255446581,0.1495160003822,0.08605304890184577,0.09745443987449053,0.0389956986816887,0.03046954285182187,0.10944732598284372,0.2323707576585956
0.11841124712902905,0.08319884609939729,0.18960803733339904,0.10302500320747232,0.09531752161486595,0.050383607027048936,0.12397352677196483,0.09567776386883203,0.14040444694799056
0.12193140742777586,0.10407209879026202,0.09368542387020751,0.12118926948635983,0.10947452616190656,0.18056427189774046,0.04455574480665079,0.1090433546211697,0.11548390293792736
0.06814826521938976,0.10604939267892029,0.09274359045405467,0.1314354834623274,0.12600534197001598,0.09662033512070782,0.2031188696622617,0.08973074474120057,0.08614797669112188
0.10814646220125014,0.07798583245945769,0.16215086991746838,0.09407338943287231,0.10412180817137272,0.1636765949286972,0.14440952369779417,0.07317729765793568,0.07225822153315174
0.07843617034192804,0.11955208085329627,0.10056131366042831,0.10505485774510892,0.1370220405021326,0.16940217334962285,0.10507757591476274,0.1043936368393676,0.0805001507933527
0.059441865910545656,0.07602528568254169,0.06491902424596963,0.07452674113796935,0.09958163011190853,0.2281054009721352,0.23422839541401466,0.10643620715453979,0.056735449370375425
0.10825257445444529,0.10928646093240513,0.07822531740867793,0.09945475886636906,0.11748353573810284,0.12085541352395307,0.10731532345858598,0.15437708009608184,0.10474953552137882
0.06997182204870117,0.08308304726197141,0.10965429861088262,0.08879764729624194,0.11800962022115273,0.15588282156935188,0.1999217962089901,0.12100792561663033,0.053671021166077804
0.09628737155006772,0.11693240222947299,0.09882115065446283,0.10084000345722514,0.10652488807358473,0.2688243319686043,0.035529199359077036,0.09848600535177608,0.07775464735572928
0.10454747185680907,0.13366718339624192,0.1057801453413757,0.1254012343964417,0.1300003402105119,0.19115816348615378,0.020929049746930575,0.09056026698351043,0.09795614458202494
0.09673021486515375,0.12419008894411797,0.10021973359642994,0.12116567905103838,0.12382001706594652,0.18268582592171898,0.05732659561471692,0.12151547111686913,0.07234637382400849
0.107664621030774,0.09017200598675833,0.11038092868524141,0.09670239000969161,0.11168575109019495,0.11129277508011691,0.14917748947060008,0.09068777242137603,0.13223626622524665
0.10100095546063674,0.09094937852699413,0.08882430188019745,0.09926007098294858,0.10854651835576416,0.06669939035704531,0.07875886407332895,0.09906632472136107,0.26689419564172356
0.11269220825251695,0.06594910978990828,0.15057695779384525,0.08458912625465081,0.09786777262198333,0.11995677726708125,0.05220181382804818,0.10731316058169203,0.20885307361027394
0.1201238864738418,0.08193998886965785,0.1926095573729464,0.10732244314523061,0.10313026971847152,0.12058390813071151,0.039222426892941135,0.10801265964233299,0.12705485975386624
0.10144028932055899,0.08970658894864131,0.09585952299770424,0.11149549404651922,0.09600570555311655,0.03936585668605704,0.19896287818398783,0.11050037543728923,0.1566632888261256
0.08204656424380476,0.06763847582435231,0.14754606037879123,0.08901588655217867,0.10378235324614465,0.09691922858115888,0.3136786157200033,0.05351920685808184,0.0458536085954844
0.09665493505912333,0.1162082109840969,0.0914509858597221,0.1548028098568436,0.13944701991547984,0.10545158952640525,0.10144005074452873,0.1134879144043723,0.08105648364942793
0.10903211096739134,0.0839839314182615,0.11041748432183919,0.09961390934587044,0.14239357563850327,0.1493447025478323,0.05642050395721421,0.08897595593690905,0.15981782586617874
0.10896404177827919,0.10259233552640157,0.08041029581967944,0.09897106002627641,0.09615772945957392,0.24389610682171706,0.03975931994835107,0.1278444931835849,0.10140461743613642
0.1330947293630038,0.1253786527686134,0.12826870084679035,0.12390098358547785,0.12003743061187581,0.13412012344160518,0.07090349968052267,0.1022614846559302,0.062034395046180635
0.12998330863172472,0.09934593532696075,0.09133366944142425,0.09221140763365565,0.0981484641059139,0.08862454561171994,0.025329088217745554,0.10456969032377383,0.2704538907070813
0.09308299698030031,0.09149541419668557,0.08698227602129756,0.09892475041756714,0.11766756284385248,0.14987281898518173,0.1726034288994929,0.11122175960512866,0.07814899205049365
0.15328831130558787,0.1488400968849546,0.11713914797507367,0.11557753469067177,0.0918562288152195,0.06940768475937724,0.08711205459264343,0.10953490114386627,0.10724403983260566
0.12988412805993885,0.07609405450267123,0.12041857766922948,0.10995016210568904,0.12132927737167705,0.12776908453306213,0.05482460388402912,0.10926124242155683,0.15046886945214621
0.10786117587870629,0.1068172803515091,0.11018892789825435,0.1133061014012593,0.1020101259552932,0.23177515449276323,0.037665837468250536,0.09419200322407716,0.09618339332988673
0.1464184830154963,0.12166739777116554,0.08835025889451449,0.12499536620080343,0.1077845432187904,0.16181069054372152,0.03946268382687005,0.1113543409408375,0.0981562355878008
0.08974665621821191,0.11272969453147784,0.09290737600725431,0.11300701268541412,0.10353647679386535,0.23928339941220766,0.05413683688662416,0.11067704660624615,0.08397550085869848
0.08520228392417428,0.09024461838125636,0.10717472801094625,0.12889830660745435,0.12564125892551817,0.08674682337525129,0.13713804515919764,0.13073686892252825,0.1082170666936735
0.11045550101766134,0.13555594479154792,0.1058161424069151,0.11833328526360624,0.11107563104155412,0.11294663498794544,0.07227591370744386,0.13579657957372468,0.09774436720960124
0.08828646632200442,0.07087145010167765,0.07747184726578286,0.10103866539347234,0.0877569153980583,0.03574451825426972,0.36755631275307055,0.09349498502022684,0.0777788394914374
0.10665968441096635,0.13222686064816871,0.10024374391896396,0.11169371523974352,0.1097505366456326,0.17633737667323693,0.12038968786558585,0.0933159695817295,0.049382425015972675
0.09678261121529681,0.06191513108959799,0.08123186641072154,0.09714008653548345,0.1150393077067966,0.11726491226067452,0.16672775176235113,0.10779903269311612,0.15609930032596178
0.09164233315654564,0.123359605408498,0.11033793235856486,0.10144764138123903,0.10297059654969482,0.21199151825081544,0.1211614016606356,0.11014329994368362,0.026945671290322992
0.12202606003348833,0.1023578737281825,0.04699255310346479,0.08742743356410371,0.1024950622978288,0.05974552965727988,0.24690060488938217,0.11926382498598131,0.11279105774028848
0.11400837474420593,0.0837384126915044,0.12783844998016305,0.09359369441024994,0.11247714335254579,0.13221092239655605,0.08721010246474588,0.11893896012886444,0.12998393983116455
0.13592305840678884,0.1290284860462315,0.09384824660409607,0.11650452160951856,0.11037194073788313,0.19236997817255388,0.04242627940008981,0.0973778418509762,0.08214964717186198
0.12446361823553358,0.11749773354641534,0.1148321265752628,0.1118411013997516,0.11227115859576009,0.095398588925659,0.1366898439175173,0.10810460501907447,0.07890122378502584
0.08195952173636344,0.1274586189451716,0.14930900594832547,0.13113192011121644,0.14160132993783847,0.18337842404423652,0.03620638531120469,0.07783189978774328,0.07112289417790013
0.08593924566130225,0.02575959437172068,0.049545798225045755,0.06105534415600572,0.12504251639895728,0.11255563153248759,0.2467060149476322,0.08399363018525702,0.2094022245215916
0.12945162075007158,0.12889391511958015,0.06933549548101993,0.12853166912564826,0.11688996782817869,0.10848233797123814,0.07431044818963453,0.11114415239071614,0.1329603931439126
0.124152027840766,0.13331195422305375,0.06446581436938882,0.09319232694300268,0.08709332856041473,0.26795893432951023,0.03276446563170406,0.1171375572120803,0.0799235908900795
0.10078746313165982,0.1261818786065554,0.16947587360395902,0.12428924766255532,0.11246478828665966,0.09211541863566476,0.08785382702538864,0.12010486761275012,0.0667266354348073
0.1069563898846098,0.10655547234036743,0.09204158996889095,0.09760780686723307,0.10064155436192006,0.17975770860198606,0.11322080162452929,0.13621963579387428,0.06699904055658916
0.11922740121796492,0.12140874171305234,0.11328506410466221,0.09811414866507072,0.1012772650367188,0.1637996945521365,0.10336061874264794,0.099503751773439,0.08002331419430762
0.12026333876723634,0.11956119651060042,0.12080902169564921,0.13312882092835387,0.12361629675546852,0.08845238700558451,0.07828035091914777,0.10109274812976023,0.11479583928819914
0.09949910308579929,0.11192871751760702,0.17759354825040594,0.08899227830635449,0.09280611561557768,0.028287427144337563,0.14726364986827478,0.11090119155905843,0.14272796865258489
0.1459935572248031,0.1153412984705758,0.10212097101769131,0.10397647648079596,0.0905202935411803,0.10666166164764306,0.17348013574917523,0.0763784394337294,0.08552716643440582
0.119672295776111,0.08932603775810717,0.13133766515906378,0.10870969175805482,0.11449295533323,0.08601691348156025,0.1409645164411898,0.09861212286269301,0.11086780142999013
0.08079947407975106,0.0767339919313688,0.0979215488902988,0.10362489241341666,0.11476677710514203,0.18502847591416505,0.1312395129199494,0.10352443722464304,0.10636088952126516
0.10617978252759751,0.13765855405215252,0.11892934083076323,0.10664434778689451,0.10351116328072014,0.22595848820352962,0.03032137014848363,0.08694149496711652,0.08385545820274236
0.10663884774206302,0.11442989886992694,0.12242623475898655,0.09785182036013079,0.09662456641645271,0.1982713436673035,0.05137172201411177,0.08811929453632665,0.12426627163469807
0.12795075970684036,0.13419069457743527,0.11109060026292596,0.11848154151916217,0.10934227814970741,0.10391712356189868,0.05728086509901196,0.09582028304225158,0.1419258540807666
0.0737736909406229,0.07088953523319662,0.17755338904277207,0.08509852552947421,0.12089186244812065,0.13337110785294204,0.14787236609418639,0.06996495639238853,0.12058456646629657
0.08957128930798262,0.12143807623569204,0.20554052097736086,0.09737804433702117,0.10415929552274628,0.06644548583902579,0.051625651936754426,0.11230805331045546,0.15153358253296137
0.13010203535804724,0.12049897829228014,0.10520925922115593,0.10927433800720383,0.11346394703082156,0.11528667082787998,0.04486555091956135,0.1324709179699213,0.12882830237312873
0.10969525440250082,0.11151299757684811,0.11455122772509996,0.09761999684026185,0.0876404816327888,0.18294762584317545,0.05396772293693155,0.11136525561450168,0.13069943742789195
0.13918384947274642,0.10828483882573979,0.19178527247355828,0.0927866766154386,0.09751200083861777,0.09275762985659826,0.07544645030607351,0.10222880177830647,0.10001447983292082
0.090280620507481,0.0811230037100753,0.1411357079112916,0.07984539901962522,0.12328403126798697,0.05585689375543782,0.26894150289344637,0.08768597735997774,0.07184686357467795
0.06770882022146163,0.0792817621744615,0.16178356805336136,0.09696359051956309,0.10034153773751503,0.19988169695023075,0.11314655881444591,0.07824831640893576,0.10264414912002494
0.0989128360908091,0.07715582712648597,0.06887402224135429,0.08524182737612263,0.09399572078340808,0.2785768095575783,0.13133609462023263,0.11584868486436306,0.050058177339645904
0.10649363129532068,0.16225003822120046,0.1440858531137927,0.104335952030493,0.11399104374806769,0.09481811612514042,0.07215052219480343,0.12071322955225017,0.08116161371893137
0.1164868566510457,0.14893885689696176,0.10656737231460138,0.11968521105320061,0.1193104305152068,0.1121072608271975,0.09090763278283186,0.11650543258547423,0.06949094637348016
0.1301637688467031,0.12195336353068657,0.07377999471839979,0.101127125298757,0.09626981738719216,0.055296200915306355,0.11626769692533084,0.18394610993243146,0.12119592244519271
0.06481658727463363,0.0801650727509199,0.09416775856685923,0.09924502297423145,0.131776827296731,0.19605871576607523,0.15791920056709755,0.10393424389617835,0.07191657090727364
0.12351366424713349,0.11507497051080373,0.07527026681343091,0.11005452466881027,0.11651372332431649,0.1750288211380866,0.047411373565127285,0.12767627548578345,0.10945638024650783
0.1379256672463418,0.11584597869513535,0.07914953510542305,0.10174690732747742,0.11571104869497816,0.1293767699800261,0.06320698856596409,0.14457624300916197,0.11246086137549212
0.0921345912266031,0.10939702450371562,0.07598868953211352,0.10652445874214474,0.12564849547194404,0.26168889512613147,0.03171332296619445,0.11216751079317511,0.08473701163797796
0.12398505566513485,0.11362249781880686,0.14123042064252453,0.09863041062265265,0.11285647193025716,0.1179259973154484,0.10201014075599184,0.09183816482160138,0.09790084042758247
0.10226071955874967,0.10074430250709977,0.11501565913922278,0.09129406891315399,0.09760226312878717,0.12493816391820554,0.200466088398201,0.10253207849132606,0.06514665594525403
0.07982675352885561,0.15925968189572945,0.06286552733239223,0.12606460615428786,0.12669900378540921,0.06893333031960658,0.08948803617208834,0.1917534580629873,0.09510960274864344
0.09134711452750871,0.0863597487383146,0.14293621566754589,0.10092331867681281,0.11947462492646456,0.14368486785343543,0.06718180509412265,0.08941073931366884,0.15868156520212642
0.0962622209176038,0.08164729197977799,0.07655416368507399,0.0900072682060981,0.09984393119117281,0.25143988606070816,0.18063731881679237,0.0736843098782994,0.04992360926447335
0.12082770065458322,0.14859325473433954,0.08803949478276996,0.1266937516245249,0.12933053407347808,0.12735057186272847,0.05747715332713227,0.10849528781614924,0.09319225112429431
0.0889824094000138,0.09878838270230379,0.20576945119074494,0.072044493757781,0.09373269054228633,0.05660010239236087,0.1199839796895608,0.06365280411697323,0.2004456862079752
0.09543450907826578,0.09621893093391781,0.1801838966483242,0.08861632654545915,0.12397162487978201,0.11864617524740262,0.05231630077570715,0.11808425612233048,0.1265279797688109
0.1017487897985551,0.09786691756064014,0.1138468198264405,0.1153856906699985,0.14403251358607103,0.1738309607863461,0.08324643204798078,0.09739676774690116,0.07264510797706668
0.08891265998877573,0.13435566031729193,0.08064873263801232,0.14294321103586263,0.13578204262616486,0.24123665573687378,0.03368769229042717,0.0995824674197819,0.042850877946809696
0.11160502915053509,0.1070574194657904,0.15221980409963146,0.08442783332470145,0.1023486464291597,0.04552090560412971,0.15136462193779493,0.1077083375965255,0.1377474023917317
0.1261263383815973,0.1333915968094491,0.1393177973991836,0.10069724920662891,0.10235077806017662,0.0712387921305586,0.0696239919721709,0.11006983583696568,0.14718362020326933
0.08788927774281624,0.09585524154375562,0.15182134599540034,0.08692262506031208,0.1061224236906503,0.07449408916580312,0.20196103175361033,0.11028034549593467,0.08465361955171737
0.07532065745152544,0.07194315615829015,0.07014821376203405,0.08623443432054813,0.11659391648992963,0.09524617936560248,0.334521296868161,0.10006404016197246,0.0499281054219367
0.1017594434121532,0.10321958501269198,0.12682746360210492,0.10530061080897657,0.13364342313395608,0.15400764747220508,0.12938448686747447,0.08344756928352781,0.0624097704069099
0.13397147773718365,0.13533955360721558,0.1531316371714405,0.09919624676806699,0.09787304737851603,0.06450861321739414,0.049790591183792886,0.12266234066463115,0.14352649227175915
0.0930180291588849,0.09838950547770942,0.10972382833861832,0.12162760868180007,0.129004980500924,0.11296101830409701,0.045808477873935737,0.12571688217090513,0.16374966949312542
0.11618040521674,0.10411068840307591,0.08652056341888087,0.09058192951875632,0.08908069142378487,0.2357324103447246,0.07537588459379523,0.10536553205407391,0.09705189502616825
0.09431965564789135,0.1710458348286837,0.09336219818240532,0.1211566254283223,0.12627732852642543,0.08542110819255337,0.10553124371141338,0.1334718362562575,0.06941416922604765
0.10042805946371526,0.12738179479966236,0.10367248367625718,0.08661918325202049,0.0979382354003277,0.2771484340035189,0.0876669474598028,0.05804444326541922,0.06110041867927601
0.11073958013524877,0.1345209842430164,0.08584438082399486,0.13005132481169762,0.134374666588385,0.1140592041057847,0.06762639940337027,0.1256825096126836,0.09710095027581887
0.10350503333469996,0.12289147003737562,0.08824444686797674,0.09091662044635375,0.07738159030096085,0.025160365979562702,0.34511329161954335,0.09215941651049274,0.0546277649030342
0.07966453741668666,0.0682072561442484,0.10560996444463772,0.09024728114908735,0.11772319269279756,0.17379393448180228,0.16283017800891997,0.09477355396376934,0.10715010169805077
0.13388081338208999,0.12637196392554398,0.1061357470072287,0.10916778631213031,0.11293316082585814,0.0858814108707142,0.18593049372642625,0.07131011725811902,0.06838850669188941
0.15310862292505817,0.11559107914177952,0.09615330121471001,0.11383384691103754,0.09437859883518057,0.02275170710559778,0.03172274566096302,0.12503233814064754,0.24742776006502576
0.10372123748426026,0.08002456102373272,0.14641594267072192,0.10286742644992776,0.10840468063145213,0.026692899939350454,0.15876960874122922,0.11057991892988571,0.16252372412943983
0.1213607208374297,0.12741605093228336,0.047763739101631654,0.11976487401702623,0.11112867773495326,0.21977349682864347,0.014880553127253811,0.12860391788380626,0.10930796953697225
0.12032303639751263,0.1250423940797507,0.08025172601806992,0.14338395848644178,0.1674212397004149,0.10399207603781767,0.05747023121042705,0.09915773328585899,0.10295760478370641
0.10490797794969486,0.09228573950636083,0.123590602750261,0.10205524917955693,0.12446691858051145,0.12998943563336116,0.021308925621444028,0.13165704307966067,0.16973810769914907
0.0875381249801926,0.08080780814296014,0.17834934945784142,0.07060587559269509,0.11222268472196446,0.087345708634951,0.15651126239721833,0.07368184826065963,0.1529373378115174
0.11470103646316405,0.1240427590641282,0.14288781680064588,0.12550128302596927,0.11084119566626018,0.06110467532135674,0.14576770331878888,0.12313168645097934,0.05202184388870734
0.11726385184791903,0.11576267307713894,0.10233031019647126,0.11408162620853853,0.12795365132945216,0.1399041724895636,0.08744082362661088,0.08575482347840312,0.10950806774590253
0.10456029564554824,0.0924587121565802,0.09281528295179997,0.09316164233475509,0.10657860849653385,0.1957912798372653,0.13248700366315466,0.10524533013482484,0.07690184477953795
0.10716727514399675,0.09631837281949741,0.06166524247620245,0.08134415944487965,0.1084934761772166,0.0832424393870652,0.21403353651199788,0.120068830879688,0.12766666715945604
0.09029159746484826,0.1115680809662744,0.0811097173092543,0.09936247356438888,0.09366264416377386,0.04433375233614503,0.3335392868397606,0.08302251147168137,0.06310993588387338
0.1168885525205003,0.10967094641692816,0.11425061504410867,0.0913681773732626,0.10387289705425114,0.0655781805842948,0.10642888758039626,0.11153966399891431,0.18040207942734363
0.0574571571384343,0.07934046345893332,0.07531741452291256,0.09984191861157887,0.13100711017342875,0.06778150760352916,0.35622221167355056,0.07701643981465188,0.05601577700298055
0.09885994732701857,0.06712121140413237,0.09661827076585776,0.10533706025424006,0.10630672033070315,0.056822826005937,0.2977945341965044,0.08313658004574864,0.08800284966985801
0.09607724627325019,0.10662199644689668,0.11529880829601884,0.09727771190334822,0.13661927752109093,0.06474372074980383,0.10065139182886507,0.10737051050255668,0.1753393364781696
0.07437490241522235,0.08383224245124221,0.07947782358399795,0.10320718032951337,0.13056950775503837,0.25515875571449304,0.07879570292036397,0.11130141567907399,0.08328246915105487
