0.12930669537593364,0.0867278798257395,0.1299239520155088,0.11659456203078172,0.09353864609634759,0.15869220519583094,0.06676848405162357,0.09689891822707498,0.12154865718115915
0.08338261775669666,0.09543300467334763,0.07859093313776803,0.11109719351658869,0.06263625451191442,0.13068358961765394,0.16283815078355998,0.1419368911637877,0.133401364838683
0.08246614216482194,0.09640503070452915,0.14351079418914756,0.11734050423105165,0.1826431840713986,0.11291619740301163,0.06661700959390139,0.08418129018559774,0.11391984745654028
0.07212043860128776,0.12134902119746604,0.13194760447336776,0.20368299563357586,0.11732897524155943,0.09817651853109495,0.05033724480039995,0.12122081114579449,0.0838363903754538
0.07466347300455414,0.10672741781400015,0.19091138190517942,0.10076910157392567,0.052242131567016986,0.11014477156325846,0.22789765105550183,0.09601902293329394,0.0406250485832693
0.0935618940487621,0.08705667078547626,0.09377330184655415,0.0916968298234726,0.06931555331406745,0.14365111744716688,0.12072880731287938,0.10531221865581004,0.19490360676581117
0.07894096763881304,0.13519695674032442,0.19941005664629274,0.13016667904814702,0.13792667394707162,0.14469535763948646,0.03640695921705494,0.05116319347342541,0.0860931556493844
0.10100189889394262,0.09000618565326819,0.09349179913419355,0.14271161699667426,0.1477035376295851,0.09824067440405142,0.07388145246272321,0.16843880509136366,0.08452402973419802
0.03848907282684567,0.15411374250563015,0.04015466342348039,0.10446442276383781,0.07552932266820601,0.08863830579399157,0.09288374551181511,0.15365106321451988,0.2520756612916734
0.10560100763363545,0.14806346987095687,0.143461513466107,0.16725448520149055,0.04897425287941159,0.11022298675427496,0.09877608673757272,0.11465023044024909,0.06299596701630178
0.08487668474921317,0.08415936549575538,0.06214313801846739,0.07356511519416885,0.11005849059173885,0.11920752511276382,0.17937021411887522,0.15043202226059013,0.13618744445842726
0.05397103238345355,0.06467567745610053,0.07039045602209709,0.09703724728071782,0.07205420992421195,0.09610603161998625,0.23894306413078925,0.16022856444793782,0.14659371673470575
0.17711063760496795,0.09985256447762063,0.03168372365129371,0.09788451340340247,0.11461373131067043,0.10467925536166593,0.11159679224766426,0.0971201502685231,0.1654586316741916
0.08915916772855825,0.05114059408609669,0.09247674644257702,0.08443928309127753,0.13224503930111706,0.10292941380121112,0.13276341157045388,0.15992209229648371,0.15492425168222482
0.10366311239805122,0.1595930899882775,0.16581297886241333,0.08006579694215635,0.08799479073163578,0.09677980080919081,0.08766770959972837,0.17180357024925583,0.04661915041929086
0.09532625300072683,0.11657278019027867,0.19048826144918937,0.1516308875631295,0.0865896284894458,0.15123432466507467,0.07300755420185424,0.049119290497321465,0.08603101994297936
0.09473894094285333,0.0949548711817515,0.0828671098030838,0.12604250523580826,0.11846603111418753,0.12741893196691545,0.12983070921527992,0.0868693262899752,0.13881157425014504
0.11035861909794083,0.0664994880827276,0.09364667870682349,0.08034060158031174,0.08454038881296629,0.10381121861375493,0.2010182589326055,0.209435762604939,0.050348983567930584
0.08681799718240311,0.09100386445767343,0.07489584869737508,0.08292027932654496,0.08100770870379549,0.10938764497906163,0.13287255578094345,0.1966645290137874,0.14442957185841557
0.08295233744098172,0.13456076599801725,0.17891679626409598,0.09561365007983569,0.07882361419020163,0.13277545440001523,0.07108924400386822,0.06435806409107778,0.16091007353190642
0.06194453332026326,0.09410883363733176,0.12634154908473944,0.18214042873003625,0.08108741304485294,0.1210803187992019,0.09548748103937228,0.15310159097638876,0.0847078513678135
0.09716192588136423,0.1158058129864144,0.06635002054558091,0.2543919285496174,0.08257562560362205,0.13285589372071646,0.05968559472477539,0.07641495445272561,0.11475824353518359
0.15155506604068192,0.13294779110962174,0.09191706582411907,0.14469626595451646,0.07477037478577007,0.1587288033813711,0.10649763226131209,0.049181147970956914,0.08970585267165065
0.0907003535790069,0.07328040060133435,0.04705508645147543,0.09343350498853648,0.10419801665593448,0.10385967050818758,0.28115445303837483,0.09577568862394238,0.11054282555320756
0.10790580874183854,0.0970290777289909,0.22238738585855647,0.13768090647131373,0.04576217142162334,0.16779386062230336,0.06020127071914205,0.09260444344686436,0.06863507498936733
0.07481005180593527,0.07493270649673169,0.06509412173401714,0.0915716594859793,0.08489404938932754,0.11098503016592441,0.27966756103682855,0.07694505734406516,0.1410997625411909
0.06684526858749378,0.08576025474089792,0.159866730051012,0.09443002682953179,0.2777742403690743,0.10751835394508114,0.05604133097267699,0.09114969359060625,0.06061410091362592
0.057880695684455,0.0778371717697565,0.04987652197350781,0.07113478521207563,0.16185266349181665,0.07663193016818536,0.17545713334992638,0.17762382260442477,0.15170527574585188
0.04972897558567382,0.07378379758892611,0.08205114075015367,0.13320286100049966,0.05507707951892852,0.09217985430711771,0.23673507183054177,0.12188584582897638,0.1553553735891823
0.058645529619919555,0.09658135784336608,0.2906829725252344,0.10865647326634988,0.11488034470347451,0.10813828163373779,0.04240367954279665,0.13116115065726805,0.04885021020785315
0.11420761318431631,0.08898889105263948,0.040813331104974,0.08612375980528719,0.13660959990493846,0.11387714273762939,0.17296946000156507,0.08943677702215613,0.1569734251864939
0.08809698737030376,0.12142425180815813,0.06154893647670534,0.08646334693487549,0.1263113703899643,0.09952682008539658,0.17473276217497,0.16380153039334963,0.07809399436627677
0.11355708935137084,0.06653048622767538,0.07863564535500157,0.0677026491901103,0.057508495284464285,0.11090833798005985,0.20555786984406557,0.12122636217561249,0.1783730645916397
0.09385406795493813,0.15008256838695994,0.19889999559886518,0.14643396083948146,0.056038589249918815,0.11014219699152462,0.027417653407633382,0.08798357224800839,0.12914739532267008
0.07907262210837394,0.21199950914548102,0.10980633177176226,0.11450590144761692,0.12780586119508738,0.1269870856335809,0.05440519054668035,0.10900729294974532,0.06641020520167196
0.07624157991667624,0.10621752688653885,0.09370476379876606,0.15563700825914523,0.09034561104700085,0.13816701292965172,0.0785052787737835,0.10831934022571432,0.15286187816272323
0.08817936078840698,0.08812797653315263,0.052459541698579054,0.12158215828637838,0.09439758449778589,0.10809726740006677,0.19023318130018044,0.11001847571023066,0.14690445378521916
0.08208275761645593,0.09533100360008523,0.18955010697342747,0.16716386507029402,0.032857287435909065,0.12263029588902637,0.07355544201722997,0.1058057463238593,0.13102349507371266
0.05306622818880375,0.07830002694764286,0.07514145852357233,0.12139777849056708,0.09767028519046085,0.10038231548722577,0.1111206694612739,0.1737749187083947,0.18914631900205872
0.05492555407776093,0.1312650826733394,0.07453012642350641,0.10028995935390171,0.09153129955851828,0.10469147215155426,0.16887030297321629,0.1751353096553648,0.09876089313283792
0.12939353955514812,0.0915187397033509,0.11489929788892504,0.11188197279621381,0.057371026350158595,0.13047130202295423,0.07254190236225487,0.15761952621529177,0.13430269310570261
0.07834451547451615,0.08802475896842595,0.057826274913907516,0.09241677524714899,0.09833356158264074,0.10785714392996072,0.14658291869556025,0.1483874002939906,0.18222665089384918
0.09578352195051627,0.10511494858505005,0.051177345494068605,0.08582624512607621,0.06484420889432942,0.10202316728774703,0.18375427444068404,0.13232913529385631,0.17914715292767205
0.05879918485306962,0.13598605058534177,0.22539013552260023,0.16054647741822622,0.11456737615330871,0.11095552856688655,0.09162325823411806,0.057958264503437024,0.04417372416301175
0.10960167144026978,0.17928009020394362,0.06706189199479833,0.10064964661549958,0.10247469600807724,0.15498584272654284,0.11988152599233036,0.06884357263256043,0.09722106238597787
0.06830843101311222,0.07215712941060544,0.04886127921312944,0.15262872619171383,0.06598507974125867,0.10896178342612078,0.19229061602162523,0.11640733593017143,0.17439961905226306
0.10256986760260735,0.10935287019540281,0.09889979351388338,0.11214049292340794,0.038755629354884295,0.09476365963840294,0.10781517216894694,0.1858298039793412,0.1498727106231232
0.129093424472633,0.10402469453204617,0.06664187176071107,0.10157428977505063,0.157381037588783,0.15365830235916353,0.15545053365465158,0.04628846354043114,0.0858873823165298
0.05288354368465211,0.18039115426319943,0.12315104140967774,0.09677890495916062,0.07300307331797906,0.11436994776305227,0.03843697343251489,0.19159460010557736,0.1293907610641866
0.07483095379591116,0.11300487660503848,0.15590190208625757,0.17527406186846703,0.06879711461436595,0.1385132611395824,0.11416055966019767,0.06964635077653185,0.08987091945364789
0.12154836635808304,0.11288039024850345,0.10009715936482931,0.1277207409014771,0.07940375558064239,0.09123163471402222,0.12783867822803055,0.1917595798487088,0.04751969475570322
0.15672270475411965,0.10107986933468509,0.036151462355227405,0.08698418956118283,0.11186280282439309,0.10764343312830123,0.22578382614504722,0.07322965838621323,0.10054205351083025
0.11003825248038739,0.11649843697030403,0.1358127287633866,0.09013150425411331,0.11521206149514963,0.1501227375190519,0.08780853272917384,0.08901112152311243,0.10536462426532091
0.040621158568402614,0.14465936243631772,0.06913699673167074,0.14020155593028427,0.08630544745348928,0.09675040132119261,0.17729283072166488,0.16237078854408163,0.08266145829289619
0.08671100804819226,0.15194229748329205,0.15519506419251686,0.10734502996919158,0.05853447727470081,0.13832541225753134,0.09466621075416114,0.12163829468314642,0.08564220533726752
0.03977039866368847,0.07195780752998258,0.04715057622954386,0.08776030613403897,0.27776334000790115,0.10090022632857241,0.162673651647152,0.09161509825260865,0.12040859520651187
0.07336173012028123,0.1247567102549279,0.08840769690517382,0.11451877659113313,0.07824346674045904,0.09248011771113564,0.17549279859416558,0.16020272590910764,0.09253597717361602
0.07625245442037802,0.0581245648887263,0.07584367089456542,0.07690317321485812,0.1079897458051796,0.10285444490663605,0.19398978792971358,0.08399385945317211,0.22404829848677074
0.08749634965430453,0.10591765166960863,0.18889546108791255,0.16884605228940688,0.06693752467121335,0.14066028563901087,0.04832275793298568,0.12391812282936908,0.0690057942261884
0.0919571662390984,0.05895878914482385,0.0689199935519322,0.08155897604965483,0.23014020539625946,0.11606360288506849,0.08848942306684855,0.16260768226741804,0.10130416139889618
0.10666267980476844,0.13064844251843466,0.061366928342844185,0.0883771527894603,0.20436067009047698,0.10854803770447001,0.0840474826894444,0.13666286646616907,0.07932573959393195
0.1658966670961967,0.08995411676164677,0.1406116396597093,0.1330282290290398,0.07981247703243438,0.13501707950016167,0.07951306193605483,0.10378889312236439,0.07237783586239213
0.06673528625906756,0.11908156150373007,0.09399228690076694,0.19849744149740467,0.11889423301178802,0.11748679604228256,0.0436642638671145,0.20583104093054497,0.035817089987300675
0.12240131711663065,0.10676555024873448,0.06327325751648373,0.07359572486888528,0.11457157620645304,0.12988682742523563,0.08225722342220858,0.12075918326730951,0.18648933992805908
0.27783523031540697,0.08356093482137728,0.09975766788370066,0.08984753622944257,0.088679984027496,0.12008117089511504,0.046972989070886186,0.08079714993786737,0.11246733681870785
0.13183064589143376,0.15760151470035513,0.2809334095034659,0.11356664717173144,0.06823931913351099,0.0908017550724091,0.04905900808644289,0.0853248371864066,0.02264286325424422
0.07436728988575757,0.1496373162358513,0.36548768225881395,0.1061999307743174,0.03960994473903288,0.11065889797812362,0.042843689060818035,0.09322581233655915,0.01796943673072603
0.1177196006035532,0.10555455844693877,0.08480904077804896,0.13583427175935098,0.08017223652304102,0.12825644580753057,0.11565738309876279,0.06753449129509405,0.16446197168767968
0.0621334214095915,0.07946516177400932,0.06205033061006041,0.11462980581461284,0.09372129319851093,0.09725477124315125,0.17032904857628126,0.1960154580852911,0.12440070928849144
0.11830302794578566,0.10528114621351965,0.2582473788160555,0.09645927721406806,0.12177953260283154,0.14022897871021556,0.05440653523902938,0.06425074757365003,0.04104337568484464
0.11002947977740164,0.0913406689924321,0.16189763524949222,0.13202401704793407,0.1351722068806149,0.1330480784474852,0.09164936029501687,0.09921762947222786,0.04562092383739505
0.06173124187505771,0.08456404269498304,0.15538963021521526,0.15624213117004088,0.056549032851193164,0.1312437735960806,0.15459457544737046,0.06819736130545512,0.13148821084460371
0.10400854247707303,0.0832397592357141,0.08232700448780256,0.09810782212761092,0.08210646654942133,0.1139694376745664,0.14388164920722687,0.1751805550729597,0.1171787631676251
0.11079970711429203,0.15945269245920737,0.14169761113593474,0.09670398116177982,0.12879933420624515,0.14099429591637083,0.048364444256451804,0.05085222747531944,0.12233570627439876
0.09280670326653483,0.10721320516402176,0.27365582692541746,0.13012033581360014,0.09873591029071933,0.12614228731944022,0.05608073391189982,0.07606235712603089,0.03918264018233558
0.08655522805909344,0.18894180740767139,0.193376079253751,0.13738269878609966,0.06261195599467317,0.12534295765083156,0.042491093218199626,0.08548691244060351,0.07781126718907676
0.11685333151579218,0.12332263348736833,0.2745130518154334,0.09646130255559408,0.050798105383150306,0.13624275972391242,0.05228437948872792,0.08889979174180795,0.060624644288213424
0.07930961341730576,0.09709554204479769,0.10300947178440001,0.17601976735432123,0.11290560844363288,0.0964041908610579,0.1296296286171936,0.12884976222449063,0.07677641525280025
0.04764855209658527,0.1271698491354901,0.1166082271915803,0.0989211014863185,0.07176316583189689,0.12647273079994248,0.11680497266965643,0.11776679826341097,0.17684460252511913
0.07983507949698676,0.09565817479207694,0.06185795935507584,0.07411404594378852,0.18428018405267335,0.12497991343035109,0.122040328579387,0.20923227927142382,0.048002035078236575
0.0710224857154241,0.13805907519426963,0.03700664501073797,0.11068484058468912,0.1654645497130006,0.10417886738983036,0.13992031806859997,0.15530933524941018,0.07835388307403805
0.07893642409500308,0.17436985740135547,0.09723455992379482,0.1029044899999406,0.11122993049797718,0.10797509217284092,0.11524716668384771,0.13527080490377694,0.07683167432146339
0.11359714910304704,0.061449171587814155,0.04047374489390044,0.15357204324002377,0.07283286779339981,0.113797540929017,0.09823596630926873,0.14621100106701937,0.19983051507650962
0.07780635810573765,0.1272951215364324,0.2579291809050751,0.09916225116973139,0.07576678376087977,0.14619337570754226,0.05067029992729047,0.0890134507088275,0.0761631781784834
0.09030601829552314,0.11389133517297349,0.05545898078774891,0.13845887607728466,0.14283430959929735,0.14167941426293293,0.11143044354766789,0.07267981122175984,0.13326081103481183
0.12035143704183586,0.09637159127800769,0.13725253507632618,0.1369569372487048,0.15625615345893587,0.14579221094684636,0.07277852038140807,0.0562585752472487,0.07798203932068638
0.13076012618568886,0.122264565053485,0.13756650324422706,0.09043656864439581,0.12758953673081483,0.13566979299579898,0.06690128652832393,0.07004480804996306,0.11876681256730241
0.13243415509589515,0.11517185038842793,0.05483654424906098,0.15466911990709678,0.10308978815265075,0.11041064563422653,0.1408178495008775,0.08470177146131985,0.1038682756104445
0.17169069546839158,0.08415607100427884,0.09785862938060785,0.13405570497873165,0.1102673365264069,0.14045207373656154,0.11720412239593518,0.043609800050221276,0.10070556645886515
0.07233797196458125,0.09022230170806615,0.16990722188188925,0.08788128385366191,0.22627356016926528,0.10504238214045375,0.1305144852408034,0.0927486586935017,0.025072134347777445
0.08193853750019316,0.13993396812013525,0.1402448143585413,0.10604572031411279,0.07753048189531286,0.11993006821727625,0.09818419503537683,0.13403555721059987,0.10215665734845163
0.10037446720433076,0.12484625434485903,0.1500673667907633,0.1414090989500947,0.08273465666468505,0.13805754734410972,0.09372874090333051,0.08079585614032389,0.08798601165750304
