0.1141319676577559,0.1301930246864722,0.11409099641095487,0.08367689390906231,0.08747271627833274,0.17462825203557056,0.10072129011245519,0.0635155210582526,0.13156933785114353
0.12662263376304786,0.10058485925801841,0.11626537603906532,0.17097580110108948,0.09190776939207541,0.19583591852206395,0.09313511041516202,0.03323641055479045,0.07143612095468714
0.2353653914363026,0.10910070271563711,0.0939703237989779,0.11215088771194777,0.0991648993566905,0.0928124185328361,0.11602476168922633,0.06588933286786046,0.07552128189052121
0.08127030864732011,0.12523141443293784,0.12290711894837396,0.12263302732610154,0.09663549780636864,0.07547848097139158,0.11133344442461252,0.12947072469007903,0.1350399827528148
0.04511800020999309,0.10720750321550611,0.09765974016027952,0.08948044125539839,0.08605577279302923,0.2741596672593368,0.10625081402205723,0.12174317684755624,0.07232488423684336
0.05940542994176027,0.09673884539758748,0.13007580825245615,0.08217529633329534,0.12523374096986817,0.1322452284674215,0.16160645348927585,0.14381756609242122,0.06870163105591405
0.0601559967160846,0.08832628482604936,0.12060286616906031,0.10414304394650904,0.13560278917665652,0.07606185197862539,0.14750878955562705,0.19169332644329865,0.07590505118808909
0.11250458090204911,0.08741963315437785,0.09970069833802468,0.08144572057131527,0.07697317281010135,0.13266731510762728,0.07985584254513751,0.25275154588607707,0.07668149068528989
0.16878410770211258,0.12454733315945808,0.09591280831492895,0.10582305707927864,0.07644449716731694,0.06428963991775663,0.11501400081914905,0.1492447339910953,0.09993982184890389
0.06892453901675565,0.10424737064997129,0.14572758513170567,0.07296028869807467,0.18298087004661115,0.08901554856453625,0.11474779007409541,0.10252071568935707,0.11887529212889292
0.059473760370975626,0.0998051121789375,0.11950926425953153,0.07806940107928428,0.08905017237884606,0.24840844083243477,0.13202511243722867,0.06413530002376665,0.10952343643899481
0.051437482022502166,0.11583016065200857,0.10621850511067266,0.18216774124959026,0.14728425622037486,0.13277380091980287,0.10807263626425904,0.06637292622024367,0.08984249134054585
0.06694359994254585,0.13115258534911986,0.11338543808387917,0.12231610704535084,0.09376859818253447,0.14943103386121181,0.10542557494083847,0.11685805238179331,0.10071901021272618
0.027086113342414054,0.12895181501161537,0.09911805727259453,0.09785869149871905,0.12697611266625017,0.21303665054584162,0.13011701810134405,0.05807023040360499,0.11878531115761622
0.03553637228569556,0.12394614455040363,0.09346703776862746,0.12118081016722436,0.11966711565202792,0.1845378404001314,0.12224902195108596,0.09066884990914041,0.10874680731566333
0.07421734447065775,0.10965716054635626,0.13434841388822225,0.08986914116398785,0.10590642879233837,0.12558347280096735,0.14231507204684946,0.1152598877291116,0.10284307856150925
0.06317864036716618,0.09768943917679825,0.13135261528088182,0.11811824190469122,0.16680439521045987,0.10573729654491348,0.15372611768296832,0.0718487233866479,0.09154453044547295
0.07022920864128722,0.11391271463469244,0.11695883030395338,0.11450383522130449,0.13506501496398016,0.09633225886623482,0.09911319488651409,0.12551648240941687,0.1283684600726165
0.11430371198059867,0.11454227156361012,0.13912899724195169,0.12174384004279741,0.09380418636496828,0.12582273065538133,0.12819572399691612,0.06501888765441492,0.09743965049936149
0.05755283503436753,0.11925515941459873,0.10370652653748084,0.13418428963266774,0.10248119299851445,0.12298465221562095,0.09215434594974391,0.18425446371860277,0.08342653449840313
0.03577488074427374,0.10793424291647545,0.11349381484192768,0.08918664890298718,0.08824671122729633,0.10076139273337696,0.1639091347871029,0.23027042746592874,0.07042274638063113
0.23312498510064272,0.11701126042902586,0.0903828118237136,0.1424894220225887,0.10295568021293154,0.06180936760039691,0.06412879931197467,0.08137571553033919,0.10672195796838675
0.11462448921378822,0.09231795253834979,0.12297629706305464,0.08004424277575141,0.06842878972180555,0.09373483263556064,0.12171393257190544,0.17662912582359658,0.12953033765618774
0.06471579920290257,0.11583094258202907,0.10915811288285086,0.0935681307970304,0.1460642669641792,0.06522341682105842,0.15446173071968397,0.15553931207060395,0.09543828795966154
0.15329629775940626,0.11391149932460415,0.10511991535766974,0.13455162356082923,0.09332502185358577,0.05932754988569202,0.09512088618707931,0.15391674627899857,0.09143045979213497
0.055155559281368956,0.11036906483932933,0.09781599127977929,0.2446417915536195,0.11931201840827547,0.1019649299792653,0.09192487093817499,0.0869332430672145,0.09188253065297271
0.08625534450750734,0.11277725814526367,0.11521639194980242,0.11731022580557939,0.12740242229020626,0.11471479033109955,0.1581710919971294,0.06775589428930308,0.10039658068410888
0.08744707576577182,0.11238520068338727,0.10826536289383158,0.10841191210425366,0.1331712286664414,0.18564433019157575,0.09206439643562948,0.09186838795414609,0.08074210530496286
0.07693220631875457,0.1058566106312102,0.10035427516029627,0.1102763041417791,0.1380248148694037,0.061814442080807365,0.10820165497883967,0.2271458905698186,0.0713938012490905
0.0739597101992806,0.11748618167627722,0.10211804515564131,0.11467576902130515,0.08679504323743399,0.14183682672642473,0.1261624527083475,0.08231506615568245,0.1546509051196071
0.14947410359489757,0.08332674776067885,0.11666579326543508,0.10678936803156287,0.13592902355731365,0.07422358635062457,0.0760820883966639,0.1315362355397026,0.12597305350312085
0.0878751984447867,0.11712271672104298,0.11563873457673228,0.1233230540751367,0.11284141231214144,0.1168296663383102,0.10927420286115828,0.08971539189581046,0.127379622774881
0.06062944082809563,0.0801386844190465,0.12600919347215248,0.07286106995174933,0.08216068758222561,0.08198661805466184,0.10139836373917566,0.32479489846412085,0.07002104348877215
0.08412131222591253,0.1026799997138589,0.10777723554518788,0.10154336219063169,0.11733425347175779,0.19201064489565103,0.14127089171951665,0.05010884305017573,0.10315345718730778
0.03300621722065416,0.11800337257622746,0.09641152396263915,0.1341196232847738,0.12388950171113548,0.16185442414688767,0.10879937134943167,0.06715885054879839,0.15675711519945223
0.11781895852893674,0.12272600762691528,0.11138348822432927,0.09528085921408391,0.18969855507490505,0.07306628874160706,0.1133248693139622,0.07636749029086394,0.1003334829843966
0.06187202629834506,0.11069224853216919,0.12274602365029112,0.14008109171707764,0.09583329160505975,0.10306909411301107,0.10260613303768207,0.149246592297195,0.11385349874916911
0.09224650442854894,0.11476061108702713,0.13153341863395251,0.10073530454375108,0.09572266153705344,0.12785660779507477,0.11595577232695191,0.09742815750761026,0.12376096214002996
