0.054512195335993725,0.104912564029799,0.23405096608026596,0.11747666819268225,0.10576026974741386,0.1281880411401605,0.07802627993142384,0.06217358613221866,0.11489942941004216
0.09065988760689152,0.10319595410694345,0.1524352416308642,0.18347074692794127,0.05966792411923808,0.07092850561163375,0.09952289601838006,0.037855152327609456,0.2022636916504982
0.12467370278699648,0.09909651750878638,0.08542050034664396,0.045343031248276135,0.07968874638599245,0.12000974928463687,0.22859843199832416,0.12479788456877551,0.09237143587156804
0.11080622937958225,0.1294868548424799,0.09907131751123516,0.11054810140907935,0.07190526664992677,0.12585764737714172,0.175073157689927,0.07391927913145008,0.10333214600917771
0.06518933639034571,0.1272500190018466,0.10684455768758166,0.1720973432382886,0.08397343414292764,0.10200144532473045,0.08821120542938515,0.11588866257670356,0.13854399620819066
0.08970746935416879,0.1181713106577119,0.07231553334342383,0.1207388392580957,0.07049403458707214,0.1182279383017893,0.1383114567311869,0.09301792578434627,0.17901549198220523
0.08990391201722925,0.12618175215183733,0.1965860493306125,0.07721178630465554,0.12083271010905183,0.09181295403172444,0.04563278334690907,0.13542947707215158,0.11640857563582842
0.08487625344014514,0.10242024613703109,0.1381916348193947,0.0632760130814416,0.1236694315439953,0.13403781584993427,0.10910460879116078,0.1535515889765293,0.09087240736036782
0.039101419005122255,0.09908491178282665,0.06301864426393376,0.21236396967940077,0.1478719756754694,0.10713291513069644,0.11237108390466899,0.09136709798574483,0.12768798257213698
0.12108581641841287,0.09948931058658363,0.11442038780290238,0.10545128950549139,0.1497454861331379,0.0874988558038563,0.04916612583789413,0.1787839076763548,0.0943588202353665
0.06255198028641525,0.14233849959460776,0.12622580741871173,0.14729195416633292,0.08232784626160562,0.11352742749388271,0.10620852932725529,0.12341488277389033,0.09611307267729845
0.1161980228692136,0.11222229464649881,0.2736496932457894,0.10655954663726476,0.07723906785700174,0.10813250463616132,0.07413854629454915,0.03386962667148664,0.0979906971420345
0.04759333468650776,0.10216535467587858,0.2519395221550198,0.10381812000837669,0.08106997071105498,0.11608790909903943,0.09564825652278502,0.06547665406778815,0.13620087807354958
0.07994876354337584,0.12258100477369281,0.19564446528115628,0.08547507713938256,0.06715299878151307,0.12637817019289357,0.10337932343655513,0.13931282579786192,0.08012737105356892
0.11627708787153844,0.12679442202055843,0.12297309618216497,0.1099394830713944,0.15372033760427598,0.12152757831978682,0.11777653916447271,0.030098617455364463,0.10089283831044382
0.09267564076831414,0.1409698836097001,0.1365978880464097,0.11430027468336394,0.06717319997121887,0.1113988438751798,0.13700133659306243,0.08618989829437589,0.11369303415837506
0.1526586314555031,0.1051670241180183,0.10535604720563128,0.06854267943235237,0.2047919462621045,0.09991798827795906,0.06737209800959315,0.10734157729224351,0.08885200794659476
0.07435830686694418,0.1262762493326462,0.0867333421111205,0.06720262639172536,0.06967239564688583,0.1257269437599355,0.13262973433566091,0.15143744110331522,0.16596296045176628
0.270033992393778,0.07714890517955995,0.12601543105368396,0.17035184984719265,0.10048219764566564,0.06544826854791941,0.06442755011420208,0.03743874732046173,0.08865305789753662
0.25301999563187483,0.12206988214141438,0.08703066350535028,0.14336891226114587,0.10550137449287163,0.06641397331279965,0.09891978479094343,0.011459386891945094,0.11221602697165485
0.06059073343256571,0.12128839333671881,0.07490997016708668,0.1263033437711645,0.16701623300430124,0.1401586738100592,0.10076888882086416,0.12464210230923628,0.08432166134800338
0.08137981187303756,0.13380611487893287,0.20124083632868536,0.08943739352923075,0.07529547261843404,0.12340805465879608,0.05548401247293197,0.1645824042259808,0.0753658994139705
0.1066822715100032,0.09582803451124063,0.08486425820159726,0.0773451803994002,0.2371943217007494,0.0989015806588811,0.09779156888547842,0.07365737273053972,0.12773541140211017
0.12248255087403957,0.10648867001576527,0.1999094963552057,0.061365384635718945,0.07620880246624541,0.12021724793811565,0.16377719551954795,0.024062432039984316,0.12548822015537722
0.06578185244791623,0.13900057114458697,0.09849950356309872,0.12883610698927006,0.08235240957422807,0.14814198046770155,0.11889118036003878,0.11089340527145901,0.10760299018170057
0.07834465315844473,0.1498427488933153,0.11942547626770737,0.07048494170875903,0.07519612020120034,0.12709951749782755,0.14976567473949232,0.09531287528380729,0.134527992249446
0.21191198396267583,0.11001488556053111,0.09748038751463191,0.09615647679646701,0.07242518647439733,0.10237190312284401,0.087829942645397,0.14757531332091445,0.0742339206021414
0.09537181597020732,0.1256234871135928,0.1354063135207294,0.13233213792212137,0.09182397398417617,0.07991187369917192,0.06897234109055538,0.13907153820301318,0.13148651849643248
0.19910754011968448,0.14896804979319053,0.1786116557288373,0.0390634601888336,0.11985656853921389,0.07399051251047349,0.10688080089304326,0.07434896754828096,0.05917244467844241
0.08330278305064108,0.11099176467994419,0.08585045980586468,0.07692239279344308,0.14087699273732013,0.13501813033120957,0.15201142711930593,0.08075702522523265,0.13426902425703874
0.08565612562773539,0.10003317580325322,0.17897615922060997,0.07788323609930546,0.21098662994908648,0.1300578151489243,0.07065012855287832,0.05413233964531328,0.09162438995289361
0.09445760329486992,0.11298075611290383,0.13698642948361386,0.09970512153641574,0.12118073309714344,0.0848487053807331,0.05771381906156947,0.18875233149677786,0.10337450053597273
0.12637319093674815,0.10650117298938855,0.18662216717828986,0.14132147128730457,0.08331197149063437,0.11590734438032531,0.10606553641909382,0.04789236272266642,0.08600478259554896
0.10772623036820807,0.13608886731917688,0.08667064396052888,0.1348025276989739,0.11245957704293263,0.11115149022641252,0.0665498522236498,0.13348132930369538,0.11106948185642192
0.15113551349281082,0.10073178195726167,0.11286671775644046,0.11424151014468951,0.17002066245619188,0.07239861091703469,0.05093447885323817,0.15408319532674852,0.07358752909558432
0.08964422697131746,0.14745563152932473,0.06320433547334879,0.11221530855536137,0.09738979836724297,0.12337626554944897,0.13749285370029174,0.09428946040359683,0.13493211945006714
0.09503151152023592,0.09805333802397771,0.08437249958095516,0.1371135867383821,0.19337183837279878,0.10203088504399598,0.06555051099124315,0.05773604099766613,0.16673978873074513
0.08510435527059697,0.13169363131320533,0.10022596826967915,0.20330977068193476,0.10941642334149466,0.10382675665077079,0.06450413067623707,0.10333116482422071,0.09858779897186055
0.05589952350284597,0.09667885035758528,0.10880739436135729,0.137224310427517,0.0806152445366853,0.11758892381491375,0.15505605223393484,0.05339364163263203,0.19473605913252856
0.09553020954584489,0.10461427834027082,0.07866043353751805,0.05219878930986454,0.23446159605099756,0.07282196940613467,0.05021841075580813,0.21190563749927796,0.09958867555428345
0.0907256286319643,0.11789402818245248,0.18116291955904137,0.0744662397642571,0.062322639639228274,0.11876988608061127,0.1426661599067477,0.1191379178121144,0.09285458042358312
0.12378327044477416,0.10556932857650275,0.10771631724908874,0.09819860053452455,0.1846458514655791,0.10889824536666176,0.09142198623167354,0.10734682518819305,0.07241957494300248
0.08883662623079965,0.116571972032451,0.18652192134582282,0.10437140930370692,0.1396058026126519,0.10142921844647433,0.054990947144029245,0.0922323247053715,0.11543977817869266
0.06118874036653097,0.13434230313206383,0.10771075854534233,0.08861456237166788,0.10009822798422885,0.117240521766889,0.0629092114894216,0.20976099898074127,0.11813467536311428
0.08751952647172205,0.14516214000993768,0.13231780752777397,0.06555706177102673,0.110208773945054,0.13578528281646407,0.1152214769240341,0.11757901067131678,0.09064891986267058
0.08276393793977828,0.11963392098137056,0.1322458760412356,0.157941996117878,0.11846717970698127,0.09915207270360372,0.11846137039533573,0.06614154051145058,0.10519210560236618
