0.14562470390714552,0.2611860304647126,0.09150041603056003,0.060852289434046934,0.10381432952637913,0.08395781857351013,0.06299058890286284,0.09242335246645457,0.09765047069432835
0.08214525209009331,0.029314114863463345,0.1317749366255004,0.051148200634000364,0.10260945096427687,0.20936365543682303,0.0956894942488029,0.14350262314123477,0.154452271995805
0.0965941921853443,0.12594537736135,0.14768018958874216,0.08781859112454062,0.20851185996717145,0.017904652135439385,0.12594606506373654,0.10619457076219779,0.0834045018114778
0.08841456008364458,0.09906582284708214,0.1236655222677097,0.06078275924303315,0.13950047864811774,0.10545367573278265,0.15168246046831171,0.14892616425691327,0.08250855645240494
0.12970076166053937,0.19809340511302007,0.10105745420585495,0.05773649173073955,0.0960751666257733,0.055281633334785286,0.11699976678293578,0.1117900760551072,0.13326524449124458
0.07894357318781633,0.0764003188207323,0.14895091203358887,0.10458649558378824,0.11396578540616183,0.12550366133028124,0.12497863127189497,0.10329451205538148,0.12337611031035474
0.1611469501828696,0.08049368642078526,0.08702464531635985,0.1059573567261292,0.2030447753701583,0.031532025011216276,0.1347206127058936,0.09582308144203484,0.1002568668245531
0.1484119618909995,0.062257299338224936,0.1812104421478595,0.08082797485264315,0.11538510388009016,0.06965160127980725,0.04927200423559113,0.12074947387984747,0.17223413849493682
0.162145095668124,0.04830917891571842,0.1352990342050279,0.2497511618437188,0.14909681302704234,0.054755543075285316,0.04579534633794246,0.07132682447260191,0.08352100245453882
0.10071975545128269,0.19373635030743794,0.11476596165514062,0.05677074332350044,0.08064022015869805,0.15043684448753006,0.07457592985793278,0.10995143482590643,0.11840275993257092
0.11743304620883466,0.0747608327885649,0.13065944086498857,0.08514245879049408,0.11042380891156946,0.058120332547707244,0.14107475668199396,0.11406545899530751,0.16831986421053977
0.14182408546298989,0.20264263867249868,0.10442842230488532,0.12991143404747166,0.05641202844118001,0.08064692563363722,0.04868489793437767,0.1182397512860911,0.11720981621686842
0.17844839224090958,0.1679696811512749,0.17459760646216585,0.08203616413447969,0.06902778279412947,0.05638312799647244,0.06906731611787574,0.10775591972393506,0.09471400937875729
0.08664766743237762,0.16580379638261802,0.12681661963564606,0.08783176363987193,0.08075686500138608,0.06869213577572793,0.15311196542429725,0.11733768108542231,0.11300150562265283
0.0849562557497288,0.1375068031743617,0.18086840479590915,0.08619623954375084,0.13905290536099835,0.04156502410582033,0.08258415388910827,0.14536795003109826,0.10190226334922438
0.148152649544601,0.03602056731910682,0.1459686240023271,0.15594359812354722,0.12481011283618382,0.07340274359120719,0.08681402773150378,0.10544390181423458,0.1234437750372885
0.07574776492383647,0.3248283179874248,0.07354374759293737,0.07289952352750607,0.08799143718808078,0.04498523552464021,0.130421635597105,0.11128229403081523,0.07830004362765401
0.1119482913384476,0.012551901014921341,0.08142052895959881,0.24403559192861457,0.10164248541548242,0.08263957415081975,0.13494781547830204,0.1384649274649062,0.0923488842489073
0.11084385190422831,0.010047001029698738,0.14836624117681477,0.24081624347974362,0.12961169992911226,0.0729934572950904,0.08838429699574668,0.11576709019788346,0.08317011799168172
0.07013751782377253,0.08468508357884656,0.1568958298779173,0.2932522870584698,0.09643015645082768,0.04612945764403115,0.06312044951204926,0.09417782373369034,0.09517139432039541
0.07217021878453567,0.41607754978469186,0.09670099981916573,0.036620826359451464,0.05430827056239529,0.0688147208179183,0.09192474127826024,0.07296367596923808,0.09041899662434334
0.14101496606791633,0.1435218887839948,0.1593029123817146,0.07489346602841916,0.09082980246301293,0.08668251236946417,0.06251915866412532,0.11441295067603892,0.12682234256531374
0.09829234556859268,0.07686285180538102,0.15396136458578616,0.06672873330244906,0.12412002149142276,0.08194759755429708,0.09216644153820869,0.1892632857410935,0.11665735841276904
0.10173389493715286,0.17598745144977476,0.17416747852450923,0.06771183879557581,0.17873109250118654,0.07111922583975844,0.04358934308650007,0.09112098410919463,0.09583869075634775
0.13106134563923924,0.0580312549423721,0.2066001117371318,0.1358686302458528,0.09200813729457169,0.14585935130644692,0.07797731910786114,0.06487170073699079,0.0877221489895335
0.0895168785964654,0.09826319393706073,0.08538555702253992,0.05047206965080222,0.08786600488212883,0.20833178908425362,0.13228495856094932,0.12219351334723923,0.12568603491856076
0.16539019394900276,0.05952812167645061,0.0992576507490134,0.08061931449876049,0.15816704877551938,0.057310645638254665,0.08949300012241508,0.13395953176479397,0.15627449282578965
0.11858825278378134,0.04351031465386853,0.1293102057915448,0.12005842529136834,0.13187397874112616,0.028551082821969342,0.12207814249309949,0.1427834305781144,0.16324616684512763
0.08177001128414838,0.10933248531233199,0.10642614025438958,0.16437414963003225,0.0716944552263488,0.22713981669870673,0.07262894552341681,0.08226556493963333,0.08436843113099213
0.15956052605262175,0.03168153763363233,0.09068367228855122,0.20538664505658077,0.08155118562335836,0.14502567427864319,0.05011374865183003,0.10829019027319953,0.12770682014158283
0.15026381342829986,0.10012292882873745,0.11162349225879505,0.05759139536416643,0.13639767070973155,0.12210653011866483,0.11148847559713583,0.0994159281370821,0.11098976555738686
0.14097854942444063,0.06235026133767931,0.09976131430295854,0.05865542674255423,0.12636917841385684,0.22830116506996254,0.05427637216339273,0.10660633497094037,0.12270139757421478
0.08514270848940163,0.20262277901712636,0.061622582535566815,0.07825968887032726,0.18443085426047587,0.051782367945664265,0.14867103093375347,0.08857989135855725,0.09888809658912723
0.10333782046259503,0.12641562862958863,0.09803587546748038,0.2392326292217342,0.08701162063084367,0.07000743587100909,0.12201560150946252,0.08287974534435451,0.07106364286293196
0.10724244756297276,0.16076407810072976,0.14830526986073336,0.08801819922282794,0.09964026064688569,0.11029045591582744,0.05590609050274803,0.1153601738788332,0.11447302430844176
0.13514147277616048,0.032491766695293266,0.07744236708936052,0.227689921799765,0.11398984351082542,0.0661380024494959,0.17547804725343483,0.09232445772586866,0.07930412069979599
0.12100483252322952,0.05216087251103337,0.08196576630313486,0.0546381364412365,0.1889650352783252,0.1542757723600823,0.10661787610953888,0.12617925328936172,0.11419245518405756
0.06259947427044785,0.17156718162302573,0.14835224592656562,0.10486184741092319,0.11283500789845731,0.11397663413097636,0.09521577418697491,0.08331364919526335,0.10727818535736566
0.11490644595513645,0.12099865557797444,0.1340017924139469,0.05628371280382754,0.12912007213334833,0.0939846692974678,0.10351117754974248,0.1135058179535895,0.1336876563149665
0.08710978892406163,0.1686311619675942,0.14353479949895895,0.0692040145852209,0.1391545129224264,0.07008928948347068,0.07423334034324748,0.09496914465110577,0.15307394762391402
0.1462326674462956,0.06102302071345602,0.0830025896628475,0.056681992620375765,0.0931885400879432,0.3194621444873502,0.049739277820152694,0.10002528569749174,0.09064448146408717
0.10999689518848903,0.1218390709530716,0.11669459316450714,0.0379375459485011,0.08573163411118806,0.26953351575255513,0.09965147729083712,0.07967502260124039,0.07894024498961054
0.15419735096915177,0.10587882299123676,0.10582609095184874,0.14258652036994124,0.09963525438677755,0.029517858176243722,0.16691887183551243,0.08415239653091323,0.11128683378837452
0.12191629571747294,0.09170617839848778,0.10411320462338199,0.18980939421994258,0.09792409340246905,0.06837489896947341,0.08161689600420256,0.11593933387611828,0.12859970478845145
0.13743589579488732,0.047261855694346516,0.14377952489404605,0.09402566580036993,0.1415551987119709,0.141662130210025,0.07741985149880386,0.09300442422212048,0.12385545317342996
0.11406726230375548,0.03881213190047169,0.09989069247634386,0.12099720749405639,0.12446717842264378,0.054235284670934025,0.16164870978163237,0.15316545224580616,0.13271608070435628
0.11364187815170425,0.04498005473741973,0.14570522892875012,0.2581693848947118,0.10096665106920429,0.06525837986353654,0.06738782410927274,0.11253392981511805,0.09135666843028245
0.11555639029348924,0.31225596513807674,0.07721364592010373,0.06142241418189056,0.06662010033681696,0.07815421524313536,0.07447472229203633,0.1097030167384197,0.10459952985603144
0.1675416248516557,0.11506316093632957,0.19976125525824118,0.06069144029000791,0.05994250097140629,0.1261069252448649,0.0496765611371468,0.11871026627627947,0.10250626503406812
0.11031715997761075,0.09697157269540935,0.09749309139145224,0.26230466114549683,0.0957424245491449,0.03687121878110518,0.08714734970246947,0.10860462609142103,0.10454789566589029
0.13047495930232275,0.1918683495953676,0.1385964820682604,0.06885094296556032,0.0964274704272388,0.04572438064157657,0.06468552056648302,0.15795414158471685,0.10541775284847378
0.11683064525167607,0.07971805531937709,0.1511994588222555,0.13606992094732875,0.1464332517967791,0.06322111559062389,0.08733971999982011,0.11504887734790814,0.10413895492423136
0.14454739304030043,0.011741069208597327,0.10345884458385961,0.11639282550072656,0.14407513165798283,0.09466003879797984,0.1410295907432542,0.12977433754236495,0.1143207689249343
0.09672187842031472,0.15423738038552645,0.13783647258453005,0.10095387580599484,0.05232274269273359,0.2157082002211355,0.06369168299622838,0.07561363103288259,0.10291413586065386
0.073527784168973,0.03752213700028753,0.09074763539822657,0.09856338939141172,0.1498266188658982,0.16842600092626858,0.1203777905987851,0.12321076624461048,0.1377978774055388
0.09706393077634391,0.1946498235668818,0.08429166813929416,0.08393321740910382,0.12097488515640165,0.07097175692218194,0.16491729994516333,0.08707848565186198,0.09611893243276744
0.07288872816909002,0.3600831925908529,0.09503890699092994,0.06853402904692689,0.08421461204569149,0.04357783030047933,0.06888049611636661,0.09957111212422888,0.107211092615434
0.15590957350043688,0.07390401728914267,0.11696680060407355,0.1610011743780639,0.10413894810910192,0.06770904375079732,0.07043470112505257,0.1456525281829452,0.10428321306038585
0.15512726411302535,0.0802249798132738,0.08070501460257423,0.06686411659594686,0.16711292157727523,0.103423796097267,0.13470702107925211,0.12119149344389457,0.09064339267749073
0.11505103396714096,0.1756798864601469,0.06995350779034713,0.09784217288857877,0.12373255169756762,0.07639283715618232,0.08257554944372815,0.09415768410129166,0.16461477649501646
0.08403013891716539,0.21614334731813722,0.17661710733711045,0.06988495260164641,0.1264524475259328,0.05813032158873083,0.08558598925842675,0.08270126960428104,0.10045442584856912
0.14067034461465214,0.3440446918055944,0.07032918110140642,0.06516213279512713,0.07777678603121807,0.02646788762670881,0.09648680083974275,0.09120493383709705,0.08785724134845328
0.05468475891961494,0.15224502833411566,0.08453470538752907,0.07174328338181718,0.12205983794057733,0.07502045083912746,0.1990012763052494,0.1283277342306491,0.11238292466131981
0.11639245558675941,0.18225110489106688,0.10004348872032814,0.11750111573936106,0.06697114209109252,0.07520636515249089,0.1261580284224185,0.1204490239169842,0.09502727547949852
0.13076761888923852,0.04966918834358658,0.11260926851543313,0.06776955785733091,0.08337205998186455,0.23548783243750404,0.0906404271593475,0.12724970694913026,0.10243433986656443
0.15595886975615883,0.08716741088418323,0.11633514032699872,0.117863676443499,0.11403754199109167,0.020844326504941998,0.11314660322365737,0.17592476329813964,0.09872166757132954
0.09528741479726166,0.06861048032762908,0.12953014998571652,0.060221854949846616,0.12319368167140547,0.0847599227748338,0.1370117198374832,0.15517509366377544,0.1462096819920482
0.11831314093892598,0.10018370961367078,0.08659297360098943,0.10809148590449928,0.11512331996841557,0.11029310763437343,0.10732402264106732,0.13197615265424514,0.12210208704381316
0.10917900069593911,0.04536048498618193,0.09867467702448933,0.10118765375232541,0.1080420360827898,0.04964641008202705,0.1661268315745201,0.20799479817133446,0.11378810763039282
0.07893313408330545,0.1776787626712314,0.11927505553868656,0.09216243952390808,0.08538206209898187,0.17160409107566646,0.08472844822529112,0.0897464673632916,0.10048953941963741
0.12090349717401139,0.1783796618894776,0.14639349889531902,0.11437044823893422,0.0831282375688508,0.09446162923623713,0.08018374172968741,0.09611053973264228,0.08606874553484016
0.08969502429119657,0.067527308432715,0.10359384343530187,0.10363050928613193,0.13920435810270057,0.08104286769545271,0.1112375414343375,0.16768868767214515,0.13637985965001873
0.15976469918793545,0.11151173363857175,0.14280576421811697,0.0833943574359138,0.09699394883312658,0.10078156926147941,0.12021810087316487,0.09548156888233415,0.08904825766935708
0.14899115664087528,0.15060420857517554,0.14580555006495427,0.0731896754168131,0.09810554963928723,0.091165509863592,0.07222059009385673,0.1362801725529548,0.08363758715249105
0.07958867178133211,0.06667814768136883,0.1854092622814175,0.09235413692695475,0.07615270931790168,0.18639592721261378,0.08155338907101699,0.09794657521183303,0.13392118051556137
0.10051522685266799,0.14916761486399113,0.10668473298887665,0.05446270661655805,0.11265885593459757,0.16483790201680715,0.08150732443925442,0.13487385687410086,0.09529177941314614
0.15444220706845488,0.11432543787158543,0.17176201421978235,0.04802423521718425,0.08330576706034179,0.15776894810776193,0.05659860918335231,0.11125640865718471,0.10251637261435236
0.04882202022870661,0.33902966383705735,0.07616088379353167,0.06709384101278698,0.06438374227161071,0.08513682609087629,0.07826073291829783,0.12466154146326736,0.11645074838386517
0.08988399850164554,0.075457221091577,0.12290566312838709,0.1725996825714969,0.11837055514994138,0.11256499459059127,0.08921171146769773,0.11837859363060786,0.10062757986805528
0.07137981889828465,0.18446026658161654,0.09787475146966888,0.1461970684010512,0.12429464634902043,0.10876017753626314,0.0623837641736474,0.09728993924289904,0.10735956734754877
0.13125131787817354,0.15390817793554307,0.1146063178119953,0.0508625418126915,0.08902229733644777,0.15519317179167633,0.06241418720089245,0.11951328639497899,0.12322870183760108
0.06377719541258435,0.27750463001864184,0.1124056664087884,0.08256381398101703,0.0617349880895243,0.1260675771267766,0.06337575276634048,0.10689020710006873,0.10568016909625828
0.06562621817512175,0.14565852538482815,0.07529113780688333,0.09175548882738714,0.0804434572973146,0.1908797665123033,0.08551891915257735,0.11459067212390028,0.15023581471968409
0.1498280731164035,0.15113914935615977,0.10681954141437033,0.08121968938992975,0.15962433963519826,0.05278022380789179,0.11006861332567115,0.10198936223015938,0.08653100772421612
0.07523808133338278,0.09212889740261941,0.1422257323885723,0.2001872531258885,0.12604563598099505,0.05711508101153126,0.14195424829339645,0.10210328033795636,0.06300179012565792
0.1568448453626577,0.05602883176608908,0.1004733940419537,0.15409607330929967,0.1358258909137211,0.07107175726430827,0.12533457941341028,0.09979611305182268,0.10052851487673753
0.13135841934934347,0.05051905665377505,0.13855916891277067,0.08207066976709958,0.10599447914329313,0.18817934722759275,0.058631685732870094,0.12200214651183777,0.12268502670141744
0.09499945918108714,0.2217208864540677,0.11536388276462038,0.05219510399177881,0.06982833344717905,0.12256095395337863,0.16980867121277987,0.08714585327096447,0.06637685572414397
0.04087777637927064,0.15922188217548883,0.11005072625487296,0.32294229743384273,0.10188301966746731,0.024884393077899,0.056029437586755486,0.09145277170482236,0.0926576957195807
0.05547658939349165,0.13544506292491898,0.1562659643671454,0.24564125153091299,0.05079379991100367,0.05485831630448652,0.09265785448949937,0.0895367822132408,0.11932437886530066
0.061519964357602826,0.3721887923148517,0.10160306870442389,0.04947905306760284,0.08389652006488725,0.04649652712451857,0.09262411488259086,0.08951951720673008,0.102672442276792
0.11871611734594177,0.15289569212318124,0.07967543012497451,0.053422490719696784,0.07228284097293279,0.1688324509795102,0.07540777170620554,0.12150512477812646,0.15726208124943072
0.086754626907472,0.11243775359941525,0.11436907077427609,0.0641773883760768,0.05139006103284447,0.2582859621686622,0.1190018593841598,0.09024864406848014,0.1033346336886133
0.10025241624200705,0.12025254407034285,0.10630075939424477,0.19048072945522354,0.15897239522541529,0.052169387278925373,0.06807497735333316,0.0951439101383974,0.10835288084211063
0.09306450726507641,0.20564904063645106,0.09845181709608274,0.08104806420019459,0.08453673324388218,0.05327374954779929,0.12482117789203918,0.14344535259002877,0.1157095575284458
0.0845930955757898,0.05979976784759789,0.11759181758098147,0.08372344428085081,0.12182583232736666,0.12813111163758586,0.120512828726758,0.14950104014129267,0.13432106188177692
0.059751288241462586,0.21325264521612916,0.12209564563435367,0.06122565912251371,0.05532162069188359,0.18892647719283231,0.06901958269041816,0.12693311299498627,0.1034739682154206
0.10680032679709862,0.08111063022866537,0.11501835228585283,0.1456538889510178,0.12619128391924414,0.05356221476033416,0.11316843024632613,0.11165127010607738,0.14684360270538352
0.1359731575793001,0.06521661607091486,0.11241267965280448,0.18292012668610022,0.0809288055350484,0.12350557198664432,0.05870398262439549,0.11350671940517597,0.1268323404596162
0.06518711316399643,0.1548805316905207,0.083451990800118,0.07365042460128339,0.11737148144072056,0.0626479585145539,0.2236138447360182,0.12334499560782713,0.09585165944496182
0.12430252356092956,0.1817018715558314,0.1276837194676622,0.07819453765392995,0.1439686874956968,0.06812778990105536,0.05009288050398519,0.12655925394067813,0.09936873592023143
0.07359830834577864,0.06609358324144217,0.11604426875017455,0.20097472726300183,0.07238025804405736,0.06972600082884371,0.1104820436715855,0.1328916365370162,0.15780917331810007
0.10540610283050984,0.11898833519187939,0.10819227442174233,0.07205586861059902,0.19420816528650917,0.03951888019689406,0.1725508720321108,0.08991998595981439,0.09915951546994105
0.10299510678501683,0.32636017757018654,0.08475402963975354,0.07245701199324026,0.062422416810706045,0.10938506349837611,0.059762246160010114,0.09082942499269514,0.09103452255001547
0.1215426999241906,0.27554295377196136,0.10081765483532952,0.1293625800323562,0.07017685808589928,0.05324017776132661,0.07093936335259579,0.07340055141451149,0.10497716082182913
0.06969182174641037,0.13067569110110708,0.10083096575175182,0.09401109063972916,0.07764134239046004,0.08057329620715874,0.18743906709515623,0.15622527140528564,0.10291145366294104
0.12992926547038844,0.03574693358838063,0.1279376773213633,0.10986667176670029,0.13284528448821106,0.07768208999390941,0.0834171838591971,0.15189926583174349,0.1506756276801062
0.10737138619652807,0.1330246836892659,0.09632536676247083,0.06495405339839914,0.0875711455671695,0.05992525218522902,0.15978456697137364,0.12132767174992638,0.16971587347963746
0.08572566147822076,0.17879713301866548,0.09311510360819315,0.11312993262365183,0.04842210301327918,0.17971937536680005,0.065066762177576,0.1042260712365987,0.13179785747701483
0.1818353602295494,0.10564282439200366,0.10775172225251405,0.05515228383599865,0.0738147090510997,0.14518435458169957,0.13642716222201232,0.09571653271655196,0.09847505071857073
0.14841628313343325,0.051525180907777725,0.1387977136121335,0.0966307722925827,0.1418081615489215,0.11842088788026835,0.07013198465764571,0.09844439587004054,0.13582462009719673
0.12094104618454952,0.1128929031431728,0.13136996763130826,0.08939149597801199,0.08004254112430263,0.11259550769898084,0.09067013671788447,0.12386721979837854,0.13822918172341103
0.18854630993881158,0.02926782018473385,0.15233697838086865,0.08192000486191052,0.1631937106839151,0.1256741117061966,0.07360108436771973,0.0956973206625051,0.08976265921333894
0.08817026996001225,0.11165932125818538,0.1159480409802419,0.08428343176426112,0.10804240512750592,0.09842238905760047,0.11379818325423587,0.14318534748612713,0.13649061111182997
0.0684299777348847,0.1250022009717164,0.13374790581999405,0.05105510869233993,0.1108589329652017,0.1632039339914376,0.0983785386915443,0.1461579783313309,0.1031654228015505
0.09901064245018869,0.03845628288926895,0.10605233781023271,0.20298626309037351,0.15364231471032927,0.04817144462471673,0.10188211580283495,0.1319600397898796,0.11783855883217557
0.1480650259800049,0.11793842111385776,0.12118772718262705,0.07160334659303202,0.11287719101342679,0.07028572860676419,0.06872424294036247,0.1399749070945996,0.1493434094753253
0.07790702857239869,0.3901530454477787,0.14428933760412574,0.03283778430636868,0.06572968920694966,0.06421221354452301,0.08575871786510654,0.07945198128840354,0.05966020216434542
0.07926306705180759,0.23669096963519573,0.0735756567165214,0.05478999996220598,0.06845772645403066,0.15377668824851287,0.07311357057121615,0.1254031816134963,0.13492913974701337
0.12257394100626175,0.0589689449969065,0.1596231099799986,0.08030311388391398,0.13613247802699144,0.08593917982028826,0.10490120435694128,0.1549736783310075,0.0965843495976907
0.08627949014463737,0.06916244253938895,0.16057498475044965,0.23970510762180275,0.07796193837083482,0.07846936467560632,0.08993962392098849,0.1061054024689334,0.09180164550735831
0.07248938734468115,0.12740112973479137,0.17832016620715951,0.12670277757544204,0.09564418831916761,0.11708840408236293,0.06900670831831152,0.08573695713260228,0.12761028128548155
0.13133021217293944,0.12250685221409378,0.08797355009850345,0.13721574394777125,0.08243833136308223,0.1202092634721028,0.07873761049898588,0.12035529272026525,0.11923314351225593
0.07766357587874166,0.19160085303892904,0.10806592677276218,0.05537235517903974,0.11938446784097718,0.0831306894406097,0.2059542144104979,0.08922240597297769,0.06960551146546488
0.12501797155831337,0.0943641422556724,0.1115200549315763,0.07842351653917853,0.11701484279112716,0.19653777530834274,0.08092163074650265,0.096387905928825,0.0998121599404619
0.0703299608731859,0.09344226986719228,0.11515558411176093,0.19782382428860967,0.0733514983637228,0.20315574415911195,0.07998675944354472,0.07403435923292813,0.09271999965994361
0.08665459192226477,0.2351666518372785,0.06586614198395334,0.13893540347008865,0.0689020367162402,0.11640513020124266,0.12178127675285999,0.07420543040781018,0.0920833367082617
0.1081537468759705,0.014534657985756837,0.16163326513398926,0.08136295702628574,0.16954014233052542,0.1048073397044903,0.08943503037470901,0.1388616461801037,0.1316712143881692
0.14064714135800738,0.04803030090392336,0.09182982440664988,0.1011370440734025,0.07135360668057134,0.1471566368361666,0.10107518473184825,0.15669659675222455,0.1420736642572061
0.09635927933764606,0.23255545505048833,0.08723566324685078,0.08134636278057972,0.0927435927924476,0.05900534065539631,0.1490298790967229,0.11195740281132398,0.08976702422854436
0.06321721307622334,0.19159962912844639,0.1866355137696536,0.04778961250350183,0.0653840392681014,0.19214014736010496,0.06346213617554576,0.10281684361019379,0.08695486510822897
0.09316673061082799,0.17281988601220252,0.10728743580441162,0.08821879819536178,0.08496459331716731,0.15987748148687733,0.09070891429502831,0.08338885432618524,0.11956730595193789
0.09659722958747463,0.11910519046454769,0.10241813099394302,0.20286997849424682,0.09017188553312379,0.1674566036718386,0.0705963418511917,0.0687185462173921,0.08206609318624161
0.12964004008162874,0.02755014155787558,0.0781976235167543,0.20104139437296706,0.19115353133482202,0.09773110562314309,0.0805394432179899,0.08892991133222128,0.105216808962598
0.0601889154602783,0.2600615410341647,0.10493368918099649,0.05599671810903819,0.07817470343147702,0.07631820205220842,0.13491586449236015,0.15117879179187596,0.07823157444760075
0.15212811361902454,0.21991022636240218,0.13125847780261465,0.05151278582956287,0.060706796281644326,0.07471323254383105,0.13216292580687178,0.10240540829729583,0.07520203345675278
0.11826042638470889,0.08086597306800612,0.1396778820994339,0.051222236738785086,0.13584398979563952,0.1212015669983292,0.07057969716107045,0.12619461361200857,0.15615361414201825
0.13495676280662813,0.10667543698639481,0.0881641368190101,0.0873733999979901,0.0833778541976098,0.17655088714052322,0.07434204532609516,0.1294937109350068,0.11906576579074186
0.12056625001130528,0.031218449323826183,0.13475438900140804,0.1904253760284836,0.153836378054965,0.08382312427823098,0.0679894674854931,0.12667642544020286,0.0907101403760849
0.1510417262312942,0.02345945955665291,0.13004951801470346,0.10550851453718424,0.1368521830423476,0.12262802586344475,0.10608218392750222,0.12092106229217132,0.1034573265346993
0.18332319781540965,0.09430761551783812,0.11605455362623486,0.0406431837052244,0.09487384951078022,0.14497920253278326,0.11116402670565101,0.1058221251489276,0.10883224543715085
0.1394283503537961,0.12719748112858695,0.1185993834666985,0.09667771203675342,0.1036744864443311,0.07731623027572962,0.10342433845657639,0.1254972139288441,0.10818480390868378
0.09621614676921512,0.22127902997795856,0.10259588157461913,0.0650421712657439,0.11349914150752548,0.09995151016735089,0.12497414510500661,0.08185138393870149,0.09459058969387879
0.045431579898245165,0.062079231777276124,0.14575455079767916,0.21398429883447034,0.1670539662206171,0.09870690247685716,0.07022651892290421,0.10312522699534922,0.09363772407660147
0.11352467727638128,0.24169430624050584,0.16148108574700137,0.06805706234302608,0.1125968256783801,0.047339982762800374,0.03860496053372817,0.09410453414930359,0.12259656526887323
0.0881113942312201,0.16370082375464004,0.11516023242757943,0.122837915396363,0.06489372214440042,0.1065282237231599,0.08117868219295837,0.12085992702069216,0.13672907910898657
0.13257820327822123,0.0489228906462571,0.09811780256949094,0.08674655116732517,0.08951852421479951,0.19458483284877812,0.12580066085832836,0.10576539316431204,0.11796514125248747
0.17377741457494564,0.1821257337199694,0.09496313039087845,0.0919676232221247,0.08943154017206335,0.06334224577227437,0.09671817626974973,0.08800179403782316,0.11967234184017113
0.07493827848779845,0.0507060519402611,0.12678698948638645,0.16303344964065966,0.0911419712688794,0.14918849972695822,0.11980692482357998,0.12333590261760374,0.101061932007873
0.0870014692748689,0.0809394725932933,0.11211294177694076,0.08319499938157089,0.18514374591176744,0.09470516410003525,0.07910738306813765,0.15925040680995092,0.11854441708343492
0.10907393155650937,0.09522501191681067,0.16509289445179343,0.05657085193263689,0.1004218948747055,0.1540313903839328,0.06840887600570816,0.13070408559331012,0.12047106328459299
0.09897343810122866,0.10680578084439944,0.08634290038538334,0.06670527299438257,0.12387208873242117,0.10514300970835881,0.17865743719198646,0.11995338707042684,0.11354668497141272
0.13104940699403478,0.017769607968705265,0.15243049806863898,0.08269019737824962,0.11889194640870555,0.18750872994444426,0.07478071420644243,0.1532953078756643,0.08158359115511485
0.1345836395996954,0.13890653269184616,0.08366516294582504,0.061129165010633056,0.09672160919263455,0.11644167537905348,0.16626110713443104,0.10230507837587925,0.09998602967000203
0.0906555889216843,0.23065841672943835,0.07330091759182474,0.10518089703099531,0.11505824281912864,0.08284946144009851,0.11299187896157305,0.0967815284030268,0.09252306810223025
0.14165731781362384,0.04797470610424683,0.13064603724255938,0.0911912395297035,0.1576855463231206,0.09941609340988918,0.0484281256393698,0.12076411218379679,0.16223682175369017
0.17719229823904173,0.10948795419701517,0.10634309806904302,0.07054664415282737,0.1082715598787098,0.1284738516864832,0.08152112289777304,0.09848901348831607,0.11967445739079065
0.11447658433162555,0.06553196098006123,0.10271124951526656,0.10665474321549855,0.14561612923566375,0.10978841222201756,0.10024276677595445,0.13833165042259857,0.11664650330131375
0.12124849052906383,0.07592456279952414,0.09713982066258255,0.09566914648533638,0.09888714882282607,0.2499530764366892,0.058518893967413305,0.07576373559079376,0.1268951247057706
0.16021497491076908,0.13456825062817332,0.11697975193926019,0.06205488348257197,0.11603594288062809,0.10604066299456172,0.08822601659230296,0.12609188975468427,0.0897876268170484
0.07734259979774004,0.25614033977549994,0.08814978124696282,0.056766127644303895,0.08085266307278988,0.1733705769479165,0.08485521485135265,0.09003927150207784,0.09248342516135645
0.13192387789717275,0.11533141038604879,0.106054870361196,0.08661866026557098,0.08599906640271798,0.09333993716436184,0.09151154669050522,0.151876401352223,0.1373442294802034
0.088656810245386,0.04416833855724626,0.19495540322478508,0.0532792764832716,0.1663358012255253,0.1401812321051522,0.05542223496187387,0.15014982734990348,0.10685107584685617
0.10301247534820683,0.1731895116457819,0.10735414829917433,0.10277048585723896,0.10261503273770645,0.08754918607963585,0.09311967633164721,0.13257664204984673,0.09781284165076176
