0.047930000437855336,0.057811254682282674,0.11081071817228483,0.08930727922850774,0.21742318100724992,0.036051087575465934,0.15973235558149398,0.12882944478325528,0.15210467853160425
0.07580116275143604,0.026532115996724448,0.06841127695009586,0.0787308856440825,0.17883723568418167,0.13142690927054157,0.11577750121967352,0.145961992236865,0.17852092024639943
0.03986351312238472,0.02432219548776644,0.037115539379099574,0.08255939641405045,0.08401390488740301,0.37114955138947053,0.12029751472571093,0.11108464453932791,0.12959374005478644
0.11404545201446598,0.05229867079488184,0.048352101061347665,0.08474081959276464,0.2223071172725152,0.0812870941724362,0.11196176700212061,0.12249213930304577,0.16251483878642212
0.09013241050137522,0.023922083440027535,0.09523533970959853,0.22994492209646453,0.12950769263087747,0.03274032732776957,0.15846533302988586,0.1103529944482964,0.12969889681570487
0.058318073796190466,0.08168291892407438,0.2668783988073358,0.06794830156172839,0.04499378035875518,0.1574209730437441,0.1831752253066812,0.09294075744919404,0.046641570752296385
0.04441031191649675,0.11582600454476936,0.046952606653796504,0.15139436305893822,0.16343376621556002,0.048670828640357496,0.2609614305343701,0.10168595434526655,0.06666473409044504
0.06907478097533948,0.058702490877538115,0.06565972635305098,0.06642701832643762,0.20913444058246453,0.06597477191885572,0.058839278054474704,0.11381084092602144,0.29237665198581736
0.11101787976359956,0.03342836221306063,0.030587463785041024,0.11508075674883833,0.18355953099112196,0.010131444120797225,0.03400291057418801,0.14231030446245935,0.3398813473408939
0.14692588297963968,0.026383506163325302,0.06899506499071444,0.1773625459569809,0.22156069450881766,0.09258805812294472,0.07614462864403732,0.11126205445332804,0.07877756418021203
0.14649453215753658,0.030422234503799318,0.032876805385873835,0.20383720984692286,0.1288515429973408,0.13175706884168395,0.037972508427956186,0.08946656384773248,0.19832153399115396
0.05120229545797006,0.07597521361266187,0.10651528864241261,0.1813625192990398,0.1787172218075825,0.0526495344966652,0.13259400395170043,0.13305154770876423,0.08793237502320332
0.12355739259016785,0.05413755187895467,0.04376199357196062,0.09829547834741818,0.06482273218008516,0.0407793484703477,0.2658058937310825,0.09926588858750747,0.20957372064247592
0.1494555245496669,0.034818041284859096,0.025275729376184358,0.22585769034796352,0.06253523960301303,0.04497307679879209,0.2520219778728569,0.10656824292584814,0.09849447724081593
0.14616613403028864,0.025531036538276337,0.06104911734588384,0.1159225792598511,0.12243239089832274,0.01976419346794248,0.11927116383998226,0.11879091287525816,0.2710724717441945
0.10833570213361175,0.06740728414572336,0.06072558935855791,0.04926856265280158,0.12018137235640658,0.1349145717368135,0.23700252185732684,0.09745074023312854,0.12471365552563
0.05078307921065824,0.36058274609155405,0.2203157369511272,0.0283801334726949,0.06624330546806646,0.037458128062499235,0.07796288771648772,0.10171402316787444,0.0565599598590377
0.08949610299109516,0.10360795734190738,0.05730436031638076,0.09724458154636277,0.07769746891418794,0.03874715579069136,0.33677744497928425,0.1036008851572493,0.09552404296284106
0.09687981435749947,0.034715464346171586,0.04323672088697091,0.11981492658882475,0.18817230279749997,0.06892366638553805,0.2802785481377899,0.10127172490166088,0.06670683159804441
0.06895351248895895,0.019238352316297152,0.052628868262787086,0.09714860389328799,0.22826837937631442,0.06703349735072411,0.10181864850081196,0.12707986569545446,0.2378302721153638
0.027891926149923817,0.1703861695079634,0.3294703210361012,0.08702158750556095,0.09354057374386508,0.04767439915536458,0.07574624949071743,0.10597728990788853,0.06229148350261505
0.0857960447901066,0.1369003338527127,0.06317091319646541,0.12394941042870672,0.1450123191148414,0.04947762583477816,0.19675165829046562,0.1202348031234602,0.07870689136846314
0.05494612539468996,0.013429220807248036,0.0637539931028085,0.13518094259877167,0.17094865728462136,0.10590729646476167,0.13472786407368706,0.12753487628189347,0.19357102399151827
0.09015002759106529,0.1497021484707326,0.03657471140734528,0.13096557142670764,0.08646192186957465,0.0685269483781774,0.13652719517248948,0.12129914015283168,0.17979233553107596
0.15885778172007348,0.04217952190246271,0.09851886864161892,0.12664535592838722,0.14016678349866463,0.09934746650347936,0.14522428022489292,0.11578045619143622,0.07327948538898456
0.05674396948821033,0.049983312397781254,0.05273671937297931,0.2611342530217236,0.11331241857666659,0.10430163431786316,0.0466635217050707,0.10708724127407833,0.2080369298456266
0.03688754210266255,0.07790354437737064,0.04594431389830539,0.05436104282438905,0.12245643536624705,0.1213165377272597,0.2850544990014361,0.11809964642645199,0.13797643827587755
0.02980706393993893,0.1331813108888226,0.4718734510368538,0.08693808105196921,0.048858217059168874,0.014619033316903023,0.06498976884282139,0.11242040151921473,0.0373126723443075
0.1494117059842799,0.06980498524412147,0.0784425400926415,0.1805341939868024,0.09536232835583158,0.009830734587489324,0.17431498932767983,0.1097700675737503,0.1325284548474037
0.03891773798679178,0.09704475440052007,0.1733274319569661,0.09078573773306271,0.1275363465986135,0.13661067435828175,0.1643298283423925,0.1291350003704916,0.04231248825288003
0.08661707083280329,0.04006856313751586,0.06563656308686623,0.17281679203969202,0.09440018460013166,0.09414106788707215,0.1720943371045012,0.13091513588684445,0.14331028542457305
0.051997415408406404,0.03237378894552703,0.046451397295625196,0.12335024703612148,0.18511853257267993,0.026274185918352334,0.23222756145692522,0.08721805494395735,0.214988816422405
0.03190369128664186,0.17683666553601074,0.4799127139318149,0.03522408144709341,0.052669586944772695,0.011244194057011117,0.07600369502132866,0.09032025561477991,0.04588511616054663
0.11095139895942226,0.07690731045539388,0.057121994256113216,0.07192932031778178,0.10846339895680264,0.19736486570296788,0.16757691799408483,0.10973274639980048,0.09995204695763293
0.07069962845424924,0.053096681768598476,0.06497470360388245,0.21322894834804176,0.11805872381962405,0.13904060397302417,0.1983469088203352,0.09403117097796176,0.04852263023428285
0.10032689743372052,0.10814687507663301,0.048973224858058606,0.050591390793545625,0.10822663327087155,0.048204042543451876,0.16927235588491515,0.10573947644714347,0.2605191036916602
0.03480215420558085,0.05255499562611435,0.057094228707283236,0.36810064752312727,0.1596581336873773,0.026556989392895376,0.032856054134215947,0.09574043549343376,0.17263636122997186
0.12815039424119187,0.06995881076098959,0.040816416452844166,0.21027281589706734,0.06331541546182878,0.028259519633376872,0.074759103874393,0.09283593693454116,0.2916315867437672
0.15453676946156678,0.04645865547673191,0.0286847738890761,0.2139105787646841,0.12048009438202574,0.030300381180458923,0.04892424581265057,0.10257302246513805,0.2541314785676678
0.06952298366477892,0.08210938400638251,0.04595622939664696,0.1842246600921258,0.12323999580286353,0.2376422381927971,0.092191624459579,0.09686506455116921,0.06824781983365695
0.13333408710929476,0.04113610807793284,0.08372886122928265,0.2544375722521232,0.1660186831957264,0.04813597580530785,0.05017453715525407,0.12783023709493405,0.09520393808014416
0.08206242142528407,0.12169469228223118,0.13519196919446616,0.08954050837298727,0.13616888140272895,0.13260295199497144,0.05081397344160419,0.12717704891191087,0.12474755297381594
0.07507040296444696,0.06604498466886967,0.11628114715927236,0.22323612783280802,0.07001911192570924,0.05026717171882892,0.13806868493595878,0.1365826467417466,0.1244297220523593
0.10518980141367118,0.15420667224047313,0.13539474295143747,0.06008044000213746,0.1658052185578134,0.047748090206215066,0.11040723502739085,0.13395430877413658,0.0872134908267249
0.05923070712833878,0.12531319361922386,0.05539855856775977,0.25465719689543803,0.16873050736304349,0.04292099567281854,0.11310362439980942,0.09737595914049657,0.0832692572130716
0.13978371611717738,0.06736321130677407,0.06976994584669559,0.2794943475429676,0.17464168070282257,0.04746909202133257,0.05245504592823211,0.11894739802132322,0.05007556251267503
0.16025751221587925,0.04357363764273892,0.05972529172552021,0.20975253756595671,0.09243039648510655,0.1076599642542362,0.031204827349740144,0.1292920547652418,0.16610377799558018
0.03019262769386334,0.2611313748780672,0.11165203384752494,0.2227737864760123,0.055920698664706205,0.0721000483187693,0.09567885974625573,0.09882872004162731,0.051721850333173704
0.22600479497433093,0.07065379967519597,0.08085621879359084,0.2071389667428796,0.045484412008478976,0.03284990148910338,0.09093958572482319,0.12735345714198607,0.11871886344961106
0.08212117466089885,0.0318458369910054,0.06274628845144546,0.15122876435595833,0.21207107994143026,0.085115429822874,0.11458218312907521,0.10798474954680963,0.15230449310050279
0.19005985817356089,0.048352585645938605,0.06269362630679534,0.11148227365959378,0.08208914972769343,0.29526199914537715,0.07257474382535688,0.0964839420412602,0.04100182147442366
0.14480355034384518,0.050493172977372214,0.019759597536851498,0.22552531448671334,0.2443625405062738,0.031805477391265075,0.05938721616059023,0.0973648198074079,0.1264983107896809
0.07245873425204281,0.3124724962695728,0.20524254672243,0.08175765745849235,0.03777887933053115,0.07903766173644058,0.06417928397315648,0.08777300375276348,0.05929973650457034
0.2391886262106799,0.11579717964750363,0.17791878778833747,0.17456751084289443,0.05854233241475576,0.03354896267500416,0.04357657954699745,0.1120273095444183,0.044832711329408886
0.02504925583324713,0.397832476077143,0.2912203289859511,0.018969229691108248,0.08598726122102589,0.03882035334916024,0.03445004566196896,0.09043825571259186,0.01723279346780354
0.1554681703972969,0.1077221873768613,0.08905575343716288,0.10027258003734306,0.07307727685855332,0.10827776876074359,0.08740935480867014,0.13280359406925843,0.14591331425411025
0.024343097054536227,0.4375932824022421,0.35084050374422526,0.027357118483746362,0.04367575517439737,0.008908321632828217,0.018238406870523752,0.06788970345523616,0.021153811182264642
0.03204571805254601,0.12246597886162891,0.0697639578024568,0.14536944036986302,0.10630377466936607,0.08055191230843549,0.23378064043826377,0.08733105479545607,0.12238752270198393
0.23811664078021966,0.07299876856871307,0.06920690953185504,0.1314893685250603,0.09491108978436978,0.06966145558313074,0.11515834414320854,0.1306731674102207,0.07778425567322224
0.13048242782678343,0.03848832130944462,0.056576905598484696,0.05783216152944842,0.17009871490808007,0.033366579167337394,0.11645029985616233,0.15384492232569486,0.24285966747856422
0.09830375743726749,0.12945279539736163,0.09538994780070363,0.06311609527047984,0.155474090955555,0.08135999441529924,0.15076734631728325,0.11188941067083032,0.11424656173521963
0.09682946695568666,0.0777196470854441,0.10892689134022959,0.13089906280920088,0.056700413394278365,0.16909163762548554,0.2153984273927797,0.0944432221989324,0.04999123119796276
0.11836263064047424,0.03368033619991672,0.03114979296797718,0.19232405754389248,0.18440135010582415,0.05688570572689305,0.06611456233364844,0.10139484383714077,0.21568672064423292
0.17740838334938083,0.02030650106194751,0.026326308596396383,0.1803474721979573,0.09274798432106916,0.008504921079974168,0.25567490222445727,0.09943388346806559,0.13924964370075188
0.14850012992005462,0.05689352153453148,0.03672691279952744,0.16790414555483268,0.0981800075860874,0.06806818225510507,0.16071675739391691,0.09888786603702344,0.1641224769189209
0.13188372766703552,0.021853787043197088,0.024456526493606478,0.10307069478019394,0.1520423996276755,0.037937681282547285,0.2590751459011266,0.09042111499019669,0.17925892221442097
0.07718937127396054,0.03221417781111374,0.08359866177171173,0.24449102423806254,0.20475735396855396,0.03963028802231613,0.06426727581889354,0.12457405998511878,0.129277787110269
0.047713789166373366,0.31004637974457383,0.17242406102747032,0.14179666630890939,0.06873142246953699,0.07076617837704338,0.05908805212213908,0.10725556447124855,0.02217788631270511
0.20667331696749755,0.04166975980384022,0.037888209919244666,0.15840789516803236,0.09248239303587737,0.04602760595583746,0.1736127278828518,0.11188337288711668,0.13135471837970178
0.19116381886004188,0.06373994896940627,0.07566658631213163,0.1036354288268878,0.08872302671568448,0.11219672940255226,0.15442137984777285,0.1216881901229581,0.08876489094256472
0.01596790305367145,0.14417930936288847,0.38867905293403754,0.13400050607860714,0.054719053183416355,0.013641957302816062,0.06372534815550267,0.10002646969055175,0.08506040023850865
0.08185119948832908,0.06612586200732062,0.029111097394237468,0.07541032262250012,0.0786541713626809,0.10764218965109935,0.2891912110420525,0.09791753300264529,0.17409641342913462
0.0880245886738797,0.03572343869271289,0.04246259426109774,0.3018795434165839,0.19159538684798114,0.02060529052720502,0.05602817602368173,0.1158088645708561,0.1478721169860018
0.012625745499543364,0.24726526969811613,0.3919976675945609,0.06302633405942233,0.05524337054485743,0.01307406350858978,0.07886024643441097,0.09503263208597756,0.042874670574521566
0.23306009437742561,0.12256835271484928,0.04983620857343007,0.04711853866212315,0.06853215378602083,0.029912723751290633,0.22154423254886493,0.11948346216603496,0.10794423341996046
0.1628354339948853,0.061533936043152195,0.02229523933047044,0.09825156603301914,0.09808997114490521,0.021207920236214855,0.3507966416496208,0.09342398295403091,0.09156530861370123
0.23039531321575046,0.018372073250590697,0.10703652540321286,0.164094449922048,0.08462705807467019,0.07766461528157935,0.07241575223983591,0.11656076167703355,0.12883345093527904
0.11033008444874998,0.09900151413011071,0.13154674809367153,0.17003490591547146,0.0886859552401391,0.02715050322954539,0.11140742878677674,0.14988796691123565,0.11195489324429932
0.20644071942819664,0.07561450722110226,0.027705047160087325,0.3194836157568428,0.07037591093544864,0.03324916574630631,0.044901965644251335,0.10809116525550329,0.11413790285226144
0.09874942361778201,0.03388217541277611,0.03983795946308022,0.30017000375481406,0.18759345783750533,0.10357401429973921,0.038377937758355796,0.09296284703417702,0.10485218082177024
0.21005842083757678,0.01852262120623645,0.040385825955388095,0.241698292683713,0.1109657465434624,0.15206869098441508,0.06526318473155511,0.08422781883192136,0.07680939822573175
0.14849509197406288,0.0670120323447277,0.09472103115558621,0.1561308066089838,0.07682059504408305,0.0541863008273239,0.12540722033521098,0.12275512193490949,0.15447179977511202
0.13316768486499936,0.040567637427839164,0.032214790522599714,0.11634091129870365,0.09071557923756922,0.25759775426482734,0.10737947863380735,0.08064593699339963,0.1413702267562546
0.10024061192455853,0.027150834010781378,0.033477137414722975,0.08786821541157168,0.1160831148966568,0.15952093156913824,0.2163873243856004,0.14306520415102983,0.11620662623594018
0.09441508120401748,0.0303671202179459,0.04086761484412149,0.20736714932480885,0.1178579500845871,0.16539399015339448,0.14700199951894533,0.11918561020305446,0.07754348444912487
0.10773164920122073,0.04018394926782787,0.055184983698989186,0.2575353873883061,0.17189973047772153,0.0366214794463487,0.04431884080089271,0.12514746728037945,0.16137651243831372
0.0638142454883589,0.10755671191064038,0.39309676318303355,0.06539376751130614,0.07766315665589164,0.07386231655144032,0.056291158684301325,0.11800583638621699,0.04431604362881068
0.04084925208799179,0.07023863928970897,0.037893275950486395,0.16601764632707017,0.08534214072287055,0.178762196913534,0.05859999982489348,0.09615431135844903,0.26614253752499556
0.09441508120401748,0.0303671202179459,0.04086761484412149,0.20736714932480885,0.1178579500845871,0.16539399015339448,0.14700199951894533,0.11918561020305446,0.07754348444912487
0.10385843572900066,0.0479471985381402,0.08539361173357722,0.0865673811444494,0.09590134744419458,0.03219227361271008,0.13311625341800098,0.1172554156379569,0.29776808274197
0.09897550190087424,0.19242128479026352,0.028976611709321375,0.0550649194781739,0.11353236411571371,0.08398571319032642,0.18867296247580348,0.11701857061863365,0.12135207172088973
0.10371244935193207,0.1885594195753022,0.0647312560639602,0.1390881663264902,0.06219194970411238,0.04792718182592582,0.13030371855741643,0.1420498684613659,0.12143599013349483
0.1125327733496216,0.01971833499365681,0.05680889671212556,0.09354725394128906,0.18510644103087506,0.088747126044296,0.16867400309452593,0.10102960070071698,0.17383557013289305
0.07515548396165891,0.09506093771195234,0.07435784830064768,0.12100239422978276,0.13119083873410944,0.02317763178797375,0.09280433249343972,0.08869393177251605,0.29855660100791925
0.04275071145778294,0.24201567218309225,0.18318542000095453,0.08024864351163077,0.040542900280473894,0.028810778328322035,0.2503593340214033,0.0968243108947184,0.03526222932162182
0.04741956171760836,0.10462629881401685,0.08462323107671055,0.08956246615816373,0.13890951844805297,0.08098027328480771,0.1047708593288459,0.16856242986946265,0.18054536130233126
0.17876123344122297,0.03771207857820414,0.04753494408974553,0.32441888779283173,0.09621342581828352,0.040022569051768674,0.07076755529277676,0.09972400553525253,0.10484530039991415
0.05986392178818109,0.12303263503810663,0.08796876463212155,0.10728896162292904,0.1204741111522315,0.03675468452112594,0.0532423674992017,0.13512949472148625,0.2762450590246162
0.11539258331340768,0.06376293741112705,0.05622043723788692,0.13020910051950632,0.14186784289484314,0.0505539009434245,0.03259632208727415,0.14340666408611066,0.2659902115064196
0.08486928107091651,0.044867808336575506,0.06994964804893432,0.16415481219231032,0.17138507939576508,0.03329707810100931,0.1007117906653706,0.13751489621234358,0.19324960597677476
0.06285261868244471,0.06261086803613819,0.06280235290166071,0.1549535992170905,0.3023666786856123,0.03479368879513466,0.06563700444243087,0.11445858299314278,0.13952460624634525
0.09961131057695634,0.030001874987301336,0.05753754041838229,0.20824821334803756,0.12619145887270422,0.03698272665424637,0.25518563951026835,0.1090683024280981,0.0771729332040053
0.09706228218467805,0.03466710264118713,0.0798827692113558,0.08424907779807049,0.18203263194836516,0.15859829969925124,0.08694458212952995,0.12043946543345474,0.1561237889541074
0.1818355183562326,0.055335031474627816,0.0560104163800115,0.26563579464221304,0.10359879996338868,0.09710250047098312,0.05389057724786348,0.12136690815017105,0.06522445331450874
0.10408044301098375,0.1148689206692086,0.10481820783083724,0.2422076800034414,0.11811105327518996,0.0487235778480773,0.07202976052244361,0.1286482402836286,0.06651211655618948
0.11588257232516845,0.07999099863018179,0.05470509993312045,0.05574627462771652,0.1366397478305186,0.022795206730011734,0.11938811672673921,0.1353048908911262,0.279547092305417
0.01623443385944456,0.2545487266293723,0.4330690280574568,0.020244611237229274,0.07952099656583121,0.017191009156113126,0.07028317238607582,0.0843423433491879,0.024565678759289066
0.2148682599220637,0.05494008465728473,0.08347760197440852,0.06355842749128585,0.10446991390137887,0.09315753131274168,0.20318326976555892,0.10820757113164729,0.07413733984363041
0.12705050949255262,0.17835363010976968,0.1087778940011684,0.13030365228347615,0.052716848709038346,0.04970294769501468,0.21191323163520037,0.10903960839174916,0.032141677682030544
0.22715368601669228,0.14978461897086973,0.15713172575849962,0.035772997981505704,0.10129568822084835,0.07455801529724276,0.07026733981664134,0.10366620127861353,0.08036972665908666
0.057851363024857015,0.0350796272552441,0.04924104657952999,0.13650537145702085,0.19333564601169503,0.055608070981600234,0.18418169700823087,0.11906993081694973,0.1691272468648721
0.07194607927441339,0.01671407985757999,0.07179130679744238,0.12246652917286237,0.09660988394215181,0.05119292831776972,0.06865186512133241,0.11813095959163906,0.38249636792480884
0.14267530534037492,0.055251633874822535,0.08872355403241827,0.14750309450606597,0.18558352845409265,0.08600029419840823,0.06172041758959893,0.12518749582629188,0.10735467617792664
0.10670158069793038,0.10130918038575774,0.07850083457902024,0.07403522338805897,0.15987630811154666,0.08452971733812341,0.15282985019917852,0.14714554173116953,0.09507176356921455
0.08037721159807092,0.04143706569202676,0.031673377209076405,0.20648366726905265,0.12950557658001863,0.024034715093420523,0.19902039286734508,0.11029959916528526,0.1771683945257038
0.05476402929953577,0.02758862415250651,0.0636639635714303,0.3064190302465963,0.14425682237335724,0.07115465594502281,0.08606167145341988,0.10874992193439996,0.1373412810237312
0.172382961836592,0.04573136781874627,0.048738852349571725,0.05601282001445506,0.1281122127941043,0.05060366072094554,0.08799647382069788,0.09505815589251891,0.3153634947523683
0.07334581231439442,0.23962522268804629,0.25135840312553087,0.05077729765942587,0.11401967926211631,0.0366405034628876,0.08634039333367886,0.10384043206582964,0.044052256088090186
0.09256940020514344,0.015349660422559393,0.11894859324831349,0.4362242553258054,0.06609149160427431,0.017440172872698504,0.10520617259071136,0.08663817044214106,0.06153208328835302
0.09999020541168535,0.02438611340022509,0.06776930067012804,0.1886691504831853,0.24620878160117463,0.0826628304051328,0.016560152858107895,0.13240920788777594,0.141344257282585
0.11039489063831394,0.05393201870545777,0.026520185959788074,0.05646925482342167,0.09694267843788011,0.38651049352993233,0.030060862532788928,0.09811902918293947,0.14105058618947777
0.11576180321791656,0.03359608677232633,0.03963521566328095,0.40950067279354857,0.1281461816160485,0.06191887049399782,0.05332807239607043,0.09566526915609012,0.062447827890720814
0.0740577666369691,0.33050286158132397,0.2773256563558555,0.01911364888659525,0.054205663996669394,0.021402986628934317,0.0855062460992761,0.09101393455145512,0.046871235262921196
0.12255675170907344,0.10348985022992625,0.05984716927335032,0.17831150612390687,0.0504707779291125,0.05200129715237937,0.09196900459068635,0.12582594637636127,0.21552769661520368
0.1272909300364801,0.04369125975420104,0.03215843644644602,0.1019043068036859,0.16256713070132575,0.1545142765831742,0.168609493087704,0.11674796274206097,0.09251620384492198
0.05983926747397104,0.07553286532407934,0.14520137315919576,0.15370309006223862,0.07691187438083719,0.036720877875649434,0.19139630867338076,0.1233577057933692,0.1373366372572787
0.04772311657409664,0.1950793458857533,0.3267394242360971,0.031454556010349376,0.06326557700643316,0.07536610388520182,0.1034009837244473,0.11052673702495214,0.04644415565266916
0.07328778706041716,0.35402003823634115,0.19707493745861415,0.029233631271188956,0.15951084302185994,0.02818369839851112,0.03905911226636607,0.08817680977185983,0.03145314251484158
0.10350856919244579,0.036658033652768915,0.07617759040804194,0.21428038608804498,0.07732588868415834,0.050035093982227996,0.19371133645642216,0.13086004261774556,0.11744305891814437
0.06997044620687604,0.1988924493819024,0.10423858918448638,0.17843112183298074,0.06136250066846815,0.035178590232261164,0.17277473422413892,0.10059140564936475,0.07856016261952158
0.07884384863258738,0.07498375640691235,0.04422620785450818,0.15167232739600323,0.09952069800083185,0.09035442191670089,0.20047904050084112,0.14868892695270625,0.11123077233890881
0.026031863405629924,0.09073038085960561,0.5208696255264426,0.06466164506924917,0.10338121023232662,0.02123770447073446,0.03180055251955686,0.08815055470349188,0.05313646321296286
0.02790047337585219,0.2217462780783487,0.4097751880836833,0.04789177291847902,0.058945715447710045,0.02793072380278765,0.0698619029779901,0.09023755429616553,0.045710391018983366
0.12763035398294983,0.032298409320632195,0.0900880365144317,0.1309287911322241,0.11283972102285067,0.05178971665428036,0.21747545751613254,0.12316515413395185,0.1137843597225467
0.09834604518780164,0.04868522919027649,0.10178795986270216,0.08993883407898018,0.26284049863126907,0.06736836907457973,0.15785410790964646,0.12046918074735198,0.05270977531739233
0.1653451082362325,0.058401466213401663,0.06450292205068768,0.07728839940514476,0.19187282858762122,0.08171189139607475,0.06797914816997565,0.1267501775451685,0.1661480583956932
0.10887719316453397,0.04857326308045943,0.13029783441995477,0.15633854378424475,0.11043784130613084,0.10606712379672462,0.13843862041094246,0.11619271331996606,0.08477686671704304
0.06257004076436096,0.09755954238722431,0.11140884856214384,0.1852742630077943,0.16156442570704824,0.06469420729943531,0.04089985388299471,0.1584700286015386,0.11755878978745975
0.06513014319904385,0.27565903028001965,0.16021185784392003,0.028243700815278744,0.07560807960608686,0.042774275200182094,0.09668054632656436,0.10577114227244667,0.14992122445645759
0.10763760151034567,0.04907825034103936,0.0976527454542835,0.13805025599427448,0.13751228562523368,0.03853558285945307,0.23749012360117736,0.1044620104680382,0.08958114414615465
0.10454105224384676,0.20892361761686115,0.3621445017693216,0.015222898092650101,0.03635623442394395,0.013118182484818127,0.15843944535505822,0.07469537950931877,0.026558688504181333
0.06931936325669562,0.18727339710275767,0.3270451366174851,0.03142723904019346,0.08285866931720003,0.06324966475484732,0.09667411349181299,0.10975052358841068,0.03240189283059711
0.10446116111472092,0.050211864601117186,0.07754733260611689,0.08713913778306172,0.08859970075083072,0.2755735769370188,0.11246329644057666,0.11859389780856915,0.085410031957988
0.07618759401056063,0.024215386492725584,0.04455491645233417,0.27913023986002117,0.05218495831259142,0.27494977629096967,0.05730339212229718,0.10233627917641204,0.0891374572820881
0.1299776849324874,0.01292457637630559,0.05154404921726489,0.0803497778263387,0.34289624029033144,0.019827824848341433,0.12868244831913297,0.15587225755985692,0.07792514062994067
0.05273030288892674,0.034146211496167915,0.09507803779551444,0.1465733662102394,0.15113562406298361,0.11241088507370021,0.2228104283721893,0.10297679997255876,0.08213834412771964
0.1843951780925375,0.014953314035932384,0.0706186451047423,0.12812984926852286,0.22019872548477415,0.012569438867707242,0.05461644527396898,0.11559316286431358,0.198925241007501
0.15577989260524908,0.13675671140764747,0.06759108962934936,0.10377348366589094,0.06878029219828515,0.08734670866904247,0.11495216152421724,0.1374612362286087,0.12755842407170956
0.07060342025043495,0.023961194783189605,0.08648585858971813,0.12852963278105684,0.06693618089470081,0.0631487758651124,0.33993778669486746,0.10238842811387265,0.11800872202704711
0.1922420490458666,0.028307200304247365,0.09881766760162763,0.11631033186528252,0.14810744563226394,0.040149877355622934,0.058261868647691874,0.16439096017947066,0.15341259936792645
0.058194596664654395,0.10022850686082134,0.0885780830811639,0.09056937715723697,0.062454981543643574,0.04889502963104225,0.3862124659475061,0.10745989152977813,0.057407067584153475
0.1396073543375464,0.03700303695649427,0.02834681806152035,0.14817155776296267,0.06963642387106388,0.031530617705133275,0.19013294905793846,0.1314052608174578,0.22416598142988284
0.052432711149328536,0.03218574352647132,0.027525761255867965,0.2091134271973449,0.12648256760653145,0.20118418004449845,0.05490835383303041,0.08952372445284335,0.20664353093408364
0.07384321255309381,0.04028452059414191,0.04152810611764237,0.2096931037203574,0.12278217571990835,0.052931603380263044,0.20056897615181135,0.09714939885023087,0.16121890291255084
0.11307203303855766,0.032254453455560515,0.02477409379987223,0.23137201947500766,0.17681747020863706,0.08105598302312751,0.07250831990638347,0.09706600454707154,0.17107962254578235
0.18114687757992676,0.09952190674108903,0.07383285775779219,0.1748054657144709,0.10959571040829841,0.10542587590752206,0.07615852578284514,0.12733714338391702,0.052175636724138545
0.07822508193927236,0.02096165092896887,0.0653276674023019,0.33341856692826416,0.15081569862949648,0.05187325752759542,0.01995828594808777,0.12666001221363624,0.15275977848237668
0.07737754649816836,0.11539526597517862,0.08739919749671247,0.055744357156859416,0.17855202672408818,0.17607943168661436,0.07676563206076531,0.10609866504441534,0.12658787735719806
0.25840101849958663,0.03139773647455947,0.07172383555148994,0.09754561729631885,0.07866100792668444,0.1693325951217304,0.06341393700789306,0.09714703859375047,0.13237721352798668
0.04852731618279336,0.023502619691781437,0.058649536212493046,0.3211141347657009,0.24248731090397124,0.025516663108419355,0.08708361262563231,0.10252182987823862,0.09059697663096977
0.16243604239761403,0.08739343061391729,0.06279119218759462,0.18489897523883378,0.12265030601715697,0.051878172711953274,0.12169826181980099,0.10682085881999652,0.09943276019313248
0.30994520174588436,0.0374045132222793,0.030857059608796245,0.2482102557618243,0.060017952216937454,0.01721066079447951,0.16266097383207676,0.08422298255848486,0.04947040025923724
0.05905248722637437,0.07996167510885592,0.036299966546912706,0.18006037573645303,0.11172645508747571,0.09351410408976522,0.09515246274696726,0.1514895174878086,0.19274295596938726
0.1046825337000941,0.07413796717636607,0.06418935275966162,0.07409630372312537,0.03955381084423372,0.1706770503541802,0.30543631451125636,0.09604850321834268,0.07117816371273984
0.07880430807317419,0.06968731494242997,0.13580781628692667,0.1920515957129539,0.10060538518618549,0.12827104033768882,0.1321795555638603,0.12098146455727891,0.0416115193395017
0.055693776510197246,0.28017471999030324,0.2828736468584946,0.030052134442953515,0.0880671037436012,0.055784167415910836,0.08614626915563257,0.09419351504120976,0.027014666841697083
0.1319859631688912,0.030062414997940264,0.04896619337412217,0.0799834880787032,0.14374928658075276,0.16754451816268703,0.17411180658240477,0.09972769248543505,0.12386863656906351
0.05854914751194393,0.08125114842237145,0.062744593638374,0.2355534207329483,0.13202859548496002,0.06279906740200707,0.06624710009510383,0.1341032721781957,0.16672365453409563
0.16594778833445678,0.04644950861857475,0.03844214418474803,0.13106187833456936,0.15583375149017728,0.09770645329474048,0.1402305404315113,0.1262891532675353,0.09803878204368671
0.023572950366125254,0.2275395311296973,0.48493030117932423,0.032713415502503035,0.03451494897274472,0.02240031788747283,0.059777499727780486,0.08696227838825261,0.027588756846099505
0.042511819866081026,0.07542225149790276,0.06517080134508559,0.17468181021077592,0.16476642606329628,0.16707125021853408,0.07572905223962456,0.11135659172874683,0.1232899968299529
0.14837072209364982,0.058943925551126174,0.09763060995345114,0.17879996611960722,0.18915972011032667,0.09850071992898968,0.03227089399322605,0.12313700623323882,0.0731864360163844
0.14787039578256847,0.030854629439522756,0.13443622146865578,0.16825580628259593,0.10150483869403669,0.011473739091145347,0.12114294150428913,0.11487536546507048,0.1695860622721155
0.07887285400547839,0.03216130938330252,0.030460386775786316,0.2803524879860291,0.07005837566309993,0.10338366957909641,0.08737739178221167,0.13947692642869935,0.1778565983962963
0.10763760151034567,0.04907825034103936,0.0976527454542835,0.13805025599427448,0.13751228562523368,0.03853558285945307,0.23749012360117736,0.1044620104680382,0.08958114414615465
0.11691749486446297,0.08010630578650905,0.15138391664326165,0.16014497200723654,0.10652187506305953,0.08546375516983186,0.07677219812059709,0.1390246367435373,0.08366484560150396
0.04270786006107704,0.23639067953835635,0.3989429031682871,0.05581931560588652,0.06246540230335121,0.01483125694030467,0.029632834068319725,0.09611928588717274,0.06309046242724468
0.03351379176583589,0.14005059812101106,0.08397268397376416,0.044742882263275,0.14822000391515208,0.17340579029579653,0.1308055441503274,0.10598950557086001,0.13929919994397783
0.14074092188530882,0.03210997131007961,0.07955048771835395,0.06396111670704578,0.10427167240989642,0.13004668038190528,0.17512964706074943,0.12797108775411659,0.1462184147725442
0.09888936238447969,0.021321917025735607,0.0510800221356116,0.23306175402717152,0.25965286540046095,0.01735102567472108,0.04533422092227101,0.12042466906141379,0.1528841633681348
0.06958746711782991,0.15524391651590194,0.08550114366721627,0.10713130469306802,0.27558349977534397,0.031333060749476414,0.06066162256557717,0.10234210616596513,0.11261587874962124
0.13552919570832275,0.1254032122967124,0.09754630137998072,0.1346062556281843,0.15865678761105156,0.10424701737054354,0.08131122771896647,0.12359969241055273,0.0391003098756855
0.06482235668150445,0.050527756653623884,0.07189139879621198,0.26881088794345437,0.1032640783283021,0.03715026777805041,0.033749177016983295,0.11740469754615186,0.2523793792557177
0.04569399096617296,0.055797461415129423,0.48658089983907077,0.12117801491852691,0.039112415266369736,0.06957626462611774,0.0360403346087042,0.10097812634345166,0.04504249201645657
0.04648497430284227,0.2989493935156854,0.23140429650005823,0.015181017612077246,0.08625746545102171,0.03740586094294737,0.06925342930815002,0.11061616857878255,0.1044473937884352
0.17087481244245742,0.12715857395633204,0.0674028367482491,0.07914793573731206,0.13547435792430898,0.06690293329547457,0.1309803650148714,0.1393535044873844,0.08270468039361004
0.18304809356530793,0.04007750054622717,0.07271838733685983,0.12329761399173911,0.19789697776442752,0.022400124406352303,0.045009749056741176,0.2120107898072471,0.10354076352509782
0.1818355183562326,0.055335031474627816,0.0560104163800115,0.26563579464221304,0.10359879996338868,0.09710250047098312,0.05389057724786348,0.12136690815017105,0.06522445331450874
0.013902672658094107,0.054168236777358436,0.23130973280732806,0.15041080862941017,0.12470393012580124,0.05366743817379808,0.138009362952747,0.10843147049850406,0.1253963473769589
0.10206241367516222,0.05186251771898493,0.07566743117619278,0.23653780946909073,0.13999097339471162,0.1308688389992907,0.09424698506285256,0.10959941350533714,0.05916361699837722
0.12686725157476886,0.03145927690668315,0.07735643258821484,0.24818404858670826,0.10192703289862444,0.027736624807727206,0.05146867475714259,0.11009972275843839,0.22490093512169226
0.09055798715415757,0.01888067422213228,0.06012703180226197,0.17773973629707598,0.08776681715298867,0.19437111820196853,0.07116593498251224,0.10323548896730661,0.19615521121959612
0.16518609247259308,0.025943072863569245,0.056928291881758,0.19616353756654661,0.12902545925909412,0.05715043632905845,0.031551205581277046,0.12039299527399228,0.21765890877211116
0.07290330118923145,0.16673782129693324,0.4088713583203282,0.05692830007539328,0.03938795064174653,0.01540890572817274,0.10430659390529524,0.09797739386948752,0.037478374973411756
0.12505254853881728,0.051705805117996835,0.06780207860429106,0.19551727479333877,0.16113523825809123,0.04183544181893897,0.05633864403552874,0.12610568724436835,0.1745072815886288
0.12957101047054145,0.05357125342811609,0.06383354458525238,0.19325899476784222,0.07356825702249932,0.04141284931681791,0.181048622781441,0.1351891536032187,0.12854631402427097
0.14118127010720524,0.04783827853084743,0.05364229010554522,0.2836781504431086,0.14403533759059653,0.03329517505594853,0.13604940337031943,0.10309671550276907,0.05718337929365996
0.10018627603496956,0.0395177108405512,0.13577781821821114,0.13228524532661723,0.13109655902680026,0.06838088085723296,0.08709678845660425,0.16019417858425514,0.14546454265475828
0.08841852610388577,0.03321188779993636,0.07601463642315735,0.09789642860658986,0.16904986355112728,0.16691706284546007,0.07624103082141119,0.11509901260644784,0.17715155124198426
0.1055228968739192,0.12716326491441118,0.0550848491760606,0.17611772473697976,0.11475344077546556,0.0918936027286914,0.0755862621122979,0.09766124220198684,0.1562167164801875
0.05346641354318173,0.0242511192565851,0.04201109552538427,0.2729510025420275,0.23018989695395584,0.012140129861350664,0.0181838236279768,0.10233730237488685,0.24446921631465127
0.08684330656275989,0.0498303998974562,0.08028926084175214,0.17412702849603134,0.15291583457361668,0.12446594028255181,0.10643534924954934,0.12029606090336513,0.10479681919291754
0.04498790103063267,0.0520983867825299,0.059798292188149145,0.20554218481061218,0.12092319085676644,0.17263215303059742,0.18907833348790581,0.09484907046133186,0.06009048735147465
0.2103602351647812,0.0367966553823223,0.05786669485989743,0.10674310287151305,0.20661654462214016,0.06507412391751242,0.10361612670020352,0.12655873863474754,0.08636777784688238
0.12418067587860922,0.051024017770890356,0.03315033442854919,0.19339424633345356,0.19165824206956958,0.06597693629786959,0.05046209180336983,0.09500883203370995,0.19514462338397875
0.027527997161307906,0.3943252538811551,0.16633644480841167,0.11513586322663631,0.057291933394028154,0.046363486205548865,0.058671139883852454,0.07437064132402704,0.059977240115032415
0.053008445929779206,0.04768447657487581,0.04536574882325157,0.21155849052061362,0.11281236966282453,0.10429233092437934,0.07542466805694387,0.10536877441727784,0.24448469509005424
0.1430052255767549,0.051038421246163555,0.040126735110226124,0.07973735600356115,0.1134443166463129,0.07461791931204236,0.32596368380983437,0.09728906293215618,0.07477727936294848
0.1649626061700897,0.028906013238152384,0.03006342329792686,0.20615593636701948,0.048468546670519363,0.06977976480977612,0.20005043016065618,0.11464948177719493,0.13696379750866497
0.06538866215715981,0.0760011952349784,0.4910756239060476,0.05679335365097407,0.04702849548907013,0.030725398173151373,0.06389550585825964,0.10490001793845012,0.06419174759190881
0.06066338860264434,0.14204792682887982,0.4232852088977191,0.07329563156803402,0.04709333302181831,0.020661024349553882,0.04870211700005104,0.10188551503724315,0.08236585469405634
0.07305851496905139,0.04526649150083408,0.028053370978863745,0.1282378952679191,0.20563024423717868,0.04737065323297592,0.07280461264775705,0.11370750471937219,0.28587071244604784
0.12172936735314026,0.01259577908235425,0.0513521733113587,0.17953099525515348,0.11565398997215003,0.15578006154848764,0.18045313972853347,0.15002422612777877,0.03288026762104345
0.11088977228656927,0.017717182000378896,0.09181532165598548,0.05418965958074374,0.037223703270542606,0.5150663162060268,0.031071918901619238,0.0740076346912187,0.06801849140691525
0.15731194464567314,0.04036660293960306,0.06457279740053418,0.07526991059174025,0.11240662238016379,0.16701874729894026,0.08292593813317321,0.11987499602637565,0.18025244058379644
0.26546224321506995,0.08463278707948409,0.09643032613938447,0.07580420274371139,0.04651496477475118,0.052200293004200676,0.1739381050046057,0.11583656872170163,0.08918050931709097
0.08308474619894769,0.03408699111744728,0.0767826591450941,0.1748870940253244,0.20857706364937922,0.086347063672081,0.12137204544698806,0.10226436671967891,0.1125979700250594
0.15003673704908746,0.07184688402698884,0.05206792076221936,0.0994232391041907,0.10160914196959643,0.07316847800192128,0.05429592360337332,0.1562581578310762,0.2412935176515465
0.10398555301823502,0.03244305120546583,0.13449052873663428,0.1506192551182445,0.06633374430160081,0.06160149733546199,0.10663625570215125,0.1132352510611603,0.230654863521046
0.05705493239202785,0.19315967227999745,0.3835780677332628,0.03640341328261573,0.02755733326807289,0.023725789463941768,0.140911498129097,0.09190437111107279,0.045704922339911636
0.22009698538300135,0.08948954349221844,0.06942252612903142,0.07894315925487973,0.07046366934277871,0.13567638103617444,0.06672048553344818,0.12496948045570822,0.14421776937275946
