0.0380176854509681,0.09007183011972054,0.06916436138326353,0.09597252012838876,0.08076960716155496,0.14091869942282165,0.235126802065691,0.10019507817910163,0.14976341608848975
0.11103776744389471,0.06047079274160371,0.23352784614852964,0.12202288743326295,0.09400418394752115,0.11910693060527112,0.04885771137005562,0.09686824995401433,0.11410363035584674
0.07344903025150908,0.062311024461037624,0.08662473699026559,0.1360890610449723,0.1811279498447652,0.11846228286915302,0.08671503767415807,0.13237368053625817,0.12284719632788092
0.06947056963616265,0.03704872622310019,0.11536733474800438,0.16371642073863488,0.0541202278711217,0.17402690751703134,0.03996288886533992,0.11215900725900207,0.23412791714160286
0.043944454374086096,0.03633105478414264,0.2080313106740632,0.172063183831043,0.12954293569174322,0.1511833872493401,0.11368177493342081,0.07656393483487334,0.0686579636272877
0.2640531229043917,0.04946893441906647,0.039473106144671595,0.10700856520890263,0.10381152983578579,0.06976683090277887,0.0280900341291582,0.07484087880758189,0.26348699764766276
0.053270293384086814,0.06384335992002373,0.15947727515958066,0.16146364145628636,0.14152585204378965,0.08954905926846289,0.06877290346855504,0.1260625814819558,0.13603503381725904
0.061061207215371775,0.050143261715536284,0.08717896100533556,0.1090261864807474,0.11474343838909383,0.10332412875781904,0.17037781745010316,0.17501621502512701,0.12912878396086588
0.10019585744449651,0.04083585473487149,0.05055492438092557,0.2008311304892346,0.054495611982392944,0.10912353950613972,0.19069885486803848,0.19688714788664582,0.05637707870725494
0.26865861796459795,0.041318557226786415,0.15839450560925847,0.0950441624522288,0.08079835082868582,0.07909632050062639,0.11533919628409513,0.09118483611574853,0.07016545301797249
0.3413880377764425,0.03347960240906934,0.027624302654374586,0.0700448894887198,0.13480978937070476,0.07141431576842992,0.051426763006390236,0.06375971497788886,0.20605258454797995
0.28248244333588374,0.03670970201252083,0.052517320390139656,0.07806646004163774,0.04625234724618276,0.1008815661397917,0.048930589476171286,0.08513898011461747,0.26902059124305483
0.12853683656844833,0.07104262244898009,0.07592337893183239,0.10292162979876911,0.1714982881685425,0.14887485015311952,0.07816179386900533,0.09653739950247604,0.1265032005588266
0.0778611662484263,0.04879778839817981,0.05987468776829416,0.16110191462676882,0.1465842846640614,0.09906325969612224,0.2156526092162512,0.08505447828071433,0.10600981110118168
0.12143393819175123,0.049027356962104196,0.06330753715993868,0.15983177877119692,0.15843433195403758,0.12869185870640387,0.07786890230821278,0.12795123901976854,0.11345305692658625
0.26651345782795266,0.07935198403525884,0.05826158395486447,0.10256637999029876,0.12852521275581555,0.12129212687385092,0.03288567385069096,0.05352317137945021,0.1570804093318177
0.11093368517778902,0.05904478914008298,0.1266561656584018,0.09145250729790223,0.12448678386305771,0.1408393335559539,0.0951848369734345,0.15337169961654132,0.09803019871683655
0.25260488268098885,0.08527417120589893,0.0914133646462088,0.12062564300620904,0.12240409674106371,0.09796931951713811,0.028562676379818422,0.056792197091161935,0.14435364873151224
0.1732269000502922,0.03496772745464143,0.04318020829460948,0.12484684296728543,0.1725198397211313,0.05959713575045104,0.049189162426977455,0.06080651428723683,0.2816656690473748
0.05870542839941584,0.0986599970828429,0.10290458215086429,0.12503228335338082,0.12112500500857047,0.08609582370565205,0.03903993118423484,0.10883166251476216,0.2596052866002767
0.15141690753729073,0.05598241466534248,0.06633115021850718,0.10045691764311926,0.2533736361580961,0.09345519277646815,0.044532034136034314,0.13381834585227387,0.10063340101286784
0.04154986042916146,0.049595185241912004,0.0912902666103957,0.1414463180893887,0.056220775096729514,0.14023829658196477,0.2517124581866053,0.1059172420478503,0.12202959771599231
0.08709625717837556,0.07956037186394894,0.05572086703324201,0.11625039252650242,0.07963650366990406,0.1973975045353079,0.04806180664842855,0.15803314950621647,0.1782431470380741
0.07985650747745962,0.05587339529239869,0.07088944780870061,0.1606409453588423,0.14593676163257668,0.10674892450698222,0.18283394387733073,0.13433370154940863,0.06288637249630057
0.38697332416941627,0.08180465838294292,0.09594821557822393,0.11456337604055265,0.04841229836988601,0.060175893673282306,0.029315704953297644,0.07650131882551532,0.10630521000688298
0.22642256907944516,0.06843857515390293,0.04056707355773658,0.17208413936618747,0.06478914503859651,0.1411552939865276,0.029834664676032966,0.15119187286796396,0.10551666627360685
0.3219010792087556,0.02275850685216804,0.05380274053671593,0.12845917519323602,0.08860783286491963,0.08015693526466212,0.02537939100078564,0.06555158984042221,0.21338274923833478
0.11082204437729981,0.02898903872404782,0.09967745923536346,0.1257637645849904,0.12486092285613333,0.11135391829188342,0.10062275270349248,0.07230309176030764,0.22560700746648157
0.07902223459574319,0.11106889453216684,0.06087272863829022,0.16623606927916426,0.15525086748619768,0.07294169273174815,0.17477406605933554,0.10146396633698702,0.07836948034036713
0.05316818925742656,0.06509478690355022,0.18641443962686588,0.09055969551512388,0.14963367084310453,0.1290957894376144,0.10256651192623219,0.12731974101415333,0.09614717547592899
0.13214116492551156,0.07636991815403522,0.06587933119481836,0.09212291551795998,0.17635211571429008,0.11506725010919218,0.08719031693531447,0.1268267172739568,0.1280502701749213
0.08699573375529397,0.06576164153659858,0.11318377620971909,0.13650835574295087,0.10284814112029299,0.1072558256993013,0.1109575474121229,0.2058561505611478,0.07063282796257253
0.09427439946628334,0.04568820117507491,0.1264917351688474,0.2518815599300493,0.06478838814810925,0.18226659780093848,0.060547764240902115,0.10279670119321348,0.07126465287658186
0.06468904341192579,0.06270827134074254,0.1250128349463915,0.17525973934862327,0.0798279640060657,0.16505435824746095,0.10175084731195594,0.13386082943868,0.09183611194815428
0.12375800353911613,0.037262691920220956,0.10853532006107534,0.09697993985827147,0.17080336489490514,0.0794247610788736,0.22520701786749334,0.059324025059670625,0.09870487572037347
0.10898915195216367,0.029612236378953143,0.12294949994990563,0.1780034492331133,0.19971243889826282,0.10126283286816447,0.06682615877050067,0.08677898357831337,0.10586524837062294
0.055482220670869074,0.12223824304085455,0.1043253001371789,0.12822410388456748,0.1591517971141456,0.08792337732808854,0.057599342283316424,0.14374771001229167,0.14130790552868777
0.16517064651384897,0.14054132954248932,0.2422960999696884,0.05737473581965428,0.05007955590634725,0.0906707490702527,0.09302018888487107,0.0778157183930324,0.08303097589981558
0.24807297221338823,0.04457141340074835,0.043671617203273984,0.11816153682230746,0.10895300942275928,0.11063012404014304,0.1294542690947053,0.11587353078505035,0.08061152701762406
0.2917826277398483,0.029905046506316358,0.04380926544242042,0.1680030302678577,0.0958154068004598,0.05692175648036563,0.025126978147353193,0.06881864042724539,0.21981724818813322
0.06949877004015148,0.12706570957520083,0.09065075592673237,0.10621137730772741,0.07984746878128031,0.1264341878734888,0.200238195884372,0.11614923422810074,0.08390430038294605
0.2627161106822819,0.04354947957719139,0.07896998207941486,0.15474744282933062,0.07561192446714575,0.08793554834029033,0.028650023299504765,0.10519490600495057,0.16262458271988986
0.034707421475598986,0.09291834261812985,0.12911013921571154,0.07808424204058252,0.07144572301145882,0.15612424126647192,0.11591911035681192,0.25326126508104946,0.06842951493418495
0.10638036279371405,0.09453349789024024,0.140588851480577,0.14250526304338826,0.14192007424280378,0.151442960960746,0.0448274862673518,0.06876215863178216,0.10903934468939669
0.09230154316534611,0.05506768221301426,0.07433288655222194,0.13789348284085587,0.18484426638889026,0.16779706617901638,0.15058711385476894,0.06642925805550272,0.07074670075038354
0.10989386466815075,0.02939296750666331,0.04761641916302597,0.10370779404523463,0.12239115993613205,0.24723735721511386,0.053907706240181354,0.18015486542613554,0.10569786579936247
0.3773776562832718,0.06243520159100138,0.097933061659414,0.09542166210073953,0.05037119695970483,0.035774351652794474,0.036265934895605395,0.06514967929165551,0.17927125556581305
0.08044972809520429,0.011240840190231915,0.15235169878694402,0.1405702141653645,0.10974684570669276,0.21306860332544184,0.07356361390347498,0.10110022401926584,0.11790823180737982
0.0857476446080875,0.05669622516336329,0.08315382117444754,0.17023800558606564,0.12222961690837959,0.0999582523823435,0.11586353724154884,0.11730899753880815,0.1488038993969558
0.10933231408928223,0.06887648172281641,0.07982016353612688,0.14762211237987086,0.1569910302942056,0.10023415848759402,0.03756224724029323,0.0683659061162694,0.23119558613354133
0.1315365006019611,0.05084317223147433,0.12106119999352126,0.15568122825218741,0.09422647914794752,0.14011179178782016,0.11349686546786934,0.11264763463198818,0.08039512788523073
0.23029703426363166,0.07730261876864794,0.1458744557477731,0.08808175126896223,0.07241326907403053,0.09609858052895892,0.03497130744159955,0.17994034749311147,0.07502063541328464
0.12451921878177342,0.044774688554976565,0.10970688778886224,0.10965093993986541,0.06966215649301223,0.1327225410818047,0.19210722457572008,0.08233492753215173,0.1345214152518335
0.04449042186951691,0.07212920061230631,0.12120243701578827,0.11741028997096048,0.16031032915680485,0.11609137283837045,0.08570127891112106,0.15998720275888506,0.1226774668662466
0.058005283467964554,0.029501137980727215,0.09255421074658586,0.18641320160562358,0.06760543219443699,0.16557494672842385,0.08855363724285227,0.16067262180830283,0.15111952822508293
0.027137366470995867,0.06941460028327787,0.04911985401509078,0.13315210739382963,0.16738350679920955,0.09103498503547645,0.30266954235709004,0.07751017655546155,0.08257786108956831
0.05023614089054934,0.08850227088148895,0.06081837378513106,0.13172763549920094,0.14970723477828587,0.11791483037979068,0.1285002640244137,0.1695078462517241,0.10308540350941538
0.03866750947273522,0.22122807885554396,0.1260044230638037,0.1431957873418551,0.08237211984922697,0.13756588706007167,0.10785433340806637,0.08532029231770077,0.05779156863099633
0.04451057035662025,0.05978541057524342,0.05206773584558141,0.09440512992085791,0.07749367809509229,0.1470208596002233,0.19052843177739132,0.14498801065294548,0.18920017317604465
0.12127634441908475,0.04719231838314877,0.07163151463670811,0.10689550891990336,0.11931269035192309,0.16466234662093146,0.1102746698999717,0.16412536621557375,0.09462924055275503
0.04007129602777026,0.039034743042731475,0.198256851975273,0.08254277776749298,0.10764225367651258,0.06017665534416635,0.03466564680804546,0.17507627370958342,0.2625335016484244
0.35285153871235986,0.04497738694696466,0.13539413142805026,0.07606116349683746,0.08818002728191297,0.05364334026764995,0.04512402875558428,0.051933616264139816,0.15183476684650074
0.23203430707567643,0.06676292767528487,0.14777884985384307,0.14169661660981095,0.08992918306710311,0.07720843042600699,0.04969720677067727,0.08760732521180875,0.10728515330978851
0.07820855975003911,0.07315729599587711,0.07848600310832561,0.16827567342359476,0.12900958989621564,0.09869169963327028,0.1545937388547547,0.14814622385246304,0.0714312154854598
0.2828640588642784,0.04550820402519032,0.17144849840935641,0.0895014473029173,0.06553674997769143,0.0850392237616643,0.0641019437025003,0.06298359278836113,0.1330162811680404
0.13913380612092133,0.04045662485716942,0.05716480475438888,0.22760355533097779,0.08506548596256915,0.07996013628597197,0.016969113792580492,0.0940294917620202,0.25961698113340076
0.03988622325479936,0.06625643420999743,0.0805617146786989,0.12446067576222841,0.1952705129714448,0.10459810134392389,0.07350055421597355,0.1663413100835722,0.14912447347936147
0.19728283344726763,0.08046393749089549,0.11639538163788284,0.11066348716467357,0.19112351907792588,0.08718476277621763,0.04168545519613134,0.07934677127639123,0.09585385193261443
0.0975381253663818,0.09444245917331412,0.08230366301349189,0.10973383581564145,0.10387243361024305,0.09595578484572098,0.1566994102134153,0.11171139217279193,0.14774289578899946
0.3955843793727814,0.05865610875608906,0.09320408593802043,0.09861579611633581,0.06573902968508248,0.06196851131101005,0.027211774475455835,0.06399216066096206,0.13502815368426285
0.05010302718594744,0.05648117748927486,0.09898351567224746,0.23339414056064678,0.10875745117707392,0.10529592211541032,0.08288484121446381,0.18798880782824004,0.07611111675669534
0.06329236305828763,0.053486768927450135,0.10286563771208407,0.17462765409452738,0.1371129349558934,0.10726018855276649,0.05657371081751995,0.14704810902788276,0.15773263285358827
0.05499941749302825,0.05865073474931478,0.1774046260628348,0.12969598633456014,0.14052734752692164,0.11394670761360322,0.08645355273572114,0.11690048124519063,0.12142114623882548
0.07524224922684504,0.13753710614692358,0.09620044726107446,0.14219980184249745,0.09380105646670679,0.1112104633121322,0.05688927291095646,0.20296231254657512,0.08395729028628891
0.16075322840653042,0.06120084586491687,0.09514803292043324,0.16171738897858226,0.06779414729718833,0.09318220429165314,0.08888712219678539,0.0911510044213454,0.180166025622565
0.29096230539814866,0.0506732361341465,0.05482760602973316,0.12424026208948867,0.1550340084958571,0.14807308441786216,0.0560469140749282,0.05635759554641967,0.06378498781341592
0.10142162265738419,0.04813145905214927,0.05727227483266412,0.1524454812706909,0.1381797464217218,0.11442686853732692,0.054851373307885316,0.18505360547452468,0.14821756844565281
0.3016949851814153,0.05181440894597019,0.10026488655596939,0.12425866457234754,0.10229206846326265,0.12682849324186837,0.091597462861272,0.051254761302842955,0.049994268875051685
0.2305313320884349,0.06965718324882876,0.07101216152879652,0.09768096246120217,0.09836060217355715,0.1030113718794543,0.12529366154068047,0.11205201396680463,0.09240071111224107
0.11947709180064686,0.07013938865827964,0.14124966500384525,0.18710149733823567,0.07758978197089199,0.11249332265714336,0.061784174570416274,0.0943258764381593,0.13583920156238175
0.26253491947930924,0.03010834109213864,0.055625471407676846,0.19052453204115136,0.04429391435611583,0.08068368014045028,0.038622908604333456,0.05319298892711641,0.24441324395170785
0.042680927736120484,0.06060683811250046,0.12837772807568618,0.18418147791741754,0.10689648805014994,0.2661709651128416,0.07010258862239806,0.10270386138466973,0.03827912498821606
0.04428464587808614,0.11451913954185249,0.15262921431572274,0.14580144753865706,0.19334237974767907,0.12322870859586488,0.045175144154252465,0.09791628829007261,0.0831030319378125
0.22398870636767199,0.0399800909259846,0.08131440510089656,0.12715710953583312,0.12918157707109193,0.07587237770800946,0.04582760794378229,0.09714290269649327,0.17953522265023672
0.12998637826323675,0.08118315133483998,0.0748763396797295,0.1585907731064035,0.13043110150958317,0.11650248655510743,0.11790827822380316,0.12663902130381935,0.06388247002347719
0.11394544617520663,0.0568593364850457,0.12937476145792545,0.10519273125352985,0.06818970482958979,0.10486495731691607,0.05347340986293187,0.1117739196405877,0.25632573297826694
0.05050429214659679,0.05586353280608817,0.12345517448057396,0.2788294661285138,0.0698154515702398,0.11273323269062074,0.04128738917108147,0.14446351667389676,0.12304794433238853
0.08527377895239925,0.060362328976363844,0.08156551852489452,0.142803398468056,0.0911944142024792,0.12517614352036383,0.18389076311873467,0.1496389652869887,0.08009468894972005
0.07800136191546568,0.16455338748420148,0.13711130969967342,0.09416715191283602,0.1369774679125728,0.09422182027393816,0.11735586937970077,0.08698564969689086,0.09062598172472085
0.2970417975808579,0.047911488306960404,0.09226033388519345,0.1702552303159219,0.05973584944742443,0.1386259540179229,0.02379221672849872,0.07494463020271186,0.09543249951450843
0.04056902373916932,0.05781001772025828,0.0490852848527179,0.09789549636096506,0.15488285528372506,0.08794496448277415,0.1709406290625731,0.07939376283465337,0.2614779656631638
0.04068216270112384,0.10115360907098432,0.05344443487907441,0.12362590027315573,0.16501639487599576,0.19234646144119813,0.08079546977887984,0.171343261511541,0.07159230546804697
0.039084019635689686,0.09245016745348163,0.12302985725096015,0.16438862097580428,0.07716623770063587,0.15524031898554547,0.04312042231432391,0.12747771258986693,0.1780426430936921
0.3707627166577773,0.0362630439270163,0.05454803816910889,0.0783684036829967,0.0922692099808024,0.06739433021835742,0.04249793099626298,0.07094716268254624,0.1869491636851318
0.21947194456004868,0.043427002178654944,0.05642370826599264,0.14065108422373215,0.10810016793561479,0.11557433795862336,0.029156887268420268,0.145213916699628,0.14198095090928517
0.337789874891604,0.019483079527506903,0.027233608608861305,0.09800908630361599,0.04726460937485982,0.09137240959036935,0.07838713479475977,0.11268273665059098,0.18777746025783185
0.13931675283481174,0.0354211173503542,0.06806501390896914,0.11909420418964017,0.1690835856445103,0.15673321616982538,0.04754088975090548,0.13531582015168345,0.12942939999930014
0.17258297252116106,0.0514057008869365,0.07065781061810907,0.12565209804534175,0.1313576556005953,0.09918429577225796,0.04265481418009889,0.1274821932735318,0.17902245910196768
0.3593883801928175,0.043335598733479815,0.1176447007688891,0.07945689728929119,0.05236201282786244,0.07051568182034575,0.05034879240286532,0.059116063257421886,0.16783187270702712
0.1636137459454489,0.08977054377016817,0.08118155593420966,0.14719654550518727,0.09404347074174056,0.04709221995512774,0.03200350713339939,0.08710801555228803,0.25799039546243024
0.13885010921873941,0.1317268852600472,0.11475148509217921,0.10710748602596225,0.11175137692428457,0.11048250842306769,0.12323787881414845,0.08095559396192968,0.08113667627964152
0.06425253521233217,0.06119157666441649,0.13413400569016418,0.17524647306090665,0.14066444221087618,0.10543041129688836,0.10469219761426803,0.08629179554586384,0.12809656270428407
0.037370475922484325,0.08321570757391514,0.12236316325284846,0.13191827318995084,0.16163782393890905,0.12511302677691732,0.1319441966302717,0.12176271315080633,0.08467461956389692
0.1889381012503936,0.05327336718060909,0.0468355350097831,0.12243495417868537,0.16203891658283795,0.04606183373540906,0.13751483382674526,0.14210819284258078,0.10079426539295577
0.3337011915576113,0.04098703608151394,0.061906287387411274,0.09970985604302242,0.11948017062189324,0.07101126307757062,0.016764431265467266,0.08581127908039914,0.17062848488511081
0.049062495355445324,0.05060985320687474,0.12015368955814842,0.17480313891135615,0.17198869488263288,0.11643272278593253,0.10881317564425151,0.10292942613454799,0.10520680352081051
0.21769638958887927,0.035445568150701025,0.08780293350665118,0.10318693753930071,0.05632534672028124,0.12429701232873129,0.09677118464558192,0.11719512413077067,0.16127950338910266
0.14183899049966653,0.03453649262070479,0.12923588275039088,0.16470369371806182,0.07941661912040242,0.11497752729216355,0.08411543773711423,0.12258790359444294,0.1285874526670527
0.17065963647341384,0.2232924727371345,0.06965166731344583,0.10482067778016718,0.17505442739364505,0.09679112416696108,0.03882954788679969,0.07671728668686734,0.04418315956156543
0.05506823179233437,0.05086299158270565,0.09237539382286701,0.17803243426272122,0.09859077204661275,0.09579295547958078,0.11240227987993749,0.07157905389352233,0.24529588723971849
0.053270293384086814,0.06384335992002373,0.15947727515958066,0.16146364145628636,0.14152585204378965,0.08954905926846289,0.06877290346855504,0.1260625814819558,0.13603503381725904
0.13739877325897257,0.04000183305673514,0.2456914191886003,0.06992672589006865,0.09560000913912725,0.07395353540383937,0.11018603736457407,0.12334105412165068,0.1039006125764319
0.41269190037749715,0.06314344071219803,0.05849445591205937,0.061417606251704865,0.13332212665897017,0.06858073269804542,0.03702628046454492,0.0516558478477001,0.11366760907727991
0.06266122495685149,0.03256603028589205,0.09714567723427808,0.1938758764935182,0.15488451985048654,0.12485675160618075,0.029040623198721346,0.1667024704420003,0.13826682593207126
0.31106650578131206,0.046036713512878004,0.07035818045644932,0.11057834132418702,0.0552967788686038,0.09550477228249982,0.04151632256638335,0.10099101244727328,0.1686513727604134
0.10615162861630151,0.03169780153578697,0.060029681679582815,0.19936175257692726,0.0949897424235011,0.1023421298926211,0.05764650730583568,0.15149123009392884,0.1962895258755147
0.1827399638267698,0.07447605929979118,0.08078303960827617,0.1446214220566679,0.1830390138625628,0.11915871880395475,0.0708753876476071,0.05385917142355388,0.09044722347081645
0.07551509975627574,0.05521953758216422,0.12430352455946177,0.1330408405425452,0.08467907419045029,0.16420783445293893,0.1514251952360823,0.10970462800969773,0.10190426567038381
0.06183056819665337,0.05091731082275494,0.14631979223972524,0.07821347521903964,0.09520548024210788,0.13643237461046057,0.09230534549875058,0.09349663105434201,0.2452790221161658
0.1196037653282843,0.039283630304914184,0.14133367350404236,0.11586505527065287,0.14756242635165628,0.09254640386965203,0.16799519595221069,0.11629499827427146,0.05951485114431587
0.42979854468783324,0.025857354142257732,0.12966831520243757,0.10497895508789219,0.05587430097484103,0.09435513241514809,0.03646068788803481,0.06965215307019877,0.05335455653135648
0.2582723130602496,0.05732687855957789,0.0327926625342758,0.10686060227307094,0.06673224738226285,0.08012727728701519,0.05938196837808949,0.08270817998837231,0.25579787053708597
0.1150491453286065,0.05365446908579308,0.07209657396911207,0.09109400674836281,0.07663740330418443,0.05528655627341933,0.17072216465229925,0.14705451444433607,0.2184051661938865
0.06174120647131184,0.13228202738602474,0.08422132502461827,0.17930815483498344,0.14718971722500074,0.11184380110063151,0.07789781079037161,0.12293436876154219,0.08258158840551572
0.04069473074978874,0.08204180422517585,0.12391572929902046,0.12828081402347194,0.09464641023143792,0.18709126176050328,0.16637757656342836,0.09108346556138021,0.08586820758579326
0.07976895466798911,0.04977054884154175,0.1075179250878124,0.1364248483695712,0.07346813167135342,0.2593178668905354,0.09189049314080062,0.13524470978702854,0.0665965215433675
0.4899746923964606,0.07793203809963356,0.06568421244917765,0.08887123351503778,0.0402932687091854,0.0398450365307343,0.012460856225756841,0.06927283549185341,0.11566582658216047
0.32623142277951317,0.035339319672196355,0.03918003230483649,0.1360991465895958,0.11226240371770768,0.05728610442454531,0.015218420759412795,0.06895659538296389,0.2094265543692285
0.0866259731591495,0.1959266831915225,0.06654903011365,0.08983040577485824,0.04860237974142129,0.15950578282281663,0.059042561951222934,0.11972711506939786,0.17419006817596108
0.1912127578028893,0.06910633123071097,0.05491368915279824,0.12291500662415634,0.23900277421464497,0.0730842639231659,0.10073341754999214,0.07458282325532263,0.07444893624631944
0.1186301448058612,0.05327702012869124,0.06363791271339599,0.19197655473393016,0.2069834208095193,0.10143303462929563,0.08888840799359292,0.10459171915639753,0.07058178502931599
0.052096898859116454,0.05695461474551372,0.07022430638415356,0.14858556176272583,0.07187436871949966,0.17579735840068303,0.05812083208599944,0.1275673225644305,0.23877873647787776
0.11770316065139047,0.03482954329785673,0.08772268526670923,0.08146891266298527,0.08113314125533495,0.11634795247858117,0.1758995865651074,0.16466937931891265,0.1402256385031222
0.26473582634190734,0.02939063645719252,0.07783974730653535,0.1377466439923472,0.06178832019889278,0.10840619282401816,0.058034352835518006,0.07312023171644967,0.18893804832713892
0.1580626011631974,0.04036428394493833,0.08390916728743347,0.23143369098022526,0.0957630675132856,0.11294897497427887,0.11423015601502651,0.10025046970847194,0.06303758841314253
0.06610217104106748,0.08616250267140746,0.109280650953178,0.17692417510939698,0.13485175606294333,0.12815558243134043,0.08203720955401776,0.13861784932315524,0.07786810285349324
0.2751306617340128,0.06516566563158888,0.03212720939722544,0.0742895227621909,0.20315849032813849,0.07125554225977067,0.023436292952378816,0.0471450833863434,0.20829153154835067
0.145175018544778,0.06538712195098377,0.07014382826908018,0.13393675881886882,0.0984578085351651,0.16394838544401044,0.07818827850519604,0.1475437653872119,0.09721903454470576
0.04479727834355379,0.06625929228808347,0.20882152340081303,0.14673277092848314,0.09493587816741682,0.1149467780689611,0.06429499478922147,0.15381833331083197,0.10539315070263526
0.05984028151844826,0.11376735086982286,0.11742289681578899,0.14588548929257425,0.0805134547723545,0.15836620109220714,0.1139419650569846,0.08771657641667197,0.12254578416514739
0.188071769607285,0.03911184469682804,0.06959870613002975,0.21031042517277118,0.12369815675932021,0.10118379241139146,0.06894699429443649,0.08306465450610312,0.11601365642183481
0.08820886118173861,0.1258658750933183,0.10267191010895621,0.11319951509636868,0.09257427447487403,0.08152797651971185,0.08424354473958075,0.16498526427032456,0.146722778515127
0.05687836801511328,0.02909041693389999,0.08983264586045175,0.11269703032182427,0.16244619727428644,0.18903604187772785,0.07567047843378748,0.17956486112435452,0.10478396015855451
0.07854959818038697,0.12062973448491854,0.1341864982270433,0.13428357794906978,0.07363633542130983,0.17661296588588674,0.11075541120255615,0.08658411584512787,0.08476176280370078
0.18897739753027568,0.061421344834499604,0.14509143835080415,0.10934944700540151,0.16209142444923164,0.10946895764391686,0.038230319133919645,0.11336292632059532,0.07200674473135554
0.1373806473331354,0.0797308156105111,0.05169023981185882,0.12725726734289886,0.1561713915548614,0.08165425845380976,0.07795096550991737,0.08220203700861227,0.20596237737439502
0.31754184642794897,0.040493557989470186,0.11547128662482332,0.13402652939779494,0.06086818779947702,0.0793596659451707,0.03142173243927302,0.08147345259539547,0.13934374078064626
0.06448399159010337,0.09036172574600877,0.129531621158009,0.1864440525223556,0.1933419425202205,0.08013218145914626,0.036964673151794795,0.05724559285119276,0.16149421900116892
0.3050641637973892,0.10317165914887938,0.04225653677866386,0.14161987550042307,0.05953838356849441,0.06076873391442916,0.01820993843992359,0.08745635215155582,0.18191435670024145
0.07574311247562664,0.07043332802864143,0.06166530107570889,0.12795138217518873,0.11324938279015895,0.0980767104559928,0.11203455003868339,0.15037105595963954,0.19047517700035965
0.3542962115093724,0.04198450585497904,0.09264518178586878,0.11959740782411972,0.0727794068661032,0.0936362198013944,0.022236977015632556,0.08438965702259121,0.1184344323199387
0.09799292232783026,0.12031817561997887,0.09495124218538992,0.1828847471453363,0.15176952240312283,0.08515050043492016,0.032635252458541215,0.14782853195040782,0.08646910547447263
0.05575369566960936,0.04759468498698854,0.043853382351888605,0.2227962435797033,0.08430540568374012,0.1707750180573758,0.1617137499218572,0.08729322450454403,0.125914595244293
0.05010302718594744,0.05648117748927486,0.09898351567224746,0.23339414056064678,0.10875745117707392,0.10529592211541032,0.08288484121446381,0.18798880782824004,0.07611111675669534
0.040614417131181836,0.0732563973416951,0.15261265529197593,0.16015603266774306,0.17578038465031298,0.07205529746337867,0.039175216143722595,0.1888056205462644,0.0975439787637253
0.258067849191281,0.043490152352750465,0.0626023260777572,0.07424300807687645,0.12016223705514678,0.1393865474969975,0.08360919588588196,0.06786478333120922,0.15057390053209938
0.023391565990257098,0.16208951052724252,0.17181985233055888,0.13559351842633796,0.11083779817876736,0.08954721760368761,0.14370200145298073,0.09524777931839645,0.0677707561717713
0.260907891970619,0.07639221308314481,0.05711775493222812,0.12748616657487136,0.10626662752612533,0.08901504849848198,0.07805280113135594,0.07086298714035534,0.13389850914281823
0.048937134189826786,0.0793611223364905,0.11777711902770416,0.12457118553798195,0.11632623806623228,0.1528011344063427,0.1610722389029949,0.1164875975979111,0.08266622993451572
0.13961302447783477,0.03555449374179911,0.15055174591284537,0.11474127685880635,0.1402818622239809,0.11306626459010018,0.10576165710461037,0.06755698613405581,0.13287268895596704
0.2885190992219397,0.06438593818687068,0.04696291091900173,0.0880542606355822,0.14196520802333393,0.12482385893980397,0.05435265618627675,0.06084323541464471,0.13009283247254633
0.09313822620207968,0.09340022104175648,0.041619068503793495,0.072663415084858,0.1954961737755405,0.0752701056566331,0.06883409678092516,0.09187561799976902,0.2677030749546447
0.10506488237660562,0.16029728305473215,0.07398147149862165,0.1566413609363652,0.07048879054576933,0.18296737571669072,0.09096943340096132,0.09643831915711874,0.06315108331313529
0.06907792802982472,0.06592187294451075,0.08886203045180319,0.16255012476486622,0.10201289264766973,0.16392862706384007,0.14224906704789006,0.10415358314812029,0.10124387390147506
0.2649386734189396,0.05648070814292713,0.04788427789077467,0.12291944091194158,0.08699865374501355,0.1451882811478804,0.06469754053701965,0.07717655377313332,0.13371587043237018
0.4194613549035391,0.03204308509306696,0.030460055423895228,0.09660254659125433,0.06847498149965696,0.05901190138527118,0.050842411217525994,0.0580523065545178,0.18505135733127245
0.2805380851845443,0.1853463519314871,0.053484990503563014,0.11682223850367256,0.06656145333667976,0.04006204648234759,0.012858108107540941,0.03429221285572174,0.21003451309444301
0.04841946671122326,0.038769862801905114,0.07359029993801573,0.08916580603514827,0.13972704103479408,0.15355733240417332,0.1756992440721049,0.16641009979189592,0.11466084721073949
0.08278798545449695,0.07531681114506646,0.0952113311649479,0.23196146162998846,0.13624589509629084,0.16475978992936935,0.02600205237592339,0.10438831598013974,0.08332635722377689
0.03494017182234356,0.09140417310373627,0.09739538244164388,0.16775684749034603,0.1566016825322061,0.1562259056684363,0.08038211813896232,0.12627104556020483,0.08902267324212064
0.04256853459760616,0.07039468100184354,0.08056825376734461,0.11419894854220496,0.17440358273648607,0.1362594733182619,0.1923225634382882,0.10546767610493828,0.08381628649302625
0.05242603880138761,0.0638123085448913,0.09761840112962857,0.15704727648563224,0.12218330544780202,0.16227487472402347,0.07095837276369549,0.10545341102612364,0.16822601107681565
0.21132253569975876,0.03962267711456357,0.050429199337444164,0.0965906321757505,0.04482064361979864,0.14527436418069892,0.12993032317485118,0.06646510059705707,0.21554452410007718
0.08659374763341711,0.04140810611812829,0.11970890566788989,0.15423497465877675,0.12060520449341668,0.15376332594126357,0.09408762025826885,0.10973717753138638,0.11986093769745253
0.03817828334398141,0.13572214546328196,0.049194020109761816,0.12354827225612607,0.18901519065225514,0.1552547951053383,0.11420568687221068,0.10221807685828264,0.09266352933876197
0.06772329769012467,0.05144242365786703,0.06525496966495335,0.21529336764079063,0.04870476073752698,0.17934199479674476,0.10998061561964578,0.1375434934636323,0.12471507672871451
0.11123819784494655,0.10816142988074988,0.05569841388357236,0.21222106487220982,0.0929595127372977,0.07331679822813332,0.05528514052131291,0.10108895610333306,0.19003048592844432
0.2558684410282155,0.04309919542950977,0.07959754483129496,0.1215145934465472,0.09873311666964174,0.06683617816263258,0.06869715531547275,0.11516184786562784,0.15049192725105756
0.3743272127490263,0.031703259077077973,0.025474548758834297,0.06924540616103096,0.15400548148508478,0.08847934819171373,0.038813521941801384,0.04436880428758284,0.17358241734784774
0.14979457277602515,0.03639398925589327,0.09655864216220704,0.14386427835804497,0.044975676943286115,0.10605703187874753,0.05145187670885674,0.1407911174365524,0.23011281448038678
0.061905953332945796,0.08109754157588489,0.12890796026531307,0.16628185064162596,0.08347721043908775,0.19567913018882255,0.06299044132351346,0.1253819114294016,0.09427800080340505
0.02693127914725205,0.04202140461941811,0.15570750404158515,0.12158736205242675,0.08068411201592857,0.1470277732327088,0.22012463687148287,0.11610936766415446,0.08980656035504325
0.2510405060913802,0.06827920343842457,0.04866034505985742,0.08967048537322297,0.04638135925714413,0.14958390192488105,0.03537198394945444,0.07930962432568417,0.23170259057995102
0.0616118787327323,0.04735671083395413,0.04703544089437672,0.13939833937687476,0.16174707049730128,0.08176187436188263,0.18354822636306603,0.07792031482275431,0.19962014411705784
0.13286077965778945,0.08604936511477085,0.08401285984037392,0.18518460514608312,0.11360716090944585,0.10095967399966947,0.0748302382902301,0.11571655544737758,0.1067787615942597
0.04897132198740139,0.06010496572072132,0.2033367186527275,0.22114371311105716,0.1038223905173199,0.11784019051673633,0.02617279933709678,0.11400531346033087,0.10460258669660887
0.11085954847887532,0.10017408113894294,0.06504600387635733,0.11665361174556747,0.224749152895825,0.11456072204324354,0.10919018576581407,0.08072855985625062,0.07803813419912368
0.04008241393698184,0.06761761091989414,0.06852023487662434,0.16190567425744135,0.11473682563461951,0.15355304433888708,0.10919445862035915,0.11846562296426792,0.16592411445092467
0.3527732790679829,0.1290309534219695,0.03582200937984193,0.0788064318465427,0.1294380461484812,0.05291898754337043,0.01860936901756368,0.051286158761097767,0.15131476481314987
0.03972987515005973,0.02892727584457246,0.13077833924735882,0.10226780279040525,0.1762546427914445,0.10849020917882962,0.15360257253761403,0.07226508773101849,0.1876841947286971
0.11506424468205917,0.03147774711752902,0.0853020314723184,0.10163701453061046,0.10248642209856586,0.16156027470462317,0.1581280455399371,0.0760477530925669,0.1682964667617898
0.042995233381472375,0.17774496481220478,0.11302196108699754,0.0967823186541553,0.14502480128174164,0.08733977011105415,0.03289844340965164,0.11158155282184927,0.1926109544408733
0.11298524817072425,0.04615156009092226,0.09268551744516966,0.21888901642108985,0.08228978398996155,0.171955276003642,0.023320248625612966,0.11568339524980598,0.13603995400307148
0.09165020555103331,0.07651036141808078,0.029306998507031435,0.10003685963573948,0.1412395053877649,0.13116576671278268,0.12850476784126932,0.09981182073282525,0.20177371421347276
0.19996899367242582,0.04555424160722824,0.047885686907984316,0.140444536196734,0.05108725108394365,0.14297344875079906,0.1503351606741722,0.14955447834613084,0.07219620276058164
0.14937445925719509,0.06628044189975008,0.08936998271827856,0.1371713524468995,0.152173118999808,0.1588796431567998,0.07975481894930751,0.09332997406522055,0.0736662085067409
0.045585704483632694,0.14801836882321528,0.0502681705128444,0.1204979995076599,0.054698222002879986,0.08668848440138542,0.19770521379891856,0.10899558964843364,0.18754224682103002
0.05316818925742656,0.06509478690355022,0.18641443962686588,0.09055969551512388,0.14963367084310453,0.1290957894376144,0.10256651192623219,0.12731974101415333,0.09614717547592899
0.17259734571916965,0.08767508525317931,0.08666230064705609,0.08380982201200078,0.07747298359814735,0.0695243449912115,0.10537881760372318,0.07845075224460803,0.23842854793090415
0.042984990628778724,0.033037663461102935,0.07874002252443191,0.2042781452194109,0.10129586531597455,0.10518584693790174,0.14234938145913514,0.14342458271842742,0.14870350173483662
0.028418545965828265,0.12409852454726868,0.12667644289086943,0.13275703047178425,0.25330294486275373,0.0756522361922103,0.08337803815016387,0.12420630843608364,0.05150992848303784
0.2580030216264258,0.0510741406001157,0.07707710093892213,0.10817901264574174,0.11263665461418065,0.08212149285854338,0.08935365866899676,0.10606054363151966,0.11549437441555414
0.18415273875601504,0.03527737577427809,0.12460411145183048,0.14248971023278836,0.06049778607884642,0.10003140927065196,0.08621142883190973,0.07354750516338636,0.19318793444029358
0.09365568217647517,0.08988906164460908,0.08270965270937558,0.13207774073073905,0.22172008860263107,0.10195138752610051,0.057225247263958445,0.0972721868382257,0.12349895250788538
0.2539251884062677,0.06308636934599453,0.22557066841484544,0.07401339450242177,0.06252888197167615,0.09635165417221146,0.06595398129294357,0.08245438352982609,0.07611547836381322
0.046552381002653444,0.06961385791545806,0.03782495643191438,0.1652693251409435,0.08848645426900936,0.1263454665615185,0.23355929741937412,0.08300722352819495,0.14934103773093368
0.24495997722676874,0.054559186586199765,0.0685708783495416,0.08870708541398832,0.0998524129394549,0.06276794685803185,0.07902041298380379,0.07452238553301532,0.22703971410919574
0.07666173860209625,0.025564913720453695,0.1183652665483017,0.2394026005621425,0.10197427249302889,0.13842673977274628,0.04113594006812835,0.11682978220128264,0.14163874603181967
0.11114317454043175,0.09378928902405992,0.07190879202676614,0.1593568709904087,0.11311302377463439,0.1344473331444574,0.06114213118119765,0.10674179658832206,0.14835758872972202
0.06796897930505894,0.0757449010522136,0.08840098386050364,0.10895459483370551,0.21408165871419996,0.19984313534859796,0.05627212933868959,0.10473992956830591,0.08399368797872488
0.07705084100809668,0.04322005571783949,0.11101491706894333,0.13467966318352123,0.08165794003188516,0.13539368579762895,0.1588721969239111,0.13122607696335375,0.12688462330482012
0.07595024550596766,0.06167865489357512,0.05131347022309634,0.1550166386849364,0.149427251393266,0.1936850823253026,0.06210701670833251,0.18170436655936328,0.06911727370616004
0.14018634114448816,0.04732343680141179,0.11540292860459633,0.18784223431633326,0.08192224950365654,0.16041114148800295,0.03113909158842941,0.16117295798595416,0.07459961856712743
0.30324051548108916,0.048821374377183896,0.05870306830271214,0.09904680496465178,0.13385115333911865,0.08562030033193403,0.031177324443343618,0.1054232932095237,0.13411616555044312
0.07908037713207298,0.09550040069485606,0.1459007863753297,0.15809168466083345,0.08518756297188296,0.10791383385358384,0.09186609392263956,0.14694053310887223,0.08951872727992927
0.12604365575328505,0.045829992705375744,0.07595647289184844,0.25618343691375906,0.11093956211958227,0.06852198385310135,0.0579821526394755,0.09663593765987333,0.16190680546369926
0.09828693226893793,0.03858790919880261,0.05991222474134882,0.08541624422367065,0.08086495109112703,0.11894529010722672,0.2368512611003104,0.04991756085446122,0.23121762641411456
0.0830282555033413,0.10049322966072045,0.08684373313956724,0.07793739110603488,0.06665509681213823,0.14872914175034554,0.05098331008783543,0.15131662206134053,0.23401321987867638
0.07870537030973139,0.02560458202336187,0.048055872783221355,0.08995622209916386,0.05676977183917891,0.10831551816748453,0.2610167291512074,0.16626185596871726,0.1653140776579335
0.08910387233899691,0.07431518025337823,0.05052547459787327,0.11946812932165769,0.14851214627179407,0.1213631104322385,0.11121616903402975,0.16509494039763575,0.12040097735239584
0.1601705123516588,0.05485912567762027,0.06391819650541035,0.1366459232541018,0.13858657520532916,0.11235082604254809,0.06680352015420969,0.08502789595763278,0.18163742485148907
0.09165020555103331,0.07651036141808078,0.029306998507031435,0.10003685963573948,0.1412395053877649,0.13116576671278268,0.12850476784126932,0.09981182073282525,0.20177371421347276
