0.12529184801174945,0.23634642535623065,0.12370781760745124,0.030762871378411823,0.1664626444243774,0.10530221964184024,0.04926356940710875,0.06011493512368413,0.10274766904914635
0.06365937703794167,0.23129661023098733,0.17636591143451238,0.11139496625550586,0.05398110967952105,0.12132401168867257,0.04109571255616474,0.10484933947166823,0.09603296164502617
0.20144822444390886,0.08866355757940171,0.11083046830401481,0.15397358655373491,0.03843733487792356,0.09018505536980559,0.11876243337323954,0.0828421833381367,0.11485715615983431
0.08250922989855196,0.11533978222321073,0.18056567974422208,0.13670141209500783,0.14649991334592294,0.12927315619576518,0.07013397395780753,0.04160378875881085,0.09737306378070087
0.11741925750992165,0.18242695273254958,0.12441928384217188,0.05858192960056937,0.1467555458360569,0.12334207774757422,0.04781362851494878,0.11532600216287335,0.08391532205333423
0.1059406080488212,0.061291067322173653,0.12088775284913751,0.2531235865702048,0.07879123066321243,0.09342451306686,0.0331495868908249,0.12547927104171522,0.12791238354705028
0.10306786051239421,0.10161225598253647,0.09629990756454704,0.06719685671074974,0.034031879206457165,0.09679087197237118,0.3363535880949477,0.05418801755110597,0.11045876240489057
0.20475024638876824,0.06949787281378693,0.07116761784243199,0.06618668417928925,0.07885767105269878,0.16060075375907648,0.05110252447714348,0.17447709006532186,0.12335953942148299
0.11455492397088031,0.08568421025753557,0.07944973645530203,0.04160733083870537,0.29580728988247645,0.10166211184910634,0.04506521400218947,0.08687625678694921,0.14929292595685514
0.23550972129869585,0.0699915975983709,0.10080630114449536,0.03577873941511956,0.15753759819282875,0.1723054828805285,0.08918055884313347,0.06624500614151256,0.07264499448531501
0.0411296272532913,0.0228931236511329,0.11243518217301322,0.17214266209863582,0.09516037743238404,0.10533512856367133,0.04785752919292649,0.31433479477013243,0.08871157486481257
0.1444475110121212,0.17265296465767196,0.1782350234040322,0.10649409424388,0.052947636824012795,0.07593904733553307,0.1439612108025066,0.04355421032042945,0.0817683013998128
0.06631250247802703,0.04380273914948771,0.11135560243948472,0.13258626554259098,0.12747502591995244,0.1007423385664842,0.0852813025633951,0.1767126682539529,0.1557315550866249
0.1319004055570423,0.065762231306201,0.08941173786991476,0.16101504858896742,0.11079045623073601,0.07875915303720565,0.19853587199040604,0.052210544183866135,0.11161455123566068
0.08866491117685,0.17705405329010912,0.10188952691735458,0.054145757113202984,0.16122539429648325,0.1677133030305278,0.039860846342266755,0.10416370459220119,0.1052825032410043
0.12498616272019965,0.1817194717654332,0.10215346125367504,0.09229666636979768,0.20815594213199942,0.09151246950591173,0.024949593507878617,0.0624020612219327,0.11182417152317205
0.09536371513123787,0.05994206854958827,0.1374475840837186,0.08903183271249736,0.05327095748192584,0.20235734679529505,0.09033010263731701,0.08307917978767741,0.18917721282074262
0.06469766807867859,0.061626579948110626,0.17886772832572473,0.21954104536416078,0.13842959860460632,0.1162895640739277,0.05438103027908375,0.05737326284259702,0.10879352248311054
0.11420443288009091,0.024979046455437946,0.14192416412261574,0.2272375899359813,0.05483054717450383,0.13733250842152872,0.0364846364113578,0.15682533404730262,0.10618174055118101
0.11116443724808123,0.10295618945026763,0.12312164714974679,0.17039864359623866,0.1291960051726763,0.10900953368841287,0.03292682736860472,0.0814370508442657,0.13978966548170613
0.05985509988661441,0.11480359592242839,0.12417987477827162,0.07457078707086172,0.12011781445047198,0.16341445083093528,0.04106310719810754,0.17871328938168726,0.12328198048062178
0.08317271096066647,0.14637073041426582,0.10766659125854133,0.11355619661741195,0.037380797315198194,0.10385823731363054,0.2087843494116095,0.1258830113731874,0.07332737533548887
0.08883880001127305,0.1783072328204106,0.11118078863012969,0.23509620472473558,0.11060408800691945,0.08404920026036448,0.09602533470261589,0.032366275920458175,0.06353207492309304
0.08773136161421545,0.14727323508063303,0.0977947709157273,0.35697855070464685,0.0357129893557047,0.09776472836773609,0.031955528834354645,0.041325899962596065,0.10346293516438593
0.08902545641380877,0.062095689948672726,0.1480105770888895,0.04296295493276795,0.20073716321428617,0.16706569023520854,0.02666434094835023,0.169667280246704,0.09377084697131205
0.08855751456603671,0.042845574110141366,0.13184292779574253,0.1453119230618182,0.11956236041789493,0.12796863026879915,0.06251976279716699,0.13795322001877322,0.14343808696362692
0.07843585036796279,0.21278462856247735,0.13467810533951108,0.15266441260954874,0.06855581718478905,0.13090781989584296,0.03817854535183561,0.09667193878391124,0.08712288190412122
0.13489909439312175,0.08335463263289578,0.1584329385715759,0.14802598839347614,0.12908938813327875,0.12377241558768586,0.05289474715334488,0.06730047806372834,0.1022303170708927
0.07557823563876569,0.1143377482846002,0.05825631983529028,0.07529129759470367,0.029041306196017233,0.11979984949333977,0.41728273763074525,0.03157532963318779,0.07883717569335007
0.05976954618686822,0.1531779646467043,0.10699851936643268,0.20656687519763137,0.07103393157621954,0.1706740868606602,0.07946615650169776,0.04234449027047608,0.10996842939330982
0.05519959773363362,0.07841432397598923,0.18335186862629815,0.1174829388884102,0.14769225522617072,0.1768656866036283,0.0144518258798777,0.10459581762642794,0.12194568543956423
0.1947483035239532,0.0660720721122063,0.1409866370881644,0.1246126963535234,0.10205666834168146,0.1612154866927634,0.03217323915487684,0.07750096076215324,0.10063393597067767
0.11459222191139114,0.026287632350685528,0.14314255304357362,0.05402713290878233,0.21680559367767313,0.15448247080920555,0.07334160211124295,0.13254949772970406,0.08477129545774169
0.03950787618197272,0.10119629608253732,0.11658918852153276,0.1289761212413606,0.13921585463977396,0.23408009675010968,0.055342907235499304,0.08855916138584906,0.09653249796136466
0.0807928998050052,0.10167169424298252,0.16345954146513117,0.29481335941935455,0.031139170547801034,0.08347222275003001,0.0874891859307763,0.046337860519219794,0.11082406531969942
0.1020629718415974,0.049985525929191976,0.13702040593967071,0.05694508789341099,0.2163857167486515,0.10125159662682921,0.07354684583685846,0.18408504527566039,0.07871680390812938
0.11840375605540192,0.042226564727244446,0.0955691684269298,0.13368973447200103,0.03925597880996051,0.08090423172303868,0.3748377112304331,0.022379177949633944,0.09273367660535665
0.10646414231563489,0.07697423571332139,0.08470618147677432,0.12277958045136728,0.0369678504232566,0.1061055495342577,0.3336562208891343,0.050658175859692824,0.08168806333656066
0.09533874146892264,0.2520366547651847,0.11625561310204957,0.14646096647849252,0.02552214645074791,0.10962471836036757,0.13561242291276057,0.043660987412559686,0.07548774904891477
0.2350856745004898,0.03710055743248815,0.1472175808988401,0.04127406221443262,0.1453558977110572,0.09022527079386257,0.04453525596797312,0.17691113442894468,0.08229456605191177
0.30964728311604517,0.05824161650092515,0.11597016234135438,0.04932566511960551,0.05349226051759772,0.1747066162074323,0.12268488765244269,0.034983084634185736,0.08094842391041142
0.15169465847113217,0.03694322525618297,0.1068793604885876,0.2156760697123654,0.04595989813881721,0.11649692367577802,0.14394138237413415,0.044351622397651856,0.13805685948535074
0.060732868107842446,0.032224086136348674,0.09967537449798254,0.09465035198042153,0.15306808069580666,0.07934503964824725,0.29510032796697444,0.10362784450024919,0.08157602646612729
0.05048609850754504,0.25717483025789933,0.07048177662726098,0.08981244148971286,0.15885711009909234,0.08142891040350038,0.05742769135634931,0.14434796575723416,0.08998317550140555
0.13938861707810593,0.24664205784658408,0.08306140900766455,0.12300848058815785,0.031105340548694422,0.10410427423606773,0.1036535903954754,0.05407415168222418,0.1149620786170259
0.04914336460888007,0.015539861710910116,0.07948107448128501,0.16150273136605944,0.12471162270781831,0.12733156959909936,0.2660219827697843,0.03926635230324171,0.13700144045292165
0.0880869507618464,0.1620216862739542,0.1281018903874546,0.06688672868703126,0.0727697349785714,0.12092917903310314,0.08818649168346737,0.15929034572663128,0.11372699246794037
0.20309552302082157,0.11973877826355311,0.12536660214543524,0.1129935156160649,0.07373406972277392,0.08091818802224882,0.07681839467860085,0.04965794706120057,0.15767698146930112
0.09967010078056593,0.042756657430031354,0.1690766210704003,0.16064660285824783,0.10703732980168097,0.11755274015488952,0.05481066403791703,0.14911005292367543,0.0993392309425916
0.12762177711728365,0.2664933298284391,0.07065021737461946,0.189347063856536,0.06884563331807868,0.10028237571027947,0.06602038289105985,0.020147425422123836,0.09059179448157996
0.13180047520776025,0.14536561363330971,0.1988309855794279,0.09332015561910012,0.12745683314420136,0.11316064693715355,0.051087386082008024,0.05739337212237224,0.08158453167466696
0.07262371891414739,0.08080987735474975,0.12144866888534174,0.11996651474657416,0.22403095370768392,0.12702943422281224,0.08634285705553572,0.059174640754035716,0.10857333435911927
0.11996120637056222,0.10580629371693344,0.11190362565095181,0.1543303418790307,0.07720743568011737,0.14624498022472313,0.05269255824407706,0.11939303635341365,0.11246052188019075
0.05994512871639899,0.03171912737747442,0.06790545046774492,0.14355582899278538,0.28455016119354876,0.09891501673098364,0.03267558660849716,0.20988391997995257,0.07084977993261408
0.20287255095607581,0.14653400719369136,0.14664896604856026,0.0651168270216134,0.021266327460569154,0.1136339948683311,0.05436410179395542,0.11347768395881147,0.136085540698392
0.11074142591764741,0.051045915386219165,0.1447313374402731,0.15042949038052683,0.19464211500118775,0.10927982618752591,0.042543957090889095,0.08858907174111386,0.10799686085461689
0.10336583743902435,0.09401516491124791,0.13361625006755892,0.11886852969995419,0.0739088301732323,0.11536621642596918,0.05580785962004967,0.14000856987774749,0.16504274178521594
0.0861611516224402,0.07193382807097638,0.11542849153738173,0.027811365956841316,0.10146299969598138,0.07855234793325004,0.4208400859245513,0.03542953447028298,0.06238019478829462
0.11640241992558538,0.12438006776313748,0.09043450764196509,0.13698836640590076,0.1299085276050372,0.0886932993693481,0.21485717849911276,0.024216963424451995,0.07411866936546115
0.11733498880190059,0.07042567025666824,0.13560568299227913,0.05773200208590664,0.21976742468920493,0.07305987725358852,0.06099961045145543,0.18116873423083857,0.08390600923815798
0.07725379333279732,0.12634057129286416,0.14105944296301579,0.08038282150003631,0.20277182083495537,0.06241161561121993,0.03278194675878839,0.12499764412890219,0.1520003435774205
0.08047778277805316,0.12078262851879457,0.11965569768252204,0.09958111500424294,0.153697157884119,0.1573859943256106,0.0651315407478812,0.11324395157660289,0.09004413148217362
0.10184823983185613,0.033161948500160625,0.07442408805018108,0.11358315382129723,0.07889724723339396,0.10718895090103786,0.18133092339851364,0.21673393531977772,0.09283151294378171
0.05753319291492718,0.12561332300077754,0.14066674742203164,0.10306898029975033,0.20293315747724128,0.16873498031356768,0.054647583226537115,0.04005290748538881,0.10674912785977841
0.1440942977858392,0.017373963398992474,0.038990500041079096,0.02222915361732738,0.14006950190910714,0.08069822573073145,0.4160407289009129,0.02428257088459855,0.11622105773141177
0.0899416886542463,0.15581785990904054,0.14693406571936293,0.10715315026561689,0.05534358495756692,0.11698932043846977,0.10943199644421775,0.08450631958388499,0.1338820140275938
0.19158101186594123,0.040455960706720674,0.1469745178565811,0.04583871920672352,0.30258508648341753,0.05903839975957494,0.03927203901852666,0.10106893048474029,0.07318533461777406
0.19663949974629927,0.04143037208163844,0.13747724923753726,0.06403777949150308,0.134495463597599,0.07552324437551561,0.05316637553089363,0.12828633564901146,0.1689436802900022
0.11219862735978632,0.02394693455074108,0.1381622576677059,0.10293999589026674,0.18005610384261053,0.1379836736122858,0.06356730591181257,0.11074441199709521,0.13040068916769587
0.1397302966775195,0.1810783407488018,0.10517974854190898,0.18123818703493688,0.02527249122880044,0.09382679002069587,0.04741295558921127,0.12826938300486132,0.097991807153264
0.11524408364500056,0.06351998504568301,0.12155226635111473,0.11214498209371716,0.15905653808496215,0.1329223137201445,0.04293946758196395,0.11608263684455028,0.13653772663286368
0.051327948155857596,0.12165255891906086,0.08562865375392341,0.05223161640971463,0.47204214113412624,0.07434841925706652,0.04014765315216572,0.027206154513066867,0.07541485470501812
0.10325419301525718,0.1456323982954634,0.145993099171178,0.06872039226211411,0.14947957316677782,0.12357779506597684,0.0771128059981012,0.08570014171577361,0.10052960130935795
0.13228451757272716,0.08018678973398861,0.17817223492244805,0.09615772670893152,0.06657726552001315,0.1481170716526723,0.05399848370618094,0.11328481645611517,0.13122109372692312
0.15105047048731265,0.07399569863382761,0.08365867970864681,0.06156648840341108,0.10765693088919266,0.2336999224269524,0.06512173303148862,0.07871826687039335,0.14453180954877481
0.08934676574835292,0.08361918492995012,0.13886329969540048,0.04380214856167724,0.16462766555428535,0.15410264333527754,0.055973300941891374,0.14277606685464178,0.12688892437852325
0.04784683633959952,0.13298308160396008,0.14881599448232882,0.1446166828014118,0.13825918385475686,0.0866591975482867,0.15240998851536092,0.06876408556202489,0.07964494929227045
0.08353513302361448,0.08709098017778005,0.11159332484970165,0.030657784798418394,0.24453288850650198,0.08882116781516919,0.03450257915572216,0.14341887290216612,0.17584726877092596
0.09914675367981156,0.07784338770645866,0.13442775432029572,0.10173296897456714,0.10516696286781757,0.2243158969720326,0.06216227395645139,0.11796213780432498,0.07724186371824031
0.21880209714413187,0.046313432627696126,0.1518910299178744,0.10304831325721416,0.07803487611207348,0.1063756357269725,0.041683221927914606,0.14162528325296234,0.11222611003316045
0.23704449061137656,0.06079433896280351,0.08959438188371636,0.2858082138139454,0.06447761689868653,0.10185691248365551,0.04875992524466766,0.039051962907681606,0.0726121571934669
0.1712873955214448,0.2142491588865633,0.09836527561305701,0.11572182572748047,0.04198423597832774,0.12282682082397871,0.07579555733710207,0.06752702470428196,0.09224270540776387
0.18341533245012256,0.06314809924617175,0.14613567716077466,0.08034479400817816,0.1507378199122005,0.09680634860456827,0.028892303282691777,0.10148658093937289,0.14903304439591944
0.1157204216814068,0.09754160562810987,0.09349288057497845,0.05193439544263586,0.074940891681052,0.13773513500891055,0.1780751566125485,0.177868390805035,0.07269112256532295
0.05688794925540325,0.07870107725442892,0.0747642666468914,0.06177326320294201,0.3414818473375994,0.10107789056793474,0.019314373601024313,0.1993853099633817,0.06661402217039421
0.18301156662759865,0.11369342951425433,0.14238992591294955,0.051477927056505834,0.008839009150254725,0.12103110995095294,0.23196208560392664,0.05597072275943147,0.09162422342412584
0.1092200415988278,0.15606410947482716,0.10258237301651796,0.12224068667315213,0.13885943687578253,0.09312688133219481,0.050034903284804026,0.1227661899675837,0.10510537777630996
0.1278715345526883,0.07090235213683488,0.08725576227862798,0.1971923910218574,0.012790328321067792,0.12977104675980752,0.08225577565463048,0.11172586856789646,0.18023494070658916
0.09425073832551457,0.04574116582809264,0.10764767995022125,0.09375905458204616,0.16653660805849027,0.1208912207841039,0.07594582996498755,0.09699916734998637,0.19822853515655728
0.075699468439578,0.06645188192526315,0.14008171904213396,0.1332562991134992,0.07652560608305943,0.09537859658438624,0.2872475865852396,0.0440047524272662,0.08135408979957422
0.17722372331689665,0.12062422510003568,0.06172507626773982,0.2284649443816247,0.01823311157033652,0.11476304618648799,0.04585583546577834,0.056427275431583955,0.1766827622795164
0.10278693687263207,0.2034215440608814,0.10042137303318721,0.06748941574161633,0.11930799421261157,0.1333705340781858,0.04105753106626751,0.15399148733944035,0.07815318359517769
0.04101522181757624,0.18342821838492004,0.11287158654430864,0.100548145859361,0.08142525585540071,0.1506852158039569,0.0796871625764151,0.10765070930008562,0.14268848385797575
0.14293810260353149,0.0375253385666365,0.12491894851177172,0.1958979912244079,0.20465705759590666,0.09235495957383089,0.04088097669059226,0.07067961510353526,0.09014701012978732
0.06468137490319917,0.017324723610981724,0.09919254962743423,0.08211908204426623,0.010423092932931406,0.10751017918312496,0.4767502970526592,0.08235299932708524,0.059645701318317756
0.21448700121818765,0.14606535016334127,0.1027786003851829,0.08846618999372495,0.05173516415720131,0.07692701590160336,0.05354448360157175,0.13380479170938261,0.1321914028698041
0.11598821837274664,0.0397600351081686,0.11634017807447007,0.049452085675239475,0.19592831405110958,0.15178628057364016,0.09954614788029299,0.10160591447901622,0.12959282578531625
0.1777902638230319,0.08984798644564156,0.10681784651132946,0.1677203462135466,0.036777975446658874,0.09416327191952543,0.06418195949834848,0.10277113325528386,0.15992921688663386
0.0867227083830399,0.04781679028430002,0.10527096557941629,0.06347965634919596,0.029001149858359807,0.11062047353512701,0.3744888508015547,0.10084295008045159,0.08175645512855471
0.10272331628771385,0.17012331889212873,0.11767408033765948,0.11207628440659075,0.05298862144415419,0.16811995520813983,0.13163113735348694,0.022963127852949013,0.12170015821717732
0.2400280371639636,0.10561094356945604,0.10815142836105855,0.08785312206742553,0.08908149444667739,0.1155833783995674,0.029063180876945604,0.15147067246146353,0.07315774265344228
0.10430516459499596,0.0472614899479035,0.18528774777562626,0.06538953078931163,0.07129192574322352,0.13053731382253544,0.21388929247098823,0.08237895221580434,0.09965858263961108
0.16145658081717734,0.12875513789231988,0.09246715754594635,0.20569601517339633,0.08673072055830673,0.10584504123386194,0.0370278155154563,0.07443083400258564,0.10759069726094946
0.18741481603908203,0.03856611861378869,0.07745204264175354,0.06051527674528365,0.4082048270241733,0.06558595042034336,0.05567821237892671,0.023779838043948506,0.08280291809270023
0.07836099999870678,0.08039019021347789,0.12308463244719474,0.12622505752736413,0.11454759697848156,0.21050725153368477,0.025461244986363336,0.10868593875069832,0.13273708756402855
0.07102732984123095,0.09763809900585323,0.0814808369247302,0.04550442121487657,0.14455958004852124,0.11455894245086791,0.31387274664052395,0.05911199167428425,0.07224605219911172
0.20992223182536315,0.030753526355467173,0.06792998713771466,0.23174440986691383,0.024081776608587204,0.09124804674568511,0.08126625875615608,0.1619418397509231,0.10111192295318967
0.08070819348891384,0.23805074285590502,0.16527697680848075,0.10183311688056955,0.055658648086752194,0.1010651282368298,0.0421206319452549,0.05636546341383791,0.15892109828345605
0.09342165054901953,0.1287956697453003,0.1129837236863624,0.16110561632631484,0.12069654343720132,0.139076822728556,0.06391172582378245,0.10912272729232814,0.07088552041113495
0.08154059028906217,0.151824689581602,0.12060744785793488,0.12193806067040726,0.19770440295977396,0.09043508137479021,0.10462447114394231,0.04326394420979069,0.0880613119126965
0.08097788551629193,0.2640811477224729,0.10174882988043021,0.0493852633107608,0.023089035098449565,0.08946753127614922,0.050161323266738195,0.21346163349073757,0.12762735043796972
0.07030780764504695,0.0715798222710647,0.09327615478589851,0.08483239443901909,0.2734486366659471,0.12171033741900084,0.05499474581825677,0.14030394786483205,0.0895461530909341
0.10563232237669627,0.22385292768646614,0.17426412688105722,0.0480673293614917,0.03435779484109336,0.12398485150251952,0.05402752059145402,0.10281845110949384,0.1329946756497279
0.06970206906342645,0.01915090224471165,0.0789463261786474,0.19599608542045155,0.08772844535742684,0.1304105919124544,0.0560979439776001,0.22887700968278113,0.13309062616250047
0.03933292945648946,0.07963294135861236,0.13254181330363832,0.10056315097801921,0.22889062513318245,0.10209444239302728,0.06316581250947234,0.16909625816106444,0.08468202670649412
0.17892188923824925,0.04494547449026185,0.0956078509994114,0.033962365975596584,0.10921563428420451,0.1077140185408144,0.08879491507259225,0.22663306390950536,0.11420478748936443
0.04550879112243019,0.12672031804433367,0.11634467312916867,0.09163610648180187,0.12256074117937284,0.11496583363188877,0.07482003351114933,0.20097277300074823,0.10647072989910646
0.11814130898553986,0.06580112715036718,0.11608228484597966,0.03831839013321977,0.2176794696088635,0.1862167132962799,0.05487127566538485,0.05578942995267774,0.14710000036168758
0.18862893980186765,0.05771584368122277,0.10430239763732889,0.044448301012146606,0.21528645492740717,0.10574334740813462,0.05407991579031695,0.09188605194942372,0.13790874779215156
0.1570250556426626,0.20182062440541562,0.07351247015535284,0.2184271895285723,0.039278979012009864,0.12286222836961096,0.03316395933272744,0.06499972898362939,0.08890976457001903
0.0645282106637275,0.13274525321308717,0.15164087891097108,0.13941908635601738,0.04063313513876057,0.17501544776598754,0.06263981328768924,0.11883977329370721,0.11453840137005232
0.08493013456805142,0.14102847047768333,0.1328177023351564,0.1741378845490705,0.04519986390316069,0.1281829522264725,0.05158396159409726,0.08608026605492734,0.15603876429138056
0.1164306608525298,0.05687505261475526,0.14553555185959272,0.054670162598564526,0.08560029381294511,0.13022711531374118,0.2771367188645049,0.06364813180325113,0.06987631228011536
0.04874575738326672,0.2251795720731684,0.12256498577259024,0.27041812932592263,0.06040434346876663,0.08394150334988913,0.051477404321698984,0.057200903280529604,0.08006740102416772
0.17195034361298725,0.17942179612435982,0.11545536297553556,0.05195398914660273,0.09732809115500152,0.10657397639701383,0.01959713634882408,0.13509368674967095,0.12262561749000427
0.19016571836421114,0.06064003607435916,0.15239111888876664,0.12463383291252961,0.07835346389965327,0.1527330878284547,0.04919722059748676,0.06007296367913017,0.13181255775540854
0.12854970582824,0.12092823380204355,0.15543180541171278,0.10426376109557677,0.06939479416041038,0.12260612346912907,0.08200157683590723,0.05779867056289018,0.15902532883409015
0.040811274020581774,0.03756407898568478,0.13270707867832612,0.06250248319669373,0.2537055631227177,0.0875145780311158,0.04398873002628859,0.24264414311784455,0.09856207082074701
0.07311983581199298,0.15790978236684403,0.12244413909072009,0.12433824107121112,0.07099394402135724,0.12159491673217086,0.11321665594769786,0.06885897104764198,0.14752351391036392
0.11195629140497565,0.18569633368790261,0.09650236572879267,0.0649491883631126,0.18291652128666466,0.16096623634915896,0.040948923610014384,0.06501552275759703,0.0910486168117816
0.07342455904855916,0.1988568097705681,0.17947570415446787,0.0926667378415631,0.03864324090912514,0.10612453970204731,0.03798194540402683,0.18783415959040803,0.0849923035792345
0.0584322260263567,0.06595660538982294,0.11696672417837521,0.2921116453390436,0.19041017794674805,0.07346022989251906,0.06728398369222417,0.04416093847824661,0.09121746905666377
0.20187494082083038,0.13785097561648393,0.08446138502529767,0.10888065337204278,0.06095417988815565,0.13523727990929538,0.0868669333981672,0.06991752843168707,0.11395612353803992
0.09906439464232109,0.05311988095624953,0.13226517126086323,0.06956877504477388,0.2997117068153732,0.09584217435797775,0.08413754952619057,0.047414282825944176,0.1188760645703066
0.057010884325318305,0.09730700202793095,0.18535691483565897,0.12558857600802098,0.1303145983139745,0.10056087361936306,0.06105122300831004,0.163765795632306,0.07904413222911723
0.07299965254371509,0.06254713764455765,0.10860895057187912,0.19007818433913168,0.08255344506780456,0.12152003222654978,0.1935432959343161,0.07554471462129811,0.09260458705074796
0.0641199403620363,0.1385181146038759,0.17750189597907662,0.15307154729696804,0.09653940676211802,0.07026443595034475,0.04086246379584909,0.1799978172475628,0.07912437800216847
0.11594474554302421,0.22313047247678885,0.12618734683375143,0.10688098476917106,0.07589076945701295,0.09081082787011434,0.07452020681624309,0.08078495015230316,0.10584969608159078
0.12517541481381458,0.05566567598103752,0.13243142733948912,0.19045103170072597,0.03548754816650793,0.07556297303522856,0.2680612110536811,0.0430988892486037,0.0740658286609115
0.09179575529272825,0.07522576230036772,0.1605862341795049,0.1452283576072107,0.05658860122679785,0.12390863372593892,0.15804009449556852,0.07174760512099511,0.11687895605088801
0.14943903336461745,0.1452211877396549,0.15385937896079527,0.1682358827083508,0.04087372188116526,0.11282037247787002,0.11767651734086663,0.04599775574429932,0.06587614978238035
0.098072664537736,0.052455996541832896,0.12531913991601393,0.04612269809840871,0.21027491313168178,0.11842814226564118,0.09076850593326223,0.17982899760571705,0.07872894196970621
0.0872578495421112,0.13153949727012812,0.13834331156448737,0.0472141774389953,0.09265887895607734,0.17834423383111742,0.026298908566858865,0.1558410652649056,0.1425020775653188
0.08891029784224051,0.21446581798833705,0.12159486168440344,0.2593669008928938,0.016902479866254035,0.11689479329000392,0.02829515506962928,0.07418200987615409,0.07938768349008389
0.09027090275122746,0.20317109349786552,0.09179876049644738,0.06440456543239599,0.14997314023687433,0.09709995445677506,0.05275989178536706,0.18409330496645174,0.0664283863765955
0.12763470566497498,0.0969988330567042,0.10426372092675833,0.136884141956545,0.2644681908238918,0.07787157095554637,0.027787243975655154,0.0777210205493115,0.08637057209061257
0.10977544650747739,0.08521070882953626,0.2007928875410607,0.28918355345780256,0.041368414847493686,0.09456749557930348,0.034712696731893804,0.0685455058887064,0.07584329061672564
0.12076506945345412,0.05583217856535425,0.12940048432247064,0.07143637526016859,0.04853221770838364,0.11377916081817226,0.32785363833373293,0.0602915931964124,0.07210928234185114
0.060942638753278267,0.08167060274504065,0.12136731472509997,0.056252048206760226,0.1662454627639259,0.14103082088360672,0.06911616627416044,0.16022171055227596,0.1431532350958519
0.11148114806886329,0.0539633099986201,0.1319839949592189,0.1434589508515552,0.08213817586390573,0.15473254113552132,0.051274032702225136,0.1108248017942931,0.16014304462579723
0.07882138126654005,0.040249764583054674,0.09371518717645676,0.05990049658911783,0.2529260889759341,0.14120428433237195,0.05805234191334204,0.1175491713192145,0.15758128384396816
0.1435915529259658,0.14766573124026325,0.10223599402344898,0.053730345109634516,0.0639433748050795,0.0843204245168504,0.02479039444543325,0.2557652515640417,0.12395693136928267
0.12824363140118408,0.15607869050829248,0.1037911888894688,0.23080062996519413,0.021707887843715967,0.1131724561313372,0.04628806984833816,0.08401218718010055,0.1159052582323687
0.08132519550779704,0.04654499330775888,0.13902398704327756,0.028360385669654653,0.1507005534228866,0.18029660674365097,0.1615921934698554,0.10091870025178092,0.11123738458333803
0.16938048403736491,0.045783694884648514,0.156819261691044,0.054286734699129945,0.16504646520072794,0.11717214251578519,0.03573772863758585,0.13082704342538917,0.12494644490832453
0.08028187949144139,0.04412067664994445,0.1153663394512472,0.041295643025345406,0.3126483973180131,0.1284336919249536,0.023721621754501793,0.18007263586503483,0.07405911451951822
0.07454097136010317,0.14678844572267682,0.12798276054985028,0.14440317036595599,0.1145117577152915,0.1139289050315318,0.0503150700775033,0.12409957189927591,0.10342934727781124
0.17055343562353362,0.042067441725713826,0.08918929717715586,0.07256820802356014,0.18820817475855314,0.19082372810618842,0.10085522733268688,0.06519311767718139,0.08054136957542667
0.0897564211845916,0.05169795073213787,0.10728842311908689,0.15951983554991767,0.07071470960424754,0.22112747556525292,0.03813783539172917,0.11904622302134181,0.1427111258316946
0.046515423251817595,0.0463067896789327,0.18813487255665026,0.0957958821050277,0.11435487428984238,0.11752994798620127,0.05037271841250166,0.19241623706730104,0.14857325465172547
0.1288056986367897,0.038555852411779966,0.1461374769483824,0.09345540503505008,0.13100851533497337,0.14186380230198775,0.03173809509953066,0.1663814458603303,0.12205370837117581
0.12432379094627972,0.09471263248253903,0.16018740189104805,0.07413858019837706,0.244851215814368,0.08131011723378778,0.044421842258870324,0.09466136132460513,0.08139305785012492
0.09934800608784895,0.06306223546934836,0.11636414738179902,0.07978623287561544,0.3002344744912733,0.07202231105568717,0.07042929066001681,0.11817367710705821,0.08057962487135273
0.07069187640831215,0.044439030562375824,0.10872954385263356,0.10793237506328444,0.11440785509873323,0.30585656178157977,0.03880780087085856,0.09787527558924301,0.11125968077297939
0.21344932679200737,0.03450655651087801,0.12864358331912054,0.05253618147464201,0.1701204646328465,0.10867176519048849,0.0494277436350751,0.1422618300848908,0.10038254836005116
0.07100635780185045,0.05456759767021278,0.17117221538002858,0.10810643157214457,0.1080283038350046,0.17751555697870205,0.07146290454937829,0.14322456791000884,0.09491606430266981
0.09165563100514092,0.08202827396088604,0.10990463835726078,0.16133720547049385,0.14092335016567556,0.1435156788506935,0.0336772427860589,0.11965295952364102,0.11730501988014942
0.12956389600803864,0.08519809832322843,0.10851803277780725,0.06650438486981985,0.2028670219474746,0.09722294641041808,0.06156186696852189,0.15720859386791755,0.09135515882677381
0.06795099450395009,0.12519741545463886,0.17003068543241606,0.08438006134116745,0.25756969832984594,0.0882422966159181,0.053663674428626434,0.0785459294716563,0.07441924442178079
0.12809501213551258,0.08848449978136763,0.12155429078373953,0.04840271094329124,0.21500161315771904,0.11968606710480793,0.03180844994563171,0.09803376109330826,0.14893359505462203
0.08991210787752484,0.12876184414832473,0.18848515563353832,0.07613013587241504,0.21372947389392674,0.07322030317291432,0.0338812141726711,0.13562881756765383,0.06025094766103103
0.10015378977460647,0.10730274260505675,0.16644471669863045,0.038619981240664104,0.1325847760710122,0.19693933214429257,0.04557802314097689,0.0963812067406481,0.1159954315841124
0.06919607655069986,0.08216467838887662,0.20969914235487153,0.060349655749121135,0.17680256586137819,0.16327189280706092,0.057734894676256095,0.04581074844653101,0.1349703451652046
0.19672795862166706,0.03518532264423684,0.12111404447408163,0.10650392067186533,0.059442357524313934,0.16392250810105738,0.17190448203621256,0.04304816873706973,0.10215123718949555
0.09173610943493334,0.11439400792973058,0.15478709011558944,0.13006928209460003,0.07317727718763047,0.09455074212006041,0.23270542993679866,0.029002046869334292,0.07957801431132286
0.03127831740139611,0.09064612574212723,0.22287878681633563,0.060733696119662124,0.2504471346751234,0.11557810572758358,0.058480811873344724,0.08347471192422824,0.08648230972019895
0.13341558014553054,0.05878401840522024,0.15134339703060704,0.055837666074411464,0.11223684495486357,0.15506023477448327,0.09249900597240207,0.12613779375091314,0.11468545889156868
0.060876944711057514,0.25761878710033953,0.07979998577697521,0.06243338806028701,0.1332292211620655,0.07760223069625366,0.04542693589778668,0.14221923859592586,0.14079326799930902
0.07351510419446729,0.05306147642534371,0.12482673771832498,0.14891733332570656,0.13028211668537396,0.12431460605862432,0.06836261326364715,0.13848742001115377,0.13823259231735832
0.13395784251104992,0.13202842017807948,0.10609663905729676,0.24865850244712287,0.09010110727718439,0.10469813220295969,0.027682009830668198,0.07102432328469793,0.08575302321094071
0.23540195117503063,0.09400640684526633,0.12338456417604765,0.14446433015313218,0.07261190185275203,0.1165221833456506,0.0666959104657685,0.03450061216870715,0.11241213981764486
0.16112990908655558,0.15781679641694307,0.15295263831127193,0.10286964302354769,0.040731390264006025,0.14121540166089952,0.037675882096579655,0.12192007724753463,0.08368826189266199
0.09362774600948383,0.20021592249272557,0.11606852181248607,0.053809328546097775,0.13463158007006462,0.11806260740174668,0.04716951233668959,0.11415486113202337,0.12225992019868252
0.12166821288593965,0.0707852855919313,0.13492910803366395,0.08821104883358381,0.09883415282380675,0.12797571546010164,0.04395482177440194,0.1880850008799865,0.12555665371658445
0.09311524921259601,0.08200322244834662,0.10944901285758435,0.08077640324925385,0.2694268227530136,0.10710158378578886,0.04083660846159237,0.08724701380644355,0.13004408342538076
0.1225813836124164,0.10816262941470867,0.13913099602708168,0.05935772942470354,0.021643908474163198,0.1483416824912178,0.2766821499274052,0.016966505449437227,0.10713301517886636
0.08766372352357904,0.15377492588984826,0.16789049685370364,0.03398518246612595,0.2171108146054593,0.10918348949067695,0.050197175839546,0.09640113921775023,0.08379305211331056
0.11358147565085197,0.08362831443059626,0.15193882777288292,0.19323651463272784,0.05025734939376764,0.08803512409065439,0.1313007221253398,0.093465393964898,0.09455627793828116
0.14112751470029608,0.1256065527914122,0.15945427694506362,0.10384475889134963,0.0814021557271253,0.12366366209519941,0.14715285081650134,0.02810161269072457,0.08964661534232787
0.09555935160204852,0.038799467956811357,0.15053468441942292,0.12892158216942115,0.08056885334796764,0.20965697216363446,0.1392273135342684,0.05527181691584432,0.1014599578905812
0.27795280686877394,0.0878171987400781,0.08338305613579727,0.09193946697523146,0.016038697014621153,0.06616408321762415,0.26653196380958283,0.05167079615286654,0.05850193108542456
0.08115148897365827,0.05501394736186469,0.11049294152967604,0.09258372600294973,0.26566595481760674,0.09354685833950897,0.13395067775966052,0.0794027129077366,0.08819169230733832
0.15491448907267089,0.1361618551400764,0.1598153013230097,0.0479510324832527,0.2422212741968297,0.09490170291203748,0.03963213209364318,0.03923706449976553,0.08516514827871445
0.18831170492924407,0.17545412596121532,0.09878373866234541,0.11010379396896207,0.1518683248664209,0.0665175702860218,0.08564393796911474,0.04262741966585205,0.0806893836908237
0.05755811258256999,0.10851427196918839,0.09656771643542306,0.047497755295526835,0.32277816634840933,0.1101935797269451,0.06255402398856892,0.08075381358665049,0.1135825600667179
0.09263378095446527,0.22692434691596733,0.10011816180139681,0.0589827423000368,0.1779907572453737,0.13821946510290697,0.03242132350274262,0.08414093225627263,0.08856848992083788
0.17236555428057254,0.1241934044570621,0.11881332913335686,0.06633889529689485,0.05533363498734497,0.115509075278129,0.08617951890608967,0.15017022876414218,0.11109635889640784
0.11574653442687748,0.20819361616752008,0.1280614121856342,0.050081338024638156,0.15940999790258098,0.137956062799678,0.04050676541235019,0.04792788519539315,0.1121163878853278
0.08258168826501343,0.03795660064329563,0.1325465330799528,0.04977482917578738,0.19712419862246522,0.0663409353293157,0.05144829593523322,0.2816432979432907,0.100583621005646
0.07606152957184843,0.021325149128642445,0.11509122971130487,0.09291524589037335,0.12702909884284272,0.10779416613613008,0.05652166291258234,0.2946048649623004,0.10865705284397541
0.12428940562692177,0.09384715316834691,0.12980044466517135,0.1935024037371431,0.11095339089850759,0.07762289384583136,0.08524213937253282,0.07989220627481228,0.1048499624107327
0.08702838070981789,0.10922417706958938,0.1569790953644959,0.10721683272943867,0.10314481719922723,0.06076661789050147,0.26811391295240505,0.03278989549297357,0.0747362705915508
0.2422843045501176,0.05528942498196306,0.07903088036563537,0.0606127874031654,0.264096298149703,0.10899493946786397,0.019816063037935844,0.05865793547256196,0.11121736657105374
0.18251849020938601,0.07401524601930894,0.16928161135082964,0.05792588975843671,0.20649956659163285,0.11457796370121377,0.04270692379024391,0.061219480444497154,0.09125482813445106
0.26055620435781196,0.08700754917341032,0.08250029841916832,0.048239613066396715,0.03251235749658823,0.16868905213726082,0.10824446124264601,0.11574574353528733,0.09650472057143038
0.11419009414441332,0.13042806531498158,0.12241398603081151,0.0849667965107825,0.32242314358125856,0.06811571819937849,0.02779565552124196,0.07057807375833385,0.05908846693879825
0.17574806213074126,0.026943672243909852,0.10943004710127373,0.036556986614624074,0.23726389066122355,0.20840994835135063,0.04736702223850797,0.07533661515138838,0.08294375550698058
0.06550468887563714,0.1980990132523862,0.12107083428463039,0.06323584765396122,0.1664558705970066,0.08886462119069903,0.0370167210787439,0.12876122013551325,0.13099118293142234
0.07791404246016208,0.14731652133896841,0.11024866096864494,0.07604466567265204,0.08845979024464373,0.21564738104665834,0.05477505072578568,0.12173968349339147,0.10785420404909324
0.07008640282491696,0.1569090872652509,0.16339231273545612,0.05617386008867037,0.2610975454110924,0.09847539638831147,0.022019992536220976,0.0719989793939249,0.09984642335615584
0.05806508470084933,0.23054616354275073,0.16228199807138396,0.04353608986085997,0.06739269923623163,0.11133480703883152,0.054259999021551104,0.12531593685352263,0.14726722167401915
0.15535221723384926,0.06263339052531988,0.08374418954922654,0.09551668883458624,0.03744122494178715,0.19099748629608868,0.132491795403894,0.06623974127890576,0.17558326593634255
0.06299038503449121,0.11237308574482276,0.10578406702840516,0.058092965432261175,0.3847774863318023,0.103596787314425,0.049005467858718905,0.03648396857801541,0.08689578667705804
0.15581915327032556,0.06510603802843642,0.10882691949142141,0.1449623448616014,0.012579225673713812,0.11949709928442814,0.10663652633644378,0.1364601927303136,0.15011250032331594
0.09094954074592941,0.10895545823529322,0.12513109037853531,0.08622533635657736,0.2524611835476775,0.12041018418745215,0.053344429628479385,0.046626086279105965,0.11589669064094976
0.1070041934433158,0.1800265589535709,0.12803357456398295,0.18086917623259405,0.053261952005272124,0.09302319190472293,0.0627753107160382,0.0669178748368293,0.12808816734367368
0.04190789235652712,0.027454492371727215,0.13624410922329142,0.10686844244278604,0.13951606856305027,0.2066290910722408,0.1570055678717525,0.08265353431990945,0.10172080177871523
0.04835369905151504,0.06164372512813308,0.07146147057955171,0.07728946989585302,0.37443691394086676,0.14102297444057618,0.037279921433388576,0.056198204465487546,0.1323136210646281
0.1789520431166738,0.026656730139067494,0.1348808386184478,0.24633515247251325,0.10881255809665148,0.07176822349878413,0.03238973595801253,0.061896632340814044,0.1383080857590355
0.1087999351566249,0.02148739752167536,0.08214432687791205,0.06733417929986814,0.22250343484125393,0.08650085123886925,0.06635216917585997,0.20141118093949936,0.14346652494843704
0.06387304818380261,0.07180868425895214,0.13471870563976487,0.09829871022515868,0.3892728400905547,0.08104166600040565,0.025954477295007272,0.07886988985949024,0.056161978446863804
0.09841919760746803,0.04713479082576125,0.16977299392372103,0.08057120816332869,0.2079387382931197,0.13348662639304285,0.0492398835470945,0.08455393954122219,0.1288826217052418
