0.10669443380338882,0.10485137325811833,0.031931477733572654,0.193952588235668,0.10421094978614788,0.07969043156186913,0.13039281408163592,0.11967144336705053,0.12860448817254874
0.1173039434511169,0.15564864290265334,0.08799362607059417,0.05216653660156737,0.1270278815000229,0.05591186473707584,0.12218912160816255,0.13895827228730906,0.14280011084149793
0.11942772918404793,0.15059389492326858,0.08548818787147666,0.09740735354636411,0.1071025802175231,0.13475066139701744,0.11904068282062104,0.1350552623289741,0.051133647710707004
0.09096464870906983,0.08161035979850752,0.37314409558388556,0.04973043982940328,0.07939340165193193,0.06260260913234239,0.09550916267123626,0.09077626138438423,0.07626902123923902
0.09799243589985947,0.11237099370798471,0.11216199120394349,0.06692813982353181,0.0918719185194648,0.15069299503128344,0.10874445473278037,0.10793634615997046,0.15130072492118138
0.11943638044037108,0.1446281078406687,0.08910956179768818,0.03752030429685035,0.09827804072414979,0.09160863073131627,0.1090262577782578,0.12503120167889714,0.18536151471180076
0.15333335348319008,0.12934230678735115,0.03501781271741395,0.021558459975815274,0.11711734505461845,0.09327140431592562,0.1179210887431739,0.13927247658633143,0.19316575233618016
0.07021353138431655,0.0737119970554944,0.4529270993360311,0.06663239763456309,0.06389320058777616,0.0836483051591097,0.07706064536602342,0.07635686807398942,0.03555595540269618
0.12670090124603484,0.10686079314195684,0.07223763263729867,0.11439931459513929,0.11141613775705365,0.08813696254142474,0.10556123270767936,0.1233125685568352,0.15137445681657732
0.07505802958918811,0.12347142371866883,0.0691362176609707,0.26944070238699774,0.092096508237835,0.09510446575615002,0.09926447620530683,0.10321845110429616,0.07320972534058666
0.09997795718548337,0.12228066820084516,0.04948797324505282,0.13145611971532004,0.15018575325543815,0.0803010487850939,0.13656866896756825,0.1255563435280457,0.10418546711715256
0.07477957140596311,0.10895980383092237,0.07635452063072101,0.32900753469771615,0.10158797187726058,0.05322240760136986,0.09297428518098533,0.10905424070279979,0.05405966407226179
0.103879150946577,0.10320055876623153,0.2861032144887779,0.008744067353075563,0.0940389589318088,0.030212063360169364,0.13025356435516222,0.11115061699620066,0.13241780480199697
0.11531234967564535,0.13984168015534856,0.013978153020404227,0.23035365779833974,0.09611625423843347,0.08387836214006568,0.10529267653183715,0.12180876160654812,0.09341810483337769
0.14633672060451172,0.18470195400587863,0.02747463380880698,0.0963396292463513,0.1114476822092509,0.07925785833775166,0.13869878578679215,0.13915037080865306,0.07659236519200349
0.11907527464923884,0.15005114547747522,0.013590744734466179,0.10650315610061872,0.11301704460797139,0.11547519780305894,0.1391613127028397,0.12470367880866932,0.11842244511566173
0.1706868322333667,0.10899823037904931,0.08636713891292917,0.022152527958485237,0.10987444854775737,0.14661728739690208,0.11079544719668476,0.12356167011803815,0.12094641725678723
0.12609982961369673,0.16174072559827649,0.03847929963145237,0.01969729651092197,0.12705405010053275,0.08771356798361706,0.13326356827737998,0.14105195105374077,0.16489971123038186
0.13910236551403393,0.13638337189449698,0.023665071751329998,0.018132573604573668,0.14373603434147877,0.13312217473841848,0.1254595440346898,0.14373603492756518,0.13666282919341322
0.11550216955805111,0.13312643629790297,0.05363665981412896,0.027889256231347873,0.11905909236339891,0.13660545258809118,0.14675204607042533,0.13943620144941363,0.12799268562724003
0.07643052887090583,0.08633100573602427,0.24668171541797293,0.060149409912315266,0.09101064624451682,0.1619082082874194,0.09249685270419651,0.09702368289501874,0.0879679499316302
0.12189737548061559,0.1633618083169193,0.1351387567203731,0.08400792434274997,0.09911994387323203,0.07781789658624855,0.10736965890348575,0.12591122647573638,0.08537540930063936
0.10324958813325004,0.09394308842214168,0.10287262733955159,0.27065289509121043,0.08740435749280838,0.06581199452527464,0.09360768105614342,0.10746043152777181,0.07499733641184798
0.08692692423341931,0.13235444418377754,0.09932225782343414,0.16658530513048192,0.09206343480917191,0.058651970383659345,0.1426794631536718,0.1224843283003687,0.09893187198201532
0.10121098129475382,0.09672126084071837,0.30851035092958695,0.013375788062488217,0.1335918910305056,0.0744256697300778,0.1122332672678699,0.11227735504218557,0.04765343580181372
0.16690591579789416,0.12265503939066137,0.024161636533363975,0.02638546714822436,0.11976250799349795,0.11948426429775584,0.12260271306402777,0.1366141694875074,0.16142828628706707
0.0945135705233915,0.1042754301780149,0.047457337599919804,0.20435992036760478,0.08939844970400111,0.12085489475913645,0.07885658862014422,0.10362773226252031,0.1566560759852669
0.10981165345835957,0.1329832649051315,0.05895490301743511,0.05367862997661041,0.09326876179004874,0.10630368966493602,0.10296189107697885,0.11667060569251196,0.22536660041798776
0.09360493520271711,0.1483372557576634,0.038137412833181256,0.20574263174813626,0.08696133369924804,0.10112454207010389,0.10600689638531118,0.10982913639995938,0.11025585590367948
0.10139045828753539,0.11031103561163536,0.24930911392736363,0.0335215400170272,0.11276423283351529,0.12212357235101252,0.08054894320201055,0.10729150584463877,0.08273959792526132
0.13799449847629972,0.15007590366030918,0.03280204269518397,0.08312663770392183,0.10824953560838861,0.07513657438227184,0.11321311687071219,0.14237306014146014,0.15702863046145246
0.12351587610209742,0.11406926102402414,0.1320196827640812,0.022002033587763713,0.12281143012759692,0.030758614839100917,0.13716285081838084,0.1366364127659054,0.18102383797104948
0.09860288885571257,0.11995872547542669,0.21225780719381934,0.019109146349337847,0.08889770803909491,0.09251885435107648,0.12050809768099502,0.10342145878014158,0.14472531327439545
0.13805103566513785,0.12554203526830854,0.03290609264240268,0.05480750117843999,0.1198955798460538,0.08687077169455219,0.12845277255949597,0.13382823353113338,0.17964597761447557
0.1005997075958568,0.14847358558126147,0.10694423875240881,0.03917053921174957,0.11962244381538001,0.04587960607176678,0.17664812623336967,0.13905942791971296,0.12360232481849386
0.11026392281643817,0.09358775897708023,0.07424650263961338,0.16433049220715512,0.10169376771959049,0.049120193479898926,0.1300131033552139,0.11830939208411646,0.15843486672089332
0.14702078079117284,0.11630948190654052,0.13453476412751345,0.06073349584308139,0.10432441535760144,0.05050173273778689,0.12156943558767874,0.12497594871392313,0.14002994493470164
0.14664056188805588,0.10030999614938485,0.060970584942276786,0.09157229142445884,0.1209247323180737,0.10515132346240863,0.1279081484955208,0.12757672360061026,0.11894563771921028
0.09708372989328047,0.07529534550559065,0.11533172895899346,0.05355684706482555,0.07598953011394276,0.11045396947913545,0.1143051421327791,0.09970972893141132,0.2582739779200412
0.13191165690948164,0.1428430076305143,0.053718868125968995,0.01756981107358897,0.13259121516761604,0.10037624292108106,0.11889130725685648,0.13280229078487824,0.1692956001300142
0.1443592824415003,0.15238637399212254,0.06094834892789058,0.03500642433197928,0.10833381639185173,0.07004245948125987,0.16705516652749453,0.14039159809294888,0.12147652981295237
0.12524218965511955,0.11244504555656483,0.036381591082451155,0.23398057274916448,0.10949461419744703,0.08426532878160294,0.1250702945666445,0.11512968758519088,0.05799067582581465
0.10899624000515555,0.11610461044703779,0.10415348188302313,0.04697568540028763,0.12324787474267007,0.15165784227563617,0.11590210748851314,0.12004335670760308,0.1129188010500735
0.08548682487421201,0.09532329430763285,0.3167947103030444,0.07255748471921157,0.08982805603511669,0.042304338374572543,0.11279352195136057,0.10627548070579419,0.07863628872905522
0.1187810538827424,0.10720676768348099,0.06491993253511033,0.15355072760381383,0.0952060575835874,0.08340740753997167,0.10782801405360043,0.10543143605715855,0.16366860306053452
0.10070287895611836,0.10544687233036608,0.10237572050415562,0.1695227296099757,0.09855512367652969,0.0610508028449416,0.07839835927988169,0.10861309888068038,0.17533441391735086
0.12195082400714402,0.16087311172464566,0.0430169590908385,0.09445375376490252,0.12167550683273021,0.04754517928594954,0.12452025470676376,0.1489214772027263,0.13704293338429943
0.13910746879781338,0.10694354577524935,0.02705785611619305,0.12812734783742682,0.1507569904342681,0.03897146197445739,0.15724894494954778,0.14551684085514138,0.10626954325990275
0.11056906807523115,0.12449937261884687,0.1698097138999958,0.017513560971713273,0.11473886750159619,0.12524909863533157,0.10034260348811856,0.1156031633114281,0.12167455149773852
0.12092827078006146,0.13880374300722534,0.04878622915998037,0.05175774655946674,0.15102439787142755,0.14240278626046193,0.12238962803972592,0.1319350915388635,0.09197210678278721
0.09958047972531277,0.07666515310378597,0.18577275303352395,0.09790935366649317,0.11592450308217572,0.06066624553338226,0.11167835506181574,0.11184161541112708,0.1399615413823833
0.11240254419204483,0.10004526584004463,0.06551324493501218,0.08735558372575743,0.08065532730953717,0.1034125263542298,0.11272918449762885,0.11161208775823787,0.22627423538750727
0.10896205923476643,0.11518376158930754,0.06386804640911509,0.17020284120894133,0.1076288594001477,0.06859078231244253,0.1410674593396758,0.1193582667170242,0.1051379237885794
0.16636107500102323,0.13842385933891968,0.029004910644213344,0.07770344593210256,0.14311242050234393,0.0365290140447587,0.1542115472300758,0.15295707286250224,0.10169665444406052
0.08504123769900938,0.12908484202330994,0.26473992755368597,0.09558200687557683,0.08376206047988556,0.043842726361862955,0.09747333901176086,0.1112096350544073,0.08926422494050128
0.06299801235394839,0.08355978718850939,0.5066966848119899,0.01523975208924465,0.06870076400700471,0.05227649391560162,0.056355178992610576,0.08299815337321882,0.07117517326787194
0.1334178098761659,0.13561647174437044,0.08235085859211762,0.07224540254728329,0.11165031454631232,0.03766554291285185,0.12080749313807078,0.1317299817955415,0.17451612484728632
0.11687092442249584,0.10321137674592155,0.12107059827622735,0.12573297990952217,0.10061222367607218,0.0824469169886772,0.08778778931592367,0.12386368119748477,0.13840350946767518
0.11626537844489528,0.12914412918348447,0.026585757414579376,0.20475431035066594,0.11086107544256213,0.06392145100565245,0.11516787391405243,0.13487405005282982,0.09842597419127808
0.09126869131028725,0.0868931652155076,0.1909597748164712,0.11737183058304322,0.10507057790773362,0.16126605621732984,0.08310931228053743,0.09640406297257952,0.06765652869651044
0.06562003555595852,0.0795545314024616,0.080669806508485,0.4377982282136119,0.06250258152043968,0.0760646592081717,0.0639983315375431,0.07417092446458812,0.059620901588740366
0.11011613102070616,0.10351669632186032,0.03765170947998329,0.1761542757171269,0.1147997546642389,0.11725886626415248,0.12281607207626356,0.11592057218467507,0.10176592227099335
0.12041124041113166,0.1427043570852109,0.07713326694972637,0.07161684835293,0.116912282683735,0.11810114428370211,0.1093926390934462,0.12798472596834656,0.11574349517177117
0.1248120466103289,0.11079944483487507,0.13839641843214143,0.02687253185587243,0.11099720848845818,0.10318884567375974,0.1014756798001731,0.12641968788679073,0.15703813641760045
0.09391124512765908,0.09359780649628113,0.07940225524632157,0.1646321633254683,0.09599529489756077,0.156264765401819,0.09696992402876364,0.107436869556639,0.11178967591948753
0.09061373256668499,0.13552203251106473,0.124298496436145,0.0793371956508778,0.10110203221710368,0.17706808864188753,0.10768648485473477,0.10697323654909674,0.07739870057240472
0.06351262585392325,0.08369617226076605,0.4061649921936718,0.014483252433013571,0.06859231387736782,0.11657366135515683,0.06322375172438027,0.0787229083200955,0.10503032198162492
0.13429967842882973,0.14535020773626198,0.06032931314941022,0.10216419551282484,0.09982005469608475,0.08072024261429624,0.16210457240326417,0.12445660265255419,0.09075513280647378
0.1436710595898604,0.1661096601486787,0.0471257990464787,0.025545217662892337,0.13165347526000296,0.08091714324401961,0.13556121917587238,0.14838258845760788,0.12103383741458702
0.09855635430500631,0.08574607799068218,0.049848341154583344,0.1556123883192651,0.09591666431112533,0.15573840588162147,0.11122956867673296,0.10316676389067664,0.14418543547030654
0.11980608619332218,0.12069728155486142,0.12008850950516407,0.12780321444450396,0.10492112927979158,0.0554863898930481,0.1553056246726251,0.11581205537730728,0.08007970907937627
0.10060332097460033,0.08785505841453224,0.27102366024118124,0.02144509127140197,0.09595737423182978,0.03476800023266124,0.12757703258039477,0.11382994271038908,0.14694051934300942
0.1297075948434938,0.10876896663799569,0.15080905300982322,0.08668815997514888,0.1264861093345511,0.048779519794025734,0.13068213270013643,0.12263097592269405,0.09544748778213112
0.1468647607883448,0.14931413167233018,0.0421785202210924,0.04140427133560747,0.09576809747499669,0.09899578117686476,0.12855338527748897,0.13833053173535104,0.1585905203179237
0.12824391272917327,0.10178516510458474,0.08794435843772126,0.14167201970207924,0.1044833415228746,0.06052664515820327,0.16434665435488238,0.12749969052111315,0.08349821246936806
0.09029560240324337,0.12075501483368767,0.09499782910881373,0.19719783043328806,0.081892869854219,0.04687619300086642,0.09404618295174356,0.10891041788328504,0.16502805953085312
0.12272496721814047,0.08995520784786333,0.019690675993502913,0.27222386050681163,0.10903027801804582,0.03855845000645931,0.10561293125337022,0.11611553133547281,0.1260880978203336
0.13047281855485737,0.14752927665912804,0.0219702499303157,0.074279329301059,0.1342660478348104,0.07912578562334475,0.12642981218618035,0.1403999141000056,0.1455267658102989
0.12295324123778623,0.1267211484678977,0.14535435694634757,0.043573889722169364,0.10810696505204194,0.09460657526222098,0.1058600069418551,0.1257058471138262,0.12711796925585492
0.13222295679777038,0.11705755803882234,0.04351796180752149,0.058982791615331986,0.14042744577090974,0.1215896656311987,0.11951994601498576,0.1406169687414275,0.12606470558203212
0.12483902512179328,0.12358915184828335,0.019235295605145714,0.017006722136097798,0.11780162734792439,0.125525982502553,0.09738229976443075,0.12074072677896314,0.2538791688948086
0.11662833113455655,0.13395944079120342,0.08300228797371055,0.046409628015047076,0.11173797396729708,0.07469334671365623,0.1372181936116521,0.13081388834756294,0.16553690944531413
0.15438422901390103,0.13906178358693186,0.028762062233335967,0.11962666754269267,0.11569370792027894,0.09002200343407013,0.12777758020716598,0.12807343796490347,0.09659852809671989
0.10934016987716795,0.08351388994037336,0.26649176693745874,0.04296634346237593,0.09887337890783622,0.05412939505347116,0.11029833783302068,0.10856794290067741,0.12581877508761855
0.12047745842181766,0.12049823612578457,0.0672622039409882,0.20609493964335837,0.08939438059459585,0.0907716261570498,0.11884780787548858,0.11754084087342544,0.06911250636749149
0.15338469296137525,0.11897928139773024,0.03854380970178097,0.23413787714624967,0.08754786677861986,0.07178852983243378,0.09721308836006776,0.12402935321663806,0.07437550060510445
0.11166860502084186,0.08859360401198742,0.2158900258762114,0.05488907936216012,0.11545373900498863,0.03658637044582536,0.11565596277860586,0.12836662647933428,0.13289598702004507
0.09823243207599054,0.09822233286567301,0.026614134899084166,0.30852345100287887,0.06736870561662844,0.09885637966702969,0.07459382741814334,0.08484975785295651,0.1427389786016154
0.12790483772567998,0.12197147512120614,0.10836556314105017,0.03685308830553034,0.1361021566897167,0.0170590371916095,0.18300020107906267,0.15061825773261328,0.11812538301353119
0.11207922724964954,0.1018482382780529,0.11368112491981062,0.03417816663221156,0.12353466060696593,0.03402860762098776,0.12051216969351435,0.14029783806166682,0.21983996693714056
0.107128679712217,0.14143449906424446,0.00905239863232391,0.28021871275492494,0.08893576920898748,0.05938558757596202,0.12573510551261868,0.11809847490702978,0.07001077263169181
0.14421846389930304,0.10694635077343684,0.04145845818277314,0.08252343184988929,0.1132191413296712,0.11417615124984326,0.1274893192325942,0.1261881955510594,0.14378048793142964
0.139640323326621,0.13144424543127078,0.036358475256573534,0.10988518134805024,0.1114738483373633,0.10864722779571691,0.13185249438512822,0.12968759646350445,0.10101060765577148
0.1362363963707485,0.13156673686941486,0.08603665015373307,0.04436202548034358,0.12953785520886893,0.08551243486676487,0.15521955950668084,0.13590142200455013,0.0956269195388952
0.10452939566267218,0.13188368776337048,0.01707184111033365,0.12343488242983687,0.12522071136279503,0.17942186766547366,0.0989998158703237,0.11796579985879387,0.10147199827640051
0.1023578645999728,0.09905385869690257,0.35439234884996224,0.03285000778801031,0.09842648518025628,0.05503678604126409,0.09700987298173203,0.10488095625404721,0.05599181960785246
0.12661592530764262,0.12234059582217573,0.26459173470495506,0.03542823853176815,0.08662010560249966,0.09303873002936142,0.10336361256602068,0.11119505443207718,0.05680600300349951
0.13262541630686542,0.16241200423455593,0.027142736422089444,0.02214822319789822,0.1458323442095302,0.06482966465957624,0.14865762939609165,0.1454528821711583,0.15089909940223453
0.07621962748315264,0.07561307687094881,0.4796261349609133,0.013717360461014391,0.06465661775743027,0.044811485996971316,0.0835174581506679,0.08078782274622685,0.0810504155726745
0.1073673690822357,0.10106371149924957,0.03938741615403307,0.024495151704512982,0.14035822084146846,0.021618528339273944,0.15061672823459582,0.13827704053841391,0.2768158336062164
0.10722867972314447,0.11962696826413478,0.052255178289459636,0.12124907000873171,0.08863019770172705,0.11394567735164957,0.10089869439821965,0.11265099853730283,0.1835145357256304
0.10516676880385291,0.1205635416685701,0.136880708660586,0.05377056392187549,0.10830425052422436,0.08913956929124141,0.1270216017366378,0.11369868510953289,0.14545431028347908
0.15922499422898337,0.12272770085350389,0.06443875018180088,0.11981651410044279,0.09070700590361541,0.06255021367556594,0.13494193019490927,0.12332987691564395,0.12226301394553447
0.11001668066493499,0.11956141089436294,0.1556410173252307,0.023648595373640686,0.10964858833674655,0.031013918691668908,0.13041981532402083,0.13674088859122244,0.1833090847981719
0.1415327877809599,0.1183277357380767,0.11452042171622218,0.07103064190607623,0.13944794866350185,0.04847467452507472,0.09988843158386058,0.13965839818096268,0.1271189599052651
0.08160489053826762,0.09490212434680408,0.34158647292171973,0.03569077068423069,0.07745226157114664,0.06283532748335391,0.10183274324015874,0.09995155420251474,0.10414385501180386
0.11187364026165784,0.13580298160349044,0.030661185228116217,0.2367275904633833,0.09398953146324635,0.0656158947831817,0.11028983672045328,0.11770220946822212,0.0973371300082488
0.07183969812410056,0.09699929048669771,0.19100558902051337,0.24898346720531675,0.07484776300791114,0.08633686210057843,0.0846948359383019,0.088430299434397,0.05686219468218312
0.11817888260449884,0.0773636742348383,0.25961068207403987,0.07535149884169147,0.08604496343739476,0.07714417893223942,0.0951374983735509,0.1054198873007806,0.10574873420096585
0.143757703758297,0.10872484972895448,0.00963063971338401,0.041738116023759216,0.10551098187129894,0.18756107504927902,0.12341864171475063,0.10930090145201388,0.1703570906882629
0.11446736768601952,0.11628287055593978,0.04348924278914288,0.26403416300301824,0.0951592930132183,0.0913453035771254,0.1105908228395806,0.11312918497855208,0.05150175155740324
0.16286248279925322,0.13599658985213112,0.08106524957000491,0.052272295910919774,0.10765603522695133,0.0506930597587734,0.1283311147584966,0.1480271948270702,0.13309597729639946
0.13927046384521455,0.13296992588216397,0.08739207610123323,0.059943190753292915,0.11373722183553936,0.09896237082917858,0.1090172931870748,0.13462626900584038,0.12408118856046224
0.13190601891019416,0.1336857882230467,0.04143329988994504,0.02286599714502964,0.11104771661210427,0.14195366607095772,0.11269132827320859,0.13234919939858847,0.17206698547692545
0.10620596654962795,0.09072995527810622,0.2806392603227967,0.08276827662787657,0.07844794886966351,0.09633976318855984,0.11126448280307262,0.10641001480645113,0.04719433155384547
0.09241290004588681,0.10009584047925342,0.27616082046488105,0.03957106181548314,0.07128100965013591,0.07215282217247056,0.08501393226720301,0.10350938349315109,0.15980222961153498
0.12412181220090769,0.1178869823720073,0.09321408170926408,0.02341443964197047,0.1165219312299634,0.07253165930287202,0.10982002479004054,0.13359424803501685,0.20889482071795762
0.10860517856005658,0.11978656184352514,0.025085464673205216,0.2532144386188435,0.0952006324874013,0.11767153578600172,0.0998218832786496,0.10024824066496048,0.08036606408735643
0.10904097336989793,0.12548741317307552,0.1583205351213657,0.051611952830541735,0.1504813505356318,0.030791763502072047,0.13739420607689828,0.13247672761726823,0.1043950777732487
0.1381232389138677,0.11712367749097907,0.08533429255151341,0.07100802626474677,0.10452315021365392,0.11760979295924372,0.12253063464626583,0.13246039793584283,0.11128678902388678
0.12369776503597801,0.09911102148675104,0.07389724132661134,0.19932087428801612,0.10813370238306748,0.0856285417491129,0.10058646075952078,0.12381440253177182,0.08580999043917052
0.10680775454930351,0.08581308538444758,0.0972004119933662,0.2444898395614636,0.08571723625286087,0.07830620945098088,0.12837755267651296,0.1013319559510268,0.0719559541800376
0.10011679214338294,0.10285394001993066,0.26314042218538447,0.08473130539768059,0.10100551807068485,0.05552811110991293,0.09935292247184811,0.11310217519127107,0.08016881340990438
0.1426805299438123,0.11501684571735082,0.13583431279236033,0.07441728208242358,0.12121581002868442,0.05421329055007515,0.12544006726183168,0.13919342885104694,0.09198843277241468
0.12430300042832433,0.1609371499641786,0.039830522049726154,0.10802998969800552,0.12154899865364455,0.06653785907126666,0.11956839149708313,0.1346495637472761,0.12459452489049494
0.11617639094888126,0.12459610691992229,0.033963379549827644,0.20237373863416538,0.1093079650576572,0.05149851833444754,0.13374414197430323,0.13466450562407004,0.09367525295672545
0.13905954932646838,0.08745694967997235,0.12721099632423669,0.09074155098781596,0.09237325636566596,0.11047559181205642,0.10716734941181123,0.11944085739661177,0.12607389869536126
0.15971336600355746,0.13197860142512455,0.15618418706163562,0.10142205031777313,0.09649107335224245,0.07370111144225748,0.12039353151275285,0.1164209403920932,0.04369513849256323
0.0837080208842106,0.10679225703973438,0.030090961577505737,0.14429292925077244,0.12314828123745693,0.08325570512228571,0.11946378475923626,0.1136884874028976,0.1955595727259003
0.10729034289173,0.11788782016961981,0.16747124106316158,0.05863597105018745,0.10480538743495178,0.07341448259929868,0.13131830953980606,0.11423570359833962,0.12494074165290507
0.13681691109887797,0.11220674713652208,0.022796805368537048,0.15771876639413498,0.10494992092122736,0.05121556430122142,0.11032795545345685,0.1382904993788735,0.16567682994714875
0.139483304216834,0.12331376443397035,0.06288324898434398,0.051676467151889637,0.12282075196787529,0.06197520629045611,0.11695589692290549,0.14947429834201847,0.17141706168970663
0.16199037691933912,0.13826469975638536,0.07165573348287742,0.0689246538094937,0.10109592601685775,0.05252921303612853,0.13182991560153953,0.13538984600353943,0.13831963537383907
0.09222630440282208,0.1037821712684797,0.13829954787774673,0.10494062756198051,0.07392908563725564,0.18187795638541818,0.09161551271765195,0.09504425493524793,0.11828453921339728
0.11389876193378479,0.1570581826353108,0.07096059567717437,0.07369919048553579,0.1389692673721731,0.09174078769692284,0.10841997022831022,0.14366035163754087,0.10159289233324716
0.06603279944966019,0.08771702679849347,0.4307821952205025,0.04315714672198073,0.0755176045202619,0.08623525589619517,0.07858141916867818,0.08267585440543601,0.04930069781879182
0.08369074165281125,0.07782324394525848,0.4976086222509178,0.011917254039979001,0.06319703181702728,0.04989599493397793,0.07733498213364219,0.07641374052768894,0.06211838869869718
0.12975456183845435,0.12365998926502055,0.0648142619868043,0.21734656396465898,0.09787590698334249,0.03422558320255595,0.11629304768874187,0.12234268749883644,0.09368739757158513
0.11708969228593358,0.1192730141828257,0.1296367471357758,0.0176827242354583,0.14077084524034514,0.08606074524754488,0.10961048188463542,0.1247934764932349,0.15508227329424637
0.12306293766813688,0.12133603815311007,0.06134187621806494,0.12702691830673743,0.0978769266212765,0.12186868803802199,0.11129488809900816,0.12477692457827401,0.11141480231737007
0.11188343401168188,0.135212604318136,0.06659922617514018,0.07079035200287752,0.11167479250272311,0.08112321658942534,0.14382269685206428,0.1278643965876021,0.15102928096034957
0.1351827934622564,0.13870804749404456,0.11639451865861816,0.04883024938068714,0.12933863843499552,0.056891265075149994,0.1392976664736213,0.13717988147118595,0.09817693954944101
0.10840144020139052,0.11393036090891663,0.28902398536605306,0.04327737082341193,0.10572264366261569,0.06435383880987822,0.10593676186843422,0.1107674387993407,0.05858615955995907
0.10457175649094075,0.08252314486010282,0.01713441127217973,0.18655466717068137,0.09181713945618804,0.14807832930571938,0.10816697042489602,0.10077347542579447,0.1603801055934974
0.13654745122624268,0.11962019340794107,0.19353972292474966,0.02489433379964084,0.10311044041652533,0.06157365466598297,0.11567458029635662,0.13142611967029325,0.11361350359226756
0.09015417851143477,0.10782913991010833,0.2554521251401244,0.06939892724032297,0.10178536518284899,0.04979396940976444,0.10844629990046677,0.1075845805248531,0.10955541418007625
0.09571480500125461,0.12056482087545588,0.05980210585062843,0.18145430542514226,0.08468137617173206,0.09700601228263767,0.09833382815167217,0.1116969104896835,0.15074583575179334
0.10808359532055499,0.13115278117282533,0.09904290051175303,0.15600098133522872,0.09109631097928395,0.06753482588831043,0.10943778718285284,0.12256785108447503,0.11508296652471588
0.13185761952449168,0.14576294576924717,0.06074278062765202,0.05973899223939145,0.13171251416854404,0.09786887272496257,0.12516344701466178,0.13080298459808415,0.11634984333296515
0.13047592894157298,0.16588762112767655,0.047003540118482755,0.1372152164367221,0.1000201360409454,0.0969077663392091,0.12331155065585858,0.12836998991944995,0.07080825042008256
0.10046314691744844,0.11258191728141557,0.18241652417621945,0.06542576561551548,0.08495310457067946,0.12106193238254138,0.09253223439002532,0.11751323275112224,0.1230521419150327
0.10230848218343656,0.10826499300270442,0.06855537452636858,0.25385816468145006,0.09470443723883609,0.10299782436441031,0.09205143233652742,0.11335339178142885,0.06390589988483779
0.12914790215636582,0.11283692910075016,0.019567531510497334,0.19084103688888052,0.11293921727875729,0.0890341224374351,0.12885314198888173,0.11823066396135647,0.09854945467707554
0.1131796946075327,0.13089520780116762,0.05067081984469466,0.10770520717856642,0.11944872983281866,0.11836135450252798,0.12933365102602748,0.12249160514513724,0.10791373006152723
0.1459033536180623,0.13116776381532783,0.11465165097881891,0.0852306367649822,0.10852826005798873,0.08027176756304127,0.11562234136554272,0.11707391873043738,0.10155030710579864
0.11740123527166735,0.09081990247802994,0.20061433584875912,0.02066192975763132,0.10481573612078447,0.1311302167673655,0.12326190910847641,0.10675601500699272,0.1045387196402932
0.10281154585315033,0.11930414463506785,0.13053120980523703,0.07860296191552799,0.10968182846164003,0.04147797416171926,0.11403217271406242,0.12901142406283259,0.17454673839076254
0.10500384533182268,0.10944325126457101,0.07893383008554182,0.10429321534021792,0.10102075673418993,0.11720476077785776,0.10694262834531972,0.11765824644214144,0.15949946567833773
0.11743968348011379,0.0966517712598647,0.07983565088423202,0.045482885045783635,0.11648602915690294,0.05081122233593735,0.1328501547390952,0.11959296658918611,0.24084963650888427
0.10031650475217539,0.11909724590296428,0.1538431833657968,0.013738449358281293,0.09871810233492435,0.10410205703620273,0.10622731863813106,0.11786548480318688,0.18609165380833717
0.1396433160327805,0.14603007826584927,0.12443480951810489,0.04947261408281676,0.13019447706858714,0.06784386394845286,0.12999258243862918,0.13665625080056523,0.07573200784421412
0.12614276244262748,0.09146622437556971,0.09508253269011097,0.08795438173159426,0.10928767029431809,0.12145459127834796,0.12743998866778447,0.11985296896238486,0.12131887955726217
0.08598973607592826,0.08303268889946318,0.2485409773215598,0.0798291182345395,0.09489302497202849,0.07708001699688698,0.11810716815155609,0.1098345153198853,0.10269275402815244
0.11054238526961663,0.15285484607167146,0.058293249473656085,0.16474589245431995,0.1396015155563502,0.05818149777305753,0.12269398798107206,0.13337404383152832,0.059712581588727776
0.1361089486896143,0.09815273080389902,0.2847818627153803,0.04375931562567423,0.07567888371256243,0.1175098540484143,0.08671559168723454,0.10317688243336054,0.05411593028386038
0.12632309409779904,0.14711211993518122,0.11694424847241629,0.08749347724854713,0.09468122595618071,0.08278715536936053,0.1173510324929407,0.12292061101028005,0.10438703541729433
0.1347381047879536,0.1415990944489446,0.07155779078511003,0.030542481862371587,0.12110932879663573,0.0921656575293651,0.10260810405151623,0.13342163601746385,0.17225780172063923
0.09713428277581299,0.11083799701107146,0.13605757930964343,0.05997496095969707,0.10356180665005775,0.07257186879900354,0.10578277955143027,0.11796832764288395,0.19611039730039956
0.1337334592662819,0.11382327757362475,0.027956218527440138,0.04453347625832424,0.12880919509365948,0.11775055355445462,0.1243223682377657,0.12608339488435735,0.1829880566040919
0.10443619814457078,0.09788489872551474,0.06295014849163598,0.12066203987819767,0.11194284690558225,0.1959146186235289,0.1081883518720535,0.10768784382714437,0.09033305353177185
0.11520605035721208,0.13541515086589193,0.11454727833860208,0.047180341926656634,0.10802627013423442,0.14549537840050597,0.12433294674936853,0.11845769565312987,0.0913388875743985
0.1018532655224369,0.09503038835645854,0.0767139097878713,0.3278568694597273,0.0740494406713371,0.06321989190010469,0.08795015525049517,0.09614805815679588,0.07717802089477312
0.11166159938515492,0.10792316477637402,0.10179664530353921,0.1972643611872769,0.10501150335995109,0.042364753297075945,0.10041916118065326,0.11391557178377214,0.11964323972620255
0.16424296514620274,0.12128176010886856,0.13115908406491927,0.02630744793175664,0.0984845166858292,0.04837238864799631,0.12331572529696093,0.13385748093165806,0.15297863118580826
0.14265568814824658,0.1251670383654119,0.2706190777975104,0.027200710740916945,0.08196824754475283,0.020296028141466433,0.12426318400569121,0.11987180359763501,0.0879582216583687
0.07808161985844476,0.10763946632399968,0.10379192041027596,0.2606965280289499,0.08713784892245158,0.10272649835999366,0.08692751389069008,0.08840000743164463,0.08459859677354986
0.08259626682661621,0.08927297207923919,0.013036297487163178,0.4510640435211403,0.07655022911179445,0.08005365379103963,0.08435211373865519,0.09543925642984448,0.027635167014507498
0.11849581591216525,0.13420690792330908,0.033277378769067084,0.04483695890844421,0.12490638884761031,0.14228149133803883,0.1161397111043657,0.12013121562566688,0.16572413157133267
0.09720694905084477,0.12501457467001267,0.045605563563066866,0.04969005339719223,0.10822543103144751,0.20659549680731903,0.13033450206271677,0.11421945200530752,0.12310797741209256
0.09608326218249115,0.08348470213188447,0.020942058257969975,0.4127125423264753,0.08122570180438356,0.08025118738805644,0.08462170570644667,0.08341437936527878,0.05726446083701362
0.11520599146914849,0.09834001323662106,0.05559287109290095,0.17059578704577125,0.07803172027671923,0.15602185062424465,0.10105133025139112,0.11006184599185968,0.11509859001134355
0.09025788701251491,0.10740278895085897,0.02091674298964088,0.3724756064657942,0.0872973789535848,0.05765786671119009,0.09434610816235967,0.09821343832128182,0.07143218243277459
0.11032970046366448,0.114544833153576,0.11678036052056771,0.08968092763607066,0.08052006951295944,0.13786338155138825,0.13303003764763913,0.11306314914598577,0.10418754036814855
0.13706833017395692,0.11437236411396574,0.11534220369401775,0.10121809563398328,0.12397273134964472,0.09874374342928798,0.09766733283864289,0.12378580825144984,0.08782939051505075
0.09367533921854525,0.10640015438447488,0.0443133627546722,0.22387281167798181,0.09277768794253209,0.06638930191081821,0.08444146389857392,0.11384744060465253,0.17428243760774917
0.12252712030750408,0.13409493669771572,0.0903681875002801,0.0782429605981465,0.11699944702527852,0.0897882635884522,0.13020096509890078,0.13680301417489518,0.10097510500882693
0.08353410521669109,0.07687472295224347,0.0641052137997082,0.40648437342436156,0.07218362597726569,0.0629293877880472,0.08412746746683204,0.09009635711931831,0.05966474625553237
0.08382143952664982,0.07951094530689667,0.28313713598123164,0.07768165125046013,0.1228995593408234,0.020729059436686004,0.1009230171530085,0.11394618696989739,0.11735100503434642
0.11087446832791992,0.11495585247456519,0.03631813449168312,0.261622592013225,0.08614857903473465,0.11076784670709731,0.11497280194890643,0.1117588930305185,0.05258083197134986
0.12733032413464035,0.14994816425384627,0.06265789415044457,0.030781482972541675,0.12062808484132607,0.11329214103461005,0.11886384288333633,0.14900894561421793,0.12748912011503674
0.12546097412379673,0.13218681778316135,0.025499961042301993,0.06519915973452241,0.11168629904831735,0.11796375599903908,0.13474981802419464,0.13702259454433977,0.15023061970032672
0.12181781215485417,0.09483697749158056,0.1676027523601162,0.11821486979230282,0.09580331471874405,0.04764005935414795,0.12794200341733966,0.11528007793496815,0.11086213277594635
0.10263433344088142,0.1433707102103826,0.06905100136425331,0.09860852874122046,0.10874510073712862,0.08281804645043672,0.13275222232016015,0.11931516039661182,0.14270489633892489
0.09294815068368296,0.12697600568095943,0.10434652560605824,0.10988889040835631,0.078332601856879,0.13272047047063687,0.11456272715497406,0.11346522970823826,0.12675939843021497
0.14692802162034102,0.15766733956693954,0.029745712176379613,0.1010212877674595,0.1109438993266862,0.07817944900229472,0.1388747774867288,0.1408408220134325,0.09579869103973811
0.13293679528618532,0.10943992501386013,0.16036552729096684,0.030880871005009896,0.12396190376387449,0.06661063675070646,0.13562895059952262,0.13464104157912418,0.10553434871075003
0.11585732725931264,0.0920609143175646,0.14006911239365707,0.12642613191671123,0.10230651716450978,0.11775504005616495,0.11616329113269501,0.10851660573660887,0.08084506002277593
0.12986624774033487,0.12259498016397923,0.07433456763052855,0.06525783446784544,0.10332653925606604,0.06648738507520326,0.10952166441050225,0.13608511852001037,0.19252566273553004
0.10950896976765889,0.13328420790961923,0.1458930047057786,0.06320357830257718,0.1108097606418022,0.05024938003775229,0.13063162814908963,0.13561800973652174,0.12080146074920022
0.08315713720203584,0.11707946595868914,0.2455432177401818,0.039282487056977546,0.10081081125976721,0.11669053540647618,0.08849462592043338,0.0939300981819759,0.11501162127346302
0.12235860497149782,0.13224287279918226,0.07773365422972074,0.1137547969578019,0.10653214725777742,0.1404249738625376,0.10042791250367268,0.11772778947793232,0.08879724793987731
0.10328153969013577,0.14893206963073827,0.04565968250406801,0.01293889539392736,0.10196539289183719,0.06412373941122848,0.13545047740056526,0.11851894650893306,0.2691292565685666
0.10898948205974206,0.11745628334833647,0.08886804838330771,0.15576200629503642,0.09426495910092914,0.09933960116013409,0.10828711253003905,0.11800759132843962,0.1090249157940355
0.12002375226937179,0.15050142733113916,0.010685954372202044,0.03529750721164407,0.12243766446750132,0.09207291854009043,0.15422042783782075,0.13471697724858592,0.18004337072164453
0.0936853682092638,0.10597967713300356,0.149713600045204,0.08264183949811209,0.0934675324108674,0.04458066546723959,0.09354439745571695,0.10601527081327211,0.2303716489673205
0.07715103713865049,0.08477536287340359,0.17242509204640932,0.2122708423815258,0.07042720230825304,0.185478793541756,0.06962096154171336,0.08539594723307366,0.04245476093521483
0.09061278617868922,0.10125823366332476,0.27247633240383035,0.1044536673256633,0.07066827357089572,0.14582347190781508,0.0829920593887538,0.08520713095476469,0.046508044606263205
0.10318610658668292,0.11381559600845152,0.007738120025325028,0.36175715024926075,0.07884592339259645,0.09025512225689551,0.09438244483860529,0.09973285929831828,0.05028667734386422
0.10584097352890891,0.0662630256110775,0.32442493014778767,0.051479767247376775,0.08702413974735035,0.03973217987905186,0.11543505616176357,0.10186255537376977,0.1079373723029136
0.13617876080284008,0.12048570964659881,0.07728809027216825,0.04893706619444733,0.1481849709761808,0.06057811597736662,0.13335825004450794,0.13675713201021933,0.13823190407567085
0.09443095659267692,0.1223982016237571,0.05650984795814288,0.2462524690115285,0.09490823762610485,0.0993945528837988,0.09454374202259101,0.11413082041733336,0.0774311718640666
