0.1974651755783,0.041932514613887056,0.06947005030793536,0.2571025103037072,0.13546963064657613,0.06174828260771864,0.08928018686617423,0.05034467849814539,0.09718697057755604
0.2067877722354795,0.06179913600835554,0.07569483836879719,0.2752189823356994,0.10503328905516958,0.03485856885060512,0.11468598086840609,0.0420885153354355,0.08383291694205214
0.08896801109146756,0.24456154441421438,0.06346052407889353,0.023496776801381302,0.13189705181615324,0.3187964558630742,0.07847474424744766,0.005232750615908349,0.04511214107145986
0.10349819954032684,0.024096924648921856,0.06182147489747441,0.12300700829052653,0.05557320744262762,0.18517118737619762,0.18557929614409308,0.007922043480914446,0.25333065817891764
0.12113472322410045,0.08661129997466084,0.051022423823172645,0.10266724538701333,0.16707584202963108,0.18867378058682496,0.14029664508502004,0.09362483952845298,0.048893200361123684
0.17193893141475122,0.04542225877200983,0.03481347067493826,0.31690595897678847,0.0816979436749589,0.10847423708305137,0.08888363900521529,0.09112948211180698,0.060734078286479726
0.11042312595462371,0.038473025950796914,0.05670984709625725,0.32623729724524547,0.12154262322802949,0.10346689440756,0.12060038242056186,0.04014044137561514,0.08240636232131006
0.4184957533567237,0.04223280121943287,0.038073716734220636,0.17582026751684077,0.11932730603781254,0.0413327306236845,0.05644628519098125,0.042096661842192046,0.0661744774781118
0.4089529430058591,0.09382851457857706,0.010278867989911783,0.06271449952927254,0.0698795805658649,0.04337846051265257,0.08953960148663308,0.15634956022302302,0.06507797210820591
0.2509167155815983,0.020979132976680026,0.04562566533296728,0.12502404760581604,0.03578860446153545,0.16820205259439924,0.07549711724439055,0.06837259587201623,0.20959406833059688
0.3368568705132766,0.030005681693617347,0.03824782262116255,0.2593114075972442,0.052263573836192685,0.07619115059204841,0.11049340952880034,0.02558347564394194,0.071046607973716
0.23091039506977115,0.04041168566909833,0.04305955052711571,0.24506731128544823,0.08541589690909619,0.0740449611996357,0.09946543054650074,0.09022529353021941,0.09139947526311448
0.0698482298162204,0.07931926512219846,0.08077700925836559,0.1092353106232898,0.15137238097259034,0.1689888554988357,0.17685491371336,0.106165824960562,0.05743821003457778
0.24619675019415643,0.1347952672604127,0.022222773896220613,0.036911602108564055,0.05694099098754966,0.04553490196280923,0.11837941200481987,0.2888518416902009,0.050166459895266614
0.0535200119851506,0.033931467501229905,0.2655306802690202,0.07137253740825679,0.07003699767495243,0.04637375301528421,0.11324212237169777,0.28809143618253114,0.05790099359187717
0.016495379066967467,0.20434784955938043,0.026902477643605097,0.014230082297449686,0.1803840363641427,0.3657799023449762,0.08556881338226323,0.05105109090858451,0.055240368432630714
0.09701746389112555,0.037542592100815585,0.02660691997520274,0.18826312716603436,0.07864787190325742,0.1304288448030693,0.090896050292064,0.1959481748867471,0.15464895498168393
0.04598165141400965,0.12156880875858361,0.07772468342109269,0.02437919111591448,0.1794456074991415,0.12451252588485445,0.06414365848530547,0.3076192024178514,0.05462467100324667
0.16539172565884827,0.03735620831276068,0.035552888926652815,0.2093844257199827,0.05812527757389189,0.18638830091246192,0.17649126178865815,0.015326037526735734,0.11598387358000778
0.1750914287807609,0.171332171264819,0.023700570732692734,0.23135693375064317,0.07174261533266231,0.03941769048246169,0.07094104776721027,0.11250829719104234,0.10390924469770761
0.03499189251582378,0.06350593054937573,0.09244736759256907,0.09148064204821804,0.14980636185677867,0.13120024466829908,0.19962272063819872,0.19046256756670385,0.046482272564033096
0.16750813569797676,0.10968039906776376,0.0434488382701493,0.06582397783946428,0.034094273623703854,0.20074533569366548,0.050866531565121165,0.25750437158938283,0.07032813665277256
0.2603883781767893,0.07283855238674537,0.12092183197453195,0.06582351544224278,0.04008027807606293,0.054209524009105614,0.09561900318730183,0.10415151087263108,0.18596740587458913
0.1355754617132864,0.018920873215938345,0.11723927990326184,0.14241402182994237,0.1539803812768282,0.0947415368695635,0.10553949674909756,0.18883560426783774,0.04275334417424407
0.2640252817468929,0.039656650602310266,0.06318210881427008,0.3079885565139648,0.07260588506020886,0.05741365453391503,0.08567321993242916,0.03776964038090793,0.07168500241510112
0.30042729008148483,0.03384438976101948,0.024984353394469805,0.2604913304229533,0.0757643102723118,0.03800363598838067,0.13638617767157774,0.038336796533607116,0.09176171587419524
0.13988090265543818,0.05517762738401593,0.037173648710118634,0.13486141485932845,0.1264231475341877,0.07332716378294035,0.11619102328141277,0.087443433490502,0.229521638302056
0.026165181338899793,0.15674098408465922,0.09802674882524816,0.02548288497213573,0.2775485381766499,0.1398323458265409,0.1070796430147693,0.06302862257124953,0.10609505118984748
0.37172972439358215,0.022326066907146117,0.03704640524509882,0.27280686295364515,0.06510674714359986,0.04623005865059637,0.041628360549210465,0.09580778024591907,0.04731799391120194
0.5212185759004683,0.019543502374696774,0.050852151160139046,0.1325424913616028,0.06522169936499621,0.04668998809586994,0.04071630903747949,0.046299051787418305,0.07691623091732917
0.362864925349375,0.032540907104125764,0.13599123161493842,0.1804974105577253,0.03806270427239163,0.04072988570364635,0.02699627819000309,0.035907665795288375,0.14640899141250602
0.024538935832654582,0.028574316979012537,0.12354735058177707,0.04666852618796504,0.12039084359687684,0.16879469708868822,0.088703584714787,0.34921398683038457,0.04956775818785401
0.05118178333309827,0.2528825004335868,0.10695076693733714,0.07070774431704512,0.21185169722151817,0.14738284679315825,0.0947248654444831,0.027324020713868042,0.0369937748059051
0.08510986676001771,0.1954831634708726,0.07877349862722856,0.05392793743084989,0.268675477079704,0.11948205858682186,0.09511118893500999,0.06244078985060993,0.04099601925888543
0.05828523337568031,0.07969998308993524,0.10380715150470772,0.0390139193090623,0.15105262369347872,0.14857284646968846,0.2150942958868062,0.1487964482461136,0.05567749842452744
0.2817959842968716,0.04753450029786261,0.02757686319482473,0.18421664198682178,0.060016161296189634,0.04142455826645742,0.08534108007079666,0.14133201853450394,0.13076219205567166
0.20217872873840603,0.04864516839905813,0.04165999331003403,0.23782598101574737,0.12716049761942758,0.055639328789163105,0.15938636043620916,0.05296917851323915,0.07453476317871544
0.2980326181441475,0.04550997532952322,0.031763511045632326,0.1921697073715832,0.10484528676794003,0.052107936896919706,0.13545687480479598,0.04864037574672262,0.0914737138927354
0.4262057860310575,0.07141821891968482,0.15920900608115462,0.007076959440001268,0.043286467891319985,0.15394751784223706,0.01776035541431176,0.021174504760404195,0.09992118361982882
0.13079952273859705,0.04033231153778178,0.06897899795385946,0.3962608654924708,0.08160085152374019,0.06253855101893316,0.09552526634796028,0.020095752977620732,0.10386788040903654
0.2707160686719157,0.04915743962743191,0.02063472111607603,0.052039760375729084,0.06904603347818485,0.07666468615815793,0.08390413050820232,0.17970468120388314,0.198132478860419
0.319952394010613,0.03647295004696334,0.01829947368024625,0.2723342489394133,0.07857309427136992,0.07239782549834523,0.08425460744142353,0.04814753752015699,0.06956786859146845
0.08970671767360561,0.10481811208854747,0.07612072094597701,0.0444475953005067,0.1953863683072441,0.14350851767405237,0.1704277901399919,0.09424408615759382,0.08134009171248102
0.18472968169993523,0.07834030017695542,0.03718389433754085,0.22415638055196505,0.14196636600081158,0.054453533191544175,0.10950332731171901,0.10600416165168369,0.06366235507784505
0.06043628754774691,0.11109763171497318,0.07022784461169845,0.04169997026365227,0.21642044209956365,0.17007828094877453,0.09897972830398523,0.12196611996469102,0.10909369454491469
0.2112959971025575,0.0642214166138761,0.037803016811998914,0.148814258276437,0.17314741972818162,0.09340108112751709,0.10002490313950137,0.034433785672615895,0.13685812152731447
0.040578812920822376,0.13928913292142917,0.0665403946824408,0.04687128619343144,0.12702440931061787,0.10060962046856542,0.21963366784275654,0.13806539110178717,0.12138728455814914
0.21688537140878772,0.12658595542860127,0.03290375472081754,0.1526088294925925,0.11222368538190404,0.11750939638727233,0.0778614440869589,0.08395679304636068,0.079464770046705
0.16038074848398,0.19490864777588413,0.027888213939358864,0.03165382087292614,0.17527232970133463,0.058624390419242195,0.24359438895616062,0.04108642667791667,0.06659103317319681
0.36507774528951537,0.07909832312556385,0.001537669059638109,0.08649231766645281,0.14145846165054055,0.022386588625631736,0.06183235347668677,0.16259358824716108,0.07952295285880968
0.35810809863617693,0.02113752463711981,0.05680455557625785,0.24268557210597966,0.0441146099295417,0.04397727184358383,0.05250056548235513,0.0741512762620451,0.10652052552694002
0.11054831540204806,0.1412974242886426,0.12213904900507427,0.050114897680393546,0.1200473815857604,0.14211833998454168,0.17690876533359687,0.08349916632467154,0.05332666039527112
0.26006257106626535,0.04885070384914556,0.08051502417008051,0.17130344746858217,0.17635734014819557,0.035368604870436283,0.04792218940789487,0.030694427740532364,0.14892569127886743
0.08332935647622709,0.1094194924798787,0.06819496556644657,0.0726212144947403,0.17752282604670144,0.08050004207336638,0.1518721898413662,0.22162001325031933,0.034919899770954006
0.5502688843852939,0.13975902052453235,0.054927939032212804,0.05511820057918554,0.06957597102926681,0.03414161079638673,0.036494396119736455,0.018577793370764758,0.04113618416262061
0.27734090358535396,0.1585647971645309,0.035139954076156124,0.08874681390282275,0.08686054848950525,0.06747218521041423,0.16962532896943996,0.02505332369112401,0.09119614491065277
0.34266255362861014,0.1391528582235441,0.04306917012109792,0.1899691352194973,0.06463999087336962,0.04171935631900033,0.05643256395013404,0.03449421653150528,0.08786015513324137
0.16969131040667607,0.1250095460914095,0.04664531844517187,0.12344255156490376,0.07188810468108651,0.18761839439594807,0.14079977858540896,0.013967282112675722,0.12093771371671946
0.23361619108720025,0.06822649578558052,0.044022207477706125,0.29621764872744205,0.08705241900137235,0.05191580112694511,0.1124281033527954,0.0275745676412358,0.07894656579972241
0.1870308333132855,0.0497640755776887,0.049119116794967256,0.343744900914741,0.08723360692009596,0.05814088663223097,0.12794388466866338,0.02771761916511993,0.06930507601320725
0.0831493129304652,0.26839620534968267,0.028668255735786522,0.01951501633008815,0.06335964221345164,0.09547596975451716,0.1275636029104432,0.2553475895362749,0.05852440523929061
0.007397437491422426,0.1084537616520555,0.22177599652968283,0.018435093626000456,0.24484987814906037,0.04034866916532223,0.02357842721982337,0.005405951367804263,0.32975478479882847
0.2914509002945014,0.08954074700763641,0.016680535095281817,0.23084935000022014,0.09572994012601742,0.04334290944820109,0.12041697758752902,0.014943838090524386,0.09704480235008833
0.006281876676704892,0.14480305515818317,0.250297097538829,0.043746504305329344,0.05580224050117114,0.17189121671516747,0.0930655170397811,0.0916822072155748,0.14243028484925904
0.6109516078839037,0.051998768488457914,0.047252499879565056,0.06179418657608423,0.06462895928398826,0.050902276728256486,0.034762492159633056,0.02769603821354547,0.05001317078656576
0.43107118314288445,0.04612673388037366,0.015694937526504193,0.09007287864518997,0.19219382726896103,0.023006953246677817,0.040144970357577386,0.08043372138767521,0.08125479454415631
0.26547670465717954,0.030328550638833152,0.1396755038320584,0.16924475829488808,0.19732437113149492,0.01923302263497529,0.043188547028591255,0.029450860916552885,0.10607768086542646
0.015444970766447094,0.06568031232441401,0.266788254055417,0.027522051748143633,0.06818517850475207,0.25596749335447344,0.09818143498232802,0.11680466981609293,0.08542563444793176
0.1552469669882898,0.03165569695152557,0.06194903905051985,0.26807979565373596,0.10575769234394639,0.06965182597081611,0.12572663550380236,0.10128084358480675,0.08065150395255714
0.06760017998543894,0.23156750286282313,0.05100122678257362,0.05928170812447362,0.1799888761591395,0.1366595436888034,0.13796310099282216,0.09609140229235619,0.039846459111569345
0.46840314392245763,0.1934375691699833,0.014024317889649673,0.02860902075320314,0.06508651357406535,0.046487889717621446,0.04708169601910095,0.0729837935408182,0.06388605541310026
0.2027582118014273,0.07589639500142875,0.04319903302691989,0.14817759623059526,0.11851776547956694,0.09417962366337673,0.14129010777663056,0.06992097659252343,0.10606029042753108
0.24652608931269104,0.03889746319131909,0.0355770439748228,0.41848759996891927,0.0786078785576922,0.02919783662230131,0.07451492501035735,0.02173162402348226,0.056459539338414716
0.35956077845981976,0.07765655394538545,0.030459575016518525,0.111786523853954,0.10718695109933903,0.08513185568298853,0.09708705857206373,0.028557878015910216,0.1025728253540208
0.018198116935082356,0.14182864151136332,0.10053234589206561,0.017850189831128505,0.11551993714411339,0.2606344815553581,0.16788900789812336,0.06738185793776512,0.11016542129500016
0.3174535092379977,0.18668006327570955,0.016876032593032244,0.07814524826104505,0.08884917138423293,0.037765260215419184,0.0615273025863162,0.14296996434899392,0.06973344809725317
0.2152223102023362,0.0832201760186805,0.03763542074281407,0.1213778789325825,0.1457895731518414,0.06119861303343228,0.06123740436545918,0.06252438870618358,0.21179423484667026
0.05237408241497186,0.22995863168844677,0.07479451785323711,0.02037055691878481,0.10956515569646258,0.19652431254910094,0.07609979396270601,0.17221453949263377,0.06809840942365615
0.47036147466672323,0.04495962625090266,0.041146226514062696,0.16148726492924448,0.07186748673638084,0.02844542670831679,0.04970897828824827,0.06339473799975148,0.06862877790636955
0.38121248817868564,0.06019697426552631,0.03263440636624692,0.28835334378332483,0.06350802735153506,0.04044505448787323,0.04061725990891238,0.06344862570592397,0.029583819951971596
0.4305482613758264,0.06871384475169806,0.024078469232271405,0.22217581443268278,0.05193413934266231,0.06942188252333843,0.05780664318930872,0.02126510484443794,0.054055840307773995
0.3879842361135584,0.04627800690282982,0.010723069048387891,0.15441333731558185,0.07046931717522072,0.0900238053152157,0.10751096661266642,0.04071015407539621,0.09188710744114294
0.3081471534002807,0.05364104191909972,0.02208806530205758,0.25177385225418386,0.10706871917993904,0.049793345559870146,0.09421001383851711,0.04559682928500452,0.06768097926104744
0.33979529537193925,0.06541322846829317,0.026373538888286713,0.1302821468981422,0.08628136020946237,0.07778875249132404,0.10281092791965095,0.08616267772422886,0.08509207202867242
0.046292377152855946,0.09527861720029691,0.21156827671184217,0.0149217767218054,0.09035285951919109,0.3680425784593791,0.06774522925637265,0.07556861079663109,0.03022967418162567
0.14139080330098966,0.05263025806021851,0.0659669205913374,0.021466504956727278,0.17297005352155503,0.10238153082675124,0.2824932783312206,0.041359235936150394,0.11934141447504981
0.06395733161871657,0.08281859682822901,0.07999641262584005,0.04389559608126672,0.08097826439790141,0.2630534648415419,0.1923762466791059,0.14415942488311587,0.0487646620442826
0.019091322783051957,0.08702524455946496,0.10703065138368291,0.026141271195411774,0.10120549843879413,0.24188084783740216,0.2747515885418794,0.100387423533646,0.042486151726666664
0.28841054031931646,0.13939011534593396,0.01893104490296103,0.15987261611205456,0.1064167271027331,0.05658783895103774,0.08528540729507712,0.07227987582644896,0.07282583414443702
0.3040850565679164,0.050882391483290955,0.01933280681553412,0.14657360493680338,0.09189399167422459,0.08102149374756597,0.11903020975252347,0.07066990803811692,0.11651053698402421
0.21795091117143514,0.10906663694278312,0.013227611907454424,0.11721009136690301,0.07333304843773501,0.24499418831444877,0.09748927348686887,0.015355418237887213,0.11137282013448446
0.08157990427879543,0.042257315203957035,0.2436352427092067,0.027430853172847065,0.17281889958737606,0.09379317417837223,0.10245791049564619,0.17739346056973634,0.05863323980406302
0.513589994797124,0.16798062675116202,0.032172830734335876,0.05502038112469001,0.07142512956254664,0.019517191100778913,0.03517058615056053,0.02664581913940667,0.07847744063939528
0.5261082135618728,0.03334278330816424,0.05711424958620451,0.11160999642192622,0.10812054673772613,0.022708429756638702,0.03462125308025418,0.039066674147828384,0.06730785339938479
0.3823462632346161,0.07382626926595277,0.016038395393347536,0.1865173205592101,0.08645094195959487,0.03294861698414255,0.0441579482152861,0.12094109467725067,0.05677314971059929
0.19567516288107023,0.04243108592381139,0.04870851011130937,0.2404410423901573,0.10895890265110313,0.08224661605378476,0.1543585008574906,0.054488065010987276,0.07269211412028598
0.28496557591880206,0.0645402379431023,0.04971194085707631,0.057681299008430276,0.136023764703715,0.07979242196337934,0.15631023382134598,0.08046949765883911,0.09050502812530963
0.20133690094292686,0.04800184404692944,0.024290717350156147,0.1763279076377824,0.14862257926313827,0.06592648217476625,0.18577240178396703,0.07297313431720241,0.07674803248313122
0.15124507151433683,0.07373274132645871,0.03618973024916151,0.2675383634140411,0.14424893079000708,0.052216230993065806,0.06495016362134243,0.15598320713501268,0.05389556095657392
0.09844660273740667,0.21737169662298694,0.07496173797751585,0.0364470243726061,0.31872824340712097,0.10016092269356702,0.07033064002703672,0.03534091130242229,0.048212220859337324
0.3577639189034158,0.06408013500850591,0.02002681627468385,0.1130029338205439,0.09560115599732895,0.05838400389008164,0.0734873848962683,0.158798094350902,0.05885555685826956
0.3660791157147359,0.07505215306335071,0.05073592545761304,0.2618322000390953,0.10320473325091221,0.017925983157204662,0.04163813530337022,0.030635985304054276,0.052895768709663775
0.4854275567377065,0.0238739115065799,0.017811127758712877,0.16643587937020093,0.05049359302123093,0.06565506292973773,0.0947904647001685,0.025703317605996544,0.06980908636966608
0.33083330655936716,0.03932182403727111,0.028548854016354697,0.1423708663387623,0.10254937064081719,0.07730651487914691,0.0777926310220455,0.09364040502482734,0.10763622748140778
0.03321319193174619,0.08887876255019155,0.1039355959167997,0.09937979507263466,0.22765443385853565,0.11988768470858324,0.19176172455072657,0.0979664931394209,0.03732231827136159
0.12394654642543508,0.21175782844431204,0.025804282059067336,0.19780138432408048,0.05371305463333544,0.10855656643352912,0.11757837569817246,0.07475506980626716,0.08608689217580089
0.05108908744782104,0.15095121073509135,0.26730887809903775,0.03152588506170822,0.10048064973386012,0.05992637828615891,0.04340227707454581,0.16274432790161908,0.13257130566015776
0.08763964255858325,0.07659554487089781,0.14054287687077857,0.1642338398736733,0.09382993947144654,0.1073933898043004,0.06880009595619346,0.10442123890236531,0.1565434316917613
0.03464974370439645,0.12075195518610558,0.14309265368977975,0.02715224887352932,0.16416375703988947,0.12873464139476165,0.24832682119695101,0.028563371269268726,0.10456480764531795
0.2660185027116895,0.03923066432584831,0.02237257004339584,0.1440871177737984,0.10053073228477132,0.05364207003062798,0.105853243941614,0.20687699408692195,0.06138810480133286
0.5257287347294638,0.08235698879226881,0.04235713937977952,0.10788916882328399,0.0779469189094363,0.0320820350104941,0.03349774336727799,0.028473320375864485,0.06966795061213082
0.31080531110806664,0.07186432346595961,0.0039227285401452995,0.0611007860950162,0.16952153665065642,0.049715267417989206,0.06252647772472003,0.18646602605979312,0.08407754293765353
0.09335825205157873,0.19968525356463077,0.06472660090047021,0.01809341157621525,0.07423673263206265,0.2616018940179126,0.1489654760354505,0.08424220874419595,0.05509017047748329
0.19108622909779185,0.09259419093078586,0.08085238907756426,0.06481043204704329,0.17498863530159559,0.10241296836838827,0.10071336259365697,0.1440602016206423,0.0484815909625316
0.5903368495387348,0.03633145359486433,0.07898978385714485,0.059092690437849794,0.057891273619398276,0.026902855354712932,0.029703294370728568,0.07882819815154164,0.0419236010750249
0.49446287258898014,0.038823657787124946,0.07709010080602113,0.0591962979401646,0.18964300133029813,0.017516270659278164,0.027376181925629715,0.01922625729886766,0.0766653596636356
0.04547737674228247,0.09841753829276191,0.27057520251896416,0.022496020054344177,0.08595233826979608,0.14829575440086754,0.076736639742712,0.06453294847158295,0.18751618150668872
0.23866454730615907,0.027507080136639536,0.05644469517921433,0.16799588938850687,0.13263443739080438,0.053183067840743024,0.1708602167410027,0.049425440503004604,0.10328462551392542
0.16187647443983977,0.15685151629578642,0.06352772952495589,0.006968139475514816,0.09244702546544754,0.21315855806489972,0.09113995397930164,0.09995111615213141,0.11407948660212285
0.21216649028271573,0.04183424221618213,0.034403374452185984,0.1833858133378368,0.04128476635362482,0.05291708403922186,0.05449492461677737,0.30720016834203473,0.07231313635942063
0.13162692324320655,0.06508384834711511,0.3107331106960212,0.0213848104969319,0.1540567061442838,0.051216812163993264,0.08276981044943094,0.13736578437868127,0.04576219408033594
0.13949973952081313,0.010999359343191585,0.10919475265340073,0.4026617169835003,0.07515479427497561,0.0650497210034942,0.07395089319962607,0.07390506413525622,0.04958395888574235
0.41785949367304814,0.0885741662972118,0.024034419837553805,0.24138274663799733,0.05609572471270991,0.03923246019456919,0.04934143617523488,0.029344975179713947,0.05413457729196097
0.045897265478482996,0.18217556048194186,0.11853613507330611,0.05495632333561947,0.1254346430608213,0.13666172230633533,0.2036279027976223,0.04698380094915616,0.08572664651671452
0.1192305086634509,0.047697655681833956,0.07174237550764753,0.293331951195039,0.1337437465203932,0.09236779410763418,0.1057360280059823,0.05468795105428806,0.08146198926373092
0.2824033367784402,0.03865949764537604,0.028805985270703327,0.2891898146634295,0.09642565818614168,0.05206541250912166,0.11877858080062909,0.011589884008101977,0.08208183013805652
0.027091501653422227,0.3871673751791778,0.05848387584677813,0.018186985913128246,0.07538863834044655,0.07272907346086399,0.0816871678971219,0.2345651221624252,0.04470025954663585
0.03582811400534567,0.0997272740593737,0.08366920315457342,0.021878638651618126,0.11295397609484992,0.1959369645251479,0.1649855647308571,0.23410989847305133,0.05091036630518273
0.10606163898434083,0.09174693316785643,0.13853434688340546,0.21508852726899974,0.15450826975373552,0.09239047112646742,0.09115716650742638,0.06227665949888136,0.048235986808886834
0.11781654052767183,0.1342084692724664,0.018154754432915948,0.25625684210579597,0.04010527392740218,0.1094316108569265,0.1249631126525567,0.0895414873572069,0.10952190886705752
0.06579680221620957,0.12078226361758748,0.09752902973359885,0.06717185249109726,0.16348116328808726,0.18723963414829203,0.1940047297036327,0.0623731394591287,0.041621385342366084
0.09664077192815179,0.11963964832192096,0.11962843029678653,0.020757335651704747,0.13795128374642973,0.2452275174771119,0.11021417859011227,0.08681574549225325,0.06312508849552885
0.1349898702945957,0.060021682048853685,0.2938974736958641,0.039031815705033064,0.17653818355674558,0.08014792883031026,0.07662218689972655,0.06353916066575425,0.07521169830311673
0.04277040931215755,0.1606683268505533,0.08906519661012764,0.030856154528885446,0.3148110972772917,0.1624080045278468,0.03170262836582196,0.016627139225313534,0.1510910433020021
0.2352619348364738,0.09170253278885197,0.03492327404894776,0.10982774129326241,0.0840582726395034,0.1177581216925508,0.16444610751838654,0.07848481640444532,0.08353719877757798
0.32626698418924444,0.044634305697015646,0.05801951058612099,0.3353433909118088,0.05911473536144187,0.03482744164498575,0.0626822776607239,0.008217967559041242,0.07089338638961742
0.17419913874585177,0.0643297254401933,0.05062048009358781,0.3260034570768036,0.06609822354254229,0.07647573316947924,0.11000736330915044,0.008529989009460172,0.12373588961293142
0.20042085026297576,0.24245387099089113,0.12738419984326452,0.06056271753223583,0.18155868487483431,0.02951006562331382,0.06809336085197504,0.06488352930751486,0.025132720712994733
0.13843896891895716,0.21160685375238586,0.12874654273897673,0.04546168944352478,0.21463185621638123,0.07490623859932018,0.07869002027245116,0.07825664580324708,0.02926118425475587
0.24945306646513923,0.057320661762103604,0.030682285540623317,0.20431965994226173,0.0698204539404716,0.07504787073922527,0.05827978477347597,0.19170113135454872,0.06337508548215058
0.07156628234621933,0.15975244977317993,0.04683744574388083,0.05696985546739608,0.24619861932641748,0.1651334544661516,0.07587526334302953,0.13471816837471487,0.04294846115901035
0.25791491331332267,0.02695954491614307,0.03289484150802351,0.30551993169236247,0.05602605922923696,0.10094389778819213,0.1084745610503662,0.03908437914880308,0.07218187135354996
0.37274332569636187,0.045454951700048964,0.03218373084929415,0.27412985289792663,0.06447326420580218,0.0286707719776305,0.054584492983654566,0.038521436460763975,0.08923817322851717
0.4231888958124024,0.03156598051394901,0.03986975942872912,0.26662734256980963,0.05882341113819567,0.042663313765645916,0.06078412363431738,0.028552688190560827,0.047924484946390046
0.20994901350359482,0.028810057106140263,0.11442409147048521,0.26157286679080366,0.08733743372664804,0.03030617352166869,0.0633763903308509,0.10696911580408576,0.09725485774572268
0.02077317989951175,0.43184463030806014,0.05446878448941248,0.02136704369318558,0.0724736736329892,0.07322809226539533,0.10462870415781739,0.18303669975640494,0.03817919179722321
0.26828368878911374,0.015780987730053778,0.031082756030045455,0.1196303070191466,0.07912142369053918,0.19103368095608844,0.08855144581224733,0.0951895125644537,0.11132619740831175
0.2996379437350904,0.026654843296456062,0.01807663694762045,0.3098079765821904,0.06475957207207912,0.06294467575167997,0.0771712216565304,0.059292173973779526,0.08165495598457366
0.027546502126116586,0.23375861934547074,0.07004669994257279,0.008524782283438575,0.0833221890613688,0.22247655074564632,0.2517720515895261,0.05963801171270403,0.042914593193155944
0.05614826994646574,0.2361444231205394,0.07978833781517232,0.02175535467545543,0.1087513522155783,0.2585538235030506,0.1652068025786422,0.0246253981316851,0.04902623801341092
0.527594557909253,0.10396033303974557,0.01165439056377303,0.12104616286198644,0.08749565453382104,0.03049567842032826,0.039346265211928265,0.02194199594913197,0.05646496151003246
0.19773506836430219,0.10678243377494645,0.032300481628263565,0.3288051449955854,0.04378832834085412,0.05843418634254568,0.09725880713353702,0.02120350392075791,0.11369204549920775
0.17679936523571185,0.09038808136374991,0.05879388006822283,0.020383683884212415,0.15904009837538016,0.07840386093189229,0.15062410271672055,0.20509754925406,0.06046937817004988
0.18027278901856567,0.05715089535316984,0.0767721137733282,0.261288740349134,0.12016091015316649,0.08354285585320999,0.10708126799757649,0.054312311908030986,0.05941811559381829
0.01819710259468932,0.16434648559539997,0.14057790620063482,0.013985984937224758,0.09869899331117328,0.3479287484753255,0.11532669630389085,0.04808702212354019,0.052851060458121324
0.16454051810441125,0.07453249540095164,0.06014349790858977,0.05884601703908915,0.09364129032838665,0.08912905087612151,0.13380071149938966,0.11905059952887409,0.2063158193141863
0.017081433982303284,0.12153165207988768,0.06974612326482378,0.008807862680792132,0.108073742814559,0.13354788323752573,0.15853543477441853,0.31975613856302787,0.062919728602662
0.10530031425705838,0.129516250139484,0.12644307362143148,0.02090461783394612,0.2674267860129204,0.1808713031884661,0.04274205163343561,0.079391202876211,0.0474044004370471
0.1064765318775367,0.02150277410779995,0.08556728305405632,0.0439471107078133,0.2978247783057168,0.06106111194631536,0.2702490029889882,0.05472228374032265,0.05864912327145077
0.46472443191609497,0.06136079274072726,0.050637282561598475,0.17238286671322253,0.05889560326437978,0.039708868141188985,0.04548385661219667,0.04993626396248523,0.05687003408810606
0.06682459837510366,0.18687834953706642,0.12388448077781654,0.08507976681072682,0.1400386589381953,0.06644581207363487,0.06897690002835584,0.02423395260619472,0.23763748085290573
0.07163809872097965,0.05120606470228692,0.14892562347299207,0.06784423497999628,0.12251813614482783,0.14346283177998387,0.15381737728742095,0.1902712307153961,0.05031640219611622
0.0666069831410544,0.0714913969536146,0.0655599147969052,0.009261638808501393,0.34418904725782795,0.09336609561523225,0.09986789922313632,0.09415117630669008,0.1555058478970377
0.05625064425519196,0.141808693380328,0.05451714964644815,0.023438598907925424,0.1680747550496896,0.15468271761728203,0.25377812843984415,0.09180263545974483,0.05564667724354585
0.03888379205019269,0.18195508637289928,0.0511590774226252,0.02211957872926174,0.14822615669489117,0.27134029402288934,0.09124025297194133,0.0966372205672259,0.09843854116807328
0.05216498433545719,0.20992781172015706,0.05239912882112205,0.03574851165492841,0.128963161867105,0.22821326174610815,0.20629485857669858,0.04073206330848892,0.04555621796993466
0.09591307331978882,0.13418919441519467,0.19155255098580523,0.1390661599620127,0.10293465465453096,0.1331727248926711,0.08937515888796284,0.08082672583241807,0.03296975704961563
0.17875523178490968,0.010988211271027387,0.3293511518443257,0.2111746288819404,0.07759102297556382,0.042790758159384885,0.030312215089567707,0.09179918926255659,0.02723759073072382
0.18703371931015378,0.0647215910355035,0.017640194909458142,0.15479474518754832,0.1034865573699687,0.165456558607382,0.08139505150890851,0.08875984171128737,0.13671174035978964
0.016780220883840163,0.06695932201823011,0.19853655698754732,0.043260973303219964,0.1621600565151959,0.12355682533574071,0.11600998245103568,0.2086955910255733,0.06404047147961679
0.2611291554440624,0.014949968309782437,0.0398676533021165,0.11232315778160702,0.06291277834464219,0.07952061376400647,0.2220216841952434,0.14770024416839136,0.059574744690148174
0.16536332269288198,0.07707528176445953,0.07262457164402117,0.06866843675631622,0.07870483738041856,0.22824798860466322,0.15009987104934006,0.08631314010902084,0.0729025499988784
0.06738472000499549,0.09724237189110953,0.11480292654842583,0.059798411834764094,0.1880564991451449,0.09712312037664154,0.07701613957373718,0.25770471509997717,0.04087109552520429
0.2214080590710706,0.06148123398732214,0.14202496991794092,0.05971613647365101,0.07298662129412478,0.12137410076082579,0.1208692642221479,0.06250857338588105,0.13763104088703584
0.27778168054251395,0.03363913308187395,0.02739798609122128,0.19454307718842312,0.06580219946266382,0.06230213509534354,0.24747177742358928,0.019599785459494923,0.0714622256548762
0.17459682058669324,0.09290404539388462,0.10431773038755655,0.04712451166556405,0.23199173344063864,0.10079287933528858,0.0796883470641457,0.1334641908326966,0.035119741293531945
0.0620802427041749,0.17070110900354263,0.10742614801839183,0.04850458490274264,0.1469482405596598,0.15886286802405492,0.16342303263130795,0.09672501804907563,0.04532875610704965
0.13152381181008713,0.1044925736615445,0.06102713334291879,0.030892821507576444,0.15890110563034457,0.23057749164911245,0.0905946950629612,0.09071576177694067,0.10127460555851425
0.09296683559446522,0.0693230737887675,0.05910439446112301,0.025133509604405895,0.15453158450735618,0.22564448617722968,0.17811924622728972,0.12232826329996659,0.0728486063393962
0.5328149196037985,0.08985197995663607,0.03202376704067244,0.13088423928207962,0.09307617331698732,0.016749881664218463,0.03130845064486502,0.020671497746648334,0.05261909074409444
0.5569082273662579,0.09693764061982911,0.07586609495200762,0.04548781801068293,0.06994485687406733,0.04396879327324806,0.032499847927161214,0.048148072640905794,0.030238648335840102
0.1117829562406969,0.051172794298424716,0.10920145801147142,0.07773404691767516,0.19619790034978735,0.040783574985692204,0.2708071164873751,0.044304758666094325,0.09801539404278281
0.11619435073245693,0.1590817556405668,0.029042123954578097,0.1674125380802017,0.063928692946869,0.19341938787437787,0.08722807488410635,0.08983767316427453,0.09385540272256869
0.12907631285969204,0.08175753871402054,0.059614369751718056,0.060978772267796855,0.2479629616306922,0.09936309327389341,0.06266307945767226,0.21763483888213356,0.040949033162381056
0.00947048059329423,0.11775386417893725,0.34526723631131423,0.06545180802778205,0.013193801868904828,0.2006351044997299,0.05862385446344912,0.013193805128822483,0.17641004492776582
0.1401812907301622,0.09666868045157784,0.10414789956772931,0.08814269558109962,0.17355434220321397,0.10860795407425343,0.14797312420010353,0.08774168198481645,0.05298233120704358
0.038949874832132664,0.073401466698278,0.1640649720883078,0.046376086522471494,0.10588388878980833,0.1340236936793646,0.3039574201113802,0.04260577743587387,0.09073681984238309
0.4274248775347185,0.05810013378927712,0.048040884740673286,0.16624216788347498,0.08403508268489389,0.037531208083602274,0.07009206540319224,0.0464290259518445,0.0621045539283232
0.20767597309737207,0.24260408070314332,0.08041121212083134,0.031474573244248426,0.14764864074548067,0.0982767956825827,0.05692888530005991,0.10164916720903394,0.03333067189724762
0.3135794851473787,0.06485946512154295,0.04299065423977552,0.2741199123802631,0.051328235643038435,0.027808790583350732,0.07161862754622245,0.09028668066588963,0.06340814867253845
0.40594020245553003,0.017603892342504382,0.06266988091959637,0.2439312871081143,0.10158713991439805,0.0276139499816201,0.0476709557712681,0.04573122699956784,0.04725146450740086
0.06886188908769984,0.16298839567957,0.048772545064649786,0.09741575276686099,0.11837346580730813,0.2167709346236949,0.1523863447947251,0.09001802868264175,0.04441264349284955
0.35788596763589803,0.04506531022090926,0.028896093865429368,0.14190439192274443,0.061417252063713464,0.08340533577497801,0.1021185939783092,0.09303689628271783,0.08627015825530039
0.037106402982316725,0.2993070031128348,0.0802435251857731,0.042954464754680066,0.1368134066141936,0.1834193328544825,0.09923489305382042,0.07048603545583726,0.05043493598606152
0.4409102140570514,0.037713621239868794,0.029235654450252047,0.20025333257932157,0.087169135604042,0.04724763004978457,0.046502718779894696,0.04253187865762354,0.0684358145821615
0.02405611383194757,0.07874705514129421,0.050749888380381046,0.02866452522758765,0.18019637957029114,0.22227528042976574,0.269096848914738,0.09936204587917769,0.04685186262481697
0.2509107080933481,0.019740239087401,0.03435476130032349,0.2628732567939231,0.07267244857903703,0.11334993340250625,0.08757615862289209,0.06536098736997542,0.09316150675059354
0.44071856342732046,0.03776319565265428,0.042214001908403825,0.24737535774816663,0.058550687289855206,0.0357456264776372,0.040914846797287595,0.044266220015721995,0.0524515006829528
0.1489393987990744,0.03312853296465303,0.09514687125867038,0.10202838686529954,0.1061198722876207,0.06809523058892869,0.1810104834450931,0.17475408850114674,0.09077713528951341
0.49438110416376696,0.03685479966026676,0.04635100037845898,0.14496384736695633,0.07515887820606006,0.045671298777640694,0.05157499688216629,0.031964089721365725,0.07307998484331815
0.49734465340951745,0.04175029821877649,0.1890512762206552,0.009404169147028974,0.036641672396391364,0.1014688663665263,0.02020083138077648,0.019303848048279847,0.08483438481204791
0.11655486065999983,0.0806066318521796,0.1931915590547358,0.04595752709444639,0.11126773943174495,0.1731341822375377,0.09943340415990765,0.14159605292817573,0.03825804258127229
0.018865802297185413,0.06465096419792976,0.22111696492083685,0.036697573439437935,0.09687494916687694,0.2555292228619492,0.19680110389928693,0.027237499048950297,0.08222592016754675
0.08861275528676854,0.039366684983065524,0.12345355360254257,0.24632222943331952,0.09278834476499398,0.07060781050204233,0.08020448074160917,0.12372569205545296,0.1349184486302054
0.2083252874162291,0.06938015432986931,0.11200913943125117,0.035049408654878496,0.17578773597825303,0.150166616248234,0.06280538333564036,0.14268220931026857,0.04379406529537602
0.2787085690624065,0.052305733640234935,0.02509551154917418,0.3421845188281651,0.07288994384159729,0.03874916420383522,0.09907094009273483,0.04077913489546224,0.05021648388638988
0.16983661258149638,0.10121537554718911,0.14576057489503785,0.12175644600010543,0.0714193272402132,0.07296712622134555,0.11772253005703205,0.10562586291080141,0.093696144546779
0.27612345500715724,0.046666021630354014,0.018375746229000456,0.11353304046590625,0.11122736314530701,0.06112942126485097,0.15961171449549913,0.0974946571295467,0.11583858063237817
0.14429474970842335,0.11569405826734598,0.11209543113265837,0.057196598810369426,0.07946808400762422,0.20356258065111646,0.06663504110834811,0.09015870344901777,0.13089475286509633
0.03788474675402904,0.1525447586953506,0.07168961119941596,0.033259982502079594,0.17499936283377346,0.17661165840475682,0.2021634020028691,0.09801016342971457,0.052836314178010775
0.055205582954955666,0.14794137211243238,0.19925594397311144,0.026529598864053077,0.12057492579810337,0.18213728399258355,0.09688280504048069,0.06495315914204049,0.10651932812223934
0.03438878676601329,0.026887711214490073,0.17327033092429353,0.04854260525252178,0.11147588036692468,0.2782528889278562,0.18387820679173061,0.0629534203832675,0.08035016937290233
0.06318452018566291,0.11632357444836972,0.03539656715841607,0.13999536204385596,0.28748294005049657,0.07342796029341966,0.09430248270256548,0.15506278631938034,0.03482380679783334
0.14164809365294342,0.07919513322529143,0.02718856749230153,0.3656952570766053,0.12900245105046726,0.035394301333402135,0.07033632890694837,0.09179556590450073,0.05974430135753978
0.4190572796607433,0.09301253272515492,0.04024531281942121,0.15528086265605842,0.04582970330518494,0.05606977050786641,0.07918876543981414,0.04687091006617148,0.06444486281958527
0.23288786600089573,0.11523195639747223,0.04650276882818802,0.08803564973444351,0.19498401822814168,0.09325058761673087,0.06362012848910319,0.013304202571766848,0.15218282213325798
0.1282888642553127,0.14484884317256133,0.09338302344616774,0.02452408646471263,0.11269022112418726,0.11338856077764807,0.10996114256465782,0.23482780847975618,0.03808744971499628
0.5583249504371461,0.040693883117867424,0.03660962025400988,0.11659008680289516,0.05741685135548271,0.03922344932112446,0.03341015707442558,0.07183385209022221,0.045897149546826506
0.14340192257000503,0.04049741416441208,0.031451654513051555,0.414067722327293,0.06362659708217827,0.0612952493081553,0.0830216358930669,0.06973651128834431,0.09290129285349358
0.027709410494636145,0.17577736813832032,0.13020939760357006,0.02922283402368943,0.09370685227360132,0.08333239873080175,0.1033504717470873,0.3028370094846256,0.053854257503668145
0.10305412455222446,0.08049055216596801,0.0874807224467597,0.1651977437499702,0.1427296116285782,0.06419023942322223,0.09568481837917968,0.092302782533792,0.16886940512030557
