0.10703767232797175,0.031953625599649434,0.20415850387152504,0.07512520031608326,0.3127892155249705,0.1282804740840008,0.0187164295172201,0.10042405093745943,0.02151482782111966
0.015701466104012848,0.12358808291822733,0.12605355559941045,0.41231209325064117,0.0324996808372141,0.05034317767389443,0.05133156601455475,0.0961456234667243,0.09202475413532059
0.11463704516557649,0.17045409631634204,0.23239437272112765,0.06419203738176667,0.11313988106267181,0.021709956042020768,0.10538687274045427,0.16216380362864077,0.01592193494139955
0.06440416071762094,0.04496178260426175,0.2513397436318688,0.034503029053745866,0.21967189490776792,0.04281275370082734,0.06377018053273963,0.24028113620675542,0.038255318644412284
0.14656153582977746,0.03323397659049114,0.31466051085375996,0.09676136447215038,0.09410935688553947,0.09238037474509213,0.08174552429674889,0.10866945827305959,0.03187789805338098
0.15464779773447634,0.02542105909604936,0.06950270060458301,0.04677594118110815,0.032350558975343946,0.009159370516434886,0.3591133584767967,0.04248667609142917,0.26054253732377836
0.06518082828944953,0.37150472935334994,0.0926074716512048,0.05624559242892948,0.09999447672415922,0.023796297651471506,0.08412535729158611,0.14396853594411657,0.06257671066573298
0.06847763170558815,0.6231577186039489,0.06519654319646732,0.017250362407746186,0.05901426492199343,0.05842618775781466,0.03736858346396172,0.05968570163467973,0.011423006307799834
0.3186531835223976,0.06704360968547725,0.07397581871044744,0.08622938853138762,0.15467487075330794,0.010123802074196143,0.08858023912323572,0.11540511673271865,0.08531397086683164
0.0330869072231866,0.5835507137167235,0.05044522943764219,0.009398252989767592,0.04458284515854402,0.07320245316556713,0.06011050885321889,0.13286324845745165,0.012759840997898375
0.01706063273342885,0.14291206673592988,0.04834980453326403,0.05991421796745219,0.04780174452544167,0.03910097936277993,0.08014209983879701,0.2411937575694435,0.3235246967334629
0.0069228511585329305,0.010991309166457018,0.10375475301999436,0.3847938243509335,0.24133704266476508,0.08052370502340593,0.06371444827837282,0.06243761286050261,0.04552445347703574
0.09822187758949187,0.04408749238070752,0.2744543308972599,0.08134404566879995,0.09311074031438966,0.017036842750326537,0.04590478931729642,0.08890441002104486,0.25693547106068326
0.16221665967182944,0.018135143713993673,0.0868282293004901,0.3390733208689312,0.07408132986017925,0.011289132432758637,0.1547572596501001,0.04263385079895234,0.11098507370276522
0.046974039743585466,0.09914899019446638,0.1363394267406818,0.14607527986633467,0.12557649156218226,0.08029668656918683,0.14137193738941786,0.20162272878092122,0.022594419153223466
0.023132062043709625,0.056869142585629175,0.028494515855364264,0.05976059008613158,0.49842278453023997,0.06253814866707211,0.18086846323926956,0.07713233560430792,0.012781957388275719
0.1250757800265107,0.09135137280878546,0.13195146476918765,0.15954850294285716,0.06661737695089875,0.08878202632094329,0.13900015370566166,0.07027476073703771,0.12739856173811767
0.09964540251513639,0.01983172967625348,0.3177353256473569,0.16739780192113426,0.1072826275188713,0.06469589684078259,0.0721892802956496,0.08933178572197538,0.06189014986284008
0.03189420628889117,0.5671345691546705,0.07696620933598312,0.008705783865458007,0.08006631431155992,0.03847584664887326,0.0682695535971966,0.09414398852929219,0.03434352826807523
0.0860977857362553,0.08102709134857332,0.13047785141737508,0.02890051951595558,0.22162561721265372,0.1728235044440226,0.06014743714134019,0.17770462981996138,0.0411955633638628
0.07132421485852815,0.11312624004461874,0.16337166179872858,0.18601520767570137,0.12083490300768356,0.08061889358258718,0.12864817371046164,0.10316239132927836,0.03289831399241245
0.1937697373268448,0.06352643741488359,0.24410997924417846,0.1400686204371909,0.1447546868785232,0.07482545008800585,0.03694525550587661,0.06829685772448245,0.03370297538001401
0.06900924199003189,0.0361820182810683,0.0710567010508017,0.02995471182396121,0.020965837624215885,0.021673538617808633,0.1865433056004958,0.10687566893332194,0.4577389760782946
0.3853824736441392,0.030572270969395948,0.09375101757231624,0.10870697712271275,0.08859435976830217,0.023826594437536274,0.10152779825305493,0.03931949878261743,0.12831900944992503
0.07324478325848797,0.06476753766919632,0.14401919404388472,0.17204127323803894,0.18515448078423166,0.04815985948431348,0.09726886116760146,0.18736794252448474,0.027976067829760736
0.06575722057738152,0.0987591359343034,0.05393753785099775,0.06086691371060234,0.19728895982802233,0.2445298681551967,0.09970817651535054,0.11826135771273938,0.06089082971540601
0.05200660015622908,0.073469464925074,0.12024393929960282,0.0884477180078506,0.24844547799139863,0.0651459143343664,0.18066553953805356,0.12276423163956436,0.048811114107860536
0.09624855645801876,0.05255812743077168,0.08232019311912207,0.4148604574117523,0.11559093460196816,0.009069542140650078,0.06474136980463535,0.12208415562672344,0.042526663406358155
0.0318107996311166,0.46013747587537274,0.06874012049230245,0.0726373765979344,0.05670826563949277,0.05419289400539747,0.1099057959197297,0.0897101147068941,0.05615715713175978
0.28494287989803496,0.06856954724007465,0.08483101866363173,0.05430225244902372,0.08133134539289714,0.018803543296013442,0.06571001137435632,0.16593633307989575,0.17557306860607236
0.11823175244325673,0.09022749793218322,0.13298371221565078,0.11879843356950963,0.04539653233572635,0.10789344151172413,0.1291005739798908,0.09715279871292909,0.16021525729912936
0.018007015703878183,0.025257763489747898,0.1205840055087512,0.04755776773639328,0.06814260734982241,0.051837347035781,0.21156772949237104,0.08113753770940131,0.3759082259738536
0.042644997077736176,0.2199893115253623,0.10583944389523071,0.042526976292134734,0.0798944367450861,0.13892395119051815,0.10911044445171536,0.23289874529084198,0.028171693531374387
0.09782026754003438,0.09054513033596025,0.10380187781099569,0.06620716374652348,0.17431867071143867,0.02901821611480576,0.10048992600504054,0.2885973185857697,0.049201429149431576
0.01963444121747457,0.03555271931182449,0.2865770596466201,0.09624197850792442,0.0966391026307188,0.005189189664827338,0.05323312501478803,0.056073441454805396,0.3508589425510169
0.11475193325438628,0.03761648886013849,0.08601769539483405,0.03148319343866938,0.19874941396731663,0.051043866434993736,0.06553161234361711,0.27904324378060613,0.13576255252543815
0.09119765342011611,0.04842984514781266,0.2726447533028624,0.2114061708379947,0.1222900482627279,0.05206067637209901,0.05635306593100763,0.12552456968903725,0.02009321703634236
0.0406257224590801,0.5075423586412517,0.04041968025459603,0.05199658943466592,0.05222497454372086,0.0818859561212959,0.07812555663791894,0.12230111553423346,0.024878046373236967
