0.05616732981844369,0.5475760250122182,0.015463796259779755,0.04498988754580175,0.060081416396075865,0.09651177165934056,0.04117656660906111,0.09566511086364715,0.04236809583563198
0.32112611089434157,0.03984740920352436,0.01798376041221181,0.01711770010845205,0.11332283221699152,0.047702347160225776,0.04457077212498972,0.3270763407707539,0.07125272710850934
0.07310661187356482,0.04815125659794923,0.06615972980068031,0.13797502745700985,0.03088945763268339,0.03509768066900789,0.33966598984281315,0.1936359374682044,0.07531830865808685
0.4668921112987921,0.051272352719993954,0.034466794320831495,0.0406300545686646,0.16605961993013882,0.1302296482358645,0.007716374237078126,0.01978861455153007,0.08294443013710637
0.23857768598311266,0.0815609434007065,0.08521265824525992,0.008258125934205938,0.16959530916319657,0.1662863810860737,0.010712367938394913,0.05853220164848318,0.18126432660056657
0.09102808391336788,0.05584268764777761,0.025975508975204915,0.03033232933209941,0.07661570364413954,0.42058587116470997,0.018563021416219985,0.1452633147350904,0.13579347917139037
0.058708135422418234,0.16603821990976775,0.07048178038972273,0.06079928288862322,0.0635196452203489,0.32017893315580054,0.09667728508760975,0.0745880085487478,0.08900870937696098
0.3369194063493584,0.07388644570329393,0.20268481066829405,0.016540958341756066,0.06433777267644986,0.1092635358998139,0.06079334102109737,0.02745350720295939,0.10812022213697696
0.04207441020179661,0.05535197333174844,0.05159213070231591,0.1509046506083043,0.04260415793470217,0.3537599102478351,0.08073583215871642,0.13806663707385783,0.0849102977407233
0.036371490411387736,0.17516779022519066,0.025066030265376942,0.03235117504028895,0.019812601871362006,0.18026749629581276,0.040009141998198425,0.20869953208550793,0.28225474180687454
0.05407068151090702,0.09512278969307701,0.031000404627316753,0.11799272182443458,0.02723517054075401,0.36983658887854315,0.10972535420855338,0.07458528159199396,0.12043100712442023
0.10249757338975397,0.08764661516583505,0.16760479326327346,0.008995506808077135,0.07159309882137348,0.18533774821822804,0.024345347419140514,0.2908000330711648,0.061179283843153486
0.03258434294203045,0.04556376813475577,0.3512021131173884,0.1698850377039487,0.04419023066801523,0.03016040712608478,0.1316172017970851,0.09079791148676099,0.10399898702393047
0.054119298078893506,0.15493834985135166,0.08149752253455526,0.03117546634790332,0.04097938387497754,0.3063737759786232,0.2370974335914964,0.022695119314277732,0.07112365042792139
0.14007390349688117,0.029320017032645623,0.04170219525518374,0.03426628921850785,0.47117540828605314,0.16728875116173972,0.028714819756154992,0.022468698772603168,0.06498991702023066
0.13948554510672218,0.2590740375243456,0.0769795397508478,0.07655285125560012,0.0851386593843436,0.23325216298077103,0.05599375658125161,0.018223170126724374,0.055300277289393664
0.03715839707176417,0.04169213139652675,0.06432050520604261,0.1030261023743843,0.06389362008751927,0.0443065260007209,0.11991521437823671,0.4199271150358759,0.10576038844892939
0.11792122416041657,0.06292440905676579,0.030293953286297397,0.026300975735413845,0.1983834427883008,0.14554378818440813,0.13807067298328798,0.2056058360422368,0.0749556977628727
0.02886889826616811,0.13494805369369278,0.2424123906818405,0.01721438013711166,0.02244235237099299,0.0217516519286533,0.40089365270948557,0.08754381395312592,0.043924806258929174
0.05941735236832673,0.022302369002046348,0.038197134266032544,0.06657803583647078,0.01656873310673694,0.03141302349251324,0.06569735968584967,0.6459384938027952,0.053887498439228576
0.20449873294711293,0.2798120259159249,0.10145397496486967,0.01308379773853202,0.0469036664626897,0.21379067921419315,0.00742898789093549,0.024021801388754243,0.10900633347698792
0.0026783278586473,0.18508845226083126,0.2898345482859994,0.031180808109327038,0.08088472967232789,0.1800147092463323,0.0005969670961860328,0.13818060387086914,0.09154085359947968
0.501193044132824,0.03911702326174555,0.03283426854021731,0.0729446742763736,0.13552389436879972,0.0529694163518567,0.030865953066663444,0.044556196306023955,0.08999552969549574
0.04404221921180665,0.1263808768555641,0.03723269811287742,0.07326581049689049,0.0430413992876053,0.13646670871080552,0.20865136925711444,0.13681374464960325,0.19410517341773295
0.04341721418899241,0.12317275448628084,0.06684026366130333,0.030559854380541335,0.083717598687908,0.09881372397277884,0.27871510391103055,0.10642830236192254,0.1683351843492422
0.13958304467986193,0.04130077987582966,0.08069218228626324,0.015611855816742286,0.054656135279348615,0.08981946045018808,0.25692345781836706,0.0949676419766185,0.2264454418167805
0.09585606748637014,0.1135955115270023,0.10935101246052803,0.018201180126458733,0.08363103734764356,0.22828492211809945,0.04354063574656613,0.012732588553179462,0.2948070446341522
0.019998626370273914,0.033341152753151096,0.010502239841905792,0.05656474542964036,0.026771926080812847,0.036942213691352144,0.3923312113477641,0.329997783996285,0.09355010048881486
0.02236988527026537,0.036993903662952236,0.016638503051901087,0.08071264607201718,0.092317050149288,0.4566385956448304,0.21098319692741108,0.03164871289861555,0.05169750632271911
0.19843798423363476,0.039462423751062424,0.16174445091943687,0.07103721368559311,0.10098381022706965,0.035307405463722234,0.027076939117637377,0.07292808378482324,0.2930216888170204
0.05229380240676451,0.5967326708158186,0.039117476725183835,0.01704829417406298,0.04621541649603109,0.12685694539740192,0.011054963539039,0.04220906118546933,0.06847136926022866
0.2737859020341596,0.05823822785634694,0.0665211483594074,0.008123270439070894,0.04906020875564515,0.14378604934021635,0.07920852759215553,0.12829452502987346,0.1929821405931246
0.06079537361288866,0.06107140567216166,0.028039291200423477,0.11980357791917778,0.038292844548667736,0.032244295659819074,0.2277504664238507,0.24355335853100954,0.18844938643200135
0.11574039764834039,0.09636539617751357,0.08617513266783554,0.07268934288736704,0.07349538976028681,0.12756495840738644,0.3039028668817918,0.0480415202723652,0.07602499529711318
0.13576002767873926,0.04519709951356621,0.047746275285798445,0.009587836533312384,0.1918738467944676,0.2736747141604758,0.14549400699671752,0.07045235492648551,0.08021383811043725
0.19122073949578888,0.040700261352264754,0.048753552516603384,0.23697369406942634,0.06498258502642264,0.15994523377978262,0.02868888630624396,0.10053356807480952,0.12820147937865786
0.07794144561471783,0.027011422709699907,0.03157024429517685,0.07008485515955114,0.08225635964339294,0.14745835125222242,0.42305933944577606,0.07071881869130915,0.06989916318815367
0.2653524404855762,0.042203702062883514,0.1602301032952017,0.024487528105130062,0.09600182477745119,0.02922158802871098,0.06931007961048602,0.061501848627568335,0.251690885006992
0.04197167370511046,0.06150248158478731,0.043180060957954465,0.02335223486425211,0.0317611604720715,0.03556907849776172,0.2677883332003123,0.347574265110135,0.14730071160761507
0.2952724300933724,0.03181945731896215,0.038247532090190044,0.015033936782566473,0.04338769382469818,0.16507286956812703,0.09560550959539649,0.21254488919870618,0.10301568152798106
0.4031390606124383,0.032983596914318306,0.06145972167392457,0.06563380932864725,0.03931842880029897,0.16876632359557306,0.09960497426793002,0.05260935367525882,0.07648473113161068
0.0985971601647752,0.09347065653637605,0.09051352489311588,0.022359255282181346,0.18261292707076873,0.12795909480681747,0.1750329873147259,0.06558491333803552,0.14386948059320384
0.10556147645362805,0.014865289575493835,0.04429455607702948,0.05600015095561561,0.019685047443089184,0.038512769451948925,0.241418088475162,0.4034138064296205,0.0762488151384125
0.011453223365647249,0.07714029433147467,0.3780415305667919,0.011545147777722734,0.09281553432608068,0.1655581546323902,0.12307439373716765,0.057217620844955554,0.08315410041776933
0.01945449984670752,0.04089977001652717,0.021055365527783993,0.0848468924686027,0.046892750902553994,0.5696782948653144,0.15734937353738024,0.018527978578225437,0.04129507425690443
0.09307781340820925,0.3643311770554241,0.245241155087359,0.018518297742652897,0.058633081997952224,0.06375192232971234,0.032633228433293825,0.02599034645950442,0.09782297748589186
0.055010393552501084,0.03392255982859192,0.015341534349289839,0.0318372631755104,0.02137470815097935,0.024514954255255735,0.1381757082874289,0.5566310572284555,0.12319182117198724
0.021655338360939812,0.523621682134319,0.07020983766647147,0.015307284425307216,0.04358407608905396,0.1652136114534779,0.09982690034212433,0.030591224402580483,0.029990045125725683
0.3457041875556446,0.02327091265081591,0.11444544927634807,0.017931697596347076,0.06682461569711282,0.017964718396718485,0.005915379181225336,0.3825024660073069,0.025440573638480898
0.011364993453286848,0.061866947198526284,0.0031121618209386417,0.2258306809677484,0.023568260149769954,0.021369714578213433,0.40825959448688803,0.10296258274005221,0.1416650646045762
0.14104490536801084,0.011592746790165224,0.025804444663316425,0.014632804219934355,0.01690571623205503,0.025928937787493975,0.24199467701915267,0.4491241499367062,0.07297161798316532
0.13244396094926192,0.05328525798571132,0.04734593045718283,0.030225987268530093,0.38395183917727005,0.104420557041718,0.050740983196290966,0.08205087791923031,0.11553460600480449
0.15529721072478161,0.021901195650701963,0.06436659525782261,0.4576358420562164,0.023209703612164363,0.05629579097351888,0.07390611622798114,0.07104692167013303,0.07634062382668
0.21723832091640363,0.03924816086940048,0.04026320920970589,0.02435927580002507,0.19211314812360306,0.08832207543636302,0.1500628992412693,0.18665150469281336,0.06174140571041617
0.16711534210562082,0.07959906941575229,0.04418721282848246,0.0424391204145062,0.10690103667849697,0.06685682049655446,0.16409703257511,0.20746869336404952,0.12133567212142733
0.3025449818735921,0.08310643128953725,0.07490244949121795,0.01097257382515876,0.04017827301883142,0.24747850617100445,0.035677635134449166,0.11390758602664998,0.09123156316955895
0.306329638858266,0.04771228845432405,0.017624834744004156,0.024436287045222094,0.27018836275500463,0.14666990767144125,0.011882038787827913,0.05722722875324877,0.11792941293066117
0.16606613901703493,0.04567636778378517,0.0970825516056521,0.0222718533728699,0.1807916790528635,0.06834454733353967,0.08653995633273624,0.11539941484207628,0.21782749065944218
0.16561294755092731,0.0352074884728612,0.24236107491153794,0.19330183785540433,0.0720205683571453,0.07093819146575081,0.06970030657638422,0.03470515299573677,0.11615243181425211
0.23554826430597528,0.08512075834122378,0.06120934306881639,0.02552761286167651,0.15780027090396223,0.1290642392509185,0.1355505189888854,0.03832369989414622,0.13185529238439575
0.35983865873235055,0.03338656053489456,0.0362122792704792,0.004518522489832679,0.2825588099509401,0.03465027447598725,0.0038697906640822095,0.2210161167729947,0.02394898710843878
0.01365165041166347,0.4710991994299281,0.03390143481241319,0.0796951190426608,0.03945669858716893,0.17499501990596986,0.09186258051060847,0.03339632943421704,0.061941967865370075
0.06706605703043313,0.4856713231957858,0.044694398573707765,0.016670524175555968,0.0812581875280982,0.17766616230418805,0.0010353835791208743,0.055544698605324766,0.07039326500778548
0.26343498923049874,0.06033274695614385,0.026940482335860338,0.11391721643175153,0.04049917546541435,0.1536891028847708,0.17103486511887075,0.06426403659953726,0.10588738497715226
0.15670277045446582,0.03034026383896499,0.14328777724102196,0.011909138607351289,0.03525792065785521,0.013615659287161514,0.2850603297941447,0.26082985734542363,0.06299628277361088
0.039554214605391484,0.030008261891756528,0.055029952656532544,0.4592356430189765,0.03345517006543764,0.13493972127792522,0.1209742652732177,0.02101436652926621,0.10578840468149601
0.07092653611110906,0.03363351148290862,0.023985609377878154,0.08901811294088084,0.03986272745005114,0.025131788642170236,0.38599032500644564,0.24277792840102963,0.08867346058752662
0.21175664567464877,0.0731556444990785,0.10528415885101884,0.011594990056953025,0.14203455655039363,0.3711656704270163,0.001574641602108758,0.013846705418976287,0.06958698691980587
0.030230855725615537,0.07604393312024575,0.08295854985618818,0.04393753331464193,0.07658061061898565,0.3348732795808195,0.2642858298259491,0.023951833824714996,0.06713757413283933
0.15774692817935623,0.06051987525912542,0.039011100944763684,0.06344804169376704,0.0473967031522608,0.16070019531243043,0.14105500094422208,0.2724257116612991,0.05769644285277529
0.194916613445186,0.08509953141857358,0.21059455868962043,0.17862633750675852,0.12368758178733567,0.07594883596333714,0.047978907239958235,0.029101194989822846,0.054046438959407604
0.12728442258502506,0.07364360066620936,0.18160313120694863,0.10842516766312293,0.08098413970170486,0.03914699921221461,0.14698238015657816,0.11314585830365308,0.12878430050454334
0.13654845741242244,0.07299004759549439,0.18794265405682506,0.11829912408045251,0.12614553462133907,0.0426274231923909,0.20004288306803572,0.058849377100979434,0.05655449887206049
0.01523444885078369,0.07921380925685802,0.027116458594801548,0.13335334122305606,0.22426152713498113,0.06170735923718357,0.18334338069710632,0.08982242455060124,0.18594725045462845
0.10099427398494852,0.0407822577821449,0.06777377147203727,0.02998858889160246,0.02963329752572209,0.07474949040090677,0.3564842446669973,0.1508350230497723,0.14875905222586838
0.20181451889275803,0.05641035069059224,0.13480637432151232,0.012378226562601423,0.14703098668658898,0.04755969071883942,0.14196100503109801,0.12297548454333929,0.13506336255267032
0.16592136570919894,0.06666836995015331,0.09824480010368564,0.005843936800326545,0.15604242843541352,0.35115044536161016,0.06471010979950896,0.013027907693332152,0.07839063614677075
0.014522715861639094,0.15663373555576998,0.34362915843858105,0.019148737074074638,0.06697385540871159,0.21609094688680183,0.03475444613073952,0.052942826731066255,0.09530357791261616
0.14879814007255768,0.07149060389939764,0.04182412339112632,0.049390868840000914,0.07182112574728862,0.05682142708719653,0.13201610753231116,0.34515499055191484,0.08268261287820633
0.015198959046013072,0.12941848699279784,0.040479394725544245,0.050628267683318275,0.13100427514477628,0.4172942444596872,0.10871671675143078,0.061526151771620664,0.04573350342481155
0.2697199630852307,0.06838964732584395,0.039328668890698644,0.007272689577937055,0.14045478716002469,0.3738588187726875,0.016058081848627576,0.025882022083675682,0.05903532125527409
0.11962055394232586,0.08616860515790914,0.2239993134170588,0.01625231558409693,0.0733845500091052,0.26095724237225265,0.04064639873518209,0.057612774720627515,0.12135824606144184
0.21027509257073496,0.10990306858453325,0.034783990681493134,0.024600478135630457,0.06581643256115867,0.07138117810944766,0.28852730962322554,0.0655582439985723,0.12915420573520411
0.025373370601476004,0.060050920872173334,0.21885524866540673,0.08097303420854905,0.05525925815094666,0.04087338609609124,0.19069765357020096,0.07857606886032696,0.24934105897482897
0.03996591243789141,0.0981042886479332,0.03120742199002674,0.5364967237065187,0.14267144457030909,0.009482293948811853,0.029093725161719253,0.030673217976373002,0.08230497156041681
0.09715340734768452,0.014574110777197386,0.019008335479795583,0.05123543824324669,0.012161088665296318,0.015548942154730778,0.22026987283186206,0.4191364278871985,0.1509123766129882
0.2528944925722118,0.06198073032378345,0.08023488730314549,0.01976975625464313,0.10439451445495906,0.06649767611972644,0.037486204291128096,0.26992419407835117,0.10681754460205144
0.062162993251900334,0.10252003516549336,0.08298595052161263,0.006440298927124009,0.15983515552091657,0.31413598699147577,0.18249615899680552,0.022524338623854074,0.06689908200081762
0.20960998502856823,0.02911434405523779,0.05571410936094361,0.04766648929827607,0.05252500182352443,0.07897104091972422,0.18059250242863034,0.23246520028489212,0.1133413268002032
0.2545327587776543,0.05810177055747115,0.06055055085522044,0.026101939394368678,0.08000429793044649,0.18266510198115157,0.04525247417766892,0.09911127285449332,0.19367983347152515
0.07801740240054189,0.026081477487082377,0.03607515683484285,0.1901253858296459,0.025002999627910836,0.02105222059514847,0.28066336224903865,0.1940244772970617,0.14895751767872736
0.0580878434783997,0.25267871727136043,0.10698388820811655,0.11742751604510249,0.04911694001705796,0.09584564418372488,0.06851921006689736,0.13118192802137915,0.12015831270796146
0.2530317778970909,0.06311749923466105,0.051364897723148804,0.00539256979928029,0.09892613649971915,0.35906222266868043,0.0018208661864847666,0.12581644987543159,0.04146758011550299
0.12302155211326044,0.024608097489617786,0.024205800939685312,0.10639168744136214,0.04870112122445173,0.10286160843937582,0.31141736278433796,0.10833469844689685,0.15045807112101192
0.17957631771925373,0.11236533290821639,0.034234491857453316,0.033472834592567106,0.20912845791072657,0.12856554776016182,0.13477003270871726,0.10490581135321135,0.06298117318969255
0.27310795891793477,0.09747895126443899,0.02988241042553187,0.11476266153532323,0.12652403241519836,0.2129782919233234,0.01799775325018419,0.05540226543381536,0.07186567483424985
0.07060720633319385,0.11646277860460903,0.048313069206250885,0.01177164382426473,0.167521754481556,0.1337522551105069,0.16429998255892517,0.18852114631995617,0.09875016356073736
0.07103573559302645,0.10638792965248738,0.022365281792559897,0.04298212049570971,0.282719926389233,0.055757089942574445,0.17466017183908492,0.11680291509530805,0.12728882920001625
0.12199463260412462,0.08561322588147213,0.06422058224312874,0.036237709106157895,0.09694793396992658,0.12585000637334387,0.32359259996369144,0.031167975792413177,0.1143753340657415
0.0026161453892694143,0.16909667879304782,0.06143906571764423,0.17230690443027644,0.012023617112872918,0.17194379713018046,0.13713260257947446,0.09399753064535028,0.179443658201884
0.05877818526655924,0.05349294368351524,0.020959947467861364,0.13442732582610653,0.010723441762268417,0.037248564433605205,0.2899880197275309,0.18579000639125307,0.20859156544130006
0.08351641160580021,0.08452041607594318,0.08705245611742196,0.08755802521933827,0.09328238413477291,0.1327164858402611,0.18058149313348015,0.177628727509659,0.0731436003633232
0.030320439275706153,0.22631764540901722,0.10810490305268443,0.11929062416529668,0.17798214576173113,0.0699996590517422,0.12325298945738723,0.043311955072012714,0.10141963875442221
0.19553461440741313,0.3032849824893579,0.24448050957451714,0.041307246932429154,0.12364017882096771,0.02377906902141898,0.00540904663227414,0.027746689303771953,0.03481766281785003
0.4814712964816281,0.07295490246640715,0.05445142641818513,0.031398760167395956,0.07928963018523304,0.044997574321477406,0.04875374450113617,0.14077207018247068,0.045910595276066335
0.3374423894289049,0.10482224865193009,0.062042347258448066,0.020859789357329673,0.14000207051035818,0.12353967952306814,0.03370761252005894,0.08046859992483985,0.09711526282506204
0.006719185056117429,0.03367994651387097,0.00554490284926868,0.23644307720673163,0.01555806896067255,0.5590741906911995,0.06400523828951914,0.013426698154030333,0.06554869227858988
0.40709392180680287,0.11424204200759848,0.04743517100894496,0.022757796521772556,0.11163911909714459,0.08356284106645306,0.009994784468213282,0.1262567007084934,0.07701762331457687
0.05707436383975099,0.11785531194004688,0.07370729958384738,0.07988473442255263,0.18218234991629978,0.045759938957084696,0.0568594999375799,0.20182858006116697,0.18484792134167075
0.09493496836482868,0.05970741159317696,0.0661722132699084,0.07177277839232774,0.013113725763811123,0.3699698816198345,0.11555492417735123,0.13324120567424716,0.07553289114451413
0.24466708892760558,0.1647755067659539,0.06995248409964981,0.013474312806378825,0.1974970911636412,0.10738265583342517,0.022418028535068996,0.09067757467388778,0.08915525719438877
0.023625624991967503,0.02779675844648082,0.40293089356828093,0.02599222726084116,0.12159855776294992,0.11962369898066531,0.11404384665887564,0.02316679177563404,0.14122160055430466
0.06048536135621994,0.030560903431905023,0.0230176931963719,0.05019131046216215,0.01839775798579407,0.03817403467613369,0.06417007283245352,0.6076501975334967,0.10735266852546309
0.05960626621818716,0.07659242384419199,0.26519530560355403,0.06670946008125046,0.03840783429522951,0.24889424050883135,0.019594756142304447,0.10533201737536353,0.1196676959310876
0.024986288204570422,0.18653563018517602,0.038066207148438745,0.03838322345162083,0.25753040080322304,0.18476815176038083,0.021577868697559174,0.08372028965929094,0.16443194008974008
0.0774361652368651,0.05954647988466714,0.015232574938568768,0.22854578997757255,0.15880222715395118,0.14560241504079832,0.11662278014354575,0.024346341391546154,0.17386522623248504
0.09352253048009312,0.20215788697355644,0.17979280294871355,0.0559503444077814,0.0582952910496719,0.17826322995482144,0.14384647777448864,0.041685688446136036,0.0464857479647375
0.23046623099896582,0.06453335045988377,0.050066801302035696,0.03318951525559924,0.052908612030336866,0.13769431968735787,0.06228393040784147,0.29448706214702275,0.07437017771095647
0.22739119796016372,0.06310957842832493,0.03242922365319307,0.03197536215020558,0.19541973867300325,0.07992486524651855,0.08411486124245877,0.0768944015703912,0.20874077107574096
0.040064424730532115,0.04297662124410661,0.05233720832870107,0.03921899315909239,0.028022724878704847,0.027790263459138338,0.10059772762278456,0.6088163322937516,0.060175704283188546
0.3188512414558953,0.03450551308739708,0.04893276829492347,0.08879782764200912,0.08713652810034118,0.05599893161379762,0.18808909367211535,0.09238553658973048,0.08530255954379042
0.10468839264986511,0.08801347662394261,0.09747744947666481,0.037881960014704084,0.11838401185293712,0.07167827362130245,0.27231358794097105,0.1247698576010456,0.08479299021856711
0.1702115543210866,0.06779348849725976,0.02743329328357966,0.017399023028272374,0.12925432268123302,0.02104884074196384,0.00861802506588866,0.5383816093140976,0.019859843066618484
0.05228009995696242,0.05162654667507388,0.2431833440693613,0.038969986080000484,0.08261539609832723,0.06402578855065934,0.2285723430725969,0.16112600546285374,0.07760049003416472
0.12944673703393828,0.2046415482926142,0.12798020248635397,0.008946684403493457,0.25444016083456367,0.08576628890595273,0.08706009487319692,0.042818216947035505,0.058900066222851134
0.09858791395583981,0.08021860416778162,0.018760942594733095,0.261604773908966,0.0286611019879013,0.10951745928255918,0.0582769790006919,0.03810139461493387,0.30627083048659315
0.013450289145519238,0.14269046427902274,0.11114627827276652,0.04883767728819655,0.22567931114375808,0.0957894964801269,0.04654418165417266,0.23081930469150846,0.08504299704492875
0.021529835547025446,0.05886452155752505,0.045772173641881,0.05987780521047168,0.01580062852420348,0.028954938464844582,0.07189825029347365,0.6442577664968123,0.053044080263762804
0.303036518140995,0.06242194761923071,0.05674395154913383,0.035983548678953585,0.10421626842441917,0.24834017891884344,0.02844230347077135,0.06591414728920093,0.09490113590845191
0.20998826186827027,0.09875554438948188,0.05449072400862254,0.029203387301577597,0.1243514308270654,0.12582461592663977,0.04877329596571601,0.22175161795746332,0.08686112175516338
0.2290259559013573,0.10837764594721304,0.05374992646572726,0.010866925487174708,0.1543573294897754,0.05764988907625566,0.02336976644156875,0.2890768563448232,0.07352570484610464
0.19154936761285737,0.12448086872034558,0.039233815363996886,0.02464954277963169,0.04921771281725459,0.30021846259839424,0.02860205449971247,0.06526220745731241,0.17678596815049477
0.09514480077870298,0.07612236766501153,0.11385330135322436,0.035329086036125244,0.09983840186939004,0.13123530716236767,0.2999457835413493,0.05332913355027056,0.09520181804355833
0.1443625900624562,0.1317206979757125,0.07523877305707634,0.10162775460227931,0.05855607730010385,0.13568782512154887,0.15442458533113748,0.08568153786924804,0.11270015868043748
0.2603005866274922,0.05603166978794824,0.09179614479713864,0.03400019854565717,0.11222881338178563,0.1815857158390505,0.07674639487937301,0.07023106539416224,0.11707941074739237
0.059505850316275664,0.3005093474970156,0.020340561994717274,0.2120750801642168,0.08506553188215994,0.15032116907913118,0.010674248160247394,0.07207272950471567,0.08943548140152051
0.10248677609023456,0.1208867958882911,0.06328423488840394,0.042694399975414334,0.040144796574977465,0.40807749954122197,0.0514584556274074,0.09586003224203817,0.07510700917201098
0.2233599656853916,0.05021244925316037,0.08090729525650388,0.024147678102951913,0.12441083389107233,0.045298432022438107,0.09104603757290948,0.19416623009776646,0.1664510781178059
0.3626353822348381,0.0381687255954696,0.16262656211101964,0.009056479715641224,0.08194905792131248,0.1597127085554685,0.00844708180961271,0.15300271579308192,0.024401286263555783
0.15516071204180656,0.2610608077730654,0.18790559688426725,0.013880426567644141,0.11016103583232036,0.07511886823332502,0.06349119147006939,0.10547331313261278,0.02774804806488908
0.16484072881148057,0.07294244013003999,0.02924916724321446,0.019999280621582762,0.14992249572624436,0.3870805197435323,0.0898774770589441,0.0387237409731431,0.047364149691818215
0.1796886353211017,0.09578991590028829,0.09100438027171272,0.1071205259592881,0.11025046716363811,0.1903564597958146,0.06999091007773439,0.06901096740963303,0.0867877381007891
0.4013067568019671,0.07221519484836104,0.05304678845845496,0.022473196166076206,0.15490081998135885,0.08261459714080122,0.04862438405288936,0.07068564833594317,0.09413261421414813
0.038004261353809445,0.05778809099726349,0.07229170388816782,0.05463552470244712,0.05669165404314496,0.09538671473798686,0.07887647986590192,0.3126339713149437,0.23369159909633483
0.3280880650765957,0.05223233959107313,0.08781614040691187,0.01778711066765912,0.12514020211463742,0.27219602392467834,0.0023611287303081318,0.016817337924684057,0.09756165156345221
0.3300210694158893,0.09446075328819102,0.07591279570885912,0.007517301915466945,0.2356699664748639,0.10028470464380783,0.01600324623029473,0.06970171046777,0.07042845185485717
0.19109543792174133,0.0950534290478487,0.0537559024763181,0.04993978340537666,0.13390787349441954,0.0345608930841295,0.2406596406660634,0.10990310502359667,0.091123934880506
0.13725541029472388,0.08084425900407084,0.07903573329574749,0.02036596871973102,0.17989920053603461,0.3659946214786405,0.0410672329604408,0.029937390195067432,0.06560018351554348
0.44639266429909635,0.03242573102437676,0.05934965440015011,0.05044679776448069,0.05021575921104105,0.08440978729404508,0.05115268255291861,0.13467945317330504,0.09092747028058625
0.318116664094074,0.052808569837629084,0.08877026033661391,0.052021217009355934,0.09234507132938492,0.1331450093300147,0.1406053913155073,0.03193667275792656,0.09025114398949348
0.4240735221917304,0.03270850147201205,0.02523297129236933,0.030678078462576752,0.0332735320981608,0.17107307323902307,0.05199713243227535,0.18216984721546847,0.048793341596383745
0.020748895633002945,0.03484081087844263,0.055697409011212534,0.12302371950683776,0.055687249963571356,0.014331799601730172,0.3051760909531485,0.2702771662127609,0.12021685823929325
0.05393080768251806,0.06673849084877906,0.13284111465032378,0.10180196416634242,0.10727058322915824,0.23293400520427013,0.09144064335712931,0.07020360433507111,0.14283878652640783
0.045347556496388136,0.11030537859469147,0.08053797869739399,0.0625599937629539,0.13294026239906356,0.23061899773582353,0.14550711738116348,0.05382598642232375,0.13835672851019823
0.06238092515326334,0.1371648655188784,0.0965236650324038,0.05884718354192033,0.35237099794426835,0.09298630782421707,0.04516663356001171,0.08641188178348093,0.06814753964155612
0.3516394583858742,0.030439911042172658,0.030056190800579603,0.2157080695868726,0.03658338872397058,0.12695247061483592,0.00918728245318212,0.13419791185211075,0.06523531654040163
0.2169716505173589,0.030614248992297685,0.1205439764019494,0.06022781591002472,0.053934350865406266,0.0988173852128786,0.2102346308856852,0.11999392580722175,0.08866201540717744
0.08555144544271591,0.03573482638764278,0.010649039321534687,0.0747891239218897,0.2576731457139035,0.09052317576078273,0.1690003136688525,0.23988599330290114,0.036192936479777144
0.06341015376243579,0.20353279272747357,0.06418524602714186,0.04580634897628536,0.13065879475980116,0.06699713515030789,0.009561395633608208,0.32935243857058416,0.08649569439236195
0.04237829534491214,0.028762229843388814,0.022057657878615897,0.07705902475164451,0.05173315053479108,0.44105509824776695,0.15247440927876277,0.13945423554876624,0.045025898571351614
0.01461884797997356,0.06204688115908822,0.032087975676159515,0.18096898341689896,0.019652504240345956,0.07260101367103776,0.5008976977463583,0.07768144755097584,0.03944464855916192
0.020893760827929018,0.24323290788897048,0.17838329119524168,0.013390836533213588,0.09374532359917354,0.04497882103923545,0.026221408000205674,0.22897997124016908,0.1501736796758614
0.18450593357809578,0.14150512127600434,0.052101408862296576,0.02031028958713133,0.11955648853597567,0.1651687208435301,0.15283833744311495,0.12142392958501519,0.042589770288836086
0.09211596690236334,0.08053065228519417,0.15637543590463565,0.03022289573666122,0.13221546494732261,0.09514589450430538,0.034133178058584214,0.28028630568764273,0.0989742059732907
