0.1261577022958184,0.14153742223384788,0.10018502041495898,0.22335754657549822,0.18497540348090472,0.11017333994744112,0.033301281112287695,0.034418679904894785,0.045893604034348244
0.16321245119162742,0.07576027612865695,0.10106274209518522,0.10560666192228274,0.025192536576045102,0.031994147012839376,0.3657569864803887,0.04750136237193935,0.08391283622103514
0.1539474590452712,0.17378654810636876,0.05656659769571449,0.2043573098089162,0.10606019324980542,0.07854851321214522,0.05256135243223969,0.048768008687115096,0.1254040177624239
0.32385644717691614,0.034292508842282673,0.051889395005160356,0.16407307607032615,0.08953375963171378,0.204870528388719,0.07108578236697988,0.03310982076030425,0.02728868175759784
0.09171452029872869,0.16269453402207237,0.02885816878962269,0.032199807206869165,0.2300237602878222,0.03650531070887206,0.10547937224387666,0.14127967578109601,0.1712448506610402
0.19698305320228285,0.06403745051370986,0.04688985496135095,0.4520879459384683,0.04155380000200215,0.07069476952963714,0.01846903804791869,0.06850991079717413,0.04077417700745594
0.06212402365063486,0.12570603280526058,0.042826089685234124,0.07631504709315316,0.33677872319790053,0.061943145293110624,0.2055200091607791,0.06491012510954448,0.02387680400438248
0.1822272164062276,0.1308739280004206,0.2755923866109589,0.059561540812642345,0.06999873065296675,0.04874508302804289,0.044203485718376456,0.12204676558230583,0.06675086318805855
0.070632387837435,0.089740408955791,0.047695472153466055,0.10068991303131027,0.015627795128887612,0.062427401718667196,0.47111211893758637,0.10733241167196604,0.03474209056489052
0.14034015084651721,0.12390807025521323,0.031685255933198354,0.1299581305177161,0.01850383310036189,0.07365058006017441,0.13341085901774172,0.2850267147116885,0.06351640555738845
0.09096683801238083,0.09627950983743695,0.02192227297638985,0.3459002533913869,0.03766108118979309,0.03710136285180687,0.03340054246084542,0.019284017909530254,0.31748412137042986
0.17463953393117485,0.10744444731239274,0.08059760210433943,0.10237489391924831,0.013589669085873722,0.0565657761970689,0.3306209038349845,0.0313074405328076,0.10285973308210992
0.06300417776202143,0.13042632919726585,0.04688959293013326,0.18022634278185212,0.10388062158817035,0.18959258261757048,0.03680745453310302,0.06352629346467586,0.18564660512520756
0.1503978162353123,0.1941289021395807,0.051025489442183804,0.163457594924947,0.17153057032289856,0.11455427769370978,0.0699037020682735,0.015236853111507834,0.0697647940615866
0.06354372899126266,0.07063078381661662,0.034683255309893184,0.0905339613789411,0.4813568718120669,0.09676019099759083,0.07677837083087112,0.05701929406674805,0.028693542796009705
0.12958744178927467,0.06216489873830993,0.07536419118573223,0.008702525397504891,0.07382616396708144,0.02490797967085776,0.4429970357155277,0.09986990875650065,0.08257985477921077
0.09956839486121417,0.05209810249731478,0.23220652871234682,0.050996534489597144,0.17352040970944815,0.1517253549831326,0.033828919787255704,0.1746293773957692,0.031426377563921415
0.1491732563055008,0.20506595461041424,0.043378834046866134,0.21420624881662706,0.08323787297026504,0.05732276745336748,0.1120423051733153,0.020810548906135175,0.11476221171750882
0.08314244537771427,0.17861828214532602,0.10767539100896865,0.19468199755563553,0.027428071881985653,0.018148472069438495,0.05189407857583269,0.20749125518842834,0.1309200061966703
0.08537010042167155,0.13812841553028923,0.02560809771276784,0.11512441688456805,0.17401081246579,0.033300248193265373,0.016121693721324094,0.32366523038291567,0.0886709846874082
0.13743152151605129,0.0747199517495174,0.05590123230130752,0.046012315743640876,0.015676283161903667,0.10054472037100172,0.37648675836314616,0.10877517954051931,0.08445203725291202
0.07313002038556038,0.10575091015451064,0.031408754135739236,0.10830193195044846,0.07079137865302088,0.02888318799221486,0.41386024167403623,0.047538856202719276,0.12033471885175002
0.07544197285766159,0.12673272288192036,0.3632467472612899,0.16979166657266775,0.03602502240204277,0.04207080129982549,0.03083474261852918,0.06911488692011432,0.08674143718594873
0.1225067872447045,0.24436201795660684,0.06177047694018475,0.1904563172760605,0.05655309674512073,0.049558739231578254,0.11654073029012468,0.030133108883989148,0.1281187254316306
0.06698348840273242,0.1567884567734645,0.3177922335850536,0.24272756627292202,0.01661357900423716,0.022133591192593338,0.03938014535733657,0.014269787927561292,0.1233111514840991
0.06754837750478564,0.09973141680290686,0.03571683208753373,0.044662718888610585,0.5661592870551306,0.09304445161171242,0.03514060657451389,0.02464036136973397,0.03335594810507231
0.05678109644671031,0.06376654883292032,0.012577313740803958,0.05436367914387811,0.025899035242549467,0.23055598095482466,0.49275503802573617,0.04018059134559016,0.023120716266986866
0.17107975072206225,0.21117725549982957,0.05709202686419782,0.05334381142076166,0.13188455276274333,0.057465737801765615,0.12742455012913514,0.04454468972673246,0.14598762507277216
0.08075090642190426,0.10149259311132941,0.10097155933378599,0.45531115006370754,0.087414777427696,0.02613685565335209,0.03158316468877297,0.0377966137160398,0.07854237958341193
0.051793357705315124,0.10271097534423834,0.04662078104790637,0.15822773818147276,0.31642079411921903,0.08860798900688094,0.1458286832930877,0.03575635482372003,0.054033326478159706
0.07053309174760598,0.13342485402269474,0.030062014575615716,0.04386178235604052,0.5234480893422374,0.08803964911771979,0.0771431685218688,0.024108931148781765,0.009378419167435207
0.10960621022058864,0.07795127998274953,0.060498000924874305,0.04431419756808507,0.025866813442396427,0.026224304360575296,0.5813865515386872,0.02797074776003222,0.04618189420201121
0.1340777367516132,0.11198092056884178,0.053197125091491465,0.1366837213901185,0.25353545432209956,0.10131019803002128,0.05929588976021164,0.06357252628407468,0.08634642780152794
0.0812833326571462,0.16269844737780578,0.22244330856976402,0.11918248417314814,0.031199116807081862,0.025343402042073974,0.04026644215621392,0.1390981861267923,0.17848528008997375
0.0387250168684933,0.016389280666092024,0.018814250655267636,0.1133448828249118,0.023897236400608656,0.3524099025807246,0.2085273150064769,0.22243285680606517,0.0054592581913600014
0.07454202132808135,0.18054095024242078,0.126615932868151,0.22541020354286967,0.08695068134525182,0.04012955096851154,0.04365976362202775,0.1699622037454854,0.05218869233720069
0.06988372415119135,0.13426290127183713,0.031293010389716554,0.20637459714864193,0.2182820247222986,0.07386311837689483,0.13031700284188716,0.06217228319297205,0.07355133790456035
0.13333084517280688,0.21261596989579776,0.0630066856438784,0.10352346560694732,0.12515013646849124,0.05843836066929101,0.14580531937526967,0.011028160194448425,0.14710105697306927
0.20142481673752563,0.0751419799465625,0.06255311716973555,0.08753123688951299,0.09772806348368328,0.029125146284512276,0.06336071420449928,0.05545787493596627,0.32767705034800215
0.16476893713174914,0.10000629627586731,0.05243807965442884,0.08869336512127463,0.10231169788600465,0.3233247524538953,0.08015098701836075,0.011341754381312347,0.07696413007710702
0.22284885486292413,0.07834744506054944,0.019736785178538042,0.11520894164808439,0.31953900570343885,0.03350953466297528,0.057876784422113664,0.05407604868713169,0.09885659977424459
0.14376995741812834,0.16110917507066544,0.04585622583679074,0.09826853233335098,0.04388739769151336,0.07519852720975605,0.30909811554351135,0.02176804467028527,0.10104402422599845
0.047079323893856516,0.021003954377182235,0.1922796442986312,0.01412583790915914,0.23228024490231594,0.0344000314836837,0.22308646228327125,0.20391475547291926,0.0318297453789807
0.07417892935477995,0.08948462840619464,0.04016607669340229,0.0248169310302611,0.017052245153620305,0.02373357874704059,0.6030256670706199,0.023243498317917704,0.1042984452261634
0.07900123735538693,0.07521958195669268,0.054146891706873035,0.016350045564369187,0.006952514828359461,0.07132470083943314,0.6088353888825148,0.03756165294822713,0.050607985918143715
0.15913675754612774,0.04874618725193589,0.03673123728339742,0.06801157330181613,0.008461435491122027,0.11025857752365342,0.4447811529629712,0.09507372082685489,0.02879935781212123
0.08218009778485287,0.07660631205191415,0.036232484018022086,0.06647785139397622,0.06735235236693003,0.02284472964670259,0.5456299376328544,0.008532812390108214,0.09414342271463945
0.22601009477821654,0.12054092752964433,0.022403104096635207,0.06353202310645852,0.2308675207370056,0.05546196852563312,0.13841328252347918,0.09245595690215751,0.05031512180077003
0.09871595886929352,0.15865317210309138,0.10431567902754017,0.10513287289956841,0.03379810611206166,0.03844373548064122,0.252237002494178,0.06448171115386121,0.14422176185976435
0.11544157701812852,0.13934933112485254,0.0402838507435769,0.15249206343639934,0.06707919710658204,0.037917891268694014,0.25523489964813645,0.020862904117187043,0.17133828553644326
0.22395899209213324,0.06458316727429612,0.05071928886175081,0.10165621621003257,0.01360399581432717,0.02292607173790916,0.43901349155097225,0.051762478756985385,0.031776297701593376
0.23446199650970098,0.05508111624283583,0.09173563518011733,0.18726967359718963,0.29952178762772247,0.031242536452153274,0.02196215183811236,0.03723054407880847,0.0414945584733597
0.09135986315583,0.09570836117057911,0.057352064037089805,0.05564698094048882,0.013404617457927509,0.0261935306489504,0.5543482605048714,0.046693210023616656,0.05929311206064633
0.10103053411376912,0.06070023630938164,0.05069138803445383,0.07603596249735638,0.0021203323831742583,0.026749910539155024,0.3573142032444025,0.29028714342058987,0.03507028945771739
0.08641318486041337,0.18506710456409117,0.22172414734217005,0.08266700657879854,0.11749007011630648,0.031289268759348385,0.11550393804766897,0.02385449453553815,0.13599078519566488
0.06808397785299934,0.06754784684764496,0.05552351022794225,0.1258117427608637,0.013732296248154191,0.022837246426459335,0.5455653303303588,0.035785230204375386,0.06511281910120202
0.08306691327259906,0.21967051576702448,0.3107338169384404,0.18052268615671205,0.014411392326791292,0.022876887806929456,0.043028815581610154,0.041974566773114515,0.08371440537677866
0.23933968733062383,0.13111105451660762,0.05363524806505108,0.06645431807119187,0.12173346761918048,0.04115783166750545,0.23707154723913595,0.029336434613514626,0.080160410877189
0.07635700296462353,0.1117389774645467,0.03818767767138139,0.19156465903859352,0.35447963722941483,0.09423370512499978,0.041336812316089294,0.03982849528679485,0.05227303290355603
0.050668624416027576,0.10539459380197429,0.07444473759852936,0.04247268743859935,0.09691663992528919,0.12917334316952475,0.4415617748566187,0.013878213880312655,0.04548938491312415
0.14120463088718535,0.20878501852655673,0.026973147493994445,0.05747773417531643,0.1220116068673011,0.06869551302721502,0.041265813755817025,0.0690824775924297,0.2645040576741842
0.04857765855556264,0.05961217054365323,0.1309899911283903,0.01649276797371367,0.0018352681096040146,0.31645327299010245,0.408492625360392,0.010459096599781588,0.007087148738800131
0.14234777587649894,0.07203556968339073,0.05162190215162235,0.07391484234627096,0.10418417773017385,0.0395974233129043,0.18005402577786903,0.15913018959306255,0.1771140935282074
0.1035768443332199,0.13973440768727638,0.022247431354184107,0.09307714469717354,0.2289148056905621,0.04998921715377142,0.18670557632094406,0.022898663509093916,0.15285590925377462
0.08988295517139161,0.18213886673421167,0.16573013149695606,0.1855954701055739,0.16320327130288906,0.0328072998784672,0.028704576431870885,0.049688883525000616,0.10224854535363888
0.14197150267223121,0.16589048934961603,0.09830461070258349,0.08457205552723955,0.029077986728030917,0.15616863302407494,0.14960289933316262,0.07151992293608574,0.1028918997269755
0.06405866972901705,0.12259132563536039,0.044170373052542344,0.1547685732420305,0.020295905428053266,0.03246076445288279,0.41789897677333815,0.03994093096868299,0.10381448071809252
0.061026596101612395,0.2329685267896264,0.09291751304686273,0.10286512705572383,0.04727002005693043,0.040273849643592284,0.028090943595808007,0.3714020542552576,0.023185369454586355
0.06587300403717274,0.1645068361876322,0.03945084935638088,0.044450448640866856,0.0165873609224077,0.1379301273085546,0.4034522522862439,0.01475583385770597,0.11299328740303514
0.16337865532729465,0.09123007999345799,0.026416629807845426,0.014815646940456608,0.4350463636629387,0.054590676932005984,0.15484068320646674,0.025351161018250263,0.03433010311128366
0.20585494144643843,0.1967728075819697,0.08560411879084291,0.1056322751427204,0.045462507404122325,0.13897975787159378,0.046783589362890045,0.03357115941787566,0.14133884298154664
0.07257726912660789,0.05825041634543568,0.036831453048690066,0.4867574728795662,0.0871558973741451,0.08601097116988199,0.11875895353821647,0.015459606487809294,0.038197960029647336
0.12640481836581366,0.07088395251106915,0.04692438348662875,0.10628852773234798,0.13153174576164542,0.07166082753904528,0.2695989022457939,0.10374778302723509,0.07295905933042067
0.27797097247081937,0.08867952097481323,0.12296891700056932,0.09995662398915413,0.05725398641716406,0.08756743061866712,0.07827996434292997,0.15014409592340694,0.03717848826247581
0.10827762797787106,0.11594921433166276,0.04181060413803781,0.15352674503855898,0.16980640285265283,0.054077612837063686,0.04047857735620721,0.018279641530578566,0.29779357393736705
0.11585604998718295,0.3366698969857427,0.05860480543168393,0.14183501898729425,0.05311007059104774,0.046037516544119195,0.09237794279065908,0.03694312613871107,0.11856557254355915
0.06153570371332947,0.10914838688015087,0.009516861561187947,0.24130714396596098,0.03656207081675764,0.02819109388166317,0.031822082218440205,0.03383536842230948,0.44808128854020035
0.13724477699811677,0.11454846865385793,0.05396571534466943,0.023317792786080167,0.1013416146006307,0.03123806250228991,0.34727769513016465,0.018205960630739263,0.17285991335345116
0.125066729927089,0.0835550043234173,0.042041360409122784,0.09254450439491002,0.012843401914392425,0.09915644785107543,0.13833214232105942,0.3593629312864672,0.047097477572466406
0.10050575990168736,0.09640955558105557,0.06344180197344194,0.04019026779171038,0.03256018270688826,0.027460160485027918,0.4700596165675029,0.05750312546708478,0.1118695295256008
0.10930744744938115,0.06681144895000952,0.0601403982828706,0.01182034697885181,0.026306575680440068,0.014432037715895255,0.4415929020044817,0.1897647310108649,0.07982411192720497
0.15152712043510994,0.053959261965527784,0.09482544513609803,0.036241859007198736,0.021048293972648163,0.12665823569784065,0.3919163473719272,0.006838169916014701,0.1169852664976349
0.08964679662765467,0.17703550298117832,0.3624462862483731,0.111018345013264,0.040896713326778,0.022470247189632864,0.03806606339424806,0.06036537656705587,0.09805466865181506
0.15685674704146726,0.09554072300272907,0.09283510926357162,0.09388852746912818,0.03337651403311276,0.3697137289762586,0.07266923071278557,0.0375357611848999,0.04758365831604699
0.0650071942354875,0.13262006515291092,0.02320870110223158,0.09944694297980995,0.42743265993564733,0.04182018561386402,0.02452315743620542,0.041709915292579426,0.1442311782512639
0.06227310757680454,0.05779210866544643,0.03196662161887103,0.024206155580716104,0.027808650458684126,0.04278381383669518,0.586649600169642,0.07979048817466068,0.0867294539184799
0.06990883350703468,0.11435774882444653,0.031689980939538905,0.051727096082899,0.49882119369553185,0.054088769010597115,0.05525639313457734,0.044481764947914504,0.0796682198574601
0.10310557125215396,0.11646773062554794,0.07216123011615015,0.0788900038141118,0.38106038599007364,0.06061010115857784,0.05921336956519918,0.0451938624124025,0.08329774506578293
0.10462219488045137,0.10660350924219347,0.037921336651532016,0.04918711663862716,0.018302622065887033,0.03076155468889306,0.5491118221425216,0.04267727497012045,0.06081256871977376
0.12360919273438524,0.10824306700769247,0.04632092002142774,0.11077232755405286,0.057017356317013684,0.03181158782893068,0.27144025899991714,0.041022609090302094,0.209762680446278
0.18969253220948276,0.17357790497429296,0.3641017885496151,0.10497065639573595,0.008472768530014177,0.0582512005818866,0.03600805532491198,0.026738493238969055,0.03818660019509137
0.17270072525485192,0.062250978244952376,0.20913407055558167,0.04225213469471528,0.1642735878848884,0.02750048079307225,0.21337725728990187,0.08318587065899484,0.02532489462304142
0.1089177735218582,0.14074581125971372,0.0328022350038577,0.12593767186721191,0.024068209743474456,0.18472756115861297,0.14320688026407705,0.08307474564996913,0.1565191115312247
0.06743865707777857,0.11813547025510397,0.03580779366760589,0.3346569814773926,0.044631160419209004,0.18082021949877317,0.0489058409935585,0.044253213677717985,0.12535066293286032
0.15269897936313007,0.1372931681628685,0.06753253012263379,0.10893401935158813,0.06856972417513625,0.040398751026473695,0.2012719328962852,0.041098731310428856,0.18220216359145555
0.09802506697943077,0.12328190563962356,0.041585216245205565,0.1150945991666037,0.0412331623487762,0.03377383463184985,0.40127612227219966,0.035012544994539936,0.11071754772177067
0.1432905060350691,0.1757807930662362,0.03757320374376513,0.0612012067026663,0.09456009131036658,0.08149006941444979,0.15107582810499104,0.1931527698993948,0.061875531723061046
0.21474378506094705,0.12539846948634095,0.07165209353029092,0.09814910315375819,0.006281658599518163,0.016595562652620667,0.06483149522005933,0.17611468833356814,0.22623314396289662
0.1107887736430548,0.13618650620590195,0.06910935043489753,0.08771034074205575,0.07684980279709772,0.05031441192217215,0.24793370951594249,0.046760955532485604,0.17434614920639202
0.07205680055375639,0.067599752390273,0.04599202800842921,0.05509491213230449,0.01470423789551741,0.03711312544925041,0.5975853469235066,0.030838553823425874,0.07901524282353664
0.12196321136835057,0.10040292833141429,0.0652967271827433,0.13784690915294381,0.1672588256382669,0.07605028771627118,0.14425527053305928,0.10130704333748035,0.08561879673947025
0.05590130157551929,0.04799408387773859,0.5311017501002785,0.035335864742587465,0.024923353973925814,0.13107886734307522,0.061239214885374,0.06102607622758935,0.05139948727391173
0.13792852516547446,0.09838814233352723,0.06552691258024196,0.356734452861114,0.12986186682399628,0.02714914759786154,0.020577665612770035,0.014918606789599725,0.1489146802354148
0.07942019095480855,0.05771200582277991,0.025827938480329254,0.028057728403057564,0.011941906628955862,0.16845304206434308,0.4927019529362044,0.12352425465546606,0.01236098005405526
0.07411044173301395,0.09585882571724609,0.04563916210897694,0.07643394997785419,0.002983055726153309,0.04732005288447405,0.031209465747845,0.5748015886399698,0.05164345746446667
0.14490263718124138,0.15099041843924535,0.35074607230075516,0.01566370081253222,0.010598334688707975,0.035919093539205825,0.19407990260537597,0.07666075560196918,0.020439084830966858
0.2327750009971731,0.20493705703067336,0.06352187431963781,0.1009638565762266,0.06611934770912654,0.18296000418824565,0.03336541455253223,0.041139664371408494,0.07421778025497627
0.10523142440128304,0.13372081261509908,0.07556632974110987,0.09612691456287648,0.047793737258970265,0.06118702688540236,0.04042226695647045,0.19048562651390114,0.2494658610648873
0.0881105898287683,0.0909545928624599,0.08646907052282231,0.056515021688915035,0.06820334838742788,0.021451549015742855,0.05397165462015691,0.4664681846657564,0.06785598840795043
0.12956633834533618,0.09360970130044721,0.06886179533034753,0.16574482129058501,0.2312308170978142,0.043822523566112444,0.05446296310525137,0.02090569220706764,0.1917953477570383
0.08133279145346846,0.12313359435254134,0.03511506570169892,0.08858665474982623,0.04216224984179064,0.08395696989911221,0.4650237322293221,0.03501750898382661,0.04567143278841351
0.08754733349257672,0.1339507371717851,0.1285487890893283,0.08002657057928775,0.0536215667414352,0.03265670680618966,0.29004513347200883,0.1332607971763207,0.060342365471067784
0.08037719358959722,0.12672301568860114,0.07277701726218176,0.15610815262891017,0.011306411416690814,0.08088814435207763,0.3275579496661493,0.06019838673441666,0.08406372866137522
0.06978768308657897,0.10042610546167492,0.0439051261064612,0.03147905272245177,0.5817093617622934,0.07498741356536955,0.050374060950671644,0.02439534658728502,0.02293584975721368
0.1820647722349846,0.06266243098883313,0.06315228311959373,0.05223009435621221,0.05433936342740144,0.0437399138569218,0.27675837006693793,0.1601358172873447,0.10491695466177042
0.11686244504127753,0.21235773043314987,0.07137440971824709,0.16091346408513776,0.036169737117412344,0.1712386432065367,0.042849955757477375,0.047452618810419483,0.14078099583034184
0.07346623760011965,0.042066303561253314,0.15171147581952446,0.05697577208939623,0.010613773576884556,0.21406257218172062,0.2869033020497204,0.07301837419136632,0.09118218893001441
0.1485245769998706,0.14225058029972085,0.09150286790763269,0.04423735571851322,0.2857699815283345,0.03792693782577685,0.15214018109622082,0.024744564767297746,0.0729029538566327
0.0778470202690174,0.08071496845267175,0.25617008726212326,0.032786999181283444,0.014638275966718026,0.05217940963495446,0.21127401717004576,0.1968061599352197,0.07758306212796627
0.1597147170681625,0.172223443248632,0.04451143201276956,0.05343976313908135,0.08348374489424765,0.043497856147491944,0.2888183028998666,0.054259392980250155,0.10005134760949831
0.10191305944844864,0.058079753013590675,0.011872649083480824,0.059607518426169986,0.26182167083197744,0.06119882470206054,0.08251633080087496,0.32949221986536315,0.03349797382803373
