0.08689510585497295,0.1257208890230079,0.029298377301183034,0.33816811138587405,0.034118696889004096,0.07848942782181038,0.03698034349489675,0.13683530096536825,0.1334937472638826
0.22428999076526857,0.06293590961400093,0.08175187404141114,0.10267494627488649,0.18575671075445077,0.08751599134958266,0.0317364230217695,0.1729430623569482,0.050395091821681726
0.09763707159635825,0.12453786404387857,0.043756168729552715,0.03353289988926853,0.1077596544653916,0.13523686259968815,0.216637246246192,0.0928419497793808,0.1480602826502894
0.19721410961703115,0.1494388519066383,0.0610892339071451,0.18370845374081823,0.05553296281805615,0.172897607605042,0.03969009227382012,0.02882301875745445,0.11160566937399445
0.15924010588759807,0.224345250333859,0.02559787620673962,0.07011711142395952,0.055088485065791525,0.19320765605307347,0.016936937835085934,0.08783366240647227,0.1676329147874206
0.30560026238472665,0.03552539179897963,0.09566467555376675,0.15746163159066223,0.0498113040612328,0.08791524441285296,0.032512147705037166,0.10589906072820181,0.12961028176454004
0.169333112371456,0.07159543121866946,0.12383045700365887,0.09238613855224471,0.017051155990661662,0.1041610432654629,0.055548884615484205,0.2810132042290568,0.08508057275330543
0.14089256051909374,0.0546020290031479,0.10827906787162626,0.012356608784634182,0.13958345332730163,0.026925240761043568,0.21239889792093178,0.05114094638657716,0.2538211954256438
0.0460605680109328,0.08036027716982004,0.13075236803503246,0.08875561943574524,0.1892543269962231,0.1282873777483736,0.21520528888751966,0.06943506707460552,0.051889106641747625
0.176476973470171,0.23884100577478198,0.19004885586891293,0.05624816201734136,0.00825196988681429,0.07966474790662395,0.05015598850188183,0.1651956267930971,0.03511666978037556
0.14458252726655887,0.05374656714065066,0.026254721733089265,0.06241200661924554,0.33080391353601096,0.1017012849637131,0.1627506547432662,0.05855816769072738,0.05919015630673798
0.19831715293542704,0.03875037119711872,0.05852369495963885,0.10654324535030145,0.07797408300904819,0.07260617238685955,0.10991833977892403,0.24718340134751193,0.0901835390351702
0.3541730759866082,0.023075326427491234,0.01846059837268506,0.013690892871493119,0.05683847095544849,0.009588334489420928,0.4339232388691027,0.020442296648529656,0.06980776537922054
0.14345559074220565,0.09450628963152347,0.030068425937996118,0.053010791069087855,0.22313324559699566,0.1184990917740849,0.05343859386655351,0.05948053198337581,0.22440743939817698
0.06633203589281254,0.12288409659148336,0.25410883142719237,0.021987980756934672,0.0581037577293896,0.24084623927788415,0.08783231802551898,0.0981242370382759,0.049780503260508306
0.1657937517687775,0.042008608347704916,0.04498063128198427,0.09446001200480912,0.14930016474277674,0.07356673898424455,0.07680101364737912,0.08796329166280832,0.2651257875595154
0.11489436989893338,0.07547309114836333,0.027652858585096713,0.03010749158275407,0.0885497250237522,0.35038064861246027,0.05183911161080192,0.04926841630109243,0.21183428723674566
0.2538720346901822,0.1777992494198246,0.039086031288970514,0.04647586581176396,0.043925328271959184,0.1636474360697286,0.017406009237735578,0.07570420128222154,0.1820838439276137
0.08635764621878306,0.03954567601306083,0.06646418926976566,0.07452475142580255,0.13202701097902222,0.06427771135734615,0.05400299324541614,0.264953386712944,0.21784663477785934
0.24874995074231046,0.04052628500180517,0.039114145610285415,0.011651495369727127,0.061334070522765044,0.058311886285557335,0.420671921341609,0.032141037159403224,0.08749920796653719
0.28572362433820847,0.05853524544603478,0.051436332993174995,0.13664861299064093,0.04158190362288961,0.08774727235877289,0.049995840094538245,0.13431712700849,0.15401404114725006
0.04277700549481076,0.10072086841501676,0.013395576768489953,0.06909242034368474,0.3123551452567418,0.17459330992179456,0.05466204218423154,0.04443843723557237,0.1879651943796575
0.07412254454633714,0.08962760192098397,0.056776075677072955,0.02153249473993588,0.08618761963133381,0.18427784622135515,0.24787874397759926,0.1337519900411169,0.10584508324426489
0.3482965488782927,0.22466414773415413,0.033167893190426546,0.03877123987628317,0.0706055513789114,0.041824454729677295,0.1397482557127364,0.05215811228763776,0.05076379621188055
0.43480803761763015,0.022056075267684962,0.020392427998675137,0.011233820052107128,0.07670209706769661,0.027880758863401422,0.3308272491747742,0.013934862238879941,0.06216467171915046
0.15179413702766723,0.05520732164052467,0.0705314422615268,0.08481289071934399,0.11949734652976272,0.018240328696456438,0.14977316937030102,0.09971974141197641,0.2504236223424407
0.1526333755106293,0.14017755913894267,0.13992634644818813,0.1456861653871506,0.017058890368737884,0.08314580954776501,0.09362105364702787,0.16999774643894605,0.057753053512612534
0.49310002647880524,0.09155062129360786,0.028078689891476244,0.01645999077345832,0.1330697753174062,0.032598035332901724,0.06945007836321446,0.047672643434436494,0.08802013911469343
0.10175609800037093,0.3064815812549204,0.231972489628942,0.01825945403750007,0.015543385526266053,0.08116508514929104,0.06059258864463765,0.14315516273151105,0.04107415502656075
0.05610686344998422,0.13676916408526227,0.030436472246088597,0.04266675650360726,0.062209061639819534,0.24115724876953057,0.04816858147156631,0.25107802208281715,0.131407829751324
0.16102796424808938,0.03546999348029857,0.08042735419058113,0.05141629955754904,0.10917658211531416,0.12159363920550655,0.0697917111538828,0.14163873426327875,0.2294577217854997
0.05413219814748579,0.011539329852133897,0.11104864913357161,0.003963796048972733,0.07893284320626431,0.05326585496994418,0.4417306535287715,0.06978393414432114,0.17560274096853487
0.10531595970611692,0.0580280825162243,0.3035737884048015,0.020606985270216618,0.08557930010226633,0.01978373645403847,0.08791775662518175,0.1492762512738183,0.1699181396473359
0.2847258214541049,0.02227002930370349,0.086028608330503,0.02449351428029631,0.168320252482738,0.06383703598625144,0.06519564377600388,0.09797110019052913,0.1871579941958698
0.10573532021978942,0.2590795073633734,0.11035555465012026,0.06055145694457719,0.1493872101887955,0.10594282435138273,0.09096985665751113,0.06243487938775405,0.05554339023669627
0.12283917792676208,0.06370064748165356,0.03424967938485899,0.09942642944051149,0.06933191673903852,0.411769356668501,0.006746378488404319,0.06341289562304737,0.12852351824722272
0.3425558931872079,0.05692275960988583,0.05899938075340738,0.02696845032126431,0.06563403244741338,0.07039128279718197,0.04637471034857446,0.17054518597750876,0.16160830455755595
0.4253791484244826,0.029883009983808922,0.01755634268710164,0.0701115479993206,0.10105379927891657,0.1496154892432769,0.13821346488488154,0.021767460751571533,0.046419736746639816
0.1710537125328373,0.05183781103218595,0.04552973816152211,0.030426420772860226,0.056702218673192924,0.08831219800755176,0.14455116749286553,0.028027397055747093,0.38355933627123706
0.3494705652839764,0.05871069040393854,0.12997322481720905,0.022176020441389555,0.06124607159193715,0.04287240214018826,0.11292531282172047,0.10585055210801882,0.11677516039162182
0.40015058066929804,0.04948134251763533,0.06102944673270403,0.013264669510152828,0.07310903174810338,0.032823950299600925,0.1681284811590846,0.07104158224417001,0.13097091511925085
0.10434916224459284,0.15994908473313332,0.06431884146795804,0.0817814490328307,0.055200250645822506,0.0857912343584224,0.10425952058519326,0.19475052055722877,0.14959993637481814
0.16550129424564697,0.09471425004350591,0.11347069535257064,0.11429120232646224,0.07523455063824992,0.08807808813342499,0.07513421859254289,0.11592921886815004,0.1576464817994465
0.04019026739020073,0.15999424790378242,0.24291366564749262,0.07003092662580955,0.03628644656113618,0.11467755208279957,0.21351144135073888,0.08495975877567996,0.03743569366236007
0.1628615258933224,0.05121862757542297,0.05235314366221882,0.08256355275795368,0.08478548333972995,0.21402089901862695,0.2350208847174835,0.06703536999647411,0.050140513038767605
0.27578862604905824,0.06896221718765112,0.0599646867645501,0.0663726995541611,0.06626737113510932,0.1841097529209792,0.024732539629252554,0.16182829815199828,0.09197380860724008
0.18470916947924584,0.3117094998112851,0.020829675603738326,0.00714446575991904,0.039806163990661135,0.1918680536977521,0.0591430568028801,0.06753870634938601,0.11725120850513243
0.43381721915279786,0.2759450253167636,0.004210005232059756,0.00036607120513325276,0.15567551364738288,0.07245816722046437,0.006863379470650739,0.02201233252885998,0.02865228622588747
0.4438939085738349,0.04657494636658476,0.07668604284514535,0.03065599986539844,0.17462132929077398,0.016836363194252756,0.04340396386605047,0.08085797798637613,0.08646946801158324
0.5288570318996001,0.05844916095154979,0.027602946676270945,0.006653899774617877,0.258582928014961,0.014847831812983358,0.008164766819394154,0.04940402093111212,0.04743741311951052
0.11440310654963108,0.05624519168388705,0.10516574343803396,0.010363756444175995,0.07511034588640962,0.08680437378936512,0.18921340404053186,0.042867961935394105,0.31982611623257123
0.09675562792916892,0.14165923860815705,0.057998001701284,0.2305884492505438,0.033455849410594034,0.22357162568087108,0.04669346300521569,0.08611420314200176,0.08316354127216365
0.08351159128657787,0.12222604346555486,0.11233708744414232,0.03930011159981659,0.13779103604723508,0.2439737312579774,0.055891057135535986,0.12022996493340565,0.08473937682975428
0.05044197031370513,0.08784441252274594,0.10488573989755275,0.052799455277870166,0.09044687946642672,0.11573074677202333,0.31949934998876967,0.10112653559559831,0.07722491016530793
0.254645601215202,0.10153505721380669,0.1889634004047681,0.04347984596521486,0.008728318655671677,0.080735727117327,0.12985482843173832,0.15726282356210405,0.03479439743416723
0.14738826046626655,0.03557437816766453,0.25481687706557293,0.005821735506804311,0.07145794560023,0.025962911232289557,0.1481355282410468,0.05886832418233897,0.2519740395377863
0.06500316999478338,0.020860310096102935,0.11768971822536763,0.025328319528410314,0.0828011906343006,0.17722430535156233,0.2867623469679632,0.14937654821726773,0.07495409098424181
0.11320253607780469,0.19987815135987508,0.17152575711571874,0.07588960885331879,0.0675873272937298,0.08585316537916705,0.04082501306485479,0.16601264520316275,0.07922579565236837
0.10522217120880883,0.07697135043801827,0.028089070029104723,0.0864317586143462,0.04966992384268434,0.3123540028845136,0.16624789370522577,0.07776264271296719,0.09725118656433114
0.11715409953570304,0.04589523665855167,0.062136231445387484,0.028858121371503332,0.17832065485772045,0.051880762342846894,0.05976447096095112,0.0444100102163516,0.4115804126109845
0.04382858671886488,0.11892594327288449,0.04160209657952019,0.4446336604821675,0.05035307440271395,0.04863395957240859,0.03950035504755054,0.07950816816601061,0.13301415575787923
0.0501399459538239,0.038556887309233144,0.01768077802862251,0.03276514868370382,0.22731078169793317,0.4235882387357936,0.14978293258975,0.02187408801646983,0.03830119898467004
0.06090702083191207,0.12699090028914742,0.1151338189726484,0.0980414592970477,0.02260608175214134,0.1103836937343859,0.13897556025242916,0.2253529089923453,0.10160855587794256
0.42724199064598994,0.07023399193807074,0.034933208641039167,0.06775898924276282,0.13182642915044981,0.024332873871855263,0.04851660541727642,0.0513284242841465,0.14382748680840934
0.12829200801292906,0.05283858841197186,0.11479433434841589,0.3214622785089155,0.037913925081136224,0.10845325895789847,0.0618096515779847,0.12446600793990681,0.04996994716084142
0.2920425518037629,0.12003298740445961,0.013388398071311439,0.0966603849899094,0.07740224277648264,0.12971118677771717,0.12603942105036123,0.03243081965480898,0.11229200747118663
0.18044919787871883,0.015585952988153262,0.5181775290376617,0.008452193730426534,0.05729531624471893,0.052343395624068055,0.03406940034964628,0.07564532235099021,0.05798169179561621
0.012902404939109158,0.17613422717026686,0.0768725515548218,0.07678678789677607,0.0451601984728196,0.32517530744860634,0.20041549150929705,0.025471324584074206,0.06108170642422886
0.26929207276680006,0.058066522565743094,0.14675972770194498,0.029080377416603884,0.05778878563944053,0.05931241731319282,0.07095783797829869,0.1604825869306135,0.14825967168736234
0.25220944126708195,0.07289515921266658,0.0718108502108598,0.16438204621105512,0.10580724617614622,0.05686599702566076,0.055549686272965304,0.0709234616111077,0.14955611201245664
0.4285279198009981,0.05362797356496271,0.05402811205838953,0.057702893855329646,0.058271050047462684,0.12687346948176406,0.05836115520261972,0.04327587069930814,0.1193315552891655
0.23950928761787926,0.030094217567018883,0.050109487830010034,0.003780187451915182,0.09031615959791711,0.0149329473703144,0.4277539111019933,0.01805909126926016,0.1254447101936917
0.17011107259844474,0.2065621560609514,0.06164789712691902,0.04627601879274732,0.021202294397065276,0.06258309492823903,0.12503812029373637,0.22050570742756248,0.08607363837433442
0.19010174513280634,0.0871774242154727,0.18933894744218305,0.05613519575844337,0.08530311119871321,0.03504330604411283,0.1384829020729947,0.12735606377449987,0.09106130436077392
0.2842052162639063,0.07518304424708354,0.016951058097695093,0.005870309059440171,0.1601098358220073,0.1956504704650529,0.1985538282013274,0.0160058867334241,0.04747035111006322
0.14372971166454754,0.2325367987287376,0.15758264024175778,0.04810483752868624,0.019512605774754704,0.11819138329526023,0.09632287778306291,0.1274772033825395,0.05654194160065352
0.26353276945854603,0.14968503938963898,0.09781820367568246,0.06687809709887917,0.07055592323410985,0.08598655429373232,0.04645823503877065,0.13648974767978148,0.08259543013085903
0.08361737697909617,0.06504048490610193,0.03264961682079329,0.013811983660405794,0.10667163982892552,0.12494378926442767,0.11999960551644445,0.0732059348375777,0.3800595681862275
0.03108613896507893,0.44380892554727547,0.03362295248349309,0.006329975645761015,0.01840225938533295,0.323058579259345,0.008816602214087402,0.06365852244639815,0.071216044053228
0.04445033462126293,0.10357990337986327,0.06873253682069762,0.08589279587664082,0.09275860208387375,0.05333230939559295,0.25396559402167246,0.14652765069896692,0.1507602731014294
0.07506276239847694,0.06200966474230352,0.04643085013965514,0.05292502545975542,0.10601878416422107,0.05260964707422208,0.15534972515982406,0.06046970979825106,0.3891238310632907
0.3970404074057996,0.042889700009184635,0.1388718156790408,0.10644646136430651,0.044052782731330786,0.04081327735581162,0.05130483716492067,0.0793140484448266,0.09926666984477883
0.408804485145798,0.08820478841056856,0.14088905844832614,0.03748497179379295,0.04376124043394004,0.037199033095921506,0.059438763844874794,0.08749702113197305,0.09672063769480499
0.07233771979805766,0.05941952097813521,0.0653311516699009,0.0924268135083652,0.05084552175814574,0.15655390640462394,0.10127226243900712,0.15147822039043135,0.2503348830533329
0.03386703399847547,0.10658639396456489,0.09303061445979827,0.0250205417329385,0.04604849894929416,0.3809813671475222,0.18705935541548704,0.0729173820505049,0.05448881228141467
0.21217805035477108,0.10721985695469738,0.07057363207987345,0.018696678922822434,0.08312608337369946,0.2134556045804382,0.10847049646591184,0.0332672610740789,0.1530123361937073
0.030450452752704398,0.16831015242966177,0.11794714074874284,0.06331106751291478,0.04119356450034519,0.07659595996513774,0.3667856918908521,0.0691330856544655,0.06627288454517563
0.5965246397125946,0.05583195780319345,0.06221447602517951,0.026092508286880516,0.04196005111765699,0.025563743475064658,0.018446754263303635,0.07098573315264405,0.10238013616348259
0.08848603665752676,0.10490912060945916,0.027419451632875305,0.012430912460576815,0.16932025142437437,0.2320479251874722,0.06084502865553313,0.06764231812096334,0.23689895525121893
0.04497017968890163,0.13986144394156907,0.0955330629478287,0.04042865186335387,0.06957482184384467,0.2014453539257057,0.09921234979654214,0.163325091607909,0.14564904438434506
0.13283883221080994,0.13197336557859787,0.04816993045079566,0.04085733040589353,0.04772290761445702,0.3661828732366133,0.13517594026304694,0.043027920787890105,0.05405089945189556
0.0664867220832936,0.08559585355586746,0.03275146229118905,0.4251654415167317,0.03790984575323126,0.06890387663970594,0.03898599001486294,0.11674689534418407,0.12745391280093402
0.07887857644224437,0.0953857067185898,0.05828785819889379,0.22081903558262353,0.0779072966137006,0.2063895433365609,0.11045955989241978,0.07083950560637121,0.08103291760859604
0.012903705238956188,0.114260723408391,0.11290430977814266,0.07718320916419023,0.17679787082455853,0.192160252314299,0.17322934572763768,0.06415698793227066,0.07640359561155406
0.03915969894106351,0.1455637334033333,0.03878894994617019,0.17886572995749614,0.0510355268312743,0.26729544540959765,0.06634473120029584,0.1222226709411381,0.09072351336963096
0.4200767951564644,0.018999653338026223,0.1208809803789092,0.006880788657561814,0.16382817464295601,0.04183080158010278,0.1469818917396087,0.02673903388814236,0.05378188061822851
0.42854819729306354,0.033199309287745095,0.038658098346329405,0.013129651919707023,0.1100989002744378,0.11176868136025803,0.08426141610903363,0.08474617244923877,0.09558957296018684
0.1140527237036646,0.1685179638783331,0.0603568582576422,0.03015843034173586,0.06467945876544758,0.2690609727446092,0.11691829155510051,0.1308203724449846,0.045434928308482364
0.2387555269962426,0.034007248462373726,0.23864832640295788,0.00515695721112979,0.07992030131197146,0.03933913968687107,0.18051036259240638,0.07795521306772923,0.10570692426831778
0.026355169481164564,0.09369929946953032,0.04251670067311971,0.03146248816625801,0.025124783559202665,0.3078104590976105,0.30637493219845763,0.08232793751693628,0.0843282298377203
0.048762790182040945,0.16023758609738853,0.0739563188750695,0.29783712237708543,0.07565214282594503,0.08689370517279749,0.08748641645999848,0.09653966392359596,0.07263425408607853
0.17319990449142816,0.0616638076819274,0.0349668307239612,0.02108445516900977,0.26023197169361795,0.0929637771607746,0.20985543236680418,0.05432095710580879,0.09171286360666793
0.09960229369183182,0.07419956723184779,0.08138190811485592,0.09380670742174439,0.05606700088832667,0.2969672798011866,0.08823902583740462,0.09207106555793469,0.11766515145486751
0.1895984351053345,0.05943602464437481,0.07153354019884252,0.02692502966460125,0.07890527023916054,0.05467594714312046,0.29702295009847046,0.05362254554136883,0.16828025736472663
0.40199635308253406,0.02805156873124387,0.05460040278280067,0.01262725423333491,0.1355861609400282,0.03823443736747111,0.06643359609235075,0.12262809921623226,0.1398421275540042
0.1291948570320857,0.05377470614357777,0.3321235447978061,0.004243481822514762,0.03886918166513632,0.0165672500111833,0.20542851056910516,0.05765505080168387,0.16214341715690705
0.12165423767046529,0.18115743853167765,0.052518345876823906,0.1383395577336398,0.02887098290279119,0.07204252889372285,0.09606708136218876,0.2285521481439097,0.08079767888478087
0.016733212361000536,0.26304621705972026,0.06157234881194277,0.041325261459276674,0.013610366277014984,0.36092427141664546,0.06666556323400334,0.13206478080452885,0.044057978575867074
0.5114972471942425,0.10678879441204213,0.018509029466727254,0.038423768801892126,0.04998545302982007,0.03974300665952451,0.14833524967597475,0.028229890453942728,0.05848756030583396
0.3275612790604924,0.05765126237531507,0.09218329988186892,0.08469713036429873,0.06616085085060368,0.10982059432881931,0.1514920361594662,0.05058733072862043,0.059846216250515304
0.43662228481679605,0.02621319512110143,0.03276102115575727,0.023805077395846825,0.10648226613261792,0.10656151997732362,0.17662186939496513,0.03261609790048352,0.05831666810510822
0.33055423846256954,0.03951407415803438,0.15076154280831394,0.027654801951806463,0.0986122609384716,0.059465482572988275,0.04712352513620568,0.1473714030790726,0.09894267089253754
0.1317213905843468,0.04632303465168486,0.285321732905824,0.04435728922782491,0.1080539766442043,0.13331238734871478,0.08837865229330154,0.09635003039935752,0.06618150594474134
0.05468345852712258,0.09803038957300055,0.13986151786010312,0.14560046125456286,0.14487951107753003,0.26624156224803425,0.05609233484039101,0.048819155528433744,0.04579160909082201
0.11551714717330659,0.11966655705857003,0.09074001125438198,0.018551946477021387,0.050075091730838295,0.0331519703985794,0.16118982164710108,0.07923208744000221,0.331875366820199
0.18632240132140668,0.13967757526144203,0.15616692767805931,0.1430162194542511,0.022723023577131938,0.06946375832664274,0.04909687391675641,0.11804297669526677,0.11549024376904304
0.19076483429243551,0.11888082738321813,0.06133918382007892,0.1185050668068763,0.05834373639771449,0.1584586000239013,0.05484046269263886,0.13096534821293837,0.10790194037019803
0.1101234580933302,0.22733986201345305,0.04437694025502092,0.040360591273611475,0.029462333075030767,0.14862088984826552,0.03439768830416499,0.2749859884514882,0.09033224868563489
0.14185371384100096,0.02955416667312365,0.03352862185220385,0.032903227492416004,0.10598026152144262,0.052534339978054574,0.15656783018844825,0.02622091297033832,0.42085692548297177
0.06838447813591579,0.22674916593299266,0.06025685084156352,0.20151514979838048,0.0488457129030277,0.05078199880141626,0.058682623692308596,0.10524824408676459,0.1795357758076304
0.18325278355708519,0.30981366359315327,0.0639521186235452,0.04906256455939273,0.09738917384989247,0.07265391757999325,0.041612181256435614,0.09443138988410367,0.08783220709639865
0.3134027798627656,0.08500517837756912,0.021011839685651748,0.054137950290780175,0.056835865481312066,0.020394251127347534,0.2567306526006495,0.052007090803031536,0.14047439177089263
0.25490427712416347,0.06489094112010713,0.09939272620224603,0.02354281421748672,0.15316028103876966,0.0989661104931095,0.12135660529027266,0.058092106219103934,0.12569413829474077
0.01954780336359414,0.07850695809885029,0.02776112006630901,0.016685484975391126,0.2876299231057473,0.2076767873348858,0.04407290106971976,0.1069148151474486,0.21120420683805388
0.07464740083719415,0.0895186713709325,0.21241291319185554,0.1328283336120832,0.03646690952344844,0.12901723396111428,0.07265190836627677,0.1995864671210806,0.05287016201601454
0.03151502134795477,0.1412519910449914,0.07372934675716222,0.07086705603520886,0.05012101696296851,0.12089759219865215,0.3384438112407973,0.10586013852539135,0.06731402588687342
0.3879621840121614,0.025986899943141187,0.028270526669709865,0.004223659454476921,0.21866752997026828,0.15171729778961343,0.06769962885857156,0.045351220575901095,0.07012105272615611
0.09032409258185368,0.10239790430247157,0.03345693387507173,0.002977641698939436,0.23006702497188594,0.11384045038956332,0.2105200931925998,0.03788918666070893,0.17852667232690556
0.5994314491331271,0.06554987977816838,0.039097097743465405,0.007587048248277945,0.13567333656506753,0.016466746031250826,0.022834984197141625,0.03734848881173617,0.07601096949176507
0.1975432843625358,0.039381587922740276,0.1796315483153751,0.01644174639048798,0.05558245791060886,0.043485901068786866,0.18815903657937028,0.06923048476980737,0.21054395268028747
0.2706627115143721,0.02658749036098598,0.044784083249807205,0.055771178946346193,0.07307026555318404,0.1192812096021843,0.15438515632992422,0.08690617490999557,0.16855172953320033
0.47889357720202597,0.05456707578229878,0.027548564338396985,0.021674900437310064,0.08020287113288734,0.04958359151436545,0.06503810357900604,0.045832895388741746,0.17665842062496764
0.5985574517262519,0.08169011838888778,0.017816492180078036,0.00571345985837885,0.17716849334005894,0.020224749538366792,0.01406256388898242,0.02685466459047541,0.05791200648851999
0.32612390699067806,0.09309152084783401,0.04118859876152635,0.025668336437522407,0.05961747352813551,0.09014106765232655,0.07390240485745299,0.10557379879235902,0.18469289213216514
0.09543324953878056,0.04095431880011844,0.02061622927973099,0.020170318367379897,0.19683363395558295,0.11042998483239641,0.0973284482172933,0.03787369945342538,0.38036011755529214
0.21256999835904525,0.13356306611482335,0.0757808504981603,0.027119795402752903,0.10592558580047302,0.02056953481146488,0.10142399593783724,0.05858398490178396,0.26446318817365905
0.17999140061418506,0.07393561255641656,0.2469581939327233,0.01791872331190702,0.062041594686791525,0.06856114820374966,0.07758465184882961,0.06488413475220713,0.20812454009319017
0.15990216903233212,0.1937185254132391,0.10348103053642937,0.07396195302494724,0.025549246191786557,0.09218000956595825,0.08809907364594001,0.1887802976459435,0.07432769494342374
0.2622613135108327,0.04094359366352638,0.1414998292324229,0.008442551221213028,0.04748559061704899,0.04110605689779906,0.26829290785953086,0.09803391568954499,0.09193424130808102
0.026905638723764277,0.08432482270991175,0.027722001869282795,0.018751279336665375,0.026164077696407623,0.6527595150984183,0.016578563872269244,0.0466429246465658,0.1001511760467147
0.38043190746325645,0.02040819198657103,0.013490096252009103,0.013260330851626359,0.05825703476803389,0.07521279650610142,0.3162314209301273,0.0672829721680172,0.05542524907425737
0.09734485617116671,0.23083730432625651,0.028958654945080275,0.021218640607265946,0.0423154659981417,0.3430157291523674,0.03594550823417277,0.11078602987762964,0.08957781068791913
0.462029293656179,0.06412205176451738,0.03378855211364882,0.04932306636924153,0.06114680128240323,0.10349124020279409,0.1421089091182133,0.022887378716618934,0.06110270677638372
0.07188757199075822,0.10647318493609757,0.16078134618989737,0.1648420267929923,0.037361483607787384,0.15952012921081996,0.17288008029235846,0.06381471644021391,0.062439460539074766
0.3821776035416997,0.08072233557473762,0.04711025384991105,0.03518809095978721,0.06620698476176283,0.10818413174220247,0.06829403710193836,0.06120203478205347,0.15091452768590718
0.00708694954567483,0.05294865084666419,0.1498423685826487,0.03217122527277587,0.3263037178880472,0.16013222767585436,0.22743144789635147,0.01326271161535543,0.030820700676627972
0.20844148213778638,0.15862652341048686,0.11807110143655901,0.05840894951915904,0.020893989196493493,0.07087481763411452,0.06379910788189201,0.24836092409133337,0.052523104692175325
0.16619609987250028,0.12049475414841408,0.021741062944867176,0.07339988346627213,0.045970013510892,0.3342503644963181,0.12610616760964735,0.04541910064637086,0.06642255330471805
0.38628410001847663,0.07792881110753742,0.07501340240916457,0.017171599290042385,0.04301958416660912,0.0413938035235437,0.19766182768652105,0.0692917605456247,0.09223511125248039
0.03866433400928825,0.1571696905118162,0.0605385346425992,0.27623302045526854,0.03074843425783366,0.14541725737534802,0.1015503381750185,0.09629269848927764,0.09338569208354992
0.0677596992648511,0.19429366716158833,0.06520924500794557,0.08133961128719998,0.038712657685460464,0.18772769711091622,0.26124107040924116,0.05834205678938196,0.04537429528341516
0.0975316241362889,0.07402697917653803,0.04747996845716337,0.03083387559202283,0.05728368661958013,0.4184438203947412,0.04323760333781729,0.07765101047470185,0.15351143181114635
0.12009464783388628,0.1614735154495637,0.09415622512788756,0.07747715460952319,0.11149660094412589,0.11114289128976275,0.13049019136907966,0.11696486891473552,0.07670390446143538
0.09204877178097459,0.06921264575352543,0.06337611575771739,0.24594993075649105,0.03813713814604104,0.047311496050796605,0.1288370586945948,0.22415753295785926,0.09096931010199973
0.23854894669289428,0.1351191720574142,0.05196506700070658,0.09634012634669793,0.04726106033997845,0.0944278295879204,0.09514886892403045,0.15003088989198196,0.09115803915837568
0.23352921945262503,0.051264837869830236,0.021746489967486845,0.01904538891562486,0.37180199405719083,0.024276225756312882,0.05150603875456142,0.03973658144169818,0.18709322378466983
0.27753387698427434,0.03998226493232496,0.1783594741894454,0.016850099771453114,0.03841412320134971,0.016872572548522327,0.32833781071115437,0.04319001050054277,0.06045976716093305
0.2863509477912735,0.05859235599372296,0.13233311982364612,0.1358691240261359,0.08092554151253288,0.03157367629904892,0.12820089454476782,0.07072686156399478,0.07542747844487714
0.45221495387826566,0.07929035077000991,0.02500995427390874,0.04998776350962101,0.09045099633415053,0.05352458352400607,0.17047011013063074,0.020628572215218393,0.058422715364188964
0.027936414263069375,0.06158504230986872,0.0606358096094331,0.16558003562060625,0.07926911655816544,0.27207513236863284,0.25478553897361594,0.035147328831573635,0.04298558146503476
0.12242288227485003,0.1699448056960878,0.03666922925116266,0.07654097753131299,0.03247213707631388,0.13302879071372162,0.19611567774617633,0.15828531979654012,0.07452017991383458
0.14943273591561135,0.09128457942712309,0.06298889806904813,0.074485738377851,0.052586571061938404,0.23055813170524475,0.023412497632832176,0.1879906465763317,0.12726020123401938
0.4254713607594196,0.08532146620169541,0.09028663138950914,0.0008486380422363217,0.11154504728357056,0.03119108128158003,0.11535691350084859,0.0501786471925173,0.08980021434862302
0.13739765590437228,0.04884558347057192,0.15978736804528137,0.23020892114719857,0.07314706124392302,0.14569814286289698,0.0785363446367801,0.07098188432516417,0.055397038363811435
0.3494038124144378,0.14129836112401778,0.044647050150733475,0.011449882931171532,0.13082037918374312,0.098543936893514,0.1277337834052233,0.044236392633206945,0.05186640126395201
0.36075460819765004,0.06676610396175846,0.10115335502728635,0.014766403633633672,0.12003652974651054,0.08250119865973544,0.054415812578882505,0.08577580290613634,0.11383018528840672
0.05712112705957794,0.10087648022538831,0.121379429903254,0.1372512514800162,0.06690011032791839,0.09014775369547534,0.1311941310361969,0.13851851622195993,0.15661120005021298
0.4097951316022003,0.06244562255427824,0.08534471758399832,0.04851502594667654,0.06471379007172598,0.1292387006888672,0.09844356199104143,0.03417853552524288,0.06732491403596923
0.01482479049846581,0.13384870271433658,0.12932627819092427,0.013535512705626035,0.4543259176051222,0.05772213593890951,0.10705234533839895,0.04266749793674678,0.046696819071469824
0.07513309531517609,0.0827924302589062,0.11967893245070964,0.05257915000670844,0.06629448459509886,0.07593248368934331,0.04266398340946479,0.29679908079781464,0.188126359476778
0.03325837174028376,0.062157444048692334,0.01613609035640016,0.012593540845188657,0.25646355344261845,0.42461587141781876,0.03404021072767518,0.04698082626636557,0.11375409115495716
0.401608256340009,0.025201834486260094,0.009296289915932497,0.06329469945043793,0.08188118192431766,0.25881609289273494,0.049457545268343506,0.030639381357085587,0.07980471836487872
0.06529955423913643,0.2084478128927808,0.20605261646225417,0.07120779485892105,0.0331726755763948,0.06637385565762892,0.06168078521900309,0.1983329834353222,0.08943192165855858
0.48752913187194213,0.13030647005612225,0.016572958363850056,0.010979467617621272,0.046220717046413375,0.05823387524035791,0.046726093593817936,0.07045899214355142,0.13297229406632352
0.019534973181535308,0.05151644226096091,0.02526457197660291,0.0866374829658562,0.3737967008899359,0.18026903074900413,0.21391170370500015,0.015191436308366052,0.03387765796273836
0.05524617829961733,0.08493376728341469,0.14884683736809096,0.08997802493787155,0.027614193952304255,0.1653298430676372,0.135509235986101,0.16421666208129637,0.1283252570236666
0.06945701775423499,0.1376701280601311,0.05398599277352267,0.024883022852567455,0.062320980674218714,0.21702279623994325,0.16648364763111476,0.13488554309573955,0.13329087091852734
0.01967769382119635,0.08360941207056577,0.07454039199227178,0.02576195873379146,0.45321071315195544,0.16128120316451486,0.07053528457914525,0.060254441744340685,0.05112890074221834
0.0206882617156202,0.15900224992071957,0.10500479649013195,0.08299665350199119,0.24324637925477346,0.020782959326675635,0.14992423703201607,0.09654460874935822,0.12180985400871369
0.15282252032988644,0.1886842975045783,0.18739350695386428,0.04440543692883697,0.008985792967012475,0.048089546613044876,0.1854596172884028,0.1378526549901962,0.04630662642417757
0.044829185350367305,0.18262821690517825,0.04625107080556975,0.08489841732512571,0.036419308933860035,0.3548180627631865,0.07226911034820171,0.09247953423718397,0.0854070933313268
0.169392968375392,0.2571597785875234,0.06432837439389767,0.09797070022400113,0.07663563149639384,0.04128195910371068,0.05749495271190638,0.1252192443357709,0.11051639077140396
0.21754896494690049,0.06561736824717741,0.05741193842750283,0.25009378611475114,0.0406580135656747,0.16783367363693114,0.02658110482039748,0.09468842235353457,0.07956672788713019
0.13999243392806218,0.08451476838053694,0.039359243794916614,0.3677893148626654,0.03401460198257785,0.06935552622014816,0.053843454752515174,0.10888816369639308,0.1022424923821846
0.1601294682646466,0.15351658545126856,0.05375851323966896,0.012555094884534343,0.04724550414362227,0.1903361522970998,0.0530165957652582,0.15968797267226995,0.16975411328163123
0.022403632970519904,0.09615644773791905,0.13586930938285388,0.12490053798281105,0.08112667772167337,0.2981025788967437,0.10430474017851628,0.04512529626245593,0.09201077886650681
0.06505081438038203,0.10140919635525186,0.06137770658917088,0.3461860506340815,0.03178573740428988,0.10198720215325759,0.08412057752366642,0.09528361771196465,0.11279909724793524
0.029679472518614802,0.07421724037291076,0.0850891234448375,0.05051560542096365,0.05259524712503217,0.47609666761684183,0.09812013213885146,0.07244075608045865,0.06124575528148916
0.04910885009729941,0.13774981453497603,0.0469171708620428,0.026026035442020545,0.055893967616207636,0.37667107578682507,0.13429830612774987,0.10427589877490266,0.06905888075797594
0.1638640798286386,0.09372491664171768,0.1726078574422926,0.009129741176140247,0.14009935547023614,0.04578140779196646,0.15439319057263687,0.13357560014734535,0.0868238509290261
0.08798475320652212,0.060149698374504214,0.061474747394377326,0.01589664747470333,0.08030739396142236,0.14057418004184882,0.33245124070964205,0.08187179608815354,0.1392895427488263
0.27962484739546734,0.04844115625675018,0.05039279772887952,0.015918519419845355,0.21734646056304566,0.035748864105801186,0.23626350050800138,0.042899483460719263,0.07336437056149016
0.23491176163485705,0.013903316389169626,0.04025480124047968,0.0035304792297981787,0.15601587647704407,0.01357787528506318,0.3915694506295244,0.03267826189575419,0.11355817721830963
0.10216434751744492,0.06904879546403837,0.05401114463037924,0.08130188311705287,0.07950801073803675,0.07446322629516368,0.10301889616831315,0.2254036569955696,0.21108003907400139
0.44126698072618825,0.18184578445753843,0.0330603481073645,0.028848752398894086,0.03160224990584995,0.057569698719188406,0.1032933683179504,0.07098051022275144,0.051532307144274536
0.019085924428939707,0.09572516622488979,0.1278091692077895,0.05967363310068757,0.037452399882910596,0.19675348162920192,0.32597354132469103,0.08829364134626409,0.049233042854625736
0.1021530188012298,0.04437278887748738,0.03267178886638281,0.05196989936670591,0.2624522071543503,0.036667292884625516,0.06482991461245725,0.025428681633508365,0.3794544078032527
0.416328812107926,0.07666437479529291,0.02185905380473319,0.03084164720225094,0.09364909682804971,0.1319366296804377,0.0857152517579562,0.04356112044065263,0.09944401338270065
0.2898484301757397,0.030066609821513126,0.05101616324325952,0.018833837415539748,0.03356228543137104,0.013491203348053841,0.38403901008462676,0.027632807706186365,0.15150965277370995
0.39935117451234287,0.04368171805947971,0.2280637137648737,0.0027046648893605447,0.06402724490717164,0.023410477765653425,0.09838212791796593,0.023574752680501576,0.11680412550265061
0.41282555420613937,0.047026755999978666,0.01805071232835567,0.03734615231313511,0.16105076813074934,0.16614450062344732,0.040377699601797566,0.0757727788491424,0.04140507794725462
0.032011617152757264,0.04807127909141882,0.1422641143503815,0.08698491205739944,0.024036778505723746,0.13102861224278634,0.21616382306184342,0.14890151184548217,0.1705373516922073
0.0608372693336992,0.13673129261861688,0.07889498202566037,0.2613698007478494,0.05284052805851469,0.06214085050226661,0.12150721757042098,0.13716854925829736,0.0885095098846745
0.03224422806364976,0.09300717141846858,0.1404949975026714,0.20804922965798814,0.11190710338006953,0.12848530404093947,0.1566540946491771,0.06748951270184989,0.06166835858518611
0.24410899190378121,0.03833605419844655,0.05761532287233375,0.04080732511993859,0.20451035026982792,0.1163272918757907,0.05681243821033799,0.16939434702292974,0.07208787852661364
0.1263665420312081,0.04960430534907309,0.1591714394752534,0.05449389530086273,0.27279374466834233,0.028844947503752327,0.10076124211805822,0.10878232165373874,0.09918156189971113
0.3824306517807376,0.07837231300881488,0.09955447118630512,0.02040965010129085,0.09997473810164814,0.02577265231184542,0.14075578163004668,0.04314864688266277,0.10958109499664857
0.19892680361410944,0.10113986673222936,0.03909962532778143,0.03395841571103957,0.06438675516578712,0.19033241941768564,0.09001649750082129,0.11960100440973669,0.16253861212080947
0.027876093588120165,0.09683154407911626,0.030781059414932966,0.004274801439209683,0.23293558303069983,0.3237598454356697,0.04033970738182893,0.050599430048686805,0.19260193558173558
0.48751621025562536,0.049436001365794596,0.07047996879469824,0.007198418060369756,0.07209784668197948,0.06678946713301415,0.06647291890990957,0.09879487757535103,0.08121429122325792
0.20597269546254102,0.14030290334956372,0.04123559471117834,0.206168249119276,0.032380200829311125,0.09141370035502622,0.06610365765428354,0.13503091393235703,0.08139208458646298
