0.09728107649675698,0.12069094217411551,0.07729602102384826,0.2228828752814088,0.11508259206137543,0.14133581991171326,0.09131832066488584,0.06258892104092505,0.07152343134497095
0.315550873909139,0.06075379689175861,0.24030371262597142,0.08277444392976901,0.05621808957230475,0.12836841881693029,0.055862761802791365,0.027920106216698104,0.03224779623463736
0.1359648137025151,0.08609973508305756,0.13665179065088248,0.11446847745061557,0.09476545570220533,0.020670637566196266,0.27236168896859,0.06707653325996148,0.07194086761597622
0.30746577875373404,0.03753813283945366,0.12173688072488038,0.2001158656246356,0.06586592891183773,0.11019577701632582,0.11807256503038888,0.021278695268674402,0.017730375830069464
0.037967052283802524,0.015573574718557392,0.15904489338841277,0.06832594356848146,0.040270111402569815,0.02413877012088089,0.5537024040051021,0.07331339005168898,0.02766386046050405
0.18405524776935425,0.04941823234409068,0.08394892560267271,0.187843476028048,0.06620986234326671,0.019658664518490923,0.18102379545876246,0.043178984978632796,0.1846628109566815
0.07882916996344902,0.07455993060260777,0.04798365404588386,0.047664669695561344,0.1291215216258962,0.39361269964460854,0.0745170422874775,0.1335307643977634,0.020180547736752156
0.07924793775720314,0.0329570417551708,0.1376128055433488,0.041892641691498866,0.04236510315013876,0.008027189755405742,0.22599073502464076,0.15421873882606132,0.27768780649653185
0.45037378591924554,0.05423006977133729,0.04308902157275574,0.1201918667892745,0.05661868566232564,0.1553781251456666,0.07332356009725367,0.022961167833508555,0.023833717208632515
0.035846750808481785,0.08108235308356453,0.4501447636383431,0.08789909646083398,0.0029775118680606077,0.01234972912467687,0.25146636704345315,0.07278561602096344,0.005447811951622509
0.20858031006206393,0.06458605246227672,0.1063082245070775,0.08471971416865016,0.08852336219107487,0.06625610976860873,0.12063100981376966,0.14791716716422898,0.11247804986224941
0.3435917138017122,0.047013257674605624,0.06414815446544461,0.08294960964250823,0.1335989298269008,0.014504076970611767,0.08579809063709516,0.0396215980362719,0.18877456894484967
0.06390460670007113,0.060770832796949927,0.20274041153244568,0.05589067087686531,0.025254073791357145,0.01196711984439907,0.46853921017600664,0.04660691503589439,0.06432615924601058
0.10982102587612376,0.2403752449687271,0.2518691453249915,0.07457316745457125,0.0347507490128125,0.10240795613623212,0.05753887970817426,0.10640130736649762,0.02226252415186993
0.3084711701025323,0.06500228992307382,0.10089771984826867,0.13508146512575078,0.05695011125334157,0.20003333059305103,0.0797940660226407,0.037478937009091766,0.01629091012224945
0.18536643619929097,0.08101039685715326,0.04806528507772436,0.2544065636863382,0.06690323460086652,0.07172500858105828,0.147440168773699,0.05643054096803065,0.08865236525583875
0.05126401808744305,0.07100009414491078,0.1317157934456761,0.03695736439699251,0.06324390456322625,0.024773447644377083,0.23841508968666267,0.28877647296083037,0.09385381506988116
0.3496490489596238,0.09184847349633922,0.09193349049890455,0.049022025903065786,0.0903059281702886,0.04489756071643791,0.08356281520641477,0.03805355808874738,0.16072709896017803
0.22403460745054213,0.08987482075924087,0.12192744870087176,0.10605178700594381,0.19576558654114895,0.05295058602836077,0.07931541852769097,0.029423188787099614,0.10065655619910113
0.22315446034578743,0.12536320669434922,0.08432729683433297,0.04865319663408471,0.07451260419100138,0.15688306959932088,0.04367297184709649,0.17563575834939374,0.06779743550463313
0.3869194950981072,0.043500974356047016,0.028979533592870903,0.07712296912418526,0.07617670555630923,0.2005883854902538,0.052510392809831,0.03353692563928042,0.10066461833311517
0.09364442590735837,0.04598843959277133,0.0377158863156658,0.09523449945668201,0.09728650443666953,0.42957422186956373,0.134361919063571,0.04006603276074616,0.02612807059697203
0.2098216165551302,0.09041938951998178,0.11961188506276647,0.08503515435224157,0.15534506211750324,0.04576720349969401,0.06045371407051092,0.16752891425267438,0.06601706056949745
0.10102357997624577,0.10705416711702177,0.1638901844981042,0.053056302972629275,0.03140063895368495,0.04171819507437766,0.3677422568781901,0.1183708741459249,0.015743800383821397
0.22534606859730943,0.0341711239690815,0.1597457552528238,0.0069951546556227566,0.014711776986391248,0.06332703646310554,0.38498248358883286,0.10827344359155533,0.002447156895277677
0.34097503931360684,0.04634926650146876,0.1253808321714717,0.0683861977512782,0.0983306787399517,0.055704308744752296,0.04331246761225948,0.16027357196757272,0.06128763719763833
0.32027812887780105,0.0588697014775311,0.022028909255903322,0.2695585783771752,0.054490558896787555,0.15256231125689726,0.08325677679429376,0.02241618420111849,0.01653885086249234
0.04632292394324583,0.09481767572749723,0.05642981834946068,0.1002502842159807,0.06494453358297864,0.43451231399057283,0.06121569973932404,0.124692464469755,0.016814285981185048
0.12767187148842027,0.06834583588626479,0.06588395666965143,0.2596466954155069,0.09336478971622308,0.07074345488072299,0.21242262266587794,0.07412806211053798,0.027792711166794676
0.2513712254025134,0.02870528339863218,0.07222606767401554,0.09045361720541673,0.11991716836362488,0.18416623213512984,0.13412514061740496,0.07737057349134664,0.04166469171191583
0.11186578767050336,0.07034694076528876,0.24760266812526824,0.07688241856001674,0.0405873923294791,0.01580224345909981,0.3194225170979783,0.03681678102620436,0.08067325096616133
0.0808880664834901,0.02034290321397088,0.20013853537565618,0.18210756989497168,0.06410350192535563,0.014980093049659603,0.03997549364602698,0.38230466102192256,0.015159175388946308
0.34413459568431953,0.04430237422055181,0.09586140721185027,0.09115515186457429,0.027262041534902498,0.32701155535781273,0.03276191466382277,0.03503965845783358,0.002471301004332573
0.21220467341285007,0.07249023945636962,0.12337339267335923,0.1531288026101082,0.10467450024366574,0.12907308189339245,0.13017802675355217,0.04665451100382404,0.02822277195287845
0.13064701985008376,0.07441711160161302,0.04133334455174088,0.09872605716257159,0.06437868251602998,0.41257625164977824,0.07808928514289504,0.06869841403046278,0.03113383349482469
0.24223472765625212,0.06832190291034264,0.07465120990382361,0.10182125573495071,0.11740891077100903,0.10730466187833294,0.21276579661623493,0.050702498231658455,0.024789036297395577
0.20847595166997868,0.024826466355175655,0.010747898767490119,0.07845713445277967,0.10832425574591846,0.4245082102976572,0.06638672025323818,0.03214256480661939,0.046130797651142676
0.1799049929665074,0.07239658650345283,0.1400797189718607,0.031204143937838037,0.011838618058103023,0.03810360657403253,0.3810254955440187,0.1252153005160057,0.020231536928181044
0.41670995986347537,0.07316328906818843,0.04230134023760762,0.10039532710934738,0.046294500998365094,0.20321731340144153,0.04375748617395798,0.06933764019982873,0.0048231429477878845
0.17699172671927507,0.09508723620452993,0.21543343903888612,0.07192934218398318,0.029503241649120864,0.01196165134291353,0.2788626220289428,0.030220863338958737,0.09000987749338983
0.08212742616618844,0.05483161004108703,0.07405806420861549,0.06434303109525726,0.2635088198136268,0.014957293315516698,0.04287376332512121,0.12419423733422068,0.2791057547003664
0.43294346424614316,0.10451686822751281,0.06675064904725886,0.08142014450877551,0.05210650742420386,0.04377672341596598,0.0980137880445512,0.059040119854398145,0.061431735231190464
0.024485517593403807,0.008111717330321939,0.0767094324219416,0.03415740870311248,0.06538388462863394,0.004559100241954387,0.06052334372467261,0.2725287565213877,0.4535408388345716
0.35816033069833336,0.035040652882479706,0.10418086551731338,0.14292095338507607,0.13246257558343408,0.11052558884476915,0.07178563615470761,0.019855799839939958,0.025067597093946643
0.3177750993202657,0.06590204125477368,0.054528388961049674,0.13884789631828567,0.06881308824425482,0.24062599026234932,0.05780814130806588,0.048036842216186065,0.00766251211476918
0.20119848912949778,0.04073611900732368,0.28376596730606624,0.26176862289027775,0.030879100292402175,0.08639335990806947,0.04323348347481907,0.04407908098855332,0.007945777002990456
0.33680964614981007,0.017988338558851805,0.13591047430143827,0.050390510865833175,0.027177022220434267,0.034474808158084944,0.035867534365036424,0.14307096508473022,0.21831070029578079
0.33920551192124254,0.03493398187064317,0.07371260226088246,0.16084059247370702,0.08628088668253141,0.17920579423118843,0.08496769111509174,0.03212410746290049,0.008728831981812757
0.11566046185556868,0.14948540759979645,0.11994842147690377,0.06808710082423534,0.1406759974380927,0.16268053052066545,0.09498155066038001,0.11028960938181766,0.03819092024253987
0.14370618782228808,0.0994231232851749,0.04734140852926616,0.07536239037453003,0.06759517808986645,0.1719733436018168,0.15714601375502654,0.18856206285603924,0.04889029168599184
0.19349981068283162,0.09055983954628631,0.15210550024728156,0.13105984536737358,0.055962497447534676,0.2282066406881864,0.05284397427056162,0.06215226199421727,0.03360962975572706
0.09564205674457708,0.09201134727251987,0.057493399530058796,0.04405167544121438,0.04954318258323398,0.048240515325743645,0.4999143927178024,0.10741251862163663,0.005690911763213214
0.27394830360879474,0.10547369339895063,0.15442685308612994,0.11096164437651386,0.09815937605984255,0.057015003323741174,0.04101691742668329,0.08989836030043735,0.06909984841890644
0.22282089323532353,0.1488790228123773,0.09610226842442411,0.16575907017216188,0.10095536583688595,0.08826051914060147,0.04827218953314727,0.06985891814553304,0.05909175269954534
0.2812550016184025,0.08680677156758738,0.07626849255890136,0.0963425383096896,0.08156222589541191,0.15626826363417637,0.13310169694124538,0.053966617482127444,0.03442839199245817
0.10371757262603269,0.11853427116134267,0.13829267508363652,0.18513068680898828,0.09969380447907517,0.03930797856813517,0.14725989150997262,0.07986493763076381,0.08819818213205295
0.1774596359401526,0.26169162482119884,0.09130604975696947,0.03386886223802959,0.05678142895373652,0.0548044696003037,0.02295884672640096,0.010973136645650828,0.2901559453175575
0.12018205884339561,0.09178549721496566,0.14842495096728733,0.0811723777371554,0.03130775125050697,0.11433343760330472,0.01792811104896037,0.22421952134666343,0.17064629398776052
0.06270087818495705,0.0669473657012834,0.03590594364344413,0.16405688312797326,0.13298867193483957,0.01863305265432093,0.07952831330624255,0.27671052501998056,0.16252836642695864
0.21399703465478517,0.06768680947042195,0.051970658991044444,0.13436424130404273,0.08423050919235481,0.2637744322520598,0.14367128464557496,0.02361374534946556,0.016691284140250555
0.12230920029251342,0.09792924294073917,0.1785287374521912,0.06493182734502045,0.10144839767906733,0.0174226486071066,0.12750718788809434,0.06198872594608953,0.22793403184917804
0.39258708866021297,0.06915364683303131,0.05176422324645442,0.11257157405566387,0.06333946296731381,0.05570109724641977,0.17553075965729778,0.05116590946107786,0.028186237872528174
0.3014077666090202,0.07266504498144767,0.07340667503745084,0.11814868385403703,0.030736480187771267,0.032695083311082035,0.16140562947393414,0.11990979069356772,0.08962484585168916
0.39642965823578596,0.0575292311359219,0.03534987800914365,0.09637655598797139,0.03191727780595204,0.30130679920182835,0.038999419295601793,0.03116961156545624,0.010921568762338567
0.16364169208196805,0.0283644402519453,0.2257913946378729,0.06651212343526097,0.017093504136141982,0.03345715599336923,0.4166222260951944,0.03796994413031848,0.01054751923792864
0.14462618789975276,0.057724058550725627,0.15808127936128688,0.06626091490927306,0.2582941638705705,0.06726099369158715,0.07247481476639213,0.07946716148489806,0.09581042546551381
0.19960845767092064,0.12992480794735564,0.2508478643060436,0.07352071431022743,0.07623220503633701,0.03268502013873942,0.09836158988201071,0.04848015736459704,0.09033918334376849
0.2525263126316142,0.09729291992994006,0.08727627128182425,0.10565576891280298,0.08866901599907208,0.13546899799292647,0.142782346494999,0.026897979438674963,0.063430387318146
0.3440247631353479,0.09887469777885653,0.08340753208127928,0.1274549973147912,0.0874924003891789,0.042630248398289265,0.10177124248416802,0.03348330037568674,0.08086081804240208
0.23672185570155077,0.037268662500052056,0.037425795708502636,0.12437142857187022,0.06634394548949286,0.03093115180006292,0.1427193272052387,0.0826182909036618,0.2415995421195681
0.3076160951822035,0.059351184574439414,0.12630453534609068,0.10389103355055261,0.05645363593292224,0.23266532592037217,0.0706339466397898,0.0280514509619243,0.015032791891705304
0.10190301457805738,0.045701133572633425,0.42426858964178105,0.09069475495581132,0.058409600155362416,0.04518998683097799,0.0517278245097757,0.1387212857173412,0.043383810038259536
0.16487979097293215,0.08240491496913743,0.04919650810920278,0.17736325051817334,0.15915592083465555,0.1577133349169247,0.11721117912485897,0.048623253802389854,0.043451846751725254
0.16647817833550485,0.1169049933105712,0.14936004140114023,0.060456367947840706,0.006419801532790669,0.021908318725033588,0.429670506229926,0.03408613962210951,0.01471565289508323
0.18890953241654254,0.04500027428731509,0.14766825891589877,0.13301958544650383,0.09560587419406652,0.02530032030277009,0.16781981658485642,0.02960662250227568,0.16706971534977097
0.4088494133111029,0.0934163922714768,0.19343289054764626,0.06481833602458913,0.042229521047694035,0.07515854114269012,0.052354476752308865,0.018577228738702625,0.05116320016378925
0.22723796162886964,0.06530369320660433,0.06554503620983802,0.07797832901678815,0.0674992656228738,0.34891888207815436,0.04654905687886643,0.05221917379445537,0.04874860156354979
0.15624982997559284,0.026971529491191155,0.15451032436505568,0.03405756136917527,0.008148297342170806,0.02151441213592753,0.5405993505324596,0.05553817760656135,0.0024105171818657946
0.1982352621390953,0.08876500281128501,0.03325730209680028,0.14172428157322334,0.09308262590493771,0.11873480038927627,0.17171222923660898,0.06662146587736288,0.08786702997141023
0.4189815100589473,0.05726546504300623,0.13144751231338034,0.029554430898078726,0.010134519149351715,0.026997154293983344,0.26875616454857193,0.04967707581385991,0.007186167880820624
0.4256056702877757,0.034318252269019724,0.051619364479555514,0.1220675919404091,0.08999043582897641,0.06347240094323776,0.16366124502005278,0.021466786938754496,0.027798252292218578
0.10840309065263665,0.004998949772776832,0.5165407658090753,0.061172644930253185,0.06759140634683174,0.037196366267107185,0.03262914760640875,0.05742548939154923,0.1140421392233612
0.2970330691704035,0.1485549324120592,0.028213825971895975,0.09997194879836376,0.03608341129435803,0.20036152632538637,0.07574634792892236,0.10712371095523325,0.006911227143377487
0.21410578075160216,0.044569494862522846,0.2176984468539467,0.16507661510573543,0.032711459347892664,0.10253793625732642,0.11626263522589546,0.09496250798294453,0.012075123612133703
0.07385727723118735,0.11021797868058375,0.20901283991272335,0.17984660078855264,0.07644968723249447,0.11552435252942646,0.05608632493464269,0.1634756873236404,0.015529251366748797
0.2882247893529902,0.13938137028934522,0.07028617079327736,0.09520729419332423,0.08642236907618216,0.025694838308394443,0.10176975553023808,0.1002972236654839,0.09271618879076444
0.3134493166922559,0.046797779648867645,0.051384650334648264,0.21093335894379026,0.027982034424620328,0.20545880086590887,0.10212359033119907,0.03452746593599435,0.007343002822715263
0.13482943360358432,0.1889039126252329,0.06472249000698647,0.12463711850472296,0.07004070543116932,0.029471188477819085,0.2530687989576998,0.10156365442846031,0.03276269796432488
0.08419520136271565,0.27116516728524437,0.05137268238209957,0.07874228575652041,0.027582657836823787,0.07186883468635831,0.08098791539779697,0.3281080428569489,0.0059772124354920434
0.4497879485239152,0.018631716630774144,0.024841275372886218,0.24048524362265922,0.043782870503050575,0.04293743594538299,0.11376111863912823,0.007268674698884797,0.05850371606331861
0.06359004618454082,0.15355536549941204,0.14302777441777212,0.12096878104381155,0.05926976133000281,0.032781581794227625,0.2746223772069231,0.08762555062924847,0.06455876189406144
0.2227196773380228,0.0462126648902867,0.014836684888125229,0.18934155437461994,0.0899856144765246,0.3635045865736244,0.03176621936971418,0.017301892464097,0.02433110562498515
0.2261729635309322,0.054601345127477774,0.15580354817404726,0.11251847469903653,0.047545780221279865,0.01799807014233099,0.23445217229917037,0.06816512471567604,0.08274252109004898
0.4611791989818599,0.03859954551991151,0.03530514550479031,0.19007129661163,0.052366706964813804,0.06873646354971723,0.10100937948642552,0.029456075337991282,0.023276188042860507
0.37126914989073406,0.0426427496394186,0.09127881988802233,0.11167576219127169,0.12297408804626146,0.12531219751935127,0.09325462531862794,0.026352645783447468,0.015239961722865236
0.3871985606048171,0.04724807788853238,0.06214364323665158,0.16561807414406865,0.058617063773241364,0.1638556628673241,0.04338842449687616,0.03879126947647435,0.03313922351201434
0.2658759108808907,0.07805890360890567,0.05377943902756613,0.033867167847144636,0.017328530076381864,0.35806329611638815,0.05708174310582726,0.11050851280911704,0.025436496527778574
0.2362764710090017,0.09393819852554243,0.0409215715557994,0.04391301155130651,0.05057695623962955,0.3537527047435141,0.037153890171209146,0.10988588517519939,0.03358131102879781
0.034065397068468964,0.02583349982911527,0.4513256086886707,0.0700703905111949,0.01452388899614772,0.005698997097446724,0.17992852345334667,0.08685772998858983,0.13169596436701905
0.16035014734516972,0.10775025974753588,0.06707628535835564,0.1484617050937602,0.10811148423884502,0.020620468052581813,0.1207091612991588,0.014381938388022689,0.25253855047657026
0.2436548937134164,0.04973651575662293,0.07282855241075276,0.0670402333053493,0.09797176807754104,0.29333952919632167,0.07129585208980162,0.0895788301876365,0.01455382526255779
0.15035432321457087,0.028925685027677315,0.30122757449579135,0.14043392206671831,0.05718501317548146,0.1736476970114824,0.06912997018089057,0.06694946524192717,0.012146349585460464
0.11712174298472677,0.15818109983137238,0.12702233675140026,0.030192929652667913,0.05945727648277772,0.2670190299712516,0.06197751159379739,0.15318634559631297,0.02584172713569288
0.19817927204571986,0.12489437349293535,0.0901806976564759,0.0391909786911157,0.027858189903060448,0.2341634803822958,0.030619305905712556,0.243871672097402,0.011042029825282346
0.17166464500401588,0.06628357413924954,0.3534285828966521,0.026101979328514033,0.009472133529655714,0.009242239330261415,0.16886356054638021,0.1871811707747507,0.007762114450520508
0.14785500662402476,0.12455831709221876,0.05277466406620904,0.08156072434279275,0.0798806157656071,0.2525902288651256,0.06002919041330627,0.181816255712562,0.018934997118153777
0.2105274050627027,0.09222957074916267,0.09586084717827364,0.2077174491545057,0.10590778709910513,0.05846723828041417,0.10783713602218352,0.06499491488183996,0.05645765157181246
0.26456184140277633,0.05967315568957871,0.04467014711512413,0.22376798952260968,0.02617113001789258,0.17094700605769342,0.15459401668753572,0.04755176688274606,0.008062946624043395
0.2622131517025997,0.11835153124737496,0.07175043289961543,0.12053741278976886,0.04890095246894177,0.17222172094349975,0.06405966751087554,0.13579858848623877,0.006166541951085266
0.15317033042067915,0.10544029371570962,0.020049954821190524,0.09633410133342642,0.09430152222643333,0.13675537190306242,0.17054029401367843,0.19498931968386976,0.028418811881950282
0.07882916996344902,0.07455993060260777,0.04798365404588386,0.047664669695561344,0.1291215216258962,0.39361269964460854,0.0745170422874775,0.1335307643977634,0.020180547736752156
0.05607258860881629,0.06513902456014675,0.1820542986159286,0.01755963960560049,0.016118815210616325,0.009222934852636214,0.2097773891729521,0.4393793012919056,0.004676008081397579
0.4896922969280368,0.053868037938366246,0.05815629796728905,0.15360438929108525,0.05652069362967669,0.06465619834268789,0.06673883178160644,0.02380387349263459,0.032959380628617106
0.363530547754596,0.06798067672805037,0.14828348440918826,0.13619145608414623,0.06360930005561041,0.071191616790574,0.09960235390668985,0.03496202055930788,0.014648543711837068
0.33543993841568986,0.08192725340731445,0.0851401782039754,0.09945318284948428,0.05197865673097738,0.03378050047399298,0.1337508164379572,0.031627696268991486,0.14690177721161693
0.48019485759412645,0.0704598075388068,0.06855685788763509,0.06992095851314543,0.02170610478217162,0.17818879701165868,0.06659622166302909,0.030975343233795766,0.013401051775631024
0.02928339111752047,0.0280820358142719,0.024780526398801597,0.04692412148430714,0.3361563833190619,0.01220458938726672,0.016257905351517974,0.1799904720947505,0.3263205750325018
0.24741358509904568,0.04164352849492325,0.08000695520518099,0.3080989650835187,0.021731924305978728,0.16484993507826598,0.05326993327293315,0.06799149793338016,0.014993675526773387
0.03597573854854732,0.027786558551783403,0.08263353833807281,0.054058933922558505,0.28906987654296246,0.02156678217400145,0.056964107141860315,0.10677856078082999,0.32516590399938367
0.2244513493508499,0.0342868610406361,0.02521547273784584,0.15432389028015447,0.07340182252712456,0.37567397934561814,0.06131510556625298,0.02856280771052259,0.022768711440995463
0.5202389414439468,0.021288227654549133,0.14900346928860886,0.0792230626964025,0.04698609512365354,0.08008606846384449,0.039882563676981515,0.03234999380263673,0.030941577849376428
0.17415660427507496,0.038924839256964945,0.14694366664222056,0.04603582580912289,0.016429510625542296,0.013583862026806226,0.44357256261953487,0.07413083471059202,0.04622229403414124
0.299446130037409,0.1162004549880254,0.09305130903529336,0.06673638182713316,0.04703737706773,0.04520537662758103,0.10080679277434955,0.04238611851890047,0.18913005912357794
0.11043535120209802,0.2503417403291847,0.05520469690967087,0.07462081068970909,0.07233794928121252,0.10613169649197816,0.15288868615926665,0.15770373548730485,0.020335333449574954
0.10408661332234609,0.059507884076931035,0.038532819107820616,0.15976041759940315,0.0737799114347531,0.44564797504443665,0.04877950387351737,0.05303534085429723,0.016869534686494717
0.21842613510569353,0.14659751367437426,0.1723973240587631,0.03468604196961528,0.05321456802178765,0.1582416803247977,0.029936376174336903,0.028252927125215894,0.15824743354541568
0.41323662325031685,0.06943130708281764,0.04180123418507376,0.1558903807843782,0.04156249700846503,0.024287879319663096,0.16690858390171534,0.03051860289676372,0.056362891570806345
0.14663828543931176,0.05291995627647152,0.1533974433577203,0.038535262059258446,0.021931214537092264,0.013518654187940807,0.4463753766907845,0.021380295513899337,0.10530351193752113
0.1763230565710969,0.07980710475029484,0.1504168125263088,0.08817351749316411,0.2052616646451987,0.05461758012067378,0.07267024334318921,0.07398655258399774,0.09874346796607592
0.18694317804109017,0.09436985587405045,0.04881500735132751,0.1250308336750557,0.15702495620664544,0.18246422456813058,0.0953275988470647,0.06459598869913669,0.04542835673749879
0.13927075201912417,0.03547818216312458,0.019840536190708653,0.050518712429480396,0.20369744909294696,0.2050837208394604,0.023681905893938635,0.21264656432796666,0.10978217704324957
0.12705382587596167,0.14727235954200754,0.05613580074856459,0.24867831799563334,0.06624710291893268,0.032257312616893956,0.07742845192082028,0.15567021550745627,0.08925661287372973
0.04232416791034061,0.024634197308044597,0.0413661707450046,0.02935549141535887,0.05031979348944473,0.0056902086651480855,0.022496731763073024,0.5049968887256795,0.278816349977906
0.0628946087508408,0.11047614457540329,0.4501575361406285,0.0926361074847376,0.015428019560078067,0.004558712784006067,0.010091785302625125,0.014316270510784462,0.23944081489089605
0.4020972827083427,0.047099810271391374,0.05713758339674341,0.09302914659958461,0.015920388954696205,0.023187989911053457,0.3058596897298336,0.03170397026860096,0.02396413815975379
0.19037429787993845,0.10516010033462929,0.17211148035748378,0.036057430441322744,0.07581356871838539,0.08984463180766294,0.03513135844060631,0.21807883369483305,0.07742829832513805
0.2254690509985112,0.09777197500110463,0.15118982623653218,0.07899896310025073,0.0468198433828342,0.012722712326152158,0.29939455357229783,0.040253999348138454,0.047379076034178645
0.20046851916138883,0.0897821143776562,0.11872367551073532,0.13868722555323568,0.13373000530645324,0.028428247542274687,0.08877187655450917,0.06559602068215194,0.135812315311595
0.22940632826237564,0.06836021299664598,0.048959179048829536,0.1292343510103108,0.06558463323152304,0.02728590912874573,0.22597739467370462,0.14428284999938182,0.060909141648482774
0.0803470519536519,0.10146012922891973,0.04856459026355664,0.1061192269965247,0.08131000217165517,0.35041343056993496,0.12024322668809469,0.056277163793159134,0.05526517833450304
0.3421894982156825,0.05444933958801409,0.03522708970415311,0.09204469003124681,0.02972213187772056,0.3292957554843441,0.07878727380649969,0.02948134727876164,0.008802874013577515
0.11377551880038635,0.09636216503738187,0.06780177008586852,0.057807104455636533,0.16156331468048626,0.04146975554655281,0.2302361252464956,0.17903139371511997,0.05195285243207204
0.13884002232019085,0.05285408023223142,0.15902625552538927,0.11021111470056393,0.03436844937753564,0.022668247412875504,0.3720297008737315,0.08605125047880118,0.02395087907868081
0.11028848626908465,0.07988374955924436,0.03825534357431359,0.11220169990149119,0.08993102875757776,0.15820247421932065,0.18365050368368227,0.192791545716526,0.03479516831875951
0.13889584286931309,0.08849920653353921,0.07371265784666953,0.11900820226306508,0.04085174293338444,0.02259347157288809,0.34173731643142363,0.10219731512825586,0.07250424442146118
0.27615203413799005,0.05673957055299516,0.26809758260755184,0.07469406066233115,0.0519445400284257,0.08879273510952497,0.03896891594919862,0.11776346635950931,0.02684709459247321
0.35745969972566405,0.08833142947837454,0.10461323143910244,0.08603350033574231,0.05494278460617136,0.09788576620735963,0.09152564795964657,0.07437657983615757,0.044831360411781644
0.21550396638572467,0.20354700462119524,0.08171433465157589,0.03932169639589867,0.03719412143769594,0.2652217613965256,0.03465663262737072,0.11397818765129565,0.00886229483271767
0.2206473341700913,0.06941621469256591,0.08146615699800193,0.13013494737733122,0.07040034108645683,0.01922168223979241,0.2397798171418505,0.03056343868942425,0.13837006760448564
0.050845753776464005,0.038986817922812424,0.06723165481548243,0.070659654350201,0.23500113352760366,0.020159389984560776,0.027544688114532496,0.10535985570022477,0.3842110518081184
0.20570818468835425,0.0178397238200589,0.04765937378177043,0.04147273019055458,0.1313423873178223,0.026175998032274616,0.08909738021088538,0.1182276144204966,0.32247660753778296
0.12274146230626119,0.19023678156961152,0.07046266839921234,0.026180222030279348,0.0823785657680442,0.0734932509945381,0.1801862716426197,0.23937234742170901,0.01494842986772462
0.31793123672934576,0.16784434659103167,0.07712186133669834,0.04156972049470856,0.03870060961759178,0.23522043768816756,0.0616857059844699,0.039335063143829015,0.020591018414157447
0.3076160951822035,0.059351184574439414,0.12630453534609068,0.10389103355055261,0.05645363593292224,0.23266532592037217,0.0706339466397898,0.0280514509619243,0.015032791891705304
0.19629456331990222,0.07118042074646146,0.04337201492228602,0.08889978915707679,0.010603037907675575,0.050031638072991734,0.40136638266185276,0.1368494609393269,0.0014026922724265402
0.2024856757550367,0.046475428671361556,0.07952691174231515,0.09918425808776093,0.07824031943411405,0.15831402304531358,0.06936088407783174,0.09286077185460911,0.17355172733165716
0.13047550312340064,0.1524676223019025,0.032832270795191625,0.11224223479913627,0.05028583801273596,0.26712417348657885,0.1638724137449378,0.07413847741843609,0.016561466317680174
0.32861835036067166,0.056125791458480456,0.038700349269637106,0.1432922304758327,0.10389232001928138,0.23651330263019613,0.06190818713443247,0.025988260753585873,0.004961207897882214
0.06171275065676696,0.15886443299289799,0.06823728523008328,0.0887775894921245,0.31501469353620065,0.03582623044222189,0.09949413140913617,0.07742086548400552,0.09465202075656304
0.3081164371997947,0.08413341949990598,0.21669713116170367,0.18255586221539602,0.04381313493517993,0.045454670940318,0.054465525704797575,0.024640368713653413,0.04012344962925067
0.39005738530073203,0.045931572727983504,0.05418256659498639,0.1284641023309677,0.03389311916648473,0.03473747718348715,0.26980479221627607,0.02070313001691559,0.022225854462166836
0.12212934090313989,0.027583648028912378,0.10897714781187563,0.08832227734893837,0.06959516419740285,0.2640165366844104,0.08195345898449603,0.15673207856088187,0.08069034747994261
0.2790345042765942,0.056767453208348306,0.07649119611726977,0.23303096240800528,0.10198289656135194,0.11359788075805771,0.07303343126400887,0.04587743912628626,0.020184236280077553
0.0365266498572399,0.1625604389632608,0.3652314690993015,0.16535123361252227,0.023535486148728694,0.12358979288655147,0.007940020941684113,0.07905864679405508,0.036206261696656104
0.16367263190135883,0.02324346696028921,0.3842299082698664,0.2768428694369552,0.011417322396580337,0.03258370619810592,0.031070264584240847,0.06844355146885099,0.008496278783752313
0.33147624491056377,0.1267476336325097,0.15275260770957058,0.04147911583238309,0.06123670859632973,0.059763659084986764,0.0826077431693729,0.12711354977435604,0.01682273728992732
0.2820843950052675,0.09050707326756617,0.059283479883192804,0.07323500967857315,0.09836423575436863,0.020796701062757633,0.11882594142104257,0.023122418293554037,0.23378074563367754
0.07803559589809038,0.2122094227611483,0.056087097401034874,0.0942422470316205,0.08798177740837014,0.2529752051502265,0.05592888708524002,0.11020034165489008,0.05233942560937921
0.2877329117738303,0.018545834633896918,0.18013441192016078,0.15174302577008325,0.060008596980439984,0.008901021212014809,0.08879581033830854,0.02015618154419382,0.1839822058270716
0.15674884790229274,0.22291466527144213,0.03703280828560956,0.08824497712386942,0.09613205488608134,0.13548204596407398,0.07673783557627128,0.17324809988491865,0.013458665105440784
0.21884694211153863,0.06274518742277387,0.04835732790715175,0.2080706633359218,0.07448236547583974,0.18561148980125866,0.09161946053709445,0.07805328103304628,0.032213282375374845
0.24444058895830553,0.07035471688557281,0.1096637626881465,0.12046628797847607,0.11161032961159296,0.02480097254869972,0.07509726456924336,0.06186949654949473,0.1816965802104683
0.08229356681930561,0.055005552763005484,0.11883544209617485,0.16953890457452991,0.08248464103969776,0.016448820109653813,0.06527044772315195,0.355366641227793,0.05475598364668769
0.06066656483885582,0.08336328044088094,0.5108956908249119,0.12425869832047161,0.03126221130138792,0.004929744848668459,0.08192215486139029,0.016145705713804935,0.08655594884962818
0.3915022311273662,0.02027114739932727,0.04512524247923638,0.09431223332349849,0.05158689662413123,0.3028268169282509,0.04440217566727515,0.014706635174671858,0.03526662127624245
0.38861135500794225,0.16254745503507143,0.054567962341873576,0.037886752256981966,0.024509742816546814,0.2289957059849224,0.03604883213926895,0.05153968652333013,0.015292507894062404
0.26730296333408865,0.09105646234718612,0.07575555668786978,0.06908795006004112,0.08173091359075224,0.07814093387793276,0.09793905282400751,0.021916149613014538,0.21707001766510722
0.2988838725184086,0.14276287535887655,0.08930579306626359,0.10629992607237666,0.047928292781527056,0.1454792091480257,0.05994004805037506,0.09249600818251985,0.01690397482162692
0.18257691738917978,0.043399337971214584,0.25615226816793213,0.0499333292808725,0.03458445959420333,0.02998178775690324,0.18503469590950983,0.2065340820223536,0.011803121907831005
0.06902719297672395,0.024992195006806453,0.4759586826601396,0.1450671201949354,0.029412990819074173,0.02811671779595663,0.03648205868955703,0.03852231394869556,0.15242072790811126
0.19022958742188778,0.09164266553115423,0.07225345344767276,0.0974187100379071,0.0693212171200267,0.31369784935873835,0.07171310198927176,0.0815262970030574,0.012197118090283931
0.24587683276347969,0.05099138392637531,0.05187468090104568,0.24910456561550562,0.08038660148193887,0.1757851638631802,0.08881126469319663,0.033371016501435986,0.023798490253842005
0.11006694805507274,0.04429361376257327,0.24651979601791266,0.10098839831117119,0.01696567247163198,0.010466768625639838,0.39179163078827295,0.034935612317849744,0.04397155964987554
0.13309454601460177,0.06076276824606793,0.24400441389120284,0.029863815971803973,0.04416187228775593,0.012911414172059018,0.1359292253508829,0.061798614142380505,0.2774733299232452
0.2312565765255121,0.06483878740120262,0.13759137728929602,0.07057663029762881,0.0360397225361281,0.20759771733386145,0.12342672398741357,0.12368580438024664,0.004986660248710661
0.1826625616990247,0.03956131798517069,0.11096114730756379,0.06451481440575353,0.013016623581089369,0.014807123276480648,0.49321595261122303,0.06469871916238781,0.016561739971306545
0.07438537622415249,0.02620715611041262,0.08193929267196755,0.046583660985924584,0.0341764902458551,0.022960533087333562,0.5877409282752994,0.09378750065187891,0.03221906174717578
0.18875354356622143,0.02733549391371252,0.07140020598529095,0.07187603347551673,0.046011251859459666,0.46444366385068214,0.07216968574362914,0.04855514282632489,0.009454978779162551
0.2708169369157887,0.07877386713386074,0.08102255245170643,0.12983178112091928,0.05596218729799218,0.03193620023855675,0.20938292395785552,0.04103048247502749,0.10124306840829299
0.10538030036838271,0.03064714214166232,0.025614194074183496,0.11503907209710275,0.13773414871273795,0.4394122780783423,0.07815811440523895,0.05354480984491277,0.014469940277436755
0.21779609004473874,0.04624052566542153,0.12503097662798604,0.11762124924186172,0.04157676560502837,0.27306100517247006,0.032448481078003584,0.11134336139099554,0.034881545173494455
0.03396357401781081,0.06997153647245669,0.18363166815619125,0.028308179758240414,0.010475720078107537,0.006473429090450587,0.4324054059138401,0.17002705574155394,0.0647434307713487
0.3520920620829335,0.0360447775875252,0.05012069586885498,0.07711494170963912,0.0631293012371507,0.33276841278931546,0.05161407558439555,0.03137224608017538,0.005743487060010117
0.26367713665950593,0.08496520707795376,0.05114670356043225,0.18339426621979313,0.08268789644195583,0.10515474765058186,0.13860399555190456,0.07421387963749652,0.01615616720037623
0.3766284449007853,0.061745623534684636,0.04729086802600704,0.1430858344771232,0.07367025238161112,0.19584653343228628,0.05954748718034525,0.024319488431704523,0.017865467635452808
0.15986237869071743,0.26894171098271463,0.0446681665709788,0.15606903112013226,0.073616212456129,0.09600288101670718,0.0893793689015211,0.09966440330235608,0.011795846958743382
0.021009742627832156,0.07576032094374435,0.09980476037923207,0.0173479517151778,0.029206698122238788,0.029515827294081504,0.3495407489447236,0.3003468709237686,0.07746707904920125
0.2513712254025134,0.02870528339863218,0.07222606767401554,0.09045361720541673,0.11991716836362488,0.18416623213512984,0.13412514061740496,0.07737057349134664,0.04166469171191583
0.1806150725181038,0.02424104324200083,0.10597716141000839,0.061590554640237306,0.11488080803749622,0.10837358286293346,0.07002515778366988,0.08364930386849258,0.2506473156370576
0.18058033992154962,0.11333915460062279,0.05643664674424002,0.08014637820819777,0.055437598701541226,0.2515702005003617,0.13160807873847538,0.09246592435036875,0.03841567823464278
0.13659426389874868,0.30453563177134646,0.09577326770833257,0.07953707834797877,0.053088800841354165,0.0811629373476357,0.0542067192018145,0.16402290903874364,0.031078391844045528
0.14149700191308007,0.04919044826212284,0.16633089566442824,0.05244197911774342,0.01572864602064128,0.019760496018591152,0.39642792020426043,0.13112810713111248,0.027494505668019985
0.09249178438137769,0.197744447635501,0.06755161892682841,0.10833939621415291,0.07018685359207665,0.12342551250957395,0.12767785927714506,0.20457628517508067,0.00800624228826359
0.13807605351157004,0.10951982255370536,0.06271934234165012,0.11356658135650448,0.05194402342607531,0.17870737871476003,0.12660921139901932,0.20152708168988756,0.01733050500682781
0.1912423984572211,0.03833281991433207,0.10155601544260395,0.02858442361635032,0.06361379886097104,0.032526006958910864,0.11685716533566348,0.3577584242524276,0.06952894716151954
0.12047396396127073,0.10918035380943968,0.10150479423032377,0.07858475967055872,0.17092665329970239,0.08112887324623606,0.05847515506989207,0.12870935397791333,0.1510160927346632
0.20385358076953264,0.19154742503718283,0.10325066530050375,0.07411159228619951,0.08172742677650299,0.020938012207128483,0.08794191564847036,0.209358096689189,0.027271285285290454
0.2358426548693572,0.02385988358615859,0.18238292227224695,0.15977949382894818,0.02542567136473158,0.011061946808325285,0.2411080041129501,0.04732642705668983,0.07321299610059225
0.25577279864625657,0.07788702752179372,0.06618901219099198,0.04281102587617164,0.04445630963034527,0.1387916860566278,0.14701669249457902,0.20773305882437243,0.019342388758861604
0.12980237294268013,0.02964705236624902,0.2369775874265773,0.15237483354911843,0.024645395758718935,0.024804041420220562,0.3305105076140436,0.04088781796804261,0.030350390954349372
0.33923838976204607,0.06651974178716247,0.09456319300873972,0.08919458546874943,0.08097075862914586,0.05669823728435134,0.14685336590791978,0.08358932039574224,0.04237240775614307
0.29169155706116473,0.06259867857231786,0.07239295203273895,0.1161859215164785,0.08381606921805024,0.22248602774961956,0.08634330590919319,0.040224415304940385,0.024261072635496594
0.47535239097296483,0.08495278766035663,0.051603834483224344,0.06783998499571293,0.04191098222418375,0.18834089029006487,0.02515002743622138,0.05845597190501476,0.006393130032256569
0.3860428246167129,0.08855231172459295,0.13950414941675796,0.07846163061529811,0.03827555997673663,0.03977494414769792,0.14830125334105637,0.026877797620259214,0.05420952854088799
0.15364171806923446,0.2541268479347777,0.1442596540575536,0.12337155787889637,0.039679249539359855,0.08000708127868965,0.056373025912854785,0.10660816472995234,0.04193270059868128
0.24861369885007711,0.07096655763494447,0.13830969125983725,0.16053590214859237,0.07404223307115491,0.03903466529284588,0.12246245391070516,0.0786180963700638,0.06741670146177903
0.18555319544041962,0.08123036066235273,0.10160342572404855,0.10858105009105684,0.21259153992619442,0.0495366961896214,0.1026694933806294,0.06696897453225036,0.09126526405342672
0.040736825287488954,0.02624973912739782,0.20138680760013303,0.0709452762283025,0.12475199783016273,0.02473525155155913,0.07916177014944005,0.4174995403659629,0.01453279185955296
0.06158371762569939,0.03547352521245582,0.08370152536544928,0.05153350556747562,0.1509516444657646,0.017031922408762456,0.12576385087033493,0.0473041031627127,0.42665620532134513
0.08534049027463662,0.1615595625327446,0.47234112960560587,0.15281924604734548,0.011262437813365729,0.016951650042238618,0.06486729762529572,0.022079859942606028,0.012778326116161268
0.3070993895718325,0.040447696782137534,0.23914224888544902,0.1759368071837412,0.045056937944552344,0.06871345868211132,0.06622441414666418,0.03676446344162076,0.020614583361891117
