0.09281097633392293,0.03162897661978159,0.12877419894489026,0.07149417616593817,0.11004050088180377,0.05834759481194218,0.17839719334573179,0.23180800109024435,0.09669838180574493
0.08305593326224552,0.10161340768752031,0.05458583355091804,0.12622005165475025,0.11417621128441745,0.2236898009526133,0.15028439231552032,0.02837817790751258,0.11799619138450224
0.1350478956362253,0.10098931297039282,0.18490738188189057,0.06460837030076594,0.11585922215628637,0.08901115550227895,0.1390114341812088,0.03805791279990756,0.13250731457104367
0.11490271623411819,0.10403266992872684,0.08662469741435475,0.11772541261431228,0.11681006459169059,0.18922125761343833,0.07904141809374939,0.06586623472318101,0.1257755287864287
0.059321903614368655,0.17019928108696203,0.12718996914655376,0.16919000221436173,0.12875604614728417,0.1292178205746636,0.05022565552106504,0.045362214177945344,0.1205371075167957
0.05172189513442938,0.14669841264162192,0.08805085943114528,0.15376587850275134,0.11466319035435263,0.15544697289894094,0.06541577407909853,0.10550242257054605,0.11873459438711394
0.11162935907519674,0.19613545907786212,0.08303980923004038,0.1114049775830596,0.10945322084140445,0.09758112700933463,0.08640415993401958,0.09771356161620214,0.1066383256328803
0.11700435350807316,0.10597877356889769,0.07622931800144266,0.159572755693176,0.10831750676112102,0.10166199634129562,0.21555405146392556,0.009251478879059001,0.10642976578300929
0.10743612266381714,0.12315948683704754,0.13223906730279766,0.083319491094351,0.12644288898914274,0.08617372543545158,0.12741717784485038,0.09032077145773099,0.12349126837481104
0.08945872235970893,0.07106623789367168,0.07216520111113801,0.16890022661729268,0.11462426436749414,0.20116486821249602,0.09191345201630301,0.030360519224335535,0.16034650819756
0.1178588429423688,0.09681799560986631,0.0544369969194247,0.18451185949462212,0.09567698741737596,0.1159493799799101,0.06272467911133967,0.16526072775333397,0.10676253077175839
0.07713673267426903,0.2205001004823696,0.105352058125974,0.08963164565984261,0.08161555968914448,0.05613136808058979,0.06781498429628507,0.19273696053155978,0.1090805904599655
0.08436914392857187,0.10741558250181756,0.08925050125519264,0.10437648103304058,0.17226642177123994,0.09528053330688184,0.09686058471261987,0.12602776142146682,0.12415299006916887
0.15569415076248103,0.11498498015672805,0.101177290478091,0.09993632229430156,0.11097419297487059,0.10990173356640583,0.05983538759392406,0.09873768176384955,0.14875826040934845
0.08389691347318363,0.1551119276272146,0.08008052813041518,0.09512016227280627,0.09558608073518556,0.18265250596987884,0.045486599210001095,0.11495439561571578,0.14711088696559912
0.09514879251664317,0.14488504244152578,0.09311975300353591,0.07273984176376447,0.10099091472575193,0.11806035448182432,0.17072876253577365,0.06385553736718214,0.14047100116399863
0.07812542272368135,0.11477656698231281,0.13028915829347146,0.12199264788741478,0.11769456419081396,0.07672857805242216,0.10128074048996942,0.13210816954628835,0.12700415183362573
0.142550384142001,0.15070150541371521,0.08898372962731511,0.12478228514612476,0.1426387764400581,0.166583747178958,0.02122758034800662,0.027785009750875903,0.13474698195294535
0.07245894742606115,0.12973519341253256,0.08234686442300142,0.23121415847661372,0.16892190383553993,0.08362885323262582,0.07968711483306248,0.01904278979610685,0.13296417456445614
0.07092710200104348,0.08431964291917704,0.24162682418998738,0.18588966885058955,0.10145848371942105,0.0741001109233085,0.0469427692427024,0.08062209173157701,0.11411330642219365
0.15422590790427143,0.053580280037789696,0.06307280931879276,0.10399369835762388,0.11864072703995321,0.057763214424673186,0.2544036164173113,0.10289017321896028,0.0914295732806243
0.12877680315384818,0.1769398199111499,0.08574383857371455,0.12156012293492983,0.10515876978607634,0.16211990684536617,0.053286320474405235,0.047084089529846135,0.11933032879066365
0.08658860243331233,0.14880381635347706,0.08552019203642486,0.07367487884308044,0.08792838372651102,0.190478139719228,0.06802909686213726,0.1376125592663418,0.12136433075948717
0.08224846584361752,0.17914792519120062,0.1070508835731359,0.0641944143792218,0.11198876642083781,0.0701428098167619,0.10042388350173674,0.14828650942915492,0.1365163418443329
0.11143831440503844,0.09093169285349263,0.139117719021262,0.16196668730551642,0.12404053387087129,0.055460639260651014,0.14003252300650504,0.05381672350334776,0.12319516677331543
0.06779983525390412,0.10531991682766224,0.073216971611622,0.2049277667029005,0.08898953808003462,0.21770816905980886,0.046176227118527625,0.0931214487883328,0.10274012655720721
0.10421646267957745,0.14241681382027768,0.13702544065867955,0.08181380665424236,0.11662355943667353,0.2704713819607261,0.033212333690068555,0.02600936710142833,0.08821083399832645
0.0574060788348559,0.1722776293727978,0.05595859021181393,0.12853377335674745,0.10787336884828573,0.13786814872908815,0.05065410048609809,0.16733815673078323,0.12209015342952963
0.05560221106306743,0.2135753909701381,0.057987269291887654,0.08221878283944782,0.12347099495029971,0.0677046432539358,0.16253382425580276,0.11937640483758749,0.11753047853783323
0.17330602205643408,0.0819804933924278,0.10319896351386855,0.09101067991127515,0.15304104465556068,0.11396659265558325,0.08456747473782326,0.052845765105542626,0.14608296397148465
0.13053922534877757,0.0846918610271326,0.07690620945960859,0.13107558592969146,0.08762524939549793,0.23282387976067542,0.05023026817677754,0.09772837563060217,0.10837934527123677
0.1240218948673401,0.07480914018215477,0.15546216701213353,0.07623581025430547,0.13315607340038565,0.06708208867328763,0.07630053740505505,0.18486401601769895,0.10806827218763893
0.06698345379096107,0.11861667814591048,0.039680953163821066,0.16823759608177177,0.10957805360215611,0.2017885261244199,0.10881033562439935,0.07158899623687429,0.11471540722968605
0.12714314078548739,0.09365752741173194,0.11413215860605426,0.08292256264289123,0.12909028755288426,0.12390459147148981,0.057270610062216176,0.13049613708484586,0.14138298438239902
0.09503111079589449,0.18131446754169725,0.04967227465035109,0.16752367869583937,0.09416808512270448,0.08709115935355514,0.18790590276112726,0.01786719746720705,0.11942612361162393
0.10833843260813615,0.07352783267497148,0.10109167719979308,0.08761237220548974,0.09184920743915032,0.054309403337475796,0.1553096835567582,0.19124828882392544,0.13671310215429983
0.04789432108981723,0.1537139459149117,0.05750330765020364,0.11786532278323525,0.11316895034810485,0.2082219422260497,0.10207695176048621,0.06235994682393109,0.13719531140326036
0.04823793410099114,0.16826069625853698,0.07900415626904213,0.13710810718860963,0.125539162209105,0.09349502188754899,0.1098423745551197,0.11210996471608488,0.12640258281496156
0.12475378195353283,0.14794255487264166,0.10816369422257206,0.10780377053825607,0.0813715244277109,0.14145600147764947,0.025904685548170065,0.1395239240931816,0.1230800628662853
0.13398362047851475,0.1534198343038787,0.12507096867632614,0.1326219026380245,0.11634177326292457,0.09665502618060369,0.06794842201469906,0.05546656318741785,0.11849188925761067
0.07714655010583697,0.1121751213210272,0.09497331345655065,0.1308130590928516,0.270662447513753,0.07095948788014748,0.10337978006756858,0.02334143650655991,0.11654880405570456
0.0709860464532001,0.11782029692319103,0.0661289553953054,0.09865947717401567,0.128246226852439,0.05393988296461413,0.18591203249272317,0.11768309206427204,0.16062398968023942
0.06327130458396706,0.06916072655320445,0.09182834980139105,0.12132910012353336,0.10169525576952176,0.3385622453341172,0.05972294142265757,0.039344822284062615,0.11508525412754504
0.15959891814394078,0.06760250596357865,0.1773744071495907,0.09299379670605572,0.18780656081871316,0.07195732444621722,0.09839920328024236,0.05375106908676736,0.09051621440489405
0.06527171061354453,0.09175121467484738,0.08693617475725939,0.10050001171568786,0.146866670018963,0.2319329668883324,0.032619414347792426,0.12389195805890109,0.12022987892467196
0.1372688768358935,0.12638885210926243,0.10224906369620183,0.08494963595191496,0.10614341988339353,0.11197380485714885,0.0905488889115773,0.08153727082614186,0.15894018692846573
0.10045581938506841,0.10327147871569979,0.08130790999750849,0.10207686687435043,0.1374908193791934,0.1894073557221283,0.07037372835556456,0.06742099959246241,0.14819502197802414
0.07668356606445,0.14607618417074994,0.04521340269718679,0.1241815478786793,0.08428826212702673,0.23563821163421864,0.10174504127474432,0.06951360323851764,0.11666018091442663
0.06277463612865407,0.12788612606108304,0.08249302214433019,0.08669228749476475,0.1448201984661606,0.2048516072232698,0.08553369383748867,0.07301752848741286,0.13193090015683595
0.05482330296416262,0.12189519275097888,0.08578582327455288,0.1320600996223367,0.12145692093259375,0.24844093498101713,0.07986765186915758,0.03973965996041185,0.11593041364478868
0.07500365022223636,0.16225482198990424,0.06850105536763988,0.26052967964365703,0.14313958588920353,0.0784991748332564,0.04075364346882139,0.02855658884876699,0.1427617997365142
0.1607378984879501,0.10016054493826676,0.11586883626460358,0.08220642483162167,0.15636307996709067,0.12391057342237223,0.09172945340106194,0.06284562232165108,0.1061775663653819
0.1753538338820877,0.09906452827573153,0.08927283927328351,0.0859245500626742,0.1216987481200218,0.0701273726621852,0.14042181971109793,0.055157110161760094,0.1629791978511581
0.08724261335058066,0.16262558481966777,0.08741099650166369,0.1266752420933176,0.13119821791126327,0.14452534451804316,0.06088797364487983,0.054998988084415036,0.14443503907616903
