0.12043447769739556,0.10154574482872299,0.12076475905884111,0.08695263987499201,0.11718146686532238,0.11803183170599447,0.12010016007531393,0.08760523254267784,0.1273836873507397
0.13400015054933334,0.03622421518126908,0.0734122119870645,0.10773631594562527,0.18119792268805832,0.07975989322782094,0.11897892116122503,0.0899988050538003,0.1786915642058032
0.1314470297638115,0.025230613595024237,0.058957733644619016,0.13923610726467717,0.1473308662815689,0.08733026553940781,0.1368842809533071,0.12010999832045595,0.15347310463712835
0.1145503115413945,0.026138635487684664,0.03418585794927186,0.09589041641647104,0.1257652209114771,0.1431354031791318,0.13692918923392913,0.1374442618407121,0.1859607034399278
0.1072450878265478,0.042061685550632444,0.03554280121717956,0.15966161353317018,0.13826235428479025,0.10927000776250119,0.11029713610194704,0.15856063224078407,0.1390986814824475
0.13160508881227465,0.06248452141868412,0.08232123939299141,0.10914097129150628,0.11849324307448578,0.11390459990078126,0.13778178493404006,0.10895744744040901,0.1353111037348275
0.12072356631683352,0.07659551627666307,0.1313727153219002,0.10953334271543243,0.11401450702990457,0.11335854012752565,0.11895729701316766,0.12831484982904842,0.08712966536952442
0.12357206437817732,0.041558792813425,0.09378921683844287,0.09836084945874302,0.18214210882766727,0.10257002275633405,0.1342657388504142,0.11915963805454766,0.10458156802224862
0.11855493193225614,0.01827729741937316,0.0457884567487217,0.13453969249876832,0.19235136063134375,0.16000105132266548,0.11671124393660742,0.10257974862999014,0.11119621688027385
0.14878707163827395,0.030669420834851562,0.04118211913202341,0.14407060983895023,0.16421464805781796,0.14540930078266964,0.11019331619722587,0.1194770532862109,0.0959964602319764
0.12036163721536018,0.02574526133603852,0.04541278979341501,0.15827007391070103,0.14869562091091712,0.11815053515773516,0.14311718858229547,0.0983340255437634,0.14191286754977417
0.13282527917655304,0.04014741268392167,0.0779079299826395,0.11140255476366152,0.1626449200640536,0.13432833891512955,0.12414477789675142,0.10121368519520224,0.1153851013220875
0.14126478391266217,0.06256747716820982,0.06284256151649799,0.11533072632560848,0.12693764526309836,0.10074023360945716,0.11632968093093139,0.14935007048767124,0.12463682078586331
0.1350346293577725,0.07013593724029403,0.03356059046548301,0.1476218671080123,0.11158005538122244,0.10078676228194865,0.14991054670606996,0.09492709288165213,0.15644251857754496
0.14290612924249346,0.029265403931039907,0.04732062859555369,0.16586677119975332,0.15433051651561033,0.09201863820154994,0.13078519373530942,0.1049865033219256,0.13252021525676427
0.1199409591799611,0.13819883741082237,0.06002231593489529,0.08503505624920556,0.11601269649871036,0.10752384582587966,0.13365028849702107,0.1054655681524801,0.13415043225102444
0.08619523385273394,0.1982393404106805,0.22977280775744502,0.06810289436259535,0.07347449870839255,0.10201995972362043,0.10615572118186412,0.06319875789810014,0.07284078610456793
0.12112324543910251,0.12387144745806687,0.10032672398231779,0.09183654650525162,0.14683206489454073,0.10200910164586152,0.10698373611811958,0.0843549167402499,0.12266221721648944
0.14136422764115844,0.026148598877118175,0.06001967739954862,0.1099863066261745,0.17474688872580976,0.10089398191978531,0.11441556145605841,0.11831512320055614,0.15410963415379061
0.10286810441878363,0.024536745938981322,0.05642130872993859,0.15020272910140245,0.11525771182897186,0.11318974943269466,0.11056474181963834,0.15522912623987262,0.17172978248971646
0.10641690539915032,0.19745438173053684,0.13666067327028716,0.08230475046838019,0.10561483681138213,0.10678596230108937,0.08802827613594377,0.092532977952291,0.0842012359309393
0.12389865962404151,0.048268272104698105,0.07436527765874094,0.16045274288913183,0.1651036514067621,0.10176329937548749,0.12060370119570601,0.10440332557077149,0.10114107017466051
0.1305326325908971,0.03798040960592453,0.0627000531629082,0.17661765915190622,0.09907593316016232,0.11449391986381917,0.11912546772554794,0.09202282985652799,0.16745109488230647
0.13407790798772512,0.09667488065723467,0.06428483584229518,0.11961831174588167,0.10424373484188414,0.12754888642938098,0.13295761285902735,0.11404772170583015,0.10654610793074078
0.1482647437448592,0.02687307468997278,0.08736168017497063,0.19013429976287735,0.12623156855800996,0.10658411087856716,0.10976365477293741,0.09935605163093285,0.10543081578687274
0.11287316560572229,0.036514216182661006,0.04670677330352526,0.08902244940494254,0.24854579422355946,0.14314316451646192,0.10258412604717042,0.11916900298109206,0.10144130773486508
0.132507427367084,0.06476352508936603,0.09264135486464202,0.08943703692612692,0.14458179157326864,0.0872133955353515,0.14229317226863128,0.12085473362407824,0.12570756275145134
0.08711794806400892,0.15131058914188936,0.256882213465615,0.06970411233003608,0.06998115721996952,0.09804315305917727,0.12741930692225586,0.07202022498366027,0.06752129481338776
0.11703216789610682,0.027651711311061606,0.14907272908263058,0.13763344978980177,0.12478337712933242,0.10675855110673958,0.12763486210696165,0.08709773585134795,0.12233541572601754
0.11530093839159579,0.11911005605227838,0.11547288064036541,0.0942683720757298,0.08441629861040852,0.1386560109723175,0.09962594994417602,0.1547323471600682,0.07841714615306032
0.12867600743984933,0.038687546406980744,0.03999317538677063,0.1359824055893835,0.12766154145359385,0.16514330435806646,0.1346119862099131,0.10489746661554537,0.12434656653989702
0.12735120852365248,0.037208133518041454,0.04723297106911423,0.2238453937680445,0.11695373626530133,0.0972151117688228,0.11302975827816868,0.11429975012328497,0.12286393668556965
0.08143461132262964,0.17000569543158298,0.3529352304852753,0.04447477317525641,0.0682584298545087,0.08629151393651847,0.08459787866055353,0.04958641491094909,0.062415452222725855
0.12486449858765901,0.09386502871004115,0.051293961639383046,0.15385548894930023,0.10931281661217179,0.11515463757017692,0.12806785450002936,0.10976748893042361,0.11381822450081479
0.1174038650621418,0.05436059091475822,0.057265814219494865,0.17023041628578361,0.11750959793362888,0.09635259967064706,0.12272095045184882,0.1184020952908467,0.14575407017085004
0.11811785659904046,0.04007255970548008,0.057049221105267334,0.09076880671733617,0.17891908493798628,0.10003161895411612,0.12644375989759363,0.1618311518550485,0.12676594022813145
0.11898217059016326,0.05691915791889244,0.05844566415571078,0.16800590749976754,0.10729855328667086,0.10221747965941437,0.1362447026146056,0.11398707791634166,0.13789928635843346
0.13306067793608878,0.04508541681872385,0.07269007700748124,0.13056509649887119,0.09690744402288869,0.1103806073608835,0.13923197383563943,0.15093611361131654,0.12114259290810682
0.11014457127239685,0.04095580584959768,0.034096802545168704,0.16406694924859602,0.1317503117806997,0.10899874962390475,0.1227177476534504,0.12393632088570926,0.16333274114047666
0.12682550057492212,0.05750506530142441,0.06555729733395711,0.13177356952375252,0.11382303816041,0.100531531631056,0.12022175835323495,0.10520079677647899,0.17856144234476382
0.1162811115426406,0.03775429284464218,0.05659195696088082,0.12576095355892528,0.18110949026368808,0.13658749336466855,0.12897679235397633,0.10090661565678088,0.1160312934537973
0.09350484538756494,0.07043223084761123,0.1796564028404675,0.07788297137250093,0.13824917203000678,0.12663161374442974,0.15116539409611573,0.08074088062799667,0.08173648905330648
0.1194110649689098,0.08328393377497208,0.08440718044869788,0.12428434446671825,0.09616519376864341,0.13683680987959998,0.12399675762614858,0.11567579700373544,0.11593891806257466
0.12084292343148324,0.10970055868160483,0.1099420666049158,0.08922822447861856,0.11149082962976135,0.12643372035882025,0.11076992283108779,0.07517950275956134,0.14641225122414683
0.1258565322749341,0.06341401883875576,0.07880227450699187,0.1292771336022176,0.13831828810594424,0.1385681153042564,0.12938906894053703,0.0995545643789227,0.09682000404744039
0.13682877882610775,0.0997641214875379,0.05086005902320081,0.07571624975826208,0.17200341762883506,0.14377565796372355,0.10839558792095659,0.10374645867903802,0.10890966871233822
0.1336739855595418,0.045632423411787304,0.0480685172534898,0.1408807090029824,0.10826461130452665,0.12204519760508546,0.1161018776037095,0.12731767492506593,0.15801500333381113
0.11656275997908166,0.05033530186898716,0.2097228027880902,0.09485306917955101,0.16481405876966704,0.09135456912634643,0.09958194290529909,0.06793543285749093,0.10484006252548646
0.11519526148586277,0.05139869787069177,0.08431306312055724,0.22640984290090352,0.1013585400147849,0.08419522755123915,0.14529320982090577,0.10044458269430669,0.09139157454074814
0.10424723626066372,0.03306523954568244,0.06028880742228793,0.16149876282632789,0.10752834356217533,0.12396297298184282,0.11884910543132722,0.1443469624378014,0.14621256953189124
0.1304385559324841,0.05491310503547717,0.09767933447149807,0.11487439369265635,0.15631205983928476,0.09339194058504403,0.11030876024848012,0.10877836000806418,0.13330349018701118
0.12397684376744471,0.03759955885555446,0.028354110661435908,0.14413416204903587,0.1615659411640394,0.10266328218551045,0.11743346712944536,0.17678951161454515,0.10748312257298877
0.094479211890573,0.28844515228632117,0.1260552765374328,0.07537394308704869,0.0829831375333097,0.1058975444389514,0.08832215631379335,0.05526427051685704,0.08317930739571298
0.09813635906014273,0.07576722605124636,0.15279665412276636,0.11514987680973687,0.12488389500835988,0.15320612140013856,0.09147766416801244,0.0787687316853422,0.1098134716942546
0.0735404161929119,0.2824893167153453,0.2685948792498234,0.0494585968294732,0.05769700882202387,0.09042336093762632,0.07483094772357206,0.04845279062503834,0.05451268290418567
0.11411363348535901,0.0830223646932433,0.09375406002823117,0.148541480482107,0.1018915990491754,0.108639417519844,0.12842887482508195,0.1112054140835167,0.11040315583344144
0.08760896303383385,0.3481568010552019,0.17400121364738738,0.04496118176832637,0.07006512548250624,0.09394414817683994,0.07545504643795914,0.053658240140599445,0.052149280257345686
0.09222001975085486,0.17733365128064094,0.14322029445576692,0.1295793023422119,0.07932945263454094,0.12454546645426351,0.09844579730841961,0.07367162475760937,0.08165439101569204
0.1395905745584374,0.05071623696675004,0.06829821801066442,0.10201357545171595,0.14023591925057335,0.10208959544502945,0.13807739535447858,0.13859730630573447,0.12038117865661639
0.1156537053697579,0.038262380986313106,0.04080755471085012,0.17112375370453412,0.15038868098509325,0.10370405155527403,0.14935495059213902,0.11131954741370499,0.11938537468233339
0.11012349252432903,0.08717286128104189,0.10633509752705546,0.08947519025412143,0.15295917512310298,0.1044094536414109,0.09633816304083141,0.13189341321582224,0.12129315339228465
0.12032776014000902,0.15040530125807947,0.08547827566788974,0.1286085566330336,0.1157821162502538,0.09964316025890409,0.10766670945551689,0.07795681107775469,0.11413130925855867
0.13149683034582238,0.05083020556535792,0.03427464245387859,0.12342357931472865,0.1410693965408025,0.12959715250594586,0.13190616252654866,0.1031264373352046,0.1542755934117108
0.12683540670391721,0.057562369204106505,0.032805636110284885,0.11868629302536256,0.11662601886097136,0.09425642794718159,0.10872328710977876,0.1543993492425995,0.19010521179579762
0.12650300034285314,0.04650967299178349,0.055063926115741284,0.14455295284070674,0.11427987743407987,0.10992337773757532,0.11909810360305288,0.12881537123622547,0.1552537176979818
0.10028106842788187,0.025599231092303,0.03039849746658314,0.09344839750769311,0.2014385044589486,0.12858739317518836,0.10398010625453853,0.13285658084883295,0.1834102207680305
0.10866656344773108,0.023902843168246705,0.05971393167035113,0.06715587794029727,0.23627034325619975,0.1315035996756805,0.12142883189202495,0.08816775596786237,0.16319025298160614
0.08376897299554725,0.19828263668358526,0.2635815449748116,0.05331194665799274,0.06573576007998687,0.08975490798205533,0.10774448299275234,0.058366253151675096,0.0794534944815934
0.16266716427162844,0.027442744673114115,0.03920332027112749,0.1657080041070255,0.11857227066146263,0.10404013139457763,0.14145768837747938,0.1113393889982039,0.12956928724538094
0.12820882534940478,0.0777700136234651,0.04029740828789695,0.087145154739475,0.10935760979672683,0.11660146375202678,0.17436072260477256,0.08605944079947127,0.1801993610467607
0.10589372809292745,0.107596474841965,0.2508225142856486,0.07458987727774231,0.09092735579444482,0.11133994039804786,0.1010489581378577,0.07691639989811205,0.08086475127325411
0.1445442616585224,0.055277850618809445,0.06677310034796186,0.09382355705936722,0.13287396474865856,0.10276396267289757,0.13927120400206613,0.09995660429088292,0.16471549460083398
0.1294699551594247,0.04479082108645426,0.0491827476567648,0.1381583054377957,0.10507308789672302,0.13331726068849992,0.15167812120119392,0.12639593204564414,0.1219337688274995
0.08474409009802557,0.15773199637762608,0.25240009080720177,0.07106889128537432,0.08602918331327103,0.11659507490062693,0.0930526052060117,0.07174701556055559,0.06663105245130713
0.12836829988517934,0.04690294640285889,0.11165955212309597,0.10518288513704671,0.15195385178061974,0.10180917521983295,0.13775179346587238,0.11186239036089185,0.10450910562460218
0.14521514267681035,0.0756555656718335,0.06847217564089407,0.06534311668210015,0.17531942339590056,0.12751377800304842,0.12533835116271644,0.12218352984468628,0.09495891692201025
0.12906941573649452,0.026914721934082442,0.06786318588256919,0.19251167384904497,0.11149728024735282,0.09616041012615649,0.10377138316897842,0.13181170770102124,0.14040022135429997
0.1349114337226505,0.08385977296681424,0.05123184566565898,0.09489446977235864,0.10466205788963799,0.12555297733635856,0.11077214768830168,0.16164759433960232,0.13246770061861715
0.12894794571155677,0.05321400787965119,0.054869969582617494,0.14723920703153515,0.15432813919709817,0.0892095523866971,0.10609379559788507,0.16913540399949456,0.09696197861346455
0.12601036963524037,0.04532534569734206,0.043322383503228444,0.20173779607862988,0.09551000230790062,0.09249469242596235,0.09509799845078172,0.13368520800965752,0.16681620389125718
0.12335577003878155,0.03605273231775531,0.046945770550792056,0.16048893467810862,0.09415596569111495,0.14256325092881225,0.12734457444576977,0.11842155236257342,0.15067144898629206
0.11911184723015943,0.11666927059057712,0.10707222118737601,0.10279447241470992,0.10351479261519715,0.12475593624826974,0.12656370493067468,0.10215731181370184,0.09736044296933404
0.11428562271889704,0.03540155331779383,0.03969408404876699,0.13666953036618126,0.10374189391598033,0.14295538865999333,0.11510687982169654,0.1199715208248312,0.1921735263258594
0.13150427799181658,0.050533459936947245,0.03416587746297394,0.1300744962863978,0.1462454675764139,0.10838242316050566,0.14124172210304842,0.1269587716390432,0.13089350384285317
0.11690756381637435,0.03864199560116036,0.08440021883547698,0.1750067937712344,0.13926165594499446,0.12968749460488507,0.10469603906308028,0.14098733250299111,0.070410905859803
0.12416777009422623,0.052543743755586514,0.07017306319299195,0.09969726219925786,0.18152214469451258,0.10652764129620647,0.09899710136670757,0.14326922623241803,0.12310204716809274
0.09010096757481496,0.1281146679433655,0.2186547930792733,0.10421647167387742,0.09321622341616402,0.09769955241371724,0.09970445295027308,0.06707097177163446,0.10122189917688001
0.11549478834294362,0.08124734657098014,0.05420485954836718,0.13434433283872538,0.07817302850184377,0.11625821508799315,0.15147629546895844,0.11181907190576491,0.15698206173442342
0.11690756381637435,0.03864199560116036,0.08440021883547698,0.1750067937712344,0.13926165594499446,0.12968749460488507,0.10469603906308028,0.14098733250299111,0.070410905859803
0.13088420488016872,0.039762842358851684,0.09029433113845202,0.13382393191071285,0.10481779001762077,0.11339760121032193,0.13405392083033377,0.10141753927017223,0.15154783838336597
0.12892220805168184,0.09243832045922536,0.06788798734497616,0.11680911219646177,0.13666550863122937,0.10085543881081342,0.12017153967656231,0.12334199532802936,0.11290788950102044
0.1313687305398419,0.06594757518961392,0.09932068118162955,0.13034874761098572,0.09717690151296633,0.13275946143198317,0.11766249092133614,0.0976786973375321,0.12773671427411112
0.140960166823194,0.041323426801007285,0.05590344084803547,0.15299916377691095,0.12746503820320673,0.09256265040412526,0.12889071362978247,0.10807039446141604,0.15182500505232174
0.14729199469966217,0.03924205868606948,0.1022174307609773,0.09243292607335091,0.12175024634251456,0.11725087168562605,0.1393612584274877,0.11227074198514675,0.1281824713391651
0.11256890926904316,0.14192117910478907,0.1677793391965,0.06390495287486862,0.08584295694184203,0.12446065603143187,0.10112669792004297,0.1123097202294583,0.0900855884320239
0.13178296513012355,0.07594640433342086,0.0626438013979493,0.19585685876429815,0.0912724411973782,0.10821540586864886,0.10187249480328343,0.09473155368270737,0.13767807482219027
0.13165800891525806,0.027623079494826664,0.054801618059561,0.15987000692852968,0.1276578522238828,0.09589517816816721,0.13413451126422868,0.14549007405061617,0.12286967089492977
0.11666914756855917,0.10835100636557289,0.08280311799721667,0.12943165479815533,0.11183939371850408,0.11733840043786524,0.1251005940111339,0.1108625829226404,0.0976041021803523
0.13643291656896725,0.04395992054582551,0.07557986855287191,0.12574173187487744,0.1186639987286905,0.11881253790772257,0.13857370028766214,0.1032899022398277,0.13894542329355494
0.14374196017664703,0.042634138227945394,0.044597477424750426,0.12934240897755903,0.13505432056657712,0.0826584475360307,0.11244516486291466,0.15003224266532236,0.1594938395622533
0.13771904544500027,0.024714626153738265,0.07219433178489774,0.08809815709989781,0.23262174301391525,0.11224751069314233,0.12067085768482083,0.10218844961166929,0.10954527851291818
0.13897004292805568,0.025341631970170215,0.080878463899471,0.13568994201687598,0.11645109558463634,0.14022955527974054,0.11031743515053687,0.11568000278956692,0.13644183038094645
0.12077968171745725,0.033111359819220476,0.05845888974448824,0.08878244004704777,0.15148097272221686,0.10443810435330471,0.14941924983453334,0.1691554137810486,0.12437388798068277
0.13934081718604666,0.05289117822686739,0.0421655446998446,0.1153924557256553,0.083555061993755,0.12751522962863313,0.16503433621558652,0.09941965608785042,0.17468572023576104
0.11959354469088769,0.0594488202314998,0.06042242420421028,0.12496703924425319,0.1670900042768024,0.10796867913639435,0.12040272994333784,0.12011633081072186,0.11999042746189258
0.12856249467168027,0.03600495078676522,0.08322465920261594,0.143593812909553,0.11861140327778452,0.10759153912090619,0.1228222980848213,0.1410930581937067,0.11849578375216681
0.0745962353580066,0.13178602663644967,0.3806321657967436,0.04908707033735654,0.0761884874840549,0.09334029962755512,0.08813277808565773,0.05802323788754632,0.04821369878662952
0.12200054098869985,0.05796357145470372,0.0792333455785028,0.1870228070201667,0.09456370066531339,0.10244712457611954,0.1122068090083513,0.09445971588846395,0.15010238481967877
0.12223073866720781,0.11976117389153478,0.057675518343839806,0.14790919014474482,0.11843521699153632,0.12625983491099724,0.12052693816206533,0.07805300915805674,0.10914837973001723
0.10189469048383526,0.04768178362850889,0.17232145070070526,0.10329386399552017,0.11803229078831756,0.13089769312008656,0.11785424608497284,0.09140372539202091,0.11662025580603257
0.10200290953713083,0.01772470032323745,0.051904123574597366,0.1217456495930566,0.1168306252557485,0.13161288845844557,0.12951901594061468,0.16718530240867957,0.16147478490848943
0.14070705978181708,0.04375234112385224,0.04655206036926104,0.12288603278694128,0.1535074732047551,0.10916068590087612,0.13450687856345075,0.11184123755556484,0.13708623071348167
0.13723289383142265,0.03157819796025579,0.06486609545044907,0.15865368204504104,0.13896016540342762,0.12154876571905511,0.10431654535642475,0.11564487858579008,0.12719877564813395
0.13711908999763542,0.07899317349575212,0.05032373105447474,0.12031912433979079,0.12370377661113047,0.0923705937545452,0.14136123125111982,0.09567846566614154,0.16013081382940994
0.1522433835261848,0.03915582813603239,0.0651003002231585,0.12685474265651228,0.11952393077200485,0.08091066882931013,0.10080556709633583,0.20352877215025775,0.11187680661020344
0.12226868618568204,0.04969612771201581,0.07017323960000153,0.13684657926047739,0.18543785554694356,0.0975641453775392,0.11222900418278885,0.09725249742566107,0.12853186470889064
0.12638824820927116,0.037300844485267465,0.0902323243219106,0.11094139712628541,0.11652022775075489,0.10963607903998025,0.12621578075076703,0.18038315051346113,0.10238194780230207
0.09030941060282609,0.13175463191874237,0.22216418445426253,0.07142734998773344,0.11481885241214063,0.10201686200334681,0.11041119874319243,0.06533265175748904,0.09176485812026668
0.12951772131471648,0.07762521307110759,0.11382546171871805,0.1300008349777956,0.11392177327570634,0.10428316176683368,0.11877354861456314,0.11767336596821022,0.0943789192923488
0.11849265052589338,0.04149208934710037,0.09560719771157937,0.12664678595991533,0.1362900939776507,0.13466033822127305,0.10824118613718327,0.12749266196273698,0.11107699615666748
0.10960872562758102,0.031169016358784857,0.032613550707360654,0.12788506815628287,0.1271788715890492,0.1122325049496613,0.15862493276724068,0.16977951917349432,0.13090781067054516
0.143277320013905,0.02787858528359849,0.046072443152587884,0.1776227629822855,0.09865683893402614,0.1067497748674008,0.09633737959809835,0.17596797420956187,0.12743692095853598
0.07820328691180196,0.23645881524410328,0.2866277616251948,0.05599646027764795,0.05615389835509533,0.09489947825528744,0.07668562582395234,0.060468645358924905,0.05450602814799205
0.1201030291600072,0.05483012583421423,0.09229283692841915,0.11406842588667211,0.12263214162239093,0.11016441095906221,0.13566541065550478,0.13190431342359357,0.11833930553013572
0.13481785368441992,0.05103487388352205,0.07964330380033453,0.12241954389327991,0.10259560386736748,0.1231615011101526,0.13588690550318003,0.1230195427021431,0.1274208715556004
0.12011218858134283,0.12290856425226034,0.09969521480919163,0.09789280898399529,0.11720279281089208,0.090738893319046,0.12926508380347682,0.09407060164099784,0.12811385179879708
0.07284496226737851,0.231868843278922,0.2563081957485886,0.04353170271114315,0.07963570427454775,0.10955195796954387,0.07765088061461271,0.06322273899327872,0.06538501414198476
0.08641632753747358,0.2721424199992491,0.20533380415133348,0.05873110459098465,0.07351579373380572,0.07216101849613143,0.0946731459874886,0.07785981192180987,0.059166573581723565
0.13198278789296056,0.028576793648779714,0.05304213734644373,0.17591627979431876,0.15525077259018302,0.08576433674036077,0.10900941106693494,0.1605301598803419,0.09992732103967661
0.10424260116956195,0.12321772821758213,0.12450991312366798,0.09453827658466805,0.11876968020477802,0.13378560686472407,0.11867121618493622,0.08127832880537393,0.1009866488447076
0.12473900864230598,0.07911359580699202,0.08278224862441211,0.16181471963319816,0.13634178783614778,0.09668321060174796,0.0953907596116908,0.1121592531367277,0.11097541610677746
0.07272812141969183,0.23892856642982785,0.2813424496002499,0.05723235397668521,0.06469451519030882,0.0978735523011397,0.08277495828953975,0.0550579182834407,0.04936756450911623
0.0969437005433923,0.26172907577785204,0.1465313397301651,0.06162250216908043,0.0756805417491757,0.098644226889615,0.09422697266406532,0.0638730375254659,0.10074860295118826
0.1268733761204729,0.03250748560856648,0.041318500201443564,0.11653803808774765,0.1247623591797663,0.13168614141295373,0.12714895042292865,0.17801290121153193,0.12115224775458876
0.12508399206913087,0.04408334862089705,0.055726620184975505,0.14115740832375634,0.2102167272522993,0.11031308622068497,0.11394726082098423,0.10759408601619876,0.09187747049107309
0.14224694445389688,0.061885161145859596,0.09088098377453763,0.10245102604933147,0.11737830044383761,0.09091911952457732,0.14074784805611465,0.13238679350694282,0.12110382304490198
0.11175883326766463,0.103606436481323,0.18350994104039298,0.08616561272885555,0.11247484332115572,0.10440296473535225,0.10771703554758634,0.10235905804023232,0.08800527483743725
0.12847198989301728,0.07273717047686808,0.0895521633651488,0.15473667745675013,0.11538098453037754,0.1164127298105317,0.11817092991337563,0.11998391132455022,0.08455344322938065
0.07834938488973493,0.33514807465617036,0.13515935412738642,0.060918543564473716,0.08103556816823017,0.0964137321104503,0.0891933110110002,0.06271185718604085,0.061070174286512985
0.11910316446894621,0.04692553362454068,0.06687213493697687,0.09673153594770749,0.21086565972884985,0.12261725362623377,0.11379509157472877,0.1244713198704893,0.09861830622152712
0.06753356767529332,0.33808021280336026,0.1624324880686597,0.057225759931892696,0.07396689603715223,0.10634497552484877,0.08243759450817888,0.05507369647726329,0.05690480897335073
0.11017194302502083,0.13998413595396775,0.2325679890692631,0.05508102277281713,0.10965927960622888,0.09032943950126732,0.09832630300824625,0.07565829738155884,0.0882215896816299
0.1343714339861988,0.057765253152255995,0.060873489643676594,0.13847983251854748,0.10979977338254827,0.12883222119105128,0.1094666398458229,0.08510926480891173,0.175302091470987
0.1163542646260451,0.08311630115075438,0.05602691299582235,0.12446995702169761,0.08786709623321738,0.11889735309129128,0.12035288653669947,0.13681303891021646,0.15610218943425597
0.1400934764216499,0.05085179092581765,0.038956513666875255,0.10826294927662243,0.14815368945064372,0.1322922245230835,0.1186966563261404,0.14215134365541182,0.12054135575375535
0.11000627317595824,0.037510702714693096,0.07504080607015241,0.14742406609478567,0.13134564297863402,0.13137291569392284,0.1385497515755529,0.11248621476894599,0.11626362692735488
0.14958065200478948,0.061241565469463854,0.03972765405267312,0.11673368787644944,0.13533281981534825,0.1252603049751779,0.12423413958725331,0.1103657926305831,0.13752338358826158
0.14242596987366252,0.057913909465898826,0.06799231503205494,0.09581541334054793,0.12946237517285988,0.1086597736870567,0.15940912806782648,0.1191991211065625,0.11912199425353025
0.11412527305905956,0.06652235652143214,0.06749250468807154,0.13902398235686336,0.10145844799097666,0.13323429899343286,0.12078014625616114,0.10307866287528174,0.15428432725872107
0.11773616168050456,0.03521711985914285,0.03592409969032812,0.14343308672880625,0.18133437547232908,0.12992230312173494,0.14015334496770254,0.08183569382002882,0.13444381465942284
0.11085636973215336,0.18657446007720305,0.14859744693396193,0.07196333308494557,0.09509491823143923,0.11583658446848556,0.10813935525036615,0.07956643256490607,0.08337109965653912
0.11926411402150518,0.07131022781829315,0.05365461430468201,0.11736959301907751,0.13711141470568802,0.10616724979375786,0.12009687651465882,0.12349844585971224,0.15152746396262518
0.11970331582759486,0.03255442290914068,0.05053797951238397,0.17042906805129557,0.12479573220713787,0.1092377266578951,0.11184608243228256,0.1469618496461543,0.13393382275611512
0.11584117536853628,0.02782168804616689,0.08206507729710391,0.09101085323525802,0.219971209339307,0.10586966130061976,0.11430532507401815,0.14695320134417392,0.09616180899481613
0.1413529529330592,0.038151332604711756,0.035415597033814195,0.14066006376805815,0.11370932233269028,0.1265109922915654,0.12083269592954086,0.12234613914267295,0.16102090396388716
0.11011416029933964,0.03116526260047614,0.11064255939801326,0.20122836768649235,0.1079942260601638,0.12053284328816627,0.10619720671092409,0.10902696544288847,0.10309840851353609
0.15506312648776077,0.05585265351775332,0.0420470793394239,0.13768761437799018,0.11921038378967792,0.11015473223654149,0.13109036892343684,0.13334350055282265,0.11555054077459287
0.12813131603932348,0.04985088826400102,0.050657225527827726,0.11894713404207995,0.0983513614217905,0.10795363444941523,0.1980619198595175,0.1376796419297804,0.11036687846626413
0.14622163827128692,0.06427468777172538,0.06493367823553271,0.1426117333247737,0.15767575395335157,0.09472525811248793,0.12146508755944323,0.09100548739120155,0.11708667538019697
0.13323558127174026,0.03961238739086497,0.07152239184136837,0.13072491254687812,0.14174607355847937,0.11421419380068558,0.11154523910886416,0.122483037970867,0.1349161825102522
0.12095216603156737,0.0501156616263273,0.07210072566795442,0.18068869029543463,0.15316297417987274,0.10475655333225452,0.11420117670248285,0.08344202111562664,0.12058003104847959
0.13717621871570415,0.05337412792710152,0.041869520285222346,0.15835926109939613,0.13666965133648415,0.12310437418897058,0.1167173211877884,0.11442740003525446,0.11830212522407822
0.108270289394387,0.03920578644317722,0.08330082207580862,0.12010283027787959,0.16414576474352563,0.08266601131393606,0.11279604414657753,0.11933617572098375,0.17017627588372464
0.12282135115811511,0.07891321786784793,0.058572266025212004,0.1251684376633062,0.11959089683419082,0.1325570012827477,0.11448051478634895,0.10483296684182808,0.14306334754040326
0.12683077296946252,0.08559749768433778,0.1058863826659057,0.09298002256170507,0.10515685575328153,0.1060398943625691,0.15335753365369345,0.11006188281299008,0.11408915753605477
0.0761309952398098,0.3700166458882437,0.1260599706924744,0.05191125675066486,0.06352251824746642,0.09473992576219654,0.08920032912049174,0.05555328786797784,0.07286507043067465
0.13012740757085706,0.050408623080348464,0.03853003307303775,0.18512548878281207,0.1367605243240848,0.09823883798036008,0.10362070567431281,0.12996195042624628,0.12722642908794074
0.13435734387266887,0.06320986986100101,0.050854599977359805,0.12876888086498614,0.10770171312360831,0.11607200808097806,0.1402328398306771,0.1059601852501117,0.1528425591386091
0.15342875290304328,0.04640317901896005,0.07449905412291447,0.15344033611896213,0.10612811130309711,0.0920284404187887,0.14333360625827354,0.10043629831085432,0.1303022215451064
0.07252928159237922,0.24119658358344198,0.3033078555158275,0.04151529795390433,0.06132249939032577,0.07767174843880703,0.08278444023243564,0.06093896180042496,0.058733331492453515
0.11532676289528106,0.059916233628468346,0.07228716935959766,0.10918453361281828,0.12006094016900609,0.10437593034289279,0.13384432595617843,0.1816603892533325,0.10334371478242481
0.1336669807658909,0.06829524151447151,0.08153102251921933,0.1335036575634295,0.1299239757444603,0.09751755340799816,0.12251380607005151,0.1024933163656926,0.13055444604878622
0.1343275570390161,0.04902981460616097,0.08227123223791681,0.12193515003708305,0.11111028705097302,0.10410739776213539,0.12166470638775229,0.15208222977232863,0.12347162510663379
0.14791808241106125,0.02889191092202742,0.08548545288791683,0.10586890093537175,0.12442827642796768,0.10485801827726426,0.12780939801641197,0.1549964955664029,0.1197434645555759
0.11910316446894621,0.04692553362454068,0.06687213493697687,0.09673153594770749,0.21086565972884985,0.12261725362623377,0.11379509157472877,0.1244713198704893,0.09861830622152712
0.13153791632078435,0.08409716927438027,0.0789447751987919,0.1138850916789893,0.1013087031371096,0.1306892051269368,0.12388081749191815,0.11643990325354132,0.11921641851754827
0.07710652499610454,0.3304516011137157,0.1964658942810368,0.04684895252934009,0.07538946527936345,0.08527046626234663,0.07447317974816474,0.05460290754667705,0.05939100824325098
0.10978189999636033,0.1064403923505786,0.08224928689965967,0.14402198414996262,0.08401066699172809,0.10702143585575769,0.1353653899278184,0.11171883412055135,0.1193901097075832
0.11514370693228576,0.06443815535747542,0.07311262306552589,0.12793130140903716,0.10797489042932025,0.1313030270124518,0.13559935400560272,0.10936667416992846,0.13513026761837252
0.10594055652314471,0.013772242174226026,0.021326695838499332,0.17522889537897768,0.15209015117597166,0.12712355507864198,0.13743252338612075,0.11436362664236353,0.1527217538020543
0.11112935148109726,0.08460388498711184,0.0731436315361181,0.11016532881571024,0.15600010193251523,0.11737174628476317,0.13793728911973144,0.11264432729721315,0.09700433854573952
0.11248484512216772,0.1319121711081183,0.11349732670056849,0.12978325689435696,0.07970265181511016,0.12145038058308905,0.11428092353542664,0.08517682834817679,0.11171161589298591
0.12512322791374922,0.0633513961678893,0.06890678359201965,0.13817400014570347,0.10612427288569794,0.11258457684611327,0.11994589689667244,0.1180235713527602,0.14776627419939445
0.10953230742814851,0.10201386581153067,0.20155947362171478,0.09400108656928513,0.10183435605132751,0.10673193480009792,0.10267562928648942,0.07708003097743361,0.1045713154539724
0.09850826866854474,0.10050101651615162,0.22759442221284296,0.06646558971845289,0.10306313428418855,0.09416361488080287,0.1163372872634999,0.07814906654206946,0.115217599913447
0.1260977804731897,0.0926282783163948,0.060473191125724475,0.10553176491824716,0.13589777679525347,0.10820990112412116,0.1192154387946139,0.13335036443158035,0.11859550402087497
0.12796938915564857,0.04732281730432015,0.034039873308551016,0.15287451915008585,0.15600801281924104,0.08416319333079479,0.10219349249938336,0.1718177405546233,0.12361096187735192
0.13934081718604666,0.05289117822686739,0.0421655446998446,0.1153924557256553,0.083555061993755,0.12751522962863313,0.16503433621558652,0.09941965608785042,0.17468572023576104
0.11235243966036584,0.08302896419273002,0.1631049979693204,0.07803665679853396,0.15464735046566833,0.10425503037516708,0.09582296299452943,0.0768043531321626,0.13194724441152234
0.1204753460446946,0.07703404729243156,0.06635346674278765,0.1472997964264593,0.10968401467976115,0.1622695313458187,0.1265100074137451,0.08843318224038481,0.10194060781391705
0.12451465149740032,0.03301448486560823,0.046770529553094194,0.13756900025963506,0.09227601476121666,0.10914775648389684,0.12638433708954114,0.16739386825872926,0.16292935723087823
0.13576250870753595,0.032049232012359735,0.06383226789507279,0.10330517375413606,0.18013743708745755,0.10684127499803826,0.12770909510276843,0.13941350958705315,0.11094950085557809
0.137977147426436,0.04080950001480944,0.03011301724354498,0.17099756122672746,0.14178324666963305,0.10756206385298217,0.11019714738404997,0.11340853309992853,0.14715178308188842
0.09439081643257857,0.15697063637379052,0.26829655093173504,0.08973045715745635,0.09664540826446417,0.08704431381299478,0.08543739939421933,0.06506896054665025,0.056415457086110975
0.12751518980473578,0.027332664857655824,0.048762159927961034,0.14807182685496303,0.12382867175887147,0.11541926811815788,0.1203405431786538,0.18785780027781476,0.1008718752211865
0.1346276705313371,0.04524597896665892,0.10595014833762122,0.12575985568143347,0.10570426974030693,0.12931369351053792,0.15037769563790995,0.09733562336308664,0.10568506423110784
0.11457758105686457,0.034671017017036704,0.06013437831961229,0.16644030605364507,0.146084492886989,0.11988760998812666,0.11695882613555277,0.14103152517122566,0.10021426337094723
0.11706617662758993,0.10489121553472412,0.06375907339700705,0.13883827560452255,0.1013939707271606,0.11863595371452795,0.12622384160737501,0.12356597205469406,0.10562552073239868
0.11325802428388276,0.04151358182392414,0.06683012095628695,0.1818553220826201,0.12423747487441429,0.11228087430503984,0.1162047249921842,0.10060378766386656,0.14321608901778102
0.1291551930854666,0.07538674620786077,0.10289118879343516,0.0927262533137293,0.11773513072940073,0.13329633735193439,0.12562188517749587,0.10351839099487363,0.11966887434580346
0.11972864873281608,0.04677485854684885,0.043936581745216675,0.1697661510731875,0.11761829256134261,0.10212133165547084,0.1311609701392346,0.15693287906753153,0.11196028647835128
0.11221838397278483,0.08939504879863151,0.034095964666005674,0.12495466619573746,0.09213765733534966,0.12493658752305321,0.13028563396629492,0.1489949411953487,0.142981116346794
0.11320191276452347,0.047878868549600884,0.07848748904880892,0.1542319715500262,0.15294563018491772,0.12100450744119623,0.11970627882233309,0.10333149472941283,0.10921184690918063
0.15107587519803753,0.07768146075119242,0.0409737863924595,0.20247190732007103,0.12590275728558045,0.12102019950648002,0.0836206508050738,0.0970595646075683,0.10019379813353696
0.1477060246859567,0.04677299334311458,0.041527292949796006,0.09566360645230836,0.13885009613066734,0.12637081949085124,0.16758547609283977,0.10669881509998598,0.12882487575448
0.08430132139683773,0.3237786509446888,0.08537314032045805,0.0819070153218803,0.09519935414452464,0.0838986801648205,0.10630030941121664,0.06101956372231207,0.07822196457326129
0.1281299823206293,0.0394589138248702,0.06626850686789208,0.13495660128216344,0.13932483322447292,0.1030090020957072,0.12958700267360512,0.13916375679102816,0.12010140091963156
0.12441698895888524,0.04423237300409874,0.05713076307283125,0.18010342062597898,0.11412440843958911,0.10722493978230609,0.10134347130366288,0.10727735710700241,0.16414627770564524
0.1406012667991925,0.031789426174305795,0.07754090069428836,0.16537247166276306,0.11098340929940693,0.09567886225421972,0.1358237863095676,0.11338661933434531,0.12882325747191073
0.08850955808304717,0.2160618670742677,0.291063461333495,0.06351087957524487,0.05951368765217794,0.07814871445427535,0.0740981798443993,0.05950207832477983,0.06959157365831282
0.08844830491338494,0.18457789947403025,0.3214236683483624,0.0538142017049931,0.06478237644080213,0.09852445318837404,0.07116143171472662,0.059568357551293215,0.057699306664033355
0.11174553224994536,0.04255751588142017,0.03943295595487863,0.12139610819509532,0.1309436838912839,0.1402644267573687,0.1499906136470173,0.13495198411564627,0.12871717930734436
0.11902044595385537,0.034488338481688884,0.052303946154951264,0.20425967068120401,0.09998672980372447,0.1197469475108441,0.13496253854822393,0.13606177578044584,0.09916960708506208
0.12719608597518692,0.07652441004503986,0.05975342264870608,0.1477686917501825,0.1231042065092675,0.10812529781565078,0.12389998163837256,0.11010284780566366,0.12352505581193023
0.1312477704976864,0.03756401367458753,0.06687995073660212,0.2044376396221973,0.10120137530752198,0.1361801927402117,0.11692563572386279,0.09850680132673945,0.10705662037059072
0.13333151445791294,0.08105460601729801,0.07373671469873816,0.11743158554286381,0.12882584832374191,0.11965009536150585,0.14403335514793633,0.1015505898329645,0.10038569061703852
0.10540661178189902,0.07343562513264662,0.05025236296172394,0.1312311902192456,0.17009197158122738,0.11078088315705231,0.14178953689847798,0.10068197466692601,0.11632984360080113
0.12180711686050376,0.07263474116978054,0.07645333169059569,0.15404507313413365,0.1300493988346979,0.11040394047139984,0.12525710622881386,0.09390705398753858,0.11544223762253614
0.12003988872026372,0.07826831625143396,0.056661613364509054,0.11228113011321506,0.1191615062778204,0.12613671878632082,0.13741129678649636,0.1617936566888646,0.0882458730110761
0.058638833158057964,0.18001684661897024,0.3894431048388655,0.045911124390126845,0.04472117280611626,0.11333481285948839,0.0672890116905092,0.0454628977058619,0.05518219593200369
0.13447862187460527,0.04002665638435832,0.06484845153097316,0.14304319576186064,0.12666920736924375,0.11944192131415511,0.12729712371667648,0.14192184014880216,0.10227298189932506
0.10002340456486092,0.13398216976950786,0.09832663248845885,0.07048889667458069,0.08718325160927269,0.12420162199268302,0.13612545920975405,0.08106563072158315,0.16860293296929874
