0.13421767786271008,0.13129499703888795,0.05689524319773658,0.16266415271506326,0.06554544064285987,0.1412812918018057,0.07907856558260723,0.09982371268177664,0.12919891847655265
0.1236760532495767,0.11909173630783089,0.2068128126992892,0.06955079617866022,0.10712823769856133,0.04052177043658599,0.12753298090073842,0.10993140613092754,0.09575420639782979
0.12399867336452121,0.12823073321044876,0.022162578416102835,0.10083177341857807,0.189229644321492,0.06626067201737103,0.11174219258698702,0.1200323711527892,0.13751136151170984
0.09625148404710428,0.09663473337804694,0.19314336107253585,0.03220248816518889,0.10680989971533116,0.06271834222070823,0.13451469243480627,0.11730421819415193,0.1604207807721265
0.11178097312954129,0.11229848616283455,0.04763259905666648,0.09588533306362645,0.07895764515616889,0.16600451403864136,0.13511231896571974,0.11496535535294365,0.13736277507385758
0.10283330531629568,0.10680715185153485,0.01887297852529196,0.08426268773801786,0.04192308775130759,0.2877381728753051,0.13743646430038106,0.0974862415224047,0.12263991011946125
0.08289584876969903,0.08772941717217508,0.07483659575015471,0.07918452480419282,0.06872281293167637,0.23198423866397075,0.09897603796256545,0.13294863324140202,0.14272189070416383
0.101859607223915,0.11099284077013266,0.13833972051957352,0.05953849096894729,0.09783946693838612,0.06556824155795793,0.16882535775964055,0.13927511052807573,0.1177611637333712
0.12363505290673116,0.11425493292430981,0.0697942532187566,0.19041228435667823,0.08712873220834717,0.037197580952613614,0.15849841044621263,0.11019040321423428,0.10888834977211642
0.0999077920388871,0.09986416641591421,0.033904262592480784,0.11728301235108256,0.13079474167167196,0.14154162347707377,0.11066797009464151,0.12447428293828272,0.1415621484199653
0.08767970231977425,0.11977445234394613,0.06564344956320776,0.13475742507619223,0.19031962087881346,0.08707693209164702,0.09920707254256526,0.0951945864174875,0.12034675876636641
0.08474516704027553,0.10368743043417976,0.14537832059254713,0.06905995455165705,0.18601923974547505,0.07168629620561905,0.09145999314772081,0.13805618023924457,0.10990741804328115
0.10438892261170278,0.10146177301585896,0.16417014387060963,0.08804442972030362,0.09362312648850357,0.055743068979168774,0.1604377332933601,0.10656669063984453,0.12556411138064802
0.08234889367541996,0.1333025748463121,0.028877571446338384,0.08465782358339169,0.1269028367248669,0.31512597165713013,0.05987491539219816,0.07057870946157496,0.09833070321276777
0.16210574668131086,0.12548647919964284,0.04044644908601905,0.09616671259783512,0.16129665848758876,0.0716691241190594,0.10176317521396078,0.1431277926349145,0.09793786197966868
0.12451527357267204,0.1354802403097954,0.04555990301585897,0.11959043034137673,0.11698038020894176,0.07810922515720915,0.11422032897307315,0.14649975003172624,0.11904446838934647
0.10428530907263751,0.10840575915355233,0.05940706602371748,0.16233993394387694,0.12058122809698635,0.06537452796652787,0.11946388947492963,0.12626535163208688,0.13387693463568495
0.18556081439846359,0.0869370189989626,0.04426901420797882,0.08559338350147215,0.11479211200071944,0.04832667873708102,0.16257918494191562,0.16213111848614106,0.10981067472726574
0.09655480394906835,0.11573710933712826,0.05570739791140075,0.20652294104753385,0.06853922449294135,0.09033177688910882,0.10177157075722017,0.1174093911460377,0.14742578446956073
0.10107877778518189,0.14523687054130155,0.05354261787051379,0.09690940054402507,0.0980511491942868,0.15017608004064778,0.11807883422671069,0.11973582102657125,0.11719044877076114
0.13222156569653945,0.0903688643016957,0.02044535623721118,0.08743012764974271,0.09674228087668842,0.13560028164178503,0.10955044962981593,0.14401927878481616,0.1836217951817054
0.13828113814148416,0.10506827693523073,0.039365238753456856,0.1782394205252702,0.1194084364193571,0.06065446219353852,0.11163600706091674,0.13823001617577216,0.10911700379497358
0.09742191738267088,0.09401746375735648,0.02544957801219243,0.11751144980600836,0.08983833570801585,0.12207423288154313,0.1924803217116193,0.1594210985969445,0.101785602143649
0.12518643487944506,0.14223736937241196,0.09059248724526718,0.026593064640671137,0.10178737886201854,0.04341915342230093,0.22536275908244288,0.11479566794777807,0.13002568454766436
0.10306911205034719,0.11207870832747863,0.05769058917957198,0.0678995596143711,0.13185655123930703,0.06758401609890839,0.15587125864346105,0.149081466242241,0.15486873860431374
0.12860664724846319,0.12251444530935009,0.0449914286552717,0.05336346791770848,0.11776235247733609,0.08985400377857511,0.16858187518109138,0.11433797640930088,0.15998780302290305
0.07954486025149483,0.11417960483764185,0.07309159744762944,0.25295135818589404,0.06564017137022893,0.060512639086633034,0.17434635593955886,0.09371954016471538,0.08601387271620368
0.10727248079546893,0.10559994274586232,0.030564859855517146,0.24491588399007966,0.08913941362763793,0.0684783687124802,0.09645423414629346,0.11882267367383259,0.13875214245282777
0.06486052659033757,0.09455922789814493,0.1700352648219372,0.05816367033494563,0.10237403113429351,0.19097545154845882,0.07430179785687933,0.09203144992924378,0.15269857988575913
0.09528381453045283,0.12032722789020438,0.030374152283764635,0.14113646088396797,0.08610895076511656,0.18163107479042404,0.11887111102481555,0.12102168561072697,0.10524552222052717
0.10392957048919386,0.10385739770834135,0.07202459572149296,0.13064435773725253,0.07548312752437002,0.04326501738800176,0.19006878840226096,0.14798846080110886,0.13273868422797772
0.11788832659824548,0.10099680656025951,0.09721832808513693,0.051750257570473225,0.17002487847158076,0.054979387270517426,0.13756414160068656,0.11984283634115538,0.1497350375019448
0.10921238311803921,0.09053602818292004,0.03900382219191508,0.10825641956781797,0.09041562482648167,0.07710935657705714,0.15865567611358875,0.12280860762568772,0.20400208179649248
0.12365588590189576,0.1070223918687495,0.21175574939686803,0.03687801087980211,0.12418637405017662,0.08471236986799292,0.07883032310405674,0.11520650204373263,0.11775239288672566
0.08714284027038836,0.09080160783386797,0.02099254836959591,0.04367663998724677,0.07179638770926398,0.2872739767297542,0.18875050495728965,0.11350894807430639,0.09605654606828674
0.08550181839611161,0.1289142156546292,0.1576332550219635,0.22964616452043327,0.08407282509699614,0.05695576638647226,0.08214061421778951,0.11490287360245537,0.060232467103149216
0.07518664071422232,0.10333931522900695,0.038371940583740195,0.09464882223673284,0.08501916449315144,0.18422769141470693,0.1566048451689432,0.10269349777097049,0.15990808238852572
0.09395935156059997,0.11096339391584509,0.07427486271696791,0.04077740665356846,0.09166613975801534,0.17698112219818296,0.1566528174413407,0.09968313767815806,0.1550417680773215
0.10559251264450327,0.12355829435275385,0.05408368252741149,0.050636096635942374,0.18048694984890745,0.11803830745747895,0.13655661203430616,0.11631281204598672,0.11473473245270971
0.08782886063085014,0.13297640313698933,0.04854771261820953,0.09076514202000054,0.10125757883805497,0.17590580013266868,0.14840346733098378,0.11472801233405328,0.09958702295818973
0.09105727086113495,0.1059458180818813,0.17113818054981397,0.03392969182681409,0.06902726320573312,0.13005989141940089,0.1602942610907413,0.1204601263946829,0.11808749656979756
0.09319238520580841,0.12474043980646492,0.06034143074871088,0.2953643137217856,0.07420128124436831,0.03814241599601111,0.11743841493970504,0.10409671103315694,0.09248260730398873
0.08551941815004938,0.10984960654505956,0.0139324557954347,0.2404310876059511,0.14274058106564255,0.10065625219499018,0.0881066331843064,0.11335477186936808,0.10540919358919805
0.13062494604758548,0.12950489161976497,0.03288924516621096,0.022938948793343596,0.1236970530546219,0.12652982291321282,0.2177958558833618,0.11370496337351536,0.10231427314838305
0.11058710560323537,0.12249815969375231,0.08881817359406473,0.026603627214035613,0.12877656185208908,0.19591259767445549,0.10614271458110969,0.10155018422280405,0.11911087556445364
0.11025706943331866,0.1378143314243682,0.07912978885169507,0.066930235994224,0.1191501576778906,0.10697492400968511,0.1535164450372709,0.10095632925916538,0.12527071831238215
0.1062023968972885,0.09457790677828398,0.03434648594257689,0.10843521057279644,0.09898094621912519,0.13313555696535476,0.11414985792337834,0.16960226799622802,0.14056937070496794
0.12881046883663605,0.09899970702545506,0.04476572692514294,0.06418630565173263,0.08758013658426171,0.2604213946293101,0.06183497807765697,0.13178939463137163,0.12161188763843289
0.08307365766010169,0.09733683133613087,0.03959269894418477,0.05828468294118241,0.08401491164890872,0.16824383864507356,0.20340943404409736,0.11038961898178763,0.15565432579853297
0.10751525878802404,0.11823860710644767,0.02401242815954728,0.14955189881120637,0.09111630759008398,0.1148940088384493,0.13076518775459553,0.1179387971628368,0.14596750578880904
0.16788181159051316,0.09588775914493729,0.04052988725473723,0.019758419795288956,0.1974502503344057,0.06516273517152145,0.09452438907558414,0.18238286704566833,0.13642188058734367
0.0987002794745989,0.1209156871911905,0.054524872534794454,0.11031094270316573,0.19290129362742134,0.09172220327650447,0.05711707802079757,0.14143608533335428,0.1323715578381728
0.08907184943472368,0.09737834702716187,0.11025747953194022,0.12735512062850887,0.09961962377020973,0.0739600138893892,0.16676021755349293,0.12624319461433453,0.10935415355023899
0.10115052062735512,0.13116450964871895,0.09073860869099475,0.06687720396994523,0.09113847510970303,0.13938841737665575,0.12482948116974013,0.11403797351779647,0.14067480988909056
0.1313056660845782,0.10114344374116706,0.029997207596279146,0.15552050514413573,0.13501749519632678,0.09403442670799074,0.06798688532697883,0.14637842125820924,0.13861594894433427
0.08577452478065488,0.09045856438667817,0.14483713160781095,0.045628455413727696,0.12640991105228197,0.06884935327784002,0.22022786532030014,0.11075719887997997,0.1070569952807262
0.09520897562166597,0.10036621275359553,0.08168417747392999,0.09390111408593355,0.11054174499872642,0.1883116644631135,0.07877861304457458,0.11788210581547225,0.13332539174298816
0.16256902115047275,0.11701678657377679,0.023867205693505745,0.22411390208868118,0.09020612136719974,0.07040487326812439,0.06351372878993025,0.1350013257817212,0.11330703528658802
0.10901222783731775,0.1574745940076846,0.08974266451896751,0.05342564203229997,0.12421061852309295,0.14788366480779133,0.08684029898366562,0.09968178505278391,0.13172850423639637
0.11344326830764646,0.0996050992605424,0.15536881302873626,0.053164965291669364,0.09927044458341698,0.09612074644317858,0.12952732004570983,0.1512933813662712,0.10220596167282896
0.0659930280489846,0.12451811152067073,0.03223268548405727,0.07642017769403352,0.0706285380036021,0.09910134332049529,0.34652720425317257,0.09482098123699549,0.08975793043798848
0.14926454726860972,0.12085891485989948,0.05949807478891852,0.11031243960489918,0.10019763278355857,0.048138654048463424,0.11965213476001184,0.10960119397003239,0.1824764079156069
0.10623150116161728,0.10902487302499898,0.03976842567062555,0.11692506072447484,0.09232602297564725,0.08354780905271164,0.17800984673328912,0.12523496611740081,0.14893149453923452
0.1072758406530017,0.10896903044249724,0.0628270287692222,0.10346906312925523,0.08548443888238798,0.07472870033762934,0.23499484897856546,0.09922562398038737,0.12302542482705349
0.14722396944161462,0.12180133283159422,0.13532589791328045,0.05262416695963882,0.1189336587410411,0.05753441207985349,0.10463372352641735,0.10807724438245013,0.15384559412410978
0.1248204276869654,0.1057443466440684,0.04672280083253244,0.06868752252954609,0.12637919129541164,0.19585585039374465,0.09960502113222792,0.08349831661546132,0.14868652287004216
0.12581116861853753,0.12189722827152775,0.02851289760649134,0.11052403705473242,0.16131923850904406,0.0657671811716367,0.10420081836131367,0.10981883397004767,0.17214859643666883
0.10562030661410793,0.10213277683103605,0.09946494172349533,0.025921886439675038,0.08015798502944271,0.22972193993136322,0.09232384126216713,0.10735076739879629,0.15730555476991637
0.07691212184694925,0.09421560516015313,0.007269629397577048,0.0930568702439664,0.09433333305628015,0.33371787266396474,0.15422547501772288,0.07077197733835366,0.07549711527503278
0.09561608837378037,0.10868510435217926,0.0409536714327302,0.11921584602399186,0.09367951825779451,0.17045706893038562,0.15123289005078666,0.11268427206134617,0.1074755405170053
0.09434741289861122,0.12569061812826623,0.22057464128628837,0.12108397985481978,0.07412539002231137,0.04758409623954237,0.09256467220084351,0.1296509228827057,0.09437826648661152
0.11695600069499253,0.1182318372177179,0.06517878724868102,0.15623402049315813,0.09546047821631377,0.10948044682927145,0.08185148052576281,0.13000858595406375,0.12659836282003867
0.11407903542829574,0.12785940966469436,0.044936816235472264,0.08525535315915261,0.1718310279668485,0.07938943367766801,0.12290944530878506,0.10739363019113846,0.14634584836794498
0.08819573970487175,0.10277846364464298,0.06291424743587958,0.08418659807476453,0.12358608535301825,0.13291048970425817,0.11289572378947292,0.14038673300352442,0.15214591928956747
0.16686982614516954,0.11048683191943316,0.10555552237413858,0.045761366495913225,0.1049593706136678,0.036827876225250696,0.13721224042639915,0.14611568082927245,0.14621128497075533
0.12060003338969705,0.1288738802666268,0.02685078519040916,0.1134743470683548,0.11639603757025886,0.032824141586317676,0.21453653748086654,0.13425925900631405,0.11218497844115509
0.1197628747553654,0.10687538108022344,0.011583221315189568,0.051214315471859395,0.0884307316771555,0.17332625037413538,0.21051772395780208,0.12483897398303494,0.11345052738523435
0.12756051941672333,0.1356533271212567,0.06734694966962618,0.01984723559626483,0.1523868466993498,0.10189349813117954,0.12862745531656272,0.09138668720926334,0.1752974808397736
0.11317403758187396,0.11371751083991642,0.06911995280296464,0.07255684659522392,0.07450987701391637,0.15473590159902517,0.13709386007805832,0.11948193626173668,0.1456100772272845
0.10400176477145855,0.10670398127246618,0.10076055976175406,0.07162919910082768,0.03914885669720466,0.2803261461869222,0.0705531962982515,0.09217228259556216,0.13470401331555304
0.07534549146041354,0.10844498659699986,0.0804787781896272,0.15894956923220915,0.06959107716385933,0.0430188683681027,0.19472668516158373,0.1390245700050903,0.13041997382211418
0.0991128825906803,0.115160074399052,0.0578121616250535,0.022314760240471226,0.22376536236200537,0.10740173979918761,0.1231755354048178,0.12834406210977625,0.12291342146895601
0.15282027405779341,0.1065032186730253,0.1183817689751847,0.04447087390536523,0.1044161286129799,0.05437618399310617,0.1328357023157168,0.1413929738621067,0.14480287560472174
0.10420593438879827,0.0944216395181261,0.02397340562944319,0.17491630094921717,0.13079123586535749,0.07652519355242272,0.12358468348366741,0.11583041737716533,0.1557511892358023
0.09810819979294418,0.11035862699366818,0.032236737170910267,0.19871704498005002,0.1969677977255749,0.06644509588656672,0.09051724096014274,0.09832838610445606,0.10832087038568684
0.12238562177753232,0.1228118831892457,0.04147446043336105,0.06687921512745791,0.09741019238048187,0.1864352456331834,0.09147984632994167,0.13199062298252037,0.13913291214627568
0.08819533909365855,0.09551052497133812,0.08201831629193262,0.09789144227353475,0.1281496816946703,0.08618896019332285,0.16335375384349257,0.11801582526313902,0.14067615637491127
0.10719629446003508,0.11557937637118582,0.09853125549062763,0.08996547057447019,0.07387766583639184,0.08397922348562403,0.1945076646445133,0.10138361044529882,0.13497943869185333
0.10151028711473825,0.1337323356661193,0.08771384364140335,0.051868453721348844,0.15384622272308776,0.12366492710132866,0.07978016298928824,0.14743845542442705,0.1204453116182586
0.09586331350847138,0.12152827153151506,0.05505165562864247,0.07730775860085283,0.09038781624970432,0.12091999608442283,0.18407471196384176,0.12281877636067003,0.1320477000718793
0.0990042721188805,0.10016821790784068,0.029039429224614097,0.19439450131430328,0.11019133947531425,0.07690641507161998,0.09925287757385533,0.10718343642487183,0.18385951088870003
0.08567583160849646,0.12206269478557841,0.04523486646106659,0.12825340566398513,0.05040821872105236,0.17946449069623902,0.19364358549130287,0.09432422273716028,0.10093268383511896
0.09281327825190094,0.10992837817248813,0.056124183992904475,0.1862492197952401,0.1340890812065437,0.09979665838971385,0.10393367157086107,0.10703986939088499,0.11002565922946274
0.10441753074215133,0.11270604117414267,0.029237612310099317,0.11505066547696696,0.10966175788615733,0.1564090247326485,0.11584641729279048,0.12228778855056521,0.1343831618344782
0.13333375838822736,0.10130568715271097,0.02153426966431088,0.05611176175324865,0.14179660070526776,0.06540952204687796,0.21831736877667432,0.11644888096300143,0.14574215054968068
0.08182786278798597,0.10928120583767936,0.06335773559128069,0.11781131884228335,0.11750004455888013,0.15663509330883182,0.12903287850475476,0.0894653043391009,0.13508855622920296
0.08881294249430528,0.09707448285850073,0.03731925539251228,0.10284135283230865,0.07086509910909138,0.22521624390894693,0.15790255957183025,0.11658244319664975,0.10338562063585473
0.10509860566445024,0.12859596375122279,0.021240290336262343,0.14663163116823288,0.10904512678735799,0.07950424021463137,0.17772284280085615,0.10252593852002727,0.12963536075695895
0.13551977773104787,0.11308295022462987,0.06923713397944946,0.10486931754928767,0.1202609032594597,0.06270579887114665,0.12389178438566144,0.13829786501009234,0.13213446898922498
0.11512359874788587,0.13269362318807876,0.08162705696267382,0.07815733791334738,0.1036911630050601,0.051179531521529736,0.18225242898657693,0.11775710405526303,0.1375181556195844
0.08154734472956217,0.10489291943776961,0.03941542266000803,0.347580829087778,0.05824118818261435,0.07584499564883257,0.066778229579191,0.13928018064125783,0.08641889003298642
0.0869915152581267,0.11393929514554291,0.0799084614431676,0.11394299592916839,0.11323483138106598,0.054688360158059966,0.17364234376714519,0.10810729208870344,0.1555449048290198
0.10839500429466647,0.09663649188538755,0.05383858420139164,0.05904734321437896,0.255752701353176,0.058745816127429906,0.09737922147431048,0.13298319609945045,0.13722164134980855
0.09757983115087183,0.1296790530270541,0.08036415043225409,0.09100062306426521,0.11414315550887637,0.13088126243870468,0.07780725111311794,0.1362499490178983,0.14229472424695747
0.10606985895234759,0.12573405097051862,0.05731474807506548,0.06446777662218657,0.07793362881395426,0.1833953616644547,0.1167239631425212,0.11993185358597623,0.14842875817297532
0.12661590823141922,0.10858832472999991,0.042125926963721555,0.06337434108899216,0.1679318996066891,0.06108551792170599,0.15575964188199404,0.15081097913016037,0.1237074604453176
0.09012408563923502,0.10198100964299893,0.11264438944248002,0.09311607278866933,0.08681628864534165,0.15215005186972597,0.11537905740216903,0.09615617248990732,0.15163287207947285
0.14575482266619064,0.10734643245263713,0.04435808253657728,0.11116400652049829,0.08747109825216953,0.08703814784123333,0.1806704303275882,0.12903301428225336,0.1071639651208522
0.07602142119583623,0.08995476101737276,0.05345632801457259,0.2116717776212668,0.14610966918465587,0.08136942916915506,0.10173620432469699,0.14630111880555283,0.09337929066689092
0.08920447923614126,0.09594202029073211,0.057903644075436606,0.11897666449104873,0.2056130572499705,0.1391046052979996,0.08936729987355907,0.08733460861640596,0.11655362086870613
0.10303751455254295,0.10956595614731297,0.1162637399479598,0.107887077786909,0.09681131627160162,0.08933364188578585,0.09595035862602021,0.14228451844922052,0.1388658763326471
0.12644470643932862,0.1242185821436735,0.07397927197122782,0.09848253235177538,0.09602069053693796,0.11570425698335501,0.12425178059362733,0.1212438378383612,0.11965434114171321
0.08724764666338437,0.08505014331835876,0.021168188512040276,0.26750093619562154,0.09809137492349213,0.10507841587176352,0.08658807420426291,0.09071523333102936,0.15855998698004706
0.09750819222591989,0.09682208250127049,0.0656219401117223,0.21175747823309965,0.14543545639236408,0.05698879789439737,0.11730664847030327,0.09762562115154505,0.11093378301937795
0.11955530567342469,0.07471936689815288,0.09004114191779466,0.13493250993099185,0.16181018304964173,0.030688970230376783,0.09533581551549182,0.10848528713206046,0.18443141965206508
0.09293533977260597,0.09318313831827092,0.0348370046337756,0.20330834714477763,0.1532728717582115,0.0347597438535458,0.15594043793115522,0.09843067730364234,0.13333243928401511
0.1337736386747377,0.12435268121742145,0.025677687739558502,0.15592267914147281,0.07174841227922567,0.10441696332048822,0.1586545474542952,0.12402186616789447,0.10143152400490596
0.13546741115945957,0.10020733644899915,0.16369357090657496,0.02164670432547841,0.09698202431849018,0.029625385057851717,0.19933776906002368,0.09924982100408485,0.1537899777190374
0.12623017944107423,0.0954462155267947,0.029973277517223493,0.038660772468737815,0.12735626711675505,0.046547607064026573,0.25839312498398853,0.16091916248707652,0.1164733933943231
0.13033473589367378,0.11554028960681088,0.03411099537737166,0.1436687139620195,0.09881810972799947,0.04560247868513937,0.1434107429517376,0.12483736262934818,0.1636765711658995
0.09153642938716731,0.12934930609395132,0.21945112681961723,0.08352212745203973,0.09808434486566205,0.04462185796559038,0.12852732936355613,0.06937224804928332,0.1355352300031325
0.11093554178706484,0.09186516790575988,0.0615507356315938,0.07240291366775381,0.1264553350829181,0.12797782980758618,0.14853254678853786,0.11916542111478963,0.1411145082139959
0.1045750551706112,0.13093722122386603,0.036048458134626093,0.1255794987679393,0.07070897535649381,0.13224186691926176,0.12183678061876406,0.13369625107869074,0.14437589272974702
0.10200169171231487,0.11843346012606822,0.0535799774008535,0.015190060834080596,0.12208430411047182,0.15461793755417233,0.1414348945059227,0.14081895253458898,0.15183872122152703
0.13964776672696977,0.1154202985090101,0.05084425422900642,0.10031418682935352,0.08589333651182851,0.11359621757955028,0.12282866753833897,0.1338740818321584,0.13758119024378412
0.10726840506085357,0.1339351983277457,0.10769008444256738,0.12144289710084516,0.07579916255905102,0.09790134435916203,0.09578976903886467,0.09714631568943739,0.16302682342147304
0.08754099823447063,0.14285369927772376,0.14671945819359625,0.014627295194165129,0.09254971754097152,0.19922700359890255,0.11478985954011607,0.07287255055475315,0.12881941786530096
0.12434586396047942,0.13277426984261084,0.06288105121679811,0.057927085642966836,0.16075270574988776,0.05344022543698934,0.13653509380538772,0.1260914003529928,0.14525230399188718
0.10152275872530077,0.12813069901511753,0.0529589342670018,0.12574100692872278,0.08051366366414785,0.08333232238463952,0.1541209911700934,0.14071373854864935,0.132965885296327
0.10330506150189862,0.09184905298353159,0.02708350161368082,0.12867860007773715,0.07349897473491884,0.1221389410828428,0.22821098433454182,0.11650502153838849,0.10872986213245993
0.09796635948857162,0.11191184277517531,0.11058340601067888,0.02202293701309424,0.09069141199890089,0.04812515672648682,0.24284433930660523,0.13445208735272887,0.14140245932775816
0.12921363132356142,0.10216907358090642,0.0454492768358005,0.12760137071663977,0.0801179650816201,0.15939640963245044,0.08011325461099576,0.11420723768800627,0.16173178053001944
0.08368480662550748,0.08348553549260344,0.13578130224804388,0.04624255096980253,0.05858515100284669,0.11887515483983602,0.27647747057968547,0.1101960297047609,0.0866719985369137
0.09244101890282995,0.13140555498293705,0.09653856968436193,0.07319527657195951,0.0830187596886396,0.12007773179616643,0.16462737826539983,0.10505572861578943,0.13363998149191628
0.08358644758293197,0.13886687282976984,0.22851561411061164,0.02569229893397934,0.05348591290205367,0.18193172665298643,0.08728927023577866,0.09508873581830557,0.10554312093358287
0.08970134389709285,0.10250247292653446,0.10204005692505284,0.23573945335002744,0.13534273381215067,0.055141625266819205,0.06698708189120926,0.08440700365781556,0.12813822827329777
0.09532526837908578,0.11993264466437685,0.15067841004853397,0.04235043653264827,0.05758452411179399,0.30394540250483554,0.03870832664127039,0.0849555670240909,0.10651942009336433
0.10567392442166677,0.153655342634975,0.06093895179089311,0.11361530024952197,0.07997954457233904,0.06523146239120169,0.20702874399593726,0.10029602091877075,0.11358070902469448
0.16010254791871617,0.13725327539980806,0.0691516306823889,0.08430905247399616,0.09042304908721377,0.08859004454587623,0.10051625296984412,0.1213337927106164,0.1483203542115402
0.1336867162300651,0.13019971702700964,0.0333412709359595,0.05213475154571684,0.16125863937603624,0.05136428236482953,0.1694570836800524,0.11181891450238214,0.15673862433794863
0.07818794873696615,0.09539752360778934,0.030071019822517687,0.07833635369799587,0.22064361687507653,0.16660381295497137,0.09399390926251576,0.10753824525039786,0.12922756979176941
0.10603488208686314,0.11982848698210226,0.1224978226906065,0.04777273559964507,0.1707916359803289,0.09395755188421591,0.093850179378491,0.09714445229486905,0.14812225310287808
0.12223709651177155,0.12264224948600189,0.05434322691527873,0.13171647394667715,0.13296734993326464,0.03984420403095779,0.10665493331245764,0.12894631297098,0.16064815289261056
0.08274948026704076,0.11761591462917576,0.05735508049424585,0.14510336855558814,0.08199300170363721,0.06154170309388484,0.17419667984867235,0.0950863680129546,0.1843584033948004
0.13782074854221218,0.10775418659936405,0.08393792215993444,0.04455068754743374,0.07972911901001248,0.1098739106843669,0.17728429791710246,0.1226826932944602,0.13636643424511352
0.10969211564900357,0.0913598844954508,0.07047990541592296,0.03660698214672511,0.046552537589301245,0.08981451053732065,0.32875249106091303,0.13519377933323293,0.0915477937721297
0.13894967343576606,0.11129208325607186,0.024609433597354614,0.05663496217067423,0.07743527336994806,0.18509106597056116,0.1773001435591172,0.10027561210360553,0.12841175253690135
0.09973967028900634,0.11585897140522805,0.11650545784418047,0.16797028006691908,0.0969662978577634,0.06715676756106036,0.08868951639678728,0.12164560081893923,0.12546743776011585
0.10918691484961097,0.11931145624862549,0.0604069432004283,0.08767194146082484,0.1531437944245168,0.0772787696915388,0.12268079792677668,0.12344490728796949,0.14687447490970865
0.09776970455317809,0.10310696627189277,0.11978526898533819,0.046421080189848175,0.1946486818387867,0.11829902062060356,0.07725349494117849,0.11185714357619041,0.13085863902298364
0.11502571746101503,0.10533862130060545,0.05884483149985753,0.09681101338196807,0.17230398473613598,0.038571342773610594,0.11376934126516906,0.137856535315043,0.1614786122665953
0.14833507024748951,0.13578816166312196,0.03945237143337183,0.07109307379520724,0.10564038169058726,0.09410762713527955,0.1650128035634322,0.11570127634272276,0.12486923412878766
0.1094559468681695,0.10180309718830448,0.05260852008932954,0.10458153957461729,0.10974061118712057,0.18402081460744366,0.09740593056910281,0.1454850442397088,0.09489849567620338
0.13328386817019622,0.1282747683734722,0.022379823079085325,0.02969585396347448,0.11076942018508788,0.10007764570165005,0.23453999302633913,0.10125556275800286,0.13972306474269178
0.07973919368855024,0.11806591455402478,0.06380546180504255,0.11550074053298687,0.18338529691972552,0.14066397601033462,0.06124959869636073,0.11834322599735787,0.11924659179561686
0.10828620940850982,0.12347437836445992,0.05117903751690373,0.12832157876424619,0.07307238321594149,0.08818117196243531,0.18995222394742284,0.09936795405543945,0.13816506276464127
0.14036606206082206,0.1070021507633433,0.09409951723096727,0.11726394448027855,0.06603396116480258,0.05606060393312764,0.1563270422876745,0.12746725396542555,0.13537946411355853
0.16227144759585319,0.13804801780807563,0.04723257518873936,0.133803479816513,0.112926900201339,0.07779317854249118,0.07197314685199487,0.12487478982993272,0.1310764641650611
0.0830208764578172,0.07082063887863477,0.0475920296704135,0.34276572658775767,0.0776309517604728,0.04884311262967361,0.07175900647224331,0.12244716388489045,0.13512049365809664
0.10017726618057234,0.09294317160177716,0.021870687375835893,0.05688116231657612,0.09221377969838136,0.22641438310392992,0.1534828170484166,0.11726810555523903,0.1387486271192716
0.11829252986866133,0.10328980679924411,0.07135034984610458,0.23985705166624158,0.10085149146931388,0.07810268049361521,0.05179452775541884,0.10363816296948658,0.13282339913191385
0.11265176042229952,0.09593247044086402,0.012502631354415027,0.20111488340447414,0.10215238177050079,0.0473682326940704,0.19432743888234513,0.11219283036535992,0.12175737066567101
0.11652094945341866,0.17385635422424794,0.09999537254505259,0.035022415139205974,0.07590770676010249,0.1165888850016738,0.1772392562410283,0.07825908961582108,0.12660997101944924
0.06668206093229812,0.09579428439546184,0.06172833218334919,0.037693027025500016,0.12447585483551994,0.21007489821117856,0.1709029192875564,0.08798957456812734,0.14465904856100864
