0.13315035239838252,0.14387895128582653,0.09912606376973944,0.11300486587285659,0.12262057997847546,0.08487364069818071,0.07344901096536909,0.12776239090040226,0.1021341441307674
0.10465496116730398,0.17067089770337396,0.05263047774365013,0.1118063693069043,0.0862743689824076,0.10724345577515008,0.14653553366371863,0.13173524578941195,0.08844868986807942
0.10070528449346478,0.10184917175874146,0.023792323468666082,0.11187208971403746,0.1478971678336928,0.11639132919667812,0.19804602057806162,0.08888859047997481,0.1105580224766829
0.11714427013034796,0.12981049228526623,0.08556663923120496,0.12640439575421225,0.0969884471862038,0.11157978344256647,0.10809882323183173,0.12068254531706295,0.10372460342130367
0.09992456033624282,0.0786885573700442,0.04221379549668929,0.12341916352083832,0.13273258606928387,0.11886282838393834,0.10862444826741119,0.11559947558513829,0.17993458497041367
0.11658838745545136,0.11494683938043881,0.06914170187620382,0.12640171360409064,0.10695377189374337,0.11433141711938605,0.1155940687252011,0.10547778677036297,0.13056431317512188
0.11398995558063689,0.13043156099228811,0.1457555055574087,0.11821934978887054,0.10091930931809868,0.09896702926227212,0.09336656603425453,0.08835625638388533,0.10999446708228511
0.09580882730859656,0.05600376434813222,0.3944332541501164,0.08350425200120797,0.08058584924227209,0.0718872019825374,0.08861611151676242,0.08914651524151135,0.0400142242088636
0.12536112872937807,0.1493456866260625,0.05633485128259297,0.117238544418909,0.09757461074756234,0.11059423728856606,0.14149675584007793,0.09507240564653818,0.10698177942031291
0.1752695714204601,0.09897346535851505,0.04212323135479499,0.10773694080131108,0.13083224296287552,0.10732407299157798,0.0860637007048143,0.12046221268754716,0.1312145617181039
0.10716688176144917,0.11646517383580897,0.10294229330316094,0.09517205972482012,0.11072616574503351,0.12432221344745047,0.10886972349045543,0.13266666517717093,0.10166882351465058
0.09699252758963887,0.08158745104935537,0.050237926043466184,0.1126891572537169,0.12583959709048623,0.14711859293087473,0.12512279797443,0.107080297647348,0.1533316524206837
0.1606170609633812,0.07806150878868581,0.08682927219212921,0.0959002768039018,0.11149601020048443,0.13937745683496858,0.13692291349926744,0.11450967209305414,0.07628582862412736
0.1227564511388472,0.10618992950821286,0.04987011679657003,0.09907926730602973,0.12199623779113898,0.14842863876495835,0.12927301885265224,0.1190862416632545,0.10332009817833616
0.13242312841619078,0.0703834675914284,0.1309983673395596,0.14361046476869302,0.08047033456405366,0.12166354810817008,0.16195723918329527,0.0873733035898845,0.07112014643872457
0.07453629124936399,0.13409631365868158,0.026467322402656965,0.14718062207988714,0.11496979133888437,0.1382044019246056,0.11622390385618658,0.12323316586446605,0.12508818762526777
0.07125413292738932,0.09140335695444828,0.31038751073804133,0.11216567396512091,0.07428157593303708,0.05889629175307701,0.13800664727360445,0.08361043284914739,0.05999437760613426
0.12538232181036738,0.14278333385801975,0.0223782320788205,0.10223470535341138,0.1212184423155363,0.11691467750374039,0.10064326605293245,0.13334225745698028,0.13510276357019158
0.10101972610770805,0.08630140986948631,0.2794627348222795,0.09907320973567763,0.09452142150243216,0.09580448946440974,0.06445100946755376,0.10069976618243974,0.07866623284801309
0.14055249495418828,0.15075161546153293,0.07248402849928488,0.0969897239700022,0.0980312491206032,0.12352860384257462,0.11445545016329156,0.11675036188471628,0.08645647210380607
0.13001867865881855,0.07880987710805638,0.14214206370427154,0.11795065100279822,0.0899429721498753,0.12300411648842784,0.0969746969073149,0.09589483349209854,0.12526211048833882
0.1298379365101186,0.10042126625068155,0.10535722328751085,0.11109023383704192,0.10766056692341523,0.12807046615483986,0.13477079280588558,0.10176043494671437,0.08103107928379204
0.08101172588385284,0.0782410183922711,0.15642477617990405,0.11027966133053697,0.11854910981685023,0.09116946615560413,0.08640917524448975,0.15823447704748408,0.11968058994900684
0.1117373074464885,0.12437063660917187,0.02996885215292287,0.14397367782516793,0.11917110794033742,0.13511147873548393,0.10605085984722042,0.11675290691695468,0.11286317252625226
0.10850133220908524,0.05784438674094333,0.26188213379327296,0.0739914033272323,0.11018178497439306,0.08084441348678906,0.08971675162627309,0.13787097538386897,0.07916681845814198
0.12747830337273697,0.12215987334537166,0.1166507414762955,0.1308630617143336,0.088918476329284,0.08563846243862437,0.12077243306928355,0.11399844338287553,0.09352020487119479
0.10622637257459853,0.09368312813581005,0.1726346192218666,0.08236586867685432,0.08551417098625913,0.08259601484548788,0.1924187844786062,0.10645101364841485,0.07811002743210237
0.1155894037558134,0.09850696232896988,0.034596175874799504,0.113512790957452,0.11322554680214199,0.12445171920892578,0.11115267110077914,0.10556550719143186,0.18339922277968637
0.18459431301463583,0.0801560165882832,0.07824849693361936,0.11704230196620036,0.11094446156616779,0.09776723806492625,0.10356130960042458,0.10230670890857148,0.12537915335717112
0.16617748624549175,0.1341607522064279,0.061858369676951526,0.11860733070784206,0.12432826155234289,0.10931242953264995,0.07539127773016059,0.12096929361921949,0.08919479872891384
0.09133133323826155,0.10314895853933803,0.16680766794400695,0.10630398577695103,0.09768684872088118,0.0957308531529743,0.10918134231316899,0.14165283404904008,0.08815617626537786
0.0927078885688774,0.07288297344604706,0.11675315328090156,0.13930172867484372,0.09869329042432483,0.11975432026092313,0.1456422044566105,0.10844144282579571,0.10582299806167611
0.11248028902861122,0.1376901363910141,0.11834281375286831,0.12973275950056698,0.11181806164970898,0.0948683995161601,0.1270269273649947,0.07768629784649762,0.09035431494957792
0.1064773593237869,0.11612426837434738,0.22165835811464576,0.08846716658257325,0.09773553885395374,0.10363546283629693,0.0640225272929731,0.11097722201754312,0.09090209660387988
0.10900098100296707,0.08810584886948887,0.08397513194789884,0.11717895558191227,0.10201207573644404,0.13614873428904542,0.14693030484039482,0.11315923704611346,0.10348873068573529
0.10630886824446502,0.1074145367868028,0.029788069371723524,0.11744275641553757,0.14874262551585507,0.19757605734985448,0.09113823355972588,0.10720129763253448,0.09438755512350121
0.16687978398883221,0.1278720196188622,0.05287977438614777,0.11773063214592695,0.11438564630852172,0.12427395051811034,0.10750981946296266,0.09999080350791663,0.08847757006271954
0.11500386134544838,0.18673183145226946,0.08962722672949686,0.10183865218932042,0.13651827341147638,0.07168039739307136,0.10373152509286528,0.08709945568809951,0.10776877669795236
0.08069958850993804,0.10361171890130073,0.04830550864692543,0.10848979821067957,0.11256836108812777,0.1433446520068691,0.12276083059129146,0.10758011903655523,0.17263942300831267
0.08621311388886037,0.09761994192686929,0.07019381301589595,0.11636339160557008,0.13915276078140623,0.13569978594728418,0.18681599704998184,0.08791038239730693,0.08003081338682518
0.1452187674511489,0.1317254928220647,0.09508041296562209,0.1250911478406255,0.1004190975773262,0.09159358781503735,0.1413797564648498,0.0745007126797403,0.09499102438358516
0.134100252017071,0.08850972249253093,0.03849675797580237,0.1402267941916765,0.07446118981503834,0.13237474756346024,0.1434662727028091,0.06755022388863435,0.1808140393529772
0.10327538903732976,0.1112647474075804,0.1942878408074613,0.1139027634591354,0.10009185926023172,0.09838800057698731,0.08708655360191105,0.1405282895064066,0.05117455634295636
0.1040832511204759,0.0891770726785046,0.07327126783342817,0.13372916659314005,0.11325430832459561,0.11178771935016374,0.17360852011316133,0.13122485249465773,0.0698638414918728
0.1282383947877511,0.10749989894806626,0.06895110864580929,0.11226131071846378,0.0983326237880694,0.1300976879738204,0.1445250975886698,0.11063130868804462,0.09946256886130535
0.11237331979246946,0.12462032441051196,0.03363072870146009,0.1173010598168917,0.10617412020062027,0.1219450394868783,0.09710682486366684,0.11443432793135734,0.17241425479614403
0.08288707411504405,0.11644363625549664,0.17694475862338085,0.09414090606946057,0.10222819036186065,0.09380876168484216,0.14392432322381252,0.10197248563788108,0.08764986402822146
0.08085397302197307,0.07949065080024549,0.11126426895662361,0.1025156088416848,0.14496900047696942,0.13453226601021864,0.12312896848679843,0.1040899906360917,0.1191552727693949
0.08809436318813119,0.09305607845560342,0.039893575779228675,0.09309700202232551,0.11585279204811956,0.17592282283976943,0.12382816439851514,0.14309251375341567,0.12716268751489143
0.1285198142294022,0.08756626940426376,0.07481445451249442,0.11335922562366145,0.1110473643037647,0.11747362475363954,0.1506137776811928,0.125985122605595,0.09062034688598608
0.16082228857103703,0.10377198006225967,0.11013849119469314,0.12274373204385043,0.09536658277640413,0.09263896078173056,0.15408300636874803,0.07673384245636831,0.08370111574490874
0.12012550333660411,0.1572203135392468,0.034183292070311254,0.10130054959140554,0.13182415642091191,0.10515003582893234,0.15106587699249188,0.09724372551076615,0.10188654670932999
0.1299644506271308,0.08496746212764998,0.15877979271948525,0.09845661888336556,0.08694941940567714,0.11520514503085084,0.12742147019625635,0.11517607030991898,0.08307957069966507
0.1084513965832577,0.12481771182072166,0.1887099188044312,0.10517998592387373,0.1098572423067559,0.10781453733275453,0.09211909559490654,0.09474112810519486,0.06830898352810398
0.13079551009643067,0.0763761643236931,0.14816738055904813,0.11024781520323478,0.12283851763639746,0.0859711330886715,0.0879620122989847,0.12582003940119146,0.11182142739234822
0.13521984453481697,0.11707620813339713,0.07613155422219274,0.12515065245359724,0.09494771696514488,0.10580583494267619,0.12393083119713998,0.122893253943917,0.09884410360711786
0.09857833390804682,0.0998467144021627,0.15361656897254414,0.09223742814425483,0.08609989685708559,0.09961196199845705,0.14659174876128336,0.10190607240082684,0.12151127455533867
0.142272516915217,0.08745205700548654,0.028320253296443342,0.11046255747483896,0.13807193711947582,0.14291524301174516,0.14282617721797283,0.11424999366154807,0.09342926429727226
0.2004119265360903,0.09530825893773971,0.03740370427468097,0.15458550062231693,0.08680981746233894,0.11767365298375931,0.07987410731323623,0.14715157482158409,0.08078145704825355
0.10581582449353277,0.10760552549708603,0.08055665974727852,0.0913134161642712,0.11816410111976428,0.11686918184764881,0.12324313519818166,0.12242185830535968,0.13401029762687702
0.15334675483321905,0.1376762883926058,0.04655918675663195,0.11387964406322143,0.123092682437463,0.10766127804267796,0.06911122254223347,0.10559367065273505,0.14307927227921244
0.09135435108615064,0.06775423734834797,0.3026544653078114,0.11985401415942372,0.07807258128559429,0.06557883716450291,0.07590335771968379,0.13316544530771288,0.06566271062077238
0.1173959224181883,0.09131314444458692,0.18172510256932592,0.10940631987049647,0.11763060052522152,0.10581125566703296,0.07749208381843556,0.11373150920703962,0.08549406147967274
0.17411369744476424,0.07932452226474981,0.06576981916426954,0.09911151456555316,0.12163640125898867,0.13939199334030458,0.11887755861622833,0.11681576842864012,0.08495872491650146
0.09719115588335205,0.08296311469728386,0.20877338880765461,0.10630808332634463,0.1153195133995748,0.07355578200465242,0.08258177531474221,0.14239789812395195,0.09090928844244345
0.10103084688553166,0.16388463390537145,0.05207982472147732,0.09797155367097136,0.11035000935135826,0.11384238228855559,0.14789411434187924,0.09035698142023352,0.12258965341462162
0.16466497497735363,0.1269825470392485,0.0552738890883221,0.10406427117469258,0.10152303103094289,0.1259904540967335,0.10677240146508345,0.12862681354582325,0.08610161758180011
0.0954057681073489,0.07743077188253307,0.2169497515534995,0.09625222969067164,0.10441650617374022,0.09152830563022211,0.1522741194257536,0.11176012913007254,0.053982418406158396
0.08388338644674324,0.12479302106413392,0.11938439264765366,0.1019121085557516,0.1013742438166062,0.09985572192462815,0.186781166693663,0.08934196524038591,0.09267399361043434
0.09111812545897169,0.08030820162620918,0.11257774166113638,0.12119995503656011,0.09455313564327138,0.09758567746446194,0.2217907678293742,0.08372895783294292,0.09713743744707219
0.19604991814071535,0.10917261730925869,0.02012199277643105,0.08901743684347056,0.1327026626823046,0.1473687023552521,0.10468517402898375,0.11246800298865754,0.08841349287492639
0.1220298267764663,0.10486185521995996,0.05892648671771999,0.1086228743041993,0.11686598183753337,0.14237353965144148,0.1469365275556996,0.10685745518416485,0.09252545275281514
0.09062397521479508,0.08580496732832756,0.09093496623524368,0.10696364367206967,0.10184515503308322,0.13125402063110317,0.18398653470309445,0.12789357431764678,0.08069316286463633
0.11766588904243584,0.1180838075130737,0.03250494114162414,0.09723151581907397,0.13053834535109518,0.13246984275968973,0.15933754415246784,0.1006289631608402,0.11153915105969932
0.0914030155094409,0.09238107455572704,0.028440625136681417,0.10767605646428358,0.10745249912879616,0.1096280962964708,0.16474140052182926,0.1315712301370487,0.1667060022497222
0.12370858242750128,0.10450362536789498,0.08805930827786634,0.12289135041508098,0.10525569084624307,0.08490742489280138,0.13696695072856965,0.11284504106677268,0.12086202597726962
0.09303341286255452,0.09311229715349462,0.048757695747798445,0.10252129271385106,0.13079640963708908,0.12615259447746086,0.1810106269595356,0.09120640603440679,0.13340926441380904
0.1556823682741656,0.10451743433143579,0.05710297593230088,0.10017678458354833,0.11762545250064392,0.1450128705092831,0.09869486320710076,0.08788315753193594,0.13330409312958572
0.10596985075656366,0.11234660157452453,0.12072862960362352,0.10435678259405896,0.10478469962122065,0.10778340279254912,0.13224811710284048,0.10216167911811298,0.10962023683650607
0.09264959943570202,0.09197895389387023,0.04400959417296421,0.08922568299212329,0.1090090131555802,0.1285131421385209,0.15293214988890214,0.1881599819542771,0.10352188236805988
0.11818312019587997,0.07522464358408197,0.053868627584800176,0.10730911247187065,0.11233736984921344,0.14545573465658226,0.10063109838690402,0.10890366038765727,0.17808663288301016
0.10256632897918379,0.08002785676127128,0.06806630971029103,0.1086725606640837,0.0926637016914195,0.13620895497951305,0.2160858559132756,0.09513865754896574,0.10056977375199629
0.07089471179626898,0.09127959848737109,0.28969948016564173,0.07832759660446038,0.07970164043743258,0.0802241419430043,0.1263703166317909,0.10352035221532559,0.07998216171870443
0.1652591085680636,0.12745120793951945,0.042424764379749146,0.09753165035494704,0.1005210449254631,0.10406530393600849,0.159521613466396,0.09566581750250529,0.10755948892734786
0.19713356568084558,0.11618089830648655,0.09090908359611816,0.0972285069103727,0.10301179208009058,0.09592210035726356,0.11798802303475281,0.10708097163706132,0.07454505839700871
0.10675265076763574,0.12551547786880782,0.0846894145050238,0.14044921912919364,0.11564984689078739,0.10834638271877235,0.11300080328805545,0.11385933121673854,0.09173687361498521
0.09804567022059733,0.1489810801578564,0.0456341941677199,0.12704927069415176,0.09891745663433278,0.12098720068464003,0.128988747414711,0.13130222391074833,0.10009415611524235
0.1019289172417469,0.11102637974355334,0.08013567201752382,0.10441705684789293,0.10838909303825389,0.12709375888029772,0.15709676024711403,0.11689896094784995,0.09301340103576744
0.11396456894021802,0.09408511748818937,0.178965890257476,0.10394132490270669,0.08654045603579008,0.13757705884028362,0.1156861544745511,0.09167996840806349,0.07755946065272151
0.12187583718530437,0.12320117994519907,0.10187720428554241,0.11051313089175595,0.10451540971814943,0.13449470541822384,0.12731495434325316,0.10799036915009842,0.06821720906247342
0.13595298182380158,0.10331284466224193,0.11677462988410163,0.09324042365245148,0.10057191490148258,0.1217554788182214,0.09410181745813752,0.1266225053321621,0.10766740346739971
0.0903153021032967,0.07881721518066544,0.31879130988956267,0.12000512446149648,0.07268454752666385,0.07290131714241159,0.10701917321953787,0.08037769039200675,0.059088320084358735
0.1663331735841679,0.1090831541413263,0.028545325757232193,0.13805667219848183,0.09625013700321337,0.12276422685948936,0.15407680430866746,0.07431904117511424,0.1105714649723073
0.1508118130648136,0.1251685942835431,0.10093818855252497,0.0976620192604578,0.14611520800515723,0.12466141148753511,0.07636516940216682,0.08069788363664095,0.0975797123071605
0.113108347904804,0.09371077489295802,0.025617603075008186,0.09808668190386331,0.1266102259934774,0.15716898295643564,0.1480905953921449,0.12103000457651181,0.1165767833047967
0.10921212149168096,0.08291937622925509,0.05668175468665978,0.11791177648097301,0.11627342630058686,0.10129270279791547,0.18198426476034713,0.14776975497851652,0.08595482227406531
0.10127693181639548,0.10348560204533819,0.03341628141325411,0.09444926187255037,0.12819364049357546,0.09700448123304184,0.1437663367127625,0.11740097974335621,0.1810064846697258
0.12454988080008755,0.1652493386563288,0.08318333438030139,0.09237284214408188,0.10202697809659332,0.11268042888172636,0.13354719254405792,0.09995995074647178,0.08643005375035101
0.1032350598215978,0.08940363648526432,0.06071411310026522,0.12186298117488943,0.13759929183276665,0.1356978524903239,0.13155350559769383,0.1142821049253568,0.10565145457184207
0.12499906998436179,0.1778891273364965,0.08250518442022814,0.0955266174181908,0.10321268586923366,0.11805467328416001,0.07543586167165083,0.1486827412426386,0.07369403877303961
0.14185966152620025,0.07443558825449105,0.026923535580939333,0.13828604157939342,0.1049867590732582,0.09893518899889435,0.12949668569718695,0.1718394813290435,0.11323705796059284
0.07776044280857418,0.0730705451732385,0.28622838292858405,0.11669762909587343,0.06657770877924758,0.11386603865866142,0.10648453713497565,0.10267093244383885,0.056643782977006334
0.10327470497382973,0.10737971058177441,0.05069827047989911,0.11403838432455567,0.13019221557014996,0.13989757076028883,0.14419126889349074,0.12119003970630421,0.08913783470970726
0.11247944459949892,0.08806290743705991,0.175718816468224,0.10726602392307845,0.09050213999614708,0.09416470980772051,0.12006882282667351,0.11416137964022005,0.09757575530137759
0.09513249271281281,0.13767499820176565,0.2961757182095098,0.09754564535763717,0.09866224766474933,0.0751531485742922,0.06268038622519306,0.07564254571992868,0.06133281733411134
0.062028454957085276,0.04453137153915546,0.4791222434726363,0.07757800728014459,0.05915768436015887,0.05953581082776573,0.07819415455606067,0.10684497967804034,0.03300729332895281
0.2021601172636339,0.09699018662920207,0.06874318439136655,0.1209685193553464,0.10016960536760666,0.10290523987725053,0.10304668074691638,0.08539750807345194,0.11961895829522555
0.12713321179252224,0.10348993191845414,0.06605495782800046,0.12161390598901772,0.12347579910134208,0.11621743886596853,0.09294621543947397,0.10238213357258513,0.14668640549263576
0.08092758526385856,0.14347389268357322,0.16569956150593457,0.09849289133828039,0.09964378996711531,0.08043975230348616,0.14169824562518216,0.12259498275547194,0.06702929855709772
0.10323156151257967,0.14100141490353815,0.038966772916988204,0.10911539253529619,0.12211918837842876,0.1093297696911747,0.15083621850350154,0.15231843172253376,0.07308124983595894
0.09089547896808266,0.08383455985820497,0.04991075288489336,0.13335918351033912,0.12238909078631256,0.13840817710375206,0.17752875930403214,0.10333754464040616,0.10033645294397693
0.08400506707220563,0.07455012665962293,0.2177046741242651,0.07953123891380902,0.07528615886844853,0.09334876666299519,0.12560499342945936,0.18780781936379257,0.062161154905401646
0.12381981316995179,0.09498636415260868,0.028251965497946563,0.10517714688841444,0.1310021076696621,0.13982261109412164,0.12089844265831158,0.13983471018650476,0.11620683868247839
0.11289303570717076,0.07015766631553028,0.28302883698371845,0.11860142422430588,0.07760063024296976,0.08821427154841614,0.08921436521204294,0.10109497149124329,0.059194798274602556
0.09747867873726944,0.10804633413570615,0.06953636308274423,0.11242442156588155,0.11805577247586303,0.1194846798602544,0.14585586344476406,0.10180946503631168,0.12730842166120548
0.14078692808447998,0.13221006592688245,0.05213216154336287,0.08656804017064235,0.10109705430144374,0.15072875837695363,0.08770504422002863,0.13190531747425482,0.11686662990195151
0.09486176098842941,0.10040473102260931,0.03134347777355745,0.108870956832548,0.13834005339142436,0.14861551253533836,0.112626823756456,0.15202766878835597,0.1129090149112811
0.09882481854616447,0.17124623461800903,0.057196319198068446,0.09821903308958257,0.09991773421468925,0.11352996065698505,0.1321670803803764,0.1221857330832798,0.10671308621284492
0.08093195066741597,0.07839663907769974,0.3222463697774443,0.09150437686587765,0.09380508575611708,0.08256747291582213,0.09226645389016791,0.09858691216757669,0.059694738881878436
0.12819876832963203,0.09354777211492589,0.051786331389970186,0.13576712978128577,0.10212540352974131,0.10955812624297197,0.18966727721283727,0.09554343091806779,0.09380576048056773
0.11233781040281372,0.08930538227693141,0.09829129071192862,0.11169681848682,0.10238159877669512,0.15676539683184432,0.09945914677283507,0.12737345073083584,0.10238910500929595
