0.09510895873829507,0.12271467287073969,0.13405456224174542,0.1100320003737945,0.12121721558545427,0.11302050549447384,0.08193246439254544,0.11694820100711983,0.10497141929583194
0.19765015750772633,0.08828925603032695,0.1509051295903631,0.10193919483349027,0.10935268797269389,0.07043937314669244,0.07333168953946005,0.022366130180626873,0.18572638119862006
0.09232198788069451,0.13261640903842298,0.1506618926315894,0.08913941233321872,0.13955448624881603,0.08300946415395596,0.1625996236766592,0.015944391438088686,0.13415233259855455
0.12821943992883936,0.1422004467216932,0.13518396763596857,0.12919944090776947,0.12338415665826676,0.12554518573866028,0.08577382618745599,0.05392641046822686,0.0765671257531195
0.15066195076280478,0.11862287550191274,0.14956186719349165,0.08649766012165135,0.10129554598096785,0.12261023896665228,0.10540156796713997,0.054628557539468874,0.11071973596591052
0.09372063101505713,0.09943104507149331,0.09233477510635037,0.16552662324915826,0.11952230138715479,0.12146321830379377,0.18401873083263656,0.033083513601192556,0.09089916143316318
0.05244074839884192,0.13632092524342873,0.11436064631211566,0.14438190228120076,0.13245022315047247,0.13942620537804531,0.05140642739059984,0.1660260694724219,0.06318685237287332
0.1934017671582927,0.10266588450777574,0.10461486068788439,0.13514184127657916,0.09964112280329923,0.13369310827363226,0.08205152384098924,0.04139632218635009,0.10739356926519712
0.09857593598281178,0.07208594856508581,0.08929919842416961,0.05753537190319926,0.08633122483841989,0.10283816343738132,0.2764642229460293,0.14644243962971537,0.07042749427318769
0.13386821998361761,0.11233460000735855,0.07246359476231294,0.09859785529899179,0.10817434920663438,0.12644956873305876,0.06738443375247512,0.17608523932528464,0.10464213893026635
0.028950710010387497,0.12211381649995197,0.06890151578205057,0.1286981930855675,0.12542244420802853,0.13451581898156292,0.1225166825206498,0.18201553363326836,0.08686528527853281
0.09449258165690304,0.09732341571366536,0.13083154898554114,0.0642659696622455,0.10357729136624576,0.11719798354486571,0.146518893724202,0.16324834456124293,0.0825439707850886
0.07777466343360534,0.131036537748322,0.09841433273494819,0.17423980557263885,0.1403961167091925,0.10057269472897579,0.0318224060601237,0.12847318397508536,0.1172702590371083
0.13566412100144895,0.1244944268200258,0.14909316200653963,0.09464033598426765,0.1436155184117832,0.16652218181260386,0.07255083713698242,0.04471638287704859,0.06870303394929993
0.0811926237537395,0.13652556531684654,0.12238674740576572,0.10450387219839459,0.1512380723281569,0.14972092675656515,0.03946308570371033,0.09299122651388163,0.12197788002293965
0.09871465347083756,0.1273473652140563,0.22353234069958408,0.10226800064096286,0.12116687370102153,0.10315418862452153,0.07585092846087943,0.022846204637223533,0.12511944455091306
0.18720930281550738,0.1202766036416311,0.09660891155450975,0.1365291263617547,0.12234448465693232,0.116492215100768,0.026871184893748762,0.07818958406301806,0.11547858691212998
0.032136962989137076,0.11242725275440231,0.08601776854652977,0.08046872824285187,0.11122736661405845,0.09779802695217062,0.21035526141860308,0.18919848692532396,0.08037014555692279
0.04566636923142132,0.1213361015472888,0.11326329699140163,0.11575881345720627,0.11145140705195133,0.09923115548878299,0.09370662762667252,0.14790352869319726,0.15168269991207792
0.08171491296501436,0.14629594912299945,0.0710209681820615,0.11992050899159547,0.16582604107466684,0.11334659509842034,0.17524111663556008,0.03619723234360218,0.0904366755860798
0.18081424283044845,0.10404879266194765,0.11036787856303472,0.11019763751477318,0.09310064588401083,0.12559091420132998,0.04000090468877913,0.06995757423347147,0.16592140942220465
0.11387048027779821,0.1345779810266171,0.1454969648756773,0.09985000877457201,0.15149425300125438,0.14158456854713955,0.033535009849598195,0.11324094026452687,0.06634979338281644
0.037003585206425514,0.13904076011126432,0.11477433433951821,0.11254136905935141,0.1333802560337798,0.10603749038342235,0.18883642408100823,0.06828331972534253,0.1001024610598877
0.022742604764593926,0.10993847835718797,0.10036167214930358,0.101031737834273,0.11775541067322261,0.1104777716049841,0.2848745587087926,0.07087515098845454,0.08194261491918765
0.12158789732140347,0.11570424600577948,0.13364028106404138,0.13263413857877765,0.11690627677207688,0.09173055684018461,0.06325278106277839,0.04839331152290426,0.17615051083205382
0.08822810366412669,0.12362195272509584,0.10229146156125361,0.09150501086648725,0.12867740713590478,0.13660483325415632,0.07129108605840254,0.21329135124919077,0.04448879348538227
0.08049328016206932,0.08995326838219103,0.10270345698582777,0.14660229127898372,0.09341694368078379,0.08501527539544389,0.003965750117611271,0.3080465983079444,0.08980313568914478
0.11578110440072127,0.13208735069549457,0.11458513174117635,0.13919200741065527,0.15627155128171458,0.16041033405072602,0.024909196540722985,0.05990205600587758,0.09686126787291134
0.07121862364550341,0.10609350029703894,0.07331510180975977,0.08310581283572527,0.10688116816044281,0.0792637193657225,0.06554352261723721,0.23910077027441848,0.17547778099415168
0.13481214037921027,0.11403683540918115,0.08535914465390952,0.07418553609166773,0.12323698672857904,0.0966980043060719,0.07086912222341063,0.19923299180235562,0.10156923840561416
0.09921375729407378,0.15020498560384984,0.09210667671452528,0.17543808844662168,0.15039731170889645,0.11007049686131003,0.046174355510055665,0.09168102206222246,0.08471330579844487
0.052432344381116935,0.14356926425394678,0.12976452152322096,0.10853261912915212,0.15414334358238782,0.12224274023711712,0.08668675584238866,0.08006202380276657,0.12256638724790288
0.09356816007796125,0.09843831853750669,0.10680374795666266,0.09773105160104506,0.11396703606625525,0.09995092335022643,0.09249080256050886,0.1554678669855256,0.14158209286430812
0.23638825843522018,0.12630171773502075,0.10135075536826638,0.10913096976283183,0.13218283410794396,0.09497070266262377,0.025250889066318033,0.07164100270078952,0.10278287016098553
0.07017167558235225,0.11882183648114554,0.08662431264120461,0.11189604692803168,0.11722168323897875,0.10865862586923163,0.014352511496057943,0.23496996747482715,0.13728334028817044
0.16309207895858188,0.1205149613650441,0.14228824570369403,0.10763787804249025,0.13606527289074782,0.10917026465382496,0.057465653174083316,0.03224803355141695,0.13151761166011666
0.1431184855868445,0.129253008526685,0.12593507241984794,0.12808611352789886,0.14942869487204727,0.15800944515153278,0.01914066926074644,0.0823217303048658,0.06470678034953135
0.0844456445515357,0.11088345367009196,0.12222031624652223,0.2516889066298958,0.09670608590810265,0.10378616322680322,0.01849915424591894,0.042630487787223344,0.16913978773390617
0.1286441403085127,0.10793327381972072,0.0983989756798701,0.08010332805884125,0.10313293286775016,0.09168094713347745,0.2706618647307087,0.0699774016233078,0.04946713577781112
0.16050097280956466,0.10948532516267617,0.10151383903498663,0.1693228592251305,0.13134676958261662,0.12447115112556704,0.016995503744284362,0.0753549060395974,0.11100867327557655
0.13574544961566085,0.14047708825980113,0.09285453159263739,0.1113662608376994,0.16324011667963492,0.10867836454095199,0.12526833085178576,0.021663408071819018,0.10070644955000962
0.1142047406369213,0.09881887292670856,0.13327031714082607,0.18085724955561364,0.1095077610161243,0.11124782955139,0.014761221876807777,0.1303987349156088,0.10693327237999951
0.1369566345339056,0.10549310136459579,0.13540450563004006,0.11230267064239553,0.09795684654968555,0.11338687323124536,0.005058762156082148,0.1089220531846214,0.1845185527074286
0.310965948226243,0.11856122713570133,0.060117710396249004,0.12487393949904839,0.11517451659670284,0.11354070649270658,0.016195481049974897,0.03868804932632149,0.10188242127705248
0.12265220710117246,0.1307537813902292,0.12295600186289808,0.10667097824951528,0.11852806629549134,0.11969431149632313,0.08084909429244841,0.07789339735916145,0.12000216195276066
0.1914686161285719,0.1338531806782878,0.10188789669529863,0.1442395366764119,0.11995690541513804,0.16191820981612068,0.03430596089600658,0.04600622989818024,0.06636346379598425
