0.08427962637977637,0.10269385423374529,0.06233109537680423,0.12163812553492204,0.17953948080053506,0.1343096439049087,0.10550321640924387,0.10612669587068883,0.10357826148937564
0.09216311101381384,0.09845875980630397,0.1676191654181347,0.1303371176338014,0.09014463452002885,0.11720102131178418,0.09315032813939737,0.11302031163759081,0.09790555051914485
0.09423013308523992,0.2148042305356802,0.08040623229146258,0.1005823669677901,0.09981094006643582,0.11139064913646006,0.08283509355054831,0.10729946045830223,0.10864089390808074
0.06846190580033064,0.0527767781576966,0.21261132346938494,0.11638408204333926,0.10107968495006943,0.11190585339318367,0.10221457034067154,0.12785454154221312,0.10671126030311073
0.12285880644461462,0.07380056122943035,0.12961579854803593,0.1164694448107887,0.08780062670103395,0.1187392084328948,0.12763823364226687,0.10892824162102545,0.11414907856990943
0.07368219196967203,0.12529830798298167,0.09870819322941722,0.11111477101115053,0.11489809773476295,0.11742831106516465,0.1138987731484178,0.12132422684975643,0.12364712700867671
0.10857753055897122,0.08653078945116956,0.24216389126760743,0.10354102956886374,0.06003070388800299,0.10043460550922872,0.10764079692002498,0.09915806109220186,0.09192259174392951
0.06510155481475975,0.1576738994629741,0.11402705577846411,0.10591804466345663,0.11333979967288683,0.10203773714737298,0.12682098155967497,0.10004734215611615,0.11503358474429444
0.15206865632046088,0.11882408089810499,0.0878272906351078,0.10332828052353016,0.08265662925177024,0.08449170340570726,0.15456203020279666,0.1094703605804595,0.10677096818206243
0.15579867584492602,0.07375562334343243,0.1050894167202675,0.1096637645440589,0.07824708046019087,0.110416195650662,0.1397468354257367,0.10866089927064378,0.11862150874008183
0.11025625910979209,0.15338132627534837,0.06480316194142631,0.121070584362789,0.06585152939041942,0.10721064469134922,0.14326015201005746,0.11030582517027154,0.12386051704854666
0.10293400144647384,0.15805822120639804,0.08650371793591582,0.10522637108181253,0.12201222131291316,0.0998224612703643,0.10113350219337237,0.11388260246103114,0.11042690109171878
0.06791343834701775,0.10223401772256079,0.17799186113857288,0.10658785779499051,0.1330186482940776,0.09339153499606029,0.1120345082176744,0.1066294621649374,0.10019867132410842
0.09450468224390228,0.07882507837708357,0.11310871343135563,0.12869424849556887,0.08797753757485068,0.14853643640940148,0.12592027920575963,0.1087690241880686,0.11366400007400934
0.1125773777247558,0.08791632553072896,0.14037014052091662,0.11564068906961429,0.1279309934071784,0.07348616433918741,0.13264156627466334,0.10573892084190778,0.10369782229104736
0.08313478080479587,0.08696254955662548,0.12572402187749393,0.11197397802449867,0.12046466949903822,0.10028326582869905,0.10491759100286457,0.12869703709926653,0.13784210630671767
0.131953137246716,0.15443958410914452,0.12294737956835382,0.09547423304966028,0.08306923295914834,0.11037792263306255,0.10076300624130567,0.0951846499037083,0.10579085428890049
0.09205318763789833,0.12362589591546962,0.060700715826766415,0.11529173574932487,0.17590744684744486,0.09456051032938224,0.09929341319277145,0.11210329175050471,0.12646380275043745
0.1076628951087502,0.11775477474364715,0.04484440644402662,0.1268750080634725,0.12362445351037206,0.10814806327544081,0.10237362315659641,0.13567396755013827,0.13304280814755592
0.054386387068581434,0.08875379114201708,0.10339617436142079,0.12845846520885348,0.14035980726639438,0.12088913470662693,0.13573099583473833,0.11819394623540169,0.10983129817596592
0.15707959628282075,0.0654842680430711,0.11064825630263252,0.11403092626366114,0.0931436812761639,0.10829720484867894,0.1316501797684698,0.11194448240562499,0.10772140480887683
0.08602082218995853,0.08611062672327668,0.25807644098820914,0.09707480275037823,0.08156112293693747,0.056862672492069666,0.09619042831658968,0.11223794452187902,0.1258651390807016
0.10050697172417929,0.11535124621718977,0.10160430433433593,0.11373470352112332,0.07256178386272709,0.11880803613505081,0.1208497499968723,0.11891495583372452,0.13766824837479688
0.10716359890991105,0.0917804512436754,0.04952699017261081,0.12074954174053702,0.10854148556580993,0.11996984388834069,0.1311627476192634,0.12068123008404248,0.15042411077580922
0.08386892256192711,0.15749486699239668,0.10824775948807845,0.10271147340859772,0.10684872661673724,0.1074226395892079,0.12828509206787508,0.09753762547953738,0.10758289379564241
0.13501094162363428,0.08467379579922747,0.08235013770541959,0.13763685393814484,0.09961964479455791,0.10803677244136815,0.1245669308499429,0.12023013759699679,0.10787478525070808
0.08082951443938362,0.07539731585172262,0.2715900617493206,0.11085560675048138,0.07917137706660753,0.07201682459615343,0.09972673594627997,0.11357043919854011,0.09684212440151076
0.13870285792686216,0.10951305117484245,0.06322519741001541,0.1108555769560604,0.14076943961000252,0.1515820284610441,0.0930940774470041,0.0978924662419363,0.09436530477223266
0.09818846928370539,0.12969704731900608,0.14968362889301481,0.11370760553665665,0.06994970032176208,0.11871158453509505,0.1371329869877933,0.10375316640904945,0.0791758107139171
0.07136687979164906,0.09298771994242888,0.13691234570971367,0.1244939763957153,0.11593570542680805,0.08806865833627414,0.1288940358249506,0.11762094401546119,0.12371973455699908
0.14884183294516498,0.08359604912368691,0.050625159264543786,0.12671901801065646,0.11894247100583726,0.12554174496400186,0.10527957066297533,0.12353594112664647,0.11691821289648684
0.05894210855568192,0.12504295927903233,0.14276749571505412,0.11692331450975074,0.07345852474266741,0.1318026297092097,0.10280793655342062,0.11456479795890155,0.13369023297628171
0.07208963313045881,0.10458570912574398,0.24704310424115616,0.10175866335645622,0.10239534160340807,0.10521054117630686,0.08603994784371244,0.09120381104898402,0.0896732484737735
0.07256334395628129,0.08832211089691165,0.10129569760330832,0.13250371410297063,0.12400686884230938,0.13314482754037205,0.10791066877583881,0.1304650807802238,0.10978768750178408
0.12145570954663935,0.10204340168395387,0.13636146600882046,0.10894349246942071,0.13163260766706467,0.08884118034489741,0.10901124303110266,0.10712656136427773,0.09458433788382313
0.10522378580784862,0.12693803481900243,0.08357160718932023,0.1290188898517205,0.0989500806828465,0.12823002267449538,0.10423240984759174,0.1225291602283734,0.10130600889880115
0.045632045627054835,0.08907947129521743,0.055857303501316014,0.12427129633795318,0.154695656314788,0.08226636845670691,0.15187332153117178,0.12804094930266308,0.16828358763312876
0.07537734610843931,0.0806896654301295,0.09951617199074363,0.12589895679098687,0.1139129787703863,0.1346690301335253,0.13642421101791616,0.11984302856467877,0.11366861119319416
0.08308941364400864,0.13983360188167912,0.07616421798055545,0.11587597527881684,0.0977278575522233,0.13544528919396123,0.1351826570964575,0.11058016085186605,0.10610082652043192
0.17346896909486595,0.13116181356054812,0.05858403901154033,0.09998639745965528,0.10946215035585187,0.09742539928025545,0.09782108441865289,0.1051288708309122,0.1269612759877179
0.11315478269467925,0.12460514686003621,0.08507589068244192,0.12009451300306458,0.07820594360428212,0.1315883863213645,0.11475462271029675,0.1043350601422508,0.12818565398158394
0.18270015821371474,0.11088097945412827,0.053255759726817,0.08799878392952849,0.10645539816367051,0.1854742203327181,0.0885923990747286,0.09264937856118016,0.0919929225435142
0.12114415148672204,0.10054946135911447,0.10003043857111456,0.10222650133397193,0.10112148683825706,0.11317798530070244,0.12544295919085235,0.12124427751518095,0.11506273840408414
0.0712135326220682,0.16346663832223166,0.12653806732880774,0.09271387028260654,0.151083651027089,0.10976029620660756,0.07733002395306172,0.10833241539436977,0.09956150486315789
0.08901468616562787,0.10607014466243475,0.1419414384603571,0.11289696521245414,0.10538508598845438,0.11074670223071782,0.1207994271277431,0.10471950277178112,0.10842604738042962
0.1178304675408699,0.08935200870336102,0.16134713621619237,0.10002105685093858,0.08992505565070026,0.0961192909647654,0.12194377749003023,0.1050388455492458,0.11842236103389654
0.07776609470625707,0.09057495814976778,0.17058867183554197,0.10918568040288305,0.07976845553880442,0.10771642012685763,0.11763616682397342,0.11171232696106936,0.13505122545484535
0.1523594190927676,0.11874733870732428,0.13073330168983513,0.11637171152787613,0.09670715366819842,0.08027429995603752,0.09134855617828257,0.09726530141380586,0.11619291776587252
0.0990925554424546,0.12544964888274418,0.08322227392795203,0.11629391774985885,0.10263220045149386,0.1059092246844557,0.11382317634832505,0.13723707298870305,0.11633992952401268
0.06523498725947659,0.08890117711920092,0.19272343669718736,0.1239938345073772,0.11101000087959806,0.09675919578544288,0.1005975881089363,0.11907001886884051,0.10170976077394019
0.08878066896248794,0.07435480481933027,0.10879123747103647,0.1202211844645125,0.1488750370083385,0.11030671188800367,0.14086690631024998,0.11453967475668947,0.09326377431935122
0.05814583478980014,0.1251432246534844,0.133028519238625,0.12159671898077566,0.0955280275289097,0.08885745267588556,0.13780109011560113,0.11593767568183773,0.12396145633508082
0.1261809576020869,0.07710892748912429,0.05536817248551174,0.12114384209580308,0.084317817278035,0.12323467447160981,0.1451594790034154,0.11552646155974984,0.15195966801466398
0.15273834117913593,0.09678609484530147,0.11697718146414232,0.12118218018150229,0.11928849650729784,0.0828726643961343,0.12285612471731046,0.10404640776226837,0.083252508946907
0.07693714046117152,0.08638242061763779,0.07648095835145957,0.12804544996004008,0.1349924670771191,0.09830826961738122,0.12803158609233217,0.1327005925705311,0.13812111525232754
0.10712742073626036,0.0779304894211177,0.23599124855148945,0.11756669832767247,0.08700645989776636,0.08604606884296094,0.10574950193329825,0.09292412309615317,0.08965798919328131
0.1176675430250857,0.07624213256772423,0.15627086687881422,0.11651077429407468,0.10955732729891503,0.12440453692626381,0.10080443440695912,0.10075030709584236,0.09779207750632089
0.03654408615300783,0.08183684794814029,0.2679916010658264,0.1097789669340427,0.10241820237124084,0.09613618803357889,0.08710068799268095,0.10476758547664404,0.11342583402483795
0.11695135680105777,0.10403039062102655,0.09554844563174614,0.12811982723916643,0.14528583206650084,0.08081323551265601,0.10322359965087113,0.11616488648392242,0.10986242599305274
0.08850645466450198,0.07981976809303104,0.12119863425162607,0.11564129050246814,0.10270645977181363,0.10960059637034558,0.11547380571663396,0.12047384279644818,0.14657914783313142
0.08925262795519828,0.08162839288361705,0.08551999116057774,0.12250796028965077,0.12797585693129102,0.13865525912583465,0.1220432214291655,0.11492363161380964,0.1174930586108554
0.05477957242378207,0.07726164771597586,0.12450208489289043,0.1292935535958275,0.15214160537101432,0.11435883518595706,0.10485363568252316,0.11212468904886767,0.13068437608316197
0.09785274879750505,0.0875932992470309,0.07837051893291709,0.13107505675947415,0.1280165356351397,0.10419976489626302,0.13006048812314433,0.11654114336081567,0.1262904442477101
0.07488035082361057,0.09049325280354313,0.08700923923808805,0.13086710608082852,0.1287195147905633,0.12810702002972238,0.11540475790726129,0.12842814789958126,0.11609061042680151
0.06533144272935602,0.22882720614380148,0.12784193012221787,0.11850438621047245,0.07201257529236926,0.06859447665045211,0.10334472661760419,0.11336889876468326,0.10217435746904334
0.061530079860908415,0.14664969410357953,0.11628689201514453,0.11892382816123126,0.16559922327746793,0.07221108424434318,0.10285688982007912,0.10777666052749028,0.10816564798975577
0.06363123066677678,0.15358677992772982,0.21735401855964276,0.08796775444075829,0.15508490805724143,0.059491889323470194,0.07595551948678914,0.0982855404488991,0.08864235908869234
0.11587366738405658,0.06292536420021806,0.1654854289932398,0.10492695092490106,0.1318120280522146,0.09395613430690454,0.12092467523302834,0.10415111068673459,0.09994464021870243
0.11298680691133316,0.1275445967996849,0.07270946796741151,0.11549447379633308,0.0892868559165783,0.11355425882629759,0.10771342952874924,0.11664328902509034,0.14406682122852185
0.1570343849117481,0.08699011124627198,0.22035849656562143,0.10045385866289924,0.059065239142317406,0.09038757122603604,0.09825382897669667,0.08499618940478237,0.10246031986362676
0.16054649115814024,0.12969543581127815,0.05210414944518015,0.10572772567053529,0.10785449778501495,0.13626202388951372,0.10468615440453861,0.107974774026315,0.09514874780948392
0.0724270319949627,0.11281002382220573,0.1212951461205944,0.11853373938652083,0.07453568152617379,0.1481311590961175,0.1119080742325797,0.12419127904867244,0.11616786477217285
0.08568899035684711,0.07036081771649032,0.22258972757939377,0.10803497672117468,0.10663757964691352,0.0912050754359756,0.09772933392531703,0.11356551566653215,0.10418798295135583
0.13726698800988754,0.13824382211961397,0.05582615196366015,0.12135610450213397,0.10858492015439113,0.10105382417344848,0.0976611400768298,0.1153532979087286,0.12465375109130643
0.1052094822627454,0.0860742765656068,0.1065260787141326,0.12918863860631735,0.07267242980932605,0.10387297942823236,0.13011441947314104,0.13304427698794882,0.1332974181525496
0.07946636437569105,0.08410482671458791,0.2897697239395103,0.09248862173699422,0.08160683348156896,0.10060041890044143,0.0797573982787976,0.10525215568036166,0.08695365689204694
0.07016391476920023,0.18770543242658386,0.1788542447334749,0.08227292446659425,0.10261543672845468,0.09555994279710257,0.08425868482064341,0.1033039775588106,0.09526544169913558
0.1065683280321021,0.07237878896653002,0.1488133538008245,0.11715585784484238,0.15339568610945645,0.10715432895440347,0.10764323161391158,0.09874441076586521,0.08814601391206424
0.09676784502630181,0.09986814471812072,0.0531919590657693,0.1298513858367282,0.19751789017192686,0.07815407462856465,0.10683186478606187,0.1303918625868665,0.10742497317966011
0.10326427234865819,0.09687471220157662,0.20941819845412843,0.12328905889500907,0.09214548562449122,0.0658020949872941,0.11365030856694165,0.1059204920638334,0.08963537685806737
0.05643122777519558,0.15727823913828926,0.11209234257446786,0.10189652471389317,0.08719447825125722,0.16363457821633703,0.08049403715935327,0.10886292036554589,0.13211565180566082
0.0962747367354805,0.07978679706954346,0.08537546739264683,0.1251117811762212,0.1274256345356317,0.12107106190367933,0.1053590017644574,0.12000109158844628,0.13959442783389323
0.07607916532353323,0.10785685366315838,0.12172204823611428,0.11089579960978084,0.1145506854198085,0.1630697963171592,0.09346613414782177,0.10953987286504735,0.1028196444175764
0.07723988258743097,0.11303187083887552,0.14480634828313768,0.11054869436691635,0.1351679609498038,0.0672337891687979,0.11813328635957514,0.12323094999618607,0.11060721744927658
0.07099299731626992,0.11463101365053883,0.13024142179916154,0.10902133288048926,0.12114547216822834,0.09619658785874162,0.10415334618332124,0.12677165268350116,0.1268461754597481
0.10794526248161507,0.09236799705558192,0.06650898778600732,0.12313040671582338,0.146142888762505,0.10988156275539752,0.10171417197693684,0.13353620850023765,0.11877251396589528
0.08683858954691531,0.20325218101305795,0.08395575897009817,0.10003517920904452,0.0716919600755707,0.11616798949244082,0.11100420584207193,0.11414787492380657,0.11290626092699407
0.11210358934473785,0.15413160448110771,0.08890661898065148,0.10213126775236735,0.16039235834765117,0.07528786043607363,0.112942386968455,0.09548502746942132,0.09861928621953452
0.08095822118674621,0.13799946841447802,0.22322557432760026,0.10893991803034174,0.11936207525945862,0.05504247604408854,0.09289638663493595,0.08675792279359144,0.09481795730875923
0.132193923103448,0.08934085485520653,0.09593659518837287,0.09988557839005581,0.10083829517979187,0.12284590686882117,0.12509301721093916,0.10604091305958675,0.12782491614377792
0.08522903595562024,0.0904143597808333,0.08583488075108175,0.11505172244168083,0.10625087915970571,0.14176118530493065,0.13218805700549827,0.1298200254539502,0.11344985414669913
0.1120663287796725,0.13090552607213396,0.12120502352554226,0.10694491092355869,0.11072846684039406,0.08874258995587252,0.1057352698712866,0.11216186843497407,0.11151001559656536
0.061993711296286086,0.11931528177966798,0.1351286201812427,0.11478700103865336,0.1138532731239158,0.10598497103154447,0.11071743841571934,0.12736273108771126,0.11085697204525909
0.05538123600504344,0.11927032732667144,0.08348998310491544,0.12356012777041266,0.1442930671116273,0.10629134797052892,0.13537728116041606,0.1308785224154341,0.10145810713495078
0.19100856351617668,0.08816667136220951,0.11123671909706252,0.1087748995839088,0.07748194660093,0.08420676761278505,0.10603343578889711,0.11676846538584502,0.1163225310521853
0.0854263105083976,0.0859328523596239,0.19667261457916874,0.09356483196775511,0.14876139592906823,0.0919548565106892,0.09414534385626078,0.09636868729875177,0.1071731069902847
0.07664562457031926,0.1061596225400608,0.09166514113052937,0.1285952659594751,0.0854498160940545,0.14492048543184988,0.1178107892621576,0.1277187584749577,0.12103449653659569
0.11476178630751276,0.09144476621405069,0.042438973633910276,0.12930893854095338,0.1290267191928577,0.11754187868085343,0.11734657662531145,0.13254702390482126,0.12558333689972911
0.12528404472039273,0.0689881649220269,0.06574445419122145,0.11352419363587045,0.16667866173129475,0.1328145307758096,0.11183880053937656,0.10863297893310098,0.1064941705509065
0.09513433544660417,0.117341035422869,0.11542405930020988,0.11259241588884399,0.1387952090014428,0.08020304150361571,0.13215051959290075,0.10979099253503238,0.09856839130848134
0.07785552870822632,0.10059269546572096,0.10986645945202082,0.1216165551140637,0.14170203185492147,0.10598575953898337,0.11984227752317755,0.10918177928685709,0.11335691305602874
0.0771502166359284,0.08185389520420545,0.13993253295061886,0.10904892046652191,0.15199835304610562,0.10979005936924802,0.12165878813553271,0.10597071271216352,0.1025965214796755
0.1315173692566455,0.08220786903185394,0.11441984410070154,0.11768853382013716,0.1056998707598064,0.13364795960077172,0.09684047219612735,0.110513198183682,0.10746488305027434
0.1528456903133899,0.1295041721086141,0.10514125371181708,0.11016163676037731,0.08043397005071122,0.12083456925453451,0.11988098527482982,0.08905144831227196,0.09214627421345416
0.08529470124551812,0.16765305547065648,0.1643072875078113,0.09266998002417441,0.09665521482785312,0.11605480503063954,0.09457361659796759,0.10025857906263845,0.08253276023274109
0.0877319101719795,0.1391922053587826,0.10728667072889163,0.10448907100932674,0.1597867108559565,0.09627009025839474,0.09050315625796646,0.10774794113896606,0.10699224421973563
0.10876473841462564,0.16170039703217076,0.09046175020722945,0.11136492755968197,0.06095438963394306,0.09100756417012641,0.10903065936712597,0.11702785297594683,0.14968772063914995
0.061924027813597037,0.05418539907050309,0.3302516692800845,0.07829022481095725,0.13666008812429176,0.07743774218481247,0.09837511612217671,0.07960221040352015,0.08327352219005695
0.09610749254243002,0.07734534320833862,0.08498648616510131,0.12525042080165485,0.08846866068439317,0.11482454612526244,0.1543768131734281,0.127803119916647,0.1308371173827444
0.1260560699112501,0.09715819386943851,0.13701058834357388,0.09460550662808494,0.11146741316953705,0.09710412443778323,0.12222355850836569,0.10337739090101578,0.11099715423095087
0.07163156742554284,0.09281524252077845,0.19556873165521357,0.10441212440424613,0.06986026973766303,0.10909609549991119,0.12349705342953306,0.10725549356319708,0.12586342176391468
0.09923515389522501,0.09145318963001518,0.18431099983387203,0.12542066913048347,0.07271785275256325,0.09826620259744046,0.09856505942690434,0.12046466874421019,0.10956620398928614
0.07559607833917244,0.1486738142230457,0.1046245878804188,0.10352455731439385,0.15079279623741404,0.084390511660965,0.11107898908208547,0.10286998195341779,0.11844868330908692
0.1273619650590452,0.08686235615793524,0.11888635758478637,0.12701703275338674,0.09627489611833766,0.1368864330926459,0.0999414814535224,0.1076260074314175,0.09914347034892296
0.09256689654708113,0.07511652758975089,0.22009746121869797,0.09948293358101805,0.10172732272266367,0.09431879144774064,0.09240330870917317,0.09957344106231068,0.12471331712156385
0.07569560345478314,0.11188546265904974,0.1812077393818955,0.11435589541166129,0.11835327094382292,0.07496448825496345,0.10537932182675501,0.11514136317485968,0.10301685489220924
0.0737265799942109,0.08210068110184948,0.14221532283367108,0.11180819961538901,0.11444886438431064,0.1251398985414127,0.11045516049975874,0.10465495411202476,0.13545033891737265
0.14492596520686618,0.062262141641674575,0.062222684621226154,0.11769984883015794,0.1487061415029486,0.11203902124258043,0.14474501975725443,0.10960581066653684,0.09779336653075481
0.16772673740942232,0.06580646693228474,0.16343730018164468,0.10899868832000746,0.09877782684122431,0.09565754559086452,0.10044936553071214,0.09580076118178805,0.10334530801205184
0.06825484396124432,0.14625031002708308,0.24694730535248,0.09503925166966898,0.062202520668533635,0.06182781243578741,0.09834530155597061,0.08951557970542197,0.13161707462381003
0.06413963957159273,0.25137223929174385,0.04134657726033345,0.10175324668430612,0.0773684247261525,0.13323340224877378,0.11236589423065228,0.10772873167100554,0.11069184431543978
0.14885997535871126,0.08805770179671994,0.08353357036322041,0.11290232442678079,0.09262069054280758,0.13740769341477874,0.11285011729397725,0.10376121347310463,0.12000671332989932
0.12240178822947338,0.12273699028258216,0.10533257990229163,0.11534047363739212,0.08277389171438111,0.1260571309874878,0.09164262184511672,0.11288770001397092,0.1208268233873041
0.09253669583399658,0.11071175622794904,0.13162039691888586,0.09501675804306599,0.13462207670619206,0.12419706252060891,0.11261364818078899,0.09487969638321192,0.10380190918530065
0.10106431444811721,0.10873489716196426,0.06514746710631263,0.12072154751798153,0.0985707822598863,0.106674215201697,0.13364937118786405,0.11150312081951325,0.15393428429666375
0.11511825916761448,0.10100818633548082,0.1343893631868689,0.11513173256550942,0.08933842518818809,0.10539502356490466,0.10998801817841593,0.11868779782431226,0.1109431939887054
0.08243638794747753,0.09947400777387683,0.09361024176518908,0.1327643833478452,0.1610201016890714,0.0615252213396126,0.12803427715468846,0.11661794301207262,0.1245174359701662
0.07899682053427204,0.10660715748238303,0.08042754668466423,0.10460385087529334,0.15682953661738327,0.07613365228100369,0.1250858914570846,0.11847234274633589,0.1528432013215798
0.04248806069338182,0.16032492870782358,0.12455378008383257,0.09793465672620728,0.10554787553974528,0.10320693577267852,0.10769729285383674,0.11989652783028291,0.13834994179221125
0.09385356346715028,0.08353701919104983,0.08853329311572729,0.12343281809335593,0.1782873819992509,0.07643899924069546,0.12575808276820802,0.11690992902602744,0.11324891309853487
0.09614168695653315,0.12020608279729111,0.1325475003444161,0.11587950728160755,0.07393328321026943,0.12824585291682658,0.1068083939417445,0.12308908540965074,0.10314860714166096
0.1402158559589487,0.0915053655642718,0.11260895765066348,0.11835696050335669,0.11017106783735169,0.09015241065957119,0.11011427778281146,0.11925935345856946,0.1076157505844555
0.09144401763195827,0.0875200843551359,0.10210585193214546,0.1150322574023392,0.11061225681345244,0.11082632850836266,0.11467040017827125,0.12325907689523947,0.1445297262830954
0.11676041285434285,0.07480517384647344,0.14920524196701807,0.11844927902603293,0.08375199328792382,0.12822715727224449,0.09783444283072044,0.12141221564768034,0.10955408326756373
0.12034717646079358,0.12633138726280566,0.05644858523941864,0.13160571318709796,0.1277476606277008,0.10034079249480243,0.1071110144113518,0.1274621929949998,0.10260547732102936
0.11447150316735766,0.11146301012915354,0.0820802260647256,0.10814652517834966,0.11216986635555744,0.11670065108390466,0.11006037579171352,0.1137288533172579,0.13117898891197996
0.09500074495238697,0.154196933725986,0.12530788860133332,0.08735648053184475,0.1658228831345968,0.11444640915781751,0.07935948423499556,0.0937435332084781,0.08476564245256091
0.10055032351045523,0.10544265206783154,0.10713602251024125,0.12395514574836199,0.09472016930036094,0.12499909149206401,0.11517343010444436,0.11171940539127083,0.11630375987496988
0.15278325984002242,0.10824007599966813,0.052444077305953164,0.1094180144365633,0.1463692158271319,0.08357658793654793,0.10803853401514257,0.12421547802015202,0.11491475661881854
0.11098568715240155,0.091781371270253,0.058455972499952456,0.1273363605941637,0.11228666118487389,0.12169897523482986,0.1327728695576833,0.12420525997992997,0.12047684252591233
0.1737546050201613,0.10992573149534597,0.08333040519094925,0.10368966761171178,0.07240533923122562,0.13559118438690967,0.08820119586930598,0.11750105907036938,0.11560081212402103
0.09955167669589864,0.1930273238897742,0.08732853537453684,0.11432282785445007,0.091614723117776,0.08066377947181745,0.1066938372833488,0.11579700509025126,0.11100029122214679
0.1569860952946031,0.15316898878681892,0.09988635756576635,0.10140404853566605,0.09133538159986854,0.0977529170956588,0.09354408645873728,0.10856724607346448,0.0973548785894166
0.06721948412884139,0.08480929584326675,0.15968277747334855,0.10872680607201658,0.14848416043971455,0.10256233651678377,0.1019079116925899,0.11716881098157389,0.10943841685186471
0.12230537196394896,0.08818837280244625,0.06133360332325253,0.11132621955660175,0.1441602761405335,0.11555834281188244,0.08855176959875388,0.13428059226869934,0.13429545153388137
0.08237637882536475,0.09165772873078874,0.10930125173334816,0.10250856182103002,0.16887058802337798,0.10638540911205376,0.12763042262560442,0.10532678478662011,0.105942874341812
0.11265413935992263,0.09031690175395107,0.1075816946135118,0.1127888142625384,0.11486726529852992,0.12065373826617852,0.11463969092676467,0.11370153165527924,0.11279622386332384
0.0703556945886876,0.09252943472319719,0.1150507954291992,0.12436238513758983,0.09724430851935485,0.12192237712881383,0.12645043984885498,0.11126901999877307,0.14081554462552945
0.07627257763097184,0.11438814541378835,0.1277807220564715,0.11338968989021968,0.13534569156786383,0.09750900310462622,0.12557590646107997,0.10728712626319792,0.10245113761178071
0.08195497050499627,0.09357837654115449,0.23756323022564052,0.09928044355420214,0.10493913393553649,0.07940051358788502,0.1018864941646841,0.09104794307967123,0.11034889440622973
0.08921851779107641,0.1799916086461589,0.052261582720961985,0.12023591478499342,0.11205912714023884,0.10846997189888948,0.11778811303117658,0.11359017483558881,0.10638498915091553
0.05474068751137401,0.15253699473934532,0.20529074882194331,0.10565924272859602,0.06423655529086221,0.10060689369475988,0.10871708823128846,0.10187225446014243,0.10633953452168837
0.047528851004800955,0.15579738346890626,0.15807189209184047,0.11406080759559227,0.12417422647993365,0.072570657618843,0.11185132421767041,0.10051206229776487,0.11543279522464811
0.12437747973553825,0.09150990600303856,0.07964706688838392,0.11235012225986533,0.19822050555273354,0.09351672358384278,0.12767647274915206,0.09471051803421937,0.07799120519322612
0.11869607081639193,0.10111780631673876,0.11255773815520444,0.12084894906918849,0.0910175687145401,0.1007104495141437,0.09227804317792888,0.1183900044078992,0.14438336982796457
0.05856054078374017,0.13945006089376855,0.04723970623986829,0.0867740139977698,0.18857499509614348,0.1363610611126535,0.11433158591998382,0.0924694482235227,0.13623858773254968
0.141227769258614,0.14002260267129688,0.15747619533135718,0.09907633211553046,0.08088074596336892,0.06523425992949121,0.11142484980534155,0.09855120203899904,0.1061060428860008
0.12061900839092592,0.14550469132511515,0.18458929235211938,0.08753843880750865,0.10812332579299529,0.08353317870978261,0.09114876038633528,0.08901071664197646,0.08993258759324124
0.10166002926268897,0.09911887755483928,0.10964318654486703,0.11469956611248143,0.08170963453283948,0.11121575701878302,0.10923773901203206,0.13002070650749614,0.14269450345397264
0.08146719840895,0.08050243045469774,0.14778210454855015,0.119483511081357,0.1175449509167303,0.14288573909156208,0.09335259300793945,0.11545477578765424,0.10152669670255905
0.08232331666743027,0.08097788783321437,0.17880187996423982,0.10748390888120414,0.07343161673995285,0.11676800980580494,0.10741034491156583,0.12852333318937312,0.12427970200721462
0.08531009481626799,0.07046322177381568,0.26847964741512104,0.10912257589677099,0.06444513057957833,0.0970217212307583,0.09954650822499835,0.10390914040792854,0.10170195965476081
0.09770820474507431,0.07611829727475829,0.05170374102548685,0.1275283241793446,0.1593382664619636,0.15347455754575834,0.10236823343544933,0.11477608169750175,0.11698429363466296
0.14639525097143838,0.20268264650892495,0.056130352765575355,0.11298583881751047,0.05362462194975915,0.14107995025188744,0.0982456918301603,0.09029611435485996,0.09855953254988396
