0.1317906566697558,0.11793103981849866,0.2224768860818576,0.0337703902636995,0.0475440692768358,0.17151101872376118,0.1395806981697699,0.05605578661743373,0.07933945437838791
0.12613720666637415,0.093209364337227,0.053996099601233305,0.024296914703058278,0.04088523940152113,0.0994968532732533,0.08148445803106227,0.13714366104426812,0.3433502029420024
0.1155602541808121,0.057215525302483666,0.17261164084741856,0.0032773829831606698,0.08443813019729768,0.1607888858064087,0.15834750898149055,0.12587369084255096,0.12188698085837708
0.07979484081404074,0.045751695214003484,0.07352387534631882,0.01010534876937364,0.0065498949305200045,0.04291148042700699,0.3132645167900286,0.13295624874615689,0.29514209896255095
0.25998053415383554,0.07708699262299566,0.11820911664307977,0.03116515476818855,0.10728712673693346,0.030418249042680336,0.14886438881074116,0.1679372892097708,0.059051148011774746
0.11835502103428536,0.04072310695343458,0.12165796792088383,0.022376409118195145,0.035735834747961874,0.028107383000695717,0.05755976385837105,0.4837157728135219,0.09176874055265055
0.15548876063863157,0.009964558064079556,0.1000115107663419,0.004879777512212768,0.03542728342971979,0.01441205766437042,0.3253725188573385,0.1109152428349985,0.24352829023230702
0.11613610013404219,0.13835802696659963,0.11583725406446439,0.026704917065776556,0.04103405619822415,0.09628396506190029,0.11626054711871235,0.21658931286796226,0.13279582052231817
0.0810091779355546,0.17106423992312783,0.06423422818902975,0.1265737169605292,0.37939647376866875,0.10222125853770882,0.045389732125461664,0.02091870209542136,0.009192470464498096
0.23188052609161383,0.16575339941962555,0.08445853449421721,0.07446540633595579,0.043001522511422495,0.18887823478963847,0.0813276050881982,0.046428760761740455,0.08380601050758797
0.08180215398944557,0.03266882916780791,0.17674337149548566,0.04491249319900012,0.049667568980871324,0.045372753215623174,0.08213693546495887,0.4723475793335177,0.014348315153289645
0.14559094946230153,0.05900508114244876,0.09912920159643362,0.3877783069759075,0.05623135047771818,0.07577954408032053,0.07456465047126097,0.07669330663596875,0.025227609157640118
0.13242726800272986,0.03265846812994481,0.13932286016865894,0.011035773939934329,0.07243217514867828,0.11330206943673266,0.12372109364179677,0.03982753612404638,0.3352727554074779
0.28839313681216466,0.048158587705845024,0.16250192557220677,0.15766109286602123,0.0904413392316487,0.04016377614172348,0.05019967433122377,0.13235941628021913,0.03012105105894713
0.09970606917979503,0.23269383613302574,0.07568198739798171,0.16854040370324833,0.07210271626291621,0.07175151935117213,0.1001925664821921,0.024007706360189993,0.1553231951294787
0.0787706406445267,0.05265270568851318,0.22495353691219303,0.02235382796140221,0.018425733852587514,0.027809778792993983,0.15216555492359285,0.13692400867531399,0.28594421254887653
0.09145325767354602,0.11892303660757512,0.12098213991054456,0.007581396146633469,0.1835722767510438,0.09379405500426552,0.17663597982641163,0.05347012131419903,0.15358773676578094
0.12179238390088713,0.0860889142637502,0.0980563573738223,0.019468022591622138,0.045787317407134355,0.08884828533234157,0.1564003328688349,0.0879662019931788,0.2955921842684286
0.06138412322259376,0.032194045782398574,0.3770550699597435,0.02257094974605957,0.018396869883639425,0.1423582424826513,0.23834056173514337,0.043801107806634876,0.06389902938113559
0.15269871439746696,0.08356955329762646,0.15056864360132619,0.14313276042714626,0.11352406303675627,0.13360976890387277,0.053944628104980796,0.05678688905848293,0.11216497917234129
0.09585361432817452,0.2439919993563606,0.22308000804515715,0.013247626744788021,0.027236069387706435,0.08549053949177259,0.1585163509692871,0.09720152172320123,0.055382269953552464
0.1868495359243488,0.16217158451701136,0.20262101296134238,0.17818082139386346,0.06006818294073444,0.05049118319803008,0.08597711472948112,0.07124023468981365,0.002400329645374788
0.10848852583406786,0.1275262296846245,0.053387733876556265,0.5108871652538974,0.028962718720104887,0.045323923719962446,0.09357776848666022,0.01702846319645973,0.014817471227666771
0.10772848343377021,0.07893036793806993,0.12628888496272508,0.08534777998572786,0.11279922369352624,0.04093824272230259,0.15170030005634438,0.134380280643869,0.16188643656366467
0.13118202757244626,0.08318313017940916,0.35762399495726566,0.060952697137340174,0.014376037224176902,0.24469996616017894,0.035409949332487534,0.05248786805949282,0.020084329377202583
0.09244252861586745,0.013968193396240619,0.25748546676960954,0.004178189496460612,0.18552657740972786,0.304387965425815,0.05508708557672227,0.07587910024693655,0.011044893062620173
0.12909200412648825,0.31631734404730594,0.13151893440189397,0.04377041860294362,0.06643824712301123,0.15207071910988315,0.07005323749758464,0.021859467744586886,0.06887962734630225
0.12155650138976264,0.10191736473774043,0.06593490972557776,0.029506949942758338,0.1653764701383534,0.21032941718426815,0.09847830846601628,0.10333836369818532,0.1035617147173377
0.14715884604191742,0.11057047238132517,0.2909487668965982,0.08216633194332196,0.03010840677145397,0.0504325542476552,0.15429055391723054,0.09438912202001555,0.03993494578048201
0.17528972736070578,0.043318109295138296,0.11103489033873726,0.13334721519076917,0.07060511129475155,0.025383500982429596,0.26506275799879275,0.08166020719446367,0.09429848034421194
0.15706650644782624,0.0883204197010543,0.08420786663806945,0.0444537284065343,0.030847178761304512,0.121945376770121,0.21287852122018922,0.16837985847814,0.09190054357676108
0.1358166514449304,0.0843251551981713,0.08935752290113681,0.055202478515543586,0.02808454994162771,0.03617644141800141,0.22319640293302556,0.14559520117182814,0.20224559647573515
0.109351778300236,0.05750719997255102,0.05710048549261998,0.009479300038297929,0.28482605881521245,0.23685295124193415,0.11117499060048619,0.10852765585404184,0.02517957968462037
0.10421832080220798,0.22457237600698357,0.11057264257153492,0.039299391278132804,0.051593408742022805,0.04599661753706269,0.10549860708232513,0.10177843328111409,0.21647020269861594
0.1385571828319613,0.1276517465629943,0.10240292387171208,0.17427854289777675,0.03499536083668212,0.20650598925064556,0.17042210750337927,0.034221290572855605,0.010964855671993
0.13604486659317408,0.06770477622212262,0.07719559157243881,0.12890830045229876,0.09396957950315744,0.09112815190901709,0.15258950673170438,0.13271671456438658,0.1197425124517002
0.08770601491070573,0.262442138393393,0.24486827891884944,0.20644074325198988,0.032691126568536816,0.07140457351615888,0.06692915218879572,0.012070586472193707,0.015447385779376896
0.19974880104530834,0.08453504991421522,0.08739793265884048,0.23885651103892444,0.042430111329724046,0.0949922871623317,0.14622206826709047,0.06506491800903248,0.040752320574532784
0.08953897773556614,0.31951223094103876,0.09152204859991507,0.1457966709223141,0.027933792017407488,0.05738782142764206,0.19594341793594874,0.028870267314143477,0.04349477310602415
0.18763886792906523,0.04992760321081616,0.1643439091979593,0.04597658202609798,0.06629238281736559,0.04393023751695841,0.11650668099692736,0.29078517926441017,0.03459855704039989
0.09099389578338722,0.11316541502959537,0.15791824653143227,0.014399426157808355,0.04211476871311626,0.06294250173247191,0.33250024493845026,0.03555426539651059,0.15041123571722778
0.17874215825295123,0.25022281147058356,0.14855647458160556,0.016909989477605122,0.06812826277573097,0.14333173681335643,0.06072652735842132,0.0327911559164995,0.1005908833532463
0.12408936923889159,0.052210255440835046,0.12021920410807868,0.012467855174144444,0.014305900711504041,0.05116537511849237,0.5390969693867897,0.05431896216145344,0.032126108659810644
0.1520856738551806,0.21582154978797743,0.13288888540890675,0.006141301731532486,0.3705087665909644,0.022411077036250882,0.028207702013864935,0.018372412777763598,0.05356263079755899
0.13169151176301463,0.14831831829681708,0.0997738614665401,0.007444903789440513,0.06478955750190696,0.12318517884104839,0.16239382384922088,0.0593713111225185,0.20303153336949295
0.13517212709350004,0.06516768576593283,0.1808424851446843,0.10011446899071853,0.09608076322984682,0.06246446759252691,0.2800711771754427,0.02460583707182379,0.05548098793552408
0.10138053311932432,0.026352291654733337,0.36952414794345895,0.03929761171004837,0.073649099161881,0.26458020695792156,0.06422732650242145,0.03282134959111958,0.028167433359091495
0.10987369527024264,0.03382938048544501,0.0975768710082559,0.004400637123269326,0.12896435003187443,0.046212019405041695,0.28654070826095995,0.1118216409685286,0.18078069744638245
0.20207412224226629,0.07970788181405752,0.11434548869640922,0.10064560122378058,0.05725395586848003,0.07162874318947572,0.15866251075677815,0.11037707606048587,0.10530462014826668
0.07253842497084258,0.286107141736706,0.052093714789314495,0.29841626173546393,0.006222450543877136,0.07902226431869253,0.14330096548310042,0.013590793745261212,0.048707982676741764
0.14055971110442744,0.025379662698526345,0.06586824109510948,0.019002465865548532,0.043459925480311634,0.049720629425138586,0.6416797887552902,0.007209665597929277,0.007119909977718571
0.14806487016893136,0.018348053079114513,0.09435488373265404,0.034587039602211295,0.05194216979275943,0.053738539960438786,0.11066613993734607,0.4159264203964063,0.07237188333013812
0.10800958988084225,0.0990176581012403,0.15763110215122808,0.010127387331825609,0.014788612310134263,0.04515769555411389,0.010018652585358155,0.5212770657903089,0.0339722362949485
0.20703375814103053,0.11633122461437279,0.07516242140698502,0.015110171391777153,0.14785269722859193,0.06934223293116905,0.05932324318215565,0.2053054079969904,0.10453884310692746
0.11333989137040491,0.18678378336340992,0.13482316013626947,0.026283153895670514,0.028925086043064725,0.03924440139687204,0.21738661706158835,0.11109605004795882,0.14211785668476126
0.12213821211029463,0.24533661020385314,0.09467927243541073,0.14724655440448234,0.05210188641866762,0.06167986003904474,0.17222047022082201,0.037786281362071426,0.06681085280535327
0.08432264825004203,0.09452265972169242,0.05503368587066474,0.012268234504834857,0.39888151365442154,0.03494796696283028,0.03323639645174921,0.10867747529496526,0.17810941928879973
0.16897743908039328,0.007306795201900251,0.27145699865582434,0.0031872090158313257,0.006267456833604198,0.028177650375501278,0.2236501201320585,0.048264657421162316,0.24271167328372456
0.06205737902744577,0.25078403071699773,0.09077384028907136,0.1827240279954919,0.04781531058921166,0.10096864126447673,0.22750126140148832,0.015996761414315594,0.02137874730150092
0.22738345002773455,0.03953241392126107,0.10923020375284515,0.12963803624571246,0.10893731619551843,0.04009178389179055,0.14416309651920958,0.14595356284654393,0.05507013659938421
0.14825378955161253,0.0752681959395133,0.12683094837256775,0.026921489293264798,0.05195090252579765,0.09346891877799958,0.03347300370591211,0.18452175957300687,0.25931099226032545
0.06815868601840193,0.1203337570804004,0.05950360614015191,0.008142327252446195,0.4192803718756166,0.09535257738346432,0.05252748407269581,0.14407040123943457,0.03263078893738819
0.1314552160224249,0.05661022665031851,0.23461750425884287,0.0959101586956022,0.0651189338562932,0.07514536500585063,0.1858749851798668,0.040413420606186426,0.11485418972461446
0.13668829982830746,0.08610294861899966,0.09795365401805146,0.16707374622052898,0.1519048859608557,0.03674626302155195,0.1780969479102579,0.07223155929827457,0.07320169512317236
0.048139867587287756,0.032481621266819395,0.40562911409799124,0.017363421188225144,0.025284285850336412,0.28977601740605247,0.10566588737336036,0.00893479551654406,0.06672498971338314
0.12059223915057264,0.24620564312027213,0.11178132794033468,0.06172853314173926,0.02381869286324281,0.06522966650920335,0.1714784305805316,0.1377538771143414,0.061411589579762095
0.14558735414237745,0.05384651802048392,0.09744939928064474,0.05205153275624611,0.28272984627534625,0.05346216120572545,0.049000593426704285,0.22113510429411484,0.04473749059835702
0.17946850556892735,0.12675812512663562,0.08512044427197385,0.07647535363146475,0.05084568166200654,0.09822018378028798,0.1357394603107429,0.1370713554954352,0.11030089015252587
0.10280998236707033,0.04825388875349579,0.04829551610197141,0.02259548280107651,0.05532549969880705,0.127497022442654,0.15020411530561292,0.2215751495877241,0.22344334294158794
0.24020810127727954,0.052517004363405596,0.08938427585080809,0.07916413690619266,0.06611948763342573,0.17033119490947732,0.10034326124215272,0.17769676294271117,0.02423577487454719
0.050755214296526435,0.01751956376754638,0.06572542606344242,0.007245457024912686,0.0025531116499534,0.08293934389448761,0.181698463569636,0.17616001792788205,0.41540340180561297
0.12495945250688045,0.061333064249091455,0.08979729768287775,0.015946803805134645,0.40115813001630746,0.03969960510401246,0.0516407706098593,0.16043766087547248,0.05502721515036398
0.11724367638586232,0.384231469481501,0.1198534477391457,0.17928570845937478,0.033931545843290147,0.0563332756654189,0.05958183277128626,0.02402819840392652,0.025510845250194397
0.18279161302975644,0.1699747060788813,0.09707431531844672,0.051298569027288486,0.20992530232922368,0.09961090262973721,0.05798903275041987,0.07081997751378936,0.06051558132245693
0.11362304349465514,0.013327184155888724,0.27039223479606816,0.04650846363518866,0.0993493089405245,0.24934894619085313,0.17056753402435168,0.027299015382335326,0.009584269380134706
0.11401554079513398,0.12133336396736794,0.1062152677827205,0.07609567878685196,0.0652477194737766,0.06430769967629223,0.020982265275625838,0.3991923809032687,0.03261008333896227
0.18160108063841707,0.08905167900454153,0.16904011007652286,0.036153428301081716,0.05358126479405597,0.07887207672638619,0.15001805720483818,0.18313216849276828,0.05855013476138826
0.0918562650094346,0.05427957533334499,0.03657216168247604,0.007273308868665593,0.40631596552946525,0.08133795192197761,0.0733431283366484,0.03872083181757358,0.21030081150041388
0.07138890255378032,0.03729675197705358,0.15282267716403197,0.017008205013813633,0.023642111702745702,0.021993611466359822,0.03848531698098256,0.6275211532658522,0.009841269875380232
0.05552720139569306,0.029916015585432873,0.07402291699154469,0.0035632381332618354,0.053595668044082306,0.023826739668596986,0.08624739337646274,0.5324472365394093,0.14085359026551622
0.16624468420076666,0.05708128218179381,0.0859902546535991,0.27255676853865923,0.10722180799853716,0.061451609810104106,0.07510006957816436,0.1385579049679846,0.03579561807039098
0.07466702652964811,0.35056292700980424,0.06215424829731978,0.21551424192688814,0.023852815924623138,0.09433594561329355,0.13512979678866083,0.0241327576241774,0.01965024028558476
0.10649187363140183,0.17396585200373513,0.08507838574206851,0.4300499059913534,0.036701100107985295,0.04719418346303556,0.0519032224428525,0.02847185954600342,0.04014361707156434
0.1192083872835414,0.11999350098154626,0.12141826152974511,0.010809098971123624,0.026720551791001277,0.20416862840033778,0.053964292735272805,0.02616012261027618,0.31755715569715565
0.10018825214980205,0.14995854966860553,0.07548754294981325,0.04124137072027303,0.11872310428937936,0.13163285784376613,0.09724686557211674,0.09807195622136211,0.18744950058488175
0.13770326566206184,0.2983148671709623,0.05848907583381255,0.1187574462924905,0.047639892955776884,0.13881839658683895,0.10845164688165725,0.06177622854322492,0.030049180073174794
0.12839119610804786,0.2581231234840788,0.12980470334800354,0.1964744681221494,0.04056139763791312,0.07840593600712446,0.037772187523045286,0.016611765784446796,0.11385522198519073
0.20590416925733876,0.04525914147488818,0.22502509743685342,0.0666274017961475,0.10778510257343348,0.08478068514434471,0.1046328055339314,0.14233516572384433,0.01765043105921822
0.09785814290450291,0.1207471859014932,0.1199691904775626,0.35985422781313203,0.08376801576597082,0.06402392902538469,0.021468668226567567,0.06985523697908826,0.06245540290629795
0.10459061450099146,0.0865428804950506,0.2333036002969601,0.16870726650513101,0.033142630176755304,0.07189017571830848,0.2638719166096071,0.020644599823644208,0.017306315873551747
0.17110144736523983,0.058094520233429335,0.27025138675251154,0.015672774909504507,0.13181063660417222,0.14406737677254777,0.17536494754495804,0.007657233704722287,0.025979676112914397
0.17838023648997206,0.06296610478919677,0.11709235201797381,0.14696602352156632,0.05067724741017802,0.06821714677288337,0.23060882272770447,0.1097246659099051,0.035367400360620006
0.06667060851775787,0.1448929968482884,0.12537796893894493,0.014565717938216196,0.03779154340165713,0.02707756821009688,0.22718075559567652,0.08847028540260708,0.2679725551467551
0.13884259800760146,0.03896432011939053,0.17155718189615543,0.03600645874633949,0.08464302569378078,0.1813457528172506,0.06389782823433361,0.18125811013281515,0.10348472435233297
0.17830297796588002,0.08212092077937373,0.2765587618994895,0.027522009461753334,0.08559648342813236,0.06607627088946007,0.13466545564217172,0.08502596981029285,0.06413115012344639
0.15880723691446674,0.11380408978296681,0.058986160653880515,0.021264775188239247,0.1023299115506797,0.07698117005280715,0.06212738448584578,0.15746765817494104,0.248231613196173
0.2707263724858447,0.06274236332314866,0.12465696588118762,0.02214241038573501,0.09025951684961424,0.05908763755412124,0.12409894436695135,0.1612552999793497,0.08503048917404758
0.1811581276187314,0.014028070551002135,0.208606888286746,0.021762319860688318,0.04575310643507211,0.042963699568166584,0.08377703451800278,0.1801355413699076,0.22181521179168315
0.05761640797345432,0.0711265286333878,0.34109447792738584,0.01132312023161988,0.018744026200173906,0.08856646046230925,0.28976750283277514,0.03135390415154809,0.0904075715873458
0.10778171195110427,0.0831084914241985,0.18477818304186502,0.015681058049706965,0.04386499823957782,0.04920552109613332,0.036979791979688946,0.3608511867298021,0.11774905748792304
0.21519127936099616,0.05644459692850803,0.11335703084908759,0.029190526973268283,0.12447052299328752,0.03952065972635119,0.10740660114954187,0.1959198192132036,0.11849896280575573
0.18765062612999184,0.13066043741536726,0.1333874033759824,0.022791386818805767,0.18516500210054831,0.18031934055267107,0.03888605302302773,0.09626319600750777,0.024876554576097762
0.08302628873191743,0.02417376672517435,0.3713519671548882,0.0016618932820653485,0.04508385363776743,0.40122262699466016,0.045277265186731086,0.008625599060059738,0.019576739226736254
0.1411799927652205,0.053153643190086586,0.11349784361469391,0.1501761777328325,0.18013444890059271,0.1314643599512855,0.11487818478141426,0.04602854371640833,0.06948680534746567
0.11235860948411941,0.060702872526046524,0.07137964596594275,0.05158490561553539,0.08071159119528094,0.18854499129665506,0.09985901098827138,0.07993354981530965,0.25492482311283887
0.07392546687159128,0.32369517150704546,0.05129623285082759,0.08160290591985817,0.05590528613402112,0.21778120108708435,0.1532656409147161,0.030728769668019403,0.01179932504683656
0.20137174087160317,0.026512086272250452,0.04681696131697762,0.06611772270080286,0.011537149577605299,0.018030530974752625,0.45243223821372053,0.10866358379681551,0.06851798627547186
0.12210152396462327,0.14806053486147083,0.08324300061775544,0.025832240134271794,0.2053396122191473,0.08789999332472531,0.11958768453035902,0.09381152548884968,0.11412388485879749
0.11787410330864705,0.08617923859469571,0.15405553221679602,0.049118539796849346,0.08915089697683398,0.03190929197991809,0.201217727112197,0.10442296367879929,0.16607170633526347
0.08725365000957663,0.08522619143376127,0.09049426799213328,0.03086182044363366,0.42009704129370995,0.14584456353278843,0.040701643399079536,0.06991605457690812,0.029604767318409077
0.11754525948194529,0.051412367652832545,0.05561909810235193,0.031224894692359104,0.13760397555742687,0.02985389228983601,0.12068366998887692,0.43787490450703825,0.018181937727333022
0.2586279008789805,0.07129838530686992,0.1685501714790806,0.028868629682197538,0.05458011569323181,0.04557591095055924,0.19669006762359953,0.046675413293427524,0.12913340509205326
0.06359860975007672,0.02721417627507017,0.27220435654220126,6.218107051435609e-05,0.16194286838906422,0.011522857112001341,0.28616949585648027,0.013500585732705586,0.16378486927188604
0.17696132114454421,0.04117082089613364,0.1684212174842253,0.02507825779665691,0.09314091582341176,0.04917117037779253,0.1512099100984291,0.19390967248388621,0.1009367138949203
0.09254413277534028,0.052804807070313285,0.10766878181947047,0.030517870809169068,0.08989669944537942,0.048043730007930475,0.2954164755662005,0.14639517242680875,0.13671233007938777
0.08995301368711894,0.14607339840637543,0.061643910221946784,0.024746141742385323,0.13001072744853615,0.04652509486130316,0.3728134051494263,0.028792463400331123,0.0994418450825768
0.12237766045026943,0.04472156596323675,0.14896247100631732,0.012806439196068088,0.1346485798130995,0.3485323063875148,0.11776360841936666,0.01224543297076327,0.05794193579336402
0.155152042885584,0.20645616958549437,0.20804211660042085,0.02096754198652925,0.1287615765497254,0.08804390089376639,0.07423394955241783,0.05802133587744083,0.06032136606862104
0.09498725613319244,0.04748273742507303,0.06563746767651385,0.029222380327818338,0.06805447500083728,0.055529489555810475,0.24430138629498147,0.031804582574552515,0.36298022501122057
0.13918329412470146,0.07664675776130603,0.10770169214212515,0.1737362951895671,0.08987813936009632,0.15139544044373712,0.09706640358462308,0.06390705166850424,0.1004849257253394
0.15950383075926752,0.12935325380985915,0.15913902996987253,0.0765191126436114,0.1127708185594814,0.06831355053401328,0.07103314785123756,0.15245708089436524,0.07091017497829198
0.07274999126787082,0.07322376573788986,0.07787930972057355,0.13065755253859196,0.4040329122764344,0.048336214331515547,0.15578113761862028,0.034308539387454894,0.0030305771210486928
0.14028625573412232,0.0670039525974583,0.18307783603686725,0.037910762533660436,0.07404092226522739,0.056058458492778546,0.23149243814706488,0.1835536840532753,0.02657569013954565
0.10284636226944004,0.196869078981742,0.12791238764354648,0.22526402158652778,0.02989732960692737,0.1724121743992669,0.08527823816762703,0.02759390929283792,0.031926498052084515
0.17737223268424473,0.2248791513550572,0.11830262876642149,0.01467897695938923,0.056737944244590756,0.06347098035505944,0.11723589918848165,0.024795380280533613,0.20252680616622185
0.1310237689096031,0.21859871014157498,0.06848903983716852,0.09627911280669138,0.07166295285819742,0.10403123827773054,0.08766267182159855,0.1850713350121874,0.03718117033524814
0.10245040040718367,0.05917875909207828,0.11733633308951703,0.08399799892872671,0.05365288934542661,0.03301197582001731,0.2725255691427792,0.07900316247976337,0.19884291169450774
0.14114272761680322,0.23302386062945357,0.09943838730945831,0.1302603429055375,0.14823255402949376,0.060609880263424565,0.05955249312701743,0.03192975863785996,0.09580999548095163
0.15712397109673196,0.03862352777546618,0.09394379092915146,0.013029012790286218,0.24747739168143387,0.021514671887322093,0.22788775809230077,0.15731526923877592,0.04308460650853157
0.21507840396744396,0.38988475500363573,0.10715108473099337,0.010156406783010026,0.037105308754025956,0.05579191520767494,0.06060547830950077,0.01884636213386233,0.10538028510985296
0.11384239835394715,0.12136314197200082,0.05609272014088182,0.026415493803015538,0.25940909607122836,0.03659786136224522,0.20122613950589774,0.15550341791876013,0.02954973087202327
0.10894174772904786,0.1320171356028376,0.06051352244915361,0.4772335134133942,0.0677666806210585,0.0838331563814162,0.033644112702883026,0.01732514970460694,0.01872498139560216
0.131268086410158,0.08840048894973518,0.08688064633005055,0.2136040989966548,0.07560506930134159,0.3087631103408976,0.020421457862198927,0.03964814972203024,0.03540889208693305
0.11856079253038469,0.05679221818517421,0.10515754833124642,0.12333311590497009,0.16480494771298476,0.22828731970688831,0.05000248383722077,0.050955575708029895,0.10210599808310082
0.20117095142082966,0.10972187864635063,0.1071847687494958,0.022594869266663837,0.04090452480537315,0.0392558197321686,0.18119728746765054,0.14446028346590087,0.15350961644556693
0.05691327863364087,0.03201224115054297,0.27185809963958074,0.022098071231151845,0.03508903941405051,0.25434794302954955,0.28115230634659333,0.02420070558553593,0.02232831496935415
0.06596719514325682,0.033778523869662715,0.1660353164703597,0.009589234149534318,0.4378470862617137,0.04650014844323519,0.09438187844873897,0.07800157443205315,0.06789904278144546
0.07879814689969808,0.42190877992708725,0.09633720543333539,0.14995003162593928,0.032714605607403725,0.05273204161967168,0.1007003057270861,0.02594461423568686,0.04091426892409164
0.14330916997525506,0.18510575871997345,0.2395137974189945,0.030173774915880358,0.2972432890373617,0.05821553938897028,0.03341959750466644,0.0016943620769233382,0.011324710961974882
0.197147985811166,0.1174267093037612,0.1272075023207244,0.03280512037352625,0.056980818036654966,0.07793987024402539,0.18921640056513392,0.13932285899154778,0.06195273435346003
0.144106168483254,0.08879029661614903,0.11069674544618624,0.3372005440780588,0.05737315409261042,0.09511630815641851,0.08336966459263921,0.06386611433875374,0.01948100419593007
0.08252854647094067,0.030437103574632834,0.08433539849297557,0.022261746896786245,0.014305075973735227,0.020578673700500687,0.4287031703835025,0.060085989682887385,0.25676429482403895
0.08482393718943844,0.2016744569795601,0.11809855429689893,0.009129699412637358,0.03269311474359129,0.1851824526485838,0.14037253688611084,0.048846452201907975,0.17917879564127123
0.21436090663786755,0.09658966847864676,0.08392518794462767,0.21513780642502178,0.13193102248335634,0.05172728744291194,0.07958929943701609,0.08439704258006601,0.042341778570485815
0.28461834376043077,0.1800312699835229,0.10639751136436752,0.022665386006533422,0.062371200554043216,0.05373853137378568,0.086518625557839,0.03322579667491351,0.170433334724564
0.2095713334974136,0.03665638690332349,0.0785605744133906,0.21786717973538908,0.08611409386449652,0.046011335182533475,0.15612853039455585,0.1361565387004002,0.032934027308497156
0.09022464236991447,0.19854524211230803,0.06120941495797796,0.34286154739309516,0.07900564487699784,0.14427199463929505,0.033054404480824744,0.02153568950121591,0.029291419668370816
0.1035717644576905,0.06110199207917269,0.15281305056826233,0.204314985443123,0.0406774293451539,0.03766052825133326,0.3302186151235138,0.04362627555964369,0.02601535917210678
0.07140558872184903,0.03585103599291899,0.0746529157779532,0.038273743732396615,0.3801130451209192,0.020739613187773516,0.25296026878610217,0.10116621648670727,0.024837572193380033
0.13841085433671804,0.04910036937248625,0.23704227756789265,0.05845302272150316,0.23002037712700338,0.1460546173688931,0.06463195862769024,0.05541772945191514,0.020868793425898008
0.10015965129864463,0.17301443689324134,0.10779474153928288,0.010535679683832719,0.1229775700887843,0.06193423716038441,0.05212585782446664,0.042524374555961225,0.3289334509554019
0.15929497067491546,0.2029741309090062,0.14408830310092868,0.14118871599878388,0.1317425749912032,0.07994734249687145,0.05128998693642304,0.025156078345331553,0.06431789654653663
0.07783883167708386,0.09192809708389178,0.06162555818697726,0.437869164559277,0.049763272128918755,0.1795164793262336,0.035386052557412735,0.012196347345784274,0.05387619713442066
0.2442597062954626,0.05676580212926855,0.10061941665527945,0.07306896577262854,0.08081123518671467,0.11707307783571137,0.09136034400794897,0.2066340431721111,0.029407408944874824
0.10833616659061955,0.11707659728911884,0.06273536963594051,0.08638514014896233,0.03542497815149604,0.16221176579941757,0.23410014468945953,0.14188940383231263,0.05184043386267284
0.12292189794812151,0.07659072305786796,0.10065469888088496,0.05073274637739956,0.12789000966271433,0.0742196437210566,0.19456135984907888,0.15946680658930282,0.09296211391357338
0.17001692329464668,0.2054934803997435,0.10526369348068852,0.14066247716407668,0.05687638075119265,0.0596346247546605,0.091514378787715,0.13001376940357773,0.040524271963698746
0.08813488852844407,0.10957823977178031,0.09475803289096969,0.3476342514271587,0.12910522657739013,0.09568985618215593,0.04816316851776292,0.0174981930403898,0.0694381430639484
0.12665340802389016,0.08438619955401523,0.08616123136585806,0.14100826586896884,0.12548123992564408,0.1029316376237444,0.11340827626539456,0.18556433102705083,0.03440541034543385
0.11077609195042375,0.13714276346240287,0.10351434327542501,0.13577746438339341,0.1116298853698972,0.08011812274953845,0.23489472267175193,0.054941414455458505,0.03120519168170892
0.21736612493270405,0.13258795524843753,0.11261439136107171,0.24622322102778696,0.036991602764119204,0.1269871806817953,0.05275997931057741,0.04998251052682584,0.024487034146682084
0.09425221445243542,0.0500312031568956,0.07738846572941593,0.05582648752918562,0.023099844561028964,0.041204986284058526,0.057236770741276644,0.49333214302453143,0.10762788452117195
0.07941335870702816,0.1643385876979243,0.06340681766931021,0.39065352071845877,0.022707653008298734,0.07472224332614323,0.17059053377466604,0.024215439321555395,0.009951845776615056
0.09914182510080631,0.054560175032146545,0.11740725294453153,0.051172948095822755,0.054095286103887696,0.10371412323325914,0.27112471179418834,0.09905009465998592,0.14973358303537176
0.1018441637237349,0.24353627893438326,0.08272196465962661,0.10715270580653102,0.046764228034813594,0.07646255436097141,0.12747871418488368,0.1507129578061663,0.06332643248888914
0.08625117837267575,0.044322722358879886,0.0995971357101021,0.03182133568236121,0.13145496341767351,0.035231008486238335,0.29551821022883,0.11591755663408576,0.15988588910915338
0.147912415628173,0.14446513908314654,0.09016781551252319,0.030823066254643695,0.11952304033102168,0.08436812035845527,0.09497950425949771,0.16018741755962385,0.12757348101291507
0.14182568870439147,0.07891085167663175,0.15693107802287443,0.011114957883746493,0.04599905434849772,0.05846340188571451,0.12538839067173013,0.21152111886565975,0.16984545794075376
0.14112090514687534,0.22814531960347642,0.09199944868827943,0.04812653640035972,0.27153496070211447,0.0694356146318293,0.04820973467811245,0.08002897285177268,0.021398507297180142
0.03929481238271231,0.0197881204470805,0.30071496998469915,0.0016710453740984366,0.04313157263899391,0.053874212836921176,0.17756962340102445,0.09278748019586254,0.2711681627386075
0.17265084100467254,0.13622051322323814,0.13355674936566442,0.01817429334813581,0.06562184279851535,0.050625449217169015,0.15467137155016283,0.16119970156446572,0.10727923792797618
0.09241676821600527,0.14185888087386,0.02874414524097124,0.020134979675960757,0.3303936025519558,0.12942827363702664,0.024625497656173324,0.0702698517013322,0.16212800044671485
0.08654014396011596,0.12188204483355387,0.053571255160828245,0.07568877021411262,0.01778291585972591,0.06627065141976002,0.2315068729069859,0.021320895603717558,0.3254364500411999
0.10372785364657611,0.1162808549483374,0.15548069484892427,0.17819439809728801,0.10868380494502661,0.05822873211682253,0.2219465855454943,0.03821201332761434,0.019245062523916456
0.15192611701951492,0.08659203717604784,0.10583434312609459,0.30227343602712,0.043012359250200284,0.04889173506388691,0.17822485851819528,0.07360615772524433,0.009638956093695831
0.055749419819317685,0.26495256936035294,0.10167513529076334,0.013565035986299268,0.014658989481581659,0.3726160794749644,0.08937522340380187,0.015446493516474424,0.07196105366644444
0.1587350886318298,0.07051301340850884,0.0998883261631618,0.03542957394146512,0.046687273225528174,0.07569537141501798,0.20786836371721928,0.23180790242547833,0.0733750870717907
0.19360352272986994,0.3464213574305623,0.021448907657843765,0.08592696043985926,0.07102419758922542,0.14545677999126563,0.09853824288031875,0.028337998417802202,0.009242032863252722
0.11927161221754488,0.2823132302989449,0.08097988043397504,0.06302030021277588,0.043812328157077286,0.08967770624178496,0.10097044944495953,0.10416733704159037,0.11578715595134718
0.09677168223557164,0.2115735062402825,0.09768511780432464,0.17585234742912523,0.03499999156448239,0.029960193206581675,0.14645704082787608,0.15583563096310857,0.05086448972864724
0.07101036211898344,0.21579941303661512,0.2050463466242419,0.05285135886762351,0.04731294561014441,0.270623277323238,0.06741443013219561,0.05677168919168368,0.013170177095274268
0.1257641796862493,0.15160353913257898,0.08530521922084111,0.014853699376172,0.07979952077650106,0.06524930008528732,0.08858829154709465,0.136529781740366,0.25230646843490956
0.08556028401626475,0.2771395560347097,0.09268890360766746,0.03587573567738735,0.09792403323586955,0.044247465281172904,0.12756790700016465,0.07822151095111911,0.16077460419564457
0.132618066793624,0.18158997759316398,0.11657673802933362,0.177414655838491,0.0941214625938222,0.06342101590312012,0.058783921591511835,0.08565025008593741,0.08982391157099583
0.12673701747853486,0.07690294435226655,0.16396169784376677,0.02141283450385496,0.03593948667294921,0.09396849178232096,0.36157003140102845,0.08783358176088203,0.031673914204396296
0.10616160298438976,0.09812383891816284,0.09764131603904609,0.03091339007440327,0.024138066525605614,0.19601509077606058,0.22527014539863188,0.05794300799995122,0.1637935412837487
0.13098508845838588,0.059499643622942654,0.14524183620124376,0.019835415841030338,0.14605064277154275,0.032214932121276164,0.020549199960349273,0.4101181138146838,0.03550512720854541
0.10164790364875491,0.061057253148746195,0.24132448877145274,0.031125504635668936,0.05027537425350379,0.3704878479568075,0.0647621919218002,0.03408467154995314,0.04523476411331261
0.10098868709861576,0.08531209769550653,0.0670172519934198,0.04803284205645248,0.12333720216147637,0.1462261276570596,0.06524390149546899,0.03526098516018075,0.3285809046818198
0.06139600843171906,0.024566805152122617,0.05565257177374406,0.09918588585171277,0.18216342260729643,0.017880386420631767,0.4147510641583542,0.13515199981982015,0.009251855784598993
0.06400831880243693,0.33215451670648094,0.03378856103866323,0.030862433923196333,0.012867990820145878,0.13824656700990823,0.3050253438855263,0.03690852313097581,0.046137744682666314
0.1057093428733596,0.08561887984040795,0.1380303309033851,0.017563604616720144,0.10118401694577678,0.0433215862963321,0.16474142806004038,0.08427966822398185,0.2595511422399961
0.15831366145709427,0.16179777216396787,0.2997238875869158,0.04131937849448838,0.023471195576797624,0.1442966531811896,0.06804611731900106,0.05595761258694257,0.04707372163360285
0.1372712576505298,0.1256267244805228,0.05494586234748964,0.0629554606237855,0.39489821165576755,0.03752229971399442,0.04948749693992138,0.10649681108884516,0.03079587549914369
0.07347639267857507,0.4648894570754481,0.11194066916395018,0.0033309895941572875,0.018973511448445477,0.03208824300262252,0.09403979045673687,0.10095926601183604,0.10030168056822848
0.10896598944706203,0.12503851740705638,0.15152972078571061,0.03555741921807212,0.2414218275944046,0.056270029701340846,0.10633132093747209,0.04945239132778664,0.12543278358109475
0.19722106265027775,0.25989223413230644,0.142268203323508,0.022387944792874332,0.06185050134393182,0.047067000620843104,0.09859424336267046,0.06709887913149616,0.10361993064209192
0.11667348168131197,0.25371312085843795,0.14729338367798026,0.02680066870811121,0.14596402988252039,0.08399313730675002,0.10154601266390668,0.04921169731632354,0.07480446790465801
0.16839219370904454,0.06539331704082589,0.1412034473547563,0.07120795534025294,0.145438388979271,0.03941060971349234,0.08883880507659676,0.24341703446558324,0.036698248320176874
0.10237639072497347,0.02647043345926993,0.08894493556810035,0.0255719607229834,0.08710994514620969,0.02434035654020548,0.08171585572601638,0.45043162744830595,0.11303849466393541
0.2134794476180041,0.11011614519980377,0.16522737760817063,0.061250179538405024,0.060668237168443294,0.042106299205760256,0.1472475390448448,0.15295960214793247,0.04694517246863559
0.1241909695767943,0.057566302595189245,0.1512348996866179,0.1275795674554364,0.0587231302843769,0.08506542508218835,0.2595118037829612,0.06571957405791545,0.07040832747852027
0.15413932578837694,0.16689496230623999,0.09957288720077252,0.03673730625816834,0.08891008938588364,0.05606584973214059,0.14190556821085634,0.20524803194143296,0.0505259791761287
0.08870965673548897,0.020634543498593633,0.06769844862083663,0.03977788245883917,0.06142608109226502,0.0717096454565454,0.5528965006408845,0.08186087731880233,0.015286364177744406
0.0892500997968398,0.1125806586636628,0.14749276479105294,0.02909464053292213,0.05236742595853868,0.039547061431099616,0.2806865949222667,0.08644730790179787,0.16253344600181951
0.09518305940049403,0.09382915489554117,0.06716218203486739,0.01809782546509091,0.09130155740708405,0.11433196833899283,0.10689600591125292,0.09070523944029225,0.32249300710638445
0.09656645609788284,0.04672982121279379,0.06716711527773134,0.04039269756858803,0.29579654832415175,0.028745469239823646,0.30594450224435815,0.09729444422141624,0.021362945813254236
0.12432015017713961,0.1094441672503037,0.23143801868603764,0.1937774785724747,0.028091210795704185,0.030592510628190375,0.22490135299265637,0.04526639668632639,0.012168714211167102
0.1604968744136116,0.2409737406837069,0.09862376796326551,0.043122407331430135,0.02941933055603192,0.08019652791510365,0.15227567492170724,0.10861836704262338,0.08627330917251967
0.10021382338893133,0.11872458318265121,0.06783213694010239,0.0124310549796187,0.33899169841886106,0.044929525786042014,0.0611423921364608,0.144896147678912,0.11083863748842042
0.10762390179572974,0.07486123510797525,0.08325999210423353,0.06452644588157772,0.07959670862269033,0.10455460259100403,0.19787719067399268,0.10554813516105215,0.18215178806174456
0.09626257816576521,0.0649574166936587,0.1182370932663463,0.1673141964979098,0.06999380037442338,0.29345611944531763,0.12769173908992623,0.023326026319596804,0.03876103014705585
0.10815989123688102,0.1373163630638499,0.10627098841848996,0.08030517293920195,0.11312390013596563,0.07430040760020969,0.16560728854793014,0.14672233763395365,0.06819365042351806
0.22778635733957256,0.021414056568667683,0.11085871843575357,0.00840753323382918,0.05996240369647532,0.011814313206251743,0.2866250061842535,0.03396798078447868,0.23916363055071768
0.10621102719021819,0.13430690952240731,0.2987304114387899,0.07073390033949055,0.16654135003973278,0.08534790704854635,0.029242969021569264,0.019168961581640363,0.0897165638176053
0.15317976341112574,0.08763669195643192,0.05932359168570481,0.06713160555760027,0.0638323015186303,0.16256421732748985,0.2812913576477888,0.06798021570438133,0.05706025519084701
0.04128445386031986,0.0593488711560898,0.18788761639276672,0.0016881708292521612,0.04296826374794591,0.41433511517588045,0.045459456895416285,0.02656434137442647,0.18046371056790242
0.23153107953272967,0.3255501273155148,0.23518810632682388,0.039877633619910154,0.02912010209558601,0.026461802612487994,0.042181500506835085,0.02545918420388878,0.04463046378622348
0.08460446870506266,0.2817711349812703,0.09763024231602029,0.1858392507070449,0.12624662884621432,0.09189927503873953,0.0755422244018052,0.042389532477388636,0.01407724252645425
0.07608896037381714,0.05295971251376327,0.06950534776649644,0.005957344607114362,0.03345436352616877,0.02984304535951371,0.10437395922434538,0.09206830715286024,0.5357489594759207
0.10775939960254821,0.06026810554167376,0.08626470962987548,0.16989254320403815,0.3227880063801862,0.06089749826669013,0.04382061413225452,0.02845006819123541,0.11985905505149819
