0.05850980526521803,0.1415157388422614,0.26344232102293874,0.030067389278297805,0.059069932443733215,0.3248931185436055,0.03841492470192705,0.013166081801994687,0.0709206881000235
0.039660996919122234,0.06272001100402352,0.052377307900712655,0.028511114818775652,0.04065191902245006,0.1522945507919122,0.04579141550953311,0.034759502770115754,0.5432331812633547
0.026270373939023664,0.2112538906040632,0.2719133327928861,0.05471957608405167,0.030933047843075684,0.2982723844257919,0.02744431154880719,0.01361762861411934,0.06557545414818126
0.1267180084586605,0.09001051976526608,0.14433971398514947,0.028179003024790747,0.05980635357995318,0.23273515996501967,0.07323020855549718,0.24136840799940393,0.0036126246662592097
0.05486778525175398,0.2133572681687466,0.24788200611122366,0.10027062467300081,0.07884142047529509,0.14813860855754626,0.0631789344892399,0.05489990016883541,0.038563452104358305
0.13745577293398895,0.0029918215803144154,0.06288925772075017,0.045420655667197045,0.018642937143756626,0.1449538094096797,0.06402018112445454,0.043419578410652505,0.48020598600920605
0.15390748253687117,0.1705269152912917,0.3208494745219739,0.01968842076014678,0.20318169709005898,0.06509272799169775,0.011725848261678573,0.039252219302482405,0.015775214243798772
0.049981868853951415,0.08675060120939566,0.04743777799094236,0.06900906345893777,0.05034284481407734,0.0890234249592602,0.05539851239755202,0.037905593444564685,0.5141503128713185
0.25676462206398243,0.07165117328311914,0.14430138823600283,0.08486607831425073,0.13233146516783115,0.09768463564514257,0.027359903306461143,0.04366974794484522,0.1413709860383647
0.12239537864147705,0.03077884261060707,0.12619131202181097,0.047035040397543186,0.033174587140410335,0.24894387119070924,0.08119781500701535,0.037157336117781666,0.2731258168726451
0.04383996379898317,0.245312144408206,0.15007184262242337,0.03136270025096044,0.09770781585884626,0.10071069521234453,0.03298236098397136,0.022016225933780026,0.27599625093048485
0.22600785874409465,0.03150626068585342,0.0816018043656732,0.34653636531171284,0.04133735284216144,0.05625306558804855,0.03544228860306723,0.050553327083022466,0.13076167677636616
0.08373579064397481,0.07545814735664134,0.33711435362912634,0.05364416329071978,0.21859006179108578,0.09273796377939604,0.03829498505168532,0.02764601863125683,0.07277851582611376
0.4127587694903207,0.01266064169631507,0.05851298401061778,0.02980419081904635,0.018293462378155496,0.13889513097370046,0.09171450906665728,0.12942267479707484,0.10793763676811197
0.25734047781006125,0.007652334319743867,0.23441947925262954,0.0037870916703287394,0.0045632475571803395,0.024421403240697147,0.15489179276689666,0.3113305609378258,0.0015936124446367184
0.25906686323814154,0.04298522422344098,0.03599585692146268,0.030065156286963796,0.08224088490977192,0.3105999445905125,0.08442698360303368,0.10877048174130194,0.04584860448537095
0.12657506736892596,0.03724040946650881,0.41120081823758897,0.14573203084644668,0.00723020636545581,0.06842388953580651,0.043799583232705684,0.058944863564213856,0.10085313138234771
0.03448178080666022,0.36588191811835974,0.10740680309318329,0.07836402530802591,0.06257672320514164,0.03514001475066204,0.07427410152609214,0.01619366463518826,0.2256809685566867
0.21735384236818747,0.0021256622793606335,0.038655405096205166,0.4336974580186448,0.015817494691673838,0.10423803152802459,0.04676603891676661,0.07315866757607882,0.06818739952505798
0.15956857777142838,0.020527813044129904,0.09595333107432609,0.08278968509711929,0.02054789798492084,0.37973406578348357,0.090057270980148,0.04771875901329837,0.10310259925114547
0.14993455610137815,0.06749565915595411,0.17414191451337446,0.06964649188595484,0.3019547006601772,0.044892779834065484,0.020476534255698068,0.025606679159089023,0.1458506844343087
0.06129767575594632,0.10756083160102815,0.0393844421137385,0.13380263759601183,0.06346477985787058,0.18155987866482656,0.07607761423324154,0.050747394145828684,0.2861047460315078
0.03546094476872292,0.2195013519009198,0.03206399438144687,0.16107238374902869,0.04401018663315001,0.27196166998879595,0.07028553937027217,0.053219835706186325,0.11242409350147727
0.0528751873563583,0.104654808177706,0.16442125399920848,0.07474522147558971,0.24468318664482866,0.11177845858904716,0.02553635492738184,0.03271020051598594,0.18859532831389395
0.078594124414217,0.017350097008830723,0.05993061746025199,0.2765328582024121,0.011824938982582947,0.29292249468590575,0.07828974553886776,0.02431366225434001,0.1602414614525917
0.12863069095235638,0.0026205105155659783,0.04308939063894876,0.2790261265621559,0.027582677051893545,0.1993905249018119,0.03609927939541158,0.028819627518791635,0.2547411724630643
0.060385066313371906,0.04508659280836769,0.06578776926861223,0.08018241572535988,0.022834681513492525,0.321297706103239,0.0598229822011579,0.03913806186058633,0.3054647242058126
0.435494954245443,0.006804541503603412,0.058320637063819465,0.03400079809326075,0.05605118731778808,0.11601298682869675,0.08605095417712261,0.1824699495852495,0.024793991185016368
0.12115097416969717,0.2783833704829888,0.3172171337374652,0.01777258341058275,0.07185874866153717,0.11409900998286987,0.028259335551985676,0.02883977465402701,0.022419069348846465
0.07101409183024902,0.1350675166517261,0.22390233248556804,0.13059863402258942,0.08436318908217794,0.09309117274103135,0.06530730789992388,0.014125249597245168,0.18253050568948906
0.114282593274508,0.0997196112568463,0.13094737691576167,0.028059967837043776,0.20910465736060932,0.11920731666278954,0.052641044542193365,0.05841061703058561,0.18762681511966248
0.2903585463296376,0.0268780700561763,0.06576616449557224,0.05844721334537056,0.059476975127318,0.1971318738948228,0.08186702580842388,0.1829289416474508,0.037145189295227775
0.21027140943931108,0.058856902339503386,0.31267686096252406,0.03128546118090961,0.1410165491433046,0.18338527737506913,0.024877016992013126,0.013372915809067765,0.024257606758297176
0.28796683989332555,0.005408159767691789,0.04049834091581825,0.14724744966767334,0.031922935511023924,0.13315161442998158,0.04578382750312237,0.04850949917961206,0.2595113331317512
0.06045376587481879,0.277762858884306,0.1044616359520919,0.12112223750860218,0.054099068578809965,0.08263190005638679,0.11195240035306764,0.027304580400822977,0.16021155239109372
0.10976877289512806,0.031147261047002963,0.0638349679658169,0.18327158244938876,0.03200181025955462,0.14253116046577521,0.06190729537899362,0.025812983586248926,0.34972416595209094
0.109808086342633,0.06817829308611505,0.04522520821845325,0.19767275032777398,0.06200147130557728,0.22867180577514404,0.06549551913331807,0.05256616340599119,0.17038070240499414
0.3307692033258463,0.39871603480364887,0.0050961950627794,0.02752738111365718,0.07883960814225287,0.049171926944898935,0.06089641802068255,0.036114494219192265,0.012868738367041591
0.23287946904892168,0.0005814229604884426,0.1079126096718227,0.13109883026143923,0.005945078721089934,0.12690650618813493,0.03763284638631739,0.09964145247123983,0.25740178429054583
0.03482581212130916,0.5524089857378223,0.01600325736529586,0.04484508911161477,0.1899467979167794,0.0485480749002678,0.044298917115511684,0.03237158812211015,0.036751477609288964
0.21204191869697495,0.005542587435887786,0.11528927244471297,0.07533845895618528,0.015140905545803612,0.10796397031921513,0.09756866037005414,0.2699764593438472,0.10113776688731906
0.04011388483430715,0.1245517602592265,0.30391916935222096,0.01767263814003597,0.32572268571688195,0.037642392088629545,0.054882945299870756,0.013766476732470145,0.08172804757635707
0.07114996748730083,0.09924454425163738,0.07057821380022423,0.03530311366630252,0.04584839979955718,0.15469627518817738,0.03968584347875963,0.03280383902848318,0.45068980329955766
0.2084733085569858,0.01887950607201525,0.03219285751578529,0.023550898190266466,0.03392029396314151,0.22503610486730416,0.025953372406959357,0.0743840373308482,0.357609621096694
0.1266369584580984,0.330424520693738,0.0936783485761427,0.03427719421144782,0.14686985373232583,0.0427436129693877,0.04083966032748764,0.024064371547310004,0.1604654794840619
0.15138969637262764,0.19343569231629276,0.20688846815809583,0.07895963965622398,0.09141779499269546,0.120599533231162,0.044025382031723855,0.018295650560380485,0.09498814268079796
0.1231923016753,0.02264706107871801,0.05711789785660809,0.1934101295052116,0.04983615662398804,0.22952783160871015,0.1043765512022672,0.05051470954051193,0.16937736090868494
0.14957746489729198,0.20750240709044085,0.23758613500206108,0.04897864418457937,0.16303446378583067,0.05232844643855147,0.02171311606697465,0.0169181624799248,0.10236116005434515
0.07668239305165304,0.03250940090991256,0.03733716813651638,0.09276854039815213,0.05387306742635214,0.06843700684110687,0.069287997770742,0.08030420049513122,0.48880022497043357
0.44456375213430976,0.02191439616531345,0.04268146869575168,0.08299435197931358,0.04602156582863711,0.027744197669456447,0.08683202393249877,0.02586528014104596,0.22138296345367334
0.14290269169857817,0.09623380959467638,0.26530517112404767,0.07996897463570692,0.07227301025688819,0.19641655137389216,0.023965304491624092,0.04699804008666858,0.07593644673791772
0.0932862728568455,0.03710678567983383,0.04407625066887331,0.15265257498748347,0.05341713313383994,0.15978144963323815,0.057971492530080805,0.0336291226778032,0.36807891783200186
0.35061409020550033,0.12538847916506482,0.0300327389616403,0.08276770861926151,0.0318655126845321,0.04376728101295385,0.07906097720577075,0.029684971075494088,0.2268182410697823
0.055852337000859044,0.061940203645978346,0.026864511298300375,0.09816906033689476,0.034631637732615024,0.14735908383555738,0.04723914605639643,0.07003810529535523,0.4579059147980434
0.02027631388150997,0.5440514210051309,0.008353892270615754,0.072861944389106,0.08461130499698104,0.0948022335410267,0.07078313717331436,0.07878680263219257,0.025472950110122614
0.2959367646502042,0.03872311353582691,0.044861316786200346,0.10987753850725547,0.030109145910280122,0.03923517852881296,0.09489771918451582,0.13020677525178645,0.21615244764511768
0.08593383755952588,0.03182628941585381,0.12027461317661627,0.3527020066050784,0.014686644665092757,0.14210159038062267,0.055387691196121754,0.02707402700849365,0.1700132999925947
0.09338060183390695,0.005190326161104077,0.02797841558767991,0.04478831304037625,0.021598304846650002,0.3133504523714683,0.06273029479646026,0.025758576428564744,0.40522471493378953
0.09654049503996574,0.5300669943712225,0.01882433720512381,0.0713508405475738,0.0594264005371107,0.1039902891703114,0.03308704060084846,0.07853039901774293,0.008183203510100627
0.2612455302538927,0.12042310395957863,0.11535324270074383,0.15935858861640312,0.12670116115943714,0.07089680223585298,0.028778815409332147,0.012771558001457914,0.10447119766330153
0.04179708941153757,0.04162663784690246,0.0183811496485158,0.04039815337019247,0.0484096862101547,0.2569633176936595,0.05923130941763156,0.06845643277823851,0.4247362236231675
0.09639736166924029,0.16062993694996164,0.3426638741589736,0.016950159335993,0.09212164041888297,0.15916871817490558,0.03487017241099743,0.021668790284072443,0.0755293465969732
0.0781560352676668,0.35987651147978816,0.09938107881111069,0.02961161900429747,0.013614440790768739,0.2447940479331325,0.027290564940492066,0.11955756557479448,0.027718136197949095
0.038298582408313714,0.2714454108170919,0.03168596068666652,0.22278993010151585,0.014801988377228348,0.22093357550883344,0.029712729861499757,0.10907784497574881,0.06125397726310169
0.32928082966004646,0.18047155937521278,0.06497528823107586,0.08372748228709938,0.008871671888928344,0.04522392121337171,0.027716618297266196,0.1545979738899611,0.10513465515703808
0.09556880557030513,0.011243075431516017,0.04046766120980235,0.20774987968466938,0.0314572220755557,0.3512306319935319,0.06390014681598638,0.11988911122188657,0.07849346599674656
0.03308476130845932,0.04524117053940969,0.03191703898755701,0.029214348419546805,0.04724383270555097,0.17286524635184183,0.040050665938065215,0.04762573819580943,0.5527571975537597
0.2734240113186808,0.22877787195556495,0.14690386789726415,0.0757186201975602,0.02341976747249544,0.051239178820483566,0.012643220434820022,0.18063677921693522,0.007236682686195646
0.06490561710195915,0.11765369218399487,0.0543332595119432,0.04646661808001883,0.040869569211750424,0.2895614288251276,0.053431435825999456,0.03787664518965465,0.29490173406955184
0.21833225797403932,0.2926103879737442,0.030431372150300534,0.2917808916421998,0.06154170859456764,0.025757213948443203,0.04531986057792065,0.021372802574968625,0.01285350456381614
0.44589153191060643,0.09071331759927326,0.03967622712188834,0.04041351768384988,0.04594015559738876,0.2516183972757365,0.01294279722083541,0.02504514354091905,0.04775891204950241
0.12698610562035484,0.00478999277807839,0.049705526610792534,0.055052979814388676,0.024525594364032843,0.18316883438382572,0.06496696208925773,0.11647252342034399,0.3743314809189253
0.0492061254810963,0.04231699304121645,0.05123430594791619,0.1303223174985624,0.052315590964605085,0.3051773068823144,0.06926152295309972,0.03386820594303339,0.2662976312881559
0.07390022155945468,0.03243572392486151,0.06114334733223431,0.10972121711122695,0.06578530651401475,0.14035417007027465,0.11369875221125848,0.040555415760805374,0.36240584551586935
0.28268817151280207,0.32593237885748805,0.20205512227537192,0.009716948277679816,0.04555525067889862,0.054282700650435944,0.024927782341783344,0.021072599616597715,0.03376904578894248
0.2872392929779368,0.02552183162966681,0.03632167092635385,0.08874641157091802,0.015711580015229685,0.30794133912289684,0.07328653172873954,0.12415953415230126,0.041071807875957184
0.10037912873782824,0.2900703313674175,0.2485959930445937,0.016940477612339824,0.11697952774821008,0.09753357182334166,0.02945564074135824,0.053112060768101134,0.046933268156809614
0.2431873061086919,0.02564840544065329,0.20803854128682686,0.027835771417664346,0.16459387490564667,0.020314249370705972,0.029700506443026565,0.23545784804075764,0.04522349698602665
0.1232751276445591,0.00897465006227841,0.11682604964658817,0.23792923632634075,0.013088878943376042,0.27055398585945095,0.07109185305279268,0.050438215205438765,0.10782200325917514
0.21420443148346155,0.2018158864583369,0.2713729363276441,0.030204480827668367,0.1194647301362987,0.05481557234518384,0.03468730576670456,0.033852862438552976,0.03958179421614914
0.1886372272411451,0.12245613148086831,0.11120965424164697,0.004950491820584483,0.07641000408165985,0.3540145203852576,0.03563088411288521,0.08786086997396497,0.01883021666198759
0.1051054553850171,0.035716851272580896,0.11402159633929076,0.0583182200114509,0.01207897500446215,0.4478454907184088,0.0678712406224138,0.03337819520641678,0.12566397543995886
0.42198185017457296,0.011108591660087307,0.045612671440948216,0.015107806840788404,0.02258492322051013,0.2727537649845126,0.10634168859194637,0.043388334692692786,0.061120368393941193
0.06227626780018266,0.014815063111349225,0.048252941988909455,0.08642291615403451,0.026005236672853954,0.22590059921125594,0.04380184891752234,0.04148630102985373,0.4510388251140382
0.12068667256759537,0.37801266271059236,0.1320883614738051,0.026716757046055126,0.045002532194179025,0.11957192879380867,0.030752956832964213,0.1311559683594863,0.01601216002151383
0.18440335038956068,0.22838512984915402,0.3100188408727594,0.1512841711567626,0.021452951226305386,0.05628915214334828,0.026475446906043407,0.00848400122069276,0.013206956235373527
0.3223052835213886,0.028784742066193813,0.05741780867431587,0.08431202905534003,0.0287729634255528,0.20829074151886204,0.13593718230381024,0.02388300967545053,0.11029623975908603
0.28511820782792735,0.21077635344146084,0.1427934797080772,0.132506520410652,0.09991332307204455,0.03946641318460669,0.02608625144850936,0.04499996903792672,0.01833948186879523
0.10703691109684611,0.03010585667533996,0.053749411213998226,0.03929904307572699,0.03007232447050094,0.32964603013283106,0.08277074720562029,0.017984228844343017,0.3093354472847934
0.13075220600891832,0.08889560290028575,0.36185075110682274,0.026884793188789908,0.1793627116088616,0.13409949511737854,0.024637780103575087,0.015565611696564697,0.03795104826880331
0.45133022918289845,0.030642965214723063,0.036391167051262226,0.16669565718628773,0.02207477725893459,0.05260518777956067,0.11033264702146495,0.03671363923276767,0.09321373007210065
0.08615234015311353,0.024916764426643385,0.091880346387914,0.21022169750899003,0.09117406449246167,0.3504359752953971,0.06714205480521802,0.03846323569832301,0.039613521231939224
0.0475706778260922,0.015828727697255567,0.03460043438074539,0.058719839161863886,0.05059149665719789,0.1564941103623961,0.04263877106144116,0.05010075378207466,0.543455189070933
0.49850835907217855,0.0029188957565931747,0.04081428723300976,0.013235310458588173,0.05458384874614656,0.13317666893197663,0.07215056791367802,0.03888655761673953,0.14572550427108968
0.18211154036221686,0.046634784902603615,0.06797163552344754,0.12184531399008301,0.04024005507659176,0.28785774828885097,0.11625849001163545,0.05422286228808302,0.08285756955648775
0.3882275452245528,0.005974954435922763,0.0652014752490027,0.09277093399324743,0.018449002566578034,0.05284409134777798,0.0863764403204542,0.05351823727401922,0.2366373195884448
0.0477899771392541,0.038269462416385784,0.12067057343488523,0.3754209544782037,0.03449145431931962,0.13906220834278094,0.05597180013372275,0.05254955454054274,0.1357740151949052
0.154004230080059,0.005776494916151047,0.2804891455213278,0.048985342824396205,0.0267718822100219,0.23487704100531892,0.03990436963941827,0.12830716505845313,0.08088432874485373
0.04965618775815241,0.06726146147729417,0.06978274752871923,0.031150050508142842,0.08861913930608727,0.15583757741755966,0.03956129550463511,0.02848471120511109,0.4696468292942983
0.060678726330948174,0.0849687936462844,0.06980863247620238,0.3596241982321618,0.04985276994759467,0.10617048871413261,0.09506543177333916,0.07601975487606598,0.09781120400327081
0.05543449062324809,0.5661228553547252,0.06912831790146336,0.06224164157262449,0.05588563755056225,0.03322713547169396,0.07434239726285248,0.04522937599368957,0.03838814826914067
0.1522822971255409,0.2095056072489463,0.08027502312636432,0.07288100596437133,0.0269005976370409,0.11538677226156276,0.057324493992342525,0.24001374716701,0.04543045547682103
0.1856106219071477,0.031570708700444094,0.0795809876949462,0.222289898773399,0.03383688700810807,0.10153270840532873,0.07887370082062306,0.04802567796364845,0.21867880872635467
0.21073302604412217,0.39432051044775857,0.11571359444440478,0.032609820253912916,0.029294345730861412,0.018925831426785247,0.08741798763706277,0.04739586078640348,0.06358902322868859
0.11371373383063565,0.27306685571199657,0.08164222307532727,0.140998961747818,0.017193120969248896,0.1580205836233989,0.06411383354571508,0.03737701855784135,0.11387366893801824
0.32253784428436966,0.038764139629673046,0.09500954986109907,0.00637979743402356,0.03994644696373923,0.022187366074788568,0.3552869140422376,0.11398051938905977,0.0059074223210095166
0.025194788001736954,0.06325913246273569,0.1620421349622014,0.011759599960777049,0.026366400073297987,0.45135000642052386,0.09991886898209418,0.1021985519440634,0.057910517192569504
0.05841257013381834,0.1957807064965232,0.0467406796587937,0.12006684574725979,0.05657995112107306,0.14919649911027197,0.10904073292254261,0.03575610728385304,0.2284259075258643
0.038327154201419245,0.003883875657133428,0.04580196424203036,0.16005623572034344,0.03057267941701221,0.1876558208546463,0.034557713057299745,0.03750991795706464,0.4616346388930506
0.6776827320577216,0.05456731810215689,0.055344300850988036,0.04128953740689011,0.009345554966530839,0.0839439294391879,0.026311416884659312,0.029236546454428986,0.022278663837436225
0.14081857488023763,0.2487434713097061,0.2205562491174078,0.07379166353254102,0.10391686177791466,0.05839801359936659,0.0877355555021992,0.03312814378305864,0.03291146649756831
0.31648920596462066,0.2735252813545008,0.12444678381392933,0.02465548278600466,0.03159092340036344,0.055087742833152424,0.13123154849959293,0.03808724748713374,0.004885783860702019
0.044935006468512145,0.11672771426471877,0.052479827697079255,0.1349740606081451,0.07590062916811001,0.2395938321668889,0.12296941010648392,0.04118017309416024,0.17123934642590166
0.060991548155158955,0.02346296875678401,0.052235781826475834,0.10226918697689562,0.04210665830069743,0.20879267889638367,0.03922221432445744,0.03131903113668912,0.4395999316264579
0.08015138844611783,0.2895971953509149,0.16141159231457,0.07666243084374828,0.07761869991509898,0.23200108221686588,0.018472438911446277,0.014550895079287562,0.049534276921950275
0.39232254597812116,0.0006706555384450807,0.05205948832851968,0.16421309265192097,0.01709233293786229,0.19246887695764767,0.05575293247250493,0.09329338167045775,0.03212669346452053
0.1409881236042991,0.12484990543243775,0.22412635811731993,0.1276872039330161,0.1561493227674185,0.016368358649454212,0.008870483193820744,0.012175807800181604,0.1887844365020521
0.04500315197565372,0.2900447358953137,0.045271477617383156,0.07260834917627784,0.015047012188027523,0.31513979750305426,0.04061996673952101,0.14243359342599557,0.03383191547877321
0.02748777843832041,0.21910143662771508,0.03807722925391594,0.03556821479533121,0.03850420862942325,0.28185006399715967,0.07402733763063331,0.030743456122861678,0.2546402745046395
0.27198268342747056,0.03252023897018254,0.06131215879784258,0.01682824269141582,0.027755542551823328,0.2901911989626216,0.10338774897137659,0.06523912919111773,0.13078305643614926
0.22429549426840703,0.09191520690244102,0.038847794752449316,0.19081825306834097,0.05260704745195139,0.05181289174574496,0.050843923609280056,0.19172644773847658,0.1071329404629086
0.1967111505632204,0.009925554879754727,0.07741727121234321,0.09417742022108931,0.026916641264726038,0.09384984652811923,0.08045692796007774,0.03676421825038482,0.38378096912028453
0.046438963371736176,0.13669012122278792,0.08642850681501309,0.03121883371911113,0.04992048972607654,0.13607209263161277,0.02941312355234273,0.0356671344316217,0.44815073452969795
0.3564779897626442,0.04353796477010583,0.07424797145811107,0.042007019609601355,0.019284853358877554,0.1369113190884039,0.16251028964232941,0.14210337169338746,0.0229192206165391
0.030395388223766414,0.23223005438058686,0.09469381667259032,0.011382816308344984,0.2621208101339782,0.08384856795802942,0.02861893189964528,0.011300287468710412,0.2454093269543481
0.03914927301373332,0.3837097925003421,0.04161274939044699,0.23591893659022511,0.03827802422926718,0.1530445450985797,0.0650004902810419,0.026538827023316964,0.01674736187304667
0.147994130247316,0.009716017861660441,0.11357784280021889,0.485904734323848,0.017806591952367768,0.07678323446564828,0.03753789576106523,0.03943907065689195,0.07124048193098347
0.06959334840446281,0.25800261776110495,0.18664302135532906,0.023611760051349216,0.04399562444060615,0.21982574784824763,0.02212186260610104,0.06662624124439002,0.10957977628840916
0.36629549286787455,0.014668777140356581,0.054677970895676796,0.0721108786778456,0.05007822340268222,0.07922539316552023,0.11295842249447362,0.0659623604295975,0.18402248092597287
0.3233722709827906,0.010639700919898262,0.06916228480739844,0.04502180307317589,0.01352236785850096,0.24701851447932657,0.11558493459702912,0.06867036772058306,0.107007755561297
0.06684718020999686,0.15249755315609634,0.026938810319173983,0.06611706323885795,0.04611463608865027,0.045225640395169575,0.05783848031034775,0.033772558415476155,0.5046480778662311
0.1737636209580702,0.033189147361414074,0.38572562822576967,0.02438655957891631,0.2117845042494845,0.02961283386057816,0.013107306270345504,0.06404554589915616,0.06438485359626535
0.18631592189542956,0.16147271239892558,0.1798150087542896,0.15660704726325295,0.14434073281082516,0.03874777787885041,0.06716356738841261,0.03851859350977601,0.027018638100238145
0.10353283801052843,0.06608519550150986,0.179698196081595,0.03122708251882302,0.0995718654824782,0.040253528102835355,0.061638705016813934,0.05223019177095451,0.36576239751446166
0.1476291324222491,0.08499752981194396,0.1348638034579541,0.23744378918663064,0.03774150507604536,0.19597574116236793,0.059961132313112266,0.0606421042712856,0.04074526229841105
0.13063998382648798,0.09446928943884665,0.3241983528902257,0.04479087349811404,0.24059569002742545,0.030576563676993133,0.021461976579241537,0.09628950437789958,0.016977765684765864
0.06095862268615667,0.20627998810383788,0.15420877963715057,0.24670333862476368,0.03257692603865305,0.14275682704858733,0.054523715917862516,0.03361789109080921,0.06837391085217905
0.13123732370434107,0.4235277215097472,0.12165635476838792,0.023259866871900903,0.0479796102608625,0.033229296578943655,0.060398244113502426,0.02213008907179133,0.13658149312052292
0.038419144639602394,0.07137111050076483,0.06811164948121563,0.19623799450955418,0.02827347209508708,0.1508774186717534,0.042183324415923186,0.032674126254967635,0.3718517594311317
0.06495637008624479,0.11799278153323851,0.07489148341380986,0.20112768781674695,0.040679905948023655,0.19310249191236253,0.14089301309205354,0.05385063987809352,0.11250562631942669
0.1748822100827037,0.00032894633595949855,0.03968981194933502,0.07589176587178988,0.018056773477956006,0.2580524188318405,0.09711143534737621,0.2050232704281826,0.13096336767485656
0.17524469732539724,0.03687721919772218,0.07378842382589453,0.17438858399635407,0.046441731904783144,0.14101730009149727,0.036155061201545324,0.036689883363256924,0.27939709909354943
0.14379564364258343,0.10784853946515204,0.1190657061538266,0.051171334126330625,0.07454864186021985,0.20896976363225317,0.059932672131400765,0.13235032932698446,0.10231736966124916
0.21059384458950725,0.04487141789010388,0.37649251489207364,0.016401652128959523,0.1552573631912312,0.11664722987460922,0.016282800674575357,0.020246639021919945,0.0432065377370201
0.3564779897626442,0.04353796477010583,0.07424797145811107,0.042007019609601355,0.019284853358877554,0.1369113190884039,0.16251028964232941,0.14210337169338746,0.0229192206165391
0.31752068009942963,0.03916055409582307,0.03781193090021934,0.026429076411718776,0.0280635293390126,0.2115906471543132,0.10195923240757117,0.09574950042214492,0.14171484916976732
0.31964424510536177,0.09797041779648667,0.05394044624348541,0.12919302070781566,0.022184073564240386,0.236907111511005,0.04619834449676776,0.02640882281950507,0.06755351775533225
0.16693794846355314,0.07632615488133289,0.37211437868811403,0.11506383743327532,0.11235587276132693,0.028855497927073107,0.01834987986947888,0.017537320715679042,0.0924591092601667
0.1358504996431058,0.03133383368598538,0.05804537967743078,0.06304980357667829,0.04840354727479646,0.31939799370864724,0.13447005291726188,0.0727608913271177,0.13668799818897653
0.3882275452245528,0.005974954435922763,0.0652014752490027,0.09277093399324743,0.018449002566578034,0.05284409134777798,0.0863764403204542,0.05351823727401922,0.2366373195884448
0.0845714559472122,0.01259963662334239,0.3114619447316795,0.2300918818425118,0.012683359081877251,0.18426556025800864,0.06325722400402838,0.04626583133877302,0.05480310617256686
0.2004251331636863,0.021545826248487426,0.04859295924642601,0.1345070044330802,0.019717878776497184,0.27809804699400104,0.03698556944226083,0.11707643461023742,0.14305114708532365
0.13556522964245168,0.36410223093881317,0.21499217511037103,0.02064139961639755,0.09089537210896903,0.022606479582259642,0.04489089649967489,0.011885235397130328,0.09442098110393275
0.15157690749203415,0.2553257816657117,0.12997031839404125,0.1343743593144057,0.19032461809095888,0.031002578478086545,0.02752896925103095,0.016049374121964458,0.06384709319176649
0.19404146998665064,0.12772253475203613,0.33662835776806305,0.06996794110067284,0.0823698506010332,0.052894650096716726,0.039794765127819744,0.02532384325581739,0.07125658731119026
0.22590538899329235,0.03495392571392786,0.0675997414521095,0.3036555591236946,0.026161568581117692,0.2359791923437291,0.050251359472252434,0.0369232083735568,0.018570055946319698
0.09306155229341939,0.15388877896429157,0.1874726448635521,0.07694723804497536,0.11028551621042426,0.1095123573299287,0.07483374959028993,0.036809622613127445,0.1571885400899912
0.6405601152575605,0.020665278423391612,0.03748114472081838,0.034993702525565086,0.01646994340888581,0.08379522419088666,0.08515116992521223,0.0485200001167338,0.03236342143094589
0.028699996153231943,0.2812003370600439,0.045484558446471535,0.18781490793408362,0.019872270840218993,0.04110707790506921,0.018092563814537988,0.3708647989805411,0.0068634888658018365
0.12389052613711839,0.0493050184454639,0.4271347659789175,0.06761829098011936,0.14156264212644126,0.13509607935203402,0.011225993847283539,0.02050749900840709,0.02365918412421504
0.07436280154912005,0.023076761552861837,0.06134289008395308,0.12381444342948822,0.031120498023397596,0.18984187989283632,0.09656255382336498,0.04616431551850997,0.35371385612646805
0.31754869766915417,0.05707157707540006,0.0538191616227899,0.05940806127340784,0.02762745594856977,0.06136106138017439,0.22067574672175003,0.1912538446821983,0.011234393626555568
0.061544860758465346,0.062497365899658486,0.03634441214869297,0.06507022517207224,0.026367944813204005,0.1656570245488103,0.07386549020278109,0.03482886096192514,0.4738238154943904
0.07721048987913734,0.13656771703752493,0.2044088351876229,0.021596606412845897,0.17485149321966972,0.14958677101201776,0.02276931715983006,0.016436225881050454,0.19657254421030093
0.2146926443013344,0.08886966905954252,0.14976772971106825,0.0568705029155401,0.1865622514449011,0.024122408528197085,0.018750523844801217,0.048951199792980425,0.2114130704016349
0.06443875965375058,0.344845316837826,0.048667068682807596,0.12127584856202034,0.029345627718834148,0.11722495712070137,0.07730274164103966,0.025540789141840617,0.17135889064117962
0.3063710785760581,0.0010721147105443969,0.03333383783744164,0.22046579994445278,0.01879526216570959,0.1352665082994892,0.022966428142282724,0.04798780098951416,0.21374116933450737
0.16223376895889666,0.06920532567269909,0.03388456886147572,0.26746549888448756,0.0229705652042901,0.17111138786598634,0.040344167832867144,0.17964211835742475,0.05314259836187255
0.04761953776424655,0.01751529369312438,0.03979879291834828,0.29124597347501596,0.03802646899401541,0.16269347900064676,0.05609622167690272,0.0314956699936017,0.3155085624840983
0.26712339810540736,0.20413041868167178,0.03224688980850939,0.1097104631622376,0.027933383483456076,0.07076674413369759,0.0732969965191537,0.02830955373116555,0.18648215237470092
0.02553933280485487,0.25220432700034523,0.045976341770251165,0.04056509200304794,0.052763591668608854,0.25195671202884373,0.14296744726719213,0.030474914130221287,0.15755224132663476
0.2528646419217937,0.056226091763178686,0.07962802134524177,0.11289263074891132,0.02511683332518012,0.05446165664844793,0.09201900404590398,0.016574928914607167,0.31021619128673533
0.38941016637190407,0.0024827917686369924,0.06312686703084909,0.1961271501283056,0.0111410624250628,0.10906811323509584,0.06181985586061745,0.06049709801465725,0.10632689516487087
0.2487214496381418,0.024921538727791983,0.20627156941122352,0.02767756527238056,0.1656985283428547,0.020198296335972487,0.029278491134842304,0.2358105478883895,0.04142201324840319
0.23459755413954328,0.00334136588453294,0.06271343178822063,0.24329395424754427,0.03204126228296011,0.0803489241971455,0.0655023482317194,0.07336356467256998,0.20479759455576393
0.2358969386563767,0.00577818915837024,0.0569738005105471,0.17154768015709757,0.01841978037457086,0.0670855532212112,0.13737433462426363,0.1207038147622051,0.18621990853535766
0.030955669594965554,0.1797692592771619,0.33600471581339514,0.19043452055141544,0.11781444723808253,0.07586585375867343,0.011607738210691767,0.009510879156757168,0.048036916398857155
0.3343998431618867,0.0013798484468534125,0.041466338530852805,0.17208181297422762,0.0206564758621321,0.05752785647166292,0.07944415298400952,0.16163153530832086,0.1314121362600541
0.06666982289765398,0.0315935079815542,0.03677032354530518,0.031166569168757766,0.043560186180475295,0.19663443588572413,0.04348016679974057,0.03022402530552214,0.5199009622352668
0.18873075630605687,0.2442375278976424,0.2058409041049414,0.14901142833928996,0.055998769578097914,0.058635472789179806,0.015030478748972537,0.0058308201417039485,0.07668384209411512
0.040781247505860284,0.4257957781838981,0.16756114163385163,0.15922644765099517,0.05442917889276233,0.0456803457854571,0.03744612224475414,0.018641899293279123,0.05043783880914223
0.36073413837665974,0.01169595304712403,0.04723512396070731,0.0911102659786463,0.009349887989364732,0.10490661558229523,0.15369891456759058,0.15052061454861984,0.07074848594899238
0.09304185802161292,0.17694292720308816,0.06148257632812693,0.11490236628634846,0.16873856977991566,0.0652691362839057,0.0700022361851625,0.04069999700221106,0.20892033290962866
0.02567441314445294,0.1613389542804423,0.1361338401545857,0.19196030577566262,0.02727113016811647,0.16446850911721397,0.12886705773120302,0.047756231729213304,0.11652955789910961
0.07443072569393228,0.11886713727215976,0.05925350207098904,0.08170989026887986,0.1083665433777311,0.3799763829702156,0.06386008613217918,0.04522327828448209,0.0683124539294311
0.15251778749200415,0.03056772304048948,0.02628384998274184,0.08189210598771005,0.055213812414768415,0.3775597488027131,0.02278440319946326,0.13290590068534777,0.12027466839476193
0.09788350296971234,0.3308218523009317,0.06479049619401388,0.047870865540672596,0.0697546396828476,0.1516419475900119,0.07382685436640801,0.10059877853530963,0.06281106282009229
0.15452510940554517,0.07438241127347862,0.07084137404724054,0.012110547712872623,0.133305481074831,0.3801539392840607,0.04471251627757933,0.08095887897158945,0.049009741952802575
0.5236298513228003,0.01193997288907677,0.05019010619664784,0.17526996911038775,0.016384109579181568,0.056093053020852324,0.08924521932303013,0.025369827359064793,0.05187789119895861
0.03457334379305246,0.26474804255262185,0.19423599710346484,0.0975934827157988,0.0359188310205134,0.24439324442170948,0.0424463063351232,0.012376056076625017,0.073714695981091
0.14198599270928974,0.07972574878600554,0.38067509101354774,0.09791899610842099,0.1368234652360107,0.031832762421659146,0.035034409828984564,0.017949592516168077,0.0780539413799135
0.032488806658282916,0.46964496389658716,0.17222034084524393,0.09183498702520326,0.03459808508505788,0.07818394401100538,0.06729220003295998,0.016425392981646744,0.03731127946401273
0.2002835085720801,0.019959882709069142,0.11336265399905167,0.054879237134949334,0.07316558581916562,0.21307967940407702,0.03390185035996395,0.20856840336922308,0.08279919863241998
0.06300443800683819,0.05078335057847746,0.11989985241970674,0.09238940296719071,0.029131421997268512,0.2556375763604777,0.06541689285031875,0.029330449327113456,0.29440661549260844
0.04781073104063278,0.027577045039991675,0.03281425601525357,0.05257293286503564,0.039003697557295824,0.17730476692074237,0.037331264736611226,0.028602838101297257,0.5569824677231396
0.058059281508402304,0.1389814926068419,0.28462892026652553,0.02691354720208462,0.26317181478361984,0.10722456248040309,0.030796944785601733,0.035081468829697336,0.05514196753682369
0.16962819847515706,0.042232156758499985,0.24254978955045844,0.05766594410247633,0.2000267011687117,0.02448480217600676,0.025498291747152516,0.01317606137476765,0.22473805464676955
0.4763063225502966,0.007707611006313403,0.061412292733232905,0.015974387116861714,0.04605588097859306,0.026156036592783993,0.04874620519091186,0.013439122113491938,0.30420214171751453
0.2840736911704975,0.020867889043446847,0.07143932051960467,0.17724014943567526,0.016549860296815558,0.05637160673260553,0.032496725587539535,0.05782652571478301,0.28313423149903205
0.11270737524312584,0.3076674738192154,0.024105894552298626,0.044037564040269456,0.0715179917025466,0.10273748199999148,0.08058635397705503,0.022649500682620654,0.23399036398287695
0.2846768271432405,0.33368785809487517,0.14734729638136188,0.04596391974105032,0.056973583565101626,0.02118815403688218,0.06261517038619306,0.035218101399638865,0.012329089251656407
0.2040284515442252,0.0037787133777374715,0.0642240057837345,0.09329610259263015,0.02095668275104214,0.06652737215321647,0.07896861224215364,0.11866498244625945,0.34955507710900086
0.2234098317488357,0.39543283506036647,0.1078959825850454,0.04893556795763004,0.0038146649587370318,0.05709955720028559,0.08994806154730094,0.03659343084140156,0.0368700681003972
0.030530071797268826,0.08614637810541702,0.03381761096026468,0.06811774437074951,0.042079577900515024,0.1965949840919694,0.048607164004396276,0.03702588832044824,0.457080580448971
0.5074338171804078,0.02283182295204717,0.03411550856144042,0.047694963793420427,0.01807650593078945,0.11485906782324858,0.06831414455359221,0.06045513133826608,0.12621903786678776
0.049981868853951415,0.08675060120939566,0.04743777799094236,0.06900906345893777,0.05034284481407734,0.0890234249592602,0.05539851239755202,0.037905593444564685,0.5141503128713185
0.08981596859816286,0.13613661711934535,0.34539520659233197,0.029038823396244366,0.13535944276986053,0.08070640783987419,0.029342875111349073,0.011254486128688276,0.14295017244414351
0.04017170230958226,0.2757615137558648,0.3167390309787623,0.09608486142669308,0.05304169078187234,0.08917165572954411,0.03794985699164452,0.01438496859318758,0.07669471943284906
0.04417663085799404,0.0473431929291607,0.07244279460052874,0.13021392151639563,0.02802967641297314,0.23332989269593227,0.05409715757658228,0.02355691329088111,0.36680982011955215
0.2812706486779298,0.019108616737768692,0.0756686950007882,0.026228927535916744,0.06779913228108572,0.16588593261522402,0.04920843917052744,0.23162970222151916,0.08319990575924019
0.15639106903591846,0.19086585168570283,0.1282775998411648,0.05830840712919347,0.2013757949355055,0.028967803842565268,0.031156916494130407,0.039470783971542904,0.16518577306427643
0.07783306087971197,0.05557270384129437,0.06870093602200138,0.21815082597963795,0.040343875993746975,0.2716985290481037,0.09854650578425572,0.12111409992146599,0.04803946252978194
0.08916470460453979,0.07042186056604023,0.061434206798072495,0.314777056132157,0.05058743471215337,0.18075695667340663,0.05878259887322537,0.044651303546623534,0.1294238780937817
0.11221494778355405,0.06687889752742415,0.03933834485153705,0.16060149089344758,0.022092179037804402,0.19877030719162456,0.05305187026853218,0.07077032311400287,0.2762816393320732
0.30173822209636225,0.09123624673430923,0.18314049494320875,0.023093607712020053,0.08900098660289935,0.02003322742018034,0.046344249422161386,0.22741222033255412,0.01800074473630444
0.04123245889427651,0.035338874961108775,0.05692123545712505,0.20672434409005716,0.025454111359483552,0.14234887857004339,0.05149127834144896,0.0679931525360699,0.3724956657903867
0.19302980982575568,0.009371545624899467,0.09172993587777956,0.2754446558691634,0.022967009505835755,0.045294619297290846,0.07868553752896618,0.02652737953533851,0.2569495069349706
0.06255127502722273,0.07214484162042101,0.18755422827655818,0.16680431599664172,0.07154858843722293,0.1759688178884191,0.0589188935526322,0.025694425458724076,0.178814613742158
0.09105027631502699,0.011656315528700131,0.028803008823142958,0.11539775705228456,0.03631301869463946,0.15284964298251874,0.02835457172902958,0.059753183073728615,0.47582222580092903
0.04105122838412302,0.15489681419014847,0.22475714446272907,0.13647925911708267,0.03045009448337487,0.28655921800578404,0.04287731165139575,0.012459383647572271,0.07046954605778975
