0.06999145288314661,0.07634866170544095,0.2128877566665486,0.05495448295392379,0.15764388028258244,0.09491599608852029,0.16496193943753865,0.14115593360167744,0.027139896380621156
0.02065510056744185,0.027215285130119587,0.35075823775059756,0.024509076593513604,0.23085433415475798,0.09558515715512546,0.11623677729946245,0.06213431851452561,0.0720517128344559
0.06681800996360698,0.05311387797375964,0.057180830725979216,0.1521307608676107,0.21532564268427432,0.077844029531961,0.1535635702093021,0.1467492582746831,0.07727401976882294
0.021055705964911714,0.0578625550562547,0.21639202394016768,0.04492980198646712,0.21749502891496156,0.15000490774966865,0.10758949203887576,0.1431219397217172,0.04154854462697571
0.012487071756258065,0.023885615428749545,0.438054432221892,0.005534584625077894,0.0841964021937014,0.16353417009880974,0.06202577120362409,0.2081225639330493,0.0021593885388379386
0.01746523398818401,0.17665684282374552,0.29402502545907894,0.01889158114689633,0.21468110838444807,0.065234906768203,0.1218456678632926,0.06033129510208705,0.030868338464064417
0.012165967532423798,0.4254042199591936,0.12567057756665323,0.13198834293476944,0.1503588526411829,0.026291210703334053,0.06536779891455609,0.052814267043758654,0.00993876270412833
0.057985151105851694,0.05828500435012383,0.17126865514542874,0.0947537079248062,0.2390203266215352,0.060478582174824214,0.15288107376315427,0.07692623881680777,0.08840126009746806
0.03963631389775219,0.16164325118130804,0.23907746411812436,0.032684025130605567,0.02865205431892089,0.05418296867575297,0.10165584701938934,0.061067730467787705,0.281400345190359
0.044873611915460056,0.0838433159508975,0.08338924463608756,0.07663103525898841,0.22387933242933533,0.1614040289993979,0.144988813822951,0.08031050469809058,0.10068011228879165
0.02180703351918083,0.0414079411086929,0.1837011859609198,0.0388513634735623,0.15649237377587555,0.09202420209500206,0.09298160423197228,0.05531299301861232,0.3174213028161819
0.023829809738000512,0.04743947717049355,0.33751699758064135,0.15815250887077148,0.07614383511517632,0.17356411492733756,0.1335560435332541,0.03749540696992549,0.012301806094399544
0.014255953618226269,0.06546974311490077,0.21394558777249204,0.040458445529257196,0.22304850837688908,0.10426428102466383,0.11740742269746762,0.07373354683826203,0.14741651102784115
0.0034897119580619557,0.29912412429053764,0.14173286959180412,0.11111809178851133,0.2304756830179615,0.05310157965219869,0.06854937996325648,0.0520780198871627,0.0403305398505056
0.02850370047995102,0.11264870438633116,0.3799249817867599,0.08076081710548236,0.07111956917322952,0.06804713653900439,0.10148263948850604,0.0880246138112351,0.06948783722950053
0.0071498520121897014,0.36995420698248155,0.1633230252155647,0.1714011790035673,0.10013445010907161,0.05767311767548486,0.06220420874995767,0.06575206985828765,0.0024078903933950403
0.061838657263482755,0.06437715869161272,0.12587759031815685,0.06963235111059278,0.15829645231334355,0.17296544218104914,0.15655450241216218,0.09444269292583031,0.09601515278376975
0.029739393143627193,0.06838620957010144,0.12897367669244222,0.10501335801886286,0.1380699762772433,0.1618802071450772,0.1661414397485194,0.13205976142074302,0.06973597798338325
0.010960426678038785,0.04739368436671947,0.0248048561288695,0.0493057969517423,0.2301223093046171,0.1907811193355814,0.09437507267021228,0.18921979031714575,0.16303694424707335
0.03105628860109001,0.09058349053489012,0.14296244512350256,0.09226618155122342,0.04932574430980612,0.1330492815142678,0.17772638473871694,0.13848454964121273,0.14454563398529033
0.003458055570114636,0.0036714243791904732,0.1823094214220159,0.06401050548009211,0.05130119116489274,0.132303533473992,0.06269019242668182,0.23603211334266672,0.2642235627403536
0.022127844170542577,0.021904885493590296,0.3770695723397686,0.018972171758849337,0.11506946164839738,0.1340174858401512,0.12784662769146612,0.07018157793069009,0.11281037312654435
0.056665344162738,0.1477754488355948,0.2114232008223759,0.05548657809430293,0.0742918201616997,0.12281599215902561,0.1777473506385975,0.0971837729078923,0.05661049221777317
0.016385629422830974,0.02479026076156612,0.32147202543118114,0.022130034128512444,0.2807093828372744,0.08763732602178291,0.10943060771719237,0.07188627632624656,0.06555845735341308
0.03427503536762361,0.04775956821645761,0.27108698328068737,0.05325144145443874,0.19559546982172119,0.10458388782152585,0.13456920480032009,0.04904137834677097,0.10983703089045456
0.020188849990455726,0.43878121644896284,0.11826373811760499,0.12746025278376652,0.1265008382008242,0.02083285961463909,0.09908611047001259,0.04381803804542265,0.005068096328311269
0.34680304104337695,0.061701534958967075,0.039937332258922965,0.0743480935867588,0.17396648597296704,0.0636956554811555,0.11249663607839377,0.06682495430777811,0.06022626631167972
0.06371142439265458,0.02396399852359571,0.20807071374413433,0.061663925979597335,0.16934354119964548,0.1697910802448824,0.14465140802276266,0.13112561034102752,0.02767829755170002
0.009651033055807457,0.1250415194907899,0.07379404489335142,0.049919967388852765,0.1374293175307275,0.30826821204076466,0.1480162675710768,0.059892167640980924,0.08798747038764852
0.008891406654237786,0.04160965446337355,0.3885326119437251,0.020396864017243905,0.13236972567023664,0.06270379260116977,0.09882057804966576,0.04489325976196368,0.20178210683838374
0.011603399684875665,0.04763872561112367,0.083755961200694,0.04240721686341187,0.518897779159521,0.056930818508712754,0.10083648414969583,0.06753292876755046,0.07039668605441476
0.013883803955139579,0.06724953446714495,0.3526223290228752,0.0175296416458048,0.21276121597904704,0.050742128327809825,0.09113019960746101,0.07630952849983146,0.11777161849488614
0.03605264907212472,0.03377636638541887,0.12147439040706169,0.05570492134178819,0.1083466580117811,0.1944068065533049,0.1565099938379316,0.08324469901323296,0.21048351537735602
0.010769977123779135,0.050257603061012956,0.02595231734828261,0.15153204723356398,0.4917432739927963,0.0673395359475481,0.09638100680312521,0.08095016992206965,0.0250740685678221
0.2940084163923174,0.05135753696753992,0.1720605750821522,0.03692490729994727,0.10219512012569217,0.028846626463291735,0.12986757419568076,0.13179716544598008,0.05294207802739855
0.019329571887194596,0.08254779939135982,0.11784163621296921,0.05053824659971267,0.23851620355570038,0.11234488658067583,0.15432433060548045,0.09136642493675896,0.13319090023014804
0.09226824534835117,0.10865416001341861,0.15095782818043849,0.09586687725840526,0.21144364477938563,0.055530214763996756,0.14169467234710423,0.09291739592839476,0.050666961380505
0.005989887720698839,0.0847706996657464,0.37831758044861413,0.01783666838785311,0.1094007863798158,0.12845174754699623,0.07697820779247762,0.16297465830404323,0.03527976375375468
0.013764856331981656,0.2391687608103348,0.1382970279843545,0.18008747229876618,0.1278803960126138,0.06492953258163603,0.11817042137765037,0.09974606139981235,0.017955471202850216
0.10146973992708115,0.023916728512419643,0.13115992445635755,0.07803821867483317,0.16552651219089543,0.12021886906322395,0.14588527101215965,0.12163650863040526,0.11214822753262423
0.017471100611545037,0.025090931872568823,0.05478552562083189,0.09468099342593589,0.2973588796859658,0.09546253684557411,0.2354543265750435,0.09132353767365997,0.08837216768887496
0.071516544446679,0.023904078980110096,0.3504189401653411,0.027586606595017493,0.11594669232150097,0.1224143893236415,0.13784455808999155,0.09045937216744145,0.05990881791027683
0.02100141887543416,0.010945471928232503,0.2339402871493063,0.06266237434399209,0.03595448464631685,0.11590761155347508,0.08799840890169491,0.4060406742632421,0.025549268338306053
0.056681759284651,0.06890683176516105,0.0396616899315183,0.055982872413790685,0.1579142408973319,0.04386268793217967,0.06438678510191351,0.04802915222674983,0.464573980446704
0.016654506044507928,0.03473749487190881,0.2846001903346748,0.040442193335350284,0.11012657987969743,0.11544595891055494,0.10505746292770901,0.24256090491915802,0.05037470877643869
0.03396946079294267,0.03864276099193938,0.2867461539363721,0.03598475566320932,0.270725531388448,0.04719029164647448,0.10374234959417267,0.1458588712234931,0.03713982476294831
0.00955901055587158,0.08860725947560721,0.07584337745875412,0.03834275436911218,0.1429636115920313,0.0868700532741399,0.2040037234085422,0.13779056015863708,0.21601964970730433
0.007075616022638706,0.15865700446659645,0.06867137392822352,0.05125754123197196,0.16293361954579375,0.10387319650726305,0.13217728693953235,0.1154494737877401,0.19990488757024014
0.017863012406009262,0.020065555281046036,0.13748872318869385,0.08585998839343034,0.13202936376559646,0.17012370683474917,0.09212830234871983,0.2185073927636371,0.12593395501811797
0.0430379898953445,0.0449791354273422,0.24224684149537154,0.0966015858245416,0.13046622397053378,0.04937805006532663,0.0901329804512212,0.21581191609767236,0.0873452767726462
0.01876864378365185,0.049902426906044066,0.10915597851249485,0.10005416414004938,0.4589114874737692,0.05139976190547996,0.1377409030208425,0.055796804034494996,0.01826983022317326
0.01312996770928012,0.0751729170773385,0.42259054253422557,0.0248449203816592,0.09680184551136566,0.0658094306954038,0.09424740485533785,0.15521225216807322,0.05219071906731615
0.009419239871435033,0.23809257900080194,0.2090829758621869,0.047335057063495355,0.18024685756317912,0.04958851629519159,0.079483544438363,0.15781296036325934,0.028938269542087797
0.3588821248611546,0.059586561545364104,0.10719457441831315,0.04297660653071673,0.049185387283280334,0.07344726216544724,0.12239823430685291,0.059738416044420706,0.12659083284445025
0.016424599755441267,0.024582640732841363,0.13951363885935764,0.041060045780070845,0.22311251054419345,0.17871384844916785,0.18222094102791606,0.0899310363751694,0.10444073847584207
0.08463495885198596,0.0756199850680372,0.08946942081599803,0.12125871697018124,0.08451791987779284,0.15228891991408205,0.19954636461640232,0.0931072619266141,0.09955645195890624
0.31948131007851904,0.029973813219633272,0.19173900623146864,0.022636632791435393,0.16963744624559254,0.023428158909180652,0.058637215553419365,0.14392702169155305,0.040539395279198025
0.5115408106387968,0.028481917353731054,0.16986496338426219,0.019549502876510402,0.060268700005148196,0.026430884778358702,0.11772435479892984,0.052364833328660376,0.013774032835602428
0.005253999585201993,0.009940651528243171,0.24009956386605755,0.06459102079315183,0.10947208076546622,0.06954684960916534,0.10155035392680654,0.29814665303249854,0.10139882689340886
0.0769257326329906,0.08909065775600845,0.1300743930838201,0.05940119729828378,0.031019771972669852,0.2135693616942522,0.1184118978420362,0.04987893250296003,0.23162805521697874
0.023638044588084644,0.03991602083348198,0.1817607499017404,0.06605058967096535,0.04912346654864219,0.14264457705569425,0.11913273139836549,0.11458052195730752,0.26315329804571824
0.01648097536015898,0.13898596880708908,0.05834230227736995,0.10229435541734709,0.22905327021248353,0.051045782880240885,0.11621265139412074,0.060141257707130684,0.227443435944059
0.026451854211696338,0.08467029237538737,0.2692356075861259,0.02814672659893921,0.13907839838144687,0.1371919259486555,0.15990955056149828,0.06338071587545523,0.09193492846079536
0.010790995482721425,0.03040474342716752,0.28611558658653014,0.04034998150088237,0.11971453649402662,0.23601738084534288,0.10600902325348709,0.09227516345628649,0.0783225889535555
0.03607083655779148,0.05619175126681878,0.13330753417932528,0.03915571700569232,0.19200859446763585,0.10865258509311475,0.15130553098955016,0.15533458790161983,0.1279728625384516
0.013640146326569286,0.04405030621028628,0.32521372323922443,0.04581329593905827,0.1740847863569396,0.06230964486819573,0.15493880441482386,0.12595389163298745,0.053995401011915224
0.012650381174436837,0.03444938362791179,0.06554974115204569,0.09532307902756663,0.5439593775517937,0.030902231333481616,0.0942593311019602,0.09336944893709091,0.029537026093712702
0.02563897133164623,0.031063038097969675,0.2678600521692358,0.02152262581494842,0.16951877621607822,0.14181862989794097,0.1346926396173541,0.05812190125213276,0.14976336560269382
0.008303241295977459,0.056436834942129414,0.20902076964396277,0.025739338233608466,0.4241074320309894,0.07357881204766929,0.08867850117012464,0.08921934839031857,0.024915722245220054
0.340582171546619,0.148356374441577,0.04931747840737929,0.06888657769884532,0.06894729629355144,0.08821670922576251,0.12060398506674169,0.08856440482100085,0.026525002498522854
0.059764029341121544,0.08613859164128686,0.036472260972912555,0.06832344044448624,0.09989764014412651,0.1211375890841601,0.08044352176629961,0.06497531711614095,0.3828476094894655
0.007113842343129972,0.006215753682338762,0.07495124079496064,0.1793379600972512,0.0880192919933913,0.1380006684647428,0.08379009677384751,0.386996775425093,0.035574370425244875
0.014571339859483263,0.0674137826469339,0.1925449049576616,0.0636592339191385,0.3550870436942167,0.048427836921694334,0.1126076467217736,0.10815577225344432,0.03753243902565381
0.016921477245603864,0.04072606909930366,0.3233631869193078,0.021268010622099192,0.1151170336189138,0.16222305311219476,0.10813124098220228,0.15979659718820494,0.052453331212169545
0.13966685873058426,0.20582799061090476,0.1700883071323155,0.05027865744424092,0.10853859085982198,0.07121744576162431,0.09528878595361878,0.09388034397160698,0.06521301953528254
0.029812898359599802,0.023985951787307003,0.3035463329085693,0.03862122131768268,0.13534591317533626,0.07745054037580867,0.08298771371107642,0.25322991234626635,0.05501951601835351
0.01648645112437006,0.01227349176315682,0.0385610632967483,0.21547633098656915,0.3906014810865039,0.05800247923820853,0.0771632618337701,0.18042479104764916,0.011010649623023913
0.0018442697592156382,0.01662043511400285,0.08236328706984712,0.1704964126473004,0.09862137249106333,0.1807995276890257,0.08787691196999202,0.34446727145129047,0.016910511808262533
0.045931990799171867,0.0437224278211911,0.26512630377114693,0.04813229722007143,0.14182452279862948,0.1151577331988663,0.17671175767341676,0.08156256948976653,0.0818303972277396
0.04470551983542303,0.06605404881363915,0.2494755383552596,0.11408851635313015,0.09797026214623049,0.05919343285074973,0.11264344975898762,0.18721172266483874,0.06865750922174152
0.03464343147946961,0.08223376658014027,0.24312393340559277,0.08156079423536412,0.13050659097981757,0.20497280962055808,0.10698862548479939,0.04549190333487357,0.07047814487938454
0.02752647903150902,0.017223485238062743,0.1042323460254407,0.02404947864509104,0.12991373674917853,0.14763518900042844,0.09659258475787673,0.05466387155732208,0.3981628289950907
0.005159781037078585,0.08095776781295015,0.05471380424136544,0.058221440092044024,0.19331459309962853,0.16774780877265238,0.08030594523281252,0.21225558643975215,0.14732327327171624
0.0794554371233225,0.0371655735180639,0.12483139469897371,0.1333731096899555,0.20258061462964586,0.12130629623713214,0.1690674273099899,0.06881313780559793,0.06340700898731859
0.025089072436389654,0.004683387209894819,0.11336985420004358,0.12378489357327682,0.07524535752377841,0.22224913832469162,0.11003435694755803,0.3067634127601139,0.018780527024253164
0.004734894035163842,0.00931881445706747,0.24994596081426135,0.027693758622529208,0.47608917777594373,0.05810726438474808,0.07188202610592458,0.06255863630843896,0.039669467495922824
0.020310594321401487,0.08299121201658893,0.30444495789623255,0.06950243861026394,0.14249428653188992,0.07947235822988202,0.12990478524371185,0.12718948576086886,0.04368988138916041
0.03731088581466581,0.06375389296288594,0.1455995460059876,0.023937927035198304,0.3794184713078356,0.11983753806755933,0.11748529869732076,0.060194305828690474,0.05246213427985622
0.02680536252464169,0.11002072574189854,0.21238413320728644,0.06714302461832615,0.11884862421115072,0.14296014282514,0.1576135310681963,0.060617992669083326,0.1036064631342768
0.018625970441953726,0.030842397623935883,0.11100513431620244,0.1308658472343709,0.2775770809244485,0.07204047593868616,0.13296223269424254,0.16862088076385304,0.05745998006230683
0.0032276838204678433,0.42210465009950077,0.14218398241931926,0.1072665614944277,0.1456863430308597,0.03274977927500875,0.054748431427019156,0.08148586670061503,0.010546701732781778
0.009037521792348584,0.04474527684953263,0.16672349143451326,0.04579925764126643,0.12112751187299726,0.0745046171994327,0.32309403760825134,0.1639016907855433,0.051066594816114474
0.023003663190314456,0.04766162383835266,0.35155493206705374,0.07226916737003254,0.10060020375019285,0.13215620167579786,0.15179681089100258,0.05207096431616196,0.06888643290109127
0.026376698732493303,0.148490527026762,0.26404943318241053,0.0354834457747893,0.060991314882977044,0.128434229072243,0.11602599330470796,0.09326318431749675,0.12688517370612015
0.006413217424486038,0.03906514553877095,0.15315465564236233,0.025256334447352966,0.2524372937805095,0.14553161258458672,0.08439314593690016,0.05522233765815326,0.23852625698687804
0.01175001885444288,0.03183925631419629,0.21004672229223262,0.03442824915882862,0.45410832099027115,0.09983854673761487,0.08910643185468371,0.035390897898216166,0.03349155589951371
0.027172367563254845,0.04963838210516453,0.44621672748600577,0.02437475793168824,0.15515793192969216,0.09937980662543903,0.12407525570026678,0.041622671075271477,0.032362099583217306
0.040594507198893695,0.008837572603703563,0.3747387285762576,0.02121234142843012,0.17907380767128542,0.028041115966605298,0.10449550706301484,0.12020518832460232,0.12280123116720713
0.007504836754208808,0.14267107646916788,0.17358812904328538,0.23877104920636963,0.07317715117486612,0.15169542844148035,0.1361765822515165,0.05938093669422812,0.017034809964877315
0.0364851036677798,0.12431265721184069,0.18891788503952903,0.07085582912042378,0.10066188937905413,0.11240036016379347,0.1722844837342712,0.08563311155225035,0.10844868013105745
0.009507819653435641,0.03648754967805453,0.11217090916756596,0.06642937223998142,0.45304224269617105,0.07291050713504847,0.11299516424873073,0.12163325883694538,0.014823176344066801
0.0384842531732372,0.06955221624361009,0.22712861035000068,0.038281384357676945,0.1410796477405285,0.05656569820931077,0.25704463847492565,0.10019413999546482,0.07166941145524533
0.09939302091160702,0.04024427406861187,0.11809703718858411,0.144966769901376,0.20125514606602213,0.05934576104234695,0.15527067868550656,0.1269664734059846,0.05446083872996078
0.02127436551752027,0.05313693436306042,0.4240321525558537,0.023539595337185876,0.0344830940186298,0.132912228677298,0.11120830643550743,0.04993673616887404,0.14947658692607044
0.041130098862005665,0.056189546892572405,0.15078295125384897,0.2255056434268278,0.3045136567135553,0.04944444655766001,0.09942010683793802,0.059323817655234735,0.013689731800357095
0.0055423315994062305,0.004191292470092271,0.28618384113207285,0.10397142788763813,0.08653645292904195,0.13061007266237093,0.06966940003375365,0.2977671089903545,0.015528072295269568
0.012774579155128295,0.3894327525578892,0.09625916174508801,0.14590972741961947,0.1683169421919296,0.02437586237673367,0.0678717933950213,0.09147806582249744,0.0035811153360930706
0.013104734410906543,0.02260266397139536,0.36334062187596367,0.05365350334593467,0.06942356750516526,0.1454604556820502,0.13114942137660715,0.14604262332560633,0.05522240850637076
0.009160800607976336,0.04521549401607852,0.21728482048618014,0.08855577283318876,0.05435947892876495,0.223302141802877,0.11278260203031798,0.24066090496166748,0.008677984332948814
0.039763791055493734,0.044041018580083115,0.09139417482641299,0.055111852311372354,0.07593057094665413,0.08366391305287503,0.1565015349672027,0.12789009947101534,0.3257030447888906
0.03995678721751105,0.16056879300547558,0.24592467764100026,0.09446733265374012,0.06778168949958054,0.07555491440315852,0.08923152027893294,0.18810128879324006,0.038412996507360915
0.034019209900061756,0.0308778673077346,0.037346276392596495,0.11205060320318559,0.11736254118895377,0.21443446795392052,0.15627282896641084,0.18834942428292234,0.10928678080421401
0.02020925455935528,0.018169357688798318,0.20193744644701805,0.03780409872626921,0.2292102765322432,0.1540619392027835,0.11800527905024986,0.08115349593273817,0.13944885186054443
0.006128924789668253,0.15533015885381296,0.2634055084007735,0.05869887048986869,0.18128045161369247,0.06575081659846381,0.06536025498304276,0.1974274251040191,0.006617589166658524
0.014230840446107612,0.1573188750399769,0.12234494164495169,0.15451641376704814,0.22960967813557434,0.0731682879911341,0.12451521447064325,0.0797666909402402,0.044529057564323925
0.13951530025592973,0.044052468056182244,0.05420380127411436,0.13104654386644185,0.11563598236383504,0.10432210543545158,0.13717107725052144,0.1765011847933087,0.09755153670421497
0.010427068280304022,0.043565524533885645,0.14835595555738107,0.02407531827638198,0.4396483089405647,0.0945430523291334,0.11771868179046036,0.07472845217154812,0.0469376381203408
0.009789288997993821,0.014110789315776117,0.25061738222274305,0.04165022296612156,0.4745361687071763,0.06575764119162843,0.07176408391476456,0.05196151150123707,0.0198129111825591
0.031092297529401274,0.030543699562021336,0.20002119548611888,0.019427545875036065,0.30533539636249163,0.12334024383880889,0.1293288861056182,0.0936793040996899,0.06723143114081391
0.01128486284213749,0.031071902326705442,0.3081740127647978,0.011238595097079465,0.3184551946351312,0.10165907431997644,0.0846781943668703,0.042866683383281,0.09057148026402084
0.0045287422274882735,0.09661368971143629,0.39061435126802535,0.010875764881861897,0.2059992634136875,0.06924137655495428,0.09351883216387223,0.023641340491185377,0.10496663928748878
0.03635755184438583,0.050285149814593866,0.019300576270404598,0.1771737336471643,0.29390285085136575,0.08031448503628504,0.12337766046609933,0.0867898292462161,0.13249816282348512
0.14031166121110492,0.05091241454921197,0.32616878113719694,0.04595553982282835,0.04807337231014525,0.037503164402648746,0.14535756735723349,0.1983258286579398,0.007391670551690491
0.02207766181355079,0.1015644465687086,0.4225006892041716,0.023388913923257565,0.11518875224058146,0.09133353891093815,0.10676457322448425,0.06562017944697472,0.05156124466733292
0.013056585821112297,0.13712761031626888,0.26565718620207296,0.02218719094383659,0.3212817617194841,0.039932574023323515,0.08586275099306402,0.044416626432428906,0.07047771354840868
0.02300623379817837,0.16110535377499674,0.22184319692116647,0.10162396336465891,0.05266574230117447,0.09439146679499107,0.08582145993673114,0.24437322667219877,0.015169356435904002
0.007440613393619962,0.00622877971206676,0.12191692076116305,0.10102090109062105,0.199014769185848,0.13911652496505914,0.08630670270203154,0.2769447915004698,0.062009996689120654
0.11995150965660223,0.06445878506678078,0.057219943346629394,0.19073125944397584,0.1256563590495913,0.08887031202758959,0.13624141063169212,0.09111983619971153,0.12575058457742716
0.006345658325426152,0.06149598027387493,0.13926792101626462,0.015703224125700663,0.5422235917651598,0.07261617735523586,0.0804174457472716,0.03713519086054545,0.044794810530520875
0.010684550318481187,0.12367759012477701,0.3106701100150239,0.01746880870847448,0.26047238514217397,0.05988966652838155,0.09331981314557138,0.03734286310784724,0.08647421290926927
0.03834670005799112,0.06218869613913397,0.29948663526370384,0.08184703329568774,0.06936910222591185,0.23221227102463857,0.1381116207310318,0.046356185032311654,0.0320817562295895
0.053050413600220246,0.0824460347546392,0.17420043259509946,0.07337085365646583,0.1897693942783133,0.08927233562551419,0.11391748180133394,0.13589115615177527,0.08808189753663853
0.025731408892543887,0.01154984610454947,0.2795915709179377,0.03371000751670102,0.09437749727803857,0.10760216312463429,0.087051847377555,0.27644977553857425,0.08393588324946588
0.02532344927561316,0.06434899397076371,0.14122815543397332,0.04642638242580843,0.22328786308749948,0.11721649549487252,0.15334130875738725,0.10513999154174865,0.12368736001233342
0.03292685848458518,0.08122119396959936,0.3743249318267603,0.034771752434686366,0.17651975600885916,0.10608336710343332,0.09858667815483964,0.04412642166256078,0.05143904035467591
0.02377959183743082,0.09805051646427192,0.025440521412968434,0.09058665496309103,0.16725737788502412,0.14841297694503,0.1161896114227073,0.11222368752530533,0.21805906154417107
0.043494607555852105,0.017301005712427577,0.14415394218324357,0.03454541467044279,0.030221308526357068,0.05712486979276928,0.13560204253079905,0.28126258540650617,0.25629422362160237
0.003274091054465933,0.1729843887056529,0.2552993796324409,0.012839012217058627,0.11145120116833555,0.15306332977736636,0.12869221994055022,0.133517329682292,0.028879047821837468
0.07504218899148977,0.03707601252789953,0.17583180184643546,0.09863371398749075,0.18541106421189643,0.08091354815018341,0.13530058216168908,0.11476036020366413,0.0970307279192514
0.037303350346890876,0.03628109081916032,0.06438760878639788,0.09764639560330285,0.5451723119021318,0.057427097802266534,0.07830953618398942,0.05074074498112732,0.032731863574732935
0.03664040322040126,0.02624954436060543,0.34855397024242446,0.07460907848944491,0.05992756660308748,0.0767435396834796,0.12466034673143163,0.177487117465733,0.07512843320339226
0.05265861941478672,0.03867505723455394,0.100983947219089,0.04643311575248659,0.39870739161537744,0.1001834434374026,0.11313141532372768,0.09267717221518858,0.056549837787387446
0.026082483777587987,0.028525474513478654,0.3456422673058645,0.02201414073381552,0.19517860344190407,0.0683135239876782,0.08484328371145515,0.2247993265230681,0.004600896005147846
0.008773380501898034,0.08835879969580207,0.22755722774896892,0.00869266922346377,0.380011913931126,0.12660089376878136,0.10839343500662897,0.03740816199244281,0.014203518130888099
0.006969679583255205,0.027299364982208887,0.3667135769314565,0.03244349482159703,0.033496602447313846,0.08218795627984697,0.10601491565647314,0.23667074843828098,0.1082036608595675
0.02459714736885828,0.12245849729987303,0.3265024138436962,0.08872501971899581,0.09250210790312476,0.08063215552408377,0.11463165181224687,0.11237953971961305,0.03757146680950815
0.026630494967880503,0.02770381099845887,0.3300977318914146,0.05975873295708712,0.14389245062533387,0.059156805277556006,0.12174556566189766,0.10102763182050027,0.12998677579987108
0.03954778533787073,0.05167966450640793,0.10181587591011769,0.06778822296747768,0.054275980767813266,0.11360533837358185,0.21300432108642864,0.0933818481392474,0.2649009629110548
0.020620422188846195,0.40502192879611615,0.11046143952134989,0.09228806692348845,0.07729349945306292,0.09470097589274386,0.10497417434510681,0.0827086703204644,0.01193082255882129
0.060387050440584115,0.041089846546102725,0.29619475551383606,0.07462037315162492,0.032655567772434536,0.16103596645220256,0.11306088581765665,0.06298974089188633,0.15796581341367202
0.021493415029313057,0.023949966394532143,0.2442151676856814,0.03163921514249165,0.36490571708417613,0.0703647658999586,0.10388134286486654,0.061881231135787494,0.07766917876319292
0.013059635775140209,0.34719039154408066,0.096598703371079,0.1664283306410553,0.20108246719750553,0.03276527608144442,0.07623033774916017,0.06156603794035004,0.005078819700184629
0.05700835058172404,0.009844459989115205,0.33940753831590736,0.04314076852352756,0.055368993408246414,0.154294112544831,0.1381980794966093,0.2007725948691541,0.001965102270884993
0.009255884836058803,0.05216393761161801,0.1299718055977579,0.035381649996648036,0.4845219547734138,0.08792961596833443,0.10195478181665878,0.08290613775462764,0.01591423164488268
0.012304926652424738,0.3714918280864712,0.2491549109441067,0.11821909372352259,0.06654540765831658,0.030383716286743318,0.0812376947018093,0.060963220645125264,0.009699201301480354
0.004808411737596993,0.01634304322557271,0.0892143341803563,0.15020636972770093,0.34678448676349927,0.05720654943635068,0.0772049024537275,0.24211862450743196,0.01611327796776372
0.05938304568854,0.1270579892527047,0.10462669117388516,0.10295889360518469,0.08868302056803841,0.07101101265644526,0.18578177816557098,0.10501085464466553,0.15548671424496519
0.004870940183307806,0.06985907421299008,0.24941802460509313,0.017863371803811607,0.45534090072485095,0.058666112314816464,0.0741341082851885,0.043460780871323136,0.026386686998618278
0.042771045652030625,0.09509001249417277,0.2660458835669267,0.09360664360887894,0.06371658754962568,0.07195278957545785,0.09069163870301249,0.24159437775284434,0.03453102109705058
0.16315341473004233,0.013599182173625329,0.29068209060305356,0.02998812906830185,0.05051140323320643,0.015802478133123445,0.3068585362135599,0.10676644033035813,0.02263832551472891
0.024031003485892145,0.018619733048420233,0.28386457794832765,0.039905012039504154,0.337766711557778,0.0497495487865821,0.07725226836997467,0.15496356027568625,0.013847584487834757
0.04271353370969897,0.05636634598655927,0.14976839204091164,0.06355900378259743,0.13083100676636342,0.09971293027979522,0.11462030802238425,0.18896549829332968,0.15346298111836013
0.02290405731200708,0.026793229929132283,0.07030614845017709,0.06000377617501349,0.11417608140019779,0.13580573729099046,0.1396379145433696,0.0572981802488867,0.3730748746502255
0.19625734315219354,0.12351353546587134,0.08800352303331993,0.03772489863097218,0.2726007404270318,0.10219785862532627,0.13009510521947157,0.02561092867489254,0.023996066770920848
0.4122845062386629,0.032574864775881895,0.13223397365620077,0.0983280475023434,0.043081354684484575,0.05046182692884199,0.1253823132093578,0.08410336543650908,0.02154974756771763
0.08873080503572221,0.03694021203185483,0.23082398606276386,0.07251400121901158,0.11907007312876151,0.15524076303973783,0.1229095580557002,0.08564672454837864,0.08812387687806938
0.030727809651372517,0.055626197782611984,0.0419829610399673,0.19657581479582045,0.1620049009879799,0.19788031664307107,0.1321986425088403,0.13338733207705222,0.04961602451328426
0.03359639516133576,0.01868705343378581,0.07624367531233031,0.09179379374376906,0.5012133250965332,0.045059758346308314,0.11597392731528773,0.057527857809541276,0.05990421378110864
0.010749117385456556,0.05607557474189399,0.1538488691443699,0.028979572958574184,0.4624304481793826,0.10727418016696376,0.10925489517370247,0.04941283294258997,0.021974509307066622
0.031094573749505153,0.007223738583580934,0.28570195501779017,0.05779561874462307,0.060966243715722596,0.07296029847449216,0.11698513395159188,0.29299584236415105,0.07427659539854294
