0.05304777854318372,0.03251544573108109,0.05164812269360366,0.5469756311834216,0.1263632186536795,0.04987421371683759,0.047299360513855804,0.02358696912716703,0.06868925983716995
0.10316391215518216,0.11219317668645938,0.07682122318238571,0.06041240672972539,0.022755033489018927,0.20753119827170174,0.12386178185020673,0.2395644593071217,0.05369680832819823
0.095029648756101,0.19298657305837533,0.0077883741975210965,0.03709410156753027,0.21747732389943275,0.3688485546430251,0.019659425991077343,0.002960924612781978,0.05815507327415515
0.0693074901837681,0.10041830908005267,0.02294006811632523,0.09217477880017326,0.029574953570485212,0.015626125792875662,0.07204622051516395,0.02722597465785401,0.570686079283302
0.39873545900434415,0.0869247778059601,0.03369696403785178,0.06159171062302852,0.03042230831712467,0.09567963729299332,0.024781382178259686,0.22648013880922133,0.04168762193121641
0.3644056587423667,0.10272218341040497,0.010748042475064104,0.032226099216691714,0.0044343553710563,0.19010347524581164,0.07782601939976963,0.011260129850722228,0.2062740362881127
0.0546156181884345,0.06319800679479956,0.25838450749266556,0.09712868160278994,0.255000915165132,0.12754415585885856,0.04641205643393046,0.06652948650488928,0.03118657195850012
0.05811521747929451,0.046757968716927896,0.18470256109699812,0.10734379506997477,0.09419508225573958,0.006485070269154028,0.0527990738316123,0.42237226870898686,0.027228962571311906
0.05097456815396361,0.18291351636093967,0.055881584823502896,0.06881207926527934,0.02552296208129075,0.062371590809488266,0.07221555909894144,0.41092499645117914,0.07038314295541488
0.03842583372858055,0.09918294394526354,0.041006291177569994,0.14596981009521134,0.4197619524815379,0.08668096665242268,0.026033508107874276,0.10071271836592573,0.04222597544561402
0.49788342430556826,0.08853189844463293,0.016599845369559812,0.03698516512493653,0.06443117945010406,0.17402636325385004,0.06412347231799526,0.024770827716536808,0.032647824016816346
0.14375137665264145,0.09352651301703345,0.08002684062481111,0.09466348088983668,0.30316951475891546,0.03277058027089184,0.05040937704596191,0.049443738332492104,0.15223857840741598
0.18881725074649844,0.12262981556263741,0.03453946886987306,0.1187923229793828,0.0988499868420868,0.2825676428036918,0.050158689789007276,0.02979308850839008,0.07385173389843235
0.550398692195903,0.05638149958869698,0.04747227394312844,0.012180664135247534,0.02977578098212662,0.15393484883188052,0.025023097183250565,0.08699135640240307,0.0378417867373633
0.1337798777520707,0.16440346651829849,0.03960012433805674,0.10064679675564063,0.049220050530162186,0.08315194288282973,0.1775789806046464,0.10363262331263419,0.14798613730566096
0.019222142544479754,0.44420436886803777,0.1634735439565939,0.1912774428675886,0.03439860425744284,0.030533253648864833,0.06132680128175536,0.03310361553422859,0.02246022704100838
0.3197483853839784,0.07511980267900725,0.024829786660432642,0.023376261774426327,0.053751157668264694,0.1431420676635832,0.07755864510692712,0.05599825195648023,0.2264756411069002
0.07929617605409177,0.04991279515772551,0.028166153248688708,0.37963993174772487,0.04755255796093971,0.03867971082507218,0.05350889551648075,0.08080351043124682,0.24244026905802962
0.03198761514764042,0.14224370054964633,0.00895383439463091,0.04251247645722353,0.2263708437469968,0.39963966900865405,0.059381171675560535,0.007802940134343802,0.08110774888530364
0.1343535312127656,0.1696650830242755,0.018577029299835776,0.038024145149084844,0.2890277839390439,0.2752894582816696,0.023213064238782583,0.0037737012442880797,0.048076203610254185
0.08282122302813005,0.057690988913502626,0.09519770859431048,0.10672941197926672,0.3547463498419206,0.0749546917641774,0.01855926504773353,0.1005776343034555,0.1087227265275031
0.047695597227006024,0.1611620296212876,0.038666388390487805,0.17190376035358923,0.32157891728260063,0.06244897590206317,0.034361445611671926,0.10738141149487712,0.0548014741164165
0.15245381918272818,0.2203285495742102,0.014149353284023737,0.08521337779671405,0.16028569261613404,0.260267299142543,0.0608749103727809,0.006915778912798567,0.039511219118067396
0.06284669731228372,0.07426049637798028,0.027141786953104808,0.030399336128014667,0.010748496912727425,0.03434922681985671,0.1450826653543535,0.036572966573048704,0.5785983275686303
0.11468831036602578,0.19938242499439682,0.038344337261878296,0.02431089583890175,0.09918078389959623,0.21663530938356912,0.10708639073868285,0.15988492759795722,0.040486619918992
0.13310990045652724,0.19825924896543615,0.027805880064483715,0.1847067450350054,0.048410419330841115,0.03727052637297814,0.09171566272621878,0.08980728260350156,0.18891433444500802
0.09896793262200933,0.1739868716100448,0.05139190322426132,0.05628176795432089,0.04017878720104288,0.06964211602086451,0.0942595925111148,0.1417598338098078,0.27353119504653367
0.12170338674367187,0.12668580339330604,0.021675423446554907,0.2738410810021745,0.09151345765933527,0.1951846207771074,0.06506166489958289,0.02594190640113501,0.07839265567713205
0.027320446064265713,0.06927944485842158,0.08419223902876677,0.06958113661311476,0.1243116331535249,0.011742974834888557,0.047090699504707983,0.5233918155166314,0.04308961042567835
0.061997648784149595,0.08206520066720241,0.05482599702722121,0.40577300538606087,0.105807050133687,0.013764571575672851,0.02488838050697617,0.10995989369723201,0.1409182522217978
0.19875941957266705,0.04993924257147966,0.021743888288215982,0.05742549066119821,0.016337332520696725,0.043137740274696405,0.09238477251393686,0.005744911690290697,0.5145272019068184
0.13731547147769646,0.060827660813223494,0.012563380081409193,0.06427006418933619,0.020506131806440536,0.18208685454298604,0.09502945538270768,0.004079480243285488,0.423321501462915
0.21723420731011614,0.12255899297346218,0.0317948834906664,0.020311938356356436,0.028057140369352838,0.10547609482423075,0.1268554163264183,0.26429205075025775,0.0834192755991392
0.26579320367968523,0.12586522360681213,0.03573111105109681,0.06922620499963351,0.019361301359260348,0.2164974910364521,0.11563641650742952,0.11275461308881825,0.039134434670812075
0.06688635991140321,0.05726835320090576,0.09106175372406816,0.20632622868893846,0.24606931076895225,0.06918436993902838,0.022591113815452788,0.18710238183961356,0.05351012811163744
0.26039733273891874,0.10963794590963549,0.08851466784811989,0.12325564876337307,0.09258602539663709,0.06559194519296739,0.04472126701527673,0.1374384977778902,0.07785666935718141
0.03130813932466852,0.04199456522188325,0.03606237997619124,0.6195380189328622,0.03264630191874223,0.04640851551992619,0.1228399561478536,0.05308952224627537,0.016112600711597466
0.15361650420938602,0.08834182326417495,0.133623800444973,0.12061849510480716,0.10581120084698492,0.08301178098936243,0.09165847137162843,0.12169144466599106,0.10162647910269208
0.11468086165962428,0.1232573293516011,0.014834427947107725,0.07171490359022896,0.014973248132947217,0.05995187091663711,0.07810158948741079,0.048729742215694115,0.47375602669874867
0.38693754878719355,0.10580778418385571,0.03727363932474461,0.032989470424295265,0.015323981136114625,0.15280331870067354,0.069070457059346,0.035610257034044975,0.16418354334973173
0.03213429513195384,0.1733812441526769,0.28249423015589625,0.07182986465072344,0.005624180239324869,0.05580050218966497,0.33955523227240597,0.014201361020610858,0.024979090186742815
0.0939528433099736,0.12813890098350347,0.022382396040661015,0.021481132225493388,0.046217187487452537,0.19077936811684962,0.02893166998699012,0.32168668144536805,0.1464298204037082
0.09297109612569303,0.09552035211787191,0.1046814316967782,0.22197820573206895,0.16366978515098551,0.03307074057868331,0.034079456315683564,0.1795710118316239,0.07445792045061157
0.29826446662081985,0.1316676123979413,0.006880790865147441,0.11620155249456769,0.005611890939113435,0.2691414517125585,0.05074619133887379,0.04728167794092561,0.07420436569005233
0.054944044329450194,0.13775850927479816,0.04312540930480876,0.04866364162975543,0.09601325052004654,0.037045265924204,0.039977459029997164,0.4845843259166403,0.057888094070299524
0.08201073402233194,0.06415762334991297,0.03720547265181018,0.07594715159220869,0.35347478597987864,0.1360870647895918,0.041334786959565044,0.15352904315046778,0.05625333750423297
