0.25210983706471574,0.05683924981657621,0.07326201125577612,0.2087886803836265,0.06476669219053202,0.0778135717038115,0.06428065740370205,0.1694824761242135,0.032656824057046396
0.022896410756801888,0.046944531538007234,0.12321969476202659,0.2142544248517412,0.037303498827053784,0.06475785383933555,0.0492119595465082,0.3423810964967404,0.09903052938178519
0.14021870353058627,0.19008991261768618,0.07646560547363619,0.06918690124205394,0.08491923931605744,0.08524430651657046,0.08371715555058347,0.2439822538079924,0.026175921944833678
0.061884364409532426,0.0439457720286166,0.03084836753509168,0.3390359744800557,0.04293563456355748,0.04916736207898634,0.2582578151159415,0.08520488267445682,0.08871982711376164
0.024386903003006406,0.14405337561198753,0.12745606459879547,0.12274095749860536,0.4514686177290852,0.022380911516773405,0.03951512863455861,0.053370383757483986,0.014627657649704107
0.0854631852376709,0.10637437163383194,0.05286536750087531,0.14500921592533403,0.01942539613893069,0.048598165629534056,0.1358540061247561,0.36571492016087453,0.04069537164819238
0.006307125646258596,0.045629066149711406,0.057894525931011846,0.04706024517818405,0.04940769284859591,0.026889992984264716,0.03702532179367504,0.4883279333801413,0.24145809608815716
0.08543840709295224,0.04152852902873532,0.013442013251476306,0.15837748054962922,0.03374797559144884,0.40659360602092454,0.1759872223221215,0.04765090988444972,0.03723385625826237
0.1501042098517733,0.4339934012092019,0.07812943026797137,0.025308699734570658,0.07343942065040658,0.0732767150550923,0.11226757473082348,0.019415691721903643,0.03406485677825688
0.11295158250998538,0.02858246389697801,0.023864667013050633,0.12234152516975401,0.09053861523721314,0.42446873370247484,0.11647436516800842,0.039439396704946866,0.04133865059758874
0.0431592287737854,0.24921940870950707,0.024746208882767184,0.0942865994961438,0.09482510183061027,0.04041168211673324,0.14168231933405076,0.30311093148498,0.008558519371422393
0.007611231458784301,0.0532524737367927,0.03759762746691417,0.21178892251496087,0.027918991741412366,0.24035623893499233,0.16981649634978346,0.20514299911575662,0.04651501868060317
0.2030111594206875,0.25055222010968364,0.17154023498543117,0.03549245641877731,0.07936272104073065,0.07089807823278009,0.11499697930545526,0.039335737940449485,0.03481041254600497
0.06073838155963526,0.09487634659304843,0.035647436167447345,0.19234894611754427,0.032134117349758434,0.041084860979465,0.07898250474871027,0.43095033710699787,0.03323706937739299
0.1465002478281461,0.11871481732597551,0.02653586531614484,0.11549554510861025,0.05631910612897497,0.17414955595018186,0.17686869498803803,0.08721638760045229,0.0981997797534762
0.17948561232096896,0.032582779265495555,0.03930168465198699,0.16554486387179626,0.05509910209987206,0.07163284874226984,0.10186404009531086,0.3000299249191516,0.05445914403314788
0.038029491598062425,0.12932854311646344,0.07974526012194448,0.13646236291798886,0.1613147587356851,0.15318050320179344,0.03331603478690912,0.09013255662707952,0.17849048889407368
0.028105002637536194,0.05895082146712007,0.023134502886345252,0.1477753315251119,0.08136873383190592,0.3523278158335266,0.11637299624761642,0.08143225698573936,0.11053253858509822
0.1840968397527707,0.20684013419819403,0.08158193415100017,0.06863513884227458,0.15491778457856942,0.020537833241726443,0.061966846650268824,0.2056092660737944,0.01581422251140134
0.3972531447000189,0.052246914886621774,0.06973195396447648,0.12594052527204921,0.035906082655095234,0.039410106719010955,0.06269903887408912,0.1394104625845556,0.07740177034408272
0.10161605815563783,0.13125929103207656,0.4661442672189647,0.07021103261360011,0.0634622338919487,0.027298206012148857,0.048275061240924844,0.08424760390590984,0.007486245928788452
0.09077342310666332,0.35479354409892866,0.017136263529940843,0.01760732110322061,0.08020784083914978,0.03486614171560811,0.1972297054103419,0.020306950884779837,0.18707880931136697
0.07257092520436635,0.12074717191058026,0.3975320938303661,0.14235411092203484,0.079860838901005,0.03283543736690022,0.09642422119367793,0.013525931470414275,0.04414926920065502
0.021017192364883138,0.07198158849243076,0.10117679475178282,0.2642389351101495,0.04117218370551465,0.05126250368351575,0.10052412433540536,0.162402890283759,0.18622378727255895
0.05940197055840646,0.11026984819181594,0.017111390065180115,0.04575769399618785,0.0788542186244283,0.07356604827099118,0.03831911567818693,0.522628775676191,0.05409093893861216
0.469472405449965,0.04364222301162549,0.0606016286349054,0.0712777840498156,0.03951555114631417,0.059806419056853834,0.046347967629213775,0.1259739932221696,0.08336202779913708
0.4637690242052986,0.09382186842518452,0.0311680921334969,0.06633307716383494,0.04399464910592719,0.0949688367574487,0.07136227509610353,0.06303391377476468,0.0715482633379409
0.0035026428978574796,0.022468339050440322,0.10333076323174062,0.32181605554739917,0.018667077355669495,0.017487587426084746,0.05929106501946904,0.4392169704944024,0.014219498976936704
0.049239690132318915,0.06398783541193431,0.029011453326964087,0.16728173355293385,0.09005405163477831,0.29497706785969596,0.08771843568778419,0.12413765091032734,0.09359208148326309
0.23459854731742713,0.2516638933413154,0.15315504074424643,0.03285075814274756,0.06401545694202816,0.05208454303871916,0.1629528084026852,0.026402773314971414,0.02227617875585955
0.02597378432495232,0.025885907576849717,0.08903808946593822,0.39671952291143625,0.02908949250830603,0.019799995444989702,0.037817371330580454,0.3567176307093573,0.01895820572758997
0.029563595992017754,0.07338962930474484,0.4246587693092139,0.1100956253525549,0.028451943507473935,0.023609016885120283,0.03725464374662909,0.2330833549340182,0.039893420968227074
0.11354826388778157,0.1459166803667392,0.16492386229495345,0.15735256363602065,0.05579829825286097,0.10482215797705495,0.10226207127622279,0.10679314904735811,0.04858295326100844
0.13604472182128577,0.062793403851089,0.016214283429060852,0.23970525760851258,0.06914546039214864,0.04595882417945527,0.2834532622101585,0.10122904421027434,0.045455742298015044
0.005224502149845455,0.0989856576144988,0.0383460729366273,0.04498607296469944,0.07504828097772315,0.6329798322441045,0.09006468491404283,0.012618925641377614,0.0017459705570809735
0.03573737551415426,0.07378322326702347,0.049711046199719965,0.1949230433851128,0.04096068438061736,0.08930118372454647,0.26157428320028786,0.1698508877576523,0.08415827257088558
0.12746196964864817,0.15301547262854123,0.08829549068393816,0.06235288942007744,0.13211749434630754,0.03511149045661021,0.2183231977836773,0.1518554821025702,0.031466512929629785
0.1783090896239362,0.2122917154027776,0.11069194175753211,0.07522156473844428,0.12649639770731994,0.03627219586156124,0.10703667138780532,0.11867534520639511,0.03500507831422814
0.09713425652782808,0.04294043169430504,0.04611528878482817,0.38303581757554644,0.05123777204095206,0.03400124945927366,0.1848390899836482,0.1319498024093416,0.028746291524276744
0.0071311265662990925,0.006948352579146478,0.22025486976358452,0.33446708332853853,0.013558283530061036,0.007284787596646858,0.044586989588107785,0.27034145902518886,0.09542704802242702
0.06675133731984366,0.1189877307394475,0.010328011142003936,0.14074050341115868,0.06645950655941288,0.04972989294935922,0.11500897809298836,0.3771835693947912,0.05481047039099462
0.02461939007455903,0.05043922057910855,0.07379211213871481,0.27303837476323967,0.022254707163839454,0.2859591952567144,0.11777145562293541,0.10846234693656154,0.0436631974643271
0.04792779250897239,0.04180969466912989,0.10658088868420863,0.13678719762249722,0.06844248523564066,0.10180313149406765,0.10206732712580689,0.29358175599225445,0.10099972666742224
0.06279287870506917,0.08477155460462034,0.03644068426684349,0.10891803336532452,0.02528738272737187,0.06781585845420511,0.1612878428527009,0.3640188934642358,0.08866687155962873
0.08183791021517735,0.0962528017116941,0.0070386434938211105,0.09713412999454452,0.09828962472374181,0.27066239941283615,0.04604709901318534,0.2818684562388665,0.02086893519613303
0.060733711875529534,0.11562361979919074,0.1051109731168341,0.09932304025506494,0.25137445308680856,0.033126621964270374,0.03381901859183342,0.2872001801249832,0.013688381185484938
0.4940717709573817,0.08001657449040796,0.026448658876559866,0.10366091153062736,0.06698241571284122,0.06278906420822157,0.08616333111187603,0.0276892557432727,0.05217801736881169
0.14143037457121252,0.07771403172437132,0.031686668062036426,0.30535664324263817,0.025196560668460974,0.0434982577550734,0.1833937607137229,0.127861320739148,0.06386238252333638
0.0333730839906563,0.07060964796362594,0.63426040234171,0.06297747614952215,0.04288935330146331,0.02322032253168849,0.01823346991195394,0.05445939839299661,0.05997684541638321
0.03482639545935511,0.1714484759969387,0.18550601899366004,0.1527565783081337,0.17979247246534155,0.026002966823482295,0.04578037427694486,0.19779049279534608,0.006096224880797645
0.05230894781776899,0.1574064254484455,0.108100953766487,0.22036607352929524,0.03409425055821707,0.14343375615344817,0.15625962364856563,0.06451244437616277,0.06351752470160965
0.5536218824793419,0.10028153325912799,0.02015568008365082,0.03355163769141854,0.056824109147741136,0.049093579003800326,0.05926255765485649,0.0181955998595713,0.10901342082049152
0.04988586962079483,0.1529279734070689,0.13353127036530169,0.1632712929114594,0.09284455938970869,0.01623570029159844,0.14364797239935156,0.20748664905079975,0.04016871256391681
0.04434086021067265,0.1423144888327145,0.47128058140506196,0.10989408792299322,0.03720616489178119,0.028156621653616876,0.0683458734479765,0.08344942379778937,0.015011897837393678
0.04004974660334556,0.0741876581887385,0.1216687096654292,0.26677773296109886,0.03971926089710023,0.04889234508579582,0.07491779765905508,0.160992078797998,0.1727946701414388
0.039582166776925796,0.04213538933387101,0.03156053742214327,0.3447330478134403,0.26826737001999174,0.028334147247696437,0.2257963442952705,0.003839435122979206,0.015751561967681824
0.060174726527290556,0.08256813132658404,0.03365976910233654,0.10284963620115144,0.03581783853671317,0.09636832061607552,0.22600459228379785,0.31056778218468806,0.05198920322136288
0.012416624689219105,0.1237609920786471,0.14471626693782072,0.12593221347035058,0.39043275086991386,0.016893950645494118,0.03395237271452867,0.09988152806090529,0.05201330053312055
0.0857786427997445,0.2545426313446566,0.393482625094471,0.05980680840596875,0.09295794975298784,0.02834646753671638,0.056840222856167986,0.021840685701169076,0.0064039665081178565
0.1254774994074772,0.10163984178724343,0.012048137110110263,0.03769065914685409,0.05885620169687069,0.07610179548579939,0.2098124507518876,0.27125325772158787,0.10712015689216937
0.03438195386728219,0.09097054056523456,0.4228728013906369,0.11846799925349627,0.06218285524943081,0.04531160859434541,0.09339722585314718,0.05208768112143764,0.08032733410498906
0.23459854731742713,0.2516638933413154,0.15315504074424643,0.03285075814274756,0.06401545694202816,0.05208454303871916,0.1629528084026852,0.026402773314971414,0.02227617875585955
0.04489070416801327,0.2099292207043569,0.250237620125959,0.08085167202006448,0.3089504264138873,0.025388127007748156,0.04533511036248655,0.02719128587606225,0.007225833321422071
0.03791340680005189,0.09995808354192914,0.29809586705960545,0.039718268697828,0.23322792044899773,0.029892758437511897,0.015419756707442759,0.2345102184685902,0.011263719838043057
0.027133454969068594,0.04149270853931923,0.12680555312952177,0.35010560233702304,0.037667538822630325,0.04840246689941777,0.06670485079955979,0.25904348060126475,0.042644343902194654
0.00142347528698535,0.017103300789140723,0.17938337960575224,0.43012962244344427,0.014919761605950342,0.014329483199402623,0.03850471457534825,0.22000191443190154,0.08420434806207462
0.11872259459618624,0.08056450762673086,0.057923826397360656,0.09611310757769331,0.03597160209350598,0.08757240539763482,0.30806163594739155,0.1660384501428502,0.04903187022064628
0.09858229668174472,0.08517024749258172,0.28769045230448137,0.13545551840672085,0.055172733397430666,0.06377885176404131,0.08321721241940681,0.1241820045870855,0.06675068294650711
0.011087331209974205,0.03581716847127495,0.050577763225307514,0.3158042261869632,0.055044125071507244,0.03451728358876676,0.04609788532885367,0.200709059587547,0.25034515732980545
0.056962507958870943,0.079512693069173,0.04421854995347733,0.15840125164582033,0.04435989636872919,0.09203283084600633,0.11635246057626829,0.34807122377516136,0.06008858580649321
0.08821409190535794,0.1516121473742161,0.15589054136149164,0.06935161380258582,0.3800512050777776,0.03744519426620654,0.058048753560071324,0.046101061483691363,0.013285391168601628
0.2428566247234043,0.08283092710766012,0.412427352568489,0.020266182578161217,0.12152786760259977,0.02680332818517318,0.04588687883161322,0.024863209419283872,0.0225376289836153
0.012763824990280516,0.03253439209039865,0.2845998061837083,0.14750386574172553,0.049224605546557755,0.034575943856796444,0.09740678059204862,0.11348998128990216,0.22790079970858212
0.0018427689915302178,0.04103136265239715,0.25752129493443615,0.14478766707198376,0.015251152977712746,0.009838524951343595,0.25798625711101286,0.17243202049780315,0.0993089508117803
0.12510363603300442,0.04296562203516489,0.04036309841075841,0.19800831327668345,0.05287379472268333,0.3531956133745591,0.049875424771438547,0.08260903212361513,0.05500546525209271
0.023610786425475965,0.058712818537238476,0.019407486975315066,0.20620600333081696,0.038874209003877565,0.3910854637442303,0.16393065418745445,0.04142701367935952,0.05674556411623163
0.07827974944974021,0.024123685885685347,0.17034584436176395,0.12431154383210778,0.05242717295845419,0.05334218401847132,0.02070591493914692,0.44485640676319,0.03160749779144025
0.139782619513571,0.12827139883666702,0.22172429380151856,0.06326909922942774,0.298958050344492,0.04000606089733037,0.029125506364728895,0.06478424721444936,0.01407872379781505
0.09144453929867813,0.06338612299365598,0.01940282689815684,0.034286898132677324,0.030579703477826178,0.628874399251003,0.0744357242354686,0.01997207252540582,0.03761771318712828
0.3348193676354572,0.09944074936853203,0.028658904797712752,0.11193199476443383,0.04971003603426136,0.09706189783811124,0.11736438720374909,0.11106719462332293,0.04994546773441954
0.1645995635368385,0.13154273905283206,0.016488750850004754,0.1383378129088109,0.08442578548341427,0.07284314489053069,0.2060077802497213,0.12963207108584926,0.05612235194199829
0.09717192548411646,0.14501113823674827,0.017069811498451447,0.1496180635664112,0.07028759808419675,0.04683650640252284,0.11617401673624524,0.3453030847583059,0.012527855233001853
0.06393480610635328,0.026798519043868013,0.01109086341381345,0.15658509200302728,0.05782804865921389,0.379489134246541,0.126138266539925,0.14067631347187662,0.03745895651538149
0.023028164826894234,0.06874641878681226,0.013226761333192887,0.38183545101075067,0.015327917207238013,0.11602288542449109,0.1980744094825313,0.15421934157041808,0.029518650357671466
0.013731733717500784,0.096724251807128,0.5681709384568016,0.06716579037639155,0.0410633259045446,0.021166706866165425,0.07728940707317362,0.05496014214906758,0.05972770364922683
0.04135970189230519,0.0260836407101212,0.283545974795509,0.2125003075292086,0.04936460373153515,0.022513431435435233,0.05521449464974942,0.26458106508530127,0.04483678017083494
0.015452750506584614,0.18099931382913262,0.10607801291597681,0.10891187193946857,0.39888948096509447,0.02622743006650191,0.06041380830619375,0.0992808146197988,0.003746516851248384
0.0024388687716282533,0.12156829566285798,0.021560940647488407,0.20590438744856945,0.01762260235806837,0.015106368830779494,0.21523538848676824,0.3989672283557655,0.0015959194380742662
0.30549085333587045,0.13177760646639144,0.06192331519573203,0.08261207375532244,0.046511671779196524,0.08175834840461621,0.1123453271726227,0.03441438292306939,0.1431664209671788
0.07866509367901765,0.30866563512867246,0.0215433849026221,0.11177850879055927,0.038501081122276126,0.10323999380574646,0.09298229888431327,0.11687636892142898,0.1277476347653637
0.18181139772785235,0.07841776289914472,0.053961234486749075,0.10392295528566442,0.02949057961737706,0.058196865083572524,0.13192913792516112,0.24111375660585752,0.12115631036862118
0.25806445332857636,0.2196657719611846,0.16478839820457994,0.03807761636358257,0.10509280064344882,0.09275564582695643,0.06763202128637087,0.03939768589598564,0.014525606489314733
0.015860037710627422,0.10841418157771165,0.5550083103543121,0.06493054306704425,0.045424505639644785,0.024098791219382503,0.061630312356389855,0.07246079720261668,0.05217252087227079
0.02122636063261379,0.07145598878009853,0.13000395541092202,0.3798880960727056,0.26613141310749655,0.012962131808938834,0.06638726038820877,0.04813771480393903,0.0038070789950768336
0.0919895266138074,0.2267689879303251,0.17848740025584356,0.08538531628506252,0.12675802843699793,0.05820659853247637,0.10276977979989792,0.11477889453733987,0.014855467608249323
0.024171809656928778,0.045287573044388955,0.029170534007605598,0.17410822256639058,0.05413291757573071,0.13951443669058414,0.08474762334992914,0.27867459082259083,0.1701922922858513
0.0033887340596358306,0.023456865501978823,0.21540617623377123,0.3908835034197837,0.011540024021104434,0.026071614383467393,0.028137580009652764,0.24417417530535113,0.05694132706525482
0.12437604416122787,0.11466491841157721,0.14267595613216758,0.1195358286040226,0.08842527190252254,0.046770663213464264,0.06809280068269916,0.28026882733245023,0.015189689559868533
0.20115702311216008,0.025685372954975454,0.006683166525327837,0.15703568841386364,0.05717887007982281,0.3267188552073807,0.1774128769044203,0.026672964162503046,0.02145518263954617
0.01768724895213111,0.07578911203744337,0.14531808799858806,0.12582553732416074,0.022302264253698554,0.03145394016088773,0.21709963553254574,0.30764728047200296,0.05687689326854175
0.05605846095425491,0.07414726968914782,0.03451151082215653,0.1069515066945671,0.02982002021692061,0.1162222639812291,0.09178086241810203,0.4172312389106711,0.07327686631295073
0.017836178532515772,0.03909301796831998,0.12065682628806114,0.4613438687083465,0.02148123930458618,0.03450376723951281,0.04224194020600867,0.16929895476371215,0.0935442069889369
0.022535041681466972,0.05210844577116214,0.03622758884533323,0.14770794269038195,0.030867929332426686,0.029744707246252833,0.09426404958238262,0.5616415018283746,0.02490279302221893
0.3876779883262432,0.09900189621808238,0.037889573517111676,0.13065872202890988,0.042838205309840525,0.05645089729292594,0.1606866952851286,0.04040423026054155,0.04439179176121629
0.06852515227452179,0.04249466439459267,0.03362516166196305,0.13453953062386295,0.03215617567469961,0.04549480716849488,0.04105857547083398,0.5611096885715353,0.0409962441594958
0.07735794419060217,0.08867933861691475,0.01591905815669445,0.32051982958891173,0.031646532345981686,0.061243312989666315,0.1631665717438052,0.17932394379248465,0.06214346857493902
0.0555506309142244,0.23499774313010277,0.27805922255057264,0.0994987826593889,0.09596534047698523,0.026082065416025483,0.17128114658190366,0.008578412061490974,0.02998665620930592
0.054638007185269545,0.06135021988353485,0.20541376049297758,0.07909247945246202,0.30240640973423816,0.07879482808921316,0.013880158204132081,0.1979266263673237,0.006497510590848912
0.010439165024049192,0.03131105839042281,0.01730763058430724,0.10370458196879911,0.10129927231235848,0.47861635143104797,0.05856473942988805,0.14182889944204002,0.05692830141708722
0.01827107217877591,0.11619953550854796,0.29412138842025537,0.16467935161732603,0.1488391894803567,0.042317089908613575,0.08982223645263687,0.08253499333253894,0.04321514310094866
0.04156828153641321,0.04459242780312747,0.08064507080043504,0.23814498859806107,0.014275223747671185,0.14864504223291986,0.03476301658115031,0.3713103556597798,0.02605559304044204
0.25140884430064964,0.060816445948077495,0.11440925730756545,0.21654438895428052,0.0509028536977855,0.044897509363728744,0.06222322237234559,0.15345162548820895,0.0453458525673582
0.06673959941484481,0.048009174485699226,0.00807591127497603,0.11527687945009456,0.031209538778692054,0.0675488346379116,0.06494228344663894,0.5023440737336732,0.09585370477746953
0.4795095871326717,0.08411273857946633,0.04885494508226251,0.0903464267537424,0.03485783323670845,0.03331604664393311,0.10389754818039866,0.04414414380838614,0.08096073058243082
0.03319941760614776,0.2509838079034578,0.04645380599138816,0.4478725945239022,0.037834798653054884,0.02660831701853343,0.0929933086769239,0.009646762514135732,0.05440718711245616
0.1204012619787378,0.03864784601201807,0.5056655978936677,0.06533398413534974,0.06972739194546865,0.05309709852145381,0.029927702319332925,0.039353773979626104,0.0778453432143452
0.0555506309142244,0.23499774313010277,0.27805922255057264,0.0994987826593889,0.09596534047698523,0.026082065416025483,0.17128114658190366,0.008578412061490974,0.02998665620930592
0.38790765474426503,0.07347858993124805,0.016003782233329867,0.04781274341496641,0.03910741643073128,0.0925094015679414,0.21745400736542808,0.02957624634570204,0.09615015796638794
0.010206961520586958,0.22344881053331458,0.16311366825928822,0.20639431977178532,0.031185883360310158,0.036842936119633025,0.09583642489731255,0.097100983313661,0.13587001222410827
0.060150145701540154,0.05420392992035968,0.023765330031718282,0.07924409371087432,0.12305343486890734,0.045489066496185775,0.0974622481859092,0.46703676412536294,0.04959498695914235
0.11225802403618801,0.09627265207063607,0.38480060275210765,0.04054133690772423,0.19033627945496798,0.03893774382361054,0.024244863336240957,0.07655086935948371,0.03605762825904093
0.021170126176301807,0.10191258624712451,0.03824170155059231,0.20005983606179478,0.4386174961565537,0.01592819226964021,0.1079355524896145,0.06580709025184069,0.010327418796537466
0.009617637946182138,0.10017911433119796,0.02542129911447685,0.008132297755941775,0.19057414526467423,0.28044850226098195,0.1410702595506185,0.2430975281620541,0.0014592156138724876
0.06852112810624035,0.19901884394542022,0.0696286588329199,0.04050697700840602,0.08820388884853358,0.11134211049071292,0.32585568931700165,0.06250622440646837,0.034416479044297066
0.16075294834645323,0.10473595414949895,0.024580632257806132,0.1106586637600489,0.06311582831836161,0.08963029637085729,0.07740776967530558,0.28753377615429143,0.08158413096737695
0.22486628707487463,0.20969778251776292,0.08537286424869221,0.10588434225531744,0.05362085924300936,0.08675257017118194,0.07100501734836313,0.07110157516090398,0.0916987019798944
0.012233743244301742,0.027007665707598372,0.05632158394763265,0.11148261389092894,0.052225903128306696,0.020921271383974607,0.11051731945724184,0.4482063493066941,0.16108354993332108
0.057872183511079256,0.15516179839051206,0.08988176818141903,0.12652636936226533,0.04963425003090022,0.17376173314100896,0.07815842740905417,0.1209525085991227,0.14805096137463833
0.012858380078582934,0.0882881535086802,0.261351482831877,0.19927786315195148,0.029559676565222657,0.024755786367860327,0.22099629903927118,0.038781803469708005,0.12413055498684615
0.1526037592692008,0.0991679574466356,0.02675757754113219,0.10021930869937702,0.18183221812244613,0.23693570467615319,0.1222294136054576,0.03567362399421267,0.044580436645384726
0.10940551378121037,0.19766347829588385,0.3624786411565495,0.01958726399538983,0.16116325175477053,0.07175897406048104,0.02597614924805976,0.039495877327034835,0.012470850380620346
0.07572755926244094,0.09222963937773203,0.6215662694911859,0.040267372581335927,0.06339559822101604,0.01645873615917425,0.022459558387678557,0.045996081780296495,0.021899184739139748
0.03939036638040355,0.08987078005648441,0.010022425058389295,0.049490512072503205,0.06836581532099882,0.06496990743600635,0.03646813384607855,0.6004566737348177,0.04096538609431807
0.09839024902649486,0.08613099521542311,0.021154977189428173,0.2837753065936761,0.06519595104399677,0.1387214655100477,0.06886403845067626,0.20228701793034018,0.03547999903991677
0.4650592745423688,0.0727583206944609,0.01970502013878111,0.1637013278908734,0.043068161844842766,0.026003116829044066,0.12392401886223298,0.04856549793678633,0.03721526126060968
0.020888648776526696,0.03547916832106163,0.0206093447111577,0.5016502447758295,0.09283215745498063,0.04030745686227832,0.17865764730284414,0.05551366323846144,0.05406166855685979
0.04894099475113841,0.04214521856942297,0.045184285875229,0.1403150274064459,0.014121289090946917,0.2507072482305525,0.0377192646905898,0.38062433454021055,0.040242336845463834
