0.11234466963524592,0.15193266878593545,0.11338723821791602,0.04061438353190444,0.029416227913120152,0.07450932846323079,0.23484475769156943,0.12725715342918542,0.11569357233189233
0.1151261431337965,0.1276424014257134,0.11165441024225957,0.057702797398596795,0.04619849352271588,0.08662306506824202,0.18050381748674113,0.14821047996341122,0.12633839175852343
0.10572120389046447,0.045719641325821125,0.11840649763632098,0.06568963877648003,0.0586705769870155,0.05255283639929518,0.17574807493980046,0.2262093665596725,0.15128216348512977
0.11062212207293974,0.052634414726552635,0.12233160183123697,0.07515720063569191,0.05292305118517946,0.05680380965209789,0.16644073263753764,0.20504625830350567,0.15804080895525807
0.1275330449217806,0.07993383988229973,0.12746758406890443,0.11539617553384345,0.05011235931002314,0.08239374704348662,0.11471905950333437,0.1599731602661478,0.14247102947017987
0.110257766284296,0.0863934123830613,0.11343388299845213,0.05626820674699793,0.05084859037049316,0.07160583824492121,0.1967254175282448,0.18901475967956896,0.12545212576396456
0.3846320058934494,0.016854111532123985,0.07052496273192953,0.008179354150568204,0.10943045128979784,0.06832522610849218,0.2834123161383182,0.0023654699211197124,0.05627610223420095
0.18989843926334674,0.05976709475290667,0.11510661737951415,0.053919428770729194,0.06742269366939496,0.12936064257012475,0.20221118725839057,0.07102952813003721,0.11128436820555572
0.12013879817929769,0.08201167554318671,0.11114830026202505,0.14838710654241827,0.08947824640427711,0.10182299711636106,0.0791767969163002,0.14373240514382582,0.1241036738923081
0.12562833381706226,0.1200689163828322,0.1073416119736026,0.18799702622619183,0.08269602703171848,0.11950339268679126,0.0589169313827291,0.0818687822174791,0.11597897828159326
0.16823513861872663,0.07419932387863826,0.10428744750643108,0.02426482322928025,0.045749064159485396,0.11166533556915491,0.3064916135444955,0.0661214107440287,0.09898584274975934
0.10687898751428619,0.0641233381902623,0.09652221312755653,0.26903314883419177,0.15915067254951779,0.08686929561273192,0.03936508007624273,0.07730961765467569,0.10074764644053501
0.30766694636527614,0.015735796385887686,0.08961846481371533,0.03568494949193313,0.09129584466086338,0.07875907455156073,0.23473068405565523,0.05190694379976238,0.09460129587534603
0.10866698038187461,0.0947697458075392,0.09432785645804888,0.25578700056400905,0.1400056193410913,0.09841666740541045,0.042340498592350194,0.05758328999376022,0.10810234145591609
0.12076190449597647,0.11543559317850398,0.10692019526694525,0.1423504296429556,0.08206340883939743,0.11330358474656459,0.07902785083279094,0.11361113387796029,0.12652589911890552
0.09926424757478558,0.0541272298436398,0.1178729063951655,0.04580742603350114,0.041164393800054266,0.041827785901037355,0.24415896964840836,0.1919184269100224,0.16385861389338555
0.11444175469775275,0.03851812661292098,0.1265944776981133,0.1145184947493517,0.06709359502795002,0.054176773147678776,0.11068636875177995,0.19611993490334176,0.17785047441111082
0.2082113666523401,0.039659880919940584,0.10314140766218889,0.044569588483871825,0.09121161698181367,0.11572721284580399,0.21222684478734624,0.08033118570907562,0.10492089595761904
0.12419324908190925,0.15106612530618266,0.1264363808697904,0.05682238001134504,0.023726603408882163,0.06873821617520194,0.21161453475441058,0.10967901185461339,0.12772349853766457
0.12251183299719227,0.11589675788443803,0.1063654284324368,0.17151931420977432,0.08617211864904327,0.11670822851106306,0.06536751805562552,0.09419478797188259,0.1212640132885442
0.12338143490189313,0.1272078817870284,0.12406448846565599,0.06721265302300701,0.03141171244768594,0.07832191197193329,0.1790798322996865,0.13969482202565123,0.12962526307745856
0.04119508655028784,0.5019496089265797,0.10425023028264417,0.005485438939749887,0.029868526948768192,0.05520513815764061,0.14021841507904872,0.0341504675983278,0.08767708751695313
0.11492220714825373,0.10159092283131564,0.09971061178681995,0.20697321877135857,0.11593890914457106,0.10820030071372522,0.05423588439718859,0.08045932925845577,0.11796861594831158
0.13274996060594466,0.13995936981918913,0.1143124363388861,0.14472973288875865,0.05725944163878799,0.12233496406330668,0.07565945937919492,0.09342267440120293,0.11957196086472888
0.11423162757847215,0.12941371434023083,0.11167006467942626,0.05437057720553936,0.04384831376459431,0.08430920631954504,0.18884930878850817,0.14837965509326564,0.12492753223041825
0.038808017496316766,0.4703409799692495,0.09281148424394674,0.00875360834290264,0.06244250962460879,0.1348812718071454,0.0763249221789248,0.0319426061909134,0.08369460014599193
0.12740033773668144,0.1268029604223377,0.10949578893588537,0.17170344065446086,0.07321065745358257,0.1203267835377664,0.06434761739826467,0.08921178028843373,0.11750063357258728
0.12294197831402591,0.12596938722756443,0.11140253117416636,0.1039393552943181,0.06184137233704954,0.11003012533483332,0.10633946440942066,0.12825997390701963,0.12927581200160207
0.11973300011681905,0.08291894085271066,0.11324243269666286,0.1281943458382927,0.07868970524879167,0.09771228645954216,0.09163676004568906,0.16197029607068814,0.12590223267080372
0.1298668877046926,0.13179691391630524,0.11153597769468566,0.16110132597119545,0.06640914713829367,0.12184676119400197,0.06835493767546787,0.0905654312458986,0.11852261745945887
0.13082172388157656,0.14599346872690963,0.11614012735335033,0.10979577909168609,0.04855144668098532,0.11585855301379444,0.09893233390477975,0.11087449987631592,0.12303206747060184
0.1306080630493359,0.14393683243024627,0.11570132889182809,0.11299597056344542,0.050186425376460085,0.11656261082029844,0.09646870456551737,0.11001831744199177,0.12352174686087665
0.10351956760469545,0.1273406732192117,0.11517045920152169,0.06411690884417406,0.16498710010691744,0.19241956895405643,0.07276438106975924,0.054834073223646466,0.10484726777601754
0.08261602990548796,0.026910017093636985,0.10663355070524654,0.03156083326652274,0.15277084401124377,0.06477718943695918,0.23761895741873093,0.183605213727516,0.11350736443465591
0.10843065687148375,0.03241829457659415,0.10801255878063531,0.19533792502276734,0.15093446825813203,0.06856994137802398,0.052405935485620725,0.1724163498908321,0.11147386973591063
0.1271639786305656,0.12910578357163924,0.11127740085705207,0.14125272253085205,0.06631292670020185,0.11887371797951118,0.07844206764546163,0.104430926097739,0.12314047598697737
0.12963778773690515,0.15114171893346554,0.11664666038317223,0.09903406661016989,0.04417542762213402,0.1117947819329032,0.10808385693480053,0.11686090089136032,0.1226247989550891
0.2595824010860761,0.03567057803419601,0.08230895507103604,0.10394007796009401,0.19144895664048786,0.13401359493361822,0.07600611386021727,0.030417644013631544,0.08661167840064288
0.11460467424321115,0.12568959720762943,0.11111849032177289,0.058554033123372345,0.04786624050522329,0.08652359272521765,0.1778919654780821,0.15109299035649448,0.12665841603899672
0.12982136491744717,0.1303547650963168,0.11120868036899872,0.16458788891372098,0.06820207163639846,0.12209641623281148,0.06699025076909455,0.08887907572427944,0.11785948634093242
0.2900109936484377,0.015168024404919373,0.0756928925826016,0.01744879458905812,0.14770114027563455,0.09800301717520858,0.253218649126177,0.030495298073071827,0.07226119012489125
0.12530466230868417,0.08837505750214462,0.11261344397935534,0.18864850371450015,0.08621880445762305,0.10758507129910293,0.06172181761992396,0.11207792324524307,0.1174547158734227
0.15621652455932108,0.07692398590557838,0.1026725419239579,0.019178202649219888,0.038259281973425506,0.09481097654224548,0.35145532527934026,0.06515373403963327,0.09532942712727827
0.050091087363609094,0.5140576671979012,0.10615788003516004,0.014386798632526177,0.03336639801498141,0.10092503435830291,0.06015047938805046,0.0343987978811466,0.08646585712832215
0.07305679222781318,0.05809218716529053,0.11823775454813246,0.03572181863176315,0.08960457574336828,0.0901832740372797,0.2519121468318687,0.15553616141591778,0.12765528939856632
0.1181840439099241,0.1129418761053661,0.10744569017011812,0.10678858788256133,0.07646220858936838,0.10514938902032346,0.1050143461508764,0.1361176010806112,0.13189625709085093
0.1267011066409367,0.12162854279133473,0.12415287902634464,0.07987095027103387,0.03636096030415309,0.08694615493179442,0.15246836182139242,0.14162910147415406,0.13024194273885606
0.32132846247375424,0.046782330184157776,0.0834041037353745,0.018154249284561552,0.1532948334860363,0.15319936204876694,0.14281620066465636,0.012340490651935812,0.06867996747075648
0.1198939296139744,0.11014177025659101,0.1039311243352341,0.18513298940619613,0.09677022142378629,0.11424339277857261,0.06070765715021068,0.08895248879834783,0.12022642623708692
0.09419540607439021,0.280986091461791,0.11490154186476674,0.0433836796254339,0.038018934519798674,0.12196847750208539,0.10714489549420103,0.08634248482724556,0.11305848863028754
0.43491974227272184,0.01949203900285355,0.08495867849770934,0.01731534087311207,0.0848164658984862,0.060663170392602946,0.23240138087887988,0.0024458921606763393,0.06298729002295779
0.13503077909410235,0.18015342065246373,0.12175993490898056,0.08166144434528076,0.030562795803385622,0.10413703258067164,0.128431323190197,0.10163062559056263,0.11663264383435579
0.09818676935603395,0.05309630572109978,0.11030225679734214,0.03470820418113161,0.052500054867847847,0.04396574020359078,0.28062872655810395,0.208382904913368,0.11822903740148194
0.1265793154719048,0.12428170215275779,0.10861666847445506,0.1776681139050796,0.07687059692285686,0.1198480231803389,0.062287663273249194,0.08721089681817128,0.11663701980118664
0.12521503232962575,0.16130635212050895,0.11779708081497603,0.06574725037640622,0.0334336630371786,0.09631093082529667,0.1576169366832608,0.12189796680691294,0.12067478700583407
0.10069221412252383,0.1485742119487048,0.13109157269150687,0.067228196028852,0.06254255949799632,0.11266440865653472,0.10352610458586815,0.13916797420729984,0.1345127582607134
0.11264130708601539,0.06695690304654354,0.10152107984198361,0.24886205895562788,0.1378621521968899,0.09351316606585924,0.04388235136072962,0.08989533451422536,0.10486564693212545
0.06074278291603843,0.11049020660579577,0.1158235063450419,0.00843856984270345,0.030772108044602012,0.023361122807680563,0.44019592290188186,0.07432081910396504,0.13585496143229095
0.04237217586904326,0.5878765488421834,0.10189002455467788,0.010632636611057672,0.03204679372009023,0.08861747194372309,0.04491841178381778,0.017667353470984377,0.07397858320442226
0.12302619023729712,0.11513391879883716,0.1051938840873254,0.19996252947779733,0.09104343858898394,0.11711965831698497,0.05541059739327069,0.07814183100700763,0.11496795209249579
0.12720949789036676,0.07581829061515623,0.12466069461210495,0.13385289049166385,0.05938680293935842,0.0879800283043699,0.09542210637972375,0.15965374776458072,0.13601594100267533
0.12691247876795064,0.12376665785197423,0.1086809263448324,0.17889449473227115,0.0769880529028378,0.12045928083866642,0.06184945848758417,0.0851618067298817,0.11728684334400151
0.12012667285681733,0.11221605996391208,0.1057186266265091,0.15296951551001098,0.08826814221314692,0.1134083118552825,0.07388722693903448,0.10751988559876847,0.12588555843651814
0.0683136385575542,0.1524509821896927,0.11455151610332544,0.04469257533667224,0.14320231639919692,0.17252930067192981,0.09692791748072221,0.09220498700078737,0.11512676626011908
0.12574484948983836,0.04715555792336013,0.10275623942197325,0.023079827265109234,0.07593882238791091,0.08276890258186123,0.3273232931475986,0.1096173921642901,0.10561511561805821
0.12495791811169382,0.16370463093303858,0.11807371419070055,0.06267039836943317,0.031883109684280535,0.09427425222360457,0.164921292448025,0.11907520993158723,0.12043947410763652
0.11809499937950678,0.10799480898389287,0.10382031422950976,0.16149256920652952,0.09652631307044264,0.11143893487950805,0.0702514093709418,0.10499636616010559,0.125384284719563
0.11460796102062942,0.10073275976721408,0.10035124561576232,0.18038394015100778,0.11317357445618474,0.10743235207571966,0.06312099452470309,0.09632517595060693,0.12387199643817193
0.11677309311159582,0.08977674087376418,0.11538859520551943,0.0768209115365558,0.057042305961875074,0.08519870657657867,0.15156724540785177,0.17805835576445014,0.12937404556180912
0.045013933297925864,0.38345950411849045,0.09036213750708864,0.02864197668574417,0.15629285042356247,0.16092261971027036,0.03885443375234467,0.018077479860188914,0.07837506464438433
0.12025439150275806,0.1758182879133244,0.11740896313843886,0.048235838643472494,0.025665172613351984,0.08161935457301812,0.20291518745103657,0.11418766616033815,0.11389513800426133
0.119167596422736,0.1092397111920656,0.10344144647076291,0.18621747081333476,0.09864783959293211,0.11340987144318486,0.060405638930513365,0.08934554808844646,0.12012487704602394
0.113862981452536,0.11770130742439149,0.10995445347180233,0.05924213285579707,0.053811347875579695,0.0846518971824927,0.17915351723087258,0.15306097143284092,0.12856139107368722
0.11215607334695209,0.0651328936379703,0.08940075616202105,0.13144845216497844,0.23668662910477548,0.1715474534270133,0.05943011950068524,0.03743032161526324,0.0967673010403408
0.02740533370988361,0.4207751528628541,0.1231288772610498,0.0029801583744608335,0.08329317299816567,0.09580880672531912,0.15556328276943399,0.007148830082676644,0.08389638521615618
0.1280865539397362,0.12776749189024753,0.10998355519180177,0.16968800903659997,0.07170740869132292,0.12089780644679238,0.06506879926788602,0.08900669924327854,0.11779367629233466
0.12760022102316138,0.09194735074077813,0.11613466890915862,0.1691265377963662,0.0743689828365111,0.10658966323145828,0.06994062386875678,0.12351931866444832,0.12077263292936129
0.12053322827824654,0.11155648376124228,0.10336530199195189,0.20867993665621618,0.09800466415049032,0.11449998261568632,0.05310586481006186,0.0759823511691944,0.11427218656691025
0.10186942526715669,0.02736481379688888,0.10559650786068363,0.04715912560895946,0.11151274482076352,0.04147810580162107,0.18346813801572878,0.2711156696384708,0.11043546918972728
0.07512437140870673,0.09108298559783823,0.10226159143303722,0.01169409082060191,0.0454213648289401,0.060613893851779656,0.4478122291866118,0.07047706889968253,0.09551240397280182
0.11980792317995041,0.1092287247813456,0.10254278478700289,0.2151077203386839,0.10205431440180418,0.11373046662541074,0.0513536890390864,0.07234902016141333,0.11382535668530257
0.11772545599581546,0.11855226601529,0.10937997072829946,0.08656269357288655,0.06412653415105701,0.10007108568863991,0.12657417662809778,0.14591300984188063,0.13109480737803322
0.12420482424892088,0.1173855999941417,0.10619972170146268,0.1941947788321291,0.08683203790407057,0.11836558757893095,0.05704671593643973,0.07975079603045747,0.11601993777344703
0.12729507981357738,0.20857807048386545,0.12159978238492862,0.04905933968329346,0.020153966312689064,0.07832959060014534,0.20079718696209484,0.086438883492671,0.10774810026673491
0.12138679683740415,0.08221120964223937,0.11040101439566925,0.17722997527282122,0.0949956746392801,0.10450102512990866,0.06584691911510619,0.12370209365078128,0.11972529131678972
0.12017228716041577,0.11182480790276496,0.10326389830071041,0.20774094579982963,0.09800042125934433,0.11400926239509307,0.05343230902359808,0.07740725387755884,0.114148814280685
0.1176856360962989,0.10777059494746126,0.10393621615834969,0.1533225791262248,0.09563618117776246,0.11031329803420153,0.0740814855406482,0.11100387102163774,0.1262501378974154
0.1297194828845952,0.103459698289551,0.11925132196362354,0.14433306120313513,0.060306896817899545,0.10551993288799437,0.08238554889403525,0.13155082889218003,0.12347322816698603
0.3344885240920826,0.0176768141230635,0.06460756088578398,0.09081161803452216,0.23558073785285258,0.08606175515857055,0.08222165189837757,0.013543387122555392,0.07500795083219172
0.10924495236056829,0.03924610613404758,0.11384599157911644,0.09243317458521366,0.09452822953117275,0.06452655078654938,0.1191264374880996,0.23751905172834867,0.12952950580688366
0.05247401537916494,0.213115636933108,0.10141511046078507,0.005305843793269691,0.03385871993710048,0.0954700457370448,0.3909676633009231,0.02538143180273923,0.08201153265586485
0.12811720728721096,0.13455759205748827,0.11350634347605067,0.11917500342578691,0.05787339327654659,0.11680328982014747,0.0924668317386485,0.11264844574629007,0.12485189317183054
0.1164319574488402,0.048103612430111124,0.12271498497824913,0.11481082955183984,0.07053694959567894,0.06792277278151188,0.10797822189415383,0.203250564962098,0.14825010635751712
0.09955230319904194,0.039616832792340205,0.09370060555830852,0.26402277930743984,0.2025929951511686,0.06838460940343805,0.03714778100809996,0.10011530377315452,0.09486678980700826
0.10759689487690867,0.02517196279946034,0.11334371969433994,0.13607530340792195,0.13349958286980776,0.056414529052396495,0.07320894756321823,0.22619471758311485,0.12849434215283176
0.12303033150997893,0.11674218666504649,0.10681768509703717,0.1688788920680202,0.0844874136393458,0.11717688143994553,0.06637286773750913,0.09484429448618655,0.12164944735693024
0.10798984814936763,0.03287375962601555,0.10615945648066778,0.23465430072712787,0.15951658713948916,0.06864001399590966,0.042327439048787274,0.14315096760269128,0.1046876272299438
0.1235942322548844,0.12765195668321153,0.111128931238005,0.11429439478661123,0.06307750485332803,0.11246583674076736,0.09638184321134591,0.12428618014222122,0.12711912008962528
0.07801498889353407,0.2644845856294906,0.10923518192448624,0.015209516663491024,0.02376320027962946,0.06059892252283392,0.27746753111155753,0.07351329886797192,0.09771277410700518
0.11973412580440758,0.12980356355711678,0.11152693086478771,0.08507977302344238,0.05445619125610709,0.10214396488853221,0.12581750753075466,0.14359294539653925,0.1278449976783123
0.1288864936865083,0.12701029854417653,0.11014916866541602,0.17205100660031616,0.0723519064144787,0.12188102184092398,0.06421224190543805,0.08601248728777589,0.11744537505496634
0.3524422158743774,0.01948611513198205,0.07635639055076164,0.046191281157562346,0.14010554907258382,0.10083642970363431,0.15516788875675827,0.027524722357035934,0.08188940739530431
0.1180611622657562,0.05603717240529435,0.11461259704933842,0.1625930512775331,0.09762698592670523,0.0868426994691759,0.07205614796866111,0.16896294547887203,0.12320723815866363
0.05953123631130371,0.177743914807685,0.09814941918624469,0.047681334272999774,0.18712865977804813,0.18378111349186502,0.0765340775506418,0.060784424752023385,0.1086658198491885
0.12103840109937573,0.11590148857381956,0.10803890788643139,0.12571857205906883,0.07743191915914623,0.1117960889239144,0.08957383402456752,0.12098532081699905,0.12951546745667739
0.1023232953408121,0.14657899284587625,0.10976322079410643,0.026526663254886184,0.025338091598656548,0.057149787142828985,0.3169726623877341,0.10988244491442241,0.10546484172067709
0.09684330662923751,0.201987515064001,0.12352249880383946,0.10087205731253374,0.0836006865918046,0.14256453464635713,0.05428758501739752,0.08233823100652636,0.11398358492830273
0.3678558326581361,0.02317142281016509,0.08339513756613555,0.04625719880845334,0.09956393632394293,0.11461927685020361,0.16348506232515655,0.02364774923736764,0.07800438342043915
0.10818172051575019,0.03299944217606163,0.10680488464444816,0.20435884423559122,0.15626951717065138,0.06968284275246989,0.04991677827688188,0.1625542244223093,0.10923174580583639
0.11963172627601447,0.08009263586442165,0.11085276263512124,0.14898486906103295,0.09150928097674099,0.10099966830449526,0.07884580008118593,0.14511345931659989,0.12396979748438774
0.1280845670929628,0.13714029112359818,0.11338764318030098,0.1231592101989326,0.05694168245703631,0.11678469887224352,0.08878503860147878,0.11234361717458825,0.12337325129885851
0.09372604148424457,0.15999100759528095,0.12098680695437036,0.04548477203397896,0.05112204708885287,0.15363635329688344,0.1792574274462714,0.08158756660480825,0.11420797749530924
0.23957639824755964,0.2403178090585827,0.12418526087990371,0.029687852263129238,0.07597760921388375,0.033709071223264185,0.13518477000529197,0.004723242148183447,0.11663798696020132
0.11464865997692726,0.051947805253707756,0.11075570352334435,0.15798897330518827,0.11307936044908541,0.08523339074091736,0.07249561230942402,0.17367047349829315,0.12018002094311238
0.1261694565827326,0.08852383853859176,0.10831458216013361,0.06902098551317028,0.11543654151103873,0.16750974916938496,0.12656031954884384,0.08172280847462687,0.11674171850147726
0.07810083924353749,0.3118480736104419,0.11613434539813268,0.06659634518751856,0.07776229013311066,0.14919159821847688,0.04506560353354178,0.054115316847622275,0.10118558782761779
0.08971165787470965,0.14921790069682098,0.12889469446756516,0.0362955929931605,0.0500538096368508,0.08385542355534231,0.1739317467863776,0.15435619008493653,0.1336829839042365
0.13038595713876358,0.14223812208276715,0.11525645635540904,0.11631383161555918,0.05192431341647937,0.11718939768690811,0.09386032228008818,0.1096284660392856,0.12320313338473989
0.12669078952258125,0.13474497466527097,0.11366466391620929,0.10756556251812499,0.05541970559489717,0.11367529040093714,0.10211887453643669,0.11925594136319041,0.12686419748235228
0.10615767121345467,0.09128570041490963,0.09237346369600835,0.26687102295924,0.15053694746099608,0.09422042129705528,0.03994912504892644,0.05200106266287996,0.10660458524652965
0.11984709189130392,0.10913787439192298,0.10253974001469206,0.21539550179195846,0.10214472398046863,0.11377994129336488,0.051266179682532644,0.07205648083174128,0.11383246612201516
0.13029242802005295,0.15263337906219296,0.1171377251641456,0.09779697191660795,0.043115413063615805,0.11179676231360847,0.10954696045415369,0.11507528299183238,0.12260507701379025
0.15535658092022767,0.038374264700713305,0.09895044341118507,0.02646828911353916,0.09152176912001835,0.08634743865582295,0.293517389029551,0.10508629191850531,0.10437753313043724
0.11621289506442277,0.10411075537203764,0.10092158407022427,0.19924940440049396,0.10997822992796706,0.10989982736035243,0.05646262176432341,0.08438103402523728,0.11878364801494125
0.1055544173013558,0.262534558008756,0.11651510039925067,0.07667831832041423,0.0469036410223051,0.14128749759182938,0.07112990544441337,0.0690545994848543,0.11034196242682111
0.11994944755539401,0.13512220016094856,0.11356844398090556,0.06862570927874043,0.04554388869376449,0.09618259449410134,0.15471711978000421,0.13909894402681353,0.1271916520293279
0.1082172235396544,0.08429859328705229,0.11232822271151442,0.0498127544334781,0.050438540624657184,0.06673655785776998,0.21789644796295302,0.186947438826895,0.12332422075602568
0.10990632970046861,0.09400463525257564,0.09552206584084137,0.2301297778838198,0.1368225125649974,0.10077516175301295,0.0482234466689598,0.06952989623692354,0.11508617409840093
0.1162400404241984,0.16179252375352007,0.11530891850303643,0.04477076108221578,0.028008706320243975,0.07899579342291076,0.21711146902150125,0.12181943468612656,0.11595235278624665
0.13229326342568135,0.13966794566851018,0.11406067422314002,0.14515965127087105,0.057708624284520504,0.12196169929823687,0.07539288230365938,0.0943800946175365,0.11937516490784407
0.08838981109444904,0.08297091802313782,0.11156556401438696,0.04268265526107871,0.07652189286898921,0.10736786241544255,0.22128100805377593,0.14614677117960254,0.12307351708913723
0.10492638945968628,0.08988992030148835,0.09148031090108295,0.2713518705298359,0.15535676145190536,0.09213370569522306,0.03904018627403464,0.04990922236592898,0.10591163302081447
0.11524920147135355,0.07202278682586123,0.1048185289465901,0.20348355084490502,0.12085906904852554,0.0979669957077497,0.05604837694040129,0.11578675383657659,0.11376473637803697
0.1206686377447354,0.06140349693451019,0.11588963463169288,0.1610603931127965,0.09114949094717206,0.09097615850838281,0.07403730675252779,0.16021101101346205,0.12460387035472033
0.1308025899357034,0.10104686540863295,0.11968526383318746,0.14826641550240466,0.06160369487210418,0.10680483581678986,0.08092956888180565,0.12662774414627379,0.12423302160309808
0.1251820850305587,0.16090214701042388,0.11742229928190064,0.06915438325661882,0.03438966937265531,0.09781872535469134,0.14936589800506328,0.12486713192785774,0.12089766076023024
0.08119168777056536,0.04168694729610975,0.07727994121743906,0.019090985709877637,0.3021755922125204,0.22045635396975957,0.14278076035486095,0.031054497320364787,0.08428323414850247
0.12145485734987664,0.08502985575905826,0.11383176045000283,0.13137618307516802,0.07796448852668238,0.10043147207060925,0.0900999850625347,0.15334559982805263,0.1264657978780154
0.12540208913999262,0.08399711297955542,0.1285957464309003,0.09841425742500337,0.04283422906078204,0.07491642381150988,0.1370598679916735,0.1606844022841103,0.1480958708764726
0.12545985242885613,0.09477899313699334,0.11781762536611712,0.12905842269660753,0.06385783489140019,0.10120725205853283,0.09244200336251063,0.14892896118962903,0.12644905486935323
0.11133797933908546,0.09786288938120331,0.09624710507815508,0.2466071209269803,0.13052119324549982,0.10244390758928239,0.04421749874608089,0.06126635576676833,0.10949594992694445
0.10018342121662606,0.08234972296194766,0.11647738047143252,0.03602041242022951,0.03149248998581047,0.04626799883521424,0.2943579661793917,0.15580423942909108,0.13704636850025667
0.12931753740116833,0.13853660379638247,0.11410505621729206,0.12261584394111757,0.055509494586580076,0.11771649045797239,0.08932458652770292,0.10934214051378234,0.12353224655800188
0.1096827812154924,0.09506556856189201,0.09483474570955157,0.2554935046934777,0.13823983116327795,0.09964206838468899,0.04223238406767652,0.056815329440688234,0.10799378676325457
0.12014978176756408,0.09269259550373743,0.11666010945531817,0.09082469564272556,0.058414408416165686,0.09178160528957631,0.1301591322054625,0.16944948741209118,0.12986818430735908
0.11702041790128048,0.10457497513550205,0.10026891734689143,0.22803728799509002,0.11245205542821791,0.11012446248964886,0.048205379601929686,0.06747471148314753,0.11184179261829215
0.11168916930377142,0.09768083453894304,0.09633629020353233,0.24764384115953011,0.13075289933478632,0.10268794215372778,0.043912324088007694,0.06029689188332451,0.10899980733437686
0.1156681972627543,0.14684236316668767,0.11405099373917549,0.04862003496533592,0.03374487725061243,0.08222360933766805,0.20514890804971012,0.1334767393091048,0.12022427691895125
0.050110491673927976,0.053557355822058415,0.0820889662375139,0.009224642672466752,0.32533572980110476,0.25027581001908816,0.14689724511464744,0.009994002014847021,0.07251575664434558
0.11043937980638358,0.04739550085845589,0.10623878187279916,0.17504202137981006,0.13428860688870112,0.08149661867461531,0.06316616244752149,0.16732305159796412,0.11460987647374922
0.09092905635042813,0.2110389607127879,0.11258452122016288,0.05096514458570859,0.09915698727437443,0.20485274137384202,0.07815806176178734,0.04869432643024026,0.10362020029066848
0.11243461037856256,0.06840426273679985,0.11945982002743945,0.0687095681398139,0.0504166161609359,0.06681938375350584,0.17637923096222075,0.19914163269068466,0.1382348751500371
0.08311546876630076,0.10310298047488035,0.1039194991969169,0.09065784270525727,0.1550065114947813,0.17411355390976038,0.0893394120864875,0.08280324312382492,0.11794148824179057
0.1293031357379345,0.1301596489353725,0.11095259564475235,0.16478871976583398,0.06864658989812585,0.12158461349048759,0.06690118043627137,0.08989856964810723,0.11776494644311471
0.12142866432123621,0.04991247589089853,0.12317745725719544,0.15118560411448348,0.07844514305051624,0.07622085597838947,0.08178444814944995,0.17689958086170812,0.1409457703761227
0.1313055305506188,0.13671748667059322,0.11308792523788057,0.15091947053389304,0.06085559749861056,0.12191377695639515,0.07267443479617859,0.09348975091763335,0.11903602683819657
0.12121825608529206,0.11163642969945654,0.10365745697468932,0.20897963452560941,0.09753094609061665,0.11521150626335919,0.05295442504758405,0.07480918053156675,0.1140021647818261
0.11827066068435298,0.1073357713973504,0.10254564514935079,0.19250061552446365,0.10276562591310308,0.11241601536578542,0.05839863353263027,0.0863571695460621,0.11940986288690125
0.12210434092448386,0.1130069613125383,0.10436082599904643,0.2052900244703769,0.09447445367814761,0.11631623938292063,0.053901743034345896,0.0755730609026471,0.11497235029549335
0.0662457316843379,0.05645402252655727,0.1110107400580657,0.0734952528710364,0.23572721109800154,0.18507204083187567,0.09314090989124257,0.07198603171925191,0.10686805931963106
0.1267750669323387,0.12852928998789379,0.11106396401827984,0.14102811354231187,0.06689536049323934,0.11853862999328234,0.07859459812437375,0.10530181665510836,0.12327316025317199
0.11762202319826807,0.0789875809124361,0.11085935197333789,0.12441941261619031,0.08724626851171931,0.09652627990891159,0.09419035592646352,0.16313922453724447,0.12700950241542872
0.12974912674774783,0.13814291615024313,0.11418471258649104,0.12417190331785934,0.055879181639294506,0.11839867584149837,0.08841192322352404,0.10740571537698851,0.1236558451163532
0.11023622804632371,0.05374372119782786,0.11473171919660545,0.0755410318308994,0.0720818721749265,0.06789564000012736,0.1517097650508997,0.2241150638378555,0.12994495866453445
0.11487211030339628,0.07774888205340501,0.11120862256041202,0.09587128351577079,0.07846864690700898,0.08821722395475247,0.12059906727509027,0.1850476770139234,0.12796648641624084
0.11904683550040601,0.0656013551244894,0.11960864692010648,0.10761013604541092,0.06736159007657666,0.08200276974668988,0.1141464520295115,0.19091413079473007,0.13370808376207904
0.09843078281891704,0.22304873057262045,0.10955126879993941,0.12101546049536059,0.08696003080319227,0.1435025583544851,0.04999946781513714,0.05908272467772118,0.10840897566262679
0.0729510316185537,0.37442604233180393,0.11888999168724163,0.02828168546314885,0.035066793636654985,0.11558290472001759,0.08545587773601315,0.06310885959815311,0.10623681320841298
0.11042990152512488,0.06541645002781392,0.10067150737928826,0.19984063412888198,0.1415403904970589,0.09205052313980304,0.056667871590976526,0.11921491663387596,0.11416780507717657
0.4516116695714367,0.023468708713130032,0.09786215995657055,0.015985555210103138,0.09981535287265325,0.04073274986777711,0.19756593749284734,0.0031348232992825086,0.06982304301619943
0.11950925030976449,0.14071683960501077,0.11435252694895974,0.06176508034823583,0.04058223628818976,0.0925101761675919,0.1688839823080671,0.1372019819696374,0.12447792605454296
0.10849270456684872,0.09340477185633618,0.09391398340812485,0.2606542098389803,0.14302779155934828,0.09772608125183108,0.041109983537772544,0.054283840262756344,0.10738663371800188
0.12557229057016236,0.12758745638527436,0.11040096782213267,0.14126651858413486,0.06830021609220577,0.11734680048586726,0.07838351595669957,0.10813860190764919,0.12300363219587389
0.09638020364894063,0.1489832819428055,0.11973480182577183,0.058144064678828294,0.06499348265300608,0.16582131372642658,0.14358787568430992,0.0852557351675428,0.11709924067236833
0.12850197684017242,0.12956506555961061,0.11051352631637955,0.1656557160146552,0.06951538687720972,0.12090358584871153,0.06656377613570835,0.09082513317305584,0.11795583323449688
0.10092023773133069,0.09861329612850685,0.11196808647884841,0.03207327168679689,0.03289369673600216,0.05274427278210417,0.3025558097112794,0.15251896832608117,0.11571236041905025
0.1244294101972118,0.12796762597727224,0.11145299542596043,0.11608036985349728,0.06293620156084713,0.11358258106715546,0.09518521520223087,0.12117780720277717,0.12718779351304774
0.12417522955907716,0.12000582042426745,0.1067003098083703,0.18749721958707144,0.08388300749491762,0.11774313947627386,0.05918698846357597,0.08533216004802223,0.11547612513842404
0.31365552021893994,0.006992523774108218,0.07560320906449751,0.01198627675187691,0.08467576188135671,0.0394741467658341,0.34113172951859344,0.041599419007882645,0.08488141301691049
0.11389980119833554,0.1312314501010143,0.11201728284672811,0.0510771887099459,0.04141821539042907,0.08215876550647243,0.19956083953403322,0.14484319539900634,0.12379326131403522
0.09582225215484598,0.040357760977356126,0.14306142940918443,0.08649604827172419,0.12574154929600326,0.06240208500303696,0.07663416815332316,0.18418299674220637,0.18530170999231946
0.12604527405236562,0.0938095354703981,0.11649415051623614,0.141643793932997,0.06973009944761542,0.10493584789257333,0.08403031315708503,0.13810409415983113,0.12520689137089822
0.12090733302869357,0.09460502102534794,0.11708133776224632,0.09092530743616867,0.05726123934635816,0.09263362798566598,0.13040566155786645,0.1661011786564611,0.13007929320119183
0.12136590090674078,0.1167544570071463,0.1060884688643529,0.1674370237417574,0.0855078920593854,0.11504750716944805,0.06692183121095978,0.09990792533918143,0.12096899370102798
0.1194786219706675,0.15264874280157772,0.11532427210146244,0.05731418604842826,0.03440824211571466,0.0895734831529184,0.1767722000601236,0.1333535117423709,0.1211267400067365
0.13280048372026043,0.14855338397771234,0.1158527315342135,0.12823844413294938,0.05008016323828061,0.11898093691758405,0.0842619131143413,0.10210231777194405,0.11912962559271438
0.10297025222826166,0.02003852023818931,0.10551207142922862,0.11441152870932791,0.17409067303819326,0.04972898862876707,0.07514119297111437,0.24700227140021747,0.11110450135670029
0.12287765046750572,0.09475661062658398,0.11778564878227117,0.1048239272043983,0.05908650535086681,0.09613379124177797,0.11369917570866876,0.16165838111585804,0.1291783095020691
0.11667698721343674,0.07518445903469445,0.10548118008270824,0.20284719195297193,0.1164454826762057,0.1005468913632311,0.05639057001587458,0.11143080245940451,0.11499643520147285
0.09722241336566874,0.13912551675832865,0.10745001200730402,0.02212011867910949,0.024975053344835286,0.050278154314920394,0.35294885073271653,0.10492499130033833,0.10095488949677844
0.09427457454840593,0.10347209406580858,0.12974399017037105,0.027831621743702656,0.11533117691333035,0.1334501747932283,0.17563731441652272,0.09393470766285474,0.12632434568577575
0.12733014360899655,0.13289998109975423,0.11268970436994179,0.12395062742185248,0.060287949030263986,0.11684710431724628,0.08888525762954091,0.1128427223345851,0.1242665101878186
0.12753414027068635,0.12788767306982327,0.1244818512471546,0.07749377934612889,0.03452751025979986,0.08708820376008765,0.1563543363402782,0.13528756344079576,0.12934494226524537
0.0984377905087238,0.1337317628462166,0.11748496008442932,0.16336867116653173,0.17027705332543586,0.10424329911958259,0.04710352454053927,0.058642860114270556,0.1067100782942703
0.10527460343690542,0.054960096049435886,0.09500527388355613,0.010998930136146445,0.09907724918954756,0.15647789676314208,0.3519930152294372,0.03888375029331692,0.0873291850185124
0.1256289215885114,0.08815169570013981,0.11299995659982204,0.1875192391268823,0.08539038220065416,0.10756848465131576,0.062218881252495195,0.11271863317607629,0.11780380570410305
0.12541763682304818,0.09001169894581697,0.11603120087814571,0.14510579440368507,0.07317180458877381,0.10420735186135467,0.08211593330277138,0.1394183964844199,0.12452018271198424
0.09560767072808098,0.2132860125834739,0.10932669077742108,0.0920109142096116,0.08363866476939082,0.13927580417621513,0.06606972418671522,0.0823644629652484,0.11842005560384276
0.10243361984648885,0.09100063207803755,0.10111358049646706,0.12731538316656857,0.17212603445535676,0.17839658425453842,0.06657362417431885,0.05436209042423304,0.10667845110399087
0.12193232797614569,0.12744575419130952,0.11157608149891551,0.09637771965916353,0.058920425444523646,0.10731081340087374,0.11356070096242114,0.13387035204070638,0.12900582482594072
0.124811890168754,0.11886747316264186,0.10674236077132797,0.19076865256516415,0.08480806722829763,0.1187338692621232,0.05809109079088909,0.08152034982298491,0.11565624622781716
0.10034023126327418,0.19323277473176373,0.12277301443497933,0.08377686594327653,0.06852051467542407,0.13447840100382,0.07297044960468455,0.10360276144408764,0.12030498689869
0.12589189848549034,0.13078042279866647,0.11254213103092231,0.11390063565921871,0.05981507792596883,0.11444004127980695,0.09696709090990836,0.11853557434032637,0.12712712756969158
0.12810219788348412,0.10270538482981446,0.1201618784736086,0.11879469730425955,0.05574621950012134,0.10186707903643132,0.10153999670171669,0.14284724179984318,0.1282353044707207
0.11086893301073193,0.06578266005812403,0.1253824633584096,0.06662881587729887,0.0387164021346691,0.05143016024705748,0.1988133002595686,0.17040567810430715,0.17197158694983325
0.12613970428653065,0.16002216160697535,0.11790262058727217,0.06921978874107332,0.034521818447385326,0.0986318509967163,0.15098296372611159,0.12075822618758436,0.12182086542035087
0.11345989394665355,0.07275112452485422,0.12002915669269161,0.06861528068817084,0.04812021852821258,0.0681321448820885,0.17792398904349785,0.19289545159721677,0.13807274009661405
0.10148521646832726,0.02619696099316136,0.11485256856738475,0.06151649550056964,0.08660832675645891,0.04180295222036099,0.15765824062586234,0.25976885452439874,0.1501103843434759
0.13036367519690306,0.14401782853258607,0.11560221182375956,0.11286841843421012,0.0501812050444763,0.11635549043665461,0.096441638348938,0.11063154603674887,0.12353798614572332
0.11710879634757836,0.07454570975593094,0.10624115186967766,0.19850238784670451,0.11420927037472574,0.10041862227696269,0.05781679871051925,0.1154732478413556,0.11568401497654522
0.12837196490645997,0.13070479582526137,0.11206890760997734,0.13952228810086806,0.06422755472847362,0.11976658501283412,0.07941763696088806,0.10254764179144286,0.1233726250637945
0.12377184917467388,0.10989542069794395,0.12107685328346147,0.08193942873833705,0.043259860638428876,0.0895262904471033,0.14618966771701636,0.15420024669115284,0.13014038261188224
0.12743102273671814,0.09820643865934509,0.11826530691825408,0.13189385330224787,0.06305401284616056,0.1045600764779628,0.0908613980592909,0.13870347663239221,0.12702441436762832
0.11480244276553396,0.041538127169290194,0.12767505381047228,0.1064560778469188,0.060691010721338874,0.05330158853931738,0.122856809980888,0.1907060374918962,0.1819728516743443
0.2973108458181698,0.03447731922159917,0.08693513543049447,0.07953868464014768,0.14545756379165,0.13572526114138017,0.10017349228068488,0.0329828693137539,0.08739882836211989
0.12243103539172046,0.11475544887714835,0.10487628787086506,0.2005550651098662,0.09181422489821271,0.1165452151642248,0.05527694270885427,0.07854981204493207,0.11519596793417601
0.10243945656342318,0.22765414948555532,0.1270891323113653,0.05374555925145074,0.03801133376185397,0.11241331593850086,0.11512053131291193,0.10050215113732046,0.1230243702376182
0.12642308106040367,0.15446603676217152,0.1172667293563473,0.07514798792859605,0.037876465577018105,0.10208830095864911,0.1405331477880505,0.12281925389175435,0.12337899667700937
0.04565913548873974,0.5512897460713649,0.10098421802482314,0.01673191670185704,0.045295483832981154,0.11040085500183149,0.035806936179709,0.01978337362394763,0.07404833507474598
0.1192652019189906,0.0998992325976969,0.11799162131201386,0.07734168865662167,0.04858953367347557,0.08653525321826329,0.1514802559742426,0.16942865841968846,0.12946855422900708
0.08015457998254051,0.14232516891650085,0.12461895110431592,0.14208898595161398,0.2545076700224302,0.0816174899869656,0.03947633551060102,0.039437636201874515,0.0957731823231575
0.08422985095186092,0.08502604948676325,0.11765063838118245,0.05659487189657939,0.10546354143150505,0.13955257454194234,0.16089793265477312,0.1261225544939675,0.12446198616142597
