0.10529014207613445,0.103219928198235,0.10882593589675611,0.12052724140832827,0.11767841447435257,0.1898237453133099,0.019135059070229863,0.11782039647786492,0.1176791370847889
0.11567912144027281,0.05446288339143976,0.10824027132223668,0.11065945703078835,0.09206762985278938,0.28286527422673247,0.0782355262681592,0.0877093863697182,0.07008045009786314
0.13563104478531648,0.07781880103221656,0.11848701146680045,0.11162867513995926,0.053638583454276745,0.28176983316685683,0.046416935185840745,0.0775239163675585,0.0970851994011744
0.17930284792459536,0.14798351682868588,0.1073192466140574,0.09808134955568586,0.07279747641861035,0.021740725571684105,0.11899146675518825,0.09747938941791606,0.15630398091357675
0.07434696303620576,0.06680582726851801,0.12308072060771713,0.11899701305787798,0.19781863910582262,0.04521211701520975,0.14837164300881137,0.1300657514974117,0.0953013254024257
0.11297448328842345,0.0734052348480847,0.10512492260032143,0.12288400402714932,0.09947158355890391,0.2624796874569273,0.019919266082968425,0.09640967525695916,0.10733114288026234
0.14946567686263665,0.11452780632986344,0.10894967529523714,0.10974132233574392,0.15981014197025176,0.019735663765483923,0.17985607992366773,0.08319872281986569,0.0747149106972497
0.07542092372720183,0.0793062197497638,0.13057521832114596,0.15137812130248077,0.07420465996529861,0.09871179570878834,0.14648861761455037,0.10808175803445264,0.13583268557631767
0.23774859032452064,0.1434219423377592,0.11745180528763066,0.12020270409869697,0.04793040030409176,0.03395920701744116,0.07663641310123749,0.11842583469362968,0.10422310283499249
0.15931717687017946,0.10862971888041995,0.12575347539686807,0.11464577931451525,0.0983124191465473,0.05833377173484961,0.07411011792760944,0.11456809137389666,0.14632944935511424
0.0925502320126098,0.0630531826891168,0.12054249391601456,0.1148304561382741,0.08838958134544432,0.24442207119139536,0.037661609779449136,0.11850949446440845,0.12004087846328743
0.07829830699517538,0.12418631732655006,0.0667546423898816,0.0647082650167543,0.044235349435056574,0.40364577787010253,0.0377755586452195,0.09968667650581724,0.08070910581544287
0.2675168163227835,0.07620117866158238,0.12331848015301855,0.12467377483389956,0.039688722495352734,0.05084601787697839,0.09379365485010793,0.09805629179865094,0.12590506300762597
0.12450469692513078,0.07600292962998269,0.08359520060419724,0.08626402537653242,0.035308390979257344,0.41972904254123056,0.01809341004771935,0.07868413686407282,0.07781816703187679
0.10587327403053852,0.11779497773529957,0.09222557361012956,0.08064833513336846,0.07444015333291566,0.2052796438813059,0.15890263490838066,0.08301061442955483,0.08182479293850688
0.19658865400186196,0.09873086012116734,0.1266550211300497,0.12217668160575251,0.09942903215681921,0.09046788896557743,0.04430959248765553,0.11685015112044934,0.10479211841066692
0.11314149221091281,0.06647686605463227,0.10699450397153036,0.09089841919065404,0.28032312813680865,0.13678913723900524,0.04917041558979298,0.08781750092829314,0.06838853667837051
0.13961658019961978,0.0698888277556543,0.12742701449596897,0.11843821887671913,0.07887225892876312,0.12519975642659434,0.1482165036868433,0.09708652788488152,0.09525431174495551
0.18538918577247118,0.06363326384521568,0.1421992350995556,0.1284607373923057,0.10510958021873762,0.06335346422182618,0.0665812276550402,0.12094347056207054,0.12432983523277723
0.17917591711905753,0.11739892852864871,0.09343255918486958,0.07812795689406032,0.07388586779085729,0.22772219292918616,0.04888759515240365,0.08790461648505717,0.09346436591585956
0.12614366961528709,0.12748661078413961,0.12646198629334546,0.14673490444669332,0.09298901020570295,0.052676851305028145,0.028447275755552944,0.12648488279799738,0.17257480879625312
0.11126680721521683,0.08856432931455586,0.13451920312339194,0.1294933684509747,0.06920602627700705,0.14772520253793553,0.1442120107923882,0.09119825623417248,0.08381479605435728
0.16921796067739517,0.06929629081093333,0.1484123308970784,0.1532052324382838,0.12557792906529505,0.059403668864845854,0.05752732275348901,0.11095642530038684,0.10640283919229258
0.16249490003413367,0.09153792672060002,0.12490697519550098,0.10365973040938907,0.13958302554159294,0.05731719167099433,0.058325305139417145,0.1337621647538792,0.12841278053449265
0.058170981528365466,0.09893969399599838,0.1259387747055139,0.14650648777805575,0.056515981252682486,0.18411177487703892,0.06915497630509286,0.11175298981098654,0.1489083397462657
0.17771709854582415,0.10406264014145346,0.123145305728944,0.11329482239674034,0.18660696321171563,0.05021207025032387,0.03361076029009711,0.09763669325284062,0.11371364618206074
0.15342043588873494,0.08434496576252998,0.11677540957318389,0.11238629969805651,0.05435528267154969,0.19210348276802583,0.017514654854086594,0.13325643998645234,0.13584302879738008
0.09595778322925323,0.08933886460156358,0.12461640465842751,0.1191135044396117,0.15873307162549544,0.047027701809776036,0.10637029485648014,0.1380422701401279,0.1208001046392644
0.13195489108248604,0.11209076262149299,0.12110586300819892,0.12905930635764676,0.09750691479456831,0.16742660940046772,0.03657311527034184,0.09804395570232648,0.10623858176247092
0.1018344752528747,0.10826559957424169,0.1242823013036057,0.11724228970697537,0.10635616465464966,0.0573684860920061,0.12946673177998438,0.12031081048574761,0.1348731411499148
0.07223137487448268,0.1399203628897678,0.08827613218902904,0.07292580163045938,0.07779446487049121,0.27897175883292097,0.08558408526830032,0.11143267275060852,0.07286334669394016
0.10696853914865168,0.05345256938700907,0.11830794366970869,0.10742864179167293,0.10443298781764698,0.09858297229047885,0.20140814309102692,0.11081117616757637,0.09860702663622851
0.11688314167273144,0.06720272413703898,0.11769487426085538,0.1230122302818097,0.0646026412609672,0.3121798587022541,0.023773843007530635,0.09437667100190557,0.08027401567490695
0.14962140888671166,0.16727118465644727,0.11022339026716677,0.11932161403359447,0.1281696106010863,0.03915989680543059,0.039526145129117056,0.1306363232429695,0.11607042637747637
0.14488446167483773,0.12002552809074536,0.11262916242099132,0.1264157266295304,0.13539278508173302,0.04711716019719794,0.06629815963013407,0.11069599156866357,0.13654102470616647
0.21370486635722374,0.08702452323127845,0.12594483978043383,0.12328417280249772,0.08617756702807866,0.0636980156058093,0.08090597097319267,0.10821804039055194,0.11104200383093361
0.14688301993251107,0.14492346026659186,0.10928113659442822,0.12557679685470988,0.11555402406730993,0.12871755934362003,0.05938871452421057,0.07542828104471476,0.09424700737190368
0.10437127238261053,0.09070854269944362,0.1340587271735492,0.13735229555182507,0.05385513674830835,0.0883965574561481,0.12639301915524193,0.12215616859902856,0.1427082802338446
0.09404131906284145,0.10162114517221572,0.1255776391217746,0.12516338803598157,0.05281636398272347,0.058667563219505135,0.15247988320297734,0.18126757444640065,0.10836512375558005
0.10251750339341854,0.078763723116706,0.12358268071827855,0.12401263105087452,0.1772881874071127,0.11146689197274216,0.042829727020216146,0.11220775660061062,0.1273308987200408
0.10196886388266925,0.06481841544855536,0.11349608464806644,0.10726196213150307,0.0721278166156306,0.1721573571416947,0.15348655720937232,0.10391232787153533,0.11077061505097292
0.06712615496230646,0.08369390357595635,0.1155005231282169,0.1029268348432546,0.07377299925095555,0.09418355326839807,0.19268282906036902,0.13560549860745094,0.13450770330309214
0.08018073985846023,0.09394858660550988,0.1258879195791048,0.12920643237760712,0.11009397413244128,0.16791444594801022,0.06456330144987286,0.11575483248305156,0.11244976756594204
0.09918100201512374,0.06654871798731372,0.11785244253202713,0.12049018920851977,0.07331490804481322,0.04063968644375118,0.2479899975150737,0.11272428023364738,0.12125877601973019
0.08711476602101552,0.07913489914928913,0.12572624281309364,0.11334081825201088,0.11516723775139308,0.17493386112971435,0.07937093039625555,0.106730666549976,0.11848057793725185
0.09466421395349393,0.1044810193017175,0.13081100740927762,0.14316887326048697,0.15107062193803455,0.10722762781521304,0.037991673461951286,0.11347791820405317,0.11710704465577194
0.15464202179226608,0.08156264351074703,0.13984267496312175,0.16381783583887424,0.14161900590120022,0.05100430558303809,0.010165867874685805,0.12341230583225538,0.13393333870381133
0.15879347151249282,0.07534630859713262,0.1370682109054426,0.1134391290837475,0.09234106565916067,0.11508952797742607,0.09124570161694445,0.09059232326603184,0.12608426138162143
0.08251154286373585,0.08063766426246959,0.13546507553165413,0.13274060010437103,0.06507240689356963,0.047134449340469176,0.19009690564522028,0.14405484375017386,0.12228651160833641
0.14390440160429294,0.07921522852399134,0.12965554187700154,0.11005705136881876,0.13192156688701928,0.03215372863922044,0.1486603991877087,0.09364115268391675,0.1307909292280303
0.12798219980507508,0.10989608393150313,0.1342923023975848,0.14762383894024858,0.07703581764462127,0.06576315161852443,0.13634385053112272,0.09123517801919306,0.10982757711212694
0.12863341584440532,0.07596005221830959,0.10628189922095982,0.10507794781183044,0.05165278680514109,0.32124341428950176,0.05321290633321212,0.08638882458123343,0.0715487528954065
0.18088556908356726,0.10472986066802918,0.12969686172445788,0.12835914604518237,0.08471688057458464,0.039122428896281154,0.0975328336799799,0.1307648755692518,0.1041915437586658
0.1294162964207347,0.10079884019086088,0.09923785495809594,0.10009053610284664,0.08359327511549658,0.08186973869339419,0.20679401513334938,0.11253191076521013,0.08566753262001148
0.08199863536888863,0.09678176190654895,0.11449277092798728,0.11285708182562582,0.13250157294054762,0.022961244182572605,0.1931849667335317,0.13898494050379925,0.10623702561049812
0.1687204861984225,0.10130108947909522,0.11658783215302904,0.11323074462812315,0.08432588177939591,0.17219792996579555,0.015287173985393615,0.11977479298432757,0.10857406882641739
0.07641216336326294,0.08950006025614132,0.11017909300791852,0.08525963216184411,0.07873166338758608,0.2967640160244906,0.08508076150249527,0.09302592802684397,0.08504668226941714
0.08465844000544277,0.1047022253535392,0.11965120279573933,0.09492915530812651,0.12686419801882678,0.051367527325016434,0.21276463587788028,0.10943303833169771,0.09562957698373105
0.08769283967852715,0.061159667661052325,0.1493292927909459,0.14637442964651928,0.05929082243048561,0.09649793866246614,0.14750909962060235,0.11811668889168137,0.13402922061771985
0.1551937888905608,0.06780988967539717,0.1347334755442593,0.12938466915791413,0.10124567015703495,0.14200688107495726,0.05666555593028664,0.11825135001119742,0.09470871955839243
0.09329867030734529,0.11261903838141246,0.11082859848969812,0.11096870435323125,0.08696045696207766,0.04948985542437866,0.1828607239156512,0.1222641487316118,0.1307098034345936
0.1018344752528747,0.10826559957424169,0.1242823013036057,0.11724228970697537,0.10635616465464966,0.0573684860920061,0.12946673177998438,0.12031081048574761,0.1348731411499148
0.09957996985963309,0.08948450811979647,0.09312111794138785,0.0858499524023374,0.05596245844140566,0.018416087897574835,0.3639768661848528,0.10973635634406705,0.08387268280894485
0.0760011981065898,0.07002201671462754,0.09635083631805012,0.07728138673978019,0.10967690603641878,0.251850239229324,0.1721795234007364,0.06523114537847503,0.08140674807599806
0.11939910822527494,0.10150351493800787,0.1145963066959415,0.1198085216237826,0.10860368810116383,0.058638030106535406,0.16127911177202545,0.11584666423364208,0.10032505430362636
0.09104509792303499,0.0718222642155941,0.1159456160427587,0.09613105857179204,0.1391543254604173,0.07513976357560652,0.17254998580783262,0.1249360794541957,0.1132758089487681
0.13497978737215757,0.08862276139772396,0.13490512324255374,0.14790426531452647,0.05208219888293956,0.044722766553207026,0.12820721706460378,0.12983423307752928,0.13874164709475859
0.09756874330193822,0.05517865055057366,0.11157486498777847,0.15469095325258844,0.03218471428686826,0.3163674502882128,0.015965435031351147,0.10770051102961246,0.10876867727107646
0.06323041537270649,0.11130842423838659,0.11796113168268697,0.108697837630699,0.18041096377062107,0.1021712071166934,0.056176318309983986,0.14220006325469942,0.11784363862352305
0.07369426317435883,0.06050591246312562,0.11743504646032021,0.10592960573934607,0.09617086483689463,0.09746125175923137,0.24723187504222335,0.10980304488051139,0.09176813564398856
0.06571573746971045,0.09053554008624205,0.10866116895761081,0.10767517245991853,0.06980200245613218,0.010512136543395343,0.31595023371325165,0.13100829464227423,0.10013971367146474
0.12332227992753654,0.13510531090559422,0.08947652341730343,0.08726151159473468,0.12275374219737016,0.13134903303422477,0.15379773719935205,0.08022965782232128,0.07670420390156298
0.11152335610516999,0.13652432391386068,0.11174044595072141,0.10477264871656046,0.19742461987551108,0.09733533372802465,0.039172048549938686,0.11127307505252977,0.09023414810768328
0.06915333187325375,0.0862960523749192,0.10437567839084054,0.08483281871994612,0.08421576856304362,0.015839009086170055,0.344733140958217,0.10819500235127662,0.10235919768233305
0.0960769662277679,0.14237284674716286,0.14833691049633113,0.14880726037322148,0.07487430824248119,0.02026804446294036,0.1135292584674656,0.14149557766680104,0.11423882731582846
0.16135137823057707,0.10297726534583902,0.09869304479325396,0.10983659848501799,0.05492555594421286,0.25406080042315066,0.007834353011921253,0.1047976824729665,0.10552332129306069
0.16185633451200118,0.072988271586178,0.09863240811454095,0.09643204743667115,0.06296708446738289,0.31470231156975825,0.0050318750088120005,0.07863237652389697,0.1087572907807587
0.0863533446378848,0.0957104550612642,0.1362423933684792,0.13218562744989673,0.17381623908419205,0.03593024628475304,0.07262002662027503,0.12862639533911166,0.13851527215414325
0.10323227549560891,0.09767577469173117,0.1111554341207139,0.13927047369982484,0.06897737526314704,0.2655962914442983,0.017881344665043902,0.078693661768167,0.11751736885146495
0.21526438834919626,0.09087177668805739,0.09439349163370402,0.07816227108818563,0.0604218703402937,0.2960271933785869,0.009826808701364162,0.07399819386443253,0.08103400595617942
0.22080360065635696,0.08124776223737556,0.12127382633180088,0.1068994145404743,0.03596721452164075,0.11600771186213871,0.10514100359639215,0.09429889773127176,0.11836056852254893
0.12831717807168677,0.09241627859997137,0.11436149166199983,0.12307042074122505,0.12113328127850409,0.134050524122168,0.07189111985643154,0.10788017825195197,0.1068795274160614
0.07883451445696403,0.12857391013021138,0.10874908072960267,0.12906247444282928,0.10604726594104215,0.09193274009329917,0.1387041094175804,0.10403913576996886,0.11405676901850204
0.09437270548822883,0.08648691825063486,0.09549338246205719,0.1010282516099234,0.06830973581833126,0.3382508003591507,0.01451262690300952,0.08547530286203354,0.11607027624663069
0.07366943653662135,0.0931525410433013,0.10184865478855698,0.10155915118508148,0.0694030389741841,0.09442463520733296,0.29841655233930897,0.07956883891320538,0.08795715101240748
0.1278925344322369,0.06373278211271455,0.15067985012611726,0.11608479211515021,0.095319036705249,0.023192350090244496,0.10749322284495162,0.17089020793566542,0.14471522363767067
0.0657553578123295,0.1451197174519052,0.09895934754754261,0.08263462250383347,0.1440583016404232,0.05742110608969411,0.2304840822775359,0.0798557796712481,0.09571168500548795
0.08897802522047192,0.10930399939467435,0.12677866934094376,0.12359942452949095,0.09993670108780561,0.033892817474716876,0.1686180202728533,0.12552930790220282,0.12336303477684045
0.1436190306905252,0.10812743829398891,0.10799515436396588,0.11391145206915236,0.06503677614134912,0.2280505505328074,0.05298683861959047,0.08375273293886924,0.09652002634975138
0.09787692205542288,0.08903920919094495,0.08577242858541272,0.09688481731680737,0.04353574277655256,0.3315456303339101,0.09409175854277257,0.09321557748086062,0.06803791371731628
0.12892335334321245,0.11342240574451862,0.10829461397628683,0.11399922496073543,0.09856899298293116,0.24643983378662163,0.02717816476727315,0.08744082189600666,0.07573258854241406
0.1749854838876164,0.08332490982446734,0.1451908536568088,0.15016695593058924,0.07683462940422546,0.0957934241906791,0.05694269818230236,0.114779335307713,0.10198170961559828
0.14080292029718208,0.11152507113252517,0.11571812252430329,0.10881098696069148,0.09972547138182346,0.13684619862760206,0.066080206045926,0.118712091644623,0.10177893138532347
0.10359103881599159,0.14004475227807622,0.11032353903583643,0.12300961548444811,0.15551351132008784,0.02864638339912111,0.151282451136445,0.0903341039694213,0.09725460456057237
0.11047803834140495,0.09908772363357858,0.10810298386239946,0.1268122362868823,0.0675647405420781,0.16495609343640297,0.030286357770526587,0.14006840102848803,0.15264342509823903
0.116383453127708,0.08780992151098894,0.12438190648048607,0.11111507088101118,0.14615758788135874,0.03767589541523796,0.143935525019532,0.10481805027744238,0.12772258940623477
0.06483561813999489,0.10322114534592848,0.13314417444489923,0.11478334535920957,0.06932004695036527,0.08044885707246872,0.13713920814394867,0.14738823755927657,0.14971936698390864
0.24566412659976034,0.13908737856415454,0.09875347944872764,0.09583738919498057,0.04146019590744757,0.11370545487065968,0.047248357008607265,0.08597891854716237,0.13226469985850003
0.1704197791076318,0.14957690080826488,0.10975574403432808,0.11419123411534558,0.07252716242793399,0.06395020851041115,0.10097302196393065,0.09835378023963409,0.1202521687925197
0.08582755636101713,0.05685479440398481,0.10872927637614198,0.08415222572545618,0.06331863908871105,0.1808369316285625,0.19939391355634625,0.10020909489354772,0.12067756796623241
0.1086531974736276,0.06452944593225468,0.10105956685186317,0.10472788848062752,0.09954049589805619,0.20717546700599354,0.13810746616650074,0.09046698151082722,0.08573949068024937
0.084781024560502,0.08257265290303437,0.11657543389331393,0.10417749693100363,0.07395869755144303,0.18446124952354057,0.0869511064548713,0.11673788803624698,0.1497844501460443
0.11499784444224298,0.07051873923709617,0.1245786412131894,0.12820023735835642,0.15485633775976218,0.17004260667639795,0.039230501096328536,0.10166858714476641,0.0959065050718599
0.19115149657594754,0.07007479700043598,0.12731993579746934,0.14976662563850077,0.07858386038525862,0.14291749812460128,0.050885867121361346,0.09316344984918268,0.09613646950724253
0.23050524757043603,0.0660385873314449,0.10869054571045104,0.09753158871225871,0.14707157082273828,0.10193668858113385,0.0744822332077847,0.08139793651089566,0.09234560155285686
0.23725946127223874,0.1561557337515447,0.09042364567464634,0.09471522353819349,0.07561989063411433,0.08122472837891333,0.0825748527184834,0.06920272892250985,0.11282373510935577
0.12208752611661744,0.07229019019379007,0.13458267837243942,0.16991321967278195,0.06957675482961313,0.07972138063315527,0.1473553294552669,0.11188473894066502,0.09258818178567076
0.11173373034866248,0.10698557556455207,0.12225607076842882,0.11144640837083504,0.10820347745109114,0.16971605033434767,0.09328358582542962,0.07624000670132082,0.10013509463533232
0.08766820726011804,0.18315480234949785,0.1042761063464329,0.11407823615422824,0.06777852506123573,0.09227245805145316,0.11313067114432274,0.10808252797608081,0.1295584656566305
0.14130795507851038,0.08960120422507349,0.11920260979932573,0.10512617304054112,0.19021745762232636,0.12426015052666256,0.06189390270341124,0.09479777175104152,0.0735927752531076
0.13868086218128542,0.072918090911866,0.1079702395744755,0.10036357231141725,0.1519609858081237,0.15740576701380096,0.060313397552571486,0.10097992788843597,0.10940715675802366
0.10036639258445579,0.08641339923726239,0.11973457478913023,0.12015771730502478,0.05871835338380874,0.14231487253395578,0.15444545428123663,0.10139128675848226,0.11645794912664341
0.19855955465490713,0.08439453960344524,0.11370306599638276,0.10660812699912087,0.17141916473883792,0.05824740488025106,0.038457309028479186,0.09367541344150272,0.13493542065707317
0.1887303557355432,0.12271096250531366,0.11896351481550188,0.1103963679731651,0.10266376794620513,0.15300271707468757,0.02384067806008537,0.090553375270495,0.08913826061900305
0.10857781109371666,0.08671825849627135,0.15622520172120738,0.15790914052357144,0.13022447482249375,0.05139137859001685,0.03882641819558883,0.15441124734286218,0.11571606921427159
0.10349895079446038,0.10715570205328495,0.12150900820835252,0.13569507146143164,0.07565485087124284,0.09466856458111494,0.08883523636581682,0.13440830008253607,0.1385743155817598
0.12208752611661744,0.07229019019379007,0.13458267837243942,0.16991321967278195,0.06957675482961313,0.07972138063315527,0.1473553294552669,0.11188473894066502,0.09258818178567076
0.06249507222207413,0.08778898690495461,0.08333181812202349,0.08802541878294175,0.041894686025458344,0.3618699610636475,0.10770295479335139,0.07777668739425313,0.0891144146912957
0.07153995624039133,0.061266156274941606,0.09743052463431019,0.09845642092230651,0.07259994533073422,0.07079688109521602,0.3236396165167435,0.08784245080032159,0.11642804818503498
0.16038979988926702,0.08118437528916712,0.13989722694729403,0.10930250090171738,0.13774251177107122,0.05880822956960622,0.11659339189555361,0.08900061818789806,0.10708134554842536
0.11548246141006006,0.14865952550744707,0.13127286133729635,0.11785171790462261,0.08376593566772776,0.06060975361567211,0.11066012489487846,0.10142627911912161,0.13027134054317402
0.1195155024342572,0.07082119033689026,0.12592437831611672,0.12051621394496477,0.10697891456126712,0.15513026919495537,0.10034945884449924,0.09876148515608603,0.10200258721096327
0.12919775722016802,0.08243352491855228,0.106449994891426,0.09858206418330995,0.13920618417001038,0.08676278852938085,0.08817223863985436,0.12459397173032315,0.14460147571697504
0.07452812189683823,0.0886268048607534,0.09896421457315947,0.10065058180829317,0.11451855712357795,0.023107091094732784,0.2945263779939536,0.10250598258984873,0.10257226805884267
0.07301285462604178,0.10348466020742479,0.0905236227185447,0.10623815708936779,0.045611264928658614,0.06966552352623062,0.34270781920926957,0.09581277065142584,0.07294332704303638
0.14875540292033854,0.0994681335733061,0.11591347602722979,0.11311670990602803,0.06200923826652952,0.21379624597686622,0.08828050536847325,0.07175057010147201,0.0869097178597565
0.08524724453129008,0.1538821777060808,0.12258699645806603,0.11959620408723026,0.1708064456816969,0.028875801611012688,0.06578819207071414,0.1331314915785477,0.1200854462753615
0.07909034557322274,0.08082899179556173,0.12185671134812827,0.13497373788404957,0.13288919761206963,0.07386264081713727,0.16080772907776356,0.1227880484956384,0.0929025973964288
0.09254083898815178,0.06742275853629903,0.1082156758691436,0.12157795985467224,0.08576339206425364,0.06528610847494563,0.22198880390960707,0.11533136961780872,0.12187309268511827
0.1268268182847787,0.11658703283037151,0.11922857007282835,0.13728306462551904,0.14002696503777864,0.06156473564991777,0.06046547268297744,0.12306657336997649,0.11495076744585205
0.10094692502056407,0.06683089842937856,0.11733178570735985,0.1170672639136952,0.24789340135793678,0.06853307209993098,0.07766726305829082,0.11654755927152334,0.08718183114132035
0.09239985511847083,0.08754071741205821,0.11501165037780753,0.10082535812579084,0.25431342340746155,0.0306099406107566,0.07162293807672211,0.10908107691052354,0.13859503996040876
0.1231335763511704,0.08438635328885645,0.11901110065834893,0.11388119353614629,0.07996048135749771,0.20547860098171955,0.0862357469130338,0.10567006744707048,0.08224287946615634
0.08682618913588798,0.10012562003049612,0.1257245534476715,0.11774886977863645,0.051932466115676486,0.14416817712510785,0.13745461468748832,0.12537836973649266,0.11064113994254254
0.17536205498320503,0.07890161640586864,0.12406497843900884,0.10474653359417875,0.054511799453125086,0.2319025958489922,0.055295258592732786,0.08376854791901882,0.0914466147638699
0.1588448830496578,0.09575622594624587,0.11544582222043938,0.12069839655529173,0.09038828879184428,0.03534200724672665,0.1735169794773236,0.09232437809308928,0.11768301861938142
0.06775996057664681,0.07209484850619743,0.08747814071120043,0.10761922889769099,0.03835071859884271,0.3711019933691409,0.0962049077313511,0.09051970107889691,0.0688705005300328
