0.1417970518340047,0.06351571558360249,0.10122867902321893,0.11945477777450235,0.15213856164875147,0.07451001669841882,0.10663733409151298,0.17262686131098523,0.06809100203500301
0.15654217916182975,0.07118194155250333,0.11343319322955248,0.11973806287349875,0.14686997209688377,0.0834486233801372,0.13710675473871264,0.12213855490352381,0.04954071806335827
0.11486994374357873,0.07123646033289867,0.060071141183761285,0.11108624002525853,0.25360011872394095,0.15788579525445293,0.1034317760534959,0.1163089300139611,0.01150959466865181
0.11370544597342658,0.03789967493438969,0.08748638594029823,0.10518232350027584,0.09688978467328051,0.08228517125049134,0.07656629700621954,0.10351458668217206,0.29647033003944623
0.059277711797376155,0.10589074882060917,0.28968340035641243,0.12061531537432106,0.12006801170666172,0.09284159393403435,0.08383154491472218,0.08715439596593137,0.040637277129931544
0.14696433187049115,0.008741597408164261,0.07450093679732539,0.13074964265144493,0.09213833775835938,0.12026806864442287,0.10218505810048246,0.12343310807381308,0.2010189186954965
0.1277174575334007,0.045289374001395356,0.07430024653475246,0.13758874549472688,0.09623809745173317,0.1123198642504472,0.13385453044672224,0.14685344161519634,0.1258382426716256
0.11754790743294853,0.1173015139281769,0.06882130166477722,0.09909938832833459,0.06086045419220398,0.08439580721247904,0.08629761091823497,0.14037896157835317,0.2252970547444916
0.1906757238144612,0.17617883112844865,0.14130239790644558,0.1029457566672654,0.07254001855329432,0.05234193187238578,0.09776868950843136,0.11625701103821812,0.049989639511049656
0.13500564459993222,0.21661478983163027,0.045138616452971014,0.09402319371949124,0.06847964619290538,0.06444569594207185,0.07751168179910733,0.12953300987432137,0.16924772158756932
0.20111123793876148,0.028119928069789746,0.09639773195337005,0.1393311191089874,0.11014868672759237,0.09237841080334723,0.13120932105378477,0.1568295021103535,0.04447406223401343
0.19617708082455695,0.08208256370338742,0.11042957917557195,0.1283426221962586,0.08765736561213715,0.07556204629969056,0.08788686535082424,0.15133123975370794,0.0805306370838652
0.07060528612450538,0.04195811016457102,0.11109316071591673,0.10988508835787485,0.2122567456078354,0.18576041878473118,0.09307930425935369,0.14076802502697114,0.03459386095824071
0.06727399149983546,0.2596972006324391,0.06264498619185688,0.10317909804373022,0.11675416787735882,0.0809516785508973,0.1054763679793805,0.07758823425598252,0.1264342749685191
0.1426909796319572,0.05922487477166479,0.06553204552413011,0.12301673074578018,0.12180770802467338,0.08421158524705025,0.1127742664176506,0.13274440504623758,0.15799740459085596
0.11793280794430015,0.22903258821836603,0.03655915750303495,0.11583392651035089,0.1081894488771415,0.10797678103344506,0.0867285993143546,0.09193631421752424,0.1058103763814826
0.18124956309587623,0.027628110439470194,0.07938574772545158,0.12147826237919519,0.09544431268294472,0.06390690966783417,0.11597953364372755,0.11248035222165313,0.20244720814384723
0.07464882806446622,0.14478778006907428,0.06571227828019742,0.1241841890171957,0.10169733568102923,0.1560007674819711,0.1254338962482293,0.10909307200564554,0.09844185315219116
0.0735773649579538,0.22924581033934519,0.04764127441312264,0.09888411904465878,0.09952258465515151,0.06991679018747542,0.09845917801369998,0.09164188490104934,0.1911109934875432
0.19254001554526468,0.03811661183489854,0.05393325220840406,0.10489418601584777,0.07612278545134703,0.08499472842760876,0.09753847905887615,0.12819218862369028,0.2236677528340627
0.1022517571890486,0.057111856031869884,0.09536264432411917,0.12340349578091032,0.13585791963120072,0.10313143972341227,0.15946686967614063,0.142267024588092,0.0811469930552063
0.1804241972477381,0.03434681873483881,0.06499527769134332,0.10799771560028888,0.09377413680526787,0.0785772318435456,0.09223430413653165,0.15876322840890492,0.1888870895315408
0.15327369977448949,0.020305204065312606,0.20128580112936367,0.1088550251838553,0.10262449895671104,0.07783516035734016,0.08218575842943052,0.09868236300370663,0.1549524890997907
0.09048472861460548,0.005603643719155965,0.12221939455653859,0.11157760069799784,0.10994500986084448,0.07759675523751543,0.15857120742110453,0.10838852887911231,0.2156131310131253
0.17360220385244562,0.02160466331314836,0.12438301623200339,0.12907272391256555,0.12096029136840003,0.06616403040374053,0.09121453543277547,0.10801579329922135,0.16498274218569967
0.2378597047078653,0.017434917511400513,0.10629126163267096,0.1325452108898462,0.09269631464926477,0.07609986524637356,0.095348666876147,0.16875043468496995,0.07297362380146168
0.13016497911948818,0.02026834552431744,0.1462004767336727,0.12556964388861155,0.08566689993234677,0.08679725196849812,0.10949936109085816,0.11757880548949484,0.17825423625271222
0.07170537355006863,0.1114999256647503,0.1383354226913398,0.12483823963257062,0.08940416574260503,0.13834720879435822,0.09314987995835838,0.14028424507642748,0.09243553888952151
0.14108763423984774,0.034146694579827504,0.08821417911674632,0.1336196541539348,0.10267471525965678,0.10587412410886116,0.10287802793093614,0.17173851218713898,0.11976645842305056
0.10992643531139883,0.03776335090672925,0.07567205339949505,0.14509052475243644,0.1586237996161457,0.10740361441447183,0.10345781351245333,0.18104420830106505,0.08101819978580449
0.21924709045692634,0.060610594726065926,0.06077283113115648,0.10037104916231694,0.08592931334665731,0.08163317762584646,0.09165127210931971,0.1419591546185376,0.15782551682317328
0.10821443962815809,0.13704371434481116,0.07887749081796423,0.11480658200125322,0.15619375128746202,0.12330847052279315,0.10368642048969805,0.13297453609056395,0.044894594817296164
0.08919059407191561,0.10287212561917425,0.15972519683158934,0.13075583538214006,0.1419472977706768,0.08781935835552375,0.11482247837158653,0.10061216430817144,0.07225494928922223
0.08212367195998993,0.11861790750572182,0.06660765887748639,0.12384954145246285,0.12204392456262536,0.17016725841700445,0.13178710707942284,0.11169282470352693,0.07311010544175948
0.12238030745988256,0.06678531022099556,0.10765888478641854,0.14493862837037683,0.12441797096212416,0.13900306517683078,0.10047506183641991,0.14632125046056468,0.04801952072638702
0.1758106935852762,0.04546438549599129,0.1214726250923878,0.12263179704833445,0.1054668028424177,0.10094335851236906,0.13612129391876407,0.153423116995016,0.038665926509443505
0.1705077328900805,0.02572206277487438,0.0888835935042433,0.1290841013836104,0.17173468957222093,0.06597842354928979,0.11334984229779194,0.13897916498862942,0.09576038903925926
0.218473036840097,0.0587509146142464,0.10459438810034764,0.1220293309251021,0.11014401160669536,0.08083070436121287,0.09206886862098461,0.14746934674686873,0.06563939818444516
0.13601893157481162,0.024668116839440635,0.1029770244825766,0.10998912343019358,0.10323662454633416,0.1007943884118303,0.0899144660336999,0.15498108495972765,0.17742023972138543
0.13729491617017356,0.07782320427379437,0.04886818782717121,0.10137451297179594,0.15087430679138825,0.06263876881462413,0.11140115069738699,0.12820854133078052,0.1815164111228851
0.1555249342019063,0.0703296149505632,0.11231063150614422,0.11149394714759069,0.1157734933099297,0.06267923986794496,0.09522187400479676,0.1434091364034991,0.13325712860762504
0.187419403837531,0.034068267449988296,0.11667761427988406,0.12470331274266283,0.07144846800201346,0.08885576007337077,0.09101674226277583,0.16054872964815026,0.1252617017036235
0.10208415541846667,0.08959580118236878,0.03617048871772552,0.11361575250237722,0.1679362654858724,0.16091773690299793,0.15676475135214726,0.12443274762262035,0.04848230081542392
0.11682701085467379,0.06562637136880982,0.04879176511214677,0.10385244591822185,0.12111008028355398,0.061103825111108866,0.09548058830711137,0.131859365606704,0.2553485474376695
0.08608480645846765,0.08141453354212905,0.17243276996546594,0.1359955301438841,0.09608701807507732,0.14645621893591387,0.11363415539874738,0.10424678880699395,0.0636481786733208
0.08278264449501843,0.008539725637180159,0.1218787161298215,0.10270602478278752,0.14349426033698756,0.08409926507853653,0.12419969002101879,0.11963152748161605,0.21266814603703343
0.10788170270094531,0.02979169691872469,0.16809930200082487,0.13746968815661548,0.10507891134431191,0.14236311685898848,0.11111146088898595,0.12351522581019751,0.07468889532040585
0.18416416945333255,0.03671284250870932,0.11343367299617702,0.12341899594218723,0.07618304098490764,0.11360283465600218,0.1061409235289183,0.14918665845724685,0.09715686147251894
0.0930307055573502,0.1784062604614679,0.0727626327078626,0.1269021702333136,0.05872914890280919,0.19197572497719265,0.09622492316489484,0.10053408672595021,0.08143434726915895
0.09325065483493683,0.07725600820856504,0.08309496959378576,0.09944810310673051,0.07480360059647084,0.059829194047335645,0.10281520600441137,0.10736387457394381,0.3021383890338201
0.1709078718213688,0.03914244310743522,0.09654859214053708,0.10093232727890418,0.056634945102984426,0.06586330293301686,0.08580130440091498,0.11388446898249632,0.27028474423234217
0.09114121974036439,0.041018172064963235,0.0903615789355433,0.12482526418581584,0.21373348260477662,0.14935423170315434,0.11364968635689826,0.11307685181134446,0.06283951259713946
0.17301631393274022,0.05879434382894358,0.060988372853625135,0.11723518869737791,0.08573559858337328,0.08083704983626207,0.0861535588029702,0.19870780582937528,0.1385317676353324
0.08944567892127837,0.21949996830989396,0.09704772829140546,0.11480873091168359,0.08412889133899559,0.11673220865911031,0.08713805350539656,0.1239129771923988,0.06728576286983733
0.15256151740530488,0.05636493996001,0.08353855555572383,0.11891510828933861,0.08222085564264646,0.09781059124622143,0.12716360239329208,0.1385797706221569,0.14284505888530585
0.15900846891531747,0.02096494694733252,0.109624396453238,0.12943401590115303,0.12993789509859277,0.09546010426559572,0.11662458270724117,0.10481642332249928,0.13412916638903
0.1857262340313127,0.055517243019356566,0.08203773321544784,0.11680197405701648,0.07081530430806822,0.1180745310189381,0.09440843613310079,0.13511827266605825,0.14150027155070108
0.16140862275432025,0.02711206070710671,0.0786272918063496,0.12988797367681645,0.08489288311673408,0.07596945804033693,0.10144503579928071,0.1282630642698055,0.21239360982924974
0.14277632018474845,0.07360974362814145,0.051542657626032114,0.12327670580313037,0.17155492316006682,0.13512288092774855,0.09816390197362411,0.12690216469964136,0.07705070199686677
0.1720224777266013,0.03555057437061312,0.10826277244513587,0.153014096127312,0.09489003665786795,0.11861920534790553,0.12217408108289592,0.15561548069598322,0.03985127554568516
0.08783059088207545,0.2721453449800794,0.028830772513465094,0.09724733413568341,0.12085339477931685,0.09262073604508374,0.10122270973950159,0.11267354518157825,0.08657557174321624
0.08915065364984683,0.048170445666121005,0.1915572396952799,0.11092304429073445,0.08140393781892742,0.07768329611950107,0.1289645503130613,0.1257499278873456,0.14639690455918233
0.12039982343965823,0.06847208673921167,0.06983134549705809,0.13493215934780767,0.11009032640261619,0.1125947994592106,0.14071883758869064,0.15680485932857083,0.08615576219717606
0.10547418170303019,0.16975244818671753,0.08465259912249738,0.11873899590269714,0.142266667418655,0.14096113116678613,0.10060961233830619,0.1198414038005909,0.017702960360719566
0.21992981729118974,0.05741934048677345,0.07582653005056764,0.13179288046244442,0.08818639805151235,0.10533207711175374,0.09073870422390828,0.12912605315044368,0.10164819917140673
0.18895947764620144,0.20374071350909997,0.05006111550659139,0.10127016801119841,0.08158906796359021,0.07610434253198128,0.09207918739472574,0.10439243267527437,0.10180349476133721
0.20762785981938228,0.050625840879720996,0.09918414086001677,0.11421392959316308,0.10800504831915925,0.06120435998567229,0.11246581067682847,0.09112846378309841,0.1555445460829584
0.1579943889304842,0.10348118155668912,0.07313390014261983,0.1348072380565441,0.10910121328876761,0.11590594783815748,0.12433841953773177,0.10960996037438997,0.07162775027461595
0.1284700760218094,0.060898153907368247,0.04710847499908469,0.12682142184769216,0.1790929033759714,0.11538899849210293,0.13228984965869048,0.1438511510018431,0.0660789706954376
0.102912469420382,0.169203687629408,0.06401720411395682,0.11570835139244295,0.10068670346653619,0.17431761182211716,0.0878915993749881,0.10202619501277783,0.08323617776739091
0.1599798983145627,0.04350642508072964,0.08316060131369091,0.10012928460114097,0.038408027949002894,0.0778167171090924,0.0712977423982647,0.09650675430433413,0.32919454892918165
0.12059618124059208,0.006886817832126785,0.06851362616233699,0.11853124946859413,0.09809222369293696,0.10806685157340183,0.09738041455255719,0.14617882221197348,0.23575381326548053
0.15085844377563692,0.02401879443633558,0.10609643936934203,0.13387746940192757,0.15594438974209737,0.10052891875660543,0.11224290599575866,0.12584458023174097,0.09058805829055555
0.1740970820433855,0.01582911542731304,0.18471668130996446,0.12750743689307834,0.12458995927566115,0.1063765661201277,0.0976374634861366,0.11459998723083141,0.05464570821350181
0.12084235478130899,0.18493907941887122,0.04680237450482642,0.11704732658002459,0.12150433637075835,0.08464404875138326,0.11156092778976712,0.13734814263675077,0.07531140916630932
0.11343827629374703,0.009097898059221137,0.06748730631277901,0.10519162079820464,0.12087229636615993,0.062319526762708015,0.09317296316789221,0.11786458609830634,0.31055552614098175
0.11823634892112718,0.13320771999015227,0.09103808182216201,0.1118009314877586,0.14232904347964426,0.06612415480040824,0.13577171415685582,0.11967051583363315,0.08182148950825842
0.06282357103919718,0.4745684091792313,0.1437871081190403,0.08110467470518058,0.04447920453556478,0.05183035819736322,0.06762688321693335,0.0631640529235855,0.010615738083903809
0.19514073433274012,0.03703392816648755,0.08573185698466872,0.11531566777814968,0.08412685636019862,0.08016315668619121,0.10467236562767651,0.14209907221996154,0.15571636184392607
0.1203730965317371,0.08872234800676099,0.12460330214514181,0.12069427115702895,0.11599074202444193,0.06371782632872448,0.09666875331005446,0.10699602231584666,0.16223363818026365
0.13073271954917157,0.09606330957070457,0.10424347106627359,0.1108479081829427,0.13061262206423585,0.07141543011501555,0.10127469088484993,0.1290435081305373,0.12576634043626891
0.1784992953500337,0.10868926463535718,0.10755299656604227,0.13865208792401526,0.06065431351249904,0.09315878551195352,0.09816074062136948,0.11595302544706597,0.09867949043166364
0.16524352314083837,0.04139729305447839,0.1635820478136772,0.12928241933823248,0.1293314385908973,0.09799958737612087,0.10982544409858207,0.11281932684346135,0.05051891974371207
0.12166338740204925,0.046374085603244186,0.08955356641533041,0.10947659212169912,0.1030498838677409,0.09115667576012321,0.10180156910503046,0.08969368568553382,0.24723055403924862
0.06736524948302754,0.2654822178224751,0.0567398876902433,0.11488572424357048,0.1376131218771747,0.08678858410678753,0.10260776221010022,0.10223628986454275,0.0662811627020784
0.09788736945330541,0.17249596302221773,0.04932584361795678,0.12835743861394353,0.12230779579741773,0.17138087482298717,0.11166881295245584,0.11515569940626985,0.03142020231344593
0.06242303085209289,0.017763287286962807,0.23846637489036646,0.11083333626590541,0.12021182568525975,0.15511407997011117,0.13496471970902105,0.07601586534645997,0.0842074799938205
0.061801211898309394,0.3952997934173715,0.05259080235403779,0.09036013648106657,0.12941319833884102,0.07059744936043923,0.08613514777629333,0.07852687452861414,0.03527538584502705
0.11715503796681076,0.021840516359633244,0.15631176216422873,0.126273339468738,0.08431799763834143,0.10258926661919367,0.10192370448257733,0.11143244836821999,0.1781559269322568
0.11978125105332993,0.13259356010534615,0.0555197354196878,0.10331969206401527,0.07107834542575053,0.1101392494282366,0.10112058603952821,0.16105590925592378,0.14539167120818175
0.1528343378791369,0.03116774529969862,0.07464331473083449,0.13268468953250853,0.17782923579372553,0.11314051314337266,0.10889556800839362,0.13544515065402282,0.0733594449583069
0.09753021578377997,0.06135949517547453,0.08168629912501703,0.14035824223128465,0.12144020434559531,0.13702868046335062,0.11813999504904184,0.16495821020315493,0.07749865762330112
0.17581729547464242,0.0355411186507575,0.09635361346170516,0.1242592832595062,0.0931413874691247,0.11161343504795516,0.09757113654490644,0.10294880213381526,0.16275392795758725
0.18069040138492423,0.046626345254696215,0.10671635863477252,0.10578340412508529,0.07855609686133568,0.07410638565743974,0.08036722936420043,0.1107428078058863,0.21641097091165964
0.16028357536970358,0.018211308788530722,0.11899311546903513,0.11659683160121918,0.07643900964592909,0.07759386256306142,0.11526334409637684,0.10467863641761561,0.21194031604852834
0.14053317635630394,0.014893400956067107,0.07273001568760629,0.12761281309477182,0.16061599717050198,0.10507357582603256,0.12712149296891642,0.09671251123203443,0.15470701670776538
0.10457369306193447,0.195517819949284,0.051191246840895065,0.12103677644296829,0.14526040138802157,0.09093222882994724,0.09314251645161549,0.1487144239834265,0.04963089305190726
0.16253744464511022,0.04043268048975585,0.08839287508139189,0.1351725298371466,0.12979975482610673,0.10345952949904258,0.13376135051006735,0.1340207368554874,0.07242309825589145
0.17952453316528982,0.17102295889283223,0.04308107518324172,0.12864095152340882,0.09774599305804488,0.10705938607933192,0.1252364051160216,0.1240810000561005,0.023607696925728564
0.1452135225709186,0.0930180760041397,0.07320609477488259,0.13980486279519203,0.19571541947245774,0.15528632413919827,0.09282586619108756,0.084136840736187,0.0207929933159365
0.15479498397924843,0.15327987939199894,0.08517318600403234,0.13578816246281308,0.09767881345269756,0.1031858005816479,0.10147868247853292,0.13217750385054985,0.03644298779847896
0.16665092592748756,0.03186018730931961,0.12398567883678778,0.13095721527597992,0.12838481751217426,0.07574518040343012,0.11205719417532985,0.15023646982245295,0.08012233073703799
0.14792292691918482,0.09340669039945874,0.13264141024621257,0.12481163264762835,0.12130501132270766,0.09757006844807099,0.09044695683390824,0.11620950778397861,0.07568579539884995
0.13158956082320714,0.0355986932295392,0.062253738519311375,0.12917453575792648,0.12599318044736993,0.09687260580902944,0.09993525955206324,0.12837798248733165,0.1902044433742216
0.0946561923067339,0.10186579138936062,0.14784995868601483,0.12969224315846004,0.13138709344776386,0.12368023672037905,0.13543930382134917,0.10374042068118221,0.0316887597887564
0.15786928848397105,0.14743705012241773,0.11032786724840604,0.11231050114078837,0.07691814709737382,0.09274710805048321,0.10302157286178266,0.11915524514990883,0.08021321984486836
0.10860479274958838,0.03422040370694197,0.136002704722198,0.11942729482152357,0.13927440704388735,0.12284967919489244,0.11935076082194784,0.1272273919248922,0.09304256501412822
0.13395293627182303,0.05689629673398227,0.15597440601012091,0.11580832059454965,0.06894407390331013,0.1277707969635805,0.11156947511288808,0.1968117774479167,0.032271916961828774
0.05799967055998162,0.22773782996885003,0.12087332265905326,0.09825160527762078,0.0535755680089496,0.10087947971376215,0.1061653694862121,0.09583802476626241,0.13867912955930806
0.16992898123775735,0.032194566793328945,0.0873693614941791,0.11796779792346963,0.06997631236783122,0.11890289072132221,0.08796941958174144,0.12006206634882154,0.19562860353154857
0.1057672128195784,0.2983337616572971,0.07001116620562477,0.0969061904122756,0.10848654571506794,0.08291719277776595,0.08004047989396719,0.09225032444455324,0.06528712607386987
0.09632978751830025,0.05936309105180667,0.04646609046823887,0.10386259410418587,0.07865288045996312,0.05020525939780007,0.12124892107227485,0.13936773892231177,0.30450363700511857
0.10770261329075485,0.05615332100868931,0.1188129412505511,0.12069712394802608,0.09679082202233018,0.1962565770670858,0.11698566231541191,0.10629352562553729,0.08030741347161349
0.11307860281277489,0.01734882323328814,0.17055660250040086,0.13546321387687602,0.11919872715008721,0.13629400535149078,0.1473137417566189,0.11329821931826645,0.04744806400019671
0.17413366316859138,0.039966693541007486,0.07053196746380055,0.12170997375990807,0.10199396885085422,0.07459501322736696,0.08988056425648965,0.1365178942313571,0.19067026150062452
0.13623871685606945,0.09284411893886596,0.04974909467892979,0.09287952850619052,0.04921614634888538,0.05503587149539598,0.07240406669614252,0.08622726129036906,0.3654051951891513
0.1096083852977114,0.29084542997014434,0.06377210671198345,0.11487756110532121,0.10693654590841029,0.07494255944066518,0.10647182423823857,0.0962774974507023,0.036268089876823284
0.09317624882919949,0.02205883035436929,0.23827777259023838,0.12168748387689847,0.10859626516929227,0.13901557021446342,0.0996957483284036,0.1438236179968575,0.03366846264027754
0.1276271287349782,0.24321641726084867,0.058296651177007296,0.10856862331966233,0.09162983069773363,0.12598174136398946,0.09684513298259062,0.1315552093230186,0.01627926514017119
0.15314179082057006,0.013458556292194904,0.041516100506166144,0.10891742127453868,0.08026685610245367,0.07386518386111107,0.08684861935743267,0.13560473924671682,0.306380732538816
0.10506219259080057,0.1294433132718922,0.0724158701569571,0.12942770530257822,0.12126407271353053,0.1656529481422215,0.10006490380449384,0.11449871751860335,0.062170276498922684
0.1339096108981707,0.052402106068964914,0.15254178062355558,0.1342570040409807,0.08142375274602487,0.10904023109278833,0.13527207668429322,0.16439311832327705,0.036760319521944695
0.1460219441573659,0.18010715321349688,0.09146195994794533,0.12612928344007762,0.07116529750029281,0.13113442785345708,0.11283778398146398,0.11743685112394554,0.023705298781954893
0.08038241666514985,0.17764800135468506,0.10230372399333582,0.13361571325451152,0.13025583482239747,0.11095546862877091,0.12971395491400348,0.10638470254788279,0.02874018381926313
0.1043166242763018,0.18128595958721797,0.08477458849055057,0.09585089286087389,0.07374787879272983,0.049005493676434475,0.06118774078011291,0.08859486733145999,0.26123595420431855
0.139625630825608,0.08520705258471113,0.0783584111262378,0.1152791125196617,0.1336246488931594,0.09589654206403508,0.0924158151036296,0.09278902465432577,0.16680376222863144
0.06620007799586619,0.05531173992086765,0.06281050389409508,0.09541097346478855,0.06438035435275773,0.08036990709577144,0.10301192622764783,0.07824614790430906,0.39425836914389656
0.13389656729524388,0.06572807881380772,0.06140709189313522,0.13021235435033315,0.1122770539184003,0.15852866664842544,0.12342034624327936,0.1446052071268399,0.06992463371053502
0.06898625715585309,0.17812910590555964,0.10329473622560331,0.11402508266849114,0.10018171609830824,0.23774448326956943,0.08719903146406505,0.08661463435273264,0.02382495285981745
0.1334677240502483,0.19877596838242964,0.08409185330469232,0.11642998105660594,0.10916118198896126,0.08515583474133888,0.0883426318817736,0.1046479283183822,0.07992689627556786
0.06754969487413545,0.2900071595417262,0.04805692870986792,0.10374512407947485,0.10531711911636497,0.15021204221639464,0.11892162386964761,0.07491796422681958,0.04127234336556875
0.07128634647116829,0.41443180535750024,0.029796752961422767,0.08586078270217902,0.0724099725148225,0.10487768773415274,0.09711081239284526,0.09753954549775683,0.026686294368152317
0.06835229757436594,0.08404281641538063,0.0569402862445662,0.1138043864172417,0.23206164709846025,0.1754595508977965,0.11084747836473818,0.12386132491302448,0.034630212074426216
0.11396035939005321,0.1739726949061983,0.04820639437418666,0.10821774908411118,0.07846689138765939,0.09204345619913874,0.11076991259464579,0.12228530571194017,0.1520772363520666
0.1606923353732412,0.04400381931298424,0.14906531419658572,0.12459216801237792,0.12316628441398074,0.10994731532385775,0.14226788811663024,0.12625919154464743,0.020005683705694822
0.14497943431141364,0.10158233629360802,0.1841566769582438,0.11594414654175779,0.06590805759344696,0.08050238315636615,0.11905956526869528,0.10835889666679331,0.079508503209675
0.14455161713508613,0.05440994060918616,0.03950170663022738,0.0909551776118196,0.07083180845813015,0.06128242598526231,0.07659564434173809,0.10866369095910056,0.35320798826944966
0.14594701263630624,0.1350408936779759,0.06327269881210153,0.12316976776686765,0.08268966007740496,0.12304958165928266,0.10050598148369035,0.1434756144447867,0.08284878944158401
0.08240800317855977,0.2227126666251947,0.14471080933478872,0.12299902141789298,0.09790567054371524,0.09375457940955462,0.11258288361151823,0.08688568508647397,0.03604068079230182
0.13985747825835454,0.06788868936976769,0.12242866917550943,0.10489104193888037,0.10332352228417901,0.12102533661372657,0.09417665059333492,0.1673549656518495,0.0790536461143979
0.08215400821772273,0.1537231989828818,0.11055187977804215,0.12052033603989513,0.13494654791659974,0.09618822011663203,0.12080651500926033,0.10835515704064698,0.07275413689831918
0.23181162727923846,0.04850674087998508,0.06061113128487641,0.13288431768506473,0.11842992320372821,0.08553876308585172,0.12199588723031196,0.13626632774684747,0.06395528160409587
0.2101093291182867,0.046906054305620004,0.09978882828096951,0.1108765531285088,0.08103872785987046,0.08745670312779831,0.09228935666198579,0.13340269107788222,0.13813175643907827
0.11790055392794947,0.011513458688007664,0.09720838202016568,0.11858486780099298,0.08633980626052344,0.0851598246025373,0.13873325488138302,0.13059902931704934,0.21396082250139115
0.1896865694682571,0.0666919618894486,0.09422968770852229,0.14411903421889224,0.12320514508095033,0.0844689457596408,0.11541440085646543,0.13318976470477376,0.048994490313049525
0.10691624619991673,0.046115669614455485,0.11181955042367471,0.13138121279829865,0.16237971379233,0.11982210421028279,0.12435841349019561,0.1345363263157988,0.06267076315504723
0.11283759311288616,0.013464102094578498,0.13711146450851566,0.12418154805080069,0.07849759666975904,0.10101183489826626,0.09291634856268449,0.09969707992959549,0.2402824321729137
0.15215275915092025,0.05497842485714838,0.15039564035577307,0.1248968107145723,0.10194112966928214,0.07503029381730912,0.10768333492563287,0.10472771314787614,0.12819389336148562
0.10400013682046623,0.20714298276261947,0.08807681723010559,0.11916244277769765,0.11645717571521318,0.09273031111801742,0.10663847424846178,0.13875633745978347,0.027035321867635183
0.055782885332083976,0.40498977013640686,0.06335666469937008,0.08275628953146426,0.11016812412430432,0.09898063456759625,0.08537782284963996,0.08299290149294883,0.01559490726618553
0.1431596080142243,0.04435833875742945,0.0933414324635175,0.1005494576025157,0.071846958997859,0.05110398362852625,0.07460547530398276,0.0964393151216249,0.32459543011032016
0.16172337788579208,0.06753708658459079,0.1589007105868078,0.1260433283469209,0.10030991739047429,0.08250854724044526,0.09355948374831397,0.08171799131960202,0.1276995568970529
0.06598436247652724,0.3436475441984906,0.08451911369498089,0.08727862822800266,0.11708338223758825,0.06633320728180515,0.06813858188057396,0.11605392999298426,0.050961250009046936
0.12040439538889618,0.0848021216695004,0.18514309533904874,0.14101565061830054,0.10278159441828923,0.11506825404672698,0.10787099744760854,0.10779996528230744,0.035113925789321924
0.08800234018262199,0.15629022921423733,0.06986877467905139,0.11473964093699966,0.10902874723465739,0.14161538327354045,0.09133728292516242,0.14251152672912856,0.08660607482460066
0.12190643921007449,0.09698246134757432,0.11842010402346953,0.1327245074731193,0.09740459270134587,0.09395684726756603,0.13558913003370834,0.11609988032720915,0.08691603761593296
0.11459081457258972,0.16328904056542703,0.13178447780252153,0.11902394987968883,0.0855269832670309,0.12403675551998933,0.10624883606827869,0.12047655277308182,0.03502258955139217
0.05531984626701673,0.2783680810383937,0.11093305565430955,0.09064112941469447,0.13658368640710536,0.09579677910188783,0.09162775528464402,0.08417830308531189,0.056551363746636385
0.08408681104650673,0.0933981225708811,0.06315400322093273,0.13750831139864447,0.17761825462075054,0.1283415787947428,0.13192466039681944,0.16493616349333673,0.019032094457385466
0.16207106379140793,0.023643765840045516,0.07082589575039332,0.11409840730259661,0.14630913866513767,0.1077164604285527,0.09389610550286294,0.13489609033552943,0.1465430723834739
0.10257281982965555,0.13641702860528768,0.07717425171678578,0.10959544804147951,0.10066375369171111,0.09311517591035941,0.12407653244569072,0.17147385773800283,0.08491113202102747
0.07694870358282284,0.06880647340205931,0.27691139603996073,0.11039476634436883,0.14164216325297338,0.10390870180262757,0.07841860562152005,0.09518303617402213,0.047786153779645235
0.10337973569171843,0.12576659967721582,0.11144035812135174,0.12041423065352279,0.1225385982661255,0.10745155615922745,0.11262312137595683,0.12605423407379576,0.07033156598108568
0.0816930897711501,0.14046812573657952,0.06556879604802997,0.12013260959921968,0.14172185493644085,0.1985786440021999,0.10979626294761809,0.12244425873122554,0.01959635822753632
0.06851084939865416,0.10752494899318558,0.1291414870790177,0.10992014021524517,0.0884613253681457,0.11384316982872537,0.17932912738389317,0.11969227833439881,0.08357667339873426
0.11416701614787751,0.07699605143896528,0.06649200441263266,0.12805993078082756,0.07392686990521395,0.15591860226073193,0.11146210162860859,0.0917897161606725,0.18118770726447
0.1033553207723491,0.13487791362983118,0.08377545859802026,0.1206078139384255,0.1424319421878276,0.12117942387530829,0.10686979953563473,0.1765233187355233,0.010379008727080025
0.0948551565314854,0.05229659596114459,0.08010106025653346,0.11850058681198701,0.11772841860495398,0.08332722069670591,0.1684681878449001,0.10672604638192924,0.1779967269103603
0.12752113997339878,0.07944119837072182,0.10921187426984341,0.13356719835492195,0.11067671989912058,0.11600065959757015,0.14980618322886563,0.13701080758387316,0.03676421872168446
0.07703496133711886,0.13304196634995352,0.06777823322047564,0.11953224292603808,0.15206827601113068,0.11866211253729558,0.1313850562521253,0.11824322762120272,0.08225392374465963
0.12904771105057042,0.09071819075207406,0.12271502150040974,0.12133159740473735,0.1508766769496272,0.08804977202456926,0.09409625459066813,0.12253058529275503,0.08063419043458879
0.11245556020384669,0.06979287454869752,0.12397209478545741,0.13336657117595743,0.14344988749838342,0.17239861270186904,0.09938727885537861,0.13242631575943667,0.012750804470973215
0.0887650630901244,0.1552008887612214,0.12276073362733264,0.11630812602447767,0.09437656290472245,0.11117095395857741,0.11021831663185049,0.11521961778802986,0.08597973721366375
0.14539469279022765,0.030144576823843115,0.06876211157478677,0.12504090673093224,0.12083158151638689,0.1303925694822519,0.09743656763398835,0.10686438862921126,0.1751326048183718
0.157162071696379,0.14307929264432992,0.10151277070002873,0.1399103042101582,0.10860611756760719,0.09543582451986178,0.10112507129390291,0.13061780434380169,0.022550743023930685
0.11356321503573952,0.2028093819687019,0.07440364768907784,0.10333150353670746,0.0790029799852494,0.13994840855055735,0.08893064333431028,0.12259276309281641,0.0754174568068398
0.0824519524817376,0.2760965137368103,0.1033108781543715,0.11679349340347,0.1034231168355535,0.12148918073751713,0.0757856921316199,0.09813157455846566,0.022517597960454397
0.07967204913138012,0.3207431410754204,0.06913221408609552,0.11187983553553771,0.12879270978769422,0.08970295777210101,0.07915682664722846,0.08818574777890116,0.032734518185641354
0.10040521132394542,0.2836372943880698,0.07242802790340076,0.10510335630306587,0.11489648223392436,0.06839044771340476,0.10736641720079772,0.1255931305675834,0.022179632365807982
0.12024189379548367,0.1525973252521716,0.08996409008000794,0.08874120886235366,0.07454121242575341,0.06511659601949066,0.08731133531599149,0.0954026496037124,0.22608368864503525
0.12034643284798408,0.11035241115075523,0.09899325917462633,0.13434586342412283,0.11786947927939584,0.08867075528061942,0.10248639203729719,0.15333052765853084,0.07360487914666815
0.14920995807338425,0.020608198266963158,0.13089994571760968,0.12296565824570731,0.12108015126341572,0.09380349847732751,0.10302591938772825,0.0990549149148688,0.15935175565299525
0.11379601818878395,0.02747392931629887,0.05142295429433749,0.09680050347428319,0.10845306759937196,0.06697752471310808,0.12313477816387242,0.12101784869030223,0.29092337555964176
0.06848966619384558,0.02816840763664104,0.10181496427927372,0.12070057497515889,0.13705085192473274,0.09167036756999965,0.12893744181369846,0.08914552470594633,0.23402220090070366
0.06862854360865994,0.3835901834940882,0.031730518913726226,0.08357841521615272,0.08135956544532294,0.056573489659065855,0.0770522963349871,0.0743265042447807,0.14316048308321636
0.11309997616672814,0.08416091340598353,0.07463699148324211,0.12130754540779425,0.1818526661275104,0.11616060304383848,0.12419648521897995,0.1256852578337503,0.058899561312172784
0.12968961937439685,0.04677661408107616,0.11616025920538951,0.13649258207496212,0.0707099615467607,0.17594030984351297,0.12233397237514336,0.1261224580362649,0.07577422346249348
0.1719858334769034,0.07052555721499301,0.054126433935261536,0.10926364214191699,0.08304154476715701,0.08400256581747452,0.09028553046490974,0.11206223386948642,0.22470665831189743
0.08018401669452513,0.22303887797023933,0.09679462810559765,0.11002368149414936,0.10914601139145054,0.11127924333659601,0.11391761454914051,0.10047300451936098,0.05514292193894053
0.21587463373832305,0.05323620042489252,0.07436744039233463,0.13180302484590345,0.07697629426716666,0.09117699314576377,0.11031588140897759,0.1433647559851101,0.10288477579152823
0.13984631042997192,0.07420577632357782,0.060977579074506995,0.1035574034632497,0.08095484143213744,0.05890604694322754,0.08785617130856899,0.15364316761708743,0.24005270340767204
0.07839880325604498,0.27739867795010104,0.082466781368788,0.10718903294815973,0.1219338408218104,0.0963282949502494,0.0983689855647772,0.11254227430469034,0.025373308835378958
0.1766518055705851,0.09447236424750631,0.16094889390834985,0.12268833300989905,0.12375611025507834,0.0902879884652591,0.08878891418183339,0.13077169005824166,0.01163390030324722
0.07174128101466568,0.17710406219346542,0.062208405170647685,0.09864919864123844,0.10185432491623063,0.13402495372997633,0.12206378810772388,0.08785349951546755,0.14450048671058444
0.14237561734165546,0.027096644215509613,0.10747053233307863,0.13383391947539344,0.08989361606768968,0.12799302673497776,0.09829668241684698,0.1374899964485304,0.13554996496631808
0.08766802506962439,0.21507366186793667,0.09425190447110421,0.11926058926834755,0.1015520013442825,0.1348737937581377,0.09004681226958126,0.13223837358963642,0.02503483836134932
0.17855438416292965,0.030209789042223392,0.08022803377778097,0.135408122828538,0.16276432760566992,0.11213296617464796,0.0906231537452311,0.12907984553099872,0.08099937713198035
0.207935394688732,0.03023125109102345,0.1367736865766173,0.11596982380301411,0.08018185591788574,0.09518682271684176,0.10515731397783845,0.14184601073071043,0.08671784049733673
0.1654651929373251,0.06245024628642587,0.0864660568498357,0.12303271026805718,0.07777035368153801,0.07620858023762261,0.09033135752755979,0.17562277081289066,0.14265273139874515
0.17615164963053867,0.012534083974016882,0.07892864927117955,0.13770257314684872,0.1098513333554717,0.12221889317662886,0.11740191349326351,0.1727186576608015,0.07249224629125063
0.18795778579960867,0.11302579358591208,0.10771606804919566,0.1265602410415689,0.060798645890626175,0.08687673303091803,0.10662749735965109,0.13964951910412984,0.07078771613838956
0.05869288881172818,0.1216922505211173,0.08239019540593852,0.10248357840965007,0.1480606320534447,0.11301523952612182,0.09617310690452312,0.10900867406660224,0.1684834343008741
0.08581661171736743,0.04889641562853131,0.05039039718917467,0.12009813331897397,0.09558461920449286,0.09388522269372679,0.13021982112032818,0.07710935749480315,0.2979994216326017
0.12375739707377968,0.1265293961381115,0.09906173663791533,0.10527130172066684,0.055063247960317606,0.09571074679973285,0.07926195617332905,0.10519053882462141,0.21015367867152576
0.09636022207142171,0.0965206535629954,0.07514008811522087,0.13647082978169525,0.11530937609161825,0.1894153003401755,0.10985023526016997,0.11434676309544282,0.06658653168126025
0.15377815476898926,0.030765262087299478,0.10741999456534342,0.13825707476468077,0.1139547192484398,0.09340780568884295,0.11864482659318747,0.15401129071996925,0.0897608715632476
0.08594598507663441,0.050998171959362855,0.07171423226126927,0.10244775742634225,0.09204557479987775,0.08989976484979156,0.07977828794924825,0.09085237847133538,0.33631784720613833
0.15858500047883714,0.05195529594976985,0.07147691110397092,0.1339813815127119,0.15815582811095505,0.09882621007660919,0.09968824987832244,0.1388930261755337,0.08843809671328974
0.13958132997120762,0.15200391214628592,0.047797818535450294,0.10718047318681134,0.08644611299794919,0.11527462507165159,0.08767693549459728,0.13093430303822973,0.13310448955781704
0.10870313870591959,0.10934666293827129,0.049374943677225176,0.14246449617133664,0.08685063631867011,0.11230307216422884,0.11277668194542771,0.10758012091202736,0.17060024716689334
0.06166964478460782,0.4094820625319284,0.053472110782898964,0.09951206662228106,0.08041167083606071,0.06902615588163259,0.10995351490790917,0.08697439169757627,0.029498381955105096
0.08203547817805858,0.031073375567615514,0.11926934994126485,0.12325071608041975,0.20589213888349836,0.15214179603195124,0.13778547543293931,0.13032069644037345,0.018230973443878893
0.08792498589953064,0.22623534446258978,0.12163927653064273,0.10807849746779791,0.09554410865093804,0.12827609759608122,0.1236151720703129,0.07803685279716278,0.030649664524944022
0.10191818522027256,0.0538700457869006,0.04767781009450664,0.1044229792706679,0.2100207616320229,0.09959324090645559,0.08938003189929784,0.14297028647026128,0.15014665871961472
0.18046613853533078,0.14939578447920218,0.04492530468629488,0.11690935304836496,0.11498579337549593,0.07330985937021091,0.09345252754562078,0.11540827688157622,0.11114696207790341
0.16025486560773206,0.018026496444985426,0.0842441586776615,0.10887531808889032,0.10133031276058657,0.0738452717057126,0.10320332908796748,0.13373622497828352,0.21648402264818056
0.09116155539697125,0.10351569771135904,0.22779567051148808,0.111987478643518,0.1146233563135106,0.07146823438379078,0.10735528096494575,0.08382813587460984,0.08826459019980659
0.08633447591450283,0.21197946051559605,0.05300679759462864,0.09708213021075222,0.07567808517292328,0.06889523746900685,0.0906171586721732,0.16173903038367582,0.15466762406674112
0.2082466793786644,0.07917014779347072,0.10002494217948472,0.13406296777585272,0.08054178178093634,0.08255556881465143,0.09218970302079049,0.13164362471808985,0.09156458453805943
0.07095044840468473,0.42945662237460774,0.03833031446477535,0.08303058136200725,0.11081337179313046,0.08821794406752402,0.06260209156564525,0.06378192641928646,0.052816699548338654
0.11021640621326517,0.02013687649407919,0.0769136095246684,0.08839581169529682,0.07400093613708864,0.06565417053624507,0.07120333698742386,0.0734559758000461,0.4200228766118868
0.09880191666885947,0.3035752198704673,0.059951006742252004,0.08023779640970781,0.0660401754304092,0.05272096304648241,0.07002585885430586,0.07764021888942509,0.19100684408809085
