0.1201408175462939,0.11322117727042824,0.15975566893254775,0.10766218816820329,0.1136205991747646,0.03891142046574104,0.1411537487420116,0.08492830559996112,0.12060607410004852
0.10883831689563073,0.11074893668173165,0.07388521755161778,0.11077468724341,0.09600284633325451,0.16836209462743226,0.09610479468201048,0.1285584058584223,0.10672470012649025
0.11414631909527136,0.13509557071957232,0.08813639183657962,0.14706794521244237,0.1408912253107961,0.03467533011386787,0.15249118531829697,0.08039138599755902,0.1071046463956143
0.1060909034141622,0.09297652060419519,0.0525602318376347,0.10104061277599445,0.10035096204947846,0.21568389409129926,0.0726958411931004,0.15016635722216606,0.10843467681196924
0.11604442637994027,0.12169938642616047,0.08605566170475694,0.10464932782299446,0.09690525560803469,0.10958079817196752,0.13481756300887882,0.11848857191403783,0.11175900896322905
0.1153240866258003,0.13220152741166344,0.10569985667901717,0.11590922686777701,0.10729881284066799,0.05414038311164606,0.16724485361038166,0.09419530698388119,0.1079859458691652
0.10538221746356906,0.08001234280536894,0.04591673255552475,0.08086522062106109,0.0998286002169876,0.24102146718913672,0.06558986392979203,0.16834679044771458,0.11303676477084514
0.11457015041596501,0.1320512476462435,0.11384456307240431,0.1299630534528136,0.11448395026318725,0.04504277672786569,0.15557926055293267,0.08684462408469178,0.10762037378389622
0.10854148914880686,0.0942183099620774,0.05764889688668943,0.08604372420452133,0.0953292424466995,0.21441064835238718,0.08330734109934328,0.14866981913108823,0.11183052876838671
0.07954038720976112,0.03882113401813354,0.04156230220318677,0.03551731064562593,0.092727532906055,0.33443532367968887,0.03727702978286912,0.20928260215093522,0.1308363774037444
0.11118638871565252,0.13713719438628258,0.07123496626363288,0.15170008633911064,0.11304809767963779,0.07524027938696634,0.13279618021934878,0.10455157663419516,0.10310523037517329
0.11077847631645943,0.1404066920054012,0.08460725458596384,0.15305997230491383,0.12994543948023032,0.04032990220812912,0.1547099386226209,0.08411080754530635,0.10205151693097501
0.1206359583137868,0.12515958192365995,0.10982417480990246,0.12079190621902854,0.13466825059725185,0.034014110556888875,0.15606411184380176,0.08175554743635272,0.11708635829932712
0.1058143145134657,0.11586320005309297,0.07275074795706,0.1371973678047307,0.09909898474461247,0.15605630071085688,0.09008965422309671,0.12133107293252378,0.10179835706056074
0.09134667403188486,0.04972991412955332,0.04151516253622457,0.050302331939211624,0.09663742046335698,0.29652136220070724,0.04443889138811047,0.21081392385499642,0.11869431945595448
0.11264417268157072,0.12047953355991203,0.15963575754079232,0.1071792970857504,0.09747874332094997,0.05251861479809234,0.1533801250890428,0.08869577880294549,0.10798797712094393
0.11134218345120735,0.11874811642163159,0.11130779766222519,0.10637207004384541,0.09262293739601611,0.11549541950290876,0.12398090401624007,0.11289617674222908,0.1072343947636964
0.114307091965062,0.12420773704434829,0.13895134846607046,0.10551499875817553,0.10027036756712526,0.05144943031001515,0.16614039489617566,0.0904250176793227,0.10873361331370497
0.11189320764690192,0.13050243205254905,0.09081187876658871,0.18285725441922787,0.137108125002013,0.03750003084161269,0.12290337197132047,0.08022837091033282,0.10619532838945346
0.10834450298510441,0.12325424407186952,0.06974821958431378,0.14791299440014344,0.1035180593531798,0.12729332453324418,0.09947224478726069,0.11760585110253187,0.1028505591823523
0.10740949541072009,0.10946279402231458,0.07976043369051398,0.1096045533850759,0.09488094011095999,0.17244695883873837,0.09398607998449483,0.12693565146972383,0.10551309308745845
0.09469806170812765,0.05839335723832373,0.03915573198985376,0.05118823725842205,0.0918406853041791,0.305565512313424,0.052526951813958146,0.1907705066188702,0.11586095575484136
0.10183392089789499,0.13776266361814296,0.08585271632059217,0.21455191405583096,0.13635127273022754,0.0371195880196992,0.11636372908080617,0.07606627440242693,0.09409792087437913
0.10889159279733174,0.11175944382109215,0.19269826487053557,0.10037279507962059,0.09093703099641497,0.06169754804956625,0.13754780820844822,0.09005276030304189,0.10604275587394855
0.050939000733474814,0.013079564108720791,0.13221520351014712,0.013653245890882175,0.13695246925128698,0.27338173122567155,0.013263715088356562,0.16524846116485262,0.20126660902660742
0.10574005669207544,0.09643969247331269,0.05505353925760544,0.10734525589584093,0.10020259943507265,0.20894683500712033,0.07433026779042434,0.14509227101630126,0.10684948243224679
0.10710319248757609,0.10459578629371757,0.08251678714517358,0.09853088189053055,0.09329920640805482,0.1844994010033063,0.09243142771042623,0.13034209174379655,0.10668122531741824
0.10645638069683931,0.10289297691042365,0.06713044309239263,0.10437654488114045,0.09591930925446474,0.19652495299147985,0.08498654369691998,0.13546382972278428,0.10624901875355512
0.11093544592387294,0.1302008383719929,0.11978663546539632,0.1344174477379965,0.10029743879854645,0.06942434272777791,0.1353226266368367,0.09556072921929178,0.10405449511828858
0.10060542788060474,0.0864597506581538,0.05374987575973197,0.09173589185930368,0.09658711483119713,0.24911948550469,0.06630149484936392,0.1507018184199961,0.10473914023695856
0.12014525118731036,0.12445167602478176,0.11676546810395168,0.12043592486477044,0.12923737897136758,0.035457242472138266,0.15436828070447206,0.08250403104313117,0.11663474662807667
0.11235097790490067,0.13305465344801778,0.10197601684641605,0.1630958195184262,0.12122232645184532,0.044491010502459655,0.13337924539831347,0.08485099997073457,0.10557894995888643
0.06692235261526824,0.028540059592085634,0.061786023994188456,0.02808433900525144,0.10763887395423806,0.3248377061569857,0.027484911395341125,0.19974921318436412,0.15495652010227723
0.10312797200504048,0.13665311532807276,0.09010277224686712,0.20183275743529197,0.11125464972668793,0.06403397899775588,0.10891549275314986,0.08914498694521648,0.09493427456191755
0.10099099320433158,0.07901240443832817,0.047574091616854386,0.07928623180724648,0.0964208378805921,0.26203441061713423,0.06329401928034158,0.16290968346342816,0.1084773276917433
0.11029668906302849,0.10756312795537387,0.07058737437117227,0.10134922364533921,0.09550043272983637,0.17466954073337937,0.09723046287377878,0.1334224246167202,0.1093807240113715
0.08517867819432673,0.04176853676320431,0.0413211177221756,0.0379446552064562,0.09175691548649674,0.3156938160449601,0.04038598546609631,0.2167623794894923,0.12918791562679152
0.09732941099234416,0.08528439177057634,0.05192748169648592,0.11253684543791259,0.1011561684021785,0.244280020479132,0.05836861458498257,0.14898515434708215,0.10013191228930578
0.09087634660067408,0.061457088013396964,0.042034102806056295,0.07447231934144435,0.09869507722250814,0.2982935124721818,0.04726772815315813,0.18228714414914338,0.10461668124143686
0.12020068264363049,0.12704368207571434,0.08109147254620641,0.1340003698952793,0.1686965934251192,0.02840903062437987,0.1465149369615966,0.0770133241871238,0.11702990764094989
0.1158651836372891,0.12290755658929942,0.08528820899848404,0.18294052139619674,0.15556956404838793,0.0326870186279598,0.11290709797640565,0.07845773905541546,0.11337710967056193
0.10909802751600635,0.14203243572628912,0.08247349913187806,0.16015627779565494,0.11960721336632119,0.050385318870609465,0.1466042268900378,0.08972665815349275,0.09991634254971027
0.14262743809880055,0.10009202130670912,0.06999742679104691,0.10310181247641953,0.20351910664450312,0.025912838979965703,0.09822223914839844,0.09224533521874761,0.16428178133540908
0.10200325117159846,0.10620748952403147,0.06762712707670132,0.13270867682814871,0.09908301170850892,0.1891820958793378,0.07612878094976265,0.12725143651936302,0.09980813034254765
0.09896402429676732,0.10727386364112695,0.07611330668227545,0.1454501173872506,0.09942358488659409,0.1837759192299705,0.0729654612474562,0.11979158557542502,0.09624213705313378
0.10776101882166543,0.12253929227471183,0.09231686675332197,0.13427064004888323,0.09676733159004058,0.1255049956609731,0.10616581385360623,0.11215206613205429,0.10252197486474339
0.116086807006064,0.12725343365126146,0.10745672331487839,0.10619016800388785,0.09941344674998619,0.06976083836460355,0.161392939136597,0.10245401956551736,0.10999162420720425
0.09952564369974372,0.10081193946062796,0.06531296379673342,0.12958259246497186,0.09916402817706826,0.20737788865992582,0.06971087055540523,0.13013001199271654,0.09838406119280714
0.11101801021821318,0.13233279049069177,0.11309402038105991,0.13890455841908858,0.10229884856578102,0.06689520513888948,0.13674638009584103,0.09501414100487782,0.10369604568555724
0.09782629762693655,0.0740061618536354,0.0453123218744711,0.08388002439742197,0.09894808333163814,0.2696732887447378,0.056144077306974044,0.16808733016142866,0.10612241470275631
0.1003026922787205,0.08741029607914656,0.05487804907653404,0.0939448752743952,0.09663294723385335,0.24757875981857316,0.06640536224777499,0.14884635542575758,0.10400066256524464
0.09335489346400931,0.055779132607228,0.0402133833328743,0.055169533318753905,0.09560305663515782,0.2991375704017609,0.0482535971585299,0.1978756288448781,0.11461320423680772
0.11542698450848565,0.11758102058789636,0.15636571902329918,0.12286224536304419,0.10703323891663452,0.0488649489520803,0.1311398555254684,0.08761485272466078,0.11311113439843073
0.11162875676602353,0.13828560832638093,0.0955124547218902,0.14575514912294887,0.11327971703020183,0.05241748797641332,0.14936167586232638,0.09066130223023705,0.10309784796357792
0.10452248919637429,0.07123139868929647,0.04261507148703316,0.06637080862352374,0.09797832809182579,0.2558867599105947,0.06207084469969922,0.181917471274218,0.11740682802743467
0.12744797991274703,0.11922828055118968,0.08338936848613204,0.12078060948883106,0.17499539379655069,0.027536977428308292,0.13797042847354316,0.07947186400221455,0.12917909786048357
0.11846034666364387,0.12861507037945827,0.10618853632831267,0.1258978011852502,0.131939175368793,0.03550603916197529,0.15788215612106585,0.08216546475935231,0.11334541003214853
0.1093241372656555,0.09133890985162402,0.06577309834901524,0.07480339770625855,0.09170774250067415,0.21468215331169258,0.08879528462608395,0.14909573514650562,0.11447954124249042
0.12309943205074791,0.11786831187526974,0.07807463938378698,0.15387914500296143,0.18212013909683042,0.027889042047893556,0.1145767340126631,0.07793456665785407,0.1245579898719928
0.10728423655608889,0.1194051760761472,0.11407277351147356,0.12467859017377157,0.0944226874404653,0.12041030167571065,0.1081369834214186,0.10886261339586438,0.10272663774905973
0.13264313631109934,0.10881101153554397,0.07194952988784552,0.12854613984097182,0.20209148591502812,0.026046642236692886,0.10489385047938922,0.08263900350639823,0.14237920028703088
0.10910034087032337,0.13296978193458478,0.09359863310692551,0.14953513629841256,0.10138183096145092,0.08665486685565488,0.12315180748615677,0.10198343104136055,0.10162417144513064
0.11350293059331545,0.13076198625174915,0.08427072740143982,0.1266779393114111,0.10153845073714395,0.09181005849773816,0.13511534267814793,0.10961001602090009,0.10671254850815437
0.08570987890089077,0.05083834848398778,0.03945584104557246,0.05360605978840715,0.09515700274177495,0.32578397677954185,0.042986195239352765,0.19661778166796492,0.10984491535250734
0.10717592004159793,0.078857966937123,0.04996481670898645,0.0635433421190258,0.09183340761476266,0.2476567902251984,0.0760836227198682,0.1668226582341962,0.11806147539924135
0.11201758829827231,0.127222669124132,0.12850894885093603,0.11859866384530238,0.09727948820786297,0.0698148536008842,0.14411350607341775,0.09677091825514571,0.10567336374404664
0.10872038993997467,0.14013913258240196,0.08228470533823425,0.16210898363656087,0.11147803556823145,0.06442340390745471,0.13521675110186418,0.09575957267396747,0.09986902525131046
0.11219353136314043,0.13022774586178185,0.08527547569169584,0.13104654477133726,0.1006450450458209,0.09680429991210848,0.12871668684302592,0.10962535515638261,0.10546531535470673
0.12007582550958269,0.11996110551749765,0.13297381796640684,0.12483016520931282,0.12114356380469893,0.03950726581251272,0.13834870815142405,0.08488640196526213,0.11827314606330204
0.11543751575735882,0.13102763034417128,0.09963932632218582,0.11470313658119809,0.10243695986012347,0.0685614139858914,0.15814385057579436,0.10159821140886283,0.10845195516441393
0.10333850443642,0.08251317243861417,0.049051250568284986,0.0804600642966803,0.09634254603717708,0.25039500920462426,0.06767211727701684,0.16032761064698953,0.10989972509419288
0.11247107581254846,0.13575110416200342,0.10025561168475272,0.15133665189742876,0.12009328237780957,0.044447309842891185,0.1451997950329287,0.08564592888426524,0.10479924030537197
0.11330859044788026,0.12697432638400674,0.09506125637853886,0.11811146046673597,0.09757740890523887,0.09767017577989597,0.1337492954407711,0.11019387884617192,0.10735360735076034
0.10729749482547951,0.06311003944801899,0.04101295213992054,0.05452726875507469,0.09921871950031935,0.24341045721453236,0.06031234947000588,0.20275289263719057,0.12835782600945808
0.11060958661211029,0.1391373068782939,0.0799772596493065,0.15109359831625924,0.11076261337900832,0.06763702494020651,0.139730007643984,0.09909083215043785,0.10196177043039341
0.0986342963483155,0.08166445004078239,0.050300666199701555,0.08933512914029766,0.0971630812197034,0.26163436458892564,0.06149237230721561,0.15567146058582834,0.10410417956922995
0.10716910692527544,0.10391091993334096,0.06256055772030257,0.10946315380678866,0.09786202707631193,0.19159360212897672,0.08429692070329871,0.13657753289409078,0.10656617881161425
0.07789744803061843,0.04071626219650452,0.044404985731498224,0.04920145835322226,0.09900359167921252,0.32833885560247955,0.03573219821739095,0.21025537806697023,0.11444982212210326
0.11364714730178299,0.12595695965554707,0.13921286579047396,0.11932185307656194,0.10371665119255606,0.050928591400247726,0.1506943624746933,0.0885923909854866,0.10792917812265033
0.09373645732513829,0.06642085780081948,0.045801272631139756,0.10543593615798354,0.107436917765603,0.25733178249367633,0.04629388635527013,0.17510067837694374,0.10244221109342568
0.11076742882457909,0.11197871905339807,0.06496467876591026,0.11452336238867433,0.09923860317772194,0.16157976583385833,0.09698737203757929,0.13154828921914238,0.10841178069913633
0.0919533674191206,0.08732810903531397,0.05663729412847537,0.14888105519972292,0.10661435760609583,0.22907926526517788,0.05121713757951982,0.13601176929483516,0.09227764447173849
0.08824148372010755,0.04795029036663273,0.04250518680603315,0.05313334172143729,0.09801764760577063,0.3017801498662979,0.04185855780477995,0.210998836228634,0.11551450588030686
0.10936749566326968,0.10865790355477899,0.0675968270099153,0.10866118617295874,0.0969889791842179,0.17450106751143488,0.09373154711636235,0.1326346686153281,0.10786032517173405
0.1079789713421087,0.1294828087145108,0.08393132610299449,0.15112405048897554,0.10077895062019615,0.10617208287367093,0.11136335831095978,0.10797896532840544,0.10118948621817825
0.1033352923824627,0.1387649341477427,0.08478519311080689,0.20409324025573075,0.13553622562283693,0.037521159074423126,0.1232853912687301,0.07735364628964753,0.0953249178476192
0.09857001852617713,0.06154871925073016,0.03999517061523521,0.05445475385179085,0.09363018328729238,0.2875166934777403,0.05547611972963715,0.19109913251053604,0.11770920875086092
0.12292101766638426,0.11778021642831622,0.08294440006057734,0.1595386262356031,0.16851995624589197,0.030374011394666073,0.11377364872368523,0.0800770315109553,0.1240710917339205
0.10329899971572686,0.11454376661911897,0.068231883288374,0.15618031169096122,0.10313120025741422,0.1556009829400465,0.07980721013466369,0.12014307143359558,0.09906257392009894
0.11531828644925768,0.10411020092028796,0.07228740480207023,0.08416542068936088,0.09343529054084347,0.16435842346280402,0.11099740912965779,0.13864900652974188,0.11667855747597616
0.1217473536413476,0.11815256319962557,0.08268627601660246,0.16466313189947404,0.16778239848478713,0.03053529871439496,0.11234253959164286,0.07964854905960368,0.12244188939252176
0.10514970241304471,0.09156598975132124,0.105600173354452,0.07302518203332432,0.08818378605755062,0.19971702408700912,0.09196527768280331,0.13576546495971928,0.10902739966077542
0.1124118835336419,0.13691720615387518,0.08619783517029296,0.15344965208314756,0.1395085823621979,0.03545531013985891,0.15078372124824882,0.08046745352705968,0.1048083557816772
0.10938607928037114,0.13201038029467807,0.09325222861235948,0.14595063404569522,0.10063032368436185,0.09040982398444193,0.1227135834772141,0.10352596953718207,0.10212097708369618
0.10639403611302815,0.09433230468165771,0.058984409756304645,0.09022052733265257,0.0954477548229465,0.21963044208841742,0.07968583222943053,0.1462039189648182,0.10910077401074421
0.10768318282343871,0.12054916435978118,0.10179741523277525,0.1275523737972228,0.09529743762336244,0.12570527174660687,0.1070607839088719,0.11144389661979416,0.10291047388814677
0.08943724473250965,0.052133360181103296,0.039547472137840926,0.05147240536818714,0.09434329448229158,0.3143845250032137,0.045397508478582184,0.19954820804818452,0.11373598156808702
0.10060383614940331,0.07238363551840186,0.04472961995283783,0.0650215731274718,0.09370882969309435,0.2768324880312982,0.06239329568786505,0.1719363484569034,0.11239037338272417
0.10844556317061844,0.12170574737960214,0.1386168989234089,0.13763896178774368,0.09837808223562522,0.08061980305577045,0.11468663145992508,0.09626557472118856,0.1036427372661174
0.12398094504924977,0.12303324139725998,0.0948935610635302,0.11512528745408734,0.15413214212582424,0.029584770222801676,0.15711493577533084,0.07971747737167713,0.12241763954023888
0.0896151673380124,0.050850615725538506,0.041199153369873065,0.054343662819188045,0.09690584668825464,0.3041595874224851,0.04388692143282428,0.2049316564335688,0.11410738877025524
0.10796950931198816,0.08796718406407583,0.06219695245179143,0.07227852965536721,0.09165969060253464,0.22702858222911795,0.08399338645474767,0.15261232447260178,0.11429384075777538
0.10718249326729266,0.10082486959140903,0.06394955406148373,0.09958959491672927,0.09594762665430395,0.20102559079279905,0.08469999004006566,0.13902431410051797,0.10775596657539865
0.08442393742212097,0.04539669159053931,0.041283925008757084,0.04739460758054711,0.09545528790535569,0.3207909710417866,0.040330867448064536,0.20901182293107654,0.11591188907175214
0.06725636258811622,0.025584961457192978,0.07743410112598316,0.030675045937546285,0.11950591351090821,0.2729248167342086,0.024641209337942834,0.22811917811455854,0.15385841119354318
0.10608203938647026,0.10471189698659321,0.07024357603696037,0.10792387855602331,0.09582140562974388,0.19154384269749622,0.085855597169794,0.13253994026202548,0.10527782327489323
0.12115874453181615,0.11951444766629242,0.13141453909953826,0.12048636575832143,0.1238931117210862,0.03750330592349289,0.1421348635055615,0.08415544803700477,0.1197391737568864
0.09737971820363588,0.0608655286142,0.04173657202529151,0.06422881920142924,0.09926488690970263,0.27774158669499577,0.05083568499922564,0.19370983602738454,0.11423736732413481
0.1024307955295255,0.09771551501094884,0.05997055156297027,0.11316535841651883,0.09842461577573562,0.21476991832758627,0.07231906306186438,0.1384839264082887,0.1027202559065617
0.09530519487116053,0.059595757365902065,0.040771949346053764,0.06007483386934178,0.09659376266817614,0.29154111599699767,0.05038596782895249,0.19244791195496305,0.11328350609845254
0.10538221746356906,0.08001234280536894,0.04591673255552475,0.08086522062106109,0.0998286002169876,0.24102146718913672,0.06558986392979203,0.16834679044771458,0.11303676477084514
0.11549344376125481,0.12612447053064835,0.06136120223476569,0.13288812403527547,0.11256630972298594,0.10149912256866261,0.11880207957167517,0.12122348271778223,0.11004176485694965
0.10907685140780166,0.13141918716044362,0.09446113720868506,0.14646527360733244,0.10020815785253702,0.09196920630888776,0.12093431984284513,0.10353869356866875,0.10192717304279864
0.11207991311636951,0.1205793136477513,0.07803464895050255,0.11795096917068808,0.09774814283107991,0.13121691150558815,0.11366325248232041,0.12100991936648786,0.10771692892921225
0.11131283363106718,0.11558735302693997,0.17479479964490566,0.09681518048641961,0.09169102419595769,0.0544922423178745,0.15831788153639637,0.08941533516681426,0.10757334999362474
0.09416793658498658,0.05876054222958987,0.04129512154798063,0.06327314033317104,0.09802987922935558,0.2909082238638183,0.04859847105713793,0.1932235358198562,0.11174314933410374
0.1057365036477414,0.13759665389255404,0.08051764491878026,0.1785982088425708,0.10893323217443261,0.07677757091966869,0.11655072924700012,0.09790175561605408,0.09738770074119792
0.10944272310005027,0.10299762477344564,0.08171494434509599,0.08990178175903775,0.09230440268636031,0.18203814645713548,0.0978652138552295,0.13373753021916238,0.1099976328044827
0.10857829431939829,0.1402065163252002,0.08954968204321244,0.167650500941372,0.11700074233670023,0.05070042321113225,0.13852460252663024,0.08802991457283386,0.09975932372352052
0.10248080516222413,0.0866891684393971,0.07098026366858139,0.07553366543693589,0.0915741087011576,0.24229275024773353,0.07594781739160437,0.14659937829268713,0.10790204265967895
0.10486605236572098,0.07922670897955035,0.06045252545641653,0.06262241055435741,0.08972678669933076,0.25105967770385273,0.07684600953909866,0.16009466703003009,0.11510516167164254
0.11324209559730518,0.132412591036166,0.09209841948064064,0.12737507865383668,0.10169045795693205,0.08125094230554598,0.14116223054931695,0.10478122259771412,0.1059869618225424
0.11220855614052018,0.1383744161253584,0.09418484047634561,0.1445003126789339,0.1186377255121913,0.04652111702978585,0.15393508375264386,0.08790841643641374,0.1037295318478072
0.09393743139200554,0.051349325191111315,0.043785439895330826,0.058776832489549256,0.10230681046297234,0.27489906429978256,0.04430989648922839,0.21270881166304675,0.11792638811697309
0.09595600503582641,0.05849443843345977,0.039093921839341565,0.0505529405479625,0.09176234605272254,0.30046793658670734,0.05347485970506594,0.19252709578988636,0.11767045600902758
0.10202872324816938,0.0945062692938879,0.056189953729055754,0.11292827469673257,0.0998059151692099,0.22032383664539315,0.06861372881008719,0.1425986435968067,0.10300465481065746
0.10834066408038627,0.10088685804266961,0.1403851225817856,0.07855107928900229,0.08583835427484403,0.1395608068439026,0.11728432632149167,0.12021591736254204,0.10893687120337588
0.11636058501316467,0.11406895474239703,0.06572095915505276,0.1011285806203855,0.09911765077928462,0.14092304909488498,0.11577094638596759,0.13254311748456601,0.11436615672429673
0.11509299471645734,0.12824733773359917,0.08663341262999906,0.17010866249369505,0.15121228179675103,0.0328482088219732,0.12685560350930045,0.0783649259962216,0.11063657230200313
0.10910747194782712,0.12444178159777032,0.09076582203061338,0.1323619769590215,0.09719895883688402,0.1187288869383366,0.1118953487223701,0.11197609405067803,0.10352365891649899
0.08767323724448915,0.048651617662753416,0.04118214504020946,0.051570935474176176,0.09624460174592815,0.3105308406783159,0.042488157471473165,0.2070026994171561,0.11465576526549846
0.11033312656637752,0.1312033247984019,0.07913662152630198,0.17842167517572471,0.1669834645136101,0.028599791685794598,0.12718701884366748,0.07306010542445301,0.10507487146566859
0.12368027549062277,0.12324534913337137,0.0942346722538203,0.12365515778671377,0.15469172569060888,0.030303984429657444,0.1480370743022826,0.08005607347249281,0.12209568744042998
0.10173521401730029,0.13859000634446006,0.08846655329748226,0.21321640674192363,0.1201537229797091,0.05011861694165226,0.11143249215895575,0.08288280257476426,0.0934041849437524
0.11886404453671336,0.11843235781156798,0.05828817206334943,0.1099547424583865,0.1079133658082062,0.11878566000968056,0.12019150187936019,0.13180011480045514,0.11577004063228069
0.10868617670435173,0.12082186000466989,0.14155304891870257,0.11970631956092269,0.0937723973982222,0.08893393550011351,0.12295881971760886,0.09984545825887892,0.1037219839365296
0.12176314737916576,0.12473111663090079,0.09116237624678059,0.1368411684435601,0.15498707678793358,0.031114153053672444,0.14016070149025353,0.07985542620050838,0.11938483376722492
0.13301056216680263,0.10239154509148152,0.06722045836058907,0.13630316845365406,0.21558788822330865,0.025457643708383517,0.08839113262955782,0.08462260608480149,0.14701499528142126
0.11665883936742712,0.13048932704008617,0.10407041858857673,0.13942254166952472,0.12969470271714478,0.037736486960069,0.14817698372478963,0.08282652154888583,0.11092417838349607
0.09999018131733779,0.07099688409392842,0.043340393773167625,0.06905033062247114,0.09623800254307292,0.27441814979553525,0.05887525116685538,0.17551467208894042,0.1115761345986911
0.0927413277909151,0.056402403566123645,0.038970793098030025,0.05123577317254199,0.09253610766417845,0.3105148177590739,0.04992603367701199,0.1929772589091013,0.11469548436302357
0.10959645466153196,0.07493074401299725,0.04333144932401226,0.07004891273901,0.10216781139257947,0.2292928088144808,0.06639862413511191,0.18278370363468144,0.12144949128559486
0.11024598100278471,0.11720438969951856,0.15435449310535818,0.10019356176741263,0.08980022187533555,0.08192826108732965,0.14039654943173865,0.0999135729546546,0.10596296907586751
0.08628750052405754,0.044663219609488,0.041263818874238814,0.04317956464429439,0.09398279606633818,0.314418085145766,0.041231117602302754,0.21359488257497083,0.12137901495854364
0.11688621348109078,0.11892434286361682,0.15331490363450417,0.1095636264671143,0.10900085996085312,0.04123556852295482,0.15252321088633083,0.08454511926839751,0.1140061549151377
0.11026977149427498,0.12057324345757292,0.15499673845432596,0.1106697917073991,0.09322633937129983,0.07128085094188759,0.138620926335963,0.09508241301904578,0.10527992521823086
0.1086045148776626,0.13949064933864042,0.09094050705345114,0.16565029461216002,0.11245959510032233,0.05670048092900085,0.1355266695901478,0.09075739508513582,0.09986989341347906
0.08451769611824671,0.0477083107810462,0.0428886460748294,0.06108063422107262,0.09950120751739662,0.30960349909599105,0.0398460093450801,0.20560440985942574,0.10924958698691156
0.11624213135968064,0.13421938123072444,0.0925824552996735,0.11628931851660552,0.11397851864200033,0.04985591122760799,0.1745432046309605,0.09375358759474268,0.10853549149800434
0.12067436318346607,0.12525107825538784,0.1068319362188872,0.12899931704306067,0.13688887898139834,0.0344305757463213,0.1476277142883148,0.08195266110261223,0.11734347518055156
0.11160486273333241,0.1173919773083386,0.06739122477117047,0.12121809873955804,0.10035496430479164,0.1437118737292074,0.10384946919852929,0.12656396329524003,0.10791356591983203
0.09348051627102917,0.047692686917961656,0.04567753165029558,0.05478792277190147,0.10405828796692908,0.2669034348156589,0.04239840775024322,0.2229580165827,0.12204319527328085
0.10064490321704893,0.08787483748456387,0.053355325418401996,0.09848104249168521,0.09797937026986446,0.24273630174009672,0.0655678993175919,0.14942742486179889,0.10393289519894792
0.10333850443642,0.08251317243861417,0.049051250568284986,0.0804600642966803,0.09634254603717708,0.25039500920462426,0.06767211727701684,0.16032761064698953,0.10989972509419288
0.0825687658356245,0.038129868333177795,0.046062261737092214,0.03668175220957076,0.09504271465922827,0.3068993709641654,0.03688639122128101,0.22478819649694418,0.13294067854291583
0.11149419030074226,0.1212450358124662,0.12540649663244297,0.10768963115278035,0.09257649227300395,0.09512375457299127,0.1338992750085293,0.10597755115035852,0.10658757309668522
0.07942533129519082,0.038476238823179576,0.047008599470864644,0.042637708626623104,0.09852118992287871,0.3159391977800248,0.03531473279395425,0.2200292726503157,0.12264772863696834
0.09039046392623716,0.05995883227930662,0.04057848339903746,0.06282301006767982,0.09536544385364924,0.3126964216920742,0.04834086193653748,0.18310427508344743,0.10674220776203062
0.11692988942916283,0.12987816384885953,0.10881273827628135,0.1326505436104966,0.1263614519439669,0.03829989570314837,0.15249513342383778,0.08335245545416013,0.11121972831008653
0.11262528978559146,0.13281246759853835,0.11281455879636822,0.14453972974628307,0.11151333142550314,0.05034705889663923,0.14159083601058753,0.08823081791927063,0.10552590982121833
0.10980492427225703,0.13622310114108294,0.09262082074434436,0.1511866021133715,0.10468307136785025,0.07334848956747618,0.13213192855972464,0.09833472867141217,0.1016663335624809
0.11803819360142315,0.09751630512556013,0.05377506459461187,0.07858222941087437,0.09755156152409232,0.1755420270065552,0.10311903142598551,0.15341378797507407,0.12246179933582334
0.10759984292284652,0.1252243137802265,0.10469885804251781,0.14019138249831262,0.09707957683214953,0.10707703809676829,0.11079608531027806,0.10558628804779147,0.1017466144691091
0.07953847461553902,0.04044663612362928,0.04411250968187768,0.044201389908965376,0.09723478777424177,0.3260121482248229,0.03646622990010998,0.21323284163395248,0.11875498213686154
0.10165140475233632,0.09998751519746739,0.06457918737336679,0.11692189411473312,0.09772471861943066,0.21051212350845405,0.07346292659814183,0.1338957981402904,0.10126443169577949
0.10728081249411003,0.12648287934382363,0.07005505973051639,0.16291000619295423,0.10687330251983074,0.11392735193114738,0.09846974477845033,0.11292903349848467,0.10107180951068263
0.11217100024098937,0.13720910688659196,0.08744392226581398,0.15457579543748212,0.13648997390449408,0.036583976090324856,0.14994214461141783,0.0811569074696566,0.10442717309322928
0.11076651307823282,0.11266470953298262,0.07296044274399809,0.10928459115871332,0.09645000429299887,0.15900982777419476,0.10188630868734715,0.1285938717150805,0.10838373101645195
0.11433057123074954,0.1361853562891508,0.09208149587204147,0.13705122875848033,0.13081607960064912,0.03800997892587992,0.16147710671987414,0.08341781116604592,0.10663037143712882
0.1029424489664892,0.07743561384439775,0.047892430529183884,0.06847225361137275,0.09359740843226728,0.2634887087231745,0.06760303330263712,0.16593237954131362,0.11263572304916386
0.10927902012000006,0.09076218852352014,0.05351038848936664,0.08094276040455584,0.09566186467745352,0.2194896463851699,0.08174409165123657,0.1544940016137607,0.11411603813493658
0.10978839155168657,0.13715949766062097,0.08898506986667182,0.17296941005683597,0.13152721413795523,0.039219984912944726,0.13699360696346727,0.08135264933143997,0.1020041755183776
0.12056294558015808,0.12152188218277589,0.08322416451765485,0.1597623316455453,0.1663417777466271,0.030198434300149467,0.12016003145733141,0.07860928318883974,0.11961914938091822
0.10748016777901821,0.14008471582339183,0.08561076464167909,0.1778473153009348,0.12960006327635035,0.04069674183224579,0.1378685817590233,0.08186606415727983,0.09894558543007675
0.09807447837248738,0.07645029119040998,0.09639073298713226,0.059710914089550815,0.087691574972852,0.25198815769269983,0.07326893088041884,0.14890497802322675,0.10751994179122197
0.0847117275067697,0.052685319322081564,0.04431459803783247,0.08796888733986756,0.1043146624147413,0.29196394905256345,0.03990913523995238,0.19313727144605983,0.10099444964013171
0.11306363562500173,0.1148521436550447,0.16159668126673088,0.09050487108176165,0.0907430627196553,0.05545397517159321,0.1712788826950137,0.09276168023468613,0.10974506755051251
0.10841333278950212,0.10972659629598476,0.07657868281345538,0.10838954264267057,0.09522844380983526,0.17109646475715393,0.09561078688699078,0.12838665429697485,0.10656949570743231
0.11273576050429801,0.11496800227161662,0.06641552217840374,0.1128099327730539,0.09946286005154355,0.14877066199811143,0.10515717661344491,0.12980203272977067,0.10987805087975717
0.09734215386912426,0.06332554523209322,0.040768407227232045,0.05906374032002088,0.09460791913141835,0.29031133854944674,0.05459812667604405,0.18609352914095023,0.11388923985367022
0.10842334761072592,0.09167070435351989,0.05130576892930183,0.0906009705694271,0.09911337003189187,0.2157140499701146,0.07675223226358255,0.15434099417952785,0.11207856209190838
0.10907037336559931,0.1059298970221768,0.10745809199307554,0.08988312414998356,0.09012918016261949,0.15761656506400706,0.10707622360295542,0.12437932670925662,0.10845721793032624
0.1115668585077157,0.13583694474074076,0.09164546774931635,0.16518990447383022,0.1311998995263929,0.03904288807219021,0.13947769327517648,0.08188622219418998,0.10415412146044735
0.11942442525983692,0.1249105347678629,0.08443787099156598,0.15393267568653166,0.16247641725235654,0.030363866094076947,0.12936262127841744,0.0782029114824535,0.11688867718689806
0.07595903303782256,0.03511033580083118,0.04987727577783694,0.03666713047311439,0.0992275806325973,0.3206260570609824,0.03302925875744705,0.2186415940705412,0.13086173438882695
0.11365812822539849,0.13014140896097792,0.08125210305278917,0.1264622616181341,0.1018085728675459,0.09516517758085762,0.13315424989014293,0.11131512156084522,0.1070429762433087
0.10888556674123166,0.08946616723520123,0.0497745385339692,0.08658030532803011,0.09918047776223089,0.21854104908607278,0.07606652096215459,0.15795076359516114,0.1135546107559483
0.06984438404042635,0.026820040420820743,0.0697470565596701,0.02775242945953992,0.11091840872955909,0.2840377302562039,0.0265843845932348,0.22302194535538186,0.16127362058516326
0.11447168291952352,0.1312582531903194,0.11633567299828536,0.11947301745739047,0.10747765514921083,0.05074018184584802,0.16223580087527392,0.09063587758107704,0.10737185798307147
0.10755508278616512,0.10613751234084996,0.08225134895020722,0.10067449538239666,0.09358187874352857,0.17968688734662944,0.09399911407186039,0.12939664816256938,0.10671703221579328
0.10879834664731837,0.11867141046493808,0.1509244953964469,0.11124261465567631,0.09192919888165385,0.08728086732836826,0.1273784615603575,0.09956301464499702,0.10421159042024376
0.11664894894445425,0.12986792194824048,0.10141889783391693,0.1087953172304554,0.1040229356251955,0.061295511263314804,0.16847046635148813,0.09954039473243004,0.1099396060705045
0.08049811379596068,0.04261009703949666,0.039348116902712914,0.040410718957914905,0.09364658593482995,0.341043104004473,0.03890405560739372,0.20381795213191456,0.11972125562530363
0.1074946786627325,0.12533190714161535,0.0890495818314853,0.14320459408738062,0.09825414098416964,0.11820786441795895,0.10677357955519536,0.11009711877532098,0.10158653454414122
0.10561071072327205,0.1066056490083907,0.08237347003896016,0.1079222768626981,0.09440797547964623,0.18236321505673647,0.08921051767140425,0.12720351618705347,0.10430266897183853
0.10057598630227314,0.09068044368449335,0.055438062426453806,0.10462534151764648,0.0983101030708237,0.23567426885931253,0.066514948380123,0.14539478470828238,0.10278606105059168
0.098174283718422,0.06609546837268461,0.043231402191145796,0.05540932879330365,0.09093483870354946,0.29399029710405705,0.05985026106490864,0.17785915589389398,0.11445496415803486
0.10060542788060474,0.0864597506581538,0.05374987575973197,0.09173589185930368,0.09658711483119713,0.24911948550469,0.06630149484936392,0.1507018184199961,0.10473914023695856
0.11269549057029704,0.13739255781421816,0.09767374938900043,0.14004896872012154,0.11565255468760599,0.04838077901932895,0.1547372058174118,0.0890404988615242,0.10437819512049196
0.1098930200979491,0.09767880655801897,0.05515168977458529,0.09483839268239637,0.0985042854008078,0.20051448059505286,0.08394453544373688,0.14766330503133918,0.11181148441611359
0.11517035288540863,0.09627590673614912,0.049944449528206335,0.08968699926940686,0.10321426579095995,0.18334047483867696,0.08778356645155906,0.15606596320792335,0.1185180212917097
0.11195348292246539,0.13084082239012787,0.09483684203474851,0.13008004586206823,0.09969847509136857,0.08896866919066841,0.13287629017652733,0.10572849293731411,0.10501687939471166
0.10812691070561432,0.13467405683691794,0.08915341965243939,0.15895896426536757,0.10332911845942061,0.08372148979717815,0.12111036884238287,0.1006424462614396,0.1002832251792395
0.09257767880816048,0.05571158405257277,0.040799560739882015,0.05848409617875757,0.09695910524370303,0.2980071398816162,0.047109639645215994,0.1975137355281921,0.1128374599218998
0.06765756783937138,0.027890489512046365,0.06165221084607899,0.0270216455847688,0.10611868169434503,0.3196516441668533,0.027732950384501676,0.19767923606687474,0.1645955739051597
0.11077087965123278,0.13693989424916198,0.10036211670884176,0.15278713440139727,0.1111239481262256,0.05450401239331618,0.14069075343193513,0.09024435335575738,0.10257690768213201
0.11283556592725634,0.13435442564290925,0.0937126667960373,0.16131557043005296,0.13175640108739364,0.03857693183900447,0.1396054686303084,0.08194977373124611,0.1058931959157916
0.111251786998508,0.1339177883653283,0.08968222720983854,0.13969035566291058,0.10252546339213364,0.08287060559136168,0.13291962755541076,0.10350867237587928,0.10363347284862924
0.07625470999825601,0.03529665693875176,0.04921409941142949,0.03616661572953764,0.09855229144401274,0.3217315583934377,0.03332180429697049,0.21800574138338033,0.13145652240422384
0.113510834522062,0.133287227677716,0.07894223254493933,0.13209830012617094,0.10493607698550227,0.08528363043520193,0.13748125397201794,0.10829048913467293,0.10616995460171659
0.10983512457569693,0.11851732759485784,0.07072068522282494,0.12744115469898762,0.0996497442313697,0.14345171980241278,0.10142665966611746,0.12329476417714458,0.10566282003058812
0.10401883968276783,0.0899233815510402,0.052149616595167626,0.09781807115156188,0.09913021983033891,0.2289184114776289,0.06944111615216038,0.15146587954796686,0.10713446401136735
0.097592917421525,0.07659196699746611,0.04779652299878604,0.07931427211837912,0.09593324893594331,0.2759930707947839,0.05948160177486855,0.16183784303268633,0.10545855592556164
0.11399951660791995,0.12968601994313866,0.11552671292167105,0.11554480408725293,0.1004920650693683,0.06445065515000752,0.15586132087051272,0.09727273873703285,0.10716616661309603
0.10385017373459614,0.08593543901880452,0.050574978329610665,0.08700448299393072,0.09731388877123122,0.24114461184830627,0.06902552944477126,0.15630726184241203,0.10884363401633713
0.1191237325017992,0.12758108795664355,0.10239022188073828,0.13544417497105646,0.13721686677203823,0.034909410730432,0.14680233202582385,0.08172873017795425,0.11480344298351414
0.11131327883715714,0.13611794067977198,0.09377506545304111,0.16490780569787825,0.12686896015681767,0.0412420849821601,0.13892126974213767,0.08312105956940613,0.10373253488162999
0.11048808815046296,0.09554701235051127,0.07204637712046467,0.07809785373742621,0.09156659983204701,0.1992948714113134,0.09488108244318393,0.14393347279492194,0.11414464215966857
0.11543645779668597,0.1269822512704861,0.11134380110581647,0.1069789390413713,0.09846552516388446,0.07067487615148592,0.15885863130726824,0.10191384386096392,0.10934567430203769
0.10409661851008682,0.0941199075412293,0.05629362793759216,0.10098432001423192,0.09784144493329244,0.22222077100210555,0.07318258545469834,0.14529286474836137,0.10596785985840211
0.09920466147598013,0.08783223658514394,0.052612457749322494,0.11233265595816484,0.10108918827895569,0.2361950764863178,0.06120006258529149,0.14798925654459544,0.10154440433622813
0.1074946786627325,0.12533190714161535,0.0890495818314853,0.14320459408738062,0.09825414098416964,0.11820786441795895,0.10677357955519536,0.11009711877532098,0.10158653454414122
