0.12244400440860154,0.14036183191109686,0.09865382880481494,0.15410922377170203,0.07313349225163956,0.1253837871030088,0.0172096681612737,0.08266589450843244,0.1860382690794301
0.1276561472755013,0.14220603063572976,0.06623076700943831,0.12545310170780885,0.08423787259872408,0.15258018701348783,0.02210007381694798,0.07550842331051431,0.20402739663184763
0.09701893503152507,0.07408900763758512,0.09975981635966326,0.06447288500333437,0.12633040222566258,0.09344167842826541,0.2921661207535469,0.1168513498808813,0.035869804679536016
0.10994370147765516,0.13166345696436085,0.08103551675328462,0.059263099568206655,0.09081598739668188,0.12722149156856669,0.04152906432763415,0.11531945196739062,0.2432082299762193
0.1441044340706519,0.1900372369799401,0.11964017277663924,0.08139718422770743,0.04085454113141813,0.17337882721253786,0.010569866692010946,0.04403387575370286,0.19598386115539154
0.13197454422961105,0.12431490312412148,0.29002569134194384,0.1431575808541288,0.058995885921980344,0.10243510497753361,0.015338864297996774,0.08092355153628122,0.052833873716402836
0.1082027218719237,0.11748364605437535,0.06352703026142226,0.047011653324337425,0.110295255388506,0.13418320117070717,0.0818473712979601,0.11534454541085204,0.22210457521991578
0.12882974501639152,0.12448551545684751,0.12381822387855446,0.037834473829244514,0.0929397218880334,0.15801606229449164,0.044546492106331916,0.09903915452171262,0.19049061100839237
0.1363173947082154,0.12861835819751163,0.3541871243908961,0.02759879859730549,0.0503707062721385,0.1308385650063011,0.020362947132342546,0.07594378417791552,0.07576232151737368
0.1217103143272998,0.12362960307349437,0.0837297737365003,0.11625643115586537,0.1048094051324569,0.13206753708287527,0.03118743996260748,0.10535234359980479,0.1812571519290956
0.12203291412105154,0.1359568590826864,0.037996172724326704,0.26425777969411973,0.10259705573477607,0.1354680055609781,0.0322850321409199,0.06619418413622404,0.10321199680491756
0.13101252521239137,0.13676735387685757,0.1227575000476057,0.06858084913375695,0.07935339950432219,0.1462800879895189,0.02347480230712096,0.09138912607337386,0.20038435585505252
0.11826786532485956,0.11783518381084358,0.07947143826837809,0.13778206395593354,0.11341727049891141,0.12316122471477144,0.03457139624457315,0.11244885841232648,0.16304469876940283
0.10734831446724896,0.10096063491255491,0.07767099046206354,0.058173910221485346,0.13504538403084917,0.11735196890769446,0.13372427738907036,0.1372607203337681,0.13246379927526516
0.12392073135849148,0.1487422893314211,0.03879930765123234,0.1971420797035294,0.09866024318283105,0.1513917149740602,0.04291982032154427,0.07111550081527379,0.12730831266161632
0.10244408114606333,0.09497599185453554,0.052199555454527514,0.06694826338260962,0.1395050432256498,0.10665736488772382,0.1989032276405571,0.12468059258204267,0.11368587982629069
0.12269853951725922,0.1482989929338502,0.12022528173098616,0.0798713728529065,0.06538138031049091,0.13030982787847903,0.019100292794863274,0.09039040518159432,0.22372390679957044
0.11161470756279061,0.08240297188717745,0.07328725478488274,0.09383902870488504,0.15192302372852348,0.10626574089843323,0.2200236011920309,0.11301660815219124,0.04762706308908531
0.12571462734804395,0.11751951542588157,0.06314713894638448,0.08902573303691179,0.12361451868015849,0.14982610350086648,0.049315847299838365,0.10035609732854973,0.18148041843336518
0.12278330432704719,0.13185719647588803,0.06408543387236762,0.11755794152048615,0.09786901497450051,0.14307591433295624,0.029012716837776852,0.08986200028218676,0.20389647737679065
0.11774665900621999,0.13546908628468732,0.05064015008789811,0.15099118137828763,0.10097183911085152,0.13508659226569733,0.03324080659479272,0.08966781214992192,0.18618587312164345
0.1293977791942897,0.10364910521298011,0.11071150994245971,0.06760587952160207,0.1405703632798305,0.1484406863580377,0.08052583274748189,0.11850759939485139,0.10059124434846682
0.11947117937554348,0.1331231861851477,0.10103463064848917,0.16891629342341888,0.07867037217530745,0.11730148158552682,0.01846143842068686,0.09067831150194162,0.17234310668393812
0.11088206132939181,0.11727152370651149,0.060907426732808904,0.06610817861447948,0.11929578111693802,0.1300847779681937,0.07386806519140332,0.1188878991902634,0.20269428615000987
0.11407826293786329,0.10705560481287803,0.05674052979078322,0.07331730256950462,0.13807739613449183,0.13009554317663882,0.10571414884888503,0.1183639170017539,0.15655729472720123
0.10700912491583227,0.11518273635848512,0.03949096146128628,0.20135786978751838,0.12946908193432782,0.10420110506182916,0.06971638910843762,0.111759187807481,0.12181354356480238
0.10384633400095301,0.08104719471926698,0.16603119734302949,0.09385723629246105,0.13004350308417045,0.10531250239257339,0.15615829825154973,0.13765554912038885,0.026048184795607093
0.12052269014647159,0.09229171275444936,0.6323641661554361,0.008439359535972912,0.020605195762968268,0.07748267687882492,0.011918320893489834,0.024620593411122216,0.011755284461264734
0.12692917467711093,0.15906798881248727,0.05186149174044088,0.13008020743662912,0.081270442618496,0.16419981866361444,0.02697361484097162,0.06981353271377923,0.18980372849647043
0.126793934050245,0.15434665750871865,0.14453406034924668,0.03410348097190748,0.05010392462683507,0.1490812860618043,0.018257490496791044,0.07227155451831804,0.25050761141613376
0.12370984379151977,0.12119009555115677,0.10448803790233689,0.04011650201222458,0.10092642597284236,0.1533678704335318,0.053670169195515434,0.10471322437342778,0.1978178307674446
0.11381706966624698,0.08071001902381535,0.11607548976309713,0.08002828224381404,0.14578192275204502,0.1154660866113566,0.19495593986110485,0.1171606555829372,0.0360045344955828
0.11234524273639857,0.08956783339050177,0.05359800759608313,0.0933040727751665,0.1541386904982961,0.11072645602611376,0.20298615599499126,0.11067533648900563,0.07265820449344332
0.12484028770539468,0.12327512003122308,0.12201858923808166,0.06956482390559644,0.104710545491584,0.13703704703363306,0.03957592886969625,0.11711462533223727,0.16186303239255354
0.1198249869511304,0.11189783227719585,0.24248777656151085,0.03441626524502126,0.09423703670436911,0.13328251434306862,0.06539614773526588,0.12520205418842928,0.07325538599400878
0.09811026248181277,0.09030557385454137,0.09277422133107106,0.04008772917678881,0.12426749160623929,0.10795534570235936,0.20551002581962566,0.13845762154140526,0.1025317284861564
0.12952164473599803,0.11118143591754903,0.13571580360904867,0.04908757857722862,0.12066795010633284,0.15265849403841797,0.06692391667282284,0.11620635781604012,0.11803681852656184
0.11464690575424001,0.10212328502308227,0.10592626145946744,0.053655312505734666,0.13339653999429615,0.12875367487990894,0.11359045380742616,0.1350377748099655,0.11286979176587882
0.14330929454971564,0.19496608947541186,0.09912971859102115,0.09023197623280794,0.04253876549557361,0.18383777293872192,0.011289884157001351,0.04324910808790733,0.19144739047183915
0.11383607159923044,0.10874858127544518,0.07016422814121502,0.0540588679594246,0.1280837680065007,0.13582039010849933,0.09662055948349535,0.11978905860173372,0.17287847482445562
0.11907963729583271,0.1168883048476016,0.15816538365612445,0.03610546124601901,0.10128046615307805,0.1384880547095362,0.0671975104361977,0.12555311121244314,0.1372420704431671
0.11447249675330175,0.13369759333902512,0.11151898391777026,0.036119049498402465,0.07775042159710806,0.13763487226395923,0.039356507053889295,0.10572933708180843,0.2437207384947353
0.11471844176664318,0.12767972387380974,0.08125312934807395,0.07672382536969402,0.09986149384056413,0.1293612395831262,0.03927133714126337,0.11440071834609926,0.21673009073072613
0.11659960464620199,0.09670548084272512,0.1985210423173104,0.08143875649687413,0.1259376642360243,0.11949905125362004,0.08402133156064824,0.13760651319968217,0.039670555446913676
0.11414190061759048,0.08822238736065525,0.04509141149253224,0.344180157557813,0.13797168946358462,0.09392448719436514,0.031798671124696254,0.08429482386183623,0.0603744713269266
0.11796111060044666,0.11648615451513039,0.2905999629349903,0.030038569864410888,0.07821880658571452,0.12497008247839902,0.05156562660897321,0.12086689888268004,0.06929278752925506
0.09816615077445234,0.09851238069161994,0.027794796841813883,0.13708427469588474,0.11636537647850209,0.10462333565721388,0.30998314405836375,0.07352215665659935,0.03394838414554995
0.10067307237583824,0.10846023922071812,0.06390136895499009,0.04770177590260022,0.11909051438632934,0.11639289667303666,0.12041242379360728,0.1328390015608023,0.1905287071320778
0.12552387152730465,0.1257315564429705,0.15848219575718062,0.03667668994821193,0.08873805645229633,0.1460099611688125,0.04431235358464445,0.11005113277600799,0.16447418234257097
0.13106279945185664,0.14685480793659375,0.05346065439828256,0.12134220992559146,0.08842377762480991,0.16704517462635068,0.026750588287651877,0.07076615032111115,0.19429383742775197
0.1045461086533983,0.10214580474944235,0.09342576982603949,0.07081494006919313,0.1330527548143504,0.10681301264042427,0.11701281712433349,0.15491556188417593,0.11727323023864267
0.12910945715573655,0.1624812958122542,0.04802055477010894,0.1662368540003449,0.0801141382820111,0.16873630652748642,0.025801995698611233,0.06211274837913128,0.15738664937431537
0.11844073952681071,0.14674218248530213,0.0859214553490067,0.04523104925927815,0.06835870342655959,0.149654255245783,0.027879164342457453,0.08488381492072566,0.2728886354440766
0.11782659339415429,0.11094828626501176,0.035140670432041284,0.07081524175686232,0.12918482415405233,0.15317014649148072,0.1585209286362603,0.08585248076051967,0.13854082810961735
