0.12585002485324417,0.10646986986411987,0.13869990041919658,0.09883804909783815,0.08056234013270482,0.11612224248882592,0.1052477594731062,0.1070438844831249,0.12116592918783942
0.023707744831338154,0.08556364170385838,0.061574248762897556,0.1335965050872502,0.19499255033751792,0.13463499523539837,0.08885751950146155,0.10589895175759613,0.17117384278268175
0.07519696585373713,0.07901776174137519,0.1175533587121423,0.13816411354643054,0.11987602625045879,0.12134264914067823,0.09213872169292765,0.1437850541743162,0.11292534888793397
0.056032858519031004,0.11221868969402991,0.11405127893798404,0.08870256553833429,0.06697029736911315,0.3204309606057842,0.0881309301932154,0.08609584181397363,0.0673665773285343
0.07348329300632149,0.20860078655769362,0.0666646664628036,0.14452823857626726,0.1108164904696778,0.06074928679080111,0.08629546972573189,0.11107261554172469,0.1377891528689786
0.08322898360953644,0.12332420251490557,0.0490741884160984,0.12609724434688938,0.2122433087060088,0.053774036591014596,0.10072937227235423,0.1279762003056185,0.12355246323757407
0.09365074107655874,0.11861433465633735,0.06418909289331093,0.14361127201126292,0.17322790149474954,0.05157323664709542,0.10396360780613577,0.14019330174456865,0.11097651166998064
0.10373658644945495,0.14109874479308407,0.05268986027754508,0.11508482641709479,0.19048918384076838,0.049580860756096724,0.11171427078622403,0.11847001418643756,0.11713565249329433
0.14853448172397585,0.08746965022846903,0.13990505119927066,0.10685659495254103,0.07037899813444344,0.07245466195469896,0.1201780917798775,0.12597808043415534,0.1282443895925681
0.07506911069684087,0.12163682897126522,0.11636600720276806,0.15947859799025788,0.09600748319762842,0.0919593410384872,0.09710149470930714,0.12146807937391146,0.1209130568195337
0.13178881849529825,0.08169107629225246,0.1298628036871395,0.10656002187155848,0.11239035069221394,0.09342482328430209,0.12323345554401273,0.14371990378173624,0.07732874635148636
0.17986741051802072,0.12448448983424866,0.07885606726826692,0.11282850003650151,0.09052593017320543,0.05005938692738552,0.10083643406761757,0.12958699143627814,0.1329547897384755
0.0010975823904839158,0.17714162226799812,0.02843029914190055,0.11985125257478961,0.276206789439812,0.16596354794232995,0.0781902337376368,0.04796190900493447,0.10515676350011464
0.15000538508003225,0.12163916693053835,0.06211648092220265,0.11720340713456416,0.16145521662845033,0.03829117611834725,0.11763108320878385,0.14262309732358983,0.08903498665349126
0.039131185845756526,0.15128876442592773,0.12864952611083783,0.10513051717488536,0.07740387133728978,0.16528911572555452,0.1353407608476508,0.06645903083974797,0.1313072276923495
0.20013916495290238,0.0837205477816793,0.14234657101582834,0.1132054474044315,0.05718289005303676,0.05229850993323301,0.10086875621203999,0.13523200212515749,0.11500611052169134
0.05833037810188326,0.22133808969416813,0.03834721122288838,0.1282610977569013,0.1480473613061523,0.07792617246668593,0.06476048638656348,0.09490699549389792,0.16808220757085923
0.14634460393783033,0.08764996549202979,0.17923183734365433,0.09904376002885011,0.04582373947617524,0.10740771467935055,0.09465742222300566,0.10342962144793831,0.1364113353711657
0.1734586630238614,0.10912288870119696,0.08392506044064148,0.13512875942348088,0.06444626349003883,0.043724312083283666,0.09105751463335011,0.13221663156162014,0.16691990664252654
0.003168523515721672,0.10382923489693825,0.04437996825208454,0.09601633424095447,0.06905090134102641,0.4893206763246904,0.08318531520236379,0.043480286479311264,0.0675687597469092
0.20321223593399948,0.0884115378176239,0.18178364693365778,0.08829695124599184,0.05122811873385913,0.076099576489687,0.11018008301369027,0.11795246922140638,0.08283538061008432
0.1519979161675254,0.09617124328609887,0.10123647386116445,0.1033784406750432,0.12315169693758155,0.04494435275692599,0.1519132934412323,0.1417042299986522,0.08550235287577608
0.16682477123157122,0.14361175157975883,0.12302315116967838,0.11589620822405482,0.07237071031162745,0.059197128072988464,0.09766036160889387,0.11724245938715779,0.10417345841426918
0.15876617983060093,0.07625225361992921,0.11845265480086957,0.11353368879280706,0.09928490120278168,0.05122264616770853,0.127347972271494,0.16031520714487243,0.09482449616893668
0.10684983546599387,0.18773353078841837,0.04892229056872396,0.10535595085742984,0.14160539938516675,0.07297590961613187,0.09109651708853472,0.08954163221688416,0.15591893401271648
0.08769248854330099,0.10610761564130007,0.0818696660093129,0.12408567931767837,0.1270515491517431,0.0730423885896586,0.11585373651121535,0.12307361605752133,0.16122326017826924
0.012707574941318538,0.0642374839282198,0.08322805840753016,0.1285181767334169,0.17460204767213686,0.22710502835134957,0.09424687429605466,0.10018524069798736,0.11516951497198613
0.10082595715404724,0.16935094159945208,0.05446783245351081,0.13258434266872157,0.07560520830409417,0.07656736295291827,0.06944919537273815,0.09931467568342796,0.2218344838110898
0.20649477036792416,0.1428189360732559,0.13345547616000172,0.07841239162738574,0.07079992695982391,0.06381539222951725,0.12340399094333977,0.10442221680727042,0.07637689883148106
0.025037610251707865,0.08342171928048368,0.0772635959034332,0.13481884549573375,0.19942752879965786,0.11118227697668977,0.11186636821693859,0.1135186064525779,0.14346344862277738
0.1673555857417152,0.07562801788227165,0.18790099201181953,0.09294082893104634,0.04679899922046995,0.12616132811353875,0.1277728073223642,0.1117281135199054,0.06371332725686896
0.0838984433824163,0.11815265789131447,0.09639201040671526,0.1171619363078073,0.14750686271238275,0.11370431731021029,0.10418919630196205,0.12415113836172907,0.09484343732546256
0.09190744162730557,0.11036182351752481,0.14038449619336257,0.0942011345428267,0.09660490890318534,0.15048788605168464,0.1342987989946887,0.09631177569593628,0.08544173447348541
0.17861999577169949,0.15508690158763935,0.06410234769648282,0.13654632749628592,0.08223580341856486,0.029626534776941296,0.09663097563756222,0.12071432412656787,0.1364367894882562
0.04981999072915889,0.06894313269204687,0.07244359762094775,0.11283244097826957,0.14809509218846026,0.2436623585991479,0.11884076497749134,0.1303282831840904,0.05503433903038713
0.13555899567524674,0.06994707841685627,0.17235725913595537,0.10287441163754298,0.074802314583523,0.10359299061879733,0.1149979933705864,0.13554804681462285,0.09032090974686906
0.055783424019087785,0.09983497679958715,0.08231547596850863,0.10875347629721223,0.19843584569307637,0.12619165146774688,0.137606036143453,0.10969820810154009,0.08138090550978797
0.17535804911228023,0.14476971570642072,0.06894849827107381,0.11989007621282859,0.08036997703954796,0.0484104018640086,0.08866872132971022,0.12086287367539994,0.1527216867887299
0.18735191590833544,0.11155575921181182,0.17045553864332272,0.08130126238080185,0.05367383580571614,0.10312780239010368,0.1196333888418875,0.10903321143528137,0.06386728538273945
0.10532293146767942,0.09920525170162058,0.09330813667191878,0.12000218613186842,0.13930159370425058,0.09107410379463347,0.10478335080475115,0.13752993053917598,0.10947251518410163
0.05305943361950969,0.18172002299652368,0.03653870905870366,0.1193131189227624,0.16661470333715833,0.10620132859883237,0.06254047761407824,0.08522389470894608,0.18878831114348552
0.0953118937895752,0.11002962444273752,0.10187878751914625,0.10081763568947888,0.06530776721704173,0.24993390199992158,0.11122174346296361,0.10617999961428477,0.05931864626485037
0.04915121639750394,0.10601241291408436,0.05029976445995022,0.12284404854549447,0.26621336053173,0.09143052055282698,0.09700293378852376,0.11819978649673339,0.09884595631315285
0.19329016614558206,0.11047338327869621,0.09940087146124225,0.09389545272099993,0.11394844024214841,0.049041232728986646,0.13278004643951694,0.1353876399490838,0.0717827670337438
0.026976945711936845,0.08745521116393447,0.1515187615212166,0.11469062810949371,0.06825144048672925,0.19539669710492988,0.1206697170865433,0.06855583765695035,0.1664847611582655
0.056504729440412495,0.08662522939479418,0.07979953786386616,0.11536496056974048,0.1962548810164864,0.14195786858014567,0.10607352950379338,0.12348788334799084,0.09393138028277037
0.12769565881550918,0.126426948128042,0.0958656217933543,0.09243776699575733,0.14694839050758482,0.08692440706459507,0.13737792416361116,0.11699368789391762,0.0693295946376285
0.014220916075090642,0.08424258996599743,0.08106937357525813,0.1311051878731104,0.20216822716323204,0.16667768598809693,0.14168756058870022,0.08769776691825552,0.09113069185225862
0.06342777475448175,0.15610537507905803,0.0852905168340697,0.10658217275467974,0.16174231087641255,0.08740422726485352,0.18151858574847937,0.09121944897843344,0.06670958770953189
0.014635295623110535,0.13515335803107664,0.07796630463023929,0.13630775884259763,0.2198558616218446,0.06764765576283613,0.14537504950631408,0.07317819629555232,0.12988051968642875
0.17061943716045294,0.15614139361458215,0.07980555197702861,0.12031863211857585,0.034118331693304166,0.05657694605824327,0.07158977408318401,0.09077523068811681,0.22005470260651214
0.09155887148151776,0.12729956059786066,0.06541407046678661,0.11027579628859836,0.1982062212219756,0.05603745295183257,0.13619555029436467,0.1169369694757867,0.0980755072212771
0.17904802429344077,0.08064784646103926,0.13852055533270172,0.09272352979719557,0.09249640820344956,0.0653034930237479,0.14369583480847595,0.14066514824939869,0.06689915983055052
0.07652042573601131,0.11282539049858581,0.056068737908634224,0.13491621186672556,0.1697823209128255,0.06331663078386134,0.09588697799322136,0.13215012589589942,0.15853317840423553
0.15440373364899282,0.11114445234156749,0.16136301221235222,0.11326571041976824,0.06390431711924878,0.084451153214895,0.09884164665232809,0.11873727767859922,0.09388869671224814
0.12841137008070638,0.11300230119669408,0.1354704140097812,0.09105246323525816,0.09819350708738102,0.12578617923121524,0.12298791904302521,0.11505832436039905,0.07003752175553968
0.17034599869986264,0.12482066142816191,0.1231931307959734,0.11598689854119908,0.08320216742952048,0.05770861048592842,0.11254140230609738,0.12484413285447242,0.08735699745878417
0.17261507820161645,0.0953428372788885,0.13233759884006646,0.10500609645039334,0.09177045756174877,0.06857110105093359,0.12428216687723348,0.13645685778898736,0.07361780595013208
0.08992351827534263,0.2198217537829805,0.06850939886567838,0.16401271901178868,0.07930418139842413,0.0343124047943587,0.10130299653665174,0.10228230799593269,0.1405307193388425
0.10348062669098801,0.09069423845124247,0.10413207594323205,0.11060252932601629,0.13613680014664206,0.09762045081090139,0.11980508311094813,0.1331660831526635,0.10436211236736603
0.13832699360674688,0.16187642972625974,0.06480741486396051,0.10337763564699266,0.1258291699241504,0.06353033235884076,0.10625318434254054,0.10425740278205498,0.13174143674845354
0.10910641324801042,0.0731731404826278,0.14282788911139574,0.11062413782237103,0.10513949966844628,0.07908214301315962,0.1519935658856841,0.1425086174198589,0.08554459334844615
0.11325185796678976,0.2146257949629186,0.07166496399217144,0.12447002912296357,0.06669045374589058,0.06905248877762579,0.07079074586908508,0.09847720956295558,0.17097645599959957
0.0635857604694994,0.15945672001468172,0.08894080288373434,0.10261204901044256,0.11865030462767641,0.1168681903933646,0.12422077791591113,0.07645845704489347,0.1492069376397964
0.19943498843886545,0.07567851494432436,0.18427584153443086,0.09944193694396102,0.051729659820756446,0.07811681363169738,0.1132761311118034,0.12525272981698013,0.07279338375718089
0.10508335532414344,0.15385006841771273,0.09532423103626995,0.0906559884842323,0.14034430633707842,0.1014485810120338,0.13797854612447588,0.09605977037294362,0.07925515289110995
0.04089905747907627,0.08345451157024762,0.13870745852008612,0.11259296626877564,0.09339995647843048,0.18149961105032839,0.12090536950084989,0.08535183450562021,0.1431892346265854
0.028767505512810432,0.09208591472998555,0.04775516325471534,0.13652732368152773,0.18680727061487626,0.14397820945213416,0.06929206719725343,0.10345191497462869,0.19133463058206845
0.16667760072808047,0.10608206629462064,0.13446569537235203,0.10921993547737104,0.0791684759311392,0.07199508781350633,0.10214080933086496,0.12870221993524547,0.10154810911681993
0.11396351196479394,0.08902154440527117,0.1628836150924707,0.11430996095241759,0.07517701482401479,0.13186849895697664,0.10023928149546797,0.12424820584093182,0.08828836646765541
0.06175811306956702,0.09942231149472357,0.08257848119728713,0.1102987566967351,0.19682582489925757,0.11069385685949006,0.1364504865153049,0.11402148324958293,0.08795068601805171
0.17136558058870274,0.10028101481935082,0.14930985132351798,0.10390701920935569,0.07412604896296339,0.0763328021844296,0.1053714645856899,0.12737685635720788,0.09192936196878194
0.008089483447605577,0.10099537423661,0.05823072973205191,0.12105973143739872,0.212628909405574,0.21127303246319207,0.10498883146055028,0.06876704705807345,0.11396686075894402
0.027456801209678933,0.1092042628993185,0.043924045359214625,0.12835658311331058,0.2629227889588177,0.09540832993128194,0.08596373813051135,0.09201458233906812,0.15474886805879837
0.012288093428255861,0.06565734196942283,0.08602976708521166,0.1431056428624858,0.18342463531398354,0.16613809452954612,0.0947981130630201,0.11923569878520697,0.12932261296286718
0.05284466708857766,0.16160646901739953,0.06659704987715596,0.12627289355298651,0.17747853547529832,0.043458122544504485,0.13007517853226946,0.0855777173439196,0.15608936656788847
0.1314547054640863,0.11640961580762738,0.08398370012174762,0.11687618388355396,0.10411599109180357,0.05274822916064862,0.11927721291271487,0.12487047507626801,0.15026388648154965
0.04690379218739779,0.06692848421078819,0.08884797673317808,0.1173359130252123,0.1823076136525462,0.1673272390729619,0.11630195353853064,0.1412328865150673,0.07281414106431762
0.037380529611338004,0.0815152150234365,0.10351603113668868,0.10195344396029937,0.1094663905861779,0.2905966375569091,0.11487915423692219,0.0880843135565012,0.07260828433172702
0.15949962304059576,0.08315775409681882,0.12226695451397007,0.10722391889073475,0.09432920216434236,0.060260637681452574,0.12604427727567932,0.1467276141165413,0.10049001821986503
0.19796818687132903,0.09002727265514175,0.14395519473497245,0.09227710626691449,0.0776763104574888,0.0625122094409105,0.12446680503872017,0.13306010286815387,0.07805681166636895
0.1735704939377912,0.0895821590383206,0.11484750700784481,0.12495625616271859,0.09560498481516344,0.04728275739286609,0.11985556100107014,0.14562085640867475,0.08867942423555036
0.029965254966381638,0.10235977058179853,0.09940221708550707,0.13059458215569233,0.15576881745952773,0.09864333857037473,0.14000957658758265,0.09014025437763397,0.1531161882155013
0.015186152655046714,0.09930721527058044,0.043144825967488004,0.10746139172324669,0.23273060973687423,0.24265059941386405,0.13105368666579575,0.08181940195423469,0.04664611661286944
0.04039961986105763,0.15518462867015684,0.1488804549499231,0.11224084008341416,0.06210042523722523,0.10800936450305172,0.14907320321129977,0.06141678998235869,0.16269467350151293
0.023114850764696618,0.07560252963243665,0.08793056565112829,0.13738719911711886,0.20260298826942258,0.10749481834408525,0.12380399844957814,0.12525864955368723,0.11680440021784634
0.11932596292759973,0.15570335188105397,0.12696375762365816,0.08795271828739444,0.08867369117286068,0.100300023869077,0.13662514561580527,0.08547740886301834,0.09897793975953245
0.10528542440545126,0.16299681448440498,0.05573796784049382,0.1437576237214537,0.07995895340952346,0.060402172824762956,0.07523747563527743,0.10769352728770965,0.20893004039092278
0.15236688440592908,0.14871290465844342,0.09524799337808576,0.09390732913213955,0.10495959743146693,0.06375942416272194,0.13073556372631068,0.10218520910451057,0.10812509400039215
0.07606542276784191,0.0617354335061208,0.18507814112414214,0.10706236345206838,0.06688086960286801,0.184816497711734,0.11947704371709128,0.1121588082959571,0.0867254198221763
0.005447942284949468,0.10112999016451744,0.06445364132201666,0.11707968716354199,0.09088813339746743,0.36688392461849983,0.12495281508223892,0.05202964282100297,0.07713422314576533
0.04185790033467295,0.08270443118234756,0.10419973326408116,0.10218743868490278,0.12535909981808382,0.2574035339536583,0.11730764318880593,0.09389481272086037,0.07508540685258697
0.08659645448589759,0.11516519357836981,0.06056211114358959,0.14381105711706518,0.10966433577988947,0.06514109045529007,0.0861581290778063,0.13080134699074167,0.20210028137135036
0.0966099590450143,0.08134876519436485,0.07321690874913393,0.12270429420994548,0.19415630929347294,0.0571186237722869,0.12657674447450257,0.16513663290307334,0.08313176235820564
0.11625560697542253,0.06502599156621389,0.15961816726249514,0.1064371709873948,0.08873684685697335,0.11603200681358387,0.12870823462574058,0.1440663019704906,0.07511967294168527
0.05224846168000852,0.08223575468649348,0.07188043441811236,0.11317844705272924,0.2294205623128013,0.10505812009947507,0.15136271007215937,0.1317479838526658,0.0628675258255548
0.05922083139418274,0.12057096840210048,0.041692280294802965,0.13423821965081192,0.2648483783492305,0.05350579076848272,0.09130664937845141,0.12407353269023637,0.11054334907170087
0.026150505485308135,0.10073119081280547,0.04301027387486683,0.1411514657546434,0.22518751156952435,0.1021160547981693,0.07382076034719855,0.10442024032433944,0.1834119970331445
0.18201536342799085,0.0860518388768669,0.174516642343607,0.10573643023244028,0.05831508362558407,0.07587114700303214,0.10285259794045508,0.1260320356181676,0.08860886093185609
0.09036806446767319,0.18337538780793636,0.08442199785027105,0.1333283306593033,0.08602935120639882,0.08286954054997588,0.07726590435514584,0.10859589098796518,0.15374553211533046
0.03631492642175005,0.06454110558198368,0.1187101706396868,0.1141142458804086,0.10915206175020283,0.25224135237004086,0.12217386785041484,0.10537587389032388,0.07737639561518846
0.1430264349323596,0.11367041134310568,0.0684733874921264,0.11164757701661819,0.16608509672533536,0.04689090347100807,0.12275766093106817,0.14295285888880227,0.08449566919957628
0.16002662307721457,0.14883147409540068,0.16725859085941383,0.07715517310254008,0.044905617961249,0.11080401660528916,0.10708989432886841,0.0812093426447576,0.10271926732526664
0.11384195761389686,0.10450701006541395,0.12958601406820663,0.10782028481816223,0.09332810484408867,0.11951387717123708,0.0966822044717841,0.11726951312958821,0.11745103381762227
0.04611762399000454,0.09540998634236751,0.07338506231844162,0.12733129423131215,0.13427791054841776,0.13144185126109034,0.09392241970200049,0.10545321041345627,0.19266064119290935
0.12963165096326665,0.08964790694162084,0.10576021997370888,0.10190803637595276,0.14147334511419596,0.08470169042547314,0.13733152088411352,0.14215748596202604,0.06738814335964215
0.09336048912130879,0.11326317949862307,0.09849850285364008,0.10878995962434505,0.12114625713608602,0.10102080999120082,0.12171234147412986,0.10539678089284132,0.13681167940782496
0.09869217898682237,0.11192841571122236,0.11012907622260666,0.09450696247914586,0.13578445162618757,0.13594034443724615,0.129375009370826,0.11235427095029478,0.07128929021564832
1.2997365543931972e-09,0.21733316491849766,0.013000275959500708,0.09242459785872244,0.027007420695370595,0.44830038991109333,0.06729635941865149,0.007840568398886224,0.12679722153954093
0.09058956239275645,0.08648135294674138,0.16303758222793477,0.09778202399147141,0.07326116343136295,0.1641292058417362,0.10870263778621769,0.09718913683638647,0.11882733454539263
0.06977417307385159,0.25220988554352125,0.07124689253117238,0.13801009816912566,0.08383469909376384,0.061774646629714325,0.08098504089847787,0.10243939185696933,0.13972517220340366
0.02721829800160348,0.17304652196068485,0.02839226987346466,0.1209958990737372,0.28598659842595714,0.07614648688789132,0.06408722366507914,0.07258274877823369,0.15154395333334839
0.051602968321634135,0.1004584150234988,0.05492762796902781,0.16665830066799714,0.1697497651993656,0.07586120774954754,0.0793482334722619,0.13232402986623787,0.16906945173042928
0.12316014566944249,0.09872392226049372,0.09163088812290748,0.12011160870927463,0.1155404744136529,0.07837689647805257,0.10390778773224858,0.13894791853328722,0.1296003580806405
0.12170644972049931,0.08982842746492319,0.09088540690275759,0.13911698077210158,0.1014230187744275,0.06345519400806865,0.09611282186791104,0.15414379853279853,0.1433279019565126
0.10530004620902593,0.11390805130135312,0.10925632868402801,0.10076431381703306,0.12526619953926665,0.10538344970515191,0.12699853441174705,0.10884567252094325,0.104277403811451
0.011194912860448195,0.14368311869358394,0.07188587178798467,0.09798047902135316,0.08772290745956597,0.278028075706235,0.08224214904783106,0.05594872841829629,0.17131375700470167
0.13712922797419433,0.12407960845370992,0.07348943248910698,0.12204081520171872,0.12065264930431979,0.03198573303155814,0.12164387201015125,0.13472289285962785,0.13425576867561298
0.10632585478170674,0.12923623454440825,0.060830512823758315,0.12049768259506548,0.18918909228465544,0.05652334826235942,0.11022973289229739,0.13304512676756108,0.09412241504818791
0.06463626996196102,0.08631819980892225,0.07584206559880097,0.11799757412025924,0.2030640908433479,0.10848452797591956,0.11407691236902769,0.13353817299473467,0.0960421863270267
0.0443194018061713,0.09671510528519738,0.054802081767152205,0.09988337402256413,0.2071421177366525,0.20862933441825282,0.13246263219465096,0.10806651084700507,0.047979441922353566
0.12131979635289936,0.14929663699881615,0.06355150347106221,0.10877885916361575,0.15817034849495906,0.06750803954343215,0.10431433243566712,0.1169040732629123,0.11015641027663592
0.11464573882506485,0.12178067473142122,0.12492719470872153,0.10540703970516102,0.08930286354415794,0.06826909467748334,0.14847026199767355,0.09833498686157373,0.12886214494874287
0.0886957726985248,0.07187458356383859,0.15622650808976293,0.12064397136158932,0.06529764917918374,0.12879231537523075,0.09286435075757664,0.1254951123933564,0.15010973658093685
0.1667348501002548,0.11908453674385704,0.08217471072226445,0.11055128489895383,0.10888845423437656,0.05493412658840299,0.10786374165162545,0.13330343437042533,0.11646486068983948
0.03635004912731349,0.07047684731430605,0.08153507786208074,0.1303310413402385,0.19481632945565344,0.1347426304372222,0.10472540749660382,0.1439322771921545,0.10309033977442723
0.15155142475290012,0.09503222256444756,0.12223474687742725,0.10245794524829614,0.11028370983277776,0.08091389258830906,0.13089912807064527,0.1379122492778959,0.06871468078730096
0.09168220497281727,0.11913624800970439,0.05164905432878188,0.1362326678990862,0.1747223325603154,0.047209282459178235,0.09698224192023834,0.139470785839506,0.14291518201037234
0.08223922900218668,0.06293559074310069,0.14411083762282736,0.1093993035952021,0.08514936774491738,0.19782325177075402,0.11776882069532536,0.13116524550575823,0.06940835331992819
6.541361073975609e-08,0.23815174846147688,0.022233574398571446,0.06803392278613223,0.0035978063937818668,0.48763275378703863,0.10227526971064087,0.004256889503404675,0.0738179695453426
0.16342946732511032,0.1730796071859038,0.11561130457637647,0.11043894044875836,0.07507781982545875,0.056507605841998515,0.10125775847644748,0.11068642564578328,0.09391107067416297
0.10456520630285666,0.19191143014488032,0.0826593135156856,0.1209129812597048,0.11243144840483466,0.06998756568702676,0.09294530717441096,0.11303169192206695,0.11155505558853329
0.007403993005907074,0.0809745620928307,0.09689699027475668,0.13395888557380384,0.1204090721052482,0.24990942647448114,0.13318489197345149,0.06566216942341208,0.11160000907610873
0.018641043836286907,0.0928691614328514,0.11024721873107234,0.12748554891187508,0.130284374518679,0.18176409761467535,0.14013360929028112,0.0775669128150313,0.12100803284924751
0.012046566824448761,0.06891634560556015,0.09268567910782073,0.13407528556058101,0.17089421021434012,0.20224300637245152,0.1225148742867339,0.0933582423037889,0.1032657897242749
0.07529765516250155,0.13091906638372489,0.08401089698102242,0.10591718342618194,0.1509768018573403,0.1112002021096188,0.12174593734705717,0.09496615990899894,0.12496609682355404
0.15331843013755378,0.0892393861601768,0.1208896438926244,0.09513466322446318,0.11481940204355869,0.06466590622326973,0.15891282540125495,0.137326758427458,0.0656929844896405
0.07889314213221314,0.11828507460870363,0.06377592343882448,0.11895086494909773,0.19641378485850738,0.059646445045205686,0.1244401606708242,0.11977455686252174,0.11982004743410196
0.05342597750936614,0.12067129583667562,0.09031527185831474,0.112931408922107,0.12949822044730375,0.12411972129644912,0.12143236468945812,0.08526407103182398,0.16234166840850153
0.02473358582162132,0.08135958387234975,0.12048969331190891,0.12146819833536844,0.11846900569351353,0.20240893066226495,0.13180684175565005,0.08416404004627091,0.11510012050105221
0.07586051964589165,0.11395084277730316,0.11012616784165302,0.11187039122305348,0.12438604277464314,0.09309409964272779,0.1443119858745432,0.09884435892348524,0.12755559129669936
0.06265985896390008,0.12971627700953323,0.09026761661474487,0.10247268636653112,0.15925470467453445,0.1343010955724551,0.13009371819031768,0.09178812515378199,0.0994459174542015
0.11018782009363952,0.08239419092357163,0.09423737310003094,0.12109027050627012,0.14205645379665835,0.071358846433615,0.11832726709334364,0.15845590069791993,0.10189187735495087
0.12230021401946489,0.16364775247122143,0.04824420166742536,0.1275195467815005,0.12570932383916508,0.05157541519288897,0.08385560797328469,0.11608878315080688,0.16105915490424214
0.11327016151322432,0.08035772808059777,0.10562020707999181,0.11458490605456322,0.1364015038061194,0.07984826822527648,0.12346745768147278,0.1534086919794941,0.09304107557925996
0.027607600897655914,0.07982679725602183,0.10527337802095375,0.11028013023607543,0.08418214792584523,0.31703469457425465,0.1237086736399896,0.07658492080059941,0.07550165664860414
0.15454022378841306,0.08564638307800747,0.13761361304759784,0.10623581177281775,0.09583955013707475,0.07953083937366968,0.11895297031404066,0.14108606617888342,0.08055454230949541
0.10809752748077021,0.10805386896901666,0.11639512118137045,0.1077152227173776,0.09341441809580071,0.09122791066301615,0.12580835952087363,0.105382251218601,0.14390532015317356
0.09044966701717223,0.09255416816390942,0.08437890328187236,0.1355096144844435,0.17087751745190652,0.07067618714192227,0.11955635830661913,0.1501866098933731,0.08581097425878144
0.018688381368878137,0.0825031441921683,0.15585862241372297,0.14277741488779563,0.09939715519085225,0.10257278241475641,0.147840196638898,0.0807704793306102,0.16959182356231808
0.10782174527067834,0.08684785583018624,0.15554256746346704,0.12048550232452336,0.08245073138011043,0.1259184219678524,0.1001699278907381,0.12867513957132062,0.09208810830112345
0.15861463164856512,0.08744973274885615,0.14552875803435592,0.09829503807771955,0.08456478421152885,0.05822344425930057,0.15492483422399436,0.12903763450433,0.0833611422913494
0.12976011292595171,0.17244675869303536,0.0803817552690728,0.13694516004258678,0.08180152194925507,0.05255638441412846,0.08824303640956056,0.11478565599596112,0.1430796143004481
0.12008246430190572,0.11794485712115481,0.06224032285356701,0.11922423645686209,0.16163994942759177,0.0464170874185969,0.11533852616439556,0.1372691954021927,0.11984336085373339
0.2239090618809675,0.11430317159835014,0.11158411486099508,0.10222934884214359,0.07870936384622935,0.04067407691711801,0.11395838695851823,0.13030124447592145,0.08433123061975663
0.05600791386840126,0.17804141769010973,0.10441262299663025,0.10364633567986621,0.10553555706953639,0.17077874725700362,0.08372535823006598,0.09940956033438042,0.0984424868740061
0.09349167089281718,0.09581992545464742,0.11169640283527789,0.11280954878807598,0.13469838285595617,0.12431708348584462,0.11715729408290543,0.13242487126343142,0.0775848203410439
0.0328465163788298,0.11316105829964866,0.05126908002287178,0.12398407419179601,0.2267446974496755,0.10675308471886702,0.09557489933343337,0.09059825013773522,0.15906833946714272
0.22124887410556485,0.11389641606142,0.15781666629032076,0.09093795710563497,0.049491768637690836,0.060515129180515805,0.09806954943086636,0.11218386764656219,0.09583977154142427
0.09486751599526022,0.08053317974712383,0.09456495478155837,0.11214645526505801,0.15442086569725846,0.11670601661645214,0.1378155758929989,0.1467729580999157,0.06217247790437441
0.05035755969088371,0.09875901550882871,0.09960085916932486,0.11518569441042574,0.13130775715660173,0.1404624824020392,0.11916476348521514,0.09418253498132718,0.15097933319535387
0.023400104442171162,0.059807386753022794,0.12528267262845058,0.12296748003146495,0.1085268428897981,0.250666573827047,0.11042140684147232,0.10272540810112751,0.09620212448544563
0.10631025914358432,0.07877215002674219,0.09997236205093653,0.13218232022284382,0.1207160697724851,0.06344714185637884,0.11223608212936298,0.16801035877171988,0.11835325602594633
0.09937656024975206,0.11663178595345852,0.06740772113422357,0.11198883216109112,0.18857341767717908,0.05779969139632538,0.13071374310031073,0.12634155571526132,0.1011666926123982
0.04707161579198738,0.12118599627420114,0.05881814169252871,0.10896407315250578,0.2234653411774581,0.13457081345617453,0.10144992370536664,0.09595026882003428,0.10852382592974341
0.026252007211531803,0.06482001737403893,0.08057485831575452,0.1129844673672113,0.18011356616016028,0.24755978236452494,0.09076030121227124,0.10817915174693067,0.08875584824757636
0.10785943527210229,0.11184661675547188,0.07436025061564286,0.12174351409876168,0.12321766206272622,0.07860879924020353,0.10116315771210706,0.126361271687168,0.15483929255581655
0.0705737902907035,0.08266683652185614,0.09857420881165002,0.12344990596517652,0.14771738657202996,0.09154446859186222,0.1249196733006051,0.14020497503407864,0.12034875491203789
0.12787240337184866,0.1687257397388847,0.06696503231230666,0.12739519334279067,0.12458401145748277,0.04890843856288185,0.09817420701147746,0.12227610553262099,0.11509886866970626
0.045085533332333255,0.08331803062095484,0.13357443547261966,0.11627264184810891,0.11558093447143077,0.1611913207182889,0.14127422262832634,0.09750724384282035,0.10619563706511696
0.0653544609210693,0.08807096636128148,0.13556996582299768,0.09334795404015435,0.08763521154943282,0.25230807433343333,0.1060917712089529,0.09473578013448547,0.07688581562819267
0.16129970553217535,0.08800683532525161,0.09417129836571358,0.10466810064573494,0.1316281336368609,0.04584832277212131,0.14090442291337799,0.15370446907540067,0.0797687117333636
0.1256811107417105,0.17818176840843947,0.07867476164083222,0.12235772837274879,0.12159910573456857,0.05004018733602315,0.1333340189179243,0.11489708419862958,0.07523423464912342
0.009633776636131087,0.11216042074978283,0.05648012784716493,0.09065083617110427,0.07434626453241815,0.4525411443818131,0.08047228184280715,0.05276228982312384,0.07095285801565461
0.14587216506400022,0.11256899085234272,0.0794726283662056,0.0981632255704649,0.16025373925651631,0.045741920800384465,0.1521738061839634,0.13452207983228875,0.07123144407383365
0.08255695257530547,0.1039112102323122,0.09689166603932615,0.11545383261883051,0.09922609583754351,0.11589437600579082,0.10568619828534641,0.10361350499812394,0.17676616340742093
0.06302011245102528,0.09318278112861256,0.12562903222602642,0.11788144230745241,0.11947467897404636,0.10301135863082955,0.14644789066172545,0.10579662040642057,0.12555608321386136
0.173476326319464,0.12410430276141675,0.05477804583244054,0.11103089616491617,0.15917293789806233,0.027088237135251644,0.12070989696615543,0.14324752644489697,0.08639183047739618
0.10799904650866292,0.10106655313298485,0.1373735051609785,0.11826127267711312,0.08398033757116312,0.1375805183931746,0.11131793804326107,0.12391112679332861,0.0785097017193333
0.0064328206934246394,0.17871181735971373,0.048702275356116986,0.13072125234853518,0.25852534837542457,0.07716957593381486,0.11271084234073447,0.060503744015118294,0.12652232357711726
0.15883344013783915,0.12966290655924104,0.15097975633489566,0.09228103576302883,0.07255161227170527,0.09489440100387775,0.10560526260990007,0.11137721641968028,0.08381436889983196
0.11289529571820939,0.08162355354505525,0.07890570817433729,0.14051234724082742,0.15014999942383306,0.04462033301260438,0.11204440388680492,0.17394861781180115,0.10529974118652713
0.03950293119976887,0.2554836918759625,0.0428173754918047,0.1397680373376796,0.17396741973462415,0.04498943609126369,0.09947703514017237,0.10335378203522448,0.10064029109349969
0.10912307582261614,0.07087700245323353,0.15301340304254402,0.11559884122503199,0.09155829063345056,0.11575194459902788,0.10458957137713243,0.14368324726181922,0.09580462358514424
0.19605866472919223,0.1471133142793379,0.15396328624419942,0.078166658520817,0.0574080264543246,0.08309710880652736,0.11618710803988619,0.10302689285110911,0.06497894007460621
0.026639012522689354,0.12105916675167554,0.058670525683123004,0.12471686584243313,0.2848894675626708,0.05768701043850873,0.1421001800235158,0.09249743236904877,0.09174033880633488
0.19923998051668665,0.10787587085425376,0.12359575307005806,0.09536729015570262,0.08239437631262193,0.05803927630886235,0.11584518609972257,0.12864547565962078,0.0889967910224712
0.07496187791656417,0.10108092528200258,0.11680270595614273,0.10922979861186506,0.11352181941635424,0.12313553486759617,0.12678442953926702,0.1001087276393311,0.13437418077087698
0.04764670471374876,0.12130087554371814,0.0954017035405741,0.09810810754047268,0.07196289119154348,0.30064311122401416,0.12782392146603785,0.07506484716020552,0.06204783761968536
0.011286401845618984,0.07099432079237507,0.08668469972608851,0.11278239873768305,0.09804410451816004,0.3603648056357258,0.10431234972295556,0.06645491543458655,0.08907600358680638
0.031636752071600875,0.1181735760790235,0.041720824409117396,0.11967891235644602,0.3449601073054331,0.0445517385227154,0.11889107554296086,0.09991234347868627,0.08047467023401662
0.05910060976363102,0.10362822635870746,0.0803183719227563,0.13027733747095807,0.15643497570718976,0.0698530514060182,0.12249110951517189,0.11903948299304422,0.1588568348625231
0.12766804110239516,0.1145529028826372,0.12913846399589626,0.10019103761868497,0.06992918200087576,0.1105322486722876,0.10101823461598598,0.09889974543034151,0.14807014368089558
0.1828062475112975,0.1224846582873701,0.09462914539102706,0.09587058893759028,0.10420869552814858,0.048959328942138856,0.131032662368749,0.12436555400227738,0.09564311903140127
0.20216362735821658,0.1035498492739078,0.08248344072144685,0.10382971404716827,0.12015008949163086,0.034651892744460074,0.12950304784141228,0.14665593848464661,0.07701240003711067
0.17894855137715462,0.09275943112829188,0.13042432790290473,0.09277733897255208,0.09528647105738171,0.06539522318398931,0.1344360819012227,0.13424335939728407,0.07572921507921894
