0.1298034996568308,0.17112353218942467,0.04215975091112267,0.1071110241453489,0.08731526995258675,0.08312356826298294,0.2609716000519527,0.07268121050002273,0.04571054432972794
0.15458923491000487,0.1435790530800486,0.24475428615322845,0.12155092297149162,0.0941454591100334,0.08013692866790141,0.020659502595737404,0.11199779319987292,0.02858681931168135
0.19345062028430782,0.06734145202951285,0.09501922725693994,0.12938691547879755,0.1318133897107923,0.10732587225586036,0.038524582951973925,0.1316700630257149,0.10546787700610043
0.18955932995063507,0.0585658555780361,0.0721008680794727,0.12704116648758834,0.1312369594624541,0.12193380287177762,0.02858623737346941,0.14225076012228235,0.12872502007428435
0.21713452260735758,0.040334313966012635,0.09267187465476269,0.1020232737937234,0.1270479202400422,0.11212555955251464,0.03734225732092137,0.1225789050193755,0.14874137284528996
0.07917420237068568,0.17476280502643718,0.054708594760236505,0.1529810768427215,0.10237070107030492,0.09856690657682739,0.1940938719979339,0.10121939250042472,0.04212244885442832
0.10497680158488461,0.07558114398284858,0.06917998644740657,0.16729311675218406,0.1353751363670499,0.10715411113195598,0.09850451786475312,0.14072177126635296,0.10121341460256426
0.1613019948761252,0.0374806431437403,0.04471278597452441,0.10017925595131454,0.1288274249938078,0.11673674746974627,0.1039561297330082,0.108986447302262,0.19781857055547122
0.217194874505204,0.040011436744000206,0.10136844188996934,0.09835906037365001,0.12430943306827051,0.10231467957216879,0.05964217300976001,0.11291552103753678,0.14388437979944035
0.13805029060221755,0.06469609423967589,0.07869733483177759,0.1544899029751402,0.13239313196111954,0.12518800996246934,0.01845186315770074,0.17481091264017898,0.11322245962972026
0.10246300174172247,0.07981828195231123,0.1189350604191669,0.13937784731902547,0.12562860434598866,0.0915586955521041,0.16406749455634626,0.10522587085183127,0.07292514326150369
0.09584993613116614,0.10853108351950207,0.0734122816322639,0.1507946977216614,0.1192386685980723,0.09733542967760593,0.1834960353587394,0.10686554864946597,0.06447631871152291
0.171476636808753,0.04619675959042868,0.10839645676146392,0.13074473458204308,0.12609692088607785,0.1125005324669906,0.018331483560799326,0.16282382157966502,0.12343265376377847
0.07976752794995921,0.06324680303775278,0.17755997764022488,0.1518470722051707,0.13940502879198177,0.09676586194040686,0.08550285753575293,0.12656802931334035,0.07933684158541056
0.09139827789151667,0.01665145151040078,0.05728811176510457,0.0922069589156596,0.09480571722209365,0.16760115981925475,0.008648702109533243,0.19476312106667923,0.27663649969975745
0.15116306488924391,0.09149658027906242,0.025231562335331286,0.11935019178539456,0.0961369274509888,0.09332872113916801,0.23369218383290002,0.09640520367141196,0.09319556461649903
0.07095704318581479,0.32210491997966023,0.07510610101974556,0.0781794706522329,0.04988768375926603,0.074996597383783,0.2569294611959408,0.060010436193464634,0.011828286630092022
0.16074592645982025,0.114117228824677,0.11188965024394155,0.15457976205848037,0.11293406995198918,0.09897322106260238,0.0479228761598042,0.13891643335177942,0.05992083188690563
0.1546077176027144,0.032441782636102375,0.05901677136952196,0.11802536661772718,0.11718620116140943,0.14219202067665027,0.014560490231977398,0.17603262358491864,0.18593702611897842
0.2532048624818042,0.052177231935751696,0.07298391764283661,0.09654783382099309,0.11396682591962026,0.11094181869067916,0.060598157959071745,0.10890872299293423,0.13067062855630898
0.08222101791129344,0.2015486355680242,0.13672386351228819,0.12560959943104874,0.11359931468388683,0.10287436667233278,0.11541663097350117,0.09066040692556131,0.03134616432206334
0.08865647112082077,0.14695245176267444,0.020203447075756845,0.09541652941553765,0.06885914512725862,0.07214379998966032,0.4034869546580178,0.06059960284361896,0.043681598006654436
0.20133785668907786,0.03586276555794846,0.0911947471821548,0.11256506564039469,0.1136644630795972,0.11702036299007605,0.021359461168433666,0.1575287523406154,0.14946652535170188
0.10315557653477793,0.08096197231955211,0.05632240053373396,0.15754378275775424,0.1152434253372776,0.09788963744959595,0.1758935437816581,0.12519004922053537,0.08779961206511477
0.07648433951707481,0.23508940933543154,0.10369164043865105,0.09961555931135237,0.06650260079567467,0.07864889208361266,0.24945196209035633,0.07185038616798035,0.018665210259866283
0.19098485940785107,0.07165221121475802,0.05097619824743305,0.12713417920745965,0.12095765816340753,0.10790949329326911,0.09060018503165541,0.12136411661055935,0.11842109882360681
0.10860043420133055,0.1672083541785581,0.035757696848859745,0.11650762580506437,0.08570535811498375,0.08325184449124995,0.2810414620816272,0.07708490926401378,0.04484231501431248
0.09463513238964937,0.2918153566097113,0.3282597230750473,0.07054175642067602,0.04481594429022049,0.06631688879544106,0.009387052552072015,0.08847392029501182,0.0057542255721706745
0.1785115646215727,0.1956601528850214,0.13576161834252998,0.11667662312958212,0.08305375166046651,0.08253253269140749,0.07751223076810368,0.09986209070070795,0.030429435200608146
0.062496434996732735,0.14639904002824353,0.05541828377104794,0.1465550247781013,0.10119570565375557,0.0973041389114417,0.25183165784389155,0.09492214385915461,0.04387757015763105
0.17213431315867078,0.10693462576832935,0.07219472970868213,0.14847417573035673,0.12354333021310611,0.10771225703940696,0.056921663757474254,0.1313641205326185,0.08072078409135522
0.15358138413860856,0.04636600027695977,0.20469877989757077,0.1152467849621272,0.14474098825322834,0.09538199442819155,0.015882155198849956,0.12899656957040165,0.09510534327406224
0.06346816583404617,0.33289397589509145,0.29600459824745684,0.07206780609002551,0.04973207439748678,0.07560129806009534,0.02727773427756312,0.07714615968698631,0.005808187511248546
0.14921853170637014,0.12492659485582074,0.036978789864841245,0.14193100181534615,0.11156465672566275,0.10279709355784626,0.1430227333677646,0.11022470683923831,0.0793358912671097
0.17640545860452372,0.0530885504334461,0.03908452330883191,0.11830364267837783,0.10072799168711925,0.09918851356146696,0.15750907905863362,0.12252423066933361,0.13316800999826695
0.08762987489794692,0.11437539188294994,0.07984666162688768,0.12903952190196563,0.09499764619708284,0.08496571620378333,0.2715247336364878,0.08965411461592278,0.04796633903697298
0.09729488968317122,0.14907887284757648,0.17294762427786844,0.1583234851821241,0.1022453429457344,0.09413557656275674,0.0656485377685378,0.12599424946915166,0.03433142126307917
0.07240012149749799,0.08719404571777707,0.1642184848894006,0.15583446796935282,0.12328810225759516,0.09707363798888674,0.12624685515463166,0.11678417316897448,0.056960111355883504
0.09625405041847172,0.047168046812728126,0.26247063368769763,0.1375919418953363,0.12885774871440903,0.08998771362266289,0.011192748530686811,0.15562054332798428,0.07085657299002328
0.12778491781241916,0.06192273185183688,0.043579277080721124,0.14422966361994966,0.12968413671624823,0.10701316462089307,0.12057744414447913,0.13024788797221315,0.13496077618123964
0.1947488496218177,0.06536660962048872,0.08682874407602716,0.1301055075697405,0.12496192473214561,0.10308621206973186,0.055926789543274937,0.13139531736663887,0.10758004540013467
0.018042236859094143,0.17884975013250973,0.010119928480591798,0.05149179791636033,0.029771230574434485,0.07442060301092816,0.5848917229209801,0.033363903979488574,0.019048826125612744
0.12610225071250844,0.14917667377404986,0.042959841245997304,0.1373346634487305,0.09344826880424607,0.09045269295242908,0.2079227826078802,0.0995105023628961,0.053092324091262445
0.058581370154086265,0.06794221128696261,0.02717959065711247,0.10653999048550654,0.10121513981400548,0.08315227316050992,0.3871552940794933,0.0741808561739814,0.09405327418834197
0.14212827054059488,0.07054875292956954,0.06408413540218649,0.14458886411182215,0.13892228068645637,0.1078131048578805,0.08590168114919561,0.1290846600305864,0.11692825029170804
0.0806056280465793,0.19738118921439293,0.07304867159649996,0.12414008589674332,0.07398493804210679,0.08325230937568437,0.25311341610282634,0.0878426142486818,0.026631147476485085
0.15230882823397607,0.03439022231543274,0.10876273361526374,0.11174912520609902,0.11439668203392613,0.1491283792322811,0.0035994257276477626,0.18812361425815202,0.1375409893772214
0.05488981969336127,0.16244217718766746,0.05945235171652815,0.10798138910800814,0.0815022302484973,0.08553066088374245,0.3479923029328787,0.06850177124019974,0.031707296989116805
0.1117968015648943,0.13781645780317328,0.06514071021852341,0.1160360063544178,0.08869395690791206,0.08134615913270675,0.27411809670816606,0.08068530454866986,0.04436650676153652
0.11134025988214823,0.054118740631004275,0.08964249080453636,0.15084844332738556,0.14087964310349504,0.10262685363306574,0.08547960680989068,0.14015318132099885,0.12491078048747528
0.06773029685524973,0.04788351980247838,0.02004437879196101,0.11467176761325722,0.1194308618789327,0.09945105438269002,0.2623392119820698,0.09963875972165692,0.16881014897170413
0.15037814471796648,0.028257691080834618,0.04211530181877652,0.1145033325059213,0.10851250239322463,0.13061697060620817,0.040498004118500075,0.16455608874008712,0.22056196401848113
0.021024754446618766,0.18476380795592984,0.14169527812826602,0.07763864934335556,0.05664069138168981,0.10231220282357746,0.3355340424559809,0.06456574049399526,0.015824832970586417
0.06926600693656564,0.27991770239289226,0.01942546166454091,0.08325879182139163,0.052399157369156825,0.07311560375516578,0.34834738849438845,0.05447794823976405,0.01979193932613441
0.06590994069970336,0.370902880551884,0.15324935286760624,0.08933752353276143,0.06138785840789462,0.08796239169710501,0.08589376176613489,0.07573502479452715,0.009621265682383286
0.20266105052926076,0.14237096396012228,0.03787134464139539,0.11312280963615523,0.06891040017881728,0.0883479566034349,0.18367519418148068,0.1095822598345314,0.05345802043480211
0.04017861390747445,0.3903898738992182,0.058687495228406605,0.06577552558666262,0.041072070799822585,0.08746603877318977,0.2510566959619132,0.05790091585680632,0.007472769986506201
0.19585825619962702,0.0730640007227807,0.06098278743175637,0.133042251949563,0.12381095613026909,0.11471776600534402,0.04899139683942594,0.1356271184976738,0.11390546622356007
0.1239268708019758,0.08078363830851669,0.05377045011546842,0.14543220831191409,0.1258422522645318,0.09990965079514902,0.15522242364496922,0.11617233103912274,0.0989401747183522
0.13763364867385,0.026806058427376666,0.11543674290039556,0.10835767426384622,0.1318443672676953,0.11248508506048834,0.025741704902773926,0.15216688258692282,0.18952783591665112
0.07445619146942722,0.09424573323866471,0.04600905092309726,0.12459972547125041,0.09144018103206508,0.08226126924231898,0.34345187947106376,0.08426254434710605,0.059273424805006525
0.10357804781922776,0.060057450818024605,0.03257734547387707,0.15204102631059838,0.12589646909476582,0.10831470928428892,0.1393062319529262,0.13561847942846014,0.1426102398178312
0.04070107740015476,0.013692624661640262,0.043225116136622437,0.07444079311156448,0.08376592154792271,0.19311364621289054,0.008865721266480022,0.1914164642177447,0.35077863544498017
0.1971104615132662,0.04566015232479128,0.1460008517412248,0.10719960794928307,0.13676087621624936,0.09640570216978339,0.037454051105608725,0.11648312560349115,0.11692517137630198
0.0886363254579662,0.10380163348385489,0.05644079394052798,0.14831745885868305,0.11491197143260871,0.09600736160798971,0.2199404233819766,0.10358767423922971,0.06835635759716313
0.19912185318807452,0.06357518562188907,0.21023789121536107,0.11010110708689635,0.12670980149777514,0.08638830510690725,0.020892102468151996,0.11273828911872223,0.07023546469622235
0.17748730657875264,0.05506655514788111,0.1332463109300089,0.13668741694636116,0.11310465583806399,0.10449212742993978,0.015607948247906888,0.17086833004681742,0.09343934883426823
0.0967164246938152,0.22952823074977757,0.19846833342706882,0.12056008721171624,0.09008424522897522,0.08709534824257077,0.06532791134700974,0.09219346998192864,0.02002594911713787
0.06420661933305144,0.07427895808050429,0.19814495420010572,0.11638962196551557,0.128251140388932,0.09315123108956197,0.1722053180125687,0.09048397468588666,0.0628881822438736
0.12575545755423867,0.04398650851235131,0.02999367118602983,0.09668626218937133,0.09247862292621822,0.08554198082822244,0.30071278033408827,0.08816944750244772,0.1366752689670321
0.0755156902079099,0.14727268542383523,0.35143605400472716,0.1148901336056831,0.08506201409436907,0.07806574691361585,0.02978327236097696,0.10018797065666529,0.017786432732217524
0.14181031207658024,0.09412766432107117,0.1460607811747403,0.14403639437303709,0.12453920624257782,0.09215379860954916,0.07650624385213745,0.11806776089442324,0.06269783845588349
0.18841913286883383,0.08094710818780977,0.1937543728472502,0.12629820932291747,0.11187303855212656,0.09111898630791238,0.014711586953914514,0.13496171937509055,0.057915845584144705
0.05499696057717122,0.24575980132761358,0.36306603055344994,0.08424698101663441,0.06394974298753497,0.077819600182527,0.01730830615114287,0.08493207760727163,0.0079204995966543
0.09949193916835476,0.10568025156354159,0.06827365200986633,0.14450945711039817,0.1002093230309124,0.09010260266660541,0.22621445035895574,0.10688558870646675,0.05863273538489883
0.05700332055783322,0.08406494521282143,0.050667241690704155,0.09018505052349395,0.08288542744841869,0.07359387360144932,0.4454806689339124,0.05861211747391304,0.057507354557453726
0.18345161110839306,0.03799846082131994,0.09453811133299377,0.11903867789381235,0.11830596902622566,0.12199701262527844,0.014638372039536503,0.1667779302747725,0.1432538548776678
0.07608391525418177,0.21911312520719797,0.06713750967638984,0.12033413755680845,0.0729690083969809,0.0832888179860997,0.25394860432228045,0.08279096387982292,0.02433391772023788
0.15092790320847874,0.0719270754901216,0.1343551594594666,0.15301893089695498,0.12000772383526048,0.09693518361234717,0.04171350289060973,0.15180467855297483,0.07930984205378584
0.13304666701825504,0.024697851407520094,0.04570576479319582,0.08341585171104386,0.1142203132160134,0.1158383363738627,0.1396303423421147,0.09980108533876841,0.2436437877992259
0.1356012816076774,0.060133455118741796,0.25925725538052274,0.12027642653051952,0.13819696386521832,0.08786597328069808,0.014173737297001937,0.12166585277031432,0.06282905414930595
0.18895956922122362,0.18740101559380454,0.013543223884219227,0.10967247707957521,0.07901820800212524,0.11708940455247606,0.14388646925912843,0.0910259591126067,0.06940367329484094
0.1584818130916474,0.06917392295667683,0.08957029909968255,0.14657017532321107,0.11972703172185982,0.09809106448005829,0.08214241862271855,0.13981264885030387,0.09643062585384159
0.09756831643956941,0.03404619934128031,0.06254163368904259,0.1438165594841237,0.12709742969842716,0.11819542605469259,0.03845355590665836,0.1854703115664528,0.19281056781975311
0.11463811372874483,0.07470413747770764,0.05620518240709626,0.14467941634428275,0.11102172156910474,0.09356576150847389,0.19576313529600053,0.11795767128381544,0.09146486038477397
0.1485094838020112,0.06239684813287836,0.1727235065543901,0.13577862661493803,0.14016672644732253,0.0982015483228698,0.02169335328884327,0.13723075192185932,0.08329915491488746
0.12144824796629557,0.1389771463641603,0.3194919982429167,0.11042079550694384,0.080639936442095,0.07970238636009387,0.003021466441821033,0.12708631210562446,0.019211710570049192
0.1896633659141315,0.04256175833636905,0.04354518169171551,0.11462843697162088,0.11955275714781921,0.12586262990120442,0.051919896309373825,0.13656189255209752,0.17570408117566805
0.11463811372874483,0.07470413747770764,0.05620518240709626,0.14467941634428275,0.11102172156910474,0.09356576150847389,0.19576313529600053,0.11795767128381544,0.09146486038477397
0.17663014243645836,0.04405520320344523,0.14118704683648722,0.12002390727118144,0.13475806785248187,0.10007830220732532,0.026570465700695725,0.1377356554030539,0.11896120908887091
0.13635880070064588,0.11031576892855166,0.04274538454671239,0.15408445380735458,0.11332439764294826,0.10256303685770728,0.1367203910524217,0.12255894536277662,0.0813288211008817
0.1774314178349917,0.03978330168218377,0.03153975618254334,0.10468706748742423,0.11075251379470645,0.11580597344866543,0.11738871430909181,0.11576047183728076,0.18685078342311254
0.13817036517148285,0.02247328648932227,0.043150630044313076,0.0860679608996366,0.12242477048198996,0.15142509045675842,0.035334741397503415,0.12697365074029418,0.2739795043186992
0.0621374492926906,0.04370603193844639,0.05097993362270983,0.10405997724108461,0.10130751501067559,0.07808283744133467,0.3586770757464038,0.08184681666881341,0.11920236303784122
0.033033600407254636,0.21428047659531893,0.03567561416255864,0.0874525438163476,0.05050857519020455,0.07618158480597285,0.42804624358668714,0.05835670505675091,0.016464656378904822
0.07096611839837408,0.1364327222876409,0.03846339401692781,0.10865610426588161,0.07201433831088165,0.07508896745812961,0.39042533741773694,0.0703875217695387,0.037565496074888745
0.1461249430523673,0.061998942234911425,0.11037345688128519,0.11463619935066145,0.1346371050553921,0.08995650979719434,0.14381904053793368,0.0963746643794774,0.1020791387107771
0.0927423362593147,0.15095934894232074,0.07440637945804295,0.10649972062126696,0.08265491979532895,0.07839925693724308,0.30731202293980703,0.07133678660768593,0.03568922843898967
0.13944419111508344,0.026349585702978337,0.10652280233641244,0.1079072818537909,0.12184383797379233,0.1043740829805207,0.05067346347299542,0.1464731153339029,0.19641163923052352
0.14084742137167008,0.06427246837690553,0.07856293365776161,0.1526453693206518,0.13831261761906197,0.11125749119178296,0.04712594467127046,0.15036647970875947,0.116609274082136
0.11455471345087402,0.11010735125771644,0.2657733321840015,0.12938047153372625,0.11191303748802121,0.08233179502392353,0.04630185758287906,0.10431713239265768,0.03532030908620026
0.223011277500209,0.06913028839529946,0.13164252645794375,0.1194560337556212,0.11514313235576534,0.10276018585261437,0.0195178149273724,0.13580056540645,0.08353817534872449
0.16108674641099566,0.0639380922952751,0.17684661646363123,0.12806999340357214,0.13921461709617297,0.09195378316899115,0.03615563786757394,0.12097146766593524,0.08176304562785251
0.10860818606791245,0.03886537139133269,0.023504152793680854,0.11475861971888081,0.11515321438193167,0.10665456918746925,0.17986450355980696,0.11437728591466738,0.19821409698431788
0.07853844413107451,0.12465549578660624,0.048811974694485775,0.13947129599698482,0.09022803966531488,0.08764002285437307,0.2872397429121121,0.0949922444871687,0.04842273947187989
0.14822694399090053,0.03519660051432658,0.14328107617834931,0.11606929921591076,0.14025498486631727,0.09823863255332331,0.037176698538551066,0.1360218782492475,0.14553388589307362
0.030648202385166145,0.36743279348545793,0.32709571268540666,0.0566822364529524,0.03710601410677059,0.08556390284845578,0.016322948111457524,0.07620939861484678,0.002938791309486245
0.16959500515007356,0.08289727811902335,0.04569156474457792,0.14038746716515607,0.11351378435182514,0.10378136067892739,0.11403351161341353,0.12731184220234917,0.10278818597465385
0.046886437598576115,0.22910826940465037,0.013328884198768126,0.06550953520100554,0.03615087499946314,0.05994906272131315,0.4905623422001079,0.04238407435532603,0.016120519320789575
0.07624714075592835,0.17625579635855582,0.01649730737785736,0.10820005999038945,0.06742103996091298,0.07518615671883226,0.37521911897038324,0.06730208050300775,0.03767129936413286
0.15063213970065034,0.05874248165931103,0.08334220015745124,0.14150967087549968,0.13984055051926877,0.12174283613489105,0.023075626351916224,0.15717319900254753,0.12394129559846419
0.08427784386608922,0.056160283971585734,0.2571266316545086,0.13279299105743206,0.1396469733186043,0.08831089225577349,0.05488376390223843,0.11717003926664232,0.06963058070712579
0.15990095569836651,0.07553759187980578,0.042825577888361305,0.11861550407364833,0.10816764360281024,0.0932194617150038,0.1997224607099649,0.09991919748265872,0.10209160694938046
0.09661251673015576,0.1424990948260594,0.05208460025883547,0.14445440857471284,0.09688170452386552,0.09140608324622644,0.2271987351219753,0.09977148004554337,0.04909137667262598
0.12830639012846437,0.043624806874670456,0.2904756910170187,0.11464739425797442,0.1331530551347316,0.0799882580240776,0.014737435445910245,0.12407725991370722,0.07098970920344533
0.05070616943219441,0.12869130382803193,0.09497411742514839,0.13281597329124215,0.10630827166751163,0.10130056210197858,0.2531427511258572,0.08959218056157436,0.04246867056646145
0.10190189724781266,0.1289873323681429,0.07114354926313335,0.15891420175933701,0.11260465016607325,0.09858421103471506,0.157378455662577,0.11419034072930412,0.05629536176890468
0.11032329797593865,0.2031654299395875,0.23382145252581557,0.11396443392285516,0.09044224588271761,0.08186997478041391,0.05644610900479378,0.08938106182649841,0.020585994141379477
0.0389697875204919,0.11761318996608416,0.26208627017679104,0.09466102546890008,0.08715735623433747,0.0915368969898434,0.20737233287362597,0.07379841645379419,0.026804724316131817
0.16592173134930435,0.05442060730196263,0.11546600168685354,0.13982200512990278,0.11871431208271428,0.11369218665988472,0.01300893252670002,0.1764334651887992,0.10252075807387845
0.20693876417205545,0.044591056191134314,0.106520563048994,0.11518277276325818,0.1231581226626478,0.1090112211832202,0.025452520850661603,0.1415713137239144,0.12757366540411408
0.22277370129891125,0.0740258165810694,0.16714231393012624,0.1126741202357503,0.11635612335958327,0.08881654228153889,0.03215330138480047,0.11482565058529039,0.07123243034292985
0.0837286999083362,0.40099757365239425,0.1436023331069011,0.08915683598447283,0.05643442224818187,0.08514671825531918,0.051823018287950405,0.08035009840875168,0.008760300147692508
0.09111200144701874,0.12667890363023715,0.13736378786162529,0.1360428662144689,0.0972625274538041,0.08704408205217316,0.186034068261597,0.09909908709426492,0.03936267598481081
0.09517463461978536,0.04502214705565458,0.16774124408066118,0.13769071524472626,0.14660526924194492,0.11344474707182221,0.011229722725611709,0.17265201179311307,0.11043950816668069
0.0703903086406419,0.12443589823521341,0.041935401224701345,0.11367129547411486,0.08064546602308986,0.07841571813998467,0.3742969639749081,0.07290449808659756,0.04330445020074838
0.05744283454291982,0.2699781294798713,0.30148823179588896,0.08757421929861263,0.06686164794598708,0.08297853985151489,0.04465944709158492,0.07960956764299178,0.009407382350628624
0.13361676533508252,0.17407889665345425,0.1732877611219593,0.10665917083489519,0.10207939260377852,0.08280538287810536,0.11919883311381947,0.0771314372247424,0.031142360234162975
0.0814774726271595,0.0754291033133433,0.02384487536056894,0.08671140609407181,0.08653066552662747,0.07501116030228687,0.4283079289867692,0.0595642572553739,0.083123130533799
0.04287788122061437,0.15205142737014873,0.04452648119256312,0.12285918087221322,0.0819270069050784,0.09041219062769686,0.35469992562168834,0.07692960894230504,0.03371629724769194
0.14627801853381114,0.06132598710761128,0.08234088693929208,0.13204872414654492,0.10453080511581724,0.08912260271599548,0.1622393080188872,0.1257966955184907,0.09631697190355006
0.024495813705355793,0.29011117721710766,0.37709492089040336,0.0638776308951987,0.04699236896645303,0.09002468006460244,0.023451499461061082,0.07940595417521346,0.004545954624604468
0.049468557751980696,0.33022166196556824,0.18035151233532706,0.09022578758612328,0.057275401760819904,0.08684088993288865,0.11690825747446343,0.07934800079249515,0.009359930400333635
0.13045269916074917,0.05951286809150876,0.21056876073103006,0.13007373112143686,0.14507506730129463,0.09714028319241264,0.016025533618544252,0.13434827836196642,0.07680277842105719
0.13029486772994361,0.049136845436733995,0.10427214072358311,0.11935038891388372,0.1377214199620129,0.09233154981613224,0.13295809581566181,0.1076905819585658,0.12624410964348273
0.21626589361099577,0.06459771189377107,0.14996867722044513,0.106048231391396,0.12417238420185829,0.08777393742619644,0.06240436733396749,0.10220363754809718,0.08656515937327275
0.05069722789089307,0.07176729275339715,0.05270137849035774,0.1100570904699613,0.0876293914866811,0.0773384303599791,0.412420166615298,0.07326143126368913,0.06412759066974327
0.13690648758861804,0.16197645473350156,0.12010418782015318,0.1565944496619974,0.10649106454964408,0.0975641593214814,0.04979242816220727,0.1286839511893003,0.04188681697309682
0.05487148024106551,0.38863636497659626,0.07172543064236302,0.0860571018250562,0.05462883803551546,0.0890838377027987,0.17560685784273544,0.06909927485285336,0.01029081388101618
0.14718601366638617,0.11123639941291504,0.1064922966525889,0.155724002231803,0.10874698015902497,0.0957772453081515,0.08096046113494638,0.13452897826000654,0.059347623174177466
0.04461140676837753,0.38398284110322517,0.11871490577150356,0.04911200680210054,0.03373550797639538,0.09409086436580077,0.2208777555833216,0.049615357320377605,0.005259354308897775
0.044385311495571324,0.3349916555459711,0.19271590378313908,0.07903790808388762,0.054171487473645454,0.08848845667101231,0.12639869322681271,0.07156511489548391,0.008245468824476429
0.13246728628472323,0.08104802205351362,0.06622221919454782,0.152024062158094,0.11738383933841856,0.09811834855351838,0.1345213014682561,0.12857151429269767,0.08964340665623065
0.1515779098527156,0.09262759698711746,0.11902567179756578,0.16540561094572173,0.08832712508869334,0.09796682256209861,0.03398460221298012,0.19243411324221318,0.058650547310894204
0.24298904731038026,0.03769493677925221,0.12769880956683669,0.09622408738341992,0.11074017954130615,0.10393011331995423,0.025703364100013584,0.12924629218280045,0.12577316981603642
0.10266645944718832,0.0778168094483422,0.2336026868319179,0.1546972924313965,0.11908702713936124,0.09022947703863848,0.028300450495495694,0.14189765354927494,0.05170214361838472
0.17670054460479842,0.05318470111621142,0.14788904130248706,0.12141242006481708,0.14014924923366487,0.10364809993655168,0.019757628331687472,0.13389587033284922,0.10336244507693278
0.13863145009349995,0.074621630731133,0.020615958791620384,0.1232168132519668,0.10395621004558749,0.10002177891108316,0.21545751449406805,0.10332404567796294,0.12015459800307822
0.1796936491755912,0.08854508844003917,0.023429889503298485,0.12460193045281404,0.10500908021643547,0.1114444086760356,0.13980098071639635,0.1120143150740028,0.11546065774538689
0.11304981561608994,0.04063291443492662,0.16963124582407793,0.12789616819280827,0.13604974412519136,0.11689746670429169,0.006309652112505163,0.17806384417950583,0.11146914881060317
0.07669279256638865,0.27347334426248904,0.031926546701964924,0.08803613704122608,0.05692890190148984,0.07393894237771938,0.32099456280034994,0.05824588284574415,0.01976288950262802
0.13535097519590578,0.03161721909788652,0.09029776312285091,0.11462422491323178,0.11856835695256919,0.15105491592443773,0.005129553878234604,0.1911325261791008,0.1622244647357827
0.1667634516135202,0.05049709975705818,0.10521442237967611,0.13140738533628954,0.13583292305703978,0.11350981611050505,0.021439334106260935,0.15222525183028854,0.12311031580936165
0.12545061786329495,0.05011000072422114,0.05285330330384417,0.10659694946808222,0.12214264084873248,0.09174124661119903,0.22186837038090937,0.09211386690133194,0.1371230038983846
0.2015515035970932,0.03138755210526031,0.08575482202233413,0.10080827261760224,0.12059276126398805,0.12460437625127785,0.021598045824360822,0.14099874281295122,0.1727039235051321
0.09291590588020181,0.10932085193772001,0.03266205384767502,0.1135284192949693,0.10079495949521433,0.08568102204164423,0.3206434236183881,0.07588596813364595,0.06856739575054135
0.08151923012057595,0.047187770272684414,0.16605656186126505,0.11425886057655248,0.14732048802689582,0.09265109285327194,0.1316773123781615,0.10385119156630408,0.11547749234428872
0.06699100342887215,0.05268319319191168,0.06238080231933127,0.12174423422293379,0.1276838666968193,0.0927441905797793,0.25448732997506457,0.09757315156660105,0.12371222801868687
0.10845016490893868,0.05331749305695327,0.01254734415335086,0.11398873951920396,0.09876309911025276,0.0996818635234193,0.25776593320657587,0.09958639121449214,0.15589897130681316
0.19186866082028833,0.05795137296195051,0.07338351055174046,0.11183016770563364,0.13517659043079375,0.10564822907418443,0.0843582887660972,0.10839378357407126,0.13138939611524036
0.10130064285634315,0.17401845426123416,0.03673230272095473,0.14566870973249543,0.09541627925410612,0.09389009497973143,0.20633101144528723,0.09867530070563289,0.04796720404421482
0.1535567319439777,0.03456954326139747,0.07677919517272784,0.11289195144480203,0.13832003475025625,0.12730753008967235,0.02553854953466204,0.14646063874404985,0.1845758250584544
0.09630142010724445,0.27780822197804866,0.1488124225585367,0.105190262162569,0.08413960676617187,0.08774291077197167,0.10431786714531749,0.07722415299299625,0.018463135517143854
0.06540972554207082,0.2193838517674068,0.04178774146586698,0.11742743327520737,0.0782791147542483,0.08639772994108225,0.2887203314220309,0.07456243987182128,0.028031631960265386
0.04816956041838336,0.1396493235412702,0.03465687216333652,0.1163023169983146,0.07784878725735411,0.08269387920895431,0.3924349929254067,0.07137233169884048,0.03687193578813974
0.046969239782351756,0.3532997272262926,0.20393842191199915,0.09887928502988674,0.06604160015578636,0.09528998326207692,0.034342798437410706,0.0926494856491102,0.008589458545085504
0.13459008375653084,0.0325369364308282,0.25648408519701144,0.10815696836345168,0.12325857470357227,0.09239138444766333,0.005347747670180894,0.15474459306620988,0.09248962636455149
0.09768958256110753,0.028940668653956267,0.10279184675500129,0.12317824648591058,0.13554095621143944,0.10612271109280998,0.049581324753240265,0.15713117682403424,0.19902348666250033
0.1367688690762093,0.07571818416084779,0.032596128486941524,0.13142945904413894,0.11290642477512737,0.09857794471839641,0.1916248070308686,0.10871077015072311,0.11166741255674702
0.052920574932639325,0.2118539654471996,0.37180737406547254,0.08992591710308595,0.06839670663785093,0.0794306454778207,0.030591066741932516,0.08510258829868624,0.009971161295312178
0.16617602665470052,0.05856200384898402,0.16548006008529262,0.12461667183484156,0.1362183114261634,0.08986618518890349,0.05060946581616471,0.11817874797983252,0.09029252716511708
0.13601650727609313,0.04835635766733879,0.09482105708389776,0.13280714752074727,0.1386960953276902,0.09884937942452891,0.08728760679157921,0.12903977455480067,0.134126074353324
0.08850451376912,0.12934482605526257,0.0724135526413985,0.12256035504807922,0.08971855591817972,0.08292154927341061,0.288303772063535,0.0834290808029652,0.04280379442804919
0.13214717697208034,0.07221681585424541,0.1152600799485713,0.14382826969501267,0.14825037128516752,0.10251866458811874,0.06541590045128083,0.12518732348019057,0.09517539772533251
0.14718601366638617,0.11123639941291504,0.1064922966525889,0.155724002231803,0.10874698015902497,0.0957772453081515,0.08096046113494638,0.13452897826000654,0.059347623174177466
0.05680535610898283,0.057786403233110774,0.03831174469485548,0.12871628040906072,0.11190641736790356,0.08961458417229207,0.31247266301418253,0.09541736644676779,0.10896918455284425
0.06701281189668948,0.24270517361518654,0.24041919955422567,0.09399522191154648,0.07748150978814226,0.08615338905327757,0.10374894195416179,0.07418789021149193,0.014295862015278321
0.15162266006325412,0.15148986454942664,0.09046946541234561,0.14672312953940886,0.09816579300216753,0.09307188078236073,0.10152154361059111,0.11993933367261049,0.046996329367834856
0.06043051555868904,0.07774866893845873,0.05263544012708099,0.11385458383381036,0.09276433365440127,0.0795579448684717,0.3821866064720698,0.07604399952032188,0.06477790702669618
0.176669145751839,0.04560187292042344,0.08902042320371917,0.10308955594326541,0.12010218972918213,0.09116778690646225,0.1412929229799822,0.10182531764343788,0.13123078492168846
0.09842500328078714,0.17004799035025964,0.0970269633989816,0.1164591912051325,0.0930338918126216,0.08474928004073597,0.2275935393913363,0.07849243653475733,0.03417170398538796
0.043432925321222164,0.21149565921640334,0.0444485975307462,0.11162325418583242,0.07100423554066046,0.08822737932514997,0.33479154108959935,0.07175539991651984,0.023221007873866276
0.07313712052404854,0.0497810624525263,0.16672501783698476,0.16777069855435411,0.13559459277877808,0.10394702294537272,0.02700088132165951,0.17871258187080621,0.0973310217154697
0.10318706688902113,0.12883215923006094,0.3292147504448135,0.11610011852573504,0.09451808408888633,0.07587332588323388,0.030252404413374363,0.09893092221061946,0.023091168314255367
0.13056122254032054,0.09367515557779854,0.21326019492514328,0.13305633569895525,0.12675227727348748,0.08677379084553045,0.05792582090914097,0.10704527280506364,0.050949929424559816
0.13069377156820827,0.07717239879002001,0.01967672030719843,0.10319373999945203,0.08482028750900428,0.08381255341919312,0.32555782115693394,0.08122025649309146,0.09385245075689845
0.09781299164769526,0.01310284287296696,0.010684576563369796,0.08239879773275423,0.06538714003434053,0.1880205970836104,0.017502550739485565,0.17508447527639948,0.3500060280493778
0.10860818606791245,0.03886537139133269,0.023504152793680854,0.11475861971888081,0.11515321438193167,0.10665456918746925,0.17986450355980696,0.11437728591466738,0.19821409698431788
0.03867003019305415,0.102888143733098,0.03227323922068908,0.1057226628344825,0.0727348861128632,0.07696238515050652,0.46329821096045753,0.06464824661471448,0.04280219518013456
0.08240768885860043,0.17184496072337385,0.05554307691264183,0.10831070674889016,0.06781447257132837,0.07589902513127404,0.33415457085900496,0.07503079501810547,0.028994703176780896
0.24060105302741253,0.06169845237887637,0.07666606087315377,0.10552238276269854,0.1015750910900327,0.09671080327284558,0.09667932878287545,0.11514623843667299,0.10540058937543216
0.12331629644563535,0.02378889089478702,0.04800467504958311,0.09814442067956793,0.10396114585828255,0.18699364278256622,0.0037199569617845708,0.1904132524876088,0.2216577188401844
0.12039797137012638,0.05069566921530557,0.3327511768569653,0.10967082913344066,0.11829675261941314,0.08224358950631298,0.003856922582749401,0.13342989610830067,0.04865719260738574
0.049259888927526724,0.2804276465715119,0.29393565986681974,0.09080169665246995,0.06433943625775576,0.08552203224263906,0.041678816209083376,0.08517890237829351,0.008855920893899966
0.15496452612634457,0.032654659091595824,0.13576644048939282,0.11354197857297499,0.13402956353411305,0.10007359806374988,0.034327687462883054,0.1409723149127239,0.1536692317462219
0.15167425754478792,0.06229295280453517,0.0392904420859125,0.11117080835266169,0.12656309630879417,0.10360106458255532,0.16977215837304574,0.09738764749108357,0.1382475724566239
0.10580240179838944,0.11212240156184032,0.21266872719232158,0.14270169545736253,0.11194067730453133,0.0877448533756036,0.07507198155350697,0.1114201211109726,0.040527140645471554
0.1459795621017664,0.13859951359960573,0.11975703059629983,0.15288740846255697,0.1232329068835552,0.10351536157940518,0.03459500299669515,0.12865611197133045,0.05277710180878511
0.14810165051990973,0.05768878483910241,0.2537896658902773,0.1186323267118239,0.134917433698488,0.08340267658148899,0.02090839721872652,0.11639423675338767,0.06616482778679551
0.10134437400491576,0.3368587365162233,0.061228751330158565,0.0925310451798645,0.053607953869265014,0.07584372237814935,0.19266174976831807,0.07133846447153037,0.014585202481575037
0.1941693022514399,0.11582860855581571,0.05569357431525503,0.09332779192659035,0.10554695750080073,0.09228306156012538,0.1950326967076158,0.07302674960497023,0.07509125757738694
0.025122063322549546,0.08413012281810532,0.05048526490672762,0.10478104232154482,0.07879212969834826,0.08817274070327187,0.4493267604941029,0.06887904191985021,0.050310833815499334
0.07035207730849165,0.15494611474411554,0.035421464378015695,0.11182375636285381,0.07452475286343872,0.07768632113910445,0.3686172911325419,0.07066199300283212,0.035966229068606144
0.035827776378463676,0.06204294473258944,0.19120314125881688,0.13612342225643334,0.12189296490159307,0.10337914461517257,0.16164535747818967,0.11577128770637246,0.07211396067236885
0.1983489432514118,0.03500406443465559,0.0642765238230365,0.10982621382827874,0.11296856362011964,0.11637005202817573,0.04636103750825086,0.14383113522874155,0.1730134662773295
0.08671153990099167,0.1718220824200516,0.12060725305765267,0.10453085038490528,0.08605674101018716,0.08148569559480354,0.24905777103346283,0.07103350453461066,0.028694562063334567
0.15781152784749067,0.15347521617904178,0.048769327099646716,0.12491480882358519,0.0764745753383211,0.08551133637463228,0.20176977986050373,0.10511449887937106,0.046158929597407465
0.12071880176538967,0.045244201027715536,0.05265780724943416,0.09775439329703695,0.12149051397004014,0.09145698772774878,0.23647429581236987,0.08627989182348034,0.1479231073267846
0.21266343870356139,0.052006885965818435,0.11580578331820073,0.09563005768569166,0.12787931399055483,0.09319595967381938,0.09235535793990175,0.09438626245453524,0.11607694026791665
0.03490863920812409,0.33335620902434404,0.19842152054624765,0.0732003402703054,0.05477269049537242,0.09884908553934983,0.1296905851333693,0.06891039825610294,0.00789053152678428
0.07852782573291521,0.17746342363803513,0.368812235380904,0.09903365967087457,0.07906902175975987,0.07714525533452184,0.004148819755343936,0.10392908976873307,0.011870668958912355
0.15475337177538973,0.06247554598005032,0.10802696547229147,0.13649603543606958,0.1237241126149829,0.09288958423385636,0.09696450324098549,0.12663724620847835,0.09803263503789583
0.010334714934699335,0.07944573211590798,0.12557862196808822,0.0641497776754204,0.05882270064027695,0.12041439392252806,0.4180738926170164,0.0662174652616755,0.056962700864387206
0.07826067955704456,0.05551536053658349,0.07268870607489043,0.18091317094503037,0.13655365499708783,0.11900924544420655,0.03847111512120289,0.1906169142974012,0.12797115302655265
0.12112186033588157,0.07880133331407696,0.0289695017581942,0.12091317810528106,0.11176771883095764,0.09417667016452491,0.2446294090435682,0.09309437379027034,0.10652595465724522
0.1614173927683152,0.06254791550201573,0.03182581356482311,0.12816422254793527,0.1064414172656158,0.10266062992597358,0.15541374655324983,0.12235989706851645,0.12916896480355491
0.24177773595649343,0.07199584893399417,0.0674964862002493,0.10818315383240766,0.11758543774324437,0.11135245707956005,0.05887371938835465,0.11129046638953259,0.11144469447616373
0.16345554203792353,0.07696594986800438,0.1875442765218418,0.13390015963346244,0.12392599521232733,0.08819601430055135,0.037302015651925056,0.12409253817301917,0.06461750860094476
0.11910644917505571,0.07401431102460397,0.028826390626808324,0.14325364697912993,0.13056624244707563,0.11391434865438348,0.13159843312960062,0.1235867381397629,0.13513343982357948
0.044210967775508446,0.27345119986408895,0.3622189126463657,0.07699902373713946,0.05393058122144453,0.07781229619144946,0.02124886436741139,0.08386926483702012,0.006258889359572046
0.13589251070812564,0.1219062405526049,0.171079234934122,0.14580780576935704,0.12777080687285675,0.09974318929723382,0.022395248936592334,0.12714175790754975,0.04826320502155774
0.10379255777695684,0.0843682134865791,0.02526468810411101,0.12576599489830956,0.11800529211175921,0.09897860773465834,0.2398291589988524,0.09503598276093655,0.10895950412783693
