0.09824758187603681,0.20625757582498686,0.11198139222164304,0.10028852722798232,0.15153449639303482,0.06100151282445491,0.0923625502960587,0.08628623830414689,0.09204012503165569
0.14186528129214512,0.13056970230798468,0.09189732117684328,0.12743051453609208,0.07123172444290576,0.08019859989392186,0.09797123932217848,0.09603552117265098,0.1628000958552777
0.13295336677313585,0.23075727456279552,0.11750128916912812,0.09681591072419778,0.05156279505720796,0.04376049732740439,0.11579546342336237,0.14244685563454548,0.06840654732822253
0.11959864115872472,0.08272129499809328,0.09481265725419614,0.059312211098685695,0.1469348857588738,0.11995460739372434,0.07430867317761335,0.1530907263385831,0.14926630282150563
0.11880600065429707,0.14676835142413716,0.10789817418149746,0.10217948624537003,0.030021619485664387,0.16319216963178348,0.09100107515586255,0.08899257106149355,0.1511405521598943
0.08041253541787839,0.10309899643058203,0.11991879485994804,0.09076718561892672,0.2008956455004215,0.10886548898169944,0.11303241896871895,0.13401160798388356,0.048997326237941397
0.08286853556994217,0.06503364173392719,0.13923185837983895,0.09175786541393767,0.19712269728538248,0.12884997109465135,0.08133532636535529,0.09006957838145097,0.12373052577551391
0.08039930542549956,0.12973488070159966,0.14119708670848372,0.12452432748782331,0.09820808075064907,0.09285904116317849,0.11839409312495192,0.14780311560341253,0.06688006903440165
0.10393468022474024,0.07467511537493686,0.13230319906527047,0.1516110211872806,0.19285653848782855,0.06171623826396669,0.13087752729951468,0.09694483284929883,0.05508084724716308
0.12964863751638392,0.0884731090624915,0.10167501866680834,0.1421511514419376,0.0801748066165713,0.09474609026055747,0.09745970812575842,0.1780213034480493,0.08765017486144226
0.1109480393998995,0.12987147488053427,0.11660086351043637,0.11841926873492908,0.14951365238426603,0.09785640254353617,0.11176562789612192,0.10461617586589506,0.06040849478438163
0.07956156177094077,0.04525574922539144,0.13104701677217317,0.21581381897942065,0.07206165113400075,0.10702256598457986,0.10012767368200792,0.13098395077029493,0.11812601168119059
0.09079160419345113,0.027331562096975116,0.11517344262150907,0.10100571345838501,0.014648671479100263,0.1180712996403181,0.15585751143204105,0.16330633794010566,0.21381385713811474
0.08503122891047353,0.09568636283551783,0.10785201102422505,0.06070471438843864,0.03848501492619392,0.08699484174418319,0.07333439049040351,0.19376176675998968,0.2581496689205746
0.10039138545038538,0.08639856178305423,0.10714821480617416,0.12704272730023405,0.05655506860071052,0.1498667361488227,0.08440185516290372,0.07249982460919581,0.21569562613851945
0.1189496908236109,0.09151841301401854,0.12542664267998463,0.12283715200649724,0.08031729602525843,0.1134071117250312,0.09621402053289962,0.09859376534460725,0.15273590784809218
0.06778144673653212,0.07948572473419693,0.11670645526073675,0.061667221254744074,0.0401695233534161,0.04438061544037344,0.10216863162177305,0.15225173566534722,0.3353886459328803
0.0987965508868867,0.04453763284663381,0.10695385888176083,0.07904541073920113,0.3043373567030645,0.09983473482219851,0.12126727592835539,0.05318894763879973,0.09203823155309937
0.11402173581570331,0.13292006924463598,0.10904830382702263,0.11505380022550848,0.0995529471621891,0.10933618962914275,0.10035122632629744,0.040911256007406034,0.17880447176209424
0.08319107316371886,0.13996704567265894,0.09829461652615923,0.11370585530291043,0.03297031132768485,0.018310280030574628,0.08578704648023676,0.300758124883941,0.12701564661211528
0.09725310427274564,0.03206508205058777,0.12668085513816385,0.11215493283901956,0.08449768866855993,0.19257902283927786,0.09985618525786398,0.08748887552602831,0.1674242534077531
0.10606049291631774,0.15715849985589556,0.10600607147811797,0.07620412722495656,0.08666925092741339,0.07217690631875812,0.06687652602780593,0.09400328478784303,0.2348448404628917
0.08677104724292976,0.1651192090122711,0.17167621637957095,0.11368204751442577,0.04476450515819971,0.11745865096601611,0.13639957675021336,0.12719591397960642,0.03693283299676684
0.08812578225506566,0.03171405591810359,0.09792797392477025,0.10649761343462592,0.037314129173013494,0.07749261774442405,0.09737985266323264,0.2290479215175927,0.2345000533691716
0.09860910756681936,0.07568094405746946,0.09695163883883573,0.09374581530836096,0.251513756228652,0.17054587157582132,0.12802268074772197,0.029488562624371217,0.05544162305194794
0.12651323065872017,0.12072551630471075,0.09150246969769238,0.08734033359174294,0.1088530661122003,0.09247285489814443,0.0947561202643556,0.16334676623246105,0.11448964223997231
0.10938710507174247,0.12469975961517817,0.10317443902516786,0.19262121811540753,0.11747094214584608,0.03393213873856271,0.1049737316290844,0.14807678345048622,0.06566388220852468
0.0783217970085594,0.14942607831536503,0.08295509783085482,0.10779987337589275,0.1279560821969595,0.009803386321272515,0.09616013862255292,0.22048070840900494,0.12709683791953816
0.10065737564965634,0.09099925677180055,0.09914189376194575,0.0997204087299703,0.1229141112621327,0.11165384379564601,0.12074472188840618,0.178620417740274,0.07554797040016821
0.09586124385528576,0.07903758709685815,0.08815255826039732,0.12095276363231604,0.053278836371513934,0.04807541840930372,0.13707400048977306,0.203304439731973,0.1742631521525789
0.09373751214730823,0.048652782226128566,0.10546520237075015,0.10668925497193239,0.15040449399174702,0.261078397156748,0.10411571228306414,0.054899200650042855,0.07495744420227861
0.11454468860692296,0.2249577398205664,0.08710737022099795,0.10300504980112961,0.08463191120916379,0.04509088244051567,0.10564859693046769,0.07577988622706407,0.1592338747431719
0.11943567085536073,0.083040394712572,0.10013298945573657,0.055761922930195586,0.11570041851294625,0.051020098880086434,0.0993618611773105,0.20229135926493283,0.1732552842108591
0.10129018613034557,0.04559683951954335,0.11996117342666586,0.1109861545981462,0.10396939061685946,0.2133200168799324,0.12763276362278672,0.08601707693533528,0.09122639827038519
0.11071195545015862,0.07148629975024323,0.11060054870438774,0.09786899421148282,0.11248904653640279,0.18522049043576452,0.14864890838252284,0.06654034135850294,0.0964334151705344
0.09346234483122069,0.3285693215806095,0.09786694146715096,0.10823958525356485,0.051262515317554685,0.05185745657424229,0.09410567200990856,0.10654973185542545,0.06808643111032305
0.09778646277391341,0.11057795442535039,0.09650186179860339,0.0813767919250174,0.11559497329764667,0.21823165954435308,0.10072351678854269,0.071162175952797,0.10804460349377594
0.10535601562492462,0.05400067337541498,0.13351776678951563,0.13086398803641994,0.05595539477447892,0.14614382260440648,0.1222195991397906,0.12950813598724542,0.12243460366780344
0.08907036404203487,0.05739544277816278,0.11910828466585462,0.08747200312143709,0.08507724869168533,0.2835343739713082,0.11486732763217238,0.07865440026565068,0.08482055483169408
0.12189456317181746,0.14044300559414985,0.1150565266169079,0.14762244420494477,0.09468198554544016,0.08882321045767898,0.10239114013898541,0.14769200604547625,0.041395118224599355
0.08795350242744014,0.19944028204838116,0.09607286803560722,0.07156959785725474,0.15674219051848845,0.05186108035358803,0.06747999361016845,0.08804539936064665,0.18083508578842522
0.1078447283441097,0.1283690470475243,0.1028784731967353,0.12774609387942207,0.043967118552749714,0.07648582960187562,0.1018263530778244,0.1415980475843013,0.16928430871545755
0.1461111070452085,0.07360393915647769,0.09509292447673161,0.10093783519801618,0.1678633206624421,0.046934670498573694,0.13578074358743972,0.09434649527467664,0.13932896410043397
0.12199226699098566,0.09160163359975347,0.11748976716697669,0.1548081691938428,0.057727943423529215,0.10674643326726407,0.14173946532596013,0.12289093040656758,0.08500339062512034
0.12599992394290022,0.171950314246197,0.0891398003660695,0.10325865023067334,0.026336641637464506,0.050102225201010465,0.06275981512684142,0.11249071652982219,0.25796191271902136
0.11770703763066374,0.03255457508107601,0.11758964796928872,0.10578803610129262,0.2233135710735825,0.1432062097241915,0.08791695108628948,0.0633465504495211,0.10857742088409435
0.12642549430300573,0.14499727218630873,0.11375551057896821,0.08259700027661661,0.06781594838610623,0.06443906150310534,0.11568005564717106,0.151682438884536,0.13260721823418212
0.103398715703604,0.0829505419836288,0.10363533223838711,0.09387177730199293,0.17957554478858032,0.09511097775726851,0.07546369760691916,0.14523563141332418,0.12075778120629499
0.09248727683115719,0.1202224089780581,0.11876467035151485,0.12841606031302413,0.06829828273549891,0.1316961538080095,0.11048414008998053,0.14703075708211222,0.08260024981064445
0.09072626637854637,0.13419539689413465,0.12326986793617872,0.09757403160244456,0.18663496232680735,0.051912402308159085,0.11033718317329833,0.08087132849491953,0.12447856088551135
0.10240674357081332,0.14332863672090987,0.11231995883978806,0.10714878375283148,0.11230399115233498,0.1279248784445637,0.1301667974927317,0.06171606203847858,0.10268414798754828
0.07443117730851188,0.22478060497155472,0.09911244139744753,0.0894980762429204,0.04536991273010959,0.042879791196041385,0.1043990841353824,0.19808218238389666,0.12144672963413554
0.13216532042171594,0.1677223917832451,0.09508090457732647,0.1437023088948153,0.03466300709484907,0.04030599625189724,0.11016145147500456,0.140127471058672,0.1360711484424744
0.1275126175437587,0.11520473816165915,0.09689350161463657,0.10882519379955358,0.1307090931481146,0.12885900606162973,0.119630591605837,0.10107199645809879,0.0712932616067118
0.12550676958634868,0.08044511069062416,0.09345298501622852,0.06907633822808618,0.19060682303007037,0.17617164244953717,0.11061320383840456,0.029788515917018876,0.12433861124368147
0.10346044422269506,0.06921730678876066,0.08134239580121273,0.11414889025760389,0.09746518837359232,0.10765069250472414,0.09784462445054655,0.1960522660814592,0.1328181915194054
0.10026638834804565,0.26160899850395974,0.11127068779282878,0.12035459272288779,0.05064485606815113,0.15114349986711872,0.12581487523204168,0.04587419469207154,0.03302190677289484
0.09998381781257533,0.022328824046238687,0.09104318828726488,0.08259808656814387,0.049597350838073116,0.07706663601511822,0.09384892677438546,0.13111364006113857,0.35241952959706185
0.07562645242440742,0.0486864622596709,0.12449722061226669,0.0974910961820145,0.06814229258591158,0.08215525525421323,0.08638229955471222,0.2642420590389802,0.15277686208782335
0.11205174620066878,0.04017834457985798,0.07461151340201666,0.07476932334881269,0.07482232209136802,0.03279599451631514,0.10431121841659109,0.28377031097802075,0.20268922646634877
0.11101487161989793,0.1694116492741582,0.11337867704619413,0.14896331544470134,0.06138087903021202,0.052798140164402395,0.1115904438627316,0.13572169054565988,0.09574033301204239
0.09932350792520091,0.07041689455437465,0.08300699148363562,0.07480233340018828,0.12630976411443198,0.038331739421350604,0.10907094656952511,0.0700697709710494,0.32866805156024337
0.11276006487121436,0.1293992283615181,0.0951204204671744,0.07548332404457185,0.09456774507438886,0.16776629800213075,0.13228745958442456,0.1272154152703537,0.06540004432422343
0.09749981916520623,0.019689110463269568,0.11523506955256678,0.13418330598407263,0.08866253214700708,0.18912388172023578,0.11071758611555355,0.10362428146428256,0.1412644133878058
0.10838387310312281,0.14646304654168335,0.11309040285323611,0.08651220855876922,0.11054655661825595,0.10554028189074188,0.10062496666287206,0.11015032917038498,0.11868833460093374
0.08930370311813851,0.10339271014562122,0.12287014706585216,0.10607209086917352,0.06835349599490609,0.08100697205060399,0.12271956453996376,0.12783925085518016,0.1784420653605606
0.08736366773999414,0.20844792473051754,0.10806809611926498,0.18104220869605225,0.06805480348299588,0.03574808728782148,0.12623140042484937,0.12857926222498178,0.056464549293522646
0.1273265046200325,0.12227892730873564,0.08821069294475586,0.10608780829863951,0.08842235984737397,0.05747496717393261,0.11143755757632044,0.23064918682890745,0.06811199540130193
0.12104611170462548,0.053266190783735325,0.11763423016017442,0.09914061611936147,0.10021303210422956,0.09027039609966092,0.0830722834096518,0.07737046410621623,0.25798667551234483
0.0931440656083549,0.13027561093841603,0.09159977322655925,0.0667720898291103,0.19493806094143298,0.028845385408319883,0.10596479829583431,0.2025292110378946,0.08593100471407784
0.10194540627206806,0.07068898192827444,0.09983176909248632,0.08898157122375396,0.3131493747279897,0.046231949103936486,0.10036276653389305,0.05415747094863967,0.12465071016895823
0.10544052848103043,0.1796160758012346,0.11591587735592596,0.08101446413051795,0.10907432338081792,0.0841855121356616,0.11430413728745205,0.0657280242646961,0.14472105716266334
0.09052957877588615,0.04884659048661557,0.11116792379425666,0.16515906492501978,0.042530428220894034,0.12161638719183225,0.14498369784826698,0.2319182527391769,0.043248076018051695
0.12077123672748051,0.03215703319736343,0.1215789196277398,0.13592979454637216,0.10668572157209054,0.13218478584760363,0.13499010648156604,0.043689899998277514,0.17201250200150633
0.08719181147753934,0.09132185868543441,0.10301801275130236,0.13135407408787422,0.05604743325106278,0.06284666862265531,0.09151893743375317,0.18998671751410648,0.18671448617627182
0.11648769411176907,0.17304679895914207,0.10528829453763582,0.08577789100407497,0.11041411064849709,0.09101571849760799,0.09631977840853728,0.07318308217185476,0.148466631660881
0.0981307096363615,0.1051680515574106,0.12961223923441756,0.09902210373061227,0.08118568231994759,0.07638899275749196,0.09303462930684059,0.22242022656028326,0.09503736489663472
0.0830882739309688,0.06700284496837595,0.15575363373367046,0.13232672664292155,0.03639583969821653,0.1327909551590248,0.13322959015290156,0.16913855082430365,0.09027358488961663
0.08799802453037243,0.17563500890520775,0.11975370541018569,0.1453173485468442,0.031446242191649064,0.061245507997058156,0.09839087792128792,0.2065549131886988,0.07365837130869601
0.18296972149647162,0.08500750024984645,0.07277164584258544,0.10714914660402923,0.14428972665147874,0.04849528161401836,0.07606584008176658,0.07572324183727351,0.20752789562253005
0.1020572427419464,0.06430675585751937,0.11978462516879111,0.1869567853397871,0.05310295315967489,0.032030741066641825,0.15449889955326032,0.18005052549106923,0.1072114716213098
0.10147206203465135,0.08374664865946431,0.10199211721910939,0.06872460551554632,0.11968511281545817,0.15983614527328638,0.10119779945452319,0.05800119446688431,0.2053443145610766
0.16267133705803988,0.09245206709516578,0.09743528120642736,0.1575441438431994,0.07523655837596274,0.043380930955511314,0.10977796486021492,0.13553415524312692,0.12596756136235174
0.0903067980950677,0.11758683653238676,0.13217980913158453,0.13247573418800007,0.16010674630515276,0.06325063542897107,0.10065755595824888,0.07730415388734897,0.1261317304732393
0.14184118307929636,0.14688267782654316,0.09194226864727499,0.10042819049925485,0.07642786711270316,0.13005732916485768,0.09332207986219897,0.15543671713196683,0.06366168667590401
0.12998093683021836,0.104448481415213,0.07627694768074951,0.06085728629717654,0.05681388474795094,0.09449300345589656,0.06631909705599104,0.17217718368426035,0.23863317883254367
0.0915958752802774,0.05111976962567102,0.12246070030399787,0.08591759830040568,0.05225685661165732,0.2626720859159138,0.09500581718170571,0.14782698321814566,0.09114431356222552
0.11493163603339922,0.08821358691933813,0.13672564211283209,0.10808298817110301,0.11421891416921774,0.18906804100001193,0.10844656206299937,0.08332312262554466,0.05698950690555388
0.08728667399378376,0.0731184748264182,0.14011795090116155,0.12510767879210394,0.12219231554896416,0.1174203527872046,0.14889336414763907,0.06414403891911971,0.12171915008360495
0.12456415173365742,0.1856581216149421,0.09627220039000757,0.05744537667706782,0.13733287415844295,0.13558566449354464,0.0904559621124406,0.07725888136674884,0.09542676745314806
0.11012765632775891,0.025541305911230203,0.11011998347363942,0.11498899718684137,0.09435523646260863,0.06210168589150818,0.12618610767649296,0.203344914366589,0.15323411270333137
0.07872625033983777,0.06721874412730094,0.12337551102627138,0.0937967560829059,0.0186939293699804,0.14652361965751667,0.05942804378551678,0.22153425585900974,0.19070288975166041
0.06946170658691182,0.132420715779999,0.11992091674824977,0.11841120056109138,0.050720028247281924,0.04007323091998636,0.09281402699535674,0.24501048402123227,0.13116769013989069
0.08754663865512659,0.0888093712502042,0.12112699143446577,0.139493727985787,0.0840109691378984,0.02769384279891424,0.1037441488593814,0.2777980710126661,0.06977623886555634
0.09746748274113602,0.22695706567046328,0.11289679971498505,0.14548382033285143,0.05607542221895014,0.02809279105884423,0.12365079523832671,0.12306671730246814,0.08630910572197503
0.11580046034820705,0.08146063823981743,0.08670925228419672,0.063066055944422,0.22378152018651756,0.0508633379945246,0.06626939195395308,0.04803497146845418,0.26401437157990737
0.11678778008877344,0.0668642173998396,0.09368033453701317,0.11069651690630315,0.11075937154796033,0.08418164388673806,0.10063350772708006,0.11701239731278036,0.19938423059351182
0.09324966081959979,0.029097617379376217,0.12889757568558255,0.10720490895559714,0.15119271856005126,0.16318208170519546,0.13905863390177794,0.05196143215454391,0.13615537083827575
0.07169630650724707,0.10365025233986914,0.12907469741120614,0.08126044033996674,0.149876276425838,0.04941607215500605,0.0845511388714294,0.1851004276839866,0.14537438826545082
0.08481467854863643,0.11370711188384415,0.13651695120676072,0.10382692816429288,0.06624024208651753,0.20995373994134112,0.08902486230624305,0.060581742310337805,0.1353337435520264
0.1073815763001883,0.36312011711497205,0.07929375440887011,0.117877444513999,0.029563242774060385,0.05260168025895844,0.12489500288104353,0.07291296918809996,0.05235421255980821
0.09040170791053814,0.0818490445901781,0.11279810995546619,0.11345445432239977,0.0730067700252393,0.07485651625700346,0.12421283572457924,0.18813313615488067,0.14128742505971514
0.10377805678510887,0.12459795709001663,0.12710471022145983,0.1350708167386936,0.07294010563490867,0.08764220060952328,0.10616532946279351,0.14283539879613494,0.09986542466136071
0.11990107748916723,0.160106380386829,0.08874623714804249,0.16202566439083063,0.0734531802866029,0.07232111937845387,0.07110371346901079,0.15410923207690988,0.09823339537415328
0.0962256738160517,0.06750017232517268,0.13374327665818297,0.06440365397059485,0.18705391163638993,0.05952895407343752,0.1254425952669539,0.08412730271920528,0.18197445953401117
0.1148534922987177,0.2819730044711549,0.08735195658320773,0.07758551354944267,0.07432579741426987,0.10177085613376663,0.13400920511630798,0.05594346025188692,0.0721867141812456
0.10507422857307801,0.033515325626692793,0.10908679578875737,0.1361453157794524,0.0361255903499628,0.12789112948578105,0.17869077217926702,0.11307165862405355,0.16039918359295505
0.07458544810260682,0.1765989455255844,0.1449180223114418,0.12499258639432327,0.06414620368730677,0.14053637162579646,0.09688647141896829,0.10111306667476551,0.07622288425920673
0.09668479410569238,0.16801423137505003,0.10378140897412226,0.07328531272616978,0.11189154874314584,0.02587062373883736,0.09212853059769545,0.16373717698590262,0.16460637275338427
0.0988103117398596,0.06034960415465398,0.12342495582932679,0.09286698667854415,0.10305142675954755,0.11225764368496971,0.16263255305213695,0.08289470947199636,0.16371180862896495
0.07177619301632161,0.0871133314983415,0.09774566512377064,0.08812682653987963,0.08747659709216159,0.058289225584523326,0.06505437774049878,0.2597860398104009,0.18463174359410206
0.09891361787830094,0.12141236355927298,0.10891793583335867,0.1255073874276956,0.08457509144453101,0.06581838693786028,0.08962519712716589,0.2404955441002781,0.06473447569153656
0.13719093486842274,0.12734052984419317,0.08674674455345172,0.09277379265329329,0.16927136548045874,0.07980442828016825,0.10563417474651121,0.048305469587713555,0.1529325599857873
0.09798492862797148,0.17623838086131036,0.13418974626768407,0.08977820269203836,0.05894549739234423,0.052662249463117934,0.12486426209430872,0.143058707449887,0.12227802515133786
0.1107293324439479,0.13292530640393665,0.1153951767875186,0.1237054966596532,0.059978837876268794,0.08347121185029822,0.11071057927124246,0.09164475132811785,0.17143930737901628
0.10515435636558212,0.10283283178065804,0.10943354677808485,0.1041794796936311,0.11783278664212088,0.08550533710836948,0.09688926122707446,0.12972146532271675,0.1484509350817624
0.08896427672778841,0.07439035869958237,0.10594654935185181,0.09854432855946384,0.16421183768784595,0.1417966556048609,0.10109790574069792,0.1577848899947564,0.0672631976331524
0.09460203642948495,0.0333712373664573,0.11638775769532876,0.14050612706280707,0.0341970532023442,0.15141321630527982,0.14179660657676366,0.13856372391404745,0.14916224144748672
0.12041913929644388,0.0964928469712235,0.09555767240343453,0.10059828816048778,0.0793055181586949,0.1077093569927718,0.08279440754100179,0.08656393241267417,0.2305588380632677
0.07577957304586345,0.12054971241955194,0.1613152458634376,0.09301105252722443,0.03436580896170243,0.06553614878259244,0.1601519605668053,0.14677643998770382,0.14251405784511859
0.11250256811965682,0.11638354583452859,0.10100634530225872,0.07725455028814554,0.09785549723486642,0.11136136064899828,0.1265065055833167,0.10044327066033083,0.1566863563278981
0.10368866120406688,0.11270814552834481,0.13487317185868414,0.10018554102322345,0.064538338459165,0.12580879257753289,0.14774485375725838,0.1474178432064158,0.06303465238530868
0.07063907144748438,0.11139729990829313,0.1644201835992002,0.13177130271241075,0.10408131933340357,0.04887133204104857,0.13854264231823013,0.20071903964537555,0.029557808994553722
0.10989055654499928,0.045420258278927074,0.13220979744145045,0.09668011008356973,0.11082107400550743,0.08203837911063107,0.16099882701670748,0.09028653285775969,0.17165446466044784
0.09533826219241838,0.05804073530646567,0.11927018693160633,0.07242395698830538,0.08785186887781034,0.05313314144507383,0.09173364469911739,0.09028472573484585,0.33192347782435694
0.08620517697697487,0.05489369325941559,0.1303220128656926,0.16314214108229821,0.06404302677297952,0.048151592994260396,0.14596189684261784,0.14727952105217912,0.16000093815358182
0.07748589282695835,0.1247892507677204,0.10368209757114838,0.08995504289529231,0.09445663112259108,0.045986647738828816,0.07344502862044694,0.22798104962719076,0.16221835882982297
0.10378458597361012,0.18516816423286406,0.10430013726749325,0.09261368763236587,0.04672567171402201,0.07056069881392336,0.08699267216430258,0.1230939542549675,0.1867604279464512
0.11209429228331567,0.1856008108286227,0.11109240144823858,0.17626078218656185,0.060375794480935795,0.04349267075375709,0.09356433456737077,0.1270573341975448,0.09046157925365277
0.09277522621854827,0.09896830622212337,0.09026664089249405,0.11959450329470082,0.031913001192614525,0.07929817979844749,0.08843409235152477,0.2083495441255849,0.19040050590396182
0.1267645041459787,0.054001828252566976,0.09895999625343321,0.12426550269192678,0.16327603229953955,0.05239614512430572,0.10165578666482163,0.15251670229647674,0.12616350227095072
0.10819566850220601,0.08448200054007536,0.09099220573525339,0.057169730597091496,0.14719044251007288,0.27037035494366723,0.09302702448434345,0.04185156035060081,0.10672101233668939
0.08558140476581466,0.11276974110575338,0.1232526253085388,0.14155234238652806,0.06231961519598254,0.0999579657151138,0.09711934254331171,0.13075725670240698,0.14668970627655017
0.14450392219229255,0.12158930504913645,0.09531513186713321,0.10609559807754972,0.15775886870101075,0.05029135895643715,0.07518457011855657,0.17885803204586295,0.07040321299202063
0.07963254696761397,0.06990746517281807,0.12859419801604063,0.13345374762964027,0.0755553544719082,0.05720352933929133,0.10542502262053606,0.2239708075875283,0.12625732819462318
0.10271002285732071,0.05233414444911167,0.07516545169062804,0.07181469059697877,0.10072169705348942,0.045985350924088765,0.06974351836512041,0.2784518534455126,0.20307327061774968
0.09443702147338613,0.048266342753193164,0.12568433988803573,0.15386895957978441,0.10404440197098015,0.18417650120724868,0.18126601662648278,0.04030391445833302,0.06795250204255593
0.10871891134353939,0.1941771419054494,0.09605947700649216,0.07748306396399746,0.04206763354206925,0.04672176668968078,0.06224202801229192,0.15510564969836904,0.21742432783811064
0.09009178768808117,0.24107944662133005,0.13728157936480298,0.17872694832735728,0.04396810444787733,0.050960529916159736,0.11022011869249017,0.10437886984042298,0.043292615101478325
0.09762198680755187,0.10240165636508268,0.11770290987625669,0.12328767875081803,0.06764826732984001,0.15293915044132503,0.12277797245627892,0.1423055371658853,0.07331484080696146
0.07868831613640515,0.07091550763149096,0.1312552609359536,0.12979510802228886,0.05105479643859808,0.058926850312051075,0.13590203802745368,0.22262530113004028,0.12083682136571834
0.09915938659821184,0.09484128772596957,0.12685689312355589,0.13411852359041534,0.07066125412567807,0.1428386257018578,0.11521210426696195,0.08599520278282219,0.13031672208452738
0.13412034812105345,0.15867713535868466,0.09944266404473978,0.1315146442710304,0.05461236143012264,0.1698615712986931,0.09694015750152996,0.08854594488709243,0.06628517308705371
0.1864074811832599,0.13723979122814242,0.0664752439379751,0.07950180696491821,0.1168309614472579,0.0950021305248951,0.0702895472956116,0.08246928563536184,0.16578375178257795
0.10159369537261315,0.05731747526552147,0.10668688970455877,0.12638478183847238,0.07432958866492635,0.04371976495960359,0.13316447741686774,0.30500279101879957,0.05180053575863693
0.1398277862730883,0.12704332035862306,0.11425981978896564,0.12829945101217308,0.10182930427351305,0.07838340718231263,0.14538156762836082,0.06725061833158892,0.09772472515137458
0.10474564912207729,0.12248766038960342,0.11835142195708263,0.11187486014252762,0.08527378187027457,0.09221082872341524,0.16630741372683241,0.13025249131921537,0.06849589274897132
0.13121560290406464,0.1656980729555012,0.10723636123230386,0.10764377314480415,0.11134746099882172,0.08580354458241002,0.09201612838987971,0.0982286396039993,0.10081041618821536
0.1030899531381378,0.1133169821346786,0.11838168189665084,0.09345724028433178,0.0470049418131506,0.14579895375360066,0.09619812266167808,0.16199963567020356,0.12075248864756816
0.12246500606912751,0.06618521400609563,0.09953347521278283,0.17756777702678486,0.13811378830953236,0.10639346019465445,0.11568830486431732,0.09443708161377484,0.07961589270293022
0.09080111732271105,0.04502196767526104,0.139711636787659,0.10061489301742803,0.10693436958684949,0.07578532794924042,0.13091009738271656,0.1312589929285711,0.17896159734956338
0.11372826135818988,0.137774017321291,0.11177011415466372,0.10308559462351852,0.13226174479271086,0.04304421591208196,0.11148550498504933,0.17856426276484436,0.06828628408765035
0.10881136472591256,0.06255258281847693,0.10108712367005408,0.10594108744500258,0.17879958160835982,0.06824050663229929,0.08070973513458597,0.21348007716168518,0.08037794080362365
0.1253772750539088,0.07642955409416229,0.11313852561779088,0.09141426909283468,0.10620831610743074,0.15039081577272026,0.08582959481392523,0.0769196956699056,0.17429195377732154
0.08841237279138438,0.049131403682103926,0.13055744039500863,0.10511672038473713,0.07191437746392719,0.209051447979821,0.14187807567106,0.03917462233578629,0.16476353929617157
0.09971285526194351,0.11312615316914636,0.08636846622237038,0.10191263656779838,0.11381415625306229,0.03178930856708744,0.20880307300880477,0.1724638318936822,0.07200951905610471
0.1354507466818294,0.0921421764121545,0.10504780485015637,0.1220637453745953,0.06789052664762694,0.17226234177011704,0.10048624904147714,0.12442015938211572,0.08023624983992753
0.07649185256741377,0.02792828781158574,0.11412779963738277,0.10539026542028397,0.017133094286068584,0.0850495681190418,0.08192416575450374,0.3048056573570687,0.18714930904665092
0.08358288307728316,0.041732626392746525,0.11894154723094148,0.14445209442512516,0.0638496270649449,0.08464851930310441,0.10496847616162013,0.2572438692625883,0.10058035708164598
0.12448531189302109,0.24176863835062634,0.07977318888003239,0.06545250421631148,0.10735002869308297,0.10261726387721702,0.07286906301455338,0.140874006694525,0.0648099943806303
0.10158700625982793,0.10895281577391412,0.1076323909894142,0.15469596746303274,0.09484175621194708,0.10712242278270367,0.11738140036650381,0.17079657229255898,0.03698966786009742
0.089613484978875,0.21966891753231335,0.12105532233794113,0.07333733981582723,0.13621957113702055,0.03929771397831371,0.10055797919105591,0.06095667485409654,0.1592929961745566
0.12033371106826792,0.08303432337564572,0.11521554448344883,0.09844424032012629,0.07684146534205588,0.1719464836569294,0.10343040502180854,0.06664715842800062,0.16410666830371687
0.15343483069361977,0.14213115653735595,0.08173869136913336,0.08426938268461609,0.11153619141805667,0.061676756842876775,0.13496060343489788,0.09131528837694851,0.138937098642495
0.12320553105896047,0.09051086831913391,0.14392245899762993,0.11091265464409457,0.06946280802342181,0.10998988046876289,0.0847648681813223,0.14549228375723233,0.12173864654944173
0.09968146069736596,0.189595526823693,0.09955061445899016,0.08609033493157392,0.023405185261234484,0.02862328592236787,0.07122804597850635,0.19675873733059643,0.20506680859567186
0.11972247608315943,0.05244447699292252,0.09358934323198108,0.07809009567942334,0.2081794607857981,0.19517438013934277,0.11115178417384937,0.039844632598161844,0.10180335031536157
0.10967460390463178,0.08505430388306114,0.10701866276438184,0.10991985768434853,0.17433900514676903,0.05194916498354172,0.07531854458043737,0.2324186146082241,0.054307242444604435
0.0853573730527854,0.052198619327683334,0.1402838139445764,0.11863430778693122,0.05006687010961181,0.16937060074074453,0.07678449154604268,0.1424631174875921,0.1648408060040325
0.1575947229600642,0.03570702867859545,0.07802644100721046,0.07231029624535769,0.19467426085439266,0.19910655045857237,0.07962722045961805,0.05901582499695072,0.12393765433923842
0.07510473771871964,0.3049222694441272,0.1023342990183252,0.08392719785488954,0.1664326898157096,0.035722999676983655,0.07148901527431804,0.10666625752444332,0.05340053367248368
0.09811498149279434,0.15004945738375652,0.12370404039740208,0.08194900556471245,0.07347814374164163,0.05112012107072827,0.1199544639925293,0.23400401196388412,0.06762577439255127
0.14699642427752355,0.21026273865193112,0.07601936579739639,0.08740407359957596,0.08999495612454354,0.04432388141128895,0.10822503727519635,0.10801657313488378,0.12875694972766039
0.08029457328389349,0.07073554849218544,0.12010295756228472,0.10480735942815471,0.09638495813664409,0.07251924744680584,0.18626676844082016,0.13383788767947316,0.1350506995297383
0.07534233465033019,0.16587873059645433,0.17370047683243986,0.11854257908618256,0.038567282947069494,0.05672350116143587,0.15178295749130857,0.13003104715514,0.08943109007963916
0.11372786714193134,0.05397145898275634,0.1022450141838636,0.09545208500932899,0.044602581874617846,0.20007754723018215,0.10629933727635012,0.2199805488327238,0.0636435594682458
0.10261404817688731,0.09584440055655563,0.1141549526220152,0.13844817080678465,0.07554092641129839,0.0516593534004468,0.16923263311943373,0.16393801271752914,0.08856750218904913
0.08212799522608089,0.06865040234425279,0.14394512095068368,0.0941953767282619,0.03076072004222773,0.138074247438109,0.17550231682960138,0.12020033805906334,0.14654348238171935
0.1243767253069883,0.10050708770803855,0.11403708161168574,0.09791467023949717,0.17348284340834996,0.08674137662060766,0.17565787875119335,0.07497770710431839,0.05230462924932086
0.08328209901299018,0.09371667353450723,0.11407042679107952,0.11601051320097495,0.03819559597018263,0.09447118989031868,0.1327023954013191,0.20665258719382082,0.12089851900480686
0.10096012894245682,0.12566959527102492,0.12558938451876842,0.145816026415809,0.16042766353549034,0.0669890169487318,0.1291775183200788,0.08568920826652594,0.059681457781113924
0.09455562962261366,0.04096183681984176,0.11548147452462863,0.13589555403587947,0.0775651159959685,0.17629391327743582,0.1434479940772827,0.15432939810929255,0.061469083537056934
0.10162031101872117,0.07442927662013216,0.09023988697801281,0.1027715683722219,0.08545033753934966,0.05187409182003976,0.23478354663643355,0.07737541992350523,0.18145556109158378
0.07323702952116774,0.031485823859700036,0.11936049124081749,0.089853409115927,0.10216630229395722,0.05238743559145156,0.10305291602638966,0.17364242486361023,0.25481416748697905
0.09708589792937476,0.08053026434188178,0.10642637016432664,0.1320017193821645,0.04324197859802559,0.05038571045264769,0.1056202637749939,0.16502375490643806,0.21968404045014708
0.08462929319782903,0.1606918244321747,0.13859389203441938,0.07739398616779251,0.10409842751930433,0.07363321521180409,0.1466262654966304,0.062840813549691,0.1514922823903546
0.10468202740615097,0.06330250547723067,0.10267837348022006,0.136494730989116,0.05140166385404055,0.16177869522551025,0.0974370516392452,0.20856973927195585,0.07365521265653042
0.11249330481752441,0.16116442484926075,0.09616062692844984,0.160486955844379,0.09075569299335978,0.05480332214431736,0.1210326140489532,0.07714606644464167,0.12595699192911394
0.10356231095766723,0.08575292227674962,0.13127232360915433,0.13853120856158888,0.06453626272359414,0.04638559919312224,0.14506184484048246,0.14560243791868022,0.13929508991896097
0.09606231471148607,0.0783869581168143,0.12463717476858842,0.12420944962637687,0.04062130854686468,0.21387159552534651,0.12191674840589317,0.1079400819037341,0.0923543683948959
0.11454362780759512,0.1154098966319199,0.0894342663154409,0.05746846067710473,0.1390062842193968,0.149724212233081,0.09036610708397112,0.11086653480514545,0.13318061022634495
0.09526858542682735,0.12371981839029023,0.11596152210437959,0.12211144103335407,0.09497818787384192,0.2070427702127663,0.08087555380917323,0.08734593428781923,0.07269618686154809
0.09886593177918872,0.10695716460702072,0.10931770943910353,0.13511107411056744,0.11711870241701776,0.05650994245189322,0.11571906275877653,0.19856505047487505,0.061835361961557096
0.11216077325810773,0.1256406512798587,0.09868751245606784,0.08175481308392925,0.0779421890923964,0.05354076641650244,0.11417880471307718,0.2661896294604008,0.06990486023965964
0.14738239789688276,0.09201289379021278,0.07665568583870315,0.05709229328771707,0.2703832843035004,0.060722414864735584,0.09239961485287314,0.08977196613706813,0.11357944902830693
0.10635193324964354,0.05064807328589863,0.11654210360089316,0.09208870385780792,0.0898052434584357,0.12897571147526452,0.08231143441796919,0.10216314458901975,0.23111365206506762
0.14905621795407456,0.0330830302997789,0.08820305776303126,0.09841993794209358,0.09226714002478541,0.07694542564594488,0.11927878057530167,0.17818023857735624,0.1645661712176335
0.09499224550249204,0.1615608948441426,0.1075488484989856,0.09297417811166579,0.06719635442157429,0.0707398449495414,0.084563855566255,0.14482077891646292,0.17560299918888034
0.10072086941938517,0.23700448132851978,0.11353231298046888,0.08437544659453398,0.05590980654414118,0.09392516988555843,0.08841644478422463,0.0725901616631676,0.15352530680000043
0.08173179398088466,0.12337348329234123,0.13974705568060855,0.12706739142386803,0.04328544756053363,0.10407881213879495,0.1044930283199879,0.1756380504762406,0.10058493712674038
0.09265231810320362,0.07254052848460378,0.10329810706348631,0.08496553605984165,0.06155114746927121,0.10401952909230118,0.0884001779073066,0.1216537626388658,0.2709188931811199
0.08434540681440368,0.209387301282583,0.09803252774251736,0.05710703472800468,0.10238963874211136,0.030603715290806268,0.10884121955809338,0.19508548162624192,0.11420767421523838
0.07876955180340132,0.11282337021960669,0.16371045862491773,0.16633275469206524,0.0448240158978371,0.0892921763143188,0.11910222745687393,0.12696317253605557,0.09818227245492363
0.10916513192472539,0.10450312808366141,0.11228316786968501,0.13538048673934927,0.04203479833652767,0.0713412349034912,0.10184526353857977,0.18174136322429155,0.14170542537968867
0.10649349075060022,0.13462025312423984,0.1326083714719963,0.06671026889195343,0.07148269635510573,0.057867082402479224,0.1284581880081735,0.11403577640557626,0.18772387258987555
0.09919213044061943,0.14034175163750864,0.11372602100521408,0.1087532369873098,0.06167716731569684,0.08328402554960943,0.11061054093984553,0.16759695393704807,0.11481817218714813
0.07895551790888822,0.22307761700872467,0.11809504127525076,0.14690235329142345,0.085499859781202,0.08218469812263156,0.0871383067025172,0.1454984642811432,0.03264814162821888
0.09152106048175608,0.08867024705609657,0.13326179009964265,0.08957150545976689,0.10133523453586386,0.09305855798612787,0.1829580126943083,0.09656279158092107,0.12306080010551669
0.10719780843072019,0.1116677371543492,0.11411094061188432,0.07216189325108711,0.10387467737640504,0.18652155783322608,0.1382901035083923,0.12457239168938879,0.04160289014454696
0.10052288522751536,0.14060423169639377,0.11809542383230305,0.10074326663949897,0.09377053543094564,0.055383608084006136,0.09522904812186285,0.0658488047767683,0.22980219619070588
0.11991541130417059,0.09018753094799785,0.10244357980693676,0.058113316082482436,0.15111240036890283,0.20089723904434162,0.11729711821917586,0.07345750549601954,0.08657589872997251
0.12595774442578395,0.05014996978721792,0.11310075227924477,0.10992556767970103,0.08763857036382872,0.15266174661503074,0.1791372052863319,0.06134984064981821,0.12007860291304284
0.10859401014743482,0.12271778141140315,0.1292737993986376,0.08865704578756546,0.04666455883952447,0.09170183998170552,0.18610320052717313,0.0849558964666341,0.14133186743992174
0.09539008843441828,0.2464871832651826,0.08221266437057982,0.08745486382263261,0.01629958817080281,0.032736736278100136,0.0842838847812506,0.24963626264039,0.10549872823664308
0.12110831306130897,0.08667745525078907,0.09057707413560694,0.08653779756854695,0.24286874476582707,0.10253564977950773,0.09706781144726662,0.03860288564334205,0.13402426834780456
0.10268580350165667,0.09021765976477376,0.10894265927413378,0.13709311426682125,0.05081617982415376,0.07201201336241295,0.11141101613075617,0.1786516667534833,0.14816988712180834
0.088582171760758,0.09618564481381038,0.1623941675127796,0.13228194085261327,0.0504362957116426,0.07522875164462674,0.09951690394691078,0.11160499746030632,0.18376912629655218
0.12064037572235974,0.09165757029699141,0.12122202538624416,0.12116857392538509,0.17555383924128534,0.10314806628040522,0.09234296289444206,0.05737934524639471,0.11688724100649235
0.10376871356214644,0.04764471755845634,0.10890033418520335,0.1289349086115772,0.09182761739193417,0.04906263118073779,0.1620095187143816,0.16433191384444923,0.14351964495111388
0.12952999831141968,0.12067746668727845,0.07091316926840092,0.13072200918876645,0.039405862738324714,0.070287007695081,0.077489137684975,0.29549708730177765,0.06547826112397619
0.12252684200894039,0.12552663549678839,0.09959208958027198,0.08315412094122149,0.20330351060909838,0.07698539014533179,0.07538628566818888,0.11373603843015574,0.0997890871200029
0.07702030743692789,0.05232002972507233,0.10386626520968896,0.12321011754049715,0.02716362270007853,0.14735578585883988,0.071139713454007,0.21874382438289797,0.1791803336919903
