0.11740516678368419,0.10284691231910352,0.01880872364974441,0.1084962653935343,0.08420363755986977,0.08486528529131952,0.24755162687036955,0.10913463412157516,0.12668774801079943
0.12756648157294923,0.08576217366215873,0.0374969810035963,0.10682488689007374,0.12246772704536601,0.18187701912728513,0.0830789057667831,0.1209175696705137,0.13400825526127405
0.13227239480600114,0.20941897764040554,0.05379016983654763,0.10739320027457265,0.11368796940916098,0.09648610410620828,0.037043729554719095,0.13612838513949163,0.11377906923289298
0.11447321435950053,0.07064448987261286,0.051228961266205075,0.13018137434129626,0.14549364401357454,0.10250110039275373,0.1354387367148644,0.1295347576912239,0.12050372134796865
0.12285979209584315,0.11613704985975652,0.060990886976654314,0.10377473992350016,0.10977013634860933,0.12910078082009016,0.08925238722526253,0.1320023647267332,0.1361118620235506
0.08124057339799734,0.10439300996242391,0.03791023554203465,0.0931672514134837,0.0972098053716713,0.06276523517468463,0.33041234122843816,0.0954450400533811,0.09745650785588533
0.11618180221190648,0.10048538137249195,0.040038469900860345,0.11475311558073098,0.10413006381979088,0.06808429256922142,0.2239730892549964,0.11701440096196358,0.11533938432803792
0.1190306532594196,0.11946066118889305,0.0780458171236327,0.09530924769806552,0.14529510252991032,0.14031263351671863,0.05212889060254473,0.13252930521907155,0.11788768886174383
0.12320912104448456,0.06263922840686491,0.050923135228699505,0.09548094728413158,0.12421796097034492,0.19793773349366547,0.10354100524089906,0.12159514298925378,0.12045572534165626
0.08149287632531839,0.05485682626600146,0.09121894334371516,0.10386615394235273,0.13290790603706026,0.1275252441962952,0.243341687878004,0.08328533360408032,0.08150502840717243
0.10507555001758902,0.1434604938546235,0.07926002029036161,0.0958517823003998,0.08936564741858095,0.0708794300935672,0.205243599501884,0.10815182681213341,0.10271164971086048
0.09919077155057199,0.11194151543150051,0.05746332305905207,0.11105893655129895,0.11699330046869084,0.07412779218600803,0.2112358291762403,0.10638221133706732,0.11160632023956989
0.10844443439562466,0.06454224989489378,0.043430973931805276,0.11990950295205671,0.13914579974022254,0.10582322101473852,0.1847406107033511,0.11946214858864769,0.11450105877865967
0.08894421101707478,0.1276317705617306,0.11275335342912673,0.09334813706316376,0.09984364159754378,0.04737166298183467,0.22086383194665127,0.09465810210509897,0.11458528929777546
0.10872970400009285,0.14134211824973686,0.0985504329633466,0.10411825147637659,0.11866888419005513,0.18720075185330876,0.06066120555159996,0.08391287927871964,0.09681577243676359
0.09583990978263911,0.13460690020741742,0.045575799591496,0.09283436979708685,0.08559417096765942,0.07508797610818792,0.26585244858876955,0.10320217821717688,0.1014062467395669
0.11013887798068632,0.18973311858987776,0.03219289722321084,0.10341692134968072,0.0941526064944939,0.11299380037020196,0.1417292109310145,0.11378572887627969,0.10185683818455428
0.08938638265995043,0.12054363124478473,0.054364106404539404,0.08868121355875892,0.10884221290592894,0.04248046274728157,0.31951144249007624,0.08415024537674624,0.09204030261193358
0.11276386304966386,0.08522480316238612,0.09169902356391359,0.10188912825456008,0.13104821459334928,0.02015137900287081,0.2209353193133071,0.12784351269447616,0.10844475636547295
0.08615429073812131,0.1376111566735725,0.3122419577746242,0.09574045525115159,0.08516439569444915,0.03291889669282523,0.06238068419541232,0.08983085732431688,0.0979573056555269
0.07093367855200945,0.1119280548012936,0.4334329952364542,0.06283086529391663,0.07072800857260146,0.026692100414785255,0.07658899627402786,0.07259336323839678,0.07427193761651482
0.10388188932686186,0.1377158709730859,0.03363068019454634,0.10246802491111025,0.11339836827669324,0.08707244638055132,0.18769649909263286,0.09996014733227582,0.1341760735122425
0.11384049319654038,0.10231034352027081,0.03523227586327448,0.1240240484573798,0.10927216615031132,0.1862190018705485,0.06742354080584652,0.11784778016563562,0.1438303499701926
0.08705903767678659,0.13105658150770935,0.02657817934128257,0.10318957910535313,0.09067379913661706,0.07009385988928019,0.282461133874089,0.0968476262621492,0.11204020320673296
0.08700361370352942,0.13324802257314597,0.014788918561226867,0.12114215620185324,0.16292206258133404,0.23102008713255162,0.07680037001164593,0.09178238967725187,0.08129237955746098
0.10754322015174901,0.12333039604982454,0.041957717037027296,0.11752004842988616,0.1306313568959749,0.08834935544043397,0.16172415678174976,0.11596727221259429,0.11297647700076012
0.09550333059693915,0.10371264469906168,0.012585551276363405,0.12224497662470175,0.11245364712711337,0.09798290086996565,0.23395112097604728,0.0904434237209099,0.13112240410889775
0.06905351637195613,0.08082057647870469,0.4890578299621772,0.07130283612097164,0.06899543136428561,0.05008897804601917,0.02634018537757131,0.08186081638531857,0.06247982989299569
0.10744080813995895,0.08951367694116708,0.07463605279370399,0.11210714582733272,0.09455211641749062,0.22510859836977873,0.04268183939025713,0.13529831085986319,0.11866145126044757
0.08603621981394466,0.07796802639620118,0.07166399984146833,0.11221063406744929,0.09096022328761416,0.0567717120439172,0.3296140631639912,0.07974795391760106,0.09502716746781283
0.10235571475271639,0.0965592082071569,0.07688220351185253,0.09652208645682846,0.11481751979487616,0.05729146912812344,0.2291884028909014,0.12396542296786535,0.10241797228967937
0.13428050433478264,0.10816959177235526,0.04576056442024266,0.10598547677565306,0.11919903146990248,0.20425488675296113,0.03165515041354291,0.14396481094219638,0.10672998311836342
0.07853189644639684,0.0807656283313574,0.45421193597070747,0.0690252808625428,0.06670244826206577,0.02083636957568216,0.05840621778165561,0.09667766836021369,0.07484255440937813
0.10416968003923803,0.11771569778417225,0.020944478182264036,0.12241577622694556,0.1275568086620469,0.11297965697782854,0.16206200191435619,0.11212422433020815,0.12003167588294027
0.08495548143172145,0.200803060974851,0.02081532632084192,0.12094618205293217,0.11817067740028682,0.09237231837445613,0.1798502049501621,0.0806282051914881,0.10145854330326028
0.09950737467160609,0.099956784864164,0.06308628877070126,0.11862884359264181,0.12631729193856614,0.09521956340952008,0.20559524233251739,0.09720251030528344,0.0944861001149998
0.12177450086337087,0.15003757369499252,0.028210653846130817,0.12257443435828734,0.11496041659797838,0.05767299823587443,0.1141853393158803,0.12055674092870143,0.1700273421587839
0.09947861615093101,0.14625844555399767,0.041849058902726104,0.09266420899975251,0.1060373634629137,0.07412658079587915,0.1971643437387588,0.12457155791136047,0.11784982448368063
0.11616882269643226,0.09726339663812057,0.09983156889010564,0.10413303884498837,0.12094997612410176,0.12912990287755474,0.0931976155654942,0.13001190813711658,0.1093137702260858
0.11402588947671476,0.15554959035063085,0.02448830682595302,0.13552348536948955,0.1122722064400331,0.11786376542648186,0.12192053456740452,0.10374454893779926,0.1146116726054931
0.11415805080855145,0.11092881616856998,0.02912265203953261,0.12046631066319796,0.11951334541767762,0.07922780545138454,0.19329833351109107,0.12671854491643006,0.1065661410235648
0.0748797054765546,0.04338943424258204,0.01432120968617609,0.08497207821546592,0.0963774736106736,0.15657298278051276,0.37290222705515025,0.08835563371009132,0.06822925522279333
0.08898261037989302,0.156545357798256,0.02344762881391357,0.088655511227604,0.09428504095919536,0.04928413638107423,0.29928971106147745,0.09344409890768912,0.1060659044708973
0.07796837568193735,0.19854508861715825,0.03186208913144976,0.09321812736850575,0.10237867014396644,0.06651997026218869,0.25218099981081277,0.08402146655736026,0.09330521242662071
0.1268432770214658,0.09708217360053821,0.04929174786315486,0.13566959490999006,0.10824736286445798,0.1538527378695707,0.08792085127021838,0.12095001933670964,0.12014223526389439
0.07952509261284345,0.0776141665744321,0.03768917316997272,0.07944015034628381,0.09990802285506935,0.07936809067762486,0.34474779783549847,0.08911013578024801,0.11259737014802733
0.13221111659315057,0.1861247583003192,0.031623740939605044,0.10559556078027495,0.13511339767531108,0.09428747711799683,0.04335873924396788,0.14798846502544125,0.12369674432393318
0.0918805103186473,0.08664491633855491,0.03334441903003722,0.10710328586310369,0.08140649729706052,0.19470442969228766,0.1919195230795769,0.10162340064229407,0.11137301773843777
0.0924830627027602,0.09409710145292882,0.13362590692840742,0.09815842464693077,0.0982097847602686,0.056342625524884137,0.2344889303326377,0.08493418130349585,0.10765998234768649
0.08053536214939055,0.08814576352134157,0.07129811115718436,0.09008310645856211,0.06619900872031693,0.08768001848310547,0.35317814291638383,0.07771991558365594,0.0851605710100593
0.09653449113982711,0.09356820981401308,0.015084665369340798,0.10593907548320329,0.11351736109579984,0.25005896500401276,0.09822263791924753,0.11141558491161507,0.11565900926294048
0.1259676594782317,0.06030510663839176,0.045420601762667705,0.1457183520650695,0.11193608020577951,0.08423182775214293,0.17835629292848101,0.11607435731958603,0.13198972184964977
0.09755954347027862,0.10270689300213416,0.09359952421368607,0.09842791398490375,0.11803580679440256,0.025848584886367872,0.2458806305293133,0.10266900595112378,0.11527209716778992
0.08052005015397311,0.17708801713435715,0.024556617491911986,0.11212928901120763,0.08673135032371192,0.05108368625680387,0.2884899859058563,0.08645156231498663,0.09294944140719147
0.09131300882366668,0.1363763914469581,0.2041596266325726,0.11723851341808554,0.10521301432157355,0.025553064739416275,0.10549215043239557,0.08572769627494257,0.12892653391038914
0.10333821461863492,0.07033173431374314,0.026052561139210808,0.09691181329770064,0.1234029954810998,0.04156077855311477,0.31271752937258274,0.10113874311101523,0.12454563011289795
0.08673239597132525,0.14143214898942827,0.13230150407317542,0.08309657056850998,0.08723421102947633,0.055527082150038286,0.22958706461155642,0.08539496343248791,0.09869405917400215
0.07391839491592987,0.08883699238533534,0.0990768765026956,0.10981711899983863,0.08752643107912422,0.1863965985336767,0.19938079488013213,0.07672082358546195,0.07832596911780547
0.08272081502041752,0.20307233196447286,0.04648192469359344,0.09635111477756197,0.08400947446846181,0.04812159271589487,0.2529445433343731,0.09201200054140513,0.09428620248381936
0.09695268723092625,0.055612564996768206,0.29583703927037747,0.08938078256955424,0.10020168379511696,0.06642769501593292,0.09879436561451882,0.10773844279880052,0.08905473870800473
0.08040021375292149,0.09972228893227016,0.02399926095128203,0.09788662227735084,0.09357786387737994,0.09615537671304226,0.3326441482948069,0.08239145226967919,0.0932227729312672
0.08094475660961657,0.07707379548606487,0.07614642870036793,0.1084352361584263,0.0784418467527666,0.10563533842090804,0.27148725085026754,0.08896340723321837,0.11287193978836374
0.12002919077020323,0.16118081456456748,0.059261086777434184,0.10746077841998232,0.15090592287446059,0.055300812896964126,0.10276720773501792,0.12726248459317183,0.11583170136819833
0.12409794594844832,0.15194645626406544,0.12194705116296478,0.1153139777025101,0.14587229994074447,0.08824068336930573,0.020931038445611515,0.12071563231973693,0.1109349148466127
0.09471415651154504,0.1008079478006401,0.016067752520872405,0.09970948312600336,0.09189461646442516,0.13025419938081786,0.25264059480692974,0.09758547569057442,0.11632577369819184
0.10017204711775145,0.16123091932835706,0.13517080425053776,0.11528501408553181,0.12949253904143476,0.11519831421671119,0.03628728966371431,0.11898824739919844,0.08817482489676327
0.11060596004785139,0.15274990559639298,0.06479723279508846,0.12385320399406817,0.11362167490622692,0.09862006666366807,0.07290916940019891,0.11803157251512371,0.1448112140813814
0.10274930477938478,0.0672665114976007,0.08720307215598912,0.12367424477152322,0.15114028771728907,0.10829237133665949,0.13652417398285924,0.11453105126170511,0.10861898249698927
0.11056706876104733,0.07061032904912651,0.10816660797857486,0.14878949678456874,0.1275034585130415,0.14432867601885,0.06638559348738512,0.11901840251729641,0.10463036689010956
0.09573150176313201,0.14877703827123404,0.027547864938275896,0.10393097702448588,0.10125734402768789,0.07526566995847277,0.24948292988057164,0.10198533410391164,0.09602134003222829
0.06816065644815107,0.11479740181827101,0.4108208325253666,0.07851137854231666,0.07574718164286716,0.0422819371905627,0.045014045664019724,0.08242622416871005,0.0822403419997349
0.11392533261249997,0.10506186818943358,0.030801110777635827,0.1275962617730624,0.1089527612733661,0.11440409983009198,0.16556957309744938,0.10946222727422318,0.12422676517223774
0.1158234095147382,0.13906166161159841,0.025208643943501963,0.10636078908498403,0.11003770224701363,0.165467148233914,0.07937908792240578,0.13818551754427644,0.1204760398975675
0.07296590323254613,0.11843356137330678,0.45877084183304184,0.065238901173223,0.06676741736399237,0.031617392630448625,0.01978712578043323,0.08517773328658523,0.08124112332642287
0.08433068326696436,0.11738742717747593,0.019316205803904602,0.09043782433267673,0.09315957645552446,0.07528965060287553,0.33107164485288854,0.08965337372687204,0.09935361378081788
0.0923276045594426,0.10696490710953295,0.08584304938629968,0.10477393416362339,0.07902592516493483,0.10139680279910562,0.2604705635665719,0.08493051537239353,0.08426669787809542
0.12273859353555155,0.11273464800243489,0.1387328609591546,0.12575506172141213,0.10445493352395581,0.060384717313536125,0.05865345113267092,0.13478745207785248,0.14175828173343152
0.09325379527875122,0.09274169968939766,0.051824419866765885,0.09710912825567315,0.09621264875389973,0.07528939513786338,0.3055226704353194,0.09545736381177976,0.09258887877054985
0.09357883024010583,0.081494312580695,0.32041476429904914,0.0836491488415189,0.08677795556048913,0.0280250707340738,0.09931862179999716,0.10576588544631897,0.10097541049775209
0.11100505788901398,0.09469034636673375,0.2303866011952254,0.10247710275147813,0.07652780894866544,0.036666653927540586,0.10039459908798631,0.0938572293409427,0.15399460049241367
0.1207352234716787,0.09320330785512247,0.03204202738098734,0.12309013477113366,0.14965453870918632,0.14699576802443623,0.07796796283646763,0.14330075619340524,0.11301028075758242
0.08693093898757022,0.11373666090238337,0.024809687517263104,0.10940464465791401,0.0945225346015846,0.14377855219280147,0.2363376890948118,0.09122173894111514,0.0992575531045563
0.08326941068039628,0.06052982342768531,0.027981977247522317,0.1423519862359304,0.11548078295371805,0.13198707122093167,0.2299591147202371,0.10219106566711705,0.10624876784646185
0.11433700112347765,0.1389701001525963,0.10899298108226091,0.10466626190309604,0.11792348249807659,0.12178915637909289,0.041971497172561156,0.13038780807934672,0.12096171160949172
0.08705510730834938,0.1609503024960264,0.04819965258594946,0.09885984973958663,0.0901438038600757,0.05271869953277759,0.2784090441161569,0.08709073399528074,0.09657280636579722
0.1548372033443718,0.11217307848730525,0.03535063643210238,0.12853605641260096,0.13711817020760367,0.10411912771107042,0.06374880196650091,0.12658641473922963,0.13753051069921496
0.07672840756284091,0.07002767743326703,0.4846680347137921,0.06515938164085744,0.06975556906822473,0.030333988821265378,0.0326420354514648,0.08513761550066525,0.08554728980762237
0.10829264445753999,0.11473282586397893,0.04262156885860771,0.09884748203449205,0.08521345750638376,0.19816612405821185,0.1301170123055646,0.11509695106431363,0.10691193385090743
0.08705510730834938,0.1609503024960264,0.04819965258594946,0.09885984973958663,0.0901438038600757,0.05271869953277759,0.2784090441161569,0.08709073399528074,0.09657280636579722
0.07788195426961964,0.054672598995815384,0.11966247815445778,0.0810602952904692,0.09077985677973455,0.34292379956135405,0.05149820161582181,0.09467297395067836,0.0868478413820493
0.09213347851404624,0.12973836622175075,0.0214871605869769,0.09344742512462484,0.103956022424271,0.08553440726419403,0.26629596668399896,0.09466329745892565,0.11274387572121158
0.10476309224778257,0.1237504972493146,0.026278257557603657,0.09109925632086735,0.12730054662537044,0.05053857161363439,0.2459367384798099,0.11191858217606698,0.11841445772955016
0.09686806723215097,0.10400467838685613,0.1337786706245875,0.08813885707211988,0.1279798554632774,0.2458009562681225,0.01615995970658865,0.09998111809135125,0.08728783715494569
0.09880076603416499,0.10240836201608516,0.04475890509808896,0.1108296992877091,0.11103190804491447,0.16172208641666763,0.16863628989711546,0.08930340536111116,0.11250857784414303
0.07840992576029518,0.11489667677610527,0.03362777654800283,0.09749129815894682,0.09045120221149665,0.05661816839635011,0.35504397151549966,0.07526986418291423,0.09819111645038936
0.08199005657663454,0.11178015145371763,0.04301704326529466,0.10797385580530927,0.10883950359170834,0.1287394243755834,0.24431483407269453,0.08229737865862824,0.09104775220042934
0.10960162483915814,0.10632925304459395,0.0716506791930039,0.11092151151586017,0.12967506873723286,0.020520765633906302,0.22258453749705895,0.11277240634973634,0.11594415318944933
0.09107543654596045,0.101833641885039,0.01809440740371761,0.1390276074107825,0.1388326193132918,0.1701616427001483,0.15515049446720477,0.09323201394279879,0.09259213633105683
0.1115520685588381,0.12562720394485974,0.028956339267501085,0.08724732202634561,0.1265191457953452,0.06872562699469946,0.2211287127912119,0.11185253758433522,0.11839104303686367
0.0935950994117457,0.08974084837292469,0.0157592591706793,0.12344185613107937,0.08603920456441932,0.32772262542476677,0.04480887882600975,0.1462398880216324,0.07265234007674275
0.0934279237870943,0.1426311365791106,0.025709783195352845,0.08266517554215304,0.10415255222303062,0.1251217595444987,0.21195871234808275,0.12290528897632684,0.0914276678043503
0.11282278170626346,0.05728541434527882,0.07043914968605536,0.12240673147734173,0.10976357454072093,0.18517325916910346,0.07381011525412273,0.13972484118411999,0.1285741326369935
0.12683846797761067,0.17033838679317273,0.026255241761218306,0.14099609403459845,0.15278739775177377,0.07262981788824481,0.05423832388116109,0.13792167082560244,0.11799459908661773
0.1353323154741464,0.07817580663160086,0.0774892891004121,0.1297752364842483,0.10006770635759514,0.17274591066579972,0.02908990228691652,0.11962470979772283,0.15769912320155813
0.0944642887750962,0.1425848660526495,0.03360278553433362,0.10285840439867398,0.10639076655868755,0.08189052975457144,0.24179495639044704,0.09255913041354168,0.10385427212199898
0.12134521223221754,0.13273836434547198,0.044976189027084695,0.11732738792016939,0.11717889232724622,0.12600993911640102,0.05853214883197134,0.14979701746511545,0.13209484873432228
0.06649653830265786,0.09913824815994533,0.5043852217366575,0.06665982282990492,0.06820074875195732,0.028148549091250186,0.027314093693721328,0.07258372910942774,0.06707304832447782
0.10857364068966346,0.09675305371043796,0.048708803059663484,0.1252678717107338,0.12095246553605525,0.05615873264669543,0.22598236349460551,0.1122246629060117,0.10537840624613339
0.08448768430725184,0.07450749895450504,0.01351500667566669,0.09766203365549649,0.08777033369213738,0.12148502081962122,0.3357859277336932,0.07690060262381158,0.10788589153781651
0.07245351749718183,0.13173139696584243,0.020609400889198628,0.09101496937177682,0.08452676815915434,0.05989083517698903,0.36846622271445745,0.07757620367045094,0.09373068555494857
0.10433859615135321,0.11554069969999899,0.03505419948594083,0.11581486529380391,0.09985051676292413,0.06963193115079094,0.2021753620509704,0.11717768434755331,0.14041614505666433
0.11924843498668518,0.10889084511246655,0.11770283626343621,0.10052661562578673,0.10544980299919078,0.1805250840014061,0.056107882595197715,0.1110111158709859,0.10053738254484491
0.11292108381887563,0.06796122893127665,0.02032358638335632,0.12576361690190282,0.12287212721497498,0.11896674724335284,0.22007378060405203,0.11894112237772232,0.0921767065244864
0.09043644224575598,0.09073101108596836,0.03800330845663194,0.12619174163016206,0.10695360822278994,0.06616588972005187,0.3106070910083652,0.08538445588297722,0.08552645174729744
0.11899846311512514,0.058611440262796695,0.1751386974851256,0.10969238182799686,0.0973486343022147,0.12415786915156575,0.0630350373478544,0.13670902370451726,0.11630845280280362
0.11367939288443056,0.10329065033193667,0.03748796162233675,0.10793296682607555,0.11256356020833948,0.06620735077044636,0.24641234850715057,0.10963263965370003,0.10279312919558402
0.09061564611236879,0.08603233277657467,0.05386653554957411,0.10524306526846677,0.09880178077500489,0.09554369929741523,0.2571858344021751,0.10483177937118075,0.10787932644723974
0.07595374450136443,0.10001578469250393,0.3790164860496852,0.08667959137382648,0.07580204663360177,0.05412199290087113,0.06266842618785727,0.08257535464447353,0.08316657301581624
0.1278319213767175,0.11744729714774245,0.04526553572547998,0.11605130583344808,0.10381725137207219,0.14165442868784958,0.06910603352365612,0.13057743238821728,0.1482487939448168
0.11108266809463442,0.15002414508252315,0.07672018295204423,0.11797041611237664,0.09615544627191498,0.04061780511747224,0.14066017193410998,0.12659970308635707,0.1401694613485673
0.13948656293337522,0.0940117328659414,0.07382115230754775,0.13587558966193705,0.11485014238907054,0.05979786907807089,0.07990661957669001,0.15114256684524172,0.15110776434212547
0.09922266443238015,0.12586571506708685,0.1606454719019107,0.10613431833163899,0.12422124158095915,0.108444961874119,0.04359097425545766,0.12010655623149996,0.11176809632494748
0.09547206773957662,0.1702247801238399,0.034113139646818315,0.10425583921817311,0.12020162834085209,0.1395346561494419,0.12852224409330956,0.11752147023171562,0.09015417445627284
0.0730009214996832,0.10797095445300774,0.038701848238156776,0.08893226582217961,0.08132861082589872,0.19632554361069954,0.24852518539741605,0.08076772048288212,0.08444694967007628
0.12118660387727033,0.10592910943462648,0.033224292571601775,0.1055208874157769,0.15402622541487793,0.12399898304714918,0.11660378478964706,0.1186716132721255,0.12083850017692487
0.09528456097399568,0.1244120121460494,0.039458544588147786,0.10140381639963054,0.1090244079663401,0.04677525738065286,0.254645595982294,0.10985630991049412,0.11913949465239554
0.08644092094872911,0.06177567852614712,0.4560041359681839,0.06784316566102865,0.07974543457934437,0.034314025303122234,0.0480943222559288,0.07965342985985403,0.08612888689766178
0.13348423162044268,0.12420126446616915,0.07101313492843545,0.10385033749730033,0.0936821082008547,0.16163691140856484,0.06939154561175105,0.13241808510537326,0.1103223811611085
0.08699670221582717,0.08337337623500517,0.056894632209485464,0.11118555511598704,0.09180041326472134,0.08813090013720437,0.29552288125940235,0.0868917556262746,0.09920378393609254
0.08322407644883885,0.10151022303526379,0.02026154495046907,0.08878991061923207,0.09026444545335212,0.05930047204600234,0.3670486899596699,0.08252342714681882,0.10707721034035313
0.08662075330678987,0.08740799276361176,0.03333094172067151,0.10296298600353308,0.10563680886758209,0.09607257908221885,0.2974857857869848,0.09955724757993374,0.09092490488867433
0.07298799185134801,0.05789199273680103,0.5096844958624649,0.06270236168463543,0.06682495009516182,0.041124996781937394,0.03015040643214331,0.0824342187345355,0.0761985858209727
0.08323756497354066,0.19193461234706022,0.14008615475498942,0.10023809811818436,0.08256688487556454,0.08888361650432858,0.15576237579958432,0.08134182435914096,0.075948868267607
0.11192649448849089,0.08594317725293399,0.11177488719880997,0.08711880779217636,0.11870270940187394,0.16029643012072914,0.09097965511581842,0.11420081370425776,0.11905702492490955
0.11774853327752627,0.13814029544140385,0.052036856940629456,0.1436489535891587,0.10897166537073984,0.10616792572734114,0.09773618895067991,0.11149040144965332,0.12405917925286747
0.1254553776923788,0.09598738047486095,0.04541962298437536,0.1030042431194111,0.15229518732775785,0.16144317964580937,0.055611886213617345,0.12304763492919756,0.1377354876125916
0.08733790639079331,0.1417865284993487,0.07065837881551448,0.0916576228146229,0.10498016684580469,0.027953395449694718,0.26788115002579466,0.09342983939255083,0.1143150117658757
0.10187527943551156,0.12367482754388019,0.0805240761788536,0.09777394519374201,0.10883458741335665,0.09142289741714991,0.17871867951244327,0.09892544417208952,0.11825026313297322
0.09064235627887651,0.07564115256642182,0.18633073547569998,0.09213839062171235,0.10985028965433775,0.04679238339807797,0.20541554952472954,0.10068935554491831,0.09249978693522581
0.08969459426328359,0.14218809346305958,0.06252229454797788,0.09616879523240869,0.08620225805998268,0.1279763162140755,0.18564732072848533,0.09832792275903618,0.11127240473169053
0.09081031929870986,0.09834015763838151,0.36694012241027774,0.08871578816950808,0.08753877985110307,0.022788238853873728,0.06940059630490635,0.09031500626517681,0.0851509912080629
0.07633843512461914,0.11073711917484692,0.3768602085592858,0.08280791684143264,0.07252857919098653,0.05529815019301603,0.060199690447430676,0.07815113555589154,0.08707876491249074
0.10461192751232153,0.0629606971337552,0.03650235480650066,0.09849118937886474,0.12326396515896337,0.1022002718227301,0.2588435754018866,0.09829235995623153,0.11483365882874619
0.10814140319500802,0.09991688478649403,0.04137119207777512,0.10664731654948821,0.13813119709325497,0.04903413570868314,0.18804619715243087,0.12387466640600525,0.14483700703086042
0.12939748412849,0.05787033820700621,0.038461125039755385,0.10948328529052004,0.20026519309217128,0.18767405714135377,0.062296560977198295,0.12291439772233781,0.09163755840116722
0.11451215914226338,0.11526414966790327,0.04525601604213548,0.13026333310292643,0.1413880984279823,0.07338037861661999,0.13639823622267955,0.13774566455838233,0.10579196421910715
0.12430694018028728,0.12138755561629548,0.10774925135783298,0.11450446873122459,0.14820616622893612,0.06854643539564144,0.05434104050786818,0.13437315945904824,0.12658498252286568
0.0758421995968565,0.06904658465768636,0.023441158872839842,0.0751418635708171,0.10684671290602277,0.12562938761529505,0.36208239892928135,0.07722443098584271,0.08474526286535823
0.08870999713686872,0.11391925408841612,0.12672676365129823,0.10559683153906264,0.10527617580561884,0.05010803119402025,0.20515149513668882,0.09531578027105951,0.10919567117696692
0.11301040500107883,0.1816637623367936,0.03314777289803466,0.12394459570505921,0.08159034381449244,0.1664024535685131,0.08226535768555582,0.12210930989271646,0.0958659990977558
0.08193996567904384,0.10376061580579392,0.03833434259910281,0.09893889835420266,0.10193809957194357,0.07617674358874603,0.29516816462833095,0.084562483883326,0.11918068588951024
0.09638168309497176,0.157888058083859,0.036176809086346205,0.13240302465375783,0.17315938712092507,0.13959670394753687,0.04409812320517068,0.129089799728883,0.09120641107854947
0.12614590891712935,0.125656335249778,0.04802188456030459,0.10670503651421169,0.176310039820975,0.09457625656772238,0.054143016266775444,0.14201551843622337,0.12642600366688025
0.09463006130462383,0.06575199000191466,0.09016506482507373,0.09256959514823736,0.09109706012913099,0.13898003797111583,0.23459144224224704,0.10279112709856926,0.08942362127908726
0.12158381378635795,0.0835159936409217,0.15904848981380743,0.10198216073680012,0.13367204505902422,0.09962825108090985,0.04454694796230232,0.15215128784742238,0.1038710100724541
0.10958094772581517,0.11557541845513576,0.05277723397900624,0.09857897331027587,0.11246072605272413,0.11905746857705439,0.13172722914793822,0.11389808959670561,0.14634391315534462
0.1517064860497848,0.09609028031658647,0.07871102772132142,0.16114378619029168,0.1195780117911952,0.058524563685388886,0.03715978659980342,0.1338608822884537,0.16322517535717443
0.08644177181248182,0.12149492204397976,0.06924110174339622,0.09874690843996238,0.10381421283195512,0.07240650083893446,0.23500331661735166,0.09092449521198809,0.12192677045995053
0.0940468994778642,0.11032942924434101,0.04378626484703405,0.12486346475261494,0.08832030295365519,0.10449528438376336,0.24920831024335177,0.09137982364705723,0.09357022045031828
0.10249779929231286,0.15032639907930487,0.04553823719300452,0.11370742868876062,0.11007233518831383,0.2200047204566409,0.03830915268147728,0.10392916159806447,0.1156147658221206
0.08906032966698475,0.12403206888455169,0.034234851553013854,0.09442781491934664,0.08878255063645575,0.05450807317586077,0.3325160095222179,0.08717155418797484,0.09526674745359387
0.08177295101343282,0.12636189295270006,0.28357337149286654,0.07923742905232567,0.1018146630083034,0.05091450826496069,0.08791144823798143,0.10059781352983772,0.08781592244759166
0.1278091169204315,0.08900363830515601,0.09871073671811692,0.11497573477946153,0.09673695528568638,0.10351845499680039,0.0829767081461091,0.1321826158208574,0.15408603902738072
0.09241792007948542,0.11027530238873717,0.018617811671001447,0.1192756162839082,0.1252881236000307,0.1254934961413133,0.19853893210269402,0.1042178916730977,0.10587490605973204
0.08212450229591606,0.17485618430940278,0.02159278937033535,0.0807402690045343,0.09060163157064309,0.10771419653109161,0.27677068503985686,0.0877398966519532,0.07785984522626682
0.10008959906569696,0.13310225475525636,0.1108717198068702,0.11911667227034899,0.09540018063531631,0.0884192222816809,0.1167524999041698,0.11125203316066579,0.12499581811999472
0.12102763259079669,0.11545207183413464,0.10796585054626068,0.11039693616825852,0.13940673807578244,0.10134396246907718,0.031738631619135156,0.14289531814812992,0.12977285854842474
0.10130308706188668,0.18374963720008267,0.05388264618746591,0.10167041871365534,0.09768217523097449,0.07505727573033395,0.14129880628120464,0.11550189791565003,0.12985405567874628
0.10619406788495456,0.11710144377001004,0.028480147142502354,0.10171006457478743,0.09907859926028299,0.1918875588831592,0.11484980003458002,0.10404601361069175,0.13665230483903176
0.06477388796160506,0.050423564860687865,0.4891875507483115,0.07738938905133484,0.07769193745826568,0.04348676933086703,0.05255547843129924,0.06826404498538212,0.07622737717224667
0.11194269584259901,0.1010412684833192,0.057117490099797254,0.11659412411366277,0.09419596479797439,0.10787910295913754,0.20387653732073138,0.0992774538015796,0.1080753625811988
0.08184394919143267,0.11678435436805985,0.0117831464821938,0.09018354385316053,0.1247833336117562,0.21906991005464982,0.18085058084352212,0.0910876443940093,0.08361353720121557
0.07950851792283582,0.12643619751277482,0.0443017151126975,0.11374847324106309,0.09699871020730579,0.10120188134660689,0.2516126768574671,0.08684421400166953,0.09934761379757938
0.12972415865962325,0.12385440659007475,0.03482130360280111,0.1371512813963243,0.12951204419862103,0.14210621936185644,0.03945979910826925,0.12607940838383414,0.13729137869859565
0.08969459426328359,0.14218809346305958,0.06252229454797788,0.09616879523240869,0.08620225805998268,0.1279763162140755,0.18564732072848533,0.09832792275903618,0.11127240473169053
0.0938955112896579,0.14089125832228466,0.01041805834450283,0.11776031262461617,0.10403375640078162,0.10590276462446468,0.22390768691774357,0.09771290853648447,0.10547774293946398
0.0808163182389559,0.09252691531953765,0.3631482167962146,0.10257430121844668,0.08738080482625177,0.029932608419807234,0.06521217416975149,0.08925870601697626,0.08914995499405835
0.09010594739259525,0.07389264741750722,0.05570244990084544,0.12074780727616242,0.08954441389386808,0.07779912712494619,0.2878832004385749,0.09138367622380332,0.11294073033169705
0.08193132713459336,0.12322665418411606,0.016732181849956382,0.07893340406336337,0.14134234085144964,0.2708847069308349,0.1067177427887442,0.08527977583738082,0.09495186635956127
0.11785617935726933,0.06637336053583333,0.034441596573214155,0.13479659532782282,0.10044969083079654,0.11030790235327083,0.1643306933406444,0.12827751876214416,0.1431664629190045
0.11080208806977844,0.11441286974817017,0.06768044321553103,0.12987599818021986,0.10758262230549827,0.09995193087912897,0.1706724909801853,0.11208409528388623,0.08693746133760173
0.08620081241417381,0.1020362557692693,0.030310957362954388,0.10201615878631294,0.10018052940658999,0.12570527074640792,0.2729865133863341,0.08227038955610204,0.09829311257185556
0.10832661574226594,0.0704009366762899,0.05775506640540651,0.10678400034341613,0.10518279032315503,0.04757200711370082,0.26148463430613833,0.11802853509184737,0.12446541399777995
0.0835513321672564,0.059496379341887395,0.40281408119978196,0.08687374532216414,0.07291357217426386,0.06999211705272379,0.059869080856187466,0.07465384886176572,0.08983584302396934
0.1079928008180467,0.12973052192746945,0.10858866865492767,0.10915263856358996,0.11020693519298892,0.049192707046965545,0.17662385940440103,0.11297054245905834,0.09554132593255238
0.0846818592354703,0.08375971524829195,0.04744213252369678,0.10375109144389681,0.0907623315188875,0.08101289942190354,0.3342396287298553,0.0904113518393711,0.08393899003862669
0.09506188803383847,0.14730558735025048,0.15959680802898626,0.11941343335656267,0.13091389091886843,0.10381646371424626,0.036520141274943387,0.11125582700080383,0.0961159603215002
0.1353323154741464,0.07817580663160086,0.0774892891004121,0.1297752364842483,0.10006770635759514,0.17274591066579972,0.02908990228691652,0.11962470979772283,0.15769912320155813
0.07276792383200535,0.09879578889975194,0.021142281850470623,0.10620816903260029,0.08893174927826492,0.05743231027467982,0.3771695893829535,0.07419189886245504,0.10336028858681844
0.0964928076911649,0.1307896599809325,0.05834881223015163,0.10844851974381321,0.1656364785703946,0.1140705711270217,0.11839743388937451,0.10251509110725306,0.10530062565989388
0.10839447697735462,0.13948713485341757,0.029462671957390857,0.1355489692074434,0.13722679161386375,0.07940482710144192,0.13623655872957988,0.12541414427868905,0.10882442528081893
0.0869680177806158,0.1176232057389434,0.1962618709774142,0.10766463677394959,0.08689323508679521,0.1392591863566719,0.04472134438387385,0.10861162761254634,0.11199687528918971
0.10860261379397777,0.21065153008398982,0.011225617536395754,0.10117734549073827,0.11243074111107053,0.16220673391923476,0.06696960104372489,0.13014933744498144,0.09658647957588669
0.06728496694116147,0.06471230579072265,0.45164872336815226,0.07726762406167893,0.06799021919316917,0.10696880842018554,0.022303826328403897,0.06434822065330849,0.07747530524321768
0.15151683531798432,0.05852232010736089,0.03277175324416891,0.1278243422388515,0.13562568856163193,0.08346407241110987,0.10003721467158945,0.16578992234478587,0.14444785110251726
0.0964813343334363,0.12564516870409084,0.027985677556000555,0.10295603376769095,0.0975896323560113,0.21706740003780614,0.14061177656307916,0.08711804818093988,0.10454492850094498
0.11772739148524247,0.12994318832589083,0.03409208694290231,0.10846563722169882,0.10424693449363427,0.1772033562390579,0.08977117499200254,0.1312159479562536,0.10733428234331721
0.0894625432085766,0.1138447098982109,0.05086286925093982,0.1265331500032266,0.12917102807109926,0.048533532565408044,0.24171272266609023,0.1059000392810739,0.09397940505537457
0.12301604808749189,0.12601630903501196,0.015320195881069386,0.10107138665907293,0.16234778193462676,0.2357767871755114,0.027932014183687567,0.11337313927640087,0.09514633776712715
0.0784338632135555,0.10451217972415043,0.05509962455636735,0.097755418506743,0.12835236533405842,0.062005353674262347,0.2778359518673608,0.08842862443214393,0.10757661869135815
0.09591463673768418,0.16344032503441766,0.18967747611117589,0.11079995340452738,0.09653745869115092,0.0739434791336878,0.05912738300056399,0.10151585304688689,0.1090434348399053
0.09557016689031426,0.09042069971464278,0.04297666736955059,0.10408363770733242,0.09986760716884806,0.08681873035597946,0.2671430789667679,0.10054220198667381,0.11257720983989054
0.09173331947091985,0.09316021529427305,0.024104302124855165,0.09822516606031655,0.10311111294923832,0.09667235537078767,0.2997251318612235,0.0831938616934016,0.11007453517498429
0.12403315317644105,0.1360990858645541,0.07295895221153305,0.11844723102377373,0.13060375296977558,0.0682499412069748,0.08855387233303856,0.11718080289121913,0.14387320832269
0.15392581744727565,0.095220470333154,0.0457022876090405,0.08958412088350913,0.15522961678105945,0.09219489826126247,0.08852234907216128,0.1319332763893008,0.14768716322323666
0.09986544399717755,0.22189178230818385,0.11499467557039661,0.1243709660863165,0.09631946383562202,0.06255423175267258,0.08207137083106919,0.0945529673346636,0.1033790982838982
0.10433985040259852,0.11021604784951052,0.0770371162265427,0.09498448556406121,0.11168037934255341,0.15090192716877163,0.1286431771421948,0.1182926084575276,0.10390440784623951
0.1251762067352202,0.09494034224898147,0.07021393055633705,0.10911140416023955,0.20041986919636232,0.1242518530685293,0.04771529829366222,0.11918647762039729,0.10898461812027053
0.1333332017791225,0.0667269081671846,0.058491762391310965,0.10462548597191489,0.13865256497163303,0.181926586852471,0.05333335081791853,0.1196823168460206,0.1432278222024239
0.0735158791531113,0.06205446009270745,0.46834693647213305,0.07531630002241409,0.061978373007032135,0.03209991868790643,0.0738517115900358,0.08201021954650982,0.07082620142814992
0.06579537236261751,0.048068837500117347,0.5132486948570835,0.06977665036580881,0.08420053132750728,0.033494365811326206,0.026729881431339447,0.0729843482724618,0.08570131807173816
0.09053266158862723,0.07601532011642648,0.07737780605739693,0.09303149140715007,0.11418429289004217,0.11730375056459337,0.2165023922649615,0.10385056590230184,0.11120171920850037
0.1118622601750826,0.10486745031872169,0.058663968550391195,0.1279410276674393,0.10179990279928108,0.14619538178079863,0.062269294250474255,0.13238611413776744,0.15401460032004388
0.08227146867782788,0.11709791342156563,0.032822333413668255,0.11385788345539756,0.08742786099611666,0.11021127003203768,0.27218773675568975,0.09242394638883884,0.09169958685885782
0.0928754722661771,0.10841246956072038,0.022424409129995018,0.11694982095535254,0.09840087199167484,0.13791455289420965,0.24930265970113355,0.08830813791139053,0.08541160558934636
0.07873109811330044,0.13195378033633756,0.02202962024633316,0.08826915806644486,0.10479288553874726,0.04990857698472598,0.3443455356223761,0.08237856634563884,0.09759077874609579
0.10572156243554702,0.1629973034787654,0.026508115490913364,0.10928151283195253,0.1258755819413414,0.1708578301887892,0.11796737611408463,0.09761639233018744,0.08317432518841901
0.09074104703812857,0.07459518966732033,0.21404766386806515,0.11475162508301141,0.08900385849512756,0.07156338794528587,0.10979329977928914,0.12609497118981197,0.10940895693396004
0.08242072529184309,0.12233453952237411,0.08160926044015744,0.07454035682077821,0.10057273257977385,0.07115792304289584,0.28772857021668835,0.08490939354135997,0.09472649854412908
0.06484148655270396,0.08786948038180276,0.4533084414369848,0.07418558333867636,0.07364998805051624,0.02393065927866535,0.07170499101118132,0.07980920118495027,0.0707001687645189
0.10640286148507468,0.06994298339602488,0.07924760970478892,0.11955433581189769,0.10188360828031605,0.11532068358943288,0.15123210257598435,0.11992676773126233,0.13648904742521825
0.08844415616840669,0.14418724458747187,0.02609740165377546,0.08216821107284474,0.09427652167355664,0.21627869147316495,0.16447093221405062,0.08936688479197197,0.09470995636475706
