0.11779639372105156,0.060196271919522294,0.15915044963832012,0.10474738382041449,0.0901303272255849,0.13229272017277358,0.16792337556760695,0.07555885829600796,0.09220421963871821
0.10967550376124661,0.07626207161529093,0.09548949439864697,0.14841965523547304,0.16292479080351224,0.18911643528065758,0.06765017220431872,0.06193003567359386,0.08853184102725996
0.07736103099827217,0.2324191877504228,0.150603446610007,0.09970755073592615,0.1357673656388206,0.0445501256828651,0.08840954929856361,0.11058241838114558,0.06059932490397696
0.11066288516741823,0.06267767316096513,0.021086735789095506,0.14401708337078015,0.1179838040940125,0.29988516734325726,0.05486000892423596,0.11957625902882256,0.06925038312141268
0.13937489066346867,0.12960857992059527,0.03079175258033064,0.1397110840673351,0.12741574191846092,0.19820218634405604,0.10864259806403065,0.06372082315309403,0.06253234328862872
0.15609819509726214,0.17277700370350488,0.04320473054147103,0.11127889702377192,0.1455452822783282,0.07436044086573328,0.16868682341733435,0.09268974235064871,0.03535888472194548
0.11270552836610577,0.10795377486948453,0.06641932508465613,0.1366162222397718,0.12018853020148938,0.053524099291097964,0.09379451946154171,0.18394529278827373,0.12485270769757888
0.1253136367545866,0.07502607099619195,0.1349553915152696,0.09767592264232106,0.1000338515620241,0.027598920237868554,0.10722993202526244,0.18192073309430926,0.15024554117216637
0.09527108754254865,0.09931664820123726,0.03562892344078993,0.1336813037518108,0.11927817236930398,0.09517854001187594,0.22192294019501682,0.07870857087141041,0.12101381361600627
0.11322342383319721,0.05797538923875322,0.02631079407231292,0.1370841443042856,0.11829935009694705,0.2982804030740273,0.15184242748153617,0.06273014075960884,0.034253927139331605
0.1294468692276986,0.20538093516096453,0.07543873419403652,0.11440291064530356,0.09562139331267744,0.09358314341468832,0.05308852233592041,0.043714509882823806,0.18932298182588678
0.07713772634592363,0.17268695158294553,0.06938456123027646,0.11927144489320185,0.10506998678622669,0.08331499417300499,0.1232474757258263,0.11055484376044682,0.13933201550214758
0.1963363383539636,0.2042478885297113,0.1457007011109311,0.10516142919956566,0.10537566536429048,0.07578177653464513,0.07751400690848204,0.0722125441839339,0.017669649814476905
0.11773233996987853,0.03121587711676783,0.1378711283873907,0.08637759241324842,0.10625534483861332,0.1260093022634502,0.17832062541629456,0.09679063823994632,0.11942715135441007
0.0959087753147853,0.07843764911158657,0.12593554562132434,0.08609540689610627,0.09064836286292483,0.16923528833942358,0.07887101776866454,0.08501822014373288,0.18984973394145177
0.15461489094138076,0.07423243318690768,0.04178727939763882,0.09133913418399832,0.09474739621830043,0.13986304120392076,0.11071437230720942,0.10088139040681658,0.1918200621538273
0.1298205247244123,0.040903031268365475,0.03971647528723669,0.1098015762069558,0.09192938748495356,0.1977244458030789,0.07479184437465518,0.14639622120570286,0.16891649364463912
0.17178085763462367,0.2043443924157574,0.06606932727016647,0.1110151318792703,0.1297865167887181,0.08070945576195014,0.07845921358527196,0.09331814451349985,0.06451696015074217
0.10936270829646322,0.28401592036708045,0.1174544901810784,0.10882968824042727,0.11002282690173426,0.053232449855327026,0.06016979108950216,0.10156368411012812,0.0553484409582591
0.12247126087419057,0.06918688214978162,0.16156477885033996,0.16921254390175608,0.11938380038185109,0.05717009570968798,0.07539831031364191,0.09921204974948078,0.12640027806927004
0.09890079775104643,0.04800918181023702,0.054374674506551535,0.12104946179984051,0.10619277342556739,0.22993901851070617,0.18958491434612468,0.05729522751496504,0.0946539503349612
0.09347044353636064,0.02248497978790002,0.1682344597436123,0.07120231672697692,0.08124168631212292,0.3685507906845289,0.06787296598553626,0.07951444514786697,0.047427912075095086
0.1059626730701329,0.18238517967877363,0.10097405296931065,0.0954020671036131,0.08332660229456446,0.02859595124729061,0.07771877015806346,0.23803451554720992,0.0876001879310413
0.11077158696117946,0.08451464074733712,0.11851359170209601,0.0994597603275037,0.11424178472158202,0.23209446278318935,0.08519000398680421,0.08750633725721546,0.06770783151309266
0.15135594876122638,0.042863789740517966,0.024111708325948385,0.18718437327873583,0.12364875008744776,0.21224786628363831,0.09368020047961068,0.07868415311666155,0.08622320992621313
0.08741959461146176,0.31829506357218684,0.020209862881530708,0.0913021613271874,0.10720556929487092,0.10996666761831748,0.09074443146111973,0.061921919094406926,0.11293473013891829
0.13774914731470436,0.09126362962637839,0.024337431901486045,0.09526967806807736,0.11715779564691975,0.21906332024228115,0.16652847120860337,0.04266886600376011,0.10596165998778946
0.09997501694295746,0.05207396131673264,0.22921498217040984,0.06276727323477051,0.0904588315659217,0.2349494419451831,0.0763297577101623,0.12093547352642463,0.033295261587437834
0.19142305391371262,0.033004527608661696,0.05367793967706028,0.11263937315294054,0.11377091919712039,0.10833744426298632,0.08119887805329855,0.11379856981505392,0.19214929431916564
0.09857469673796722,0.06014071754236302,0.029039600505302066,0.10405270706444204,0.09737798640912597,0.37711719593443166,0.1489444652567471,0.057456675661927525,0.027295954887693447
0.12169568892268796,0.16332003195604167,0.1704942220240784,0.1008376723042268,0.1010644845052218,0.05074120935792303,0.16834697474645358,0.0915112426553895,0.03198847352797729
0.15197701825543444,0.059435966569551614,0.05270611684262171,0.1864572200420406,0.09937456045115788,0.041205244977917034,0.10971826224339039,0.2136941976467552,0.08543141297113109
0.09802600129685361,0.03621230093300995,0.030815982160528093,0.09843097110165151,0.09674237670809661,0.39053521413363473,0.10997258610479428,0.10360847424052615,0.03565609332090499
0.06904242048842613,0.17728694995592723,0.1282352106318384,0.07654027942326604,0.08456605896595874,0.01228129928612684,0.0872782077879636,0.09711420788108453,0.2676553655794085
0.05681392408650076,0.03674779145479401,0.22958242292416267,0.057209625985363645,0.08914895171845805,0.3171642566231944,0.054627277813650295,0.05110004854902178,0.10760570084485431
0.10162772815547146,0.14891925772292844,0.027840185619000483,0.1266978308114947,0.09622475264231974,0.2678824789429668,0.0937195406279513,0.09353793204343298,0.04355029343443408
0.09941175382768873,0.05452263747459265,0.030889733299633487,0.07683496150323423,0.11392702128620395,0.425601864791735,0.0910511850345667,0.04867902462336602,0.05908181815897925
0.09516949503212613,0.07122299005004969,0.04152123565666823,0.17635706502488424,0.13239861296073954,0.2657562571392874,0.08626844185361648,0.048909005633986535,0.08239689664864178
0.09884596545678366,0.02557639148329137,0.07692547048861437,0.1297076415156787,0.10476448448778734,0.2598157478623722,0.06707644907345958,0.05536453288988738,0.1819233167421254
0.08907351769414155,0.38877837137603083,0.0639970346721714,0.0764303833053661,0.10128549961051202,0.014565876922685744,0.14541300036103683,0.07537914220067791,0.04507717385737772
0.09373989679977045,0.16588397897125487,0.2433381092172435,0.08527931563593165,0.10870433620024345,0.03782720818633859,0.04753217732824886,0.12097911287082534,0.0967158647901432
0.08549357010653702,0.13105318733220397,0.2867662862201062,0.12680893523467562,0.11193051111303502,0.010280427475476769,0.0872321984255723,0.05324568534843971,0.10718919874395334
0.07138177677041174,0.04191156350059902,0.1241160274619633,0.10621879471014924,0.08613527812012656,0.03866864829042472,0.07685740183287287,0.20859033663443238,0.24612017267902023
0.1308853598028098,0.0519909607633988,0.07684752900905227,0.10682942581985642,0.11330088341651667,0.2710605026491409,0.09725505211529613,0.0585330946768029,0.09329719174712614
0.09368982588701173,0.13101093426402152,0.06407771375330905,0.10476023674123332,0.10662439540141655,0.2975729085453512,0.11687957056497168,0.051651807551493185,0.03373260729119181
0.1069261222383373,0.04671255040306127,0.16188088470246673,0.09649018046210794,0.10507235903820866,0.12331018028382117,0.06717752711937368,0.14879681089329946,0.1436333848593239
0.126618668995571,0.14528736958779773,0.06468001594692212,0.0958414950597002,0.13718711534401948,0.07697490476291934,0.09643482449201758,0.15793486206618565,0.09904074374486684
0.10681353080583082,0.04346544487978473,0.13308729968670582,0.08661258939335359,0.124349121123191,0.16416513143856012,0.08517186145534701,0.17280817908481563,0.08352684213241131
0.07107664847755195,0.2194117385084391,0.1323592839034546,0.10544958010468845,0.1204970629845441,0.09498286080773066,0.12301867127003475,0.08286748473800432,0.05033666920555204
0.17417595558495924,0.03674415129774661,0.057066004161508616,0.12439384842695618,0.10343576062121469,0.2332242567824807,0.1313646087723179,0.10080564311983704,0.038789771232979046
0.11844103217653829,0.11257738665955176,0.06261329987721631,0.108405123724013,0.16114381840411143,0.1910873952074302,0.12854978550631269,0.06937461300049946,0.04780754544432686
0.091905734985953,0.040075797718128005,0.032967916078654826,0.15646519827615543,0.12103159062214126,0.15403988963009163,0.16456098391713211,0.08323609971528156,0.15571678905646227
0.11397761566596526,0.14667211182548193,0.02854668768883209,0.1084803558595968,0.1133302981225464,0.1348285231066969,0.06243581168558585,0.1746623649574995,0.11706623108779522
0.18213276339482323,0.0334385105027012,0.08706439075790261,0.14764373009940276,0.10416274327946222,0.04332631499602146,0.0679363212486281,0.10579921765449272,0.2284960080665657
0.11860802993500778,0.1331071827902524,0.1293074993762884,0.10608598358034987,0.12935488607096807,0.07371372891891863,0.1657930032188607,0.09591368449052601,0.04811600161882811
0.07338604679712019,0.20858659518314318,0.07671411755341202,0.09277652692652383,0.09686558220066795,0.015727215863000306,0.039782923057861797,0.19047042771630238,0.20569056470196834
0.0719656200888364,0.15075195226053242,0.04285549882105982,0.1260886313137804,0.12800387208468758,0.03479886475039797,0.18355237882371392,0.07811965962897637,0.18386352222801508
0.1296487765551451,0.06432644273150927,0.16841781530150965,0.08251142004895921,0.11804961292600291,0.06742910082134516,0.13497589666765544,0.10458592758573866,0.13005500736213468
0.15470472464753865,0.09812830913480954,0.1659522575650248,0.2035996770645918,0.10297858527296626,0.08315694605833725,0.06195361630653954,0.0776389109043873,0.0518869730458049
0.11605228453157224,0.04631532330874588,0.07999881138406506,0.07419391728630854,0.09846140061021541,0.2579095433130058,0.14481703593996953,0.03502829214700253,0.14722339147911503
0.052711815412190166,0.16145001978236415,0.09008727078637348,0.06898601456395902,0.07253340409600156,0.021467773376595455,0.061675937033157525,0.09417698452802936,0.37691078042132925
0.0788217850549157,0.12400449497021791,0.11686190413486867,0.0950893187070656,0.10264250991691293,0.20004173591167515,0.15649720720934776,0.08246744077878691,0.04357360331620943
0.09507933750446433,0.18955005759308377,0.11759275222336447,0.12216698637500294,0.10089500714907847,0.05833355950194772,0.07006506603558454,0.16506459825752656,0.08125263535994721
0.13836323177451104,0.03502874305709008,0.08509122106462298,0.11187578844154707,0.1169578242125026,0.20398454465217516,0.11408509250915184,0.05999210158768109,0.1346214527007182
0.08000804578736294,0.0944683007279291,0.037470005173156885,0.12976958856935622,0.12770157126856807,0.293896489463846,0.14302362087548998,0.07076892747133696,0.02289345066295395
0.08875152160823174,0.12717008144391465,0.036920422002731164,0.1116822421226562,0.12929087342401877,0.16759767889300245,0.19289323683392082,0.058541196112676275,0.0871527475588479
0.07046718829784472,0.09219476216381088,0.07551101848131447,0.20461718697430234,0.09678754403571999,0.048979836085312624,0.13759028093918552,0.09457703746298278,0.17927514555952676
0.09466657313202258,0.17015885359805558,0.19321838144373515,0.14086049557656838,0.10203357043574202,0.052184659405670325,0.115154343529225,0.06511115810156677,0.06661196477741423
0.0988821613413186,0.24405014389366964,0.09891950862618577,0.08491474363342495,0.09219699223876188,0.10224220788185807,0.07924277241464145,0.1490241606257333,0.05052730934440645
0.1214479073728552,0.18758713828182685,0.07404684047195233,0.09328556057032705,0.1182454580204022,0.0489316903090127,0.20792459745287598,0.09018362992855321,0.05834717759219449
0.10373024471089598,0.0750972044276562,0.030743969441108476,0.11442673366473395,0.09116329639316201,0.11703771785672816,0.06714586489145881,0.08149206055191699,0.3191629080623394
0.1750423287234053,0.08765037963596671,0.10761049806835073,0.12200351579198622,0.12362017843267858,0.1348265099259834,0.09474657469675019,0.11025677982006317,0.044243234904815694
0.12419591634141817,0.12349000448651352,0.08544151836872489,0.1580950185445447,0.09287620883700143,0.17500097838438888,0.09927297460949543,0.09780921693241913,0.043818163495493785
0.0666595189856783,0.07620802711521267,0.046100986316441356,0.1023020222770552,0.10942375623411411,0.38056122496018996,0.09190569650498791,0.08585839455073785,0.04098037305558265
0.1167241570854458,0.10090297132703847,0.0967637321271801,0.13976402396499818,0.12891054923552303,0.024615421820100954,0.1374329235815527,0.12262839133947871,0.13225782951868204
0.13982689419248537,0.08001281999999739,0.017436135087521603,0.0899456538537426,0.13033906742252266,0.2570715055348811,0.18128465156238313,0.05483996445408757,0.04924330789237866
0.08694852097603693,0.07682507217553802,0.12173050190496441,0.10952632515670586,0.09916053676235025,0.1923575238524109,0.05647391350959876,0.14946416706078827,0.10751343860160667
0.09029864499231838,0.08037034070208154,0.02262467723970375,0.10632531366587568,0.09703549773208248,0.4206264229069696,0.08029803593701672,0.06706022997414682,0.035360836849805004
0.12824405145153517,0.13270188265978858,0.0363434095224055,0.17628335338332476,0.13184726645361788,0.09558743746350756,0.20163414464341659,0.042658915547213405,0.054699538875190606
0.0984765276847046,0.1285799499316296,0.0709451989657483,0.18803105251609842,0.14380027022642192,0.09946708723277649,0.0571893461179536,0.061932361998617735,0.1515782053260494
0.11592955941217231,0.14050227034755494,0.11991933319774727,0.14726377759586792,0.10223029189559042,0.10123115276840651,0.09522239246031285,0.0744941203707017,0.103207101951646
0.054146453890870104,0.0652787748626777,0.05163547221984252,0.119450534568952,0.09014869134396038,0.4478910985264477,0.1023787102267429,0.04476137190755255,0.02430889245295412
0.1358332752381115,0.08471612032435956,0.04985184907462942,0.1385806942839745,0.1259809958916763,0.11218324436864724,0.14932708865667216,0.1064989612820158,0.09702777087991359
0.06696084778401018,0.29467357515485487,0.03595448674285067,0.07979658696101188,0.0912769126554685,0.0795188987555281,0.1922197976656644,0.07624163912300536,0.08335725515760599
0.0822677099844364,0.2467280497641302,0.0709244924720823,0.10010135221527834,0.10800764714912353,0.1629702550068479,0.1417891799745438,0.04432480447281403,0.04288650896074354
0.10863241170864602,0.15230420110841822,0.05530713115612538,0.09476054352451398,0.11795406723946207,0.02649596376082214,0.1167661564994964,0.1474067923492847,0.18037273265323103
0.08792279946020125,0.03741495575475753,0.08047020402335754,0.09008354580807644,0.11968088549561362,0.33507023746651243,0.0980260157761913,0.09176997882024034,0.059561377395049554
0.1401280650747014,0.15357051098891708,0.09982227696996937,0.11133694501793683,0.1283652148886695,0.04985756352760756,0.11515215194694757,0.11230912032497435,0.08945815126027623
0.0883038267174095,0.10609100162413414,0.14378665533886376,0.10292470930843035,0.10947285263036832,0.07697201501238408,0.18484850283890955,0.11271520964540711,0.07488522688409315
0.12754603994947367,0.12456779895508115,0.02399874510391906,0.10294750428340023,0.12150125516332048,0.24364086476543498,0.13738010959284505,0.09968167034652682,0.018736011839998564
0.09160242885492087,0.15369060252152442,0.24743284777849361,0.12095753997424352,0.07656699113405252,0.02791904729745362,0.09614784401018323,0.049346839104868284,0.13633585932425996
0.07491092541714423,0.03908682871235638,0.0524966345874365,0.07111204203535476,0.09887788855753714,0.444545182843771,0.09399500004822452,0.07708129075172032,0.047894207046455216
0.1594821125353519,0.28255491773417446,0.08020772570499546,0.1091361262712424,0.09640774781022564,0.02770915715127707,0.08722764488090602,0.10441819947229573,0.052856368439531266
0.12490761886032564,0.08499427113857189,0.04753495054761864,0.14864624870882662,0.11841733701746344,0.2601174113943662,0.11037220287997727,0.0657114312727809,0.0392985281800695
0.06668361935200597,0.06459177653781267,0.05710700413469772,0.20569215586544123,0.12687405332091983,0.10986415727995742,0.09399250267194452,0.1971502484603064,0.0780444823769142
0.10774208404297614,0.06578262940402102,0.09664019282296112,0.11515986876590241,0.12611522174364675,0.19484244360575195,0.1401227309078977,0.08016544120857194,0.07342938749827094
0.09179771938252218,0.06128702926588351,0.07586679842032361,0.0741787089932932,0.12402014608826804,0.32617148149397596,0.11768766667470686,0.05670657458676719,0.07228387509425947
0.19003029410938266,0.0792469021083293,0.06518220637148792,0.13154862136370818,0.1010341524506241,0.09162455203468607,0.19935319984878505,0.09782698552501991,0.04415308618797675
0.18982285368512222,0.11532140160801213,0.021631880355760066,0.1571693725461288,0.11311275100056621,0.07797150988256747,0.13396568190288172,0.10588309671992625,0.08512145229903507
0.17137469573706735,0.21114675180584186,0.0836782748868311,0.09114238449856389,0.10759469303212792,0.022105283666583223,0.1217791995743428,0.06290210916617996,0.12827660763246188
0.06292494922170506,0.13752769135059895,0.018266189602816858,0.0877648317112044,0.10778504653696008,0.22156167318032424,0.1319916063998229,0.16473753302452376,0.06744047897204376
0.09342294837060873,0.039593936776918255,0.05218196807331543,0.0999816233305867,0.10366778339190691,0.39693960240587844,0.08716530984697267,0.09363468315726416,0.033412144646548673
0.0809431534646629,0.033039271705042714,0.14099962271801678,0.09080784542547256,0.08547801981532277,0.22183870345080278,0.1138946032098626,0.22151674965101717,0.011482030559799739
0.08327693163096235,0.12211539686543342,0.04644800399114607,0.07781967796493029,0.12771796504990238,0.16147260086771156,0.17870499365547743,0.09767769011159733,0.10476673986283923
0.10021204065534957,0.31803201460075886,0.04440007010451402,0.1078305976735867,0.09706347638180139,0.05108095845853449,0.18176161142353045,0.06688555684457886,0.03273367385734565
0.08035571243746008,0.04218138291671991,0.04017858929371446,0.11748367463070668,0.10479442555768594,0.29668501254430973,0.0610493103296067,0.08797511966529502,0.16929677262450146
0.11053263500367272,0.23779776791957682,0.18061171505576368,0.07348603052387975,0.1056757397989519,0.03254053536300172,0.1326388184923851,0.06619521918496224,0.06052153865780615
0.12301522768212235,0.06082176209991696,0.06615175422947159,0.12881489824597575,0.15398167641130672,0.1279904628132956,0.2356092959170084,0.07184322173164603,0.031771700869256514
0.09138173799622733,0.029419733619523034,0.14548962097721094,0.14009029973872222,0.08075902854647922,0.32239478263371146,0.03237246350738788,0.09233174937836956,0.06576058360236839
0.10266993808562037,0.05004521674126256,0.03684833075976969,0.12972222920968587,0.12563646598776593,0.2149235041013758,0.17059544991234377,0.11516950553395368,0.05438935966822228
0.11270552836610577,0.10795377486948453,0.06641932508465613,0.1366162222397718,0.12018853020148938,0.053524099291097964,0.09379451946154171,0.18394529278827373,0.12485270769757888
0.06330184841890685,0.2829142809131255,0.21482207373754772,0.14632671019315832,0.1001331229375632,0.043853002787726914,0.025988252117854757,0.07547008161431083,0.047190627279805795
0.08304307706064114,0.06798105803913655,0.10216515557172985,0.14292408120090794,0.11701111366240254,0.24469086890597777,0.1037550513260163,0.09573729723059633,0.04269229700259164
0.11931061585574503,0.11337271313321433,0.05307819491545109,0.13184330498950048,0.13092089911461,0.17049514273019364,0.1580570907923594,0.06108320819625925,0.06183883027266668
0.0970134001670611,0.18748174044618235,0.06777434453040206,0.08681953379229863,0.09908743754132687,0.03697774749912824,0.24180649320283984,0.06119379919883431,0.12184550362192663
0.16001167044100487,0.10726786261065845,0.035700376060027496,0.10524137500172288,0.10317720033630627,0.11086219248125163,0.21623828362881667,0.08707067760897419,0.07443036183123751
0.0839443798373923,0.06016425759491741,0.03947066871623096,0.0805826166350808,0.0882374763123281,0.11920923990550382,0.0433212365934422,0.1858838378733637,0.29918628653174073
0.11593933730827499,0.11019200029329361,0.08325400243535681,0.1126385218840697,0.12150785737650165,0.19933390379868224,0.1312572107762824,0.09891626132391111,0.02696090480362759
0.06398480869692008,0.29554955171474456,0.1841920587896587,0.07510643376635755,0.0927201489528448,0.02479773140744448,0.057337326621068,0.12445347447487376,0.08185846557608814
0.08782200303925893,0.029645626460402075,0.033340205505775974,0.07574463011843606,0.10031373757697858,0.4307491060737482,0.12536452441571114,0.0743090246617812,0.042711142147907895
0.14506067981317752,0.08739338248864258,0.11315981853442923,0.09314636074184372,0.09782287568122632,0.10463061834267111,0.07618227971513526,0.1773226384295802,0.105281346253294
0.13489603270046055,0.186303515602909,0.07822004747365058,0.14632966685950152,0.11146451273427109,0.07115113757577313,0.13216701301623088,0.08449203305703386,0.05497604098016939
0.14444386931600905,0.10865483417759543,0.02212582209329213,0.1336252915942321,0.10177723651976424,0.04467629750043025,0.18156659425717678,0.1951355954016154,0.06799445913988471
0.14632367641235192,0.0890645867006258,0.16109823361883016,0.15297304432527847,0.11306445718267304,0.1056952555647911,0.10952721607955684,0.07712651376529331,0.0451270163505993
0.07043117074226136,0.017579979066642035,0.0669438038398192,0.10144225982164946,0.07456473752403629,0.41138769496266797,0.05109721413203435,0.15066626725968724,0.055886872651202124
0.11887595469147327,0.12361916493716045,0.18694712682261086,0.0902438175405253,0.1186146567342022,0.11903198460958507,0.10032686410468328,0.08830929313245961,0.05403113742729992
0.09953196677022384,0.16678226435610874,0.031009257817353263,0.1086435651408008,0.14694225919764756,0.14455243309518062,0.1785922668017441,0.0697239757983296,0.05422201102261156
0.11730693712742092,0.11881564449723174,0.11368578549860665,0.11406164438280651,0.13121350863759962,0.12278379208016421,0.14634810679675325,0.0624830705446307,0.07330151043478628
0.10224007826991284,0.11019149949749507,0.1889215309685068,0.07949844089557746,0.07913577210402611,0.027952450310258975,0.0360842515829853,0.1579761265332995,0.21799984983793785
0.07313399022291972,0.04365917516031235,0.12404110467251515,0.13655485399685,0.11663966557520777,0.2941008605469282,0.041468448258198135,0.0736236894485926,0.0967782121184761
0.07041121981630549,0.0699229363846849,0.053343108831544604,0.09986534167599205,0.1134865019598274,0.3381145342524063,0.13780513209018028,0.08063166135198371,0.03641956363707533
0.13112816359833915,0.19013800951950718,0.18425599984247568,0.14067375987949035,0.07770552760997702,0.055459790301079316,0.01637591684852663,0.15034705737490728,0.0539157750256973
0.05232168140018582,0.14753175735925528,0.18470063361872055,0.06397296630713872,0.060930488027059755,0.0200438398134415,0.04308327097983122,0.18190591572749024,0.24550944676687703
0.0544925695424692,0.15543575571167748,0.3528106331037506,0.06526493317778236,0.0929297391479219,0.057706264448924495,0.04908205622716327,0.07846190466782683,0.09381614397248378
0.15306351239346208,0.10730328312988656,0.03723355068041384,0.15704892060089348,0.13015690746939856,0.07084375940571587,0.09499730229500891,0.19164052379441884,0.05771224023080194
0.12790509154230087,0.06821968256415843,0.09267209172531969,0.1492090869244346,0.1374396985257875,0.09909494371087584,0.13258877261176424,0.09203399569132954,0.10083663670402924
0.09592273423009252,0.08266351908141482,0.16815359223623894,0.08813514165858082,0.11120182730998406,0.04263945557074065,0.11412197045275592,0.15038166870023506,0.14678009075995713
0.13823865525273385,0.1413392836364786,0.0643726237086389,0.1430575168907419,0.1218301445488673,0.05271746856674649,0.11233095038407369,0.12373919184873887,0.10237416516298041
0.10203334052753914,0.10845173551557374,0.0249695361073158,0.10414276722612363,0.1214874886892494,0.022324373130321318,0.26635275710543643,0.164619194737589,0.08561880696085167
0.1680822335323814,0.0979893562468017,0.03318757440110656,0.16438900996612474,0.13482824331631052,0.12180520478908947,0.10273465786895057,0.10504252473762636,0.07194119514160872
0.0840917356084492,0.04490878840672922,0.06558640805148756,0.09870746277135077,0.11769008217986604,0.2224920311857114,0.16456020531778978,0.03561616043232071,0.1663471260462954
0.15364098599927536,0.03230662267815094,0.16145856823251725,0.12038974722105038,0.09413131962110492,0.20715226532007192,0.04254079390275725,0.08576465945137,0.10261503757370209
0.10760539718530603,0.0955836117418764,0.0335471019576122,0.15060613827448713,0.12493034285262385,0.17189121851310518,0.13712392232907467,0.1367903117423074,0.04192195540360714
0.19195726947986302,0.04889461493928995,0.02517533987688172,0.16819333485967547,0.12022255281738166,0.14069654642158436,0.0851952022001952,0.0834350223296042,0.13623011707552446
0.0875910237776365,0.18148163880984813,0.25500552662570247,0.12986631869085116,0.09913135327715923,0.03403081393543166,0.07666300316269425,0.08180956973207522,0.05442075198860141
0.14538693457968613,0.06978139453260686,0.04216840707542393,0.11583935091855073,0.12363281890525914,0.1436514128591665,0.09613849163927668,0.19029805625443055,0.07310313323559949
0.14780569375485617,0.12334269518608221,0.06640962865941397,0.14416795839113303,0.13785614868931972,0.08495662048888507,0.08811425649672705,0.09410030205446844,0.11324669627911432
0.10349611027822121,0.12326478066557622,0.06593713807314176,0.13162105516168457,0.10844099494122421,0.05895545233595336,0.22585163971373637,0.14069841701077565,0.041734411819686644
0.14504601494514693,0.11785695896195109,0.02986345479696947,0.1391837213431011,0.11939094635731097,0.034294029564221666,0.28058570914088116,0.09805994500448033,0.035719219885937355
0.08861656336764344,0.0787365341461151,0.06582440990692594,0.09841136118026804,0.12973040091974017,0.11141807644789532,0.22615511110967834,0.07396772794380485,0.12713981497792884
0.13777447912193977,0.09721572492086611,0.16102455999304896,0.12104293353216093,0.12342749836678424,0.08383855187982443,0.08975330884056636,0.10967153645746286,0.07625140688734634
0.09668340694523547,0.22269389255963032,0.10553887984090699,0.1566931297623738,0.10416112816078617,0.044163152982749476,0.13601715407098539,0.0516261909289626,0.08242306474836976
0.20986060909400497,0.04380041120582597,0.08106913179452561,0.14042790293553706,0.10620468505053553,0.10786724225514736,0.07081286078856848,0.14929685927541334,0.09066029760044175
0.10373024471089598,0.0750972044276562,0.030743969441108476,0.11442673366473395,0.09116329639316201,0.11703771785672816,0.06714586489145881,0.08149206055191699,0.3191629080623394
0.15505964283933518,0.10277688332316583,0.025235296530367,0.13549026268482114,0.1313109750444922,0.22664740233094516,0.09586150129712993,0.06575018247761129,0.06186785347213214
0.10819423985180028,0.05706853052753408,0.0584396988925199,0.10506208912820665,0.09237035256574316,0.2450983948017129,0.05233161552939356,0.07504698292085064,0.20638809578223882
0.12366309179315282,0.12937298224628332,0.0703487874461256,0.1215088255568235,0.11982532493094634,0.14112771386987571,0.16350248599735465,0.0812229325187351,0.04942785564070289
0.07366814456176374,0.044322680934806354,0.07444125956554376,0.07751061125507584,0.1036421559445934,0.3384992717667106,0.11058636190456532,0.1139830798174637,0.06334643424947728
0.07078968303163333,0.2219893764674017,0.18560392008427504,0.17171666535100863,0.10437850568589029,0.0515097532235739,0.0343640994512207,0.052343155047656464,0.10730484165734001
0.09056312503039303,0.1537563256623736,0.041645207411582306,0.12870710195241433,0.11448453689375722,0.10323287613703229,0.15221525514821121,0.11146484570982228,0.10393072605441374
0.0690300339732146,0.28218723293154574,0.026730206844197506,0.11375274128928324,0.0881272566971187,0.23268428190543813,0.10844577423423396,0.0406753298581119,0.03836714226685627
0.11838550123580822,0.15602296060320694,0.09933490378434395,0.10661923687996,0.12878063216756833,0.11621202599934351,0.14321287533595692,0.10142858292869017,0.030003281065121873
0.14144717770530962,0.0720764840478635,0.08295579318103961,0.10632518688658536,0.10571142033778021,0.19150953903943835,0.09214904332588343,0.15497757236568824,0.052847783110411696
0.11441478245055874,0.01680575257418538,0.2106881686254272,0.06825030542583381,0.09111615021056473,0.303833803756339,0.04304741966217716,0.09424510081929283,0.05759851647562122
0.11975303531774721,0.053374386449065975,0.025549281607786443,0.11339594379372282,0.10944845760668083,0.2595746246919075,0.09650492768618424,0.07743825363594593,0.14496108921095896
0.10278751516459055,0.12978522318820918,0.040429084405987054,0.20936144600657522,0.14122428418934566,0.1334448131275431,0.10146300865752327,0.0887836480502641,0.0527209772099618
0.10313439236027411,0.33462617272896295,0.08169790736354013,0.08495312968743786,0.11082972782089325,0.11509974126964902,0.06959158832864058,0.07558188181911442,0.024485458621487582
0.1628004637285191,0.041889254570076556,0.06453751897240545,0.08802908071287356,0.10280196352756248,0.2305615519979123,0.19365566090331288,0.09262814162121595,0.023096363966121695
0.11846531510146546,0.15979856297917883,0.03112426681828938,0.09515700495470081,0.11265360325521621,0.036261299714681366,0.2643130376506286,0.08460302266325943,0.09762388686258006
0.16517626702332003,0.051716695089293045,0.10577584697988662,0.08149022027319021,0.12831644164661188,0.18290832779477495,0.12145263568729975,0.07717574819689928,0.08598781730872425
0.07363210483004538,0.09008868725857115,0.09997958155319697,0.1205654809583792,0.11763285711478932,0.2140693520432916,0.1705646137959312,0.05817101323385543,0.05529630921193976
0.09573447897652687,0.1234179969441176,0.1668189768497115,0.15479161161252336,0.12661617049225762,0.03169297784393157,0.13751978582087612,0.10622971242100622,0.05717828903904912
0.09999678254195443,0.13052034884297745,0.0853726694159465,0.1168127832619991,0.07784778543903227,0.032160141849121755,0.1437387136940483,0.13089578482777925,0.18265499012714106
0.08574121769063127,0.15241625960964783,0.0820951231423696,0.14152711285820704,0.09592417866869252,0.033476243742400914,0.07468667833929435,0.06094413039694022,0.2731890555518162
0.12428889994514393,0.06115709635305102,0.04185198089580736,0.0966688009493256,0.1174535113662386,0.17155675642478818,0.272911712402014,0.060692471782856756,0.053418769880774486
0.12354073943621013,0.11445842027956162,0.0585121731619199,0.08873195599342378,0.1546297821097188,0.15951207422445915,0.1314211208919602,0.07663553900919147,0.09255819489355495
0.16495504668004038,0.09186532616864292,0.07564017779568934,0.14775781084220005,0.11693177451417902,0.05545894392694987,0.09807457879563687,0.1363882644835617,0.11292807679309978
0.13848311125819854,0.15916638203727682,0.0326333076391465,0.09439385260726463,0.14744198489173563,0.13189005786148847,0.12759894330828694,0.08522503557577034,0.08316732482083218
0.21079364141307844,0.06591355258912712,0.045047192605203394,0.13892018315826027,0.1430956425230303,0.17325791695375314,0.12998134731480168,0.06870184832511263,0.024288675117633062
0.07881336443029663,0.18384917047498753,0.11976514691087418,0.06890284890649952,0.07146457827343543,0.047292386386865094,0.06819605037089412,0.08839806921204674,0.27331838503410083
0.06606129146315165,0.08283027775912327,0.13313339405246488,0.11158567171481253,0.12534154199731676,0.11371511567524867,0.20951254402089434,0.05750491831297514,0.10031524500401268
0.1319605334863813,0.13823450308088067,0.05654960532464156,0.11892866831864408,0.13378356062784358,0.16528276691658425,0.125808538843856,0.09447551380079074,0.03497630960037787
0.11001547918754716,0.2692408188851471,0.10165621433659296,0.09030705364051166,0.1285804651937258,0.022804377384878848,0.06040889569827715,0.09606697937408004,0.12091971629923932
0.08791264048054194,0.06634641058611064,0.28862907444967867,0.06576758850519326,0.08811006451856108,0.03607967388249807,0.12527948799409985,0.12764210392733252,0.11423295565598394
0.1287961019237741,0.028668832897916382,0.09514744027644251,0.08285694971090986,0.1050986260021317,0.2997036465055461,0.062141003680492295,0.11019617640142837,0.08739122260135868
0.0567095095655909,0.2717593523797915,0.0929019131348564,0.07975474671003845,0.1087227016891581,0.04626578115276799,0.21705167972098863,0.03251860378281041,0.09431571186399762
0.12241386084749617,0.17507537471200532,0.014902305424268071,0.12176275597848751,0.125751592781327,0.13568749149914364,0.10464590240663983,0.0489527658847689,0.15080795046586346
0.07373370682847791,0.02900495123093916,0.07960235561424245,0.12035884440401812,0.08570097155882954,0.28573053172225477,0.13465529148888097,0.13184143691986464,0.05937191023249248
0.08388699547974725,0.22899348493412164,0.04244792540147994,0.14031180202080137,0.15134677049237635,0.11138703535904715,0.16394634045471732,0.055639590997392414,0.022040054860316544
0.09947992095464758,0.057143140771253625,0.0413223457985055,0.14451949830564137,0.10428374634319408,0.31221755557898434,0.11528530228346613,0.07659174459183103,0.04915674537247641
0.09231630640548445,0.08881927178945247,0.0416884194043616,0.06769140191455313,0.076467040135741,0.06380661330635519,0.11038240732769816,0.17804790171489238,0.28078063800146164
0.07958572061593205,0.27774071401478556,0.0917994350914401,0.12248502429426665,0.11748486339223439,0.060286238142535385,0.07698716543017202,0.06272055099648925,0.1109102880221446
0.1009238596921952,0.04049478652764326,0.030128834304020427,0.07782814601089295,0.10571726046352503,0.441672161319743,0.10671713753867888,0.040476185231641905,0.056041628911659314
0.20519386667576298,0.05798424310214176,0.025109845805804568,0.09043381195735183,0.09036188365801721,0.24836092878053082,0.09361386012858243,0.08597125992917047,0.10297029996263796
0.09374279424131103,0.022450590242928736,0.06542342406539602,0.0986750874553191,0.1002226723568681,0.28105843827460836,0.17404682044581743,0.05420252558338675,0.11017764733436451
0.07353922793981732,0.053235108386816075,0.059696027651015844,0.09362307699587363,0.10569490163189275,0.28044004927480254,0.11081485252552127,0.13958617523774372,0.08337058035651673
0.11077770310082184,0.032829775216271895,0.018578836566946675,0.1013159294314624,0.08455525788305258,0.2863761300380858,0.1231186559298722,0.042568730842003855,0.1998789809914827
0.09857469673796722,0.06014071754236302,0.029039600505302066,0.10405270706444204,0.09737798640912597,0.37711719593443166,0.1489444652567471,0.057456675661927525,0.027295954887693447
0.10587107379815848,0.04594946369057684,0.12919610700872022,0.08015514489278035,0.14021024585838016,0.05238519630225696,0.16444545439127062,0.13973102976840393,0.1420562842894525
0.07004966103289102,0.03909054508631967,0.13221575689078416,0.14719746943695522,0.11460924704576513,0.28058058695736227,0.07571557604132817,0.11209112991716615,0.02845002759142826
0.07284645835761065,0.146995033747496,0.07571196727524437,0.08252537474266804,0.09117823990010769,0.20214336387189072,0.15202445338713896,0.14983256821253108,0.026742540505312485
0.19046258674244024,0.08205677828652001,0.07249370517023977,0.10893940033431587,0.11682016785485116,0.10296617625941074,0.11733049314493878,0.07679581241166396,0.13213487979561947
0.11289705226823094,0.10389022826463369,0.09502950623115393,0.12461537334854338,0.12674570702640955,0.07265050573731015,0.1719308240846733,0.10485008148117149,0.0873907215578736
0.1472385636663925,0.03912614804323285,0.024367231816426027,0.10824479737827009,0.09814883601646118,0.361377364265608,0.04044022694093157,0.06403702217093117,0.11701980970174648
0.07165880304634849,0.15815939019991743,0.07368411457977798,0.0981126360312068,0.09906623597222623,0.2726927921848677,0.13591285109444187,0.038680194756432466,0.05203298213478105
0.10706720830921891,0.031449507157157365,0.11551581244725578,0.13351117688205819,0.1158398180326576,0.15154650389368782,0.16498978819928428,0.12220241124835056,0.05787777383032949
0.15214595596056482,0.166041042516253,0.06266620004116791,0.1402765244736709,0.11884437813468156,0.05783322119313574,0.12366233464613824,0.11049661310677222,0.0680337299276156
0.14199118168462369,0.10080814284178002,0.021406356203555132,0.15755431070370027,0.12509030983076172,0.10079694477164358,0.2295129219973928,0.052227966075796294,0.07061186589074653
0.13042292979428208,0.1113318870835981,0.04156807372083964,0.19079656922023072,0.1139263795855225,0.1799671088068362,0.10916030885772143,0.06851534397271773,0.054311398958251544
0.14618119888799774,0.14045681833902068,0.03298563469063089,0.1715756386785091,0.10677625021586724,0.07554904119953997,0.16756957905053857,0.12528761720507586,0.03361822173281997
0.07612105864150692,0.19328336648857544,0.22833322763663214,0.08286050252653297,0.09280836171325445,0.06855118657248578,0.0679421379876995,0.0921925093800738,0.09790764905323897
0.11920894999673949,0.08572337367470077,0.03707831079520207,0.0950876242710348,0.13002016850144082,0.09208402824399044,0.1335770448676721,0.13153769202598453,0.17568280762323493
0.12417807558667615,0.042184055108680896,0.13231945808645423,0.08207061628427396,0.11776532834397106,0.17061768530227764,0.2077238009710177,0.07299805935651447,0.05014292096013384
0.0689572311783219,0.14016725499577384,0.13867123990941196,0.09666522592983445,0.13432962531024942,0.13165385802555427,0.13578435648828338,0.09862838252760515,0.05514282563496562
0.08668179745189157,0.05111711272389424,0.06797009196573126,0.12612361113136258,0.10123672528315443,0.1754791266485531,0.16019838601857128,0.12309383453570451,0.10809931424113704
0.05140382059492025,0.08058193940238986,0.16664126398567172,0.1684172152241422,0.12401404670650286,0.08887090015154664,0.18621730172134854,0.10766908740983915,0.026184424803638792
0.10239937416110363,0.1571890101577431,0.08899455740202784,0.1188445959242828,0.1242735205732795,0.013351482689012503,0.09437810097954717,0.1619863713178852,0.1385829867951183
0.08323781506945989,0.06683838260443976,0.2766711849304824,0.10771728182954883,0.08890250163083056,0.017068118410612957,0.2012058603713257,0.08042087559444612,0.07793797955885373
0.1408507118893673,0.14003859384306075,0.026768214424922734,0.15023817393168123,0.11757853982985639,0.05402986052580092,0.16044942458329017,0.18337576870813752,0.026670712263883026
0.07957780157322446,0.051961932967858476,0.02933430642996043,0.13601149637669047,0.09634372524434896,0.32045351952948803,0.1517786834843924,0.079224178168199,0.05531435622583783
0.13681290421643474,0.03521633175540318,0.059323148532812,0.14233257627230064,0.115627390600218,0.10274561014088723,0.1711892439784315,0.10762703633044281,0.1291257581730699
0.20519386667576298,0.05798424310214176,0.025109845805804568,0.09043381195735183,0.09036188365801721,0.24836092878053082,0.09361386012858243,0.08597125992917047,0.10297029996263796
