0.17593482437438182,0.10559685868845524,0.08158422600166128,0.11688075984403845,0.10477576990081132,0.1418066987627736,0.09438614852270849,0.10688026610205208,0.0721544478031177
0.12357196278157462,0.09426402803770785,0.08424049576251058,0.1495929790146963,0.10727411489105461,0.06843191421799251,0.16194728744360967,0.10443273755489334,0.1062444802959605
0.11858632992621178,0.10481001702537114,0.1289173633905245,0.1270509962129371,0.10072753697166499,0.14755189933620913,0.10133895640763642,0.1083296383549915,0.06268726237445352
0.14562839892565774,0.11616671690815017,0.12283543671991144,0.11419739819380186,0.09995704108626657,0.07794859928717275,0.12709245391399956,0.10792498171067183,0.08824897325436813
0.07261605379738252,0.09839877421594745,0.10970601416914867,0.09684464493065448,0.08466270436536012,0.22219618185362175,0.11337596443446919,0.08373060584278476,0.11846905639063095
0.13294735331305654,0.08753081714303446,0.09565839207918254,0.1232694209061103,0.10453267341996329,0.04379862495117795,0.1599479149116681,0.1252593125102027,0.12705549076560418
0.04671743599021333,0.11125189448727973,0.09966628069313306,0.10716417781343583,0.10783951336974866,0.1886519902821876,0.14323860932296945,0.12123167181986122,0.0742384262211711
0.21300143679693953,0.08476701607053373,0.17860298752114234,0.08526052174675973,0.09251840138188956,0.03566017227780688,0.15661434959838433,0.1089154317025234,0.04465968290402043
0.10041927207083956,0.1140304405798351,0.08722894840328582,0.12266015000693013,0.10132650704727379,0.08750465045543647,0.16130642154561955,0.0994382101449338,0.12608539974584576
0.0783907810339693,0.12267598389997796,0.09586086814694955,0.1466217747540893,0.12338690417650382,0.06835033051670379,0.13084093032595315,0.11621564203249979,0.11765678511335342
0.06774969750039421,0.09968797738241775,0.13479452226315822,0.08895738012234493,0.09049008641231392,0.15749957771762366,0.12508251036994583,0.10213698245160867,0.13360126578019288
0.140931166288523,0.1029594705989282,0.09328752706424644,0.11834871853866165,0.10957718174214909,0.06852336660314169,0.18536754566975763,0.13087886812801156,0.05012615536658079
0.06088911917352648,0.11596121710404929,0.09131165204634889,0.11562503093233717,0.12200381280457533,0.10489246393239249,0.12418762962524908,0.104168276378105,0.16096079800341637
0.17171360237390512,0.1022339023822756,0.1089683014434105,0.092168763272842,0.11295842348692298,0.12944043604035907,0.08727592087401859,0.11467281476040248,0.08056783536586369
0.12495714558169445,0.11481588203366605,0.08571248359334947,0.10449876020688476,0.10175807345398635,0.0515838630399617,0.20374845577682274,0.12266147290577716,0.0902638634078573
0.04857683841764455,0.1453582104027646,0.0585567302796113,0.08411779487877986,0.10404554821655704,0.23457299619780833,0.09207940007403176,0.11424844187877925,0.11844403965402327
0.0635518166120254,0.08059004409468808,0.13930650853085622,0.12266093706226794,0.08434217876237647,0.2119715016667306,0.0749335245146578,0.09383682670275335,0.12880666205364416
0.09475616810374694,0.10379804260396569,0.14738040022721954,0.10312623833311681,0.09371669466136605,0.06775433155616804,0.18070968908806773,0.11512885089128584,0.09362958453506336
0.09174071730083995,0.09920281105235518,0.14869716330637828,0.12142956126181094,0.10858293535359631,0.07134991802162112,0.19096381752562142,0.10842581135017942,0.059607264827597345
0.09281927964177929,0.11718767600781903,0.14097568503169924,0.10628292472450324,0.10218491273187123,0.13266242078912793,0.1113789513054887,0.10098822729045603,0.09551992247725523
0.09911060749915844,0.10720252451200214,0.14478142648416947,0.09632512992502303,0.09937426353042951,0.149326840528109,0.09739380522585434,0.09301740326926485,0.11346799902598925
0.08119233739308786,0.11418711734372282,0.07749308392503515,0.0828259558295728,0.1018593809850374,0.19572899134301922,0.06606920892057128,0.10414343698954359,0.1765004872704098
0.06731656477019159,0.1090801449678583,0.1544897692359329,0.1166201529682428,0.1203839763408736,0.08916481626124807,0.1611525106921998,0.10736712839440558,0.07442493636904735
0.13692002093532477,0.11113340011451008,0.11169371518223138,0.13956836619808968,0.105038133149162,0.07384984785997971,0.1309370296209465,0.11781076267748099,0.07304872426227492
0.04973651932598492,0.15160752819814363,0.10148046666888492,0.0717809724063848,0.08930290007869073,0.10288099175488741,0.13030426199409387,0.08453181367462603,0.21837454589830366
0.08398320753878946,0.12289123732043301,0.09142692483903869,0.0734925775482106,0.10901206815180459,0.17491083776815028,0.10323640386803812,0.11952294411968704,0.12152379884584823
0.2995813872379148,0.08469688575451857,0.08446874812942766,0.1437596116822345,0.09366941057476215,0.029940057468436313,0.09440805229555131,0.10869929367373861,0.06077655318341612
0.06402328269065342,0.11237437099247809,0.13775876793709474,0.1236982397591745,0.10007131181007416,0.11416330816689912,0.1628524476784078,0.1014119254988128,0.08364634546640533
0.19900235440079472,0.088543843485829,0.06961094993182439,0.17573915154712927,0.12396968476227828,0.04899961753963442,0.14127895592617037,0.11844804441495027,0.03440739799138931
0.04268973511877177,0.12171097151667964,0.08340373464775275,0.07064038317200573,0.08242970041277527,0.1581012102669623,0.11554555626875418,0.07794241518699283,0.2475362934093055
0.04826166840378502,0.1091151339745036,0.08022517820280718,0.10912571694933686,0.14242859068872538,0.06709907522714281,0.1054615333218031,0.11861105513862757,0.21967204809326848
0.028811311545610455,0.0798545124727001,0.12406127107497773,0.09015880473508266,0.08526332349076536,0.19260679565576677,0.12067781023699742,0.09808595261517129,0.18048021817292814
0.05221328660195155,0.12020740222700865,0.07606369551124577,0.1380494046957762,0.10162999380920164,0.11715115775979541,0.11816997562007121,0.10274870928449387,0.17376637449045573
0.09914885424709362,0.09073125137845629,0.19531485762061318,0.14225841919423288,0.09511304307445427,0.08111605955790889,0.11011129592140527,0.10635767501446615,0.0798485439913695
0.08195433094492072,0.1144912728135548,0.09260860340816608,0.12379195022038943,0.11474269797966015,0.12186736864232917,0.17042946126949252,0.10231268560735134,0.07780162911413573
0.12263488666726703,0.09276890305187598,0.16433853365428094,0.11233440138786537,0.09278847827369284,0.13773682892905437,0.10585378286216059,0.10366271825337416,0.06788146692042862
0.10973572117584252,0.07594357552465135,0.16161298972158286,0.11341327057685609,0.09482788006899863,0.06475211051108527,0.18016668257868865,0.12093590046172852,0.07861186938056612
0.17093413707931826,0.09437141501278445,0.16412276235876413,0.10074443886011229,0.09650496001553444,0.05041120493377423,0.09801161390013115,0.10588790289970722,0.11901156493987382
0.06670505727827539,0.11635839336390079,0.14359224166248494,0.11868674995314121,0.12765716370759186,0.03409445937591355,0.14377873577712383,0.13331695164412646,0.115810247237442
0.13702194695736147,0.13329852956766278,0.06986688077777843,0.12154555654660093,0.10498386090298158,0.07010958978506027,0.11792225010233838,0.10505857728097445,0.1401928080792417
0.07124060091047497,0.11139672478960781,0.11825636118230658,0.06046339150366672,0.10980878852601002,0.04392688826211772,0.2651424591598599,0.11084756039330367,0.10891722527265273
0.06973758171462653,0.09631908929393714,0.14751056380049737,0.06520260811717375,0.11213574913768033,0.18416689324845348,0.07770204089739641,0.11232800076653267,0.13489747302370234
0.09979177231114893,0.10906200508568271,0.10433866182695499,0.11459593865902111,0.10704985632515922,0.0931192560568796,0.12599586318085107,0.10199726855981789,0.14404937799448447
0.07240428710315008,0.1337274456043989,0.0912322238212438,0.12004359127359925,0.1220079263779209,0.0484352747718629,0.12844212998714186,0.11636241400484672,0.16734470705583562
0.07265920266985372,0.0972438147665471,0.18351348542975865,0.09416759093807292,0.09678827575706772,0.1757281521000785,0.08673217929590978,0.09283383314569914,0.10033346589701246
0.14052538405269507,0.10224405788543788,0.07939059505951988,0.15442724431425525,0.11677247405280268,0.08687806921045597,0.10299136854514117,0.11531812546913145,0.10145268141056059
0.235633945904462,0.10686795104398429,0.14118916489760738,0.11274511987885165,0.09119924785688742,0.06052201257579911,0.08185142783822423,0.11075735310482564,0.05923377689935835
0.16646312805219698,0.11280575840731245,0.11968649807468425,0.12211394722989972,0.09371753668229933,0.0848372700878991,0.1043337836215798,0.09285768375638592,0.10318439408774237
0.07983424624447584,0.12363275795214929,0.07763260494039544,0.12022752376240958,0.12033571772297653,0.04187278966784719,0.21591953008714992,0.09593553857355769,0.12460929104903852
0.2043769244387207,0.09006811202403127,0.1649012807290617,0.13458768557404402,0.09515734730934065,0.06750246484649092,0.10616855944820314,0.09699996513018933,0.040237660499918323
0.1421740166230934,0.11034732389454893,0.12533244326490656,0.09044181016903026,0.10497285142712749,0.0762446123625415,0.11197199660956876,0.1231244031150744,0.11539054253410869
0.12379745336089017,0.11594445604160246,0.08149910713499407,0.12237380324952278,0.1116186537342872,0.1055392853193321,0.15835150893915614,0.12670136689872513,0.05417436532148995
0.03210828432863956,0.11476625594981939,0.04942590189247372,0.07015684127588301,0.07097255042068805,0.31417978927236045,0.07978048450293612,0.0907939027271481,0.17781598963005166
0.033449201416999,0.0838519341426562,0.07040776130112866,0.09032603512329644,0.07719083074172217,0.23159090113583666,0.11779906951721852,0.09572958821282458,0.19965467840831783
0.10364115055504025,0.08657711506417443,0.09757242725254944,0.10270229763034366,0.08296521787944394,0.1988260119834385,0.12749299580573,0.11485310775819617,0.08536967607108366
0.11812996542409786,0.1224187233939588,0.12103786651568348,0.11909689071033429,0.12285148592402943,0.08930163999244765,0.10167935973134672,0.13515775058580443,0.07032631772229737
0.11003564811571953,0.11211373626433507,0.07753873893751459,0.13262926878604012,0.12285781134320117,0.030447199437833975,0.2402116222971388,0.11477538267085678,0.05939059214736
0.05869619764824122,0.11655507987941727,0.1116450095487041,0.09337477376037406,0.1114039909666487,0.07507686411925187,0.08808499001210207,0.10618192751455591,0.23898116655070487
0.0879553763944887,0.1112098912083422,0.06371414468389962,0.13350846868231772,0.12665120556205042,0.1437723514237127,0.10065143874797045,0.13999647966537884,0.0925406436318394
0.05426613227357493,0.10682172995952256,0.12084512918197841,0.07400499699247508,0.10783142635950622,0.20001226889706827,0.1079551097328643,0.1227381028833962,0.10552510371961399
0.041861724168179876,0.13519390459986627,0.0724791265808848,0.09510859343449518,0.10310945631603084,0.1281258075184194,0.1991881660476252,0.0993745882253384,0.12555863310916004
0.10740395123932545,0.09667384174220262,0.16672171578946696,0.11022048133451755,0.10221917055083297,0.05978582072605829,0.1096071676386441,0.14575307612407853,0.10161477485487354
0.13970907144303737,0.14723814603459837,0.08277196776078861,0.12095569384993195,0.11261690595285627,0.036263801786393574,0.17507438525678579,0.10464946496915702,0.08072056294645112
0.06230994274295712,0.10685547831107323,0.08813555366564368,0.13814184826447026,0.13567242332159843,0.05606517926571588,0.10792205309529689,0.14404624386226186,0.1608512774709826
0.07972761866461957,0.11407510460399538,0.17516281805839762,0.09125535110674603,0.09982854266054834,0.1288653478494007,0.15593828694659384,0.08927004743614159,0.06587688267355686
0.09401316802119204,0.09689125740537317,0.1421028210845288,0.09840635102709433,0.10528071317827341,0.10064781530606798,0.07286984657882589,0.10112959998634367,0.18865842741230074
0.11570480625507544,0.10902198915662165,0.07604895294798919,0.13153686237020243,0.10116980161069779,0.1786007141745122,0.10325146060713825,0.10754045876895323,0.07712495410880983
0.07181627800174793,0.12207771138832003,0.10283355529811118,0.09620365922675028,0.09317776998628001,0.17866205391224832,0.08699619902382016,0.11828319480876903,0.129949578353953
0.1180030360671021,0.08372565616174565,0.13449854490317267,0.08915762815770138,0.07697396042364102,0.23667592669112023,0.08305520089514505,0.08299177603850973,0.09491827066186216
0.05780110772106963,0.11118569092012132,0.08318430135934096,0.13513274160592506,0.11491948086438353,0.09845252007379583,0.10440536743449226,0.11969102407665334,0.175227765944218
0.0603416416822044,0.14957795042132158,0.08151985805562918,0.10572147201473296,0.13234014908514544,0.1548561706879773,0.1308313318101257,0.09899188437075017,0.08581954187211331
0.1183103371655174,0.08679189165148442,0.10024317828704139,0.15251414374725306,0.12049410545687829,0.1170978283251733,0.11047778507222476,0.13060116121163287,0.0634695690827945
0.08252239668320278,0.10376747695753652,0.11904849447249093,0.11774398713544787,0.1083612241043335,0.05152000760090549,0.15342357376825608,0.1111785145128041,0.1524343247650227
0.10170600117411305,0.09527022773843537,0.21089969108088058,0.11682189111108894,0.09143522428651789,0.08901412827175093,0.1267304762497662,0.09959293074005433,0.06852942934739266
0.05787785595957124,0.12244374585628966,0.06140129646688685,0.11519956987634372,0.10907507472087785,0.12096220462963984,0.10035911118664381,0.09659174647835038,0.21608939482539666
0.11228849540011702,0.08972326023441396,0.10542714909517537,0.12023273998887396,0.10085902919144225,0.14588371923996402,0.10037645379289518,0.12102900592776827,0.10418014712934993
0.21214683740647292,0.08885597764570445,0.1772297875731018,0.12173816418993617,0.0981941311072559,0.04981636928400912,0.10002442691996671,0.105868567603283,0.046125738270269945
0.066437381310879,0.13232508346168015,0.10800801870352289,0.12058108017309437,0.12362368266318675,0.11323499268209586,0.11069121752793433,0.11585775594905384,0.10924078752855282
0.04774901731686396,0.1320826635353092,0.11733944951876289,0.12724622661958832,0.11919179354629322,0.0634990431596757,0.17653896975110225,0.11337295444889672,0.10297988210350784
0.1306040312334035,0.10869017065091043,0.1350990517196586,0.11962016783389536,0.10793874071297667,0.07362381338953773,0.10663061546261887,0.11868288566860495,0.09911052332839392
0.09898792281348462,0.10042892793009157,0.13153491468663828,0.10591199852180459,0.09790316771008928,0.10987025662728633,0.12357066872896327,0.12196784049345549,0.10982430248818653
0.09983515986743415,0.11722876274113558,0.13063139567306067,0.10328149442590982,0.08810739926524164,0.1023034113103561,0.11391049640207158,0.10313186646295046,0.14157001385183998
0.08775745617336672,0.08234908552979277,0.10323281029921323,0.12212603607502405,0.0998003088154385,0.17186462975143738,0.1292364126166705,0.10215958083532067,0.1014736799037362
0.07053966341914567,0.09081343532013202,0.07648676136786489,0.100509795658373,0.08500023745159484,0.24133658179371023,0.10337000494508257,0.11140186512345608,0.12054165492064074
0.05936499430454998,0.0885071444161648,0.09159088432173196,0.10121658425307566,0.0933416678778004,0.3064091408287745,0.09481037021353535,0.10257115735663645,0.06218805642773095
0.07670166197593582,0.08763443753780653,0.13524599261992162,0.10425787621937306,0.1025177522186921,0.1896549394627933,0.08420696909814479,0.11114568050023506,0.10863469036709779
0.07500040655856344,0.10723626703039524,0.10501008244377641,0.09286713977977656,0.08845030562938298,0.2297182705392216,0.08639964469659127,0.07096957835580743,0.1443483049664851
0.11638683355172326,0.10112945953657937,0.10185168085509215,0.13309944448055402,0.11942245341865805,0.05360139744065192,0.18508651117377017,0.11311295844582536,0.07630926109714563
0.10942205759890804,0.07434304808418983,0.10712167226599993,0.10086361216023636,0.08994642611105215,0.19491498376171182,0.10697300668872263,0.10852574228768537,0.10788945104149383
0.04108647807584657,0.12065367312504598,0.11775190581664086,0.1086427884337922,0.10104471784189273,0.06199911604497763,0.12682332524376547,0.09448054188708138,0.2275174535309572
0.045649705651552484,0.0903674715935006,0.07717856641372443,0.15439887388632115,0.10809516157785391,0.14421301752994475,0.18341890519547377,0.11134423029819122,0.08533406785343771
0.05988221902267615,0.09733371114218807,0.10538976351962104,0.10440029161265497,0.1160384933509327,0.12252078161394298,0.11769543938512389,0.12525910942331164,0.15148019092954854
0.09607481648478973,0.11486462186995867,0.10525957415813166,0.09289993180852285,0.09942458843351913,0.03511808501409163,0.1803396600325303,0.0933109874588867,0.18270773473956933
0.14732547537177657,0.10720409414965226,0.13753828703622958,0.11281154534253739,0.1086570748263367,0.08118171955076099,0.11912263996511807,0.09867546282135002,0.08748370093623836
0.13713207764164678,0.1053690796960947,0.17351151709367987,0.11137744643351792,0.10507676973064795,0.04371625618742162,0.10168562875448899,0.09247518168871867,0.12965604277378343
0.06879644084088865,0.07974416734711405,0.10178902093461135,0.0903184103567376,0.08493570157065104,0.2568903369450587,0.14886552678535678,0.10994155548001523,0.058718839739566576
0.0903833626327063,0.09776506346507162,0.15367695429050235,0.08247356700158516,0.10137383708053278,0.13546586167040123,0.07780823555545746,0.11106051053845008,0.149992607765293
0.08171111171158087,0.09730762313448116,0.1014267079910639,0.111030125705975,0.08665729347468097,0.1925558460830509,0.1089056628264699,0.08755132553008953,0.13285430354260774
0.07118802506775775,0.10433542700554917,0.14095449401441584,0.10642502108798886,0.09892527663092221,0.06441391957233775,0.11678012017513595,0.0982993014805712,0.19867841496532124
0.094543281946833,0.12276114338880972,0.10539679352335934,0.09108385537824032,0.10582307113456131,0.09975308581797399,0.17187494693551128,0.1077567396883518,0.10100708218635923
0.15063344354771266,0.10297152233535643,0.06714838726985005,0.1448586301510034,0.12810511180545142,0.03106938219919278,0.10506725505231886,0.14546043388770752,0.12468583375140689
0.08621666790366839,0.17291144753472817,0.04743177297802234,0.08020727299077911,0.10346711130448823,0.1226408826176066,0.11167376404659506,0.09925541793217241,0.17619566269193968
0.06997638023472981,0.13349366640225355,0.12399087512033234,0.12224260056563115,0.11759769146646082,0.04046651014248789,0.10653446226294609,0.12868975818867337,0.15700805561648495
0.09958263063886919,0.11194517661132679,0.13392500821960596,0.08573949826419693,0.09596442181946617,0.055224413568788384,0.1935229644452755,0.10824595154235472,0.11584993489011629
0.150162039508897,0.12194164747897553,0.11548516172032891,0.1045042664617118,0.1166069652147711,0.06755805489193682,0.16334397021915967,0.09905579207286976,0.06134210243134943
0.08331772275890932,0.0919424959930429,0.15811680043185508,0.09678966625761785,0.1139695147434091,0.07954436670360167,0.17602588496577876,0.11601705158629456,0.08427649655949065
0.044584116014576354,0.10595648747263986,0.13109471071533377,0.12371343552445735,0.09252960047197985,0.0830148426468672,0.1558456021328355,0.1005914497948731,0.16266975522643706
0.10496750073305855,0.11846314434529041,0.11933144265869235,0.1101636945938575,0.11161562692100724,0.07950205431213425,0.09636815943950554,0.12374519536714017,0.13584318162931402
0.1118157778900955,0.10047719104057422,0.09780230601185264,0.14149706637234472,0.11122566879908169,0.09315773809985999,0.1965120802717818,0.12212367554799713,0.025388495966412277
0.06520328058865964,0.07843509472013645,0.12781609568089602,0.0877395980838027,0.07806318050185362,0.22465849475083474,0.11457822317969697,0.09072450525285804,0.13278152724126185
0.06533688030782948,0.14246910124339243,0.0575636626115709,0.09048332212641759,0.12597910426281633,0.06359069322700915,0.08141822421454367,0.13098170610524287,0.24217730590117756
0.10160063425620779,0.09572332748755141,0.12517438392170097,0.1267719597241834,0.10809853010025361,0.14893490357255382,0.11107623653858378,0.11624169929227395,0.06637832510669121
0.06810875864180677,0.10066882019408356,0.16268070705272888,0.09040016615481365,0.0853294018024115,0.18572026018059204,0.10177565981896715,0.07067150904750036,0.13464471710709605
0.13566171865321183,0.09716312717732221,0.11733364762884269,0.10866845661749264,0.10540514594606563,0.09896116153916495,0.10269991540922259,0.12026162163246269,0.11384520539621479
0.03616024221976866,0.097046944689105,0.08174247348814107,0.10542775566622505,0.11535021999399064,0.1899158807871277,0.12762974702285024,0.11811590333370986,0.1286108327990817
0.18269895316305007,0.09260309462099557,0.14682058477631718,0.10054651095808265,0.08995787745079646,0.14004503127927884,0.0912510176700753,0.10327943771599135,0.05279749236541267
0.0882604937127099,0.10879759213355213,0.0508590596980289,0.10521637531059765,0.10228915840219426,0.23323391903891222,0.11393235443269073,0.11663187579034133,0.08077917148097287
0.06262697491923334,0.11261635041954293,0.11292745957298615,0.15863941163690276,0.1251074414595805,0.10192588720114981,0.13088298917909116,0.11213824246732214,0.0831352431441912
0.11527031603670544,0.07396210817331117,0.14274841916834177,0.09746811531124165,0.08815944207986226,0.1758992547975575,0.14312807208378403,0.08413700209257517,0.07922727025662096
0.11601035569711493,0.13539922162139162,0.04905447871846674,0.15132369598337925,0.101139411244758,0.13162041783777784,0.1210893100870906,0.11559366537167709,0.0787694434383439
0.11640623825985257,0.09831349641209892,0.09500244000519258,0.12027459799442279,0.1032069877122016,0.12479349576406022,0.13023472453588086,0.12286295094763743,0.08890506836865297
0.04723666639592816,0.11196449735498089,0.13427110975574855,0.10107264601071449,0.11999034575296529,0.08087996410555225,0.09294897000502833,0.10183499805906854,0.20980080256001354
0.06933836023719771,0.12575581077704265,0.0908679024721536,0.12558808830289592,0.0962397702512443,0.04471294743179516,0.12812449797852934,0.10000726244271003,0.2193653601064313
0.08320871733057297,0.10529926397891114,0.09050453372860995,0.11403858073407075,0.08497107518749818,0.1319187924282925,0.08645737611558328,0.10965065524067145,0.1939510052557897
0.09555074639563187,0.08853666798027206,0.0998216907244713,0.10160286749671939,0.10415210741715449,0.12597807254805807,0.18601122859768868,0.11137430737648517,0.08697231146351891
0.07262952991529775,0.09717744247818322,0.11464048880571387,0.12314118619163723,0.10467589268835036,0.16700694086957543,0.10930459781754572,0.11047142828770991,0.10095249294598646
0.2147602178357644,0.09677472907937439,0.12654818321039796,0.14180703876622228,0.1017954887217999,0.04253156806714476,0.11434089145575994,0.10398412183660449,0.057457761026931786
0.07791742082948137,0.13248018851888332,0.09644103279493232,0.11168054238514898,0.11288379478935227,0.0746914643688692,0.10570840080463402,0.10904957304991907,0.17914758245877946
0.1511636379440867,0.0968863580463425,0.13195848309180425,0.11485433566859832,0.11298363884081448,0.030530015963577573,0.16418668170947806,0.11763304263837203,0.07980380609692607
0.10589372072910813,0.10390506738925576,0.19323614941918807,0.09360838521220516,0.09298234803419009,0.0596146429917545,0.10874434790224911,0.12072705267774353,0.12128828564430572
0.1441779363167354,0.13059035610319875,0.052439668296850143,0.12619685855085558,0.11400024446172678,0.036316692171153034,0.12094751558917005,0.11881050478878012,0.1565202237215301
0.20780465562599856,0.09908255100045799,0.07181308921083566,0.1707216455492202,0.1121587925458938,0.07285683856997331,0.10243259431498748,0.11307481884860697,0.050055014334026045
0.21773241613762215,0.09036226718810669,0.1280132573679584,0.12123553143616006,0.11194966070851593,0.037108480118331996,0.15934085204921075,0.10658288453082725,0.027674650463266837
0.07717072869176465,0.11545595491488063,0.14637976782131393,0.10761336097332037,0.10178579127051196,0.11575225830575597,0.11521581334051177,0.10639719334765735,0.11422913133428343
0.18403454630013516,0.08691272783282537,0.16946323388443782,0.0921192784414372,0.0872248853557131,0.045940908262462554,0.1507992682675138,0.12169767836148805,0.06180747329398691
0.13895114970260936,0.12476666316405866,0.05354541371597369,0.16173803080974614,0.12090810948942154,0.06994740851113422,0.12065993049396236,0.11563802061179346,0.09384527350130045
0.04790511871650934,0.13824964391066014,0.1721266269476178,0.08066698214471216,0.10779793910803033,0.07174640287868743,0.15791377403124698,0.11391095171870702,0.10968256054382876
0.13234636908098998,0.08461420148738809,0.1559258200498492,0.10674853534886124,0.08671028859928032,0.12487685265886701,0.11635876971836319,0.09541096157173228,0.09700820148466865
0.055116816585852914,0.1077025210561558,0.13097922960965658,0.09060648969480818,0.11430531003361648,0.16831546920300197,0.0990977911676253,0.1010822878519505,0.13279408479733232
