0.008620088860238661,0.2113860500275774,0.08590389923948889,0.16259838721434525,0.09455117828483706,0.13837035076545898,0.06044184723767131,0.14479968425628786,0.09332851411409458
0.11788350395149301,0.07756714806439165,0.07950005843281739,0.08752509440682643,0.24491931104831013,0.11756156225413311,0.07948979949730293,0.1325884273304039,0.06296509501432146
0.02382650103733375,0.09281724775111959,0.17871484317698352,0.12381036255134921,0.052460455990084275,0.1334598755910744,0.20061785408426933,0.14796915784236264,0.04632370197542337
0.10313690087021486,0.12419590020452786,0.09833095014074489,0.24422531339930276,0.06217291818730394,0.1344968006549272,0.03900323770428407,0.1181967572852059,0.0762412215534885
0.009623575942864341,0.0831472057739709,0.19178928419532568,0.11238559139029819,0.13011785131968412,0.11902474478475382,0.0855392493508103,0.12709638061537396,0.14127611662691877
0.265849910121646,0.02808881002160696,0.05165199310863694,0.1289983261260458,0.03365048109243272,0.10870134309902198,0.18455263496982913,0.08916570125419794,0.10934080020658238
0.08504840176096125,0.048979635157547136,0.16075280870910644,0.06356315509439835,0.13716074294861555,0.13308519335465138,0.05805869518238524,0.194311570497411,0.11903979729492369
0.03497579055938832,0.18372374000092354,0.063267042450893,0.07538488627694763,0.0876811630765152,0.12276290710015174,0.20468647103813745,0.15012668308386543,0.07739131641317769
0.07187075187699091,0.08506689945794506,0.12044148207458572,0.26737905943211704,0.06668068178875884,0.09645255421494375,0.10993247994402827,0.09457255279967347,0.08760353841095687
0.15988456565170625,0.10125595590667846,0.10159345213940846,0.05868940076260254,0.11689343058374942,0.161386031321176,0.09089192015825553,0.11389095856283381,0.09551428491358953
0.005871781184639681,0.10960404264734479,0.13357917599688995,0.1322594476346831,0.1553041784342343,0.09239824934988344,0.16869762087204657,0.08660438355458287,0.11568112032569526
0.02357201224774272,0.07818904621068402,0.17747741740818693,0.15911127235414507,0.12343534198380345,0.07882668722398796,0.17611613017279373,0.07891582788117074,0.10435626451748536
0.24996940634065326,0.037085155460577814,0.0571136806155161,0.2151456974694399,0.113140466850093,0.0825695198205051,0.07589649769450553,0.09196315198158433,0.0771164237671249
0.26499150735581556,0.03266673240776005,0.08015209780935763,0.12646587985382995,0.07435192831889402,0.08129247157185342,0.08419945682367296,0.12526921243206424,0.13061071342675215
0.04210029648453987,0.18837529233687902,0.16020032855861577,0.08913562954008046,0.08807020792432657,0.14618632406738089,0.06899930944432488,0.09831756492828014,0.11861504671557245
0.213252484857134,0.07495993654557981,0.18318075263130887,0.10637614577681054,0.06227722168466804,0.10107118635844621,0.02708008098792507,0.11041175744177867,0.12139043371634882
0.20000142167578572,0.09961577122573458,0.12216886185390934,0.20479400741462686,0.032630782348948305,0.13957379014398688,0.035816337142930484,0.10482288291486258,0.06057614527921518
0.02893254635615053,0.1884716026959453,0.05011042340158569,0.039511440904578504,0.1688508054424126,0.08578919908161114,0.21233766070616453,0.09043319805763932,0.13556312335391232
0.2591851457422298,0.06867388055780027,0.06550992408758728,0.10499953977852057,0.03820987636418324,0.079054711876725,0.09085388277877675,0.16766850587590817,0.12584453293826897
0.08273258138210986,0.1172754322855415,0.1322058960365497,0.040642648256627764,0.11934633509820958,0.12538829894114542,0.13090984392827773,0.15875891423781827,0.0927400498337202
0.25399803088098,0.08548180708273279,0.07093591226707535,0.02889877377700587,0.0755610800162494,0.0952932024216248,0.11617908045573101,0.11382391359562279,0.159828199502978
0.03295912650702614,0.1938895928776275,0.09556415520914557,0.08240402915743035,0.2303155881940339,0.10644885474731265,0.05587705333326176,0.13487754529876395,0.0676640546753982
0.014430870497443885,0.11018565095537715,0.06560494323155214,0.2733084870543721,0.13733718190748878,0.0886693266319084,0.07427249072879887,0.11817189347608958,0.11801915551696911
0.07696384768165171,0.12656900934454493,0.15946716401716707,0.08607140640567139,0.103547114679671,0.1677315374511812,0.05615000617554172,0.12588823645828376,0.09761167778628727
0.11017595825410241,0.06712500651212638,0.06295494242765629,0.17525224696775044,0.12868328261512618,0.11007651340563385,0.09954668104728896,0.15077498941776457,0.09541037935255092
0.20131472224680502,0.04521138773018905,0.10627377380093939,0.09217649289834463,0.10490935962495558,0.11852708157466918,0.11231720920830662,0.17983585638122698,0.03943411653456349
0.03628934547501301,0.1083439062002904,0.2116283375317443,0.03913664331661424,0.08680264965901058,0.18654149134777695,0.07565892432909653,0.10292500236892071,0.1526736997715333
0.1940779545085154,0.08532331502326036,0.17100819884636656,0.06310463389244252,0.05138454551253871,0.1286754618668579,0.04215706588914523,0.13203011556693678,0.13223870889393657
0.07137820700337145,0.12456878852717228,0.06830099924682649,0.1336627010856036,0.15087390240288293,0.0843464579011192,0.08085248190392968,0.1186374281523237,0.16737903377677066
0.01778839166094741,0.13549396222159035,0.06873744177179263,0.0774244946086176,0.09756627208799258,0.10522381352422805,0.23996813597083166,0.09643933197363154,0.16135815618036817
0.0517390128980584,0.11228164732163115,0.06461050981446566,0.03311243077530496,0.20838611445089017,0.09848520810402196,0.15697259746463121,0.11181240054966568,0.16260007862133077
0.3729272459064321,0.0451606651830494,0.06640240838686244,0.02017148238139709,0.0845961970233217,0.11106943026098247,0.11659418219144979,0.08696428376899733,0.09611410489750775
0.08860665152775592,0.09650172820444823,0.2217250612808962,0.15936153709017803,0.09412093011735684,0.08876806500329835,0.05110690874742041,0.1340147307629469,0.06579438726569914
0.07726374803570826,0.038966571649110326,0.11712432556393702,0.031159751186585417,0.2271630428894883,0.09106387011542001,0.1244366097846374,0.12961420894045014,0.1632078718346631
0.058857867897586034,0.1493875848293831,0.07626492777150647,0.045616823250289935,0.17123384924892018,0.09237423128237095,0.13997129145953105,0.1257435633049271,0.14054986095548513
0.02551706221192264,0.07357740526893607,0.11065483605982895,0.1639773682268081,0.04508747252342985,0.08910433718390022,0.21848214389224352,0.11962216484443267,0.15397720978849802
0.12222560567118969,0.09470472390810263,0.23150125210124448,0.03143482791001522,0.08631765380027802,0.15665326643306557,0.09482686659033357,0.12169813875858482,0.060637664827185966
0.23545375385239586,0.029728688919268803,0.18880802945072236,0.11941866778329313,0.03679612456884067,0.176335317555015,0.027660070241449747,0.13073709661321775,0.05506225101579663
0.1715246452552217,0.036136920474639435,0.12368494755282555,0.17289890390486928,0.13554171212573343,0.08542677442661957,0.060022397602083666,0.08181595183136371,0.13294774682664362
0.09039060040783371,0.19072706736733167,0.057787425907847724,0.048063271213435364,0.17984895380741928,0.09380876856437442,0.07994682429611626,0.1043694187813674,0.15505766965427417
0.04429323273800253,0.07740070400284497,0.06993829298252423,0.09813300872257581,0.23951466480768377,0.12346669548995427,0.0699769050225005,0.2237183279768252,0.05355816825708868
0.03159511598427328,0.21638564722781287,0.05385587483052661,0.039621753251254645,0.16029982782070618,0.08372196329949216,0.1732781760817587,0.09682904662406165,0.14441259488011393
0.02278893172987857,0.10299946190612058,0.14508916113693993,0.02362196668566664,0.2631462214206564,0.12072741748637232,0.1462339533764304,0.10227343269963035,0.07311945355830486
0.17950818895716278,0.10438918167058753,0.18049794503481456,0.05966933976437908,0.1514747232011701,0.10350561987615338,0.04764880663551332,0.08930703223355851,0.08399916262666084
0.06673098121756049,0.16303546188990128,0.055525138434109694,0.08943972903917745,0.20086897618362698,0.1060293320846978,0.09890919323758536,0.09290792905232347,0.1265532588610175
0.07146402169897263,0.09883564034439422,0.25310093315267984,0.023770649342548647,0.08254724234075997,0.08840205582682115,0.07897493035503823,0.11051681227926473,0.19238771465952054
0.11277945244489052,0.07872603635058632,0.06895352384491638,0.21934300436248502,0.060401235071891525,0.11531437343791849,0.14981854930914243,0.09626006963137719,0.09840375554679211
0.028644641790402225,0.0907087759305754,0.11153503468423949,0.14116467704892185,0.166299561630373,0.08721574758440075,0.06448336308064345,0.12715189179573624,0.1827963064547076
0.12677496348477563,0.06412780447937728,0.05550279043429465,0.05945865091693298,0.18488784384570678,0.15594415036938455,0.13918774028789285,0.12628141359841724,0.0878346425832179
0.04638334493124491,0.12496981208705016,0.07324458357533857,0.20473330804933168,0.0821423087724139,0.12261635530181642,0.11743581205972575,0.11839470157983824,0.11007977364324034
0.14701641109893207,0.04232990527089536,0.07694335419876026,0.1191997936949727,0.050717442445087337,0.11165898777472354,0.18819384099285097,0.19623228930831374,0.06770797521546404
0.11257465200968808,0.0518156677918988,0.18229618944748838,0.157284091638875,0.18819735169443438,0.11348012858242094,0.02527578630220001,0.07683066496899316,0.0922454675640013
0.12600620459301728,0.09308112939607878,0.04631108999197347,0.026140352932742056,0.16975592759298175,0.07698170426743545,0.22381800391257076,0.10976730172297167,0.1281382855902288
0.18356620794484793,0.057289290846537076,0.08185206576026884,0.04151118802647027,0.20069711176205737,0.09797297992778593,0.11345081495310537,0.16622464569048126,0.05743569508844603
0.03664693853157317,0.1321833589540992,0.1462766512614805,0.043725107138906094,0.0914581079717904,0.1342962912892246,0.17565546523373488,0.12491375955871581,0.11484432006047536
0.07828499862738114,0.0776204081834288,0.10428191606623176,0.09144899567243074,0.05974218967742088,0.0906276025590937,0.19253297325548535,0.16296596052513693,0.14249495543339077
0.35976458481698376,0.06925594416208851,0.0973672943546024,0.05267725691178599,0.0915840807396936,0.09240478084948478,0.07449824734325118,0.0920088000096,0.07043901081250965
0.08299280475942397,0.171872485580808,0.07313865009830832,0.10845872424485893,0.11318055022117447,0.12166866427153696,0.12465537937256643,0.10607154538783377,0.09796119606348912
0.17128228358177322,0.06332678148128386,0.11031634352422832,0.1919241124888215,0.05532728810788324,0.1445597130475017,0.05436297322674721,0.15601318588651222,0.052887318655248705
0.11695877407827515,0.13912640451367284,0.1775282952589735,0.03867565130963479,0.07112588837721784,0.09092682153623545,0.11530938919983814,0.11520707758399389,0.1351416981421584
0.042154362290283826,0.1001534983888271,0.0848660116416015,0.07725151402051592,0.1687149902937992,0.14096728337899492,0.07970453289433564,0.15862298885727547,0.14756481823436648
0.018798974135325743,0.07810797857168854,0.10344181277986401,0.16102611938476635,0.21363324929769978,0.1169493948239992,0.0786150270569818,0.10213619948250412,0.12729124446717044
0.01035353127024715,0.09736953384320723,0.12365908023083061,0.0918083169681041,0.10376175432517341,0.10386655285363616,0.27750344983390335,0.09558175185488772,0.09609602882001023
0.05612122296426756,0.16378497404469938,0.09735548501322905,0.1913112560736592,0.05542002005333423,0.11695490939605702,0.09977551027503624,0.10502857826889102,0.11424804391082628
0.27095648515352155,0.10805827303792252,0.057248851424917944,0.11533549528611954,0.07019789707731801,0.10958260503337286,0.08849279864244135,0.09627311116165758,0.08385448318272852
0.11674322810746784,0.07375680391649457,0.1310027949137854,0.22679985649194356,0.05931458097055006,0.10330949513009995,0.053636391952834185,0.11840178390075977,0.11703506461606474
0.0787035035038795,0.12894984393082995,0.04202158026893293,0.01915565076811288,0.18656673478022742,0.09988959789609743,0.23106737383697015,0.12296088393517962,0.09068483107977025
0.3347231044451968,0.11533831930488647,0.07828783221424125,0.012760202864851244,0.09507377136136379,0.11893324739657095,0.04067674743034196,0.107398005165517,0.09680876981703064
0.014385647785480035,0.10193376441841058,0.14407570192632577,0.1662547345507812,0.1841729804742557,0.10046312535267567,0.0851480203539045,0.11391557472679732,0.08965045041136926
0.028111210207729987,0.1560800820945684,0.10787663371092633,0.04705049014838103,0.16495635570378708,0.14131194903864816,0.16839110225617315,0.0866000041043512,0.0996221727354346
0.17109108772669526,0.07336932153392701,0.13911726140194355,0.10474810732063816,0.11154025855015402,0.11640018356641174,0.09168951459238393,0.09715716334917178,0.0948871019586746
0.4642502591527395,0.023439934892161205,0.05469257055626658,0.12344694697024983,0.04077955843236636,0.10585701323761527,0.08731210478455449,0.058339117092320425,0.041882494881726316
0.017213283171427035,0.13913787823503532,0.16531067685486664,0.08923319054972638,0.167897868042579,0.14696128460292157,0.026087177119149138,0.11105689173513789,0.1371017496891571
0.02304441511654237,0.08676446955709287,0.16815488829589298,0.2654578424778084,0.052656617951369604,0.1413495337110866,0.06923444087643182,0.12217214077116433,0.07116565124261098
0.01779713141299124,0.06375104145573444,0.08975304152906012,0.20612383243396679,0.11139930255914575,0.17223489352697263,0.1038328749338626,0.17327205916395425,0.06183582298431226
0.09702664675806905,0.04048415532215022,0.05016834608085096,0.34269978405501994,0.10781432741244086,0.06477106644344417,0.10657360512806106,0.1037003046256606,0.08676176417430322
0.03244389388157871,0.07719588758849688,0.039601378723409915,0.14911837364481592,0.279577567185378,0.11756775403611086,0.10353492585503184,0.13927928793375893,0.06168093115141891
0.06979302124697499,0.14716313329197583,0.13944590590672762,0.04520257137318497,0.10654176520590512,0.17650880406206873,0.06834798092886255,0.12060614828865772,0.1263906696956423
0.05412625954504945,0.04135866993191477,0.08867492018255718,0.32935914512860326,0.09744820669934061,0.14900036388220436,0.029700609208370757,0.15297997792383083,0.057351847498128876
0.06039373815359963,0.15379126480876426,0.10755576702196211,0.023828483228210545,0.15594376181430852,0.11156787097143843,0.10982726854838128,0.1428237566185521,0.13426808883478314
0.12473366361071996,0.11326413130708085,0.08356818030979785,0.016448234385571376,0.09795559652020469,0.15024154414241006,0.1673299313043214,0.13646547442172272,0.10999324399817113
0.03233942539792372,0.08930039930048794,0.12519740591256986,0.1966707426595077,0.08999883799884456,0.11511663503750473,0.09944494059858866,0.13298797105744078,0.11894364203713205
0.32507354811950734,0.061912231185807666,0.05854414328812102,0.0732895387431813,0.0794644238393734,0.11245877205790332,0.09454621655674784,0.0963341848000951,0.09837694140926301
0.18441745524406614,0.07785104628073439,0.08436824357037588,0.08633013329759731,0.07403857466303006,0.1114475868654714,0.14163163084627042,0.0947909709661604,0.145124358266294
0.0700682495617803,0.11279541568659414,0.08942943840470337,0.12260061112166404,0.22705668737075926,0.09476693104874266,0.06757530480401604,0.09303275363757553,0.12267460836416462
0.082756134698929,0.0906269819003398,0.11560546998823928,0.18946861735479517,0.0681103933585074,0.1462843548301808,0.02112093601219393,0.1290010662418333,0.15702604561498132
0.06040692623623051,0.16694929571271308,0.08629811480215195,0.023423809887509195,0.2371417225157069,0.11619116195994218,0.08410859172509244,0.152930818180137,0.07254955898051678
0.06725713065916668,0.07317282910155552,0.09503559080683398,0.10882826731291877,0.2493331258702222,0.12335984175691801,0.04699375744604888,0.16013155890637784,0.07588789813995821
0.0536250250984723,0.2543234483781781,0.08958933868117964,0.09634853135563413,0.08370184231756256,0.12707296816320354,0.08034056452491399,0.1433692188998982,0.07162906258095751
0.13965948355757654,0.05060664497152273,0.08575669804973944,0.029938853496528053,0.21173001916725595,0.10832245290689624,0.11958025359662339,0.18418392013380233,0.07022167412005538
0.16270608202713552,0.13085870637552507,0.10459369056495454,0.034686003026966464,0.09781848846219447,0.13536982235506165,0.08763083513153318,0.12460019803575133,0.121736174020878
0.04464461271794889,0.05185375511368153,0.2282132029016757,0.1232166150040994,0.02972182568050601,0.12111490486554659,0.10133043591067215,0.22307116568596663,0.07683348211990311
0.11038106572277258,0.11988490623311528,0.06287732206061795,0.15847911388285055,0.1003449805949886,0.1561979536358917,0.12640795140707187,0.1242442303387498,0.04118247612394171
0.16702594989747463,0.07547598985054692,0.05537854584941545,0.02210679668868939,0.18869129292500672,0.11614316023872145,0.17801465013640563,0.10920756908870734,0.08795604532503253
0.08058126678618303,0.09357216150132419,0.13655629665155794,0.04121575737468354,0.15084167855479177,0.09421505920366523,0.1394724924983032,0.16239045860594573,0.10115482882354537
0.3840685195451758,0.048386066792401754,0.050740143480462324,0.045121762537349834,0.14272974902605104,0.08296996163589403,0.06702470214794017,0.08013017841891448,0.09882891641581056
0.02162869176115979,0.20459967851256614,0.06391181590526565,0.11793363991122206,0.06730858168611444,0.12468578589536604,0.14902771566022258,0.1217456116804196,0.12915847898766367
0.3300475605700621,0.05239327975036149,0.1010143567005643,0.03820451867366226,0.08563630329566478,0.11711283691861955,0.08917261666707459,0.12620330308171793,0.060215224342273006
0.016454259440822086,0.09126686136955468,0.06035943855697698,0.2607357955260425,0.09789274566757587,0.1265637249982561,0.12515427190546202,0.15036970622439091,0.07120319631091886
0.193226568068282,0.07360137558730416,0.10845501002913294,0.015989064265140216,0.13002318046547323,0.15226097885524056,0.10924659661329465,0.140872667484572,0.0763245586315602
0.06030484506243191,0.1377070267264027,0.11914141794911602,0.07601842546925354,0.13079531842570588,0.08255522952647572,0.19346044888009536,0.08495334152364308,0.11506394643687569
0.07599559573380762,0.1259933376185436,0.07711105184233451,0.11766018591387728,0.047309462593991915,0.08858000036216677,0.11806860169123588,0.09925604943276822,0.25002571481127417
0.061608616331457096,0.1074084257814648,0.0453081337203792,0.09746041757861874,0.24689185681866752,0.10940546944581624,0.14289815855884402,0.08303189625481823,0.10598702550993418
0.037837639336970284,0.11402403354928388,0.13510650563129092,0.2128076787671814,0.04145447781636929,0.09696343321775054,0.1088117350219537,0.11915040182193863,0.13384409483726128
0.012289827854245166,0.16869692123204158,0.13553687411595125,0.052570054030643944,0.21890722627733986,0.09085873985125552,0.11284487827280687,0.07415386750918877,0.13414161085652695
0.22102524498317,0.03663403434350256,0.1265783596843599,0.1933800055901209,0.05197561749714539,0.08512989005094025,0.06529111337758495,0.10258829019001653,0.1173974442831595
0.010924142671902682,0.17435371262064295,0.2099362317364648,0.02024938590970272,0.16041093857912847,0.14471166171407954,0.04495534809629442,0.12845995620807038,0.10599862246371394
0.05185056715555289,0.06145097830788643,0.12790311355298403,0.17276454900174235,0.06956283962685363,0.1561251830410838,0.14553626444383086,0.12860142086114879,0.08620508400891731
0.045629229739691975,0.07041420575342071,0.1448880423813272,0.021965474793639958,0.18536684805072526,0.18321129705476627,0.18000350795895068,0.12642382477266467,0.04209756949481316
0.2180979092804236,0.06305110781983943,0.14144921479710537,0.056118118780633046,0.08446689356023178,0.08671972725570563,0.10027501614717838,0.14095975519826479,0.10886225716061797
0.021492932315071517,0.20866690988488287,0.12165014480610625,0.09196591319713891,0.11150675434379191,0.11802051008120307,0.048316785578247645,0.17154341803986817,0.10683663175368961
0.02521167486402387,0.21871440429339975,0.0742404339433158,0.21368035625891466,0.06057759795622469,0.11937799500742097,0.017845613367888567,0.1132223165232243,0.15712960778558738
0.04223484965373427,0.19068841560012606,0.06216738411883003,0.10840995562459092,0.18209922321886116,0.11909768144150691,0.08125417827855931,0.12522487435257626,0.08882343771121519
0.05907541996417794,0.11180093612947982,0.13494317541553566,0.1010109225793827,0.07408255139321879,0.11613602395359013,0.10897849969737146,0.11060832727834496,0.18336414358889855
0.148810752918316,0.05639896641595695,0.1975601741185006,0.06065016530276741,0.14339974337388717,0.10693074515604468,0.1007253520024421,0.11153329571517763,0.07399080499690745
0.293568271251014,0.021576271587136254,0.10574293008912827,0.25605543859592567,0.07144909694717762,0.06358115575059825,0.024231645514844566,0.10359111335698634,0.06020407690718899
0.17056086266249385,0.11788880951254588,0.11705133815910528,0.037452442761735205,0.12817834818840443,0.09887490117297926,0.15837198063273517,0.08470521559806969,0.08691610131193123
0.045022836154305634,0.1559597559795001,0.13200225028701004,0.05905754309948109,0.11978222046711266,0.11148720870410007,0.14344858321654688,0.10906969816583971,0.12416990392610365
0.012632863555990055,0.11467414092394189,0.08868777069531021,0.13702377635178256,0.23125381477621024,0.10733340112898378,0.08735636004710236,0.1391215296369719,0.081916342883707
0.13344370660546967,0.08175940744461278,0.1862484715540438,0.09141318417327178,0.05375913638375337,0.11775721796629135,0.09338224911359179,0.11100357231228004,0.13123305444668532
0.03182413457627171,0.07026868365835724,0.1471495512893484,0.06049606948733046,0.20380702238486856,0.10273871505468925,0.13178454392039116,0.09516736615334927,0.15676391347539395
0.03091663252289369,0.09609653040193916,0.06683853987070189,0.20446713513825407,0.13702185929824115,0.1152739563246989,0.08238764923207491,0.15092312179533637,0.11607457541585987
0.038336179129958715,0.14507088427293713,0.07068173102094379,0.3352601337606554,0.06055610002081674,0.09423255526936415,0.05649045935563147,0.1008538329566488,0.09851812421304385
0.22490422584045663,0.06307318969166147,0.07535032448758407,0.07531764509214775,0.1816727438676278,0.09199574014365142,0.09001764245433934,0.10755905681093687,0.09010943161159468
0.05487634033837776,0.07754761894932606,0.09106072150966964,0.009533247944285686,0.055803275784389976,0.14743645547019413,0.21559261314988357,0.13174463373894887,0.21640509311492426
0.029685887163789143,0.12351141476269378,0.09313488298021821,0.16047921538970825,0.11791574762926631,0.10634425299596591,0.06252947669957082,0.17545726569072864,0.13094185668805894
0.08883462070784487,0.05072643973320171,0.0639548141416696,0.3634247043202423,0.1125575670800481,0.11464778123480712,0.058074595541659245,0.0997699217151125,0.04800955552541445
0.05174883556040527,0.06807091639689307,0.2976474416900577,0.05975880086745839,0.04741452621917356,0.1269549045100874,0.20429363732832972,0.0798742913746996,0.0642366460528953
0.08409396482536992,0.08008641116856513,0.22585433431262258,0.05293437616625558,0.06945881530081158,0.10661985136052639,0.04075025508753844,0.17996493656667223,0.16023705521163809
0.34425832574667603,0.07798165888515583,0.10219842130870134,0.1166922948108664,0.10985183801921461,0.07061750539054223,0.05306486441820554,0.056397997895891276,0.06893709352474674
0.019516198085711475,0.08431652123412538,0.09423383317373206,0.06835499437650593,0.24955267514178678,0.10101190174211239,0.17192355751597224,0.129205263362834,0.08188505536721975
0.07178653998890606,0.06280891999112655,0.07780608189694191,0.17601418641290448,0.1432346095183694,0.159665022853679,0.08695488928530908,0.12224502100388525,0.0994847290488783
0.30359768138270393,0.08624016392091562,0.05893903475977119,0.04882568224035907,0.09365384897965223,0.08817679228987226,0.11824277821203283,0.14489951596956344,0.057424502245129495
0.02753783864670779,0.15937744900472314,0.06281265737089782,0.22522994478457556,0.05850988331866189,0.1084383992562699,0.08586463885205585,0.13483513369338293,0.13739405507272523
0.08288763215409982,0.11359284641469476,0.21763260391423836,0.013602334210914288,0.15539317733509814,0.10065762735935417,0.06239034714025068,0.10058740090471091,0.15325603056663892
0.020268910194666406,0.065752380478187,0.2496665149025339,0.18055037264867183,0.05653800140142779,0.13254443155748272,0.05523118108583866,0.1278951526292148,0.11155305510197687
0.1500259721226587,0.1381712316818621,0.10246220962630759,0.05787845147217527,0.1001606183576959,0.10474915717584636,0.0978602781994397,0.14191178494674836,0.10678029641726604
0.19895886333106574,0.05934454203268516,0.11657155297105955,0.20067459162116683,0.10484509076681152,0.10626555721876318,0.055873350263298684,0.09208196179341965,0.06538449000172974
0.008031538767070955,0.06741299375252456,0.10293012659661378,0.21526792106876372,0.1675230780764011,0.08878413304006194,0.10984811409239452,0.16630719166111843,0.07389490294505098
0.037516790586643554,0.058801955128052565,0.1132999259983174,0.21215401683264834,0.10459666097245518,0.10025314622784703,0.11813327124913342,0.128907705405741,0.12633652759916147
0.39113785407310075,0.026800867005032786,0.05136046961971283,0.09133276087616334,0.07866421249959894,0.06649352689718574,0.0717895400805265,0.13909843713669004,0.08332233181198899
0.035354026996943226,0.07966990936012817,0.10436864153722512,0.18924217148984948,0.3015159408993194,0.09660992786922902,0.043191756691192795,0.0578325190120809,0.09221510614403194
0.050602427560738766,0.03707583972713199,0.19640221027375251,0.13870780817161532,0.07941487901721117,0.1334315579100418,0.08280394547456625,0.08851029838385455,0.19305103348108754
0.05656816439028454,0.0524311016972818,0.14310833123673225,0.30270572801074885,0.08219522494031638,0.10086121736261411,0.0601428455580745,0.10725286759660263,0.094734519207345
0.22490422584045663,0.06307318969166147,0.07535032448758407,0.07531764509214775,0.1816727438676278,0.09199574014365142,0.09001764245433934,0.10755905681093687,0.09010943161159468
0.1181021183488818,0.13520550472344267,0.07818905916958109,0.07354665323934224,0.07296134359099447,0.1194399463940388,0.17167512071328228,0.11270851130073382,0.1181717425197029
0.018392876511955845,0.13283331588961858,0.11315612380418327,0.21814358494769714,0.2109486186028282,0.1069769938293192,0.03648372348750565,0.08485747405891285,0.07820728886797931
0.22792203167848746,0.05755046410669978,0.2531175625785345,0.10521615881767726,0.041730450115893845,0.10247975467392534,0.03379903989872305,0.11065669417569701,0.06752784395436169
0.056126610253935554,0.07720306888835111,0.2200594480731004,0.23307974183094418,0.0574220901516982,0.08130619614697356,0.08300618812893822,0.0703725239015047,0.1214241326245541
0.3840685195451758,0.048386066792401754,0.050740143480462324,0.045121762537349834,0.14272974902605104,0.08296996163589403,0.06702470214794017,0.08013017841891448,0.09882891641581056
0.274327337311645,0.03509279258100928,0.08087701560640674,0.2131589687744031,0.026310236646412327,0.09774963035557362,0.09313493693287246,0.10281334339558802,0.07653573839608944
0.13997230025391952,0.05432167734563611,0.1020026183117464,0.22131179739027582,0.05642914978988944,0.12303964263338711,0.051999222898863,0.1562338220689062,0.0946897693073764
0.09542330358255896,0.0795570794431279,0.18076107547691844,0.09454775003928963,0.06258905054824705,0.15230127700045998,0.10185721458849327,0.101433165698681,0.13153008362222385
0.1877052771556913,0.1500034746181729,0.11831052131343606,0.04752515687032537,0.10805107749925456,0.1134234520271412,0.0388823164147993,0.08232689793691149,0.15377182616426774
0.12887669242266486,0.12501709743390896,0.06507231133844119,0.06270367342154211,0.14936237929354218,0.12057542063654876,0.092903589372195,0.1485183343435779,0.10697050173757898
0.19803241600163868,0.05484283361110842,0.14285441584980255,0.13778537747777406,0.030627496111775617,0.10344344717983811,0.154825299451488,0.0883526848960634,0.08923602942051118
0.04099386147828806,0.06452351732340093,0.1534928853008379,0.1766854416837973,0.28924998940615293,0.11902263822936308,0.033056025671157827,0.07743110212229232,0.045544538784709626
0.13042239804605293,0.11761434703565392,0.14097271299284492,0.08356740361614419,0.053945513056340065,0.10066964438175612,0.06903234578163532,0.17681706798213526,0.12695856710743736
0.03138012078034057,0.13705586549167248,0.10456608980668004,0.02797583291906032,0.17777980690528097,0.0965627338700168,0.10718426272186239,0.1311075743399361,0.1863877131651502
0.07441977982321814,0.027039906093750066,0.23155040715840935,0.12770115761050982,0.035498875906469454,0.0848444988623754,0.1149296859652315,0.18184184465072104,0.12217384392931528
0.046648444471625,0.06520862613563506,0.10499478274276297,0.15784819581125484,0.2036238366705215,0.09881447849268278,0.05541892019666166,0.08361521518991027,0.1838275002889459
0.2033404064534163,0.07339838399366679,0.07574703679417392,0.13291446802919232,0.05480542880165471,0.09131442403225604,0.11399957349996709,0.10551469115252317,0.14896558724314968
0.2643057585558481,0.15520237098251877,0.10660224973151661,0.024051193945694733,0.09297107439749223,0.12426899645253764,0.05084372098567521,0.08095338750056197,0.1008012474481547
0.10808068711151976,0.1328967659576952,0.07549786702793014,0.08125434196351118,0.17492548183530957,0.13678228039266796,0.06531939162895148,0.11837213163774508,0.10687105244466955
0.05249984961930257,0.15004251978469454,0.23077232575798004,0.02704697291344839,0.08650264889317431,0.08673622495863458,0.09680777845072265,0.09002996332500206,0.17956171629704087
0.09188960388905537,0.22614120224334525,0.08415844774026644,0.05019152995268447,0.07956323524402133,0.10957503728710827,0.11748041777200298,0.1516112749404767,0.08938925093103915
0.05601381238317654,0.057461899378427155,0.12258027238470454,0.13129300372850902,0.3057505484180155,0.13614151023734775,0.04521679107185702,0.09744327562673945,0.048098886771223016
0.11623252395088952,0.11770865107068562,0.10870116399621305,0.12949759452136186,0.07574346513961329,0.11840972862227979,0.13452212931225796,0.10710678401347828,0.09207795937322057
0.010008335119134083,0.08112918458611076,0.2548078506666983,0.09643230023929932,0.12234906974058046,0.13972687095085262,0.09673302132241472,0.11090781969530313,0.08790554767960657
0.025623729518085225,0.13197009016545616,0.133701629884763,0.12894042379331896,0.1264369833392178,0.13947145145941317,0.11930825901543252,0.13344844417271703,0.061098988651596124
0.01927585304602245,0.19574665711942693,0.05175533101455689,0.06954939976220827,0.11174878680351279,0.13113700945186643,0.13850708522912583,0.14489185444614058,0.1373880231271398
0.060625264658276216,0.07909671183547225,0.3020322572989203,0.0377712400116977,0.07059615975485159,0.10884768857126925,0.06799188270094576,0.11346997395889802,0.15956882120966895
0.29503230670775626,0.022787139920324818,0.1031950306454672,0.18491051861695684,0.05496871432910669,0.09094907174091958,0.05956372744637106,0.10382489195600374,0.08476859863709386
0.211639659130067,0.08359517346596963,0.034018698456190544,0.09945727585765995,0.13586627226286926,0.147847630744952,0.11644740836120299,0.0659591014469628,0.10516878027412586
0.12403115255978218,0.05586817617947009,0.10195225573358359,0.05490136057642442,0.23860433412294976,0.10218010021877603,0.06573127716993264,0.14581668772772374,0.11091465571135746
0.3226783157062613,0.03278518414611539,0.11320317196335383,0.10318338967881842,0.11691360286785184,0.06420742301944815,0.07195647845024311,0.10049235046566957,0.07458008370223833
0.09950425630648357,0.10290443715454324,0.19758956206327424,0.15687622342828952,0.06341721003862275,0.12721701936971055,0.040873379042772474,0.09175277252185583,0.11986514007444782
0.270572698699635,0.04865519063121589,0.047073183465217765,0.04639674533546848,0.12617756380344586,0.07382932990202604,0.20932900846406435,0.10770652726359614,0.07025975243533042
0.04576787623129025,0.1420111149243604,0.1303768901691657,0.11266903320281935,0.09094866692131554,0.11733390347850042,0.14464927314602036,0.11795332349046796,0.09828991843606011
0.04900396533947037,0.05424326047083138,0.36085358789588096,0.14820850710372832,0.0801531915223893,0.11357088410315903,0.018485516356233373,0.09994628652522963,0.07553480068307768
0.034625046851229545,0.09132838158123908,0.2359311632041966,0.13805929765297895,0.08794571380965327,0.1268083724376519,0.0778583670111616,0.11809154292800789,0.08935211452388107
0.42717359496939705,0.04524456750665428,0.12371282124213807,0.05855066063775786,0.044477079098478235,0.07530047526295425,0.024042003421816754,0.08339256254710799,0.11810623531369556
0.030461201320736847,0.12340578109153848,0.08897477922176222,0.061493624203774654,0.14452831090363935,0.10704241216515553,0.169005254429219,0.11896456722772668,0.15612406943644733
0.24486296008052397,0.15681258200409612,0.060601019791624126,0.097104630559893,0.07686501654371218,0.11718451872710267,0.048117834732837074,0.09467762713703122,0.10377381042317958
0.013533014502698481,0.09274758280866806,0.04750626912602782,0.17638923124869735,0.11750667397842245,0.14064742634357427,0.1277389956187824,0.1054581907425734,0.17847261563055572
0.03220855320812145,0.14619172870480424,0.07645978713519279,0.1699609089884715,0.13595964380740855,0.1107592043953363,0.08852953853818053,0.16307356609410315,0.07685706912838143
0.12807937390207114,0.13720040878138628,0.12360704709974872,0.034783238634165575,0.0892706546566977,0.09406367959241661,0.14703801700250865,0.13403929024278638,0.11191829008821892
0.028753072582134363,0.11090565956808318,0.10578507354041859,0.14580832301116245,0.12394843292665453,0.10906753767576056,0.17169741127010327,0.09945823439498723,0.10457625503069586
0.1267254863186074,0.13168399728812055,0.193619709680019,0.05351583931260608,0.1791053665442803,0.0786269748333819,0.042321249970124784,0.08153507286736707,0.11286630318549297
0.03614773310580398,0.12570490537909546,0.20570012046129693,0.11304613110617966,0.07546735156119681,0.19503404874009486,0.027769347319955628,0.14182573302178517,0.07930462930459155
0.11396301268904356,0.0630904500829483,0.05414269327881766,0.2873909077975661,0.09018926341739136,0.09457767757263395,0.038113898808784644,0.12629980693310697,0.13223228941970752
0.03181875170049076,0.24801356741190417,0.13159998944718632,0.09522865743066812,0.06473186611229435,0.12885471161992654,0.06664111219241443,0.14950310555532056,0.08360823852979467
0.09103234608139359,0.0680292034670434,0.15449753155824142,0.01725402369986535,0.17054593549421734,0.09549858485681695,0.07892433531756386,0.1693759378969113,0.1548421016279469
0.024035951381368267,0.19624729997027449,0.09021833029285424,0.08157130367713468,0.17831913070863095,0.19014018053761883,0.06313885990885021,0.09819651940587176,0.07813242411739653
0.05836542897445193,0.10876121046646813,0.09939229930863946,0.04774077057624823,0.0650653241163199,0.18306157955861113,0.20096568110667243,0.1215656088547964,0.11508209703779242
0.07357903361521323,0.20954486401663233,0.07642383630684746,0.041712248745004545,0.07778905091984795,0.17941859352621226,0.07015336544136407,0.13364553927648123,0.13773346815239698
0.02263172418610923,0.14029648143948814,0.06765697577333489,0.025357482729601217,0.07162488561316442,0.09298634553826152,0.2802478640497351,0.18230734536116658,0.11689089530913892
0.04637648036294914,0.1770532046868231,0.05199695070396715,0.03753065154482285,0.10544538091297732,0.0863957520693311,0.16501543229366314,0.136382231608191,0.19380391581727519
0.1375772742463158,0.07021092489227088,0.09154537526704348,0.14527762228379604,0.1568394298026259,0.09173690042392489,0.08026191489080621,0.12102544927703562,0.10552510891618112
0.0707176161920477,0.14613609679913095,0.06700442526459327,0.030898800035663393,0.1654553564613819,0.10884053713725961,0.1832253046300607,0.09504206848369567,0.13267979499616675
0.06410712522330317,0.05481146115215018,0.047582673132720014,0.36759577433290064,0.1884728447655323,0.08787001786484577,0.015382284379640359,0.09946395642694039,0.07471386272196714
0.13745870958314269,0.09935462484451625,0.10900329071822228,0.06410686915661891,0.11195174653879975,0.12158705048884501,0.18039051653536706,0.12333350349590323,0.05281368863858484
0.19506079982579552,0.11963596388016923,0.08097097869635285,0.04866598471491664,0.11933435250401546,0.14246181538078084,0.08525357649259241,0.08410731348286828,0.12450921502250878
0.02920483941905137,0.11134643316694086,0.0883362368231352,0.0388341529943537,0.09222449756690443,0.07970629139549491,0.17776057504797374,0.1639015454498034,0.2186854281363424
0.3823856272727151,0.061763246470175504,0.09831946303884724,0.11081037353614359,0.037446934687380425,0.08170262434104902,0.044472900222924515,0.11788093645942034,0.06521789397134427
0.03497579055938832,0.18372374000092354,0.063267042450893,0.07538488627694763,0.0876811630765152,0.12276290710015174,0.20468647103813745,0.15012668308386543,0.07739131641317769
0.1275366614809474,0.06521400919657376,0.06818761136390887,0.14543651289638648,0.2411126231403594,0.10550253186539753,0.06911311831361379,0.0783214646453974,0.09957546709741551
0.12651178442009536,0.1060910483427069,0.17637028667998522,0.08137294906827482,0.08598393003152888,0.0849822058372884,0.04679733496085142,0.1208001585274116,0.17109030213185736
0.0680989648166762,0.13265548500344357,0.09736973484490972,0.08490289016930791,0.07979773491394938,0.21218742628284745,0.04026312198872694,0.1457264434585425,0.13899819852159634
0.15514183190089043,0.0815930664830602,0.14053822222839038,0.04015607273574564,0.1432825575474189,0.11579447132160575,0.11576830215980786,0.14154590349013668,0.06617957213294419
0.024011962491281975,0.08116024892939887,0.17430429967516395,0.0465897583544985,0.2362697071591087,0.09499951067989992,0.17600619692317374,0.10624760551710129,0.060410710270373036
0.060204190906972266,0.05630194193438729,0.13470157055316925,0.314070356662914,0.05611898784991465,0.10070911649734837,0.053010808539665145,0.10716929708019614,0.1177137299754329
0.011449426864131048,0.09890827748872393,0.07713822430609497,0.18438394782798317,0.15970165492757118,0.11521091420548062,0.1118822307002046,0.07699158500502447,0.16433373867478596
0.029963357773705013,0.11056846388552238,0.09718620803240308,0.25790314707267203,0.07486441450865389,0.10809084796442207,0.08183154892969698,0.1186641016025473,0.12092791023037726
0.13376220780354647,0.08842983349703298,0.10442528504141657,0.17287770044805253,0.08295750811080914,0.10155637014327464,0.0565959519614743,0.10078984514958232,0.15860529784481095
0.13355220045399097,0.23483440575186806,0.06076354827276891,0.10841312645556204,0.07544149069309274,0.10277675166972593,0.05367240082128666,0.08958964009532495,0.14095643578637976
0.14579613226884647,0.06782541775033808,0.13853058455766246,0.09732214443890815,0.10163424667704073,0.1233317193244715,0.10315566360165489,0.11900334922819854,0.10340074215287919
0.09331563494665941,0.07008316558035639,0.06928434038207186,0.2124889933641421,0.12038010884682752,0.12625728100485664,0.09838357640490451,0.1259188097982147,0.08388808967196687
0.045592316560647266,0.07128068288022156,0.15703240618075345,0.12944075131392022,0.1492741044635981,0.09924113980721987,0.16232348241397113,0.09471563727348786,0.0910994791061806
0.014861729441834106,0.14132281045367187,0.14408149628291445,0.10097520361696379,0.1280351837916108,0.11456574540746962,0.17580574167929408,0.09777175226348857,0.08258033706275265
0.30155737597199384,0.026346216930317756,0.06296575917154591,0.1307498917035635,0.1066498346611432,0.09010830208014052,0.16703016611582444,0.051033535611003135,0.06355891775446781
0.07490548958460251,0.08436345013932195,0.15948854255407333,0.037259913974058444,0.12407674650279966,0.0897289201218399,0.05367061132669185,0.1759323378697432,0.20057398792686917
