0.16070426993687545,0.1028802842174058,0.09914650917215766,0.09516755648384971,0.10804242379635598,0.09423272275063217,0.14285619713210992,0.11026399562512819,0.0867060408854851
0.11667664544442503,0.1500852658067253,0.09886873277315456,0.07396258201628951,0.122598464194089,0.1041556408763042,0.11146466800798317,0.10371786919970462,0.11847013168132464
0.09912772909945818,0.10266319179181733,0.09216389123160919,0.17651206037171238,0.0933744394221989,0.08394652234809434,0.13945148044087524,0.09829675124666444,0.11446393404757
0.14613989132115335,0.1219230371554005,0.09211860599442472,0.09351957625756095,0.10827554046114073,0.10758924604907355,0.09210440558801042,0.13213045758303968,0.1061992395901961
0.12498264683686611,0.12449413529152618,0.10014680181619347,0.1441530708223092,0.11561045260064388,0.11930946418864398,0.10365105198943281,0.07883757459870892,0.08881480185567543
0.12302543418116041,0.1262252274958001,0.09674367531723564,0.08967538220144795,0.11196618792370179,0.10325374965354017,0.1148720035513988,0.12524627074895903,0.10899206892675606
0.08808357676341472,0.10644462488201023,0.1022665350785295,0.10524576604477469,0.12216364998834707,0.10854518751872583,0.10034833035168156,0.12050572352901016,0.14639660584350625
0.13829058641106384,0.12228234397924409,0.08829105239016605,0.10194325306110223,0.10925401536649358,0.11526433855990102,0.11167263257058146,0.09583717770735502,0.11716459995409279
0.10761356139477059,0.10984707234949503,0.09401689486513036,0.059948152906522285,0.09605061552052091,0.11207249345131702,0.17344096839755763,0.1402637300207347,0.1067465110939515
0.14513986539214122,0.09927391828915826,0.10486213618639212,0.13240328549737176,0.1054492764676908,0.09552721208476884,0.09328651686692176,0.09889013597978251,0.12516765323577272
0.13777753408897753,0.1005471646038932,0.0901495741059783,0.12622147591476393,0.09736505640733491,0.0984583333765553,0.13688148028264105,0.11740939104851904,0.09518999017133678
0.12851258209184094,0.1168389885174666,0.09071918055883588,0.12946085801755175,0.1251310791438158,0.11450575712125464,0.1041191077992404,0.10905150389549267,0.08166094285450139
0.12536429671906799,0.13689019441144182,0.11599026425155372,0.045212043977068905,0.1404227128508625,0.12218497846575756,0.08866153953632405,0.09411261469629266,0.1311613550916308
0.10511519839305188,0.13239903015492582,0.09740754028227068,0.0692877576712303,0.11792928254687463,0.14964859717210902,0.09893206256720886,0.11016629885108094,0.11911423236124791
0.11475605599824112,0.1404818279434457,0.10277976115206788,0.06606054092824903,0.12375849318605374,0.12662963260350543,0.11407335457833036,0.10922938629183666,0.1022309473182701
0.12982104278938086,0.11468900527274561,0.09991462563862356,0.11712003648272366,0.09635912061189496,0.09306435826091695,0.14435083303579097,0.10318035457658568,0.10150062333133764
0.1153932379369177,0.10714026695924146,0.10472136356736435,0.21504811029955426,0.09760029082561933,0.10351477127947611,0.07221511984940432,0.07851558852529465,0.10585125075712783
0.12357637540501641,0.12943544658815673,0.12114147429791432,0.03135368990667695,0.1136459436896236,0.12072319348693546,0.08108712419745517,0.15186206301858343,0.12717468940963791
0.1127326531057083,0.12069826608969066,0.10438355467739002,0.07891041098374939,0.11632141705342385,0.15089251651079513,0.07216830046131871,0.14717998550783634,0.0967128956100876
0.15247638426275148,0.10980876198764788,0.09154347580317439,0.17964698708703405,0.10499266033776007,0.07909502870541518,0.13289132549827,0.07793113621513285,0.07161424010281409
0.08944442984524414,0.10898639378953796,0.10854144713161173,0.19048486291217928,0.10106289093189336,0.1033335956267634,0.08111549607774306,0.10594343728981798,0.11108744639520905
0.1030144129510434,0.11704775014157164,0.10553784358631874,0.08079957204929948,0.10850910713066524,0.09895990369615587,0.1772769580238296,0.10920989561329152,0.09964455680782458
0.12093006937472345,0.10588441639844488,0.08912401286104475,0.15353540218513392,0.09757479464790976,0.08793982328679495,0.13803676711243124,0.10342753263098298,0.10354718150253396
0.10524237696793055,0.13308325099052934,0.10836134914249301,0.10199818675996312,0.12663398708438933,0.10913683867356318,0.10470162159782975,0.09932828307968555,0.11151410570361614
0.1471287776668662,0.09993134270973485,0.09215567311632467,0.12189455889370797,0.11194108156789956,0.0977098315212477,0.06992787243907354,0.14660620504365732,0.1127046570414882
0.2497566793508672,0.10830020360984638,0.1002631663532999,0.03860354257789519,0.10637142545815832,0.11658569295589145,0.05546962013944295,0.1132239790948144,0.11142569045978416
0.11086865064960229,0.11393538297718343,0.07349295498660387,0.14619062382135753,0.12082278225610193,0.09022014396122326,0.09905737390578608,0.12369287901085317,0.12171920843128843
0.09300331321468318,0.10191856573759465,0.10861478295810338,0.09332809466862689,0.09113745087299446,0.1121448053235911,0.1700607123104992,0.14632861070021994,0.08346366421368712
0.11597617202650508,0.1175573371119908,0.11800694367052335,0.08579155966184138,0.10807666592302749,0.11717124743186967,0.08656569348899489,0.151252656488871,0.0996017241963763
0.13353285744322407,0.11797180981886342,0.11844749090260868,0.12906813268866843,0.10424135797180374,0.10117554908372477,0.09872722664611594,0.09674240250463838,0.10009317294035254
0.14266636198093816,0.12106492539796927,0.08266212169576317,0.1528542667256663,0.10073888521235226,0.1342130612722551,0.05842876937406225,0.10063091459097732,0.10674069375001623
0.14423382896167877,0.1376339709905712,0.09975956957524658,0.1015650653457887,0.11195843645997838,0.123641384615226,0.053242590292236346,0.13162812035195665,0.0963370334073174
0.11902164827253452,0.12934051484239797,0.0854230129871321,0.09405581487446396,0.12897409563754994,0.10239925683820035,0.1043707568637832,0.12777774043297163,0.10863715925096627
0.11531294175482487,0.1132838320776281,0.11121682956177736,0.1045523075002223,0.11076923892137926,0.15287031117660943,0.057658518068402075,0.1329642364600425,0.1013717844791141
0.10824629638327472,0.10438066308401789,0.12926475898524348,0.14086649613693533,0.09414831588489832,0.11283155922324933,0.12083379670048662,0.09659423727975906,0.0928338763221352
0.12247285032107624,0.11794874325965284,0.10698239899232027,0.14150261722529117,0.10500113139436068,0.09563907784956309,0.0966281389289748,0.10400766139609313,0.1098173806326677
0.1203395745734988,0.10690185025700054,0.12753226198577847,0.11799992660170681,0.11354203555481755,0.09748636031595655,0.13754441720903768,0.08786565809549869,0.09078791540670501
0.14992392787140654,0.12120488633445987,0.12051951653919642,0.0722760534758228,0.12238109769418397,0.0974433568074528,0.09359606984914916,0.09272685590707945,0.12992823552124902
0.14078401351634617,0.12171142266205837,0.11526540656849171,0.11009895326416586,0.10397401814491303,0.09294936360757323,0.12931845541371742,0.08195636464989947,0.10394200217283472
0.11735230461318452,0.12719617541100184,0.1055834922816798,0.07509629328654083,0.10704580463246542,0.136800250585979,0.13046399245321325,0.08860248542529314,0.11185920131064216
0.11564407468632028,0.10796223597744725,0.12459098132306895,0.117362972824609,0.10409985456754527,0.10708837541316484,0.11090642674778513,0.09871428740956772,0.11363079105049152
0.14956884420900385,0.1075647087605689,0.10566716411434064,0.09683961091764487,0.10934705513068115,0.07880244256530534,0.1372634422053087,0.10052388885717117,0.11442284323997537
0.12032369276337478,0.12213059241148398,0.13459949714521646,0.10730418357383491,0.10668162372968881,0.09292253857452497,0.12812927719216724,0.08641010189633018,0.10149849271337869
0.15182910345806297,0.10512211663106263,0.09623402395985108,0.15860828528653576,0.10407857045027745,0.1161876244382792,0.13024038574933325,0.05526832245864207,0.08243156756795571
0.13385652013083715,0.10999993480409535,0.08909888838840722,0.09759596710057934,0.10917084133495676,0.1641047512294855,0.13819524423822158,0.08496423864053693,0.07301361413288017
0.14045778077258564,0.13565792449546482,0.08896843976752455,0.07936360053058572,0.10958214782017517,0.09355253732002305,0.08617721756846082,0.1353485231560234,0.13089182856915674
0.11924771541904866,0.12273865988155731,0.11633255193871152,0.13457421599196034,0.11581179448317185,0.11438878744358738,0.07335120410495449,0.11529991647826911,0.08825515425873938
0.10715679800255451,0.11716391544357611,0.08417795586966155,0.1354251108947247,0.09476101317705937,0.07772176917878039,0.15398813646349455,0.11200853652338542,0.1175967644467635
0.10124930725553914,0.12982891060622104,0.12287117334493514,0.07216763221304628,0.11792587886667531,0.1017171894118513,0.1291408810362331,0.11203410248796304,0.11306492477753566
0.14672676813942948,0.10718808385474159,0.07369545149398736,0.20179834004468766,0.09380973822314424,0.08222961980869305,0.07253531570325546,0.11595952132301535,0.1060571614090459
0.08633563368251428,0.10737545423198276,0.0988962252497352,0.10760930177727034,0.0897141015562863,0.12848750791094435,0.15325930490679826,0.14129233826149779,0.08703013242297075
0.12227007142562225,0.1043909121398532,0.09793589517707106,0.1370983495895022,0.10203874453022255,0.1103050153174116,0.13052740485085368,0.09590786530075641,0.09952574166870691
0.11524624163244951,0.08243325040808935,0.08355199231584413,0.120094135709846,0.09906152444425469,0.07290890136762142,0.18361982690462694,0.14745607264490704,0.09562805457236088
0.09133949275866933,0.1108021113340298,0.10686086297856945,0.15087251001216823,0.1079239634299453,0.12579921433869276,0.10753063864834984,0.0891790808567829,0.10969212564279235
0.17239660674277316,0.10837771433947428,0.10271036992330362,0.10051977200451662,0.10291274833730445,0.08952783595400804,0.10328706780380853,0.12063719697361952,0.09963068792119177
0.13951749096826593,0.10714145488946054,0.1346875643490784,0.0681538030095533,0.1047284713485368,0.09699052598236128,0.15195548559094607,0.10860772642145222,0.08821747744034551
0.17829410771677892,0.09140032849105002,0.07269606981620458,0.1303000416569064,0.08940801067056421,0.10469492743837548,0.09049811810936507,0.16166634373623012,0.08104205236452532
0.10745963846282165,0.10938698518755523,0.08837972043595517,0.11534880084985617,0.09065077718871296,0.12861059914565223,0.1501402516836248,0.13117208377647258,0.07885114326934928
0.12121100346964735,0.11651805106621999,0.11843456488210939,0.12395354412431604,0.1042053690163877,0.10480177042734518,0.12808704713784033,0.09381877582390885,0.08896987405222519
0.11229540619918231,0.12812847316750978,0.10524579608552743,0.10389525231594589,0.11201194419985615,0.10774087486698712,0.09363715098746511,0.1330023595803499,0.10404274259717632
0.13699340203992108,0.10666038998161737,0.11949138784001516,0.13108274158096558,0.10722215113905725,0.09106002758736065,0.11656479042570557,0.09329922755072735,0.09762588185462989
0.10795594204157362,0.11817366925675492,0.11724652930390532,0.10450796089885665,0.12009047677750599,0.09859258634803891,0.13881815247705884,0.08525032337905332,0.10936435951725242
0.1426063914356294,0.11563407842662816,0.11547619450384279,0.05265129449203388,0.0997053500876555,0.1035119984072669,0.12545975816386018,0.13027861525812776,0.11467631922495546
0.11984917956416945,0.11964785711344024,0.07980543505448616,0.1336944699781737,0.09229306162366048,0.11466389366734485,0.08811454491175524,0.13628356794108532,0.11564799014588466
0.09681776707223372,0.10629738759360718,0.14716285212837718,0.04784056459229699,0.10913627086544468,0.12573157387788053,0.09202778488103364,0.16584581599518444,0.10913998299394166
0.10669092957058586,0.110611062614489,0.09904067751611483,0.14794190313997793,0.10805412771801702,0.1161836895615108,0.12990805207584144,0.10896614105386043,0.07260341674960276
0.15259962385519582,0.10549069890173618,0.14592528299831012,0.0848236991967119,0.09849374602551207,0.08813068267344833,0.10385266324616634,0.12334076967016917,0.09734283343275003
0.09854828652338336,0.09701024365750377,0.12158337774225386,0.17841979076295975,0.10319311806751019,0.10560714034477825,0.1043707611888965,0.09622888172700794,0.09503839998570633
0.10971287310437615,0.10613900070382971,0.09493108375230953,0.13023129223393518,0.10210403245920896,0.1193522699992587,0.11526268319208775,0.1335779578525703,0.08868880670242381
0.09593137358432807,0.11813187161399404,0.09445490169688582,0.12830283275463705,0.10617236723626446,0.09874013814946629,0.16468275353947895,0.08886798961290283,0.1047157718120425
0.13919398691076523,0.1272829493610009,0.12333599543972447,0.05576072377930592,0.1339051631030782,0.13014736707112892,0.06750786240277727,0.0967015682428121,0.12616438368940705
0.13533518936270747,0.10826745847817526,0.12363555844588774,0.11773136846873633,0.11999581298283367,0.11315051100988209,0.08132033111070913,0.10411481377057903,0.0964489563704893
0.09382945146385331,0.10170280158785931,0.09702527465049952,0.1879615442644631,0.0932902652026842,0.11491597069504529,0.11959172571165698,0.090973588247363,0.10070937817657533
0.12573435932874039,0.10095437009719728,0.10623408876379208,0.15949899250750688,0.09612761713265201,0.09507647759904288,0.12273775086325407,0.08860103631050802,0.10503530739730634
0.1337643522142631,0.11186385564342365,0.10146173561979649,0.1385413587254457,0.09508076653618558,0.09762928376613128,0.11023536683384505,0.10923700080681113,0.10218627985409807
0.1296645414642906,0.11518278280969062,0.14951105170490328,0.09908154935769109,0.09898540761858966,0.08200207046298962,0.10791928069946859,0.09457116920280079,0.1230821466795758
0.12131101166101638,0.11628629597336955,0.0843039797911765,0.07655958933650366,0.10350714275962625,0.11648196275273533,0.14426955992738197,0.12700290633283073,0.11027755146535963
0.09540448579550305,0.1029978751256916,0.1266522588968922,0.16508961335441039,0.09642618170988675,0.10964749218128646,0.11743559312174683,0.10625131427646632,0.0800951855381164
0.13035974446509177,0.1114510556417535,0.11377977343007813,0.08436504070356403,0.10203388287483024,0.1271749134461351,0.13922256462664265,0.11768262934363467,0.07393039546826986
0.136690441632101,0.13280608848182626,0.13587479899667823,0.058927153369872476,0.1209905671014699,0.09616793360546784,0.07069102379311032,0.14477516853708247,0.10307682448239157
0.1248127431830748,0.11547260299127789,0.10146336306048341,0.10384662059933059,0.1057320846901338,0.06527534968165717,0.15144322186199713,0.125882179535353,0.10607183439669221
0.09076532626155355,0.11424084898165583,0.12671480725898784,0.08922080387043092,0.09514064026539688,0.09724484354909996,0.15780008780375446,0.1157291205527075,0.11314352145641303
0.12525728029249092,0.11752840311621437,0.12793950767226814,0.09026655659930015,0.09742764153987782,0.11018158595346678,0.12178983482269605,0.10346151333915594,0.10614767666452989
0.10922187995371768,0.10984133315997206,0.10409853503216031,0.1680717775261865,0.09340221440103108,0.09120103120390628,0.13189195694989794,0.08314206919089796,0.10912920258223015
0.09823972814044075,0.12242874300693385,0.09984426978447619,0.09343579526185238,0.11481310656662873,0.11496944955522137,0.11213742622522997,0.12559917724735536,0.1185323042118614
0.08725669218859412,0.11452607454912077,0.1012313833023359,0.11294520265023905,0.10015908958766655,0.11715702831364296,0.13264039670911973,0.1207270030081589,0.11335712969112206
0.10178089290293486,0.12101042901456775,0.12264564120989661,0.12549373803637584,0.11053374144431022,0.1121705527169512,0.10584268339933645,0.10813428205741986,0.09238803921820715
0.11140053309326305,0.11561669082029159,0.09330435366719451,0.12326456065628393,0.09949678955129104,0.1032633626803426,0.17197242832450818,0.07735216107301889,0.10432912013380634
0.09901397568228126,0.11286513840145825,0.11423567506845737,0.12264796054049805,0.10849388469396848,0.11344555344965405,0.1302705746683103,0.08433296056498353,0.1146942769303887
0.10419909330826277,0.11913500396788407,0.08123215309449704,0.12242480787014633,0.09431019511769734,0.12162674014687906,0.12033524080031228,0.11828612994420358,0.11845063575011756
0.1173338549798667,0.1112770785159331,0.12466137045392363,0.12755249466479876,0.10413135372150052,0.10469380153547748,0.13236806561293632,0.08308008106282225,0.09490189945274125
0.15800789947988736,0.11757225863963162,0.11573527088719605,0.0836110228644019,0.10119527436237817,0.08411658624403173,0.0914708468022315,0.14218259551813345,0.10610824520210828
0.10351066435000611,0.11606068950617943,0.08126788673133996,0.22739843138970742,0.1158197261263499,0.08608071512841069,0.04872617133860097,0.08801901762663285,0.13311669780277255
0.1336814343014446,0.12319640745415161,0.13017227931164857,0.06493764667127856,0.10891647297506352,0.1383478748052274,0.09929700830267053,0.10437528859645286,0.09707558758206235
0.14282887854132062,0.10225668955810024,0.10379493318798287,0.13903967763214267,0.1056313508132682,0.09590315804329487,0.09672195092194807,0.11163858355341609,0.10218477774852629
0.14640089831845587,0.11055749463708979,0.138606194028667,0.07302903069238696,0.10360496766876669,0.11279108818497285,0.11023256853848991,0.11382824338155935,0.09094951454961155
0.11181245840351613,0.10719123944702273,0.10094904786739316,0.13251533810211283,0.10344102632527803,0.09809058101626987,0.13031480644344445,0.10732659914143561,0.10835890325352719
0.13958111970277884,0.10871750625404686,0.10202990389261866,0.05205747249078722,0.10298171557646045,0.08466172732251366,0.11355585413608334,0.19142385397199466,0.10499084665271625
0.12746642905127278,0.10561625014733322,0.12646696199991916,0.1334106533382178,0.0881304687842474,0.08461951180311988,0.11134266710358735,0.1139494816923224,0.10899757607997997
0.12289089406732856,0.1020983583042978,0.11286216635926953,0.11101391514340912,0.08794236532494877,0.09716019131784454,0.12902125803781003,0.1261683647232564,0.11084248672183523
0.12046977549931377,0.118544489477772,0.14447272334044095,0.10356116940089621,0.09437894587869781,0.10713137756894582,0.11908429350016835,0.10092473567796169,0.09143248965580351
0.12031978352236421,0.10268561940321912,0.09714647302404193,0.13389403945083708,0.09967883550839822,0.11505730775572864,0.10798180981210907,0.10655049062115175,0.11668564090214999
0.12959315418990044,0.11794605542970206,0.10283013156134185,0.09021690842464963,0.09755938569009819,0.09576730386117797,0.13303702601656228,0.11622775828948041,0.11682227653708725
0.14952540735393458,0.11679001352225431,0.10511665368894581,0.1561891054937853,0.10947669034854739,0.10590248111443303,0.099507061130071,0.06090850025827557,0.09658408708975295
0.11860928811632089,0.11138884461814275,0.09895031856582388,0.1319986881284613,0.09641475067264903,0.10486564208797337,0.09569190205101925,0.14108185657194783,0.10099870918766175
0.12414732109799327,0.10630059607027646,0.11187698867461114,0.0967314437133507,0.11016298417277214,0.0881997661127732,0.14895908946236933,0.13149353848694392,0.08212827220890985
0.16449927168165537,0.10816527944387196,0.09209417783211075,0.10759731938378557,0.1257749539364004,0.11057752626029398,0.08875980975531199,0.10808440977983252,0.09444725192673754
0.1141045429290319,0.09965218528422341,0.13144108311132946,0.09475989839492309,0.11263871657492587,0.11322986881226012,0.11612206452012169,0.13940154252921236,0.07865009784397213
0.1368877505053403,0.10929033934543418,0.09233345200714142,0.13687167547809037,0.1158786383497532,0.11147205635591938,0.1070463032711627,0.09129153184783417,0.09892825283932434
0.13434940320727773,0.11847409869383528,0.09583949865385571,0.0946747415062185,0.1020386105543628,0.11904398295816877,0.0800310826522283,0.1527186584758257,0.10282992329822727
0.09723334629688514,0.09485010267155043,0.0925307343140462,0.18275791499946512,0.08814497761354156,0.1008359305389004,0.16226530473729042,0.08724457539749846,0.0941371134308222
0.14278620838460576,0.12580932481677873,0.09008396272602272,0.07336352440751952,0.10718571793400494,0.11817137767845444,0.07588974735322322,0.14759612995047292,0.1191140067489177
