0.12835474544868733,0.09988088073900876,0.11418711754742035,0.09952042818837235,0.12452413551069232,0.08163771845781026,0.11047599648878197,0.08646409465237358,0.15495488296685309
0.10583214430546624,0.15486740198176044,0.107310363152478,0.06567715385944493,0.09524982470155086,0.11908036840253507,0.13701127961661083,0.13605699794478898,0.07891446603536466
0.09325178731130783,0.13287635569921136,0.13475883583766537,0.13489343212102123,0.1212755143915654,0.046426112267091625,0.09888983126897466,0.0888528777201823,0.14877525338298017
0.13051305850779435,0.09987657010416147,0.137729982464756,0.06645989252045342,0.10356228885970455,0.1051992569586249,0.16158933324107394,0.0837021060480212,0.11136751129541013
0.12595585148630112,0.10795125553571418,0.1356076968812536,0.09421421692376952,0.11830735126011781,0.08899609122639984,0.10351501434286142,0.09338985304908616,0.1320626692944963
0.09277817275322257,0.09247929043978183,0.09896528522005833,0.06019364578493044,0.09320481051278567,0.2653025628090051,0.13150579409848906,0.05515063036357548,0.1104198080181515
0.16369897204228953,0.1234877242195896,0.10957588179442479,0.0913905556147726,0.11401826512066253,0.10654936066940907,0.0712782588994087,0.11033129322974683,0.10966968840969639
0.10647108306135551,0.11934410155657656,0.14240667024496786,0.09144260046362569,0.12901839634915893,0.09681914933670478,0.08917226301674801,0.08519150560884002,0.1401342303620226
0.136761639692536,0.10573822561289015,0.15581322079437868,0.11514553834681755,0.14626300584207233,0.048695782610014005,0.08327462277674684,0.07687461467037919,0.13143334965416523
0.0989740812923753,0.11811903100612409,0.12589265922809015,0.06406855215222425,0.13651644654488143,0.14575549451697153,0.07137389446222282,0.06912807336386824,0.17017176743324214
0.10244971384645123,0.11980400583337987,0.15571618480696445,0.1557336104066826,0.13473513993326824,0.05368600415631014,0.07312797400526343,0.091995318054529,0.11275204895715106
0.12054019974700396,0.11276148676136492,0.1243742307344986,0.09900321823135268,0.10450221684245171,0.08950040650559506,0.09553049240969902,0.10630596722127227,0.14748178154676184
0.12893810369070943,0.12701084633521612,0.1170353268813787,0.07145515378431415,0.1087543871615506,0.18827213403044696,0.0706321226533531,0.09858988436228822,0.08931204110074276
0.12441201130659435,0.1363410429605473,0.1225482252916943,0.0667067245325327,0.1194200914940579,0.11979030349432562,0.07860481343531027,0.15572461007337193,0.0764521774115655
0.12704552103378533,0.14256085326930432,0.11046791984928449,0.08536668650446895,0.11129599803429065,0.059861129532630446,0.1250089040051112,0.0944789579539058,0.14391402981721882
0.13398399004173975,0.10834610852446803,0.11905851331957479,0.14137751718178565,0.12170771065364361,0.07550664271122091,0.10134535509308583,0.09889790442877296,0.09977625804570854
0.12143844925519447,0.09122775386432458,0.13144178844019724,0.10510042093177757,0.11976348068086344,0.11880579651878798,0.10903762421936426,0.06150237488749461,0.14168231120199584
0.13848409178462592,0.09058565983258826,0.12882451066842984,0.08277550635073107,0.12047039462648529,0.13218455496985104,0.092485727276237,0.07997630274725868,0.13421325174379292
0.1165686517626794,0.1128468941633541,0.12292522091452977,0.1088264625459503,0.12658544011387798,0.1407864541468172,0.09418208566797893,0.06215535548583325,0.11512343519897901
0.10769698083848449,0.07502547535086078,0.11090691637302065,0.11393420223888066,0.10477452517145482,0.1489696045169937,0.15142704977825847,0.07092622035941999,0.11633902537262641
0.11505499890534886,0.11951461469424829,0.11708303388815948,0.11885079445425144,0.11605500422750514,0.13019341780538207,0.09801824001519001,0.07814414949226306,0.10708574651765168
0.10012805291800463,0.13257041389308336,0.12214240286838747,0.09799708558604185,0.11448880804593636,0.09887294865776552,0.12588519136425333,0.09888069371008668,0.10903440295644085
0.12309291285074807,0.08885177588286962,0.12054420664432623,0.08991732856531492,0.1179396203730682,0.14062455166046192,0.09891734339746987,0.10593265757207043,0.11417960305367074
0.16507608425803869,0.09320785132115524,0.10781446856440918,0.13017466847910322,0.11660547325349398,0.07254114208939476,0.13374420654028174,0.09049678696688136,0.09033931852724171
0.13268303128821435,0.12972599165700938,0.11960639200769912,0.09602198927822976,0.1301546258012263,0.09038315873835027,0.12236271705128594,0.08461898084634718,0.0944431133316377
0.10396044588503776,0.2120478826927805,0.09342418928799386,0.07275661768901945,0.09383492955278865,0.07287192900820523,0.11740357882630766,0.155207661135099,0.07849276592276787
0.10732386571112641,0.17074217236942069,0.11137659302367615,0.08971283209420511,0.10970482831743433,0.11198327040245327,0.1277751541773486,0.055290775822978595,0.11609050808135679
0.11115088009125253,0.1376188922968449,0.10460529099582129,0.1009759731292868,0.11575258875316792,0.0874531919002416,0.11397383391330247,0.12555671710375158,0.10291263181633085
0.12706454111041568,0.129000579517517,0.13233467993922168,0.0922331436333559,0.12910407326375406,0.07136190804460515,0.09867008677559101,0.09467194862563422,0.12555903908990532
0.14360053558726685,0.14489176892756084,0.12117489617407372,0.14896572902894478,0.10396125954940127,0.10066329910672323,0.08872131001788364,0.040425967980127486,0.10759523362801827
0.0881960978991549,0.07258203597290666,0.10325334724783213,0.09175811518285297,0.09856494740582387,0.13867328421752667,0.17460083254264433,0.17027800881963648,0.062093330711621895
0.1187724907618735,0.1152652467400721,0.1403594479378101,0.10135027273511708,0.10721739671236462,0.13254438100649357,0.10543768570450546,0.07367161739147943,0.10538146101028419
0.15925064548630805,0.13838680740493267,0.11871494284824487,0.08582636918809743,0.10461437030827873,0.04516169989808036,0.14432232257382374,0.10692595409105071,0.09679688820118348
0.11179012921836434,0.07238419288214064,0.09483533741359328,0.12007569058587049,0.10894181145209243,0.12298259000729457,0.10565546031445654,0.147854781715733,0.11548000641045475
0.11407198797449941,0.1317436874388685,0.12235847030990249,0.08293172565024144,0.12148466816098343,0.04697303896599004,0.1000564084761268,0.12585541525886787,0.15452459776452004
0.13889136866985416,0.12274620404970683,0.14217550920478403,0.07806357374993617,0.1175927930201634,0.06737057550680722,0.09398850302073246,0.09307013868342325,0.1461013340945925
0.10421086187071626,0.12166573118813406,0.1676259807477826,0.08774569027896668,0.12895010813729577,0.07238011996664845,0.06475383980673781,0.11106514597277,0.1416025220309484
0.12751567805489514,0.15475574641204448,0.12902778054115527,0.06620932899177367,0.10243258729984651,0.118226525624405,0.06927699128610651,0.0993575311352447,0.13319783065452875
0.09527708124524092,0.1389463410097946,0.111095906642669,0.11402653516856852,0.12354305348373411,0.07249661779111251,0.11781428771597026,0.10754194254712922,0.11925823439578091
0.1369602273110448,0.10919497823554793,0.0952550284420856,0.052847939913604015,0.11064279053597999,0.0909353318317231,0.123388990417223,0.09909939040671573,0.1816753229060759
0.09122810273461428,0.09293623511116007,0.09267035880840883,0.09955670597976553,0.08487744725602508,0.1202856907214912,0.18403887079893222,0.172118501986115,0.0622880866034878
0.09086072461228795,0.058947398519254596,0.08584325036958367,0.10708578995266842,0.08004091725741681,0.17074374408924933,0.12760841550992122,0.19621733590185267,0.08265242378776531
0.14177970541085635,0.07970330851637715,0.11970087993064617,0.10036291568038352,0.11433949766023882,0.15074620416349607,0.07373451467318556,0.14456825405870657,0.07506471990610986
0.15615771121628064,0.1377764806036774,0.11097172083401903,0.12810283761409305,0.11888367298341278,0.06067255718824588,0.08591181320686499,0.08557123733702461,0.11595196901638159
0.16185581696985313,0.12300384463327903,0.11938658545684076,0.08942306530157612,0.11844617997959876,0.08424896323427868,0.0766671238890691,0.08433220318986794,0.14263621734563645
0.12849798664321643,0.16324962174099977,0.10288165007421778,0.07531191680020406,0.08972696253238077,0.185956399632108,0.11397830938150331,0.07074519709022233,0.06965195610514759
0.09507595220269377,0.13458485153387548,0.14105475874734819,0.08575669179753793,0.12789644472304573,0.05555650336483217,0.09727125789457271,0.1588803172646707,0.10392322247142334
0.12103459337829102,0.10996940153454615,0.12963232054079035,0.0951262241205,0.11199330182049651,0.1209802434574333,0.11247502800829919,0.0819730518723064,0.11681583526733706
0.11664266395327368,0.09318702772188438,0.12738740629081094,0.09661976082477614,0.11976001053891894,0.11555432302521228,0.10054408277526973,0.09192718907507856,0.1383775357947754
0.12347439327059732,0.074044155125942,0.10325820539934162,0.1457261368480805,0.10424884519890358,0.0940319429846934,0.1288003788979668,0.12165095492704013,0.1047649873474346
0.11864194851275374,0.11742779496869567,0.12705706788570137,0.09411666361956117,0.12036629931421516,0.09434057562632486,0.12768086580519358,0.11005809472553452,0.09031068954201997
0.13328464567805123,0.10820916471012555,0.12173580801764873,0.11042132648989977,0.11175904279254599,0.11299775820904644,0.11562722570136373,0.07677203493010576,0.10919299347121277
0.1040421244950986,0.1438966644024875,0.08630163794616474,0.21548012387990748,0.09005966836588465,0.12278608151259411,0.10896905698155422,0.0569964808948561,0.0714681615214525
0.13723779173109443,0.14849995535152327,0.13457745963083353,0.10926027185842306,0.12955620216116967,0.049074293337901746,0.08690199413916912,0.10062138076125847,0.10427065102862672
0.10355884461188831,0.1328201656736909,0.13247508865969368,0.11028122762438981,0.12394529522596957,0.1028382201763595,0.08129860776854157,0.09384749868458947,0.11893505157487712
0.12477967476965485,0.13474624354113277,0.13940409605094525,0.09717765926743908,0.12237230128685063,0.10255027408303848,0.09136509838536949,0.08428792285990887,0.10331672975566064
0.08047917876855025,0.08372040260402601,0.12026419537858035,0.11624329105488877,0.08643513842538415,0.14007612130928715,0.12222060019836382,0.196407067111943,0.05415400514897648
0.10020406162802831,0.1329064825858952,0.12207663652724139,0.1402781453308142,0.10840560253299891,0.12134962245501524,0.09069228734375355,0.10483285558173132,0.07925430601452192
0.10435683921791221,0.15042936618423297,0.11542175084155326,0.1194870227542429,0.11241048923306403,0.0753711855611189,0.13238530722905092,0.0913649573175805,0.09877308166124432
0.11748331395998461,0.12173582057158,0.12486726511847761,0.10446950307892537,0.10867533394273506,0.10634177015653741,0.12272334057287405,0.05229782955796627,0.14140582304091956
0.10391472447192847,0.10010529151321175,0.10880328320226972,0.10113727944850047,0.12584954089514583,0.14567237541705522,0.13272446357552495,0.10311733476679452,0.07867570670956912
0.15171436910819766,0.08206282978507003,0.10253620251926138,0.07660750199080983,0.10546032212792374,0.14273088035488443,0.08467701519886746,0.1692233618725247,0.08498751704246084
0.11096790136945371,0.12027357602153149,0.10476334177713446,0.12610251959635396,0.13294934793753124,0.10695748300136958,0.09245399925044247,0.08730635612153391,0.11822547492464917
0.1071840376398265,0.11516331067800549,0.11527258114982207,0.07817012799850746,0.11531672285888751,0.1403019831034681,0.08583228442447216,0.15134148249863233,0.09141746964837844
0.11273300637347657,0.09706852311213872,0.09328899699387327,0.09259554768318785,0.09002336522281594,0.13391503823352988,0.09673967719171438,0.20750309667141062,0.07613274851785279
0.107214174688464,0.11395165597514668,0.11997311341782373,0.11119270489100519,0.11176208382777102,0.13550605528099127,0.10877720123695515,0.11474649834558535,0.07687651233625764
0.1726777588429004,0.1074364425242869,0.10394716199804292,0.06660284286918308,0.09962627437422218,0.08041569386480688,0.0725701062182446,0.18727773223955224,0.10944598706876078
0.10705368718772669,0.11902271820674441,0.12558288657257452,0.08900250769522948,0.11786124182225266,0.11730087845086068,0.10075518396500956,0.1261319201497673,0.0972889759498347
0.09698638356191525,0.1095154728852602,0.10308063673787861,0.08523974963821584,0.09779500675550856,0.21771018155621766,0.11214399468219434,0.09934072147495583,0.07818785270785367
0.13075259292480945,0.16336211717442972,0.10866684534512934,0.12332743950567378,0.10348113711179334,0.084026975971833,0.11122880807500087,0.07788410636522201,0.09726997752610844
0.12092092807114209,0.12702154686117198,0.09580293966983254,0.08865401767329241,0.11043868197083694,0.06306583789898662,0.08810232481994994,0.21814723110804568,0.0878464919267417
0.11163823312924337,0.10580430361217784,0.09800656635401887,0.11825476447408334,0.11285655738293777,0.09466442605297358,0.1528469584728693,0.10189985511881024,0.1040283354028857
0.12591035335290332,0.08476466032102563,0.12057951941487173,0.07439094709201342,0.11514529582252027,0.15654234604701625,0.09753543861465751,0.13104616247738007,0.09408527685761188
0.11447072328726204,0.16116234199343102,0.13363882005245173,0.07749275036602524,0.11344658999191147,0.08785262278391398,0.09742363333514026,0.10107921015639966,0.11343330803346459
0.1360306650613425,0.13918313399225282,0.13518807140723846,0.09745015307387687,0.11683135286012476,0.07231874855372993,0.10300194635635677,0.07107229715151685,0.1289236315435609
0.138779013633777,0.09301856173141317,0.1028020656797891,0.08801665726789953,0.09558819622134333,0.10474797453061628,0.18250059171795852,0.10915725465164607,0.08538968456555696
0.13495924721812072,0.11323032647619986,0.10914325073003943,0.12495010971882263,0.11674273107021094,0.049853752094758286,0.07387614635625343,0.16258782941618133,0.11465660691941341
0.14134324008564952,0.07949788030475656,0.11054593708569747,0.13140358401876975,0.08631721315185024,0.12233407508374215,0.1362414865370978,0.11808520780029125,0.07423137593214518
0.10181246393284023,0.09306451932688951,0.12954081171263396,0.0920931306340579,0.1342182650502184,0.08202588194451728,0.11827352392352948,0.1388750065832578,0.11009639689205546
0.14639440128809628,0.13641059149277868,0.1006621118893412,0.09763523765472888,0.11190563924955998,0.0705645011290336,0.13295976869617046,0.09353838186876,0.10992936673153081
0.1510257569826487,0.08880663822276413,0.12846722068489597,0.08663879346706688,0.11131942286714408,0.11104979354177691,0.10112507893911238,0.09690758701247308,0.12465970828211782
0.12091868440173649,0.13952891593309835,0.14219513246832574,0.08287678818728328,0.11920257524563403,0.0737193539044224,0.13553761869089043,0.0878947130747092,0.09812621809390011
0.06875640515270244,0.11805732761909445,0.101596623394079,0.08853124173548327,0.10715383551876705,0.287683371601723,0.07403933418716309,0.08992019960044263,0.064261661190545
0.11628202318094934,0.13932716097250045,0.1317785256550359,0.14732915050459114,0.1169952351749927,0.060893128306555695,0.08876985794718202,0.09810793832861751,0.1005169799295752
0.12786479570966122,0.12213481207883127,0.0885130229737407,0.08014033107762016,0.11881384134831707,0.08425358998573536,0.1297895783033541,0.17843219669520874,0.0700578318275313
0.133383743896034,0.0924690377953999,0.12846172298718883,0.11791162754647759,0.13808022103736353,0.07935944921174193,0.09325792438360798,0.12434001384106236,0.09273625930112388
0.11990595509373109,0.12194151727210943,0.1176155651521103,0.09363788930853865,0.11723835337171634,0.13130039903173388,0.12088512605619832,0.08149684192192112,0.09597835279194084
0.13738879987030217,0.1264072761004033,0.13720726474413164,0.08274659635283195,0.12843486982236108,0.06619040539678141,0.09290479170209313,0.06200380085792378,0.16671619515317151
0.14184075878422858,0.10892996202701843,0.12092888160451691,0.1047097356896161,0.11609048865203382,0.11905050353989972,0.0881904787129852,0.0851025322604959,0.11515665872920533
0.08513427034437769,0.08780689242322748,0.10948913103208646,0.14391072974081232,0.10629491327770246,0.11605304889438282,0.15395135602100718,0.10660504627391097,0.09075461199249261
0.13655580895149846,0.10670683515271819,0.1469312359543641,0.10235280345228298,0.1313137381046661,0.04722311234327501,0.08452518661893917,0.14948990975857265,0.09490136966368339
0.12169351496156587,0.12269473052757722,0.11028371166330053,0.15412637611205884,0.12734983086597312,0.07376646212526575,0.09460080711158624,0.09184092308409549,0.10364364354857696
0.12707941188678462,0.1617454603802592,0.12568258812931568,0.08242822836322487,0.11960605430958297,0.06656773140809812,0.09338052803583356,0.10526693734236425,0.11824306014453671
0.09375978985337263,0.13705943278544938,0.09290570818646778,0.0702577354082435,0.09025209577351818,0.1563401432283784,0.19070130830730503,0.07421344256840821,0.09451034388885692
0.12778608485965634,0.09553544151946332,0.10853867007713318,0.06382872027206077,0.10860678701122362,0.15936247567939346,0.09494717679043847,0.108749324142791,0.13264531964783977
0.10327412417383586,0.09140856578847513,0.1113153045755968,0.09002442644273705,0.10891549545580813,0.11327502411815753,0.13764528242799104,0.1362964254855302,0.10784535153186829
0.09707718337338261,0.11384652671981332,0.1410055631513019,0.09549785972030904,0.1215891853607211,0.12745280133037043,0.09997485781814171,0.09263921048310986,0.11091681204285016
0.14193562359534642,0.09024232255967479,0.1255416589391131,0.08871822319542044,0.1046203558368372,0.11955922965448662,0.10494864238193441,0.10054785891622324,0.12388608492096383
0.1359690434003318,0.13314235638940652,0.13266749523629537,0.09208514368565712,0.13224185039860017,0.09973506206572565,0.07068413303003124,0.0603408363030598,0.14313407949089232
0.10992920911196978,0.11925873133008892,0.14236397758014152,0.10238811428026155,0.11955692469033656,0.12954682916425814,0.08348142789982593,0.08136546818624217,0.11210931775687545
0.1035098892828318,0.10656646996119214,0.12961961814906167,0.09466195643641286,0.1207117606564226,0.1520805889188438,0.07739837751214086,0.1287022888085766,0.08674905027451772
0.08849156125096602,0.11795880248597425,0.07183909988723523,0.1906417755161749,0.09003831172072567,0.04041368466790574,0.21143186679604922,0.1352748406817054,0.05391005699326356
0.11123896838163187,0.08982823139806882,0.09607416327266148,0.08084753484765965,0.10837095565188189,0.24436131649548995,0.06940281526667912,0.0919928180496284,0.10788319663629885
0.10677064013316767,0.11098415534296897,0.13414757296083804,0.11755710662026654,0.13497985362930076,0.11114566846470482,0.08082533677063226,0.08020073073115992,0.12338893534696098
0.07448165534042228,0.1190372944326431,0.10615533078838706,0.10986866981278304,0.09465739005559182,0.06897471344952437,0.26875473601974176,0.08473740641473775,0.07333280368616883
0.060163672820921256,0.17467196286822706,0.10613806326707836,0.1501685824722587,0.11215058223262146,0.1447312137298815,0.060007725664472385,0.11785604511394487,0.07411215183059428
0.10847173735727551,0.12081451653557684,0.08350468246361481,0.08849580062476127,0.09362189047404255,0.17259099210521567,0.1521238519074168,0.09121687992275791,0.08915964860933868
0.08514259283777337,0.09604178182877603,0.12385133649798967,0.09096454848117708,0.10531734387471947,0.11789866512999525,0.17397244344813237,0.09471552372775711,0.11209576417367954
0.1305598062505479,0.09374046905630633,0.11153139505417968,0.14315206496625793,0.10545609038742239,0.1362346839842218,0.09380205056648111,0.08976507816526018,0.09575836156932267
0.14552186386259022,0.07375708644626545,0.11017601340271842,0.14375455564990913,0.1213681186115918,0.12866650454891618,0.0686447115185016,0.10419829212693794,0.10391285383256928
0.09612324979718893,0.126701200379454,0.11027549363591156,0.08678616059715903,0.10812592680617615,0.07752279270584295,0.12382424368120082,0.19568683703981837,0.07495409535724819
0.11184634800542832,0.12781040464777899,0.14677444055357505,0.10985352980147838,0.13640869632428312,0.06172402109442215,0.07354753148558585,0.10199256236755994,0.1300424657198882
0.14158289346938602,0.1179750092784995,0.1009760095237227,0.077399904748,0.09871411240567833,0.14447608100282286,0.09724555132415443,0.1482555518684748,0.07337488637926137
0.14054904335697319,0.12275331323858084,0.10404845367194977,0.07944819528887588,0.09728450494236983,0.10473516596410687,0.1265414073598048,0.1116435346743106,0.1129963815030282
0.1445869890184288,0.0955450838141712,0.10185572415561654,0.06744800998249044,0.09461940807122841,0.14840796808165316,0.16018759527556511,0.10987212405376195,0.07747709754708432
0.14754509624705303,0.08538471369022649,0.10794039804052526,0.11817890159150812,0.1089753972085058,0.0870887633375388,0.08120484079947334,0.13863116726162975,0.1250507218235394
0.1205420610321422,0.10083073318824332,0.12616723933425866,0.10655915767007464,0.10926158273717025,0.0973125283674559,0.14830966107885182,0.09476007910995167,0.09625695748185155
0.16777184013313107,0.07257420123934387,0.09881400482980374,0.12858590332583844,0.09039473169737267,0.17879538022121913,0.0655666318059409,0.12852666498694718,0.06897064176040295
0.09742381505189836,0.10081583844082748,0.11953176748084175,0.17697874072003927,0.11773291500281784,0.05454653040604526,0.10256924161321625,0.08735417052624352,0.1430469807580703
0.0973262444676206,0.08869829746376538,0.10082203328540246,0.11621127191815646,0.10631917685656013,0.19203710909609473,0.07631036724833869,0.10275072011739857,0.11952477954666307
0.10441694561974461,0.1066692821315451,0.1283721142358982,0.07624827592831786,0.11393531933373009,0.18045080900364674,0.09567079877109162,0.07292811743368303,0.12130833754234276
0.1035105461367792,0.14305668233211102,0.12784414451095938,0.07909313082590387,0.10855793058474454,0.11918424543316773,0.08488200591930667,0.10681743272669175,0.12705388153033587
0.11487949142101672,0.08872738782910389,0.101845795406234,0.18724787103963503,0.10827800012257156,0.06989482099077622,0.1743568466809088,0.07637581093892863,0.0783939755708251
0.10179325189852635,0.1851957849731797,0.1321971173331312,0.08941312439167383,0.10745705850528493,0.09161445390960384,0.1087822339930297,0.09348995581254275,0.09005701918302772
0.09425117829907743,0.10963277361097253,0.16007543002260316,0.07260880846246197,0.09493436479084845,0.19014205520378827,0.11019983854888687,0.08137345186298202,0.08678209919837931
0.09007541888081498,0.18650957096207257,0.10410015973712512,0.10372759108678352,0.10304481136705912,0.12030422576495682,0.11843205808924627,0.09074994651281225,0.0830562175991293
0.15785942765634767,0.17376752139031706,0.11969076815990669,0.07362153824091099,0.10198657224348462,0.08390164145826566,0.09994446964431906,0.07259593130206173,0.11663212990438654
0.12774491155681642,0.12699743848805897,0.11394365970629304,0.09776841729517062,0.11993061791357874,0.11454911091093527,0.12056312973430587,0.07250420780587134,0.10599850658896971
0.13411373189340015,0.11058169025781539,0.13218790464152094,0.06390848234545494,0.09442141582645475,0.06837328039410943,0.10334334702038317,0.20292704519016017,0.09014310243070106
0.20326051437728823,0.12843635216481042,0.1078542736331049,0.06579576753618556,0.10324152633611765,0.13498658427971713,0.07346437010793182,0.0833498159727943,0.09961079559204988
0.1088542482318226,0.09528992145950295,0.11818263145124609,0.15352917176008787,0.10507076488055574,0.08345110790836281,0.099797874097043,0.14833700639446776,0.08748727381691113
0.10886881431470348,0.1434520437276833,0.11304115190681087,0.11753134105362019,0.11599703022577462,0.13719068130086198,0.10236085077730939,0.050580433639273066,0.11097765305396312
0.1094160659299351,0.13149676650381714,0.12248512257526117,0.1280954164742059,0.13718252244442133,0.07015171909466296,0.11529649874725882,0.0835177915379423,0.10235809669249536
0.16290536481732343,0.1437988244025418,0.11497969486691502,0.07157003218153153,0.10891666086209982,0.09742966709024663,0.10195953257384986,0.09911155598977145,0.09932866721572053
0.1387238192817823,0.10248142685733459,0.10206984973735937,0.15411498639512564,0.10256611090985274,0.08105422834400018,0.13149133572561303,0.08728017638192553,0.1002180663670067
0.13232375950547434,0.1358751512811144,0.11164326947231457,0.08941158188443321,0.1115518438150624,0.06901620929909692,0.11045068341721916,0.08893810155841887,0.1507893997668661
0.10613064315387577,0.10074951892333632,0.14785378408197028,0.09322552538875944,0.12219885694082745,0.16305008329749304,0.07863504240736058,0.10435121497863774,0.0838053308277394
0.1272690811173849,0.15051001547090592,0.11408156800343217,0.09844742338155793,0.12592559484986884,0.1161121581528393,0.08426745073932385,0.1075903136363655,0.0757963946483216
0.16012876992195105,0.08239567746057101,0.13661253084298433,0.07580527514636402,0.10948056099347125,0.08987825167708152,0.11930937121528422,0.121985951818539,0.1044036109237536
0.14192086312516353,0.12039097982903145,0.11759874710965802,0.12994047976648962,0.12235953833057707,0.06566518348944703,0.0697917583526156,0.12005506716067361,0.11227738283634403
0.06930571517973344,0.22066866402093865,0.09616458612052146,0.07353999322391024,0.09759357105821147,0.09691532772085636,0.13687181378776356,0.12472019352919746,0.08422013535886745
0.16094655156342957,0.1250830884137932,0.1340299658500014,0.06742343023459045,0.11591082688803518,0.09147289268780501,0.08805968676335935,0.07726999060521351,0.13980356699377225
0.14298009861587122,0.13278763872641922,0.1104606354221036,0.10682199258777814,0.13258847436673973,0.06039652184818981,0.11084049640689712,0.08356626798528244,0.11955787404071867
0.15552613639223123,0.13178499050189926,0.11150012845120305,0.058133032692873454,0.09082333270864329,0.17057667270944601,0.08997664627742212,0.10959539647315013,0.08208366379313148
0.09627141975897946,0.10597394271103378,0.11524148506636828,0.14290262846538473,0.10609181547181168,0.13919718383235608,0.15436364912445297,0.07457725326945529,0.06538062230015775
0.12804164348715366,0.14353784633805056,0.11485995622440814,0.09355619692875848,0.10703546797846253,0.06900490226629061,0.12851443217873196,0.10894228079822173,0.10650727379992221
0.13154065952938607,0.13135267879912324,0.12116742239041793,0.10080737218155673,0.1363446982481897,0.10145363101023967,0.10435555917948747,0.07582322443212221,0.09715475422947696
0.10998614603092434,0.13018854910619573,0.1371201320383326,0.1072897936833742,0.13103680521763775,0.04267547006305525,0.08254338832831275,0.09194593971442276,0.16721377581774458
0.08452939793355772,0.13011450497970184,0.10545613079086141,0.09409705901610259,0.11429366945514652,0.14963955424311012,0.11626484364829641,0.11859448953288389,0.08701035040033954
0.1050729607984295,0.14489691185860518,0.11947788520126668,0.10315897290525404,0.10682122290855052,0.12940782109838106,0.1396328374717363,0.0660467321024597,0.08548465565531703
0.11189418089835113,0.0734440067259465,0.1200077925468811,0.12337523827329594,0.10885511714492412,0.06271174580842515,0.08377391695964408,0.2137094950298519,0.10222850661268008
0.11217794746543526,0.13245276247311707,0.11593631653950054,0.10304050628422735,0.12763970711085992,0.07092679166496237,0.10171478970209395,0.12560978053633515,0.11050139822346845
0.10081097550037289,0.09426415383424996,0.12581369601444534,0.14919265052416994,0.1106682505392153,0.10802347212237773,0.11594940443589224,0.09711331505080438,0.09816408197847226
0.11799994666313766,0.14389462056951535,0.11139328762558569,0.12417857989229557,0.13264133489919402,0.05941719626938105,0.11512501010831694,0.07183443853099418,0.12351558544157942
0.10075099843391712,0.12435591319080402,0.12732166760096056,0.08094630970911267,0.11761451919134058,0.18230168274146732,0.101924798473556,0.06714942347930326,0.09763468717953842
0.12579278154643844,0.12556817999931366,0.11119893824337494,0.17031421375394984,0.10317663188725336,0.07840354918263998,0.1222646280161539,0.07889203296060272,0.0843890444102731
0.13377662484647027,0.0943023649648584,0.12065771721165269,0.13116130913067225,0.12950696974624645,0.0778250850733546,0.11080890252445656,0.08817246835219528,0.11378855815009344
0.11433836552014516,0.09660077861664361,0.12979705625208451,0.07908675012060397,0.1217201650483672,0.12638006023158824,0.10246842885678738,0.14016525437438723,0.08944314097939264
0.12155350345678907,0.09793592611660708,0.11771748004561634,0.1142452778716778,0.11367509986175996,0.07513533961491403,0.14664948231287697,0.10848216379580693,0.10460572692395177
0.10482182415642237,0.06397421694475601,0.05451576802466495,0.14276085910062228,0.0817090069270996,0.2056004266312378,0.11307643724594198,0.18333981099683097,0.05020164997242407
0.14679371484644757,0.09088123790932214,0.11961359330302383,0.0984962348268734,0.12421225924321859,0.06466463717162081,0.10345082822200431,0.13789602641680654,0.11399146806068285
0.09685880528758445,0.14309427097915928,0.13543626265225947,0.09594273690790596,0.12490873099762596,0.06780203358889973,0.10374662973368769,0.08342657663882476,0.14878395321405272
0.1784084454879009,0.12646447038800543,0.12702377663899847,0.09856716682742107,0.1225401676627043,0.0967457176130981,0.07803818945507945,0.07100424533452288,0.10120782059226936
0.16119207667803645,0.10625926625614239,0.12564357673641827,0.0850275562968344,0.1219346344468033,0.13028470983360851,0.0810967885805533,0.0656094190898231,0.12295197208178028
0.13469013123655335,0.0847873921940701,0.09811319063814022,0.07882308935918664,0.10208471148806984,0.1110110781410858,0.13227359857896093,0.12991671866375784,0.12830008970017534
0.10837515850798668,0.1360125152495967,0.0999244728898223,0.15353369202241632,0.12148543022603235,0.12727628578253614,0.06952788638036628,0.09924300907963579,0.08462154986160747
0.07523530495676307,0.07240144417678872,0.09358890425706061,0.13681462819990273,0.09251860474333833,0.14258569666934598,0.1696979861779051,0.12481626301384445,0.09234116780505099
0.1305366926779454,0.15394398431741038,0.12960157986631404,0.10721004925365218,0.10903438833202367,0.1471078602894443,0.0625679482781741,0.07517930206565455,0.08481819491938136
0.13607168031473435,0.14803637202974948,0.10256561342972137,0.11953633185833984,0.13504040274883652,0.059419618394308725,0.10311088288671312,0.11743283582125774,0.07878626251633886
0.09892390728762838,0.13230054751226272,0.1273474805411148,0.07595361252073737,0.09699953065573823,0.11640740107097751,0.16081631449948888,0.0731908755314932,0.11806033038055895
