0.1307285325004296,0.08657406209352543,0.11715061238802164,0.14256140461414832,0.14657907419639798,0.10010425343532807,0.09102937358813849,0.0687153038058405,0.11655738337816997
0.12883651730160173,0.13155691945132733,0.07701956583677663,0.1342030396174629,0.1262649018743435,0.10411487997301265,0.09817214572128348,0.11463105697492677,0.08520097324926505
0.1195966230582211,0.11651688664218825,0.10999320199062189,0.09452412447691809,0.11685254193234458,0.10554603927305345,0.15175542585071636,0.08231064972153063,0.1029045070544057
0.12458674184849604,0.14104715385990207,0.103955824000451,0.11578136150504244,0.07466637036284456,0.11039305929072325,0.11390383732041957,0.08881548478443259,0.12685016702768848
0.12048096099041188,0.12598806412173794,0.06695546091296016,0.12879699195937472,0.12952744070608743,0.09615285442165016,0.12244941022790934,0.1067002225026759,0.10294859415719254
0.10875153893532703,0.11037621035144392,0.10468860407495008,0.10227489055073996,0.11020176547838022,0.11644946681598854,0.09795117789919233,0.14004766054088946,0.10925868535308836
0.13200321518817318,0.10570560183393878,0.08153972944089771,0.12660200064828886,0.1014982021741702,0.12789556175594197,0.09296860303581915,0.10764562851062065,0.12414145741214949
0.11930979451567203,0.11617868467451985,0.07297825270843798,0.1088279185697922,0.12873185376067828,0.1010113936639676,0.14117246650304296,0.09858857322248123,0.11320106238140785
0.09032465905619995,0.12425610905168098,0.097783636054971,0.08913079264820352,0.11696098502870032,0.10457714263286465,0.12853691237304912,0.1298020637961328,0.11862769935819768
0.12764920809563704,0.11737773870667663,0.0770383231675155,0.13987607819714162,0.0947134138065004,0.10181061596355978,0.09057536517615906,0.10730102883983961,0.1436582280469704
0.11980200518574217,0.12001386699097281,0.09466129063166384,0.10355258010673307,0.0965399058086892,0.1008650731238367,0.1362675172269853,0.11167447843281153,0.11662328249256541
0.12747190520076085,0.10335169347113411,0.1217393006812814,0.14085250311212538,0.12006925087353017,0.08867877892656217,0.12979619012996116,0.08387763844240707,0.08416273916223775
0.09562718899951635,0.14374852167036545,0.10840195648881867,0.059589669354090345,0.07370915484758339,0.10182251831934754,0.1906604004492637,0.07762187122228321,0.14881871864873142
0.12720187542834913,0.12145869766428524,0.07738648348596344,0.10567438408753459,0.09888132798116263,0.1027953690095722,0.1194509738701942,0.14294732216104664,0.10420356631189202
0.11312987433498488,0.09168461817519596,0.07491386942669451,0.10362315837903661,0.14063367409904273,0.11707880619924133,0.11213258281110249,0.11766607180499618,0.1291373447697052
0.1310149856196319,0.1215838243389231,0.062186497186801144,0.1259265805124438,0.11366334271749823,0.10207389599472066,0.12631041187415173,0.09543771374737565,0.12180274800845368
0.12735259031766197,0.15476900999104246,0.06782849862389247,0.09088192299784474,0.10259540522156103,0.1316599302399821,0.09251369055859292,0.11844640718687836,0.11395254486254398
0.11696509201774935,0.09991563647011249,0.133103843797335,0.09850371068327705,0.17874376637988384,0.10204158729151551,0.09979699299673099,0.09504984388025257,0.07587952648314324
0.12129947279434007,0.10550615656595735,0.10465911143635365,0.11695863107139955,0.10592271677719312,0.11233690804947134,0.10587601443952593,0.12157100800806521,0.10586998085769389
0.12695453811404547,0.11317943870874009,0.05683956464351405,0.11347874293543596,0.08846043640386275,0.08946037604988373,0.1704321713687701,0.15062184950281476,0.09057288227293313
0.09068724929162597,0.1097234540893457,0.09934409482127134,0.09770540107982749,0.12776921240499106,0.08578750272703844,0.16940747511493415,0.09900242893039297,0.12057318154057291
0.11436024250365977,0.12042255986208111,0.08458965236664928,0.11143568391555692,0.12362848475641179,0.12603363300665027,0.09012423977825733,0.15059792343009373,0.07880758038063986
0.1175546980416064,0.11416813563248947,0.08680529640878254,0.11164256153133008,0.10773903124203854,0.0943321432055435,0.1440214365985292,0.11521800099202806,0.10851869634765221
0.09300700345683771,0.1159257488529153,0.09439465837029393,0.11084496276532174,0.11136906240373383,0.10135480963317893,0.11628969686212554,0.13880199044135377,0.11801206721423928
0.12263208698367599,0.10448313533599662,0.13303861591505875,0.130523573483786,0.10991790197296224,0.09299738216932207,0.09269144092289912,0.08772775828800611,0.12598810492829318
0.14627303945878598,0.136860071811824,0.07812100349171576,0.1125072452043779,0.1136825973197121,0.1341911475522244,0.0760882298517657,0.12777731154908303,0.07449935376051113
0.1378187852618283,0.11775771641633359,0.10598849923843745,0.09189689758701043,0.10170775599078707,0.10626004155935638,0.13181325225833426,0.1078651878393571,0.09889186384855538
0.11848808010729951,0.13332455172687255,0.08167512273791137,0.09869011433702846,0.1118386372026594,0.09861492023559486,0.16141880433431413,0.09422174159103804,0.10172802772728172
0.09526957418465343,0.0990674108283089,0.13362253453922926,0.08578276114388923,0.17033042790346542,0.08277433306783183,0.1933740471602412,0.07479409226883725,0.0649848189035435
0.1435237219499542,0.11088609580909,0.13641091774357447,0.11526309695593595,0.1381602966831308,0.1068589321795399,0.08190340263669406,0.08351434249412555,0.08347919354795506
0.12655620538971288,0.12167579480437364,0.11133203798368561,0.09739930579028634,0.11059446977299102,0.10050702385257192,0.12529777590984878,0.10570248695555494,0.10093489954097491
0.12818715926841961,0.10846355613636259,0.12999510500659617,0.12201880544586785,0.09682713208772724,0.12131130655885065,0.08285196244555233,0.09547642507175595,0.11486854797886763
0.09968575599403896,0.12499526997131959,0.08840714973114011,0.09497625031523436,0.08858278180826085,0.11010418227719983,0.11837555751007389,0.14231809232303175,0.1325549600697007
0.1188991295953518,0.09957978651526367,0.08287602624177172,0.1355130713242082,0.183787659649456,0.11319740974029624,0.0883915297694645,0.06537206277074913,0.11238332439343869
0.10554417040785037,0.13393196647236305,0.0547551647278867,0.1319982034252228,0.11949117935224307,0.12078925820690423,0.08370153283128351,0.10820329467479277,0.14158522990145347
0.09811096625707973,0.12157472331087993,0.10311634296365386,0.09043860241786639,0.14392315201351352,0.1131774028657791,0.11329742064862364,0.13106402713138052,0.0852973623912233
0.14636203708006545,0.12063088230599402,0.09115397962935012,0.1526596564743351,0.090178474836693,0.1028356169146397,0.08918597764324582,0.0932385848058508,0.11375479030982592
0.09642587775183338,0.12165100735032842,0.08735487954344273,0.14513151357910334,0.08490091824518854,0.1027128068365043,0.10491469650032241,0.11478237276969572,0.1421259274235813
0.1075419330858232,0.13154098716438148,0.08081003760043372,0.12905108232065707,0.11569513371297495,0.09875535409482632,0.10748074347626944,0.11009436131830645,0.11903036722632739
0.12197684601590982,0.11832585377682392,0.06319777141467407,0.09832763341936501,0.1427420706732737,0.1088464697105802,0.12231620161179935,0.12109003189275279,0.10317712148482105
0.1363732153162872,0.09749942957666043,0.07287936640251867,0.10484602244176827,0.11487872836818175,0.10606391498129264,0.1792344182176443,0.09454625840189029,0.09367864629375648
0.1294043639683752,0.1300338794488282,0.14893252392378875,0.09116890280133871,0.05710548855214156,0.12998659577202132,0.11098319935014082,0.04986405389661599,0.1525209922867494
0.11357775915702523,0.10915933266678791,0.06999137102479759,0.09840805841533878,0.10742832010864795,0.09231405890789496,0.1603820351629941,0.12631472175724698,0.12242434279926666
0.10913783666516556,0.1303780651405218,0.11065317109401929,0.0891949551335951,0.07119074235022192,0.11782358123112051,0.09897348301422049,0.15026029133775087,0.12238787403338451
0.10964224902063331,0.10301052796685366,0.08528007791462107,0.11797145158087614,0.09006600442124217,0.08957140972931305,0.13914837261484272,0.1264932936140031,0.13881661313761473
0.14781329763595769,0.11194425693571404,0.09197962990217412,0.11598464494263082,0.08465332910701102,0.10932206952938921,0.09327734597869096,0.12422507808856836,0.12080034787986386
0.14450245566203843,0.1048395082589469,0.11982374293092418,0.10574455520698582,0.13502535349069278,0.12318715533309914,0.10424424571160074,0.06230973755672629,0.1003232458489857
0.11087369415559527,0.12566224265875794,0.08332293379048729,0.11367760489097323,0.12529190083941869,0.09657420338703815,0.13824637480933424,0.10172163316695514,0.10462941230144009
0.1092961022454119,0.10065988387399653,0.08081029958454337,0.12595363358845388,0.09798682971033289,0.0993118177840887,0.11117138023906777,0.14440224527822654,0.13040780769587842
0.11239405483166227,0.08170856630129948,0.24938415373430722,0.07801622743567672,0.10979215928901986,0.10735324347856562,0.08988074947992364,0.06693811611455176,0.1045327293349934
0.12775384946180754,0.10724470736866759,0.07350815130399113,0.13874617926985874,0.1149054118735182,0.10260790433906912,0.10629289028665113,0.12691316917324205,0.10202773692319454
0.14238369335752715,0.11625573543679758,0.09417845765280568,0.11657773801998612,0.10771880592748835,0.10511529130385829,0.11837902481296414,0.10018110763762296,0.09921014585094974
0.09330243555522277,0.10233747738394916,0.14027663887798758,0.09263515318823219,0.0878439298749552,0.1080020391848221,0.12170249402567657,0.09324387296861984,0.16065595894053467
0.10204831604354282,0.11687871552111961,0.08131611826542383,0.08033389612644416,0.0842933822978999,0.09251198966226282,0.16947015235787619,0.09666737119703449,0.17648005852839624
0.09386646926620408,0.11690929741080734,0.07431219580024305,0.10653160214019097,0.12421815635746336,0.10723213460092405,0.10110185251019253,0.14483270104381818,0.13099559087015644
0.11592216322083664,0.11205933695571395,0.09809592204532759,0.10902927904533165,0.09805595083328866,0.10353069702220817,0.12597138605900063,0.11519764663529504,0.12213761818299772
0.13411787048560195,0.11439771564868632,0.09245250873837402,0.10748749214096272,0.11043203190797242,0.08673110478013336,0.18347838455542478,0.058875524226915166,0.11202736751592927
0.11147013018599665,0.11032708130117967,0.07284260651772244,0.12720856001698733,0.11352734779718389,0.0906222800077151,0.1514320735741122,0.10456313862854681,0.11800678197055588
0.12255953833218303,0.11081495111809754,0.07707016544028304,0.12652695094037736,0.11551998004422903,0.12630182489192252,0.07926152765115291,0.15381740420888446,0.0881276573728702
0.11297213805446611,0.08795318548198579,0.07668347402660806,0.0912496167479993,0.13044657766634005,0.12268971260839491,0.11477100189127469,0.14692750734891824,0.11630678617401287
0.08573168546559219,0.1293688773557077,0.11630757804651094,0.11725440584201734,0.12614219344691288,0.08913996749433427,0.11805253056085879,0.11989975420298898,0.0981030075850769
0.10425406242220102,0.10626319398282806,0.05798217178007454,0.10656956254959565,0.1434766223319303,0.09004779179822159,0.17598634539779126,0.10841693080279342,0.10700331893456423
0.1284337840456558,0.11909940059662501,0.07080560870366104,0.13296296226168672,0.10188059085096052,0.12411421557073508,0.07646139779420698,0.0886628890672803,0.15757915110918852
0.10182448646204008,0.1435732141857731,0.06197935587156516,0.07848417906984907,0.12203630716602987,0.11953912274412447,0.16417948252093476,0.06915974331103834,0.13922410866864518
0.12382543977636928,0.11740058407889127,0.19309100130626855,0.09816261505357958,0.09294623137131308,0.0942504548206805,0.09899851647446034,0.10548927447972826,0.07583588263870901
0.15178119413409683,0.12420892123177744,0.05708043395219237,0.08899204662286825,0.12494852369489197,0.10210906622902056,0.14721700700183907,0.0970497803137133,0.10661302681960015
0.1178273658609972,0.11419596421966649,0.07849399045417217,0.09954571840719217,0.08256327652082572,0.09096441211618865,0.16622396744604398,0.11282998761026904,0.1373553173646446
0.12260215010970084,0.1155545987571595,0.1342310266429467,0.0773878180261612,0.10643889549111187,0.10977573969086037,0.1327283285175211,0.06156433751451429,0.13971710525002426
0.12639497278039855,0.09194985194123688,0.07943107883919509,0.08178576305612457,0.12847475126593985,0.10319135674255649,0.1325945681225636,0.12380708574570592,0.13237057150627898
0.14339946346190713,0.13638642686011962,0.07748151638380606,0.10298717858682387,0.07604868247830873,0.11422035167253097,0.1313441726146262,0.09934338971265848,0.11878881822921898
0.11436806616466617,0.13807698000175225,0.08092046570156673,0.11326336389005941,0.10397860169987017,0.11033274686071837,0.1145605204930686,0.14511015504529645,0.07938910014300182
0.1581327393190911,0.17129236713562448,0.08806383008559876,0.08365327056956186,0.07963617399340707,0.1347243414833006,0.13579319942098786,0.05679597799235919,0.091908100000069
0.13520437264058185,0.09491544868700119,0.10451346252659056,0.13906483341851592,0.09300232247130413,0.110144622255664,0.10962586750797688,0.11783235959776006,0.09569671089460545
0.10516437087522877,0.1075508111958552,0.0884143509642582,0.07804955984593925,0.10718704852243695,0.12564747796828712,0.12087631336534084,0.12752174928580767,0.139588317976846
0.1314808984712165,0.12147340358631503,0.09136314326906599,0.08522775009261596,0.07761695563093252,0.10281718676664826,0.15875966847073766,0.12409489591418628,0.10716609779828172
0.0941451236813965,0.10607579551163974,0.12859353485063912,0.08232084857967426,0.1068494081752364,0.11199174427409421,0.11182687384263995,0.10649683854032721,0.1516998325443526
0.13700697421929856,0.10175243090641707,0.15500166220361805,0.10915987454466654,0.13392365247799157,0.09158306024457945,0.11464112487193084,0.09000260274150841,0.06692861778998954
0.11154243686327846,0.12269595125986983,0.07404602485006805,0.10648797912061186,0.10573964626120447,0.09460881536433548,0.1410052308987248,0.12711319935071955,0.11676071603118741
0.1167600249067039,0.10752247918481794,0.0738230513316456,0.10582653844306807,0.11320860082077094,0.11841168230950001,0.1162835919442044,0.13009694362896537,0.11806708743032374
0.12561710463653084,0.12103528705273799,0.09092769641929992,0.1219851187063833,0.09802295659608729,0.10497584051652914,0.10146776150635078,0.1316934367831226,0.10427479778295819
0.12490593027382409,0.09463934112400436,0.07976298416838656,0.08858823190764709,0.09827400269126614,0.10565115575888455,0.13221894034404505,0.15392496085190047,0.12203445288004168
0.11011645045221856,0.10139272689898082,0.13616128662480173,0.0697916814547294,0.11456921752089484,0.12481172872053303,0.10604554222294155,0.12505332556334994,0.11205804054155011
0.1153877146422605,0.1337390243066075,0.058938135596771246,0.10292344393620985,0.11386651333345305,0.10330604295124972,0.11495576932876901,0.12881705204360674,0.1280663038610723
0.11065790031475468,0.14113706346248514,0.06725942331263161,0.10351848773056384,0.10197113000713809,0.1131334909744689,0.10949989666144928,0.15285785109790367,0.09996475643860471
0.09633342869194968,0.12219722582227338,0.07461060125442341,0.11463519049825406,0.1713273029399153,0.10516522101769336,0.10467339839328149,0.10667653165349239,0.104381099728717
0.06781302865419402,0.10978369555399026,0.1931331593640321,0.11526296995836705,0.09088588558779274,0.09996978440137899,0.0811418658881161,0.13546680106216827,0.10654280952996048
0.12083419367074255,0.10970670045884941,0.09673569972359329,0.10572246161017035,0.11587183877053608,0.09898626352867913,0.138058082459351,0.09694601162990606,0.11713874814817217
0.12938625242760474,0.1349536619677931,0.06825652423729331,0.10240865450415958,0.11708647069250426,0.11154881637879334,0.12559002907152314,0.11206974232946372,0.09869984839086486
0.12117152199778199,0.13219151000153476,0.07815059044432547,0.11140265524111666,0.09101572658823846,0.1043849883406327,0.10413199180336045,0.1083813068940374,0.14916970868897206
0.13719438213069574,0.12237726556358404,0.07991393026646117,0.08736420218318902,0.1343186618745453,0.09636682872901142,0.1671793647507286,0.063748755223089,0.11153660927869574
0.10912142824961966,0.10846330460417526,0.09818454481985876,0.09115472524821551,0.12345873769949485,0.11659084352345951,0.11961173030534931,0.10268214936472903,0.1307325361850982
0.10604174656046923,0.11526564848232042,0.06567903063913612,0.13651723331516116,0.12900310662304917,0.09191387569544605,0.11645896432657295,0.105991769875124,0.13312862448272092
0.12219585042060244,0.13559323270126558,0.11467528408162458,0.09102787487445514,0.07969172595067288,0.11339267822762307,0.11420208696249316,0.11024538775796809,0.11897587902329504
0.13000556307708888,0.10548432849083196,0.06076727255890541,0.08415639040573625,0.09238157147228461,0.11230138370830549,0.1447567053736821,0.10794378202082615,0.16220300289233916
0.10942925014083305,0.14491325458267856,0.07364828917469979,0.09156393819315146,0.08838209802526902,0.12235766517954556,0.11787076181771582,0.15352429815001498,0.09831044473609178
0.1079794998136054,0.13219958583152694,0.13079573730849478,0.09143113631057025,0.10437420983900918,0.13917442618533046,0.06546826578469712,0.1581121283191529,0.07046501060761319
0.13573834513324812,0.09347654176278752,0.06253183874883317,0.11495125986770882,0.1274217081579501,0.09957430002227974,0.1338131424438075,0.1080742674225883,0.12441859644079678
0.1081240317624448,0.12096264045293144,0.07483648763359632,0.09316278313680236,0.09961762678252799,0.10726223578661435,0.13079911971410216,0.1465697886911382,0.11866528603984239
0.13456142899375403,0.12063251625543618,0.08106931996401484,0.10315279236996722,0.11483625642920232,0.10302909825676872,0.13671464901938304,0.1102382256038625,0.09576571310761113
0.11265769235566096,0.120667351821886,0.08796363848063886,0.10889595671313461,0.11064765835341052,0.09567018609172946,0.1348487356771201,0.12337753717350415,0.1052712433329153
0.09755084144695976,0.12411278993701158,0.07214524535458981,0.12653719771892144,0.1199291425892418,0.09319468562219359,0.12239134151024479,0.12117764460345486,0.1229611112173824
0.11696965978129459,0.1293430567601425,0.09740383623324707,0.12750328967385213,0.11021571771261347,0.09659761041917171,0.11693224551665654,0.09926422036173861,0.10577036354128333
0.15403173179183982,0.12982639082951455,0.062221648039845555,0.1644485568893558,0.12621186654347794,0.10678109156996278,0.08572090170651635,0.07994677742142514,0.09081103520806211
0.12346692593485564,0.14806307370404692,0.1654653254682281,0.08207726319668464,0.12157954313980368,0.11538413073109233,0.08971951166957522,0.055895143222151784,0.09834908293356154
0.13471086953228872,0.11141713915549074,0.06870970010988478,0.1040434466361811,0.13480040459201334,0.12128604436690106,0.09754129208848304,0.11961287004065445,0.10787823347810277
0.11615892755824708,0.11495903411637742,0.09524924346311943,0.12449453041590597,0.12287574724292323,0.09937447882488111,0.10813669352026423,0.10045238713904232,0.11829895771923915
0.11514443041326113,0.11983579797992434,0.0776202296733463,0.12246254211627078,0.11657308368446728,0.0961458343761783,0.1270598190308937,0.11530251686074862,0.10985574586490963
0.11559670393883759,0.13256794270537986,0.12327109017965976,0.08916565669008876,0.1182786299013257,0.11334950513001148,0.11259268417893414,0.10244610196662374,0.09273168530913896
0.10882238766327039,0.11880792107801628,0.10668190988651743,0.14286791820823638,0.07056218773083074,0.09311960999052528,0.13040245239772397,0.12657648814390038,0.1021591249009791
0.14327365190162802,0.1253412661352885,0.05372923589608274,0.09951765151409746,0.11098416350715601,0.10424611122677585,0.09673592401709008,0.12459476341831165,0.14157723238356967
0.11535685221693626,0.11050864009140933,0.07996238775828318,0.10411832963039158,0.14026352271122197,0.10430108825993434,0.1287949835891005,0.10707361178522996,0.10962058395749281
0.10688616317351989,0.09545752506924311,0.07892201291529077,0.1165561728665074,0.10998106865892972,0.10266605717175305,0.10989547905211484,0.15357568286934206,0.1260598382232991
0.10339371735537474,0.11895571049675775,0.07860914293890951,0.09983571218332615,0.11858439323996121,0.10325947052430941,0.12665617805378024,0.14785508248475057,0.10285059272283037
0.11804438853252731,0.1290874152955396,0.20087225903237485,0.1111424068881461,0.10731978228928386,0.10676957309090569,0.07644729026817627,0.07173428487282855,0.07858259973021774
0.1295191022028412,0.1205555005486348,0.07481644640354194,0.09363020105633167,0.1074807846816191,0.11432849848598842,0.11289796664647339,0.11624968781932925,0.13052181215524009
0.10286513016441433,0.10909607967053832,0.07705964517208005,0.10831956653032619,0.12618695451722486,0.10699906628456086,0.11245094163870405,0.1059632614215394,0.1510593546006119
