0.08233313826551798,0.40017661750185946,0.2281083480751549,0.020926543230566325,0.09053796852496199,0.025107735556819097,0.023096742057162726,0.044820649786807804,0.08489225700114976
0.08855375795103095,0.06929188077715452,0.046046331492238045,0.08424579735552608,0.3774727055381056,0.05128250517481856,0.05332404566193904,0.10983851063375005,0.11994446541543718
0.2704402048296464,0.020451614594035702,0.018101764479577186,0.04104339970652046,0.1398351666312653,0.01633758354141852,0.017243574584007406,0.05995081460741678,0.4165958770261122
0.2090582535225601,0.013277812903156008,0.02546233923451378,0.03177315521021501,0.5089107069649249,0.013402868502233697,0.01627267141704608,0.08763498533680285,0.0942072069085476
0.059249710875858556,0.01019192424496442,0.018800653021311408,0.0841584538422721,0.0332907413390383,0.37775968355553785,0.10205968495074225,0.035633583766302546,0.27885556440397263
0.2156699205505992,0.46358944637145855,0.14574710177324465,0.011819254562716689,0.022053055233683155,0.020882191056523267,0.04278084186434261,0.01973533293668814,0.057722855650743615
0.3262125060419215,0.1856945271030271,0.08648463599747863,0.0991152867769232,0.14063005769025808,0.015546618448286573,0.045468959409993855,0.06268298028206233,0.038164428250048794
0.20691125381344408,0.11313429505034776,0.04597400530605708,0.0870457634516474,0.21340342292334222,0.0235621216434527,0.04739118437801753,0.12934928419145125,0.13322866924224006
0.40244238715323694,0.02489319251181024,0.2028808922596138,0.11870721942010513,0.04688509643296258,0.020894007834667907,0.12317792231350799,0.04767616683976814,0.012443115234327208
0.2619895797412816,0.016736502597206004,0.28197620922896216,0.0467460335174791,0.1124646290699451,0.04451763432059234,0.1377400482688128,0.05760108287993837,0.04022828037578246
0.06127346418387913,0.20630230698532862,0.04550593779044595,0.06055431598407529,0.16082112186332234,0.048413242638953545,0.11006384441414209,0.14443566430069057,0.1626301018391624
0.11765279561466974,0.031134797582649004,0.019016997243524684,0.02304383601512829,0.2989138898467705,0.01647338115852572,0.012161781176308421,0.19554514950054636,0.28605737186187735
0.020985664012921842,0.013702268708750897,0.13488526823267646,0.02505240587619452,0.044994756473961554,0.6396875480461546,0.035644322839924476,0.05461547529244468,0.030432290516970942
0.209349302987725,0.129057667508831,0.0922845904884421,0.0563739425397387,0.13267984504906635,0.10883470511296377,0.02942479213885632,0.15201460238297995,0.08998055179139679
0.22879787651065878,0.18396593936418146,0.2360000792419413,0.029555088498617526,0.05706610600455936,0.0389492243291554,0.12647815491481054,0.022690685485967695,0.07649684565010799
0.42874717381225586,0.04952655094608677,0.14424276537065914,0.03410683900942191,0.15764471336724675,0.01984449214938007,0.04582262399521584,0.07817868173290425,0.04188615961682953
0.14315921379183277,0.054796813262860344,0.06274826060300269,0.0644249875236998,0.13099797856007944,0.015006395902941496,0.02102110094673856,0.059068188210438945,0.44877706119840594
0.28668333204240604,0.06887893357185625,0.05990200905372961,0.3021196900918372,0.1235335501872915,0.020031024787573525,0.06808536716095863,0.05150563837660979,0.01926045472773748
0.04391111651933297,0.6030421931166827,0.15842618530650887,0.005552913431332913,0.05004088377331742,0.013089297858869984,0.051145515917988806,0.02660255243429645,0.04818934164166988
0.0654398864294906,0.05373725830937349,0.011230667731625626,0.015742639116781188,0.20718733948628054,0.04039771380971812,0.0071252000513745,0.5603714569752892,0.03876783809006673
0.039134579316221045,0.005183448082177705,0.02762965379022182,0.02997041443476524,0.03017387747490796,0.6458709192587881,0.0741612240208132,0.06412244370661208,0.08375343991549293
0.08782027560947832,0.5883770040059536,0.11439276324386272,0.018257235962994462,0.046684582629109385,0.025618833887390845,0.01736028203378742,0.03795855512347426,0.06353046750394906
0.11609311670644007,0.15647569677244008,0.02243813270365741,0.3899651226797265,0.024164539405702925,0.053226480106177865,0.18823028847774367,0.03415442793136712,0.015252195216744327
0.04147452180990847,0.013331926209671038,0.3429233684350585,0.023545525371142056,0.024629342545775604,0.07076689502203787,0.020312797286229773,0.06340016969913903,0.3996154536210377
0.10956125621723023,0.03408042196159253,0.07067027863256918,0.13421156713900387,0.4359092293598453,0.0463897021283739,0.11301596757769472,0.021986379624254083,0.03417519735943621
0.0326906275811062,0.55451332862253,0.16612317923487638,0.0493971951071954,0.035494866707134885,0.014387216479603218,0.04137430831829886,0.02199233861193754,0.08402693933731764
0.04061807379098794,0.08161382178155904,0.1627089355124118,0.5385236452487031,0.03986517185066796,0.042486482210457886,0.03177006147456073,0.03393400334595876,0.028479804784692767
0.13303563975236782,0.033600367920346035,0.03711970844632001,0.02962404530722594,0.27943444366569886,0.0330143194695816,0.014335904936401321,0.08769636140598441,0.352139209096074
0.2222950185408499,0.09358728921683618,0.22321955949112238,0.021645206549237867,0.3265704354023726,0.005566417805758036,0.014176059929423676,0.05997717538052927,0.03296283768387006
0.16391439915570452,0.16300234331977814,0.07335800484058368,0.07552212364068332,0.14512324741101965,0.0833930344530165,0.055097358502469364,0.13177309869982118,0.1088163899769236
0.11864720727482575,0.039692142375911336,0.06607617911297074,0.10409965580266965,0.03552275377749601,0.042131667660000954,0.5130829490204784,0.03739682793368519,0.04335061704196194
0.07069583451731239,0.37802398769209256,0.19544979141022548,0.1507503762726542,0.021161940162743465,0.06991292499314512,0.04020817491514123,0.013147977852029149,0.060648992184656435
0.1951874583013963,0.12178649868567033,0.1552825216048925,0.08183540830310908,0.03637742437225483,0.1610412339361982,0.012475247614436748,0.16531140393669005,0.07070280324535184
0.06562588791832491,0.05125357893879995,0.535307041523443,0.09850159281621547,0.05242697286994661,0.031198016701222575,0.059030625241238,0.03786186417274201,0.06879441981806735
0.08614888704237349,0.022863109858847982,0.21944361028032802,0.08603593596274628,0.08334121984655139,0.03399175692529567,0.3799816195300994,0.06218691691155024,0.026006943642207497
0.07263625385062866,0.3940115758836024,0.10144344563225925,0.03592596228501014,0.04507633659632713,0.04182648871443406,0.11278275698297834,0.053860094459285086,0.1424370855954749
0.2738353531101996,0.06732853179545913,0.10854152129510682,0.06869335691896276,0.16855943469246726,0.02006386285200869,0.06927805423691565,0.16550657050213768,0.05819331459674234
0.08604750435906226,0.006918922492977567,0.2048384918168482,0.031116864681963435,0.04885606482876891,0.2477263950932879,0.059769779923202405,0.052319940557065216,0.2624060362468241
0.21232277353753845,0.08392381521837122,0.01998412948389045,0.12375370065433071,0.3175856831636897,0.041919984850730035,0.015062487470967736,0.1301631536232668,0.055284271997214925
0.16999683386921963,0.3068498183276122,0.07452095626595501,0.08544762638976004,0.12040509508801034,0.03305013524995484,0.04857763977279006,0.10858027841902455,0.052571616617673345
0.1794022163212604,0.0737241644346066,0.1700567488812623,0.04713344152316982,0.04765122434588944,0.10220906759559874,0.06504194849050085,0.07485411915532064,0.23992706925239124
0.16357409560007805,0.035764148384238144,0.02061260081888023,0.01968057966270739,0.0527179957235433,0.008638230884806695,0.02070719801740639,0.6459248517979241,0.03238029911041562
0.3030415098149108,0.14829892382619184,0.21861070479564804,0.033153336831252204,0.04304126319921792,0.010494850268603062,0.016882352248499783,0.047592162560120464,0.17888489645555583
0.2137782685403897,0.13707353497151922,0.04244023255300194,0.25599020032623737,0.019513681783377496,0.12776934458780242,0.06801358556756894,0.0526225122359737,0.08279863943412925
0.08702503784465593,0.18060240511210637,0.16429149482365296,0.163134036344,0.07642429457257077,0.05442531394067576,0.027222773816258195,0.09326982389219186,0.15360481965388825
0.1647662316768838,0.09663775411873154,0.04968619237612456,0.21076637203179419,0.13629065875579569,0.1602552556401949,0.06960440832762037,0.03988980295055908,0.07210332412229585
0.04410346070809407,0.528796701876408,0.10151360678206235,0.055640010838223085,0.07671093791794116,0.010627251113001732,0.1144255600491898,0.02499488875058271,0.04318758196449692
0.14627817782944474,0.0055380709187525315,0.049015525523390426,0.04076924799905544,0.2725911271539739,0.015079438733162448,0.020024176753465513,0.054130363158943595,0.39657387192981136
0.23917612298298274,0.13547197557050292,0.06400108601930353,0.02251526820690701,0.20334673031086992,0.02964799590726506,0.017988794794590517,0.1253101668011817,0.16254185940639665
0.23943870663346664,0.14928868791290567,0.05961785460760279,0.010474642297816285,0.24256359957436033,0.07180175885454056,0.019455898853939783,0.06794125726944017,0.13941759399592782
0.16153273626084266,0.044360824022279165,0.053146448951187975,0.10005464359222556,0.06290141370883712,0.0691419282732572,0.42932557386436393,0.03555090023948585,0.04398553108752056
0.08879367004230791,0.1467555850844608,0.03472867462262399,0.039949264190048066,0.03512779551050046,0.022019664995179277,0.010220283707886715,0.5253199756749255,0.0970850861720674
0.160165916953276,0.040895197342694846,0.02450804225623886,0.048934668834350076,0.18710519122232835,0.02151175415167268,0.030314862322243823,0.3164333104456863,0.17013105647150897
0.1205419394624555,0.4349206745455058,0.060723826283586996,0.09320387488662067,0.052317363899216124,0.04738279694999072,0.03778020413642046,0.03269778215867044,0.12043153767753324
0.2866797764054623,0.3390498518148582,0.2158249425986443,0.003848657633500866,0.03365292233980852,0.03977906739146516,0.04385792249327719,0.021340755849392833,0.015966103473590638
0.31774060787918423,0.11162300010581727,0.04505626832804213,0.13468202484712122,0.07066373906403033,0.010307591229091433,0.012396913168366568,0.27136967446455595,0.026160180913790743
0.06629351446272279,0.09216043957522028,0.14001815436109585,0.06533208795549482,0.042214823062818714,0.11744990115054955,0.4073504999719672,0.04737467236856669,0.021805907091564228
0.024154365880985202,0.02517136467950411,0.052669119290205936,0.17662959250629764,0.11510544853873296,0.1581289321446134,0.14633457503503292,0.03106074870103424,0.2707458532235936
0.1079262128776793,0.03218462340848089,0.027355403282869607,0.09169376736732475,0.19276042389707224,0.039777893377874005,0.04388685172936008,0.403031063279691,0.06138376077964817
0.16310209541096107,0.03632737927163566,0.09282803060925653,0.21422159729642473,0.11540455180067273,0.11459921658787832,0.051254391839826,0.06077846512659868,0.15148427205674628
0.10158888455898231,0.05912419931546046,0.02461537640602167,0.4859134907612092,0.039376777215642776,0.1361075934687096,0.039481220183149854,0.02251404430814785,0.09127841378267632
0.028157723322584483,0.5457389139066141,0.16915129218339378,0.03325300986091075,0.053485245613710576,0.055665830556388275,0.029516191460774,0.03054490573428492,0.054486887361339165
0.036673836955723335,0.43486406611430334,0.05376584489234543,0.006768681384393124,0.054705753466744965,0.08522455149328788,0.05598605064464828,0.020057777331089814,0.25195343771746387
0.020387098657257307,0.018824744828881433,0.02033556105533935,0.02251419263723203,0.05577098585720267,0.6321728977749912,0.09518602438145868,0.04785989332670143,0.08694860148093597
0.07509867536743786,0.5536468115892467,0.05998263289655179,0.07058304159363941,0.05493492977261472,0.017848981865847866,0.0441391216424987,0.016381710965281952,0.10738409430688112
0.040472068056495454,0.06853382114378326,0.27736051527769695,0.031944416368008516,0.02992085140088291,0.1146523162457647,0.02088376230909053,0.054985880284400906,0.36124636891387674
0.1281359144876271,0.0420183171928064,0.04289546174154168,0.23997862506679923,0.07051570270066164,0.24018996845689047,0.17673210189394126,0.04572248809202887,0.013811420367703367
0.13688255042596822,0.08118366587332905,0.030369804471545556,0.09735402903349522,0.11571287100051529,0.08350546590994706,0.018629069397596818,0.12891938454364715,0.30744315934395566
0.06530444823356575,0.14189148377751745,0.23172732451605274,0.03894843682845519,0.2190089352893986,0.0068903725824974865,0.03939985559142816,0.0882025824520984,0.16862656072898619
0.18041939561591772,0.4956331692485662,0.04636023438327205,0.04333107989239915,0.04023187326834978,0.021812000708315862,0.08556369418627426,0.016072588568975258,0.07057596412792976
0.1140651348193114,0.10136799725399677,0.1766585786577127,0.033908899832773884,0.14915793545232703,0.091036239634819,0.21688434034044957,0.04962317696019522,0.06729769704841443
0.02848796141004516,0.08704798630443857,0.06519127847681791,0.009886239363699645,0.04725668950229591,0.5777200785833555,0.04008811802508482,0.045319923985748266,0.09900172434851423
0.06752842654411405,0.04527980628574988,0.08983130682889233,0.4032489725785558,0.019735070077120265,0.09291743075364108,0.11914692620584189,0.038381387029647406,0.12393067369643733
0.2888160410286422,0.048796680259996915,0.16617366058149285,0.032711676983755926,0.04331284031104499,0.06519791245291966,0.2505956133240353,0.03496809794211317,0.06942747711599903
0.10254756339769024,0.0881847948364493,0.18227189959032788,0.08318100588498802,0.09194594142660202,0.09606792133935778,0.03506556396793025,0.1578481651123412,0.16288714444431343
0.10453390941734798,0.1044286383646697,0.019547178259657304,0.28446830039409216,0.28876976500783436,0.02996774120540671,0.007574582078428939,0.08462377241709086,0.076086112855472
0.04301034549956595,0.37718049580577806,0.037902051522007534,0.06741924889992634,0.16044966534515492,0.028066229629692685,0.007183770397035899,0.03715907662729332,0.24162911627354533
0.20169544523858565,0.03564002814583738,0.21832487337738335,0.3961215573885479,0.008784910178064405,0.051061641482118926,0.049700864795253034,0.024233195665232226,0.01443748372897709
0.03297129307099172,0.009717486220495985,0.14633512835467224,0.4420272449698695,0.036742397601564475,0.23400206208401353,0.05812858102237079,0.02796131386002611,0.012114492815995553
0.16730160189940482,0.09771554979189671,0.036904193708460716,0.06111905393375353,0.3791595600034295,0.05200036855813014,0.03267726743101779,0.0995830520755477,0.07353935259835916
0.03752822615400437,0.13079150692777822,0.25270576069199446,0.14166755200561834,0.026994903771717118,0.04060465556477919,0.26578108076538154,0.04942320984471992,0.0545031042740069
0.2058451400695899,0.022807163905765256,0.32360729601984467,0.034735657717897106,0.03199487588940035,0.05297552106397848,0.07963123002450932,0.037393960011675526,0.2110091552973393
0.1708614453134605,0.12173154280545606,0.09461565710901765,0.06909767270644059,0.2417767642991322,0.01683855934606752,0.029059136190973542,0.1324477481531685,0.1235714740762834
0.2413557885685367,0.06542179949434648,0.04637554173462186,0.07842361888022187,0.2406889241907617,0.044122253671712214,0.04551379973997461,0.11968181081847208,0.11841646290135244
0.14628235941290987,0.05500981559958864,0.017664982862458187,0.14212316523552443,0.3372207692171521,0.035952753949648246,0.033891941088681724,0.08105798657745546,0.15079622605658136
0.1125574928752332,0.015376947522298345,0.09384433458981319,0.0681731815953283,0.02300545795753317,0.0854574074268339,0.03105578127257323,0.05040084132519862,0.5201285554351881
0.25253880991324246,0.15099426668105606,0.04223824524583209,0.11423588255446082,0.0675723657661046,0.09568813768463284,0.012292556710292007,0.07572509303756458,0.1887146424068145
0.4441344926287827,0.03720100285731607,0.08837255954799234,0.11569923388703492,0.1456243465941507,0.01893551686853892,0.02184227460717517,0.07243935341244667,0.055751219596562346
0.46738931142214707,0.11953423285517402,0.09040848875463513,0.07780041350846705,0.041298319417909506,0.018098975631639858,0.051684501713203025,0.04159967732027842,0.09218607937654588
0.17606671770721252,0.5147104437196847,0.10840003523127367,0.02236659902458316,0.05193783372604557,0.022013694657546618,0.024160974005208755,0.027244122371605246,0.05309957955683975
0.11729262430343719,0.010298323071876074,0.06233747675469561,0.044539136036206996,0.4328437440522359,0.08711473634431877,0.014549576887873833,0.1175729181942644,0.11345146435509128
0.12230693589662504,0.06637786262128982,0.01726350077177639,0.02189353075191468,0.08959880620711354,0.01892322423443325,0.03883387207478027,0.5835367435952952,0.04126552384677199
0.3636846442238981,0.023639351698299046,0.038293622624747094,0.20109371861199118,0.11223491880717107,0.022481656255729246,0.051553647088537734,0.07100641852574645,0.11601202216388001
0.14241126512590266,0.1646235181116111,0.07792426733966297,0.05884207442218995,0.10645953630407907,0.09060911532796721,0.1478425231358376,0.1502540756870954,0.06103362454565403
0.05656981047588532,0.029021922289474936,0.12186621051238551,0.3535750815522351,0.034926173663860784,0.27411256763350794,0.06253555044422245,0.05170839998794805,0.015684283440479927
0.0867361582575084,0.43674421747372155,0.16190665139039995,0.02061405394551662,0.05738218293704519,0.04860606197244858,0.026827384306607596,0.02106848697635667,0.14011480274039548
0.15453129588401865,0.08812973635001177,0.4370731103294778,0.0193419467808919,0.028320385718280022,0.10274285830542933,0.11192876807012299,0.02455296252601891,0.03337893603574865
0.09090943235987793,0.12295968299141435,0.45976507722196974,0.034842166203659826,0.023981728077087944,0.09532434456514462,0.08327385122877341,0.038143955081530706,0.0507997622705414
0.07511305907355992,0.1533970695685748,0.034566199683089195,0.011936034814668206,0.045719769214413675,0.015548463488891327,0.02981495744517403,0.5933695428378168,0.04053490387381203
0.18013481178748236,0.05004743000376078,0.05629951760926402,0.06087772902837193,0.05802007292255148,0.23660453190552497,0.026602710485900516,0.1449706075404054,0.1864425887167385
0.3631686416957056,0.11749520417615071,0.03912470943055451,0.06906835332052916,0.11162705375697217,0.008063556513281098,0.02546210612503211,0.06447124106971015,0.20151913391206452
0.07880281145339611,0.061499523530338045,0.0518250832362138,0.08268878206400598,0.21041072330557345,0.31136896121738117,0.037506388570409645,0.10619059751814432,0.05970712910453749
0.13035626894281885,0.03263207613139433,0.02163661699079976,0.1390482740093925,0.02393604577827822,0.43285750522638416,0.05286595136014832,0.03260814929267052,0.13405911226811323
0.10103858420902494,0.114326580294502,0.09558820498057578,0.18233286640015467,0.08546141121736806,0.07128450208510129,0.055211655109347085,0.16794901026676182,0.12680718543716432
0.08573033032625482,0.19336575551872906,0.14985753573407098,0.31118809028641664,0.03783535806546424,0.06213209133689295,0.02899589021045478,0.05114304117899928,0.07975190734271716
0.20305236736640545,0.039341851647236394,0.38253536225914225,0.06732085484454957,0.012227143060915062,0.026271051510338275,0.21762692909510176,0.022160510330627065,0.029463929885684196
0.06396899770356623,0.03653470636098822,0.5041509247836248,0.029735649057267038,0.012299690331442126,0.09885684888242167,0.19492969854723333,0.03467964062732327,0.024843843706133347
0.15651623473626874,0.011420196304415807,0.02306406948750041,0.05033578432028269,0.3228245765475211,0.0845453345076314,0.08953734132528846,0.17463436802113755,0.08712209474995385
0.06878599058624045,0.13703505741459313,0.09787685619518936,0.06571813404933667,0.15836759933532243,0.25564473639390967,0.05171552612403305,0.059294000093151965,0.10556209980822319
0.07693744254485628,0.14668209182956105,0.5347918727672929,0.07826949907272845,0.023740591498205704,0.029125949384995287,0.042900046569894545,0.017569998123791623,0.049982508208674205
0.10387491480368737,0.09891711999076476,0.04124008255466655,0.10002303796411958,0.02782767798813533,0.046684754611795304,0.010433309645560303,0.2565412940187931,0.3144578084224777
0.07786111812935291,0.024579843356262582,0.046405765987894594,0.05210951444702158,0.02536445712887879,0.026124051358611206,0.019586453655397972,0.6058848778622313,0.1220839180743491
0.2837097972048033,0.11922407202254981,0.0359645652699552,0.24989966216583046,0.1697558554961421,0.017438257690844516,0.036015094276125426,0.05451061724787504,0.03348207862587419
0.06370159673440236,0.27347510997855135,0.029885945380861468,0.0643318906554225,0.05871971187545941,0.21562893574403583,0.028093860739908813,0.1790361924263483,0.08712675646501007
0.10595703476672796,0.5626320860322723,0.024596972746150317,0.05651333952112425,0.01117469176731599,0.07271375282441832,0.031240934718008095,0.044157015083221555,0.09101417254076116
0.6047124771718662,0.0718896346584083,0.03465401542561548,0.01425472996133604,0.061344121033956305,0.05940180481120788,0.04542021247612795,0.05109777643441878,0.05722522802706318
0.03624630506659535,0.5598010409978752,0.09314659636393659,0.035676428086915006,0.039663066580750035,0.04204505469058819,0.04108561718557054,0.03044179771647103,0.12189409331129807
0.4907777943071765,0.04145719280984502,0.07583430940565371,0.008266009346105637,0.2300720383691106,0.013007607875573765,0.02980692392179345,0.06068021025316356,0.050097913711577735
0.07743865642915687,0.03536892919993114,0.08703249474534112,0.01573084163559286,0.33882125198436014,0.04533973800392919,0.021825218347326734,0.201854701471449,0.1765881681829129
0.17227832801795273,0.07566747846922926,0.03651114794753118,0.0300023002729753,0.11149653987021792,0.03770426826682615,0.02492530329394227,0.462616518466338,0.048798115394987164
0.34935513224979425,0.03579580025866031,0.2011107618664655,0.021515274702208455,0.18046381670349354,0.009774646462807094,0.01828296593718701,0.08092428708747552,0.10277731473190842
0.0885916384730182,0.5582624301101651,0.1691558267624317,0.01814004171908283,0.027470541849363955,0.03073890043904016,0.030809967378696932,0.024445655449229508,0.05238499781897158
0.23948498094427684,0.04425585187563281,0.0298474783315279,0.10415242141030497,0.17307133906487937,0.02225712988802692,0.027166754474851063,0.2994994710368797,0.060264572973620555
0.04448962337401003,0.1372184426020895,0.05102039353235396,0.04717487161145185,0.30541366896316763,0.128721683489511,0.12295205414495995,0.0361977028101795,0.12681155947227662
0.20136028007406045,0.17571277855078785,0.0694238614188969,0.17638450513594564,0.04048050716246104,0.0846641103053063,0.15879693177313456,0.04174537928312438,0.05143164629628285
0.48226522720746323,0.08357142424057261,0.0732047751462593,0.04182276494241636,0.11805468907602824,0.0196193922357294,0.023036434164550784,0.09084267410038403,0.06758261888659604
0.07528736439734736,0.08320461509315696,0.06672623613205184,0.03518864145593319,0.30469056137270173,0.1333534051342062,0.026266330039634158,0.07147631818548972,0.2038065281894789
0.309702150150677,0.027316794996679754,0.21375692965553525,0.11859506650170054,0.09091121887547383,0.024716237374443954,0.01630146831904017,0.0202939611927976,0.178406172933652
0.06899677395252451,0.07564874695705393,0.07972174826277252,0.10914182668485817,0.05851635230696466,0.034653641647269036,0.03645737572327425,0.03677256269866134,0.5000909717666215
0.024529625060660587,0.022928320920186752,0.15869165989076653,0.5985076701840133,0.03317337393590615,0.019898970419597192,0.07984150294388338,0.030154626098205264,0.03227425054678098
0.15347245980136076,0.10457526346410018,0.06562876209290287,0.03878551052306143,0.272286938503333,0.07981647364432291,0.028853265801191203,0.17525476769165316,0.08132655847807445
0.09756639653645004,0.0026103530875941252,0.12931365401223172,0.11353250323592133,0.06187062955789224,0.07704508555117101,0.39510465056260796,0.04307649259505005,0.07988023486108146
0.15083710393799865,0.1673730002702366,0.07245308309297312,0.02320892681227979,0.18269583398344438,0.04648910710193389,0.060415444621839266,0.10072835659039164,0.19579914358890269
0.19040531231100502,0.02153239317779719,0.022222165140586003,0.1364973989880592,0.20683957566748104,0.01548372420531602,0.02263373341865334,0.20406670517615597,0.18031899191494613
0.2592080199684406,0.027841976998481625,0.06310300129636791,0.058938646867575904,0.10733573156304915,0.04293600500827227,0.07038934386075178,0.2764962287711339,0.09375104566592679
0.1617104536662121,0.19730759243810472,0.014515379190367122,0.014867358528590585,0.18157743192458922,0.08816042462128504,0.0083935123351863,0.0364905295478798,0.29697731774778513
0.2403996649083858,0.01098478309050325,0.2490528548426084,0.023352481403566317,0.018353749440871994,0.025548405842157135,0.39088006513310836,0.013993204006199416,0.027434791332599396
0.04544085388099852,0.05201026011032219,0.06683521930403669,0.0936059225602262,0.10531390290403912,0.03811145746443526,0.05968145439942043,0.04027096889481758,0.498729960481704
0.4232297865897383,0.09383037637603925,0.030453168368231236,0.1587289477321965,0.040656359644842176,0.009901304791991914,0.04799574674278769,0.14479843429951705,0.050405875454655906
0.1978629024705358,0.0378174461735123,0.04746614208034225,0.46441892712952954,0.10345733806968445,0.03389883305495007,0.058719885120758646,0.037203323242568975,0.019155202658118032
0.11532520024755409,0.07232544070689056,0.021666724145641494,0.21681589639452115,0.0605711818273468,0.04703340623755991,0.046615813810938996,0.26152208428808676,0.15812425234146024
0.08678479604259987,0.4992744778562579,0.0425347303757651,0.032971211590981424,0.01657612534343236,0.0803846115400728,0.018958022806144535,0.024677627362158158,0.19783839708258788
0.22558096008215203,0.07822892691245795,0.08592927786743003,0.16611969139358268,0.17349743076358426,0.007940648576982566,0.056219338303298,0.12017072379601,0.08631300230450245
0.14719511525468146,0.2791885419965326,0.10390813475719303,0.07576306862245434,0.11667671381785667,0.06387161959242722,0.030419740632173526,0.06924513179052123,0.11373193353615983
0.060699534555941265,0.02492971015009321,0.12774270075610625,0.3876393282684208,0.03183048896846274,0.2792371057133505,0.02574972493318295,0.03763500631274569,0.02453640034169662
0.03327793695784937,0.18762051786874667,0.40238258291426465,0.06876826392887879,0.05980790264807281,0.03600092570849086,0.10844428929492365,0.06499514475953828,0.03870243591923494
0.4440446427096189,0.08689669836038584,0.05562893955029289,0.058621171472398204,0.22321394564436803,0.024143410572420976,0.02488140879495619,0.051409568928329576,0.031160213967229414
0.15147280752588996,0.06806242908656301,0.055247799621220624,0.17341307694046784,0.267658134341539,0.02854784465591102,0.035720784821874935,0.11326039865390392,0.1066167243526297
0.3990622253394653,0.050570906739691446,0.01908534037680841,0.062168278843678336,0.08329589879348646,0.14389063083631118,0.03971054829680845,0.12899020388154755,0.07322596689220291
0.3634866034760788,0.09879225156262311,0.03846232121792863,0.0648585572620001,0.16205439500309407,0.04885990079099156,0.031825374937760276,0.1513327224722225,0.04032787327730102
0.06715068815886317,0.1417412091386051,0.2013544965333928,0.06033706977459685,0.0936620736161932,0.23385959230700673,0.07292816892535739,0.054943427940668664,0.07402327360531606
0.04393108799419846,0.42961719470224047,0.23411603802512768,0.026826930976546693,0.05949503310785278,0.12222746646846878,0.02869581755452184,0.03242640806732927,0.02266402310371406
0.3848148957056657,0.028793827084751217,0.06797885172186492,0.2606310987424971,0.07488951203219507,0.05082008918069083,0.0176218305514971,0.054446852872059685,0.060003042108778486
0.43560448694891046,0.0057608870518559355,0.029071479484099733,0.07534960895774223,0.09303211335025013,0.026480851256424947,0.0245538416903027,0.24927486878805996,0.06087186247235377
0.08979784866496077,0.026929954847757957,0.6208849446770485,0.05756237131814947,0.018067246769843757,0.04946761218241419,0.0713410113007179,0.041842739238437045,0.024106271000670445
0.3313014529881302,0.1976396305565322,0.058057409185322345,0.039585300289969746,0.05515500641387255,0.0111735927929855,0.12873842489462003,0.13191076617068487,0.04643841670788262
0.5655603117427116,0.016304113831182906,0.027682048215920883,0.025910221997449034,0.16096383003571824,0.05532670668984835,0.0238153011945636,0.06251366946017127,0.061923796832434125
0.10699692443709136,0.012577084484910283,0.0076670139786583595,0.022520351007865886,0.0279711895674993,0.044559931908854065,0.03226344321540411,0.7046336521737923,0.04081040922592443
0.033778822405817276,0.1034437175092698,0.17655594100383185,0.3918746765579077,0.06505000564597156,0.07242496325938194,0.08160950730038007,0.04388058105497725,0.03138178526246261
0.0462158420713534,0.5366937401185056,0.0757269020700354,0.06130072840023506,0.049724359005543374,0.018860051008536084,0.14408806566643065,0.019947234119830303,0.047443077539530205
0.14625601044659906,0.03416648325666456,0.08771063244668421,0.42860014435694804,0.02135037307215334,0.1385790162374759,0.041841711858332443,0.045475531935842674,0.05602009638929976
0.37731903498851577,0.022338269248367303,0.06493726340982797,0.025060201042528273,0.08591030649543452,0.00600769294593222,0.06489760326751463,0.16905097118681964,0.18447865741505975
0.04282136683148505,0.5784239696199241,0.10850726607010347,0.017198705041195264,0.02471069616809361,0.05398933130435407,0.0824831522271529,0.01989928330625423,0.07196622943143732
0.24649679940138083,0.013713249413229163,0.05404741872440389,0.09375323781482177,0.2580909651774074,0.05263517318258364,0.12150904510728681,0.07370567340900691,0.08604843776987954
0.07279045509234577,0.012482885821108063,0.09982756623288568,0.04052480536971954,0.12338889170510721,0.412443221434637,0.05582229715597924,0.10006568082590837,0.08265419636230904
0.04420317817668437,0.01569287150734254,0.018101046592115626,0.0343920240457452,0.0958836296242022,0.08229123613908888,0.036209095414398505,0.571920446741253,0.10130647175916968
0.02739712976446179,0.021597660143204547,0.14032083249681118,0.007427085152244156,0.03895580995019735,0.44254904185915356,0.013466581927721493,0.057433228263926044,0.25085263044227973
0.3526729545124307,0.07470306032326691,0.053403714403121354,0.056847382900086875,0.08387518850736919,0.03312830075690113,0.024120213455723932,0.08900257438262309,0.23224661075847686
0.4315336223528683,0.013774072348525476,0.06748537708543739,0.08323801706292777,0.14499700393454545,0.014500170612870787,0.100695242436097,0.046445337174606645,0.09733115699212115
0.14256111549696934,0.06032694980103525,0.1334443244147783,0.1733813300517573,0.17481431949778245,0.05456252694206326,0.06924467151774379,0.06853905215799612,0.12312571011987405
0.03583150635116189,0.6096809473613436,0.06595579063171299,0.006771000710774035,0.10361837862747707,0.029109377569682755,0.005006236779126492,0.03390438573075406,0.11012237623796707
0.43302132243059005,0.06157624957251692,0.015488104754407593,0.008782103148394678,0.1803746473821571,0.002983330449121966,0.018843916730474426,0.12336013578131193,0.15557018975102535
0.27455490747840616,0.060544495742848516,0.08541986359565039,0.03951742479436701,0.1279658898314339,0.04248685909969847,0.0575429409981345,0.14710788564604735,0.16485973281341373
0.05167434661714063,0.21218598114806433,0.31350340980138974,0.07053663866382985,0.0879209948452002,0.04814612221344622,0.01193950270068331,0.03340228677285725,0.1706907172373884
0.413909943729134,0.036083867872925626,0.04528193674913589,0.034788306279429686,0.14725710366034167,0.01721628917770658,0.033234206935384876,0.10149044188167243,0.17073790371426922
0.4622003014434841,0.2110820973723113,0.09491223843159374,0.01977759630483457,0.05592619439273683,0.013602817932716777,0.02539768945360954,0.10503784106702103,0.012063223601692069
0.14936597687420883,0.08450183073506097,0.026604456919291874,0.15594553607557815,0.060015352575824264,0.05261654255332817,0.10475789479583857,0.22961268218098865,0.13657972728988066
0.572097293864354,0.05635610442601271,0.04711343805425877,0.052808327478889534,0.0453477705056663,0.07165145868106097,0.04457027570691583,0.09824130140197479,0.011814029880867119
0.12690956964928565,0.07392115333419517,0.1566767974766222,0.06531937554550729,0.2564757515597862,0.007989074715706021,0.08666864048605359,0.10190051309821446,0.1241391241346294
0.09796735718580134,0.03567006331774874,0.013596603770113834,0.43065853382643726,0.10249197746745557,0.047596051312622456,0.17390913889865203,0.034919497263687906,0.06319077695748083
0.28990963654294327,0.01792651897092883,0.030034644300722484,0.052198737140993844,0.22926702537404883,0.050566267992269154,0.012368430689020224,0.19561866059670494,0.12211007839236836
0.08985919291363863,0.020257700443323937,0.24759240368467594,0.033268063392701046,0.008929910832372946,0.09992405148148649,0.3591549159185801,0.06739170390778527,0.07362205742543565
0.005845013000034839,0.055300071620069245,0.28006881941058215,0.05779996863930322,0.019197246746970025,0.04007658369057674,0.2556409936490972,0.04563545478691202,0.24043584845645452
0.04306150651072118,0.10173976929661503,0.04166181035063115,0.025170756895082923,0.028071225375536385,0.09872063594584991,0.060807679088535155,0.05605393833389479,0.5447126782031334
0.1225207952318567,0.03717021652799368,0.014185628017245383,0.1836568046617241,0.39454775529071934,0.025752988168511976,0.04909415139092776,0.08521760080529066,0.08785405990573032
0.16313163367956673,0.06517210011736527,0.03475599140409179,0.06246062472024864,0.17779792737498915,0.024688039110784498,0.014698968921948233,0.05885696274767033,0.39843775192333536
0.022620144675217137,0.007267102371388522,0.01935508869751323,0.3642021200750312,0.045539002680317055,0.2785186346802332,0.06565030960386047,0.0465059394132161,0.15034165780322303
0.05164748497192621,0.14278167663563543,0.23937532286086563,0.14217760104734367,0.057247539492954524,0.10193450502647679,0.03301317438352882,0.07417905290888499,0.15764364267238395
0.09981691379976555,0.5871655497355476,0.08431943738039614,0.018941982452342684,0.04084258241732732,0.014238859510345115,0.03543884717883319,0.021948355681793905,0.09728747184364848
0.21650553143788911,0.029029682810208377,0.12254805404066249,0.0867238404976099,0.013379923051407727,0.08670774656522624,0.3139005398280558,0.11489822130314285,0.01630646046579743
0.0963781136759529,0.47546242866228283,0.062173791046266386,0.015174908635362224,0.06862792572311972,0.08868231342299172,0.02903252639533721,0.060226611663133915,0.10424138077555299
0.18101603943442213,0.03727928182347179,0.05747112150941432,0.014789941320963007,0.11250355333669752,0.07859890194025651,0.12222785043547917,0.3234046865760079,0.07270862362328771
0.20484770554576895,0.02366500935475468,0.05814993896617578,0.022862291921748813,0.10230071124153672,0.028110793682069538,0.013737352736403183,0.46872554207106204,0.07760065448048027
0.07262180744627063,0.4979468315832983,0.14227055984366027,0.06408345064983823,0.033501861510336274,0.059079099757120446,0.041489499169373056,0.040069883794011545,0.04893700624609127
0.2730778734514594,0.02682603457929884,0.05914898532715737,0.05656517748098838,0.4014794831509116,0.035727458963786096,0.05159223696919637,0.06263966342246514,0.032943086654736824
0.12951267135826536,0.1009410116596794,0.025380009199901996,0.1077970750128901,0.19035935986668565,0.037117741297115675,0.04577233909748674,0.12433901982444766,0.23878077268352746
0.06064500662205941,0.06967938962916569,0.055010322607036255,0.014200590243269756,0.05838950629417228,0.37294609116282224,0.043322547959968614,0.05658221569110813,0.2692243297903976
0.03976335249000607,0.05569960042962749,0.09462513714025478,0.33790790473807797,0.1406504729086275,0.14918612888683835,0.08216136998514985,0.03549834932431976,0.06450768409709817
0.19228485481631022,0.13441116012606472,0.06879256657903536,0.06419923918054417,0.19005424260931073,0.06596848503849197,0.07066081699394848,0.12882883090470104,0.08479980375159336
0.07567197655576269,0.03771808808104283,0.054588058667897336,0.6240024395330049,0.015386232110741152,0.06496217465591392,0.04290306741359029,0.04576509286424265,0.03900287011780426
0.07930340074525923,0.0217807559326882,0.0395627486240308,0.09560742563642788,0.1932137088716175,0.009177597051408845,0.035745217057555505,0.10060173118480326,0.42500741489620886
0.26637131433108613,0.35277374624709884,0.062160147584611435,0.005155388016720213,0.03433847708657273,0.11561247452380814,0.05100746758499552,0.038791002596043435,0.07378998202906362
0.025911835689543933,0.008069623325193518,0.02932896171954157,0.4162986808813493,0.020779417076407684,0.2907538296341588,0.06009724216689397,0.026843559076366364,0.12191685043054488
0.1397435113331458,0.09276091050657446,0.041883788539523736,0.4085729462000432,0.07614846742941574,0.03849672573579787,0.12329178918469562,0.04210339654649891,0.03699846452430467
0.17248805965527833,0.16128464434597597,0.08760234892533596,0.22604508897334807,0.056918522683737836,0.034531457117449656,0.2120241500001331,0.03836677068614059,0.010738957612600429
0.016914066688163792,0.09514045709845942,0.014178022809563068,0.17422298986698062,0.037963190799638884,0.5099734575331972,0.03217457457852536,0.08423168265197194,0.035201557973499754
0.32996661835798285,0.05727113053105034,0.05304182277566574,0.05142302738549361,0.196921746931951,0.042543802782255204,0.05100668611607521,0.15988813232945687,0.05793703279006903
0.08354506280405916,0.062348256518262084,0.12430781785500934,0.028410848710446756,0.04996291275248896,0.1253423906955581,0.2982877961622278,0.16733278139868038,0.06046213310326737
0.18330447062857122,0.10997543531609123,0.2664233950546982,0.015210722403804671,0.0482678618020258,0.01502748275620229,0.3106682094130117,0.024113945562619296,0.027008477062975596
0.42893770392448544,0.10136166099072946,0.04210416366604804,0.020097100848936286,0.15656140135233074,0.017118507316122914,0.03832646080332112,0.14752615556355822,0.04796684553446783
0.3114404785158607,0.027554652765504353,0.06633986967832206,0.04949315686592687,0.33139400002790925,0.02505377004310748,0.034728939650299016,0.07484755536938752,0.0791475770836827
0.032617484287067795,0.007832413030777247,0.08720407359306871,0.029625661310876312,0.0702624768241827,0.1578114638802527,0.5366789820473665,0.046081505136701506,0.03188593988970654
0.11144185195942717,0.1342496538190533,0.40690764324866474,0.07958087810157677,0.0272682451446626,0.07872627544866251,0.08893504570660525,0.04766053563821316,0.025229870933134443
0.04457092875386092,0.0904573681225604,0.10263441079167829,0.5232516626217157,0.0155109045790281,0.08534431979373998,0.05521282434621175,0.03737849691532515,0.045639084075879716
0.1087885873331067,0.11369941932053573,0.32956797472431937,0.0724511535763154,0.16817536579298617,0.052191586578128536,0.059656667713845035,0.0715308166032156,0.023938428357547507
0.5480339205597446,0.14779137067439907,0.07838767002264321,0.014247184106611,0.07932132914825703,0.009210225843072599,0.04741751537208402,0.05070857582230981,0.0248822084508786
0.5740843011495887,0.04137927524344178,0.028299459825531583,0.014029835190341372,0.11495150961822777,0.013425535282298768,0.012533801968881089,0.11110788923477101,0.09018839248691785
0.07659149678134343,0.5076583447495534,0.05829524990723353,0.04016799347636867,0.05815567579505639,0.05523726374930865,0.04351949817986726,0.0781985492224723,0.08217592813879626
0.08489280208007739,0.025160779650581704,0.5654341064696333,0.02879874023465767,0.0406628588533431,0.04304302699027037,0.1500452035388186,0.04023257051283142,0.02172991166978656
0.08178521385555913,0.016289247074746903,0.014284414339365522,0.014464919243513721,0.12091176319739853,0.029046634493496818,0.007592564339725616,0.685231069743996,0.030394173712197773
