0.04815286762471973,0.11347811318488459,0.02914207735934947,0.4646041082471691,0.031873912122827856,0.07386257935079865,0.03578147256870964,0.1653639148401446,0.037740954701396386
0.1304443950622734,0.3327105824663582,0.05459187645195348,0.15681270567643743,0.009446109387472782,0.10270075510884136,0.0482249703309236,0.12914529740796438,0.03592330810777534
0.2136290824623858,0.10999857662391353,0.01754997696926316,0.02648638854365672,0.04431991765511358,0.14255249909372184,0.3593048233945322,0.06414160919549161,0.022017126061921622
0.06863904714052979,0.28056404367229903,0.06698499899847485,0.11794118904845115,0.05240449489589647,0.10391579001926575,0.03064518031957124,0.12664472360616577,0.15226053229934602
0.0671695261286148,0.2048778626478516,0.18135799094389574,0.0359613115082667,0.029162557513372076,0.26013351179938554,0.07340598912521813,0.01144423673596742,0.136487013597428
0.12293544609639423,0.11273012878790645,0.11315732152323388,0.10799583430518118,0.2234838220645674,0.12943974597418234,0.04427003183530964,0.05030243519130012,0.09568523422192472
0.2339781562021904,0.10100379255055088,0.03384532373362124,0.07327168769428331,0.09257891622053001,0.18399352226091656,0.08387130224483345,0.13499739399347774,0.06245990509959636
0.051961801060607805,0.07873572940276917,0.28835884496647024,0.013558510506175033,0.1536070733738886,0.13485467184478128,0.13245951105923018,0.02769835196893294,0.11876550581714464
0.10202827044820528,0.08515173713735003,0.10455180941650466,0.08765454757221454,0.3630709962771021,0.10950819790210371,0.04727064735362118,0.024749942181100364,0.07601385171179813
0.22445050121062704,0.14780899724284693,0.031250485712618715,0.15662082017397774,0.023782698712759853,0.08439469895953823,0.039348187014233184,0.27774649596769313,0.014597115005705255
0.07489580488175744,0.09650515189630753,0.07507771041682147,0.05181451800696831,0.383572031444841,0.09066968128504499,0.17256194599290042,0.018652750670179425,0.036250405405179494
0.22902386877543476,0.04803771456567568,0.11672485926841443,0.08703120273605436,0.06850051457633925,0.1211389069202819,0.021841753489712488,0.1934151918519853,0.11428598781610176
0.08183299901438418,0.06201848430190296,0.27190547062480985,0.03217712230430641,0.04441359411338639,0.1234942471569832,0.09071139579214549,0.028161731108259074,0.26528495558382237
0.05736708530580093,0.10745989376507675,0.06069889310089566,0.027922390423642515,0.05966801441392655,0.14204581748034323,0.06351934799373639,0.21390650536833275,0.2674120521482452
0.31412891309420865,0.23373928120557153,0.04406212729602669,0.03246574294212667,0.04573770258105478,0.16684894149253057,0.09362424320158406,0.03452708601354626,0.03486596217335081
0.2121562044062654,0.18517372500491577,0.05589899005922636,0.022623838447753734,0.0472316105527831,0.19190285300130802,0.18933973435478127,0.05002423754342538,0.045648806629540885
0.1636656227503124,0.17581584383413565,0.06731912528779387,0.1551343912484037,0.055380269621621354,0.15913280889624648,0.0703100659828157,0.07059085431484875,0.0826510180638221
0.12931896862112804,0.15263160444830515,0.1394871769459745,0.1011987741105564,0.031886654733924276,0.09336708605929546,0.08239859565308683,0.07187778047003095,0.19783335895769838
0.04296908485636922,0.0764494394160954,0.03360759219393317,0.23226503502744356,0.24453323410649283,0.09913871115654672,0.09283701490537422,0.055066391967923456,0.12313349636982145
0.33934258764549324,0.039547901140066226,0.027186838845811735,0.015244901245237715,0.1562078184732935,0.1383809589761784,0.2636799265997605,0.006489919811386298,0.013919147262772458
0.19119430962234651,0.10891056052362051,0.16023333748177693,0.01448785556580877,0.06223253543041122,0.1754141057009683,0.06837806021081842,0.18813899956175842,0.031010235902490912
0.2599122789593185,0.2492076917125886,0.08033951437395594,0.07951827639480728,0.03177617886436064,0.14160746410241068,0.10496677472999617,0.013007906284389642,0.03966391457817246
0.1999043019160804,0.09716463714376293,0.02667146170037639,0.3404749757806657,0.010398586849027943,0.10116333264810444,0.029949462150996545,0.1831037782803634,0.0111694635306223
0.26349501634813405,0.05459600999886671,0.0454471838894434,0.0638119074505235,0.2509538850503879,0.2009765924046298,0.04256836695277047,0.028770137181967928,0.0493809007232763
0.026014788075418082,0.13993911411926144,0.05055268814310415,0.06530445952228531,0.39700286175894567,0.12425532549393765,0.10530345974770444,0.017025991763488187,0.074601311375855
0.007894973794010265,0.037462360068692524,0.07851947572566577,0.11903445450714205,0.03521652242174144,0.07068937656430908,0.031648868370942676,0.30058773977299463,0.31894622877450163
0.09894111892268498,0.10590117785702448,0.02180340645312663,0.13744082233718688,0.00950980527753382,0.07738485444045598,0.04525517246591631,0.47572770969783956,0.028035932548231335
0.03168716425542645,0.121286203450604,0.021242446424478405,0.029728039250481356,0.07010559167702818,0.09335123094672536,0.1312527843445287,0.011600477017094843,0.48974606263363274
0.15377772728414,0.3803746483225711,0.05575798921275049,0.1361761066589293,0.010299647757641075,0.1313823274721214,0.05880145879924933,0.06212939765018859,0.011300696842408782
0.09698630157411793,0.2007905327957197,0.16036016755736582,0.03226503502222255,0.03969874896684786,0.24253830061542891,0.08304741334432891,0.05101085485972068,0.09330264526424759
0.08968810632365039,0.08774180593199361,0.07312680302986224,0.06255007180882434,0.049270949380868845,0.13050107032349675,0.03952045559386433,0.12226563802016772,0.3453350995872717
0.05404517658107155,0.046222974658744274,0.03690303702027725,0.036986466690116536,0.3069805324205133,0.14817580744183353,0.2485085854330964,0.01949708833850307,0.10268033141584404
0.06611552785232998,0.0715251317490614,0.33669444392486936,0.034218179357990645,0.20939921426215824,0.0763938150275545,0.023819215866605747,0.08794173997162609,0.09389273198780396
0.25620926270363065,0.08066237014785638,0.06729566559475246,0.03229216655128987,0.06629693360231842,0.09470887295267578,0.07100953650222734,0.1420210594587742,0.18950413248647482
0.10289312730450761,0.1933127040981519,0.10607532459022333,0.02792125061935433,0.042243246457213945,0.2015198653705316,0.2613362120148106,0.03296680313153239,0.031731466413674324
0.09920504824628841,0.1371288294088581,0.06686343134366311,0.20825185115922548,0.022027455460316054,0.10951058547023816,0.08682576574886212,0.22119979023677228,0.04898724292577627
0.18672785645334725,0.10768637662761156,0.30108485660933976,0.025223508710529547,0.06285563352401376,0.11050739798773403,0.11796040540639152,0.03435850372689675,0.05359546095413579
0.14505536389193718,0.13123145922408608,0.2009249487866808,0.05478326488863938,0.12615950802653403,0.16998290064317254,0.055122202326468826,0.05690322852501959,0.0598371236874615
0.0583404534436465,0.13952157268749188,0.07983469117136299,0.16264335908164404,0.1259250551040558,0.10641441201441681,0.10278827296977726,0.06499120623436967,0.15954097729323502
0.10954737907695644,0.2278178854772649,0.1144963775201522,0.06862143565671552,0.025448215446928005,0.1894124399761775,0.06654298604370973,0.15952295901378366,0.03859032178831206
0.029470663608216874,0.11261143356426405,0.12185097206955904,0.022329521041299705,0.23384324909555101,0.17467442501315944,0.11867012425407193,0.04063416534601314,0.1459154460078648
0.08695757127195924,0.10547519603497517,0.08058964311881041,0.5074473280288506,0.014183268652753309,0.09812525985565072,0.043842223043811086,0.03861328453734404,0.02476622545584541
0.2398918092253696,0.12812301468985496,0.09778778486192985,0.053033938955832284,0.07384759551296437,0.125770373092727,0.12695340269027164,0.10116937262261595,0.05342270834843435
0.16000306320322177,0.11884905825619034,0.09289349051998114,0.06627352072302817,0.14760769802373055,0.13625396825562916,0.15123623113823362,0.09203060113282714,0.0348523687471581
0.14520654310675565,0.15506942463561313,0.11812471811956125,0.06532587300222002,0.1425967372882654,0.15610908482793714,0.12368750825166225,0.04330550808788464,0.050574602680100424
0.07294554635227775,0.07276340216468812,0.16868305077823476,0.10232612492196315,0.04614553583891257,0.08405346693897313,0.034334798800911386,0.2983203695657872,0.12042770463825188
0.05291975849996217,0.16663543175062856,0.04174128268701135,0.04192967916956522,0.08872427389915262,0.20041249688734242,0.11642539136749232,0.08492274389958708,0.20628894183925817
0.06740041152278678,0.12968500291013466,0.2951619960477076,0.09101974261971774,0.033104373349953,0.20219639019650026,0.04846497903447053,0.034967799834965285,0.0979993044837642
0.2622038358863709,0.09456262453438918,0.13608204054395814,0.13390326491717575,0.05478225062909183,0.11192442343828667,0.038725796421728936,0.039148336837776805,0.1286674267912218
0.29718400819387975,0.09769698731816044,0.060703599451063996,0.13532954612754186,0.03934726413933624,0.09146903804970546,0.0290392936413502,0.19498963748071205,0.05424062559825003
0.01582982241920458,0.09243401613843098,0.07821802312735836,0.09171702423220368,0.17359849535710636,0.1831311693905496,0.11214252096272281,0.004591140831773452,0.24833778754065028
0.15239296330306878,0.14913892210749277,0.1784517711687029,0.0881130917645581,0.061592305835551725,0.1827609568026359,0.05465763990991393,0.07424888130033196,0.05864346780774393
0.19542992963023773,0.07193398829580537,0.1243318215943519,0.11318073030050624,0.009509717100573039,0.18982089280316225,0.044670096740370015,0.19021809711480062,0.060904726420192866
0.020195246598099653,0.0711409216060412,0.10024332948226744,0.16637145686395724,0.11962430585293443,0.20443281376163672,0.1638331052019182,0.045789270197288824,0.10836955043585628
0.18963574197446523,0.16574212649564737,0.01994251808774365,0.13329165487137376,0.06631050841133053,0.14019721309169156,0.04938630239419534,0.2030824180034044,0.03241151667014814
0.11690812449622796,0.08237439825423037,0.21106383828074082,0.02220317035201148,0.18582757030696542,0.19674571624896933,0.08663693813168388,0.016977422140420414,0.08126282178875023
0.2890961092726631,0.04787820469199289,0.026184964841471436,0.03416541855568136,0.01667224814905773,0.20557699367049823,0.3370415226042482,0.015625864347360133,0.027758673867027
0.21237683228605028,0.23205407109695778,0.10275027420690042,0.1850576202256392,0.017826277895848838,0.06602194610083466,0.04053037357057069,0.08661613731399659,0.05676646730320151
0.06482693969767243,0.10802542722980259,0.06512954971131392,0.05606939796986949,0.03373890003423759,0.21214373491222524,0.14199936742392158,0.2391928628952266,0.07887382012573059
0.07184042053462208,0.16147702895071533,0.13415878308460086,0.045325614491721955,0.15078878827974726,0.13707407448314046,0.16131916613005967,0.01276064783449799,0.1252554762108944
0.055768235430793754,0.07027277788720927,0.01925396269619536,0.6265635394811708,0.01804288005250025,0.08797196547415531,0.02600579128374915,0.0416913739478074,0.05442947374641874
0.10860239428004814,0.12332229427251458,0.09782168644694877,0.04734561547554591,0.21655090593230955,0.13723563688798515,0.08776280993225484,0.07440843620645464,0.10695022056593834
0.1454738482646176,0.17197100701724374,0.043471305074148404,0.05546477845137974,0.10741226086035156,0.2678895740541277,0.16803206439205906,0.0072299365875441515,0.033055225298527925
0.1428278288846441,0.18306023136136398,0.09365541106838425,0.06803395580517542,0.12929558265536933,0.1673288482015374,0.0963208511528425,0.0399992489603597,0.07947804191032327
0.038051462074232205,0.09907057244187938,0.028010202647648048,0.4340898584327812,0.0463563354757218,0.0683176634326147,0.01479291801711611,0.1859610144558235,0.08534997302218315
0.1466509144845883,0.23311047056410628,0.04644263562375129,0.1288442177455297,0.12732427951578015,0.13370631993080412,0.06671679040927157,0.01971643078801777,0.09748794093815079
0.035848810152326806,0.14945477471369373,0.44526692273808566,0.026302420166856983,0.045918110935006966,0.11571700961179654,0.05324606769039292,0.04411477136031274,0.08413111263152763
0.07448978651031068,0.19553328850413543,0.18324362978454964,0.06771270988289703,0.012748384930371432,0.10895124968043567,0.3130412293363301,0.019018630731566965,0.025261090639403048
0.3635091712490926,0.17281607136296104,0.11590190092490686,0.02887576393787859,0.015961557236329933,0.08924172918570024,0.02998070747350864,0.16350476693755214,0.020208331692069873
0.11910744149872705,0.14094359345472932,0.13565850165065366,0.020650896372070852,0.15026534660165097,0.1697590111522974,0.050455647816019626,0.053211614010003995,0.15994794744384713
0.17177883232707244,0.18153069716328493,0.0997943436366447,0.11137591170611083,0.08697457684747933,0.14969712315009132,0.04716653457586581,0.09653115724000216,0.05515082335344848
0.06038489010850021,0.07300815298037076,0.07019708702460055,0.022353166067591555,0.08646233554814718,0.10150326354941279,0.19710671253039438,0.015418764383336914,0.37356562780764563
0.05264874472679681,0.17215905930190478,0.09749223022154725,0.3700944747224806,0.009330655773718203,0.06848719532816543,0.04450836819354123,0.17031123329012687,0.014968038441718852
0.09274847106896816,0.09640203030034665,0.037762097406865335,0.4551315125377544,0.011216951647167099,0.11459363843660621,0.04289734375087736,0.11750203468268487,0.03174592016872988
0.12171094701095204,0.1710135149292105,0.0954250730676498,0.05228014043722199,0.059717753812427776,0.27081508795501286,0.13030752544579546,0.03281262362640961,0.06591733371531994
0.09940786689875447,0.18329572601792746,0.07613720731612422,0.21298037171677583,0.024935219037088757,0.09014507555271833,0.05756663911536159,0.23685329196743776,0.018678602377811642
0.169265308972804,0.2048850230876296,0.13149715917231203,0.17989867943616364,0.03347787594504915,0.08936824466699407,0.07420098255796055,0.08148467715106411,0.03592204901002275
0.11916215461456157,0.11560115046093204,0.03251261979952912,0.015088503391335639,0.029839723982267696,0.23160904814544667,0.26048911106534617,0.038278071416000294,0.15741961712458089
0.09386049398043687,0.145218713172684,0.15300068252810609,0.08380355440697984,0.03264989884666506,0.12476815520894537,0.07362353954839476,0.1195072167177103,0.1735677455900778
0.06623114651494061,0.1270283886700854,0.03943996637911923,0.16828591737925472,0.2505788606740631,0.13303541170772823,0.1412036862384237,0.048088625078029495,0.026107997358355384
0.02555628200513778,0.08522042339449502,0.02407754567289802,0.05617058136650854,0.11643698077686104,0.0911280181483644,0.06907717000189947,0.04369450406997926,0.48863849456385644
0.09358554718346368,0.12695366825428786,0.08948653432431519,0.10925026789447852,0.03580018738802491,0.18818296777022214,0.03897071460583129,0.0631596091589188,0.25461050342045755
0.45380316480006133,0.19334005568874257,0.07257796001427509,0.03450465899500297,0.02570662369539642,0.08522356765746807,0.047168409926724386,0.05787748972994405,0.0297980694923852
0.11948975377575725,0.08740268531527501,0.04171450897201697,0.04778231450791474,0.18819000516369758,0.2521439465894495,0.202694737495741,0.00783383536313295,0.05274821281701503
0.09045758099604524,0.1953800862996411,0.04448126724585891,0.04875295938565489,0.01851075236696496,0.19458913587387497,0.3602797547650698,0.022508747635854975,0.025039715431035142
0.10354651910367667,0.1523340381577749,0.11816335165796404,0.09969056258792926,0.07400438456635892,0.2300682125750102,0.04335948609619882,0.06118119356727016,0.11765225168781702
0.025307489880794135,0.18815105895452566,0.04121579692423475,0.16141077701638862,0.07739949673882592,0.1582025905750838,0.1292112126155941,0.02817915961331266,0.1909224176812403
0.39068116093734256,0.22465114425508617,0.04231687070619548,0.1222348507734136,0.02556762257877813,0.08476863169485187,0.04293671308984451,0.04388751038865709,0.02295549557583068
0.07726142266051428,0.05921429180954257,0.05414846370810806,0.041868674088450686,0.08673439656116527,0.20938492632716868,0.3764926894142935,0.02364691268265295,0.07124822274810409
0.03749243757776015,0.09229386584874628,0.10321495209921823,0.09096173744739272,0.03968799922740975,0.22606406733169473,0.16254835478299026,0.009347841186100691,0.23838874449868708
0.13820913586120362,0.13282684760688063,0.11032900053661925,0.037352868018370476,0.04084756080597388,0.23710999610161168,0.19992406383488306,0.025372826145360156,0.07802770108909725
0.033129237572600584,0.029498661840485652,0.021142866852308522,0.552542575245062,0.025336238654880217,0.06760672598427198,0.04674908477016821,0.11791882177398134,0.10607578730624155
0.07848932211409812,0.12506993036093203,0.06749070341095025,0.036921250075130564,0.11925338315022038,0.15834180484793017,0.36235692533343916,0.025630365756524887,0.02644631495077439
0.03648272462759929,0.06156928665196001,0.06853553929001184,0.08210845160202014,0.3106992244693912,0.12882465552166986,0.2599061483485625,0.028038297820979403,0.023835671667805685
0.08768510025539634,0.1386943719220227,0.11407674055251986,0.032415787346096826,0.1405694024006818,0.11213972595694731,0.06911229218014495,0.16257704065384174,0.1427295387323485
0.12183509740943545,0.12374434812786107,0.17212788808636312,0.023293160638805432,0.1875586491485133,0.14586908806186416,0.10192065593074202,0.03399094366055489,0.08966016893586055
0.25568239879311355,0.052590769911580064,0.18644992003579644,0.05838126612239086,0.04068483567828877,0.1535160858950332,0.06629460228706711,0.02374347289872822,0.16265664837800176
0.1286304304298926,0.13348438958070089,0.18598452169270144,0.12513427430176458,0.09266772059623614,0.13731737037275185,0.0898834954827883,0.03388845004490997,0.07300934749825418
0.10979717622505032,0.07694704353977494,0.29903967921115676,0.03493422173646654,0.09398217558005616,0.17876163387463376,0.06584508949520827,0.04210573271092801,0.09858724762672522
0.027316148811761625,0.10345553550084653,0.027908257180580407,0.11031952979880444,0.04452506941800285,0.25053605584776173,0.3841208343451488,0.006979779898213324,0.04483878919888029
0.1568557471714856,0.14126754044844914,0.06634543789002478,0.10297827997792186,0.2050666084878794,0.1712998574315013,0.07728115841622996,0.055299280207419865,0.023606089969088164
0.18351455048815835,0.17255397676773523,0.1378754045476922,0.06104473638810936,0.14673290233157507,0.082263351475358,0.057141801396766216,0.035011068757524494,0.12386220784708102
0.13927134607565472,0.15806489116746916,0.07471783123870396,0.1572852584428724,0.014467097452625586,0.1475370552263456,0.05134290588371537,0.20150506303476945,0.05580855147784374
0.09568888578959162,0.13537898985164074,0.054659780370230594,0.06357390433101996,0.2810137718540364,0.15670802248625249,0.08818360243372407,0.024698823738998916,0.10009421914450516
0.3055112888032198,0.07484203321782908,0.04150956556714263,0.021705587651358108,0.11078377024986463,0.16711990047227956,0.21244831271593634,0.021829327377982294,0.044250213944387544
0.08373140639448196,0.06599828207205788,0.31117155755561116,0.041434190982791684,0.20529502027509583,0.1043839236019309,0.06598641369372887,0.021312527807735907,0.1006866776165658
0.11028876353471095,0.07452018818423715,0.061290150737854876,0.5234912548175773,0.021328465468692423,0.09520629367875284,0.02764771309528709,0.04529545029419187,0.040931720188695446
0.03038242540300432,0.22840870117946133,0.08023067764037482,0.3697456219219432,0.006424848120337286,0.09059208508360855,0.0466305454350533,0.12763475367600666,0.019950341540210532
0.06227575566170045,0.10890551136677075,0.12683913434511837,0.09845367885059149,0.017765187088119652,0.2952364742466729,0.19245168761506803,0.034495096600224935,0.06357747422573341
0.10464206928170344,0.10401493397978163,0.023566777949790684,0.11205426301541692,0.1316207960057905,0.15564242294620337,0.12637123763341945,0.07472147792451445,0.16736602126337963
0.15684044171405231,0.14068483743050775,0.12632886307919053,0.1404198222297474,0.07507854808985608,0.1273746520966164,0.07258375223853955,0.09738492162607171,0.06330416149541825
0.24870157373749413,0.12840139539207046,0.11151644310917752,0.07744791554007588,0.08769132703905343,0.11953876548545266,0.05896644109316366,0.09026223392171384,0.07747390468179843
0.08764082057806322,0.08130861961220176,0.048662518487405104,0.07240182037034704,0.19515579597390156,0.15256442964094377,0.0438316683470276,0.21032762265864124,0.10810670433146863
0.20914019474959392,0.1044374076070753,0.15252801607867875,0.04483068056888149,0.07123603638112165,0.23283516949179103,0.07018198759152655,0.02555025744652073,0.08926025008481063
0.10616500580477724,0.07553936064979891,0.3165909354651886,0.10623411738175315,0.071317929610297,0.0943894570677975,0.06413748977772647,0.020847979472966117,0.14477772476969494
0.16717233412097024,0.0773653021929215,0.06590766676347477,0.11622597361751115,0.029351761119657,0.06952918950283066,0.06564828613309785,0.39312876655804846,0.015670719991488394
0.06925162234915512,0.14939295562736357,0.06001059617078286,0.1588752094832892,0.09000375771952622,0.28616725626472733,0.0720888238489028,0.024242281176329473,0.08996749735992342
0.19069931075563526,0.16584519483914026,0.014969097455924256,0.16138941547512353,0.08796589453497149,0.12604786637153884,0.09901255676584568,0.14370784324132255,0.010362820560498177
0.018460480455866166,0.036594833066506884,0.028640971868945726,0.03597309314942756,0.1908877492246641,0.18352936047757998,0.26244690698748036,0.014312821859388416,0.22915378291014088
0.054238196230300816,0.0676223830688938,0.030726289427509,0.39753002348586425,0.1191828649659837,0.06649877548088567,0.038996596726117876,0.15134570687380985,0.0738591637406349
0.054086310156454265,0.18288451697192112,0.12596551767288136,0.062411946453885085,0.29340898580825875,0.10159385063664295,0.08844210343741676,0.024857871234070766,0.06634889762846896
0.20272767793889349,0.15326136216880223,0.03695273621032155,0.3546627496848232,0.027293899841635955,0.0945325842768734,0.05105722968671509,0.01690917509860972,0.06260258509332532
0.12222076985191949,0.13393932768424086,0.2833272851013233,0.04505913009856522,0.0787362257969098,0.1348312922945103,0.0840152341479672,0.054461693128413945,0.06340904189614997
0.1117876660229493,0.09788699645002714,0.05859699405928375,0.04892773571904877,0.1263427660787627,0.2707959472319848,0.16173815694753982,0.030000163579786247,0.09392357391061741
0.09061063389155825,0.1318999984695378,0.18235112364242412,0.061410781443909074,0.10293085855841505,0.21625508827027737,0.0988661170404233,0.05823924098648181,0.05743615769697329
0.0525396540513813,0.08716602255431234,0.053441318919155274,0.35471967948282873,0.05024901083106873,0.09613109530313703,0.0516814609462494,0.19394435721708972,0.06012740069477754
0.06708769816241245,0.0574970676379624,0.16236798019291054,0.1117055517415575,0.13291055639621263,0.0885872188857757,0.05508949407784364,0.10802190441577808,0.21673252848954716
0.07823806004103506,0.15459498170149658,0.12924231665510713,0.06475392786290486,0.08793584074564197,0.22229726752080414,0.09564101526968714,0.0705250498639843,0.09677154033933881
0.10524290582325575,0.12828710526331752,0.09330889694148638,0.04129625073259912,0.0946369992871181,0.11750618454840533,0.07678797058726052,0.19095687299095213,0.15197681382560524
0.17242753570523595,0.16196995761945276,0.13730228586727547,0.09205833152342635,0.10614850163407037,0.12485105536744352,0.08039588886109948,0.04787345906448368,0.07697298435751243
0.18807808086132696,0.15289722032988476,0.07430299935373624,0.046235598478454605,0.12743598195570702,0.13645083050664283,0.09341470340133869,0.00873933186420613,0.17244525324870277
0.11583643725902508,0.05638377776356313,0.04396381320645313,0.12022853772333347,0.12408721051534816,0.1527675920993551,0.1201681411286546,0.039119976248741424,0.2274445140555259
0.41263909010448135,0.16094749546608103,0.14978381269375526,0.055788204166825124,0.021862160636826916,0.12613118079885247,0.030543737709218696,0.014215221593691976,0.02808909683026727
0.08210124245621851,0.1631873710200069,0.20848309371074972,0.04818642613794236,0.0286285448651257,0.1197840778019662,0.09926960779447103,0.08471072505894922,0.16564891115457028
0.10253563845139885,0.1362070356894061,0.04788148527738833,0.051026806800405555,0.05585900752908002,0.14024056803699328,0.13948768150656032,0.2811967965545265,0.045564980154240965
0.09030769390426757,0.12926049147200186,0.34797485484855417,0.05684084677697382,0.04072462536882788,0.1478075505778117,0.04517186001089552,0.04949196140147411,0.09242011563919338
0.044893257433562844,0.0883150002961381,0.4217352923230134,0.023294819227317094,0.06832755396333437,0.14623924591171023,0.03545635376967367,0.02390207258496504,0.14783640449028534
0.07054693325068741,0.12138714960673998,0.03332011470164065,0.13369706529419423,0.035104059356212254,0.06070985173288024,0.03361517378758524,0.47522631372097246,0.03639333854908756
0.07090217629892293,0.08369484619079433,0.31670225803298746,0.016948586533271196,0.1209844343672362,0.10265316854653934,0.1115994011998999,0.03683183763842842,0.13968329119192027
0.15415732855040162,0.18163089240470506,0.05006980393246566,0.07139191909218287,0.025894944272111513,0.2902752087830168,0.13350552025288165,0.04856866739260859,0.044505715319626105
0.2578345724910363,0.054284326186342824,0.019915054157829844,0.026506416554337688,0.10204946487136747,0.1227440251644925,0.35577988947248623,0.011457819647762097,0.04942843145434498
0.06040441460753252,0.31439767845010075,0.0947098165182337,0.17356207446979333,0.04512358790017756,0.13591148494878863,0.048872647560920225,0.05642059975453572,0.07059769578991758
0.08841182855933856,0.15776010676749821,0.08536449587802548,0.04505302571213415,0.06850172475008698,0.3702537175088751,0.10918310065859692,0.03119465115657696,0.0442773490088677
0.05988959581346489,0.1457140613104881,0.0584660162215149,0.4474747532132201,0.005586553251284825,0.05702591192236813,0.11166381672568888,0.006527624200642567,0.10765166734132771
0.03163404461097526,0.053897501325261866,0.040716015806134855,0.06780545336771268,0.07182311391362566,0.09689777651269806,0.10120637224416928,0.03314256856253136,0.502877153656891
0.039079646419106884,0.10162112299560601,0.08561278110960173,0.04786857387471668,0.40977022840154814,0.15257488899112256,0.11028521475439784,0.013133122531656891,0.040054420922243185
0.11585377260150838,0.18849908238253477,0.04326423149111066,0.09885340613355971,0.04514433851978098,0.11626110568136798,0.050120347874414974,0.330386308169744,0.01161740714597848
0.18729657883552542,0.10686181738204335,0.08562852337944725,0.06367704627633598,0.025518772003967957,0.15210534788436617,0.02110047153576439,0.2972122421384857,0.060599200564063815
0.1055957874602732,0.10960972900378267,0.26398210634740427,0.05756833974855364,0.1153509927959006,0.1748865033855175,0.02701549637587448,0.06969726969478103,0.07629377518791246
0.06727762046372426,0.11638760421160395,0.13923229205131962,0.3333469826535062,0.06069676646064745,0.09749208122412623,0.054343637606581126,0.04785365499546301,0.08336936033302818
0.07178298839647722,0.26561589002301744,0.10478736903341201,0.04550589054561551,0.0690296882117006,0.12282499689066721,0.05406733860764398,0.24048614438876084,0.02589969390270506
0.26695146491182564,0.15939903014676102,0.09578485115549579,0.05993121220588862,0.09987911920506369,0.18739348348971574,0.08413864502311642,0.026994966824433916,0.019527227037699116
0.08853757879261842,0.07066874342580208,0.021736391793222547,0.4833516266476839,0.012648477759998047,0.06465507851188816,0.027513546245020795,0.2091863207568949,0.02170223606687116
0.3401828383761245,0.16405519365835558,0.02921016083274369,0.0161833782222875,0.03794906908814212,0.12919609907121685,0.23275427892133868,0.01616183390655829,0.034307147923232924
0.09021401233418598,0.2648311506001704,0.08811223826713836,0.1850005902261224,0.025931450364542235,0.17656678004752102,0.03685570312577372,0.04852362176310482,0.08396445327144118
0.10509023778489555,0.10157789082752351,0.05233294738418159,0.0545505030434626,0.2591472135865823,0.1535961547558046,0.06778093178717243,0.02784038809164835,0.1780837327387291
0.2901818173529075,0.09857673978442368,0.11684143010166674,0.03186291647809964,0.029083521959734532,0.1699451443033655,0.1957747524383672,0.03632466193288117,0.031409015648554056
0.2842820108494511,0.10848227571209541,0.1162639829796505,0.10367077667866613,0.034728562387880774,0.09550166952381356,0.08004565065091934,0.09882427012852928,0.07820080108899387
0.0704101865011509,0.056706728270027124,0.09790569469010808,0.16007803360847747,0.1100588212553264,0.21035175625034994,0.14992724351606518,0.05799833038777813,0.08656320552071674
0.027752099471498454,0.13499311148143653,0.06317142321738298,0.06659319456968067,0.17262363828418628,0.22502096987233014,0.10855266308336586,0.06081550067529059,0.14047739934482853
0.022873598149956684,0.08689944166956447,0.0692625193037868,0.2021282905234625,0.023784674296983648,0.1209162019313107,0.05743075720869121,0.21585487426461714,0.20084964265162683
0.16772035685244033,0.09284654880349663,0.10824435624138597,0.07872936988834318,0.07620634200894037,0.1339624346096457,0.04070251370072252,0.2514845377953612,0.05010354009966428
0.066298561932591,0.08385764515119239,0.3341874835465877,0.022596055970096673,0.038694678302926507,0.13341805431612672,0.15213628462532688,0.017890470836817014,0.15092076531833507
0.11375401605003262,0.08161472334864285,0.08471415840934855,0.01428163744766008,0.3747642741959442,0.13708126563293124,0.08478377085557225,0.055195957490784715,0.05381019656908346
0.03738164197026402,0.0780215833625641,0.11404145672251735,0.11006388907722726,0.12379664759391475,0.2506845960217452,0.18270744968250371,0.041911226414518034,0.06139150915474556
0.22708639242651749,0.0763617724349533,0.16967442482740736,0.07640290516098298,0.11520009302701,0.13367525643380065,0.05699595618977434,0.06571137220567465,0.0788918272938793
0.13974194181258323,0.12468437327176536,0.07943022409475449,0.10502094612554591,0.1722286227093288,0.09451478153545274,0.09861207561146595,0.13845331770141103,0.047313717137692425
0.03710261408662102,0.12658775272581402,0.1427075614276437,0.04810157172038832,0.12364017093677777,0.16613381031217067,0.1434530006268797,0.13717375047778155,0.07509976768592319
0.08193577694265654,0.1808085048584601,0.15956831741147934,0.09450439566485495,0.10296278438795196,0.1294697309143753,0.10722003061210433,0.012022892153738175,0.13150756705437935
0.19001608797446837,0.2776038052084609,0.15513997521073886,0.07884092663735585,0.03175957501667855,0.14592904955032346,0.040914114740040426,0.02800272901247251,0.05179373664946104
0.12490775978756051,0.10974512729037972,0.03103871820439531,0.040687015462668695,0.06610085464410931,0.2872655405406968,0.22810874198695893,0.029874558832406455,0.08227168325082432
0.09025142262563969,0.0682814396152956,0.15998960043429064,0.0647455444530693,0.05981196871821793,0.14941108050165428,0.139036810858392,0.04983705493119058,0.21863507786224992
0.15034042779531573,0.1280638632631221,0.09827853690495315,0.2323744839128619,0.008958142609585126,0.1567375938359232,0.13058761832858942,0.0760971680838332,0.018562165265816073
0.0584255442148147,0.10191284765458808,0.24737668546692623,0.058949936350486766,0.12897112574692815,0.14187758288603505,0.11515723666707996,0.09044652142063048,0.05688251959251067
0.11713491612114364,0.11971889201145558,0.10460758514297071,0.05361052258149887,0.09045230445760184,0.27826190890881924,0.1283336312948019,0.015679838084873648,0.09220040139683454
0.07319108275948098,0.14475173956893703,0.08086332622293636,0.06581125964448327,0.06922908110553434,0.2012465786867166,0.10950742491351173,0.20091599383897488,0.05448351325942472
0.10477793133911506,0.06329664637467626,0.05344709784794192,0.23194630422938786,0.00928113539445744,0.11016053862605912,0.07227546010691245,0.34129076001586944,0.013524126065580448
0.12503111601801442,0.15598655108201423,0.07333162174031986,0.02845383635418013,0.14995930489274753,0.19967393718776927,0.09900395532123492,0.06937838057187329,0.09918129683184639
0.048057072551622705,0.09105986576678043,0.0514725564304555,0.298961714721967,0.2629896788987481,0.0823698783562447,0.07243115111207134,0.01394966026354451,0.0787084218985658
0.1341445903383931,0.2145032793664555,0.045780531643204385,0.24396997950996427,0.023835514759923737,0.11910665648686906,0.040513029094147314,0.14587377293862627,0.03227264586241637
0.07269325532562877,0.20801746022807496,0.1289139101469419,0.06553903279215956,0.08951602260653456,0.1334347375525278,0.04708924571308002,0.12453696632328998,0.13025936931176252
0.05357091434912875,0.21058418985966887,0.023800095665852367,0.49708157943609077,0.013599720637358379,0.05407563505986571,0.05118279586834149,0.05390790398078408,0.0421971651429096
0.1410603835069313,0.20995469832854693,0.12151253463210797,0.08851582686420535,0.08425380610238202,0.16524083698743372,0.0505096453380513,0.07442761806732552,0.06452465017301585
0.09989065626981498,0.05323527571135314,0.0564325978143346,0.508447530406762,0.02016592196655394,0.09237301839659084,0.029247329721480583,0.08833167710179889,0.051875992611310956
0.11746695106000112,0.11920046971107741,0.12299160078331593,0.03688209493135361,0.05045402005698132,0.24544567885821753,0.09618896499118641,0.0846563304960024,0.1267138891118643
0.11358267401148654,0.2125546143124253,0.09169554925707317,0.053113685570552356,0.20869357991900672,0.1687099366794578,0.08999869049103006,0.0212416697097027,0.04040960004926535
0.06994616158116206,0.13107652251740134,0.049081468297609565,0.42488955311825904,0.014442718670863353,0.07932830944678013,0.039891396326264476,0.17307309631846843,0.018270773723191677
0.11658924567953104,0.0828846328787132,0.057909201960822713,0.04319435304818761,0.01217055707360243,0.22385155436569423,0.41790128666233617,0.028296058914603087,0.01720310941650949
0.10272897083654518,0.19133950070257189,0.1248796389609292,0.04990075466457519,0.023749442968679063,0.1446121522876385,0.22294215694514194,0.10584794950751124,0.03399943312640782
0.04278709071854168,0.10855893546310298,0.32028612766643444,0.0441705119199412,0.028000166282851232,0.1545789949937256,0.09522954472352284,0.1642091800219008,0.04217944820997923
0.1662587126899054,0.07063514927044087,0.025014442686321654,0.023239746514083684,0.04668157167482894,0.16683184768550433,0.32323960739055696,0.09101190800204184,0.08708701408631626
0.13695252497093288,0.12823357783333192,0.15666680230050423,0.050692584540424857,0.2540254465919506,0.08954403090775354,0.11168511430654786,0.015041443728761747,0.05715847481979236
0.05730260400582408,0.09149874769652265,0.03331474094472324,0.019486672568306395,0.17746292175231937,0.15696722976108304,0.35454906241598966,0.008079057715026277,0.10133896314020525
0.05125320516317211,0.25170762595946683,0.043548879516530886,0.11678660285241471,0.027819253013081257,0.22787799781929044,0.07246241668147065,0.05490401150075327,0.1536400074938199
0.13435197873766755,0.21914927672704476,0.11972964441453109,0.1912547080453356,0.028233186032602813,0.0892681212180354,0.06928825698555498,0.13156254774362017,0.017162280095607677
0.17647832303619726,0.1567867929482519,0.04978188728974838,0.032617165398722836,0.057715266257455794,0.1937900879666167,0.2748421668497545,0.01627951397310261,0.04170879628015001
0.10345118253080061,0.20430348865039202,0.11891752790606591,0.0949583065784078,0.0921492660128076,0.13611595134097057,0.07258793919242487,0.0868494056586721,0.09066693212945848
0.041896021432850594,0.14332524841157743,0.28406119070778996,0.058004260155139625,0.046943856097837765,0.24271251129290775,0.05391502291733524,0.0321074245803322,0.09703446440422951
0.05267363246976491,0.08020678812321526,0.18774900664429447,0.05916169838384807,0.14109882630042872,0.22406582417040352,0.08628448924097597,0.028052267083001497,0.14070746758406757
0.05197379247818191,0.0994022885636378,0.47826744605759036,0.02641953260551025,0.05105836584397936,0.1141299102991566,0.07058728201389587,0.028303057639234214,0.07985832449881367
0.06877717592450243,0.1691093623835825,0.1694047840642232,0.10147853817622828,0.03805426930438472,0.19939716800863386,0.1427685675684976,0.03627837316670505,0.07473176140324235
0.020001293529525153,0.12088318226638865,0.06233939288343926,0.052531942570039285,0.11853369119180623,0.2103429523348337,0.061181330681577197,0.07691231335955273,0.2772739011828378
0.025298384374777248,0.15027441015368057,0.04311233656541896,0.5739015242007844,0.02063005565094479,0.06012390746769408,0.03869309887836717,0.050434526265502565,0.037531756442830154
0.1191342535936414,0.19998059683790947,0.08993718846406744,0.029430970219765026,0.07137880492162113,0.1887556526464934,0.13068770320869713,0.08333838024381486,0.0873564498639902
0.08256255080634038,0.138276490839064,0.1448718648477381,0.06744768193031402,0.09700695825708554,0.17156035323662264,0.09391487603351972,0.05498154723826148,0.14937767681105407
0.13688444940171998,0.07443745942364471,0.3194080912511336,0.08057303726302129,0.18063397139263196,0.1165007628249456,0.041557995839219354,0.02189332510822867,0.028110907495454782
0.04717531371647085,0.081176427907713,0.28457677251707075,0.03838421437897698,0.11059117505000937,0.13062465810942875,0.06467093049160232,0.1980505468391486,0.044749960989579375
0.15035504592928328,0.14160418118714518,0.07015352867201395,0.3333430463836202,0.021273928912729223,0.170396962292599,0.03575102904005628,0.060812441392638326,0.016309836189914446
0.027117354471675386,0.07421827220025372,0.14140914057694615,0.04897433306507621,0.1005473236244986,0.17971055427220986,0.22762351923192425,0.005461315744504512,0.1949381868129113
0.1557010739026694,0.11122558845974784,0.24816820648375937,0.04644760066254757,0.1437102934368987,0.10725776682357739,0.05044571474045951,0.04230588405784852,0.09473787143249168
0.037486177162157554,0.16853686850128746,0.017812874311658733,0.5290285728456415,0.00871216069236313,0.09986481115582213,0.03194166452996965,0.03940204890748906,0.06721482189361068
