0.06620119571423873,0.5145450491259304,0.07972009225433696,0.005459492775591245,0.04788218788461616,0.12250918706900273,0.0741945563034744,0.06034918777241494,0.02913905110039451
0.023170000366295445,0.04887689699084454,0.012104194984334182,0.25715419535549605,0.13170638937147675,0.013697259268726348,0.1466490521670321,0.35283584400909174,0.013806167486702936
0.09772418917288228,0.054969776562589744,0.15358730461551126,0.1357775102528576,0.043465024749337035,0.15130617313896647,0.2092041417094642,0.1147981946391265,0.03916768515926497
0.06194962804382869,0.030069409832079678,0.28533319830382003,0.32072622046718485,0.06370527625034243,0.05987638063087753,0.07459632942053643,0.07596472791326238,0.02777882913806799
0.0583828397828892,0.05194232086336784,0.3695085162643603,0.1049815431505905,0.16006980750261782,0.015626724573139433,0.13409905042809947,0.07337317794669736,0.03201601948823806
0.02504419084022375,0.05340836205827757,0.07640832575523547,0.33704661635458133,0.08476805165944011,0.08440387663481186,0.07755371360465954,0.14241129741361877,0.11895556567915154
0.1399257216748326,0.023842088287356872,0.05562307461468535,0.42937485017042265,0.05165362310635958,0.030385597705590215,0.030542518259426155,0.22164105700564277,0.01701146917568395
0.02087236896320771,0.4752409291688599,0.02664239659625396,0.2605301049191681,0.04837551921522407,0.015920637503737907,0.038880058934393176,0.0904639101373626,0.023074074561792574
0.09454847964800932,0.06319114813109962,0.03712929882862741,0.022234437267608462,0.03807136746105442,0.11375643098327119,0.014781293156787792,0.01965294618442485,0.5966345983391169
0.08861809407718509,0.040212850942592214,0.07099262070502811,0.10061385442362876,0.058729918366891926,0.1346921558051447,0.12721854558983917,0.24516035160717364,0.1337616084825163
0.12464043230231676,0.024749646684205925,0.33301626538740203,0.1609459930042618,0.044446433834192084,0.06537781241012852,0.14386996579703804,0.08661961837922127,0.016333832201233574
0.05136253944197578,0.022099393511026886,0.36444193981974476,0.058459183539255444,0.022408727290529968,0.08024750021603767,0.08622846321872957,0.29274196623189247,0.022010286730807366
0.025750535704239564,0.14195226041277176,0.20241850533312303,0.21548068823143976,0.07254222181913876,0.06401145614318417,0.07367658443473495,0.1724005510529608,0.031767196868407205
0.18859596002993484,0.03707364635059684,0.20467355914967741,0.015200400704702874,0.07102588992038425,0.05806284825451722,0.09095167184360453,0.30768754796407627,0.026728475782505808
0.05489172922170172,0.11103047708406728,0.054316186739749694,0.026705024967339328,0.1088711228852433,0.08678772171672318,0.4015118450886987,0.10900252876867378,0.04688336352780317
0.5131402889282907,0.03610272422206073,0.08938298745003555,0.029706576557073122,0.027386104814764427,0.030305650322861876,0.07814365185479487,0.0771692599656661,0.11866275588445274
0.0732343839395973,0.0541187858652425,0.09383946958484086,0.2294838869508983,0.05066320895044357,0.08822562453923345,0.04727584406993032,0.04602993671376443,0.3171288593860493
0.1267078277807949,0.042248056418795255,0.05861771215891389,0.12348533228564974,0.04602778826613921,0.32638336026721915,0.03315504644259048,0.06938845662071538,0.17398641975918194
0.048690014451120256,0.028823137828622235,0.020542884775959433,0.022440542663439214,0.024575412076660783,0.2361662340418421,0.015261177783926869,0.022268733312100327,0.5812318630663289
0.0426588838891355,0.023053626127151467,0.06712538838770528,0.4412695485311325,0.032367724401904545,0.15151978761128232,0.07482025790579229,0.12759507888806146,0.03958970425783456
0.08630985432665876,0.023413108548350575,0.4666544005842923,0.056219422542030585,0.06263965060092187,0.043548875858972214,0.03717476151518969,0.2107514040845385,0.013288521939045542
0.03134032871571102,0.02755554667136939,0.05087557178153818,0.4917346861754352,0.05961800073182708,0.15338719347742857,0.06407621063216816,0.09553490501859907,0.025877556795923212
0.05221316280606595,0.04226910688318675,0.11215048291757589,0.04589097583458668,0.1342985843924391,0.0483721583048452,0.09818416896611311,0.4344258464321733,0.03219551346301396
0.03970843757349868,0.02540483670694342,0.051190635441078804,0.4315370054950088,0.07518323609142562,0.019431987799381756,0.0225439049015841,0.30392293434849615,0.031077021642582595
0.06335720126647931,0.6474622655478428,0.016615072120475794,0.05539709614514384,0.05896218125538797,0.005339668294104226,0.03784378688788471,0.04633834184512109,0.06868438663756021
0.09432481088638213,0.0390109043736522,0.18971817195893645,0.34100756260655246,0.06386066297806312,0.07669075541863425,0.03700205434819431,0.10972414135254133,0.04866093607704377
0.06177912438279065,0.028814707798186207,0.04235807560319532,0.5545388916706601,0.07382623959377983,0.12853086992114768,0.017204871588739734,0.030890283104270794,0.06205693633722966
0.6390928673220736,0.02430600968512514,0.17770323412955338,0.0036775421946075404,0.04504320174953425,0.01887007690955701,0.014090744909728559,0.013918521903142403,0.06329780119667801
0.02549367599981067,0.7190454775331115,0.10008804920426527,0.005389496461938014,0.054447660885835046,0.010966986500189022,0.013687333809503904,0.009658928561501523,0.061222391043845005
0.06028508427589552,0.05443659137179174,0.0663093015296458,0.31096637033605784,0.15035668740893104,0.14316622825193095,0.07095654321853624,0.03658259579196076,0.10694059781525
0.6729573148931977,0.021242256278068555,0.09512426079492568,0.0055859187331325525,0.0688512995971093,0.026601682491601147,0.0251396129624389,0.047932528409229735,0.036565125840296614
0.1376980736693851,0.07700724733752075,0.022924690843460115,0.36046706855608796,0.03277596358359911,0.07456840341579678,0.042144853739496974,0.20369754129610196,0.04871615755855132
0.05059332356187677,0.047979980658031274,0.20178250190790262,0.3753013700715699,0.05034804127108563,0.0464373082829391,0.03378063280222509,0.16268408561294098,0.031092755831428797
0.06678411022870052,0.027173487647475836,0.04732221255027891,0.04745821177720009,0.02882301520784894,0.11941775785619797,0.02722676517403891,0.032524735062801374,0.6032697044954575
0.08722835809946915,0.026742933544576058,0.04800351548859433,0.5217434476203474,0.07368667651180234,0.15917395752314326,0.025758471636009552,0.03481237985803307,0.022850259718024818
0.01772855147955885,0.04110787040693936,0.08196939964132398,0.5311535033371806,0.03813831284288041,0.1494532751649799,0.042848793058554914,0.05291332476082725,0.0446869693077547
0.04789434661516615,0.026481952530696257,0.05445599083911098,0.5447341481505773,0.1110753001133521,0.013269685259679772,0.05093441162670903,0.11951525298261777,0.03163891188209053
0.12233983987409043,0.09819356799199559,0.10903133320120767,0.2046826378769705,0.054053502053794854,0.026544107707837328,0.06461950825086023,0.23473990095835714,0.08579560208488617
0.5479414197871921,0.020254070116441984,0.15246040541418307,0.0010917966679128979,0.011631300408703775,0.16588574691325098,0.016211867962122536,0.060787850253536724,0.023735542476655973
0.0880526012113549,0.034037704499332695,0.13183303799514692,0.4294771450748967,0.028822132135165584,0.11611796702359835,0.02826688222775109,0.10372035183049726,0.039672178002256385
0.23347962962836122,0.06563044637814103,0.040678424131699774,0.3207388146422544,0.09276210221245891,0.03341324806170863,0.1167797464028348,0.01639935198062089,0.08011823656192028
0.1593972015112025,0.03819433317133567,0.16779864654187435,0.012386436981640042,0.013505007395204759,0.11054735168750436,0.06547792765516736,0.4224346048861409,0.010258490169930171
0.10518792033553831,0.05827536862019209,0.061597314414574666,0.050370943286887494,0.27785131747657,0.02915111668338745,0.08008203943371671,0.30506104674277124,0.032422933006362
0.12896381447458863,0.1356910283611359,0.07588382513884075,0.18391581518455424,0.023614374265817195,0.014229383193949582,0.09358000470400675,0.2804375802621404,0.06368417441496649
0.05997758345621281,0.04132647969093339,0.10968930563938224,0.2191655802822896,0.049944142050980224,0.36034500217903354,0.02089063645673532,0.0347739220577118,0.10388734818672107
0.03629191768821195,0.0411794055310823,0.04252827049499452,0.29030833017243407,0.12348618707803366,0.2521968151431633,0.06045162599264875,0.07218932105602006,0.08136812684341149
0.03489930081537507,0.03450781520458613,0.04402059933543349,0.17120565162126558,0.5310017582111844,0.007781221332154223,0.08229925141312036,0.04720758291945006,0.047076819147430504
0.04570346346499891,0.025737706121293405,0.05082214208928598,0.4409381299156112,0.14472097883071874,0.03552826922435204,0.203979074864056,0.02106474530998909,0.03150549017969467
0.011572667774460116,0.0840859895829671,0.032441263863836854,0.47375663369617743,0.07840291130614939,0.046789309413056666,0.031028376936520292,0.14369448250574596,0.09822836492108611
0.029358278758754148,0.05623711976154169,0.03186872810440547,0.4117471221997906,0.03803047163434071,0.03234766607896036,0.07701626201988841,0.2932406798884404,0.030153671553878245
0.41503836567505775,0.021556338327267156,0.21240351318023842,0.0015676916127083855,0.012811854020988361,0.22632077033500417,0.01271370145925368,0.06319402677483814,0.0343937386146439
0.07248677067901164,0.06705128570623438,0.04330590503406795,0.04312792961019649,0.3681731787302744,0.01699865790925795,0.025245976219503526,0.3327308585751032,0.030879437536350567
0.060845627661981073,0.03844085732989567,0.06841539198768619,0.1566669446021205,0.06046234102052259,0.11161838370323647,0.10045373293817723,0.32434468333829014,0.07875203741809013
0.1691694511104229,0.0847860894706539,0.08299589603149393,0.37429566619657434,0.10101502427163504,0.04260380800472801,0.04806484736068503,0.057826171096943935,0.03924304645686292
0.03401752377681699,0.016434651776314136,0.08326709434985469,0.3313774930671198,0.07817470837655154,0.2296478430147515,0.02411180565919752,0.09784505665975592,0.10512382331963792
0.20592171789856115,0.04776491180111498,0.09693991216932968,0.014703172630895682,0.02780694277012488,0.0648078595959921,0.4535921245178034,0.0365492893953888,0.051914069220789345
0.6605072202275678,0.030980695765973926,0.060886784160255475,0.0027331990878060966,0.02253722131236773,0.0659833915630507,0.09402676420050937,0.024898058412384325,0.03744666527008445
0.05971197839598178,0.040376510010656556,0.08019193857048647,0.29860335761341844,0.0701118944999764,0.11426921437508732,0.01979783517870448,0.29627998680985723,0.02065728454583131
0.07215423367629682,0.03274668322945648,0.27911667234671417,0.007774668272322358,0.008764328751749616,0.03524333516457669,0.043489396125526485,0.5031439557195788,0.017566726713778635
0.025269145332864867,0.0247180178504748,0.03728224994937687,0.4582570654825102,0.08163839275120897,0.1416598855021857,0.007663173561787806,0.18466398071759346,0.03884808885199733
0.046922022371365196,0.39748658544467547,0.04925301005618745,0.0867028252837893,0.17011346717156753,0.017195505322027304,0.1423626907527346,0.056740843618757114,0.03322304997889603
0.05751430770998719,0.014066012823468104,0.04628174482350006,0.5405822931969764,0.09290696533313508,0.08993240071537888,0.05231784071416364,0.07164746458090364,0.03475097010248709
0.7115557674643472,0.028773250822100135,0.08281863485604514,0.01738665677927825,0.020417471119558363,0.042908731311476704,0.03896062029901601,0.01981721002620465,0.037361657321973635
0.04541291076877255,0.0899221827343133,0.43662601558869113,0.05457436403071573,0.09912230744188512,0.1518905330117628,0.049429565164431304,0.03901102109168757,0.03401110016774048
0.025707358413085912,0.03687486100839863,0.10568682339221484,0.15558439316339628,0.07257025359667314,0.060665821773385455,0.03611585245596789,0.4853783143614156,0.021416321835462285
0.05144585146379926,0.0587699372459613,0.06012270928983541,0.10257561221679541,0.45159584509429623,0.05972326824979931,0.10110992094715232,0.07922065175653191,0.03543620373582886
0.03482019045808261,0.032604989775740445,0.06781704971137341,0.648067963101104,0.029812112093509563,0.025473976023875727,0.05500154908775112,0.058864337606421714,0.04753783214214138
0.03442157994639966,0.022118574658904294,0.20149681097825412,0.4336664594749353,0.05283966257593106,0.06267150823787218,0.04562003380931895,0.11185004887902543,0.03531532143935893
0.569756832698299,0.050980696727727676,0.12381553146231473,0.003512362848493302,0.008417416232514493,0.03974077503508842,0.008216489695105017,0.15922491060208976,0.03633498469836754
0.0553358202325637,0.03770728250866718,0.10073072940759709,0.3630257701489758,0.05463605707381897,0.26742651668218426,0.03235290202142294,0.05237083332933753,0.036414088595432645
0.03947908719998475,0.03359776626380268,0.026699521051421638,0.28937395420596124,0.47082860248683994,0.010885664609701563,0.049607790425386135,0.06111798543304395,0.01840962832385802
0.5551061936199481,0.04538012143902387,0.1380743074430458,0.023081329192231825,0.022962002220178884,0.05665903408237311,0.017421661472160857,0.10188602251996774,0.03942932801106996
0.031150889154178296,0.016739349341383963,0.05069386476959395,0.5205592012569461,0.06846842698341592,0.06658912706800245,0.029970718944978065,0.19114014265025267,0.024688279831248536
0.04433677340722336,0.026431607131782112,0.0927655629120598,0.03413623685730588,0.19610391803026786,0.050984902500857604,0.04181752881873498,0.42993227854789035,0.083491191793878
0.14214270218339206,0.056659998930810855,0.15585567462104544,0.27679275748404986,0.046189581085918335,0.12916938433014005,0.04683904425058014,0.09277739321873439,0.053573463895328854
0.03305139717934008,0.09215816978418552,0.058479261045897145,0.4415462821844453,0.17876076278691666,0.01619378153921833,0.08080137733967285,0.05943250355252957,0.039576464587794485
0.06958246257519386,0.054189487167110084,0.06911624209504706,0.5719724674862169,0.07728715549386478,0.03765475107219623,0.02330675037513218,0.015647936135423635,0.08124274759981517
0.04827326347724886,0.02235963635856016,0.0578264734005123,0.5339283197442105,0.08126106636922388,0.10845231208288884,0.02285983848157902,0.06826175874632405,0.0567773313394524
0.0810362517806333,0.022563714274389038,0.08128753392702631,0.5999328818609081,0.026319106808032663,0.05404325727371845,0.0742015102566317,0.03998662490428732,0.020629118914373096
0.6163437068553305,0.031151380972692266,0.056610651905331245,0.08640512456357664,0.07940264558153919,0.019120031618813958,0.0301214453052909,0.03310393215361999,0.047741081043805256
0.5449426953624191,0.045241822770564155,0.05014430877894636,0.051957986264491225,0.05206874475944235,0.03921758883539716,0.03282530979591907,0.14084657524244146,0.042754968190378946
0.11722268359074801,0.02420492749003293,0.18806048668274641,0.19210232969349306,0.09651957517029748,0.07485446951654495,0.2356535809801019,0.061174964492572946,0.01020698238346226
0.09239728721134526,0.016928351870411442,0.06601050626235909,0.5757329847088896,0.019687923373125155,0.013035522640388453,0.11453494303380483,0.08286594903277306,0.018806531866903165
0.17145795751925277,0.030699885701659557,0.10785805244910174,0.1442794715281305,0.19148216883473412,0.04748089429290723,0.22085570276099653,0.03004058208208525,0.055845284831132234
0.08411495324383478,0.37685266367434805,0.049297595130015526,0.012543843879368981,0.15870252364130708,0.005077874718861391,0.06104737856867328,0.1348291534415064,0.11753401370208455
0.05800438241334618,0.035510613901559324,0.09587220375611864,0.39765374061089015,0.10158976922464343,0.07760010643689876,0.09052079963722269,0.09916798731314065,0.04408039670618021
0.06543767002977728,0.6468896627104409,0.03779828273545328,0.014159936435629253,0.057561114194789244,0.027530214736258607,0.06389929699730428,0.04226202087191825,0.04446180128842896
0.1736433272061424,0.037129414106352794,0.32807752543314006,0.1527883637636296,0.05373666759044509,0.0821100358313219,0.056168957494753174,0.05751645088540407,0.05882925768881094
0.09704104625347575,0.07185275465780387,0.13340145098403092,0.16895773420820107,0.10928993934031371,0.09046086770077542,0.08926455999407161,0.18460269220622882,0.05512895465509888
0.05438698722303731,0.026140412871387308,0.07726445367497936,0.4905391910685413,0.0376300659308601,0.03682719224921633,0.08000177748718616,0.12555571065365947,0.07165420884113267
0.05825227537950075,0.029154446076420194,0.055063053940660446,0.1903688173699556,0.06180488106642951,0.16892774513201902,0.016692376858718206,0.35559563159290214,0.06414077258339416
0.05993133757494414,0.02069421171247492,0.11862023723203159,0.11820400068145509,0.1591743854638256,0.2346535171040028,0.06434572362402868,0.05667074457744514,0.1677058420297921
0.1167247894540177,0.043948869636488336,0.04590102659085229,0.1495758191556981,0.030514330229725606,0.04272880494085446,0.029661274202598408,0.005297680233266329,0.5356474055564989
0.048419611459210865,0.06568548026570982,0.06674654486686414,0.344003069233678,0.1483544553084347,0.21269582602802747,0.03294312485737669,0.04140420447813801,0.03974768350256019
0.052729435401614934,0.031327952045264035,0.20620713793686715,0.14610580290678687,0.07206888665737134,0.22526420811101322,0.14945711824350938,0.05550407457319117,0.06133538412438189
0.028608064060789112,0.0630948973262996,0.04852699893327311,0.434786828103892,0.18261420967504516,0.01702003505867609,0.11481663896407675,0.07746307684001787,0.03306925103793037
0.030484711877556397,0.16504765441968616,0.12322622329743886,0.35636442174111055,0.16616602895376478,0.035458358084783904,0.03733650921478334,0.041058626838470946,0.044857465572405116
0.08182159806206696,0.12466401427620627,0.04784163713694308,0.0495332315899146,0.33110010585923255,0.0752154385432604,0.06991164354316771,0.17047596804426016,0.04943636294494826
0.023610788379384517,0.017808162869661345,0.14299800426846002,0.407335048931096,0.04536682197283679,0.23182915382278999,0.026488755336409115,0.07917728976897659,0.025385974650385612
0.09004832324243355,0.02678433657425457,0.10739873692704043,0.07454524854737904,0.03301258883842476,0.2809971247976328,0.008341494970039609,0.32658127925987135,0.052290866842923854
0.0245902750643959,0.032910447550966775,0.06595685912619123,0.46971694525958146,0.08374641409331811,0.12619339901671778,0.025056735359392745,0.1178768376070945,0.05395208692234155
0.1630598764314915,0.03728165339580344,0.1082742645345598,0.30979228635769873,0.06440720308538912,0.07358963132185141,0.045813281661753795,0.15130308188862157,0.04647872132283063
0.15935785904578453,0.024651056669234696,0.4740780349134331,0.01130401288150997,0.021715680255695258,0.03794531522338215,0.03310161731948518,0.18816826290875766,0.04967816078271742
0.13326873130421554,0.01243421002303618,0.33119504813295825,0.2369844261724761,0.03604663414465472,0.06725673690672405,0.04007226705992869,0.12515206962140138,0.017589876634605064
0.0415180473054487,0.06556043996059467,0.03792525869294738,0.42617995992742524,0.027630680311507432,0.028210544355769196,0.03570409996264097,0.2835791584264866,0.05369181105717974
0.16935792418246498,0.06770625835337699,0.22940545935076398,0.060385984013755466,0.04102568736283186,0.08880112675733427,0.12897186504807234,0.16864752917613365,0.045698165755266466
0.1636810107034412,0.02559089328702614,0.061137806181854916,0.21971215912870812,0.08640241479490524,0.037448292627117886,0.07844875119863347,0.3042808058578124,0.023297866220500632
0.061636794321688816,0.03848653883144727,0.1522569597956642,0.030503322124410117,0.029938143281631052,0.06819090924939243,0.20657770292218777,0.3380422304617013,0.07436739901187704
0.021607033873357096,0.03389211894136205,0.02795178837641722,0.2863938258752809,0.09793585783703422,0.0865503158336539,0.01862796400024212,0.3913696456803373,0.035671449582315266
0.6311517037023586,0.034420449942381776,0.19210790172014436,0.005760982479660744,0.010687084363982134,0.027209199044843674,0.030072120903399942,0.04811038519776765,0.020480172645460985
0.05072195114330258,0.022454973676983906,0.10533832664956805,0.04052827483627642,0.15751086308113468,0.15093329410701065,0.20898566946985117,0.22146193231409073,0.04206471472178184
0.03753394683751796,0.080432170386238,0.0729857359161514,0.43960894940432627,0.16287866488225902,0.028317213859082327,0.044903876195261434,0.0986522780452348,0.0346871644739287
0.09765956155490245,0.025960405221416478,0.13325061183269746,0.24499424969199243,0.09695219871405812,0.06860014452201683,0.08154557296634952,0.20893428681651238,0.04210296868005431
0.23131304751483173,0.04347316763583908,0.10091733668218954,0.024312352178039908,0.01961109422508471,0.0902983353925794,0.2764900637768621,0.16729890163693048,0.046285700957643165
0.1258479330963819,0.05160526146934777,0.09239127752473643,0.08200312043891762,0.11493032501346967,0.18832838460130155,0.03676182660400188,0.14082760522935736,0.1673042660224858
0.05497982430246664,0.036442319701782126,0.04463047701657016,0.49281240949142296,0.06660192667988087,0.1628319751723393,0.03459297724894817,0.07092153933606188,0.03618655105052799
0.06240792660139921,0.06200309121981797,0.03909461478852984,0.12878368734615042,0.21991292045535404,0.027092817302401474,0.30365482074387623,0.09151256147773613,0.06553756006473473
0.10181937917946705,0.0652886863235186,0.07356706906158865,0.23180369742282206,0.2191214213889937,0.05001569227942824,0.08302694493256986,0.1442851805148159,0.031071928896795938
0.03419114652993858,0.05457015721457376,0.06593500704747095,0.2722797374983191,0.2576850027214826,0.019968269518806234,0.05680080313458033,0.15299939936286702,0.08557047697196139
0.12758888516646535,0.025001939266843663,0.09858733485292588,0.3248483529178213,0.07251039301794228,0.11915789782001766,0.029664544910313395,0.1768812606020254,0.025759391445645083
0.05139140440383108,0.03220114510427738,0.15524273185423274,0.29415095224416776,0.08477839033187982,0.13632971360216098,0.0835400606750415,0.11970458830723023,0.04266101347717858
0.10316957112033066,0.5431931512074607,0.041470306902001104,0.04601127433207337,0.04234407092664113,0.018033031504003344,0.049839685630418795,0.12296226268249688,0.032976645694574085
0.05308894983435447,0.05408285271063168,0.07745133852778278,0.04329092674457819,0.19292172988731415,0.024003945023514772,0.13134235583288087,0.3857502807532219,0.0380676206857212
0.1604686878613761,0.052326457033467354,0.33277960633053466,0.09106404845784398,0.07327545756151117,0.07035203951065289,0.04085363897787662,0.11885319553259595,0.06002686873414124
0.11189314152255847,0.034745545308289515,0.09015105382979365,0.045649912450485254,0.08357976757488084,0.28550948277979593,0.11894031427628958,0.12763509169475487,0.10189569056315195
0.0770052218044071,0.04573378974760145,0.208690693393337,0.13168861551184893,0.06929441939114483,0.08520491731534229,0.059932804482115715,0.29320810842258505,0.029241429931617744
0.07435874486162024,0.037148185311833254,0.0778434825927309,0.1646122742322067,0.061295651644828454,0.03547665874866037,0.043107901840182705,0.4805214471549724,0.025635653612965076
0.13697882829713642,0.03630057349463268,0.035600164905227084,0.3878828633948512,0.0615734081474763,0.10591327714900343,0.0669444402334965,0.13172332391910407,0.03708312045907236
0.1032570973360143,0.021542077361866228,0.11630494361369566,0.2831115072172177,0.06328978778217652,0.07926378893556657,0.03250188761520864,0.28369382777632807,0.017035082361926333
0.03483678501082898,0.03628848035290354,0.07036526217090505,0.42037989916571944,0.2362192253167451,0.0846749767205814,0.048785245482338126,0.04450864834699963,0.023941477432978715
0.13631841758450067,0.02809607041170865,0.05014274104403365,0.033157759221186064,0.07592511878417955,0.04244192290462562,0.4598507570127725,0.1418858992324166,0.0321813138045767
0.08319820086969999,0.04293656847591828,0.056266598210442255,0.17517001513945507,0.2022976460248925,0.04811762560537477,0.06384807566908444,0.3088435544057965,0.019321715599336167
0.0435492724303409,0.011926747659959788,0.02413465451540515,0.4583653239423547,0.039529996623849185,0.08977380165441777,0.017288523906316616,0.2990765785893021,0.016355100678053864
0.02749609441017332,0.03437961932997836,0.03705319936432606,0.3825268742555834,0.029944729498680017,0.21019483342943338,0.014241296788248406,0.15282837835769061,0.11133497456588638
0.026234797115139912,0.019421493795211495,0.11402620851013617,0.46436655040941366,0.04507913750097004,0.09292812363196856,0.04766148098729456,0.16349858174878837,0.02678362630107728
0.06295052333652523,0.0486034109977674,0.10157619617305365,0.29011302863020855,0.23760878143076658,0.03064454568145883,0.020686476244343232,0.14121126243845508,0.06660577506742155
0.06895691660640695,0.04047377810214799,0.053152367670669165,0.08957567930995526,0.053960925929070334,0.17531684619245055,0.2919624383476249,0.15016769272119182,0.07643335512048294
0.026475544248457147,0.2929603883824449,0.03879902515039384,0.20618787334044977,0.09089820304668139,0.042970063807850074,0.07416789754904389,0.0834755878259899,0.1440654166486891
0.1546331184138804,0.04798611535529631,0.06016739981384615,0.38257352917793175,0.12849602840221164,0.05258657746663431,0.08192739821704716,0.01823349050147981,0.07339634265167251
0.10581033639995223,0.03805661778219366,0.08834244169271277,0.37999258820211274,0.11740305349286866,0.14737815825631748,0.022047659582021966,0.060214367323954666,0.04075477726786574
0.040506791097876534,0.053134837799416336,0.07874306996617284,0.40032314649237616,0.07922860415560488,0.09170445625626696,0.10443378440334154,0.1030442646018201,0.048881045227124616
0.07231041381016615,0.525892897531062,0.05505524538777254,0.004715035968640426,0.101882176510025,0.03412513293019294,0.11999651424248654,0.05785715730635577,0.028165426313298565
0.03647933222283947,0.02628904968794744,0.05991812584891468,0.26641229776171454,0.13262265509988858,0.06721037634879211,0.06060389721062973,0.28669752508642893,0.06376674073284443
0.07435364726363829,0.06361440428939746,0.08125015132384976,0.27888133562898454,0.1458280616392455,0.12459687514448903,0.0163905669384619,0.1631543780068669,0.05193057976506656
0.08213196180194042,0.03154399150473187,0.13479921222477315,0.17559495446070195,0.11076389170971017,0.11531802642312729,0.0894925289985321,0.2166389402115594,0.04371649266492364
0.047711229976791246,0.08080751473480062,0.058704299138023726,0.15716299901363096,0.03694635649137184,0.19311295767815914,0.09002632084820845,0.2391035895715852,0.09642473254742888
0.04551430760312899,0.023026948077774733,0.07101960478751829,0.5477832347925423,0.029800340758353496,0.13578604802085917,0.013352186403978165,0.0770343867896142,0.05668294276623057
0.07331374953074904,0.04375019560733396,0.14448855425125806,0.2760646274550217,0.11339458973759854,0.14655541540057768,0.020301783952260715,0.0797003036104258,0.1024307804547745
0.05780064729605461,0.0759793372535879,0.16255852123760606,0.08204813982728164,0.11680847089125206,0.08257397633888251,0.2679727184554163,0.11363785369925176,0.0406203350006672
0.04962528575502429,0.03521907341846355,0.018238512726816435,0.42860421754379496,0.05010379418384478,0.241683235020442,0.04964534658840011,0.06961258628923678,0.05726794847397707
0.05040714816166744,0.034875988360183165,0.07814279215248245,0.6177096457842213,0.017277237506456863,0.06778724918121658,0.045421844467569195,0.056909705044161894,0.031468389342041166
0.029580422371859472,0.04886614872065934,0.034257441566633795,0.0937979896953775,0.0745791494634236,0.04363450472111941,0.38922717496127524,0.2111050625555522,0.0749521059440993
0.09806973937125545,0.038531202421880885,0.0756498730619999,0.06001280675394521,0.09662778658864779,0.10358571010618439,0.03476525259229252,0.027485858733046403,0.46527177037074746
0.20807815189897572,0.020730406179560224,0.058945264365286416,0.28055393781817184,0.06184202563489586,0.16033000684455392,0.08161534533053734,0.07745487382714374,0.05044998810087481
0.07404809224243691,0.030529384601909102,0.01715221265842793,0.10552989828148064,0.041197483572412645,0.15863452319970203,0.022981850008020072,0.016379782143621856,0.5335467732919889
0.08302272469390108,0.06335104283881127,0.1603699732786961,0.035505173283168795,0.14417254191099843,0.049731178924698805,0.09442995765451445,0.3183585637095931,0.051058843705617994
0.16777832175564059,0.04961918913272114,0.18278442184475663,0.23120508225602965,0.0539543304222943,0.11342500072138241,0.04727467494437437,0.11983997209344761,0.03411900682935326
0.08840428701885557,0.024053735999287798,0.04655659512985468,0.5293566039377912,0.0639262442820322,0.05419877420034438,0.05774699957541149,0.08121843232188657,0.054538327534536385
0.6980186678181909,0.02059395145284101,0.11368423805973756,0.01125683436646479,0.01643602509567995,0.01946096607501149,0.052379831364105435,0.035941042173072694,0.03222844359489632
0.032902125508325,0.05680330928880283,0.04049833568877904,0.31708392091371784,0.1294452675030341,0.08009152329262371,0.029004690066681285,0.1619889146776118,0.1521819130604244
0.04705136406872765,0.04169566763963032,0.06899061112375321,0.4800192323817021,0.06033767933331149,0.059697505134631935,0.059379824045502926,0.12196082211546938,0.06086729415727105
0.09756579823963762,0.013379063465864259,0.07859658830628564,0.5161939730084886,0.036403889484815495,0.09893291418524207,0.055576739474001345,0.06018708474735657,0.04316394908830843
0.09405667772551041,0.043946345976499206,0.0545386409544782,0.04336343163684606,0.08981000443597531,0.10939787403235057,0.0659018281436602,0.44120136060335247,0.05778383649132745
0.19392592781660414,0.08730726243512783,0.10690698312159268,0.10460895917508461,0.05285533196143688,0.047419001153919886,0.13100465963376437,0.22468075251468964,0.05129112218777996
0.02974423130141786,0.06528578942067671,0.022528277138884428,0.14195473716565457,0.5437377145397978,0.01252922180430798,0.01988506188562379,0.13872948975078694,0.02560547699284979
0.0757794238192163,0.027522062870045147,0.10574893360169103,0.3602240519604929,0.09208622965505409,0.12693566861235892,0.05282783596378398,0.11707827907341421,0.04179751444394336
0.11450335468299937,0.04843110484369636,0.1308718456398964,0.33241010820765027,0.019107767832955622,0.12012361941321974,0.06827815973210104,0.018987835544613082,0.1472862041028681
0.07078367205640251,0.037230782715881455,0.1520725914848804,0.4186127932052801,0.06522259212783306,0.03830242691829023,0.049773155968701056,0.11902533439856429,0.04897665112416685
0.04167027407910815,0.03744641189898984,0.0729935098617371,0.4997583831516936,0.05606460759059708,0.18175623057180168,0.021003704037539983,0.034711412025957046,0.05459546678257556
0.39470064953126077,0.03063964922254085,0.12546355537676174,0.13970297726271688,0.06841819432013667,0.05780531554872368,0.12716254342107042,0.024180878481966,0.03192623683482302
0.1907584072882387,0.03379349044030298,0.1292109941506295,0.07306246908127988,0.03388139244535526,0.2459788682316817,0.030498461910873725,0.09665114052534601,0.1661647759262922
0.025408703625652517,0.04358458061320911,0.05982110325403003,0.3704880501562379,0.24844986754577222,0.035142474227088445,0.09550219823985119,0.029154215757336926,0.09244880658082166
0.6409911379056322,0.04354121254378229,0.10616394021454234,0.023048448968201036,0.03144425059078632,0.0075648768382784205,0.05970453996749434,0.04916023322991312,0.03838135974136996
0.10470532987629487,0.037526382281691,0.20309600429798028,0.03274640442499748,0.03760006211986538,0.06108797339807975,0.13989858231717553,0.3490797124870663,0.034259548796849455
0.02950805444529433,0.07333344409775283,0.02823472241984329,0.16037254714946922,0.5793614333550791,0.008320114013471713,0.05028860054274875,0.04695397172512481,0.023627112251216043
0.09517210861249893,0.02923481953370624,0.19463808116612205,0.3300246815905607,0.07121266044236126,0.06258862111364785,0.08788840017157244,0.09867624863859203,0.030564378730938493
0.06647553432827664,0.026035711367307954,0.084922542585124,0.1983891938501072,0.04707056272798767,0.28511350971300115,0.0351803089390137,0.1848594663150951,0.0719531701740866
0.03009466604943394,0.06617380490838322,0.07120040247197455,0.4297671961177462,0.15487882607616685,0.06503071456511648,0.031109622915600755,0.08238263437069847,0.06936213252487951
0.08143615011689968,0.03597006202588075,0.0736098697272063,0.21765673943244745,0.06268912788859878,0.31574964187745047,0.08736402895570912,0.02822993704244164,0.09729444293336581
0.045298880955337434,0.06861314337671079,0.07007690505881929,0.20318992506005137,0.14363635307189057,0.07432658283707806,0.21738612998187248,0.12931922089525386,0.0481528587629862
0.5408653412039856,0.045848530068383436,0.22550778895582266,0.0008351367753843164,0.0023104072556987248,0.07503683778278743,0.01500743833635442,0.04964970731904772,0.04493881230253575
0.07073332458045017,0.05573731789839992,0.09698776014537096,0.24081939174864808,0.1118777853495395,0.07525443795440658,0.05580514364126299,0.10427152918986861,0.18851330949205325
0.06217143643836567,0.048905285203953895,0.05068838026732545,0.23871355313378365,0.2473983738746162,0.031142330450582012,0.031323369367758265,0.24914814118541515,0.04050913007819969
0.02919869033910843,0.02009761951983283,0.05920965110008963,0.3000600906161359,0.07824406434651458,0.2564946227742583,0.01387181899390208,0.12251830438143345,0.12030513792872492
0.6706610286870193,0.04369047107525276,0.11527245908740241,0.0022698939572888253,0.014802436081880962,0.014465025157493547,0.03104864757063176,0.024695014698118065,0.08309502368491238
0.10359068092437491,0.026958550064264637,0.026198698125637788,0.24883794996063754,0.4159303457961075,0.04413415240221117,0.06227452204785772,0.04125257058524121,0.03082253009366759
0.08136260174628003,0.06276978914367336,0.2488529075278837,0.1682723077187869,0.08748915658660807,0.09238310549551342,0.08208715188127692,0.09575818556412526,0.08102479433585234
0.03897347390221618,0.035297610195204325,0.024284005468729792,0.014029283753438782,0.027069415101641486,0.14537722174572834,0.0219609841223297,0.06634846779691303,0.6266595379137984
0.0807128769182761,0.029962453590403393,0.13541345084240206,0.2426277136896929,0.031088200849599974,0.1789483072620259,0.04413277145218399,0.07630142763352471,0.180812797761891
0.05249566027678476,0.02420102528976049,0.07359989091114699,0.5078033795202007,0.033899044889304335,0.054590127141185656,0.04817273711302991,0.12407675398514957,0.08116138087343754
0.05354415433744806,0.035888933257111844,0.022154777766299646,0.07074064949213575,0.5957026440039545,0.009040122461060571,0.057392701297170334,0.13443986561409024,0.02109615177072907
0.039564282865660806,0.03835342226507144,0.05381301413109707,0.13973295035233504,0.19110361028369596,0.12380464123822288,0.1899401923920684,0.15238942382580375,0.07129846264604452
0.5947708385353229,0.016584416955114034,0.10862957371415864,0.01264398788834871,0.021153826948742654,0.021084894366487,0.13950816201792296,0.05321847712157377,0.03240582245232934
0.06765833358051739,0.5528544539855575,0.04415638139445907,0.043854188002054574,0.09642488992010999,0.03354955518928849,0.01628869939011257,0.09681197907774869,0.048401519460151615
0.10665282969244223,0.10129695054444292,0.1688635485680948,0.11693475209195232,0.22330141350688315,0.0474049324861828,0.07617560012039679,0.060836094120813755,0.0985338788687913
0.04891168789489079,0.09301279184928135,0.06983952585295901,0.14089835000811737,0.19589980182790268,0.1871424376220897,0.05040304487269195,0.13053883624803064,0.0833535238240365
