0.364218874220491,0.042495330216063436,0.0878639185865722,0.11187465343991303,0.08223184185622189,0.0637791633326833,0.08710932981436115,0.11821880909075466,0.04220807944293953
0.284007229945509,0.10010045179961079,0.024535965866096552,0.178141378778646,0.1628634463684976,0.03356627773944767,0.07242942189482476,0.08800122145612636,0.05635460615124138
0.05372722021113415,0.14948672030891338,0.17448295013051837,0.062085052924299326,0.27372057972555125,0.07806699996816578,0.0848992354796523,0.06661197280654732,0.05691926844521805
0.22704738735387867,0.060637269355385916,0.025391404554133936,0.1303735402570326,0.09166804570421332,0.10371902975403337,0.04049861463654832,0.0242505887481793,0.2964141196365946
0.27846036720544776,0.043625914283684085,0.28398343548089294,0.029833899078042365,0.09128708739952739,0.03227142670075364,0.17168539971813948,0.027624679984752543,0.041227790148759845
0.40624695686919043,0.02912491615225701,0.2096309282797079,0.08012572954759592,0.038986326211260865,0.007359982824131987,0.11046884489423235,0.06357640715538054,0.054479908066243025
0.1835261758083727,0.07283859500477248,0.11169700186370206,0.08024195898699674,0.044608210203171995,0.24583079809438546,0.09603378757373061,0.06491200536825407,0.10031146709661375
0.4323510887293485,0.03538243739529561,0.038044691015198036,0.18314716374159237,0.13182792443406452,0.02210559367775843,0.07071416214957782,0.04119731787605021,0.04522962098111443
0.4590138530553965,0.051616219539579865,0.09953529638853469,0.11848669494333952,0.14661324002145346,0.029402222592596918,0.03743825816519742,0.025802843298732465,0.03209137199516917
0.04036340697928092,0.10570138760410315,0.15211638818370826,0.20232640315748576,0.04822070965465771,0.16150105243545979,0.13842002921086619,0.04577051122781579,0.1055801115466223
0.3972246651561327,0.03800791353405765,0.028945328583396258,0.08330270853549776,0.08587120595879781,0.021423371525035113,0.2625419909972984,0.02554863135369702,0.057134184356087366
0.5461177491588879,0.05056926073648906,0.09051677624671138,0.07330388926674057,0.07855083744533332,0.011719430549857973,0.046336424048582965,0.0741499285963566,0.028735703951040234
0.14431951881232966,0.04813955655160785,0.27697505760253033,0.09143258304883443,0.1489104747588925,0.07661132878717895,0.1308884908225105,0.04229865344626955,0.0404243361698462
0.022400268943998495,0.4250834003574541,0.04658976608462983,0.019489197061815244,0.047912338617041805,0.07542002870060087,0.03581736162497144,0.2588831600594204,0.06840447855006775
0.376100460699668,0.05143911859586562,0.0419238502967292,0.0937276738153207,0.07623989217465592,0.008254412812242979,0.07500480120406004,0.23936252830257787,0.03794726209887964
0.06821422938327389,0.40080840102859283,0.023897624439728867,0.02463506583657597,0.07210753738942667,0.2894654976342209,0.05221796678374857,0.027185137546367127,0.041468539958065063
0.3716193076843209,0.22961001675208603,0.010251517665804746,0.03581077387371255,0.1193437770347403,0.02647966811538271,0.011948816768742215,0.11071085654261954,0.08422526556259098
0.051333941980609143,0.1736925509439516,0.10661190092268448,0.021914912590998353,0.09984227404628832,0.059604751087179025,0.40754050454797347,0.02901625891972426,0.05044290496059144
0.10940464214015144,0.10264975075371713,0.018004093195517674,0.17719226033459834,0.06721487012005424,0.03593324393156381,0.10504978110588846,0.030535936628711954,0.354015421789797
0.4051719341318442,0.3146752791086462,0.03120655617526344,0.043671259080361374,0.028030944740790518,0.004953461867849612,0.03602470071532931,0.09739646201334351,0.038869402166571844
0.21605236762142452,0.030714280620446805,0.06778868749486629,0.13500589959536463,0.0708858226084615,0.005766065614235824,0.37589422087453644,0.08013718016999198,0.017755475400672
0.2538245747586484,0.13063103899141912,0.056998470885656176,0.14465340420030284,0.05578111001021535,0.028885255342663063,0.029664733036450563,0.24769341803618747,0.05186799473845707
0.355076120376407,0.07449113375311138,0.062394781435178626,0.16894528966479763,0.07602485034290205,0.042710180707847524,0.06365462627631699,0.10037182410358565,0.05633119333985311
0.10135462972620247,0.02990187544119607,0.10933960782332904,0.12953353872950354,0.08783899463909099,0.0193271718647224,0.2564052937027188,0.23624084184505986,0.030058046228176746
0.5654725122321466,0.06122678684623903,0.06038735928639977,0.10748280083535768,0.030154778118303565,0.018943045227769444,0.038934293322304976,0.05910560632172556,0.05829281780975342
0.6313166332649036,0.03596566186482994,0.04566634536969628,0.10027994959951303,0.043258324473347994,0.013504102636360218,0.0652834459429243,0.02011205175765611,0.04461348509076857
0.19843884511509746,0.06680452568495461,0.13811999993056853,0.2558303782827936,0.049897374456255854,0.03171801478291332,0.04731219071445466,0.0549090722952657,0.15696959873769636
0.06245136941594051,0.0837591912343572,0.12414192747793833,0.039582064711523895,0.043672523972233875,0.4707276720163229,0.07754765507125622,0.027699914197136594,0.07041768190329052
0.48974979099999577,0.07443389750615226,0.06702668214512,0.08293011892222225,0.045024159637831074,0.009882988860264464,0.16640447008570372,0.02969589219382052,0.03485199964888986
0.3263655714065356,0.0622986182905936,0.044830586534714355,0.16623861968527973,0.15442143493271987,0.04861067122062207,0.03363118361100987,0.08313068629344007,0.08047262802508477
0.21555403253399816,0.08550854209191107,0.039895729106976675,0.23764659829418852,0.07553203043812695,0.014225662305663201,0.013912163966816257,0.24489280647798609,0.0728324347843331
0.13567423339349358,0.1070241456356285,0.07543552344803725,0.10998323776375797,0.16262528292489528,0.050524239246694254,0.0797414416598196,0.2206776494682938,0.0583142464593798
0.05672281189031097,0.2038531795955699,0.31993374167245187,0.036303201841672066,0.18015365762060442,0.08768666063949386,0.052565924202334184,0.026089887180731238,0.036690935356831426
0.23076909346048735,0.06510888733697533,0.12134503802874395,0.06768512792984017,0.2953515496950421,0.007309001538514471,0.09935115080205768,0.09050011950390258,0.02258003170443633
0.08023390354937547,0.1255500986890903,0.11791805136178857,0.03375955748944115,0.11826290724732336,0.2094516678489465,0.21302661732598746,0.02584152900060332,0.07595566748744388
0.5681693917379964,0.02946397972704157,0.04300895130473895,0.07788620684688692,0.09121329521372651,0.005481179543793548,0.02862808368552749,0.11598633513815876,0.04016257680212987
0.4767144285089935,0.017656920704244388,0.04614187316936166,0.05977893988770928,0.11010862589955843,0.009132273298501461,0.20498026523514054,0.03548804187930498,0.03999863141718571
0.5770503865569298,0.03753293215778564,0.09643389754272864,0.1185793349822631,0.017376456246705498,0.032344169489875195,0.027655313390174435,0.03294565230584973,0.0600818573276879
0.21305511804412103,0.08746903198750204,0.08383362746208596,0.07389505989826621,0.07147911254957974,0.12485628788631425,0.197348553989253,0.043379465718031605,0.10468374246484612
0.12324187010168332,0.062374552329964104,0.06001503406530451,0.4401700258403414,0.09397598720236262,0.010942467541518744,0.05985980207632757,0.06181181377396167,0.087608447068536
0.14003622267591023,0.08248831837329633,0.04807022140992893,0.2798759849994145,0.07031765477777784,0.03202681710548555,0.033719903319117776,0.11987348228326755,0.19359139505580136
0.49547163726377974,0.026511457674567116,0.03592251338322828,0.11622874765292962,0.10170763517222348,0.006288294292261884,0.15999825854918046,0.025870295854544662,0.03200116015728479
0.08363754305457662,0.02899268289169396,0.07796667851426632,0.09175869151904915,0.056970562019722094,0.06701723806621467,0.45390515576697194,0.10573621610751793,0.03401523205998736
0.10315102936538446,0.1907104332634495,0.010768581356451605,0.14862475781409984,0.21549422307438157,0.031946156784657634,0.05972091469814043,0.16154139424053662,0.07804250940289835
0.08131229752257531,0.24119662385821014,0.1580422829303693,0.06523899769897923,0.18580814413680904,0.07500398536217902,0.06782643391889782,0.07580675668366581,0.04976447788831435
0.19473053324906328,0.08164040403464541,0.2240350528148588,0.1452660381497712,0.0939865051748856,0.019784177425036437,0.03266419118409046,0.10493335192505719,0.10295974604259162
0.17375672527619637,0.1356026269203797,0.1950473829569274,0.03448645327311204,0.05898783927353005,0.1027139862472416,0.14716374299063598,0.1127235336342821,0.03951770942769482
0.30733562155388766,0.09789272253480152,0.05721117186801029,0.15290617340921997,0.19871299062415204,0.008812261757116238,0.0168863236811081,0.0684726817782587,0.09177005279344548
0.13815959097133493,0.14724298509639577,0.15517269343627274,0.07593620139204212,0.059621348347272556,0.052010123043174344,0.08292699667186133,0.08111887175088552,0.20781118929076062
0.349813958668905,0.09649645827899957,0.043486580226386344,0.09690911042878193,0.06634836373040465,0.0844035359624693,0.023240629141360603,0.04787556555651996,0.19142579800617257
0.3489162062413884,0.08707491006386402,0.10439739699285573,0.10709124391086555,0.11290522599259166,0.0649613339127543,0.04527265135811778,0.0628801285358745,0.06650090299168797
0.22341399789262786,0.05987674802658358,0.18124151661266527,0.029057676909952878,0.15562203543562936,0.08547496181651056,0.11081344269785032,0.07155626959834863,0.08294335100983144
0.11280074326403494,0.10486014077945638,0.1459855752450577,0.19283840189950832,0.12431803654911378,0.06613343125609893,0.02517065691654589,0.09662255631361998,0.13127045777656404
0.05361017448626906,0.09633285101771714,0.19422849273017131,0.04075782876409408,0.06543825230547438,0.2505579007225826,0.17468185240687026,0.09335257861359532,0.03104006895322588
0.5227230473583898,0.05025308430693328,0.049723730022459355,0.14030074027416825,0.05999889459103635,0.019298738495890977,0.06938798247160095,0.029593770677154435,0.0587200118023665
0.5174593756065667,0.03468282517438701,0.07360623051756078,0.05350869630268138,0.05016537664093063,0.030939583925117004,0.17834075699677898,0.01580031208950151,0.04549684274647584
0.3897017266973431,0.1182298678986853,0.018876099346608628,0.2084994587931548,0.07561683647355229,0.041811938069775324,0.05432018735468891,0.03328167996075163,0.059662205405440004
0.13209545289876334,0.1037335318035747,0.12225053586884314,0.14521855609751627,0.19248905329894386,0.02206515547886082,0.10146960763078978,0.02582200822879543,0.15485609869391273
0.2879170343417316,0.07082534569919993,0.12203954482196959,0.2090042245225562,0.11201415752209264,0.06789381009997596,0.05237110339449571,0.024095876784952886,0.053838902813025495
0.4692673804821661,0.05890324852682838,0.04608401447226356,0.15470392280838743,0.08711524859488545,0.026557161005253557,0.08699765833138746,0.030316446492739287,0.040054919286088696
0.08198468683813019,0.2271776061882793,0.15351068201708182,0.01789821259755082,0.11786484249837413,0.012141399957089377,0.0042663453827550485,0.3292849097516307,0.05587131476910858
0.08844145465274629,0.12286870535471163,0.37846121175523945,0.09260970327413749,0.1251588361714396,0.025014647795237183,0.04537926742345059,0.06761659937119825,0.0544495742018394
0.17380770792380884,0.061262960578071866,0.14148398431496254,0.103295200500709,0.06701135300561308,0.17260552970713602,0.06019299266750824,0.021667576314577875,0.1986726949876125
0.03157007275311954,0.18798382023490712,0.24272782070967594,0.0409567199257521,0.20609874341265547,0.11740392929733123,0.07455635741087634,0.048422869895468616,0.05027966636021356
0.5373143448888656,0.054016334554073404,0.06136309169437524,0.14022807809660875,0.014254155344960995,0.034247675368441304,0.08029390582978065,0.03886813655453406,0.039414277668359886
0.0540996734281363,0.11571615528734619,0.22826988525094524,0.1848944665051535,0.07374834012309982,0.02226347884933406,0.05121704504341401,0.06720212672407776,0.20258882878849316
0.487929979986579,0.03237807838955865,0.04576500071156323,0.0654093375547804,0.1641516926661342,0.03201566527296442,0.07042645496148876,0.06457337480345547,0.03735041565347595
0.050069789960000666,0.10951124862473856,0.3678224545645509,0.03760573639169518,0.0673584464956974,0.03630915612627656,0.20602263391502418,0.09609588464226292,0.02920464927975358
0.3244434352097955,0.06370157072488444,0.21245632674575807,0.07974934068114713,0.07152744219272524,0.07469419920071112,0.04637757492093542,0.0760345799773317,0.051015530346711295
0.07836524126062679,0.5200096746906486,0.031584290063623476,0.04471601085670814,0.07502873219432986,0.07048040811586882,0.019418379121847764,0.11061236619783943,0.049784897498507084
0.12877438583845802,0.16521007455998285,0.1643039128886927,0.1333515594911707,0.08848969365610852,0.07387937527575154,0.0427871739592691,0.08449705441199716,0.1187067699185695
0.40317658409229223,0.09412625824123333,0.08102042946785178,0.03753075442928724,0.042326190628153154,0.031860135991096106,0.1876512824172217,0.06539242895837694,0.05691593577448759
0.4372178852270887,0.03661297265095954,0.1332868348792701,0.08634686310316408,0.10207969425960157,0.013458244143063193,0.03956780649053589,0.08857574581427259,0.0628539534320443
0.4893314954995835,0.06046800731075993,0.061529131663255354,0.08682618417667794,0.06314752434682823,0.03235551336795226,0.12720562798300453,0.024118361172307687,0.05501815447963062
0.09843991026949868,0.13772498717734136,0.1608961003285047,0.0185182934326827,0.3108704085242747,0.04804570561988458,0.036100171520776055,0.16176946044057952,0.02763496268645757
0.24463452180431178,0.064459313464817,0.10131991901987995,0.11799737845697245,0.1538939536376191,0.026551200642855616,0.16774869903263076,0.047730052933856265,0.07566496100705701
0.4451421643307392,0.04303084764769862,0.17713165659699817,0.0452723005683641,0.07780477957980052,0.008268278532245476,0.0808267231098843,0.057552903479938654,0.06497034615433087
0.11990291747671007,0.20491105722427475,0.1743817520243661,0.035419721224497804,0.12471313999419431,0.07146326355642844,0.04841701086484892,0.1595590395170997,0.06123209811757991
0.35234065272247395,0.0954985827303922,0.08045490349119268,0.12596166313348153,0.13517422849239233,0.01464154467593049,0.07028157552427898,0.08856178067614684,0.03708506855371104
0.47628429384078563,0.07142470809594965,0.053302842006433926,0.11585628752104667,0.049742730605479395,0.04509344136168699,0.09162216624127136,0.03617758234807806,0.06049594797926832
0.06741616864640365,0.06530635941826787,0.0331928599111,0.4433844444807669,0.1485490325848368,0.06455989957306361,0.05057050118342036,0.058708807116843176,0.06831192708529756
0.653749249397092,0.03992206880689557,0.05557160124471431,0.08385748873189795,0.03433368709674755,0.016268941238064574,0.036608807689855395,0.01751606823303392,0.062172087561698765
0.5142829389570912,0.05003222040676084,0.05318310803417933,0.16013661288907857,0.06759978394202823,0.01658926464421579,0.03672386824322545,0.019845912488094506,0.08160629039532598
0.5003538028010796,0.05151792633781515,0.06413222921136195,0.05990890188980011,0.05600013566590611,0.10062125197780751,0.08483500093517395,0.023706695493006098,0.05892405568804962
0.015774114427852575,0.0632573115642284,0.16096480683590714,0.018519991497947634,0.17991922230702437,0.22429841539447626,0.2539252057333407,0.04873119065494569,0.03460974158427732
0.11125064586302692,0.13085240225440875,0.1039782917097804,0.06548633678104311,0.3061511774233441,0.05290325088199723,0.12334350866427883,0.045323995488813246,0.060710390933307455
0.06674187506148538,0.08985188161297475,0.09428877268951556,0.028445762351308176,0.09520249546932726,0.2806237216973338,0.2336328272682097,0.03951558784491218,0.07169707600493325
0.059880906789536,0.1353673993445342,0.09812781549870726,0.03278688892513232,0.11762498062505282,0.36690887119628784,0.07863446515205275,0.04870325464652605,0.061965417822170715
0.4452411284592826,0.03596685404565667,0.1267829672268384,0.14114639446083635,0.022955529594276436,0.047133649872699385,0.08163565837065077,0.033214667469873387,0.06592315049988591
0.24741422313527783,0.07592217872336687,0.08640279452317666,0.0654672061766199,0.09676758852599021,0.06225620743991983,0.03355025914490181,0.08073056288556314,0.2514889794451837
0.2875969464960401,0.07980960887894196,0.1956499065347962,0.07456701294963831,0.07881312932779055,0.02413822651355294,0.04763638597035371,0.03593647096907909,0.17585231235980714
0.05600044760302173,0.055325693688107185,0.27818963464789953,0.03882827529426334,0.11731369065572068,0.03796736196416744,0.26683423048560695,0.11422115940769088,0.03531950625352228
0.23559843539499448,0.1277077725137192,0.10618078196336338,0.0830574808388185,0.21616515726548421,0.0166289023665875,0.0414642859499974,0.06428935892950413,0.1089078247775312
0.38721954887419224,0.10010284184045698,0.03023636908346794,0.12014465493415039,0.13498200371977173,0.036090038524604594,0.02848918880270683,0.03939925848138837,0.12333609573926095
0.4922540973299852,0.06499255751323091,0.02044172373797633,0.15355163452853618,0.0935299899670427,0.0110424962316681,0.040427232458412087,0.05740359418078298,0.06635667405236538
0.14121891937372036,0.14577510120125073,0.08008128666537107,0.1258844025003323,0.1295629533821461,0.10849331587639804,0.04077117076501341,0.11777193539041152,0.11044091484535651
0.048184650421881726,0.14110331751076968,0.2862405782827961,0.02733799124524115,0.18699048225622286,0.14404287373697996,0.03182315534368983,0.08350577970953592,0.05077117149288273
0.28780031224969493,0.09107573825653355,0.06837516100664999,0.13290914474602777,0.14041573985677766,0.017392739396163075,0.059713332648946814,0.12621998387553293,0.07609784796367322
0.41444076568279803,0.08958656120082405,0.07560834611502877,0.07036124194069855,0.14742102249880892,0.02970664886531424,0.05312151620156776,0.05377013062441882,0.06598376687054092
0.037575065128078435,0.18036507918181136,0.11641180240189934,0.038994487770073145,0.36642313913729857,0.12879030377112935,0.04838878299848872,0.04477747373641124,0.03827386587480988
0.16047893607725378,0.084851929386539,0.10484269102122667,0.09166019772185201,0.11084955846864762,0.1413946704956115,0.07621015962751643,0.15621874699055677,0.07349311021079628
0.5310558726245451,0.12150480420409919,0.028760181344371517,0.04882891692114192,0.09830439095639522,0.033029955430599604,0.01733140704036515,0.04700071737883691,0.07418375409964521
0.533949838384669,0.03618868657551432,0.08044983599370517,0.11352115610522735,0.02599711299809961,0.0694444495739383,0.06346870887215449,0.025445902950602145,0.05153430854608967
0.3072547292360879,0.06934679592794858,0.03188621930031229,0.16820368609117087,0.14203808560226575,0.015929692261515593,0.1046856945389358,0.11483349875397929,0.04582159828778401
0.17912969520878042,0.036912065963145106,0.03320237134561304,0.07060319395559043,0.37296230881091647,0.03849091263243668,0.15456324083690168,0.09163058575833505,0.022505625488281018
0.30605710733125563,0.1509635881674413,0.02684556717994439,0.08329317337069087,0.14563004209904548,0.051563246291686314,0.01987365196251799,0.08687743203521636,0.12889619156220172
0.023997168274493167,0.20566770149184943,0.30630942190409766,0.04160765674556868,0.22295954938605733,0.027428564610341374,0.046808889014951637,0.08089008950343647,0.044330959069204236
0.10457537774983416,0.04280913126830494,0.20356745731528392,0.22803594899178067,0.031460600337150604,0.1684588307775919,0.08235274019364779,0.08220858227032589,0.056531331096080085
0.04105210601831267,0.11239203662256679,0.1519347282782121,0.04170699061691657,0.12287807437957865,0.10657170586222904,0.11819838957180089,0.03152051737070255,0.2737454512796808
0.39145538448198,0.03137522850608657,0.06453242541911758,0.17969339400993056,0.05308624269071973,0.01688962658581576,0.18007858129278512,0.05666520343626178,0.026223913577302967
0.4414490670494548,0.06089947078569022,0.05807388614129851,0.07844763097083418,0.12932529028548734,0.030940820315515535,0.03603588294271699,0.05491606843117375,0.10991188307782866
0.42518830628558413,0.05184171336953832,0.07635982055506153,0.03488411667027196,0.05217726546111584,0.03467108978983935,0.15258450543752342,0.1192199308336422,0.05307325159742322
0.06951776141478531,0.1156275791303934,0.08987812190080673,0.05239706531075063,0.07376192141889593,0.2294930881016138,0.289362414006434,0.043713533998333755,0.03624851471798648
0.1730841486146002,0.10093526936643847,0.09677765762024826,0.030810073542975255,0.1966753128686253,0.14624771496225356,0.1509984002823983,0.05891856286201915,0.04555285988044145
0.4351195272656738,0.04888045961863491,0.08712036550843726,0.04444695977618566,0.08675611769134921,0.10915936047098095,0.0709284552719372,0.05045456901532994,0.06713418538147109
0.25740338061540274,0.05615181967180313,0.09132141500425746,0.14173326490660879,0.19823085536640805,0.028310514747441378,0.03423133126344368,0.07899829592760664,0.11361912249702809
0.29926712982892006,0.1375295118981558,0.12043748847399642,0.04312643988415243,0.05892993278371783,0.09994143247740223,0.09782891125402544,0.052564518006454765,0.09037463539317514
0.34284312151338375,0.06012137547715987,0.07402265321121293,0.06410719016286297,0.18213327217098138,0.02455568753330077,0.13762017549777364,0.04270355292161915,0.0718929715117055
0.04325242250586216,0.24655295493837528,0.07300565847007459,0.03707182325792683,0.3287827313585708,0.07823791422642193,0.05089655884044997,0.08965603231684592,0.052543904085472555
0.04727130519298384,0.20641809510337392,0.11522707274239552,0.13292558049292955,0.06916031879069111,0.04693208144634531,0.022408481285937764,0.26061872166278977,0.09903834328255329
0.11040715479730419,0.07630603461998038,0.2031722262966862,0.0185237021005674,0.27058838732376844,0.14271035958152115,0.08115635302540637,0.04987056949603134,0.047265212758734514
0.38611769279209796,0.04432673790339828,0.04697939267474418,0.08081454254423626,0.06650445256267802,0.08204999569319706,0.19564572368831032,0.05259541886084496,0.04496604328049301
0.385279520016032,0.08565697678979435,0.12816108099486986,0.05960857114695628,0.07388150562639857,0.03608943120082527,0.12751631398836435,0.025910879932745934,0.07789572030401339
0.12598076793811386,0.11392844716650637,0.18247505455992133,0.029543155240947295,0.05913282800660797,0.2023291560064995,0.18045055507680052,0.026949102036730815,0.07921093396787239
0.3277569900470683,0.02916295624717066,0.13963970894163746,0.06432145889088203,0.09039927925602291,0.08908213663352983,0.15948239030205014,0.010022571666901221,0.09013250801473742
0.2180721785457267,0.07851739347058649,0.06279714565899457,0.10649400526513342,0.0657013380321479,0.13179816906855113,0.026501497963272096,0.0287526869607798,0.28136558503480785
0.06164998060728941,0.3060282665440202,0.14548902843127662,0.056727012520646346,0.183838859672144,0.03908525831654348,0.0533323877964804,0.06862498716876529,0.08522421894283431
0.10353437489815913,0.17239218194760872,0.07076432869455879,0.037022788833842885,0.10078702407564953,0.2580589693894887,0.06017791329505084,0.14559991831026928,0.05166250055537214
0.02785697337811217,0.09442967256390383,0.23636760632825662,0.07717422036808809,0.16504144626257852,0.08360788578116878,0.01868953754417524,0.03821636922468275,0.258616288549034
0.394611487200425,0.060536105021968246,0.12032084310279063,0.1034954367036763,0.01087230926792593,0.06019904717285548,0.18552700993777793,0.019343548002973502,0.0450942135896071
0.12723510680292663,0.07627278685076463,0.13734017946725427,0.06124590680210184,0.07538995941245531,0.3705326437967263,0.08501381075313297,0.027067783005419472,0.0399018231092186
0.08910873661543832,0.13648120484220377,0.04240584177879434,0.12330489277620456,0.07037835625382828,0.2539074066081996,0.14696270376887585,0.09610611902655693,0.04134473832989832
0.17024901412635282,0.061826040661511095,0.045719994305218475,0.11554967777465892,0.21161871281182587,0.05772330373641318,0.1576450709823918,0.142020793376581,0.0376473922250468
0.061475122970673646,0.14962854527673064,0.30838209348815376,0.03718009354322091,0.10797819317459113,0.08426052761956808,0.0974750706779488,0.04215986151322195,0.11146049173589105
0.19859919412066138,0.07113842217828382,0.033728801393624566,0.20161127276306878,0.12974330497780773,0.0939673122751822,0.11701142570077698,0.06980933642559388,0.08439093016500077
0.20713355583890444,0.09494786082424019,0.03812264757702392,0.12584496682425608,0.15108297844721974,0.11133756447418397,0.040769136898485325,0.055226517861755,0.17553477125393133
0.03451251316302401,0.09637832590982737,0.08431588518108764,0.3825356948808145,0.06611705592065335,0.05811592131761998,0.016726177586291177,0.03053064011823897,0.230767785922443
0.0962088079931938,0.1797421522393022,0.10233968808560652,0.056011726168902896,0.32223057596269156,0.08532387033503357,0.03590339473584931,0.039371199921455054,0.08286858455796513
0.2965669896592725,0.0990738769370008,0.01534511285691425,0.02448785413314483,0.09755244133640494,0.07543149484702544,0.2934814949995106,0.06494260498627373,0.03311813024445305
0.2187408840158802,0.06815566696603981,0.13433125889350367,0.39782945299528155,0.0323737381205762,0.015284862465865912,0.030882330302806293,0.052026802217608414,0.05037500402243794
0.08989039491960016,0.13886731297170204,0.060344277969782895,0.03213265034757697,0.32348962149064225,0.033152259475484974,0.07079877526315158,0.21795016689268376,0.03337454066937543
0.19126155815939408,0.07760477845763321,0.058241262514587284,0.16188455921369002,0.12318005100589836,0.039915644884329006,0.2226218236066476,0.058793514264369795,0.06649680789345068
0.5555337489843192,0.024259139905126445,0.06484785551829392,0.17442729904976387,0.07300256353692867,0.012612064825341123,0.0220078459287481,0.03214218481484668,0.04116729743663206
0.508747435632131,0.031821746512315875,0.02597043398691884,0.0977205101293368,0.0625855565323122,0.01804845063511597,0.1486419030071752,0.07487479811612574,0.031589165448568365
0.29363218636803734,0.036279047706804006,0.031702778521828075,0.155727731197597,0.0868029404517855,0.00530154158252534,0.18586151337658688,0.17453642242456202,0.030155838370273868
0.06443692657649729,0.1753236152678841,0.24711722713171116,0.019068776046912917,0.10769054044310011,0.027434882792371083,0.16799846222448309,0.12475424655258556,0.06617532296445469
0.41302306532359756,0.04442332284819647,0.18315482882815112,0.09340710081471519,0.062347346869858766,0.0234010286089209,0.07072085828452877,0.06386328095718725,0.04565916746484406
0.38122348864715877,0.04616125145511665,0.08828589860634938,0.1252959389759324,0.07816112517327785,0.0146240925718046,0.1450098769900383,0.056898115290180434,0.06434021229014163
0.03665828844008237,0.11323596600467727,0.08090823241922955,0.018445199902624804,0.04084933605396447,0.45569843902913804,0.1492945035024789,0.027375110409438148,0.07753492423836644
0.0380814329434799,0.061366205852613376,0.04693886470702973,0.031715816651599456,0.08806645519456528,0.4201240818113157,0.22840288215693183,0.02599200008591929,0.05931226059654544
0.45236837678258834,0.09595355778999431,0.06936014118254342,0.13273939157449505,0.11339839526143386,0.014343156919712054,0.022987797708683283,0.04713897733796236,0.051710205442587275
0.26390442331637676,0.05056725016687754,0.04669474035166987,0.10518318849737,0.09180202205661338,0.17054171806061524,0.03474089878881991,0.025944455347809276,0.21062130341384797
0.023400539387437486,0.11005383271908738,0.4236550151314984,0.015727446747951585,0.09296734903634014,0.1609845904329998,0.09152277742159598,0.039001471105078275,0.04268697801801086
0.23444814861387128,0.07276189156199142,0.10296915577311327,0.1335757273898903,0.09572691446953065,0.06045245165274223,0.2118309333296353,0.022728400534147444,0.06550637667507818
0.06912114686715347,0.1268071865092065,0.2351072439637519,0.01971757344401724,0.04866058511084808,0.3396447825976416,0.09602225734089737,0.020735226575296722,0.044183997591187164
0.2502764020642818,0.10390596909490661,0.11695261560893412,0.049563494888163695,0.09026005504046448,0.09660610132292406,0.08272079917004725,0.0965247746964469,0.11318978811383107
0.13664446809728542,0.20127871165906994,0.1501856893079745,0.02319830737068282,0.22216391424364512,0.0799770292709087,0.025106447024753408,0.11906424870984182,0.042381184315838344
0.22536244403836792,0.044051100251513396,0.16715898670882912,0.08893039969922334,0.09472938051332395,0.1100988979061079,0.184508883996179,0.048063985524651694,0.03709592136180375
0.1420196715995332,0.061272368109009184,0.4471483155848441,0.037565002971841406,0.13758475669416304,0.024355377291721516,0.03022168857245901,0.09583687766498283,0.023995941511445743
0.6087888369299045,0.035326774104522424,0.06325277860989147,0.0983995608273442,0.04341586506063192,0.02552111811648448,0.04062658525594228,0.04585435017601139,0.03881413091926723
0.13591510358221487,0.11058962653407456,0.10308831745429547,0.3281698816063418,0.09860481495911365,0.0652382267171724,0.03449819786059231,0.05172381399680234,0.07217201728939263
0.09248553411823153,0.07602549714174527,0.14883511479837477,0.0911153383314554,0.041246737327978185,0.04521769101211446,0.2734101570459585,0.17617867959182446,0.05548525063231747
0.0626157280856237,0.155645658533462,0.16598905470386127,0.03413014777061616,0.10142021593358685,0.07157743889690844,0.1529406520579109,0.15761491899335853,0.09806618502467213
0.13187598643814477,0.09126676415064792,0.08677284047959766,0.044872960117097495,0.07970341473654825,0.143214067049053,0.2687957808248911,0.053990526863318726,0.09950765934070116
0.07413265162829917,0.17076332215921872,0.16623809342637183,0.036834916734497646,0.21331457355852304,0.06206733705387788,0.14220407479485622,0.07455545002757878,0.059889580616776766
0.04773807158836896,0.02599793287098744,0.2247945979969598,0.015281389427081677,0.08056517406423841,0.39554215166863066,0.12926418663632924,0.021026842663878716,0.059789653083525074
0.10529645405976013,0.15581766405958938,0.15337514966182275,0.03728870551033104,0.16519993548390247,0.06420811903629049,0.06355313146842748,0.21007428125368036,0.04518655946619588
0.13297625786386788,0.17979984176003927,0.08199447185561788,0.1109917780470404,0.27691355018604885,0.034521082415635125,0.04972278793672471,0.07966106915137831,0.053419160783647585
0.49708313389061765,0.040691559831988695,0.024337116238143098,0.11236596713605457,0.038056950371176346,0.052515196135702456,0.1634454200058408,0.01801060449440767,0.05349405189606878
0.17348462737498724,0.08504084394762042,0.15564908410352674,0.0885941131702473,0.1311995339991591,0.069684749915657,0.1033826154987779,0.11956831367861342,0.0733961183114109
0.45728669390704013,0.060294238822366675,0.09258572950994286,0.056539379645746964,0.09312348890745718,0.018707330414061616,0.09854629824202125,0.060120908693133635,0.06279593185822964
0.2323877082915314,0.11089748473287303,0.14606207011381608,0.04769854707520843,0.03173814481407557,0.08255783958066222,0.27908540578051744,0.029329733644178586,0.04024306596713729
0.065437941244876,0.08672320916427655,0.2078296935682836,0.08536167710284868,0.11025864140703907,0.017174020840495324,0.04779009599886868,0.3279150242566106,0.051509696416701604
0.2162875568191851,0.10886015750045169,0.18010564033647977,0.07783777153778844,0.053146399342428104,0.08444822149322577,0.049001870054893926,0.14965568464297674,0.08065669827257045
0.26875849604057284,0.05522471409563642,0.058632614280969754,0.09160698118131921,0.12035298221599204,0.18216864388453,0.09600585906919772,0.03686489112786526,0.0903848181039167
0.04185943625004501,0.28292812379681376,0.2092873558463945,0.04436393603169523,0.10640842853728212,0.030711796677518288,0.030470359484402475,0.15806402698414448,0.09590653639170406
0.053375189369030525,0.22071613373454924,0.056552000266642866,0.10910266532792028,0.14669879368266925,0.10558467059025445,0.20166325273534813,0.03917537174861755,0.06713192254496769
0.12319813863144653,0.06186011029757809,0.28846915645212373,0.014973612861434497,0.05134036529845178,0.24686303597283557,0.11836364299228164,0.020826584458131934,0.0741053530357163
0.03962457420796219,0.13244660112925863,0.2335588045489241,0.0457659246547247,0.1581424390930927,0.11303015521936417,0.06619607973459847,0.11968961103617264,0.09154581037590231
0.24274556853577733,0.1366602544141208,0.07449208435613947,0.1705163967462486,0.04710326295879052,0.029419902037178938,0.045492575971391724,0.10726208663755481,0.14630786834279794
0.08510138625194841,0.16724732574979137,0.1773792045245749,0.1253656406063595,0.07698104473181915,0.10110062524978052,0.12417135523048684,0.0573900021525904,0.08526341550264895
0.32633711328667986,0.12128987177540883,0.1610050966064135,0.09232734855731724,0.04797695049881145,0.046504900056657215,0.11193955509938591,0.03245177267468508,0.060167391444641116
0.1608728746191297,0.07021957824736098,0.03969819482024029,0.20532159385964066,0.13435786345752235,0.1361155889329762,0.1496199110676326,0.03415676653815143,0.06963762845734593
0.12814207305277148,0.095250016826999,0.07749675280421359,0.041418199146632674,0.3246930333506129,0.015808059378105623,0.057125591573509014,0.19550978143303852,0.06455649243411721
0.06183638646892816,0.3380881136898531,0.025081916768923847,0.03383501909483991,0.19395532414496774,0.035683661004534205,0.03611278234353134,0.2124997500016007,0.06290704648282093
0.14701108988281045,0.08808261103234566,0.2108195048387281,0.03288492077111924,0.11843096812326241,0.08020736376469063,0.20005868545303454,0.0851132364550375,0.03739161967897145
0.024011248509776182,0.03467341799902791,0.012645893902227352,0.15269729622627862,0.14004024423767247,0.18762147916075123,0.313404773725039,0.11273712836476867,0.02216851787445856
0.5720919693700428,0.05836416751969705,0.02847120003079888,0.06954133555676482,0.054554205628244735,0.021535240003168213,0.13181545929812258,0.037438354405355284,0.026188068187805547
0.19756088291977714,0.12377433691142443,0.19561839369704181,0.018938952587431727,0.14370842694596628,0.05713750120193323,0.13566743686767943,0.08580777541703812,0.04178629345170789
0.5757738926001985,0.049200205073511326,0.03624225416941055,0.13847964628252482,0.02561855546521485,0.010856861661841308,0.022328880208773855,0.048004770501275336,0.0934949340372494
0.2705947824108971,0.10297209815146775,0.04135485336107759,0.10071970369575449,0.12621009487532012,0.06639672046856554,0.04532643446388104,0.10902681045362768,0.1373985021194087
0.173833895420594,0.05993281265184128,0.07058276785932228,0.049893259136875506,0.12030127154823715,0.024140611272381273,0.40135484160911944,0.06947741771376612,0.03048312278786296
0.4766853508261968,0.06893647224235332,0.06101997282444458,0.07233306713855862,0.04510926704172447,0.02504967045108851,0.16910381020882662,0.03046893548972049,0.05129345377708663
0.13344775374557752,0.23562438554457202,0.03752045215969669,0.041334199800122845,0.0474295739767144,0.1544425420173632,0.059087135709300555,0.1928986348807913,0.09821532216586149
0.32883770184819056,0.05698550547086769,0.05113674929668773,0.08785476016629583,0.08519310868387726,0.04170110344518249,0.23628865112722552,0.0582591767328371,0.05374324322883576
0.030840236214909295,0.12066075577092576,0.13871594882981272,0.0468489436888563,0.14279752018000239,0.13080377689824552,0.27984609787888476,0.052677545423640566,0.056809175114722756
0.5392109913859057,0.04119273797763651,0.1006483680437658,0.08742459068799487,0.03954090723794941,0.019352407707992857,0.07310979131002929,0.03937324250194566,0.060146963146779885
0.4163627996471857,0.07695251169237492,0.07367919273988373,0.10641451259088093,0.054536592671830426,0.030782182242921775,0.06993978008469971,0.09435505482696811,0.07697737350325463
0.09865374516967261,0.21854168676475838,0.05419820320677127,0.12416101460769079,0.08423135190051606,0.0527465053794795,0.10728778022166822,0.1656498834735218,0.09452982927592139
0.4830918368241366,0.05686843401050893,0.06269409640509073,0.046978782700260686,0.09309144306640531,0.017412941232552465,0.1053482024301123,0.10086709446203784,0.033647168868895176
0.14928591931824495,0.021842383300142862,0.05142684428293687,0.18877861026242979,0.061899415019932964,0.07268609040490918,0.32934629340055127,0.07960823216568297,0.04512621184516919
0.2237472389184314,0.0512992043213219,0.15389568615736096,0.029806235383300406,0.2327807476968433,0.06126233417739574,0.1510589299241297,0.0636059075595549,0.032543715861661694
0.09500360809559348,0.052103677494317165,0.1198704884072835,0.046762580361849576,0.0675811884379955,0.2203532378531835,0.29353987904005346,0.0428708246868961,0.061914515622827765
0.09004747068396947,0.18480632260965776,0.07390688340104173,0.1523984909313867,0.09425064301706741,0.019331047339014758,0.04505026671088875,0.14070556347605903,0.19950331183091438
0.381216072594087,0.08529857490358296,0.14258584692615198,0.030161868754603954,0.15562404261124216,0.08282749304728025,0.024925352048204185,0.0627787737760001,0.03458197533884733
0.3963779381178128,0.051365492194650225,0.08926401775681377,0.1154891377011558,0.06379506103718169,0.014227338927583185,0.18813123715805732,0.031726253459671686,0.04962352364707354
0.1660294118021318,0.16062687332858258,0.09866058815748131,0.06678308378419094,0.2176308934276804,0.058549476330985,0.032828187533511195,0.09153947366274708,0.10735201197268986
0.3670249422935227,0.0880675087216719,0.08718393917463234,0.06763602256476887,0.061247588127737,0.08902413507193109,0.1553906057053354,0.030848073183081654,0.053577185157319074
0.14768682533471397,0.07769521021354632,0.20398001831982637,0.10570268493760787,0.05590561876860431,0.07785955485200285,0.24294298355296085,0.03596773556371086,0.05225936845702655
0.07624211718533662,0.0850344357260432,0.15193016261333592,0.04177625041994828,0.13478037597951847,0.19095467264361676,0.18687688605952246,0.07776374509358398,0.05464135427909436
0.03846730454726612,0.18677453467745556,0.15831901830166925,0.03184993569916071,0.10115504696137818,0.05313537967470563,0.28620270899131256,0.08441390297592212,0.05968216817112987
0.08256520316842275,0.12239493341301295,0.06545223398001339,0.06411987337439083,0.049546884298221565,0.40996266740204046,0.08114196347160697,0.08007534934249051,0.0447408915498006
0.16205230036908566,0.23162703423474698,0.08382894754460606,0.03475387014516721,0.213184978474904,0.0414243002766313,0.06894736349124518,0.09581901181717915,0.06836219364643446
0.2710168924600554,0.06773640721931402,0.041430575039691137,0.39624470206987567,0.05955928903988709,0.01984645644189467,0.03668031783223342,0.0701424211270419,0.03734293877000666
0.5074869945744812,0.07057776724937466,0.049177066387685354,0.12399789557193829,0.07723776930275343,0.026258348875315123,0.08122379860007707,0.013049485194649803,0.050990874243725136
0.545141721692616,0.05733887477339545,0.042857086343788396,0.16554509538966342,0.06605642932320466,0.008420341470000025,0.06677337765357391,0.018393338140343708,0.0294737352134144
0.11707310545138076,0.038791309462383856,0.17023410844070727,0.02187751964060902,0.14118437959947372,0.07338592865183559,0.33805749530438806,0.05719766291909372,0.042198490530128
0.45268270854206727,0.12942192811917783,0.03135996003912622,0.08406515612236805,0.04951867324544686,0.0341485850541012,0.013499011881521783,0.15190377564660756,0.05340020134958331
0.39047432699371226,0.057785496540226355,0.03692814173355038,0.2984389766559965,0.037902753436184204,0.013069141030190407,0.0239126182031468,0.08157901137656966,0.059909534030423546
0.04411338503805695,0.36676690399184925,0.0294259494629994,0.027201047399454784,0.052746902584633056,0.0861209478269958,0.18009555775178346,0.14308640997931213,0.07044289596491517
0.09821304761361456,0.14913189463655796,0.1121631228994775,0.12833389197105702,0.14506297206923766,0.03150746839544994,0.05067609071644078,0.06759764605172464,0.21731386564643998
