0.08647343428149802,0.03872383756469109,0.20364395483207495,0.09844667464989408,0.08148440194934242,0.16695401839110127,0.12306627259111304,0.1372540847484275,0.06395332099185756
0.11551024964026772,0.13449634333258675,0.08230720377544805,0.0962875732069783,0.09431617549127264,0.03396884339989766,0.2302943325856712,0.10928478437802841,0.10353449418984932
0.09962687963188667,0.12067978871168095,0.13950406447555758,0.10762662531143995,0.10068206732419797,0.17480443674531218,0.04469345675504285,0.09640124777842991,0.11598143326645181
0.09059606015210274,0.05353023956314883,0.16181607049038776,0.08467244072866041,0.105783621669574,0.25549910674869636,0.04950493911275649,0.08973689880238746,0.10886062273228604
0.11020612061041947,0.17697251683127857,0.11266635456854356,0.10227405934515192,0.11195660933163389,0.12449674297845187,0.04184638219671072,0.07470882649363136,0.14487238764417865
0.08704178032003566,0.08450372664494399,0.12794979365573292,0.0657103999364849,0.1455438531686378,0.15258144750365576,0.12528183825150382,0.09488014313320892,0.11650701738579616
0.0900038940119439,0.12530726227947678,0.11336748518676447,0.09405225434047998,0.10522274902872415,0.15600575093528135,0.026225572505323713,0.22565895601399402,0.06415607569801164
0.09841014120705988,0.060941655398553084,0.18185759581647123,0.10486459595081053,0.10860969693366862,0.06979476895777134,0.05218968225527327,0.11622441753851655,0.2071074459418755
0.10461481442042066,0.12506877585767276,0.089750844013098,0.09867095987107856,0.10017578403509336,0.10559695279834458,0.1716269673776405,0.13317806874405713,0.07131683288259444
0.09010668758054126,0.034630671236428344,0.14634395320548912,0.08680111277737612,0.10380015814398202,0.1656667704728668,0.14068984247384322,0.0985897232668261,0.133371080842647
0.10129181327929916,0.11029872839091036,0.12588225541438838,0.15011726719057858,0.08019275366244431,0.12704992568180268,0.07819469935453367,0.13499487814040456,0.09197767888563842
0.0884795466047969,0.0837637503782746,0.07135429052057218,0.07730130462377496,0.1430399364191299,0.21770070482445694,0.10388495252388309,0.11036454359666874,0.10411097050844266
0.11094041331806069,0.11137148898912648,0.13572938943972193,0.10400331153466151,0.10752084259858956,0.11553519894169184,0.10413113421081649,0.11434925769385917,0.09641896327347248
0.10103212352694886,0.0895414322566185,0.10911570778226239,0.10177716354524009,0.12456156811443615,0.17853086743615917,0.07324231953247153,0.12874787119819855,0.09345094660766469
0.12789622315238194,0.12238443452587992,0.11638444319875214,0.11944465287699868,0.11514390233646184,0.11626765041816141,0.04459724650350933,0.12403841219572624,0.11384303479212854
0.08351811978825661,0.1873020834339624,0.08527548713965005,0.07975543011861853,0.11301876355756503,0.19109223423721186,0.08494895546582303,0.11674776815698824,0.058341158101924286
0.1029926402012646,0.13575358308174232,0.1322394541801547,0.10963479817501531,0.10023609261385412,0.06300787025586062,0.07420703966816494,0.15324891107013422,0.12867961075380915
0.10541167335822148,0.09336000296058262,0.09861418200874543,0.1289412646105484,0.09808937648318787,0.10341440802116468,0.16904921365112943,0.1319670536189195,0.07115282528750061
0.09075399608859595,0.12677655756797004,0.09332466164419097,0.11658835412540781,0.13990963254250466,0.10277454682093283,0.08295291434900413,0.13705106562444905,0.10986827123694454
0.09295653691981465,0.15481691658969463,0.121666441183735,0.10223285953670284,0.10630361015033207,0.09340554983151955,0.09534463170598279,0.1484494985289678,0.08482395555325074
0.10580624711612689,0.09898290884326849,0.14518637341283547,0.11634778367671976,0.10144710495051322,0.10475407438623775,0.03608516071753919,0.15499182201182787,0.1363985248849313
0.09112973490476652,0.08474026839924896,0.16879104731309735,0.08515986670856528,0.11573060367586367,0.17432624438823976,0.043855407491137983,0.10042079617587822,0.13584603094320233
0.0996457325588019,0.13490068848171646,0.10536007601683157,0.08333997122801555,0.09627507729399683,0.08856647330316658,0.057231614762623194,0.11426959209259407,0.22041077426225378
0.1000535321994961,0.2256267517145997,0.11543930884082058,0.0944854147139146,0.0888042492332014,0.06742351964194726,0.08284639865149418,0.07253860093711068,0.1527822240674155
0.11345997579574345,0.09500339645619565,0.10020278184173058,0.11562993868955501,0.09517808863317194,0.06689788429022063,0.1431504504576514,0.1595777189743973,0.11089976486133411
0.10259328693915833,0.12371539832246536,0.09136306427922691,0.11667082830869129,0.0779197139453341,0.16070329020373741,0.11420245789605189,0.10410826773448652,0.10872369237084815
0.10708290839841544,0.10219904467338019,0.1079100997399998,0.10892903644689012,0.11583517488922428,0.0958021141084608,0.052228465815382596,0.20302666173825398,0.10698649418999277
0.10042495047255251,0.08706292847367259,0.16330096631772348,0.09498468880806595,0.12548738189484113,0.2025775114714308,0.04817195555174356,0.09712458749150005,0.08086502951846984
0.09360237350213445,0.0917723315914234,0.1469538810364813,0.13535622815523174,0.09354118050782945,0.07135696173168393,0.04736751385637897,0.16772746165374655,0.1523220679650902
0.0942444932940603,0.1333412278329647,0.1322293429261314,0.09985070082443792,0.11275963718326378,0.19873050893769037,0.05917716347727751,0.08358043954411797,0.08608648598005607
0.11129151337586451,0.08176343842996851,0.13581479523568288,0.10673287928340029,0.13579295104911138,0.13800578677594774,0.047006792737746654,0.1519645990743327,0.09162724403794531
0.10688948715923498,0.0969606814645876,0.12256135961740523,0.13040327135067728,0.10499942160783221,0.07856465390757368,0.11214583715216504,0.16555468973398754,0.08192059800653652
0.09310740505030123,0.16725930172968448,0.11112993010038369,0.09962069065553385,0.15482237564181803,0.06742004543781087,0.06177568233532654,0.09262328083279063,0.15224128821635077
0.08773641279636002,0.05726517200710085,0.11207645066062999,0.0878706967687246,0.1161500428493415,0.12510934663402506,0.1803731227701196,0.15294484053509308,0.08047391497860536
0.13550322062777165,0.17910729877759515,0.08935624621533246,0.11553370419196313,0.09411778656377996,0.061695106114552485,0.03792778642092551,0.0779797463128089,0.2087791047752708
0.09429447285930527,0.09224392686078248,0.18122611765233,0.11891765048306607,0.08764333242519784,0.12945601708172122,0.06749866473266121,0.10969420475437026,0.11902561315056574
0.09152843291822288,0.052859207351395286,0.09254975206308448,0.10051654185998422,0.08428445895592185,0.15220637194798997,0.2872549785440971,0.06791472235827777,0.07088553400102647
0.10394956800349386,0.08314687493607396,0.12205651223857866,0.14849016842455673,0.11009751453259332,0.0850358186091355,0.04095800029125977,0.17355813788106209,0.1327074050832461
0.11779433807634258,0.1580628360909681,0.09038222434366126,0.09211726076352496,0.1595660736830866,0.06232037908574425,0.09771755694067359,0.10996584608935789,0.11207348492664077
0.10996735368440284,0.11610235665851076,0.12147880819593353,0.1047866572872687,0.10908561702276116,0.1344139510466313,0.055090665742959476,0.12612992851881755,0.12294466184271469
0.07637447406983544,0.11906309047152848,0.0876073234515445,0.09110202169851304,0.07695482719139653,0.1972136779282042,0.1752032473045537,0.13371125658819624,0.04277008129622789
0.09896621687285552,0.09152456811960112,0.08861907126156425,0.1448428663415615,0.08250841979208308,0.06025928766150477,0.23320163905223104,0.09398594391457728,0.10609198698402146
0.11357511018677942,0.22245994943006045,0.06891657212498851,0.09348914661041445,0.09713407971206107,0.03820190633093072,0.02952278217960343,0.1597214796994927,0.17697897372566918
0.10462902352198256,0.08203341416375927,0.13173690884638461,0.1530869538189287,0.10308446318011232,0.07829198913895939,0.06848845663583308,0.08069777614364458,0.19795101455039546
0.09426705077926432,0.06923370882850478,0.14411376742935733,0.08794913243350073,0.13701224404897416,0.1721159408226236,0.10262447486951569,0.11941787470191301,0.0732658060863463
0.10079824969878515,0.12048048247540255,0.09934755339464636,0.13643244427832765,0.09691969034909649,0.04449405273676313,0.1669599613731837,0.11628209299828263,0.1182854726955123
