0.1005005315844197,0.08990409998238762,0.13299341629667438,0.08310518458561737,0.09989449050510701,0.12534013595445048,0.07733332245060666,0.1752268924177076,0.11570192622302915
0.0933393479632482,0.08940355738037759,0.059986930474935994,0.08156833182858046,0.08188567841366344,0.1079440794355505,0.32634777339342674,0.07171232977214777,0.08781197133806938
0.1280390518270519,0.13377011633372152,0.11105507780541031,0.09710832194831513,0.11592127106511696,0.10120817802611215,0.08740160112222455,0.1055749525022901,0.11992142936975747
0.12125259468481313,0.10166201074511583,0.12956981162586328,0.15228693379189132,0.11212564951988614,0.1119462689369305,0.05450483437676649,0.11232505837787306,0.10432683794086021
0.11614560399312777,0.07447096112602423,0.11443643817057658,0.11357684997377122,0.12923803569559988,0.110124771833864,0.13691650435195782,0.0891486320623814,0.115942202792697
0.11969963758261555,0.10162042857231174,0.1073818991529852,0.113635843115849,0.10978410016232475,0.10146152248842044,0.11759847315140211,0.10703140598575762,0.12178668978833362
0.1214464953348013,0.11475230654582051,0.11252946594220854,0.1003625532600923,0.1171068648950757,0.10126588767169176,0.13668142522388887,0.07464310599100477,0.12121189513541626
0.11182831241765813,0.12349448726722911,0.10109271646783675,0.14691547460325763,0.1012454542793651,0.09352502576416499,0.0724605216058422,0.12760837841088,0.1218296291837661
0.1238360895521805,0.11409587831653223,0.11170655520557997,0.12235651754163575,0.11521315519667079,0.10473189542917201,0.08675057135886895,0.08665634673708722,0.13465299066227263
0.1270385045515341,0.11014363941298844,0.13256943990896064,0.10977140458952504,0.12648283725935627,0.13100042163589318,0.06956092657309297,0.07246842146930703,0.12096440459934236
0.11625535879139466,0.09658016944763419,0.10753924844967826,0.12460459872534368,0.09771734238299166,0.12079418479078967,0.10288598976959333,0.13433985406392024,0.09928325357865436
0.09967761233067135,0.09191331563856499,0.08349803568487746,0.11060367893094625,0.07271797742081922,0.08855940495372043,0.26427369330615114,0.09779263785380461,0.09096364388044455
0.10906057711911092,0.10507476728121197,0.10350819163240105,0.09184587984901772,0.09797725775693272,0.10077100522597766,0.16080609558395326,0.11910295444507109,0.11185327110632354
0.12490580061621015,0.0948184947362259,0.09353306011647716,0.102343891733792,0.12655259929243776,0.08910757155719375,0.09998563345084029,0.14158020670151408,0.1271727417953089
0.11233315579015496,0.1308494895049964,0.1403653721222275,0.1268806873113539,0.10010047539293003,0.12024773889451874,0.07376685516990926,0.0867154854021252,0.10874074041178404
0.1129956838195904,0.1462184828212818,0.15625769611741588,0.09927616027784981,0.12294335332774083,0.10588654122480234,0.04339804118604365,0.09377981351122462,0.11924422771405063
0.1154901236987962,0.09934881195656442,0.07612425818609812,0.12265467214501045,0.10529724725599154,0.08715482509088636,0.1474345819236308,0.13025708359185728,0.11623839615116471
0.1326324321500714,0.12913383369133882,0.08331288018613248,0.12030365976618884,0.16565206828099452,0.08676476647047733,0.05456263192980044,0.09242683831054861,0.13521088921444757
0.1299410669071662,0.1049071624344668,0.09822794582531306,0.13501448246491385,0.11396047710057321,0.08200841507296154,0.06578915217103028,0.16861761743921888,0.10153368058435619
0.1258735941751886,0.12775780154327718,0.12365764286375007,0.09082829789526425,0.13639833362776807,0.10620793100652633,0.06517271492054331,0.09423608051043447,0.1298676034572478
0.11056472067531498,0.07773401928489747,0.15381876828435567,0.1637783291625273,0.11184034561021834,0.12786597531111152,0.07141177248750787,0.09004289975542928,0.09294316942863756
0.10781349403909135,0.10095722448618248,0.09945102484376338,0.10971761925969137,0.10579716575366192,0.11721161870306569,0.1562175004857436,0.10227309719080553,0.10056125523799463
0.12357272842195195,0.10736369156411824,0.15719259537556404,0.13806551257852281,0.12724093632853128,0.11036374793698238,0.041335520479596995,0.092321850616498,0.10254341669823432
0.11458556079061076,0.1093065021025349,0.10486088331286596,0.0893930785548593,0.12093501503496541,0.11605896033458889,0.07861853735398501,0.1360109524553989,0.13023051006019085
0.12074900248019087,0.13007681890340314,0.12075762067642064,0.11320703764818647,0.1286533435982413,0.08321131683201548,0.04745208657648403,0.10766697908910489,0.14822579419595328
0.11783540693416196,0.0960885287756059,0.0816203757832089,0.10289634612340119,0.10622439968728936,0.07567660750862244,0.16569079525305705,0.12890005253444622,0.12506748740020698
0.11418523480792762,0.08095535814731392,0.11208526394335143,0.09263569495581353,0.11111462010125554,0.10066794754774439,0.1414777884681707,0.11181542729223226,0.13506266473619064
0.11312041281525942,0.10988744269922594,0.10348213345289252,0.12262656378814123,0.09385882342339125,0.10752751935478122,0.11227952265012098,0.10238201027373621,0.1348355715424512
0.08721567762026873,0.13863280637020484,0.12157988555511574,0.07551310545097643,0.07061577949853312,0.09735402540418575,0.2696146009932228,0.05190466206637532,0.08756945704111724
0.10799665984638447,0.11907414707989583,0.1394221501324824,0.1053349032647617,0.12050101423617586,0.11621826782750122,0.07041749091176397,0.08789319191025113,0.13314217479078347
0.12045331806725505,0.08678340923048995,0.13605555131178218,0.07326126671248863,0.10770590397557245,0.10852619369960126,0.12902447152219518,0.12687149000112904,0.11131839547948623
0.0845346942073623,0.05319958062891256,0.0636243616717637,0.05306638666580522,0.09495351158609218,0.1689728829346108,0.3480562446339255,0.06411756127926073,0.06947477639226703
0.11630678247911845,0.09583565039452542,0.08796612124555803,0.15565082817643214,0.09788655743424435,0.1112943273808893,0.1426429828225099,0.08720033869491711,0.10521641137180526
0.12270639015392754,0.11975033602248586,0.12006592192104998,0.10589719490932992,0.12487432854765308,0.10900588923751735,0.04789750789268771,0.13239243247297464,0.11740999884237395
0.11492791355299775,0.13654567044573665,0.10457887843041268,0.13593151533562967,0.11342974445307942,0.08832872471745427,0.09970381192839882,0.07881565244813239,0.12773808868815825
0.12257382683254314,0.1088660344331207,0.11954070248906916,0.09646305936686744,0.12086086814907544,0.10116325697062094,0.07842747526186448,0.14101635339930044,0.11108842309753823
0.11937161465247924,0.09904448773064851,0.09985493812192625,0.0986566804193872,0.10808486734329965,0.09081740334989648,0.09395097309226152,0.17757627774641072,0.11264275754369046
0.12142987869689643,0.1263640514265921,0.11118384922245123,0.0750285129623791,0.10873735956292041,0.09965088419222072,0.10321270865936265,0.1052056552455009,0.14918710003167648
0.10211166224039814,0.06437181904005655,0.09270835779797394,0.1598199680545116,0.0915130966491679,0.08553631185652778,0.052141281908232195,0.24323117844711764,0.10856632400601428
0.1381844070510555,0.14223369787845266,0.08329366855169629,0.08934941400656009,0.11969174955937822,0.09653118957024821,0.08562932888635884,0.11687827173122722,0.12820827276502297
0.1269518365234444,0.0999267309972841,0.11189555951429342,0.08847529469571917,0.12114288022949075,0.11152358154086901,0.10695499770097587,0.125544687839631,0.10758443095829225
0.09081177505933813,0.08762917152015019,0.10173486272448595,0.08528381658603124,0.09994278097924242,0.10769136993759114,0.18852581807416044,0.10777219859511493,0.13060820652388558
0.10629617661508288,0.15458701029277436,0.07880618894872815,0.09426388565259729,0.099366327729858,0.09864050349092202,0.1479196897584937,0.1068844274714959,0.11323579004004769
0.12153965031571257,0.11299590741975145,0.1097260636620625,0.10890094016898227,0.13868446418315378,0.14318049808999161,0.06942242815003317,0.08787278621967588,0.1076772617906368
0.12886915408170088,0.12547067048225272,0.07466035625243263,0.09871407014848528,0.15187530622022502,0.10778441417692576,0.06568226296896286,0.11651831792278794,0.13042544774622689
0.11549483700496073,0.08091855276294489,0.08165272877284137,0.09668279003780761,0.12050116646471709,0.08607901775146182,0.13678423034919507,0.1546328561585694,0.12725382069750202
0.11608171792581494,0.17363062277305352,0.12229886311821368,0.10360286034252848,0.12969312173470782,0.12330402752714026,0.03586620656917657,0.06993265917313264,0.1255899208362321
0.11124684422896902,0.12788453108751507,0.1439151830388085,0.10867422937838273,0.09201381475652816,0.105548217389533,0.051647500683214366,0.13798544740414936,0.12108423203289977
0.11134901094054613,0.1473376661651856,0.126642910618184,0.12466933261815422,0.1205241576112973,0.13239972123719312,0.05990512257161345,0.06303471849146774,0.11413735974635848
0.12342063678218629,0.10885089042544234,0.1127860361373747,0.11201910585958723,0.09863226053507536,0.1063203045207919,0.07167702986146397,0.14780052190569867,0.11849321397237954
0.11704505971224982,0.1282452964639935,0.11181607821533812,0.11517234072455264,0.10310336669884124,0.10593588906206775,0.07541834019979587,0.12924701299136743,0.11401661593179356
0.08798548711263911,0.0746344908873582,0.08483240169177042,0.06960971260102371,0.08536645502663676,0.06707950541538929,0.2005843950504409,0.22392507935110295,0.1059824728636386
0.12652696897581397,0.12273783818961098,0.13073764221262227,0.10843935538983936,0.1245921555291681,0.12738111514722558,0.04978910709007276,0.1018984135486594,0.10789740391698759
0.1386661227449882,0.12946843747351552,0.09080394911878319,0.11827395004332765,0.11940507216104401,0.08648984480919107,0.07631305715931237,0.11281270994116961,0.12776685654866837
0.1158393469261287,0.09881421312970155,0.13874573560127035,0.1688715892364555,0.14131036776947156,0.09329738082487904,0.022928651847286863,0.11277318245015751,0.10741953221464895
0.10255346706756581,0.0939072409508721,0.1176672241362056,0.1047288071200117,0.10672111893514802,0.0978041651948917,0.1322421219146561,0.08388555352817352,0.16049030115247545
0.1321911750684017,0.11521554964939924,0.11972153993750567,0.11905072438723842,0.11044227499328658,0.10019656954200563,0.04802785657879524,0.14650711211727033,0.10864719772609714
0.09632533682348056,0.1143451418148103,0.10106260891622665,0.12215006876485074,0.11552832384945351,0.09698917959435073,0.0803495437585569,0.12135981283291446,0.15188998364535608
0.1309084492053243,0.10423233777182063,0.11829563285915386,0.13115744215120417,0.12364473300192631,0.1106507124805906,0.07139019064408163,0.10200883607753859,0.1077116658083599
0.11318014717307083,0.11939797888381913,0.12490174824121536,0.07866800574144574,0.10322312995270277,0.13290620627294597,0.1086847672202987,0.10122176350840491,0.11781625300609659
0.10383835195864839,0.10270324506833099,0.07012528555776047,0.11062487677249426,0.09532230991790273,0.09541440683407389,0.14927796715183692,0.15252084619903172,0.12017271053992055
0.12035450940249504,0.13865489924673383,0.13003736805930596,0.12981350295337749,0.12168895975074567,0.10868492638668044,0.07043486077682337,0.060673814610186116,0.11965715881365208
0.1274946001447412,0.11503647280480615,0.09650554322224487,0.16189497984874215,0.12352625843688503,0.1042326708375881,0.08235161102128837,0.06770387658384548,0.12125398709985868
0.12335768754590859,0.1291994051375285,0.11150867810454694,0.13986123094908443,0.11084159407340226,0.10001600504838386,0.06629687293689045,0.09911082197505812,0.11980770422919688
0.1221222445324669,0.1377692558319672,0.11253007236034747,0.08548426976342675,0.13099039753205177,0.10567575991173246,0.08833646754894242,0.0947268948144546,0.12236463770461044
0.1124545402142809,0.10350008220757234,0.15561007105554425,0.07600042585311469,0.10356920942937127,0.11696955811995087,0.12161192094439538,0.09626284861856127,0.11402134355720904
0.11835611914134396,0.11271781624568776,0.17575569806243266,0.10444513305833951,0.1259231651182431,0.11790894969660444,0.051548804519663975,0.08011183905193418,0.11323247510575045
0.09887548457016875,0.07160146757200307,0.09042182727559371,0.10545273126825043,0.09200572414936493,0.07903062755688607,0.21761038949435785,0.13818694710487223,0.106814801008503
0.11575972798993694,0.11647860064115094,0.09745518242326584,0.09825113145102393,0.10873251604198614,0.13239153449576718,0.14016664172785953,0.07397256891606044,0.11679209631294905
0.11920046783220678,0.09820186754255152,0.15983498532831658,0.10998898553262926,0.11975464237935662,0.11978816138336429,0.06839321124751455,0.07675684377810482,0.12808083497595565
0.13114239107981382,0.09932195491373004,0.12947986628777744,0.1215593827479377,0.10095581157784674,0.1124342241606595,0.10790329768438377,0.09402108169485439,0.10318198985299658
0.12002769101584067,0.10581893585536324,0.14312398260492634,0.11556341900710544,0.12040749579781777,0.11346334060206993,0.09443626102025454,0.08058089292713792,0.10657798116948412
0.09854756230051605,0.08862769683465706,0.1246058529196436,0.08131487435869925,0.09416990643307853,0.11924931871423007,0.12102604687539716,0.16075089715800697,0.11170784440577125
0.13573631783322693,0.09843896593712091,0.12715138434468262,0.07757078683046056,0.1274932526366551,0.0913483585937482,0.12029611007187373,0.10370356120860132,0.11826126254363067
0.11925512090422193,0.11412345340380108,0.09001352524624352,0.09712837178051481,0.14650974233464445,0.1139593531760739,0.0841970712380985,0.13014771024882174,0.10466565166758013
0.1182063105578529,0.10900558934869146,0.15012943096900358,0.1048724053755361,0.1198506077309332,0.11313561955016536,0.06139366410395041,0.10106426385705407,0.12234210850681293
0.12706558824475384,0.13642520573681158,0.09920753851886832,0.14458960732555534,0.14016455262411393,0.09636804912477208,0.04195746104501685,0.08898668225526529,0.12523531512484284
0.13486410288863865,0.12926472155729443,0.1025194017396658,0.08693415992739302,0.12656883704467473,0.10922185988605626,0.08016150890671936,0.10045882687496012,0.1300065811745977
0.12841050948356328,0.12588052194823193,0.1170615467796229,0.09950214974870564,0.13543814633121237,0.13147954520547733,0.07210542499480592,0.0709911831395153,0.11913097236886531
0.11513394243707116,0.11495419314816895,0.10121689494730896,0.088745944862151,0.09873645408535232,0.0718658528944484,0.1009602603628209,0.18550985684589913,0.12287660041677932
0.08613658956525501,0.09652507655707458,0.06019830593571681,0.09472407512177412,0.07847592504728262,0.14227894844795894,0.26781846901071066,0.06651248124230592,0.10733012907192148
0.10713527824424701,0.08336772498565516,0.10554130686664702,0.17489173114393852,0.09555198787509665,0.09432624187514416,0.06590224759841663,0.15754680371591964,0.11573667769493524
0.11738221593148324,0.08142258601353891,0.07930394145917526,0.08001498944123853,0.11987781036815326,0.09772386830704077,0.22742637215925907,0.07052628012324537,0.1263219361968656
0.12103680035147174,0.1129393951167173,0.14747524179311067,0.12217565224624927,0.13914179360480336,0.11280865028552937,0.04977456267589848,0.08922824455284578,0.10541965937337398
0.10213921758202404,0.10542209933629572,0.11895295216167485,0.14633478168122005,0.08610259905634615,0.09542161684883634,0.0657814372600996,0.17663878248189957,0.10320651359160367
0.09613050927904239,0.07377935879860029,0.0929730841490008,0.05964918957166524,0.09329545653892483,0.1032445371297382,0.31294320090658373,0.07589469577805069,0.0920899678483938
0.12754668135471434,0.11486840671496722,0.1652191526381482,0.11577625568593485,0.10205014068012112,0.08977167251318034,0.058971366890654166,0.11711675163877804,0.1086795718835018
0.10049537935440335,0.10261795560149502,0.09093131153896623,0.13677440473094749,0.09192937747814962,0.10339848731928969,0.1518214017563921,0.09322233107328715,0.1288093511470693
0.10403366348732741,0.0822723690135762,0.1077739036404486,0.10375004797937304,0.0817599359245011,0.09801433993168251,0.14360674748112917,0.13041489982689544,0.14837409271506655
0.12577420428768807,0.13280046282482222,0.09601277047863777,0.09071836087801034,0.12988845825078343,0.10483493627376221,0.08102920598011276,0.08734635452318738,0.1515952465029958
0.12536799113633063,0.11823577257485929,0.12541206757376647,0.0834748534430843,0.10496653728197487,0.10426695328152001,0.08673198656053309,0.14163167149688857,0.10991216665104282
0.11893434369350205,0.14030380785411173,0.12227144236880007,0.08599168360042185,0.11234333092835987,0.11583740279104014,0.06517395719910567,0.10591365125898987,0.13323038030566878
