0.07954254503720738,0.16437635990317753,0.12167574131575327,0.11669692460865327,0.08644738396301294,0.08038276639249962,0.13434746626574168,0.11877541331567694,0.0977553991982773
0.04809625186552207,0.08742258483495662,0.11497700205981283,0.08414301663570421,0.10536261250918483,0.09571338942915388,0.1973142313163074,0.1137569420794211,0.15321396926993702
0.07722059936063791,0.142310029860654,0.06999457303004804,0.10360439952389287,0.08300461314839068,0.05340930322230652,0.22987152249243162,0.11815440772555547,0.12243055163608285
0.13341742637125265,0.07372807648811842,0.12139381594503222,0.25565478651404216,0.08162265012127719,0.029553317946672316,0.08342928608541265,0.1263614643377268,0.09483917619046556
0.10375884901952921,0.0853583072888599,0.07259106312726234,0.15497976754569678,0.10945421536020601,0.09717483631638796,0.11921204264623823,0.1350599550825434,0.12241096361327618
0.2595295802007529,0.09054057118354362,0.12858450238758207,0.051180038125281345,0.15726525922958579,0.041719528676230605,0.08157098109758759,0.09270117864129053,0.0969083604581455
0.14582125767735635,0.1662905654572938,0.0945867129114647,0.08313933581560501,0.12180187368052309,0.06474026493487699,0.12307117631655022,0.09691137758257007,0.10363743562375981
0.1261828754578598,0.13687174488623197,0.18689051403531998,0.15658466571955504,0.0813203982787372,0.07472424388546328,0.07732535960450339,0.08475126993207745,0.07534892820025181
0.08406482463081066,0.12254392076416008,0.19679670675418323,0.13235192916505845,0.11081064092002502,0.05319829088427874,0.14008715673407374,0.09357453973911935,0.0665719904082908
0.07963282785853783,0.20173418276367247,0.1003911594364635,0.10545689217955924,0.1022234143879965,0.14865620444199748,0.04951845711127375,0.1121061561041035,0.1002807057163957
0.07177981249995885,0.06791184183414238,0.17221468362316097,0.13715477996097183,0.19220350184900614,0.057645646373758186,0.09930865489620572,0.09703519002495153,0.10474588893784435
0.08703615199765606,0.09715645066283896,0.10171501626812579,0.19494592767336663,0.11932136966106417,0.06498924349960945,0.13490506814135247,0.11032771200238178,0.0896030600936046
0.12936273250047528,0.08696274048974227,0.0999028404032987,0.1790868783391477,0.14268758538094659,0.05880098045890222,0.0522563919897752,0.1314393705530222,0.11950047988468991
0.08947276690509232,0.053019573461124625,0.07751004528965101,0.0650641042306642,0.14165055885859817,0.06359786842891889,0.3060530547250347,0.08239410356586557,0.12123792453505049
0.0680586167298299,0.05812231389778404,0.08767936493030759,0.23220554539809266,0.12436717883844295,0.05768051329582269,0.12498262728113403,0.12877218611826868,0.1181316535103175
0.05973195311624727,0.06731873168429676,0.11351890104896818,0.09355962219273821,0.16162751508648585,0.09780685306223004,0.18089295096565303,0.12309207090045178,0.10245140194292897
0.13580857968733187,0.3152222327585363,0.09196997118440135,0.034600850239072035,0.07540502519898024,0.09134009573058256,0.08664641756325457,0.08353004255479024,0.08547678508305075
0.13724973794600673,0.08956503753316507,0.08427252709517385,0.11135841636626416,0.18683387266652263,0.06423023392901075,0.11397849077279086,0.12405077982008922,0.08846090387097666
0.04097975930129478,0.03084151569549655,0.1041071831829468,0.10926187807371911,0.1540434277872967,0.16508812570560147,0.11421262183214786,0.10295839166664052,0.17850709675485618
0.10286673466482128,0.13715897358668552,0.14386357262953764,0.1043021414429065,0.08671220420768112,0.0904641734845043,0.1432163173653057,0.0982889272703638,0.09312695534819417
0.04251394935881592,0.09377043677447605,0.04973882905723862,0.14783171665295125,0.1959349172056887,0.13300734103891193,0.06816387061533868,0.11058541744921675,0.15845352184736208
0.11971241749182936,0.10954410101942418,0.10045191230680948,0.0865621090668645,0.08184071144250692,0.0926296678059425,0.19816607550320456,0.1140432550536198,0.09704975030979868
0.07555670726532704,0.06184891825618074,0.07430214960509614,0.16767923037025412,0.1518066539562233,0.08691173735676254,0.1259162781725438,0.09883776841450131,0.1571405566031111
0.04250989320139431,0.06990664363880046,0.1328607007883431,0.14800432619658477,0.0826977040209616,0.143767320655016,0.1940758843806015,0.09317216930075396,0.09300535781754428
0.037543162363261835,0.066515151340561,0.04513311693696186,0.13332555892005232,0.16578415959109183,0.24627671977414853,0.07150925395000703,0.10502681323575203,0.12888606388816345
0.08723333595804916,0.07027825318364266,0.12703734734499483,0.06468345806385224,0.10700740291839626,0.16716996578616827,0.1344956175852392,0.13370470173281696,0.10838991742684038
0.2059953005898405,0.11685252920331551,0.08019628607333797,0.05922509451013725,0.11336469049149,0.11962527056962931,0.09429821503273812,0.10780952587067683,0.10263308765883446
0.07437317278624532,0.13228645288642207,0.10023016268016922,0.14567401903120444,0.11185570876604971,0.06253641288821048,0.16638378319596106,0.11333639394288658,0.09332389382285115
0.09232544635953004,0.13670812451931594,0.1155790145672284,0.08824259647339776,0.07998726744961716,0.13844967010423004,0.1436097419902643,0.10107008387792803,0.1040280546584884
0.19123694233498992,0.05357632643091261,0.04266382620990792,0.08073002272770033,0.19441209897342923,0.12838206463655502,0.07173684901511773,0.0986480936838765,0.13861377598751076
0.10540428264045558,0.13038512715997067,0.08972553738879151,0.04036567391693647,0.14282939120259813,0.09772223974134302,0.17121261752812447,0.10076028227191886,0.12159484814986121
0.24201795520000693,0.07259311062306169,0.03313595347404317,0.059021243835057476,0.17995231053105934,0.06670061177552276,0.09918024155204692,0.13801483030366948,0.10938374270553221
0.14603767673515108,0.09131361953874347,0.055258546848882206,0.038892837991625524,0.15785951114371485,0.17139916161540628,0.11299230332613963,0.10498360109352338,0.12126274170681373
0.18904244335780482,0.08736038153304744,0.05511275497827748,0.09959853397794262,0.12646287183497687,0.07150069712100744,0.13171951204707144,0.1278411527105295,0.11136165243934243
0.12687951381136478,0.2772245037278076,0.08824439896934262,0.10962858999518267,0.07507583349269427,0.03459170258977525,0.1073510760512586,0.11033291684179593,0.07067146452077831
0.10908339653668046,0.07541550174759148,0.05938445101880036,0.19505658422280822,0.14945571427923962,0.0761380065671985,0.08967391870293073,0.1378496186453627,0.10794280827938785
0.08078101911374559,0.05026386200472735,0.05902229987075344,0.10751569242257675,0.21930126693745702,0.10094736828735464,0.12879563364934024,0.11583695313792482,0.1375359045761202
0.14145213034337686,0.21592568781992302,0.15673944604650628,0.030120297014516337,0.07548650119082144,0.13249056940819706,0.0858332794633732,0.09454813009048064,0.06740395862280511
