0.14801116347450852,0.16200433065006023,0.04545730628525584,0.05196162603189858,0.11799467723132102,0.08945523408047652,0.20281659260221593,0.10337405798184308,0.07892501166242019
0.19229407061422488,0.09525941739504766,0.06585520660987863,0.14567713429789766,0.12781796760757913,0.09047836816263655,0.11296814267548805,0.11889451610075508,0.050755176536492363
0.17730495096776955,0.07225123196393533,0.11822007698343266,0.12053347535349986,0.09993448725853028,0.07709928582075351,0.10638761776921035,0.12967325919957878,0.09859561468328971
0.18064888924347788,0.04882462033325769,0.04343239312609406,0.140820936206998,0.17087485336223326,0.09616684790387141,0.08346630733211387,0.1352213697181951,0.10054378277375876
0.21136210801095476,0.03349954971651474,0.05756220414650163,0.0755562109710094,0.15608640978376823,0.06616821956940531,0.12016759272771323,0.12979191557433925,0.14980578949979342
0.11958653458709882,0.0907575082714062,0.10311058405134776,0.10699527519170898,0.06793316854087725,0.17698455588942044,0.1435972584670251,0.09666567314717002,0.09436944185394547
0.07671023282866957,0.045270830354391334,0.05125086659019081,0.22583671342823605,0.06547538708741452,0.14502419714215323,0.11527109282986105,0.10393099366353216,0.17122968607555125
0.10916564215961966,0.06397351365948944,0.06807927939246612,0.14458371434643544,0.13388788786497147,0.07018196229716979,0.1588045582055249,0.133716238161158,0.11760720391316513
0.18256399236400248,0.03260636785855825,0.053903217148902394,0.11751961086627928,0.13281209622355142,0.05349529452863055,0.13060356090832168,0.11307819644046783,0.1834176636612862
0.1973671056320614,0.08672963746743033,0.07106840864830818,0.11713647656898274,0.10820719045404874,0.0973846590266883,0.07484831018256381,0.16235032621183498,0.08490788580808156
0.06857307869681424,0.11654594165266387,0.14184023050665953,0.16864936177919598,0.11176728818294372,0.06288363947771088,0.1585577290631083,0.12426861408431862,0.04691411655658481
0.168224442169284,0.16103394268975835,0.06572732504563683,0.013467020877953748,0.14171224082026623,0.07273671190946933,0.1998611727879139,0.10949030124222502,0.06774684245749256
0.29539890102052785,0.03617658255326636,0.049009798856152274,0.08288385831172367,0.12227587793670774,0.07129259172790181,0.09621837249500403,0.11929152615936929,0.1274524909393469
0.06587505620126177,0.02201962835872025,0.06928396977847481,0.12216037411843135,0.05518221197692966,0.3862727449161197,0.08291066668110585,0.07766004045744045,0.11863530751151612
0.10499754635680214,0.03066686812772651,0.12572018455089737,0.1441847710434838,0.09303323988509878,0.0844943530338121,0.056235638303678614,0.1597329662379605,0.2009344324605403
0.21270331310451263,0.04981579605809805,0.07105026591771568,0.07296727442642792,0.13393818900711366,0.05982521901977481,0.16520751274556525,0.10268735065512806,0.13180507906566397
0.05042920353587721,0.3767917026770912,0.12966130097950776,0.006463697204080142,0.09217812111505493,0.06424079244271103,0.16450902138523513,0.0989203253497807,0.016805835310661942
0.23854386563214156,0.09062746616544474,0.09418327927348576,0.050915640849268355,0.1152917425215863,0.0938008201587235,0.10906498553622473,0.13297707337411788,0.0745951264890072
0.1443014822014597,0.033007395014021064,0.07017587292174199,0.14670603502140178,0.13027019908296789,0.12285454607175628,0.0714562378934871,0.1466943630294666,0.13453386876369758
0.27631850242952266,0.02703346324579718,0.039712594665706646,0.14344525019308865,0.10839069504732031,0.04201833594537646,0.13587340494343564,0.09505754979083247,0.13215020373891995
0.021082086415507868,0.12348175059702875,0.15182639082930366,0.24857975044739256,0.07515537809580801,0.11290409386593026,0.08960258094740207,0.09987719941266461,0.07749076938896227
0.21780546300239698,0.14047234762480126,0.04108463388822899,0.027904583917759063,0.12224882145140736,0.05484956833888211,0.25299415067239933,0.08252183646258937,0.060118594641535565
0.12929494720641296,0.03527325112091047,0.10401014114894576,0.10695775260616643,0.12924400590804716,0.1066025135794738,0.08805237557312516,0.13587225258863422,0.16469276026828406
0.07810088720344614,0.05589477199722962,0.19265408448208443,0.17635398624976503,0.1120813225837422,0.045342183341150886,0.11306479398433224,0.11136649826725153,0.11514147189099795
0.15077328237405932,0.2688476666747059,0.061310190361779204,0.042478122977225474,0.09724217262634449,0.05904081149176221,0.18793755421245484,0.08960963997171978,0.04276055930994871
0.1788962637996311,0.060894343016427606,0.07758831767025816,0.1412150352004071,0.1092950368558777,0.055514058326368965,0.13823288834066721,0.12882220457616714,0.10954185221419503
0.05831701186797835,0.14044295597372983,0.056908520978505454,0.14351740316730102,0.11096946981992639,0.057451483856271836,0.21072896011934225,0.11626445249196284,0.10539974172498194
0.0601122459228182,0.11354528315645641,0.302076924533849,0.15658568941915438,0.13120916912371092,0.05851533202048067,0.05279306720259968,0.09433110592550518,0.030831182695425535
0.22660723404538005,0.15980324879472194,0.06993352614311778,0.0775222306083662,0.08612633756674516,0.07020577918606252,0.146271642760429,0.11256520753877207,0.05096479335640534
0.05590265344501719,0.11988726677190041,0.157799709146716,0.2036721048676974,0.10501917910448716,0.05774321740512211,0.17771160355331794,0.09469085149254751,0.0275734142131943
0.10872848120873718,0.07656796756514553,0.08779177564715492,0.24627827599539145,0.13562009863583405,0.06275698214655204,0.0941378081905741,0.1233508867063592,0.06476772390425156
0.1644783173463502,0.07413766490720301,0.07806170344483342,0.16757569583541587,0.1418893940385595,0.08840396174020197,0.0903479801530959,0.11981086375895707,0.07529441877538312
0.030486944225941292,0.25482598228695647,0.3556117398964274,0.044949375806330884,0.08961801236932931,0.05932468384229144,0.05216722633307667,0.09202359041391688,0.020992444825729605
0.2605686603988972,0.08972386207938643,0.043925788941672095,0.10861397893327916,0.09183028329308933,0.09461411085881394,0.13783962005744596,0.11044034244132317,0.06244335299609274
0.21142211564910263,0.031921531396667036,0.123911064814902,0.08521915476382635,0.13269037847456647,0.040895154105033894,0.13507480310901188,0.10610412927824873,0.13276166840864098
0.032306338668184366,0.05256392160080153,0.11934760737895274,0.25238858581793205,0.04482126381682463,0.13526855150637832,0.1406376615153861,0.08070149497570261,0.14196457471983762
0.2029555914733904,0.17681116390309506,0.07040855238506413,0.09246437129992585,0.10935891429289461,0.05160599691450358,0.1366399031266677,0.1175485583750819,0.04220694822937665
0.05010470444760915,0.059571580314469165,0.13292279123977072,0.28905489316293137,0.10288790597193594,0.06706533440976521,0.1646071037283324,0.09980950875809784,0.03397617796708809
0.10776361325444223,0.06545107087948981,0.08235161952037905,0.08243104067065123,0.20916990089973883,0.11323104717491216,0.12103020610902425,0.15526688300691474,0.06330461848444768
0.14883951724587308,0.06457521839555556,0.03484519173322028,0.11819659137631992,0.13722092609744882,0.09161463659626128,0.1325026358120702,0.12407601647957622,0.1481292662636746
0.14681538530438526,0.0673086112370398,0.07099527128331683,0.1404683892041247,0.11583702909988369,0.07248083231556492,0.14841563861781595,0.1374397430689258,0.10023909986894301
0.049306964141478636,0.26292261449061355,0.07070934784799088,0.055623528559373,0.08051503417708933,0.05103656434019754,0.2699041760127748,0.069692572554224,0.0902891978762584
0.08538875683773343,0.03620350924061347,0.1037724655498931,0.17569981345955546,0.10608026869859681,0.1257344325376521,0.14304587882476882,0.09234236844578629,0.13173250640540046
0.06040543097849423,0.11803474417182108,0.08173684146046095,0.08109590843417937,0.13652976784268422,0.06834946484436485,0.24755757298604086,0.11105865475134084,0.09523161453061353
0.11550091642825394,0.10440098260588675,0.08864446918086115,0.1106602130079985,0.1238799966910487,0.09919768992582928,0.1301870568692843,0.1363511517682188,0.09117752352261856
0.10283451889927532,0.29050193588235945,0.06706910388505682,0.036735234818664,0.08724439775320249,0.0607294997090283,0.1761005835266047,0.12150364477700659,0.05728108074880234
0.21054052275802648,0.04348742474910428,0.06739536848248236,0.1107567277441588,0.0892416736043861,0.1451065381257742,0.060080474555600304,0.15288636134232456,0.12050490863814294
0.05597328573622171,0.27722444066657426,0.07401032119303992,0.11521251976923184,0.10463512978264315,0.04076979639340238,0.15887861803812783,0.11331259147959145,0.05998329694116747
0.18673311703611484,0.14755581890679673,0.07091895272791716,0.06661547640337807,0.11090082926212581,0.04957727243902966,0.2124745260326429,0.09345538487137599,0.06176862232061883
0.12167698758579715,0.05427112512668535,0.1000437839238882,0.06143769170982339,0.16396914852586947,0.057077321952103244,0.11853494911323463,0.14018983287910894,0.18279915918348957
0.04931047545986595,0.06345640547649452,0.04375973079871453,0.15626316227053766,0.13668196477726277,0.08291353381566226,0.1950791712791705,0.10452545450525548,0.1680101016170363
0.12054064798145135,0.036942871749154255,0.09246229471808652,0.05588408859905292,0.1763912545016618,0.09855238720966575,0.1160764529203503,0.18525220785799426,0.1178977944625828
0.027820641404859524,0.17820237316525886,0.28982555970583657,0.10236160811497237,0.04287907288896242,0.07712164889696431,0.13921875503336953,0.08610107002753992,0.0564692707622366
0.04193139125890927,0.22071738461766674,0.16386793060550425,0.048693227135758355,0.15941464977700112,0.07977904080789089,0.13061201040640602,0.10457097052908537,0.05041339486177798
0.12346041804464429,0.35680401331329864,0.18587047651739552,0.021582546189678253,0.06743939317387533,0.05153123185957135,0.0897187318952631,0.0851023135548047,0.018490875451468807
0.2170055903430388,0.08735898563002586,0.07652960303293492,0.049662554720567215,0.1142580851386457,0.07670451481950029,0.19809495380576705,0.11452252413227998,0.06586318837724023
0.04941235045254936,0.3906913658189401,0.12954953482240456,0.08179033776346173,0.07405363350163693,0.04460343181269295,0.14853668166347778,0.06972126941617914,0.011641394748657392
0.18807554425589404,0.07647544932179436,0.15683594605823992,0.0310882099893072,0.08138774280827381,0.1374847467630396,0.08325235283412612,0.13488685737872844,0.11051315059059658
0.07710448685056016,0.0715202057884712,0.03988928749116493,0.12165630469907356,0.18558460983074188,0.08130618104067663,0.1796938357562501,0.13568349862322404,0.10756158991983754
0.21998327549644056,0.03817240037321171,0.03692671002749261,0.14156948362808267,0.10223753315242616,0.06207046280293139,0.11236987899835871,0.13599930465756024,0.1506709508634959
0.04595401801210461,0.03439185724547869,0.07252700770950855,0.049969702096822936,0.09124555742914943,0.37743769340895766,0.15607646990872606,0.09114724703553834,0.08125044715371375
0.05790201220803395,0.07510468136011915,0.158091867377538,0.048115724819422,0.21217385792990773,0.09319315395466492,0.12305099774261626,0.15562212423717944,0.07674558037051857
0.08734142626586128,0.021832439594839867,0.06638903496254303,0.10196128148026778,0.07178733232020483,0.21141465979952448,0.0479848016279013,0.12075396924711666,0.2705350547017407
0.12715669717803055,0.06896087496970217,0.05800695954477336,0.10639558851510438,0.16039568663229606,0.06537852345569306,0.1385704936931872,0.14877503590678784,0.1263601401044253
0.08662514952776405,0.10530713624557043,0.05996185278014996,0.1572517156763569,0.09265939974396348,0.0663128093959484,0.19064572617200756,0.10702796530647586,0.13420824515176336
0.18860433337037583,0.05279632162362774,0.07682549713027241,0.15284696056000346,0.13199157152950758,0.06319625509778967,0.08176158605343788,0.12142822955906112,0.1305492450759243
0.16926472278975746,0.06679011729117812,0.12217382421080729,0.07931453631461162,0.10679426490455474,0.07431567324023287,0.09743138399952801,0.15881842586219266,0.12509705138713723
0.07260883577394575,0.18137582449954745,0.296989214992552,0.10411987946536085,0.06366370326795956,0.06697195015675562,0.09547942618653682,0.0913438104474994,0.027447355209842483
0.0996674057507455,0.05194972471482414,0.08010245347916335,0.039432173825625756,0.12742149587853982,0.2331653599447767,0.19930057210053545,0.10546901422691117,0.06349180007887807
0.08696376244078514,0.05155294569544364,0.11736048922429176,0.11561793835854543,0.12202454916127059,0.05423290948447982,0.21581994695316678,0.11862512200592501,0.11780233667609182
0.057212287465283305,0.16869433951648052,0.35417107083553595,0.06036790506177925,0.07614410113004914,0.05551329801477947,0.06466904329257858,0.10744166135730315,0.05578629332621057
0.13663655840866926,0.11666029952077127,0.1281689019700547,0.06683517701749231,0.09495538378206785,0.09749538551273629,0.123822280191679,0.13363788733324208,0.10178812626328726
0.2201456090919839,0.04233112721738267,0.11205326823520763,0.17606312548101122,0.09441558193379439,0.07240509083747264,0.09306631304486206,0.12318231962892871,0.0663375645293568
0.071233185485908,0.2395334950569077,0.3009607368438258,0.05332089657954767,0.07333272968716877,0.06528635344252409,0.07896029438269482,0.0968276062283469,0.020544702293076214
0.08529771381403813,0.12498883385524535,0.10843857937528423,0.027370333170597453,0.1843578112329124,0.06655166096171854,0.18630024848802063,0.12085441748253005,0.0958404016196533
0.024218881951755613,0.06742849566501717,0.07208752092330849,0.3761910684186273,0.05043891467501866,0.09126226405730842,0.13195123962326186,0.07648053018906374,0.10994108449663886
0.22605633439582437,0.024779268895723256,0.09835170420029538,0.13359291208289673,0.09636084095565663,0.09205440092907818,0.08186763305780452,0.11385381869426565,0.1330830867884553
0.041889986962341134,0.1568809350239498,0.2829346453102082,0.10589356008569066,0.07662478006444126,0.04290980447074197,0.13159654477992253,0.09120185144335834,0.07006789185934609
0.05090852892362737,0.05968416625157019,0.17798510111802043,0.22037682791573568,0.09997036061219056,0.09260035524183115,0.10779013000062222,0.11667676230279984,0.07400776763360246
0.07179707313869647,0.03438156385486805,0.10045520979685962,0.24749709655670926,0.12404714990849626,0.051753933149283914,0.11307579786240844,0.11518375282322746,0.14180842290945048
0.14954273081708405,0.07681898551166859,0.0432649043745744,0.19429538818598935,0.18509821521980505,0.0829324806739049,0.09441255781661395,0.12053905982099433,0.05309567757936524
0.22908200625951158,0.09927257889539232,0.047470969005259066,0.12147246910537308,0.08897825382836799,0.10261403239275875,0.13603340217029564,0.11988445953614936,0.05519182880689221
0.17670620678541785,0.05752187226828046,0.09595438988062327,0.0976151017128441,0.13170407910078888,0.061146888472620065,0.13418969246495246,0.13518652938513973,0.10997523992933321
0.19084685068705606,0.05751363562057799,0.05060843908972362,0.15564055788556935,0.13601253818246967,0.058889170599386365,0.09329262145854404,0.15076537866020925,0.10643080781646364
0.2147584254671595,0.07480617890243653,0.03772805530521209,0.16502928640387216,0.0941737808566741,0.05431067882678312,0.14117288473034043,0.10056950732743149,0.11745120218009054
0.11466382303292183,0.05731537498680872,0.1698489038928408,0.15231384991603006,0.10847999765643178,0.07668180122196476,0.0896408501530544,0.1334171277099684,0.09763827142997912
0.08907334133559137,0.0931112162440358,0.27120897860061044,0.15654403643934803,0.07791670443592696,0.09373788001043382,0.05029763813959306,0.12107708304567372,0.04703312174878673
0.14790202292710022,0.029827468820251016,0.07623295521423724,0.10098335626227518,0.10536996955636783,0.07630705523574274,0.08579934037509886,0.1322014794741575,0.24537635213476938
0.2147584254671595,0.07480617890243653,0.03772805530521209,0.16502928640387216,0.0941737808566741,0.05431067882678312,0.14117288473034043,0.10056950732743149,0.11745120218009054
0.12953001177174586,0.04953986162682303,0.15132764563796727,0.10758341678148596,0.12533764204038803,0.06300569547369712,0.11895519795037413,0.1462727803943268,0.10844774832319176
0.16991660672003275,0.06901940931231436,0.13669206230827216,0.1051162746548185,0.09312575033276059,0.09285766454454843,0.12409754857119741,0.10777996559196894,0.10139471796408685
0.09652596563864364,0.03192060175136365,0.09683667331618996,0.13817486061498327,0.12131245946229047,0.055067334950574504,0.16803629630444608,0.12039975699271417,0.17172605096879423
0.10771804114101724,0.028653069817645944,0.04914355355422906,0.18640551640844163,0.1509888778172799,0.06564823515669875,0.10235019481954938,0.12108114948711139,0.1880113617980267
0.07501159442346149,0.0990004017787629,0.07995219210026577,0.10643722333456222,0.11465052992565955,0.032597206116127965,0.22875777065663438,0.10721361481052771,0.15637946685399806
0.05198104812005324,0.2052956818105848,0.1721541329622406,0.07034324110935974,0.08446703210275748,0.08658292817658753,0.2098197148421184,0.07968141754405807,0.0396748033322401
0.05514387473913715,0.1644475082415737,0.1544897814896772,0.08789367371099706,0.12161952037080159,0.05001982717051944,0.19381623508763282,0.11163020829053723,0.06093937089912379
0.058872052819562155,0.0730230295474611,0.060333515038178596,0.16702991873759573,0.17185764224438826,0.048113181816966534,0.1975731416371114,0.12046360702082703,0.10273391113790921
0.13145177685575435,0.11796804072520228,0.1356409891500087,0.19691393656398126,0.07812529488593077,0.033668725243477214,0.1687032329184238,0.07808972655855907,0.059438277098662694
0.06586147622391542,0.025157410159297375,0.14418097301023838,0.1802009770518116,0.06666192358198143,0.08870848629073085,0.11467798790733681,0.12667669952465263,0.18787406625003558
0.147094133960255,0.05134014031075332,0.08172341589644999,0.09882679313941067,0.13317443471576162,0.0787742678549756,0.10430200497243129,0.1331018054410736,0.17166300370888887
0.1437772565792209,0.11218580673392364,0.22080891852501486,0.1267508102085809,0.06770517688533378,0.028464301745177945,0.1304084958510334,0.0998379831599699,0.07006125031174472
0.20597218938754072,0.04052917725080484,0.07093387069339648,0.10171630209651007,0.1292196773128935,0.10777528948166452,0.09155399137796232,0.12813460370114585,0.12416489869808163
0.21124588222722407,0.06484376960205984,0.05245418103842933,0.07088399943038884,0.1703726866183478,0.10978601926294061,0.12331104483760076,0.1142977137583781,0.08280470322463063
0.06998103239867716,0.01956472631853654,0.0597362526702619,0.08559857811329723,0.10273616226792971,0.31075172071041585,0.15083559214334855,0.09884795525080377,0.10194798012672934
0.14183047009057695,0.14004615093931108,0.10765116555681438,0.13215231123113405,0.0862034377029967,0.05080120371951278,0.1909343727108275,0.09621881614878841,0.05416207190003816
0.10577828222018126,0.051628652030709675,0.10067671948191788,0.1364182633523738,0.11074044757465797,0.04508791023121795,0.12470097911632204,0.1284636673539973,0.19650507863862213
0.014477167916512613,0.27068574848829713,0.30554906335539994,0.1472848851330509,0.08794176442176238,0.03414389804909567,0.04337116920008525,0.07902565191884729,0.017520651516948812
0.15292992282226994,0.06799654981249025,0.13583543774273357,0.08217455023544559,0.10982529265774073,0.0573614755913481,0.15164129573930243,0.12740888112580387,0.11482659427286551
0.04893813281831299,0.40486226528473135,0.10633590901008011,0.022615483748755185,0.08182743056949437,0.04892481788306471,0.1758773610208287,0.08479755096230161,0.025821048702430984
0.10590497928938225,0.16308174240547987,0.08931427421554305,0.09823289869787966,0.11973906855835618,0.048588199646428964,0.20961117785919012,0.10111770004104542,0.06440995928669445
0.16950881974274443,0.04610365055168005,0.0567022601969225,0.1702571715049379,0.09209379239828937,0.10581128571406041,0.08490106592519359,0.1344225946263197,0.14019935933985198
0.02475474970621278,0.01695905902440226,0.04996844402503259,0.0399139721367329,0.061956752535017943,0.5586662410887793,0.08493745678340119,0.0863060320218882,0.07653729267853283
0.18328671462487522,0.07684352578849497,0.07696849810513609,0.0733949659443975,0.09095922018200088,0.06905914368151757,0.18083136358983032,0.11902039636364929,0.12963617172009814
0.08442136187894665,0.0338086439381262,0.059787858752198615,0.11465355151078961,0.07364425469784205,0.3910128408383942,0.11974228299399388,0.07350943521293869,0.04941977017677004
0.18523950160279742,0.07320006603065453,0.048146365238390325,0.15438476382985442,0.17091060181658205,0.0637623729061395,0.11655915755593727,0.13595996784916245,0.05183720317048212
0.07790224100498751,0.1816294090525673,0.1235571562604433,0.2007354130423593,0.10101994669502719,0.05161870196204413,0.09799326780043416,0.09692067656111608,0.06862318762102086
0.14860926194567436,0.10998977726509697,0.12330703708841002,0.1368331829814252,0.09506505425310012,0.05785705420889369,0.15994736571355275,0.09760431740545539,0.0707869491383915
0.06627125181707803,0.1556617482149192,0.2710885813947981,0.09500655843362243,0.08039611949623794,0.07531868043022878,0.10200171079706237,0.10681115838930844,0.04744419102674474
0.019140921975797896,0.1800666757219133,0.12907398213407237,0.13123587278921398,0.08256856183978632,0.08759793119971854,0.15486474896683952,0.10886144065037101,0.10658986472228706
0.22763066727244619,0.058611644756740015,0.08000439307739705,0.06974451247275683,0.1259662936202702,0.09485186340529474,0.09560325065241981,0.1651969408181697,0.0823904339245055
0.15158265498132528,0.044614654699397654,0.047732499515549094,0.22271958879411194,0.1027257381557119,0.07566707995959436,0.10124743692064257,0.12632566369657386,0.12738468327709326
0.2121103656825555,0.08900536964298256,0.052560740660721805,0.13508861793951832,0.12321021681083179,0.06084442294343325,0.126949585063179,0.1331279078174092,0.06710277343936856
0.11671028663780803,0.30468194827254713,0.15355061506195133,0.06910605137805305,0.07865253809950719,0.05601101428998517,0.11395110417059774,0.09116247454759253,0.016173967541957834
0.09925598520592328,0.16607052405178263,0.1275484477071416,0.04728936555718513,0.1277707970299367,0.03938539925877014,0.22174276085221134,0.1134186157138767,0.05751810462317245
0.10538680324361367,0.06840756882026086,0.0659542100996789,0.17667460397698917,0.08692266950545673,0.13442695042993635,0.09805263332276586,0.1355895436708582,0.1285850169304403
0.10188038524380698,0.18256781822098797,0.11101340730259494,0.039868187526348846,0.11465306023381287,0.035317329423224096,0.24229506726768277,0.10126814940928687,0.07113659537225475
0.03033443018769526,0.2311066680069317,0.3147115429538395,0.03268241358793172,0.10822091388211667,0.05704181631210518,0.07655113567569657,0.10114501324634267,0.04820606614734082
0.06276504531797429,0.052090608340906286,0.21255242406816718,0.3157376792042618,0.04818711799958725,0.09422916506013544,0.10891635921640301,0.0680064361085743,0.03751516468399032
0.13203340766114194,0.10344600820892193,0.025220004644402744,0.05744734078298489,0.14823172728098113,0.041837941148316925,0.28059447314899244,0.0919385027781191,0.11925059434613888
0.10416969384961233,0.2494906504028985,0.0873145770513158,0.07143351820324464,0.09242561354334655,0.057618008891818395,0.19635691325500418,0.10112392530005405,0.04006709950270563
0.09904255262416667,0.03171223926149829,0.15356097761064386,0.04285105888546897,0.08042691089876969,0.2585353005752541,0.1512251384971085,0.0979116259861793,0.08473419566091071
0.05968352396600305,0.2918660549531138,0.3000659374742652,0.04075174037180432,0.08922081864877839,0.04536291144441811,0.07359208524942909,0.07616578437558519,0.02329114351660283
0.056910889470275255,0.32161984898236806,0.10241487104900067,0.14073962944049143,0.10253983391351999,0.060528993019992115,0.10973862609621654,0.09349513237889018,0.012012175649245728
0.1532098587521564,0.09818113311461034,0.04526215985969975,0.1294565251258529,0.14416004818328051,0.09994235734372207,0.09434019638663264,0.14384839803926286,0.09159932319478255
0.12735933016379583,0.0992286339859972,0.08426640994730743,0.06773859071845131,0.12940231370010016,0.082024681988262,0.21500499354982514,0.13366433236681355,0.06131071357944745
0.13106984552092493,0.031429295784396134,0.15877933282802656,0.13246604247960728,0.13739326992261727,0.06270531613481739,0.1270159662663427,0.10454117615211478,0.11459975491115289
0.01877304600541285,0.029495674307017928,0.16873385406701938,0.22382417645011957,0.071225679706257,0.127441092981087,0.14041869625270373,0.07891550514528971,0.1411722750850928
0.12302671290812357,0.1736208054711661,0.17225189620133044,0.06575538973447785,0.09988750512826632,0.06253977846485755,0.11807549915593633,0.13026314551317347,0.05457926742266834
0.15642598385803244,0.34080050578296933,0.07932983546604883,0.06503682052619959,0.07898586910367465,0.043604252268332366,0.1505552156202896,0.07325654519830609,0.012004972176147072
0.20805149573593598,0.10112054409339648,0.11457243778695059,0.05751995607777246,0.11087155670192393,0.057055976586033896,0.15579313035777984,0.12994243478420794,0.06507246787599894
0.04078705163510719,0.22611931260844842,0.243375214739582,0.16537383990452909,0.05252006027633336,0.061550983087082727,0.12317205493205223,0.06773572127139989,0.019365761545465095
0.08100668968018786,0.4254866161643797,0.09961166766133432,0.02857588387712286,0.08008348520022703,0.06067700934193105,0.12217063091837914,0.08474058295669022,0.01764743419974781
0.17430080361533765,0.03568694020704039,0.07131543332065497,0.03940127599192351,0.07508294430921551,0.3413089004937424,0.11495817601650865,0.0803236693853488,0.06762185666022809
0.1674691615764762,0.0863442090095972,0.14801950103838127,0.0953013765702611,0.14361971973265922,0.07114363246485111,0.09285745496347646,0.14887976919370213,0.04636517545059535
0.24487801568898923,0.031182591160770812,0.07645077990876203,0.060653293790696484,0.10852381536758682,0.06513134836246173,0.10447477616127321,0.11622381563669933,0.1924815639227603
0.07549262596810026,0.07744471297913474,0.1679397140915149,0.046875397959953685,0.1819172384503993,0.08122961119583576,0.10446006923466118,0.15799023528421352,0.10665039483618667
0.19019269140313397,0.05927161017122845,0.04463208500375395,0.0981634722834499,0.12938272114007632,0.10632691468731803,0.11691417722385039,0.13453322570819934,0.12058310237898973
0.0994137064998923,0.06480022358660814,0.08772979959501286,0.18270939137253048,0.09595532489025582,0.0661966278954332,0.16002550750467923,0.11928824551134831,0.12388117314423981
0.2993667633181761,0.08003321817200364,0.035894900011938964,0.06220727605950035,0.1032253628346344,0.0927097026983074,0.14893331560044185,0.1131712074445463,0.06445825386045113
0.12649463616116552,0.05244035696174428,0.07218952542362873,0.2033471868103751,0.122600960008254,0.14241088858833714,0.07435006017662417,0.13909678178181115,0.06706960408806001
0.04419380719113617,0.17436450490407207,0.17409912820224038,0.07177714762036651,0.17938696701079834,0.06315541019019907,0.16378789643137917,0.09478500673502467,0.03445013171478357
0.15573114278492942,0.03762446247003387,0.050425489650990106,0.17702825535043895,0.10584917059249965,0.145708366045581,0.06552340195407226,0.13996222925184695,0.1221474818996078
0.10836009032457633,0.05132723458130437,0.13081574267017523,0.12802114040676382,0.13363203765322348,0.0758506525607949,0.07385830479063195,0.14869200718706319,0.14944278982546666
0.10531147453305241,0.05101615378191501,0.14008881963459627,0.0436679785142211,0.11594668847814436,0.04943615194490747,0.18832348338992766,0.11936623376421994,0.18684301595901584
0.14004275419163273,0.03290699714139675,0.052528879561979124,0.1562626615357521,0.1280727666477223,0.07626702394695821,0.09062135978207209,0.14205871848652374,0.1812388387059629
0.0847590074245723,0.14131507676821717,0.0670688900814778,0.1358107797011787,0.10708858869740463,0.07978761829856414,0.18066543317608583,0.10724576000809123,0.0962588458444084
0.12930284652887028,0.035343212336051984,0.06098920313499997,0.05522555757747677,0.11092477300413435,0.10081001739010677,0.12747522406966946,0.11391120713224219,0.2660179588264482
0.04279243747279849,0.04385148084213248,0.10703888226588891,0.2102292146855972,0.12262473657751609,0.058035541833515746,0.13038078039362389,0.0926570766060568,0.1923898493228704
0.213181990693786,0.04884406094318669,0.039667893459597224,0.03357620325882845,0.13541648852067353,0.08471588340972559,0.18834700337865254,0.10210717045745989,0.15414330587809008
0.08822950643661014,0.07942066936772546,0.04576672875076643,0.15615152299828658,0.0956937407174981,0.076455545959655,0.16934844157984377,0.14892211454271095,0.14001172964690364
0.08296900046074522,0.12123223600491324,0.06673790725395597,0.20388486628844515,0.13122981965610073,0.08170725585712142,0.14739406893570536,0.10017165406119484,0.06467319148181812
0.0993780637255711,0.040602049836958996,0.07567096333842553,0.15966956065601914,0.1512267188965454,0.12525023407605831,0.10149726292421046,0.13896100530437314,0.10774414124183791
0.1432139400895347,0.2321265843758532,0.1489868027497043,0.12866394806841233,0.05919214266035163,0.07065154132156794,0.09122934988300253,0.08925325900756521,0.03668243184400808
0.05265107326236387,0.2283742115623386,0.08882025015907392,0.027745184410049206,0.16793126609583786,0.0755164258524791,0.20191686345594917,0.10785357434594502,0.04919115085596329
0.09211244688602856,0.2540028655648037,0.052873464088138665,0.09653532511826297,0.10601829148801971,0.04447851963317609,0.20597592015708446,0.09206502220498684,0.055938144859498946
0.04586809383856869,0.42140890287303084,0.16185523896085668,0.025777140362121833,0.06219664910818754,0.09527180844895118,0.0657069444050369,0.10687855000207176,0.01503667200117458
0.10415446073614715,0.08199376190807205,0.08170265477236409,0.08653469523695166,0.1601226127858202,0.10796093731463981,0.08687203522949172,0.18256315036504134,0.10809569165147198
0.053173043585982294,0.03773806980948544,0.14588705403195482,0.11254569862851149,0.18239093117918528,0.06437222256319479,0.10376453626802279,0.15823459897692468,0.14189384495673837
0.05822889106902015,0.06136216437570575,0.1306824223439679,0.1481905173437457,0.14133925531868216,0.07053845133391719,0.17547740449940077,0.12837229699383734,0.08580859672172302
0.021687887366511217,0.2700535169473437,0.20833414877470105,0.08911371049548288,0.15279183377391917,0.04484649045452046,0.09243873515101286,0.10562295416705676,0.01511072286945188
0.18892925730625962,0.07159460720764693,0.055623277170080594,0.2119763991779021,0.0961877846808108,0.05327100538928953,0.11554461091840362,0.11568986219616502,0.09118319595344176
0.11851193352003624,0.07480482614139018,0.07979898326773903,0.11349797630669638,0.13283032837199918,0.05807487268434225,0.153158829846766,0.14603279683709908,0.12328945302393168
0.11646381558414988,0.31228053833957153,0.07593029481600955,0.026024611022107808,0.10363067912463346,0.043639423310088514,0.18346868138030925,0.10954679074509621,0.029015165678033836
0.1556171899118053,0.07626459783205682,0.08161483070814028,0.15519968817197669,0.12653897904165665,0.08752520203246551,0.1272599547702229,0.12031434062887003,0.06966521690280579
0.20805149573593598,0.10112054409339648,0.11457243778695059,0.05751995607777246,0.11087155670192393,0.057055976586033896,0.15579313035777984,0.12994243478420794,0.06507246787599894
0.16503514774817377,0.16651974706564446,0.09550817704898873,0.02945908239631879,0.1183960343474821,0.0417458073583181,0.17544179161359755,0.10083532887344461,0.10705888354803199
0.033692126851431116,0.17583832595576224,0.43268440857744633,0.026808152096256643,0.09199157040210143,0.03781508586669273,0.07323693441063034,0.08028377161089466,0.04764962422878453
0.14144744643706844,0.12813271641875038,0.1400340166425002,0.12000322542088353,0.08788524325132609,0.07863641836958928,0.1329835773589569,0.11668163241213125,0.054195723688793856
0.023035158833316912,0.03638683351895603,0.08925470660435066,0.2915038793706543,0.046508184240290025,0.1867120550372202,0.09782037548790677,0.0727010378359604,0.15607776907134477
0.1013206536373145,0.022630455054920288,0.04073301661794912,0.06442937340960593,0.12334315796413527,0.25866492028254684,0.19091871151042483,0.10226069417992485,0.09569901734317847
0.10650864856092251,0.12706958421335854,0.27843920722029525,0.05154684311458222,0.1133538981908236,0.04939297111705938,0.12957534504683912,0.09172606029594282,0.052387442240176475
0.07573508698286065,0.12717811502569043,0.15365247561244302,0.11516467822979347,0.05614051086603868,0.11491666359809287,0.17516877444221035,0.08263407687404005,0.0994096183688305
0.21354699945661004,0.10512295709252799,0.05448584493588419,0.13015351192214356,0.11454955202768617,0.05918436242449356,0.12357710697636065,0.13023063789920744,0.06914902726508644
0.08801948600246712,0.13166651622955275,0.3300812614916438,0.07590039686289675,0.08347631480464256,0.045382015025022954,0.10035556000090606,0.09731769149354785,0.04780075808932008
0.06416008258651347,0.07769989044879162,0.16023071345589035,0.17578774772468067,0.06834010594851046,0.12090877139037459,0.10995409511241565,0.1176317257065728,0.10528686762625034
0.15254945255844635,0.08194658044018505,0.07598454312912635,0.1604007616855546,0.08348926974745485,0.06155135837841349,0.20308997717634833,0.10638635773654632,0.07460169914792476
0.12833331191524636,0.012953319251408052,0.09868063485933454,0.08927250530713904,0.08731512162235967,0.05238018794222513,0.07687225210652313,0.15939462393913828,0.2947980430566259
0.06998103239867716,0.01956472631853654,0.0597362526702619,0.08559857811329723,0.10273616226792971,0.31075172071041585,0.15083559214334855,0.09884795525080377,0.10194798012672934
0.04440209642556916,0.22790777137703952,0.11880112873873405,0.25990755562690027,0.0721199606599525,0.03572125539888261,0.12054919696439388,0.08063866888774911,0.039952365920779
0.17431405022049903,0.18851407485489202,0.07394034919401081,0.03947657256812703,0.11225983826903452,0.026265574046752272,0.24823215753287378,0.09157161393837919,0.045425769375431434
0.1913403639691883,0.04308014201710988,0.07416060537014425,0.08604856964961845,0.12597198719188193,0.05241211015921839,0.18635465594306191,0.11920265351152286,0.12142891218825408
0.23935541373769817,0.027036115387564286,0.04440309815778398,0.09156476280944975,0.09145320943706407,0.14675577164605166,0.05565606794073521,0.1358123287381062,0.16796323214554665
0.12738394612701245,0.06175816779591936,0.11430194989713077,0.18962465588043564,0.11047547538467124,0.0871089681676933,0.057538434654698635,0.148997003488486,0.10281139860395251
0.04147584949376003,0.26615215477570936,0.32672853156267156,0.0406915586712173,0.08740748200286973,0.04837823108418402,0.08007015668310065,0.08484157579492463,0.024254459931562652
0.14146852549192993,0.039638936786664185,0.074231146472174,0.18305216192797547,0.12030702945811511,0.04419221484254091,0.12533756775895613,0.13281763811609018,0.13895477914555407
0.0777130275064382,0.04955901887595626,0.05854432217303083,0.19525500411849994,0.11000156817115375,0.06324053999174274,0.14812999472015395,0.09760505057206037,0.199951473870964
0.060102520563222316,0.17865283953254144,0.1884138846592145,0.07059227280806116,0.10245338541571526,0.05690761473179053,0.13574071412344846,0.13938932426619893,0.06774744389980736
0.20126502807842817,0.10569127844072886,0.044155142020620784,0.14148952737894457,0.13929795430788353,0.09570054188315713,0.1134853723911697,0.11435399441445997,0.0445611610846073
0.13098939711579366,0.06326391057572252,0.1796342338710244,0.13152983165764168,0.12350347763986606,0.0863103261868584,0.08597329487244519,0.13887694717940463,0.05991858090124339
0.07134106846733955,0.15556431015993974,0.28484871756895364,0.05007208518798579,0.10477270135494406,0.07088721241971874,0.132372027522952,0.091155393918944,0.038986483399222525
0.14542054271369875,0.12128941427430495,0.07835464814693045,0.08377372303548025,0.09017021735421311,0.08142697070465278,0.20075796603140542,0.10332143684401975,0.0954850808952945
0.05385972394337737,0.056011052210911426,0.10345042004316334,0.16312372637196917,0.10714323401601977,0.08650899443048725,0.21144003755319965,0.1165488996332142,0.10191391179765784
0.10782997143048874,0.06456358817765079,0.13517533808732626,0.11622624877676196,0.09739409387177866,0.056683548486363255,0.22359109027759783,0.07812502120612291,0.12041109968590953
0.018263785100762833,0.03926956618422015,0.20058199488879483,0.0744698952669497,0.07294595538609011,0.3529586066083747,0.11899178625309181,0.09055325321781978,0.03196515709389617
0.19869358284291383,0.032916905239012605,0.08098501125089887,0.0865801616909405,0.12447990381260261,0.06113628490138029,0.10862149855866116,0.14176765248134923,0.16481899922224086
0.05772890458177082,0.32073347560804205,0.08494775519026328,0.040176656091355144,0.11747359947706042,0.04002278114214302,0.19001383609092534,0.10473876874536119,0.044164223073078795
0.1809657458667683,0.11498940539757534,0.07024064351603126,0.09328237976682852,0.12246033980725442,0.05800930995297653,0.18542645074535827,0.11348899063595352,0.061136734311253806
0.07993904894065594,0.019127767728940252,0.020292375346331878,0.09049889098208715,0.06700243846050875,0.39596482228815705,0.11856901954013942,0.07397207838289203,0.13463355833028756
0.0836559201089148,0.036882448353755044,0.1477686706988199,0.05166010975247204,0.1716037806201086,0.05565391728314184,0.1433159594893824,0.12411045415601231,0.1853487395373931
0.025109721034053494,0.3665073476463672,0.25772879736303234,0.035065281801438655,0.06650275193010739,0.041109944008582935,0.09773055256723621,0.08193347055817254,0.02831213309100919
0.10557571134476455,0.17474526514414487,0.25315839389519,0.0912568016371839,0.07833701002333869,0.08443307999500636,0.06687748098888746,0.11505924492734777,0.030557012044136314
0.11934758325086013,0.03865165787181433,0.23052105048788088,0.09635393740236091,0.1146059183626369,0.04731907128221602,0.09687072951499386,0.10115526668805386,0.15517478513918312
0.04835733449791452,0.014739688297763967,0.03024449389268402,0.1603255032560575,0.05798439789522306,0.3251467166437208,0.17481314685235896,0.08381962639925326,0.10456909226502394
0.057545763628332657,0.06948799588000576,0.10235383227253132,0.16836153399178064,0.1176801286506499,0.08487693115104196,0.08505654706669163,0.15878150768849134,0.15585575967047477
0.09009009060377356,0.08470980878902794,0.062111001706297346,0.1613704774196005,0.1513949688831758,0.056214838345098044,0.21040516644352536,0.10492184132545719,0.07878180648404427
0.16572530266592087,0.058613460233730486,0.05493232277229227,0.10285088409514825,0.1490160589648789,0.06069804780691035,0.14635210438889132,0.13096265266540008,0.1308491664068275
0.1634133394424503,0.03929385014157031,0.04921530913340721,0.1638994130536354,0.12177011019393817,0.06290888483911708,0.17909098186484976,0.12066657332069919,0.09974153801033259
0.22745141266790117,0.09956927775426799,0.07311822118713045,0.07780621923173857,0.11246213591885222,0.06539442042659983,0.13679095047610637,0.13111543963391661,0.07629192270348678
0.18336129275960855,0.07568966605662668,0.04267913319548781,0.05259708530555429,0.12330004460926829,0.10919100175618006,0.18468255067284264,0.12016179755780088,0.10833742808663083
0.1124689179318882,0.3349575403690029,0.17485248795936362,0.07290694960322738,0.04687739054791034,0.053040131945616575,0.09979907473798584,0.08521410644601805,0.019883400458987083
0.06677323696687133,0.07775890742015924,0.2555897511097171,0.07491740403916439,0.1429360158040008,0.09991977742479378,0.060991132313415915,0.14495374897865845,0.07616002594321901
0.10643321242252816,0.17753238225215387,0.056301090552255795,0.028793368134227684,0.12689816603580595,0.12772323634801394,0.19833191339581538,0.12512514336477323,0.05286148749442595
