0.08268542874491369,0.12549446613402984,0.08370899732530247,0.08405364987825283,0.05087974617692734,0.16395458605472749,0.09024247076269128,0.1923879694161493,0.12659268550700578
0.10577714493825156,0.1017370245452523,0.11547567746717198,0.10016733826089182,0.11263900583655694,0.15246642071983826,0.11208885083807445,0.1055585775765523,0.09408995981741042
0.10724354471338297,0.07479730737871654,0.17115381844867864,0.15421499741728056,0.11348386089743633,0.11729694940390911,0.11905044629249295,0.05680829598553191,0.0859507794625709
0.1047230108140836,0.09562325635065028,0.14454444062929578,0.1070849170386502,0.07092630595618378,0.161138937108485,0.12376875317678238,0.08633523744853051,0.1058551414773385
0.1070747893564229,0.16533455163766986,0.09372026400247746,0.08918137139372462,0.08735580923938173,0.0961833334256164,0.12622572532933504,0.08486063317808996,0.15006352243728197
0.1160610111560476,0.06785211399439815,0.16069576283010284,0.11323227205747159,0.10994722713619655,0.08645327324544212,0.15376393978433747,0.09179385903503744,0.10020054076096623
0.1153905503587954,0.08717962914078962,0.10328084394721371,0.11285957662332864,0.08197902940807322,0.11412973574975095,0.12732725593167787,0.12299099295422612,0.1348623858861445
0.12699525621526353,0.07895042340365409,0.1938152982229504,0.09405284684336755,0.1867573067172658,0.09945296997907392,0.10046258445573619,0.049306309354658594,0.07020700480803
0.13370841280930307,0.09303274732596156,0.0765001233557906,0.13841964103985424,0.0777120664016097,0.05898599510648667,0.12185651189130427,0.18583076300717327,0.11395373906251667
0.10089302741631823,0.06095070468546162,0.1821241448421627,0.09806615331036335,0.19040035177977957,0.104665451724965,0.11112741059286374,0.0711274059960658,0.08064534965201997
0.11836766520314997,0.1128742516767907,0.13209432618060266,0.11108246606954818,0.15352882773404175,0.10133821089786765,0.09479261557148926,0.07704487608176357,0.09887676058474627
0.12482461190789816,0.09123626806730556,0.12814423136199762,0.09529961567805988,0.15782812848177477,0.11114405222918954,0.11338237326349342,0.0711821964943662,0.10695852251591487
0.11654281013044925,0.09458581910730683,0.14666403826957364,0.11715296206979664,0.1659016445348159,0.06886828205461441,0.10695036766159545,0.07663007298444702,0.10670400318740088
0.13988513660180893,0.10122781996947083,0.08233087798471798,0.09602313565823624,0.16626827583959056,0.12231884329475491,0.09878983643494804,0.10649706000745096,0.08665901420902151
0.10891765321541413,0.09593552015203,0.07402630010872638,0.12663830470362372,0.06593514777909408,0.08147196417685348,0.12387233698491988,0.15850797202880315,0.16469480085053526
0.09585189163132231,0.08150158985425116,0.1387012786406005,0.1044693097135279,0.06910323664427687,0.11406692005741066,0.10966584648377231,0.14155134664032762,0.1450885803345107
0.10286187870179331,0.08210012064417749,0.13660937485267244,0.10637464209776858,0.08608546520330607,0.14998139014082812,0.11233565932902784,0.12719599092247735,0.09645547810794881
0.10692242387928859,0.15380689484641322,0.04040716251279718,0.09283832760542465,0.06959355222024549,0.05025505108020003,0.10179767617962894,0.17814644932050383,0.20623246235549805
0.17090318753590075,0.06330823111281163,0.1869647399147396,0.09483249060921968,0.17940161737099178,0.043047574328397675,0.12944061190621717,0.04106662866017365,0.09103491856154805
0.09418664932725351,0.09403475735337648,0.07724661281397321,0.07738582173323902,0.1671304802966347,0.15127093624076737,0.09528802616598657,0.15949861005669042,0.08395810601207875
0.12804046920419407,0.10569103296608125,0.07733434479619104,0.12200343152316839,0.08300436640995575,0.13988738261554182,0.11122663478810547,0.11402509009033468,0.11878724760642756
0.12278378972599119,0.11088599675251885,0.09881907582786927,0.10358017945146836,0.14761951930637582,0.11647401132311326,0.10508705908615697,0.08889839895431183,0.10585196957219445
0.10594815060988365,0.0838676884119558,0.09586542468543179,0.1391589545237024,0.11408273819653525,0.11103414758095942,0.11671475559116866,0.12503670076045972,0.10829143963990329
0.12368539894862286,0.09774999841778824,0.05894030387098253,0.10013460216901136,0.08382211386042165,0.08573532119070859,0.13233430412417077,0.14919757369987027,0.1684003837184238
0.1174179371934082,0.15307457726881302,0.05266986472037264,0.09775992031960563,0.12294558026038697,0.1170678346468818,0.1208086303287476,0.09823287253075735,0.12002278273102673
0.10741597769504903,0.07440371941382648,0.11014115246200329,0.09705146971405448,0.10384149827284676,0.1334365026381437,0.10740380180887747,0.14541867077116852,0.12088720722403024
0.08484349432429082,0.07054326629562645,0.21186379846262682,0.09006263108766945,0.07268345434185851,0.17043017299979882,0.13353685487825065,0.06830998642162693,0.09772634118825148
0.11974797139014715,0.1250579342883956,0.05531040380384956,0.12043145580161137,0.08950058054573906,0.11777272704226356,0.13062593140124928,0.12612999262957134,0.11542300309717313
0.12585437118063011,0.06415266115070307,0.0811974667573853,0.14018650568997643,0.1500431742298518,0.063316314360574,0.14060280299555766,0.1312147722246301,0.10343193141069151
0.11067960744055579,0.1675374203780281,0.08425887033135047,0.08513504241312252,0.14117852374938508,0.09861913987722361,0.1002328885182137,0.10509267942848528,0.10726582786363541
0.10449207103705725,0.12302326436620752,0.13398959280016118,0.09569917722238491,0.14105339033018938,0.07018315070927726,0.10382050076266046,0.10934460465458955,0.11839424811747257
0.1267967349526046,0.07097320717029255,0.17946216917216326,0.09303388593099092,0.1452694595239706,0.11406611312879851,0.10491826844159023,0.08321183767087043,0.0822683240087189
0.11820242326257761,0.12248205777504657,0.07702383006366366,0.15304842931996787,0.10082966254512594,0.12646388678304651,0.1037413444239697,0.095289976845144,0.10291838898145818
0.11490143734583164,0.0750308193025679,0.157896439359022,0.09800386058326505,0.12250827287374122,0.09345703910593173,0.1281959049134158,0.09977506370616479,0.11023116281005986
0.12586854301587072,0.10777509238150251,0.08756668004563256,0.10590677263107362,0.14785045868283056,0.14022920249638787,0.11873807304444874,0.06378563256734847,0.10227954513490496
0.12749122972189464,0.0951561575499204,0.08553698668739969,0.12772188877672844,0.10783460582164839,0.07538125805820362,0.12351269572211195,0.08676328005303839,0.17060189760905453
0.09027978747409508,0.12381139315784319,0.08908283175972732,0.1345223453025165,0.17742654567317553,0.07274313980936929,0.10021403915611264,0.10857321387038503,0.1033467037967754
0.11915554672523328,0.07024878821354733,0.1599531529363125,0.10655457943127476,0.1603328174751216,0.0908168165131341,0.11349238757924875,0.09683689963613597,0.08260901148999178
0.1326802545964304,0.08577787566815841,0.09681434337735913,0.1398257788886409,0.14787202097978627,0.061185296625832296,0.10825905880762653,0.10000182653537353,0.12758354452079262
0.09601929838363565,0.10544884641780494,0.0648629254417821,0.09173845301110807,0.10883827993090862,0.10056668188762317,0.10654107265596602,0.19755918597688826,0.12842525629428309
0.0995507635257767,0.11662438489549205,0.13551029648976676,0.07819011178992243,0.12192948155608951,0.1725501333583682,0.11696971496005625,0.07973475240112919,0.07894036102339895
0.1130472275199882,0.12034484220987668,0.11347836825051989,0.0993684760797058,0.07519281734268739,0.13694258507982626,0.11764862726305049,0.10427117116409883,0.11970588509024647
0.11541745955737266,0.11868794550974292,0.1030367486491155,0.12165248350558718,0.0838112444660485,0.08912990063900617,0.1184899129403818,0.11138865931372588,0.13838564541901935
0.09595639812506894,0.09670904117867866,0.14731038631993285,0.07669033329860715,0.10819705905204964,0.11901711538144323,0.1263708018797961,0.09190590138151172,0.13784296338291177
0.1139938812164646,0.06831766563418823,0.18254672539524605,0.10426535325424546,0.16583680605666892,0.08113396355771745,0.1279742791482258,0.06486608492608172,0.09106524081116174
0.08953781518125288,0.09141310144505098,0.1636571458009515,0.08257477770136905,0.07953383189075502,0.1205771032347952,0.09849065120881018,0.12292263790495317,0.15129293563206211
0.1309379865732706,0.1557248851191114,0.06985616564925763,0.1569007396009632,0.10055148789360839,0.06647298866883344,0.12142833747307752,0.0901364512394341,0.10799095778244361
0.08566828141232863,0.14347433085378364,0.1429578033627583,0.0645868081276076,0.1383961224516174,0.09729468847292604,0.10937183124890248,0.0892311088368888,0.12901902523318723
0.1166619241644505,0.16655001320061186,0.10066149378828178,0.10797422405801456,0.13543057848540388,0.08252034331231932,0.09405380912092516,0.07650131655413638,0.11964629731585663
0.12280075115432458,0.14156454004012983,0.06383000938787135,0.13034529857242477,0.06973506071927545,0.1308336006265066,0.12290302840989935,0.09891420773226128,0.11907350335730682
0.09828472866643817,0.1710754861833422,0.08622190773034476,0.09435160173483258,0.05980857081665634,0.06475637431921634,0.10131635670513615,0.14519364831394524,0.17899132553008823
0.07759221311500364,0.17538201626771074,0.0636133511248599,0.08295519653736058,0.057526357690774355,0.12866875643884337,0.12104049592140059,0.08849603702857915,0.20472557587546772
0.09261066158316787,0.1469551948970146,0.048477707149527975,0.11167309936486303,0.060234880376310466,0.10089690404532263,0.10774151478846201,0.21102100989636682,0.12038902789896462
0.10082307547366536,0.1302888967355398,0.11809272599265948,0.09238848679952066,0.1292429071308829,0.13739655724109154,0.11539141120941966,0.0901563293904669,0.08621961002675359
0.10457046866565274,0.183672400931201,0.08559634961406558,0.09357052158436391,0.0904767687602877,0.12577884847927648,0.13207042367729915,0.07168282000173998,0.11258139828611347
0.0853139166651451,0.1998995268895661,0.11946291979783914,0.07598726205101534,0.07754363745487398,0.10637522740844092,0.11135336944639458,0.06594625561660504,0.15811788467011967
0.0854275536785551,0.08444935858236925,0.17204949080277912,0.102391736947982,0.05111004568937209,0.12264460410914448,0.10961660876904479,0.13488672409135558,0.13742387732939754
0.12324098889019142,0.08889076548553461,0.1321638979775863,0.11832197530101478,0.15112356296987364,0.07740512084450246,0.08751675413839005,0.09858688913490542,0.12275004525800132
0.11770850048538677,0.05540103369405621,0.14303697312763797,0.10584489785714613,0.2326428202508027,0.07339070458784586,0.12410654389670296,0.0708126059689184,0.07705592013150302
0.09086847987745887,0.0993690307617293,0.1728751418322897,0.08891063084121453,0.07797478784034002,0.17615875127753267,0.11419201093372061,0.07470934477296043,0.10494182186275403
0.08723809455890182,0.26513010526465175,0.045236391206308846,0.12102602654482496,0.06889526636643577,0.030203643690014884,0.11194532031624792,0.11996153491903733,0.15036361713357668
0.09930551266779297,0.07681403186764098,0.1628571794784653,0.09094371753867829,0.08084497534298087,0.14578588605242773,0.1287140939613063,0.11293934858528198,0.10179525450542548
0.10744923034893204,0.06829879095844049,0.11979289609932753,0.08455998203070457,0.12548938077406038,0.07314462680534548,0.1620916084931857,0.1480790049480989,0.11109447954190498
0.10308022336460282,0.12667217904649453,0.10568655054887348,0.08849216060973852,0.08369601524003689,0.14056828473334185,0.11610079093532318,0.12122002946898673,0.11448376605260195
0.13702063755804308,0.13188903678550062,0.11714924448337145,0.12979429625877384,0.15238344274893334,0.06771547765584672,0.08780558356003836,0.06774119654508166,0.10850108440441093
0.11138906325118499,0.07499397807524459,0.14289506748783776,0.1390685804315065,0.09588930386395726,0.10076234101944274,0.10221220076572883,0.09574095057280574,0.1370485145322916
0.10493941949328141,0.07665269769213369,0.08090098440836241,0.1337100244297031,0.06453461813803693,0.10880836151812834,0.12771379740133856,0.20133887269353956,0.10140122422547602
0.11154307277836302,0.0781303841569609,0.11773939882416061,0.0950158309211409,0.18196793064569727,0.1003958422219126,0.12348027589275196,0.10707736708754634,0.08464989747146638
0.09440063268930236,0.21917792652258025,0.05999542239678057,0.06826143898552127,0.1706167389621646,0.09909279670605875,0.11927317782771134,0.07966255858275527,0.08951930732712558
0.12724155339619056,0.07664795250900745,0.09817613155021798,0.11476720439265597,0.20354947772613433,0.04887053740696917,0.08601630080599416,0.12228290093784584,0.12244794127498448
0.11430293743185337,0.0720890029379692,0.18501542263122817,0.09483738230808726,0.10763257064180833,0.10882319593085954,0.132135680762967,0.06832137783569445,0.11684242951953265
0.09463530124252838,0.09877943790934161,0.12770637565587717,0.09139119553096546,0.09621634109067408,0.18198113457513865,0.10749952669307701,0.08301191355833724,0.11877877374406039
0.10958727592055313,0.09186996369448659,0.11373225699287699,0.11600843237945065,0.06912177156937475,0.11563081616302136,0.12387428340602254,0.15590526878764321,0.10426993108657062
0.13088938214873413,0.1332448282923948,0.0616956969838226,0.11693994960246158,0.14179791119296103,0.09185982274936098,0.10520567158179384,0.09981614025864387,0.11855059718982726
0.09831459292091164,0.06652661656733193,0.20271524353824596,0.09089464926731612,0.09200806849179644,0.10030101128718794,0.1262907432731947,0.11880876421265825,0.10414031044135696
0.11945100330584589,0.10753406409726074,0.13151576551985303,0.09558001524147523,0.12345753204022382,0.07520946811972189,0.08856547089690242,0.09634849124928692,0.16233818952943005
0.11752694591487717,0.07370797950428729,0.2179010209577242,0.1306684133232168,0.13572636594659548,0.06276419651983374,0.09632607149657622,0.05638081431944933,0.10899819201743975
0.12655926116482955,0.1191394446240952,0.06947576899091622,0.08355726518293409,0.11698254466708191,0.06094365643767363,0.12624284857762016,0.15343511989345116,0.143664090461398
0.09494277899656801,0.08140939585041555,0.07702431146726614,0.13693169944039021,0.0579031049893415,0.07356337823838993,0.08955552006354366,0.257048448117775,0.13162136283631007
0.08503888367074364,0.23516794815028094,0.08066723776846317,0.09620287758006274,0.1429707746701043,0.09061429760161382,0.09873468545247681,0.08421392308500887,0.08638937202124564
0.08640702315678948,0.2126110206591215,0.09016071785857234,0.06953394175450324,0.17960989433335275,0.12411070731403988,0.08897106068264586,0.06715475165777214,0.08144088258320274
0.11289407695617094,0.09471417940713107,0.12263583598884487,0.10246502099677497,0.0918636534790943,0.11427184944750975,0.11999620187097991,0.11477777829212897,0.12638140356136518
0.10387267298376578,0.08834121085756948,0.11370828758534811,0.08352058709766251,0.1656943720172887,0.12449345977818294,0.11567736922732057,0.09474658225337086,0.10994545819949102
0.10422488251474903,0.11058027972537843,0.15116800987532997,0.09932361044226773,0.08285699475841524,0.14168647893111116,0.11602306607313921,0.08426100805296204,0.10987566962664723
0.10402661705572865,0.10312716717700476,0.1360819064582606,0.12411998486965999,0.08848752699863961,0.11624484358273801,0.10852580149854302,0.06795461345589728,0.15143153890352815
0.09988042138351531,0.11312092266846992,0.12806893982028233,0.12764886910901577,0.09725144958684027,0.1368543723227973,0.09989827302892629,0.09279522467462524,0.10448152740552752
0.12054113022445179,0.07239526801357425,0.14089952391443603,0.12328401049181913,0.08919273228986141,0.07823505861611685,0.1515075536739795,0.12400155851793694,0.09994316425782407
0.10789761379859437,0.11749254623998125,0.0928374094524927,0.0986491411853767,0.09441511287462905,0.12124845516652245,0.14234274041810496,0.06425990879117333,0.16085707207312516
0.09764427917896913,0.1406860485743984,0.15817672426588256,0.09858775268525118,0.08500899825295923,0.08937901259986046,0.09873453774462394,0.11284297002148976,0.1189396766765654
0.08113257571518091,0.11931680894721751,0.18637068407529186,0.06170890418929195,0.14966667556126204,0.17227520979052682,0.07910115726079274,0.05194148604258453,0.09848649841785168
0.10919569942859175,0.09935490973440264,0.11016447390834146,0.12521577066271602,0.07075610652494287,0.09905964329815414,0.11299636499408681,0.16000768148146138,0.11324934996730285
0.11563317196636069,0.0839964381951434,0.07001996535492704,0.10019820991478957,0.15269251538165715,0.07841613676116212,0.1201145378437749,0.17410618292383231,0.10482284165835286
0.10824590706021313,0.14548702247026227,0.07678505833327465,0.09907444236256817,0.08128383959390319,0.09708654238000465,0.13969557452976872,0.12766365281867362,0.12467796045133162
0.10318291008204739,0.1451985255842425,0.09062386211687734,0.13678308379114654,0.0571261814127334,0.10803789974070994,0.12458941293154972,0.10364107847817,0.13081704586252316
0.11659022052914549,0.1593086936251389,0.06085887001070781,0.11448143738304499,0.10379997654229317,0.10160100008070017,0.12081578797490537,0.08312925858937908,0.13941475526468503
0.09596451546720701,0.08070276471493854,0.08572046925943273,0.09923811216019664,0.11071693063040362,0.20295008579998086,0.10052310681560667,0.11724754378088202,0.10693647137135187
0.13010481160726386,0.1390561370422256,0.06656144653143871,0.11388820176357732,0.11015192947102219,0.0651608992213164,0.12527706574118058,0.08846974496326025,0.16132976365871518
0.11230418175862016,0.08131589159976342,0.09614843108320302,0.11246426537877459,0.13326562240192197,0.06682191542549977,0.11715010741859085,0.17023113776763435,0.11029844716599191
0.10406371691810402,0.08283725191868255,0.1338614649319785,0.12008069526559738,0.10390592172332576,0.1253344694758754,0.13400761964255212,0.08821895844437226,0.10768990167951209
0.1063993280467737,0.16357142914386877,0.12896000564835852,0.08348547411445062,0.20706443154987272,0.12166114812682811,0.07823274354861687,0.03830115957272819,0.07232428024850247
0.09821600390073752,0.11734308023835932,0.11672582695357363,0.09666899001647132,0.10787603220152175,0.1078151301693989,0.12969413968109347,0.08398084500146581,0.14167995183737833
0.11930216702732066,0.12526284537186286,0.05399243814991519,0.1183771701793757,0.07641569550579173,0.08718296227248318,0.10100739736140522,0.15706680178951277,0.1613925223423327
0.11102563489831045,0.07797449638060329,0.13534655261566997,0.10535521699653967,0.09439721700728863,0.09751989974616411,0.11995603713777059,0.13279021534637617,0.12563472987127713
0.10251682261746044,0.0698691314335859,0.17554836914080232,0.0717639024807554,0.10937143719295224,0.08134561650120085,0.10388688725899009,0.15041584613658474,0.135281987237668
0.12141237617723817,0.0983065900232493,0.12233907348179196,0.13310090692224436,0.08888627052795407,0.09876161219924738,0.1353493532982471,0.07630955142645048,0.1255342659435772
0.12439297137564893,0.1228575563109211,0.07757681257652888,0.11330685610459862,0.08503145849911535,0.11226384933262319,0.10895341048764869,0.11063459992339214,0.1449824853895231
0.11834912572959648,0.07711708057435225,0.12564240628407178,0.11976859999090249,0.168302615069566,0.07054527932873221,0.13168258990775888,0.09213520387856199,0.09645709923645786
0.08063601769006727,0.18058327296933507,0.08483686688346813,0.07225678080934868,0.05379107023550347,0.12200084794107441,0.12483352694969028,0.09714025614383308,0.1839213603776797
0.11475520839387293,0.09646066073497918,0.1884399168481298,0.09787559869398628,0.14460044302560368,0.0714934423543186,0.10873812534460449,0.04783947246679888,0.12979713213770613
0.13330813097607883,0.12596646457645364,0.09518137025758582,0.11690210421232627,0.10438981868855317,0.09555908619832061,0.10519786308192292,0.12586726981379306,0.09762789219496575
0.08052061149642224,0.12586353179639923,0.15972859827419278,0.09324669051425778,0.05688120382368244,0.09977262122488996,0.08482786464528631,0.11477386176554294,0.18438501645932637
0.08638366216607385,0.07929055995810733,0.2434711999386642,0.09754572298155378,0.07797596787727433,0.11623838771146693,0.08858355829352839,0.0993938001320317,0.11111714094129954
0.10296965703928769,0.07342363170168892,0.0737038047466387,0.10150042453504837,0.11374764754142512,0.09347128368139819,0.10772638513760573,0.24111987391947032,0.0923372916974371
0.10069291663442544,0.10268805441316693,0.2359793230332827,0.09942871697391181,0.08591850532534173,0.060129266953531324,0.12413017734371716,0.07730131744777576,0.11373172187484719
0.0941494149047596,0.10476919060559642,0.13798575174087824,0.10962242055217192,0.05823942672630836,0.1040230466460863,0.12223807985528756,0.12736952085593975,0.1416031481129718
0.12018344010675709,0.09144465559037046,0.0612373006056428,0.11819504572230706,0.06801043927059913,0.07922518545438263,0.10965975196569937,0.2157147246233846,0.13632945666085686
0.10973007754860038,0.055891419940188,0.14657071814080225,0.11113674674462053,0.15515688872048952,0.13697478500714286,0.12277891654877245,0.072723637661485,0.08903680968789902
0.10436436749985246,0.07710576809507355,0.12863636202557424,0.10776076857771642,0.12707923604473179,0.13323803324029246,0.11351972609198861,0.11138764641560617,0.0969080920091644
0.09392688780437497,0.0830699885334688,0.13963838421944194,0.11143636990617363,0.08013789115220994,0.10665512134179773,0.11804628891558323,0.11990787055902992,0.14718119756791978
0.09495067474560799,0.10546460951620491,0.05280771548238216,0.10351910294846052,0.0740825595401846,0.15002613318764693,0.09189053796157516,0.21765063527283682,0.10960803134510089
0.09681203470296339,0.17220967172540017,0.052179536914853865,0.0906797764846425,0.09547831785387874,0.11622345392435122,0.11348709344333997,0.13732487348042657,0.12560524147014357
0.1125548314557863,0.0782963370966215,0.056725989065135506,0.1014560631940447,0.1769406720653981,0.06673389928717834,0.11185283655097962,0.17143657374265722,0.12400279754219871
0.10176955511188163,0.10521775765829568,0.06562785169363533,0.10791683154770253,0.09082745851709319,0.13249428946191918,0.10507546487945696,0.17388789185914666,0.11718289927086882
0.1087277552718221,0.1013486216578869,0.1729301561725675,0.18399768900872748,0.05569672645160822,0.12329746606568963,0.11095274879038651,0.06216132580760503,0.08088751077370666
0.07873082575945944,0.13112836085851212,0.052881599735533615,0.06209281182125994,0.07051498392827034,0.10579436869219279,0.11187586450634295,0.1978496530885262,0.18913153160990248
0.11434358251992623,0.14583455466893272,0.08210541608632434,0.09937568503643485,0.08572180652878865,0.10898235859655332,0.11787294197553855,0.08429481321078042,0.16146884137672082
0.10261419239742385,0.0929050225071798,0.08990554674786126,0.11073188455366649,0.08591610792247371,0.11660179119008325,0.1177318611903893,0.1575381333410224,0.12605546014989996
0.10446039770962373,0.07392255835256493,0.06525838958431192,0.09893570314777418,0.11208555218779526,0.09236493125856458,0.11787483823014049,0.24385044539136605,0.09124718413785897
0.09886661716905587,0.15967550543780576,0.05167053055557391,0.06438864639041188,0.10419805434082764,0.17652335994087764,0.125789870071516,0.09657813843098961,0.12230927766294171
0.10975770345316972,0.16011094446380775,0.08611579972738316,0.11553913482090894,0.07683556980805441,0.1773549919683092,0.09794354656494468,0.09132949404505152,0.08501281514837054
0.0971851269881423,0.12486831638260376,0.11914277064912722,0.09276128598314709,0.10216542615019623,0.08023376681905482,0.12036214313892463,0.09877391158256894,0.16450725230623497
0.1435769485727189,0.14223064228830354,0.06528684881433063,0.12395135460107028,0.09626932595634131,0.05960855382618704,0.10747449313066738,0.09421084915414885,0.1673909836562321
0.10043536163291088,0.09671990607867663,0.05216927816503547,0.08179721194021859,0.1166396813036004,0.11458850538134031,0.13303611287041234,0.1753465180116064,0.12926742461619908
0.10086796979841024,0.10399329079487422,0.1511705757588128,0.10594709993239763,0.08755824768673781,0.09416050177202452,0.1197245586480632,0.0708596717440194,0.16571808386466022
0.12045613469170706,0.08257272172967131,0.11467652050001116,0.11786699497919179,0.15559637184461625,0.13921337328338257,0.09900656861367334,0.0763393728825342,0.09427194147521228
0.09157547042352554,0.2770437673702892,0.09709226818177157,0.09584531766217659,0.14944633482769012,0.039377850856148956,0.08267463324941852,0.06819359368967765,0.09875076373930186
0.0927746316944583,0.11618310025620049,0.16402242793360322,0.1065759622984012,0.05823181851599182,0.13915677380431923,0.10253546736673665,0.10162223572142848,0.11889758240886057
0.0912849967058902,0.10754950838513049,0.11352125010059012,0.07962776800232747,0.14150946522926647,0.14735590834150558,0.11880151455039183,0.0997504565764991,0.10059913210839877
0.12552565481195876,0.09499953357423119,0.1451228638549578,0.13348193184582527,0.13225019034096214,0.05952856681753973,0.09702629398683678,0.10071671258267291,0.11134825218501543
0.11346945249152612,0.06852912666644845,0.13631182374849954,0.09062312012765315,0.14990554725131447,0.11071695838522462,0.12634690203316412,0.09828116737831745,0.1058159019178521
0.09842152074359457,0.11516665969878659,0.0744504018276364,0.09361074474078512,0.10241826179238611,0.11582341571291914,0.0943248548471098,0.1940394978320156,0.11174464280476658
0.08527658845671593,0.20408500022955658,0.04474426744235125,0.09121924468804314,0.06056906889088954,0.17492949775299801,0.08270492648519806,0.11630535163770674,0.14016605441654073
0.10724641782532134,0.1308508541819933,0.06251175786475516,0.08651476423993402,0.1585236601906594,0.1348572797649769,0.09831727981604534,0.12162799307501027,0.09954999304130434
0.11793092358898476,0.104020044398952,0.06521954774623295,0.1303996876195199,0.0805095644668523,0.08989622940150603,0.09791892255716415,0.20469568881686193,0.1094093914039261
0.11977679112897456,0.11063929200470302,0.10689895199453013,0.10970383263901314,0.10757386914234722,0.09322089967347824,0.1025921929410556,0.10570638939703814,0.1438877810788599
0.0887865067163023,0.16989522711221972,0.11119452994945926,0.0892639712485437,0.09979786608070902,0.08417379001902191,0.10915883852645658,0.13781556976725318,0.10991370058003436
0.09323053387491209,0.0665406568520599,0.14004049536387347,0.09211515558871353,0.12742515864002624,0.14329557792311576,0.10027229850733131,0.1289974304812376,0.10808269276873006
0.11317268165830228,0.10066078362334947,0.14636334449753022,0.10402509964919547,0.11435739264529023,0.12628249627002852,0.11204246821349734,0.08116129450421204,0.10193443893859433
0.13497033440658002,0.1704864415828051,0.09004745391633191,0.1605806796813797,0.12360528364266508,0.043983596316288474,0.11095693996193716,0.07020898504911925,0.09516028544289339
0.09973810463736789,0.0761499190879119,0.11813525739003235,0.11354353245886382,0.0772515044359062,0.11119513408970233,0.1303044876648448,0.13989275015812952,0.13378931007724118
0.08892112224670486,0.13323785384126832,0.13362866664691944,0.09840508894243605,0.05630758624832635,0.11313168243794507,0.14679912608708726,0.08068055820092378,0.1488883153483889
0.11378410734558048,0.0870359182346998,0.12944069585444595,0.1351258243177673,0.08748817849918526,0.09517142931166267,0.1349156249278963,0.08374906457452437,0.13328915693423793
0.10374342039911415,0.08419141873422015,0.15397713312584768,0.10693418497555034,0.1318850314621797,0.11473635477587342,0.13744751700968105,0.06700423179042743,0.10008070772710607
0.09382108985161153,0.15695640530726,0.06610967209747025,0.10470918647272416,0.06902043126659567,0.13943516370734457,0.11795726348509988,0.08908270068200615,0.16290808712988772
0.10123086978069303,0.08590974434509013,0.18998523943447443,0.10284923382933069,0.08095859927049921,0.09636633813510052,0.14081817561326057,0.09718434845852535,0.10469745113302614
0.14282648184997715,0.07802131771079787,0.08266011701663167,0.145852811191264,0.12775336041001004,0.09778602649335616,0.10525768115866913,0.10583603298673426,0.11400617118255978
0.09985489553940984,0.17105135224368148,0.10446838223362898,0.08128257818340034,0.17344836143128925,0.11820017278964479,0.07100715573498023,0.09109300705825614,0.08959409478570912
0.10964507553786845,0.24241905248383935,0.07048186487201262,0.14359693697748524,0.07584867961462138,0.05009107127642177,0.10591273436102593,0.08664017977174483,0.11536440510498036
0.09777184063599022,0.21576103651323833,0.06607522492077576,0.06949109502762763,0.11209557330625303,0.09821926847500845,0.11124759084327036,0.08176175936647634,0.14757661091135993
0.11994737922549718,0.06821579506507494,0.14263345218229265,0.134242333144973,0.09190003470610626,0.09871442901093068,0.15876523153090547,0.08472336278531412,0.1008579823489057
0.11326167626124106,0.08592629699773206,0.05690538604664117,0.12017536309799541,0.06857674016579855,0.07972191715130783,0.13635900334266135,0.2047795031220833,0.13429411381453918
0.08155756897631498,0.1561657744034431,0.11083945847676042,0.0693247527301119,0.15693177571693528,0.14237265426869702,0.11607029918552035,0.07192964750895169,0.0948080687332653
0.12089844855306066,0.0849892836710021,0.12942090285921842,0.1109392210692897,0.09429410962809143,0.05833463384975815,0.13819842748619934,0.11068380642795404,0.1522411664554261
0.10952449360376922,0.12408081162694802,0.12184232983759663,0.11861211823356406,0.11531957064441056,0.07545800230545031,0.12288488676879496,0.09763679799259783,0.11464098898686832
