0.05783668866272751,0.09204480574546621,0.1546583185089452,0.2649579872382472,0.17851165566979554,0.12288839843906028,0.03638367647265851,0.052385412453728845,0.040333056809370806
0.029517645734924065,0.06460026749405888,0.05411946462453326,0.37621321350450704,0.20088873984184674,0.0672777188834258,0.053360240870153924,0.0953302582072277,0.05869245083932267
0.18604711551935418,0.15988583534308756,0.0611067833083778,0.11485171855872578,0.13362184433815197,0.05255040610433542,0.15065300029438933,0.06922616285229129,0.07205713368128665
0.05071502033858002,0.016719727689874297,0.14168343620794965,0.16661933267161425,0.08947370248565145,0.26113327597660035,0.15775711084533706,0.06603086285543937,0.049867530928953546
0.264892312504906,0.05123954732733271,0.29678217275797913,0.0720228844108187,0.04552385834773439,0.12647487957009337,0.05753026902975511,0.05513782388340074,0.030396252167979806
0.1386598636776801,0.20978885262260447,0.039559949510722135,0.1856807317371585,0.1786778621837766,0.047957489414906095,0.09151783668368356,0.08742133209990066,0.020736082069567865
0.1777836655787475,0.01571702782176485,0.3255443645283799,0.08002686025378851,0.0721488108476515,0.055667470554705,0.07405364064257929,0.08073677416014921,0.11832138561223422
0.11760494881400997,0.022865638639995096,0.43985543654510223,0.05298392667293423,0.031527470338937616,0.1759714710105749,0.05418379405661614,0.06206685237716562,0.04294046154466411
0.12138038294750604,0.07924830291963054,0.21302152811267497,0.009397321510034216,0.11274435852074717,0.09939758504790717,0.04631876831575235,0.17721800817265668,0.14127374445309077
0.1718148101866753,0.05325796353949707,0.2859336942380268,0.024166892421206537,0.025038637982972015,0.06577954364197244,0.21508252948866427,0.0584699372228055,0.10045599127818004
0.2519809674276056,0.07873226800589257,0.2649844271117858,0.06975926278470129,0.03425917758695143,0.017967688728448686,0.1280675468495214,0.09747239232014265,0.05677626918495049
0.10131160645525801,0.03635467660155545,0.24970430367729265,0.24395801548039087,0.11370279370009471,0.020891189013671114,0.06441829191077625,0.10702270246823055,0.06263642069273039
0.13374444818171538,0.2265418175843774,0.055129706245946486,0.05450087923553986,0.056550030745397904,0.07518758884724967,0.11517432210693712,0.17689061974857553,0.1062805873042607
0.1415028664797443,0.14736440640716084,0.025720875584587553,0.03610645420917973,0.14711578452258975,0.11904679247277171,0.032669879567562336,0.05665308738575476,0.29381985337064903
0.35783791681544436,0.04008887509554334,0.2673990568627234,0.01955207733197369,0.030116462429725543,0.0456323756200469,0.08903700790491736,0.04662096921219904,0.10371525872742637
0.17960770411984392,0.14717076829495598,0.20175549415148367,0.05814779250945595,0.13991003401318053,0.06462440755159046,0.06852947758096534,0.06737399483748892,0.07288032694103537
0.17709721173559634,0.018876100485870097,0.16371856022697107,0.1172267627994679,0.03594895823045723,0.00622798023373098,0.17018653373972129,0.12476331033595928,0.1859545822122258
0.10711895257499056,0.04683958018667952,0.2675430372790076,0.10958246693107088,0.04674081052148454,0.21754218952730742,0.05365655468287883,0.09360571903382155,0.057370689262759234
0.252363481549973,0.04978989791710189,0.4104899572849776,0.03970263060192158,0.06972716437741837,0.024803696770876765,0.03328549679525291,0.08007612124970888,0.039761553452769056
0.06841333176415769,0.08340627428122406,0.057295747861515596,0.0769940610320838,0.10634214638199835,0.3248768809750324,0.10494823156021606,0.08215258379222866,0.09557074235154332
0.13359987494777015,0.04512226837323637,0.34322148487255905,0.07186395914882492,0.0400511702310423,0.05782256329998453,0.19086249534172606,0.0553293246089954,0.06212685917586111
0.06888507135982712,0.25106306831866054,0.03105109028485811,0.14998753461268244,0.13308069795335906,0.12158151909687481,0.08188765858138856,0.05656064010154538,0.10590271969080396
0.08862966273051696,0.08973798452278518,0.2261450493600181,0.11094112911151394,0.06376070780513694,0.1469292236190987,0.08556305957559636,0.07572287800358078,0.11257030527175309
0.11758208651337276,0.05940159482979674,0.136035182106617,0.20352657172594657,0.13308291368204514,0.0753382953032694,0.11116638694348269,0.10062262079672236,0.06324434809874739
0.07490699178465725,0.04543816665553688,0.40777540879644264,0.10982859266292666,0.17683157330883412,0.04471975884760674,0.036376969431214,0.05191488824566765,0.05220765026711419
0.18419438588214646,0.24941522760218118,0.08348315686155744,0.03488793615906018,0.07819566794019317,0.058468689276852635,0.1949764425186744,0.0854977918761212,0.030880701883213263
0.09448976501741213,0.13985978853982306,0.048856108433875424,0.11905942414988469,0.10884964370624513,0.059569093638284366,0.17036932582421913,0.16955691492862568,0.0893899357616304
0.10610143193128745,0.16043997671245167,0.209753566715437,0.09757088284401498,0.06963968642023709,0.17539435023773833,0.027597597129895,0.09928611833630509,0.05421638967263346
0.02407245582549562,0.03354036384548872,0.023009354325733533,0.3372187455594955,0.23614092581740723,0.06682918807598852,0.0627319425550678,0.06639654599768771,0.15006047799763522
0.14610544533996908,0.16963263691556416,0.08970995158061357,0.07886930395707499,0.1556640270865425,0.037491701453946445,0.039008557718981644,0.11966196717086013,0.16385640877644744
0.0538904971875915,0.07834399012646753,0.49327620266475236,0.05901032122238676,0.06678510820507971,0.014999900127856685,0.0868336404259961,0.04820367825175754,0.09865666178811176
0.05753910880428129,0.13729710997456565,0.06045446972746534,0.37391699485723445,0.10106606882761242,0.06938075128595818,0.03600953426897823,0.05815857692371451,0.1061773853301899
0.12424276517607329,0.04137670664019707,0.040535217375334325,0.2452348587697957,0.07248095416824694,0.05044887243911575,0.1314604756891072,0.06290193791641178,0.2313182118257179
0.135753187161179,0.012840292374848987,0.3729253489882323,0.13181720749184747,0.0830576361417828,0.0278062183677253,0.07326253361115656,0.06590953549029603,0.09662804037293145
0.11059800628364226,0.028616849633002647,0.12012291810407334,0.19073364455838251,0.07343966675209988,0.07664213340453373,0.18905463438043427,0.07867395821600388,0.13211818866782746
0.06777748954297404,0.14355261380258297,0.0937187774628732,0.11685655791845391,0.09792448984943276,0.13353959185420441,0.11281761873050511,0.1300426069658348,0.10377025387313878
0.08620738010928097,0.026496703964426924,0.03876198941832358,0.30399326098669954,0.2891708820534842,0.065961996559001,0.03176570676034623,0.06362540463304765,0.09401667551538999
0.20997377243116366,0.07324923421868763,0.06722965902907407,0.28325056069560645,0.06552276616951702,0.051374175748373,0.052713988535462775,0.07654129197813449,0.12014455119398093
0.2231757305017378,0.06613545808355936,0.312266194927835,0.009873200905258424,0.04947838544078051,0.09939464834171952,0.08102300364325121,0.06109803238823286,0.09755534576762531
0.2321549563961245,0.00959965399490508,0.3581364936789017,0.16763397726151444,0.04116619130064376,0.031815099695884766,0.03736565415146557,0.04800463778584194,0.07412333573471816
0.18088998582903534,0.04812830121859155,0.10235326385575451,0.26274328493652477,0.13332541541397705,0.06956808686051968,0.07617094869242137,0.07581289467515412,0.05100781851802155
0.20924220415329634,0.04033959547047076,0.23366137830945988,0.13314601439915552,0.05050911334629446,0.04203186979593935,0.08017169656392092,0.07664859639497497,0.13424953156648783
0.18613494003003864,0.0463570172013584,0.2509181924149905,0.029356606307185576,0.026563759775403983,0.014762125995170098,0.16720432208038274,0.09680917098259616,0.18189386521287396
0.28114866980975134,0.122233641402596,0.21876332153765302,0.010381071924954889,0.09297842871844242,0.024710256991888915,0.044967116640481836,0.07941946428680426,0.12539802868742725
0.10325222680329749,0.08322257574372577,0.42480660604479054,0.09591503493222346,0.06473793652471622,0.03623059421283496,0.08355968100584728,0.06809225039951387,0.04018309433305042
0.13247410311226704,0.12526174957186678,0.23922687669776335,0.027687889774906594,0.046076025774196096,0.057279543162711714,0.08714704327735351,0.046297615706737384,0.23854915292219758
0.20120154710953106,0.011135084297591446,0.3092788332147964,0.14052241552736436,0.06751391006797007,0.012108462565226422,0.12753391648701215,0.07180453633201343,0.0589012943984947
0.3918523485245884,0.0231389455771972,0.16639156211238196,0.0061742700402973106,0.02220592631285166,0.019676642131571,0.06758569920226298,0.09316329753668391,0.2098113085621657
0.09807101947520513,0.07538318305394202,0.2142603624121657,0.06007453003614329,0.1307365899318316,0.211161360447816,0.027433815434375786,0.0729172979780618,0.1099618412304587
0.290842657684462,0.03431016743907245,0.22091896475222636,0.13044587500296317,0.05259495943545386,0.02839911295288579,0.12562252369343835,0.0712814206221245,0.04558431841737354
0.08076529478971041,0.05540874653466273,0.034914728692960736,0.2041418045427721,0.08551136605617148,0.168098036610519,0.12620119372967128,0.15598976083079774,0.08896906821273454
0.12401050118488322,0.06470975509191873,0.21834743614234328,0.09997761892156447,0.14231872256335096,0.11320800750941055,0.08502862289563716,0.07404651953946832,0.07835281615142337
0.2016171456341229,0.02454762929269785,0.08263840961229486,0.2015583500376772,0.12881193314373368,0.0993170547489809,0.07911523603437805,0.1084796951282259,0.07391454636788872
0.10582612971760752,0.27874359497960755,0.04040918285533015,0.16123884492904553,0.09566987861988968,0.08166461384692872,0.027877584772973557,0.09113416242539275,0.1174360078532245
0.10047542638592881,0.06069963919016868,0.17407287678662953,0.08913699063624292,0.10571852252916732,0.04073365473526341,0.16826130195144584,0.1311433285249821,0.12975825926017137
0.23990506657814212,0.009890627777590507,0.4597878203787051,0.006808095948878383,0.036585184107600185,0.03874903671912431,0.04259646054404695,0.0665792332831867,0.09909847466272581
0.057303799286387534,0.06100715972746753,0.1155431578240607,0.03235697432765877,0.1843944145378912,0.12679771913566898,0.10656897892972143,0.2445637333971593,0.07146406283398447
0.1727501661802905,0.027552993477814026,0.3416927277948683,0.006042266843006096,0.023321790305421208,0.2715314555263179,0.06067526691987409,0.03519125509203439,0.06124207786037348
0.08216246849703879,0.029297723618992952,0.05902552797337304,0.17282801463654418,0.09835487526151265,0.09865649787831471,0.08339499044468529,0.06442704814655514,0.3118528535429832
0.21247450303028806,0.05151107761366852,0.26494458918758906,0.08520684263505908,0.08953099146192951,0.03780860206095014,0.12158406415395821,0.06877902038076955,0.06816030947578773
0.05568962135689056,0.0751113162313966,0.00994098017635399,0.11314159491435886,0.12469772155855725,0.4057871187197011,0.06726400869941916,0.054696477368901174,0.09367116097442135
0.14184649512513417,0.0664354330294993,0.05513812706606234,0.20647775859945314,0.1739021020706939,0.07327936425507343,0.04114212813946941,0.20159462226219696,0.04018396945241739
0.06142268085609607,0.13202104883944424,0.37111881742218245,0.03455852164257247,0.14783983507715368,0.05923862511001995,0.029558903218599563,0.09418847952139102,0.07005308831254063
0.24116481425790162,0.04321539906470099,0.3289605807986693,0.08727764672335514,0.03327772718498439,0.03307032914240532,0.08987154676888458,0.10222539700663609,0.04093655905246255
0.3273740620306654,0.03653837581232417,0.13362280357763698,0.07840494745799108,0.054191523989627156,0.13384221596397297,0.03750463532458679,0.12557157909643402,0.07294985674676147
0.17367040196131756,0.02996562521851241,0.3365557107848786,0.046943794339050104,0.10967999245904729,0.06746832048155284,0.08245136489376047,0.07065131024077116,0.0826134796211096
0.17975281979749325,0.10728291569368371,0.28627264909833494,0.005661831666991025,0.061149603610902374,0.07421060565465311,0.027306018966673923,0.06899489045506739,0.1893686650562002
0.11394153987736728,0.10430444388870437,0.03234084034038826,0.259903499152564,0.1872444857989933,0.08704624279938422,0.053887697346041236,0.0895900798098792,0.07174117098667811
0.3492239004191739,0.011075762716428565,0.12659338474480894,0.08138626457940223,0.03845971218822811,0.045087368365014945,0.11930536011954669,0.07586501438244825,0.15300323248494838
0.07322715640025779,0.19351731647449957,0.045061270385861274,0.23595849634180524,0.09498884665152126,0.1313820226262471,0.07069177585371088,0.0835449327580849,0.07162818250801196
0.19742637318355472,0.03588557762099905,0.4335945252112623,0.022348863650048362,0.07571815206947206,0.0294151773314185,0.06668896172207976,0.07027111968805826,0.06865124952310704
0.17977180408213297,0.07812530908568001,0.3110502018718282,0.024914675500556056,0.04647250859339839,0.09335106035024475,0.053972427444188814,0.06369588984537247,0.14864612322659831
0.08843984059451071,0.18661233798235907,0.2390203925257143,0.07230185660641117,0.036580671989560075,0.2701459414000176,0.02367281513346862,0.042081024807086746,0.0411451189608718
0.05918057327747772,0.0549151754188757,0.2881282049905458,0.05329358596675308,0.07433984822925577,0.044936236129849365,0.030254385096039213,0.11826370252247613,0.2766882883687271
0.19314191016755763,0.014648170964791258,0.40014796355300103,0.054987415014101676,0.060029940019437365,0.008513489274554796,0.031319152608697845,0.1011542258597547,0.13605773253810372
0.2603296893998399,0.02902427607840291,0.3937471549330292,0.07090629432814781,0.03414691602198872,0.032509470419645865,0.06883898339638876,0.04662421461066188,0.06387300081189488
0.10640459896382283,0.059573862947648736,0.11786915162591415,0.2007778137475024,0.1497000513921655,0.036184363286834005,0.10615779008738896,0.1174166886068216,0.10591567934190182
0.08770753348166838,0.09046414056485325,0.11255192709058154,0.23721412171873357,0.08500627481791477,0.060908082482865444,0.16460843746040102,0.0849053289194595,0.07663415346352258
0.04249392509051109,0.1126913106160235,0.051065678957893414,0.34562052000241605,0.10601492070929713,0.10492647981604501,0.0831463719129064,0.0715438122471347,0.08249698064777262
0.2566145343344839,0.021451427593546225,0.5151112727762329,0.00521330692464338,0.05933692853843923,0.020276301398511786,0.042759463753037,0.03479485949423378,0.044441905186871695
0.12385071808621188,0.07842102892779117,0.1887169643784379,0.00798809662797858,0.12193617160105208,0.09153498994897218,0.05472913543241401,0.16389451449480122,0.1689283805023409
0.09590901029212613,0.09717826261440389,0.17161344150834976,0.05314243843942631,0.2742996219949521,0.10208341829225442,0.07478613398217353,0.0669953187157573,0.06399235416055656
0.1952126019973881,0.10438383718239481,0.31572647228093814,0.05775944466789371,0.05994028727292599,0.024634816073037052,0.12997212048129028,0.07154464679165133,0.040825773252480595
0.21329470369963344,0.17579085001024028,0.22986828483728503,0.015062010240694541,0.05573505990595192,0.042675080967510735,0.03230963392496162,0.09633673742742017,0.1389276389863022
0.037724002527463295,0.05772639707300916,0.10489864937646563,0.30117701958941634,0.12102513783371573,0.0440330179355685,0.15572527703436204,0.0882600877770693,0.08943041085293009
0.10716767947771148,0.08991204807597769,0.1899066353398963,0.23086626375171626,0.07281706405902856,0.07506507368704135,0.06822839124577616,0.07133143895829229,0.09470540540455998
0.1610658184547871,0.16537217239510277,0.0371654978493541,0.1376472844774075,0.1028625102297316,0.05811768915932361,0.08520948951064683,0.08081532380215244,0.1717442141214941
0.2126810500385531,0.02775850861739423,0.4233117010931067,0.11999195977833517,0.017091299061033054,0.015806454831160763,0.05836512588029064,0.06101497090946164,0.06397892979066476
0.04347044150427435,0.12354215267905888,0.3296402745179248,0.08731317372034485,0.15604176287978008,0.04501244396910698,0.03925175334699763,0.056578048904140844,0.11914994847837153
0.23283734661664982,0.16123958030644558,0.287299454938987,0.07878380445227502,0.05167412024684923,0.05827245247959557,0.04377196733757651,0.05074792050999318,0.03537335311162809
0.11699624267942828,0.01814407209270694,0.27366023898239994,0.03818385965874681,0.2246405905629197,0.14229592083712614,0.050778287623458984,0.07158450579923047,0.06371628176398264
0.21717737643728208,0.02576684744354359,0.3194436835037839,0.0372186605132208,0.07393905499520499,0.029638601275684268,0.12001414160400799,0.11129536923660839,0.06550626499066409
0.08257341111748508,0.29112682570621157,0.19186593878194547,0.017289853199204758,0.07220408388071041,0.09106208508879123,0.12774372049461366,0.0618552837502672,0.06427879798077063
0.06448548356291697,0.20880876297142525,0.11150552322307429,0.11824386906716523,0.08186020260214057,0.08483432347029869,0.06777288378190896,0.09273708914986285,0.16975186217120716
0.07110914929373134,0.05715507714461445,0.30657782646506043,0.1530921949942988,0.08255473986924466,0.01578166105434699,0.13985353215073645,0.08545691068303311,0.08841890834493395
0.22456381517703938,0.04420257761945509,0.09630944448378799,0.293394024350124,0.06814200910886363,0.03560015519653394,0.053948299571937454,0.09068084103628397,0.09315883345597457
0.0922606416643883,0.29300693863226973,0.08114959613077294,0.11514283182505342,0.17376230874003493,0.03080658600868987,0.036408362773628695,0.10920930579171982,0.06825342843344227
0.10246412886071675,0.08253089908143009,0.1312977798995935,0.05519223362928354,0.18092964281548266,0.12858096787108264,0.08169274405778079,0.08706497379169098,0.15024662999293906
0.07284294505057252,0.29717797435884624,0.20666879311099431,0.04581044749100865,0.12740570837183327,0.036648637978687705,0.036703164561830044,0.08122444407465346,0.09551788500157384
0.22208758795642702,0.03588436402974452,0.39948098088435874,0.08122059222317617,0.0857629008749974,0.023351633281862603,0.04090402110790101,0.041133213540476575,0.07017470610105599
0.1088653969117414,0.05019642025939639,0.13752897121013355,0.07962782966952846,0.08857742623313379,0.09715415209931433,0.047026391471661044,0.09676086378917159,0.2942625483559194
0.09820236080754423,0.10204241196167985,0.19496359986286516,0.05805849155072407,0.18729597768593834,0.09217455609567023,0.11395952170280473,0.0899408311044282,0.06336224922834523
0.09495757455802835,0.08418977906684773,0.1754634566178269,0.18849099551418147,0.13020659045010483,0.014985562334284185,0.08694754763588709,0.15193234822769516,0.07282614559514422
0.0775254559384899,0.09907219178346187,0.11836643079817559,0.2368202799890993,0.07039627620961897,0.14772343267876956,0.10328893557808637,0.059298007120618466,0.08750898990367995
0.03452933300631523,0.10315488296438109,0.033223738924415464,0.09896623802859522,0.18559941659115545,0.32953804922991875,0.04652569942405619,0.13411644838525852,0.034346193445904005
0.3344187743744606,0.06016844604554781,0.3112241796233676,0.009277610605364892,0.028256816229343246,0.005197247567304588,0.09430013288997069,0.0684112637526982,0.08874552891194228
0.10425046638570946,0.028261808459290588,0.3834780664834208,0.050582192810378374,0.13797086652355373,0.013977557033977898,0.1566023595560599,0.06577896670055716,0.059097716047052044
0.20799659821738112,0.06968760804537523,0.09166969905452038,0.05260831428527662,0.1020462502932055,0.15316020075254994,0.04373522562893637,0.07503872393977025,0.20405737978298463
0.06413496169723638,0.17510971775538628,0.1572190834843469,0.04961351763878195,0.11073683675751374,0.06881399578374275,0.031743696079786096,0.27316857732761984,0.06945961347558606
0.10723955572624085,0.023679736573205813,0.40401691947986174,0.04601762129480123,0.13309616226488288,0.10969763206560569,0.04471744146631252,0.05158654869995721,0.07994838242913198
0.19570325994847956,0.09425089385834722,0.2581718867782904,0.012325911594345337,0.02472336386837373,0.2556430692490017,0.035280544702987734,0.03758342140268648,0.08631764859748782
0.05549879517608832,0.051575830035633395,0.053171773512392335,0.4798199094279762,0.1262576515342207,0.042980657634760916,0.04962991721903407,0.08205584906878342,0.05900961639111063
0.2548766542925509,0.10474562251293455,0.3611170523904732,0.01054838329311057,0.018978274590517385,0.026698260081212125,0.026209192243849436,0.030239141498438,0.16658741909691374
0.10373053479550443,0.045310413283564645,0.12430149600479434,0.13102993315916708,0.1500507950338496,0.14335592363305202,0.04641973260251341,0.11700243873343714,0.1387987327541173
0.3525181500636254,0.027834093026718024,0.41175693194080026,0.0054043411356270955,0.04224447134478528,0.013092935591967739,0.03961870497160946,0.05036606220805662,0.057164309716810226
0.12082848128809898,0.022977811868098042,0.28257084611044886,0.19354808335828103,0.11325201752649604,0.05422796275464625,0.1281706204018425,0.04763110977598361,0.03679306691610477
0.041342854767883554,0.16915324352547656,0.19434044003588657,0.24333166772308976,0.11616859834665676,0.009604547370131224,0.037920514762595635,0.12745154836107234,0.06068658510720757
0.14979504255225495,0.24113139291486865,0.050788805104376854,0.16137040229201263,0.04739366233691086,0.07729153537781194,0.10167247374620132,0.06824043723251749,0.10231624844304525
0.052270421514237886,0.031028126010816958,0.29143727581285983,0.21306411787178345,0.15879874708811736,0.05619706273912948,0.08103136025987596,0.06300204108758962,0.05317084761558947
0.05144469647914409,0.07482859693224811,0.45374770244022117,0.05776017582679757,0.029267113819187507,0.016731757863997113,0.17628254480590996,0.08718456678877749,0.05275284504371702
0.06864854493337215,0.026627183546026528,0.10241900100917588,0.1120050360836941,0.10703269288635893,0.1910710968184609,0.03328797348199756,0.22512112310089658,0.1337873481400174
0.22569763060421658,0.17958670460526738,0.1752184637406017,0.004971236634405642,0.09055040927622036,0.028709366440109258,0.029735150632554472,0.09382053165322544,0.17171050641339916
0.15437089463668008,0.028262929666821174,0.1802353054750175,0.21029216318708288,0.08538603722346998,0.04861296831890522,0.11228851763457616,0.11342345094209338,0.06712773291535357
0.1547636956728627,0.04002507574269954,0.5019151462948825,0.039631400659695885,0.04743224156579107,0.019377503388752687,0.12554272716485398,0.04198213204458887,0.029330077465872777
0.05067720102323941,0.2966350915149918,0.025604510081450354,0.12598076485739335,0.11150241043192242,0.090556995584388,0.058019922801306044,0.11512258505875017,0.12590051864655846
0.2541355639086087,0.06705736065491617,0.2553184166100762,0.1010018769601071,0.02801982900119121,0.02964371890326928,0.10866324304977375,0.07773988719652444,0.07842010371553328
0.06895955496851394,0.04668493418877795,0.07658955028659094,0.2735571456624752,0.3190324885520233,0.029880195613754646,0.05900761403447,0.08997518336157566,0.03631333333181836
0.29146928101335773,0.01688640515745751,0.3737049191954456,0.04706440518208194,0.03615323000064554,0.037093207460744154,0.11544161554969996,0.042943223628158465,0.03924371281240916
0.12428287538139415,0.03653981036642053,0.15645326333053225,0.21098750072419628,0.07763496247627502,0.07584918508682126,0.2087275999739567,0.05855690761213056,0.050967895048273204
0.1980713828717616,0.08144028727038849,0.15930549263656904,0.1363143043488645,0.05596841620114553,0.16578445008114015,0.06525011584267391,0.05265166477203703,0.0852138859754199
0.07355928592829958,0.02215525114401508,0.36056665572179164,0.10372279767269647,0.07312244573279564,0.11733310752286878,0.032800459060121676,0.06118295925860331,0.155557037958808
0.1331674189708535,0.14575538178128075,0.03782906790118821,0.2373848709707935,0.13652712107460566,0.05497240246103141,0.07882954199359134,0.10932869021048681,0.0662055046361688
0.055834271434814654,0.30459964756494395,0.13598663053091656,0.13426093942787498,0.060577453199846226,0.011847875527790501,0.03412376448182985,0.11766034277006115,0.14510907506192208
0.1542459869051325,0.043506246671515446,0.25663404821301233,0.08874845126978596,0.041613099409571815,0.039718005707680575,0.12131413229541282,0.0700490766411992,0.1841709528866893
0.17301306867940136,0.022372369305741168,0.1743773889368002,0.23929005907572234,0.061430124384087605,0.02116234270002666,0.05648374325914918,0.06676516242848812,0.18510574123058335
0.1683794803205947,0.14934439907205557,0.19179547939211375,0.03830817696447358,0.07997335751825398,0.03839456789345687,0.12466303539106847,0.12722087424132764,0.08192062920665545
0.08221732434947156,0.02926791570351177,0.059026463815080456,0.17273793812284768,0.0983118408521146,0.09864261332034269,0.08339043650115967,0.06441423900444308,0.3119912283310285
0.05637567621879075,0.10770899590410715,0.10448695944390736,0.28109902630267225,0.21012509372681568,0.02498361412868511,0.05409025068899323,0.0957413846975494,0.0653889988884791
0.168353851732056,0.05986260960587415,0.2554401912172202,0.0680892216172676,0.11534978793509586,0.04286997184397246,0.04743134313813795,0.16890914630486184,0.07369387660551394
0.07952658870581185,0.05191477907099426,0.0688414908301145,0.4080718686381193,0.11736303170965556,0.023751302015376025,0.11457165483057809,0.09785958326643528,0.038099700932915176
0.047626138644910415,0.23860395070367102,0.3344583615866608,0.013886318850377726,0.05205973531473997,0.017920549745449377,0.031442678350650684,0.09091895792919376,0.17308330887434628
0.1477273042660404,0.060380545652703566,0.14976815673635616,0.16154443961854212,0.06538489205186646,0.036885058228011136,0.15047471165212375,0.1428772017260862,0.08495769006827018
0.06252644534850417,0.126386636566012,0.13846181853667347,0.1973083776772131,0.05275397154477043,0.05580101788121015,0.093726473470113,0.15108092037849324,0.12195433859701038
0.10780714971382893,0.12119807674623351,0.4159809858106442,0.1029879793684516,0.028793521288263124,0.016708717477339218,0.05152998874951609,0.04156924134967988,0.11342433949604347
0.19640319445593576,0.021881411885582163,0.1906171843796698,0.21679592255527155,0.09326117948350428,0.08345147190886422,0.06503481005085839,0.07808485642567371,0.05446996885464014
0.051070112488756474,0.19752233605909134,0.19683562328117898,0.15338840354403432,0.11234933065200924,0.08059514672797126,0.08193982776560507,0.06293458501401773,0.06336463446733567
0.2640198406463195,0.0060149569038734285,0.2136182179164086,0.02595718053058133,0.04459373754193865,0.0298381305000118,0.21962702814793245,0.042698833203465424,0.1536320746094688
0.0644153253395458,0.04096286174681086,0.369305066581658,0.13514295761194758,0.12925084315099886,0.09371505584586665,0.04482125457879488,0.08000568264517856,0.04238095249919883
0.0857102117522397,0.03299676819175789,0.362593103735819,0.08972776578848969,0.05279765125883051,0.09080567810309259,0.08402833977028505,0.07642390504708546,0.12491657635240011
0.201669533441039,0.0822469023022419,0.09551688861359046,0.09807796995556801,0.06551838772018664,0.09407630999887771,0.10532922700139354,0.1327670169117153,0.12479776405538735
0.18324079553684425,0.17558516509735356,0.10521874155703642,0.02386778024648673,0.1384056154852701,0.03281472809658894,0.05153189658496948,0.10363817440623362,0.18569710298921693
0.08389150254471704,0.1536721976569934,0.1488697750982069,0.08296694724131112,0.04976112684222276,0.09083327178701765,0.23228864161993348,0.062250766662366175,0.09546577054723156
0.18550765912663755,0.08068943556129093,0.5064375963482269,0.025539926630587743,0.02272719002135844,0.07189075509942384,0.0385511174829359,0.0359366134671762,0.03271970626236246
0.042247604653288,0.16375241138691446,0.14587893112131653,0.34603757032220944,0.12504471886099386,0.03877167782763726,0.02573095740673466,0.0485047041655452,0.06403142425536062
0.3070052060600291,0.09721658862308273,0.04002510027328833,0.16702849137706274,0.1917468498973607,0.015521660613029295,0.03953408777760039,0.047332335781018336,0.0945896795975284
0.13126651475689674,0.39261666501963105,0.12857431382021778,0.017600622951769257,0.05829399683672828,0.017744377869626144,0.03532020360944451,0.11544434135544095,0.10313896378024533
0.17556325316902874,0.018655347166306433,0.1923299670543234,0.10490226387749808,0.08263341477101414,0.011188979558974861,0.1441224887955161,0.1376847776823056,0.13291950792503265
0.3311571538168914,0.009367653505244457,0.3230537622402237,0.04652874674474398,0.03921774720351936,0.03673248078354171,0.06584107358859621,0.07077502670094614,0.077326355416293
0.2298523201315046,0.03514041283827939,0.10781900755839997,0.094079060158899,0.10783404568484417,0.028550422003503693,0.07584417730955327,0.19984332823099257,0.12103722608402336
0.13203502087990973,0.01709434988437134,0.2622799198301503,0.12178475371808895,0.14360759053409544,0.039064891352373954,0.15029582108729136,0.07848902324074401,0.05534862947297484
0.10283351225751769,0.12362183867165989,0.038969880184119336,0.2769511725350922,0.07395881745792308,0.03930972643109259,0.06779813023732925,0.093942290369418,0.18261463185584792
0.04892642973837347,0.22157373366483565,0.22341760980896805,0.0969126931969471,0.035729727791862,0.1169079328557906,0.03735592906792652,0.11620334016087526,0.10297260371442148
0.17021793005038177,0.052633207583703163,0.1962203005921214,0.06070314981787615,0.17136410491826007,0.06218977930590592,0.11356677218434934,0.0907128792035659,0.0823918763438363
0.09086510356733551,0.1049573341013333,0.09521970516631596,0.16455551178037722,0.1460261459238439,0.12068327399833732,0.08523490749872777,0.0865744796509831,0.10588353831274588
0.0255207424560373,0.01847559080113456,0.2790102926806947,0.40051088238844107,0.0625825140650035,0.06801976676184497,0.04695026229832484,0.049504170099165856,0.049425778449353176
0.13117823763550654,0.13614551142065554,0.10275007926608148,0.08438021820879954,0.12327143332146223,0.02594463513559317,0.07204391303088793,0.151449508870401,0.17283646311061254
0.20228931662910743,0.11314868556514608,0.08910981645280525,0.17118717561718896,0.11566467345697827,0.08564314099353214,0.0913705676542481,0.05900956890758772,0.07257705472340605
0.25633387787813283,0.058669416601685016,0.19306975623764555,0.08006624573987409,0.057946783234400334,0.09911987677189478,0.1376366390787273,0.04689719150553553,0.07026021295210444
0.1552043800715263,0.07113398431297101,0.08299009992157223,0.3007345942698731,0.08649657557521184,0.0489424060146634,0.10769913238075417,0.08331097531083768,0.06348785214259035
0.13120491001199328,0.062439595780246875,0.21728642002894138,0.05096027563347253,0.05857913947832099,0.012953814757350912,0.19679010053810497,0.1710938567500789,0.09869188702149012
0.1458685241488716,0.012203014086212209,0.18798757880010264,0.3218047899907282,0.09183678415175418,0.04012286089986906,0.06462727360279497,0.062199364486157906,0.07334980983350917
0.0657465491437869,0.05537530755583827,0.47036918612129625,0.16036967655603074,0.03602597891532198,0.05423035165409601,0.04100154278321284,0.04253410304603434,0.07434730422438274
0.27369804217665816,0.13446765598824303,0.09796998924146594,0.1383730293437703,0.06821248950937281,0.04039712523017543,0.11946570194254623,0.04426009576669141,0.08315587080107668
0.10449102211068968,0.2823795395343713,0.04323843523757187,0.11375842528064872,0.07997689244655436,0.04572203115288045,0.1414961657175404,0.08807947231294182,0.10085801620680157
0.08934892494323454,0.0972307254471355,0.1116506196453721,0.16119629341754219,0.23161122629506323,0.07140230259946954,0.084712771293448,0.09365798486427168,0.05918915149446318
0.20465395770284345,0.012211227430337332,0.1849734320118368,0.11612378968032894,0.0455932279431022,0.020908847294160218,0.15225817761061713,0.19622329662243712,0.0670540437043368
0.08622133216686091,0.062387190682498456,0.11840172291736488,0.21944545090812873,0.20101143220889459,0.023838457264552453,0.05424581109343116,0.1788910460518416,0.0555575567064272
0.12008482934085003,0.038704879370516816,0.4716722830002275,0.026808741142604675,0.16724513868224866,0.023043544872027477,0.06774743119453298,0.051553351632989165,0.03313980076400274
0.14967926592389205,0.11850847278753666,0.2805516692869651,0.05806953684585587,0.0485957217828475,0.059254921735600284,0.11426030777454521,0.0740286794055553,0.09705142445720194
0.25499902079810016,0.016773748109046634,0.39408936187927995,0.02641071210369483,0.014240682876328422,0.008216935002144892,0.10854882099700419,0.040308030434393384,0.13641268780000754
0.2609761029932458,0.08867628510485866,0.09317803477939583,0.019125439526562104,0.03627967828027143,0.12558747048749627,0.16314272242841696,0.07102090995168149,0.1420133564480715
0.0859296202783321,0.12155210408429173,0.19406054665284325,0.05677144765225659,0.12849472778174628,0.05050871814949581,0.04695062138396664,0.098559186781028,0.21717302723603957
0.044139270930582473,0.17020532356564724,0.19250739790016946,0.15128388078104466,0.20969191153874456,0.034794654538315886,0.04222157103093379,0.08260431036860229,0.07255167934595957
0.14273092877490065,0.0607333817107848,0.21202116069172464,0.02462782382054654,0.06892984343082402,0.14733878563582983,0.15196678486150864,0.06336304609662213,0.12828824497725874
0.11982078457896574,0.034000035707831285,0.27321815528020427,0.11836739388018852,0.03955549679150577,0.11690109336947774,0.14897918457986367,0.06804897962843003,0.08110887618353291
0.15831214338698799,0.022897656312368894,0.42186110694038775,0.02041591023162904,0.06833444401856566,0.14006922761191656,0.050814463918558865,0.06941635999094588,0.047878687588639335
0.19192499027394272,0.0965094676169534,0.17340695378966572,0.0484734651906,0.04690127237684363,0.24899396135418547,0.05193768773023907,0.052986059199564915,0.08886614246800499
0.13431989158681137,0.19136749805814401,0.17572709155500152,0.015617424774068208,0.08485674660203633,0.05700123385922461,0.08272542925190314,0.04916964911058968,0.20921503520222126
0.10554200651705407,0.10812194044161601,0.01767517353095427,0.06778379110327735,0.09806234141315091,0.18819390567542907,0.2173032605447389,0.12709450756407803,0.0702230732097014
0.1646312099386744,0.123854869573704,0.21870123765171745,0.06735966308077977,0.02773719995452878,0.20195159730904957,0.047901709326544285,0.07853304729683049,0.06932946586817128
0.23076040256044839,0.021862610953944372,0.5167288156828205,0.017631267891942266,0.03689788226025833,0.0052340431013058455,0.05971588052581476,0.041985856213640094,0.06918324080982541
0.1291735752908632,0.1798261060520918,0.051288311752847184,0.03721984065716975,0.08480046828124704,0.30700541312566004,0.08053133924388196,0.055003991144248476,0.0751509544519906
0.2321549563961245,0.00959965399490508,0.3581364936789017,0.16763397726151444,0.04116619130064376,0.031815099695884766,0.03736565415146557,0.04800463778584194,0.07412333573471816
0.04056702735792168,0.010103427485946384,0.3622412736831821,0.22942996272690908,0.08588037204339309,0.09460318320927309,0.06767313464995593,0.04919369522399993,0.0603079236194187
0.18284592745977155,0.14234566540921853,0.10542506967871279,0.18432245872321154,0.04741861613624451,0.019736292777964428,0.19208639380053197,0.06101098977843839,0.06480858623590628
0.1440095786017877,0.13289564222182781,0.0689168526107045,0.07118485635371141,0.13827072133015064,0.1327778818515978,0.05859641801048004,0.0814203121008923,0.1719277369188478
0.23593848027061923,0.026295124238437537,0.4658533061227821,0.07185559058211032,0.03366097771578894,0.013743259734437989,0.053683399914092926,0.05740120891734509,0.04156865250438587
0.060100489354497376,0.024417693929131862,0.032516749318645254,0.07843883449842497,0.1338501088020978,0.3814126315010126,0.08697352057020864,0.05731267461051796,0.14497729741546347
0.039509126575496115,0.021398669350020258,0.06435200626411798,0.4373538528704804,0.12981823737208656,0.045810575605397724,0.06335793700092146,0.0825891448802779,0.11581045008120165
0.06340426185893933,0.03476265917267949,0.07776845134327727,0.38242553929224504,0.09265292437730942,0.12392269676163085,0.019502432909715536,0.05798039671462918,0.1475806375695739
0.17759365701659457,0.03954155980429901,0.3819273639807075,0.11394319161260374,0.05909576886093774,0.0171322215029184,0.08330273681141423,0.06690203875758106,0.060561461652943786
0.0700215886507884,0.01455242716994734,0.16221208714355814,0.31193690431202575,0.13491801201596712,0.023191334714954524,0.15867715077308203,0.08455145757501102,0.03993903764466566
0.09357026422276427,0.10342982222513186,0.08306915509359229,0.09353305646193505,0.17249231351160046,0.12891076303302246,0.05077823657738293,0.0705117062664662,0.2037046826081045
0.1547413122465894,0.045325517855823366,0.04936367464415856,0.16536910489825493,0.16530205714548182,0.03094710287716219,0.16337115779601197,0.1371648779956328,0.08841519454088503
0.143950806732393,0.07780305236122896,0.10711632925841401,0.2416130849320062,0.10546435724509427,0.06721699885972536,0.06453863828023275,0.11880446454450988,0.0734922677863956
0.38335745008915184,0.118755802936048,0.06276309629863225,0.010562639712927964,0.049260548786244425,0.0024700339148996434,0.22507490668670196,0.06445372572858814,0.08330179584680582
0.08359886818434858,0.05146743053465114,0.04330668494169357,0.33819209756184715,0.1262985268056662,0.08306137279502272,0.09645112658464454,0.11606260197587366,0.06156129061625241
0.06413496169723638,0.17510971775538628,0.1572190834843469,0.04961351763878195,0.11073683675751374,0.06881399578374275,0.031743696079786096,0.27316857732761984,0.06945961347558606
0.09064901239866648,0.32907159803756,0.10378495414327822,0.011590625930692586,0.22770377541052533,0.025125202416475968,0.04773395016883878,0.06779651017920436,0.09654437131475835
0.1937989790160246,0.11644579314404162,0.12299009685464408,0.015843618414182036,0.12916061240349208,0.04899021513599353,0.1315113680499286,0.06418052247486734,0.17707879450682604
0.31099318189882846,0.08673522959637413,0.2730606681728845,0.006146595985426961,0.056994779122597226,0.04114122941468412,0.10858234793278343,0.056616967585378264,0.059729000291042944
0.12863509473282986,0.0186559390817491,0.39372537035411925,0.06547897135514352,0.07446360223276345,0.012960083249236054,0.12108489037316256,0.1312657599634868,0.053730288657509416
0.18526424440177006,0.026128200292688437,0.10508975289456922,0.09087427253862401,0.1222232848252673,0.005992453350775082,0.273391621945324,0.04823607334926994,0.14280009640171196
0.3245709050893148,0.07762534612247597,0.06998706392032997,0.15636221266834002,0.05196091059250166,0.028843516875452824,0.10377868819118839,0.07570781464485486,0.11116354189554167
0.1474493930203664,0.07621839463688967,0.16553900591693546,0.09364808641050688,0.10654124039835938,0.07435359529276518,0.09267186681652424,0.1270501902470554,0.11652822726059742
0.27623942605412677,0.02093850183703011,0.3999739549142019,0.017288308495254468,0.030101656392279727,0.03770002006732375,0.03565314397401096,0.05330748623805257,0.12879750202771964
0.17018251373918938,0.05874970996716442,0.26438312190079133,0.038231464830031224,0.07049373795052798,0.043175456223616404,0.07340128846679671,0.1456375929875864,0.13574511393429609
0.24640552689507256,0.02850105774851508,0.40713074849333725,0.02231514184049597,0.02184155478474703,0.08071399266940424,0.06884513045730375,0.04055586546533195,0.0836909816457923
0.1785952370325569,0.06635377488730647,0.13497761193253627,0.11676850805561044,0.05176168543810242,0.1162591804793851,0.12761436805451745,0.08711844060144154,0.12055119351854338
0.09189553349658273,0.11278115934125654,0.36016244520214663,0.13292178196289292,0.05184533380523279,0.09895171637579686,0.0241022209479594,0.05603820483962563,0.07130160402850645
0.20192168482692377,0.06771056632522417,0.11389179540640787,0.08567291647325607,0.12188541466865065,0.03959783963406082,0.10231505110975501,0.15348329647682912,0.11352143507889255
