0.11625273691120357,0.04614741117059711,0.10659443099939218,0.10523708862515678,0.09486252129790847,0.10253079842409667,0.23820071483319305,0.17745936443608282,0.012714933302369362
0.11636052228308319,0.03577441554300437,0.15275541580881102,0.11382704760311135,0.23542355354202896,0.1239983795536808,0.04001354322224556,0.1551938178680219,0.026653304576012952
0.1433085053410855,0.07511134602918725,0.057203579598458974,0.1055721111025766,0.12822999547432484,0.15160148517074687,0.1048965081878268,0.17462508392188245,0.059451385173910694
0.14201640461909004,0.07960059099782313,0.031917840687284316,0.05366079032275805,0.32366522241992707,0.13928598510796733,0.03246960056513009,0.12893249832551948,0.0684510669545005
0.15945318535971473,0.03401705989615591,0.05973895304038207,0.20196013204955002,0.19151009700323182,0.10901795098249363,0.03724292223975346,0.14571669423346906,0.06134300519524918
0.06943599203872229,0.04193039071272561,0.107274012084847,0.01958602776498189,0.05534700543492396,0.09646108738337116,0.27517183306062226,0.136233247123416,0.19856040439638986
0.14749794281670406,0.061147551878024654,0.05562557574994973,0.12247178651738207,0.10955026881800722,0.1442563252405932,0.12419463137503478,0.12947174745689052,0.10578417014741377
0.12457417080738505,0.08065327264622833,0.06755395518153398,0.07180044498606296,0.23416013118625698,0.1327446928122796,0.01368408011078231,0.1258506478979097,0.14897860437156105
0.14810455034527903,0.03616880672584247,0.05946458765891,0.12400128876972695,0.16867472980065853,0.12057178774972532,0.01425635168953992,0.13013230803404255,0.1986255892262753
0.11457548112644593,0.0338049230341731,0.053420444910511324,0.0797637401282757,0.10315226947564587,0.1619652510289976,0.05487384746637053,0.3037532966886587,0.09469074614092134
0.12528616749939225,0.04345829425496082,0.03270457814802225,0.02579563881597464,0.11394618470521685,0.13840707165859154,0.21175971275556704,0.1942154888101051,0.11442686335216946
0.09326606744052034,0.015983768244378586,0.11273686591661673,0.04054225597868055,0.11441827142786971,0.14437212733979865,0.30740821644254557,0.14302519992083682,0.028247227288753052
0.16225064338551573,0.06676558527988623,0.07219453348854184,0.1311701972391124,0.09793240739096648,0.18091495181963557,0.03734735097983207,0.12514144837705882,0.12628288203945084
0.09624098063852204,0.03298084264330684,0.047969621164091224,0.04830833317961644,0.07837386932365241,0.13454676279988922,0.257816960691827,0.13709739908559745,0.16666523047349727
0.09645716555610699,0.034853471603048136,0.03937619893864455,0.22817550306964887,0.12025855580613616,0.11130076360690185,0.010693791373343252,0.13056781890382585,0.22831673114234433
0.10941981360601094,0.08078541536319556,0.055035216727587356,0.09943871961483315,0.05959688134145174,0.10178263932808286,0.27921583102176784,0.0484402108799921,0.16628527211707847
0.0794042582088111,0.24525130946528306,0.0814868665860324,0.06599452579821612,0.031601124567817405,0.08777909096526075,0.3714509174630254,0.03264170698215602,0.004390199963397804
0.09404063818931636,0.03268117450071226,0.08785493034654257,0.07038868295862924,0.09464709054854058,0.10864144783105008,0.4460762781438274,0.041121310835582556,0.024548446645798958
0.1438979997474487,0.03468679741026018,0.17657565941181042,0.09721936223595656,0.1500619276707862,0.1635441555683119,0.052596541323858416,0.13309597270359552,0.04832158392797211
0.15361568642413104,0.03300421117326865,0.05771983389822832,0.0864701800450977,0.12622920278235458,0.12207290728632464,0.07639965058456846,0.20965318638902344,0.13483514141700315
0.09324192664624052,0.1775313213665958,0.23834973566402207,0.08229371567294148,0.09394772411412312,0.09484392594995632,0.14580397406718879,0.06166719477041658,0.012320481748515405
0.08946364038740202,0.09442189938687612,0.10377919053970212,0.030902803389455735,0.07456216963560769,0.12015611954378451,0.3542801412621768,0.08163889801959447,0.0507951378354006
0.12183945627949112,0.04319166317118101,0.10851237198941589,0.1667833570063756,0.19207937736798397,0.14467386634983873,0.02741043892794458,0.175798308769244,0.01971116013852514
0.09920645284181268,0.10093328112014582,0.038694071949689525,0.1265054947763121,0.11980180748734232,0.14143874363829473,0.20429157315790056,0.14429869106795637,0.024829883960545914
0.13761485949359675,0.13703991666695783,0.05439314990134777,0.07986220608802447,0.05358391171509012,0.13985784932100132,0.16968591480290832,0.1632450728000557,0.06471711921101772
0.14131292789579938,0.06233032692657293,0.10793135148903676,0.16969273595307555,0.07149967651623053,0.11446286254152922,0.18934045172580583,0.10403953701170467,0.03939012994024519
0.09836724558706188,0.16067099936527604,0.048130008311511485,0.13361501716525934,0.11638611776109022,0.14031325435139133,0.18187905795520984,0.06790881123890384,0.05272948826429607
0.09013555182669804,0.10123448707501416,0.44923438348217837,0.032905217486622715,0.07119047790910436,0.0968400785387245,0.0327306802111194,0.11165906033385735,0.014070063136681013
0.11339667004744303,0.07068447174137608,0.04628121056588164,0.05512455638254989,0.05637540241114467,0.10728766967969168,0.41888929092314925,0.11177026324474022,0.020190465004023495
0.1227982177371007,0.12418375889972215,0.0777097148620875,0.07475384833753705,0.09963219287333806,0.12071547062937397,0.2862622666016763,0.07957901846492126,0.014365511594242984
0.12754478956768642,0.07509983809998448,0.06567358449961506,0.10330957626473658,0.1006166655154659,0.1742728566327892,0.1568378486775274,0.16910029012935546,0.027544550612839554
0.15313394975787026,0.033967274255665834,0.0909195401363715,0.05506919247703646,0.27306262226100414,0.14569068804498383,0.025951281876091147,0.18414186823840575,0.03806358295257108
0.08714326310572341,0.2954640249987048,0.2805461314279178,0.04050372697659153,0.11766096197882035,0.08111493139946593,0.01927584875309598,0.0709171533198532,0.007373958039827082
0.10077325063433089,0.0769454066568961,0.13952535121174872,0.10038756598299263,0.09136636711950961,0.1288640242129668,0.19865593372786808,0.13849274344076312,0.024989357012924058
0.13322489896185832,0.30058881861177783,0.04258893751623666,0.08851814021837517,0.05978275384835341,0.12864676162441366,0.1598183212688281,0.07513906275511038,0.011692305195046424
0.1380763833948762,0.16260469798837404,0.04075916987839476,0.0650670931758753,0.06757617411318424,0.11342572149959364,0.2165781785863844,0.14958612174673436,0.04632645961658302
0.11395150519568893,0.032626617470088264,0.0497863183483002,0.05142465940757221,0.09978164387477517,0.12107348489437715,0.20384682437151969,0.19967364635667015,0.1278353000810082
0.11757168467530277,0.07861504454143182,0.04915062494980404,0.07694230621677933,0.0639478449264562,0.12299381247161258,0.29042258887071815,0.16029675717510317,0.04005933617279199
0.12021686221626891,0.048439829385340305,0.15299237508122296,0.090516623748857,0.11834879019163969,0.14073951939068371,0.03107935614748043,0.18545377510677197,0.11221286873173508
0.11088693397663874,0.02658633065535712,0.08816566583169043,0.04949107035186395,0.051314299199251484,0.11080409760632119,0.3021308210484968,0.16147826516699884,0.09914251616338145
0.13301100242262207,0.0512698862632609,0.07892285282708156,0.11648908380696987,0.19809820215667595,0.1401484508514841,0.11919898332130086,0.1290412455679725,0.03382029278263223
0.09830828571188895,0.06399097082309933,0.04741225175262926,0.050551596039097015,0.03240001923281125,0.12017731387754627,0.48365673131186004,0.08636153995635058,0.017141291294717333
0.09755112369278497,0.1565333684000859,0.06019731508146631,0.028022905001641424,0.07611600396623065,0.1113972916825484,0.29596203533589477,0.15529907317975156,0.01892088365959606
0.10136730954590656,0.0928396931851558,0.057674634758452616,0.13005962348486577,0.055372631034220056,0.07509632530215123,0.33516842382321194,0.0387307940563675,0.11369056480966853
0.11355199880889366,0.17185272930456397,0.15652808465000626,0.06858599621981981,0.09557233900916993,0.1556349042429752,0.02470113628847771,0.10281470116506886,0.11075811031102462
0.133427091236571,0.1340106353652437,0.0559238504456561,0.04854438486639395,0.09256029338409875,0.16925618317478364,0.16336483999497708,0.13683579944608848,0.06607692208618744
0.10505969526670685,0.04231219088420954,0.07357770683426752,0.10794689561911981,0.11979766069739224,0.13772903090983465,0.012638109905612108,0.2630279615904751,0.1379107482923822
0.09164209469393386,0.09861318326165712,0.06850823022435676,0.05646786564091166,0.04583088125208335,0.16918476577278826,0.20089323270394396,0.044917680771657885,0.22394206567866717
0.1284738364895422,0.16321454322066678,0.034693970582470986,0.042127691637461155,0.08193737827854053,0.13170977368389422,0.20295252038252967,0.13422874474044344,0.08066154098445093
0.12709698701787817,0.055004045772504985,0.14303248767553897,0.0974365739629827,0.1090149092906862,0.1643977936866581,0.12067332512083363,0.13522242399619197,0.04812145347672538
0.09178342911225058,0.04171084189482973,0.03958012843274771,0.09035590447532103,0.034912432888583304,0.13132374286243315,0.48638840304637593,0.061896930915326324,0.02204818637213231
0.12089354929449247,0.05417870052009786,0.03146377430426924,0.09538646203405472,0.07491511441994303,0.12057652796363001,0.05483347731573387,0.20044146276945227,0.24731093137832652
0.08013048187890412,0.5435222097478959,0.08126334383080579,0.06889988522904524,0.050543882031834325,0.07819399601336352,0.0431661417032479,0.04967422143890118,0.004605838126002126
0.09353577260578123,0.257813128561414,0.0349694705179577,0.07907140376309614,0.04097748488647043,0.07636196554166923,0.3674448900075716,0.03240462792707798,0.017421256188961714
0.08164573411694571,0.3418153642604824,0.21364700092169575,0.022920398027276453,0.06414271133728892,0.11744911377640466,0.06492538881353377,0.08967953974327303,0.003774749003099287
0.09241101479641751,0.08499782114926047,0.08945978734778215,0.046141872458678075,0.06923552914952004,0.1039797809420141,0.40480914086174175,0.10471521650165494,0.004249836792931032
0.05651904442416774,0.41924924808671776,0.19038419229020898,0.0225123379098225,0.03226916585680279,0.08217265198189924,0.14826066626418175,0.041181849316604326,0.007450843869594996
0.09376234264305892,0.36571224835913047,0.024536648141872508,0.05294748353879102,0.1376186506224966,0.12444947782249687,0.09418120129899711,0.06283666844777157,0.04395527912538492
0.08446611112644363,0.04446045013087468,0.02464329690333622,0.07354176065893514,0.04796966678647954,0.1448637226093922,0.4627092970491853,0.08139101957907861,0.035954675156274644
0.11490669124870341,0.05171898242389759,0.033020181516102066,0.12851597164994136,0.20851693918924022,0.11911437379758276,0.06013672276874063,0.23896032155385413,0.045109815851937844
0.08870474549553892,0.064156732025078,0.06640629675504385,0.10685379843412596,0.08209731596536364,0.12316265381581086,0.3474903626696995,0.09686326950805352,0.024264825331285735
0.07865385941077452,0.09478495666521203,0.0652936282173165,0.05327619457374777,0.04228777830322439,0.08376581119831711,0.439520144203899,0.038153840847428705,0.10426378658008006
0.05454116638798472,0.034383123095002514,0.014378260452838932,0.03446335218788592,0.24762810888637324,0.060715524612397355,0.060379657679935694,0.021771758951937264,0.4717390477456444
0.14668483673133725,0.0505916513515351,0.0645481103210195,0.07801394650185077,0.17365006662664265,0.1549359370411674,0.024120977551848343,0.25449880929312996,0.052955664581468935
0.10699247594021187,0.07110403219339949,0.05351638196876853,0.19845474556040799,0.1373950367466316,0.13051408138111886,0.14130338706598794,0.12863195377876765,0.032087905364706064
0.14338704125124077,0.022615701011354305,0.04492721099070782,0.1228308108019129,0.2856808136384969,0.1170884140129695,0.031290603982919524,0.18906811879196259,0.043111285518435745
0.12469161605363195,0.04423015347557877,0.14740356155662457,0.04403515273818165,0.0715863949919666,0.1372883321646198,0.16826230615244966,0.20729714376970484,0.05520533909724212
0.08626274675615296,0.2528428064055037,0.24131741968148965,0.05427561315337028,0.0587483898260325,0.11689325859807283,0.04964648888661268,0.12338984161976611,0.016623435072999293
0.1193971516307577,0.044279065964930385,0.08778857229516596,0.2465303615717521,0.18082476272422085,0.10666895516738983,0.016290470312579127,0.1351759129114145,0.06304474742178955
0.08097279982868787,0.05535017578744664,0.05153468685354524,0.0885299364797908,0.11225913029820729,0.0995487356693423,0.3400914724848505,0.11859200713733059,0.053121055460798726
0.09206097383669049,0.1944897865540458,0.3524688334831014,0.034837097577870416,0.07421605422271466,0.09141089105169552,0.06483134334996597,0.08690019915018683,0.008784820773729001
0.08933356712363827,0.04842740332765342,0.04332650576990941,0.14211111655435282,0.17205107577174697,0.09900805201994367,0.2716353300408576,0.0780339882043333,0.05607296118756456
0.1423137040595446,0.08156147589291753,0.08463771063907803,0.12187564517918958,0.17294091198932537,0.11947080977260012,0.034365096517536324,0.21284135482147304,0.0299932911283354
0.07018314244729024,0.23210968781397456,0.2665739399816578,0.16562835428313508,0.08027560372006931,0.07440871430891476,0.0331297878152801,0.07345888626224067,0.0042318833674375314
0.07471243942167112,0.14336182396769592,0.018626955997157416,0.0887449136718252,0.0648380991734877,0.10014082405342199,0.3898176329569341,0.09626162822088917,0.023495682536917403
0.13395982239248302,0.04871902686167715,0.061980500496438336,0.042729646571499295,0.1833271798651067,0.17096050589038436,0.1407855838152021,0.1962865486994101,0.021251185407798967
0.1525857763639251,0.033662694448146215,0.08879661134965222,0.1012595538303948,0.21846494551695028,0.13646584602517195,0.038687387795682836,0.1477342987718064,0.08234288589827024
0.08412202020389219,0.08437818148717542,0.06052519302114371,0.03567987336395243,0.10024833976224314,0.09191640521760414,0.38427109074897975,0.09252981049758681,0.06632908569742242
0.1107200354214057,0.054970367323845325,0.06594763679755594,0.08033200359106119,0.10893044698953035,0.15106908251510823,0.12420414862931095,0.18395810007420013,0.1198681786579821
0.1150344904078559,0.059922645205547166,0.029638107921555818,0.07856454921959359,0.15703259858028998,0.13475310740429905,0.15560589686460954,0.09529701752997514,0.17415158686627386
0.14326124009918675,0.025158034759602082,0.04688327779062378,0.06133767182078104,0.3195129118517442,0.13302694282231994,0.01828349001552324,0.15005002544255894,0.10248640539766006
0.09457056230513212,0.07893220175759005,0.02439360832923157,0.07126310562047906,0.06554812938841027,0.1424142344328706,0.3964666967087885,0.09222048233850004,0.03419097911899779
0.10557761799691133,0.0491064893352515,0.07449860252699936,0.05157544373290746,0.06220746882800952,0.13120375095593498,0.21175265955041392,0.17371308354541068,0.14036488352816123
0.14890591504769124,0.029487399917129526,0.11487233936911716,0.09185804739732954,0.18906328361020427,0.1218261837486344,0.027367567647929733,0.20449922763039416,0.07212003563157005
0.12588742039858508,0.04497894260026294,0.02833076660963335,0.047691522036583896,0.10219667266620432,0.14090103462569892,0.16100164882236517,0.23584465965757592,0.11316733258309042
0.1459108553916535,0.03645175497599487,0.05603161373406027,0.11685276540390864,0.17520791783821063,0.11721609245614022,0.04063641618144569,0.15519128195716994,0.1565013020614162
0.1068110373426931,0.08969910152097425,0.24343320012594435,0.04947865449572206,0.09224083976103974,0.1589110160829809,0.06113700870466202,0.13186475888346025,0.0664243830825234
0.12709497458231864,0.049420049321911554,0.053231961342620225,0.17387868564953124,0.09530660302187487,0.09490353379886446,0.22501440028858122,0.14283047406417262,0.038319317930125274
0.12588742039858508,0.04497894260026294,0.02833076660963335,0.047691522036583896,0.10219667266620432,0.14090103462569892,0.16100164882236517,0.23584465965757592,0.11316733258309042
0.14048152192792956,0.040097106988543886,0.09103464311344044,0.07038260628727191,0.2838336526615084,0.11379137720627171,0.050328566557032745,0.15861082216917716,0.051439703088824174
0.09100750808412288,0.05678545772490398,0.05269986591058773,0.0390010854650276,0.07709963853491796,0.1549001437691074,0.38952132513974314,0.10793738961394182,0.031047585757647475
0.110311851556766,0.0516594853856345,0.10079325018112302,0.1508791673123501,0.08058779599202097,0.1185251183381456,0.2450290351478154,0.10246184810419835,0.03975244798194603
0.12555213118468822,0.014704633340550463,0.0979039093263075,0.07549958645510552,0.13181672991748658,0.15053887513739306,0.04976415378027548,0.1666562712740829,0.18756370958411042
0.10274157775455763,0.09914000345398737,0.09787422143167267,0.05067639549855978,0.1193196003788699,0.11399509329930717,0.12339555457192425,0.14472020591269133,0.14813734769842993
0.060712670820347515,0.21985499427067012,0.17946527738718873,0.028888623803197008,0.0908123434821479,0.08735306528434571,0.26276156401052025,0.0576044836305095,0.012546977311073319
0.11765947867441535,0.04440703113006959,0.06935111464593421,0.027283689888785424,0.09112443854211856,0.13248436148330292,0.39589786207167127,0.07419490933941941,0.04759711422428328
0.15018333616674018,0.07848721906229707,0.18792175169598135,0.05095458209226367,0.15025218639667973,0.12508106991861256,0.09635079232600452,0.1341985432979476,0.026570519043473313
0.12323551464262088,0.08685234757725657,0.08320912822915232,0.10440504089227258,0.06335219749352451,0.138147305406351,0.22636702440593318,0.09162581363946411,0.08280562771342491
0.12189451199294778,0.03334885870915164,0.1304310647136602,0.11146361224566576,0.24350958092368405,0.10608015643228526,0.09105850400670103,0.11544190476737143,0.04677180620853283
0.13478330450597306,0.03143823809734285,0.09328203117461592,0.21874185609647515,0.12226022959883183,0.1272729804907775,0.042374279052300394,0.10329952718485957,0.12654755379882376
0.11365201000272673,0.06536361650260375,0.0871088683290383,0.10514208507745548,0.13131613110272086,0.09618511490361321,0.2699311174121186,0.10830833965485832,0.022992717014864775
0.14048950081422903,0.028005703018698685,0.08208062048844512,0.06588486236411611,0.1786638757612027,0.12759307914306825,0.05974719306082863,0.24133545198361608,0.07619971336579529
0.13578753958020545,0.053509861077486794,0.10168435292855975,0.10597488512878155,0.22973333091048173,0.1325835024293025,0.04997700140615152,0.14895405065405934,0.041795475884971296
0.16270900072473585,0.030133302751640185,0.10498505229247627,0.09837729231352366,0.15777450309977292,0.13471737628668867,0.03174008225228892,0.137208900556156,0.1423544897227175
0.07701352316418376,0.06432518775209674,0.05997741045548292,0.07031091625776659,0.042201040924158,0.09362770096899727,0.3957671055731999,0.06860720594802468,0.12816990895609018
0.1299799651246166,0.05428578867575206,0.0798618817940517,0.08992459018268384,0.08247847946863358,0.12229773809696719,0.06694549403868551,0.13096207041717609,0.24326399220143347
0.0791468874809441,0.10543207910470369,0.497267600883553,0.030460093826464595,0.07895736680692132,0.09414932189520436,0.014828043791927615,0.07572332087482109,0.024035285335460257
0.09422721132429408,0.10698159622399783,0.03406458470788817,0.029189107159056704,0.05018102426246767,0.09952915005273938,0.2899837691445181,0.08618598782255867,0.2096575693024794
0.06975270822016634,0.2508721694097413,0.05817552570704676,0.05968232087000782,0.0659995924725134,0.11488090275019242,0.2880420184650194,0.08138221895169899,0.01121254315361351
0.07881220219604342,0.09695599803090327,0.03325045646308892,0.02720371980559202,0.04567812285052213,0.07480061153914437,0.5206941197737324,0.09114268678403374,0.031462082556939754
0.12623472711291842,0.030963570025783125,0.09999461184021896,0.050206903544130654,0.17984575059026622,0.15794141053161043,0.023313177127492524,0.2391631050121875,0.09233674421539222
0.14864442913817638,0.05315368696257242,0.1153209580476859,0.07734779921372319,0.17104596900670233,0.13346999145030133,0.10711059387657378,0.1576398350072538,0.036266737297010854
0.11756475454729864,0.055054824755236126,0.05817045127301997,0.0898643592774706,0.06233756892004291,0.13945172095663272,0.3028050303914667,0.1232801677651718,0.05147112211366046
0.1503129718788926,0.0995633843806873,0.04211005771353463,0.07137248877221851,0.10628020311644841,0.1100527085730771,0.1717170030621936,0.14772223402264362,0.10086894848030432
0.12916042798923627,0.03720626127839194,0.07061588949444911,0.10445223555279848,0.20196550024790652,0.1398931543823135,0.030366965714593103,0.20704220860821185,0.07929735673209933
0.11417976372140365,0.06107946379537881,0.06427804560512097,0.14817021075577413,0.12214334064349393,0.16172614049013867,0.1856096918430751,0.08780004569611581,0.05501329744949895
0.09092804899055988,0.11431817310366377,0.12202492747137302,0.05915569216838201,0.0663672310964068,0.11592991796615781,0.2946604344215247,0.10178832505450645,0.03482724972742557
0.10793717945026225,0.20178018372650286,0.3223481313883094,0.02748324841912263,0.05091973473748146,0.09713661189706768,0.06488785879865831,0.10659491054541709,0.020912141037178377
0.12621587475405163,0.13956127465933135,0.09704403966707387,0.1680702813889988,0.15699769561446955,0.13066007943606475,0.04071844013656427,0.1246223845715388,0.016109929771907013
0.12674148699028626,0.03194516376148003,0.061476002015433066,0.20338343304775722,0.1944722561051616,0.10728535953042125,0.07174725777905569,0.09648264945530932,0.1064663913150956
0.11538029268855139,0.05566521525376042,0.06662221728600294,0.08430503890453445,0.22342821674664837,0.14684448966548236,0.060282750357722875,0.17627417050451444,0.07119760859278282
0.16341339617119202,0.04298233040442421,0.09765692133505449,0.08934424866079806,0.1833478706358762,0.13514971224085115,0.024227124892136496,0.2272175252525527,0.03666087040711461
0.08318785089057566,0.3254519244577865,0.22051873423928445,0.03661990571875203,0.0701307198820041,0.10347420102254734,0.09601058216953219,0.055478136982119834,0.00912794463739787
0.12905931139658547,0.16733475200788384,0.07491478452844953,0.12007136193975908,0.11525031121475189,0.1159024843330626,0.06734580875187601,0.10372931439925383,0.10639187142837774
0.11470974682597838,0.052535958473904694,0.06411605705206612,0.1768806407676378,0.17032940073750238,0.13340661492582273,0.013866501161832669,0.1962611407152893,0.07789393933996593
0.09551308412684419,0.14513488466859234,0.13930785606395632,0.07259605222473782,0.06867064037129322,0.08444356662401514,0.27633336331021413,0.09255295900716504,0.025447593603181703
0.07434947975675825,0.3068946447218673,0.3230275913170702,0.033839880382717964,0.07162201355653823,0.08266330296184062,0.0356784097645458,0.06350248268167819,0.00842219485698341
0.10511339747196913,0.2673902560303365,0.3065813122799261,0.050142590023530796,0.0839989705503847,0.08924973658724673,0.03740531137696037,0.05625239162867002,0.0038660340509757423
0.13758188784720637,0.04986418249648492,0.019579047069425162,0.14336936538682143,0.0922680320359187,0.0946654057766609,0.32478393829108204,0.11820761485125031,0.019680526245150074
0.12270228290248987,0.10126267922627674,0.0488616784730219,0.06610320449476273,0.04450018633477535,0.1521739004184822,0.3057833446917945,0.10050847386091323,0.058104249597483525
0.1305156241360859,0.08185567114662577,0.04779266275689074,0.05292358285102789,0.13039617946718582,0.1334170358654847,0.10239127002037753,0.12460003235857227,0.19610794139774934
0.08599242740980495,0.15196623733804548,0.43234350363263907,0.027286836640572146,0.09654017748899764,0.08923925976160925,0.02119032920883944,0.07932989611590414,0.016111332403587957
0.07311327891242408,0.1332682448625976,0.19872956041185383,0.035065100539976454,0.06364159745682925,0.1088683243685822,0.233931401921628,0.12698824191435765,0.026394249611750926
0.12023530639182335,0.039021107819914184,0.04972747934646815,0.24425632521086735,0.15484325888748074,0.14378084652231582,0.00969319077626219,0.10080699976135044,0.13763548528351785
0.12880696632094685,0.16316110956084276,0.04500095621231053,0.09204602909319896,0.14261943167957322,0.11839175769389819,0.033034290063481735,0.18502450154626413,0.09191495782948371
0.13604015821103443,0.04809455402420217,0.1248021688492343,0.1898555233346251,0.19127249999743867,0.10967575726908459,0.046418216752173135,0.10442641674244928,0.049414704819758314
0.08558602441826513,0.1331319521691291,0.13887790824297683,0.05407521895016121,0.10769328378866638,0.12857935458453745,0.22454117274217344,0.12061371990064297,0.006901365203447501
0.15354704155101107,0.09490308211997983,0.04161545435531271,0.06345920506172936,0.09671344569048151,0.10749281861747846,0.291951063228147,0.1020032446353168,0.04831464474054329
0.09850604544206576,0.44149491707165406,0.06808830365078555,0.10147090889550202,0.06891285109906571,0.08822821275111338,0.06636009636741633,0.0638887591370813,0.0030499055853157723
0.10950606467285622,0.03590256990666551,0.03340821850615038,0.011276655603043214,0.08573154718187231,0.08614001407674132,0.3416835957663646,0.12600391885211135,0.17034741543419515
0.08243407858902523,0.2611984614281683,0.36322241568747615,0.03813967823592376,0.07155074930833182,0.07085380326178534,0.03672070867024956,0.07193444638355001,0.003945658435489837
0.08360944431703021,0.22293104537438502,0.3885015728939299,0.06861137252876041,0.05502740491952681,0.08284946587821208,0.03980408045507644,0.05024603242576039,0.008419581207318769
0.1182231204532007,0.0923347583039919,0.082531367687343,0.1204990400247189,0.07932283562046509,0.11353470954875228,0.2713192960250071,0.07022944625692917,0.05200542607959189
0.08708539906075619,0.12692178535498042,0.12778216063546247,0.03786903620221826,0.08532752924048605,0.13107748719396575,0.10784211714185282,0.2094303939000801,0.0866640912701979
0.1783891756895092,0.07210470122082586,0.03444170528732255,0.10965611779845823,0.18919503186470454,0.16537398642518825,0.03895674159037043,0.17054479983016302,0.04133774029345782
0.10331814928905055,0.05354142831811196,0.1577888883195906,0.06903600087362097,0.11744916641306828,0.13893679141913248,0.162260378551407,0.18048229597656376,0.017186900839454306
0.13641039256632645,0.033134271022210025,0.06266857025378891,0.09750622935679548,0.22782398403700746,0.1213664459484952,0.017136223540046815,0.16014000998378497,0.14381387329154469
0.1011530040419893,0.11761448950521129,0.034963690835067146,0.10213741232209082,0.0739955190777488,0.102723724073994,0.2686183204023643,0.08628146605563941,0.11251237368589505
0.09529449762933977,0.18708848488072852,0.06683290698720358,0.06285293946112136,0.1426931169222164,0.11949844260779412,0.2206279938938637,0.08591314133059881,0.019198476287133753
0.1464889072304679,0.057605185349792594,0.09106213469319113,0.07549465584666491,0.2243326858765824,0.15312928782031085,0.034320256729181056,0.1930769475165027,0.024489938937306475
0.10499765144342692,0.05736860014147304,0.13368259121389772,0.05657072203647593,0.05182791649650997,0.11576636569441927,0.3893309012770023,0.07183790097443131,0.018617350722363483
0.1397295765230069,0.05380031906079132,0.09616131901036727,0.07146458517087823,0.12258816158717552,0.13581131977166658,0.030998165363430526,0.2582050689113739,0.0912414846013098
0.12739478616160582,0.04460871356681801,0.0740531804374933,0.19822803612462123,0.1419365375411771,0.1386359161303785,0.041805982680375116,0.15501399994034762,0.0783228474171833
0.11438834446313666,0.032757107038485576,0.06768812894942548,0.15205004344673242,0.133192256620943,0.14177173676020025,0.049461614484224474,0.08528108191035168,0.22340968632650046
0.12285200943152767,0.05757955725373639,0.05559046859847817,0.10801730045073338,0.20527599640164018,0.13257706903469932,0.008869559078810903,0.20400245250428503,0.10523558724608893
0.09228538984195782,0.07987858861759538,0.15721620561194175,0.09330964780549743,0.09471473327513392,0.11752292217080318,0.17627473333035912,0.06662816140345156,0.12216961794325994
0.10908970951410561,0.018658216692387184,0.09955698388853151,0.12127542433028098,0.1934513570383285,0.10373706607245804,0.04405623963959357,0.09096211844881347,0.2192128843755011
0.1618086533727899,0.0884885216060912,0.04395675130493809,0.11372799491279821,0.09524829149647222,0.14465588437664648,0.15113106073622587,0.1271632435019311,0.07381959869210693
0.12067591076064543,0.05104520744784097,0.045417561612899726,0.16727904789788842,0.11460239739661421,0.13533796197351683,0.1438517376306066,0.10811371756644461,0.11367645771354318
0.14538570275997384,0.06805721412265413,0.05952506153632744,0.14802339364115483,0.12886211707805825,0.12436964394804717,0.0635875655494771,0.1997037774962004,0.06248552386810679
0.08569140550825853,0.07994703700247448,0.024293532925829354,0.03462765314953747,0.08030035311754703,0.1555056869984872,0.3548766940343456,0.16194349042339598,0.022814146840124363
0.11814278948884599,0.05710373182589281,0.056820919636991984,0.09689361505155414,0.1675803543302543,0.15862573895965706,0.024689877882055386,0.2685200386460942,0.05162293417865405
0.13134766289889263,0.15357563525454884,0.08425777661446969,0.13565022341754066,0.15209612395029395,0.11983411967688229,0.07498328762082211,0.12677790517657006,0.02147726538997982
0.09519492886285068,0.14711051333642225,0.03570278461857108,0.21164641710046597,0.055132151943246444,0.12135499555602326,0.13868326008262985,0.16214231048087244,0.033032638018918016
0.11871490162315156,0.08169640444626726,0.14037639558949455,0.0699786153084099,0.07429125161941146,0.1292500508929232,0.2707152931987135,0.09736456423075496,0.01761252309087361
0.07842727510584786,0.4014212576377297,0.2059837214322792,0.02823591462229141,0.11482953890225178,0.0796344333853619,0.033869830917257815,0.05136869132559153,0.006229336671388766
0.13438969775551826,0.06520136709989958,0.07618679628013585,0.0837774854897646,0.20732794798162124,0.1359243036393257,0.009529722112312664,0.2027557242756267,0.08490695536579557
0.13630102021667212,0.021774373422628997,0.07768646961333421,0.08701548602707687,0.09906986979314436,0.15749044271359852,0.1112455810700459,0.21106364045889278,0.09835311668460626
0.07585920338701745,0.0247962897262477,0.05204993798817186,0.04341590588039367,0.09297497281168833,0.1282784644652953,0.18245751021512835,0.08548690951196834,0.314680806014089
0.06225427919866076,0.3913289008628577,0.26133962668726046,0.03634116346509639,0.0638200109779966,0.06842764992222977,0.025660322267691934,0.06552466209148823,0.025303384526718153
0.14249298860019316,0.03429696457081654,0.1465049232706036,0.05442442988877886,0.1070564145508504,0.12404382172778598,0.14345988482583014,0.12224531937115352,0.12547525319398783
0.13222709221269813,0.05618180621597176,0.05051045258675362,0.23389260825625455,0.1630147086552847,0.12534462829244444,0.03133824657974842,0.173833455854025,0.033657001346819364
0.078812682174117,0.02658676790324693,0.04489928161631416,0.09123302115635991,0.021840641970697516,0.08159384080389283,0.3276531326001395,0.08402895890960926,0.24335167286562287
0.15586458199703707,0.06149693949119067,0.057578251473302804,0.1107626632156757,0.18041578085624746,0.16937207853864086,0.030016385275196622,0.16868092566488627,0.06581239348782261
0.10950606467285622,0.03590256990666551,0.03340821850615038,0.011276655603043214,0.08573154718187231,0.08614001407674132,0.3416835957663646,0.12600391885211135,0.17034741543419515
0.09373352442189976,0.09519812970989856,0.021501968930918745,0.020993901617750537,0.07640167288779241,0.08260475385159825,0.3676210650019825,0.18720114950387398,0.054743834074285284
0.08432156804057052,0.2730644599759291,0.28341057684589077,0.0318456750875275,0.12020443484577713,0.08878963525002076,0.029248060268197967,0.07407956695695511,0.015036022729131121
0.10667972662059984,0.12476933530678526,0.14064619628090547,0.054960861535365356,0.06407626914671839,0.09936439565988942,0.22511751605842847,0.11192451465635896,0.07246118473494885
0.09541714633987396,0.04743120521557185,0.04406534539132845,0.1613983527365607,0.06145931613661979,0.09604461123366968,0.2351897959424384,0.08346630058535043,0.1755279264185867
0.1337810703108759,0.021705360385654075,0.06286352201227534,0.10514456407177768,0.18953140920988154,0.12382446972383161,0.038224293411121525,0.20164309110537848,0.12328221976920391
0.10496549421401884,0.0534816405995017,0.07785604809552454,0.03181072636305142,0.057523710138731386,0.10469295178475652,0.33154313874421276,0.06818800437117055,0.16993828568903224
0.1154875329469272,0.07120563098628706,0.1226375590382439,0.02418418641648115,0.07322878597128231,0.10300202260542834,0.26663991225716366,0.11577890313735023,0.10783546664083614
0.07825090601967045,0.05083780458595144,0.0245240466759223,0.1389235510636131,0.07260765988802888,0.09862089911509352,0.0957803887470652,0.117217010836776,0.3232377330678791
0.08672655797522315,0.1667593003840769,0.28926506471962904,0.042614419833802875,0.09811840318458476,0.10111692804906436,0.09088293282136782,0.07804010016144299,0.04647629287080816
0.11420988176834657,0.24605872957089234,0.15351966222596752,0.0391605610218455,0.06253885634465266,0.14346548362688674,0.16013218825170963,0.07214165326182176,0.008772983927877249
0.1096627445939738,0.04094625547149824,0.10192171222337543,0.03101199419835036,0.05624689885426457,0.12697646767515933,0.3729620532977751,0.0749792765122701,0.08529259717333304
0.12128301443848626,0.036795719301954834,0.04560720395201728,0.10090942915333878,0.22234695415329,0.10708426542931848,0.015559322220518057,0.12808615272648652,0.22232793862458977
0.16270900072473585,0.030133302751640185,0.10498505229247627,0.09837729231352366,0.15777450309977292,0.13471737628668867,0.03174008225228892,0.137208900556156,0.1423544897227175
0.09670322414769095,0.05493845890164357,0.06743479820184559,0.054087722966578176,0.04038019926569791,0.10423865290199885,0.4507621597192804,0.11389982030077478,0.01755496359448987
0.1248085802068214,0.08883790919004203,0.07733904028701666,0.06958563175256155,0.05856710590839729,0.10175937502696092,0.36600645993745634,0.09427847212760836,0.01881742556313541
0.12237955988647559,0.06283178654760718,0.14767466953665298,0.13470299673322464,0.09999923567981713,0.12358360246015003,0.0746628946545186,0.17082439938829544,0.06334085511325836
0.143382018337449,0.03347830551769102,0.04882868899867409,0.09045507117051117,0.2626757074142752,0.16307506018144693,0.009240134430645242,0.19764651918717813,0.05121849476212916
0.16996510641216975,0.011413330648703793,0.07385931920699075,0.07428010128177753,0.15352160484042524,0.1649876814483473,0.03345800222107859,0.21765776952515273,0.10085708441535435
0.0841384537489089,0.18994277908324322,0.34779800459964544,0.029555716997948827,0.08728717583664354,0.09800897353034906,0.09436100218383338,0.058582945333806515,0.010324948685621156
0.12813727144286266,0.037794179212678636,0.06138646584379965,0.11292223825769969,0.22674443908473077,0.11946754304737402,0.027345866251282786,0.2075802321638799,0.07862176469569189
0.16238687947182828,0.09421491671209285,0.032998557294784014,0.11628800363431625,0.0731383176228139,0.11519707908594885,0.21354173811766577,0.09998164043406733,0.09225286762648266
0.10580514099819631,0.20752264440571452,0.08216693538819307,0.09398344192427588,0.09626941028404484,0.14732520783335987,0.0997916968641042,0.11980751341699149,0.04732800888511987
0.125023104660432,0.1554952380180132,0.11471076363001004,0.02526286557395202,0.10591579312172632,0.15092038689154172,0.08058684691457269,0.2188856420724874,0.023199359117264663
0.12401058785353901,0.05304089609250436,0.1079761873315384,0.1772173089369616,0.1977838662096243,0.11736058556545408,0.024999119040736293,0.10157241071918895,0.09603903825045301
0.10874101609714759,0.18916126422249624,0.042204070741729216,0.070532047893955,0.07214469481178262,0.1281043150270157,0.12648551649375123,0.21257250619830784,0.050054568513814464
0.10406814584169682,0.04083908127772778,0.027245147190524833,0.043574108862912575,0.062533471084546,0.11023879751219119,0.35067890545864117,0.08454289991936757,0.17627944285239203
0.1296579990047863,0.04296651601789291,0.12894059648663647,0.06713030513762071,0.1122445615380131,0.14711660401440319,0.2500700416448898,0.09478069152322126,0.027092684632536227
0.12112738352436435,0.08771231304855316,0.07463418140414793,0.03258778286775207,0.09293291201792037,0.15321290342251961,0.3192363729468099,0.08912524521811893,0.0294309055498137
0.12562946024873659,0.05654934560643924,0.12258078332213078,0.18201319420440454,0.16415976519063244,0.10466899447091312,0.063167467546197,0.15547895104792123,0.025752038362625036
0.12572907292203367,0.043789364750177105,0.040198313360094044,0.0916860164065132,0.1456783007403544,0.12148705088287776,0.032130445173616844,0.1521598331523681,0.24714160261196497
0.08908619090683896,0.31886341471491325,0.19542976960707636,0.024373225925757358,0.05758268781966903,0.10541049345733766,0.14977338038537827,0.05212780106977024,0.007353036113258747
0.13380823059089078,0.0410979499023744,0.10842783283356638,0.15088291681523824,0.17106838685963824,0.107562502626324,0.08142496438937272,0.1840045603249073,0.021722655657687977
0.1397415936671941,0.06264797067353003,0.048907873873891124,0.10098716662267555,0.09056345867033087,0.12624753805980804,0.14522463256827456,0.11641126208556195,0.1692685037787337
0.14672868510934256,0.03215496890530611,0.0762882869178885,0.1220921042269796,0.2637157780277706,0.13698760692568693,0.0434380377608266,0.14942985037928203,0.029164681746917078
0.07858829810981126,0.2790344809221637,0.2394150048969943,0.07361479030746489,0.05207505267446291,0.08014493270820677,0.0955862314243376,0.07494744335677916,0.026593765599779468
0.08208003295900494,0.2914671348894275,0.2632939814764502,0.050636914727137154,0.0692338335796112,0.08142277013953181,0.0400465081667458,0.1160486158367245,0.005770208225366852
0.10606480106650491,0.020707402273959036,0.10391988081322763,0.06844586633789734,0.0610180582903408,0.12260526592190006,0.19735806445133233,0.12014739896724798,0.19973326187758986
0.11511387504012068,0.01892141318347298,0.06552284774838366,0.15668321047064818,0.10839879908876825,0.12788768582123589,0.18040782970597916,0.09403754437050182,0.1330267945708893
0.08017522009106996,0.04420452478120022,0.04305322547124272,0.14617706084532692,0.058078010917434274,0.16430747263515869,0.2710180082485015,0.1549373531419316,0.038049123868134124
0.10900853913961205,0.02508604160348121,0.04654595926847226,0.05082653995806078,0.09807768360180569,0.1113155436011533,0.3922818200177822,0.10166647774070305,0.06519139506892947
0.11416360986532204,0.06504760141975997,0.08761122607676708,0.0694223998895405,0.1217501956615203,0.11986480409189106,0.25822869812380383,0.11157469353959355,0.05233677133180161
0.1619033531388185,0.029292596350805916,0.03236269258814443,0.14339591228627424,0.1824505315079903,0.12739157150539696,0.048754098975826166,0.09978508426695783,0.17466415937978566
0.14960279525362244,0.08471945860232453,0.0832378795903098,0.1317741658054618,0.09832312153458063,0.1451218524844187,0.07069412726219003,0.15292254636638428,0.0836040531007078
0.10830042319824361,0.029573014491013534,0.029953552590082737,0.02605262321620754,0.0564662152520678,0.11724429717604905,0.4214157152093933,0.1143280255880038,0.0966661332789386
0.08529809688822348,0.27980262593909994,0.31294406800710833,0.02844689299077764,0.0681440759355658,0.10569807514388778,0.032479635906905745,0.06565243965319854,0.021534089535232743
0.12033500874424591,0.030415280607644934,0.11502523829488004,0.14060586018720755,0.13772257297872056,0.16494142659324282,0.08147487729346471,0.16059309118634887,0.04888664411424471
