0.04712864546315895,0.20752067044354697,0.0879089344891603,0.06232928672554614,0.2286918158096931,0.01651998190275925,0.15826650215371574,0.0864482095984858,0.10518595341393383
0.14266763556543788,0.15932037275655161,0.1335377968552683,0.029727331411754942,0.15900651092078785,0.02457943772819303,0.073911783716467,0.1598984168806619,0.11735071416487759
0.1488820567585822,0.02963980036680307,0.2041026540645696,0.07485826052047087,0.06988200708932761,0.015920636375040965,0.12735961104532126,0.28624768219811453,0.04310729158176993
0.09168642445744851,0.03973434035884054,0.12748111958487957,0.0864030194226939,0.15401314521570833,0.03490414622235533,0.16860237609299303,0.21256914758378154,0.08460628106129926
0.03642526309944378,0.16865774717542162,0.07694544216282062,0.04105640332513945,0.19412353095053814,0.0454588934020815,0.2608516389051732,0.10381042807766316,0.07267065290171854
0.04593693227138312,0.03811039810828071,0.15086426363331878,0.1069133784612768,0.04097068415233233,0.2564404746047437,0.24159552126719444,0.07371665475676963,0.045451692744700456
0.027244175828269532,0.11349796025855864,0.038930276420650445,0.07455663001672976,0.0652808458100499,0.17627698771287237,0.10013584159366173,0.2031991747900188,0.20087810756918875
0.11424593109759384,0.10459310019866734,0.1707381508159341,0.026901547539945583,0.06596324837186392,0.09429987843864561,0.12797307880915815,0.10775418397879831,0.1875308807493931
0.10173344211236669,0.06595102856314436,0.03887775764782928,0.14210480227815378,0.06787162983852335,0.36243508007213526,0.042248724403841344,0.06692700969566845,0.11185052538833734
0.0581944173253621,0.05020014949711125,0.04052237715253819,0.20264113980388174,0.05220451967378167,0.3237647291555416,0.09946245270552605,0.10920363198578376,0.06380658270047364
0.10309193144367396,0.17140818591285498,0.15298533391046298,0.035825412603728235,0.0667581972189303,0.1540244651204991,0.18462600206121046,0.08672675015226942,0.04455372157637049
0.07371786949603606,0.0937170201141229,0.12866827233872158,0.08606088397528106,0.05755982402769292,0.05584410136828036,0.34311332648531595,0.06949579043075939,0.09182291176378983
0.10548236373420196,0.07583857447767581,0.08736350235441158,0.0745348166423935,0.09812505270171841,0.1139442220653256,0.2774282626882243,0.050190947978172584,0.11709225735787628
0.07033831634389201,0.07106985676348987,0.0896354341263473,0.10548641915353825,0.0686903074654228,0.22781150420576377,0.10764111860389745,0.15922234274469474,0.10010470059295379
0.10427473008024839,0.09532002208135741,0.06284813776657816,0.10367052859614083,0.1322874648803213,0.06949714466241041,0.23737385958791338,0.10632961098408943,0.08839850136094064
0.08974219232132152,0.06912655571608971,0.28707835935387055,0.011097628881728957,0.09498437600557609,0.02529774957781622,0.1876743294745724,0.16948911241249645,0.06550969625652812
0.09666095994246206,0.0933180436679204,0.14153639970047058,0.059810799463001475,0.183336265224747,0.013392706704509304,0.08813811390482888,0.2247562422519834,0.09905046914007691
0.23201897103389044,0.04815970146789625,0.09633321947559224,0.0859380362944131,0.08266280537554342,0.11719471283745164,0.13225769629362408,0.14340277979164365,0.062032077429945175
0.05439488565526459,0.01987156790415069,0.1188752505623576,0.041375693166040436,0.04414163601171161,0.15024086587211122,0.3968257562405318,0.06246984584515577,0.11180449874267628
0.1466782019477537,0.04267432679086033,0.07796980064913106,0.06215088706871389,0.15983158997269983,0.042502160645339494,0.1581918945292809,0.18759679061500587,0.1224043477812149
0.08602327460347682,0.10211006398694399,0.07057311273255516,0.11984630444787076,0.05381035104415652,0.19179991425007192,0.19782466984127753,0.10028194214912806,0.07773036694451929
0.04068633109727232,0.1101021997242353,0.16847719478762246,0.06808468356597877,0.12343231024108973,0.1283026971132816,0.11109390239046955,0.12515034463621386,0.12467033644383646
0.28622048410711315,0.07962451170019592,0.1367058482413842,0.0459735773957759,0.028452376911140834,0.07990935561628758,0.11561525931064416,0.14218174179034562,0.08531684492711254
0.1443897218568252,0.08692885863600412,0.1918805314633614,0.09916729918598682,0.06621359469225642,0.06865401986409117,0.18912518153967017,0.10910748391663322,0.04453330884517148
0.05698849037834014,0.13073185940351129,0.1865999113459191,0.23457734812352848,0.08588266271579557,0.042183240008615445,0.08385708799412221,0.13472324000132938,0.044456160028838364
0.3093819485809253,0.11839026346899723,0.05468179136227721,0.031036892751383893,0.11882033586340375,0.05492088651514134,0.12523323759045016,0.11629937159519932,0.07123527227222191
0.13551764213879905,0.09952211725404853,0.06383112768764534,0.024564160944126032,0.10993131318038286,0.05276305400964245,0.19641941567039822,0.11041354203058103,0.20703762708437645
0.16008814066478197,0.026102015705953902,0.09873694150107383,0.09583198071688064,0.047856295912151535,0.020067151994409314,0.2067330949260433,0.2792742319454358,0.06531014663326969
0.0774506765746213,0.05196325540641351,0.05262301694010932,0.04242458442848835,0.08490784202054141,0.4599238407292893,0.07880118524405337,0.07790548558822676,0.07400011306825664
0.08583550339633934,0.056448184961815674,0.08883216151606055,0.06140906391309675,0.16699441363802067,0.10892810369376975,0.2698319830998677,0.12123016731292731,0.04049041846810218
0.024016837848297366,0.2565949332584952,0.1446605578153909,0.1326199371324302,0.07565357536613695,0.047264527044750405,0.20474066639189223,0.06160740227148901,0.05284156287111771
0.08131747076894559,0.036297291632489945,0.10992699370173616,0.024351114080505585,0.09302234443517714,0.09598757243034402,0.3780403493283408,0.06724700881269388,0.11380985480976692
0.12472920691695216,0.10365836955299028,0.014721945510723235,0.04469983488207397,0.19283812512136564,0.018216415070438266,0.03545466453575538,0.3991251277159145,0.06655631069378654
0.17927377331506,0.06808455131350019,0.0960198079444002,0.015227987529435591,0.20148197839896667,0.06412365855365589,0.13618166165530868,0.1830058365388584,0.05660074475081441
0.043478597763815484,0.09190075520563339,0.0797485574822176,0.1634670405093252,0.03429992350524334,0.09959996266834842,0.3532578121698924,0.037128782878007915,0.09711856781751627
0.19688624781621125,0.06801528928432042,0.025727740510939026,0.15270821522198916,0.07323098833417409,0.23802709991357518,0.11793666873550124,0.06490031668971931,0.06256743349357023
0.11883514100208901,0.060032604539092836,0.053174335509499016,0.06928136797058893,0.11898758219383303,0.29399960381269624,0.07274156776997369,0.1366252256779806,0.07632257152424661
0.27942226839138157,0.031152904348028993,0.029522697345179354,0.032382674901651164,0.1385912111439992,0.015692259416918847,0.2963431881448912,0.064392007433009,0.1125007888749407
0.11893827802435741,0.04917825146628604,0.06031999437196147,0.0331120293493764,0.11635589107152695,0.01767112286842972,0.3633489461754093,0.1425416875555493,0.09853379911710342
0.25579425896672603,0.04866229445064752,0.0990800342842507,0.05238096379000537,0.06341228903454618,0.02898933784579576,0.30974266994964994,0.07608173181284905,0.06585641986552938
0.0739112803513344,0.1803650643259441,0.04720644538088476,0.03468373592972578,0.0634188769486108,0.2367526126870971,0.12111539922929214,0.14878173904148417,0.09376484610562673
0.24998000951689126,0.07737503864649145,0.09402006008555001,0.03890805985349716,0.1105621350071566,0.0447456295166381,0.11629949205952284,0.17004792864531745,0.09806164666893517
0.13846380729257932,0.048178477012228806,0.09870512765958354,0.09935954884053017,0.08403515076796168,0.007646838731235929,0.15460100691665965,0.28401113236050624,0.08499891041871475
0.04475401612379714,0.06641721566380986,0.2497106826146822,0.0203158180322365,0.1771689560338647,0.01848696825599518,0.2738021616087771,0.04086129795375167,0.10848288371308573
0.06787745039698298,0.0772476769359527,0.06511369180022614,0.0874437994560107,0.0801725447821047,0.28557292480291147,0.2335318376681799,0.04035671774885526,0.06268335640877608
0.11275238878412863,0.0825568460869908,0.0835748631611754,0.012225836603801693,0.10942218424077299,0.03390375492114491,0.3146259283149093,0.16913849736808764,0.08179970051898866
0.028262208140115583,0.06559869535887512,0.11009733358885776,0.017647156496178398,0.23059848894043747,0.005736237768168729,0.19712250263860456,0.2953242024201139,0.04961317464864837
0.11772840795523017,0.07583648399398982,0.12035863594809172,0.0372260944207474,0.0490105855106217,0.06900538225766067,0.3267789993202369,0.13905089673194276,0.06500451386147893
0.13336567533964236,0.0957615773913324,0.08915883370643213,0.1749738289507746,0.04821475859979437,0.044450588619041415,0.2639520253906891,0.09404347223150411,0.056079239770789456
0.05712385068506934,0.025608127026470442,0.1680199608869044,0.10042493489225408,0.09870577191067949,0.0037845122907144402,0.05170619704380886,0.24545618626977017,0.24917045899432877
0.07216802311850222,0.07501592020239053,0.08711601247423974,0.02010163377477268,0.21149442617255412,0.006026554740156945,0.26963958062752785,0.18408889004036588,0.07434895884949004
0.11237484318426272,0.03472844950781979,0.03694166753781732,0.04640607473884711,0.19665315378612402,0.04867229552774451,0.2950316576307876,0.11064292400350356,0.11854893408309337
0.05486668942357616,0.04923848650761201,0.17290725008464006,0.15456799887955777,0.09344402537222336,0.028374130617648523,0.15446327314485161,0.22289720340785388,0.06924094256203663
0.35757509771703994,0.04911963693332131,0.06272450881641915,0.0670637123834892,0.08052818850088868,0.04492268380054872,0.17502204708796465,0.08784889613874074,0.07519522862158769
0.1370304982920192,0.12554595306264896,0.10359392910782513,0.07551082625272056,0.13654793092633258,0.03976945343313699,0.18216389757044868,0.14469726350061177,0.055140247854256065
0.15636998864884896,0.051979344595215186,0.024506573667645682,0.12087677669848336,0.06966086023789778,0.15444528877094144,0.2561647239159761,0.10556904609095306,0.06042739737403846
0.05090166825883125,0.0673043158414897,0.10786358436349952,0.04669496903304299,0.15476973531219493,0.08381162863505583,0.32739024214633955,0.058793339105917115,0.10247051730362915
0.12057926995937379,0.028420506714459653,0.10835255598058506,0.15168216305518276,0.0390191021619333,0.08679492736031451,0.208341119034634,0.06495854970771525,0.19185180602580174
0.06342358617252797,0.052376381112665404,0.10500630928764877,0.09546636703012074,0.017519758318732617,0.3454123933852716,0.19684992124146014,0.07011399492453708,0.05383128852703578
0.2696625191100772,0.04663613570545715,0.13377095581728266,0.06532751363321122,0.12571062819189377,0.032324196840443735,0.1715378631923059,0.050846599189808994,0.10418358831951939
0.03368685350039367,0.08183692337281281,0.08082576969103128,0.049420833336797115,0.15587776030568193,0.01463505921162292,0.2882696207659571,0.22087944228851694,0.07456773752718623
0.03939435869903673,0.34238599260311026,0.03804151111749219,0.13028389033157495,0.06624029338912275,0.09227838780526093,0.13722308803480718,0.08642600024879106,0.06772647777080401
0.07374863439003135,0.31818093931015407,0.048719091932560875,0.02832461666776515,0.04966999667517727,0.09129650128543554,0.10552656296817066,0.13546571783870165,0.1490679389320035
0.11261885942429378,0.09468568582038546,0.20686256383453308,0.11226207763567353,0.11077165107819746,0.08251034794911277,0.10604206464421023,0.10124615382622874,0.07300059578736486
0.07450219743847156,0.04144856026952328,0.11108924512290123,0.08240469844278936,0.06805914580665538,0.04128631518247892,0.18154258586565122,0.13417690411361716,0.26549034775791186
0.0644181091233705,0.11436218560872269,0.1352559338050529,0.2898960481015184,0.039696429348030186,0.03989149907616637,0.18960625704621592,0.07548466818764049,0.05138886970328252
0.11965347909655187,0.02719918779044025,0.022610057771016125,0.0844766631971371,0.173352812859485,0.011202422162669487,0.2217836651979255,0.27735405077013137,0.06236766115464334
0.03402839499512439,0.07945839418093849,0.12148115392635732,0.015334000206161427,0.14526628963962074,0.038107725296116925,0.4324540661575944,0.07178166188557279,0.062088313712513575
0.0785673543524477,0.05741286998822248,0.06762553082370401,0.13247503280537656,0.03147636139005183,0.4475841206738669,0.11444509715280655,0.04042442717395272,0.029989205639571314
0.07443509896970822,0.055005314226388845,0.07434240641707776,0.10006205756714921,0.07266904986029514,0.2651846726023807,0.18150769114434703,0.08903915309212813,0.08775455612052496
0.09206333237015966,0.07524612808094029,0.3741546373909866,0.11636072441226518,0.06495985163607593,0.09131119939967695,0.03142732863553515,0.09017492400315524,0.06430187407120509
0.03712349060288258,0.13216289056773578,0.18443440147826154,0.1628766127124061,0.0210032710643366,0.24841947191049676,0.04912553193093506,0.09717138933818498,0.06768294039476058
0.09102078621091869,0.08069995426383354,0.07329775412873772,0.1029458338868932,0.09708008493130095,0.09445204901348614,0.039149610336849786,0.28015492000339787,0.14119900722458206
0.2432116075662738,0.10203661147750344,0.03634942554799764,0.056092297312885786,0.13556898703563172,0.0330178609554397,0.08373147208282868,0.09841766948615686,0.2115740685352824
0.11020426603899665,0.0488083765793848,0.21934720601329452,0.020848651142426216,0.13681544016880787,0.032805897709746214,0.12133761902624063,0.16327185176823178,0.1465606915528713
0.17670468918798346,0.10903503424529766,0.058322531531873355,0.06307627619503116,0.030125484352529514,0.05902132288199472,0.21139546504079745,0.08548468578078977,0.206834510783703
0.06643293648223504,0.03399250176899692,0.21705229783862512,0.045475458888263987,0.11666740145118716,0.056622152531041636,0.2683018407008116,0.06534423742732441,0.13011117291151417
0.037938206292250955,0.03725360426120005,0.10106525953836427,0.11825011732828217,0.1707985766014085,0.10034240592501481,0.11853037967701384,0.1024897626911664,0.2133316876852989
0.1531864804602203,0.033849342076845895,0.030606309227327013,0.015046714765610042,0.09494389872480948,0.040373576981525765,0.3070814887348153,0.2533392317033468,0.07157295732549945
0.03960998345441997,0.04794513005795259,0.09734705999158148,0.21852753360075172,0.05249814225720011,0.14399654658825103,0.3063863854672806,0.051600142284782956,0.04208907629777956
0.07817133111651291,0.0644638119228428,0.2365638723611357,0.06607410339560642,0.05638225857056245,0.016336419202517678,0.32556194848483555,0.0905008362744935,0.06594541867149291
0.13157918076218103,0.0751633064041539,0.04758748410020566,0.043612066026997694,0.05896736729227011,0.22337256063808283,0.15687484740052116,0.09428090026545007,0.16856228711013752
0.04329973712040769,0.09847988025413829,0.10920083551071673,0.12592911752459082,0.10452148101285413,0.1575560761663318,0.052466240120569,0.202410496016305,0.10613613627408662
0.15447830501880802,0.09641961334990974,0.2102747444526579,0.02730577057220039,0.05870380027622296,0.11706371076588469,0.05892421405104597,0.21063638192587122,0.0661934595873991
0.050319541842162856,0.14797169063365623,0.07622121897209959,0.18614274714326498,0.08188517961577331,0.11208389364778669,0.1821194154527466,0.08557471978186504,0.07768159291064476
0.13727898969050512,0.025507243072932895,0.1532937033027002,0.10651055370443328,0.06954656665316192,0.010371995970503619,0.1377858993748965,0.3183040886138251,0.041400959617041426
0.1930370662874312,0.0722300038784197,0.11656204283754563,0.03167887775671785,0.14319501731514717,0.08957988101027146,0.0688759068518165,0.17343204358246048,0.11140916048018994
0.07917042148644861,0.08164130099629956,0.23043119746292198,0.018933109377666405,0.07229099002825917,0.020225206684194506,0.39208518273037946,0.03826905951674482,0.06695353171708542
0.08932500374403464,0.014638304303173248,0.08963388211440942,0.032124495569533056,0.11923202310030735,0.06228507784255503,0.2731146911767056,0.2354541569776987,0.08419236517158281
0.14358498122869987,0.03961793210570028,0.05711846098941567,0.07649702223962716,0.07583320719099672,0.21462058352057858,0.22613812810205455,0.05824782161925265,0.10834186300367445
0.17180014023046042,0.024356740746365776,0.1090616668408576,0.09718681682651513,0.04579633601671886,0.011004396641448075,0.1218427298886056,0.2836670457838245,0.1352841270252041
0.07336024609465455,0.08798414848175323,0.11742975131074936,0.2528925917735153,0.02801535971002496,0.16312012254842878,0.029032832069121207,0.1946628713881108,0.05350207662364178
0.022393671329132437,0.15447125705603248,0.07108323815600005,0.03867221300694425,0.07963905417783672,0.07128532262373825,0.37625174616910667,0.1182358510353921,0.06796764644581708
0.11010971021451887,0.04762124137191004,0.04311542501768562,0.12315046050243827,0.16836643964397127,0.04876668658236919,0.16613516423729038,0.15008180886968217,0.14265306356013413
0.1376333200279067,0.028747458010890636,0.07423227344180942,0.034757893926670884,0.14102435510097464,0.07494402490732953,0.24605245670808173,0.20825646838550102,0.054351749490835426
0.08713088495292638,0.07949653200453749,0.061711079220348186,0.25262657960296436,0.07850665430429309,0.15652599692761596,0.10979076764024637,0.09230723363510164,0.0819042717119665
0.0747987934530241,0.13183593463208879,0.07688820248047055,0.06637642661064562,0.15550516311544604,0.12168012316912075,0.1323071156650001,0.06465742136730211,0.17595081950690197
0.22218947660482802,0.152020998521425,0.08669282158276477,0.069068496194291,0.16133584224028982,0.09155124099836165,0.02028196974975582,0.1083275699811443,0.08853158412713964
0.1598623821442554,0.06746091575966197,0.14266118186724555,0.04479972309525871,0.12467116201178458,0.047113326113018404,0.196283403313783,0.1629663995233754,0.05418150617161701
0.06745413891552024,0.3606345618938223,0.025435715577865416,0.005909282365917132,0.08830756763155516,0.056416958125170176,0.2073630675176008,0.043479842389702116,0.1449988655828466
0.08485859528277721,0.14520034108272606,0.1758368274650003,0.04376410751740204,0.040328487076179656,0.09329147242040446,0.11419701204226312,0.25156283925629835,0.05096031785694884
0.07781488075872471,0.09113101154952859,0.06267184019736632,0.11861712123214346,0.08663866253506107,0.08902436062751114,0.30617627850787354,0.11658872356110629,0.051337121030684774
0.14444569566441107,0.0822076554645499,0.07070263244142949,0.06416034740396602,0.14365889453245279,0.11914217607630477,0.19687874939409025,0.04462046989261448,0.13418337913018127
0.18250487793310924,0.061601070776412054,0.11326943883866213,0.01717433608562974,0.2194715239277918,0.05829717229167868,0.18645336988659963,0.0588874766406586,0.10234073361945813
0.21542540910506366,0.05790689914169653,0.08061818489454327,0.06462430976617699,0.06887188272407677,0.03095275310313458,0.3174133191772813,0.11531278353540236,0.04887445855262457
0.1544570118836365,0.1110004723575082,0.13612336619319484,0.05419899671633673,0.16504348887546957,0.03557506445358929,0.1534364597546374,0.08116197240882606,0.10900316735680136
0.030007126143469665,0.0852346130575367,0.05964935476131895,0.0864997248408656,0.043445480373643174,0.4298323774706893,0.05359677887851552,0.07472867168279461,0.13700587279116658
0.04753515553209999,0.057754617378433286,0.13419195011930055,0.033603082834226215,0.18826245619424983,0.07157311744333811,0.22242068733713405,0.08869032464050375,0.15596860852071423
0.007647851596752673,0.02149127838380013,0.27394174476279926,0.011348162056593405,0.05712235376648142,0.011948941981927017,0.3406134734833291,0.20701783115199482,0.06886836281632212
0.05510410971683364,0.05716498085990449,0.03916026568347251,0.11758077096466613,0.02957596900557664,0.30697972567067117,0.2329891618306081,0.11645911279618014,0.04498590347208714
0.26213420115600483,0.08959845331216983,0.05377528633299572,0.024975963260752784,0.1045214506792407,0.05265388645786786,0.23212950164116253,0.0909770682419706,0.08923418891783519
0.13834483735952738,0.03384085271541861,0.4230780572668418,0.010353027512515241,0.13376515344116427,0.013694126024582533,0.045400411838103207,0.11262962109173458,0.08889391275011245
0.0541384482413911,0.058494821563217746,0.2028521772447125,0.1350397590868479,0.14290307661729376,0.03341961741350863,0.09018363541470799,0.14534457504434337,0.13762388937397693
0.14416288603647384,0.10890405578293312,0.09632066038558147,0.3193767250403587,0.046603314605084094,0.057803152906612955,0.09390189076275528,0.07352593686976457,0.05940137761043607
0.06985549441909228,0.08533500869034305,0.0874178493410101,0.060782412938139796,0.12456891621037915,0.07489022475921725,0.2513027436722115,0.11224870689747302,0.13359864307213387
0.0410894830719113,0.14310409476575328,0.07546295232560477,0.07552626016755616,0.23408731216025788,0.02774446744158937,0.04974459430495143,0.2514872788796331,0.10175355688274275
0.06704473464344173,0.03398621782484664,0.06186663879684379,0.16361073478913035,0.045065482976763716,0.23389765929137699,0.27640107945860204,0.05062568445465566,0.06750176776433907
0.05814199868828793,0.051146807321987175,0.07247059075240425,0.23127402848909476,0.17498409917728064,0.12564048718639267,0.11005588897677077,0.1290377831475111,0.04724831626027074
0.08377757910824252,0.08723739908007577,0.18885137776234487,0.02987219729185189,0.10062809135976263,0.030902018210338434,0.150305423047862,0.17322689684917644,0.15519901729034546
0.0804559820933539,0.04061605488675673,0.024651758094153348,0.05417717754359799,0.06986741159983785,0.024374147538332596,0.2798504078293126,0.3780378217283338,0.047969238686321296
0.08407966188342346,0.026771928208506404,0.06929589570861627,0.05031043281539507,0.17946755746962376,0.00897316427101181,0.29119319498411805,0.21606570908066036,0.07384245557864483
0.18138414472594153,0.024124123873464343,0.056549489387594264,0.04443570805273778,0.12656784862129666,0.09443272712150996,0.0713513933868648,0.3043933253957731,0.09676123943481758
0.046252110904024736,0.04935692427986244,0.09434696317655178,0.03576532049761579,0.04421513886417051,0.06054962138253952,0.5345554026558629,0.08029884726873551,0.05465967097063692
0.07619771916892093,0.2871197994305443,0.19678113284664175,0.08003520087716884,0.0958836402108021,0.1025876951696646,0.06770295538847215,0.05544342656955297,0.03824843033823231
0.08775265743673756,0.03179496611615872,0.13777427201161438,0.050823267999325815,0.0874179839199974,0.01639086871599301,0.25440416281409567,0.18583747094160993,0.14780435004446757
0.09578301142805144,0.045740819155741845,0.07213646185971935,0.0203793486444253,0.1771797845451911,0.08477703352779165,0.2172470459276665,0.08902713662159378,0.19772935828981908
0.17852691046399813,0.09713572608783579,0.10160862393139218,0.057941022764348704,0.054458054768391904,0.039793774850384774,0.10617777069070873,0.11873165882665741,0.24562645761628235
0.08828165814986653,0.06916990432377935,0.04462726293238787,0.21626740821024257,0.09252098312519437,0.025947408934828376,0.04624528823005833,0.314323752781059,0.10261633331258353
0.05148524242608606,0.1166474657341573,0.04761531152285314,0.06785571959214105,0.17562355325586024,0.033083761465509946,0.3594515352347907,0.10757072113454702,0.040666689634054475
0.05118003717345404,0.12704167827779467,0.08852862567481164,0.13944639382322072,0.09075169070238072,0.07967061172173417,0.12326583859929242,0.10674308871077627,0.19337203531653535
0.19241613872032834,0.08833552037404337,0.04925771233660042,0.03159397401488508,0.06525495726979492,0.04550827882775157,0.15200106539003697,0.17369228462561634,0.20194006844094306
0.08514108154566093,0.056032217235825514,0.027254335968840696,0.05595532670017326,0.05429586028147871,0.20961483064088715,0.2488589124967356,0.068959481489014,0.19388795364138414
0.08678775696743331,0.07686755314410144,0.08726733838996392,0.029742835179661295,0.07223248970055078,0.1195680935916887,0.26941641166647073,0.08429366406064927,0.17382385729948066
0.17725093594534802,0.03820573714956716,0.25755140759833356,0.12031777075257977,0.047307527805566955,0.07409567439729008,0.10558253744740714,0.08161396208248788,0.09807444682141948
0.132713119284812,0.05223050975900458,0.06752078718942413,0.014087638626774673,0.18564428820415083,0.19513899675832735,0.10038269649348763,0.1040280372978027,0.14825392638621618
0.05162980716433387,0.12352808645859063,0.05047660301256158,0.19177999273887292,0.0649365065936423,0.26199265458731713,0.08470831114118647,0.10650447469715023,0.06444356360634489
0.06835302074805152,0.057577892599381265,0.1200101070677717,0.12100386368373074,0.05788051586436039,0.2548146793477596,0.16086955372292694,0.11366308768054774,0.04582727928547001
0.05721960777005055,0.033251480620817314,0.137532715944767,0.1520843054012013,0.14329837661389966,0.012134300551479632,0.16635269587727247,0.20312248466176677,0.0950040325587453
0.0729204065003341,0.04189281462911276,0.13134448149422287,0.1129629340267302,0.11463581125360946,0.0654166966490845,0.30507818173283024,0.08511942738208807,0.0706292463319877
0.1878972832709771,0.0499759943918569,0.12340876145934743,0.0706475574600652,0.11450980790845293,0.05079374197254246,0.15285527425377857,0.1085588127830951,0.1413527664998843
0.06611530172972363,0.1379077424989692,0.03806382071066297,0.0667484151896961,0.11465598320297789,0.14042855515751831,0.2187227549247922,0.16306271142183026,0.05429471516382941
0.12751465421637503,0.12305723361811709,0.09063075926798102,0.093605676000772,0.055432616270394364,0.0808907201199482,0.2718338613192213,0.09862967306547554,0.058404806121715384
0.1744045661238075,0.030713150398361224,0.029437382050514372,0.1149908591444825,0.09373433483321798,0.044200752978151646,0.22042224922800868,0.18546665394742132,0.10663005129603491
0.10397207124847373,0.09613987984499174,0.07269505949645483,0.04660928022725395,0.0984411022208055,0.08532795324445928,0.170399807377852,0.28056744615550133,0.04584740018420761
0.13847140524873017,0.0802252492271472,0.15273206360816324,0.05226008749012406,0.07195455832693366,0.07439566175880642,0.2990059809285104,0.0460612556068107,0.08489373780477415
0.048769355187506185,0.10966673741971793,0.030524684621566836,0.14136504766177646,0.045645630979976363,0.02562221733975824,0.41721834616827147,0.09041206805444735,0.09077591256697927
0.17633177542654307,0.03085002746247137,0.19601338979737049,0.05695046305632604,0.12502959346797293,0.03338962824320127,0.1773980810634044,0.12139732015299941,0.08263972132971101
0.05607836204334327,0.1330154452971512,0.2649751891395661,0.02000360821719258,0.1272022007861856,0.01805609153107788,0.12105623907053824,0.1256097081791814,0.13400315573576382
0.10807968916595585,0.06761132129919507,0.09190359021906691,0.1727907154640026,0.1037649840288346,0.18068087140927167,0.07559962085285334,0.10227466107108037,0.09729454648973955
0.22406947502095262,0.04373034108445226,0.1286716869396327,0.10332665621552602,0.09743976081702209,0.06678637590201889,0.056328973832393124,0.18231811917458948,0.09732861101341284
0.2027862444866607,0.03532674780120796,0.09502266204418934,0.015920756850677852,0.10267026336571672,0.05275405402180459,0.2930883448757921,0.07024782836396663,0.13218309818998417
0.05201868133499025,0.023069362512846758,0.05945422159785182,0.1841828800989009,0.1797134595471701,0.008410560446975888,0.2047056987475103,0.12521831372072553,0.1632268219930284
0.01992935552415079,0.18053057022659327,0.13754234031444207,0.30181439933057286,0.040051863752047216,0.12011534275792014,0.01099941401840386,0.12837022305742044,0.060646491018449294
0.18632659092699985,0.05688451794215834,0.14328764383050663,0.025122120252902818,0.0957062633177992,0.09292163755682331,0.12273171227306406,0.1085665063715892,0.16845300752815662
0.15413426276827888,0.07726743636394155,0.08311369236279688,0.12416437041321854,0.04013293249256949,0.30977660730029993,0.04983759864177706,0.08568477043552399,0.07588832922159361
0.21965675342436528,0.028517253660492153,0.13665674314574172,0.05234653464239244,0.06394230038123183,0.24267567295378126,0.13383905805613586,0.06097900447465976,0.06138667926119964
0.19217162153345912,0.060192484332989404,0.09750451731258902,0.024618275281433653,0.1497137997462938,0.038137156576731106,0.1765468443261099,0.20103337931451826,0.060081921575875774
0.06546602355106408,0.13386391711510018,0.04945954706922989,0.22893982029012383,0.11110875517375333,0.09181057855892898,0.18183910317750707,0.07793436802371793,0.059577887040574685
0.05831030300529746,0.20145609137370726,0.08088739030987697,0.0761587839087985,0.060223199896977365,0.018458406068211225,0.2894050607194105,0.1312553894763824,0.0838453752413383
0.11759560459759037,0.048880324621192024,0.14102258023977618,0.17027739272628303,0.06325545296705837,0.24278959888650173,0.09521466357931674,0.06942635178246775,0.05153803059981382
0.1372026279506976,0.020967731402195267,0.02169806688834033,0.19386767319997092,0.12260318351169529,0.09863229668131834,0.20050225079981407,0.17588451428359764,0.028641655282370535
0.05200156026140509,0.31778988969780975,0.12197934614838916,0.047407223007544096,0.11537646113560014,0.037999621920006055,0.06789511721695661,0.048233348987600504,0.19131743162468862
0.09187786493852695,0.08128268288591968,0.16950590190207593,0.07511515778729926,0.06277229369173291,0.08342031412816157,0.18015447882918237,0.11086324750548981,0.14500805833161154
0.05180796689872185,0.05446103106648258,0.11391372915728455,0.1146218458915702,0.0944013466950196,0.37271340498459815,0.07370690810533846,0.07518604379554737,0.049187723405437235
