0.10751569311009734,0.18522704031241974,0.06585942066993286,0.09771205862600064,0.17636570134805504,0.12894800235727902,0.07455902110722354,0.032390666678236264,0.13142239579075557
0.12793799730094488,0.08327730147795091,0.057791346068107374,0.08137604901062347,0.41130621533731393,0.07448949442179188,0.09460321502255782,0.01231970204136691,0.05689867931934279
0.15146905558386833,0.1759846670279687,0.10026028370359885,0.040202934254892346,0.14059156717094015,0.12212490416831241,0.1069180337053562,0.03466389305951735,0.12778466132554564
0.11049631627688077,0.11707819802926524,0.07074851149393173,0.1919365091197878,0.07671370750694406,0.1094112635989411,0.12585010209314365,0.010705165417752807,0.18706022646335282
0.14436311418140982,0.07617883688284648,0.07808828232638033,0.10553504311955776,0.2398184845599178,0.10751480012657001,0.08684356374706544,0.016825504876361166,0.14483237017989106
0.10234942432906098,0.07925168809838744,0.0887091598155555,0.1330616675910149,0.1690999164905075,0.1018962697106325,0.11043223776234086,0.07908014330393338,0.13611949289856698
0.15273221411030583,0.26323955322692966,0.09352303466875589,0.06042018945063582,0.07681204031776004,0.07219022737354248,0.057078746262136014,0.009517404364967598,0.2144865902249666
0.14053190377148472,0.0951408003157777,0.0878809340810666,0.16400308463773486,0.11046365692234848,0.14342050754607702,0.12141749971550654,0.026667765487520697,0.11047384752248342
0.07706502277924168,0.028608642782099476,0.0752814038285899,0.10661544633743437,0.0868652949116467,0.0900091125198181,0.1334755523300307,0.0749216326442434,0.32715789186689564
0.10456018047740329,0.11472017233118663,0.12619200176066322,0.046468327905645986,0.2029144185300228,0.11452967123232534,0.07582164115251211,0.06878829607256601,0.14600529053767472
0.16483380166080253,0.05735293388565734,0.10237526825858963,0.18499920831299813,0.12622745148093914,0.10019834992898073,0.05353335467929098,0.05996860881409757,0.1505110229786439
0.12340935550687247,0.06563070112842052,0.0538750036294122,0.19544091887270273,0.1438680017624743,0.0903638643144994,0.06566126156312628,0.049464346648338785,0.21228654657415336
0.13326979486963994,0.0839886691345464,0.09547893320162389,0.07115539699004253,0.2086489535684137,0.09918063413665414,0.06877191620433948,0.13788153502104503,0.10162416687369485
0.14131144148289343,0.1716348308032182,0.08942878194257248,0.07511865986274578,0.17932624641920358,0.10835620192565716,0.12837800647968226,0.061230415522832725,0.04521541556119436
0.134334492287381,0.19908400749640542,0.09084737585593178,0.0822277812710661,0.1528514045609419,0.0980539436925731,0.07065671543752473,0.045286540236000726,0.12665773916217524
0.12739730420776837,0.07155045875888083,0.12057241099503842,0.08004097457650511,0.06349418536116821,0.09470477797656741,0.07163810522751425,0.04765915366622157,0.3229426292303358
0.0801937524660023,0.17088071590645523,0.09277466401436467,0.01910728358515026,0.19260022730463813,0.0634701606642398,0.038486696765465005,0.08304049333199714,0.2594460059616874
0.1942446493601108,0.26967497099457344,0.08185927247660076,0.02026702270728536,0.18693894928525726,0.06979351815367697,0.08036168411045735,0.05239133473003175,0.04446859818200619
0.1343470690117308,0.16809138359084871,0.07705606196767932,0.08583900244081417,0.20327078412857436,0.098067918467095,0.11892801562678136,0.00699603824030911,0.10740372652616721
0.17450632256432175,0.09833728293999106,0.0630876375519716,0.06362529586516558,0.15979420638587905,0.1079725496220277,0.08672453045772445,0.056889179551954806,0.1890629950609639
0.17338399927412484,0.12533131942826212,0.12082096293381216,0.05885918822727199,0.18026892235429706,0.1134856437921568,0.08624665595458446,0.05011587536684899,0.09148743266864157
0.17752401205288137,0.10978086786658957,0.08460730114902378,0.08556185839110168,0.16670833122508877,0.11428056490111949,0.12812893771653902,0.006442027391992379,0.126966099305664
0.17010687456008755,0.04813991524827163,0.10308686967677973,0.06938618642832628,0.06859574459242919,0.10498852396945409,0.16313287498441717,0.04842077265890813,0.22414223788132615
0.12078278855666331,0.07239883560108679,0.05193870714588866,0.15503459431196012,0.09535959621850976,0.09868983031768767,0.08169674127344022,0.08963892525472505,0.23445998132003845
0.2371524461675607,0.16234309411928025,0.07262088929304752,0.11365419130462658,0.04886477958486444,0.11213106241317916,0.15015912855746746,0.04303802653102921,0.060036382028944756
0.10767055129403663,0.06792720201154036,0.08770543214811415,0.0318032550174838,0.40583306726792484,0.07501776429941177,0.03936927563867138,0.10292950142369388,0.08174395089912319
0.09902137729251433,0.08169625290766225,0.05116283917487602,0.09800313367051049,0.1606990386327903,0.07878583898350507,0.14531314617771005,0.05739195791313472,0.22792641524729673
0.14338773998096663,0.07998993399278659,0.14333952845706063,0.11830350805400854,0.08853753480397585,0.1094141675662502,0.0686543498373872,0.055576031487440745,0.19279720582012363
0.22569251429040774,0.1350257181700214,0.07131144932096052,0.12751970130538634,0.13190192121354924,0.11345182728991025,0.05964187900618086,0.020319369013182095,0.1151356203904016
0.15723124849079392,0.06513383173112124,0.07879065967212606,0.08066755911210138,0.10097415378600848,0.10910285009198008,0.148048797730484,0.05909299694386971,0.2009579024415152
0.1787618711421081,0.12136178224763235,0.11481297161268034,0.06863056562148659,0.18776030592728868,0.09957782628429818,0.07129213444102228,0.029789950397327254,0.12801259232615622
0.17065350934435508,0.15347817903115923,0.08725356246820093,0.06276557022678107,0.14912980470373308,0.11115043771138396,0.13221832495856967,0.04220907600171429,0.0911415355541027
0.1513746160042225,0.08573853983019637,0.11782393315319585,0.13901794599163805,0.0764053797308512,0.13170547525752305,0.10229177314887357,0.09820283754608977,0.09743949933740959
0.11727125174522991,0.04869664933079184,0.14616554490272615,0.13371049386009606,0.07774438091592639,0.10765534171613528,0.1996693201012448,0.10820332469476752,0.06088369273308205
0.07640346144876904,0.0810916520616087,0.07555635320921816,0.089911189788887,0.5028389919634769,0.07367382071815352,0.037605459555908154,0.01672530322548442,0.04619376802849393
0.09533083600301755,0.0621529325683926,0.09493349404229616,0.0363733044105615,0.17933793572350565,0.08952247867256245,0.11250053999403302,0.11314866780569292,0.2166998107799382
0.18407000278885924,0.15249734026744274,0.07205936122103644,0.07993897132756943,0.08856311144068861,0.1371223985750469,0.09104638405837369,0.06213232104483498,0.1325701092761481
0.20454155992393006,0.06033408890080307,0.07888494383809402,0.11186708816640832,0.10487378783101463,0.1059742205207798,0.0960256521005951,0.03035334233821915,0.2071453163801559
0.21667873031768523,0.10206362705763468,0.0875239676769873,0.11623118622742036,0.07578133196090521,0.15190280440154633,0.1774896943447987,0.01727943719619865,0.055049220816823584
0.22611311733526251,0.14922831612574236,0.10194384319978476,0.07579439920037459,0.03369318079710875,0.10481145122495959,0.10975098859547523,0.06225499421493369,0.13640970930635848
0.20437604756345515,0.09287777095520788,0.09511682540462534,0.0877340276146798,0.12344311355732118,0.13532088801389267,0.13785293178525138,0.04986483337278602,0.0734135617327807
0.0814829555163593,0.11073887339097589,0.08231885559068161,0.08389358341514541,0.18537952773734875,0.09371425930841287,0.14801649285307905,0.017824303467626288,0.1966311487203708
0.13668007895882833,0.11087122977154927,0.06613789783982986,0.07082230069822511,0.2870210062606368,0.08964747152449716,0.11379655330146167,0.013896022102041746,0.11112743954293003
0.1560411080317974,0.058300276129688626,0.08642480442340834,0.08626926806355832,0.06838904272582098,0.10726703166352258,0.27216344366888606,0.057046952075461975,0.10809807321785571
0.1389780265150686,0.055285348973304026,0.06864818818875919,0.09758109752578016,0.12560874213052345,0.09312454309500579,0.15309377982233616,0.025984165854667066,0.24169610789455556
0.20331999726181282,0.10468079713279964,0.09291571607048514,0.17290544928365112,0.06700009114319962,0.15033055339568074,0.0819245127119821,0.01623060484429176,0.11069227815609713
0.16366766600415628,0.09596410517681168,0.08055871222667904,0.05000216860351905,0.22353819867013477,0.10699991725119852,0.11726536640794083,0.028311099589897384,0.1336927660696625
0.10694012198435936,0.0369543484755463,0.20565616221889668,0.026407578307064004,0.1143863740340248,0.07799673933446576,0.14580062288598417,0.011746184786632015,0.274111867973027
0.09356479017600083,0.0413666931527425,0.06900745677519313,0.08900305418671817,0.14198671294217097,0.08361293610652815,0.07322094081962377,0.31787355644754206,0.09036385939348042
0.1100838635582624,0.05209526424508323,0.11081112275319353,0.03370301383340232,0.02361128161185486,0.0646694643334084,0.08382188972090972,0.04284677956957494,0.47835732037431056
0.161460226357838,0.10895321399402451,0.09111774434316229,0.13216187479184657,0.13078176247717735,0.12047265700566746,0.10222105460516558,0.059878243695808846,0.09295322272930949
0.07881049084394261,0.03974442257275482,0.05524510623684998,0.17722300623034337,0.19428844350162935,0.09592430134343638,0.12640992468150197,0.0861101942690279,0.14624411032051363
0.16415448134578073,0.026754571110346504,0.1520052880454855,0.033283084872636946,0.0231341458900431,0.09799507220106385,0.3019435499364183,0.13960072813199761,0.061129078466227414
0.12875516068504164,0.17484976565340707,0.07547630511347117,0.12788931871027795,0.17807583229091054,0.10060924364257101,0.08689589699138478,0.021752536250704387,0.10569594066223158
0.11442517817641017,0.1790341746333118,0.07785897635134943,0.034004149366699904,0.130983376332894,0.09476596927320113,0.13783078511215183,0.00834446063461647,0.22275293011936526
0.1978552189841679,0.20925264989728184,0.06649741844782854,0.06178972417731595,0.07920388688375034,0.10048260974298856,0.10503288214813306,0.10900796606785172,0.07087764365068203
0.12877112676962735,0.024351837400671945,0.12415944539295624,0.0810466272041528,0.24564379900696653,0.10384170348476139,0.0964583931052444,0.03253281495636818,0.16319425267925122
0.11238979092872071,0.08227531234638617,0.05791912446770678,0.11375050947578895,0.12904994728058936,0.09828376931233763,0.306016062224758,0.048370980552293795,0.051944503411418576
0.13323972297663286,0.09645665685302947,0.08816886401300221,0.13364318074120546,0.10747724748713139,0.11280419982645824,0.13449075831646573,0.1317547723590991,0.061964597426975514
0.1406694852814648,0.10053321604310896,0.08188236221027966,0.09129506596264075,0.12022290978989832,0.14583497529897263,0.09183327168817652,0.05975426915820509,0.1679744445672533
0.08913849768596582,0.14911299504905515,0.21494850752867048,0.04884008897635828,0.062226098894794586,0.10502132049035628,0.12792146999552254,0.12347838410606345,0.07931263727321343
0.09266345544638306,0.07427736212900556,0.07566065114712171,0.11550103423029756,0.16250808874650347,0.11599125640163647,0.19735924976085786,0.024226572568153432,0.14181232957004095
0.1585803992983578,0.17557637256563915,0.07297951083998745,0.07497115639403969,0.056203134112908275,0.09529131974599601,0.08370798506264439,0.025639400148882635,0.2570507218315446
0.12658760607196606,0.17872534386599714,0.09901843579299154,0.03665040925007376,0.055222427873536206,0.08942377366365141,0.10272142956981763,0.03398736903282793,0.2776632048791383
0.1244690631385028,0.21602565310598876,0.05764772678659096,0.10255967086839579,0.11533278392808312,0.09620206561094984,0.06823963654408881,0.04599240881158295,0.17353099120581697
0.11491572739385865,0.09882452911842103,0.08805974994688608,0.02046236224672075,0.15650973735551227,0.07534224329851652,0.1226100857563207,0.03757198464754643,0.2857035802362176
0.11458121468384808,0.1081288603584971,0.07783371445510949,0.06127247482596163,0.28995910159556976,0.09259602450480588,0.05036072709699599,0.09043637073127027,0.11483151174794178
0.17784744381580872,0.19755000510282206,0.14894467323331625,0.05883967220906076,0.12984051038933533,0.1063640583640222,0.08038719687934703,0.024291940119646405,0.07593449988664124
0.10097730187861635,0.0633866032253053,0.11810532625601954,0.03374188600003993,0.1854825467738499,0.09310093468386028,0.05269134885775987,0.14688575836121198,0.20562829396333684
0.1810310117093085,0.0924701207980685,0.06309951601580403,0.13904230069528054,0.1580647759733985,0.09720578414662923,0.09699681240638669,0.09348210480044732,0.07860757345467674
0.14605813062561054,0.09013477685805137,0.10050068917732773,0.042720434466486205,0.055716053410928036,0.07943402427744657,0.12998778634773853,0.07113060001449405,0.2843175048219171
0.13355871383559334,0.0541722691963489,0.10086966375661681,0.12761253926484098,0.08650802117716523,0.11742714338930736,0.18927980983875523,0.11532504109696323,0.07524679844440887
0.12098030882527873,0.12337004768517007,0.0858002522641389,0.23762193723061956,0.0875031356927274,0.10560637942813024,0.12231305299788538,0.048716062140638346,0.06808882373541142
0.07160082326147034,0.05008783373598277,0.08339004107371654,0.027776119449512113,0.036904647021775226,0.07251717416027285,0.17904019736957502,0.2045703508241231,0.274112813103572
0.19647035151908362,0.12049074032365019,0.07556555217295746,0.11627066858138431,0.1785794146228575,0.11864119367341351,0.09419772903439343,0.030393157040666845,0.06939119303159323
0.12147480615092543,0.1027169096143088,0.1317032731491035,0.06244631372921597,0.07343295838793465,0.10114109403270605,0.08221737768329657,0.16939567756265309,0.15547158968985594
0.15047567249774726,0.03618093415090189,0.10327040958497789,0.0564024108907251,0.2310982804500504,0.08826385266647174,0.08361050470158456,0.07971272450151062,0.17098521055603055
0.20949902843333734,0.09949701193059717,0.08232769521568811,0.04981238510978217,0.21019484707261638,0.10997515072276119,0.12418445706024767,0.04862426327480903,0.06588516118016088
0.09729560070795475,0.09154059016643179,0.20226323721446757,0.14130696713962082,0.13432176582122166,0.10734084671669696,0.0666952974181591,0.037243145712801295,0.1219925491026461
0.14049012819121584,0.2828795039131933,0.07690798269024195,0.05394471818739988,0.16321537861937882,0.09413522955637958,0.09682271996672141,0.010712994758104903,0.08089134411736439
0.15600419454143177,0.1901860253600701,0.08477272461912155,0.05616671810384599,0.04893624252705567,0.09887538257154554,0.2711249396252194,0.017054676817973045,0.07687909583373698
0.08206573148209907,0.0970325226584291,0.07599265361003223,0.02298669617869729,0.3843919604616734,0.07976288778050376,0.05400600752104584,0.07704550655088045,0.12671603375663879
0.14632254115739143,0.1789393228609667,0.0633597036075738,0.11108027341509674,0.14448244182991077,0.11788011797275866,0.15140107513478226,0.007778671172470694,0.0787558528490489
0.11606193952212074,0.31084495208703006,0.06727206896404946,0.047679222456061265,0.1129086341549922,0.11965738821369658,0.16316536316947475,0.021324706741898902,0.04108572469067603
0.21401365285483273,0.1211237640008395,0.13357775159424162,0.023269742429551654,0.01197521996495713,0.09823596547686336,0.07998194522050424,0.11976345038031556,0.19805850807789424
0.16113177139312862,0.09947946573003885,0.09087690441787237,0.07132733902017699,0.1354856994770855,0.1470670252502836,0.1171159006505838,0.07674544626642435,0.10077044779440596
0.17279780184965973,0.19066177853376787,0.08476709655517006,0.05670605375114499,0.2133374341349534,0.09915407233782751,0.12228432150568691,0.008435857408739778,0.051855583923049654
0.11749401213920779,0.0683227449225944,0.056157386348848946,0.18873655694755553,0.33019527567891455,0.07554071619644759,0.05415145649108305,0.013823306466966103,0.09557854480838206
0.09407083961634244,0.08477841129686932,0.05636591299332153,0.13709706431191426,0.11597283639823112,0.08159655544999662,0.06277157822160041,0.03480179044282528,0.33254501126889907
0.18543075167158585,0.19541771766759855,0.11616132314355017,0.05311317788080397,0.052433915362134376,0.125947628406362,0.199792802947217,0.01379101446342642,0.0579116684573216
0.21025152890104948,0.13610891743472836,0.07648344072413697,0.06805513376623944,0.08353048905356225,0.1218245184017777,0.15692307347800227,0.05163269056271048,0.09519020767779306
0.10752896610149291,0.11262382563418964,0.0536441664679587,0.2038418854575372,0.09491656044445655,0.12292141855345325,0.2061958410854493,0.027596888488076704,0.07073044776738567
0.2347118850858777,0.05437100235608214,0.11081658431942203,0.050752746394051175,0.04387547134958603,0.11212005194259998,0.20286857300510075,0.023166973583897504,0.1673167119633827
0.1178916281383829,0.12985554480954056,0.10894591196616554,0.05532581489009158,0.24991708873260002,0.09104664891967153,0.06006525130266319,0.039145115046718755,0.14780699619416587
0.09220981075849873,0.11558154563609513,0.053937828854133896,0.025855848540234094,0.5293352298064933,0.08456781273738505,0.0545540356485219,0.022956237351434428,0.021001650667203487
0.0714194079701332,0.03426673628389767,0.06037720742115827,0.16377150887264616,0.2812797998305491,0.07257921684664131,0.02957439338613117,0.053369856639265904,0.2333618727495772
0.17116492509264247,0.23756808093923723,0.07042955768278467,0.033613151536286856,0.24212080907094366,0.0867210332166352,0.11835354930742009,0.017987601849919422,0.022041291304130364
0.1215331291307446,0.15584850503994763,0.06517938199174177,0.029449598791323098,0.4045856514326472,0.09354171826673498,0.08251296608034425,0.005399310096026692,0.04194973917048981
0.11277841826501367,0.06902170373916384,0.10279519782980738,0.2154175857917442,0.08429168845816952,0.13540535244482113,0.14358755425368838,0.048678113845628236,0.08802438537196365
0.18240526022546186,0.09653275708441876,0.10633640522038774,0.09435880734103085,0.07140440048570351,0.10267475825224893,0.13696207632537072,0.026363911491145465,0.18296162357423215
0.08422912929240367,0.14546915071346647,0.06678784776440051,0.08364176637979975,0.12100287829674776,0.09808796617584449,0.09224386528805524,0.00969965817194561,0.29883773791733664
0.11363949192254334,0.10724837367818534,0.09540714478491874,0.053749371334986897,0.094194498725512,0.10039284146981965,0.10623282969793257,0.030410181648544476,0.298725266737557
0.10020370784150541,0.06448151627314923,0.10605246434373473,0.18300936721157912,0.0749097237764088,0.11782777600432537,0.07871104995009114,0.17829360951494047,0.09651078508426573
0.19666182368742754,0.2229027151711347,0.09431782579719235,0.05143178270060816,0.1200303842951513,0.1027856440320208,0.09919127077646082,0.011772790235260835,0.1009057633047435
0.10571919291710763,0.047351799565894644,0.11425096411201648,0.031675397957282525,0.08987068110156372,0.08643787418021165,0.15896981389980958,0.1239836037659328,0.24174067250018094
0.19636270348043214,0.06598734406287961,0.08717633596963387,0.16044536439547738,0.043921944563681876,0.10614508586091803,0.12904414522887084,0.039116468405513735,0.17180060803259248
0.1566729251402817,0.14281286193895792,0.09040489065766806,0.040114635146875056,0.24935727689968068,0.11130340231162887,0.10101983244051417,0.07546260806402139,0.032851567400372136
0.1402927852248448,0.10694456073204307,0.07986884731617937,0.14478494773831116,0.10491865090941503,0.094030796312377,0.10907991333647711,0.03951861527797806,0.18056088315237448
0.15534697449504956,0.14930110435779814,0.08309354191720839,0.02700003995815992,0.1787549933577157,0.0990468453837526,0.07895065043914533,0.036366977933302846,0.1921388721578675
0.13771609540640115,0.04729626024329311,0.08477823532868316,0.1433716251166238,0.08223917068073124,0.10201613436975815,0.23717647902149888,0.039123174854145765,0.1262828249788648
0.2785569019215529,0.09925531084643298,0.10274207718511098,0.09860993181595329,0.09231079311258548,0.10767901022899833,0.1381971076579117,0.03097626644162509,0.05167260078982927
0.11486643673441559,0.15890468056564058,0.07510208262677366,0.06880467355770477,0.220460390725534,0.12619877198689408,0.15514843014651092,0.022710965911665718,0.05780356774486068
0.12531637403886917,0.07926118970933609,0.06946667865725091,0.13654150238525994,0.2081851981184506,0.10328173137472736,0.09026888660034098,0.039251705886168664,0.14842673322959626
0.10066728906618626,0.04495909214047759,0.09880530426374207,0.16463060826456802,0.16333359692102703,0.09533405836875836,0.09025700976551838,0.12993644395638626,0.11207659725333609
0.11829459325151266,0.18101768061641377,0.09677273908451421,0.058982754403888026,0.051012521345928076,0.11406968816621643,0.07998776234557592,0.036596912652870676,0.2632653481330802
0.19785487247491976,0.16526907919618306,0.11890166255873673,0.12797569334245987,0.09353157605127022,0.08940169308579353,0.11458327651272543,0.014111790382270173,0.07837035639564123
