0.14376065564490015,0.1738355223856232,0.11990329752026878,0.17585792115765655,0.07708958006365713,0.0756350511227658,0.09541159328601478,0.07744440948787373,0.06106196933123977
0.05716930416671579,0.11041818761566229,0.07390206550106111,0.08522520101618895,0.10123431380505864,0.16422163748676893,0.1111579161398969,0.13926151604388845,0.15740985822475892
0.05989981774669056,0.10491141238815958,0.1450590190026264,0.1690330673723273,0.0746009571720484,0.12087258236780786,0.12094985580839719,0.11199559301733636,0.09267769512460633
0.102519680548065,0.0697492099245643,0.12820980835198278,0.1246400980989291,0.17586651777939358,0.11482471553692818,0.05778625964512706,0.13004872153787478,0.09635498857713526
0.07982042635647649,0.08159718820417831,0.13210327064229052,0.12222273398368359,0.12957798124236353,0.12663761146595473,0.07565824511377563,0.16511516890208355,0.08726737408919377
0.05814924301696986,0.12785854068128602,0.057726026440023226,0.12278753725457832,0.07746559016029007,0.08635749124362362,0.2117672034128176,0.09708298788383525,0.16080537990657612
0.05643993189974809,0.12101186929434889,0.19068601109312397,0.0998476903221263,0.08466595828405706,0.1342778330651202,0.0911787239496723,0.10231242487288839,0.11957955721891479
0.06729193135226229,0.12280475250437362,0.12690905069980182,0.1274020366683352,0.14731264519849538,0.18228409906950707,0.02817133642164721,0.0996083580973285,0.09821578998824902
0.14094883456999427,0.07852599597830064,0.10421546187315232,0.1840958397991529,0.06080969136224366,0.09865149505889477,0.1427414560362149,0.10612072951760348,0.08389049580444301
0.16791851456924708,0.04939516768719393,0.1162555587467002,0.10018879069721816,0.2002623742941313,0.12385250660965567,0.06996400959469941,0.0880341195391565,0.08412895826199773
0.0907122904891892,0.07024090665054918,0.06574954995454478,0.17301364347876236,0.11241746780796176,0.13295141748010372,0.08350512457553981,0.10593963887240869,0.16546996069094055
0.02893066693034305,0.10110499827977908,0.23309636202030162,0.1523202704122503,0.0700350308469709,0.10481392891430653,0.15504087138639466,0.10983670822555656,0.044821162984097274
0.04926813908234859,0.10842756630402091,0.10908046671795713,0.11780034394816528,0.1530641289090422,0.10626405209984684,0.12625428636524302,0.12940950498301076,0.10043151159036534
0.028521119438605132,0.13294029581011704,0.09810940390528422,0.1380054073550389,0.0768398797444852,0.10928545867825044,0.16370267292737264,0.13398138874726404,0.11861437339358238
0.04696766435285776,0.15123646258983492,0.12650867077229874,0.14960672908623326,0.05537282070028778,0.0982746497707692,0.20976665687070017,0.08277989950825237,0.07948644634876574
0.09746868656196676,0.10034810876545397,0.11295286760596146,0.14391172181985135,0.05838562379538845,0.06837555325066307,0.19882203153554082,0.10095326529084647,0.11878214137432767
0.0746779445850107,0.11469490382951597,0.12027329037721511,0.08527752928854104,0.14888087392969976,0.12769997277071232,0.07161578092970336,0.136297390985888,0.12058231330371372
0.05238421463850427,0.0707021724233181,0.2685534798482913,0.11264614431534575,0.07283231179345412,0.12022274742641997,0.09833159316449396,0.10883022734257797,0.09549710904759452
0.03726386332868866,0.16092195034748816,0.09010525643143892,0.10819313412951377,0.13415941535380546,0.11321285852354214,0.12689263420806893,0.11649211434264424,0.1127587733348097
0.0673065538356129,0.10732394158689833,0.15375996491326274,0.10962964605164306,0.08137115594710848,0.15580093989388355,0.12162135114563415,0.1155547369253131,0.08763170970064371
0.07604872928764589,0.1358217783119319,0.08934714404352428,0.11414502782874936,0.06268738789745942,0.19682658618122992,0.11906436796538004,0.11176839553619759,0.09429058294788158
0.09176473314478234,0.10250911113747585,0.12848743838767837,0.11211908562205242,0.020832432067433702,0.06829711534234381,0.3529782365157124,0.05561533843767868,0.06739650934484244
0.13504026081331963,0.10526036482654622,0.15393840241851178,0.12378344021027483,0.07533391001095979,0.08655247995047134,0.11272103859484799,0.11184458198195417,0.09552552119311426
0.11180113179612856,0.11734589728503896,0.10993425175432602,0.08729808198281169,0.12168466885594233,0.1605579188255343,0.04708085230191222,0.11818798811167434,0.1261092090866315
0.0786580763452811,0.10587386763332267,0.22210585264777705,0.10212297129271342,0.01967527555395534,0.07939620374468011,0.2241704660494903,0.11842862560340699,0.049568661129373
0.030204953225984932,0.11799644738610286,0.06652027175964158,0.09982551929841298,0.08959888140371197,0.14886049883841102,0.228527531278265,0.10809408537117393,0.11037181143829579
0.05559354393658484,0.16818587191360204,0.10133066102278372,0.10130670265684201,0.10656580928590585,0.09226803634321201,0.18716340918658927,0.12044240533234114,0.06714356032213907
0.0938044720398688,0.06536558900199012,0.05725277603795609,0.11142540588407007,0.21904087777080739,0.15517950773585498,0.05941451211065901,0.12699037324617224,0.11152648617262133
0.16337795122676452,0.12971774344002154,0.2728111256598929,0.11985847465044093,0.024839295834809722,0.11837242886310255,0.04194270514946822,0.07299952548735068,0.056080749688149044
0.09489769428805024,0.16347084942503265,0.06766719756430047,0.08619249270346159,0.07052716382947685,0.12362834088681353,0.13416902395201039,0.1239438694968505,0.13550336785400366
0.17537824501235363,0.10878513941876146,0.06984679264160282,0.08981309021195817,0.15141834056651016,0.14612753168087714,0.045418590811383004,0.12373756288970716,0.08947470676684643
0.056737968390423,0.06279213392381504,0.1342528948381732,0.10387658151537704,0.23651613092135956,0.11936562501376961,0.05162371347499165,0.13920457862509045,0.09563037329700057
0.07681548028635891,0.16266487436843508,0.09493691508227153,0.09005145293404486,0.11523115393293086,0.16809433367575088,0.10956540115413409,0.07282000821807426,0.10982038034799946
0.04231953112771177,0.10618193967674139,0.09161487905277715,0.09761851317706449,0.11890403076945939,0.12287693788908101,0.18648272566182278,0.1335161406928491,0.10048530195249294
0.06277303962933266,0.07176569859635136,0.1344338900726133,0.14217763297453423,0.05974133057821684,0.08906105391544156,0.2542888615348567,0.09003914206162444,0.09571935063702897
0.10635337554705006,0.11713106614821327,0.07200125914898693,0.11971412760451842,0.12886113707858918,0.1422637649786068,0.05373883084620803,0.12517684074633806,0.1347595979014892
0.19170478883627542,0.1281931728604866,0.19463592396339036,0.09976251671745028,0.057388845723391535,0.06619019927914262,0.1357988328188655,0.08200266026699861,0.04432305953399904
0.08637759359633819,0.09688543454118537,0.1418913389287047,0.09506910925615285,0.06031862841530968,0.13077238568011776,0.1197343721052223,0.14781846391271156,0.12113267356425765
0.05885032435949231,0.19401933701022256,0.12091869018675368,0.1305745992053306,0.0839971349029719,0.10458417235914741,0.11584196935714958,0.08854424689638414,0.10266952572254788
0.10575958313766631,0.1216053085510983,0.1775303042414534,0.10606778310525082,0.17323553024382563,0.11954663064527281,0.02787569042734575,0.08657404116679307,0.08180512848129377
0.032902493633528325,0.10455056061405572,0.09115799830093844,0.13916355985058823,0.07274464854699324,0.12532773561699284,0.18015562765348206,0.14662860622216053,0.10736876956126051
0.13104194498763413,0.10254243787338148,0.0766438636186656,0.0949377515174384,0.16713748337698764,0.15098244526091106,0.06220689160838977,0.12209630595708003,0.09241087579951174
0.09349318707282067,0.09044654536235595,0.14853952578383467,0.07269461478062723,0.18825031202801049,0.12491713452218361,0.061083678159502254,0.10207705226130365,0.11849795002936146
0.037240494579371085,0.15281641638128413,0.06676338019183208,0.08625729261552893,0.06289317779479806,0.06883371107259005,0.32400724432502814,0.11674716676687587,0.08444111627269173
0.17782709225224128,0.07742292767092086,0.09888807781907989,0.09538660445521562,0.03252463195083861,0.12182287025461191,0.2109960569693062,0.08366270501349778,0.10146903361428783
0.12983047396473069,0.10780781904117627,0.10898286954455488,0.09680551835734735,0.0656090497474546,0.080816584122906,0.21086287508494825,0.12956686693921224,0.06971794319766982
0.08327365377860457,0.13901317779317643,0.14785157886391487,0.11002815546688438,0.11509178864572563,0.07800558091865877,0.1539270733668259,0.09766173043207586,0.07514726073413373
0.14938634200801224,0.1614525126909974,0.1115256380449327,0.08223904113650754,0.15973177808726416,0.12429814315046007,0.030035302515807893,0.10799258926288441,0.07333865310313355
0.13348644325466683,0.11923597218441263,0.07146830808116433,0.1027687553866637,0.15512628622777416,0.13504979381139678,0.05982141469473906,0.09377530129868612,0.12926772506049639
0.07727203560910277,0.14955878601010428,0.21086915476589294,0.10987465964439584,0.058097209599104915,0.0964298682372315,0.12336782114849791,0.09940771938138504,0.07512274560428488
0.07581945759265364,0.11012995496782609,0.10309020186909651,0.11791658210599303,0.13753146664852242,0.12828201212783505,0.06261689908053923,0.11228327134055784,0.15233015426697613
0.0523342455986572,0.16671288360883907,0.06654823442321113,0.11013074770512038,0.06723516427856531,0.15048535380323214,0.12245064041938104,0.1179937960045103,0.1461089341584834
0.06989236005599321,0.11763626608674031,0.06849624502301586,0.1421791892758019,0.11151439566851706,0.06724621086752415,0.10722522982305506,0.13875742523028653,0.17705267796906596
0.09554288088566236,0.08282344567497167,0.09992103043461954,0.1901882513654157,0.07920346986217182,0.14464351155925817,0.054700896569450014,0.15977539423164974,0.09320111941680097
0.09511511724640986,0.14059978139624466,0.17014635219946705,0.09287313262449208,0.11202343676423036,0.08949847205186458,0.09623037162373127,0.09625933889362077,0.10725399719993933
0.19760879369836926,0.1452306825694108,0.081603373866825,0.11200773090282547,0.1432854231156381,0.10960079754811806,0.028178826777399163,0.09546209755086181,0.08702227397055233
0.06270912949643788,0.09915145461441506,0.09544403609812387,0.06900294080928072,0.16163221894809834,0.10210672124001201,0.166870744016731,0.10374557358754107,0.13933718118936
0.07853273147706193,0.1581132680740727,0.08078208786515849,0.13581847355551835,0.14505211884455801,0.0985826158648989,0.03981305992686693,0.16763974916417287,0.09566589522769187
0.043715007600138835,0.15566342740854242,0.23175593309592699,0.15900302299941893,0.03194921719993201,0.07990918030161352,0.15112241330146117,0.08026175874577852,0.06662003934718767
0.10614662025097955,0.07698705199800182,0.14035568307412852,0.12892745048710239,0.10711619564307949,0.15623061624844056,0.03753151183353548,0.1388659554190126,0.10783891504571948
0.030102240090173493,0.09796187871710209,0.108095492760931,0.11671811199263922,0.09912312661599536,0.10637102776468414,0.11120575558421597,0.11826059626217167,0.21216177021208713
0.039372090597588366,0.1139567964994278,0.0938027050046407,0.10691588167712258,0.11372642283041468,0.13520028080354793,0.1550114727633665,0.1360389816135117,0.10597536821037977
0.08585142709887082,0.0892581698730302,0.12097692894136265,0.12495417532192078,0.2004076877908539,0.1150853041984989,0.06578614691645761,0.08739118522384492,0.11028897463516003
0.14843877175143533,0.1374943395659365,0.07890818164539846,0.10738599417660509,0.07098256078337668,0.12619385833047583,0.04590419280333364,0.15869295030303254,0.125999150640406
0.059197475887276446,0.09424548946553413,0.1693774061122999,0.16068353610899438,0.06235845003812574,0.1076505555224222,0.1738047170240422,0.09637826935191124,0.0763041004893938
0.10635468047071155,0.09778191447738517,0.046751251873208825,0.11475082461556864,0.18471770455235995,0.17067225233568575,0.03410842014687832,0.1110424297706968,0.133820521757505
0.061531424303682684,0.07154176804605629,0.15315492538864428,0.12914329624567555,0.15699887695823586,0.13025248443074447,0.03877887873424932,0.12670501556947852,0.1318933303232331
0.06638890828997583,0.12544308003465893,0.10054050589346335,0.11495026497248974,0.13088295475951792,0.09395805175638626,0.07342389271476844,0.1625842102896277,0.1318281312891119
0.09089661672591098,0.11647007862418368,0.05764100107121328,0.08053846709975153,0.1261269208642654,0.09259595098446564,0.17492043421813822,0.09457875666042408,0.16623177375164724
0.1373891033010267,0.08433637696825484,0.1384805168234362,0.12792612170350656,0.16194663921827032,0.10751702603291069,0.04324266747745642,0.11160048450508187,0.08756106397005647
0.07047049740321827,0.14091343114946955,0.10853355281677386,0.18332876504981024,0.08598934122506241,0.12690609364212344,0.03943336121331686,0.1543261392169096,0.09009881828331574
0.056763268696590784,0.08568711986383855,0.11609531717594163,0.18160248468708506,0.1607776265410175,0.13692455179598362,0.019689236891117425,0.1314320608244319,0.11102833352399345
0.06630300338203846,0.13013516637755604,0.27084321713590187,0.11461580095383084,0.07215845112961365,0.08341027874612396,0.056294209894722225,0.13025796880265803,0.07598190357755491
0.17440892317556136,0.05594657826539615,0.15968405668129929,0.09754577608671433,0.16071544691315595,0.11896403401009747,0.035866468959369784,0.11239510552284433,0.08447361038556134
0.16072048543560838,0.09255476603428649,0.1354619975211969,0.17853845657044742,0.06907772647982448,0.08217908480853088,0.07684867485742926,0.08834723378224753,0.11627157451042873
0.06407561568818941,0.09741121818812049,0.12056590099580693,0.15134249967070204,0.19095186476636247,0.1367866077275193,0.034561196219716706,0.09687746183026015,0.10742763491332258
0.07151689103437502,0.12492252960293805,0.15595548246151955,0.12636226185884594,0.14332653110843413,0.1492573164846705,0.03411793957925696,0.10563070304039869,0.08891034482956117
0.14220403650040744,0.13737293789438307,0.10001261871348306,0.12832771322036154,0.08713324616750408,0.13443878297940073,0.08761490590491051,0.10203637529605632,0.08085938332349328
0.0817643417697138,0.10340107907387996,0.158045945384498,0.09067849600847565,0.12495306924265374,0.12341826865396531,0.12434553768306277,0.09571460743685822,0.0976786547468926
0.059323471329972045,0.1617314621879786,0.13226104288405946,0.12377144926870147,0.08702018223416323,0.08518524451813976,0.2031034913828695,0.08386780317065719,0.06373585302345867
0.0721957432369896,0.1256225855247772,0.07094433113489455,0.09623666707592239,0.1427533850208951,0.17192345847320875,0.05787555393909668,0.12040766699657629,0.14204060859763948
0.038876319655315815,0.1366320528617371,0.1700737648333226,0.11956880698916006,0.033120302301678645,0.07618725679338965,0.24368530190016094,0.11654724395855932,0.06530895070667585
0.2232159055197722,0.08883284445837636,0.16075905149966904,0.11933202218462735,0.1046890786867855,0.09412948923226372,0.054537321733517476,0.08356810066899023,0.0709361860159982
0.12067513896138025,0.13788173711763013,0.0844120717244738,0.17871269533559833,0.1099452565631998,0.1105892091692288,0.038629171544292934,0.09208002467543641,0.12707469490875953
0.06216931086698635,0.12364423770303938,0.1448888925073317,0.08642160572354922,0.08347427007201887,0.10282657601215835,0.09655314514779374,0.1537937304009452,0.14622823156617717
0.06449088204845134,0.08775666833826684,0.11348218507821023,0.10635261223538932,0.03729492675497407,0.10505253578039404,0.35465397076164296,0.08206595498614047,0.04885026401653066
0.1059380108235225,0.1296976848885482,0.1908110098832796,0.13350229491698443,0.04525316027796417,0.11704756419670904,0.07700356200952335,0.12383562721453008,0.07691108578893865
0.05941554324580057,0.12087788511646454,0.1386086027874377,0.12812586399899736,0.1789345856854018,0.09787589437145616,0.061493638126872384,0.12050918472382828,0.0941588019437412
0.06435239835328238,0.13193246812334802,0.19776049291232,0.10726543647995603,0.05537276751119217,0.09609972469839705,0.1708018546211955,0.09167697089799459,0.08473788640231424
0.23170542307132305,0.09561173975070221,0.13893758545330173,0.16223881261145948,0.07179450829588764,0.09024009237708934,0.050412956936900344,0.09301152214027229,0.06604735936306388
0.06697264661609985,0.14736192438556014,0.058109532454456596,0.18204378416951716,0.12817564909646711,0.1294634992065251,0.06693090449668822,0.08558661494711357,0.13535544462757218
0.16675272372490868,0.07006611143803448,0.10567027427062171,0.12136740313553045,0.1865251614589396,0.08370943846251304,0.04824059665967434,0.09351345877816909,0.12415483207160859
0.06991924895961395,0.09537003008574318,0.12016949821480293,0.16739822857520367,0.08271256994006213,0.11607631665785785,0.049071881372063135,0.1656504980344262,0.133631728160227
0.046746054346906464,0.11935520014462368,0.13755604410511157,0.1136874866681357,0.15322544084241627,0.09827573952389783,0.08892416208557923,0.1104701548725639,0.1317597174107654
0.11630378496052529,0.09457281511257602,0.17745818279124373,0.14245843736819164,0.07868591978594137,0.11122268083309501,0.09461933396597767,0.10872867209837182,0.07595017308407752
0.08681209278890849,0.10766042875657995,0.21485364105859442,0.10054107575411675,0.11122687352994265,0.12208131701256157,0.04478719251912613,0.10108028958892949,0.11095708899124053
0.1440445471079135,0.14650929307948626,0.09383486879908391,0.09577354749815391,0.05519256519338395,0.1149314611457934,0.10086689257606511,0.14034085021360732,0.10850597438651262
0.1664651273932552,0.10386128091733848,0.07041119995542049,0.12914152492468725,0.09890932315695411,0.12073385277737013,0.10254421836218258,0.144514102568051,0.06341936994474072
0.06050392777301105,0.08079321708566183,0.04896896918271254,0.10633620823729585,0.20012476738367838,0.1134947634723698,0.12628259747978351,0.10083887773649673,0.16265667164899028
0.027621713665673616,0.11512269187156117,0.14644128158674463,0.10786454136603996,0.06971445064597802,0.11148082872174064,0.21405765530655382,0.11581554183672098,0.09188129499898723
0.10557391253532496,0.09000298390158934,0.0637503901168424,0.08197078211380092,0.182792733235732,0.13103397260078772,0.13209225956259188,0.11171425543927259,0.10106871049405826
0.08727993587824778,0.052265571650453174,0.14647453897920762,0.090382391317463,0.18184854175042342,0.1253098627348418,0.10751373548057679,0.0862568480999415,0.12266857410884495
0.0877441939203778,0.09577926973622175,0.13041943891295074,0.08808809097673546,0.1243429324641812,0.06845818292075227,0.18897001504418456,0.10245910186581786,0.1137387741587783
0.10395837695630405,0.15151058532420003,0.13885449161479693,0.09155205126310913,0.04088742349020938,0.07339624819502179,0.22074983615182728,0.09112140718359037,0.08796957982094113
0.09067077186521184,0.10244531083011799,0.10172895497855812,0.0890835029935132,0.14262599450750327,0.12899309755790148,0.05242288993327985,0.13044824207102543,0.1615812352628888
0.16005299697131195,0.10230000290005246,0.13824970988001858,0.18247806030009173,0.08215507749339802,0.11861219910563485,0.06225266729494425,0.07752195448503736,0.07637733156951088
0.05102218268618584,0.10961619757642488,0.1194331104186027,0.09035651296710064,0.09150471052184427,0.08928769172218703,0.25969587699479235,0.10265911059607706,0.08642460651678514
0.11325427366448652,0.09543287312503929,0.10059302975806665,0.12033913698426912,0.2352717271884163,0.08542141375482315,0.028350457997562636,0.152448508601442,0.06888857892589448
0.04041137711968442,0.16899474413916016,0.07726237645089064,0.09586297316341456,0.142910624249263,0.16329171749793772,0.025552201456669577,0.13208311902518763,0.15363086689779226
0.042825970287781956,0.11866360601866688,0.08145958277103525,0.11662797561847742,0.10087034587541187,0.08053524897342795,0.2438727304646682,0.1134202455775738,0.1017242944129566
0.041305369622754905,0.10923471183632871,0.11264902693925272,0.06438996089340034,0.11385842850884363,0.07600644174442915,0.3134043656606191,0.09217018101885995,0.07698151377551159
0.05553516320918645,0.08292863299616436,0.1605261172901098,0.08934303328167077,0.0753672073981929,0.10965429915795434,0.2293372293909445,0.10659234123836808,0.09071597603740868
0.029264750954097463,0.14606687296085333,0.05652291181584174,0.09336594429837441,0.07042324118786078,0.13480675139084908,0.25179572362607155,0.11222271483246482,0.1055310889335868
0.11278310361619986,0.0937650975558268,0.08718918466535346,0.17973720327827936,0.12435956240703612,0.1306629131613433,0.07222536208036072,0.11857239172512925,0.08070518151047128
0.04176181449151863,0.06308705284285883,0.08540293500322786,0.09620861646400973,0.23436134941947395,0.19253565593805533,0.06188355246850605,0.13316363350540475,0.0915953898669448
0.0571265974471498,0.10298096782487727,0.10816716686965012,0.10372974356160859,0.14562052790951538,0.09902150266799715,0.12800570296667674,0.12214336737262137,0.13320442337990357
0.019338104194666573,0.16207175594376486,0.08630830650628708,0.07584277179684318,0.2260929196362931,0.09281941432812958,0.07548447650242403,0.1169912683816325,0.14505098270995903
0.10746655595217919,0.09961257384766069,0.0904720887440903,0.12653270335398425,0.15894310694393313,0.12470131913859213,0.11137535548620232,0.07180899197410652,0.10908730455925146
0.09056440311259845,0.06184629126427591,0.054845471307569095,0.09648067843400591,0.2961662886797441,0.07847977633119037,0.04186301269610058,0.1332616955895863,0.14649238258492928
0.051479119397037996,0.07693077199724284,0.06396106123575546,0.14436842270560224,0.08715435935149544,0.2158789739944668,0.0909176293148699,0.15349019985251292,0.11581946215101635
0.046322900948859026,0.056372031492467535,0.1458849137491395,0.11124741699076306,0.17834443773498188,0.15137539415995205,0.08221188171885742,0.10594102480713274,0.12229999839784673
0.13920648112448294,0.15936441607359692,0.07901025159770993,0.1069536948665737,0.04946984991142348,0.14573662259345865,0.05618024601884108,0.15202222966824402,0.1120562081456694
0.04206804234426633,0.10447495810234193,0.09040376893446946,0.11184575858011747,0.08304164024908285,0.1002696006903625,0.14826113565538576,0.13674215067726334,0.1828929447667104
0.17403495098189678,0.12699710262300015,0.19939627574324045,0.1422585445613959,0.05771483722721559,0.07943210872597994,0.06174842561666823,0.08461682758215544,0.07380092693844749
0.09132150479801694,0.13347328267041847,0.062488039820963646,0.09215762025541761,0.18046352108601546,0.14755158570570603,0.03857413022014936,0.12319986278310313,0.1307704526602095
0.03715640866151933,0.08067982865309224,0.17162330564846276,0.09270684009190465,0.1892901391119056,0.10176664354721852,0.1111867980013379,0.10068419913472178,0.11490583714983722
0.08354505955107262,0.17395176014263591,0.1756707832916813,0.17892253898500407,0.07255788545931731,0.09377920808715401,0.08008300637353358,0.09105865960784976,0.05043109850175135
0.06473847714836893,0.09521736867735213,0.2631619691991876,0.14900573508331466,0.03242775510082249,0.11439305631090024,0.05558776508012877,0.10209146145334823,0.12337641194657696
0.029616419270502833,0.17395359581262146,0.10450459858212978,0.1384949605514296,0.15133259617597442,0.12624775458362147,0.051503836523985554,0.1260877947674761,0.09825844373225874
0.0421251375157255,0.09538872188458547,0.08370799219495827,0.09669022352311472,0.31532852342943596,0.11159367730897772,0.03708841716676871,0.1253505876498994,0.0927267193265343
0.06100498201761695,0.12892363683900254,0.11536376480349368,0.12466432801324097,0.1065065669161418,0.08386762575956448,0.105706811935117,0.12398997023968439,0.1499723134761382
0.03962944973810121,0.08606913536197901,0.19488576540095273,0.06696976313160115,0.029731177254419313,0.08785648850021309,0.277292916151747,0.08289725748194453,0.13466804697904197
0.06673240648611965,0.09285980059312426,0.2431018809516,0.1303331696464027,0.0478776496480288,0.12375233445053319,0.11096798963023279,0.12004474151011717,0.0643300270838414
0.07669936759955803,0.08386064967075539,0.11395905172798713,0.08535034186360953,0.16460743098642946,0.11861344297784644,0.045211317625887315,0.1430393802861901,0.16865901726173663
0.1561630550163761,0.0743577074092505,0.07649912486314579,0.1316682830441567,0.14759668150538527,0.10294302995350597,0.05932688212460485,0.1301701966299069,0.12127503945366792
0.07203148538827557,0.13596094358502278,0.07327640394549444,0.09710660256699877,0.1144781240479204,0.12748531698121826,0.14946067848256214,0.12288347178306364,0.10731697321944396
0.08233878260925259,0.1485365449423669,0.12160194921774276,0.09035963006214846,0.05764423555809273,0.17029099757538377,0.11794300068570146,0.1357211556596056,0.0755637036897058
0.07576332595159198,0.12587363261717224,0.26364809112059856,0.08199548500031585,0.03978499348062834,0.07881169901785456,0.13923575173278382,0.08283215553266184,0.11205486554639281
0.06546937598723084,0.086394743594776,0.24252712170830815,0.170211443739117,0.0656777699983696,0.11979776104754748,0.07607695154352782,0.10094717167953393,0.0728976607015892
0.03425679181339728,0.13008581970240837,0.13829669896822108,0.10927042317862985,0.040848707002326255,0.09152053081614442,0.1903159805014806,0.13131965652645708,0.1340853914909351
0.12479127801754553,0.08123327116714042,0.2963148059639606,0.12670832767703702,0.05202742599508054,0.09409729162550746,0.0715092040550961,0.07712679856956887,0.07619159692906338
0.03879164624842125,0.06857999736822447,0.27414738907972264,0.09039106499878863,0.10395820474075912,0.07619935946129834,0.1276414530876887,0.10114209565204502,0.11914878936305197
0.11460857629522377,0.0919517996058629,0.1403950721871451,0.11039958022808788,0.20413024360953103,0.12032385553331205,0.04042247864664355,0.09820088562356331,0.07956750827063055
0.11209139803038766,0.118676815312009,0.06895075732318713,0.12146612580711692,0.15192342975550158,0.14268412252415075,0.026370635050565916,0.15331924634800667,0.10451746984907438
0.14371671132603073,0.10778022870819015,0.06654474414436713,0.09585710081005855,0.06961889391036077,0.1268078828144452,0.11709960924995681,0.11682729365936252,0.1557475353772281
0.08538353688669807,0.07368928459815803,0.0896810420444996,0.09017696499967197,0.29273347970687563,0.09439690068918472,0.03942006469885145,0.07893137496849358,0.155587351407567
0.02527849462530252,0.12377328298846117,0.15150064572884822,0.13408460718740903,0.07050705447099109,0.10528479004201217,0.18953492148157092,0.1271969891667092,0.07283921430869565
0.12085958237882215,0.10652298787829968,0.18842567531157406,0.12218036291659908,0.0389750606780424,0.07274786505143559,0.21566600653590082,0.07193520755798881,0.06268725169133745
0.1433334978423592,0.12870376059864175,0.15715617038548224,0.10024700170583,0.06911849739734545,0.1438520752074702,0.05153135601665452,0.11182693915071627,0.09423070169550042
0.14172072100541022,0.08519984437568089,0.12414466594513869,0.11446452962128144,0.11643468047435734,0.13987790728753813,0.04920238269960044,0.09449717894160947,0.13445808964938333
0.10459463051803307,0.07474064984957031,0.12425526175708412,0.12440084120454394,0.09705631893767956,0.14286024488893898,0.10687310760087808,0.10269806873956133,0.12252087650371063
0.140216118676057,0.11528729297647151,0.12544525110607105,0.13418027780144945,0.07359613320553533,0.0954799334824865,0.18466936138001497,0.0725619192657021,0.058563712106212196
0.15691199245969908,0.110861084560561,0.0907944487215504,0.1742164735703103,0.09280646739411685,0.11433644566667367,0.04884222657615973,0.1246170430826618,0.08661381796826717
0.055730116029144405,0.11366396884476593,0.1276454156010364,0.1289987586135044,0.16854477286542113,0.12855555581133868,0.03908194014007841,0.12076801404309605,0.11701145805161463
0.08731107294834421,0.10022458027951274,0.10549782426159572,0.07799909073103649,0.11218529600541494,0.0795287579559494,0.2479238928416503,0.0916116340645351,0.0977178509119611
0.11154806787177775,0.08913374875447742,0.06689877019008922,0.14115287053693124,0.09461131887623543,0.11857653209811929,0.15235516376945965,0.13922626765019017,0.08649726025271993
0.07554171545534152,0.0985439886392334,0.1645993959179485,0.08567586822117956,0.1227063851265216,0.13047074501765024,0.09201314384277347,0.11822092671131434,0.1122278310680374
0.12688569396132057,0.13659190897464493,0.12407149962018577,0.13142557333795055,0.09867349920998512,0.10357171762902971,0.06765779607958763,0.10976253401214132,0.10135977717515433
0.14354614861833362,0.06592392896424674,0.16550779078731026,0.09630430085077472,0.12895719542796022,0.1358219647654729,0.06136507422161658,0.10415160967545518,0.09842198668882968
0.14154289190932498,0.13535957005178842,0.11529226177159624,0.09666225120226717,0.06422324428197516,0.09911760513819205,0.19477869320661897,0.09367639479421391,0.05934708764402299
0.09510527596887398,0.1395267944379046,0.10927212291986858,0.1403889998545201,0.059292870637794,0.11416152083167981,0.1941549629459658,0.08716419433832512,0.06093325806506809
0.0659151998734516,0.08268731049362726,0.10677780242933367,0.14407632048275512,0.07135921006995533,0.10518289627562975,0.07448608786524857,0.17593012863997093,0.17358504387002782
0.09639332453812488,0.11896595847491383,0.18419292946036134,0.12711450197402716,0.08812399414357625,0.1255240140656222,0.07623925256361927,0.11356517264794397,0.06988085213181125
0.11462626243643204,0.12463926107476923,0.10837078606031925,0.11196916190665647,0.08671955170790212,0.10107506173631702,0.16732850827468768,0.105129211175307,0.08014219562760921
0.09507461907311172,0.11522052014605129,0.12831695931202688,0.11297959544411011,0.127374519685014,0.10143823298203554,0.11345743012659248,0.1057960839266663,0.10034203930439167
0.07898954342093088,0.11992743943011568,0.14254528590348725,0.09829635303524337,0.12240332167407575,0.10194820775762024,0.06752286168153449,0.1215775857482343,0.14678940134875806
0.08169457709977743,0.11654383832714504,0.09136613349295493,0.0927000476294781,0.11933992021157408,0.14858041632020666,0.04107701624283796,0.14268416567965223,0.16601388499637362
0.051247597449729336,0.09590506521401398,0.1477137934450413,0.15057140083550893,0.1994314268426313,0.09975091987438744,0.054467077477079996,0.10698367838467733,0.09392904047693036
0.06323920650474689,0.08751834906878546,0.09421725619079639,0.12311653690961903,0.15598995724709072,0.1025615362517685,0.1645447528698492,0.13106012874268083,0.07775227621466285
0.1125632184997956,0.12943138722700598,0.06491895548398431,0.11817510106318425,0.06494743457729142,0.09159959948999534,0.19730036927859038,0.12165904050670451,0.0994048938734481
0.06877719727255759,0.08089592754654262,0.19121242054095525,0.12101494259511798,0.1437159758701914,0.16840931893524044,0.05387752284162952,0.09202596012941817,0.08007073426834697
0.06234033371952375,0.08621833932500124,0.11849576927567045,0.1062097477933513,0.08655398044167302,0.18951154722478666,0.08916518862077305,0.1095013907700973,0.15200370282912323
0.06494915863494148,0.11345510408988874,0.15214630229168444,0.13878819011066768,0.0709959575663262,0.08422862216383968,0.2211177029258752,0.09765529710317067,0.05666366511360594
0.06410358196767903,0.08698666212535922,0.30021515952371663,0.13421811187649882,0.08321680849105513,0.08751938552907246,0.10689405331421768,0.06875968343820889,0.06808655373419219
0.09886597928824353,0.12580958398195236,0.1462026137464303,0.15040666532990485,0.034874705899323837,0.1171175899217517,0.16977874467584597,0.09982629140469047,0.05711782575185692
0.05861034925831524,0.08032617029915871,0.11291905623326759,0.0947449987343121,0.08352143885663461,0.13421963645388982,0.17486479918669606,0.10864005423532815,0.15215349674239767
0.08352682962241968,0.06948326459695857,0.26677972012605594,0.10550919837990103,0.09423671660837298,0.09307008662135095,0.019828846001871764,0.10246852378680626,0.16509681425626285
0.03156706215547286,0.10113305282399006,0.1756237171320526,0.1508552939904048,0.029077896690982846,0.08472246839012211,0.2614269851968466,0.12340266545516491,0.04219085816496315
0.08838140972437976,0.11145641720734122,0.1743539137712986,0.09670781975301214,0.09767303557357193,0.10432971621005847,0.1348191449667474,0.09991871006049687,0.09235983273309369
0.16691867375975986,0.11964277296690218,0.12306189074586897,0.1621388955278943,0.06474748774621214,0.07558926723272659,0.12425071839528183,0.09046099802419372,0.07318929560116048
0.11008450932775775,0.07728397767215969,0.11098331029183763,0.1288574175563643,0.12066662204551144,0.09847141073771966,0.12664815400073995,0.09473816169335231,0.13226643667455731
0.043290757677850907,0.12607540040108411,0.035767720253336716,0.10959209558097627,0.11571585158876789,0.18829016208643892,0.12516522276797568,0.11997818867115713,0.13612460097241239
0.09589034238851646,0.10566053260438103,0.07806140087886598,0.1913226914146667,0.057290708208852625,0.1330706114498108,0.10573185765821948,0.10633765186272663,0.1266342035339603
0.05500589576047205,0.10146649796076922,0.11275860520881953,0.14190495983520257,0.0627886479264303,0.09158061292160563,0.2058552331858782,0.1275521203232887,0.10108742687753385
0.12641838485963244,0.10816720379048678,0.0898227067690932,0.11775766527039704,0.051678604329993494,0.0787858289013194,0.20223587010948993,0.09734949761282642,0.12778423835676125
0.04825014480139137,0.15872252757103927,0.12667007931223154,0.10905836565604443,0.05289519033549795,0.18265451803499733,0.0767497428569995,0.14577634951784105,0.09922308191395753
0.08526528652799116,0.10755028717941344,0.08546278466564351,0.14778859524755805,0.09282157518843097,0.10495816025826055,0.09700969396241817,0.11194582183639894,0.16719779513388514
0.035351878268995364,0.17436814975503623,0.09038273300638544,0.1321682580707297,0.10242758033089006,0.0979065979128831,0.1223713037121038,0.12918378090098526,0.115839718041991
0.06021789314144504,0.10060486316329181,0.06680595725512284,0.09928019958797846,0.11361873308652336,0.13239522568721718,0.17475506630063986,0.10577297927154268,0.14654908250623871
0.07587748998226504,0.11164970917284545,0.2142665225658095,0.13218720247506524,0.10991978408071808,0.07341356233559435,0.11271463727642728,0.07607488110404485,0.09389621100723022
0.08083220377086847,0.10677060678542975,0.14292412572154148,0.08621910080209422,0.058640035318424766,0.06815879436733935,0.28636893370922006,0.08645333216654554,0.08363286735853633
0.05877930384806291,0.07129281111967702,0.17687065942297367,0.1806241783011557,0.06662111273922089,0.1182017442927696,0.14905884466335048,0.09783134188177349,0.08072000373101634
0.0941394848528239,0.06372326647862432,0.07070797701927987,0.10198318648025706,0.2452470850738697,0.10365376106744106,0.06702295259871303,0.1055956310720394,0.14792665535695165
0.13715216908848657,0.10118999900489341,0.09405262178155972,0.07696972669185141,0.16084734377146537,0.07680948839999172,0.1232914916948649,0.10013997955100688,0.12954718001588006
0.06062559014628719,0.12484088815573563,0.07407024172977356,0.09537972469739618,0.10276689377542651,0.11399984611874303,0.24611092919059355,0.0830883078921622,0.09911757829388211
0.08868529481234784,0.09232234763424753,0.11069090873551422,0.12068824242577665,0.12998313697520072,0.09990605308756863,0.04072559961362926,0.16054143970935028,0.15645697700636488
0.1581047726394733,0.0794789964270035,0.08383756698343593,0.09996569144725322,0.11392919662520755,0.14519575499498485,0.06323891149222824,0.0965830865641941,0.15966602282621936
0.09325801282390296,0.06673492868997667,0.1813661275884534,0.08278663935175255,0.12695178924287276,0.10608639840041838,0.09083521314802899,0.12149806731972207,0.13048282343487222
0.15118638775672366,0.05977241425442489,0.07094886206025112,0.08101953084111631,0.18096345353516205,0.09643113985804337,0.12215949658099372,0.1072295168455369,0.130289198267748
0.05294565536099941,0.15845523720640897,0.13033036535857978,0.09184701296152814,0.07415917575047375,0.10086480363198154,0.07587434844372727,0.16367841602137465,0.15184498526492654
0.1332724390297577,0.11889460797761874,0.06526659038139969,0.11189313334504741,0.12251908548189035,0.10376246188965244,0.08622484738840251,0.11235554451871776,0.14581128998751341
0.09436708670372045,0.12554396686992234,0.1901427037290412,0.14555820843295875,0.0822377408396102,0.07253673076593149,0.14853553979960846,0.07882328966822842,0.06225473319097873
0.16950717387079658,0.06391744025230123,0.07734532869306325,0.09638995552923492,0.15164162895155966,0.10777013324263153,0.0942232739920187,0.10920196960049751,0.13000309586789668
0.10338938188424444,0.1389283073904655,0.1828613003758386,0.09748594927773886,0.12090824200741435,0.12150618488759847,0.02874414184947288,0.09341730994438087,0.11275918238284606
0.07338666998650427,0.10159335550697923,0.06497554469446715,0.18117185453707874,0.10978576184162969,0.12972019843212254,0.053903310358378746,0.1303697126432756,0.15509359199956405
0.10636737404656632,0.06933473766236199,0.15137065381764903,0.1407527550279581,0.09466714293752339,0.1527595793320228,0.09989441963619498,0.10140506371258141,0.083448273827142
0.11843807700316107,0.0714339242370501,0.10590642028206672,0.12965869968402674,0.1643045835349578,0.08977836051574378,0.1159640165768651,0.11093701631829252,0.0935789018478362
0.08669788021033654,0.13828740119197355,0.23512672004627924,0.1967342226779525,0.04117430081446333,0.08061879157059491,0.0966299073312681,0.07837924008141622,0.04635153607571558
0.09169021579920983,0.07039095951606548,0.06169274969385371,0.10091706080773914,0.11745568805757604,0.1288650775030325,0.16150707636109982,0.12171150413477742,0.14576966812664613
0.05771751619473924,0.060935551522826974,0.09335364379118588,0.0895764368647836,0.11136307595401673,0.1323659998416691,0.1609992966481303,0.14733866674555887,0.14634981243708917
0.043955746677165175,0.08640315681821797,0.2125467620740523,0.0870549936498853,0.17792326036235995,0.1419481891992143,0.020873351538225362,0.14088996602107484,0.08840457365980481
0.07089733628937753,0.137898776641697,0.18411820127371956,0.10030392462998942,0.05270559524165336,0.08062093206091261,0.19178110011712293,0.08906622482008501,0.09260790892544259
0.052554373003964934,0.07480711511894904,0.08841834077112602,0.07659372807234895,0.1918466329649593,0.07131985181620216,0.25819974729416045,0.08692097443698953,0.09933923652129967
0.0556123302908439,0.08263421625890303,0.16408190376418608,0.08326800201550107,0.12161352063094417,0.09875678199494915,0.1667293068297042,0.09809223474482574,0.12921170347014263
0.09091671072345157,0.08960454587283527,0.17017507107941743,0.12477174884867652,0.07629140047647522,0.10498559337926017,0.14753375209214223,0.08912300436277626,0.10659817316496538
0.10262315837485551,0.08811434732268623,0.1810177616402797,0.11770442698414095,0.08170209535633098,0.10038538283501856,0.075667502704582,0.1073943030896523,0.1453910216924538
0.08569796173121907,0.09281772519927523,0.09044310556318531,0.08853171356556848,0.28238525367081146,0.11964440258839398,0.029162008615760765,0.11788010044414536,0.0934377286216403
0.05484573525797329,0.15569064361654364,0.13504472666474981,0.09861086114599017,0.18923580590375436,0.1235940277205805,0.024233299557074584,0.11555974960826204,0.1031851505250715
0.173291218052985,0.12316241664424195,0.08339211389570257,0.11350020971920144,0.1228684637118637,0.12293041514215623,0.02819599392392744,0.1361079188543032,0.09655125005561849
0.05245687734619877,0.1014806726310213,0.0655133939264278,0.10401710053245224,0.18388631958219115,0.14476640095128232,0.0714339943946408,0.13563563760474087,0.1408096030310448
0.04444998663987814,0.13670188583157064,0.11619047861361369,0.11899997259952623,0.07752089718162565,0.14690073399004672,0.10808445906396856,0.14734972229340337,0.10380186378636692
0.0832050755146158,0.08052451118110644,0.06264069898918677,0.10473126832467328,0.20004730760219128,0.12631124874668023,0.07078320488223265,0.12310001013230289,0.1486566746270107
