0.06786293848285974,0.2877520318965668,0.07073857657078894,0.1304220853559857,0.011566952160533356,0.07002960421943243,0.1082750061584366,0.16422808479561632,0.08912472035978014
0.1232737184482603,0.04093853909796442,0.08935150921117134,0.10615210142931192,0.04763631084085614,0.08398828797957593,0.11936640726352343,0.27157003273116254,0.1177230929981739
0.1460920844356434,0.07352729274613469,0.10016650365089484,0.10704644923270308,0.02878556777577609,0.08525303384059864,0.13034040937577304,0.16757295300572048,0.16121570593675583
0.08734946682757962,0.12580833000007716,0.04095555003909273,0.09996985850566802,0.3171219198364275,0.05842769201392096,0.09506716497273704,0.04192621071473785,0.13337380708975904
0.09842431418903264,0.04134508116112604,0.14259269379296766,0.13489594937038032,0.02524158326384492,0.17455098014166906,0.12440118838312125,0.09455169780248966,0.16399651189536846
0.10671548150770449,0.30627816457656193,0.04102398937272976,0.13588684547498378,0.023782703918669795,0.0661431401799049,0.10742685246230621,0.13850421583936764,0.07423860666777148
0.12626396385718447,0.15488832571409178,0.1402931241328475,0.12237237008233455,0.03593035991463068,0.027668994407146066,0.13593439712484845,0.09673256028136674,0.1599159044855497
0.19683740069797928,0.0913965570417089,0.03089456153209319,0.11596475967810167,0.061063327211595624,0.07213908263758693,0.11356413712895214,0.2054016638336237,0.11273851023835853
0.12043034749241584,0.17354895929832506,0.07217007780059294,0.13308289149655284,0.14819403567167508,0.03659852658957564,0.12337241512252821,0.09912981355310983,0.09347293297522467
0.1455582240591234,0.08183971724341284,0.046115486781342974,0.15919173772716846,0.07755173378958465,0.09957710989537354,0.14221263975093876,0.09638632764075285,0.1515670231123026
0.11200926574122884,0.19371360980447125,0.030512184617901558,0.12583024665740053,0.05913604132902883,0.08732120053051294,0.10354911582421893,0.20947036084712675,0.07845797464811038
0.14186731537608752,0.141522745149702,0.03220978698119128,0.14049603642948563,0.014888848548832703,0.076359839398672,0.1076682315534903,0.23472291660696185,0.11026427995557668
0.11070349844967386,0.12856409268413174,0.2343719993229543,0.10644947141768084,0.09012268964517074,0.08068691078759059,0.09986142706789676,0.08984737706586014,0.05939253355904098
0.10890061258219598,0.1323644400640963,0.053723564183758066,0.1727513337130393,0.035280736162732924,0.1499054637871378,0.1161100962299267,0.107850767634664,0.12311298564244877
0.10022564525034035,0.13902073121034172,0.07145775168349693,0.15321461192946031,0.0407832459497126,0.044393596896221986,0.11809016626573787,0.20919553182677253,0.12361871898791565
0.12204200588910225,0.1661310735669355,0.02640668300394444,0.11799812866271271,0.029041933725737882,0.09711787923171716,0.12021110403808194,0.16125509787911751,0.1597960940026507
0.13646029792019762,0.06677426602662383,0.1195216246190756,0.13804842683729915,0.029167136768069563,0.05907176559394736,0.12290937671273748,0.18861502065460342,0.13943208486744604
0.038476616972568316,0.001529995326819935,0.23662822128751904,0.05708439637552245,0.4449094937053096,0.07838532818054644,0.06886523580721789,0.01997763810208597,0.054143074242410265
0.09746813043891801,0.2388024357187787,0.15746720832623654,0.11778021369077711,0.04162682160279951,0.07312419556049253,0.10200177774630438,0.09297243435518611,0.0787567825605071
0.10905612049991838,0.09646651258836013,0.04378918244303915,0.12570382347423414,0.01688934076036296,0.10597363520780363,0.12303325527575149,0.26724329658526275,0.11184483316526728
0.1199671666352921,0.02055242902381493,0.22808814561568003,0.1207965957871553,0.030215604321521778,0.11925434011228564,0.12921733810399252,0.1290419615348772,0.10286641886538044
0.10513970501326166,0.32197527365263107,0.06345961516915798,0.14515084567707667,0.05198413985082498,0.039193586839205236,0.1048155656055249,0.09882462112660241,0.0694566470657151
0.1090572330882245,0.1689657502580296,0.12517114686113487,0.15351522746506693,0.038833019342225196,0.06547373318725618,0.11418730656378319,0.14082244238790032,0.08397414084637927
0.0951759594514704,0.08783492477267169,0.04594582929337591,0.16958310333958795,0.03933756314908593,0.07407234114989893,0.11876533522164556,0.10409698960178924,0.2651879540204744
0.07252033245885897,0.0007486645437640238,0.1792543677492973,0.06677983693305102,0.47806291063583944,0.04276882939487839,0.0640534308509405,0.03763233959072681,0.05817928784264347
0.09424903190374878,0.3407911853401601,0.04484752810819648,0.11349298467314144,0.019829327526896385,0.06395240707667721,0.11482070803227529,0.11587808258401977,0.0921387447548846
0.15404489341381658,0.02161788904671467,0.05526066218905153,0.16475704602499372,0.04344226059746342,0.027860899523195176,0.13344852169037227,0.27129512120423166,0.12827270631016094
0.11520417349607522,0.09498101335076936,0.031241288418414934,0.13811055784260348,0.03236903363956816,0.04706966853533298,0.13056036512747737,0.28939872370397474,0.12106517588578376
0.11415061427087486,0.07566837167956884,0.05822260536230777,0.14277329450191242,0.11708087102219959,0.06165665406488574,0.13656006650934374,0.1552832597517078,0.1386042628371993
0.12374322709356907,0.16600240546307435,0.0640247576979861,0.13761451177714076,0.04441561877303152,0.03742746418033882,0.12148690735277985,0.22672947934551416,0.07855562831656539
0.1497211331036876,0.0212563219114132,0.12373541775112933,0.11150466747452868,0.1473434340160908,0.046391903522153465,0.122221402794278,0.08539431883943378,0.19243140058728528
0.09347580968191586,0.21891975176558043,0.09178776994328253,0.1409134202299849,0.022744628088792743,0.06908089558819382,0.1233480014134604,0.1648730972550788,0.07485662603371043
0.1307688073867851,0.09240486634238526,0.05708314019060765,0.1896769216265758,0.05091189347427338,0.051326806174003474,0.13141255509327532,0.1866246473667218,0.10979036234537232
0.09491221515062524,0.1451624043794093,0.21961279206743803,0.09372462104741015,0.04317687575749651,0.07518812611428403,0.1238765584857473,0.07443573763115648,0.12991066936643283
0.13044120622627717,0.02380348462534304,0.15559184774556528,0.11730766631205371,0.10010093998087533,0.15522793115207864,0.13096954087288248,0.09976612769116626,0.08679125539375813
0.12109517782343444,0.11784362954076677,0.12676688012715887,0.13144422023912888,0.04180362658607109,0.1593928332481984,0.11844482740334301,0.100679964351231,0.0825288406806675
0.14310963659406276,0.039001399558004364,0.1502930055207158,0.1253502261217765,0.12758655568965757,0.13596947803442924,0.1179165149885384,0.08907728224487792,0.07169590124793741
0.16189485726196312,0.0835200853019768,0.2062846129117812,0.13374049253546735,0.06628838996506692,0.04468896015546104,0.09984601399176506,0.0598017317498486,0.14393485612666992
0.1441794926053878,0.06343022553903595,0.11381012273233287,0.12528557197208287,0.1657423554940225,0.052258840272454754,0.11162060953695446,0.11180084016403387,0.11187194168369491
0.10042360303974794,0.3155967253320878,0.07225021147889134,0.11768480324116626,0.013213493924236956,0.02662388761320512,0.10038640938479948,0.09163791467579833,0.1621829513100668
0.06944426366727931,0.2494268818996217,0.04020049566372201,0.11909448508754379,0.05559310272742163,0.09857172414341346,0.1039494083800111,0.19247027709022488,0.07124936134076226
0.158311046512024,0.12385957499662019,0.07828909767368011,0.18460252570730562,0.0295063424093459,0.06804970868738279,0.13355331974602744,0.15653489124630657,0.06729349302130738
0.07769935142394821,0.3472132924385232,0.05578530722228869,0.13173547599588264,0.02274315488196768,0.10095509412240504,0.10187330686589137,0.060263288699857635,0.10173172834923555
0.06299787740043393,0.16843658213271642,0.05417329687304765,0.18420318341674816,0.04347009676485434,0.08673607535632523,0.11514086861530792,0.2212602975751685,0.06358172186539783
0.10664595596703093,0.10634704693391785,0.07780649419895933,0.1579052025934601,0.06556856694545951,0.032854652659544105,0.12267002082992284,0.19301074503147517,0.1371913148402302
0.08126029974403319,0.006827821357910237,0.3440928305879336,0.08286916396025934,0.1602443247734029,0.11791693674310627,0.08367237883071359,0.03859225104657306,0.08452399295606783
0.06854050413530365,0.18181335570490745,0.10577334258210258,0.12394878464854046,0.05738981787970252,0.07333673010022707,0.0950830362398551,0.22155101500894814,0.07256341370041301
0.11743570161363887,0.14085248809050063,0.07558409412164674,0.10086222644581723,0.022898801394211726,0.05096354099121112,0.12038610296827422,0.2095973892491576,0.1614196551255419
0.11922821934773416,0.049308916226710964,0.05687760889669613,0.09601676768121632,0.11494804491025572,0.06205868455817796,0.11811001170311342,0.24885427034528837,0.1345974763308071
0.14459795756481106,0.03308272453031836,0.04315676060647983,0.21958213450618747,0.030729035019754658,0.07885421278673377,0.13231931039865702,0.15224106937765236,0.1654367952094054
0.10666829595687059,0.013033907609038579,0.146530719904961,0.11219107719027337,0.2970878434055549,0.055632431017293184,0.11258408888032923,0.04838572074464844,0.10788591529103066
0.09791818271803492,0.14585250167944971,0.05582927220806902,0.15785873805874173,0.05216914081379159,0.03975430347181067,0.11731043592706031,0.21940503504465778,0.11390239007838436
0.10665809991709004,0.11178393239416552,0.05229166805973975,0.19722242844377716,0.03131983632048852,0.11745803984400294,0.1309771787874972,0.1051404884719898,0.1471483277612491
0.12158523534611154,0.2056391333217943,0.11519000158605457,0.12074376367812463,0.017220950521314327,0.1310176184412596,0.11026408040081082,0.10392382928205085,0.07441538742247938
0.10113094659990814,0.2591647328363735,0.061010169673711374,0.13814450535337683,0.011656480581192778,0.11356462036949011,0.10536699589650123,0.1274064948158234,0.08255505387362258
0.11714102940577494,0.31656712025791606,0.08298962330976596,0.12163421349910415,0.026656855218769423,0.03074124189836046,0.11385269778235646,0.09871282037947317,0.09170439824847947
0.10872786861118701,0.14431250898659895,0.09889382881634516,0.10532547191747771,0.14505706907135446,0.07467503506545982,0.11372022579881857,0.06193375265675347,0.14735423907600484
0.12952073734111133,0.038084281602087336,0.22592960801767858,0.1537163759567934,0.048332516297734864,0.06220437394354367,0.11981357911320545,0.11408931200268169,0.10830921572516362
0.1694072439954882,0.1121842634251511,0.04624279351481637,0.1452790637131033,0.06919379519274849,0.07179253771898385,0.13914961517053956,0.1568874433957377,0.08986324387343152
0.10295104225359641,0.030952575613406183,0.04462997283870013,0.20160101118620163,0.0895985734997649,0.06410865133429668,0.1223131084946917,0.23462876419357914,0.10921630058576332
0.10847716516917294,0.18752878617040233,0.025303659774281635,0.18306657237390123,0.02784121999362803,0.04343634717261154,0.11314043014534415,0.1765622640867841,0.13464355511387405
0.0638767324550101,0.38160682072973967,0.10911412896743033,0.07596288642760994,0.03209203835229401,0.06917653744271403,0.08537333604278792,0.0824768551893595,0.10032066439305438
0.0665489582921457,0.4160781551162988,0.07808866953366052,0.08409685277385644,0.007295799137968493,0.07340927199627571,0.08158148547007361,0.12670473249517733,0.06619607518454339
0.127366533108796,0.041102880841980945,0.07620364120570079,0.12304316089222984,0.11551603758519231,0.0582656829082371,0.13432505656690552,0.16996011025512467,0.15421689663583282
0.10387786043267065,0.29898707490964643,0.10245944639032047,0.14029603969933635,0.029054420764740598,0.0620596071978012,0.1110021760678861,0.07527220037340783,0.0769911741641904
0.1469509384865759,0.03041607367869432,0.10731861935199728,0.11786141749099015,0.13782235459850253,0.08450632725170994,0.12624973463000191,0.13564418072281423,0.11323035378871381
0.11668501534278526,0.12545055562071425,0.08667624405823182,0.16547197464022703,0.019541162455635776,0.033276136951050625,0.12927124759239908,0.22747170970549577,0.0961559536334603
0.08847014969873164,0.10398413642354322,0.027648431411067168,0.15232794365072042,0.020795913561701285,0.06461865213976971,0.1171685139580471,0.3042629181634448,0.12072334099297466
0.14222665763954762,0.02691325158304304,0.15924657044601107,0.09927236351686364,0.18474622063520238,0.04292436051452955,0.11898031500979962,0.07505004295862135,0.15064021769638175
0.11973289973462364,0.26290225369580844,0.05869268725343616,0.09310779389958324,0.007072082474692439,0.10745162897947091,0.10092102790543922,0.1867435110877779,0.06337611496916797
0.08415625641834983,0.0732059280083569,0.23459420420623436,0.09689080398126321,0.08011329878358935,0.07483295487544722,0.12777350246740235,0.09843596596781518,0.12999708529154166
0.1152037052702195,0.18632585604054,0.055608525475690264,0.09183265930709705,0.05739769189158669,0.1498441964728213,0.1281430903828051,0.11599082953486485,0.09965344562437521
0.11686321626420611,0.256675320268768,0.02432450867230329,0.11179236002691757,0.0312189768664682,0.024791156144011783,0.09998856545921518,0.26818739641190853,0.06615849988620136
0.10501202873190485,0.014713301560675324,0.22530273950794868,0.06860761762550656,0.26486296609538806,0.11272506139997435,0.1113287158708791,0.027918166987033654,0.06952940222068937
0.1889797337255916,0.05670535076635755,0.10130489529220245,0.15432692424306535,0.031072996458224294,0.033414205969255505,0.1160524551600951,0.19300167601294105,0.1251417623722672
0.12287194214865803,0.1867053154502609,0.06483456204983327,0.12791763582525684,0.06307853024431326,0.038314419109840195,0.11446583180369217,0.19438998176429653,0.08742178160384889
0.08911160992659806,0.2655987284616974,0.14095961121827613,0.12237596032083513,0.016006627060338258,0.04154213822194373,0.09654570092006515,0.1257364403684714,0.10212318350177478
0.1251455059561344,0.06580263726339973,0.07699397806131593,0.19218085823112954,0.05689593482078337,0.04587103754446901,0.14404027293047791,0.1965758341689017,0.09649394102338844
0.08843684941052306,0.07593721597114599,0.18282558628009726,0.2062881801776403,0.03242841463691976,0.0734291736600106,0.12512923397798256,0.11805347019766872,0.0974718756880117
0.112028893613812,0.01730489845724031,0.054592882862163815,0.1860154533262567,0.19832841966416428,0.10235877881579265,0.11891964169350694,0.07837784334386579,0.13207318822319747
0.11572735647712151,0.11949541252939304,0.06620228178756582,0.16798375990072797,0.026264914967022716,0.049543336070611094,0.12322039336240571,0.22280132967447966,0.10876121523067254
0.15206928373608802,0.1608096981400102,0.20890269023130248,0.09167575726891031,0.06402657387282572,0.06760035383372139,0.10553366507045053,0.05456190439379289,0.09482007345289849
0.09331299955193069,0.20374302604059583,0.26888000906040527,0.0686079856834358,0.04325900726937806,0.052631361691346024,0.08412463248751267,0.11587402355596517,0.0695669546594304
0.1134737040336512,0.12546652154018242,0.03448211722455003,0.1661676768659642,0.01674264863224142,0.1413547541495192,0.12724760698740764,0.1938090517521436,0.08125591881434026
0.10140318774225165,0.17004408115026484,0.06148243644359098,0.10535391013258226,0.03365456947614396,0.05626539733250918,0.10599642715582121,0.21186968271374762,0.15393030785308828
0.1200825514301005,0.08438543509628303,0.02586510492551004,0.13058077173203217,0.10792127702177934,0.055235298093811926,0.11159554760886765,0.2715901988684976,0.0927438152231178
0.1543453310289532,0.14390760422693413,0.06195071331289722,0.11489081772071348,0.08156205413174682,0.04445039728332866,0.12284676305314224,0.1356016433191166,0.14044467592316778
0.08108221452568128,0.15836367641187246,0.2049703058113518,0.09778814298537171,0.009958907944863959,0.09528505244810646,0.08983827203612567,0.14772576809581586,0.11498765974081075
0.13071345969204573,0.11807633399981066,0.14937542844447366,0.11259573721653775,0.04662796043506501,0.09073559227295652,0.12599030394878113,0.09602307618186672,0.12986210780846286
0.10435156515435628,0.18164119136837,0.04808190552769476,0.10975808760318069,0.021502331800818824,0.07160421002309873,0.13373424347628063,0.14028287131831718,0.18904359372788293
0.1279774085126367,0.08751367055958742,0.04227944789603233,0.14251881066995056,0.04006233910427568,0.1279294280057059,0.12105905134149438,0.23431206533777624,0.07634777857254073
0.12755510474214557,0.1939718880874688,0.05630110868014542,0.16591770510219936,0.025541893755816125,0.04266340453277421,0.12185091726613713,0.15124542472198568,0.11495255311132768
0.13189641609632174,0.19436910275490216,0.038158748983111106,0.1287166070649193,0.04121059030167987,0.08934337356151427,0.11166148954681172,0.17651498644595542,0.08812868524478441
0.09587008360597633,0.2936385353296726,0.04956241816302583,0.15138559586318556,0.010502261757429486,0.023026038482902817,0.09557692372594313,0.1706715520315283,0.10976659104033593
0.08305812923822797,0.10870322882266621,0.1786075272564063,0.10787320489186054,0.0348835385245423,0.042172550334696184,0.10738414074076896,0.25684916843903227,0.08046851175179924
0.08841163440814609,0.21824641833255976,0.22564440448242426,0.11113000976293974,0.021588527508732146,0.11652837621294872,0.08968520133574409,0.04970505672094972,0.07906037123555547
0.0857257078868297,0.26965548856692895,0.05279512005639869,0.13310466615535055,0.11353423546173079,0.03555695585062383,0.10306634772895769,0.08659948590371308,0.11996199238946671
0.12202464367425199,0.0762198776825185,0.36648486172880373,0.07189332420934112,0.07768203774335747,0.06517653540980804,0.10646164913684293,0.0198676082538233,0.09418946216125286
0.08128533453643372,0.23871521436255091,0.06778995858199267,0.09781603140577931,0.0954974924608541,0.047527351381837335,0.10439999198869208,0.1917371665889701,0.07523145869288968
0.07494911615042814,0.1678842740951544,0.18620356105003533,0.12345790897829585,0.14224779522142983,0.04875098570627504,0.10689593202804697,0.05945804364773168,0.09015238312260283
0.08863771225041765,0.16434389998660792,0.03982284105153408,0.11434184360788774,0.180314525408654,0.06161670113816877,0.1015034905968754,0.1486150232397441,0.10080396272011026
0.10898006849203477,0.1305150191646043,0.045721710630899054,0.12229552805398047,0.10223548757682173,0.18559039424844817,0.09987591475684283,0.07618185892473404,0.12860401815163466
0.1264247846317789,0.03477388414173702,0.023765766176098695,0.16661695049984024,0.034570374366368055,0.15101571473370526,0.13653264812748925,0.19702460807297426,0.12927526925000823
0.07772101831997234,0.19602828179309273,0.021342442383491967,0.15023619459614637,0.06016612597451514,0.0644389011155267,0.10256041319894416,0.2434658865054005,0.08404073611291002
0.1693924188613721,0.13937068143672107,0.1330607752913285,0.14795643805759698,0.059286573895073275,0.03472863638260139,0.10937006286816309,0.1180867658784908,0.08874764732865283
0.12945535005750505,0.012677248161959975,0.1906883788550496,0.11454989195320876,0.1390862389535813,0.14321693973111105,0.1266664267778065,0.04872958953095179,0.094929935978826
0.11915166943336981,0.1365308347722142,0.09857490887480942,0.1767343981393422,0.0638868169432159,0.052703056592797615,0.12222632029878161,0.10988050380937135,0.12031149113609796
0.1332657134061817,0.2806472987791212,0.025864617823505312,0.1261708510198057,0.02487450884209687,0.06580391244534341,0.12154036285042887,0.12045099830712065,0.10138173652639622
0.12405046514843969,0.09859917820848785,0.17924108798883923,0.12481052029082555,0.08748274127548401,0.05314845696518808,0.1309415469107601,0.07179530608791367,0.12993069712406177
0.144498534688105,0.017618882586511325,0.2984520314847157,0.08817915886253054,0.09428023987502437,0.09268941727556083,0.09929736733897443,0.05931063630475989,0.10567373158381799
0.11311528379107239,0.11151776524799469,0.05432780274120633,0.11566213883426772,0.0358926670550312,0.0334773419238129,0.10649245992798655,0.3325390961756968,0.09697544430293148
0.1301863768563212,0.07716981293312307,0.08133648854767468,0.1583885644754704,0.017441218780213746,0.0723244831075981,0.1301136774886346,0.20444660133334155,0.12859277647762266
0.11690727346343098,0.04888020617888968,0.09121300628133405,0.1786285388213742,0.059055817591473825,0.07520381630859664,0.13100728714895687,0.21565997554090166,0.08344407866504215
0.1465086484760637,0.04408646934197219,0.051723885490656756,0.1364598839128249,0.10829264701469399,0.10854852876766051,0.128959189645786,0.18718060620415541,0.08824014114618652
0.14317087774091744,0.10958611055222166,0.15583699709302612,0.12445047824386386,0.019557668972138904,0.05819910263303413,0.1170220875118299,0.14386567838124278,0.12831099887172528
0.17381269246813555,0.022399007491321826,0.13723128738437218,0.12699880986112735,0.11057269517632225,0.08694615521848509,0.11851838047640335,0.13201457462807897,0.0915063972957534
0.12156127478028526,0.21605748884834877,0.10598378285333117,0.12409794112036521,0.007242244286648283,0.047915809601910477,0.10906272192058962,0.17460942832543427,0.0934693082630869
0.13574924302371985,0.08353744006019707,0.05769256526856734,0.1052198374925787,0.024355787343482902,0.02760430605266412,0.12016603110723663,0.3494922415279243,0.09618254812362903
0.11686840661938237,0.048100426208489165,0.13087255543589862,0.11506232918083885,0.20651747468571188,0.06498052350385423,0.1053438384259721,0.08925447672887993,0.12299996921097278
0.11406281217706883,0.007572529575406794,0.18819606042257897,0.15582038392585293,0.0911653248885421,0.08614939171044057,0.12321682797560578,0.14875206973986843,0.08506459958463564
0.17772262821635945,0.06408101544450863,0.11932690893529495,0.14284178479053736,0.04774542591474654,0.04462119316186419,0.14001347517360543,0.17123712647338507,0.09241044188969838
0.07728582847135074,0.2567318675079333,0.1997438573416472,0.08634964638803298,0.00979731240011176,0.08666262431385342,0.09573689831075945,0.11413154880585064,0.07356041646046046
0.11912450534588866,0.030755063428540008,0.12899560177157463,0.12322593548827517,0.03415987170226939,0.058795318601345174,0.1487172680826833,0.20164737496966123,0.15457906060976243
0.1070483989276076,0.05765546866806113,0.07429160534213854,0.15320651111360842,0.03768868164280864,0.037695738606388904,0.14539153890508888,0.20343855049566742,0.18358350629863052
0.0653356051483761,0.14773690322339184,0.19324183046677165,0.12604592782949697,0.033778452279652725,0.14907562128543725,0.09674041730361112,0.11635451070489695,0.07169073175836545
0.1438715886742529,0.026196382636387423,0.14432080876605888,0.1199326935170722,0.08340937417441685,0.08228194639433081,0.11065527738575463,0.19810593623650039,0.09122599221522591
0.13667790513086203,0.11022948928862054,0.07061007817744473,0.17292139964642306,0.07225540897042156,0.026736239684651344,0.1221829838318494,0.16307335553008043,0.12531313973964686
0.12801101518858107,0.023137806920713874,0.2739506427318876,0.1646099083697463,0.03943243131802501,0.050863832125436166,0.12730671882535846,0.07868194301228147,0.11400570150797011
0.11937024358419322,0.05506820532099128,0.11683508411046573,0.1894617696380675,0.030935735138556197,0.0494875008301268,0.12327284451722186,0.10087642409488484,0.2146921927654926
0.08958736294624231,0.35275669628929357,0.026691159168649087,0.17649262124274456,0.028506756120765225,0.03545739246040091,0.10051342360635529,0.11237324531722764,0.07762134284832135
0.1679552771246771,0.0738639514372104,0.06316504584165505,0.10121022125478583,0.057738706983440365,0.056799000653303934,0.13356949580799404,0.23037796662928786,0.11532033426764547
0.0751339709989323,0.03008209845199954,0.15915899257323038,0.10029693786950082,0.09085820674323584,0.19369981392487054,0.14431395098776315,0.12188398594744991,0.08457204250301754
0.13672919221186614,0.03828372279039943,0.11417722901698658,0.08918910755697285,0.05928343663858304,0.046207255271909685,0.1418795089208438,0.23838773699963234,0.13586281059280614
0.08861151971982013,0.3598689585823607,0.05105711505220225,0.07729015280458913,0.026973339762562967,0.08653064639004371,0.08951820447511145,0.14805396590558914,0.07209609730772064
0.12793571439327445,0.1326058829563617,0.03483412393135633,0.13939249999595169,0.011049229676464684,0.06797986017514583,0.12788758779092194,0.232948035730708,0.12536706534981532
0.16273584059617616,0.05687307646913554,0.05895241152282201,0.14474357729292522,0.08798282816116305,0.07641285834484189,0.12434082163660463,0.17567429014652036,0.11228429582981114
0.07845983446536849,0.04731861412462587,0.2721649273215581,0.07641196056339365,0.10540445161699978,0.12466606783420014,0.10585105623127793,0.10399093775500327,0.0857321500875728
0.1474599233961746,0.1288806259261018,0.05297332743001498,0.159801846993709,0.025676966046961156,0.08175355326066062,0.1328110022856618,0.14646354002424639,0.12417921463646968
0.16282272530787192,0.2722003598865461,0.06063004689882718,0.16324453937506347,0.02130037332881772,0.03042930007673686,0.11467822200274297,0.0879766149325479,0.08671781819084594
0.115809160957969,0.1876049250296945,0.029395565254149162,0.15990863026813346,0.06509264269082428,0.06471249963684095,0.1411953312441487,0.15457124839185457,0.0817099965263854
0.14211689523541426,0.08186991809946616,0.04332936105277807,0.16820931477097212,0.01793416014162451,0.03988121445404491,0.13314502114934,0.2781068971034663,0.09540721799289371
0.09200733588886605,0.27618738701232015,0.08325842232504492,0.10193184107154958,0.01818105378746044,0.05494303193401192,0.10422569837715136,0.16759324657556748,0.10167198302802803
0.14119485266491952,0.0266910027892458,0.06721265850428321,0.1546774789273755,0.2391603672973024,0.040900673602676574,0.13685460674547256,0.10043474601748499,0.09287361345123946
0.10757729139881901,0.3219829733661063,0.054285274837938526,0.06776823309911223,0.048888458817744444,0.110411599036486,0.09221394874309814,0.08546851972305931,0.11140370097763612
0.09452852176328892,0.2442490586247419,0.04903234556427593,0.168814227910461,0.05807061169487626,0.03924474313698029,0.11194420600085993,0.12063569593358099,0.11348058937093476
0.1434699369712655,0.21024397349248658,0.08757594669283318,0.11875290753925845,0.09649063683841134,0.045770265128901116,0.11014506883887071,0.0777691297773128,0.10978213472066023
0.11437372642763392,0.22051291753918326,0.04125937088698662,0.12822675258380412,0.020818860063015542,0.03667231881641544,0.10895177706856272,0.2531686648747032,0.07601561173969515
0.14382673522603726,0.2582661557188934,0.036802921875839945,0.12673762843329114,0.024164995898443776,0.04040697398693788,0.11251980659632183,0.1324106777201113,0.12486410454412351
0.14008703377230727,0.10720782792767704,0.029134606860542644,0.11211656093665989,0.014281047370507088,0.11294257195985513,0.09816654198626462,0.29305195722681315,0.0930118519593731
0.1154249927007109,0.15071368256644646,0.051736474536827094,0.16960615876479665,0.024776240559562488,0.07225288555512034,0.1288341086809249,0.19406032283405591,0.09259513380155517
0.1120035020865125,0.08674063844743803,0.14515420982759825,0.10977300721513954,0.09545199656016647,0.055362938293784525,0.12256301335811737,0.08109685567187837,0.19185383853936497
0.10736824759622142,0.2132611499968425,0.03963779821220777,0.15462692572958134,0.02297130931942966,0.05201199095214273,0.11769374229702427,0.20120210183204937,0.09122673406450099
0.13277919912539946,0.07094515592293522,0.04167966977162729,0.19075691932212976,0.06543517929770741,0.09050720082715273,0.13728248575072324,0.19699271184098263,0.07362147814134225
0.12360109921364805,0.03198906847984547,0.09994777575486131,0.154190374613155,0.05694236873930797,0.15880801678000725,0.1382269457947154,0.09553927590977666,0.14075507471468285
0.13390986661505175,0.2690483481555848,0.07658380278573347,0.07401485985524313,0.1695117524740846,0.03344356707595066,0.1075904419701587,0.06532141385658773,0.07057594721160519
0.12845926993365683,0.13515151482221485,0.07922707985823503,0.13744561252543533,0.039164883723082626,0.02790196324944597,0.14108416523803735,0.15596260699262351,0.15560290365726845
0.24516300795347554,0.07970112058667467,0.07400151043880142,0.1230727772087276,0.06611117944065663,0.046800238707856955,0.12401162019043976,0.15823599181579243,0.08290255365757504
0.12087644372618095,0.0525314713931577,0.039754402632325665,0.16173680918534863,0.008183044138340895,0.051108004764608715,0.12227392886754762,0.33052919142626397,0.11300670386622585
0.07928199386867066,0.09543499128864953,0.24654211387093738,0.12862886374486818,0.10025200573128205,0.05369598164291012,0.09958437979486164,0.12119309118061926,0.07538657887720114
0.06448114993041769,0.28320027126353914,0.10935561491570316,0.1357410596752443,0.011768340204170955,0.08055493107024492,0.10228102247110578,0.15350041098437872,0.059117199485195386
0.11638770300434047,0.05855283002964531,0.16957031831623212,0.20008878935923255,0.025017281809942282,0.03421473913283749,0.12986440860503431,0.1638653866671385,0.10243854307559692
0.08124982323521764,0.26917467743026874,0.16792335882299012,0.09287921255096594,0.12966587598424326,0.03934189027828151,0.08886318179867075,0.03448780350815169,0.09641417639121047
0.0721389053432437,0.28840739582460584,0.06704506749539314,0.12054647672208617,0.05654258621788857,0.04060185472795395,0.10183468982795867,0.19437456113017784,0.058508462710692134
0.1436441906927255,0.11181419454554103,0.21247819162723944,0.12795741104655248,0.019056528671838033,0.07391503726326094,0.10664540400362743,0.0891906416575512,0.11529840049166405
0.1196241873431152,0.1983072576586348,0.08288487245435702,0.16201394476298492,0.05145291471944161,0.08005640154767492,0.11903297439302973,0.08872079334730228,0.09790665377345951
0.08659385004790181,0.03235309174079706,0.06306858230391268,0.1361177070502421,0.018011536939871352,0.08032279960856835,0.11952659506673675,0.3153406756976978,0.14866516154427212
0.07812334203751976,0.1062417755551095,0.14297661487087013,0.09241995930701531,0.11935372288526269,0.15125802201282237,0.12172907627661107,0.11699305102975632,0.07090443602503275
0.12481957046259973,0.02596762377270813,0.05460507561379612,0.1902384023462285,0.06365323026118565,0.06125378532021075,0.13230467644667263,0.15932541634713934,0.18783221942945919
0.106980007743731,0.09749298756056847,0.05865615595724566,0.1216289280411913,0.05272293884412055,0.06086393160468412,0.1317025113098068,0.18833449627818633,0.18161804266046574
0.09448922473474598,0.02058992269900392,0.1049089072981196,0.09164778040511,0.3463372098827488,0.12409226726270801,0.0986376458337837,0.04468533478790985,0.07461170709587023
0.07749457221381316,0.20316925758194385,0.2156372182563948,0.1079607653092755,0.03974647561157868,0.048163759272807784,0.10050784370860533,0.10869181117294206,0.0986282968726388
0.14222810945246459,0.1298440127822786,0.06741746066726399,0.16971457854805347,0.027669259752327247,0.047337758745903354,0.13918071783221345,0.18365727425653774,0.09295082796295749
0.10785459163398259,0.21532422672723958,0.060020542771878384,0.10891607905641272,0.010482941983373954,0.07457261185266625,0.10593722537461021,0.1730765842724877,0.1438151963273486
0.12981962931372762,0.05541345758923924,0.14838293223362872,0.119881330351577,0.02159268292121567,0.10385319704333372,0.112792968362132,0.14127891172064125,0.1669848904645048
0.09827570981778054,0.15861414505631924,0.08575302204539846,0.1472543576587498,0.07765221815230991,0.03522776801800229,0.11843195533932173,0.22215980278269928,0.05663102112941884
0.07404292890571253,0.44762489657549454,0.1303506961709972,0.06001302927896801,0.03535905482685912,0.02420194933516875,0.08267593713059905,0.08592964861582135,0.05980185916037948
0.10284528545236965,0.16922538297607237,0.10198089793759037,0.1308438437676742,0.012660979490393453,0.050439811537880776,0.10759011921004628,0.22344907303792585,0.10096460659004718
0.12643445009811086,0.17007386927466692,0.053117253951507154,0.12666062246302703,0.0374864783339644,0.04297448116819639,0.11457794370336093,0.23853362492655972,0.09014127608060657
0.09177970293908026,0.1350365951437937,0.11418196030376804,0.13621999309444938,0.05527576223220876,0.12100639436205303,0.13106349093413883,0.07655992573709376,0.1388761752534143
0.14194412909965887,0.035227300421840864,0.10489010043169877,0.15876766517216623,0.026057570102999184,0.12860144951808916,0.13102865440642034,0.15022913272755203,0.12325399811957459
0.11275078678367027,0.16307886517315498,0.02926252976762932,0.14251023640997007,0.030096454068215473,0.16412764986648476,0.13891643801231263,0.058048552320053036,0.16120848759850945
0.14973159061712324,0.09536404894153512,0.13034935353389565,0.08971673066607638,0.048932690465441096,0.07762552173165055,0.1183705234492859,0.13647761304878372,0.15343192754620827
0.030907310730243314,0.022593320503228553,0.1685461987815685,0.022494320689525005,0.3591054483474047,0.214662594096469,0.07477494553912786,0.003659713562292362,0.10325614775014073
0.10116611961374948,0.04004053482716898,0.24441071688618654,0.1140279753294201,0.1871823418168805,0.037717346598821866,0.11502264435134034,0.06804516157395926,0.0923871590024729
0.11323268542033749,0.14648952662846684,0.08274124898263802,0.12555221923637483,0.01086986317248649,0.10190067434009953,0.14898255265159138,0.1268011654672207,0.14343006410078468
0.057969863559153935,0.08919143432947922,0.150432194767088,0.11528732111022999,0.16794108973340507,0.0843052118765402,0.10476321290545561,0.1281458144741562,0.10196385724449175
0.07884044327649718,0.32023418643235685,0.11941761781881817,0.08212367181168288,0.026360608791641916,0.02425005048306413,0.09710167254321818,0.18943121603951815,0.06224053280320257
0.11727877512043704,0.06406037638967378,0.13653180230706766,0.10554486081944137,0.024431056614706365,0.15708282955693628,0.1090154434844503,0.1960103138728402,0.09004454183444699
0.08077393972349235,0.26449060722702655,0.14394168795432835,0.11856036502648742,0.010335578997136824,0.06368669757644586,0.09261810868139025,0.13765065027996623,0.08794236453372621
0.10595569378779918,0.051353684790004905,0.10278145972083556,0.0964656009003972,0.04042423498935978,0.13903706534628268,0.14226913422605145,0.198418841014287,0.12329428522498222
0.11871060043831376,0.16702468832614878,0.06941443836382268,0.10046515267856969,0.014719008414935656,0.08393310603484193,0.11403724303272605,0.25207173289828394,0.07962402981235758
0.10039678506221945,0.0873686274768299,0.0937246220623243,0.13147067557458736,0.049287244758869066,0.10262431706038988,0.13403469881544852,0.1820211972477348,0.11907183194159672
0.10894627532774682,0.1974466797549561,0.028225254378519606,0.09782532216568625,0.023231779309583842,0.0314363026837993,0.09530993867059527,0.3162924470866203,0.10128600062249256
0.10655678420855774,0.2471560911768569,0.03973903826676351,0.12432425809334147,0.016652173403475665,0.031373434031382735,0.10523948331846295,0.17830652295552665,0.15065221454563235
0.10868450189643541,0.08917089623315703,0.040083645028956984,0.08888571121433846,0.2692962085418804,0.033544547168738684,0.10490026610114805,0.193490797817969,0.07194342599737595
0.11311828155763608,0.2171827106287417,0.03339149659385175,0.12771238489682976,0.037863999231726085,0.07346204736431076,0.1104868045937052,0.1947994953236306,0.09198277980956815
0.10216674364901634,0.0763248462127366,0.10855527702867478,0.1516909809006158,0.023827265622041013,0.09460803003273759,0.13087782242546142,0.23379617268165212,0.07815286144706428
0.17897811255465348,0.06472087000865036,0.06437198487952227,0.16134051271032948,0.02421137423814938,0.061965433663123924,0.13561951771955438,0.19359624615961468,0.11519594806640206
0.19870242719508902,0.13932357552535243,0.0608226738393684,0.10505094901693136,0.06056011107036143,0.0553688772541522,0.12276337601914035,0.12874950020250522,0.1286585098770996
0.1232773257119958,0.27506812736682895,0.0648576266174171,0.13357430160329856,0.018689004047617978,0.031103232213626212,0.10537225316179176,0.1839116076906053,0.06414652158681836
0.17485282290682247,0.2129326839323652,0.05431318841955768,0.10512646348334675,0.05913813282827105,0.06369514751661208,0.11821545666669007,0.09015014711145042,0.12157595713488423
0.07857384654956671,0.3396502682886593,0.055576723353200276,0.1243083914827922,0.0063190642137331415,0.07010483185157626,0.10153358446334983,0.13247291008879666,0.09146037970832556
0.14477735558760582,0.09626167008751108,0.0443615611281459,0.16948598017064956,0.05603695288506013,0.12464570160320472,0.15450288266212253,0.1043414404643318,0.10558645541136846
0.12934371954565463,0.1624954386096432,0.11988580524731506,0.14666943042176364,0.019488575785309308,0.06909747277500698,0.11873747234154493,0.15631283700462922,0.07796924826913296
0.1070583281618664,0.06209425827813277,0.13614028859606894,0.14518890170265222,0.11225752215183853,0.13465757331498576,0.12123702310814927,0.1154808099698239,0.06588529471648213
0.13946041325225672,0.025722626194846946,0.18090819727294757,0.08182022389033032,0.13376965977538785,0.08400032217970606,0.10785896622421974,0.08612812846834511,0.16033146274195964
0.11005282826509545,0.07404043713442582,0.03385038488494057,0.16290167946141218,0.0429818949851146,0.05552263276808358,0.1301449073661806,0.23317064663506093,0.1573345884996863
0.14470192530182974,0.14291121125612385,0.05803249906316835,0.0992918474002611,0.06120589389120407,0.08549563982960413,0.11955467048545938,0.15271303758785174,0.13609327518449757
0.11282637306783101,0.037280594198176024,0.15834553232210405,0.17529077825220726,0.07480711291781202,0.058293778685181576,0.12085192482726999,0.08553409074318702,0.176769814986231
0.11067243087386654,0.08920496820480113,0.07498539357494256,0.134661747417239,0.034956900946278284,0.15686447095472733,0.1333156996023703,0.12588074098396218,0.1394576474418127
0.09918936125138382,0.035745498194844925,0.03729547959612107,0.12458839152960022,0.10730032572740587,0.18102358189719495,0.10580586807683995,0.05081789150618741,0.25823360222042174
0.11047412418746831,0.003957021570345169,0.21705503549233915,0.08154930939886035,0.06069011782744085,0.21144490097351112,0.12272482545257352,0.07900817575556213,0.11309648934189946
0.1493734684033561,0.04875653194405602,0.09362280631130804,0.15188191466395481,0.11327429697575786,0.13492938235638308,0.1284643572252071,0.09353509699254443,0.08616214512743253
0.08490159117653519,0.24842608467962937,0.04677992173355488,0.11265937962780763,0.01769949409902615,0.05786997091657268,0.1094994368394517,0.18419217482016678,0.13797194610725558
0.08117091718020672,0.002813469304381607,0.23392659391229076,0.04354423251340763,0.45918946421232376,0.030246463646686667,0.06529375589313718,0.018366205028540052,0.06544889830902567
0.14265009759759784,0.10209936770247463,0.05294490086872133,0.17684902280525583,0.053961997581690485,0.06407985665343406,0.12134123633988748,0.1581596352763256,0.1279138851746127
0.1545288590872168,0.17395356662150993,0.13902121158332012,0.16384656607419532,0.037776991688126794,0.025753683332653616,0.10638091251890121,0.11768400949165787,0.08105419960241829
0.15072681770849786,0.09361526035182403,0.08703821683904804,0.16969624101531075,0.04827781663146963,0.07960977593923052,0.1355174554823565,0.11276502968730899,0.12275338634495375
0.10110222561353449,0.116460418509594,0.25394057881013,0.09553882771684713,0.05378166129273721,0.0376421458948102,0.10586086772097293,0.12707409944352718,0.1085991749978469
0.13048121488364958,0.1477762271366906,0.0674339094388698,0.12589061030573767,0.020338591840437337,0.04385851313356145,0.12034399516030259,0.21165050445903819,0.1322264336417129
0.1365367291720568,0.1736488992593449,0.0735668839894653,0.1338919498061407,0.05450025309791972,0.04502281263974071,0.11885915194281566,0.17707478816251274,0.0868985319300035
0.07803185161473888,0.3031807242102387,0.04095107612897267,0.19343430257169322,0.014621178292102981,0.05391484818572286,0.10208984211080817,0.1487442449231782,0.0650319319625443
