0.12315370698009032,0.13453908003748816,0.0915917570305859,0.1123932839751261,0.11809722795615825,0.08132979915336626,0.1947603207035684,0.11252837319667493,0.03160645096694165
0.14967475969844668,0.09066158695992006,0.07515320133770849,0.12823141281559272,0.14942146655005137,0.1124368795302857,0.04541924785663042,0.17873475039950407,0.07026669485186045
0.1704869308753002,0.08172628342686668,0.07548527620580488,0.11725595107660632,0.1577983879643123,0.11435694685059535,0.05551643488546761,0.125484234249264,0.10188955446578264
0.15374847611729525,0.15917140403832833,0.05628987009153177,0.0933623647637659,0.1650178787874691,0.1365288006953196,0.018306438301253374,0.132870316283797,0.08470445092123967
0.15308568540836034,0.045543899555736594,0.13404201629248166,0.1604117891939878,0.15697291792819484,0.13814264153338374,0.02813140736554388,0.11475031987175104,0.06891932285056002
0.08782734568413401,0.050919487610311655,0.0499641976535753,0.08300728731189062,0.08303329847459655,0.073727095681607,0.29512492564838383,0.10768671968844507,0.16870964224705595
0.08695846478638437,0.03316821479685827,0.02089034301696677,0.15019014196549452,0.09175410803173235,0.06761665932214415,0.2088617734406697,0.12330897295227895,0.21725132168747086
0.12528591502648664,0.04286554232034855,0.11231027625579455,0.23080088359510623,0.13569205529043343,0.12128000819001317,0.018432089058209717,0.12782762761134583,0.08550560265226188
0.14572235890547947,0.08145870381533823,0.08135397920428494,0.13436722360285921,0.13629781516351716,0.09539145575074622,0.014739185168479782,0.1556550645285152,0.15501421386077963
0.1879633833909966,0.045372924529271164,0.06186560473766222,0.08733957044638502,0.14282457391987757,0.09871880873100052,0.10104829414661742,0.12860729031655535,0.14625954978163416
0.12951420115517495,0.06294087500302292,0.0372990177671935,0.10215334676827971,0.11365613359218191,0.09722577704801062,0.15416083030165395,0.11331941241671993,0.18973040594776255
0.08611167059943446,0.02909663320594166,0.042843349463173676,0.11145318951994032,0.0790562697610671,0.06270703994260363,0.3829159442102674,0.1300471098698966,0.07576879342767523
0.15457508739501638,0.11079608119091844,0.0470086269954891,0.09174744381869876,0.13454648094612046,0.09519241626569958,0.08232800429464678,0.12108994754371932,0.16271591154969114
0.09474440628840447,0.053569405704046225,0.04288604907057014,0.0969575851978323,0.0885717696978246,0.06550368651574322,0.2346601594022116,0.11878240686690293,0.20432453125646455
0.1576236059406683,0.020362187593071335,0.13522293217187506,0.16038274049909493,0.1433795666641025,0.10327374432167603,0.013301643840848072,0.1063506691573236,0.16010290981134026
0.08192328220383949,0.10528813493746025,0.02088999827582925,0.05094500644851152,0.07629094174656394,0.07570449817743813,0.22461595584406316,0.12616472960271335,0.23817745276358082
0.08559571288947344,0.2570026036083421,0.08366111060821789,0.05461017287360023,0.09203709489709021,0.08514894289006529,0.21056607050680123,0.09832136327934093,0.033056928447068666
0.1297510947441539,0.13716442925236358,0.03919557173546231,0.12429014749739824,0.10421910294557744,0.08602162943077091,0.19406857691155888,0.13785639615669187,0.047433051326022914
0.14222308363682834,0.12001171446336316,0.13904005627184327,0.115195357888332,0.13761639403657053,0.11550528785567422,0.0218375376350573,0.15021713676774975,0.05835343144458146
0.13899183496832704,0.015063277772870661,0.09119129936630178,0.20879683109860292,0.1117281237803532,0.12618131600845775,0.06002782532392242,0.11226450239861034,0.13575498928255392
0.0913321636779507,0.25699039384905226,0.17443437063789427,0.05417511532148136,0.1038094251634038,0.08601052028036778,0.058102351109839745,0.13128060374719844,0.0438650562128117
0.0812944544219986,0.19536498496627805,0.047819564158378736,0.054638566509664505,0.08266636509537585,0.06558648770597579,0.3325821327806116,0.0842873871086743,0.055760057253042485
0.14441581204218024,0.18202111657508782,0.13032101874864271,0.10560772955914359,0.1477778389512911,0.10909485600293484,0.012442718860515354,0.12438080974967385,0.04393809951053051
0.11396616853020737,0.08822001414958906,0.01965209784962056,0.23794250183321064,0.1041343589223687,0.07833469264041591,0.17849729829622393,0.10733373256816964,0.07191913521019426
0.12943613773985366,0.04712489720901767,0.043195910086201994,0.08221245453557623,0.11621775251765167,0.07807129371735348,0.2541832072067371,0.12133353740456713,0.12822480958304103
0.15093958250078005,0.034395276523858105,0.03603749415606309,0.05988242046611989,0.10150529564298429,0.05302355710778577,0.40619730146587396,0.09289270993428633,0.0651263622022485
0.08817233055293176,0.1480797631319857,0.023469413898682234,0.08191889615382043,0.07800584402812288,0.06018207736391742,0.3368877439207059,0.1048872821407264,0.07839664880910725
0.0844561475102104,0.18492236128242748,0.2721546627973325,0.06382276245044745,0.1018474536264341,0.07733266130458394,0.048826109423739106,0.12498681604447477,0.04165102556035021
0.13795588537892658,0.091793084806355,0.030596547923553385,0.12421965630304754,0.10258528951416607,0.08637037337582794,0.27502262039458425,0.08434842170982511,0.06710812059371407
0.0856072128339523,0.143163582807027,0.0383534990546135,0.07150117253313262,0.08333100780493917,0.08843885614857937,0.34546620936788214,0.10897422892871468,0.035164230521159134
0.11392566704787817,0.06966582544274612,0.04644612647235297,0.12525945939423613,0.11337158826978838,0.09172708427872016,0.12104039323296141,0.1215099497854149,0.19705390607590176
0.17563820264052973,0.11925671518471659,0.09869397695040034,0.09211389103068172,0.16051608006591175,0.12453767371417697,0.017224150810059697,0.1363367123124899,0.07568259729103337
0.07754516337241724,0.16371347256379595,0.31372971075799344,0.10022694824558054,0.09294485962838805,0.081001335712783,0.029148312843809403,0.1182042172202986,0.023485979654933764
0.09021125095326571,0.06857382931726619,0.034700033032227504,0.06359302406551089,0.07642862983481431,0.05019858542511831,0.4164006781517191,0.06808606059427215,0.1318079086258059
0.12449693189115192,0.22201385624443337,0.05701103419888795,0.051592824483645494,0.10155238129244049,0.061858140632899385,0.24611960289597046,0.0949293759934251,0.04042585236714582
0.10563528800117022,0.1757774282697094,0.020607406784798516,0.12863382887484917,0.09033473768154587,0.067523668844723,0.15696039436169154,0.09658823943725335,0.15793900774425892
0.12358055687497836,0.00962870047633596,0.06020676230965775,0.08914741137090393,0.08994400088762194,0.056872032437974285,0.26683997352353256,0.11135354287417983,0.19242701924481542
0.15687417568201223,0.15812533529903716,0.04696283753688313,0.076943562928152,0.12827605773493753,0.09187037533572778,0.16264281009859835,0.09844583544238568,0.0798590099422661
0.15006374909468043,0.05925926267848739,0.15280666846737387,0.09577062718441294,0.1502750916952144,0.11891333161879054,0.044234787202972886,0.13068977761948708,0.09798670443858044
0.11333550220292211,0.009875427895570747,0.1320004818775671,0.07210436390467598,0.09848639780183821,0.06868356752912447,0.3026456876628543,0.08422084708389692,0.11864772404155015
0.1625223047195661,0.07958616885681544,0.03981880118112876,0.0899141079248968,0.12738703839368412,0.10224844142162598,0.21691718275070074,0.10438408388243665,0.07722187086914543
0.06690150391477008,0.12446895140372616,0.06249572308373217,0.07327843252929984,0.062208285409984514,0.054847366945599725,0.449246480782937,0.07479142174931773,0.03176183418063278
0.11117117364371894,0.18729256926199342,0.04706972319697592,0.05597136479271162,0.09848732821330584,0.07524604971881767,0.2233565452580859,0.08541922320954366,0.11598602270484708
0.09789073326995394,0.09920317077686867,0.02328624499237941,0.0718784736287893,0.08301389909876083,0.06268647117438737,0.36020324073587684,0.09995044040574425,0.10188732591723942
0.13814628281791255,0.19334111455495143,0.12928453297613152,0.08714100383646266,0.13274395648636342,0.09802716812195457,0.042458108030693296,0.104235460080442,0.07462237309508847
0.1588762152377697,0.2035775449214212,0.029916631856764807,0.08841311244893595,0.10645332916001116,0.06599621905677831,0.14884121970733952,0.12573635630880742,0.07218937130217194
0.16553885662437062,0.053345832782457615,0.1268316395900201,0.10771858313949685,0.16840084013860368,0.13756084874649013,0.016181918713326696,0.1268234893760731,0.09759799088916123
0.0917501529557218,0.23261047722765707,0.08820776886381555,0.08338593076369767,0.08784845358165688,0.10682220640914404,0.1310168164173398,0.10341537044602249,0.07494282333494477
0.11830598276121347,0.04386629268381927,0.08732659995023058,0.09843449394083015,0.10390304079211259,0.09584205695910454,0.14005480697624398,0.10600260519315303,0.2062641207432924
0.16233176779639966,0.12768131028130794,0.05423832833511547,0.06382834304994793,0.11791799259821985,0.0855323112936938,0.2059191352995473,0.11295691480766183,0.0695938965381062
0.09000570397545249,0.036007899792435495,0.04200415555433749,0.07791485219689144,0.08283019052736823,0.07225357426706391,0.44701069891280026,0.0671206154898694,0.08485230928378125
0.1610223679198605,0.06014091111063354,0.054310511518017246,0.08309151275049904,0.1262862558538889,0.13013536535586026,0.03484193656013162,0.10725983567546389,0.24291130325564506
0.06903991717973405,0.525542952565292,0.08671509697620801,0.0404690852017983,0.07884547113150053,0.09061356237555059,0.016477825168707456,0.07481434311774475,0.017481746283464453
0.0819021929387166,0.31299150297781303,0.048945829689696345,0.04991365787392665,0.07591209903796044,0.07342427468797136,0.2524795531260781,0.08280944756114152,0.021621442106695976
0.07189228638388549,0.41555787296642754,0.15369528235271615,0.041357161873116645,0.08031039149717344,0.09612312536169143,0.025541170175603038,0.09588435267908775,0.019638356710298545
0.10484899113570328,0.1958101904593477,0.04038583367214992,0.06158898013439184,0.0957852912434422,0.08055302899863855,0.29543382029973597,0.09606325322891417,0.029530610827676367
0.06318892708336053,0.2712777339679043,0.18054590448767324,0.03779367783755253,0.0682533525623027,0.05782681416924137,0.20253420682035217,0.09815984458702205,0.02041953848459098
0.07067373146936023,0.24840181638492495,0.03641121950267454,0.07474419738288784,0.07251531320149092,0.11900492674780415,0.23117908031782095,0.11103896442726414,0.036030750565772346
0.081661408826501,0.01981834838753133,0.0532470816974272,0.05174585268969668,0.07522121325363484,0.0555747999742384,0.4293308456276281,0.06233466319938321,0.1710657863439594
0.15792707466628392,0.11383333484122145,0.08293582004603028,0.12079127293490148,0.15482915132119954,0.11210704721173002,0.025127097820009648,0.12401855020285694,0.10843065095576676
0.12483536164591015,0.1331017738765761,0.050808606086561854,0.07162506203965506,0.08394106305095844,0.06621188869805443,0.33797094338835354,0.08250884894832972,0.048996452265600655
0.08097208288171819,0.04350817214796812,0.02513771105284902,0.112038182700742,0.07907078980742878,0.09435879389294621,0.34528474785003427,0.09716448743364632,0.12246503223266707
0.06910885395633164,0.00502240393403484,0.017367684750396215,0.27794215361755525,0.10028759234242089,0.09365950635950171,0.028937829741608783,0.1468631175347116,0.2608108577634391
0.15572506003943956,0.09134713573596466,0.0896062419264943,0.0978936458229784,0.17116101822842286,0.14521302796725025,0.022358225077900317,0.12327916370975589,0.10341648149179374
0.13142435187945528,0.1559306353036327,0.07883138979828487,0.13877937833243623,0.11061817656153183,0.09106707858598723,0.07395364804127512,0.13137820684324017,0.08801713465415661
0.16777832110745536,0.05797905710492853,0.05241530383236256,0.13025643231718773,0.1563141908366533,0.12263291287844269,0.03172472930717682,0.1504006668209815,0.13049838579481152
0.14101996199950984,0.08540912919707229,0.07238104143302332,0.07468655414628907,0.13245324281596427,0.08541100945382733,0.13367473901341073,0.13451183406569456,0.1404524878752086
0.08090323024909188,0.26355839799040615,0.14177324954811255,0.07538700471500547,0.08870986703784745,0.12596619777971896,0.04446668939567044,0.12567575388000596,0.053559609404141145
0.11903552395173667,0.02265038500412193,0.15140238619234292,0.3028404349807036,0.13099566435527057,0.11229586743679028,0.01459365657223259,0.10607595602105062,0.040110125485750846
0.10357339434457247,0.026174798888654243,0.048928798789267515,0.14294605528029566,0.0807115578867587,0.0985236246430255,0.29109207498224793,0.10624192378839657,0.10180777139678142
0.09232828736843306,0.19047778811199131,0.254725345915803,0.060227486313841457,0.10626906824617795,0.08046279402548291,0.03712560688186319,0.14134576215130043,0.03703786098510677
0.1028103206356112,0.10838781489472372,0.10639645427079518,0.05640822504676133,0.10311682886209801,0.09210455712240655,0.21685199517457188,0.13990710834537376,0.07401669564765831
0.14933203168772433,0.1487743373775258,0.09769889331553878,0.11634761124352627,0.13862689332385367,0.10504085886838045,0.055057028953276715,0.13071123063799592,0.058411114592178126
0.073374002293478,0.35517556393346245,0.19020498442695136,0.05217238523061082,0.08868132948767588,0.09420111437923075,0.020217193065232873,0.10474780839668286,0.021225618786674953
0.08580270943528363,0.1718823793009336,0.020765937990033498,0.06010839201648973,0.07598401914979652,0.09197315226233556,0.3570579224147689,0.08071729559809948,0.05570819183225906
0.11241100204679905,0.16009845840925693,0.06014716473733906,0.07104166320025744,0.10893239582065734,0.08886689604274817,0.06358298176669071,0.15773640004324865,0.1771830379330027
0.15655239890852912,0.06905194283308387,0.08944581655803553,0.1340809644873128,0.15269024631535896,0.16149239302968155,0.02590851308559315,0.1395882761859174,0.07118944859648772
0.08085539229203319,0.06559730702207618,0.03091857080470456,0.12530826537799122,0.07365962128524735,0.06009052183039487,0.31616518919206543,0.1237885113619563,0.12361662083353087
0.1776902583977387,0.03109546724928473,0.10657160265264315,0.13440459848065942,0.13704256506912296,0.1077901908508928,0.05534484461968365,0.1160561126080456,0.134004360071929
0.1327215973899615,0.07090543814405836,0.055528454253538494,0.0957821034583567,0.12303405523198578,0.15644624159815956,0.06725536704353167,0.11937160352018276,0.1789551393602251
0.1623745190466627,0.06572016788875114,0.10128832300871533,0.09816052581403423,0.16846899428333004,0.16447961475195177,0.007888302018000988,0.1273688138559047,0.10425073933264915
0.0916530340279418,0.07433878297085528,0.022938313929417656,0.10770017848850234,0.09289201440696497,0.0809647888098385,0.2768148001508898,0.10995573694407111,0.14274235027151858
0.1256682893681895,0.03584232623958009,0.10317145780204146,0.11197804466596285,0.10231113890035354,0.10518970231367368,0.11522127291324664,0.11415014425602717,0.18646762354092516
0.1395016080438364,0.056759591784211416,0.1032440069743729,0.17329949095893016,0.15765505873486332,0.12844483465028178,0.017059061244440673,0.12606809091198767,0.09796825669707558
0.1133416367754842,0.05993273215941444,0.02058863222232654,0.139642057606051,0.10705510033508477,0.08202721587355855,0.18959294752503109,0.11075416596653881,0.17706551153651065
0.16720423981832575,0.05339676651912393,0.08300652415428238,0.17509656262961423,0.12670370517636306,0.11893251943487564,0.011766191308233413,0.14030522900494652,0.12358826195423518
0.1032311440578197,0.05053978752528474,0.20659252661203387,0.14867648758388405,0.11929866780593124,0.09588577960463968,0.024716685929786264,0.12178075837833165,0.12927816250228882
0.11021862815098182,0.04649295904486698,0.0400654471664888,0.14567348780280345,0.09425437746103842,0.06400797177252016,0.2642482756266839,0.1192730239795853,0.11576582899503113
0.1133416367754842,0.05993273215941444,0.02058863222232654,0.139642057606051,0.10705510033508477,0.08202721587355855,0.18959294752503109,0.11075416596653881,0.17706551153651065
0.14374279933092285,0.16126648025736315,0.07260997666951625,0.12526332164792428,0.14941126605494007,0.12138632943746297,0.019776993467188825,0.12720895720173875,0.07933387593294287
0.08471430126951841,0.026746847064596773,0.025870312327943523,0.15490016652051422,0.07441535514631521,0.054606691393200846,0.28202060334679774,0.10923222608212457,0.18749349684898875
0.10474755420042092,0.0973079806100428,0.11615932076913937,0.1290234758954328,0.1025086887029019,0.10443003349650852,0.09316825414259129,0.13554251606577886,0.11711217611718357
0.12987515521131499,0.025795505930127027,0.14255468122282947,0.260164148874862,0.10587259462815081,0.07420597402721578,0.02508962027873635,0.09581417274881603,0.14062814707794744
0.13561657745960362,0.05855339678419295,0.0612305672620568,0.07423271704420559,0.1035613943684227,0.08371381416762726,0.20719324865048483,0.12583568850760168,0.15006259575580458
0.059128002769035515,0.1414810663194291,0.03620174417418601,0.06147799194316204,0.06298796523053406,0.052765981139696105,0.4493889727015088,0.11386379694763638,0.022704478774812003
0.0972077753081101,0.07582245335706456,0.025560988955726158,0.10885823900683415,0.08094367963453758,0.06175859393323035,0.3412903408544004,0.10225741657262631,0.10630051237747033
0.149642871040541,0.09492428408302565,0.11855817612482226,0.0961487683935257,0.1397924961678605,0.1079827917180468,0.09644741250460143,0.13749800457449976,0.05900519539307688
0.09052751603789223,0.1259550189153609,0.07817442286148037,0.10878739959215154,0.07916004970185486,0.06228744726477984,0.24839183597166306,0.1219295782029935,0.08478673145182365
0.12875021721941093,0.11904997353684021,0.09664447684288237,0.1077914916406646,0.1253003581682112,0.11432097637550888,0.036003945381979,0.16163311432145522,0.11050544651304756
0.148422866659446,0.021098916106115705,0.17599084332802029,0.12108321973327729,0.1365204326313357,0.10673487698415707,0.05574370453691333,0.1222114054513267,0.11219373456940795
0.12413374355872016,0.07315139929461646,0.05923705029936588,0.06205674373723441,0.11936339715796702,0.10251128219186477,0.2826006192480289,0.12230781068476086,0.054637953827441556
0.15549301427271658,0.11635269527605835,0.08564183938665583,0.13021659741305341,0.15587050850496273,0.12009218598926513,0.02677877539951951,0.13547574940631843,0.07407863435145
0.1551931909572828,0.09286929510708793,0.13934072397246455,0.10788733019249937,0.1591251211028458,0.12729476945885454,0.024446803773548634,0.12631618117482504,0.06752658426059134
0.1729840085343389,0.04228120280652284,0.11690652503632537,0.14469701601754803,0.1405720972091529,0.10594368090008237,0.06307642690423974,0.13257842287634505,0.08096061971544476
0.07052155526136751,0.17784959770019038,0.09317408963783232,0.040634520880649984,0.06436905577257761,0.045874118945436415,0.38301578514381607,0.07530963574838834,0.049251640909741386
0.12009510834206043,0.035049045310083876,0.07854215182133807,0.11323976961922162,0.10700984210594999,0.1480248975387827,0.1002175580159839,0.11968697923425702,0.1781346480123224
0.08959626633787136,0.2256123400520984,0.28397750263632876,0.05985063834746177,0.09771475384869592,0.10099130649864574,0.009070264688999331,0.09682693178028413,0.03635999580961466
0.06459941739709228,0.02449579225819228,0.02367314641294666,0.03615162963552492,0.06759649195622408,0.0831630550244475,0.28652698206974636,0.05039514439413645,0.3633983408516896
0.09460888799757332,0.12987578622810458,0.04713643895456898,0.038788010663467445,0.07218318919081013,0.06568839813276882,0.35825982761117436,0.11401967201722008,0.07943978920431233
0.09431626920422843,0.13631917618568115,0.020721311165479192,0.047316209499564575,0.074765649765703,0.05896563003424202,0.44017232956471847,0.08292903105813194,0.04449439352225123
0.1864441798154617,0.06156162529959101,0.0817312044360952,0.0843595659829518,0.14744830210648327,0.11040340640025283,0.06739849568523539,0.152083726204488,0.10856949406944076
0.1418980341218091,0.036909656618707966,0.10684862091907132,0.18416548224608367,0.13974808411486941,0.09846374595787372,0.11197089269234124,0.12207061806951913,0.05792486525972448
0.1441804066209416,0.042892343397104814,0.061393782968064435,0.17817244532918974,0.10851693205884537,0.09639111857901934,0.16495891147760275,0.10784330051301105,0.0956507590562209
0.1422613297999211,0.13924332880151455,0.02604805130564805,0.047741996029775885,0.12767734567229913,0.08135472762916875,0.1437415105090147,0.129678193536879,0.16225351671577895
0.15181917328009775,0.09088848776439884,0.14293468113684787,0.11326059639507235,0.16131233417944735,0.1430588051004674,0.012876952215715803,0.11958473519058488,0.06426423473736771
0.12369057213881557,0.07089888068583482,0.0777836646913242,0.11041223196284639,0.10565617511780867,0.07913309287225802,0.13608968960442955,0.13357462032801237,0.16276107259867048
0.13979770203107236,0.17708766766194148,0.02566824778919297,0.04617633679655816,0.06943879617146399,0.042055403391959456,0.294488401991153,0.14763357554813536,0.057653868618523264
0.0829384990673678,0.29290967942956025,0.21189791346678613,0.04398516017552589,0.09961648752654723,0.0657207763119912,0.03138827259781748,0.10970855709580248,0.06183465432860139
0.13881471455952435,0.12135733984004192,0.08414072123333556,0.13330765087577764,0.14995514005906893,0.1086874250614283,0.04925011944535076,0.1465432640493787,0.06794362487609389
0.1252683851516693,0.13433682923081475,0.08702548124420673,0.11279856844190556,0.133677944812588,0.09160058701749585,0.08484196792965748,0.13400596700474068,0.09644426916692163
0.13086402275183157,0.1546729150437581,0.05858546796232061,0.14691009574667538,0.12184278452987107,0.08292962772523853,0.043609448760101734,0.13984586062664747,0.12073977685355548
0.17008247097066445,0.06418630825354876,0.14362478147606447,0.12482676545965975,0.1673666912355324,0.13701443731427557,0.015145017334577618,0.12291682717130452,0.054836700784372416
0.11985455203378809,0.24436928559544255,0.15716146369730224,0.05679045317263878,0.09562798066572835,0.06776884302474141,0.07015875368775606,0.13200273355229328,0.05626593457030916
0.09707866560091664,0.08252412463686137,0.07869248969528762,0.10288991819658933,0.08246454752028119,0.07143568284727804,0.215345337213421,0.1502929136124588,0.11927632067690597
0.12304831588950692,0.045721839461678015,0.10066298229347148,0.13621357307488266,0.14237641891240482,0.1264014417259173,0.0352726614434689,0.13846678662045658,0.15183598057821332
0.10714374753267641,0.12607885727232782,0.05289893375155017,0.06176554001943097,0.08548991297636592,0.06156675378520645,0.29992048390216447,0.12583974712888904,0.07929602363138873
0.07371486801491085,0.22142482305182173,0.27119085608794713,0.07322873845731791,0.08736696262571216,0.08888181068588452,0.06066271597880211,0.10949470926027198,0.01403451583733162
0.08016411375223856,0.2809196331031585,0.24027094036346627,0.06797102280354371,0.09396211406930999,0.09334026032956659,0.025648972657329034,0.09855137279509034,0.019171570126297045
0.1211111421432736,0.1584918192547908,0.023629066263683135,0.11655118312236466,0.11627585283350943,0.0987252421294682,0.14364284811076952,0.11586765900391242,0.10570518713822828
0.0996053946405767,0.07526369099948689,0.026346171406032255,0.07415924633869957,0.08205435925892181,0.08655867793219844,0.31541164570762303,0.10578432551271462,0.13481648820374667
0.11805424315916985,0.10990152044512196,0.02177738398076881,0.08798945158146544,0.08610584739896053,0.05699381757143779,0.29537705744411086,0.07901423130991195,0.14478644710905272
0.08128495620359309,0.2911332216290328,0.2283543736457081,0.05344365432189241,0.10505990708455405,0.097678815484747,0.014545389574696185,0.10757008425933286,0.020929597796443506
0.08492960080383351,0.19052895371172326,0.2130966326472159,0.04634237302946448,0.0861981932089169,0.09277769220151695,0.11584905952998448,0.10858680829429584,0.06169068657304864
0.1400084600836927,0.059140184649311166,0.1399031575814947,0.16320705511417274,0.16032401754012218,0.1168054813446839,0.008911455218847024,0.09733401273100029,0.1143661757366754
0.14437223812732003,0.05190764034490425,0.12212194667036892,0.12811018316234718,0.11530104279731701,0.12611736254600814,0.08852430470762256,0.13468960313402945,0.08885567851008247
0.15436028521487824,0.11043832603200493,0.09315145195692791,0.13405041924990185,0.1460685708661145,0.15136102652617975,0.036671886322815185,0.1302674028460491,0.04363063098512846
0.09709311459781134,0.1845535939236019,0.1416612709330542,0.05422550744406463,0.0945275425065319,0.059015057519349635,0.23265674880144213,0.09715990627858201,0.0391072579955622
0.14976860162688657,0.1823622910488617,0.04427864956035554,0.06494069590672415,0.11330304532838775,0.09552229187934476,0.21201431714401972,0.11020699751986751,0.027603109985552293
0.07675781978332158,0.46647057790143437,0.05628876760298196,0.08390914751202495,0.09080390841347209,0.053486187166474596,0.06563756681801343,0.08762832175225083,0.019017703050026136
0.08991458276611257,0.03856449813954161,0.026016859503350125,0.0644264372813625,0.08478861847535031,0.07873449310855749,0.3336826463952482,0.10027185451929806,0.18360000981117927
0.06933421030157948,0.3343953477280041,0.26989057174598846,0.03390671527645211,0.08579956371091939,0.0798743512002111,0.0205599009260149,0.09719670381287,0.009042635297960488
0.08172574597482679,0.2827536647600992,0.22238473469051687,0.06160226161310962,0.10329332297354084,0.08069680107304901,0.025505060736177716,0.11868261815621427,0.023355790022465645
0.10509958777357659,0.027473279674383167,0.04588589542269254,0.05534868721921846,0.08528961618535107,0.05637400546246246,0.4471513026139497,0.1054861195098981,0.07189150613846791
0.09663562099446314,0.0805928690061341,0.06684253474440634,0.10270331767126782,0.08027398750219192,0.06258156551396733,0.32976326035742326,0.1161486428948425,0.06445820131530353
0.16998883940389975,0.06064663502888634,0.052822820856351343,0.12297465214313232,0.15774252861066154,0.15095955729508934,0.06703819777878767,0.13165145627649077,0.08617531260670092
0.09914693709090468,0.03739440164197269,0.07915683539770453,0.07709629251199736,0.09480009284401525,0.07192824395634333,0.2541511656943809,0.12702999575462234,0.1592960351080589
0.15178545086152784,0.10409172642275992,0.09677182271085671,0.1007411358107197,0.16648749516504738,0.13347251899875368,0.010792902834677862,0.13655215073015342,0.09930479646550355
0.08097777133124867,0.007477655978703639,0.04934860344933841,0.20650490094304988,0.07767225545642441,0.07005785307611868,0.35642378126762114,0.08618407459106947,0.06535310390642579
0.085383179830406,0.292122575708969,0.03816803245058827,0.11449361751030902,0.07782098785363001,0.07142328597584492,0.10060982049797874,0.10704696048366037,0.11293153968861368
0.1551242985013553,0.1145336822755677,0.09299107352226033,0.10865811991342071,0.16583667802083182,0.1291125744610304,0.026037534755155193,0.13701115003879738,0.07069488851158118
0.10025256443475576,0.13085278142648096,0.06246331462166645,0.08966618209984012,0.09988285683777143,0.06339713363248606,0.22952966717495316,0.1381510309835485,0.08580446878849755
0.1567447854363477,0.043683319093374216,0.17637551132243198,0.1012993723229859,0.16144788066437935,0.1162732158565608,0.04139674658135295,0.13402098084455547,0.06875818787801168
0.15995590005163676,0.050260452185122935,0.11653256369475133,0.1264663012209475,0.1527190304120078,0.11519526764543842,0.07965662466833838,0.13039955165042488,0.06881430847133202
0.11570437844426605,0.032179205597243576,0.10582867523703395,0.11097411595349582,0.11880151013117801,0.11157838001677543,0.03140392661036293,0.11945377140751433,0.2540760366021299
0.14475498787598587,0.04689514952423752,0.15410353919326217,0.11954606088092003,0.1564698072656221,0.15152469212148686,0.009413406342916755,0.11960610540476091,0.09768625139080778
0.08906510235810745,0.04265079330738252,0.050385371618209274,0.22175197588860895,0.08740857069697634,0.07038790425331543,0.12570450255599244,0.11927924202984679,0.19336653729156064
0.1399133037147613,0.07253321138089829,0.08235835896841223,0.10751435664527355,0.1616361610505492,0.1405083762461144,0.032228085168289185,0.127263816517746,0.13604433030795585
0.15722628376399886,0.10925686915114467,0.08026672716165101,0.07762885538500093,0.12390483503820887,0.09500989708861869,0.050419811806120964,0.139027551723629,0.16725916888162695
0.12506798450099368,0.06232979998875424,0.052301142429451025,0.11458688002906582,0.10746814336808669,0.09555831127943089,0.08846434443896528,0.13158801025673075,0.22263538370852162
0.15625739129915836,0.07454727508583332,0.10827674371658268,0.11151804661069935,0.12063134777024587,0.11498871677781768,0.03690649758089145,0.11569520879126087,0.16117877236751052
0.09766835647402554,0.04287607339193456,0.03766559393323052,0.20807403038684325,0.09428776563953671,0.06178623830438964,0.25195350536106736,0.11295748249918157,0.09273095400979085
0.16114994654733272,0.07566815686519991,0.10108643775392277,0.10919642743303361,0.15272482678526592,0.12632203039616477,0.019213100568729404,0.12112177925498052,0.13351729439537033
0.13687667521698021,0.20926026524782035,0.11116365648755656,0.08852320709778898,0.14473865037277245,0.1172864476179345,0.04851333034704259,0.11608863979744799,0.027549127814656307
0.10525879546821122,0.14866836953053866,0.05422828939761487,0.10102774712028446,0.08769632729006695,0.06729027237359608,0.20180618033646347,0.12824893892700717,0.10577507955621708
0.13096241085949448,0.15553857350724976,0.06450272443586164,0.06458381832147603,0.09014214408352846,0.06155640683153748,0.26476695867097577,0.1210885454273329,0.04685841786254343
0.070232293888404,0.4088198131016219,0.1872771369316284,0.047423147623788076,0.08340828575844483,0.07327612276378394,0.009026726727256568,0.10585402546234472,0.01468244774272757
0.15840252404790453,0.07476773900819507,0.12265013993893044,0.10911455641296379,0.16388065158794293,0.15005403067847145,0.005738701389221009,0.11919430590627829,0.09619735103009257
0.12483114232980032,0.04917053635921096,0.12399340022675805,0.12712777250118418,0.11179011088930413,0.1546860228138309,0.07813177837421224,0.10621205748097479,0.12405717902472436
0.11721963635135585,0.03572403152081982,0.052326508215782164,0.13194950222598006,0.0947428807142872,0.08111437156060626,0.24044684200907254,0.10609864158569222,0.14037758581640394
0.07097411676392144,0.35685653907818615,0.24105805799210114,0.04129810428380908,0.08555343568388074,0.08807791946803972,0.010878506637158404,0.08246177166279205,0.022841548430111217
0.12592705059135775,0.062212300721683524,0.07877655016973255,0.09663912404422899,0.12413734189901271,0.12103996774580687,0.05906866791033442,0.0938820767900135,0.2383169201278296
0.11113751333962797,0.12262385459014173,0.07024772562425578,0.2781490997802754,0.09465672354142286,0.08760590218340247,0.03865297985474167,0.11410057898577353,0.08282562210035861
0.08567972665148853,0.011762197698765194,0.018268380106634074,0.09867898193374254,0.0688096520721506,0.05426429165956027,0.35660963320596,0.09147191982409664,0.21445521684760216
0.1446206668664485,0.1061084842952343,0.06953261283501037,0.10013827478479231,0.13147191261347946,0.11816376423807012,0.037420992907451794,0.1321649948922678,0.16037829656724534
0.08991458276611257,0.03856449813954161,0.026016859503350125,0.0644264372813625,0.08478861847535031,0.07873449310855749,0.3336826463952482,0.10027185451929806,0.18360000981117927
0.09832081702912075,0.27882216634409623,0.021540926112072575,0.05606464049036569,0.09265528624026742,0.09389812071490894,0.17767164135418986,0.06961663350839142,0.111409768206587
0.07556499397504639,0.40279636925077167,0.12545467247772263,0.06781507544537811,0.08994316480808266,0.09435466398016375,0.01801155858754579,0.10657001307511743,0.01948948840017153
0.09543668959659975,0.19636575699729097,0.0806255800108399,0.07461259437965129,0.08513022251504276,0.11007301578506203,0.23367307868865803,0.0870074153200912,0.03707564670676402
0.13143408647658325,0.0925647118071013,0.04073312263277424,0.10843604323502003,0.10986270903475563,0.087128180624653,0.19621235342814347,0.10732944544196908,0.12629934731900003
0.13379498993857905,0.024221785469038016,0.09953524932860276,0.11565106576505448,0.14022694916087888,0.1652103918871127,0.0459547155322049,0.12421471476274641,0.15119013815578283
0.10463933209788061,0.03789393320388041,0.14364557499375216,0.0870661739305265,0.08902219199944093,0.07666926494855845,0.16970881676854252,0.1223138417136009,0.16904087034381762
0.10501014556408728,0.06716069695344888,0.028585241093044552,0.054087105746824765,0.08548261751417326,0.06427420724941892,0.3807220058521205,0.11564666581166705,0.09903131421521473
0.10652335696074493,0.04534672212081236,0.09196464442736296,0.16327889133401732,0.08588680106682474,0.06530899914940136,0.0897028442760426,0.12397243807034625,0.22801530259444755
0.09554963213120725,0.44613468103911075,0.06931195187666898,0.04995449577287129,0.08960601143377146,0.07379046684156834,0.039084834571226336,0.0951916184669207,0.041376307866654916
0.1047287638905235,0.28562551052521307,0.10378217397550864,0.060869183979021364,0.09781762096960535,0.08283454677004665,0.09516892521792024,0.1034850088477939,0.06568826582436728
0.07683227574646632,0.04120722577630869,0.01648281555216975,0.12682586782691704,0.07966947186471189,0.06233723149751505,0.37162665103656445,0.12072412146776966,0.1042943392315772
0.14579391954588214,0.04427493313925073,0.10166178977336697,0.1312962937359329,0.15585461203671805,0.17261051547263997,0.012854976066481854,0.11730326625594663,0.11834969397378066
0.1729840085343389,0.04228120280652284,0.11690652503632537,0.14469701601754803,0.1405720972091529,0.10594368090008237,0.06307642690423974,0.13257842287634505,0.08096061971544476
0.08680077927119716,0.2226537310545759,0.023454138549607605,0.09248693504090831,0.08041605021410424,0.06900408520144448,0.20770698100168183,0.12052559216614461,0.0969517075003359
0.09639212922724923,0.09073598709836833,0.040376470803100514,0.06228496969229349,0.0953975065317217,0.06749198620849665,0.29912047711750517,0.11362263206359037,0.13457784125767447
0.1855486985403623,0.06855196561263298,0.1165389919345845,0.09557849851200927,0.1417436014614514,0.110931187678945,0.058734030754715665,0.1434408227892212,0.07893220271607765
0.16029845528744455,0.07257480900417372,0.0737511860944165,0.16503081383844534,0.17219091980909504,0.13969783137140346,0.010635859124796039,0.13573763097937644,0.0700824944908489
0.17786827105174896,0.027369963517122658,0.11532387924128755,0.15389842000702092,0.1565362602246447,0.13751756903041268,0.014675802893743014,0.11867890831554802,0.09813092571847154
0.08406840479247173,0.15956308521240006,0.3474787837886528,0.05614644046151827,0.0980688119632702,0.08091048895235206,0.02847686196817605,0.11941153717639247,0.025875585684766316
0.1993545492939144,0.03574099771091022,0.1404454910927361,0.12150168427779982,0.16138120554410218,0.11780045499385734,0.033970905201936887,0.12729538449015854,0.0625093273945845
0.11979419233768902,0.18224909794894836,0.027137288655050582,0.07236513575282501,0.1183882957857315,0.09010999974515592,0.12700512675403558,0.11043722285055786,0.1525136401700062
0.11741651136610494,0.23107238415998063,0.047858410232016015,0.05950530887622546,0.11320074786632185,0.11181040510724498,0.15449373667394128,0.09784123845325636,0.06680125726490845
0.13010103790380548,0.27800551881375374,0.07238386772916988,0.10443045672611524,0.12261870347106424,0.09352474221819955,0.0480527914174293,0.09697105952303109,0.053911822197431465
0.12794661172139665,0.06746870007217216,0.11536309579295896,0.09572518204019675,0.13786268761999293,0.1832850749006679,0.08243797226071113,0.11559301980163468,0.07431765579026882
0.12348072983488807,0.19169136749078197,0.03666118462411307,0.05595354744798445,0.09930662349480136,0.0785747291367181,0.2210482391343993,0.12116375128330865,0.07211982755300504
0.11715775889191017,0.036737866474434416,0.0213016746896857,0.158309993125077,0.08825766491228933,0.08263924291148601,0.26554483715951976,0.08125433899677771,0.14879662283881998
0.08758190831187884,0.03338025036836714,0.06415040426967836,0.15289689549965627,0.07446086594013034,0.06244451202603311,0.3205465681959478,0.12593727552720854,0.07860131986109964
0.08878838030306731,0.16131767964155044,0.030906834328001065,0.07598038297285123,0.08148449192315323,0.06955067304320157,0.3720548346601605,0.08507142430845362,0.03484529881956116
0.18147069013343797,0.08857896737947911,0.10889331220616039,0.0869573588462671,0.16600992682726887,0.12502903704965104,0.0469983190571005,0.15143186406951867,0.04463052443111637
0.17308532132279994,0.02682912669877176,0.11923868736743226,0.188292743280978,0.13535641452267547,0.09286788835736937,0.035123255186706816,0.10739927786534197,0.12180728539792439
0.07690729373441922,0.3023637994018191,0.12055104740711103,0.06532699457752163,0.0934449052000512,0.09908279619120226,0.11602327834203884,0.09792519830893937,0.028374686836897298
0.15354409632930924,0.06339365295035372,0.10527910753039522,0.145654355267503,0.14549815459250767,0.12145681737595941,0.06287574327139143,0.13663855102417036,0.06565952165841
0.10555687074488736,0.036070929213634174,0.05879553132230434,0.1255466289027317,0.08584161077666984,0.08782173953036283,0.3108364203910702,0.10807740658719141,0.08145286253114821
0.15483293191207018,0.0540026033086675,0.16888976126009306,0.13994097292328708,0.162140703387567,0.11503065083313262,0.012597015130145143,0.11274648429632861,0.07981887694870875
0.08127753827694123,0.34632915958559174,0.15650130536628504,0.05533774462197641,0.08919670183923295,0.09360340804441013,0.03469818055442892,0.10328084880483272,0.0397751129063009
0.07881444140918208,0.4296913458103397,0.12967776239791076,0.04441181130875596,0.0920737291501092,0.10136837004843162,0.012625340210705013,0.08966815328035621,0.021669046384209495
0.12282138863303692,0.024321555491746114,0.08795499071431312,0.0732079305439815,0.1062336014366065,0.08727155199817405,0.26048801612703637,0.09948708224431528,0.13821388281079017
0.09381946669823948,0.01467307445186867,0.1425503241432828,0.17295480286491327,0.09667030146543543,0.0668154468744331,0.1339780102967061,0.10438851249882998,0.17415006070629122
0.16766579535086254,0.09277731816543168,0.052277508053580446,0.06815067356656875,0.09143040522239997,0.05829962538402192,0.3485616626282555,0.08516615801452114,0.03567085361435809
0.09725174410432001,0.032152095195719745,0.015924817782891107,0.10541035863812802,0.0840883233670973,0.07838019393350298,0.26612342051653876,0.1132865075691204,0.20738253889268174
0.105350897818219,0.04151693526067093,0.03742584722192908,0.0922914925147562,0.10805007294528522,0.14200645285334865,0.23908411973168006,0.1250569471238907,0.10921723453022018
0.14704702500270653,0.07978133261548324,0.057669559313938794,0.1240752830977041,0.15446005372687535,0.12205339847800366,0.032597160739424626,0.12780376127013918,0.15451242575572446
0.13785301170807654,0.1746956608680874,0.05040215314028652,0.07965296911369364,0.12268342445234137,0.09874308227254253,0.09387608068806348,0.1095274642755006,0.1325661534814078
0.09959516101413629,0.05800004766029787,0.02619676851807114,0.0780097925538313,0.08184032612743745,0.08541889899500264,0.21574819281554988,0.09303086437316765,0.26215994794250574
0.08369310267010498,0.16647235032885452,0.3321191049403872,0.060519069773745236,0.09791459014623072,0.08028057546049731,0.019638394347000758,0.12435101955866253,0.03501179277451677
0.1704996776158935,0.02913238631609097,0.10627581153553418,0.10561417302732833,0.13486232377968996,0.10162973950323469,0.12725379266656645,0.13037988443021786,0.09435221112544408
0.08990803122132283,0.09695026095610232,0.03172686908332558,0.06354206915042417,0.08892764949152959,0.08095946987460347,0.3374325926612953,0.12249751422097177,0.08805554334042508
