0.1232400098671,0.10227790822137145,0.05820627885968809,0.08986011664894202,0.09590066756331235,0.1397663023403004,0.1515987295506854,0.12605968801662396,0.11309029893197638
0.12227439553441168,0.10503051009700305,0.05810837707028579,0.09076639530153895,0.09705568013591563,0.1386133500934431,0.1516422283217909,0.12507919728325953,0.11142986616235144
0.12100285789955906,0.11666371075245822,0.0495996274740457,0.12473603926097827,0.10354751484366487,0.12133529493387933,0.1442446973483983,0.12078649344439317,0.09808376404262305
0.11217987659749686,0.14198302962744844,0.07095843355538436,0.0831982317476287,0.09465835369130049,0.1263585687462108,0.14277315502750496,0.11495356893055929,0.11293678207646617
0.11241765163511534,0.0824163464628645,0.25221128255041037,0.05893641320594708,0.05490846334696058,0.10242273495575065,0.11791517068398294,0.11293342201088379,0.10583851514808489
0.12005012902555329,0.10930527823661666,0.06270240882091692,0.08467608833385444,0.09599794526011024,0.1390044510631305,0.15249715249159,0.1233210453992029,0.11244550136902505
0.0665100969577171,0.1160945909348254,0.409810619812408,0.033617675879499404,0.053141695266023144,0.07849236594010538,0.02868735507441897,0.06032240316328067,0.15332319697172195
0.1048752942347352,0.1775615022854,0.0829759096695094,0.07383894018289476,0.07927669697941346,0.12362189083962438,0.12001855697852697,0.10822454435513036,0.12960666447476543
0.13539208897864385,0.08195036381477276,0.0419846088141248,0.11614611457619058,0.09177698602585545,0.13791192230154095,0.13718727572157538,0.13593771254265766,0.12171292722463868
0.12009388007871814,0.11887859835025982,0.059305096574432205,0.10435377007890255,0.09788231580797131,0.12594551960689568,0.1484622868607035,0.12150369577284603,0.10357483686927066
0.09965719031814124,0.23495789811772302,0.10265307577718452,0.12116752520218721,0.06274830053771624,0.07877660266095271,0.07991121731680319,0.09353705203989364,0.12659113802939823
0.08848370931674406,0.18747217147465922,0.2312454186876823,0.06309481166722371,0.04615318893845077,0.08964440708160322,0.07868046520118156,0.09050118542847403,0.12472464220398112
0.12051765466037834,0.11104446173670245,0.0578209616181121,0.09374299082756553,0.09926076426228003,0.13515002300387807,0.15114118708424595,0.12306303554927626,0.10825892125756131
0.10548325549410777,0.17359985385078044,0.08221328056087665,0.07368895014646538,0.0805890351848977,0.12461332814343577,0.12260228527913342,0.10894178801505329,0.12826822332524954
0.13655944959820357,0.08397807306088566,0.056389737746525594,0.10995481801518299,0.08186482498671363,0.1331699420940946,0.13832264476468992,0.1370216921854578,0.1227388175482463
0.13622373176774066,0.08075817748565636,0.04082661398660598,0.11863532826497268,0.09137518524481152,0.13748982810957494,0.1355721004923941,0.1365805961162678,0.12253843853197599
0.1401404971600941,0.07825205095769631,0.042433032333327125,0.1272921399610964,0.08472256682414857,0.1331062118732311,0.12958634787913048,0.13968832742515522,0.12477882558612075
0.10753586409168985,0.16849285348935614,0.13878025158968824,0.08115971887816548,0.061940124318895125,0.09941373939944147,0.12185139075064534,0.10869251410036677,0.1121335433817517
0.06828692035250142,0.1296790423039638,0.4243402235115486,0.03757422372781007,0.043499554016243815,0.06991789840379535,0.05182744449331978,0.07170618055745205,0.10316851263336511
0.11600746718566572,0.12182981066639324,0.0672223836118948,0.08153496795229322,0.09612776564823955,0.13537386149593,0.15052567281781434,0.1194802048339428,0.11189786578782633
0.11193972151812269,0.13433726764450885,0.0831432886562282,0.07185706513897265,0.08586558022184206,0.1340733044566164,0.14442113583894703,0.11639887950861655,0.11796375701614549
0.11383212838483192,0.15446530165284558,0.0614680786480227,0.12944549652699086,0.0994764782490511,0.09822019464704261,0.1343074646275398,0.11058217775696588,0.09820267950670948
0.08257203047823847,0.11062109495537585,0.3732643282495096,0.04204295608870009,0.04467152239487746,0.08044210991862383,0.08626815552917727,0.08674250304619008,0.09337529933930738
0.11490439464550158,0.12607742117234402,0.08501600556832623,0.07608625340625357,0.08499703323851328,0.1320074936695019,0.14797353413406247,0.11890776701429225,0.11403009715120475
0.1424120816691256,0.07238312000563046,0.03283439068303071,0.13943001457433116,0.08727063026834285,0.13234459792887215,0.1208089789418918,0.1411196150511135,0.13139657087766168
0.1112287758724501,0.09654793398530358,0.13944661371371742,0.19044732997920377,0.1546887243340506,0.006465064645458515,0.030057307010454573,0.0537090304533425,0.2174092200060189
0.120527552781602,0.17100257308518832,0.005974850154587295,0.12487438382681308,0.38890743482818974,0.01285297209082381,0.03779654605888102,0.06705076644675305,0.07101292072716169
0.09736634156613554,0.22001642350499628,0.12465745490931461,0.0806493356449643,0.05756402307377854,0.0979112627197325,0.08696912383692619,0.09763650228113983,0.1372295324630122
0.14104114349875493,0.0737550580592456,0.033632303382821645,0.13691912906970305,0.08871584799679931,0.13408438627128313,0.12349369020015526,0.14028836287128246,0.1280700786499546
0.12213950961902188,0.10532938360112254,0.05829985628250836,0.09053766234374529,0.09706797773811564,0.1385718186331383,0.1516958820204912,0.12496184570740214,0.11139606405445475
0.11605701825637132,0.12048952314953898,0.09310804543606949,0.07448125943146139,0.08052707653845977,0.13215588711654933,0.14876549627228428,0.1202077924669898,0.11420790133227558
0.12906850271987982,0.09164412585603317,0.050242018811009405,0.10106910507629396,0.09451771692202238,0.13980945813033885,0.1465824321510139,0.13091212669615374,0.1161545136372548
0.10333057031822235,0.19987944519375553,0.0845953459514844,0.08401878301728871,0.07606271670296906,0.109937795480868,0.10829438928514867,0.10426993941016756,0.12961101464009575
0.11448713081249928,0.12534361470851949,0.0707526576629773,0.07719036461532795,0.0940370717388837,0.136278319705036,0.1493129797925183,0.11838868196651113,0.11420917899772683
0.11709884457049495,0.11773360272201426,0.06623300928876182,0.08173775123033082,0.09603064699232583,0.1369372997102123,0.1515377342216414,0.12060282812917585,0.11208828313504275
0.0681333282982235,0.11298587769925385,0.42877649704337184,0.032757693582340874,0.046986124655855575,0.07712864637677007,0.051688874170681555,0.07244594660349912,0.10909701157000369
0.1165061129664623,0.14345230790497032,0.0971282284562605,0.09781439533045362,0.07591132347280453,0.10705304317678553,0.14008559597739548,0.11728062515854638,0.10476836755632139
0.1369088295352432,0.07979832230866236,0.03999157722897235,0.12049029324854095,0.09097231177559811,0.13710251756453942,0.1342701031662367,0.13710119018969058,0.12336485498251633
0.14901703435990318,0.07454016583684304,0.05133632597907908,0.1417321679029119,0.07336639416758768,0.11460239665174703,0.10850416237932205,0.14411160421562874,0.14278974850697734
0.10727313203317206,0.18467349949823167,0.07718028239625652,0.09340359981371554,0.0851692585013305,0.1066859123019188,0.12040062427064989,0.10708600536806541,0.11812768581665962
0.1263539940436864,0.09772257976835845,0.05954460071051316,0.09401868053399959,0.09136612980831917,0.13826464655820261,0.14956929536803343,0.12879437001383828,0.11436570319504895
0.1187732471250153,0.11355179092188983,0.06315554158090188,0.08523427387777222,0.09697685614162392,0.13716158373518206,0.15203925285647069,0.12199306942335998,0.11111438433778409
0.10727724725165622,0.18988142883351464,0.17460731300345825,0.18681110644639387,0.048208925025367055,0.043161000632394024,0.08535045128873887,0.09167150126876011,0.07303102624971697
0.11049599695523675,0.168520390415121,0.09559002118236927,0.09020912253884457,0.0764307481981319,0.10578815982520362,0.12883152277517862,0.11121774117000371,0.11291629693991052
0.14703838936210656,0.06738405915206121,0.02534569073638521,0.17818132873322232,0.08044964595116187,0.1175661743635845,0.09093073117802435,0.1440746922919149,0.14902928823153908
0.1452024488971608,0.08322419889708645,0.05075176173109442,0.15167734089161766,0.07364968395179998,0.12044492263817004,0.11949796262385161,0.1420139685808085,0.11353771178841061
0.10691272364975972,0.17325172920286216,0.08580076245205744,0.07846519759305144,0.0801286320333582,0.11820038864290834,0.12451751012608402,0.10945511232496659,0.12326794397495215
0.10870159940979222,0.17906612692141674,0.07412071993945032,0.09910653313548941,0.0885827290152303,0.1046823509711929,0.12410215736330521,0.10788284119023368,0.11375494205388915
0.1366426436380691,0.07984831490759599,0.038007253710991055,0.1255796006671662,0.09212828741796902,0.13730397895665702,0.13265386861791417,0.1369931838715524,0.12084286821208497
0.06923983886113115,0.14923165810464176,0.4474228740791251,0.05124648189239139,0.04413388814023064,0.04488242257582594,0.04951966690786557,0.0676106755773292,0.07671249386145924
0.12111515592723775,0.10766740969711519,0.05976229665226651,0.088840167777281,0.09712533790940991,0.13822055184611245,0.15201060314610004,0.12406686216151873,0.11119161488295852
0.12766075960222287,0.09439514323557947,0.05068304104901986,0.10086650099517659,0.09585107764886121,0.13944593771764208,0.1475381471683533,0.12967751941667902,0.11388187316646554
0.11620377058325919,0.12269734743616471,0.0656866496253219,0.08444037882675785,0.09731680507468334,0.1336011902430937,0.1502154931319413,0.11935733291213413,0.11048103216664405
0.13233997555554355,0.08876087736989663,0.05770229284978167,0.10210392819187342,0.08580361551117817,0.13622173047439282,0.14394539575738471,0.13374822049949192,0.11937396379045721
0.12191410992461632,0.10583331170733556,0.058620402484564814,0.09015812498565264,0.09708614463093167,0.13849999953678638,0.15177935076429838,0.12476549164351751,0.11134306432229679
0.1023600627714335,0.2018563923692759,0.08630281961008789,0.08129115302079694,0.07399214490569062,0.11182493822477589,0.105725611044536,0.10376960103809905,0.1328772770153042
0.14700645676739935,0.07091458362422019,0.0335771851345203,0.15043970148762878,0.07995756930562997,0.12325852797965098,0.11001937134586338,0.143552951189975,0.14127365316511206
0.10633060856396566,0.17610581224271415,0.08021533008804972,0.07934379524914688,0.08290119209844714,0.11897435830621915,0.12302212348834242,0.10870405166154297,0.12440272830157191
0.1384760362016011,0.07763443353809608,0.03799914413224215,0.12517830111199665,0.0900341220201331,0.1360790823503166,0.13100064814776163,0.13827896760685818,0.12531926489099457
0.0934362227251501,0.2338739484053797,0.11940236189132551,0.10058463548827251,0.05621387798551914,0.08723355403020278,0.06424436571706944,0.09029776721017453,0.15471326654690618
0.13698311227146945,0.07743746635656028,0.1304992034047758,0.09745889613633979,0.0650531579811754,0.11052504824129179,0.12021489988522653,0.13537387204824428,0.12645434367491667
0.10326297547037798,0.17915672580714456,0.0855117186811347,0.06909373022176134,0.07533585794400795,0.1284361889593644,0.1162255114719281,0.10754839905574837,0.13542889238853262
0.07435698193161565,0.10513728964587297,0.40347766796724294,0.03451590804775682,0.045941212512596453,0.08413309156271398,0.06810149763730457,0.07980743458236209,0.10452891611253452
0.13760511977796397,0.0783825657626786,0.03680587870477988,0.12852622213025808,0.09152242684871426,0.1368066996360452,0.13057213580790158,0.1377572695778169,0.12202168175384158
0.11301532001014175,0.13106209836000104,0.07275083891842468,0.07585246216264413,0.09291193482518996,0.13499393336046991,0.1469823026260163,0.1170013131479356,0.11542979658917667
0.11072045595819087,0.14451236835915113,0.07485017884999383,0.07683185986111903,0.09111503531236383,0.12973588198202948,0.14074796245782725,0.11430858477610877,0.11717767244321586
0.11133430409964895,0.13884304529347785,0.07489886015300498,0.07483910406736817,0.0911881287050517,0.13301492290914205,0.14325921508783734,0.11532629441204863,0.11729612527242032
0.09957219508304029,0.21250321425384502,0.09770797739975877,0.07924079215775054,0.06598462759318088,0.1091780854772944,0.09538417970488784,0.10102065081360095,0.1394082775166413
0.06546413425874499,0.1244884766433122,0.4273796079323014,0.0374963745878453,0.05073320899847402,0.06462051659430537,0.027157966340593715,0.05858976499826311,0.14406994964615985
0.11217529446405039,0.08753958216900655,0.24195231153747443,0.06025148273264983,0.05388457803424781,0.10340168862499388,0.12273567752633112,0.11370246376885973,0.10435692114238626
0.11372934618869683,0.12776980151577935,0.07205143864921774,0.07595078614794541,0.09325552876115288,0.13611009136120344,0.14832171295888427,0.11774824055814964,0.11506305385897049
0.12445437152205603,0.09862708219417088,0.11097907483100555,0.08012271808600041,0.069764301675601,0.1273542355509354,0.1461810833341542,0.12733587286363884,0.11518125994243773
0.09712861623981,0.23732771597138644,0.12145016440440831,0.11634496330892448,0.05702647125116173,0.07606362794733289,0.07311322754881557,0.09125272357098879,0.13029248975717178
0.11016395586435397,0.19872756738282168,0.08074102224231715,0.2983395611101441,0.051218464488747055,0.036305235341199386,0.07480405608180811,0.08441289330251982,0.06528724418608878
0.12032614610890846,0.1086555483501217,0.06230040746572765,0.08511426285689629,0.09602217894817788,0.1390854600324982,0.15248120860386447,0.12355929426028278,0.11245549337352263
0.08591305749169247,0.09232777912349276,0.3584108217557656,0.03767669250942932,0.04868984176230234,0.09410348730354971,0.08951183932758311,0.09018641441834696,0.10318006630783762
0.11877447399863235,0.11201132906881424,0.06515095095889743,0.08175220544863505,0.09532281513417844,0.13911208515220588,0.15251131393574902,0.12229497756174236,0.11306984874114523
0.1347141977102162,0.08000587840386329,0.13125301969607447,0.09303903494704623,0.06408252820211444,0.11339759479073382,0.12602851262377082,0.13415333026727108,0.1233259033589096
0.14802821279701836,0.07372419028946223,0.04601467767299436,0.14612365396178206,0.07553603785086836,0.12171550210125393,0.11443859731234685,0.14519983289868219,0.12921929511559163
0.13081434181359017,0.08950689172879771,0.04289065545257864,0.11671149558644105,0.0964275961156541,0.13804737857833624,0.14097033634956335,0.13208624348961728,0.11254506088542143
0.12302097518884318,0.1032537645914572,0.0663447901373989,0.08582346935802078,0.09057035231328862,0.13865709213043276,0.15182046400664032,0.12611794915027474,0.11439114312364346
0.1163027746337934,0.12085835951072976,0.06678692166031674,0.08189710624724973,0.09626228147958316,0.13559663406424963,0.15078285390799162,0.11975270556538166,0.11176036293070436
0.1425651512718588,0.07422728689023145,0.03744277913844197,0.133137447541634,0.08466653089305293,0.13135551232098122,0.12396636011482032,0.14110489124468453,0.13153404058429471
0.13549693683423625,0.0817107418384816,0.04057606279825673,0.11936388393003512,0.09232110396218217,0.13785149858219004,0.13599649988240967,0.1360550361827424,0.12062823598946604
0.0651286862371068,0.12089856747310146,0.42290390784488396,0.03429717838501651,0.052127623301877486,0.0721383010502322,0.029225429393774666,0.060384060222764345,0.14289624609124257
0.10024419928341766,0.21667637590302,0.09044854503388826,0.08643283612628534,0.06953596126648244,0.104765664916504,0.09490209353819806,0.1004033894502993,0.13659093448190496
0.09362538781625172,0.09025323209457076,0.33156668958459184,0.06541871358749413,0.05957927060415086,0.04602892981762291,0.022370837532626548,0.053877883437936314,0.23727905552475495
0.1431105186772009,0.0714593487381235,0.03184295854082376,0.14261087760014465,0.08669806262578623,0.1314208654621266,0.11850942747871411,0.14160507463142769,0.13274286624565262
0.06568638739606679,0.1309947273033419,0.41894976510714815,0.036414620624696865,0.043754608564441744,0.07458607677929388,0.042388402645856055,0.06838608368169452,0.11883932789746014
0.10550195982608779,0.17750011676461472,0.08178683606315036,0.0764411103295642,0.08085987680329423,0.12117596957485906,0.12114718087400113,0.10836200050212269,0.12722494926230576
0.1381311367013085,0.07810910915539489,0.03845308022782911,0.12407643520773481,0.09024081465017704,0.1363207727357104,0.1317628341163463,0.13802077293431333,0.1248850442711857
0.1031710401719695,0.09920213978305453,0.27679502359754937,0.05562781782468401,0.04993844101047463,0.09509617846523256,0.11859593943927894,0.10583579641003561,0.09573762329772086
0.09348706818315673,0.2329594625984933,0.11220090608244526,0.0980463956623036,0.05755691448141086,0.09150034930296226,0.06500392562637992,0.09108934655886632,0.1581556315039818
0.12541726869252726,0.10075311083523346,0.057651525315380425,0.09749033552127286,0.09343535741349263,0.13679286541074911,0.14941958286090176,0.12775562413093197,0.11128432981951057
0.11420597060479921,0.12833104497275413,0.06987154520268977,0.07952441308273604,0.09502220170214574,0.1338236124668853,0.14836699763909666,0.11778884716612874,0.11306536716276439
0.13333437626946212,0.08499561051766241,0.04330048278477285,0.11371349211074892,0.0934699141436484,0.13864867711865034,0.13980041796343723,0.1343353630340355,0.11840166605758222
0.1036651565148697,0.22232169502059995,0.1236154534676851,0.1205020801980596,0.0575792554479169,0.07254138339657891,0.09349245355891166,0.09714246724254726,0.10914005515283098
0.12959163388988879,0.09339920369431394,0.026611774202015426,0.20811385337619362,0.08112077770153354,0.0960512350437992,0.05229537225626659,0.13092590909772325,0.18189024073826565
0.09226478238299636,0.1961206979622356,0.2593834337738567,0.15309282591899118,0.04524385251643612,0.038736952278067956,0.06568946890059073,0.0782179599510127,0.07125002631581273
0.11754625715986532,0.11701215634907876,0.06495499294728596,0.08351138665656027,0.09670667578805732,0.13644783117620815,0.1516033050487563,0.12088836830879861,0.11132902656538939
0.12378470642629223,0.10600886510170793,0.04823421324297176,0.11483571545025312,0.1015770836034647,0.13123442150184098,0.14610081457878724,0.12491871542082922,0.10330546467385289
0.0683759437216913,0.11474228188031556,0.4066161604771749,0.03360863396799762,0.045170892271523315,0.0866316065404018,0.05084474889507476,0.07316590001099307,0.12084383223482774
0.1169172096121205,0.11701758653995255,0.06779418640878748,0.07921539948220009,0.09482839365614082,0.1383588160597199,0.15175391570320648,0.12066967843744651,0.11344481410042566
0.0674487943420974,0.1391488565421752,0.47275790309873456,0.04498512315557914,0.09475295669022658,0.02834171782090257,0.035926781577599626,0.06216100179455422,0.05447686497813059
0.13514525765883229,0.08540566528775438,0.059729886220438934,0.10486385263147387,0.08182138204802318,0.13381640609581688,0.14068365868315644,0.13592464810025626,0.12260924327424767
0.1439742853020067,0.0750469793375774,0.043172600518909504,0.13212643343761832,0.08009827149041697,0.1281912211198276,0.12335372055964973,0.14215651275054095,0.13187997548345295
0.14647500957408877,0.06734727551225174,0.025558129154300516,0.16950391561363146,0.08214943008580561,0.12159909216462529,0.09796879071996344,0.1435847058911447,0.14581365128418847
0.14195171172221696,0.07625937740274925,0.04428868579992983,0.1151653981377656,0.08148926005619513,0.13052380714034253,0.1305663125912654,0.1388094413852081,0.14094600576432723
0.11952337060081301,0.11057381934190909,0.06347079585273606,0.08385449335941882,0.09593609028941086,0.13883830475926384,0.15248979049792885,0.12286514575764618,0.11244818954087328
0.11487263500295482,0.1359658390964857,0.07868391769576971,0.08689149007077178,0.08851567657154517,0.12285529823850133,0.14507134515647105,0.11741245686629158,0.10973134130120892
0.07023995167688818,0.1071008378524692,0.4232615022065613,0.03264192181263826,0.047231535663003164,0.07989733585206193,0.05749205846873074,0.07517493939665262,0.10695991707099463
0.1308958962409926,0.08920972014301704,0.04388124037224672,0.11387388230255656,0.09589296123777062,0.13848193707859857,0.14177936447839676,0.1322373074810178,0.11374769066540337
