0.05858798473287363,0.24573984298952523,0.10772801387678255,0.09404285452235854,0.029569298915700388,0.041390580683898254,0.07795229946953038,0.040330786843635474,0.3046583379656956
0.27230028280248597,0.05480721909880249,0.12727942310196727,0.0955280215244545,0.09838983626889487,0.06553178473965826,0.06513758441516977,0.07190412051286386,0.14912172753570305
0.12330404461688715,0.06704768084837393,0.13103088825574424,0.12178222840470336,0.18856863459494833,0.06860473834522356,0.09125234625949617,0.06986990241560372,0.13853953625901957
0.18735467876259118,0.0619675450142636,0.13215016944261002,0.11050133237900565,0.13943204062179101,0.06825126828732833,0.07986952810737764,0.07284025895828271,0.14763317842674986
0.26666772835061997,0.05530248842772392,0.12776325886219803,0.0964754618517697,0.1005394167696282,0.06576976125665246,0.06610117215839063,0.0720919844713013,0.1492887278517158
0.052044974847614923,0.0511989134414271,0.12108441167421942,0.2667254652110006,0.0919384969941263,0.19722713663145286,0.06720298906986737,0.05598920842338689,0.09658840370690458
0.12538696129708812,0.06653213914611945,0.13217932400402083,0.120529962061895,0.1788600168448836,0.06976174789208048,0.09422021410095138,0.07088805745409572,0.1416415771988654
0.0832142439717816,0.18209514042718658,0.138252539278949,0.1283775212788091,0.07702279038778424,0.062428876024240465,0.09749876329852562,0.05964683719285315,0.17146328813987025
0.07873801310795649,0.06879929374886568,0.13132775959487905,0.12466744522136386,0.1972422386174535,0.07252050699578809,0.11921483966943029,0.06924437315512431,0.1382455298891387
0.06179982065784456,0.056124625437776486,0.12050064458452979,0.08136101737792965,0.11070998189822316,0.3283153501321348,0.07171700821893727,0.0602171059463692,0.10925444574625504
0.01376444800063145,0.056009441578654194,0.11799937750694124,0.2797111385272237,0.11689916721378167,0.20152125719326333,0.07613874510662565,0.05217748196586699,0.08577894290701175
0.22189981016819216,0.059136439849179344,0.13085999295443226,0.10427143520306274,0.12023488900392602,0.06739184571441888,0.07383440210164763,0.07299781254176048,0.1493733724633805
0.222260788692807,0.05694212876040491,0.113168271506642,0.06899629331677286,0.08852295007091682,0.09316970567228373,0.06900531335306644,0.06572384742463969,0.22221070120246653
0.011044689666304619,0.06098242923579705,0.12049249586381955,0.31574603998944656,0.14208199517231868,0.11256757011939862,0.09408180048376037,0.05370461666374507,0.08929836280540944
0.09032618641177344,0.06989078186794333,0.12805532774674425,0.12680870498081565,0.2232646808441101,0.0679294932063723,0.09758046390310789,0.06657470651018695,0.12956965452894606
0.11940365705327805,0.0662750440376021,0.13362698940790022,0.11958280029487055,0.16969370359927696,0.07193289056217653,0.10221019094758976,0.07197444771880158,0.14530027637850426
0.14896509848722214,0.06501155195424148,0.1321225473157435,0.1173947565800244,0.1663524706028511,0.06869005053715249,0.08663848580647814,0.07154375956764002,0.14328127914864672
0.09032618641177344,0.06989078186794333,0.12805532774674425,0.12680870498081565,0.2232646808441101,0.0679294932063723,0.09758046390310789,0.06657470651018695,0.12956965452894606
0.1558059360496844,0.11273069900313865,0.12228292058825944,0.10194906106579683,0.14213950749745405,0.06841786270998991,0.08496454965224642,0.11613096851122483,0.0955784949222055
0.11289160286271281,0.03765904686967093,0.0927434968691027,0.05994728579161882,0.0733701856316817,0.046221273988980176,0.049075982002228034,0.4619482425467855,0.06614288343721934
0.07831018269875507,0.22113215252790575,0.13583906581205205,0.12345002452452425,0.05501589042423279,0.05920210757426352,0.09402851525252748,0.05594157541353768,0.17708048577220134
0.2567308067708962,0.05898101785761173,0.12921868860857597,0.09845141873539558,0.0986298616794727,0.0662718357012946,0.06768199085701412,0.07203223492654688,0.1520021448631921
0.25077428557585385,0.059444133557739746,0.12967572890600604,0.09948157447892098,0.10115101729301686,0.06650832494183091,0.06872458949072707,0.07220863916778462,0.15203170658811985
0.09119400660663289,0.05625568617379178,0.12183237162809023,0.09820425309305074,0.10577565764569358,0.054115633133591,0.2739298021568194,0.06435880380762886,0.13433378575470153
0.36050563269179814,0.04673115787947668,0.11766918625830976,0.08194106687831965,0.07134186674946558,0.06107197058496731,0.0504224399352091,0.06737187004671225,0.14294480897574155
0.19435666659380824,0.061387869717408144,0.1320117251025035,0.10926501445601744,0.1346280388125027,0.06842285044762848,0.07855825470231657,0.07296422947145556,0.1484053506963593
0.2159978961140462,0.059627863789120106,0.13115596467478524,0.10532748835301049,0.12323387359235587,0.06756550759982469,0.07486203620121307,0.07302948136958089,0.14919988830606337
0.17963198121535176,0.06258653043444114,0.13228019831996815,0.1119007299650624,0.14432162830125955,0.0683873219342319,0.08122501035322784,0.07268281257050252,0.14698378690595473
0.11134933204704356,0.06802328920237027,0.13028357189755047,0.1240462319099213,0.1992043472590362,0.06872693485105125,0.09339308354859033,0.06892945711104283,0.13604375217339373
0.10355171624434711,0.06870278541199991,0.12960148488346765,0.12443942223287639,0.20781227297784724,0.06876291305043127,0.09488066259146793,0.0681348921933864,0.1341138504141761
0.040670216820000375,0.4962080747101158,0.10632768287406165,0.09033188632947593,0.012916795235820637,0.04975836446858714,0.06783103295213841,0.046985985745664316,0.08896996086413571
0.26118409105749746,0.052099514978577094,0.11526586701749518,0.08576735355889369,0.09032160329470218,0.06100169629095248,0.05947442059403777,0.0672994342426187,0.20758601896522552
0.17095882948556995,0.06327673127111931,0.13234891856230702,0.11346852108719792,0.1501106031852216,0.06851285065701611,0.08275033102393446,0.07244678554174698,0.1461264291858866
0.09032618641177344,0.06989078186794333,0.12805532774674425,0.12680870498081565,0.2232646808441101,0.0679294932063723,0.09758046390310789,0.06657470651018695,0.12956965452894606
0.11094522386804766,0.08301057219534173,0.10853793018143314,0.11344273659822986,0.1830196058310668,0.060975926416237,0.09174114302169084,0.08815331960926236,0.16017354227869057
0.10125701881570896,0.06728352588286252,0.1332590644463078,0.12170204715924027,0.1786480855475211,0.07264875713484441,0.11041484351273606,0.07126181658883153,0.14352484091194734
0.028790681403390906,0.06565101729603709,0.1198142867024079,0.28537798487165794,0.1763432537059415,0.0827626987630826,0.0897271470703488,0.05540612633161904,0.09612680385551427
0.23499713605795539,0.06078411245361245,0.13081560538082765,0.10239439774404506,0.10755637111048777,0.0672545223161374,0.07143337259418299,0.07258572357979894,0.15217875876295237
0.08686270615785867,0.04051576356944525,0.09381643223486082,0.06408939768546412,0.0873761069868077,0.04685963842753357,0.05463312477887075,0.46055578693037075,0.06529104322878826
0.07815511454453596,0.030478524046336285,0.08748244599122441,0.051983861985807046,0.06696721765190959,0.042151277896265986,0.04617944122836004,0.5410755759910887,0.05552654066447193
0.018180069004255037,0.047820502456071994,0.09070237931844628,0.038799349326931375,0.09741044098155832,0.5210423783892558,0.07724124022463977,0.04388099653003965,0.06492264376880175
0.12242191809888087,0.06181389405187562,0.11581458838191232,0.0915475699587815,0.12569721566661354,0.059957682482382535,0.07242870767572111,0.25557345830121786,0.09474496538261468
0.16211598552556658,0.06397609431452454,0.13232977300766083,0.11505831584830184,0.15635924258461953,0.0686094050310176,0.08430946164943486,0.07213814256048025,0.145103579478394
0.11032475134811286,0.06903341120913388,0.12525114847698174,0.11092547151410488,0.17227196313923276,0.066615779813545,0.08772225137521637,0.14578568017545498,0.11206954294821753
0.02791810053460675,0.050597304574150376,0.09406524683035744,0.04416132341568272,0.12064839698755529,0.5015055469293915,0.0471775715040277,0.046053835578883345,0.06787267364534487
0.07979955604724207,0.131431948024376,0.12470191708469136,0.11400698713463442,0.18926170217224367,0.05910583954393097,0.10808846119130243,0.09499975351901346,0.09860383528256562
0.07227319876617379,0.06855773045298245,0.11829929877035812,0.28418402883166455,0.1092278615812372,0.08743749127375437,0.08516700912867119,0.08143281795113254,0.09342056324402585
0.061170869203447,0.36017507367312745,0.12920181023389324,0.10861264044671685,0.02478994464066593,0.0524178821695487,0.087395537210351,0.045511921728994764,0.13072432069325504
0.3172149639499691,0.05076469478312029,0.12281011364752377,0.08830044259022264,0.08327618774201619,0.06341314592784622,0.05754970566839839,0.06992621222265145,0.14674453346825198
0.12303822205666133,0.06706493950694792,0.13107462659057517,0.12201961778995613,0.18819846511645155,0.06877089419457151,0.09125678875275693,0.0699022326532544,0.1386742133388251
0.14341058328590717,0.06508106209147553,0.1329880011126212,0.1175251294316168,0.16273956250367372,0.07007277714786092,0.09087432766940985,0.07210110879990143,0.14520744795753326
0.09032618641177344,0.06989078186794333,0.12805532774674425,0.12680870498081565,0.2232646808441101,0.0679294932063723,0.09758046390310789,0.06657470651018695,0.12956965452894606
0.13989311250748934,0.06538776966252281,0.13275151437492794,0.11782336744398152,0.1670005122387821,0.06967087093227671,0.09152089018101602,0.07178544174207303,0.14416652091693055
0.2066483086957076,0.060399678357387104,0.13156386074942886,0.107009404233756,0.12820932641386482,0.06781891990425631,0.07649304073121699,0.0730322514471831,0.14882520946719927
0.2292740199791485,0.05851779417507585,0.13045037968214782,0.10295942689065811,0.11663287763704148,0.06716066439778007,0.07255270722017833,0.07292722259231886,0.14952490742565086
0.02321059326584805,0.05583916773514919,0.11281556104815217,0.20026229253045047,0.11957065145769163,0.2906540383733941,0.061871363710551415,0.05133401546538902,0.08444231641337392
0.11228743794829045,0.06687756504646587,0.13305708683903802,0.12086558828376585,0.1774031179712009,0.07140284675802465,0.10357068437476169,0.07131016374825944,0.14322550903019307
0.1774911144159398,0.06238038257142634,0.13302937889304414,0.11123074763561132,0.13965208417992925,0.06954678997325864,0.08441276296074435,0.07323718169649641,0.14901955767354977
0.15127193437689826,0.05812310396009838,0.11358832561403816,0.08436746496676613,0.10352825846034097,0.05863846324160802,0.06528328881100837,0.2712938386523595,0.09390532191688217
0.21226770209469384,0.05993191078227436,0.13132232948104575,0.10588836486339638,0.12509567675888947,0.06781955819197517,0.07547890743058451,0.07302086614134604,0.14917468425579444
0.2102087426514776,0.07213305746413147,0.12898320903812888,0.1277856145008219,0.10520087980462867,0.06315708411836328,0.08165149976523653,0.07081257692077605,0.14006733573643565
0.15900313153949483,0.0642215136665281,0.1323005644925106,0.11561489629937316,0.1586466850450779,0.06863548190281538,0.08485947303326043,0.07201243847057542,0.14470581555036413
0.08423654015256372,0.1735908153748128,0.1385844052622133,0.12928953074354685,0.08291655709258637,0.06312997422631661,0.09821537884768572,0.06043946012892403,0.16959733817135073
0.20678802887768288,0.06038820394016734,0.13155833414124488,0.10698420166119234,0.12813286328459947,0.06781533508668268,0.07646864077204865,0.07303265161864787,0.14883174061773394
0.01864504379609979,0.03750742449247351,0.08399235512971788,0.03552991937451332,0.058727339269902375,0.04306336387493872,0.06320839595813646,0.6224542913839329,0.03687186672028494
0.21167965265237118,0.059114640118292094,0.1322281338139836,0.10405502521485684,0.11625215442065646,0.06978981841919159,0.08040081478258056,0.0737830882344269,0.15269667234364073
0.13124450416225122,0.06641138987768937,0.1314727979106108,0.1204566534842863,0.18128175489668172,0.06866802952871286,0.0898100772286302,0.07046501790653241,0.14018977500460517
0.2537107311875933,0.06632470634410488,0.13071310308348555,0.10363471062703063,0.09052987565874064,0.06259870460735192,0.0600300419885827,0.06920888745555652,0.16324923904755384
0.0970398060627647,0.06926921992477517,0.12882169139682034,0.125862246654767,0.21559327025267247,0.06812619810773618,0.09622258840646819,0.06735931016669024,0.1317056690273057
0.14447582819690963,0.06464241542646781,0.13379629920210953,0.11618292805771431,0.1553768093812287,0.07130904312964466,0.09365257681657746,0.0728150372326794,0.1477490625566685
0.1295402868121793,0.12687667238182032,0.14455643035951546,0.12533665198661814,0.12393681121140084,0.07163274330702467,0.0949675426796485,0.06968218362885688,0.11347067763293585
0.22708210666828896,0.057737631556582326,0.13128922548226954,0.10127913389047473,0.1089990222692096,0.06938580314197838,0.07762912196479373,0.07356119955407091,0.1530367554723319
0.15573925135504393,0.05839238608338699,0.11506604035309027,0.08583049244144898,0.10424634361518732,0.05961682802750077,0.06586401726704223,0.2583451928755181,0.09689944798178139
0.08533584482717255,0.0716162717462628,0.12888720647834484,0.12716762093153203,0.21806313489595752,0.06849393563034258,0.10239161206247609,0.06672685796674,0.13131751546117154
0.06508016473955526,0.042832498864278035,0.09386181529043175,0.06804587454862601,0.10659791559376537,0.04717928376798946,0.060099611427538634,0.45262235141156176,0.06368048435625384
0.23021320957211733,0.058431603957161175,0.13038327936382288,0.10269147960338464,0.11611019748900464,0.06728049923651215,0.07235403342641979,0.0728928842844999,0.14964281306707747
0.1104008698177368,0.06811443418748651,0.129929155794032,0.12359456336856751,0.20276084725975776,0.06793436119457259,0.0937539840132826,0.06861084050087392,0.13490094386369028
0.17240619223373418,0.06316187839490507,0.13234333270595047,0.11320734551505755,0.14912178564100628,0.06849397573904677,0.0824955439947377,0.07249066588146587,0.14627927989409603
0.029982224451390704,0.16685944670165997,0.08065995367826076,0.039725587961401305,0.05086835531026435,0.030223791526466065,0.05857833638449545,0.49956132736407505,0.04354097662198638
0.15100005935817515,0.06315468167782166,0.13517268967495885,0.1121590347748137,0.13826738338950942,0.07332585761694728,0.09966737945219255,0.0742560910777917,0.15299682297778974
0.2399090409799388,0.08096723987298468,0.12620523765524466,0.09677785355007178,0.10136781907075613,0.06748774549320129,0.07144809646876703,0.09361595139176127,0.12222101551727438
0.07181129479191713,0.0575949821909556,0.11328459440251414,0.06216449280288883,0.12677967622843006,0.24396493815881556,0.1522245310220207,0.05746604190716387,0.11470944849529414
0.23246621975803775,0.0572926890719972,0.13090283659246207,0.10057543759011449,0.10668195796821418,0.06927579519604204,0.07633104765596599,0.07344327207093589,0.15303074409623033
0.12996914727769282,0.06651301667073449,0.1314083836081403,0.12067181698971903,0.18242616058775288,0.06866019778458883,0.09004059960700718,0.0703742668479857,0.1399364106263787
0.16043210209474132,0.06359868287138616,0.1334896699072232,0.11397985433190684,0.14771514989332163,0.07063900365135968,0.08857071390504545,0.07305204365774152,0.1485227796872742
0.16507361669126117,0.06374258404423837,0.13234653932463544,0.11452787281584631,0.15422886299477537,0.0685807602862132,0.08378747570077061,0.0722492495315276,0.14546303861073193
0.23500815365852032,0.05702562477034747,0.13070465878158713,0.09999241549086108,0.10535420749137529,0.06941039372419351,0.0759305388757959,0.07335954703244399,0.1532144601748753
0.1218713585631946,0.067167970294041,0.1307599727234705,0.1219230365488135,0.19151082115208587,0.0679630736380716,0.09164779325381205,0.06961731206489391,0.137538661761617
0.2828208731047432,0.05384990188136648,0.12633486919756032,0.09393444630050285,0.09411710240898752,0.06526430846983995,0.06327155880710729,0.07153106720649331,0.148875872623399
0.04824336082287711,0.04840200994364757,0.10099612996979046,0.05046750262342042,0.09117846910650688,0.4774938799056392,0.04705192267393928,0.050198699667239555,0.08596802528693959
0.1621684007881978,0.06397195903512365,0.13233016263880995,0.11504892836214359,0.15632112618002011,0.06860892995770496,0.08430020609750066,0.07214018177903002,0.14511010516146927
0.13696467351389924,0.27223039598141757,0.10874226484031568,0.06449501589865911,0.08824272129662909,0.05338753757390131,0.07226854445453658,0.1485621434754455,0.055106702965195896
0.26461785594930115,0.05492197072188117,0.12814364604670822,0.09602288709259088,0.09735482941860651,0.06709077362207985,0.06845513771883038,0.07233748021810103,0.15105541921190072
0.029306905722180688,0.03742619386229163,0.08270085730601343,0.04852307268419126,0.09368992406327437,0.04045519672630391,0.055612231737413344,0.5690169838182882,0.04326863408004316
0.13853672386904953,0.059940829100998454,0.11512985052346118,0.08806818952960284,0.11355516264584474,0.05948399227737358,0.0687886086937808,0.26136731808964736,0.0951293252702416
0.0039856873010291356,0.04163848164525542,0.07361539626359949,0.03359336747280713,0.05814236065768696,0.19216973346588717,0.5010251119750019,0.03494809786719684,0.06088176335153611
0.27947336959903163,0.05480840801283272,0.12678758361861084,0.0944223529684761,0.09439135436899504,0.0651677846284013,0.06391508237432612,0.0715769486735186,0.14945711575580764
0.23658797739721546,0.055914963059117306,0.1294797966590294,0.09757989783808037,0.09894334505121817,0.06459012089250521,0.09339059150322705,0.07235392568646244,0.15115938191314457
0.20052149392034369,0.06090109392051616,0.131788632343427,0.10811615847497325,0.1316278936673789,0.06796988119242253,0.07756374179283959,0.07300109148385923,0.14851001320423954
0.2860799820938896,0.05358415288447297,0.12601878946447795,0.09324700286486098,0.09339027094234686,0.06492177435674033,0.06279080347296793,0.07138404107933988,0.14858318284090352
0.22903587496822875,0.058522155989811385,0.1304862295889815,0.10314651894642857,0.11631133839745507,0.06733855721308543,0.07253497290276346,0.07295600203053682,0.14966834996270895
0.15316953025877375,0.05734895136356951,0.11352627430420238,0.08429057655275456,0.10440770875194054,0.058572594233500676,0.0650941011695595,0.26972937243687717,0.09386089092882188
0.11347078473956733,0.06785207727501533,0.1303435603522846,0.12337115974300132,0.1981448462925959,0.06847630208672555,0.09306802015021838,0.06903046478711088,0.13624278457348074
0.16038422054270032,0.07180428178742904,0.13704607235257715,0.11629894038006135,0.13532766786083664,0.06587721184357272,0.09201370636320723,0.0720087246995142,0.14923917417010127
0.24626475372882017,0.057072845342691546,0.12934907714508584,0.0999746460537707,0.10889964813047977,0.0665716564608347,0.06961051666002854,0.07264149468827562,0.14961536179001314
0.19283738491688507,0.0615252537301752,0.13202040803105705,0.10950751224498334,0.13610367027411532,0.06814145048653068,0.07890860303691548,0.07292325552194867,0.14803246175738913
0.05766022675152809,0.045999668802786685,0.11512138612509942,0.09299024567345444,0.07170065775591998,0.3989701629929199,0.07495756992838308,0.05548272831671556,0.0871173536531929
0.2274443382169614,0.06187204827144549,0.11913845217078038,0.1466285937356164,0.09820102897612049,0.05764027936434893,0.06230395314544191,0.06517385939802324,0.1615974467212619
0.5290774161363732,0.03043159619297532,0.09464640702183645,0.06360461507300562,0.03495092288187605,0.05112595662330343,0.02447271253892726,0.055940610431796024,0.11574976309990659
0.06691276542704576,0.05487896743363293,0.12006177555124498,0.07897316089281115,0.10248582688390855,0.320457713243032,0.08741907857240061,0.05992684800230177,0.10888386399362233
0.07357262514933169,0.05576071827111121,0.1180320744655367,0.09656465583239882,0.10730724448941847,0.05110564046812949,0.30831323838315233,0.06164867834881193,0.12769512459210933
0.181075874606799,0.06245880321505833,0.13230624120980566,0.11167414238836433,0.1427336330534084,0.06870167360551599,0.08088435940091578,0.07274852656693906,0.14741674595319343
0.1973042959646528,0.06116304313962343,0.1318926040426394,0.10869835609573845,0.1334756833303223,0.06804416832572996,0.07812654197617143,0.07297385518601925,0.14832145193910298
0.2484637964397414,0.056883858921482594,0.12919139539200453,0.0995927446372842,0.10795248754885238,0.06648999186711547,0.06923095157114154,0.07259265615518272,0.14960211746719518
0.25958502179488635,0.055921308118096556,0.12834421030221502,0.0976786013826743,0.10333618536293343,0.06605909950838525,0.06731617349842313,0.07230664625192389,0.14945275378046208
0.12397492850036734,0.06593847304280478,0.1337969980774928,0.11885246845774916,0.16627016318539015,0.07190545443222986,0.10097007351321426,0.07224010279196356,0.1460513379987881
0.19591137448471854,0.06127617572142019,0.13193454399856647,0.10895059218460157,0.1342872875292511,0.0680752424630879,0.07837033301157265,0.07295968689341918,0.1482347637133624
0.048139134352680225,0.055665585447030284,0.12258069264882755,0.2748196675229685,0.11059765274760665,0.17253903376293747,0.06146299038160497,0.056780997580729554,0.0974142455556148
0.1960154538441512,0.06126772824737292,0.13193147514166723,0.10893174206389807,0.1342263994190914,0.06807294357523012,0.07835211439320185,0.07296079565889409,0.1482413476564931
0.1806722559163337,0.06250340883383766,0.13226637885282344,0.1117123410254361,0.1436488071664761,0.06837029937544907,0.08104228261791456,0.07270685621959994,0.14707736999212953
0.19733830990551615,0.06023347195793859,0.1319044319554821,0.1091215461829446,0.12375053368686184,0.07236643366334417,0.08393343445226793,0.07302390507581348,0.14832793311983108
0.14984845069548755,0.05872404283240077,0.11464763780969406,0.08595352003068861,0.10654288497652514,0.059178056173747134,0.06648028933730432,0.26315165704819726,0.09547346109595524
0.1341944964851547,0.06617697341131863,0.13161240400924137,0.11995593531614962,0.1786718662578949,0.06868281456301617,0.08927827514908354,0.07066798932564457,0.14075924548249655
0.09352279765885203,0.16306670889020006,0.09720255999333506,0.07268376545455695,0.12419849775219882,0.058624776254358,0.077659408216435,0.255620893571601,0.05742059220846308
0.3973421526016833,0.04321294964112624,0.11282847882733345,0.0770332550349344,0.06256138669409282,0.05892172108417251,0.044515072748898314,0.06485175775564166,0.1387332256121173
0.04996428598380098,0.05208499785286791,0.09079575786760143,0.1802443165667198,0.0635233527726461,0.04870853768989796,0.04644147621232453,0.4141680208579838,0.05406925419615749
0.24605453293939816,0.05709088833291504,0.12936397583281523,0.10001121092844673,0.10899080935292238,0.06657940039516445,0.06964681742961698,0.07264602619533969,0.14961633859338133
0.18496752146591985,0.06215936236190666,0.132197068361996,0.11093405372478427,0.14091777747629164,0.06829569098930575,0.08028826913174462,0.07279673841995156,0.1474435180680997
0.2812939800364979,0.0540107571511293,0.1264686263821921,0.09403317313625888,0.09508665664551086,0.06513798124812294,0.06360413272136647,0.0715740988939406,0.14879059378498097
0.14452276481181092,0.06536118950237182,0.1320012321648556,0.11817340529575977,0.169930457167677,0.06869921183956072,0.08742909569604408,0.07130435608535314,0.14257828743656686
0.2738228250761217,0.05467287047304278,0.12714541826788348,0.09527338482027188,0.09781969170773201,0.06546629439103999,0.0648775340031157,0.07185080928762991,0.14907117197316247
0.04214538984002259,0.05100934775775779,0.11360790708524837,0.08798333981270147,0.09197153521982633,0.4215483543084036,0.04907426675342353,0.05469526456732839,0.08796459465528789
0.09041544027339794,0.07156610818866786,0.1285857653128358,0.12723262520704084,0.21912226918292346,0.06795969008707743,0.0978293015342765,0.06656788526742936,0.13072091494635077
0.09496250642314708,0.05638197583285631,0.12317647245615598,0.2796825712551887,0.11568496817428368,0.08092740655376258,0.07252210192388887,0.06033532500873373,0.11632667237198306
0.03899762762945857,0.04604529523414336,0.09585119658739122,0.05190641912306032,0.07887509781067974,0.21506349170330097,0.32864169291314393,0.047667498069604596,0.09695168092921731
0.007217928310861286,0.051839959354822884,0.1083413190269484,0.24484004140512125,0.10233598662409855,0.2956806923692478,0.06854222592197637,0.04626350705680684,0.07493833993011667
0.01280927455694332,0.05089392783664931,0.09912117683364398,0.053795215501326876,0.1043554100797323,0.4826838266745254,0.07982189381747702,0.04688911070657987,0.06963016399312182
0.27617625397446566,0.054464813912581296,0.12693564448188163,0.09488103774785865,0.09694730880291276,0.06536411053543559,0.06447592651871632,0.07176633047016062,0.14898857355598752
0.21098324595631843,0.08815717001013944,0.13916701588339953,0.10944661856799516,0.10975355100300362,0.0705666561546196,0.0785994434131617,0.0725166903035178,0.12080960870784484
0.23222156009122483,0.056567807516728595,0.13082324885091023,0.10029121367161493,0.10147838682488912,0.07483430691839403,0.0776619502947626,0.07344896959567093,0.15267255623580467
0.1970446582913256,0.061977351737837166,0.13222253476082152,0.10892916608858554,0.1311196559785165,0.06842667916546036,0.07819168857670768,0.07299272536188256,0.14909554003886313
0.18606470956837093,0.0620608021078786,0.13221206851004766,0.11089257650423094,0.13973628037051994,0.06844333326724428,0.08004285214648896,0.072853643804192,0.1476937337210267
0.1398345725340083,0.05364391809637423,0.10663207332516106,0.09703074683670049,0.11602372239307139,0.05917998501123358,0.06996274816436208,0.2696300679188138,0.08806216572027507
0.10280608114728669,0.03996635006873554,0.09478724211467066,0.06356751484813321,0.08076989838694865,0.047360484655267765,0.052610213768560454,0.45009127541180716,0.0680409395985898
0.2835999401526295,0.05329771167438626,0.12634843814851834,0.09272742758070314,0.09165581767082905,0.06583724019821695,0.06506872600004075,0.07155068041392183,0.1499140181607542
0.09032618641177344,0.06989078186794333,0.12805532774674425,0.12680870498081565,0.2232646808441101,0.0679294932063723,0.09758046390310789,0.06657470651018695,0.12956965452894606
0.17526342845370887,0.0629243309247766,0.13237302021407762,0.11272447715272577,0.14655852522307602,0.0687751019445655,0.08191185518124772,0.07260662225488908,0.14686263865093277
0.03155657375620605,0.19873315085144624,0.10465400987295352,0.07428025299221581,0.031360553692822396,0.042801751113146234,0.07053617551421743,0.3843268436700533,0.061750688536939054
0.06503147483320015,0.2663485410546465,0.13279209806193443,0.12178845558151681,0.09682894493367782,0.06097916531062472,0.09880802182732899,0.07172024692816166,0.08570305146890889
0.12616851375200186,0.06507525898630447,0.1321988577799649,0.11724926784142482,0.1590913878047919,0.06698491062068168,0.1191105665289122,0.0709577148318049,0.14316352185411318
0.3004670396217695,0.06903477064463033,0.12086634422197107,0.08715816317512624,0.08588169479046921,0.06485599550559577,0.06117403542726784,0.09043952917673113,0.1201224274364388
0.1376004590820454,0.06590726155607218,0.13175756266578575,0.11937288831858774,0.17572209842712702,0.06869420830697016,0.08866647705206147,0.0708904524641368,0.14138859212721352
0.11066070847103894,0.07808470910644562,0.13020287055528643,0.14709870368009645,0.15563835609353188,0.06812410472620742,0.1021362375112504,0.06699081795835549,0.14106349189778736
0.034122310196685136,0.05676116754214339,0.07816299141817533,0.050145649844474,0.09806560051633605,0.04072793822733262,0.05669638015360259,0.5439747098590862,0.041343252242164806
0.09032618641177344,0.06989078186794333,0.12805532774674425,0.12680870498081565,0.2232646808441101,0.0679294932063723,0.09758046390310789,0.06657470651018695,0.12956965452894606
0.1002812143748431,0.054863095033454046,0.11336000823464404,0.06138037914097514,0.11332253515527702,0.27581580354645385,0.10135511712435942,0.05845380970110888,0.12116803768888453
0.2909955620007824,0.05570108139022637,0.12605897102617283,0.09266999902259217,0.08663247796537075,0.0647477076388295,0.06177821185086393,0.07076808071907642,0.15064790838608558
0.09032618641177344,0.06989078186794333,0.12805532774674425,0.12680870498081565,0.2232646808441101,0.0679294932063723,0.09758046390310789,0.06657470651018695,0.12956965452894606
0.4653175899605138,0.036545381210214216,0.10323864486991881,0.06926389104149812,0.04808584536690661,0.05495818102392278,0.033923893715711924,0.05981676829686997,0.12884980451444372
0.030206182516287188,0.057573047669807,0.12367576648486474,0.31293251808124495,0.11904522749181097,0.10451038621163757,0.09579819112207606,0.05726466963787219,0.09899401078439939
0.14982126428465495,0.08221727444528425,0.1358537060138604,0.1152241091335982,0.16119679856964955,0.07027703072542948,0.08411587820929772,0.06980583447753494,0.13148810414069054
0.3168304447561769,0.049619198861411105,0.12270991434521716,0.08711226434806658,0.07894150757590924,0.06528788137082625,0.060719715014282284,0.0698180870259884,0.14896098670212213
0.10696199556364461,0.04082893959417607,0.09289111680932777,0.05972488816503265,0.06727745832800806,0.04574488087138518,0.04926075912483598,0.4714927017600929,0.06581725978349688
0.017528352670682642,0.057901286211491924,0.12491873900505536,0.3309236811978356,0.11905144772223737,0.11297956008155742,0.08685152892831462,0.056180834062700524,0.09366457012012447
