0.07780928839847509,0.09036013882461115,0.052997358705196014,0.09160193771905634,0.24809979103142224,0.09555566766866774,0.13092693781850887,0.10466187803464506,0.10798700179941745
0.10622811805766857,0.12478617089423372,0.07453077350357196,0.11127826429494851,0.00213849169196432,0.08093683035412204,0.13132378108323797,0.12856105448832106,0.24021651563193183
0.1405236778161015,0.04788843860531986,0.32227671862453516,0.11574574692754665,0.03926458280291954,0.15319524212885025,0.07558426645862257,0.050456181906409346,0.055065144729695176
0.12687234441239242,0.16766026034256218,0.1367476228620908,0.13796005300108963,0.11223849216309097,0.063989222585376,0.1001814474209786,0.0797364095721489,0.0746141476402705
0.06021541392753013,0.08517929640508841,0.044816985082386095,0.11268080477864999,0.2005668074099245,0.09890480471834162,0.1309991594739707,0.17057565925813004,0.09606106894597854
0.2981015021989924,0.05983457096852191,0.07816018501764896,0.08577665768851524,0.031237122328842643,0.13911597155340216,0.09847412637969566,0.12585843293007024,0.08344143093431078
0.3340902453326095,0.057411077264789674,0.06106970851915161,0.04880664699668253,0.036039663453968133,0.09465418631220596,0.1062835771234562,0.1725318842920406,0.08911301070509568
0.06909433841250885,0.10157036573594602,0.041040854253781275,0.09553607166919638,0.2881819636872219,0.10262885953854466,0.10938698418891128,0.0897886876831851,0.10277187483070453
0.09960296513552376,0.08022571466132893,0.029916596607002386,0.17574679125163137,0.15047880115710344,0.05877169176902525,0.09220905840792816,0.14541756866931968,0.16763081234113708
0.06524138264619324,0.10263614478114957,0.04336359252537075,0.11939169180199694,0.237640293399759,0.11520656232410491,0.11330300391934546,0.0950802189613393,0.10813710964074087
0.1683011017088334,0.08902175457235721,0.22863202697586263,0.09441590260386117,0.030082783105759067,0.0673317929329178,0.13054993997914416,0.09892614816543932,0.09273854995582513
0.13276915007906806,0.04722345721175881,0.29537569374028955,0.07812604406164236,0.08241637191868337,0.09602283256633531,0.11828446335740946,0.06801877215611916,0.08176321490869395
0.10553533986906817,0.09997085928135914,0.04936996804916697,0.1053251448244636,0.19339703453979487,0.11351175952338488,0.11621819835072,0.10859492511252254,0.1080767704495198
0.08217845052656825,0.1705230595080204,0.04229760927581652,0.11127263885563833,0.18783242744365833,0.09306593083713949,0.11342570787132315,0.10154536173140956,0.09785881395042602
0.08233745167799533,0.12341527746805657,0.04154061595917426,0.20526889909536575,0.12231450314354896,0.11364846362725321,0.11845839426626197,0.10621191344189647,0.08680448132044753
0.20446711203220846,0.07453055816245836,0.13596055610835553,0.15785902842551827,0.05712665768005992,0.09887849067765819,0.10204998387398949,0.08185878303908278,0.08726883000066897
0.05399332067515495,0.10946008205300715,0.060532992028434124,0.10368619039611464,0.23223040927623673,0.11397113425026524,0.12085059732658132,0.097582779328881,0.10769249466532473
0.11557121305658784,0.11107638185059864,0.04197780926238139,0.09668594025753992,0.07704683712789666,0.15609565843226694,0.12693834961635297,0.10544990029909475,0.16915791009728096
0.05695303155300771,0.06909398901208214,0.036999463754236905,0.10836588682484256,0.12388207861888749,0.3292620428923601,0.09385569349311342,0.08158156079894441,0.1000062530525252
0.12334165237240562,0.09943948481975297,0.04809302751189113,0.10972360761364675,0.21408543183461684,0.09172389497019927,0.11340487065321493,0.10248848571976986,0.09769954450450268
0.16489164011539778,0.10812059010918695,0.3374638568844421,0.08249176106407048,0.018864634434405652,0.0550864438628875,0.08162656047769712,0.08942324155679258,0.06203127149511987
0.07014310004244904,0.10162655153472995,0.0457003324332362,0.08349792933177132,0.26966745240573975,0.10193606438084153,0.11865518658890571,0.10013197031704373,0.10864141296528274
0.17185807906969477,0.073742120003869,0.05704284916611746,0.1368065623553296,0.10885743666556175,0.11569717366697817,0.1434274959543735,0.10150842095095829,0.09105986216711746
0.17597099441568922,0.11101992560521455,0.04014080749474506,0.18954610841434452,0.030236997129027166,0.07219493258254844,0.08064158412348427,0.12866990762092465,0.17157874261402206
0.1076460974979558,0.09765179336075062,0.03467467775623983,0.06993638656834077,0.22809210781778166,0.10982716070283345,0.12243165413842338,0.10932639793726089,0.12041372422041358
0.10034713849221277,0.07194323607135795,0.07008299602915168,0.11141462258303127,0.18013324144311113,0.1574297749028539,0.1127327990624646,0.0963343033290945,0.09958188808672207
0.06387614704487869,0.10095529833218242,0.04261031390292174,0.10774068293697743,0.2267723483130728,0.16617583609383302,0.11230701453241569,0.09122074483245268,0.0883416140112655
0.12201094116830095,0.10532285418651643,0.1451725830494143,0.0979409792533545,0.07457824736139101,0.11836193425077172,0.12186163109055083,0.11959095168533275,0.09515987795436753
0.05387337610787701,0.0946343370598327,0.05355831742135392,0.0930221617524687,0.26861508409606644,0.10178856311418838,0.12229161773177122,0.10605624609972915,0.10616029661671252
0.11902806329656444,0.07596813636885341,0.08462357019855193,0.12606798936527008,0.016156777536656827,0.24357686664992348,0.09143128658740328,0.07718076591757951,0.1659665440791971
0.07908428902260885,0.119131582671918,0.12979048542839944,0.16432704312634192,0.09036831317693539,0.11361621378958886,0.12448179402207353,0.08513509745852947,0.0940651813036046
0.07184653034972478,0.09240003534315856,0.03444246890291929,0.12020312153839226,0.2586461919975686,0.09969892289159991,0.11297402090244035,0.11349432270541467,0.09629438536878158
0.1851816709573947,0.08386013524319118,0.14520720080415464,0.11424135937976869,0.0729038834175957,0.14579998180126955,0.09526413716936784,0.07063423011087978,0.0869074011163779
0.06909433841250885,0.10157036573594602,0.041040854253781275,0.09553607166919638,0.2881819636872219,0.10262885953854466,0.10938698418891128,0.0897886876831851,0.10277187483070453
0.0712955456689184,0.08629090877017655,0.04422354584272024,0.07966648306146856,0.24423164706874392,0.09879280006386608,0.12929541452543206,0.1493460101470674,0.0968576448516068
0.06909433841250885,0.10157036573594602,0.041040854253781275,0.09553607166919638,0.2881819636872219,0.10262885953854466,0.10938698418891128,0.0897886876831851,0.10277187483070453
0.07205956958047906,0.11154611393680214,0.04724790954669291,0.10150036632346908,0.25442243809430903,0.0981646913318449,0.11283292729747192,0.09629503508021475,0.10593094880871624
0.16261197951381476,0.08530595844481058,0.10545704991319954,0.16232151237740536,0.08641690015957043,0.09848587207187125,0.11516496047022212,0.09231894603058736,0.09191682101851868
0.1647708859323218,0.05187045393139153,0.26466445352918094,0.15559350004686923,0.031442211919222106,0.07051658467926007,0.11486278141257518,0.07709752831398928,0.06918160023518978
0.2699513608857851,0.031057744450249978,0.33226189877524986,0.10458855074033939,0.009977764350886527,0.07268523441076681,0.07440766857684986,0.04820030416279123,0.05686947364708123
0.09278629091220325,0.06963764551199678,0.040743056029661134,0.12048180691678097,0.20622983889838695,0.06598577251176276,0.09593486173145087,0.10149569829867121,0.20670502918908618
0.15297695993581348,0.028489164168013337,0.4151500571337452,0.12305645201055702,0.020004993273785226,0.06651802689436097,0.09387256176452068,0.04697034040462086,0.052961444414583336
0.3447419795401386,0.07364891770320343,0.03727940413968487,0.056385521353805264,0.08423821193066457,0.10008216988666714,0.10538162647125471,0.1187117087498949,0.0795304602246865
0.058451814216509336,0.11043348461190049,0.04339090676644649,0.08540629164944502,0.1674098922272674,0.1720808391152233,0.1194513137801227,0.13941431017524056,0.10396114745784475
0.08653935418761972,0.13717125846586586,0.028043969121209555,0.1001588818136825,0.0950447995377987,0.12063054708648265,0.09387757254924302,0.11298717368534067,0.2255464435527573
0.10752867484048201,0.1384790348265497,0.05662815674269911,0.15034301135281816,0.060317738148495954,0.11063606757166367,0.1457219899120644,0.12042038472984773,0.10992494187537931
0.06909433841250885,0.10157036573594602,0.041040854253781275,0.09553607166919638,0.2881819636872219,0.10262885953854466,0.10938698418891128,0.0897886876831851,0.10277187483070453
0.07597648215608523,0.09370259826303284,0.03640217369605455,0.14118474135118284,0.16692200593376663,0.10008412844883023,0.09769450797166968,0.09521465981722717,0.1928187023621508
0.07262529790381252,0.10127290091458964,0.04163442218736357,0.12475551082833779,0.2481957583516187,0.1270223103063238,0.10827575265707799,0.08696083229702972,0.08925721455384632
0.06878045332263001,0.10329291269328982,0.04096406918704335,0.1053650601014628,0.2507041656916804,0.1442590761366831,0.10757198160180155,0.08575261960152719,0.09330966166388181
0.09808241845016875,0.03658361916012622,0.3856757473179413,0.09280044684677562,0.07037208743547481,0.08886521318200001,0.09555122598518889,0.06275821966810204,0.0693110219542223
0.10729878543728921,0.15042169097967487,0.05087217310932818,0.15490828198978593,0.10668182715364498,0.12592628938287628,0.10549635110606759,0.1265641056655594,0.07183049517577356
0.06909433841250885,0.10157036573594602,0.041040854253781275,0.09553607166919638,0.2881819636872219,0.10262885953854466,0.10938698418891128,0.0897886876831851,0.10277187483070453
0.23968230374380317,0.05983346994641007,0.04116223233787547,0.12956098710482455,0.07308725408086554,0.058961289863147866,0.08756018465511362,0.1355644468313265,0.17458783143663326
0.0584052858103507,0.07737900296576906,0.041934438604897616,0.15379179827439746,0.11413039748563465,0.1886213823108105,0.10736719821477758,0.08799184929647774,0.17037864703688474
0.17614161780460846,0.04886008429443071,0.1389972530442588,0.11443216116145516,0.03872092980868846,0.11557522270020411,0.1201593085593074,0.1591494493966853,0.08796397323036158
0.09516549449849199,0.09875673409526105,0.11366384318344376,0.079273295375923,0.13711114720548498,0.10344734335209248,0.12823259492562342,0.12814564709529097,0.11620390026838841
0.1417822838879518,0.10289818171984748,0.16188897327387788,0.17574733196407324,0.02797361003643199,0.11823397586183565,0.09567963448281229,0.10189087149067981,0.0739051372824897
0.2703096926275524,0.04807011094215155,0.06842703797777584,0.14177350683657605,0.03835971609695346,0.06808623565073278,0.15445446459334536,0.13784875937342986,0.07267047590148266
0.09383306401465745,0.12607948123138898,0.05165401256371684,0.10909653191934121,0.1605166023356808,0.09530570607232462,0.13140461694814032,0.10927617824401693,0.12283380667073285
0.06909433841250885,0.10157036573594602,0.041040854253781275,0.09553607166919638,0.2881819636872219,0.10262885953854466,0.10938698418891128,0.0897886876831851,0.10277187483070453
0.14222103450855528,0.11132757263534161,0.03993051964812011,0.08229861532037973,0.17044140135372873,0.13784145846607612,0.11047819152609224,0.10547416781641435,0.09998703872529179
0.1487268119526749,0.07365914912979149,0.11713751466766963,0.19106617426032504,0.04265748255624325,0.12036468353425618,0.11438866329507602,0.12375020594935039,0.0682493146546131
0.10174608677597541,0.15115064099866846,0.3727400517643538,0.053177793234807307,0.007242466065053978,0.12106565981574002,0.07030055421374096,0.0619228822450049,0.06065386488665505
0.08453363247572361,0.0925061234178574,0.1543413845701416,0.12413337317557242,0.04858416305435264,0.1943931331385389,0.12656385584721971,0.09537294683418752,0.07957138748640606
0.09916033363898313,0.0847568336201489,0.05203844917802444,0.13157390530458332,0.1876613665644146,0.11486300193313574,0.11871917784644077,0.10895944698849552,0.10226748492577369
0.1928652592312243,0.082790981669062,0.22380352918337665,0.11719659853651417,0.04964525793103505,0.07746439002126015,0.09807083725777999,0.0885036024575621,0.06965954371218562
0.11426290132837853,0.08126144702409474,0.08673636929514143,0.11706082468015248,0.14573879045136134,0.12056280343559016,0.1217208332562728,0.10408201980461747,0.10857401072439106
0.25080478991958016,0.0533468152364005,0.0874898787357562,0.13458664011079394,0.03330807494612875,0.13902741512034686,0.11202480744220959,0.10556465201667309,0.08384692647211078
0.0879531562003689,0.094075315512488,0.08068135455233368,0.06643139974028744,0.1543040653744942,0.1760898910957407,0.12165923110857942,0.11527904827430151,0.10352653814140611
0.06979884830985272,0.09969417472552831,0.042195433325220105,0.08597245259450391,0.24197192765988162,0.07143759790237784,0.11817037017125097,0.09997547486562415,0.17078372044576037
0.0946278710620786,0.12008406475675958,0.26974896752674576,0.14916721927202858,0.07213332741810762,0.0781647378713434,0.08101592277724166,0.062007646807387205,0.07305024250830759
0.1089340376506167,0.09994874899087446,0.12298904337921557,0.1288309962435709,0.0648181965767514,0.08288412318981404,0.14201048824612383,0.11707663892986621,0.13250772679316689
0.06909433841250885,0.10157036573594602,0.041040854253781275,0.09553607166919638,0.2881819636872219,0.10262885953854466,0.10938698418891128,0.0897886876831851,0.10277187483070453
0.09030353394546875,0.16674906085014382,0.10237998307280059,0.10025845046228572,0.03552552581466858,0.16711019776260314,0.09867907688207289,0.17325671654290573,0.06573745466705089
0.21170480786701495,0.08090564240288461,0.03877656363531237,0.07840846497526281,0.13576745878457272,0.12740908436492523,0.11370504767755542,0.11300862492388515,0.10031430536858667
0.07027095753837546,0.10459225006004676,0.03948826922962525,0.07943278567733532,0.2920159528265931,0.1055470919379748,0.1122030583395311,0.09175221532537675,0.1046974190651414
0.13900204118646878,0.13153588878450426,0.07933724492246406,0.10972081172720516,0.12673707851769178,0.07899597365395011,0.13126642735846372,0.10206916655644109,0.10133536729281108
0.3134198759448443,0.055573421831755065,0.17035187705657232,0.08643712273185356,0.023450678397587913,0.09556648442561357,0.10478611733537439,0.08120995359441374,0.06920446868198522
0.055980193095245045,0.06358903763800498,0.3112716490017513,0.13150401161162872,0.04801952865699135,0.03887200704833668,0.10353530911485753,0.09954674971741007,0.14768151411577432
0.08342134277724671,0.09953353968059263,0.09838886793779426,0.15074660522809127,0.10506166649279614,0.1039346432568813,0.1414147013526586,0.1285934851205354,0.08890514815340378
0.12493849912511146,0.12495652518168171,0.038187184677993494,0.05904079846579521,0.18022830441864843,0.09903870722416484,0.12325230203765507,0.14268034219441458,0.1076773366745352
0.06909433841250885,0.10157036573594602,0.041040854253781275,0.09553607166919638,0.2881819636872219,0.10262885953854466,0.10938698418891128,0.0897886876831851,0.10277187483070453
0.15989477574500577,0.1150430755451165,0.06777340100580824,0.1411849844327248,0.026498986780078143,0.1406378759246801,0.14083869006771163,0.1067563471647016,0.10137186333417321
0.06909433841250885,0.10157036573594602,0.041040854253781275,0.09553607166919638,0.2881819636872219,0.10262885953854466,0.10938698418891128,0.0897886876831851,0.10277187483070453
0.14249043354276938,0.06664754178450838,0.04873644175428932,0.09014874490156725,0.1484589606407586,0.10332338701807499,0.12284289971342462,0.18153961063656965,0.09581198000803781
0.08044464792813467,0.10079318779044676,0.0640968676888725,0.10064533492868129,0.1887283565215436,0.10212730895697636,0.13450929532781977,0.1106512063255568,0.11800379453196823
0.08260798241197255,0.28863094264515154,0.18791938031504976,0.16853048056705397,0.010316336094414867,0.06289647629242368,0.07736155901549863,0.07630374941597154,0.0454330932424635
0.06909433841250885,0.10157036573594602,0.041040854253781275,0.09553607166919638,0.2881819636872219,0.10262885953854466,0.10938698418891128,0.0897886876831851,0.10277187483070453
0.04788940850006976,0.200840102867583,0.11822166016212021,0.10478034365207618,0.2100055609281861,0.07049058484475274,0.09212498840101131,0.07103419382004847,0.0846131568241524
0.1173864385892061,0.1410698685110918,0.059089273925064245,0.1008903823176661,0.05612172183334438,0.14799332440201898,0.14533902212329988,0.12148921632665714,0.11062075197165137
0.08068161554858631,0.12059597473268609,0.052197852528083066,0.1122181181305621,0.13822115956422443,0.06434289443917403,0.13130896611194184,0.10879243557862998,0.1916409833661121
0.06338188059652919,0.1762898788116982,0.03996420006902901,0.10567262952236901,0.21509814535575114,0.0952490802587901,0.10733941572503188,0.09615400444005194,0.1008507652207495
0.07868484717877226,0.13290546435947137,0.07877410359859903,0.10848774873479901,0.14330512554923844,0.14289497616912253,0.11633573957219985,0.09377167017858723,0.10484032465921028
0.0605338227749696,0.08483347968568111,0.04578194486824763,0.09029109582762085,0.11732357078341236,0.17309339771991603,0.11066831977798226,0.08836874570293374,0.22910562285923644
0.09015655379158061,0.12516691612123057,0.07396576353584634,0.12343879414630228,0.15887238187584196,0.09263322086548396,0.13734079002161623,0.09125922283440228,0.10716635680769582
0.0746807677464096,0.09839524675347829,0.04108149709691338,0.09835236575001301,0.27361849102059893,0.10888249644093739,0.11153426135420991,0.09144938801192752,0.1020054858255119
0.04141406242156054,0.21297927112381068,0.09840429887888295,0.09505756249301772,0.2235482952578479,0.07291436311887806,0.09611878536813907,0.07249878938984343,0.08706457194801977
0.17853439570425286,0.055073881469609516,0.10935330913021522,0.10719458716842246,0.07812435704468056,0.1052102068103498,0.12250899130354302,0.14843602316295726,0.09556424820596926
0.06804547935720788,0.0979310984169189,0.04067777907975385,0.10254536455059275,0.2637394123907946,0.1296060939433568,0.10779386900227438,0.08849855118835996,0.10116235207074081
0.06909433841250885,0.10157036573594602,0.041040854253781275,0.09553607166919638,0.2881819636872219,0.10262885953854466,0.10938698418891128,0.0897886876831851,0.10277187483070453
0.13415696309813396,0.13352126523326494,0.07948303919385483,0.18150486231904298,0.06604040609587568,0.09623862997059567,0.12408030381942775,0.1070657490469042,0.07790878122289989
0.06306748893415054,0.3096865916946892,0.06971800284118335,0.11093893592558646,0.0746292103817413,0.07893769082183998,0.1040967450325556,0.09601980011771798,0.09290553425053556
0.2630754324489786,0.05956902589602927,0.028951598006395064,0.10113077500590968,0.052129384812134506,0.11041667118812841,0.13716920381609718,0.16040998997341102,0.08714791885291627
0.10590847248449241,0.09313214382888972,0.06411647694901311,0.11653784187394851,0.1395492311028883,0.11242163375249457,0.1452329767692022,0.1078135736289136,0.11528764961015762
0.13161411893093003,0.1100139541184823,0.09678177376942114,0.15496949035497484,0.02234861274521704,0.13396087832073209,0.09665049214894574,0.19605227994899624,0.05760839966230055
0.17085036422475572,0.043736512219402196,0.37098945452731497,0.17071880578746756,0.01266337742402532,0.062264870411723704,0.0770119306782756,0.04738459242122823,0.04438009230580662
0.23754089613351267,0.07024202773916753,0.26910136132722906,0.07040647636244225,0.012302299405440987,0.07412016289490017,0.10433807926950693,0.08432914025481451,0.0776195566129859
0.18184048568549435,0.14387627750224466,0.08629022348007402,0.12006248862626594,0.0002988784328614759,0.1174150180932324,0.1229434623669083,0.11643847388322992,0.11083469192968903
0.29766267762853266,0.045105835836162456,0.11300226327587119,0.20748049159236306,0.030791922979015215,0.062255467735846386,0.11429768151681567,0.07018461318155383,0.0592190462538395
0.11742409913128737,0.10930726584796635,0.03714772052859986,0.11006995565870094,0.158990646162519,0.10641409012756059,0.12671827313486647,0.12446871774933925,0.10945923165916016
0.08569397159121996,0.09795484437028117,0.0396577354951936,0.07773432671041809,0.2824872967206484,0.10541485946413594,0.11565461588391272,0.09300812505701272,0.10239422470717736
0.26769755080026997,0.047521458574574515,0.036223813934491804,0.1543652837882749,0.03695230676400504,0.04826249729181753,0.09103326464484905,0.23080786465584038,0.08713595954587688
0.20469175096548242,0.03346220120178988,0.03832046561834154,0.20192880356153087,0.01174765398559465,0.03876217968635585,0.0697089200327367,0.19208558436037212,0.20929244058779603
0.06909433841250885,0.10157036573594602,0.041040854253781275,0.09553607166919638,0.2881819636872219,0.10262885953854466,0.10938698418891128,0.0897886876831851,0.10277187483070453
0.119433173178354,0.11664072158271137,0.06555971503844975,0.10691112610090157,0.05370407911910705,0.07725691388691154,0.14537007284457146,0.11966347247386651,0.19546072577512677
0.08449153205537148,0.08061683623822614,0.06639386969449881,0.09752995982867811,0.2083344290587835,0.14373370881179728,0.11151452149836642,0.11364834193078562,0.09373680088349275
0.21617964780400978,0.07454789543144119,0.07778464031988117,0.11487169108803276,0.085120630258202,0.12380979886220782,0.11085790762643159,0.09639840351473206,0.10042938509506162
0.06653475992334291,0.07859361686517533,0.14970750669358082,0.115907964239979,0.21210956200946116,0.10276659704144493,0.10565138774519629,0.07367530596063757,0.09505329952118198
0.1839015439841805,0.04477194047908553,0.21051222893049962,0.13248008779416406,0.06369499650743414,0.09335561757540656,0.11764973825301706,0.07998442768227831,0.07364941879393418
0.15046232232668608,0.08651533431632825,0.11924094012330579,0.11266092791728193,0.12594061100157758,0.07893563903287527,0.12336315718802403,0.10464231812147128,0.09823874997244982
0.06909433841250885,0.10157036573594602,0.041040854253781275,0.09553607166919638,0.2881819636872219,0.10262885953854466,0.10938698418891128,0.0897886876831851,0.10277187483070453
0.09302491511853837,0.09208416030304395,0.11339734201465095,0.06600023230922858,0.14374930251723117,0.10726551151086865,0.13240828279747027,0.12363944333399657,0.12843081009497145
0.06909433841250885,0.10157036573594602,0.041040854253781275,0.09553607166919638,0.2881819636872219,0.10262885953854466,0.10938698418891128,0.0897886876831851,0.10277187483070453
0.09582801658877303,0.13037040592327806,0.05238669708411792,0.1322137673786152,0.11570616665765665,0.1119762168573377,0.13816983891964327,0.11276029905070555,0.1105885915398727
0.053058878658142315,0.2138291575347253,0.1821003369422851,0.09724385927873962,0.07858674237594347,0.10103752803732104,0.1061524142723038,0.10153115487302339,0.06645992802751592
0.22058201644824502,0.08079985268580728,0.10750995724409779,0.14610325192484433,0.048914136870764714,0.08396323799633774,0.11858628481449886,0.10331486786887044,0.09022639414653383
0.08660787354641353,0.09829160373063293,0.037094858851428235,0.08524761223300391,0.21645660731161054,0.12800803947256365,0.11882048679747237,0.14299731179696754,0.08647560625990736
0.2733972630044948,0.04769578272073346,0.14252997442913054,0.10984778538117902,0.02028542092432104,0.04320188036408575,0.09531594638137077,0.20131408819016594,0.06641185860451872
0.09678487728614588,0.10725074149896502,0.27827130089648844,0.08923012705090694,0.07939536748361904,0.08256790076980448,0.10718045018677709,0.0779108698069523,0.08140836502034085
0.0673040070643494,0.22669646156576687,0.15732450730439704,0.14991760138471089,0.03306151755221426,0.09183077280925424,0.08146041795197226,0.14306836511588142,0.04933634925145358
0.053027566944559845,0.06533995846358227,0.061788341157776816,0.06552412414070773,0.16590660818687256,0.1470420691412727,0.13274150421866662,0.2044214186553922,0.10420840909116925
0.08370885835025037,0.11939279142969843,0.0656776391560313,0.1548348697407623,0.03292011019716076,0.09864742976246278,0.15906741975070948,0.12870291517743562,0.15704796643548893
0.10160042539911779,0.03288359718929728,0.39728398209774246,0.058825523888651636,0.02311306044192248,0.09995432621423754,0.07147368835623451,0.13890212142721173,0.07596327498558451
0.27110564996004044,0.05635387581939002,0.0401873298960261,0.17042686579507685,0.04189042572801433,0.07147446647224594,0.10511372494441074,0.1912331382848064,0.052214523099989064
0.06909433841250885,0.10157036573594602,0.041040854253781275,0.09553607166919638,0.2881819636872219,0.10262885953854466,0.10938698418891128,0.0897886876831851,0.10277187483070453
0.20681118103981042,0.2485790430434156,0.05894460845429442,0.08192554554390136,0.024247401146643227,0.06029524506442796,0.0965344017216306,0.16120259835165696,0.06145997563421935
0.04302165489331439,0.20646534860497515,0.09219352271235441,0.0950636934090316,0.22945726307889136,0.07464460935818193,0.09714110526931263,0.07365417052068436,0.08835863215325412
0.11112282981978311,0.11176486395130425,0.055492610176196944,0.13043089970581553,0.14932884966403803,0.13470210709361066,0.12221009857825095,0.08737710539009846,0.09757063562090214
0.14081280161169082,0.05065154002514636,0.03031388440622616,0.22872341955926082,0.013703002913596931,0.08327235986442806,0.09484907122404486,0.13343490826277846,0.2242390121328274
0.06093214446640724,0.0872650824263921,0.05592458525437902,0.08752530589202401,0.28380045095760775,0.12444059798016621,0.11195358484571079,0.08517528344068932,0.10298296473662355
0.07918705338396734,0.16732067378873564,0.06057692056766182,0.17001722140574368,0.13453011526465417,0.12716814791556294,0.10042657615626897,0.07592192891102499,0.08485136260638045
0.07310375614799877,0.07908945459478675,0.039560199923370704,0.1456574482584747,0.23478350496872977,0.08983087901637828,0.11226659925315875,0.13637453449442025,0.08933362334268209
0.13352461806942476,0.09837018858268583,0.02420942383100831,0.07044603641582779,0.08239738898000463,0.16162149341781737,0.125212905443302,0.1971442876748807,0.10707365758504861
0.13148036871097438,0.10383643378153873,0.05235978211299102,0.07927532173648723,0.14701211008237275,0.0888903268817779,0.1434313318508822,0.1615466919483509,0.09216763289462493
0.1454805714364447,0.1551714473997526,0.06720799330383485,0.12633780078590134,0.017686048174792492,0.08590503579690423,0.15383981251702028,0.13083517856420615,0.11753611202114327
0.09116332620421286,0.12366703076091096,0.05055849506598726,0.10789406994743034,0.17288179702475834,0.09621238055862597,0.12930558003618042,0.10735890566847371,0.12095841473342016
0.056796130724020934,0.076894962683403,0.04481955919895686,0.13811256076287,0.13806261446672882,0.2646924094766701,0.10412349442547396,0.08467416426227513,0.09182410399960116
0.18899921084696034,0.08517707530400982,0.03857334712610546,0.08991962523230092,0.10383394385771323,0.146121800835939,0.11838390652755683,0.12357297770534843,0.10541811256406597
0.06125043983218343,0.10163493797419985,0.04645135154528487,0.0949310434424412,0.28362567807338085,0.10337160433093735,0.11278173011177972,0.09185948550575411,0.10409372918403854
0.05603151931963193,0.1314458593329965,0.043943203861282365,0.1291012414352213,0.09978920612163329,0.2048904348584534,0.11741061210062866,0.13098644381119093,0.08640147915896164
0.12460643205797117,0.1688510585534985,0.06632774764780604,0.12138537967499756,0.08283694404831292,0.09634494806443618,0.11794561502259875,0.11731708908978679,0.10438478584059202
0.0911350179394621,0.12507002609595294,0.052067156929892854,0.11903043737928572,0.12271330860978229,0.09433617491308688,0.13092800819410702,0.10924770659747725,0.1554721633409529
0.06909433841250885,0.10157036573594602,0.041040854253781275,0.09553607166919638,0.2881819636872219,0.10262885953854466,0.10938698418891128,0.0897886876831851,0.10277187483070453
0.07113375974452331,0.10818847946526156,0.05166829945179371,0.12807483832167513,0.0855667652661249,0.1716894665018469,0.13215182129246322,0.11549620903899475,0.13603036091731646
0.16107315482192516,0.08801883674062744,0.03506595588975099,0.16722172352576084,0.1392356725746055,0.08611586817360754,0.1206000012643832,0.11430804061951177,0.08836074638982754
0.0792106065180226,0.21535357979568828,0.056326807359804505,0.13596660920837814,0.10851885110540331,0.12126182580344613,0.104913798018968,0.0885354723294084,0.08991244986088066
0.07904667720122231,0.11344317989982892,0.04977839638738896,0.13446448997298002,0.13450610546052508,0.16653844481734512,0.11940776526058505,0.09790817095765893,0.1049067700424657
0.23889572777110044,0.06454489558230043,0.13462996792547977,0.14350346342633039,0.05426857816199587,0.06375293665571123,0.11949773980260642,0.10356917439166514,0.07733751628281034
0.0706045208594075,0.11033063535103316,0.04185111229028443,0.1013672261349164,0.26200340710390935,0.12749427967231416,0.10934645394720277,0.08582469634580331,0.0911776682951289
0.06746226802398476,0.20912927298118442,0.16429180592543383,0.10705973936161232,0.11660539447293256,0.06524496544475068,0.10690304018231898,0.07777653785854316,0.08552697574923922
0.12212257260415631,0.09329102289170327,0.33657413014983356,0.07817047884886202,0.04030567123681814,0.06936502803085934,0.10923627643542756,0.07011442905191721,0.0808203907504226
0.03415744803656465,0.1136926418569051,0.1476302778031957,0.21962957505123884,0.04303398800367885,0.12966531546741228,0.12032241407586537,0.11929005712032674,0.07257828258481247
0.09218677242463534,0.08939461656806703,0.13002796586776597,0.05633163864003483,0.1334767579010504,0.11478630699978994,0.12788815907770526,0.1450866917118452,0.11082109080910607
0.09068628308672905,0.10596384128091176,0.03522402237497869,0.08045982082934765,0.2119653305530018,0.16286858427246945,0.11615043179509961,0.08917245952779218,0.10750922627966986
0.09879841690955178,0.12968108929706848,0.05745206044479124,0.11652408418478642,0.027309905275316917,0.20761801329854546,0.13853825335507178,0.11586426257237914,0.10821391466248882
0.15232912326554138,0.15609437700792983,0.07133835384296994,0.11576223286096725,0.01388812287314979,0.06637320698523758,0.15155992420708267,0.1349796135271847,0.13767504542993683
0.12866559539114594,0.07746411210357916,0.08825792325105002,0.12944418743522015,0.163463179589611,0.10078098402892223,0.12645766244278622,0.08487686209728074,0.1005894936604046
0.0648318972333347,0.12008675657417833,0.042666019406431534,0.07980075642656602,0.27197563617123954,0.10379428293205521,0.1134816101743822,0.0994328339342448,0.10393020714756769
0.35750975562237325,0.049686763527151866,0.13778580495988788,0.09277642840457385,0.01915332072057688,0.08325006022823056,0.09866965167187919,0.0891497513770776,0.0720184634882489
0.06781970855335388,0.09639244249778726,0.03734098176053937,0.13281691285693667,0.23711761767265407,0.10395890197134068,0.1189560927417433,0.11610993057218628,0.08948741137345843
0.10302952775813988,0.0833964335641193,0.10468525736084912,0.06875193833475149,0.10769820759617348,0.08303488408667554,0.13470671349270322,0.18070034206149221,0.13399669574509576
0.17039515751332543,0.13884855096877416,0.07290850625284313,0.08895542123630334,0.04750394868132276,0.12078881403043289,0.1416645792633682,0.11040319495905433,0.10853182709457572
0.2038276773064601,0.10672359721646944,0.1697253998073812,0.1636409140906332,0.034955094307439476,0.05529121757299816,0.1021955499621761,0.09850101782164498,0.06513953191479728
0.06909433841250885,0.10157036573594602,0.041040854253781275,0.09553607166919638,0.2881819636872219,0.10262885953854466,0.10938698418891128,0.0897886876831851,0.10277187483070453
0.17849375866040865,0.08192226919197165,0.052341305811704174,0.07079773075505875,0.04717155817229296,0.07964536950799815,0.10029319087829934,0.22827432672609946,0.16106049029616676
0.1017555002584271,0.1327997548372124,0.05480367477130981,0.11222562223874749,0.12646965520106593,0.09231803211759654,0.1371186165400631,0.11464224162324844,0.12786690241232912
0.0640575485667448,0.18947284806584438,0.04573962627324074,0.1298366339859892,0.1597657801204068,0.13074356305094698,0.10586409879321985,0.08148325333368597,0.09303664780992131
0.06107962133581987,0.12022903638430087,0.05570420880570342,0.1398571184479923,0.09615294830911834,0.054427818271199246,0.12868578284438972,0.09821154615624422,0.245651919445232
0.07739086188809237,0.07250978341345128,0.06514270057716622,0.1157125755783656,0.2433355171651407,0.12042545181996005,0.11511405025988615,0.08766619676176916,0.10270286253616855
0.09087938058530642,0.06931480167869156,0.36871783181432716,0.09210055978126365,0.04934293935898271,0.08423338696299719,0.10552509265717575,0.061316194550752635,0.07856981261050298
0.1183135013967388,0.11577627691018948,0.09331732480346462,0.09103511987587098,0.15240771517236204,0.09376045939884547,0.12901442095509477,0.10019288575029911,0.10618229573713477
0.09678398663594022,0.08130731422653999,0.047752427447922595,0.13820644711541444,0.24188231175667377,0.09442792197697585,0.1164155781101424,0.08581525858648037,0.09740875414391033
0.0661205994526376,0.0942074408433553,0.041425493545313136,0.1022937802901932,0.2787318876777483,0.0975316409530005,0.10931708267245628,0.09609491828467422,0.11427715628062148
0.08077817236427319,0.23334979621729504,0.24996237755119452,0.13429990054878585,0.03472149259017224,0.05709211606631162,0.08408394072233501,0.0627254616071571,0.0629867423324754
0.06909433841250885,0.10157036573594602,0.041040854253781275,0.09553607166919638,0.2881819636872219,0.10262885953854466,0.10938698418891128,0.0897886876831851,0.10277187483070453
0.14832224055510548,0.09258777965735854,0.0463368670579449,0.12399039247404971,0.1888806483892839,0.08972702496695906,0.12121236204184403,0.10061397876070904,0.08832870609674522
0.06615331620069832,0.08144522853359477,0.039610417704668464,0.12837041841033636,0.17116127426280883,0.22892096814314158,0.10440033363062952,0.085330958906452,0.09460708420767011
0.08254158138622501,0.16977338103925974,0.04139004216991006,0.14656910138355358,0.13415820164037243,0.15306318046083858,0.10177793067665974,0.08398216822926814,0.08674441301391277
0.09382415182284916,0.11669472071064939,0.051886509859160525,0.17280289938383256,0.03192388486474639,0.11436525205644615,0.07628051671391364,0.1519598462109518,0.1902622183774504
0.06909433841250885,0.10157036573594602,0.041040854253781275,0.09553607166919638,0.2881819636872219,0.10262885953854466,0.10938698418891128,0.0897886876831851,0.10277187483070453
0.14253481513310431,0.08903417063187909,0.08811487572232342,0.1069671469566577,0.142373429059799,0.11590458732097664,0.11568836919328108,0.0983189471681296,0.10106365881384921
0.2701248690104019,0.067765862106293,0.11385164859967799,0.1505391578702171,0.01941673939360493,0.08957075934729146,0.10140842069184075,0.1170346626836646,0.07028788029700832
0.06909433841250885,0.10157036573594602,0.041040854253781275,0.09553607166919638,0.2881819636872219,0.10262885953854466,0.10938698418891128,0.0897886876831851,0.10277187483070453
0.10821387997680505,0.07832919745050917,0.154588587969305,0.10825595402003367,0.11817031564410589,0.1058754601009878,0.11389463039575924,0.10276770601531778,0.10990426842717636
0.06909433841250885,0.10157036573594602,0.041040854253781275,0.09553607166919638,0.2881819636872219,0.10262885953854466,0.10938698418891128,0.0897886876831851,0.10277187483070453
