0.13343750437682136,0.09032181007840025,0.15893704375023013,0.09269059131892636,0.06614882199011325,0.15028583464286024,0.040749294961747395,0.06318023952450762,0.20424885935639336
0.1341819726453414,0.1413979855332323,0.12146650077133832,0.09970584355831208,0.08561484044427699,0.12810140737518372,0.05870844483983634,0.037744620494535266,0.19307838433794366
0.06581055962072441,0.08725982275152505,0.08246123767166426,0.1623981425394937,0.16639539211497825,0.07000329773884763,0.14945733931674013,0.06380826628847466,0.1524059419575519
0.07049834228667246,0.04331213737013596,0.06745272232422282,0.1317606033523281,0.22793560018064232,0.02291523840860334,0.03823088974402747,0.19642481541960577,0.20146965091376182
0.13102269928136212,0.08423789893389542,0.12001029143637758,0.09742712891838294,0.10723968863045986,0.17216765341258475,0.1325189560489994,0.0580062647618795,0.09736941857605845
0.09883112971751486,0.09762759559173113,0.1563562932312579,0.10470886267258044,0.09993958660349522,0.11644564642190565,0.13279390840035546,0.09545855139516167,0.09783842596599766
0.1218257446801817,0.22471473021613728,0.12633349961482557,0.1280851803629656,0.0914960815255057,0.10801856168706088,0.06308075750567746,0.0645283709210494,0.07191707348659641
0.10550175782767353,0.20367754604187813,0.07894696442724931,0.1451929396661553,0.1539280543871242,0.07031064875268266,0.06528749821996055,0.11393956705584181,0.0632150236214346
0.13870790987216322,0.16029613363929684,0.133213163880609,0.12616212196633314,0.04910116870493176,0.07850070259226517,0.18918445638314949,0.06936731556145216,0.05546702739979927
0.1406771270965617,0.15000061898727204,0.12707392413482357,0.09822785119606753,0.08530295041067383,0.09093129431108841,0.16067492360251703,0.027604615571290736,0.1195066946897051
0.21413761799742845,0.11903650724505015,0.12511128230240745,0.10253014731296738,0.05598245431898136,0.12151082920436208,0.10715374776892146,0.02791331024172175,0.12662410360815998
0.1917321130085108,0.0621788189154151,0.09982853571395926,0.09800882271891764,0.04198559851875097,0.04915988077221203,0.10575397447203992,0.13897907390930156,0.21237318197089264
0.10714289084503974,0.13563386775859818,0.16099787447130143,0.10766302934681378,0.04902350435572175,0.22645735697460187,0.09833308982099136,0.035561276361695454,0.07918711006523645
0.11171624101499611,0.039634006827982744,0.11283932693845193,0.09312226788405342,0.2402218028458374,0.06176227275682397,0.07860076826384271,0.16417082423368548,0.09793248923432618
0.08112507552285358,0.1495408315362061,0.07921370210166916,0.12795727396969772,0.07027377912038153,0.16189664769465598,0.14413096773777037,0.0925827821021777,0.0932789402145879
0.17459270448258687,0.06655931050852051,0.05172765614537365,0.1583387798422585,0.12361051783343151,0.06126977486606364,0.10559421012686036,0.21243183629131712,0.045875209903587955
0.09625636901259631,0.11429127861954964,0.16273204122988782,0.10502387126886514,0.07416760265549376,0.08712113677291365,0.07254815290474022,0.09553806591577141,0.192321481620182
0.08406319933273247,0.0639824617585112,0.14176706248108628,0.09591032811439147,0.046455910652751085,0.0580031812981035,0.14012422375028855,0.2235486415156125,0.14614499109652293
0.09553063524499722,0.11107018286692262,0.11802667813079654,0.09482479169832186,0.06847398361924116,0.11777210991071503,0.11774694917414182,0.14940180992935037,0.1271528594255134
0.0771222036221386,0.04575504248603243,0.08762764972026482,0.11088874015453291,0.09799064640301708,0.06312553187126518,0.09479128590160613,0.2875972459606913,0.13510165388045148
0.08847057755331433,0.1416403946029138,0.131254116735909,0.1069265898745662,0.058628640042143576,0.1849475112880129,0.11729429805524971,0.0988962993311837,0.07194157251670674
0.09944100507198846,0.09508511170819983,0.10482072649536124,0.10082445059627675,0.22076360034084927,0.09929516990681891,0.11981323379227533,0.08218880932544173,0.0777678927627885
0.0753847924251531,0.08305332819244741,0.10431369962717564,0.11010260395210536,0.12035800341092351,0.05910289429286499,0.20653465550875091,0.026159191863515313,0.21499083072706382
0.11109935000514991,0.10943276641067971,0.1734547983414967,0.08606481721716351,0.06205989806088865,0.10423447038877942,0.09912715725260512,0.13017286017161658,0.12435388215162035
0.0923186640124342,0.11621338706647588,0.14335975273443846,0.07791848691787469,0.09899270692244583,0.13310985116817842,0.10347238548988076,0.09647454264622646,0.13814022304204535
0.07406865749702346,0.23316987262468522,0.10602235633218267,0.1303676265737959,0.02573140699899211,0.14079508656754153,0.13428106122915567,0.04986989050867358,0.10569404166794988
0.0896713493508981,0.19851534839886073,0.05573869254666245,0.09750869221435361,0.09351904153485058,0.04625789175903818,0.044389411135026514,0.3145841679740637,0.059815405086246144
0.06319598869208497,0.05654104243738478,0.1666490202450789,0.08230565150062852,0.22407188138991296,0.05155253365119134,0.04488436355234843,0.21396839668884204,0.09683112184252803
0.19417261632680827,0.09021557894420318,0.07760599145793948,0.1705375117346113,0.15598643800378628,0.05398416595249474,0.04976071740526552,0.12334034990857694,0.08439663026631423
0.16822242224523243,0.08059236418181888,0.12469139829316452,0.1724236165871604,0.041984612788735935,0.12062850755661729,0.047444857797333144,0.0824061692174689,0.16160605133246853
0.10455671615112085,0.09779376146607134,0.07755117318283171,0.1458722398922647,0.0564134648780206,0.12107603465135992,0.06306838009489066,0.05898068013384883,0.27468754954959135
0.09826896946815165,0.12346627281893356,0.0950748201822846,0.11432550525747383,0.030461627591450584,0.1262433993533573,0.13007004265928787,0.12455939651645413,0.15752996615260648
0.09974748885017148,0.07780128017149163,0.11783833313502214,0.10154059832023062,0.07131829106789506,0.07940053738333619,0.11254772084955515,0.20920279052251808,0.1306029596997796
0.1136211260810402,0.2810053736327682,0.09089868024207692,0.10427231647946271,0.11150747473521172,0.13515053632278493,0.05889571033499582,0.05919951033146595,0.04544927184019349
0.08159818262639237,0.18791236899894712,0.12494854155160211,0.0992276883873816,0.029005026407095597,0.1141527723665034,0.10495361111715723,0.07081889253296066,0.18738291601196003
0.106757964593594,0.0958401975490451,0.11476427665033535,0.1181839592440287,0.05479177088431612,0.12727840373708793,0.1993531079381338,0.08111626869056375,0.10191405071289528
0.08218823703097357,0.05217279242434788,0.11516403620524751,0.1572521676792503,0.1686083577126093,0.21571452032261543,0.045128756278450956,0.051491683956937984,0.11227944838956715
0.06881513772559002,0.04853982912212098,0.10815780389955117,0.07865827756454374,0.060882215419744166,0.14155612623237704,0.08037072590287268,0.2733916550608822,0.1396282290723179
0.08024813682761199,0.06347635216382386,0.13224290080065673,0.09020317660602424,0.07010287712071611,0.07769071900343151,0.08726234060294123,0.2406502855969543,0.15812321127784004
0.12287644620703381,0.14110959558871627,0.1255893208555034,0.10823818288954255,0.09087563742636523,0.1435989575596254,0.14110499548089608,0.054313447134290004,0.07229341685802715
0.09613948811736427,0.071601125866278,0.16513307964165372,0.09324625061124814,0.03801409973326083,0.21027653984441871,0.12653907291865307,0.08475951305034714,0.11429083021677615
0.07470707480472445,0.03507148870451964,0.06698919631701815,0.1442270406457283,0.18087749278373688,0.059806719922170855,0.08821198033757643,0.2551817865276264,0.0949272199568988
0.06992859012168294,0.059237407845967906,0.12578577676278502,0.15483852943603693,0.23578582555906005,0.06710112200140389,0.03978383313179553,0.18031449029704935,0.06722442484421837
0.08916553400189837,0.11094793834001178,0.10366067315944105,0.11325209500378879,0.08908251864481137,0.14440223047960302,0.13270663265736735,0.10748205552745749,0.10930032218562073
0.11164433287721955,0.1661929070154222,0.10914556834988777,0.20338414646717276,0.08076407876611581,0.13748940317788624,0.055872453309454194,0.026462124417275117,0.10904498561956633
0.13218486335014532,0.10689643740462478,0.1630149901587202,0.10921314012461025,0.0923944608332294,0.13803039753611293,0.09463093370270366,0.06445888608323828,0.0991758908066152
0.08530785428080041,0.1627238902235134,0.13462358465733235,0.14111264836517448,0.04391912080435937,0.20248660439804844,0.10516985009517314,0.04900889374090459,0.07564755343469386
0.0687892512155603,0.054604311314501615,0.0857388826807514,0.07734709696665719,0.15843877717748267,0.06488257199298687,0.090368920084764,0.33797512096901666,0.06185506759827939
0.09219706061233106,0.11060519759826422,0.09883160951387689,0.05349728111038235,0.17324653244729948,0.04622311432267081,0.029041102304541377,0.29152574519595176,0.10483235689468211
0.09502680308551455,0.08303517078016809,0.18204172641717262,0.09999065261641142,0.1935147658832317,0.07855985660153787,0.08374700368372238,0.07742657993141669,0.10665744100082462
0.12473125495533523,0.12469581911356309,0.11449899410056197,0.18510696230731014,0.05048310307537455,0.08868859133741104,0.10360063966462607,0.13525904826729132,0.07293558717852662
0.0723743856255956,0.026720992731382186,0.07607675904574417,0.1001744823465634,0.16908022051420643,0.05661190044912214,0.09987174833918522,0.3215641684765465,0.07752534247165442
0.0976715560194384,0.02534678326847481,0.10883108578278357,0.09685268394243814,0.13494993170395986,0.03898241320744102,0.17050392902717026,0.09771646990651661,0.22914514714177725
0.08262110397830437,0.12046866002005267,0.10344883332699702,0.1171300800160371,0.10726304166632449,0.1532613699762739,0.1477492906316866,0.10962245048337467,0.05843516990094926
0.08561111502128571,0.2653919455066937,0.10847745240222327,0.1413625187488365,0.05350780621743637,0.1265060815461155,0.06638825044961556,0.05223196849397008,0.1005228616138234
0.11277195238628927,0.04738746000708261,0.16134360892794128,0.0914580307880397,0.11289339985791352,0.08451248445956172,0.16725527666258336,0.08571716381563614,0.1366606230949524
0.09823855151819261,0.15286123411152894,0.13210020945613313,0.08541672179217785,0.04601093862227384,0.18786868304830148,0.1275773364446028,0.06753181800011708,0.10239450700667231
0.17397726749450973,0.06312127772347782,0.0772479421569021,0.11245710697153043,0.09300985500593244,0.10209098020885532,0.14903044817689545,0.016881312280893308,0.2121838099810034
0.10000774887962072,0.11256853098274132,0.07088463868340163,0.06357242460959918,0.16872121347322908,0.045484890580219726,0.06207249437441623,0.3448366392997578,0.03185141911701426
0.13789524812105444,0.10613494996212046,0.12977757675725002,0.0993241466134721,0.05744804348995638,0.11673855012219403,0.2048606925437619,0.045772644501637115,0.1020481478885537
0.09967485644583597,0.15407146552271064,0.14651566659177215,0.07196402379288656,0.0914131839719891,0.11319393355531536,0.12927174308318481,0.050540450140813015,0.1433546768954925
0.12821751168587794,0.16633120073860883,0.12067085620409894,0.09897284347438119,0.07644243064393265,0.1484045582335161,0.0777657821962159,0.10033419039351148,0.082860626429857
0.09364808231537737,0.11477750474139414,0.09912930527526027,0.11613004449938062,0.06203570344999892,0.12305498972441375,0.08540566179554336,0.18627540189390987,0.11954330630472171
0.09907149194059811,0.14855296275706215,0.14368546555485417,0.12570988524519858,0.051427086221966345,0.14395898301627272,0.12068634873334634,0.04740172967818901,0.1195060468525126
0.08859564659193749,0.14317341590620677,0.12970623990786198,0.143751668014337,0.05764614882714462,0.10925059724981251,0.12815610349137369,0.09854237153588254,0.10117780847544346
0.20120327749109734,0.06664031631570248,0.13110270683567768,0.08666128111294512,0.046568284725889565,0.0916539984404917,0.19927820323457565,0.07517914272324677,0.1017127891203737
0.09228143257715692,0.09935970017401587,0.13597744035226758,0.09689122385521969,0.057545228793617086,0.10882497886371456,0.15066560472865423,0.04369233155398328,0.21476205910137078
0.07662667208191037,0.07988378734541347,0.09984205538525882,0.09349197798019825,0.2598357251373349,0.06519885919483841,0.05344589130122241,0.16118208900446837,0.11049294256935498
0.18926872881659432,0.08540900863318124,0.13678935121559996,0.09266163070736372,0.1464235822946799,0.03545381207668657,0.04115179193185529,0.18266220621527152,0.09017988810876752
0.18502794279148793,0.11236639890234745,0.10928042213284023,0.16032734334583917,0.04260119391540318,0.12351225369334211,0.11612545510294836,0.06374000609001129,0.0870189840257803
0.09816390967896164,0.13368817178991074,0.18192100184280177,0.11077914797560377,0.0665066501135566,0.15300827411881954,0.06525189896647128,0.09729865591097382,0.09338228960290083
0.15088385912104452,0.18220176813470668,0.11659340837891448,0.10045684200153233,0.03425747222474087,0.14930409956628973,0.06953820491871412,0.0649126638646141,0.13185168178944318
0.07696342974629804,0.07720331840437673,0.1126691083456029,0.10763686616719075,0.03609205089399004,0.172415993087801,0.22271016996069015,0.0436190965256269,0.15068996686842348
0.09338663205413174,0.06655992102175201,0.11209796096077813,0.1031970763845642,0.07276911747725366,0.13064985645615126,0.09628675661909003,0.2382488217548608,0.08680385727141816
0.0797485724770189,0.070096896025324,0.1536076210976146,0.1264979673177933,0.11547840525850621,0.1236059277959325,0.13044797630066282,0.08801372512166193,0.11250290860548573
0.15795926730114654,0.12543384485620707,0.10877342205473421,0.11162354582892463,0.0499515714812316,0.07587779027353098,0.19093971047874117,0.06973731451416014,0.10970353321132371
0.09461116178823042,0.2493673851457547,0.10156309462939633,0.16120983140507003,0.04232436056263431,0.07568247758305904,0.08514019787947452,0.06716651482174106,0.12293497618463956
0.09170119300972801,0.12533086803937687,0.11459571646926225,0.0904790162998189,0.06500455792277532,0.08457083560048802,0.14694970246868036,0.20972448413948416,0.07164362605038614
0.09449370285254295,0.12183873227810853,0.12491674809308422,0.15966012301332377,0.0632774539910538,0.09382547300163165,0.1297905731270971,0.05154499175150856,0.16065220189164944
0.10926261774485946,0.054340714836159876,0.0831715637303266,0.12497913427581751,0.14711027113522612,0.05293047925067947,0.06997219588697356,0.1482115767711297,0.2100214463688276
0.22086853350116709,0.08300855148664509,0.09375994057354654,0.13793013523585287,0.09087636543995842,0.09373396800792289,0.13026320969790925,0.08487235369351247,0.06468694236348542
0.09020451016446833,0.16133835308226754,0.12515230908604713,0.09448827348095738,0.11010243581082495,0.1473094742964818,0.11660878398043846,0.06703386123875263,0.08776199885976181
0.13074974462072017,0.032140209315539965,0.07739370807239743,0.17193656576460703,0.16100525130634266,0.10675769057581991,0.05409280325634869,0.13349541334191226,0.1324286137463118
0.12123561464551152,0.07979580828286016,0.17995505171145418,0.10701825851200891,0.12773555453564886,0.1253281201484455,0.07752855453926992,0.07343420814207052,0.10796882948273039
0.09958107762340589,0.1734890295367709,0.12694081837836702,0.08508005714396878,0.15627260535126822,0.08330470901680592,0.10665321136553317,0.10827667527437312,0.060401816309506993
0.07499185955493809,0.13720243609241586,0.10332293743997108,0.13186011998578176,0.08583839665862596,0.13947026097381302,0.19780600615299934,0.0626955547550233,0.0668124283864317
0.06539987529516246,0.17562269193472033,0.11267456325446928,0.09693723380137291,0.13886381688780433,0.05414701298751029,0.03355180625849106,0.21372900236445314,0.10907399721601634
0.13859541906518638,0.07872359236525424,0.10672423077503883,0.08686188158658482,0.08069519318439118,0.0807238103518277,0.27378324338824345,0.06305820184091981,0.09083442744255353
0.11934711449966405,0.18143684739291624,0.13602541152923134,0.11432225534169986,0.09678678825546855,0.06469616716548753,0.05789875725797881,0.11695726736580908,0.11252939119174454
0.18711481657934537,0.17894187527289343,0.07740558486504628,0.14637218442255207,0.08449512282623904,0.05695577207014838,0.11607895716919203,0.09406098764089743,0.05857469915368599
0.1441634454376716,0.15509609473515207,0.0793058295844974,0.12585234935455608,0.07333580229595879,0.031180917852356337,0.04446410067411699,0.2246340313813083,0.12196742868438233
0.06570716086578483,0.031069156527436175,0.06612402364529428,0.11452949638456256,0.11365899680095877,0.058658170783670895,0.11495272498619939,0.3097034198858976,0.12559685012019547
0.11009242427193788,0.13045890393396767,0.10513004201310149,0.15630046439159997,0.08520459994125841,0.05005348243082968,0.03838877530527763,0.12951737309898492,0.19485393461304232
0.07790410950543479,0.11338279602026706,0.1106534966684169,0.12235885379895568,0.09699087147708375,0.07523040907284755,0.06839317592282122,0.2988470284976881,0.036239259036484846
0.1235888260746922,0.10340233160440472,0.07734554278740914,0.1432669730391435,0.09058729900595547,0.06492098733317073,0.2824989743177371,0.050341655285223934,0.06404741055226315
0.17659453073948192,0.18870291409409765,0.189484630047679,0.0605654236126519,0.06066952079342583,0.13319891831987116,0.061844316655469835,0.04687563227464033,0.08206411346268243
0.16908561250579757,0.1677313058404465,0.06893638080205454,0.1365275552737444,0.11582827421209622,0.07079932898574094,0.02223976517649544,0.11935164818688375,0.12950012901674074
0.07614885540607132,0.249071973062487,0.06889936141331976,0.15798524795374744,0.048834748018564474,0.083784003239745,0.05686511505247713,0.19945296510783106,0.058957730745756796
0.19501303169803041,0.07485485357583693,0.07688549736484548,0.11084888371511196,0.08304596812797053,0.07598404879717965,0.07979425182508658,0.20462997903203053,0.09894348586390794
0.08776806828033727,0.12824815524726724,0.12035004349159617,0.13284212961640493,0.0847437122654876,0.1570978522720272,0.06571950252712289,0.09421306464093317,0.1290174716588234
0.0532595168874769,0.035186814012253445,0.08829421565015534,0.11092454435919864,0.03610510325287496,0.04808548665060531,0.07087003945434626,0.2658318074532276,0.29144247227986153
0.07596690450385292,0.17200715899585453,0.09073967178805176,0.1027376785776683,0.05891829369827756,0.06243542622624446,0.23538315645444885,0.05784179093797076,0.14396991881763085
0.12144106345563167,0.1238036363178185,0.14747723744179056,0.09978175863527539,0.04427444440511113,0.14908173571338512,0.20986436365560102,0.03173565634115736,0.07254010403422918
0.1727566369829794,0.058991358043089616,0.11086719757962994,0.07922108779063469,0.1536999520731498,0.10877286007430782,0.05853557342783983,0.14969383223063223,0.10746150179773656
0.16349106710319147,0.05272843466142942,0.06793600866718079,0.12272694218949504,0.147304903510569,0.1321442567721709,0.1504940993984019,0.04016723154202371,0.12300705615553786
0.1783433030961268,0.12356602449288023,0.06431921749613564,0.12103338611456742,0.047288101227167784,0.138928940505481,0.12111663246087041,0.15569570485337278,0.04970868975339792
0.18490220538499114,0.17593110894508257,0.06959667790663228,0.16214879893607756,0.054816519949986764,0.13803074544518876,0.05325079285613129,0.08253593159069617,0.07878721898521347
0.19964353313535896,0.07759270715627752,0.1584309830277412,0.09404238386520491,0.09345086188394074,0.10961751123002593,0.058748286391243555,0.10749875804532694,0.1009749752648804
0.09060886935522701,0.16462578094036653,0.1375307616661179,0.1227558469272923,0.0539903680196395,0.1671506200902875,0.14739220059571542,0.04059996782465363,0.07534558458070016
0.0686502771115393,0.14113659153046484,0.10235314144277895,0.11780503854657891,0.04006898398177013,0.1109572058235695,0.06746606613933344,0.05267331855210792,0.298889376871857
0.10574252161390078,0.09237959530442325,0.10726801746529054,0.12357863743319981,0.08785282294864916,0.07667580648691565,0.02836318203252901,0.30139009623483354,0.07674932048025829
0.12020485272036646,0.08159361352212946,0.08333866206615737,0.07752714801693146,0.2627726625416261,0.038489246725432934,0.038311034014801675,0.20262062860963245,0.09514215178292211
0.2558873188783214,0.08563833749290356,0.08067855386058587,0.07661762741099876,0.1281645272152934,0.0662998452662756,0.10608662927292994,0.04101772380391394,0.1596094367987775
0.10371002202689927,0.13568952864476622,0.11829355755247288,0.1042368168014498,0.10428666012162202,0.10793087914763022,0.10071101975318747,0.14212453062529798,0.08301698532667416
0.14516435173464087,0.1887640855248669,0.10532848742041867,0.09623817599120828,0.0530213560250855,0.13130156480320346,0.17202825646823025,0.047127748344956755,0.06102597368738929
0.1865669578271325,0.10738448800548513,0.15359597508176984,0.09475425278551747,0.07352246339004599,0.07085080646670637,0.016372301827793465,0.1351486052926801,0.1618041493228691
0.11598970397251825,0.14660206236052772,0.1460405375522158,0.09999707450833435,0.08987366282904502,0.13132128129386225,0.08680429381945172,0.0351515155802565,0.14821986808378843
0.13047867837377966,0.03838730084745879,0.0917322653193214,0.18728412932859775,0.052364632295347185,0.06537908979465494,0.06304498726224991,0.2616749970583288,0.1096539197202615
0.1951767364060135,0.05860952478832467,0.07864836863402723,0.21508327230338908,0.038596687871805584,0.040786584122044035,0.05543260940979481,0.19382013498060258,0.12384608148399863
0.07018375285196227,0.07514351812955315,0.11116874012780253,0.098360925309244,0.111722449213094,0.06291625554516694,0.10463475437578929,0.2842319470015556,0.08163765744583225
0.09430250566228919,0.049926227091250046,0.06777363055972131,0.0780424211386096,0.33557318545324755,0.04913312244889246,0.06903646358954811,0.0827235725724647,0.17348887148397696
0.05841346886325847,0.0826928027972928,0.11668798653575907,0.1468337424056528,0.1686005090435209,0.08622514134052726,0.1919471264616115,0.01554524849487821,0.13305397405749894
0.05124020490741491,0.03377975466711252,0.08863824706175137,0.047675806854061746,0.15365719303142994,0.032320892612032276,0.06709399873098179,0.4454808373326753,0.08011306480254007
0.11578062234377472,0.22308651577277008,0.12429242686943187,0.15867868867025145,0.06414710779581005,0.08549186432985097,0.08511177748465187,0.0673724569122615,0.07603853982119742
0.09990313950121783,0.1196422787724707,0.16356669616011563,0.11047808722913895,0.08360868912122127,0.11724122270710087,0.1703528657355228,0.0794460020819273,0.05576101869128466
0.08437072592878818,0.1719184550362873,0.1089411943019889,0.12282512626604107,0.16746850716115705,0.08903373632342843,0.08973592285413752,0.03983479270692307,0.12587153942124849
0.174854047984201,0.043621963048903784,0.06252286489272058,0.08083959448242965,0.1887966159860829,0.04633539341502216,0.13224858040902493,0.04377033206915656,0.22701060771245843
0.13461147968969175,0.12375608137401484,0.07097162959767044,0.1288336036963668,0.06083569122794725,0.0572872219159977,0.16754183476822296,0.1737925964270541,0.08236986130303418
0.2649357889746014,0.0742154705328673,0.16332088210412496,0.10475163271635957,0.05341991487580943,0.12216790506452983,0.079396543605159,0.05857011467308695,0.07922174745346167
0.07263680365346135,0.18930279235819758,0.11792224372844572,0.09873168605534437,0.030313115244279352,0.10339549424866157,0.23704063785439977,0.06198631734128135,0.08867090951592904
0.0936709596129406,0.0362288356477851,0.07348635166626677,0.15019609215525176,0.1078306006467737,0.03923863653716386,0.10610074598374304,0.2538061459634017,0.13944163178667354
0.1681527871349324,0.07198339205728105,0.1293076279530608,0.16796906511860274,0.07641501686185097,0.16746887682457343,0.06860375930742109,0.042356186742732636,0.10774328799954498
0.1475204237001427,0.06149269472996129,0.11178874054106708,0.10591298384430407,0.18341470259972215,0.05681993366844593,0.05825314077530721,0.1287772599348716,0.1460201202061781
0.10458120097887369,0.10991293610293047,0.1556848249579372,0.08099141909290629,0.21894699455955566,0.1180267193398488,0.08259033171231868,0.06509276584272321,0.06417280741290599
0.2179676683479935,0.09946316152583941,0.20198370657938214,0.08506377009057285,0.04347058110179014,0.10490736043570754,0.08955437892685315,0.06072542112795339,0.09686395186390791
0.08440505450831205,0.14874380044717653,0.11938944214252033,0.12193880880706524,0.0606643165495594,0.1289822187629113,0.13059094263273993,0.11676117872892394,0.08852423742079128
0.22447688681056754,0.11357653070877045,0.11177438825818377,0.09997302655743179,0.03562607500061285,0.1001018333573857,0.11406799489300438,0.06082083069272981,0.13958243372131365
0.11381344544419791,0.0876842135154035,0.12203543491636216,0.14326194040780035,0.06287429252782559,0.09746291042758126,0.14876178261044348,0.09807122017622705,0.12603475997415867
0.09025999650383214,0.15824541583420323,0.15060491167475223,0.07682245098027797,0.06707750271899775,0.050506469393837274,0.07258684746084822,0.18763500913092102,0.14626139630233012
0.058782685600359964,0.16141883393450396,0.05686005184530199,0.18629602226961986,0.04565869764638397,0.11837960383465568,0.11784653023888231,0.202793180815353,0.051964393814939364
0.08027847072913818,0.07027524713762945,0.09863271386494189,0.08795262697336546,0.19193818273665383,0.05232641320478169,0.05694014459935937,0.25253680282247065,0.10911939793165948
0.1452530754308804,0.10555898534408081,0.13738912234102027,0.12659440970821761,0.04007383834891563,0.10883991979190515,0.11012755578269116,0.13868489856298438,0.08747819468930455
0.09514910919748198,0.11372962301514578,0.07369593446471766,0.141035888776085,0.19380608571742028,0.0669678453467741,0.09870891555067994,0.05792172170504459,0.1589848762266507
0.23821735009947395,0.03397097650420159,0.1538562378717473,0.11227998376558734,0.03997926415966669,0.1480979720446166,0.06519261714792234,0.13330503743046365,0.07510056097632054
0.06166497388875749,0.05391595555206701,0.07765738274223892,0.12943076946334514,0.08308274968329975,0.10503537356565092,0.22459293527904087,0.11153658204853818,0.15308327777706168
0.08067883321370428,0.15516322170792693,0.0889507497679969,0.11426809991262708,0.03252238426723288,0.1398356941536056,0.12062197590198435,0.08243683533052258,0.18552220574439934
0.11317473662844135,0.1986857148748917,0.10366279463947577,0.10564324901954021,0.07062880382135574,0.06787994405146591,0.05024341456130213,0.1803401232316573,0.10974121917186996
0.12282267468180837,0.057725829903834285,0.07306642647897664,0.10969252404701076,0.2104223824367594,0.0719949296180946,0.062033990473109424,0.1803082292109156,0.11193301314949093
0.06567167307396016,0.1560500728281311,0.09670332426060813,0.12873854747843563,0.0628490164622948,0.04806694766063987,0.08958105376768001,0.19184452718064252,0.16049483728760774
0.07449464898946596,0.03532105258442871,0.14422186475368468,0.0909331018145787,0.15212107151576895,0.09762092028354917,0.029611088474422575,0.1648956817238411,0.2107805698602602
0.07656921465338463,0.05818112079396592,0.10593869222431986,0.1372653180584146,0.07407177866908492,0.13273535073242812,0.19154829689674577,0.08330608469400186,0.14038414327765444
0.08016314983891877,0.17034134296810446,0.13581982402340986,0.08945739862246156,0.07412075097241333,0.08883686033992301,0.12981351959439186,0.1593472239333006,0.07209992970707652
0.23957909118960855,0.07376211055430403,0.13704247901595532,0.09519853175404165,0.03999808582265839,0.04913163608289764,0.040593786017631354,0.09424037382385747,0.2304539057390456
0.08086385428940705,0.05411870466017177,0.0910141582629466,0.14384320988881494,0.06972004257607722,0.04580377113763737,0.10623659328803463,0.1876692975644494,0.22073036833246107
0.14986035185870614,0.2542213930093565,0.07796417836103219,0.10704876533228103,0.06437744321874617,0.11081356104100766,0.08355630234313914,0.11419199562846179,0.037966009207269356
0.10883545648490638,0.10066323503753104,0.09573105202471259,0.07916968363283662,0.06535706762259252,0.08777336188966985,0.08174504453686698,0.2310946877553022,0.14963041101558186
0.11134731812337033,0.08765712034510927,0.17308814867002598,0.08104959715708827,0.1515594553918663,0.09288329979508848,0.08046914892121067,0.10197067009590081,0.11997524150033988
0.05889527865763781,0.07146649017977534,0.10572505753262594,0.08034248115979763,0.30331379323330565,0.07527372104151386,0.06914860429943763,0.17849543474006538,0.05733913915584076
0.08203197584337994,0.17784443373340345,0.15279154297549624,0.10558916441181525,0.06715879603592302,0.12738694130204223,0.12283188504650044,0.053208235831778555,0.11115702481966079
0.10369767795325814,0.11352967345049168,0.12118682913673307,0.09807227326532496,0.047484208312212374,0.12836202567581487,0.1128565682899011,0.13982042177080392,0.13499032214545995
0.06275730863787353,0.11929789818137258,0.11369015165402667,0.10504772582115761,0.054862761993895386,0.07128709877528715,0.3150525616171845,0.06264403230089552,0.0953604610183071
0.059155022260041656,0.02531352334692266,0.08602283876700367,0.1335150159375547,0.13885746269572086,0.040999878086849,0.04676832158767082,0.3709637060447834,0.09840423127345327
0.12083282449090049,0.13671060268059607,0.1457560692937719,0.12041053732390072,0.06690239400050059,0.169234343386334,0.1313226786771919,0.029200375233270976,0.07963017491353325
0.10338615125139015,0.11216749874515791,0.07401964493904645,0.17869259734746534,0.02733253608006149,0.16103106648682874,0.030132423028375474,0.15897256067119048,0.15426552145048392
0.07462685420649284,0.06390996034737449,0.10335990269155361,0.07637703924905782,0.05785190460797151,0.11215735467354404,0.3421814904166652,0.09068822324668387,0.07884727056065662
0.09689623631984917,0.055813357843805,0.11552441299114441,0.10326471322253344,0.10589446951200109,0.0713318126377419,0.11650809163986812,0.1714030922957308,0.16336381353732612
0.08093256990273351,0.1474612039602287,0.14495198354172814,0.10721325027640083,0.07160783222343113,0.10098165798140114,0.18995870224531577,0.08875961155304392,0.0681331883157169
0.25552192559107256,0.037390213120203,0.062460569773517126,0.09436116775881657,0.20647802778605165,0.049143006154305995,0.029907843339184143,0.2108574036039539,0.05387984287289511
0.06322286792950811,0.11489833889521417,0.1094537011362842,0.13657916726643718,0.12608165282643627,0.10800276870540869,0.10540384890359633,0.06302797017273297,0.1733296841643821
0.07940869594805662,0.1707866816068044,0.10678931939848195,0.06679140435727247,0.09559848752971682,0.08687377207411888,0.1282043431260971,0.15508900027685266,0.11045829568259914
0.1436220473666103,0.06597796878802945,0.11599001065417908,0.16682014723155503,0.028427412739616867,0.08690920762145356,0.0939339388009024,0.13936010485711578,0.15895916194053758
0.19974356509867044,0.04039044953063934,0.0827029190383544,0.10658638384274255,0.04775687190079947,0.05178342032819137,0.18578817422601626,0.25216399757004754,0.033084218464538594
0.14873260065627406,0.06290828736698366,0.07065082442068592,0.11407978684433562,0.16496164340066607,0.06710683128244531,0.1222448364903942,0.20292010398634786,0.04639508555186731
0.12824582379150595,0.09350316497609834,0.13995698067738224,0.08472255133460148,0.14252878583286435,0.07298085782363782,0.1351269339587988,0.09468456392819842,0.10825033767691265
0.12261506504634524,0.08828052055229829,0.17176837437117917,0.08921752209231144,0.07219356553814786,0.06074686937097976,0.07308935200607208,0.20230335445661815,0.11978537656604805
0.120686988028762,0.06927012498163902,0.1326131606444317,0.06185695111985302,0.17964895683385104,0.07050361692187405,0.016442125090615326,0.11776637236383242,0.23121170401514138
0.10636534181372748,0.11147048544592646,0.1008681884001162,0.09498744124223157,0.14927564657229128,0.08889165369030115,0.07579621829568985,0.13564654272411183,0.1366984818156042
0.13262736767803698,0.085987770051621,0.07686639711036962,0.11422303104799159,0.125136489442317,0.11950258301482526,0.08138793692646543,0.17317882284960273,0.09108960187877035
0.21294929289863365,0.11524611656983726,0.16707525862701864,0.07603987048182415,0.07589809898446943,0.06986126540854853,0.07501183979572673,0.10234181072345731,0.1055764465104843
0.08261825312026405,0.06357148784641271,0.06474552039456412,0.14653056866524036,0.04266308939998415,0.15170531697766118,0.12556134617650774,0.18273495216791855,0.13986946525144722
0.1887122836370568,0.04943982723811352,0.15216422514638747,0.0842221063056748,0.15887822699394358,0.11897780515190254,0.0809300226694467,0.07279825087405778,0.09387725198341679
0.14830707863948325,0.1620625492676899,0.15449426767749638,0.08311794680780993,0.10770253744960173,0.11684942753196707,0.09204508247262738,0.03561453162521028,0.09980657852811407
0.08720853498038127,0.06462174624683291,0.14641938861189385,0.09316272604689274,0.10309779888020688,0.11647085212719972,0.12180720948050194,0.15123602630243557,0.11597571732365507
0.1037213804144707,0.0983309158294603,0.09965868634664715,0.1490204207026341,0.035806403318189975,0.1816486126524933,0.1280766220956283,0.058603116355252505,0.14513384228522375
0.1770189505405733,0.08707519599536186,0.10337632559013347,0.15546024540200418,0.18184771100311817,0.0669113323412787,0.06536870277119823,0.10951912274519764,0.05342241361113447
0.09083064433206056,0.07766926539441289,0.13599590910075027,0.10953443431150972,0.10077556563467194,0.0703106676390013,0.027673721713145544,0.1416182588419012,0.24559153303254652
0.11061797995211457,0.1796171339269622,0.15831358290716732,0.07336587999110027,0.13258674000573725,0.10655560386091485,0.10294959186120411,0.03136199082612438,0.104631496668675
0.08137963990847626,0.09700032507473501,0.13572881371001075,0.09747551122517746,0.06156525543770622,0.24316705743021746,0.17680253519862787,0.03278466787646837,0.07409619413858061
0.12512207562661437,0.06100043166887387,0.08750896949345337,0.09121096019246182,0.12870234464590996,0.23160532190179706,0.07113534502069414,0.05333405611997081,0.1503804953302247
0.10305042860768356,0.11241287538788053,0.12871207167721901,0.12872829824362012,0.04345597709175642,0.11060806461030265,0.19024549648182343,0.038301243286489914,0.1444855446132243
0.07900529884736752,0.2412878836957597,0.16398357386933596,0.0882495693350472,0.09986339583806945,0.09186092673958701,0.10804696976795707,0.04742568430355156,0.08027669760332438
0.14662639200753994,0.16892332502611282,0.1238717394339461,0.08555283826145799,0.05030287882355287,0.04694493248051499,0.06956412323644318,0.2339629870839189,0.0742507836465132
0.09289631911857067,0.0669435390741573,0.06065634668783462,0.15300243333505445,0.12880070635972804,0.0781638517913552,0.0797694177698201,0.25086481329547466,0.08890257256800489
0.0851686354149493,0.18860477146049362,0.08423527835568882,0.14119820010948506,0.04501361569612927,0.10385163445449276,0.07564732587509408,0.12848262035131608,0.14779791828235098
0.11953819049931728,0.025651539973760257,0.09863800433504578,0.14525727243495187,0.11915362655078376,0.05606757747745091,0.04864731712069753,0.2399887457844695,0.14705772582352317
0.0776734840762603,0.16769901601597648,0.06427705837637494,0.1592717694607196,0.05412267055021567,0.08270743536640429,0.10442810344886826,0.17448586368588578,0.1153345990192947
0.08613182439323042,0.09169248875569071,0.16936496385650757,0.09915084418224628,0.06446033303144559,0.20205524487107374,0.126922089167912,0.059929170932597496,0.10029304080929623
0.07599604770590686,0.1396174998024252,0.08845537701600759,0.10729055830545066,0.0650329446639303,0.1291240170858751,0.10499481588022257,0.18115847250012965,0.10833026704005207
0.10115059705159106,0.06533085349971983,0.1136983725782899,0.11137940038546029,0.03168043332433551,0.13611555557733948,0.1384336650384824,0.10706507977904185,0.19514604276573977
0.12578676649939033,0.17414988165383827,0.08973208228964193,0.11232136660965124,0.07367518790414927,0.11674727233301256,0.09600148458757847,0.12075753044055666,0.09082842768218125
0.06207444322046477,0.028916572738172247,0.09677241814960803,0.08970601216496395,0.2124615894538929,0.05787436837655983,0.07617537898394523,0.2939262363586411,0.0820929805537519
0.08428569573595784,0.1179023510028595,0.12740670727867348,0.12356708433438927,0.04293927392916461,0.11988352053222424,0.18919365155558546,0.07679418686224676,0.11802752876889877
0.10033579192802466,0.1011544227864503,0.1452217728028613,0.11649686301081193,0.11613951519841266,0.1608527206103529,0.1150080969449533,0.051143671924987553,0.0936471447931454
0.08724805869068226,0.05121998042828285,0.12476994762178852,0.10268525157786755,0.13802660748445258,0.10418284495803283,0.14446713743582115,0.08373625512822273,0.16366391667484959
0.06675075765862326,0.10360816968110083,0.12101216112193813,0.09075430554006704,0.04290869876556466,0.12350561261382921,0.20157056575968543,0.020973794747470614,0.2289159341117207
0.1023071068049714,0.09226488660674359,0.15806767307918793,0.10958097374502761,0.05394426292691019,0.1232773670000918,0.14548237942067002,0.06065437373985607,0.15442097667654145
0.08280465878257275,0.11617181911666809,0.05290832908591341,0.1676771777912365,0.2717014436908602,0.0572455238776717,0.0726359905559093,0.12101713828508487,0.05783791881408316
0.16559776207652832,0.13359472718108398,0.17028925130963365,0.07126460809291608,0.07857085246510014,0.09116096338308184,0.10209296702813488,0.11430454981075928,0.07312431865276181
0.08103309423229856,0.13576194192113117,0.08157378770739208,0.15517206642092263,0.08793051822832593,0.1813165747955546,0.13341240473613242,0.028901969369412087,0.11489764258883052
0.10295333538347594,0.1453889416888061,0.11445736795640048,0.10016906737226365,0.05769055682976141,0.08791049076418016,0.12736490703184952,0.07269794723698475,0.19136738573627796
0.13937527159173072,0.050152469761000525,0.09616814479689306,0.09199598946908967,0.08168336004964026,0.15752267960973976,0.08658073575553171,0.24451932420503386,0.05200202476134045
0.11544126075694712,0.2036477065009585,0.1020559470635277,0.11630070896730689,0.05580968051657814,0.1293789224912796,0.10555904182316227,0.05152777134335206,0.12027896053688769
0.09484280010192055,0.08089324724642921,0.07121062638014942,0.1606097600744583,0.06454337308523922,0.09925047771818891,0.09471388048108537,0.08574838712818082,0.2481874477843482
0.12084757887211776,0.11441866516019088,0.09623229222570355,0.17375401235518714,0.12625592981245196,0.09678944820931734,0.11671426251197,0.05257115050183598,0.10241666035122533
0.13557716572259457,0.0502551070710773,0.08132252429331836,0.10423730986613454,0.05705948637765939,0.07039777145263461,0.24171093607099703,0.084155155581792,0.17528454356379222
0.1609385457359173,0.1464346776436811,0.10311880716051151,0.11493834879967911,0.05220476842223262,0.1542195861301782,0.10201733788962304,0.04099718080410738,0.1251307474140698
0.07589586739300795,0.04449796563602923,0.09156743777107655,0.08612216755248524,0.03995692646788839,0.084086219262698,0.08382535673647935,0.3310265018532636,0.16302155732707171
0.16414570916727236,0.24414928583793935,0.09890742107093264,0.11059563685950029,0.042587255027881965,0.16032930705321644,0.0595653199732038,0.05137288918147063,0.06834717582858256
0.08666973086460504,0.20941421313793465,0.06410898566190454,0.1624902567101071,0.024451776757028625,0.10860007692590783,0.1843902526290601,0.07795523896124994,0.08191946835220217
0.13721986629969873,0.04797944220597716,0.09370630009157593,0.06189602825225062,0.1552904611591324,0.06665260543653444,0.11313895381705037,0.23748550632174917,0.0866308364160311
0.05862472534124515,0.07284661395475761,0.07932717950346217,0.11884022834593189,0.02663437354588807,0.054957415567794675,0.12218297321637261,0.3448846604403506,0.1217018300841972
0.1205302171342516,0.12939185826411417,0.13456762882284098,0.1196116095148616,0.08408291816045348,0.16708860355257663,0.12713684692216873,0.037566876166285866,0.08002344146244682
