0.1207902968620988,0.10936092098776351,0.12303102439117669,0.08607249023618994,0.124550708521033,0.11394999145612499,0.12677846917418623,0.06041731005873254,0.13504878831269432
0.11001723903759636,0.11240992139995538,0.09061525210608763,0.18063489630921467,0.10511393159454646,0.11704308263216624,0.10521645297784009,0.08289852465173049,0.09605069929086268
0.10693352851516275,0.09435330456172038,0.09163296298064756,0.09849801748197279,0.09954739527554994,0.09236668348208527,0.17972751885032076,0.13025526630958487,0.10668532254295567
0.13984515989227472,0.11272572964080631,0.1328604193776774,0.043338660917660726,0.1048393184571117,0.13640760351851924,0.11230933255255976,0.08975817151773746,0.12791560412565273
0.10042275883649464,0.10977548681931304,0.11846714172040483,0.15293728214009283,0.08147118298824409,0.13146631473490486,0.07997226703227163,0.13402629536729785,0.09146127036097618
0.0943566164140116,0.09280634025367492,0.09306657844910089,0.11296130983413988,0.13459208780386156,0.09862752782950025,0.1047552256073571,0.1787891171891595,0.09004519661919434
0.15774772053372263,0.13847404636997332,0.13020054603172132,0.08327878381826082,0.09706138852580304,0.11783433605122717,0.10837846507879005,0.08802814183192126,0.0789965717585804
0.12144013816364056,0.12484958607237219,0.10861989310631533,0.06940264174705497,0.11814087496231708,0.12110605997376638,0.14013729503484826,0.06458154978060128,0.13172196115908386
0.13600059679878218,0.1246903864011939,0.11262597648207366,0.035377711526808686,0.17022835024846064,0.12840664776334149,0.10566854266327226,0.10331013497687008,0.08369165313919703
0.10426914336149329,0.11040566196301638,0.13521698335952315,0.062444543654842054,0.1081518408028223,0.12186378298317029,0.11335064961005432,0.13211359471254025,0.11218379955253799
0.14851266339349278,0.11328637037689089,0.09383301433972342,0.08113991577602826,0.13746533499022834,0.1136594628904893,0.15374604362199332,0.07942123787371543,0.07893595673743835
0.12224301652460678,0.10912657135358943,0.0907767143534563,0.11642400370773813,0.13451920029906772,0.1137594884830811,0.0991552654233968,0.12269916479897613,0.09129657505608768
0.10196159624830738,0.11416533700041848,0.11010355170593544,0.14992116272909367,0.12378474671568807,0.12892560861295463,0.07900612381614429,0.0773853725897114,0.11474650058174667
0.13134487107967482,0.12620443046472332,0.10328260320179865,0.07753236982400279,0.13214095444685584,0.13078384606073043,0.08650498254707602,0.09542540153519925,0.11678054083993888
0.12186448449460989,0.12973933575574198,0.11317870970178727,0.07641206804765957,0.14471864223229416,0.12485636230558306,0.08696214430797881,0.08494973357476125,0.11731851957958396
0.1434566224705083,0.12143609491555457,0.10439941514226225,0.03596850540419356,0.08175368998756238,0.10951467015994909,0.21810976920841596,0.08003520428235805,0.10532602842919585
0.11594625414017203,0.09823093822201205,0.09420488278498841,0.2072957140445865,0.10317309507709467,0.09300193952022769,0.11467249390362116,0.10406766846588372,0.06940701384141384
0.10867054882815307,0.09649621014426828,0.0869107850401196,0.12411144079461629,0.10584390086637246,0.08592810642174838,0.16750992731691827,0.10708248530096243,0.11744659528684115
0.12263134178114961,0.12454875223392363,0.12423862741374198,0.050248893889387525,0.13448806900265625,0.13312500418894122,0.12213910291930881,0.07051125854956315,0.11806895002132788
0.12903983315932663,0.13661590919978758,0.08838685428233516,0.1560332063295543,0.13367570541929755,0.10580785400969504,0.0985658204114982,0.03222798558817794,0.11964683160032756
0.11708296134388356,0.10562717491972858,0.09823805792702288,0.08717474425161709,0.14693330255744677,0.10559216097381613,0.09970176539426813,0.1464569114415113,0.09319292119070559
0.11193924570086977,0.11753101886162494,0.12034030454554893,0.07113602619757717,0.14705697928891773,0.1219544451538153,0.110996880032434,0.09011965621638056,0.10892544400283162
0.09866659065633865,0.10172764446441877,0.13023539318504937,0.07452429791633859,0.15256511456433264,0.09846547212438507,0.0957590698659475,0.06043720326612342,0.18761921395706607
0.14261352549481235,0.1121624961217008,0.11539913556608695,0.032151898553514115,0.12078941027882166,0.11745560996021163,0.1501038813278389,0.0751543376911628,0.13416970500585082
0.10975273567687553,0.11010655541397178,0.0905472233539239,0.1287304031201374,0.08013714556451372,0.1436380121076988,0.1487762331101248,0.10338625356590665,0.0849254380868474
0.08874763795820516,0.1184213317128739,0.12780072460730899,0.15488014833373567,0.11760824577487448,0.11718997319729378,0.08036298335223119,0.08316010992078243,0.11182884514269444
0.09221270399344235,0.10703877175291039,0.100671215576289,0.16617339826537522,0.10333814663767699,0.08943788212652248,0.09223292747151067,0.143829280243289,0.10506567393298392
0.14257654528813035,0.10932971821010969,0.12919410502911663,0.03795708984069477,0.12144086860869631,0.1316074106253309,0.09522414582575318,0.04788504131908202,0.18478507525308618
0.08834546386389175,0.10378993664622933,0.10186704140963733,0.23628966749050853,0.08886058996272565,0.10515759357773898,0.1000221730995648,0.06974027072489498,0.1059272632248086
0.09654411037427764,0.11815002271501056,0.09912865335744465,0.151697276841766,0.11494804101948534,0.09807453568588138,0.0932563946436824,0.13950628288551845,0.08869468247693353
0.09843249471437099,0.0878286643221907,0.1002704324796912,0.19642868019148,0.11224148871173802,0.06834972125201383,0.10699246893339875,0.12148812992928348,0.10796791946583306
0.0865563692999704,0.09355738023658677,0.11029019589052202,0.0739352091568826,0.13467238408067164,0.11707986684982626,0.11852586326985322,0.15986554062022995,0.10551719059545712
0.12447148612932475,0.11620730398658108,0.12118258160356461,0.08283945987770337,0.1545115517060878,0.11057801870839483,0.06796495015159884,0.10347747889788157,0.11876716893886308
0.10099698409318553,0.1077227745716911,0.11372391431052893,0.09282021872086947,0.12748218453324758,0.1216671805818406,0.0968823816048368,0.13611926371030222,0.10258509787349779
0.10531156880023396,0.11119449550705902,0.10492160276589126,0.07695438873491027,0.1276272175841173,0.0979915761079333,0.14443030022294664,0.06884503467133612,0.16272381560557214
0.11408249417540839,0.12459924771533608,0.14423532768677147,0.10391176418907495,0.12214638030786425,0.1309404883689295,0.060717642290427316,0.11806196795749319,0.08130468730869489
0.13255562762869802,0.09221889071591531,0.0855306879785468,0.10510013651786786,0.10867173470289115,0.09990297716244494,0.14848307871969083,0.07842555129478777,0.14911131527915736
0.14984457572065904,0.11615049571348895,0.11205911277888603,0.0331339534626691,0.151864310166375,0.11003245236254533,0.15181321354143218,0.05848189277667565,0.11661999347726874
0.09702280352105785,0.10894864879513005,0.13547769136019872,0.10572220912545023,0.1219804465028701,0.11802398567673726,0.09620887998382259,0.08990611373810468,0.12670922129662854
0.09328602396851667,0.10682306401655668,0.10044746963507652,0.18304479141815136,0.08648719508960723,0.1014273084958937,0.09847617354747312,0.11582818378701894,0.1141797900417058
0.08405049348197828,0.08727705470082286,0.09784038278564404,0.13777915907296334,0.1123685041106109,0.08488420706123682,0.12193292124498745,0.179142190880588,0.09472508666116836
0.08992864178792694,0.06562299956581245,0.08482022288425804,0.05248528180415049,0.08161983235211892,0.09735504615166941,0.10269500434729183,0.3642011405032463,0.06127183060352568
0.08560303674716115,0.10207666503045563,0.09525712163823656,0.1633916252958664,0.09032732425943557,0.11051875061962785,0.1270100036732773,0.09169329808035893,0.1341221746555806
0.0956262989519212,0.09096252852906839,0.10195849639365079,0.10631606868324976,0.12313468834262575,0.1087148281409998,0.1409419100680897,0.13065505944039876,0.10169012144999595
0.11278952804652366,0.11901958397866623,0.11317071448454684,0.12769067096184925,0.14362668097059597,0.10576807720403712,0.09824585154104565,0.05565187791660161,0.12403701489613367
0.12667264138373557,0.10813105728738616,0.10574846299310843,0.0654710926588951,0.11837586869005605,0.10231888593084175,0.13623961161545559,0.14919733809911265,0.08784504134140865
0.127377363315153,0.10141514350565135,0.11056088907004452,0.1366935716466607,0.12188376396554389,0.08626510862688191,0.07961533132327996,0.16442518668085213,0.07176364186593259
0.09628434422651538,0.11587503364767589,0.09966572060763912,0.1491135130672998,0.11386682205246133,0.09355576775209944,0.1106837161899517,0.12230142224883915,0.09865366020751827
0.09463821155019747,0.08559025981076958,0.0895471565388939,0.11080152137124381,0.09256836529072093,0.06788747471304878,0.13335411589158705,0.21514563099822379,0.11046726383531463
0.10375687734442542,0.10466746302692959,0.10167095299497114,0.05551497436054271,0.1109354054875668,0.12354473847466567,0.1260457581411834,0.13415422069258545,0.13970960947712982
0.09898118915385982,0.1063856610846425,0.113729472968145,0.03218934752606991,0.13608397498380212,0.11019700489306543,0.12814357707246649,0.11367235106766171,0.160617421250287
0.08359638551901231,0.10143872387283291,0.08993995256378402,0.11762059452952452,0.0898213505316778,0.10550452316426401,0.1855261650894605,0.06672566366558004,0.15982664106386388
0.10570093821600729,0.10788971235411693,0.12306955792887142,0.09339578609733463,0.09870224505928234,0.11567363004383757,0.14529192481963954,0.0833884049729926,0.12688780050791768
0.10740810095861002,0.11559035341511642,0.10958575042490172,0.06326840294870147,0.15152112658624717,0.11630584455764843,0.09523539078017258,0.10205061624257149,0.13903441408603062
0.11101189368624938,0.12275200496950356,0.1137874408003466,0.07223617392892535,0.1394089431397769,0.11543772238624567,0.06594431945458386,0.1722170059260376,0.08720449570833111
0.11243391082350647,0.12892837997612958,0.0973354340974772,0.034782144884327064,0.12251963503555625,0.1279271337572346,0.11119390599034185,0.12211650461865013,0.14276295081677687
0.14086183854122838,0.12139357173883362,0.13844511692675235,0.06371580175218655,0.09208799079297914,0.1318657629272633,0.0751030953415454,0.13806926781336817,0.09845755416584308
0.10033612067794155,0.1163490881570951,0.10564440467732955,0.11686360041754829,0.08605498775068686,0.11200547435399193,0.17068155314894828,0.10661051237476483,0.08545425844169359
0.10822411153778193,0.11464399526551346,0.1109599689970255,0.12424824542429025,0.13871194210181034,0.11471671542855462,0.11300179710265572,0.05080294343009442,0.12469028071227373
0.108755393298079,0.12200616638321697,0.08416363075651134,0.08000942689204318,0.12250225248236339,0.11251663086538011,0.13100792881114823,0.1043505734389395,0.13468799707231835
0.10719467103380652,0.1413957545491045,0.08778521833071434,0.0939213823339512,0.11053009642383758,0.11475556981835643,0.07917920130617757,0.1950135461235559,0.07022456008049595
0.1131782629028673,0.11363684558226946,0.08771308672818116,0.1487292369046963,0.12211995487069878,0.09697171643907476,0.14909873416521421,0.07844816978660005,0.09010399262039802
0.12934906765189613,0.12256249881450039,0.13537916341429582,0.05507034912722506,0.1253843507298719,0.11765125117160254,0.07544199339309572,0.08536012345484872,0.1538012022426637
0.11646271024635806,0.11000227272436408,0.11816890914586296,0.03797197868439059,0.1144127865969321,0.11929478126574782,0.11827496453829457,0.10603765134768899,0.1593739454503608
0.10290175099827814,0.09658351299084927,0.11983080211787826,0.12135767102128509,0.12165224712054144,0.13120501818132027,0.11814794846740533,0.09077776663613009,0.09754328246631215
0.11838866141081865,0.10334746930050222,0.11885001960927828,0.21170852070591537,0.11361329350101473,0.08667304368482594,0.08929866132035197,0.06040925137642115,0.09771107909087162
0.1208549791259988,0.10389268389202555,0.13735405274476986,0.07853663215321353,0.0817664182540984,0.10715551643352911,0.13066729108098327,0.08995326706677709,0.14981915924860442
0.09804951476473626,0.12400196217157085,0.10055110874855822,0.05713162407929286,0.11655580024749541,0.11154691845256633,0.0873663139068721,0.2150243985656363,0.08977235906327156
0.09630223879766157,0.10752584559429823,0.10539832138892329,0.09895504166208974,0.14658678072165213,0.12057447228647983,0.12235578951639219,0.11734558420682843,0.08495592582567464
0.1129720293608066,0.11111829064052753,0.08552295461337041,0.12445970001722202,0.07090833703963226,0.09518052811910271,0.2293101878549634,0.09168928193044089,0.07883869042393424
0.11733697031040419,0.11799801050883159,0.09450838996250588,0.06403663313354348,0.11509586402036269,0.11316642645269644,0.19396122338548363,0.03886103256490802,0.14503544966126403
0.11464702328926935,0.11868451642328104,0.13218362446965284,0.06466073208517792,0.08283913886385309,0.1157948839970449,0.10918594275110576,0.11485354437901331,0.14715059374160178
0.08807752199188523,0.10376875816175786,0.12368950070901057,0.1622008200677984,0.15059270932049718,0.0920915442439646,0.054916014137916865,0.06587652581331184,0.1587866055538575
0.11311121038634551,0.11135227260534757,0.10148369828202665,0.09293582939941547,0.12337823404018007,0.09956453393566066,0.20469308517201257,0.03801915736549881,0.11546197881351282
0.11782887147479593,0.11419311800517667,0.08346504942694614,0.054640331173895405,0.09598134330911741,0.11970000819463822,0.23035206750185755,0.057829149209879506,0.12601006170369308
0.10902196660772785,0.11728096836142621,0.10844488955228711,0.23760470485465324,0.08377975488975355,0.12011731060993809,0.09539096590279993,0.05077674248031006,0.07758269674110385
0.12937121893094664,0.13061034514002512,0.1150897891525726,0.04846679491721841,0.12312086299893481,0.13588773813901808,0.12645806020935726,0.036236571811537444,0.15475861870038965
0.09344310707668037,0.10765482554124754,0.12076665511806045,0.14408761726276254,0.08851117700290628,0.11948999929645149,0.10187000646388485,0.10668142075857938,0.11749519147942711
0.15877387663888384,0.1255951090734848,0.1140856557173166,0.06445453840101031,0.12718285642414087,0.12650721533521694,0.07433092388710669,0.10642404181253252,0.10264578271030737
0.11660189280443019,0.13466777811924993,0.13712946801236026,0.12314917740017672,0.10305445965331983,0.09798919697131654,0.12251905286350788,0.033371058113117205,0.13151791606252147
0.11174637819116334,0.11087552856364309,0.1001079018081964,0.04447315268556048,0.10246250703286973,0.1122950745818808,0.16000467603531257,0.12749087179350874,0.13054390930786483
0.16422231356384748,0.13594337486130226,0.12087563156901869,0.0556616957556973,0.1438632385380549,0.14285017995596208,0.07258809677009517,0.07329437171029497,0.09070109727572716
0.127148485600573,0.13317033451248347,0.1084257942983466,0.04877829030412201,0.10175531617574919,0.10907478992236058,0.18819965451437182,0.09906830115435038,0.0843790335176429
0.10447506938012008,0.09608131520672637,0.1235855225791714,0.14862285631002473,0.13032463661559887,0.10386925284677152,0.08532893495023397,0.05559515557214587,0.15211725653920713
0.12958291591371648,0.12825873227815202,0.1110916943667043,0.07387744174689038,0.11183497588994762,0.11638891136296818,0.11559451270902811,0.08207353967321575,0.1312972760593772
0.11184614955355902,0.08795024371312699,0.09007218819053565,0.1411143221275725,0.08761814819020018,0.11358146261440537,0.15822611190437832,0.0908253940799298,0.11876597962629205
0.11333796170918696,0.11383043453776269,0.12853747010574815,0.07001986745494743,0.09970135498148273,0.10007873987643341,0.12708982885600675,0.15600795500648296,0.09139638747194907
0.11542955464431903,0.09056425770186453,0.09986828918212542,0.2040725548340854,0.11238586512106137,0.07628669240864161,0.14635748158584042,0.08018884219364837,0.0748464623284138
0.10782443816206864,0.11796070646625312,0.09268876644451866,0.046770569090650936,0.12576414440768277,0.10166647240972256,0.13302239381486983,0.07759094740278866,0.19671156180144478
0.14069061581522202,0.10946981389245086,0.09435355549565948,0.06901372076097469,0.12910897984650502,0.0974861377310941,0.16635321402616812,0.040313944372314614,0.1532100180596112
0.12148744236140335,0.12080278946473427,0.1136486816481098,0.07100362730779862,0.08482642063803066,0.12326749078709447,0.17182711388466043,0.050214347124020925,0.14292208678414745
0.1236728524081608,0.10420604290071184,0.10541499456761823,0.07972228718852317,0.09750848599342354,0.10166284703761402,0.19053870614866783,0.06713948685338152,0.1301342969018991
