0.11072189988676866,0.11589772507743233,0.11713462059665113,0.04069866652891358,0.11424781024461937,0.12345537086262477,0.031025663888954207,0.15880199001698478,0.18801625289705115
0.17211747589413565,0.0919822528799585,0.1163502070451692,0.20568630439796362,0.12568224576146633,0.1131358242870691,0.030327364051962277,0.073813385465895,0.07090494021638029
0.11350283058569353,0.1083812737892802,0.11918380270802413,0.12096141519680244,0.08447082791447967,0.22724694902910972,0.039401543522977894,0.13095826522748966,0.055893092026142725
0.05978029786045938,0.11674318566207786,0.06564554942405788,0.011542266374530515,0.05615027857462241,0.05557859461073841,0.06257040451431434,0.08610926697034198,0.4858801560088572
0.12868528762382,0.09492449781787998,0.12022378234440671,0.1165940832808088,0.12859288195615384,0.15641597749579453,0.054654453832306084,0.07668804045746473,0.12322099519136535
0.1308314039625196,0.12271138980130554,0.10299296890240285,0.06102302913611125,0.10492516068110354,0.06834795600573929,0.16823281196157805,0.1104613551055774,0.13047392444366238
0.1616936632883543,0.10370459680554835,0.12289317223848593,0.06524543921535475,0.12885481967199242,0.20317769640472808,0.049532294410661225,0.08741549841572839,0.07748281954914654
0.08763852544768118,0.08393170128938944,0.0981390355594618,0.04207780216566104,0.10001599697775675,0.0992876388075191,0.027513313332258083,0.0628313259854946,0.39856466043477806
0.10473237892823443,0.11297957684530409,0.11139897850426239,0.06126251311265133,0.09051235078973585,0.15927836880908772,0.20046593543413263,0.09067369379027683,0.06869620378631469
0.054141916953015214,0.10143438850346065,0.11509048505496995,0.04188701374483093,0.102850955602106,0.09168476825393153,0.301432482295471,0.14093121799038363,0.05054677160183105
0.11957662227360404,0.11680773777032764,0.11455471876533718,0.13138128962939982,0.12316082671182998,0.1099868899311814,0.08987515028286368,0.13454619092735634,0.06011057370809991
0.11222909877460435,0.11553819826680571,0.13451080799015544,0.12127880494116983,0.14850975738070263,0.1023481592327895,0.042117847796378206,0.1453733750571593,0.07809395056023503
0.0968098750603763,0.1148030874688447,0.11249918126836887,0.1315638966308741,0.11095665279729305,0.10211775114612116,0.04675883336323186,0.14554934104943093,0.13894138121545915
0.11525562038258232,0.11200723078219159,0.13509936637603878,0.043726866988884755,0.12637842267572383,0.14117605774287428,0.07329718260314859,0.11976356786347886,0.13329568458507707
0.13962894109404883,0.11626273607618569,0.12036927545919858,0.13062632800608343,0.1405965984233031,0.08878451161289187,0.04595207484254175,0.09768381272603605,0.12009572175971071
0.152955840554839,0.10249202220435516,0.12503645512274478,0.14535037609590787,0.1211000610591299,0.1709530779007367,0.038919056549449736,0.09524889925804564,0.04794421125479115
0.09163024260191549,0.11228675038570039,0.11060864471839554,0.058065266488958024,0.10554688114265191,0.3221949674219429,0.03832166127220769,0.08919970623856738,0.07214587972966076
0.08164428688717819,0.08878655269574791,0.11376596230930913,0.23785204149449068,0.12949075000680252,0.1533715107765679,0.04992622077705027,0.08553391565239538,0.05962875940045794
0.09762042883316939,0.07439348041145155,0.09591574059647744,0.06598155250492373,0.0953921983684735,0.07270504603281706,0.33844198837710504,0.07113517843384747,0.08841438644173483
0.12776612193797166,0.0753712482528886,0.09093200350341141,0.055089289226411375,0.06895002221851694,0.05877461282592217,0.3980285414498608,0.09494026845689836,0.03014789212811869
0.14277452497118948,0.10787029204440778,0.1337802647849232,0.1322122846262433,0.13227003741543272,0.08685387072308905,0.06440170550156181,0.1385883377301938,0.06124868220295895
0.07092658052684538,0.10392833183853119,0.10314281980919586,0.07697885825946567,0.10527744273268254,0.08008642022117873,0.04801663509563394,0.061049448040465915,0.3505934634760008
0.14125564202845,0.10569171725774995,0.1381459057655148,0.13964516938614893,0.13688468374124477,0.09132617980172064,0.04932404651718708,0.11303551398923346,0.0846911415127503
0.13009757735220875,0.10474009432631526,0.12455697226204372,0.07152486563836111,0.1462897421416458,0.16952325317580366,0.09903148092373032,0.10784085564740505,0.04639515853248632
0.08700586004697432,0.11432452608908379,0.1325936573045917,0.07562317395820611,0.15507159785470667,0.1891804793046977,0.06230736874122975,0.1676238187118653,0.016269517988644656
0.11605573627522785,0.1474597388396818,0.12560831272226536,0.11906366445269088,0.14985615505516467,0.089322820491808,0.05672586458099488,0.1312450356334574,0.06466267194870917
0.1570567834166924,0.13091293711423177,0.10657760164817114,0.08293529413324256,0.11165256403875945,0.09014180590363514,0.19092923755174065,0.0810860026106937,0.04870777358283326
0.11580335546827882,0.08750475809178555,0.07297871889741486,0.1845950658570017,0.0666029166873267,0.043019252084805136,0.3032880279609759,0.06097706470579933,0.06523084024661198
0.14783919266685253,0.14458670445843805,0.11591543492312666,0.09723972929827229,0.11753021411082733,0.10514451682256852,0.07197283243290503,0.09602616975127813,0.10374520553573148
0.09027656472576646,0.10080815347090337,0.11917518998157793,0.06368556138629905,0.13202894229261217,0.2178552884364917,0.03700180705626669,0.08830215219469885,0.15086634045538372
0.13010701236919067,0.10745763345348151,0.13114307933863595,0.09867319548832837,0.09955086023510527,0.19500769234235302,0.03622891688726082,0.11537727855771474,0.08645433132792962
0.09727092368036505,0.15455543258477591,0.11096798849925955,0.06971632930073014,0.13296855563647078,0.08419028706963243,0.04023309754996008,0.13582003191764655,0.17427735376115952
0.09022505663542572,0.11420526990948447,0.11350920625274867,0.07053366794370124,0.12497923005664884,0.16222841738331173,0.04805599708256367,0.14862636576738944,0.12763678896872624
0.09605974046782616,0.1269396385014239,0.10599713782164988,0.059087589192427285,0.10166289664605638,0.19937232783278092,0.15373155622515797,0.11652703612546812,0.040622077187209414
0.1251571764017013,0.10081818474857916,0.10144574249431514,0.04043703585048588,0.09716798873990747,0.11531368250240477,0.28198528234622816,0.10265972872261325,0.03501517819376493
0.13886548124454687,0.08457798878991397,0.09019972505972157,0.053676024485308275,0.07673039982646014,0.08426653412521111,0.3515227519396902,0.07994429497138221,0.04021679955776573
0.09948174922962656,0.12057097528467249,0.0861764956744796,0.07696248828650921,0.09355832359629494,0.05971679661108764,0.03443985727286917,0.05733611765092093,0.3717571963935395
0.0853083024390388,0.11690492117505819,0.0977079593519693,0.08891193710247224,0.09675114549902192,0.0784810209864838,0.03518035623846974,0.05460610721360886,0.3461482499938771
0.19338352108939658,0.1324521054135179,0.10730899344033236,0.09647000961982,0.15156441780158444,0.08551989384929516,0.031719697078151476,0.08272836516500671,0.11885299654289534
0.1677562202866898,0.10385531736120353,0.12272104433768559,0.036763597482069844,0.12935372309446433,0.12826840963831906,0.0808481914742729,0.1225908642833929,0.10784263204190203
0.07262767949664263,0.11767289432687751,0.11906808666323966,0.11396805626944963,0.12396734689720633,0.09540036758293531,0.0541038343598492,0.08807282448611346,0.2151189099176862
0.06350456488720217,0.11336508167431886,0.1095776690397215,0.0868618707894231,0.10435110879526173,0.06508199684121398,0.055778150687936616,0.05716871776429708,0.3443108395206249
0.06587984677903642,0.11753481238757613,0.14774780510009963,0.08378917175145428,0.14641512855481287,0.12600709718727413,0.061620513537827375,0.15627142291912918,0.09473420178279002
0.06284950451601787,0.10581504194042074,0.09675618892674104,0.107893572996831,0.0860973286220263,0.06279156295059914,0.04289727694037295,0.06332097948426633,0.37157854362272463
0.08032381712224383,0.13933371353220134,0.11933328982337837,0.07823359897498067,0.13726859354620763,0.1418044785597765,0.0472664305044222,0.08165696688733859,0.17477911104945085
0.11070251443223955,0.11005620936349643,0.12010742522267435,0.14033579941874894,0.13223387091554895,0.08392922758992076,0.03538975881783299,0.0847032658842462,0.1825419283552918
0.06918495478134833,0.11710009665732167,0.10168134989524331,0.030305656182274456,0.08944553795563175,0.11407418590669978,0.2138009193763287,0.24190932885028316,0.022497970394868855
0.09920345770453058,0.11077974313283061,0.11695224743445735,0.0914955147512785,0.11114503354999387,0.23892877629097928,0.030211344123766876,0.08851644560718586,0.11276743740497712
0.08277793320710963,0.08417241323396062,0.09756471489990176,0.087821521541257,0.08777937927099906,0.13260905916303625,0.3321000714304993,0.07491922818810869,0.02025567906512767
0.15366397492132455,0.10439442054382375,0.11125725667416077,0.20459307115706582,0.11444531998622738,0.1123553050670029,0.050808683416097455,0.08065269487127368,0.06782927336302362
0.1568112041804172,0.10961588622287788,0.12076273179685788,0.1669451012527682,0.12193485742346172,0.08882877977588988,0.06791904139155912,0.12189812936490081,0.0452842685912673
0.09208971954113455,0.12469710862031345,0.11581461611250893,0.1790981203920793,0.13053389944055374,0.065814901107016,0.048418248601884144,0.12074251010510435,0.12279087607940553
0.08145363492115221,0.13702319944096855,0.11448619260942923,0.13115248763660992,0.14045738975536956,0.14924692482423416,0.0798678741074707,0.1281276578850643,0.03818463881970136
0.16231851138049805,0.09133976098862258,0.1409242487634532,0.07558026484483793,0.13794728621197883,0.1424691381607452,0.11320543103221627,0.09420697330606241,0.04200838531158551
0.11866179908704283,0.10689654022826756,0.11104315285230311,0.19031207037639283,0.1032742431079876,0.12709425855886788,0.05663505324159457,0.11610719739590165,0.06997568515164197
0.15683396161656832,0.10882477993746949,0.11822090791339912,0.1231822090922942,0.13648749287686876,0.06793586104516763,0.06488602049629509,0.12822627655439556,0.09540249046754178
0.2108945398944777,0.1260950782002148,0.10261543217244336,0.10185326839880365,0.09598145119458096,0.13771980723987923,0.09996866149886546,0.08913155001253319,0.035740211388201625
0.1819033938542786,0.12014517842321205,0.1186822732348017,0.06495491900640525,0.1611479328093108,0.13447457171431074,0.07941128465727408,0.08475494581757263,0.054525500482834166
0.11485710580857567,0.11486108810229173,0.11493137128494764,0.07334507694106623,0.09727790491607846,0.1859837156979389,0.047033026521721255,0.18809842011221678,0.06361229061516342
0.08916770819443731,0.1127504912790851,0.12246043115960083,0.05644252030728362,0.11093912957571517,0.17233259718693472,0.06391873156770606,0.12503118250233794,0.14695720822689926
0.07644423748853146,0.11320603346793306,0.12781864882764743,0.10104291406260513,0.1096847497794201,0.09137218999650565,0.05862853409591898,0.08353869248689898,0.23826399979453927
0.13183574821354552,0.12262552827388473,0.11528272235396825,0.031784997219390224,0.14036792590066227,0.0937953757245487,0.09790277173055646,0.13289204865222262,0.13351288193122118
0.1310737291885374,0.09653827775906541,0.12167077590952154,0.2378165443496801,0.129366213996907,0.07300879578564014,0.03968684930992833,0.12108570071876057,0.04975311298195955
0.08186963409739188,0.10664430342992227,0.1387904703577588,0.07330052861240963,0.17271695601238002,0.16175794589291148,0.05191090022383407,0.1034791347139145,0.10953012665947735
0.10180881600935998,0.14331795746615897,0.11515609225208889,0.1228459961743692,0.1394618651723121,0.08077435428742112,0.10073520542837451,0.12732678304652154,0.06857293016339372
0.05414299765433844,0.11358893479499206,0.12527844522280207,0.07650434218026575,0.11913748616294377,0.08323206601072852,0.06395913406658787,0.10541891652672185,0.25873767738061965
0.14884171401779286,0.13431188445570777,0.12392595143475788,0.1248707585668749,0.13354247084432455,0.08765496271384828,0.06055126965426147,0.10132157394706383,0.0849794143653685
0.12041644471098716,0.11637128645077129,0.12331956442540253,0.06499436347356624,0.16324524227201684,0.12313535860533326,0.05412196004778438,0.16791240755560946,0.0664833724585288
0.17597370477652396,0.119717991481418,0.10211844200526012,0.16173344163437955,0.08665244332003925,0.08703796796204212,0.10427837322547691,0.08599682828593765,0.07649080730892242
0.20494469225211254,0.10103829897628319,0.12133184776920658,0.10103383193562314,0.11103966038012436,0.13418668206075496,0.0672034935687323,0.10528725639841714,0.05393423665874578
0.13516790267543513,0.11656951915332385,0.13851614353104,0.08765551484130239,0.1554977004384944,0.09991571445485291,0.0592025259932649,0.11418992718121838,0.09328505173106798
0.2218603313040111,0.12340687629207818,0.11168364270219404,0.050782685382096404,0.1007128853168489,0.12938132339057629,0.05658282827136039,0.13271456254249733,0.07287486479833735
0.1722603851260012,0.13303591305589235,0.12039175044474028,0.047777046055353184,0.1479187818077441,0.10994375613421581,0.060486060274028496,0.10358563994698593,0.10460066715503864
0.09017415695296092,0.09776277350313471,0.11641767015684824,0.03745490887247984,0.11876418552025307,0.12043770056523413,0.1659942088809645,0.17766471743935816,0.07532967810876644
0.09440325328101418,0.09988375572586672,0.11388114197491238,0.29121777666429055,0.11313192139555178,0.060977551773340445,0.04261717971269328,0.10060817224733087,0.08327924722499966
0.1222957442724291,0.1364804027966348,0.1167178065616435,0.12437359167237665,0.1536181169971608,0.11463754157257133,0.03762523920013513,0.13738761395156707,0.056863942975481564
0.10604889313198683,0.10819894701413119,0.09683472261503595,0.2614438761453675,0.06189093788132329,0.05704982689666573,0.11607380405576229,0.1332154033509044,0.059243588908822885
0.08902643848659832,0.12003747422023907,0.146791687932556,0.04822973775365033,0.13988501340771445,0.12487660272038724,0.0585667323121534,0.17622550692595504,0.09636080624074611
0.06904195769626072,0.10696979026937632,0.1266591470534287,0.2613996641775686,0.10987606103710172,0.13176941867758943,0.0368638979988295,0.11207763019479944,0.04534243289504563
0.0819609017547722,0.10085253500373796,0.13581025631306495,0.059523646369220314,0.14538407050103627,0.11767460265217748,0.06433641566600111,0.12107835992246796,0.1733792118175218
0.13470623425975542,0.11195574612168653,0.1212029786953529,0.1380417617093374,0.11929099596879622,0.06914465655485419,0.0750024438142375,0.10590295291288436,0.1247522299630955
0.11733417094065979,0.1023027099229179,0.11112769863380857,0.05456816043484051,0.08986944338546392,0.09375432309709346,0.30862167621764663,0.08767896058142828,0.03474285678614075
0.15764903308445377,0.13165835187257094,0.10431924835589122,0.205485506315768,0.13071242391133653,0.08568939961000673,0.027629477873382297,0.09830047970047788,0.058556079276112734
0.1102189399882796,0.12293388364783508,0.12728095864065525,0.06888687257511729,0.11893962327579229,0.11024427261533583,0.061120834289137414,0.09907139026959932,0.1813032246982479
0.1489295798795671,0.1227506645126931,0.1213202951689074,0.124534831095072,0.1352428256516746,0.0837670054546355,0.07297517384071513,0.12353033484961351,0.06694928954712168
0.13344154869397795,0.13245327739702442,0.10055304901935802,0.1450956481047749,0.11029562392743926,0.06388200885322759,0.05706869889594295,0.1157788354706727,0.14143130963758224
0.07561390797395258,0.12379003915375576,0.11858920374093933,0.1540563924957822,0.10916792429331466,0.10486209562028999,0.05413120445307232,0.1706740887878071,0.089115143481086
0.08687880538460817,0.0952326246732491,0.09196951202252272,0.13819134551659237,0.08551564814680919,0.09024793009416525,0.29433955138911866,0.1005162119500141,0.017108370822920577
0.11773924305566941,0.11351189576311148,0.1157558480122175,0.13093519857184524,0.13660444696888863,0.18431755395077473,0.08804236627926665,0.07652065751371008,0.03657278988451626
0.11185053840657123,0.10102053704500356,0.12125741027061367,0.23395715675294326,0.12296477330953896,0.07259396125207336,0.03855785523609905,0.11037143770706687,0.08742633002009002
0.08215410379928671,0.08653259955486435,0.09238978406046901,0.030249467216510756,0.07790984032772356,0.10286098674985573,0.3898029996592997,0.11390711703762907,0.024193101594361027
0.070845640698413,0.11746779359573105,0.09519012621363081,0.05518411310731757,0.11438937598128267,0.13845568529604071,0.1307368720519827,0.15673336104616362,0.12099703200943794
0.11261945725306194,0.13325472224113608,0.12235991732082707,0.09799337007840907,0.12460278529099533,0.08045404029619248,0.05282970782069738,0.11539135590119853,0.16049464379748216
0.09970956385488468,0.10525189078215651,0.11432925879744722,0.19370992512988558,0.11204905489820495,0.14751126248604887,0.08327510688876988,0.1082440980684891,0.03591983909411322
0.14582982035942027,0.12374810307406658,0.10854923935235201,0.1603224108121254,0.10728018888779457,0.14113738666391076,0.03677698433250597,0.10311344958751793,0.07324241693030652
0.12192348631455496,0.1148779071456635,0.11987989993446659,0.04199772392592715,0.09991787688408404,0.257395316915839,0.03242836153054841,0.102810805949051,0.10876862139986532
0.08478738501385318,0.11347205590266375,0.12863329489550712,0.15828612898579178,0.14466163307151722,0.11074122156767452,0.06457861646349453,0.11577156096674997,0.079068103132748
0.1594626863275601,0.13322509696755236,0.11680459652764312,0.09580255751441319,0.10473096169006173,0.12361103722426625,0.05568668271943019,0.07437197537222097,0.136304405656852
0.1079170818810077,0.11149351880601548,0.09627635965365389,0.13128487948095183,0.08074805797562357,0.14951830028608415,0.050573760214648524,0.07197735078106902,0.20021069092094587
0.1292616836375019,0.10354487391826461,0.11408096994833929,0.06417394263700661,0.10250040513017646,0.07876835462923422,0.07004998546558587,0.09252547823382311,0.24509430640006794
0.1026883971234654,0.11414229635499144,0.12219044042386955,0.08566805786517813,0.09796828674679708,0.20672358156799395,0.0765099144804923,0.13077830199118953,0.06333072344602268
0.09245870216640369,0.10898450673129499,0.10730238651270474,0.12135427903974465,0.09822372739825051,0.1620504041945007,0.05048833069403714,0.143843051096233,0.11529461216683061
0.08006411551123645,0.1293196978880695,0.11091749608756597,0.12130963073783463,0.11182335178409923,0.06713112899482405,0.05460846438337816,0.07432191286758745,0.25050420174540466
0.19239761467120162,0.11783047649154949,0.12066529225754057,0.09172769530912166,0.13072159754826054,0.09213345967802572,0.059419577782888866,0.10647564542125713,0.08862864084015447
0.14697333612221455,0.10305684622112225,0.08515288014896798,0.05846001974802465,0.0886312008094771,0.046178455984603406,0.02590866430456279,0.11698383034377313,0.32865476631725415
0.21818651247758392,0.08736413645260054,0.12775142241350998,0.04929324030854604,0.12026797250289012,0.15959018740808356,0.06069489651343781,0.07303282938251238,0.10381880254083559
0.09828878602986597,0.13708765032965298,0.0968596046064265,0.048917683418256884,0.0948085407988692,0.16891715225579126,0.16646281464491328,0.12090853754080688,0.06774923037541704
0.15981106104695306,0.10454424551822404,0.10628441543180717,0.1249533916913449,0.099191359391671,0.16630579583650848,0.04979428725275567,0.12118177355861522,0.0679336702721205
0.14107127417572699,0.07449854142908134,0.09727710513292954,0.03398723185651681,0.07264052857098567,0.07312901476449814,0.3667039382672555,0.08321408110748424,0.05747828469552177
0.1189077933947541,0.12291010182227247,0.11760264804829196,0.08743166139518195,0.13702416411685261,0.08433452301125877,0.04773704499212392,0.1528892470910338,0.13116281612823047
0.1450746126289351,0.12908854651351429,0.11862696994479782,0.07954256287551553,0.09737240858131803,0.0867486672387946,0.041136962422647055,0.09286295035208215,0.2095463194423954
0.13556139985976315,0.11779610238234095,0.12744973231457993,0.04781112398691895,0.11512903230695853,0.14425014714632606,0.12929131583841771,0.13122952635686203,0.05148161980783264
0.13784308578010193,0.1287649641770451,0.13013266397915804,0.11678051275673267,0.13383066951346867,0.11580182999215953,0.049780754456554055,0.15127626294212201,0.03578925640265797
0.16546311497932922,0.11138959557188387,0.10834566702047314,0.13962410848174556,0.09952666981922743,0.06457675400982434,0.1604916463153071,0.11033489415696258,0.040247549645246884
0.21257574832314222,0.1098603884676625,0.12321938757974311,0.04299748148026825,0.16393704276145776,0.13145302095468314,0.028824303166442994,0.08280531294898975,0.10432731431761029
0.22927660000298936,0.15177530942572284,0.11097873887165548,0.055804318522232,0.09695674164233457,0.08325924875709091,0.10242739430605359,0.11604210885770638,0.05347953961421489
0.1367751067673589,0.1107013550904828,0.12705394214902022,0.07954171588261051,0.15279623748693286,0.16364491091501485,0.06778023957818383,0.1240728235448784,0.03763366858551765
0.1595109710000758,0.12753181782017672,0.10763757911303917,0.03723135335311547,0.094771014970446,0.08679818772148844,0.16845233954910988,0.09937466527682846,0.1186920711957201
0.20444268754751102,0.08986679128955317,0.08717743934492346,0.03610165672689222,0.07358667337070061,0.07718541933177321,0.2915238206663645,0.07932421793206472,0.060791293790217076
0.13852020643521415,0.13333025164780812,0.11087003258888319,0.09899221430425155,0.1310144509971561,0.07587810966990442,0.07133870506061908,0.12085341966255937,0.11920260963360396
0.1429543298377173,0.12073210679510782,0.11139736074917606,0.0575394142068808,0.12049816100579326,0.14405337864077858,0.10254527811213233,0.14454880760491493,0.05573116304749898
0.0534417982162374,0.09938274142250081,0.12245662223144092,0.04505843654318281,0.10738602110667748,0.0793341584611178,0.06867237762449845,0.0828074174181893,0.34146042697615503
0.15709337741380913,0.13589621126474635,0.11242586270196409,0.05905066687762741,0.10305624572364175,0.11195068792036267,0.03278808227450646,0.1835939843747116,0.10414488144863047
0.1277125361692596,0.10626196965768918,0.1428114098221637,0.09620592694125037,0.15921384191638366,0.124411509516001,0.08541538400921374,0.11823922300526997,0.039728198962768725
0.19254246428487787,0.11196786112460104,0.11170565499919938,0.0529400797489857,0.10903723921407636,0.07692866835899408,0.15500870183741366,0.13105453854387641,0.05881479188797558
0.10774131110463996,0.11028125263238554,0.12424743167295116,0.14567563230603983,0.11712405686759632,0.14375991884321285,0.060382167541729904,0.1301304241360383,0.060657804895406196
0.09669606471117524,0.1110882350508442,0.09567577531381984,0.024934420331288846,0.07928899818827792,0.14509365879912242,0.02605262323767836,0.13258727331382816,0.28858295105396503
0.1672664219129502,0.11119892859737683,0.11609378205323952,0.14502631410740133,0.10612595554012015,0.08843551529440974,0.0334423320439064,0.08279875268683125,0.14961199776376455
0.07042344531305772,0.09250079892645269,0.07623964794543757,0.038127827679631084,0.06800745687276755,0.06318017683480111,0.4554369338185245,0.1051250711691093,0.030958641440218454
0.12766227708072853,0.12379374157759492,0.104186749413144,0.1478978100849175,0.08982696561962787,0.1318194451744341,0.060408076608889444,0.13302689937937037,0.08137803506129328
0.13873831632435654,0.1305144005008686,0.10064983162158066,0.06579143527307801,0.10747816972759404,0.09138684512954702,0.03968282664437182,0.08456819016877355,0.24118998460982966
0.12542867915016953,0.1178716473147672,0.09076181824341961,0.06783130585004253,0.07566117012336822,0.17900716950703097,0.10166538152113931,0.19199219980404172,0.04978062848602091
0.08730733951873997,0.11631474618684921,0.09192071486084863,0.07224905814111347,0.09132890807955457,0.1457708389957504,0.26779490730143407,0.09640495769633933,0.030908529219370345
0.12995394354012244,0.0981484253921927,0.11299933153414193,0.05171425307951242,0.13281850913385193,0.08548052521197093,0.16890742218309351,0.10807269239792884,0.1119048975271852
0.06359689621627279,0.13750635097937722,0.12438343759094199,0.12182734405516571,0.1348661733010842,0.11580308903049823,0.06581251709877804,0.14500218816115962,0.09120200356672221
0.18237131777144966,0.09448784708750578,0.12664058354878602,0.0516881159609646,0.12123461820945101,0.11857405208102427,0.1350843759884161,0.10016500039366966,0.06975408895873295
0.14439377353451374,0.13440354257075246,0.13474489124422093,0.08807609823031659,0.1292245947163032,0.08991508968101763,0.03775746166703054,0.14658641521131333,0.09489813314453154
0.11286291376782535,0.13227669005562498,0.1173387315064956,0.0361690981086344,0.11484118167046327,0.1785963182536605,0.09878484681806836,0.15207979525126022,0.057050424567967335
0.08947735884593738,0.1231222068129265,0.1109287794526251,0.08026581125995207,0.11061827592277712,0.10000077031313948,0.0661414882727383,0.1471065332449922,0.1723387758749119
