0.09430799661649543,0.18572042430042837,0.14804998225747104,0.10225959887336994,0.08312167609890757,0.14208624772610765,0.05385673465397559,0.052685436589153235,0.13791190288409114
0.11767095281220115,0.08436203381029517,0.09723742378723521,0.19311357768326876,0.09225885995566734,0.1521945080530539,0.10059470393111093,0.04563453987802361,0.11693340008914388
0.08768518906148091,0.050189804576471146,0.1055305546712902,0.11804357492055051,0.14798757076129018,0.1452648869976174,0.12024365119819118,0.10981853135128905,0.11523623646181942
0.10225625993813493,0.05570518036478359,0.08582745159923766,0.04871828941962927,0.13518188485578697,0.07964703858814452,0.301586216087095,0.08698557159909226,0.1040921075480958
0.11966332450578417,0.12097807955687508,0.14709924557801346,0.08579931459795416,0.08285369880328623,0.1368450309404348,0.06557917368222445,0.1046047892674149,0.13657734306801272
0.11152762418954536,0.11684072870393301,0.13547528340297924,0.09929086031468963,0.09625878122869742,0.19330295097990532,0.06354076706182278,0.07132290600197137,0.11244009811645589
0.09353190209867253,0.13153138187936786,0.13182864022879667,0.14332899302197857,0.08438676665755385,0.11117113362148974,0.06880035833325503,0.08040463190458583,0.15501619225429986
0.12435109843088654,0.14829304633635987,0.11120195865183147,0.12531667024662532,0.10717837996266337,0.12461897688456808,0.062058948606005616,0.043169635525178746,0.1538112853558811
0.09737250563766958,0.10766832238606139,0.06431579602175336,0.17674697739175668,0.11922467570331174,0.1525598310625082,0.0462673751329146,0.0874732981267871,0.14837121853723736
0.08904763570005374,0.17236023160110112,0.09006011314304897,0.11985964359931633,0.22086882519146253,0.09467595328855923,0.0461023591758033,0.05499968405187374,0.11202555424878106
0.09665383296364934,0.09797852827299025,0.0935044110276247,0.15382478278320935,0.08268908045917366,0.21609804543841507,0.08447705204375981,0.06553443165138088,0.10923983535979691
0.0954497551434139,0.19559404089674937,0.12490626715688295,0.07076330117096485,0.06401400619374999,0.11846706681125474,0.10269837785381608,0.0609965721580604,0.1671106126151077
0.10619165390686196,0.24177714797913807,0.10819432454355093,0.060678637634905275,0.13972914739590245,0.09812139387744939,0.04578532033670892,0.12202101252311487,0.0775013618023681
0.10951455607635983,0.13317083289623668,0.08628058622310296,0.12377250310026909,0.11391845223156788,0.07988602014283189,0.05979769201280296,0.17968820440544234,0.11397115291138632
0.10942949799664975,0.0333037232057067,0.09284052775966366,0.18361109325965605,0.1989185351918119,0.15820495566294582,0.05514591434249703,0.07282168448273696,0.09572406809833207
0.10782481880262089,0.09572439188842628,0.1058699302969079,0.09487545120148695,0.08608110634011823,0.14876339155216495,0.11068618016907228,0.1731231976131157,0.07705153213608688
0.08256658354495512,0.11094793194917803,0.1555340454141106,0.044279304354545024,0.07457380389455945,0.11361010771184554,0.09825306284562225,0.24314764716084905,0.07708751312433496
0.09191304406757872,0.20048530325223282,0.19065756848319967,0.07694986028333577,0.1364897171852105,0.08514942004727381,0.042855979040140456,0.06638391663091996,0.10911519101010829
0.13408240859840093,0.09029114960126168,0.11358929359936032,0.05784766262937837,0.2591643399171495,0.10049765345229827,0.059221669160547365,0.052722061419927135,0.13258376162167643
0.14460875861226866,0.10791673143624543,0.08604625469919695,0.042339497587601915,0.1004611247326523,0.10437310857313166,0.2346611255024175,0.06674338483398387,0.11285001402250167
0.09653392262869472,0.11025003408014449,0.1246875477986022,0.13169934684634918,0.10520254695904047,0.1240768735709729,0.10547384733712661,0.10454560650993154,0.09753027426913778
0.16256791211166632,0.11903120925689159,0.08809940558127262,0.08550978415310906,0.10862733994705016,0.14287066543729507,0.08577168209889946,0.09283397679870498,0.11468802461511081
0.11476958383483976,0.1376314807301863,0.09818104869740275,0.16980026079833488,0.11012387165511749,0.11401670318214445,0.09917474626952712,0.05551416182524432,0.10078814300720301
0.10247979052860874,0.08102216562982066,0.08767994119942578,0.11920005557041484,0.16223925418947285,0.11708047898462114,0.1745084824848956,0.06472037290073128,0.09106945851200905
0.0914935587290691,0.13690950507567445,0.1156486109668623,0.20957705125406545,0.0922210125737084,0.06837604192182745,0.10588233003705012,0.05345714617101709,0.12643474327072576
0.08747248842850612,0.10088193181921103,0.10258667213541423,0.0839550674718235,0.1972070224552961,0.12710423911944904,0.06318103257872827,0.15067934647055847,0.08693219952101322
0.10509578762361178,0.1437498527711327,0.1165472391720888,0.08586582322271802,0.2190859330467866,0.13838659246827742,0.05166267171982136,0.06509542452893564,0.0745106754466278
0.10192224843345891,0.07680552076968052,0.0968692190560448,0.12418991815723678,0.11583523250655021,0.12079853786547136,0.10066027937017026,0.11536567477892255,0.14755336906246458
0.10784760112546853,0.10700976165467273,0.06715631330987985,0.21616976404337288,0.09609107869077967,0.09769967171708828,0.07996222449315958,0.04004560273174096,0.1880179822338376
0.10286928869563931,0.23486618314471838,0.10207959901373541,0.11716424467206397,0.07446666145473278,0.08538727475863532,0.06176855545589401,0.05450340248312518,0.1668947903214558
0.0833680586554083,0.17635827301937798,0.13526725134067952,0.10224167274336549,0.07676579233594169,0.12941900578247953,0.0821097722097252,0.12728213541399114,0.08718803849903116
0.158929342767038,0.12047230243750322,0.09885348324071731,0.12870514038028805,0.08630719008968173,0.13005608944524782,0.09104268896314031,0.085765474960944,0.09986828771543958
0.13597490925334607,0.14168589736957282,0.06922540894289611,0.11712038402631948,0.09154709323545311,0.17011411536298807,0.05931275082402454,0.060219351560411284,0.15480008942498852
0.09724631135238043,0.0935131884334901,0.11618335639974449,0.08272543236656711,0.20593466651815917,0.10011202952959963,0.05730366540869711,0.11654338094828316,0.13043796904307872
0.11539774043359602,0.06986510324172422,0.05503858461265675,0.10935509458977793,0.174853086509263,0.09445283791357811,0.1315285004987707,0.13515345945022025,0.11435559275041295
0.13390515544260692,0.07256342177764502,0.08355319827270218,0.16177554129730812,0.07341825258247703,0.08180111026955039,0.04005189598664704,0.2012002745506957,0.15173114982036764
0.14049327268534204,0.14896936791065843,0.08553506997948175,0.09403502757264985,0.11304752090681884,0.10113999045435852,0.0454028849136593,0.13520738473101557,0.13616948084601574
0.13148869898364937,0.150620894549876,0.07420286103777807,0.09286054821789419,0.11946077295673911,0.09122047550868434,0.17437691906025396,0.060783915887818674,0.10498491379730629
0.1114438859119435,0.06708449451561735,0.1051403492701689,0.2021793474034238,0.09490430072862392,0.09665290320521684,0.10500697244639727,0.13363347483205582,0.0839542716865526
0.10113318657751413,0.0813191782590017,0.09769519162293659,0.08461857729457173,0.10829265359514435,0.08968742073011578,0.05231407819191055,0.2891965223046906,0.09574319142411443
0.0889379980937247,0.04865154987442016,0.05789614747452094,0.12741338240883246,0.08538997479820447,0.08055669981227552,0.3325932833309276,0.07962621135413617,0.09893475285295805
0.08634305039522938,0.21749627580844832,0.10410642839866517,0.12961147546486015,0.060815424648228,0.092863270239255,0.18076068038007032,0.04568404858362296,0.08231934608162071
0.10560942436864101,0.08840700003084183,0.0794805824940056,0.06544052319106243,0.1430936175508813,0.11743094057152098,0.12366885434705854,0.14330153844060442,0.1335675190053839
0.10069603117264792,0.08855888524839044,0.08088016307856292,0.08979797757029112,0.12603544919069265,0.06914443426904515,0.27217879630584535,0.06230068511170689,0.11040757805281753
0.113327099780262,0.13370956304622364,0.08723815619964993,0.09615610997017694,0.11209464782045857,0.10297992761193792,0.11854922042220262,0.06850513432512491,0.1674401408239634
0.13674172488852918,0.16543760252826373,0.09556406585199735,0.057777622361116936,0.16361331512260666,0.07685600620070897,0.13174790178992846,0.0609690441936111,0.11129271706323772
0.09113983059215254,0.18184003908354207,0.08731608779274758,0.04913294870242609,0.20954271390055737,0.07472788502336924,0.04771302888853305,0.11037463556573317,0.14821283045093883
0.09662203169099798,0.15123405269469148,0.0983038087387601,0.020799591454736754,0.11860390826703245,0.08269833428697722,0.13134810317206239,0.14837982897088117,0.15201034072386035
0.12126917536333215,0.11395129012267974,0.12464274201140635,0.1442819292015006,0.08403534435906913,0.10810936886962612,0.09672483318838766,0.08312579113786848,0.12385952574612986
0.1281815129732433,0.12313819784942419,0.10252688423736755,0.06653050532096173,0.20573623816835554,0.07504338527824307,0.04541687436053852,0.14318350141779138,0.11024290039407474
0.13552708153540763,0.12426942756280689,0.087108256129127,0.16264080960991717,0.07530131110605735,0.17339416298322294,0.08353694100077809,0.046934688374705436,0.1112873216979775
0.10410131490617795,0.12931519213296258,0.12578802521678475,0.16194213007511443,0.1394092817599374,0.11753930259044044,0.05538743021174469,0.053069554673994074,0.1134477684328437
0.0924669768581694,0.20478925614149893,0.14087352112165694,0.06631439377233266,0.08292913108826024,0.12199444922411828,0.05582287276637946,0.10018820792054839,0.13462119110703574
0.10258938299681813,0.07599566499945147,0.119164391349617,0.15778622399842993,0.10291247225282896,0.19791267770847462,0.059138286619786005,0.03984361403027387,0.14465728604432
0.11797736635864302,0.11397436414122497,0.09423766937384087,0.07249040297081032,0.11320382852428919,0.11063487289584027,0.19752399495779618,0.0805129513037219,0.09944454947383329
0.10186206431739135,0.06792446530636341,0.12384517800782673,0.06422897542071608,0.20543114089818407,0.11006105828168233,0.1419906556361619,0.046456591300136206,0.13819987083153792
0.1237315527743904,0.10312766544654144,0.10676597212285986,0.08703268828918802,0.08005551901493008,0.1255363986848392,0.07445583176588368,0.04345423015198465,0.25584014174938274
0.08146313873522505,0.13368122705592236,0.09607959421211398,0.14863668187839757,0.16992568078286463,0.109329270215617,0.13907077723886452,0.04476203278493964,0.07705159709605525
0.09616647453156553,0.13047560841880723,0.10503491380955902,0.09169960366069357,0.1698969902580372,0.10447585685418269,0.09382744261572544,0.075376469360172,0.13304664049125728
0.107752021163989,0.12070571166974287,0.08487636354634141,0.1698687202707507,0.08678770980613333,0.07538429053845509,0.063092649355402,0.23666396704968737,0.054868566599498236
0.07992660961654241,0.11715049124736687,0.1641669202154493,0.0676654464234613,0.06921693317420656,0.0996027899883672,0.08908599083462797,0.22600694372573382,0.08717787477424456
0.13942267868903455,0.15831731761852982,0.07516715872486143,0.057733911754444034,0.08317240727294752,0.08869937753826435,0.18074029463291205,0.08068669568540685,0.1360601580835993
0.12903873366514776,0.08228849831451496,0.1150608569992504,0.08257316529896828,0.09561845027309528,0.09668886876250105,0.05467670143034798,0.24787966945112858,0.09617505580504593
0.09764968248855616,0.1892762280905558,0.1511752855727115,0.07922763331527537,0.10312023195041269,0.10275883960946523,0.056323053304038834,0.10331984130511405,0.1171492043638704
0.10405576733810738,0.08006760909448753,0.08440870788018007,0.08885407219895845,0.19869652051114337,0.11245572479371407,0.11192289784426447,0.07614140993666742,0.14339729040247728
0.10244794940778239,0.08191361251027618,0.15258100827156704,0.07603363007316126,0.1540452047012716,0.1548610120237837,0.061054108417877256,0.08445387126509407,0.1326096033291866
0.09835851217934283,0.1541039317367232,0.08038545631518713,0.05852791737300256,0.08786724019501434,0.1042968610014993,0.0757500539803272,0.16470686512544366,0.17600316209345976
0.13570725014020965,0.17956205947739245,0.07356187254516884,0.1150581345404081,0.09287516521001021,0.09151151789488098,0.06539546432676561,0.07064183389179847,0.1756867019733657
0.05660071462345658,0.11431307308964778,0.08843458846174779,0.05829277753026221,0.11153737043081306,0.11183341545556218,0.09082420488334746,0.283960612440483,0.08420324308467993
0.10247742419345045,0.10377231932740773,0.11792989219031257,0.16107542000974626,0.07827524354805296,0.14146273972057136,0.12087753132965817,0.06014249219362892,0.11398693748717163
0.0878365284405691,0.12325473609916522,0.18348849286767524,0.049884528324972,0.09301179971479571,0.09588137031939122,0.05875203601978885,0.24459385941068623,0.06329664880295648
0.09661633813158221,0.14789483173432927,0.10178849961154586,0.03966950657247001,0.21268125424075804,0.10340746574891925,0.038686276440513305,0.1753521482930882,0.08390367922679372
0.10915181450417576,0.18829411333098767,0.13863035752111694,0.07485833142210645,0.10258304290133524,0.12640029786579335,0.06409331461218651,0.05612347664445292,0.13986525119784518
0.08801294983233354,0.1290045506981616,0.14227643162683512,0.07536660019982779,0.1064027727090507,0.10743075724438346,0.05671885554088457,0.21857428504760876,0.07621279710091447
0.11534089085708037,0.09735475607854109,0.11646208101028803,0.1694875385467757,0.07947952249230918,0.16944063572346577,0.08769067152370756,0.04590698354008969,0.11883692022774268
0.08311693670055477,0.09240184493532422,0.0775899021070476,0.06844770784828112,0.24000785812009565,0.14483042960684261,0.04156731293872897,0.175692663634026,0.07634534410909911
0.10180358502819072,0.18198500350152114,0.13198762070336,0.08578468833488052,0.16069042312144763,0.10728477257505237,0.03671283032143497,0.12833113473943106,0.06541994167468153
0.10211720997792205,0.14164158555183112,0.09765685934856999,0.14957973440304614,0.06951779948237312,0.12434719900090278,0.11256508611881183,0.05829800019217765,0.14427652592436532
0.10919200882930707,0.09621569021181083,0.15354623806622192,0.06378605451381422,0.17206782485905067,0.10845696608091705,0.0520450516303246,0.15635823714597308,0.0883319286625806
0.11308964158901273,0.08033137431616623,0.08263770620512768,0.1433515256752442,0.1160716027106758,0.11005972488439388,0.18831062036429172,0.05052892150056123,0.11561888275452653
0.11541866604029538,0.06867650064327521,0.07597301743520832,0.09868225867659484,0.1011480918998035,0.12231207304675597,0.08598433466320365,0.20665523547697315,0.12514982211788986
0.09591872428709924,0.07747446131328846,0.09261417010036317,0.07093282605642864,0.09782813063157997,0.08992089563332799,0.129144798911179,0.19622465412260967,0.1499413389441239
0.14164957424575575,0.08172237982479845,0.061457067759122234,0.16483191607323822,0.09432518026149427,0.13769395634694823,0.12023939667012355,0.05803624661222104,0.1400442822062983
0.1542421961036412,0.16624601978078762,0.09887959926211902,0.1128675215533536,0.10276783912413241,0.15486953701806835,0.056482260787047066,0.0544859346539239,0.09915909171692676
0.14639004693779858,0.13058981523779079,0.15879358478757144,0.05721768693049519,0.09240102505186142,0.07517072805627144,0.06666911861885388,0.16265929504347731,0.1101086993358799
0.0983875461020532,0.0852117257418471,0.08817296054883901,0.10863009170969667,0.08684388400300903,0.07220258877948109,0.2934542946524035,0.08492021230927416,0.08217669615339614
0.10037310289012043,0.13539612436985682,0.10522479622557801,0.13456760262966044,0.11570180464324398,0.09599323516610146,0.09006624045548185,0.12046874278200966,0.10220835083794733
0.09815215949949911,0.058607382005762355,0.08723351111143639,0.15225066520582878,0.21664751949588634,0.15449941496039413,0.08000289284900526,0.06117218272041621,0.09143427215177141
0.095975324192855,0.1494470118119897,0.1182533022474812,0.1257069659260216,0.06764736485115001,0.09262613980049017,0.08189662284111206,0.2017774764632538,0.06666979186564646
0.10089121551860024,0.20917740642158086,0.08039884411485768,0.08562591287005528,0.16084573655825465,0.08627324970887373,0.06304443140047684,0.0444321535791239,0.1693110498281768
0.12984047995483464,0.11287288931269858,0.10395200930912307,0.1251339194837275,0.09327206039852987,0.13510091997901233,0.08720706185016408,0.06799103336978453,0.14462962634212542
0.12158540489432694,0.056595513427338213,0.10146678297655981,0.16748598536653103,0.22258452961860173,0.1251239105727152,0.054227756337762716,0.04649765019263166,0.10443246661353263
0.10689938734902628,0.06881085908584302,0.08284199629498006,0.13748832238503586,0.22342285538091625,0.0822729399899433,0.13501585862729784,0.048076328638329675,0.11517145224862764
0.1154366173280957,0.19820549809690235,0.10963901256169843,0.13135533353408277,0.09593657223027326,0.10922885430049138,0.028300126444364537,0.11612048302728752,0.09577750247680406
0.11018566187783152,0.139292798859442,0.1065615381137638,0.13199470559717089,0.08556930075614944,0.11948392498471665,0.06696783138306472,0.1435202201282449,0.09642401829961593
0.15516139307365356,0.11401643684668923,0.11181346800229645,0.1053116128573122,0.06722213970970976,0.07719206913468546,0.17735177708593375,0.06132353448217203,0.13060756880754748
0.11773119474923992,0.163952815463493,0.1473490956132596,0.10842366011898082,0.11132179397852472,0.10832032096365074,0.0683966738833591,0.06498092921430491,0.10952351601518719
0.10610403385117655,0.1355611846097215,0.09363267661124271,0.14251064688124407,0.1910171745294932,0.08029198119842694,0.10655847366939279,0.05498474933285342,0.08933907931644881
0.11953291324057663,0.040937773911629415,0.07675349384594028,0.10550987593245592,0.23823516205916276,0.1267177235502338,0.10956520210189741,0.07456613081984746,0.10818172453825635
0.0886929253836064,0.09344542592111343,0.09055791092843467,0.19151963910922318,0.13123039770476938,0.07432266864024657,0.12529775053126535,0.09312150482739816,0.11181177695394288
0.13582043739587804,0.25393279822079257,0.0882761057209766,0.11421613584302555,0.09179744176637995,0.11168753214017557,0.04780932280911417,0.0713875654602996,0.08507266064335799
0.08231777910012548,0.14703851391303022,0.12557979538435665,0.141064355452844,0.06845682799999564,0.13065772523878552,0.10644059484477904,0.05094499934360051,0.14749940872248304
0.10716228093108494,0.0713317615986805,0.14986341616507362,0.07599366842589414,0.14718932489448278,0.14255013319251425,0.06180965228446783,0.14337657565217996,0.10072318685562205
0.12103759394772506,0.16198685451083397,0.10543814770405747,0.0834557229460154,0.24047490545200914,0.11055781803105397,0.04185543662053937,0.03899257802096356,0.09620094276680209
0.08836765257279568,0.08585230630328544,0.08019337074441425,0.04480494388160101,0.09660689283356354,0.1224501480602348,0.11224501490203335,0.281937229567128,0.08754244113494393
0.11823536330685436,0.09742201742930963,0.09835878929643133,0.05422517292953241,0.15311999256981013,0.10115260722820163,0.15835095529446022,0.1291095211894674,0.09002558075593292
0.09367922746830722,0.1954646285851451,0.14101948448142407,0.1418272217817503,0.0970430921953041,0.11646169688453097,0.05237455169559546,0.06126185692712969,0.10086823998081311
0.13947886707208976,0.1079973622791438,0.09730933475979182,0.07794144203902674,0.10362654026549241,0.09998267116934238,0.0681476325926036,0.09267718221959825,0.21283896760291124
0.13301707816287875,0.10085462968280652,0.08355576848469105,0.06558727372289128,0.07960718104953586,0.08764580494225355,0.1763795617350528,0.1068365282726557,0.16651617394723442
0.09620269114066911,0.20792799256917904,0.08846472128986753,0.04873499854469867,0.16480299321947978,0.06934387564966393,0.1356526546559911,0.06170008196489985,0.12716999096555096
0.08910239030018857,0.20613675687956748,0.1381155981916087,0.11245578920754294,0.07909848776571923,0.1005470392184656,0.05399592535392105,0.14140100039043768,0.07914701269254876
0.11705038981431477,0.09639468261909807,0.09257338851034062,0.12977744091306428,0.11146213626639645,0.12443027245599002,0.14411846934914777,0.08046267535722514,0.10373054471442289
0.09734615963351172,0.20209187733937317,0.14981940137046526,0.06278281540152066,0.12464074725848982,0.09735554674290198,0.04206747308354298,0.06002875009029479,0.16386722907989962
0.09154840062488262,0.27579573565662974,0.09549979174364247,0.07115740527290638,0.1715244096452789,0.07976000051394584,0.042104495221443494,0.06423119759122319,0.10837856373004733
0.11954093601359532,0.08214185603346696,0.13112766552114627,0.05731147172584525,0.0726614117645536,0.09284230561936431,0.08290269987642772,0.274583160526618,0.08688849291898258
0.14344177720244822,0.1419381370394072,0.12849034154343397,0.10789856546413196,0.07977876122088333,0.12163725735932494,0.08102171177709379,0.05758310992147584,0.13821033847180073
