0.0818979908323557,0.0644023927440862,0.3571256487719423,0.04629258284091011,0.22667213798646457,0.06794219744610946,0.040942402497643936,0.09349236338954918,0.021232283490938555
0.1328709520376071,0.12635365635895032,0.03961417238313533,0.1444462606618624,0.1914213313130154,0.045703405377350535,0.12235987222920182,0.10773020328659892,0.08950014635227826
0.08194644899659669,0.0884182633877711,0.37431561856314266,0.029725255634547493,0.16669410778986807,0.09599550621616844,0.05762087811938795,0.0833565377959723,0.02192738349654517
0.1395697024276502,0.13829205174196887,0.18493570882668706,0.14737062456947256,0.05904966339900555,0.0719992233707626,0.11706781391897632,0.09677633989812347,0.04493887184735342
0.14429034879929015,0.15984603239138676,0.037887608731512624,0.13521187684496686,0.09883386128122301,0.12362311141669441,0.15687399614488537,0.06199686806035607,0.08143629632968481
0.12134323171086205,0.11717836758352566,0.061156695028587144,0.08277449919040668,0.0705638210138982,0.1857057874923234,0.087917398060395,0.11553637806056323,0.15782382185943858
0.07070508396928078,0.0790628170689165,0.4241796492506595,0.02825622765322164,0.15341166143762022,0.08289243393955126,0.04109853564001897,0.10078366656433498,0.01960992447639612
0.13366136558262384,0.10903518436778531,0.028735958515536248,0.13896259298956326,0.09501830223029106,0.05991485792577891,0.19925161537420952,0.11340752329821535,0.12201259971599653
0.10281463563161775,0.10878625042454733,0.05842833590845727,0.07072561124974704,0.06688498600623562,0.2622199470731414,0.11254132571992392,0.10312388261515999,0.11447502537116967
0.09537474875405745,0.08586875189250524,0.2240468682790777,0.04327311130884224,0.030701615109270414,0.22878327188318434,0.09114810640275828,0.08785751045392311,0.1129460159163812
0.12179233879333312,0.12768234094878908,0.04149022824530304,0.0725990436526767,0.15447275750286107,0.16828149627473618,0.11707104300345066,0.09282967036927216,0.103781081209578
0.10746769333261082,0.09539968373867946,0.09442030200299138,0.09305371865430147,0.16069353972298436,0.07710368664857671,0.08095023810786833,0.1319537109931101,0.15895742679887734
0.10247182508902698,0.0804761124553508,0.12985553097157423,0.2509626050583516,0.162081935976382,0.05159688182737965,0.09075969908417451,0.0938869302196676,0.03790847931809258
0.11842957683925877,0.11385746951386026,0.033023747426132004,0.10725866379563787,0.07659523703376271,0.06898762946150205,0.14382887937518835,0.11590375453044736,0.22211504202421062
0.10779025817311916,0.11067320472341469,0.09331428464690326,0.11137888056058236,0.16874548694191294,0.12991546955119646,0.1011379095142229,0.10252792623266181,0.07451657965598639
0.1321882012301275,0.09781975533041797,0.05199487592264571,0.2062426787562169,0.09466159214783122,0.1273013307863778,0.12170156004177124,0.08183198843020367,0.08625801735440797
0.1362223925036275,0.17621429090922067,0.05279347698892114,0.07124272247440784,0.3077647440456766,0.04227441600639354,0.09971801935506674,0.07141420509119764,0.04235573262548826
0.11808293546850919,0.19287583820579593,0.050967012423884704,0.13556158702007456,0.14607721057002684,0.03472403392493219,0.14973022985019857,0.10602657097287421,0.06595458156370383
0.11813581412917622,0.11870653481795156,0.026382714664099624,0.06444018282245684,0.10164374524915215,0.08309967663044289,0.10250092772717245,0.13114086510651035,0.2539495388530379
0.10229336277211937,0.10337994478820561,0.10252674116836134,0.06499105526689469,0.08554803857618293,0.22386729960612972,0.06894614033713609,0.11282412755166088,0.13562328993330927
0.10994909046051742,0.15128338196730864,0.2059266038264693,0.1241213085079081,0.0731906666625581,0.05557877698263327,0.11821449788275534,0.10160561512534234,0.060130058584507484
0.11000969895827856,0.12012514491717319,0.024852219305662226,0.13340460539418372,0.11125791071427837,0.06087663185600242,0.230338636306295,0.1439580462354476,0.06517710631267876
0.10263198306881288,0.12251780799541014,0.03774386906970741,0.1945503603549915,0.06553413010091101,0.0797574081405647,0.14602299404530922,0.15440820330264152,0.09683324392165164
0.10825442119550405,0.11514646066274348,0.055373803325613834,0.1949277479783513,0.10691368827188678,0.03005810381617303,0.15245816753574518,0.12456448310389334,0.11230312411008907
0.14433560696439776,0.08712158597526493,0.07667959663108669,0.18753573633937023,0.11345385137110398,0.08632458461003045,0.10917508985507744,0.062019830412463665,0.13335411784120488
0.13073020275190025,0.133834852414393,0.03553990783720951,0.08833807351108464,0.0766881856959191,0.06427161636819878,0.13327001212251288,0.1184383491765205,0.2188888001222613
0.11770367735572067,0.1360390245872318,0.039381035015311816,0.12042346646727119,0.06604781413521295,0.10778251904494773,0.12665450536362166,0.14958993996383174,0.13637801806685038
0.08430955904522991,0.0914223198709755,0.02451301582385712,0.1304264375302093,0.2860082574875297,0.032998205841411846,0.1337879984630795,0.1570541115697688,0.0594800943679383
0.08302871501167072,0.09295064677203856,0.20022055226895716,0.11052481784668851,0.25404448122842294,0.044142095170015196,0.050209764435950766,0.12160284287587204,0.04327608439038411
0.12605297266324617,0.14518637400806803,0.06616415866157643,0.13962811754566848,0.07143275130379621,0.03616999018402018,0.1846555852432427,0.12098641309326615,0.10972363729711575
0.10689214452754099,0.08754630975803875,0.14382141269825746,0.07391351061105593,0.15440037781151109,0.17799859032401977,0.06905056130228782,0.10829958637696595,0.07807750659032223
0.10812035099284839,0.11216481677591435,0.0391558591713425,0.1044894599704198,0.12817392926514606,0.06868746619427211,0.096748706124801,0.1445622834876552,0.19789712801760054
0.10792040464323571,0.062599473434635,0.18692703034556582,0.07385415821720169,0.2277360103834616,0.1326782372745208,0.06114435382661861,0.07447593726307143,0.07266439461168923
0.13838179861892128,0.1844369084359981,0.055442291883956586,0.09984148966813451,0.12571420502465658,0.05337214275283805,0.11656293859287918,0.07951892460088708,0.1467293004217287
0.1124181372233809,0.12696038322232447,0.04655721929820613,0.08765861276438279,0.06472110468981489,0.0566362667503579,0.10338289070305806,0.12053176425683791,0.2811336210916369
0.11605826217508426,0.1182491778638421,0.01938158954068511,0.09306045523693661,0.2986715370005614,0.034713751750750844,0.10898907377921985,0.06090066967070742,0.1499754829822123
0.09067876049969587,0.12371590975461044,0.0673457827141412,0.2032942180862145,0.04595933631762569,0.15176829278765103,0.09417956249340191,0.13576924494145035,0.08728889240520898
0.12202035149785756,0.12278544580671362,0.038002446025878295,0.06079611896151893,0.24388187853231194,0.07377765292570275,0.0757758919554803,0.12241762962279275,0.14054258467174383
0.1134300267439577,0.09804388900876404,0.11752076633273445,0.0837206165025113,0.04842973022530817,0.3220862289691324,0.06976192471878005,0.07013306993074644,0.0768737475680654
0.15028641390960437,0.13796170955418088,0.05015482437834986,0.09074714736667501,0.11946076956253983,0.07898836368844261,0.11714691016549504,0.11102824044735193,0.1442256209273604
0.08827097109229792,0.11549318401169861,0.1820500330441306,0.08651427412169892,0.24956862632951218,0.06379457545107058,0.082987732748187,0.09271860422114912,0.03860199898025513
0.1397131774860555,0.13829506424138413,0.04580347793132717,0.11843321839993197,0.10497180492581244,0.07363665109137658,0.15631766612434314,0.11331283800108848,0.10951610179868053
0.1375765674405298,0.11554993396354747,0.08760655615932356,0.12512260448589635,0.07551235530237939,0.05503574947117079,0.24888028910413618,0.08128203104083022,0.07343391303218627
0.13209145718439894,0.12664591513934584,0.0303764872224916,0.15847752399235734,0.10175146749541324,0.038300870039889474,0.20304578644102508,0.1407892582554187,0.06852123422965985
0.12124120073697937,0.16973484874186937,0.032482567226705825,0.15187171280163161,0.10665373217536823,0.05203757924613678,0.14317992600982477,0.12658413600251064,0.09621429705897337
0.09177369152839798,0.06930937674948147,0.23696921265127732,0.030883058338974295,0.2233132054299749,0.12363075745506517,0.0453521604712195,0.10927092500819667,0.0694976123674127
0.12220193413700164,0.0970057024105067,0.06652151007047455,0.09210473474611298,0.08376695606253748,0.09815422783978521,0.20110509305757118,0.11427523858787657,0.12486460308813374
0.10190834190029126,0.10426350000084587,0.12721577551555988,0.09127875031352167,0.18372260927077033,0.12363307193346829,0.06381761454053038,0.12572511303184222,0.07843522349317002
0.08749037802313948,0.11712866607911836,0.021703134057321025,0.18338010312995068,0.2718095243612875,0.02070869419810595,0.12060687987123808,0.12708231191693173,0.050090308362907086
0.11675655717350607,0.10652153178342309,0.0351806886032167,0.11635940106566849,0.10090683651222722,0.11591917167633985,0.1723552886961411,0.09459036726760273,0.14141015722187475
0.08341647389571415,0.10372535005263878,0.3945520793361883,0.05894771991542694,0.15103523582779768,0.01877303596471273,0.0584883075352055,0.10053159453139464,0.030530202940921364
0.1489890345919567,0.2173669950031917,0.038679977677213206,0.12519992787579406,0.07348109887078423,0.0800004534665724,0.14111115653045928,0.08701053965635097,0.08816081632767747
0.10810012551078829,0.12037919080104824,0.024665659627155834,0.1400510464510312,0.20999823805670967,0.05535462125210961,0.16591594334290818,0.12459933196621874,0.05093584299203027
0.10223767868236026,0.1237388106948039,0.05793389191585135,0.09120555333886356,0.11612748104200633,0.11708913705914416,0.0907546499926538,0.11915576539308435,0.1817570318812323
0.13314781202217393,0.1695268507304215,0.03544167479013629,0.10955872258513455,0.16328562871892513,0.044881152534486095,0.11278536746520745,0.11621162471569853,0.11516116643781658
0.11073689532069048,0.11727179519228507,0.023857706004971214,0.13126545466853043,0.1393878049699243,0.03970385661060793,0.1321736277757023,0.09798617320775306,0.20761668624953522
0.12250685052272507,0.10044129886074456,0.11439335764820109,0.16516143709600725,0.0754510285742939,0.08932327213906704,0.08340640721153571,0.1077559792550859,0.14156036869233948
0.13971485825703342,0.1324171088842687,0.0333258860704904,0.11431149567116287,0.11890721651239534,0.05835988933731074,0.23549728723261376,0.08376207214789093,0.08370418588683383
0.1133854326691075,0.1576252550103916,0.0965680470270212,0.19240268554183657,0.052624724208310845,0.06426001117105058,0.11784157480610004,0.12186519566903393,0.08342707389714775
0.11935657370900297,0.11044003458839909,0.06250900351995226,0.1481485548097739,0.07063176386355537,0.10482398726160203,0.13747693867235522,0.13287347042393893,0.1137396731514203
0.12259504746936563,0.18668696901698525,0.03125126398086558,0.07608229403736207,0.15135296337524837,0.05642503410443576,0.17977932231469188,0.13146645179681823,0.0643606539042271
0.09573062691984696,0.1026835871765183,0.21630635097429754,0.08649395129779969,0.174357608755202,0.08138608236108397,0.08524193519316203,0.11683231393018685,0.040967543391902776
0.09872972689601554,0.15489076559737253,0.23468848848216164,0.1086337269462133,0.0667451917112739,0.06719480021726913,0.07041765545969862,0.13029100932509521,0.06840863536490015
0.09349988220517386,0.11325898391345879,0.035796274863339195,0.12948336767461086,0.11606222324476813,0.06836723083962715,0.10116212803304107,0.1616190180219876,0.18075089120399332
0.12132857837003701,0.1714294292791513,0.052333038511940135,0.1456534898495058,0.12683671556055418,0.10628966171575194,0.1166551683233991,0.07581304348491134,0.08366087490474917
0.12096039529324487,0.07992203794326563,0.22869240807156635,0.11930496039827682,0.039976780904023866,0.06875409487418159,0.057686422615388394,0.08312504806034257,0.2015778518397099
0.13705810606544402,0.08902917153461465,0.022774763286192906,0.12611306939885622,0.1322877019932942,0.08385257935040873,0.15864960735882794,0.1194668317271347,0.13076816928522658
0.10206125861534586,0.06952521566949943,0.30674712043884994,0.04699217246931662,0.17897536966072305,0.06122268987952654,0.07565107753356243,0.094500289574669,0.0643248061585071
0.10360620694384508,0.10038409976563913,0.027325710215067512,0.09897048509177842,0.16291060721545747,0.04631884608558449,0.10735092382623823,0.12049993033830507,0.2326331905180845
0.11217260699312127,0.13910111552498028,0.05589379321061436,0.1632560403449617,0.07551034977548587,0.05669857064995933,0.19536749945289186,0.12301314521689927,0.07898687883108606
0.13437429044321217,0.10843336908143879,0.06957125153900522,0.13535649794180818,0.14446180806225603,0.04294995418757813,0.13925231425492848,0.10254836711793747,0.12305214737183551
0.1064748419460468,0.16470058605198032,0.036831381089100446,0.12368615640118079,0.06313415551376217,0.07633423439694527,0.13029890983647388,0.16986819589103305,0.1286715388734773
0.11138580061313709,0.13406837905442362,0.051350718287866165,0.09400532806753566,0.06378948580549139,0.10123574505043374,0.0939345447279029,0.16765615798654665,0.18257384040666272
0.09401913638759318,0.12023708637281671,0.052442629243686735,0.13373238546711855,0.05830537038507221,0.2318055355170665,0.09941849011695454,0.1179920311978802,0.09204733531181136
0.1012084607827252,0.10769872695166986,0.38861169994321104,0.05485882343234203,0.1396812510734919,0.03413574994258523,0.044300677184203996,0.09351141865461936,0.035993192035151396
0.11672955469781855,0.12620682762189128,0.050672404910937996,0.11448011745218023,0.08205194473385186,0.04712755583440132,0.1131418857312287,0.1393060575686848,0.21028365144900527
0.11874533500857858,0.09754251044800273,0.0816086351327988,0.08785607512001407,0.1356038131688392,0.1320672058330846,0.09551715653987723,0.11028888079485599,0.14077038795394878
0.11384795749914904,0.1331481858141731,0.029605997375724318,0.18102907302296453,0.22793814682297434,0.06072270668279987,0.11716656750429288,0.0763582844938309,0.06018308078409096
0.10811668431350918,0.1344157847144912,0.09638260042244035,0.08750859006462912,0.07465447049982882,0.20843215690127295,0.09186444704669582,0.09624853359529918,0.10237673244183342
0.12032153049353926,0.10533970197475735,0.0437670510001287,0.20421461775727626,0.06074515777459433,0.1765136291561181,0.09003334444952828,0.1193438984063838,0.079721068987674
0.12532197616055132,0.10213527315934506,0.1424265512169124,0.08407897998945181,0.0852666714862631,0.20653650246315705,0.07198826265993317,0.11189185708990872,0.07035392577447737
0.10886199563998318,0.07498710139890767,0.11911712195535262,0.1272565862699611,0.2622586817202198,0.07618893463856082,0.05860140192051653,0.11734663819417311,0.05538153826232515
0.10917046014150837,0.12907157278353812,0.050487742691508,0.09659247808009536,0.0681995933160963,0.11613295728586615,0.10579178220233261,0.1358792972829538,0.18867411621610128
0.08967573651954225,0.11454949278654532,0.037680192430119504,0.15438146915214176,0.16824841867366044,0.07021981802212769,0.10780583288569641,0.1204703177094577,0.136968721820709
0.11211449741416202,0.1200161390970212,0.030457066216119166,0.08430743833550618,0.12136920688685926,0.1603030851974833,0.1775045982075977,0.13171098163861764,0.062216987006633535
0.07424269420887769,0.0641533874382621,0.29368349475370004,0.038026244294839216,0.13802713188264018,0.16351150321710764,0.04034526670626259,0.13576749483875664,0.0522427826595539
0.10933870595269697,0.1321023026583924,0.03544401968946383,0.1789265477111747,0.13963708508011016,0.05451377119258072,0.1134636088053631,0.0753216199726602,0.1612523389375579
0.09778450558722207,0.14855755916860572,0.037483736768929105,0.06731527650806111,0.2167517069038104,0.22189369132030792,0.08535899752208587,0.08567282903265307,0.03918169718832475
0.11033268455701006,0.18233051306229398,0.0984716099112985,0.14880861822444758,0.09551038895167098,0.0470424418909512,0.09830359572936777,0.15818488071679707,0.06101526695616279
0.07794470749215254,0.09001800010177437,0.40949851644501617,0.06501123337114556,0.083276766088944,0.06553078546603458,0.05491675911107482,0.13208982780149348,0.021713404122364433
0.11322112840835101,0.12364364592039294,0.041383411066638454,0.09030802760514957,0.06781737642151431,0.06895714644094009,0.15977335815078517,0.16129036468241034,0.1736055413038181
0.1180165672942594,0.1651329839647209,0.053272714207325066,0.10998974893455811,0.1027354198417097,0.05382473742644913,0.14768256009394298,0.12244960735632589,0.12689566088070878
0.1088502215004526,0.11945681389669065,0.022365916804028524,0.14390510574911922,0.10410732377338357,0.17421240646096425,0.14117564450955622,0.13904086533634927,0.04688570196945566
0.1181925270233679,0.1698452993150337,0.09404176559572301,0.1659306172615647,0.030948046286963,0.11556499543948599,0.12046535456375677,0.08346225182654139,0.1015491426875635
0.11431244136106174,0.12037612584976788,0.039358758746941856,0.16871684205912627,0.10082008058422137,0.06733228656031189,0.11934597199450164,0.13177601196060443,0.13796148088346305
0.11363705760104427,0.12978022491263888,0.049307229850047075,0.09102916990180576,0.04295932304478494,0.19959280055960613,0.1053532154944925,0.10503873070812213,0.16330224792745837
0.10860321355838175,0.08003828754991667,0.03341866502519569,0.12997000368058406,0.1131632626133538,0.2907626132648105,0.13114447037858087,0.05882801334008763,0.05407147058908901
0.11370613444997019,0.09353277615323778,0.06211349497752,0.16159458899014167,0.05433577784109991,0.24079536899440823,0.0945681471320919,0.0843149237404658,0.09503878772106449
0.09651810067240318,0.11584436203253547,0.03281456194333345,0.14707517115213162,0.16226156700655736,0.04205649536615828,0.11200856344555833,0.16758748164777718,0.1238336967335451
0.11328543419155378,0.1171949905470643,0.058569454283470684,0.06805970275463857,0.08113072511643478,0.20202875288864675,0.18677205310896952,0.10609174400985459,0.06686714309936699
0.11339244596179232,0.12952974986188695,0.06602313707035541,0.09750519151393304,0.04720977402999121,0.17720840588270095,0.10473738323425118,0.10821267968186395,0.1561812327632249
0.1203713388132674,0.13172490739327933,0.041116244169976286,0.11408435815782984,0.07013225109191201,0.2019659608545116,0.13580398670198265,0.12222393335229002,0.06257701946495084
0.10662398777187987,0.11591626010951263,0.038014534428232515,0.08499824460957595,0.08188184648698855,0.09030432472995176,0.14390951010151742,0.15882999237770254,0.1795212993846388
0.11508270998644364,0.16523075960214176,0.03447721978298308,0.1700063293590209,0.11180022991231509,0.12024778515482874,0.12298287967133863,0.0966890743063598,0.06348301222456837
0.13635287001025806,0.14146627026915778,0.07514706293032601,0.08538428638324119,0.07489188230770753,0.07011931410407315,0.14061862516573978,0.14608633124746181,0.12993335758203464
0.07842580341957277,0.058849887789562426,0.42802264160934894,0.054424785630230565,0.16359915705906014,0.05002297941593616,0.044358718997671076,0.09980851847211201,0.022487507606505988
0.08185798074260854,0.08029136359358587,0.09247890529020124,0.047589681954777065,0.0498006704804343,0.370851703330346,0.06189567091216177,0.1356890088604524,0.07954501483543283
0.10822222439914564,0.10045688278786087,0.07568918914469398,0.20030854698166636,0.11027398145215365,0.03352624206104113,0.07843427226446859,0.1260726821433547,0.16701597876561503
0.11181316117530078,0.13293742757128274,0.04348696860334516,0.11192034008635793,0.16243379125368781,0.06498995469080973,0.12853159504064907,0.15510755602616907,0.08877920555239775
0.10748213784320615,0.11192685972568032,0.039648352867229196,0.08797972499708007,0.08136812031736572,0.13153162878031804,0.10118457450186609,0.11459831326411012,0.22428028770314432
0.11717036889271144,0.14519328546816354,0.04876560335605987,0.08654155560408427,0.13325042189897365,0.11862372418340596,0.1481502791532422,0.10446024739880859,0.09784451404455057
0.11347974495198422,0.09096957194327693,0.0674514277166669,0.05579953294850234,0.25044085323657356,0.05846853037518215,0.08738321705515134,0.08850758056567919,0.18749954120698334
0.12547513047908582,0.14186421829468432,0.024173189490678645,0.11169353377040449,0.17623348357871882,0.05850652129179077,0.1499209617712884,0.12213672529229118,0.08999623603105755
0.10951631007250277,0.11613643124187556,0.09961955682337036,0.19224298106185725,0.1262252644795854,0.025605957589037488,0.08162200903006973,0.16024407210646605,0.08878741759523538
0.10797940697271301,0.14171440247335887,0.1702346439686527,0.11101024182838042,0.22335459817433453,0.06959534796597305,0.07486833881665085,0.06816834825672634,0.03307467154321028
0.10850923594766328,0.11161204499970646,0.0847332612979776,0.06303251696793417,0.04240824505173079,0.1364402432871614,0.09311252503011445,0.12197351447967926,0.23817841293803257
0.09830094371893482,0.1403595675118028,0.06570707543536841,0.26724770712568063,0.08412739003674295,0.03406681857209257,0.1297939244875114,0.06948704863631318,0.11090952447555318
0.09134892307475279,0.10212954856763534,0.0477881644922012,0.1134190524582062,0.03879954000384597,0.07714248264019284,0.07609531234535347,0.14624734950410198,0.30702962691371016
0.10614448404793532,0.11173165190661531,0.030700765591088457,0.21505586604138446,0.09889307520013918,0.04980611619963194,0.1313574157536819,0.15714337787319785,0.09916724738632555
0.09613403921521253,0.1320695125814854,0.24815654327200543,0.16694136983992824,0.14928131441918102,0.011461606442879628,0.049085311684347134,0.11427643564768449,0.03259386689727611
0.14364923228209123,0.1809106495041879,0.04250468991168079,0.14716314708990955,0.14731574983714732,0.08294216507324625,0.10599276400038027,0.07027694961156906,0.07924465268978763
0.11825175738399298,0.14003818330311435,0.16094982032950034,0.11882840964667829,0.09913818417536013,0.03371638739916857,0.10246015253741862,0.17087357214271293,0.0557435330820538
0.11418769109904965,0.11042130713410829,0.03271451701285525,0.19823322891508544,0.06564022545142724,0.14750328143508049,0.17730407021090344,0.0934924985170819,0.060503180224408294
0.12397943104249232,0.09098189187705956,0.04363347358625599,0.22361437355002659,0.08973502753981433,0.08366653406938783,0.07718771839982397,0.08204634961538115,0.18515520031975832
0.136209065617262,0.18082073196926252,0.05564123702040289,0.08864324438911945,0.10889142701171821,0.07717642878110864,0.12620649211444654,0.12125458996734868,0.10515678312933102
0.11229644659121057,0.12457090023849372,0.019896848727462967,0.06263821280767552,0.26415128853832787,0.07404793765869687,0.21648025093188306,0.05161576834753173,0.07430234615871771
0.11318670549391922,0.19583376113477335,0.07993822608893471,0.25322087410273514,0.04328672752914361,0.05771039860635685,0.12501469818833744,0.08066764932862752,0.05114095952717208
0.09086497571349476,0.07635494451043098,0.32258209903014196,0.04989144993146125,0.10274125405359684,0.15641338184784057,0.06304977480114866,0.09502322400106822,0.043078896110816854
0.10675817827993199,0.1103943249298298,0.038185995099201134,0.12817618554213125,0.07203778157717651,0.0678267430666716,0.10336782071183491,0.11871471853146694,0.25453825226175586
0.11368510846903074,0.12707358964983997,0.04390147612433178,0.15993714989089947,0.0804796577604205,0.06841556962235364,0.1254312591370821,0.11751769319117163,0.1635584961548701
0.1376576710179892,0.10996686426077333,0.025296580414208774,0.11595588403847253,0.10077317957355898,0.07434588203899589,0.23536018702850023,0.0868186228585004,0.11382512876900064
0.07774327244717606,0.07304742844861711,0.4194156971486107,0.03291562083531174,0.12132538946639271,0.08787676979935488,0.07006673040211309,0.0908962380742561,0.026712853378167655
0.10675874765425503,0.10329874604262124,0.06261912289280545,0.07849204213970722,0.08532737952038176,0.23682741806673402,0.09726736035237132,0.10344340135766822,0.12596578197345584
0.1438062567913931,0.10139324244216293,0.08318028237045721,0.150360014502641,0.12371039787008975,0.08920442865055905,0.08942083329743361,0.08367488439700765,0.13524965967825567
0.11711862320361481,0.12363089374039403,0.029800021502742167,0.09319876540158419,0.1010743999202402,0.12622250022922513,0.13678085082083583,0.11300785424893894,0.15916609093242473
0.07987528717198672,0.06391804234504427,0.3130024149906884,0.029569472476487373,0.16811034726490973,0.18193062584059336,0.05398718129184524,0.08863433592942672,0.020972292689018138
0.10643357584886783,0.1275050726858373,0.06408517932148973,0.07267472397115855,0.07502192649607363,0.2053712401111687,0.12439240776553866,0.1288156104136873,0.09570026338617821
0.0870838402401274,0.12195007801541376,0.15400838191316538,0.21369792478561142,0.1639637389207775,0.013202228722649404,0.11009818701847368,0.0990636427745661,0.036931977609215315
0.10711369510643982,0.11671174290281157,0.055594366384288746,0.15964194481036484,0.07810276896761947,0.143078497495021,0.11624018057564801,0.1650831755106473,0.05843362824715919
0.11548921916689718,0.1302061725083289,0.1399407855760875,0.09305048999981143,0.04818919691431261,0.17506507632807952,0.0656203179437634,0.11028626059020409,0.12215248097251542
0.0935830119893185,0.09649993186152632,0.046494148734378175,0.22155068121546265,0.04680560409235111,0.1523496782663993,0.11205885699416018,0.12026020483974491,0.11039788200665883
0.1196504546797202,0.08928689062414309,0.03504565083024682,0.11310822069719846,0.22754459403767946,0.029737660307598394,0.08423451339929561,0.13523276665118433,0.16615924877293356
0.12083369547266072,0.11056412750141119,0.12901503566568792,0.12832228705268608,0.12380307812398117,0.14308736900372399,0.09895305400323595,0.08006652292287882,0.06535483025373405
0.08694224250719795,0.061377340829445216,0.38236664062412307,0.03819073074445669,0.2122825367071138,0.05827712793890627,0.0405438971609982,0.09888742013954853,0.021132063348210366
0.12397943104249232,0.09098189187705956,0.04363347358625599,0.22361437355002659,0.08973502753981433,0.08366653406938783,0.07718771839982397,0.08204634961538115,0.18515520031975832
0.11822713436569844,0.11495768458985271,0.039952261051929366,0.08885334521466919,0.05924239234820481,0.10366686936887524,0.11018505513998045,0.11558186907318035,0.24933338884760936
0.0973538153091812,0.13221948604966127,0.04727827392917772,0.12799040781423607,0.1986705286903705,0.048280102135401966,0.11864646455722981,0.15168722196704906,0.07787369954769237
0.13316717147244336,0.09916879125271116,0.2014004551723272,0.09912434453192327,0.06218999252956036,0.17492316485892656,0.11216389504543545,0.05378003300835316,0.06408215212831939
0.0946179388671905,0.10412830530941038,0.020560344665839673,0.24736604457691436,0.16882106563135843,0.044883941187567666,0.21445407700681696,0.05247575870162375,0.05269252405327832
0.11363705760104427,0.12978022491263888,0.049307229850047075,0.09102916990180576,0.04295932304478494,0.19959280055960613,0.1053532154944925,0.10503873070812213,0.16330224792745837
0.11883467428002388,0.11987092256971205,0.15520904246378167,0.1233499576638562,0.1306833312536266,0.09001034005556563,0.0759610396928757,0.1168450759803189,0.06923561604023933
0.12307281406342314,0.0995788258957177,0.05839156649941768,0.16043603374925106,0.0765524355678726,0.11860347925040139,0.12088458062806146,0.08545287879879183,0.1570273855470632
0.06543212511799544,0.06741094545796565,0.17802340669637373,0.10145944753733821,0.2749780434624676,0.021770544004036715,0.09306258127295168,0.16097926632635176,0.03688364012451916
0.13884047981851474,0.19444434369769517,0.055932972460649565,0.10551179330689979,0.09965652346991997,0.06107740738628356,0.12528530950157304,0.13070349238785797,0.08854767797060613
0.08641165882852743,0.0864374910536635,0.18623639960689928,0.10006401669678196,0.117558825807417,0.04064930084684214,0.0596282516180903,0.18243526681904446,0.14057878872273386
0.11455521073269322,0.11948361139542509,0.12498386445687332,0.11869821633676876,0.17691489473294042,0.05511414374936998,0.08121564690508032,0.1447684806065595,0.06426593108428941
0.11457513150464838,0.12808455386293635,0.09666544963385737,0.10763682922372447,0.06981361472699456,0.05222709300856127,0.10560926663498764,0.13187720722992693,0.193510854174363
0.11952891614703315,0.176051477638249,0.041571880261659644,0.1407911740009732,0.07952877736703057,0.08218450940902283,0.14316799904478764,0.1259782740937964,0.09119699203744756
0.14231966237875557,0.12714228693518836,0.08862668026813224,0.23031396602441856,0.086509160759095,0.06755233477551091,0.13082188536789233,0.07521847220598714,0.051495551285019925
0.06649302286487914,0.08091575741998705,0.3624602569312531,0.036787383521446886,0.2471764381234389,0.01913550651408298,0.05374818396871462,0.113320114281659,0.019963336374538312
0.08575813178003598,0.12219423005877676,0.03532815354221304,0.07584570618607762,0.18140149870115074,0.032349037369460036,0.08231719524731336,0.12588745455144612,0.2589185925635264
0.11198532852179015,0.13004488057332309,0.04935954059537612,0.07850824342596001,0.06651271442511779,0.08432800812538783,0.11537186115324471,0.1522448686761578,0.21164455450364253
0.09637186094442056,0.14236334328323544,0.023799628220105316,0.19948699548476725,0.21359174696077077,0.028883415703830056,0.10173557655005684,0.10114252574330396,0.09262490710950975
0.10550843292038907,0.10517500440730461,0.10989014020253811,0.1509404425503564,0.11053637833256398,0.06384997294273613,0.09141391908366579,0.16583961277031042,0.09684609679013556
0.10658918495529264,0.15001529622608709,0.06459109021153132,0.11356671762822927,0.10752895294405035,0.10271705812391548,0.13458159605244854,0.153037611836186,0.06737249202225935
0.1195133156576114,0.15394266146470745,0.03782068409513532,0.1262455019803855,0.10404260534364997,0.05985316489854194,0.13641738268339496,0.1369447204215987,0.1252199634549748
0.08170813044969306,0.09886409647377738,0.045840256912411725,0.10357540240059414,0.07011981376522249,0.1638714851409949,0.08448813001614049,0.16441517975753064,0.1871175050836352
0.11857536313875816,0.15423282138271455,0.06341775951836358,0.20731284855127532,0.06069042513208733,0.05562675046315912,0.09576283353676758,0.1279887439690781,0.11639245430779631
0.10072782113553182,0.09484958621774775,0.059199795616961544,0.2752264095737392,0.06980846334718839,0.09070196946400737,0.12273420096148718,0.11653818228913641,0.07021357139420033
0.11095841670879207,0.14333141154418685,0.035943114959520024,0.10427515867413255,0.0681986406258389,0.05475938205273346,0.1374491900826398,0.16600303343784586,0.1790816519143105
0.09436175502822225,0.0866543919338234,0.04173188356482296,0.2578934314093077,0.04661831335588464,0.10282538168454602,0.08701584102748379,0.10446954871710862,0.17842945327880044
0.09703648097305052,0.1247380928766146,0.07538521037110603,0.17233901898213308,0.09828735571213858,0.04124283601278696,0.14616394672197078,0.16391819302774288,0.08088886532245655
0.10661930952553382,0.13075765421633279,0.03745871504663721,0.09151288992198282,0.06562532574049375,0.10132661217076448,0.1100305489048607,0.15620056304864602,0.20046838142474843
0.12111028213704551,0.11877656877134075,0.05468951744406118,0.16463303467871207,0.06347304880960969,0.11877601344461917,0.14740002197218746,0.1128112252476654,0.09833028749475871
0.11484637430535978,0.13923401656879075,0.05966091777429803,0.10551677783575214,0.045371141141992054,0.1282763273605008,0.0949468519792636,0.1027327371182447,0.2094148559157981
0.11222171509455166,0.0931840866349808,0.05245627806341768,0.16262547428093016,0.05566409256023915,0.061559014225022225,0.19033591823669463,0.07730084003032905,0.19465258087383464
0.09650252891535337,0.05929366715277776,0.17381905589304736,0.05187778750121045,0.30956322514144535,0.05342173373148984,0.03921661176785932,0.10843509645197406,0.10787029344484254
0.09304694929782993,0.10695525551887292,0.2636788872510794,0.0848788675545651,0.1231586404739552,0.03806114918093498,0.08514163287473599,0.16105805411121019,0.04402056373681635
0.13038276891380177,0.096521187537485,0.024095413296080403,0.2084875414791725,0.10815429815809935,0.05703480341521818,0.12809404852232875,0.07807305139877206,0.169156887279042
0.0976822065352851,0.08993597358354184,0.2552170910899673,0.07581126182269203,0.1507652640630329,0.09550222745581109,0.05168358814398354,0.11334363288843834,0.07005875441724783
0.10744718461503346,0.1433260862745793,0.14223391171878377,0.14767874627279728,0.21440288029389176,0.01733395432112577,0.10418424737935565,0.09261755190160557,0.030775437222827412
0.11389927746542577,0.09906052286657996,0.044714071020774425,0.12947141648992463,0.06647698818636598,0.20111494230898405,0.13349166198459325,0.09908208941460817,0.11268903026274364
0.12073785554654735,0.1189019026788034,0.03947735878874576,0.08800118238970993,0.11471707001679021,0.12124130701393843,0.1674221849730829,0.09242470324253864,0.13707643534984343
0.1521183042787543,0.140389899506582,0.033273742010086864,0.09382501676514232,0.12983502010684056,0.0572085153912027,0.1470182135707331,0.11557531527733111,0.130755973093327
0.0957110933521496,0.0991670674126312,0.2968328824733785,0.04773046318933712,0.05199726999324633,0.11441400988024265,0.06739522422728067,0.14395932559521188,0.08279266387652204
0.12657401558987244,0.12261637984532776,0.051255843976539116,0.10510732228457505,0.04311453479453955,0.12371235337870402,0.10901708727367139,0.09334645473179065,0.22525600812498
0.12275060531849896,0.14817341993884914,0.031218982490641162,0.09559510586013553,0.1543167540413721,0.10058779620035478,0.14728108046603003,0.14261049234788528,0.057465763336233044
0.10098584443558822,0.10512985878230123,0.27616468272897476,0.10209806656347033,0.052311274630257525,0.09297454918575258,0.0869781918198969,0.11023460946309423,0.07312292239066431
0.12240222896938929,0.1407217626635461,0.06140041529165319,0.11468065066068929,0.06172233070551388,0.09327495520273706,0.18351024169873054,0.10287689899695285,0.11941051581078775
0.07333617553767463,0.06744308489822666,0.25798030547315215,0.08372691831955592,0.2819604924042191,0.020508982274049955,0.05959395146391267,0.11603041727901875,0.039419672350190206
0.08724003024758172,0.08126735156372394,0.16388668660374658,0.09682041959135845,0.06358645972873465,0.23295222842913235,0.0876600018574492,0.1447935035761194,0.04179331840215384
0.1299046658350355,0.10893227039189628,0.055575307359027826,0.08253492451949514,0.12260233218472687,0.2614651023320723,0.10553075604685931,0.06972367613546276,0.06373096519542396
0.14327633525807768,0.15559866203852882,0.20670865111227213,0.1238422932957028,0.07222315430879452,0.08881783864586075,0.06792651123334573,0.0759710358925746,0.06563551821484297
0.11474020503644748,0.12390386581006313,0.04095577473869557,0.13518315333473682,0.05788227526353651,0.03978040643942823,0.10507269361029904,0.14430167198112298,0.23817995378567036
0.0938109550156095,0.10074667657815549,0.047366897796552364,0.10684254439409746,0.09719353710499469,0.05577790584740788,0.09695439374396643,0.15177729348026842,0.2495297960389478
0.1051691249586278,0.09551789266790894,0.08086432412126889,0.10439104662407805,0.07431365718716021,0.17763815858797546,0.08808112106200892,0.10965470153008085,0.1643699732608909
0.11102367069454887,0.08672884465931115,0.06271047215195041,0.13541441728724815,0.26986712213427316,0.13294239880068906,0.061404733679351314,0.06931146302642234,0.07059687756620557
0.11154206742252143,0.12036609265124694,0.1140435036835543,0.10454848619343511,0.0435072809330263,0.20984118176434466,0.10336482153431718,0.11668955519140324,0.07609701062615086
0.08909581575313559,0.10466787552002994,0.0433443675614616,0.12864607851462828,0.16077878595167147,0.04852860354916483,0.09323116527818513,0.17202285768259537,0.1596844501891278
0.12301799583483235,0.1477200743964315,0.0332472948219811,0.08726165932463731,0.27165432768773684,0.04654337756981609,0.10900554672372902,0.11593772132005875,0.065612002320777
0.08842073237515445,0.09285719752541517,0.06389204745653206,0.2312016577574184,0.12304992148339577,0.05755711422287468,0.14484631814284452,0.10522550589832426,0.09294950513804066
0.14454696208008322,0.12003128648151114,0.0823659887788688,0.1365744220428906,0.05907988432435187,0.1418997338517881,0.10661852050611041,0.08125907338497503,0.12762412854942085
0.10524019093694335,0.08795086211929987,0.0959713950708984,0.08600994696100389,0.1544355263074308,0.10884086597043884,0.10038381593874264,0.1764567496305349,0.08471064706470732
0.10481143178036112,0.1339249887820239,0.0276074512626015,0.12946271783257476,0.09763503571904313,0.04758102354773714,0.1145872155051636,0.15782059215790595,0.1865695434125889
0.10156191920889056,0.09786852014605835,0.026763164607502794,0.09492019923759132,0.08048126662580865,0.0516387517425295,0.12509055394004043,0.12261649685237419,0.2990591276392042
0.13366136558262384,0.10903518436778531,0.028735958515536248,0.13896259298956326,0.09501830223029106,0.05991485792577891,0.19925161537420952,0.11340752329821535,0.12201259971599653
0.08344363910262198,0.13616063642069512,0.37530836546417845,0.06713842597952813,0.1131153655110607,0.0326187701914838,0.07027730541381312,0.08774981610691608,0.03418767580970262
0.08518217120947962,0.08590890055429912,0.05510669034427582,0.09412399366634516,0.1880539223787284,0.04480735431934202,0.06074622843766292,0.13637573370604858,0.24969500538381836
0.09155650601194672,0.1680006483808435,0.03620068527769673,0.1576690180797234,0.06689342615623477,0.0547766649030415,0.19181884745678843,0.17191826741335234,0.061165936320372656
0.09804333007270828,0.09816097702969635,0.0407180025322731,0.0676775239467049,0.1763468981310711,0.07255619294300066,0.11168416796771967,0.16006076818999063,0.1747521391868353
0.1074571848963284,0.1269944226979737,0.060380350556165176,0.1466602397598084,0.132370909855387,0.08323876878372242,0.08290482138871501,0.1620184997741804,0.09797480228771954
0.0804323808675287,0.11894593387496986,0.06236848491550645,0.08450488707873127,0.15956151474168226,0.03828098051214731,0.09266359114105949,0.18780560000007673,0.1754366268682979
0.12707646066114484,0.13763250214275516,0.0518058980467607,0.10012544951025652,0.0748181500791411,0.18098434936899865,0.1153240600502788,0.11936925520739135,0.09286387493327299
0.104684254126282,0.13170658355807308,0.043632164341817915,0.14693729054483293,0.055311267856813985,0.08089628533829975,0.1385964235719532,0.16492020275855312,0.13331552790337406
0.06730363309696381,0.06816854966322684,0.3525434051494427,0.05962168354754697,0.22994051507805893,0.02746050153036242,0.036140915418118036,0.13141741849763566,0.027403378018644526
0.13107530050399094,0.13026717389200396,0.0370954113172969,0.09361974295404422,0.07222665460099038,0.06441034833179053,0.18466716564818184,0.12213864886877975,0.16449955388292148
0.11873645228781986,0.11099680943359273,0.06034462452436249,0.0733258252544552,0.11330481726689606,0.21440921975246888,0.12448984106347,0.08563885183950898,0.09875355857742578
0.10295350018127884,0.08346039514201399,0.07339778246397714,0.08636605062459773,0.18712407381571036,0.07090868932100848,0.09298938295627734,0.17234246325333155,0.13045766224180458
0.1383188826765477,0.14545096263052204,0.024518383428238952,0.06369884151879386,0.09349554221753564,0.1503124401243835,0.19731348941617502,0.0907851502308673,0.09610630775693596
0.09368712426411203,0.07503521455169081,0.2635043071901102,0.04755302740017862,0.14966428791197958,0.0807245739369913,0.06110618549843233,0.11218532242750463,0.11653995681900046
0.10360359929798234,0.08862160705199791,0.03501464792458338,0.18379124039123304,0.08673705948075694,0.12439130764201169,0.13285236024079916,0.145457419792253,0.0995307581783826
0.12405263522580101,0.09315153153365839,0.07927686348939707,0.11043001340529708,0.05352045225422226,0.17251171411997246,0.13739266702045205,0.10897269878215486,0.12069142416904481
