0.18439765849793965,0.06851028387361446,0.058710938994460726,0.11001112486341186,0.15678413005261063,0.11338286120376179,0.10316684097501576,0.10249432299300298,0.10254183854618214
0.11017894417228986,0.11126638097173225,0.07254100036140623,0.11048413269242063,0.11955538110608159,0.10010052895237294,0.17217531722373902,0.032084076527797434,0.1716142379921599
0.08598075487990614,0.1887837484614474,0.10567217595904695,0.11234096644501441,0.04634333050872113,0.09310505452441753,0.16213298716941246,0.06794675701919005,0.13769422503284395
0.0607770659074481,0.0769567079601375,0.14792077582131427,0.11098537386516061,0.08020802937788478,0.10468243085134217,0.1678738556588084,0.020291090224327336,0.23030467033357685
0.10705878726540724,0.07361769995421587,0.07576842417738132,0.13479748181127751,0.17470455766718274,0.1559108135918283,0.1360676371016927,0.0469677768860751,0.09510682154493921
0.15337802038436402,0.11086212282036206,0.13601163001292563,0.10560370015780679,0.13229010065938474,0.13458108109500405,0.05853555693315223,0.11306709170035785,0.055670696236642614
0.1036721734178625,0.10143321499375617,0.12815954071900768,0.15333826488290356,0.0826713345907676,0.14432416293287623,0.0936386569637203,0.08714195877662567,0.10562069272248037
0.15454835287194804,0.15234971021164787,0.08078321898624882,0.10172039879155831,0.17862089874398324,0.10081944654956544,0.03506473726789618,0.06143529219302533,0.1346579443841267
0.10875869590188914,0.16680812474616954,0.04131844808922386,0.09106227964638336,0.05614713515373307,0.09194850443058962,0.22391347115969373,0.12040722955865298,0.09963611131366461
0.0754191951138522,0.09740399706381675,0.147297855994134,0.0991960568016415,0.09628060353044077,0.10597003417977435,0.17128504362195204,0.143787524509028,0.06335968918536052
0.11909455320111094,0.14769943616760176,0.07606002681469141,0.1592465210640567,0.14628953547549564,0.1079520903609273,0.1017088069615061,0.05278445417871136,0.08916457577589874
0.1420593982145328,0.11141569752675547,0.09883937993960633,0.1278584754676782,0.10927257918123758,0.11737978435831387,0.09583791811784192,0.12776539883214774,0.06957136836188607
0.09665030816691943,0.10163200007320013,0.09325789902229063,0.14761012061613113,0.07619743790778512,0.11763799963242799,0.18631215518572866,0.07112987721022913,0.10957220218528775
0.11178877437266854,0.15261672803016266,0.06812427664861469,0.12327747044726649,0.0677968179937849,0.11023037340849201,0.13751893862473594,0.09892511590807242,0.12972150456620243
0.13482987259276563,0.10259503272299893,0.10177543462902161,0.11058924497536991,0.07265389465200008,0.0860240352171044,0.18942971975031023,0.12220413418225425,0.07989863127817498
0.06455512751390169,0.124925241732126,0.06013257244335226,0.0979828340336968,0.0934166503664029,0.14709379897655525,0.07172247908328944,0.16989343287666156,0.17027786297401404
0.15283471240315893,0.11577884994825416,0.11357291557506914,0.16088692104554356,0.13090756307773252,0.1267454482770883,0.030052238938368513,0.10473494888695173,0.0644864018478331
0.09415130053368569,0.17294406625742922,0.07149132876171649,0.08385115757713857,0.09364770255580031,0.12686863909575238,0.12430941316933004,0.14857566306453354,0.0841607289846137
0.10248150518863909,0.13060984306752324,0.06415224342833385,0.09293238053416232,0.13179928273630084,0.12021207119611793,0.149054404606396,0.07365719714495142,0.13510107209757535
0.09565758761792724,0.1549012962419916,0.07457104242860473,0.07335935775994955,0.10166911240381689,0.10866108317102892,0.05290906786525493,0.17576330911714966,0.16250814339427647
0.09776081481710681,0.06146117259826265,0.12850174054123606,0.11674638104697721,0.08338961924446076,0.10368553875022117,0.14646259570421116,0.12481169583211967,0.13718044146540453
0.14716114971278982,0.11121979570552332,0.18587198866425791,0.12203772711233818,0.07475595510821932,0.07790653510608386,0.058744165888220144,0.1488212487709464,0.07348143393162108
0.2153968076218268,0.057570650987788734,0.07747886622557092,0.1699926457466382,0.10233724687438654,0.1043141406664066,0.16418062811565018,0.05395716648792742,0.054771847273804665
0.14648776376520348,0.04211813210674128,0.22633246491960302,0.1405938732850355,0.06909135646256534,0.09345437747287381,0.08845646279668658,0.074667189724135,0.11879837946715589
0.1276041792774102,0.10681102101818525,0.13925309506689362,0.14062819858765993,0.0828550954601882,0.10432548644382332,0.13951879042677626,0.0826993420404919,0.07630479167857133
0.14266368182157022,0.047795644534778026,0.03787151143634595,0.1666752146982875,0.11445403425518379,0.10099768854609291,0.15513339084568126,0.03592402999454639,0.19848480386751408
0.07481749392151592,0.09377433009463702,0.045329692677916145,0.1428213392895727,0.16172169351233975,0.1175369495607655,0.04109042004048471,0.10264039183039136,0.22026768907237684
0.07605406366570498,0.06132289692089956,0.046648982670995494,0.11326341099908398,0.10029468467107845,0.1143506681176089,0.06047923239093072,0.029511451464652793,0.3980746090990451
0.11931982668552947,0.12378725485945845,0.08382622817897552,0.12743554302351753,0.09116055302022257,0.14621636281816017,0.0966708204217569,0.11037901689798542,0.10120439409439398
0.08825109618784006,0.10186490008607028,0.05742973387365933,0.11005397740290673,0.14269204770272326,0.11003104465620377,0.20582276526905904,0.11064972719829454,0.07320470762324303
0.15706608098153654,0.17408542323920698,0.08840011743189631,0.11746771868176971,0.04098500113577742,0.09833656444096373,0.16885383626150016,0.10823852753830594,0.0465667302890432
0.10448118338040889,0.08071190935130414,0.11385778375189183,0.10000936264019185,0.06526219328210925,0.10291649844180462,0.03284646471294999,0.27036106472588145,0.12955353971345793
0.11232607487214424,0.10941018244013671,0.08056153046405089,0.15950915303656185,0.14297062756922846,0.12985179139040096,0.05286083300929498,0.13985000889932162,0.0726597983188602
0.09654076359126297,0.08107644645019889,0.09803008329625612,0.14580445036388195,0.16516948065769219,0.08375054428442243,0.23040526965470817,0.05111695519740955,0.048106006504167666
0.1294825847009302,0.08012372295231464,0.053520501297436594,0.1008632922919963,0.13606295995067477,0.12121918765378699,0.23012230315438856,0.06120117560534652,0.08740427239312547
0.0964694547530161,0.09049785406489698,0.09619832664032575,0.14279219661178985,0.1272435261940522,0.12561509675877336,0.08551515252132576,0.14315295755430932,0.09251543490151078
0.09279818259612375,0.2130023840676558,0.0645261550613333,0.06830938161892068,0.06836229337136031,0.10568296496663314,0.19643317307514083,0.039362199420478076,0.15152326582235412
0.16865980374029202,0.0809598251912045,0.07182443558692764,0.1698377566741134,0.11334146673980035,0.11731833099744925,0.11449195168943821,0.040625914809005056,0.12294051457176959
0.12085853719920835,0.13608068116604086,0.06200902174830833,0.09258509092281593,0.12654272883706663,0.11766195550601766,0.17573869155127173,0.06053244116017573,0.10799085190909492
0.10593124381316821,0.12610344084106795,0.11227699578831596,0.1537828457957116,0.09568860959893165,0.11628355567488008,0.050874406522156246,0.08360846497044788,0.15545043699532046
0.09700722125106792,0.14421471196949642,0.04589981766713857,0.07756032100237283,0.1916974830608674,0.08717222503006167,0.016593932479139827,0.09541298926101939,0.244441298278836
0.10788383999999758,0.07867777079243019,0.04830178595481697,0.1401694319001949,0.15381322152693588,0.11065140379345155,0.06897828004768163,0.05616554482538951,0.23535872115910172
0.07018948749460677,0.09813790208443561,0.17729380843542467,0.1335851255628826,0.12160742674779672,0.08378096591940126,0.15141469649353154,0.08547852769127301,0.07851205957064787
0.13472354290434493,0.17685690687136624,0.0802938774664355,0.09105847973684145,0.11916442623713337,0.12156684902775343,0.09102399099944024,0.06526428369496783,0.12004764306171715
0.10735184494987265,0.20092107727139238,0.07113636989977563,0.12377875467121202,0.10030839894049591,0.0972729639857472,0.02702714299060344,0.1903620086065476,0.08184143868435312
0.06434219295196912,0.06438040027346148,0.10293753465232454,0.09763320780176216,0.18698079202062542,0.08985964749011188,0.11312599744654267,0.06120889187684,0.2195313354863628
0.06957681088745488,0.11845074854150274,0.0839296030927893,0.09227992098764613,0.130050773010381,0.11693966641306303,0.03860114121160288,0.18366441939086467,0.16650691646469537
0.10780153630531335,0.1733653384937577,0.08589787117932307,0.1396984551052643,0.10635703362969762,0.10588286755995226,0.11386692694673071,0.0525251191430168,0.11460485163694413
0.062281364112355575,0.11559872678321277,0.04256598477541826,0.05655773290366803,0.11369984138181936,0.06655422470595755,0.17743160741551378,0.111501277433939,0.2538092404881156
0.07888843541701988,0.13975841363177272,0.04844785352686018,0.040121637142177126,0.16768247684371987,0.05383927925475778,0.15489919882385494,0.10148994775708124,0.21487275760275626
0.09427119582195191,0.11911255610273136,0.14604915747096428,0.12836612958503976,0.08127251389882284,0.11025292621128667,0.03172407353894829,0.1621709834743044,0.12678046389595052
0.0990594231556966,0.08285968700848063,0.08936072378739746,0.12693444458436934,0.12413946416573667,0.11447445000037493,0.054259944843439274,0.12761610664216103,0.1812957558123441
0.13145404279849462,0.0978799742041987,0.3351885317127452,0.1402420442390164,0.049629526161708105,0.08177132231558475,0.03964204517175271,0.04806678952173336,0.07612572387476607
0.10191764287163978,0.09843582233506672,0.13466834951690806,0.11629751025195474,0.0975749461934547,0.08101904535388704,0.09492047743299514,0.09577295531321099,0.17939325073088286
0.18658330575074977,0.11631162183319445,0.11947437111051867,0.1224317653375084,0.15416053709511582,0.07200881822965326,0.07067534927170425,0.09770220107817112,0.06065203029338426
0.11885925330776796,0.14438912904034987,0.038141536269953244,0.1300646877081535,0.08024982382248978,0.09307228380373896,0.12618338240844812,0.02456607644172439,0.24447382719737418
0.2117301786312615,0.11204246080284153,0.10135809250689819,0.20310555559859567,0.09209799143522596,0.11971960918155218,0.04186926810927031,0.0563255085405985,0.06175133519375619
0.18510948538425134,0.06643464184577344,0.28485222634101764,0.21323122600104208,0.0525881295587331,0.075618715074228,0.05517480551108595,0.040365291502111766,0.02662547878175665
0.18559439719534543,0.08921480375959993,0.10082191691068744,0.16572016654241864,0.17228406039222124,0.1053591486168645,0.038823609969106325,0.03349511932065603,0.10868677729310049
0.1551649866912872,0.06458007104198998,0.11375338132660844,0.1431896236939597,0.0802502244135036,0.0973621798199813,0.2069830094944126,0.033932424617233614,0.10478409890102353
0.09481940189157079,0.1577872944305602,0.05244017733481222,0.11171264719828715,0.08872403807728424,0.090747047945596,0.1305620201139354,0.20640686890628415,0.06680050410166977
0.1259014604896199,0.0967213881511532,0.21839847405823243,0.14357389660816008,0.08708078250751085,0.13047546021044226,0.040312190244269935,0.06917921879399641,0.08835712893661495
0.10739020510726978,0.10982305202083209,0.050238589156320075,0.11297826973608428,0.16621136651598184,0.09604418325487607,0.16063375337819633,0.09626361778679882,0.10041696304364066
0.13418477083362776,0.08603714066019101,0.07513535743542052,0.106093975824676,0.17319799392038135,0.1177316166594688,0.03377374320822609,0.16326216740979713,0.11058323404821141
0.15859473910397207,0.10846969879179179,0.05869707174920463,0.10954620188439447,0.11042948427601595,0.10857274143763662,0.15874717918811948,0.03627387225959285,0.15066901130927216
0.12199829053876447,0.14856797824357024,0.0976583930185194,0.08755572232921867,0.048514999130069576,0.07129672621727849,0.07165438182142209,0.18237317428192223,0.1703803344192348
0.27156448657168075,0.09801432270524031,0.0895764006504743,0.16057434009021615,0.08668632137984685,0.10207347805489646,0.043721477991014605,0.08293631597755634,0.06485285657907422
0.10580756475801856,0.11647815471590668,0.1069881486819216,0.14953042398010638,0.11544253506722303,0.14580366915951762,0.08026220338576917,0.09458479348090278,0.08510250677063413
0.08583670047782875,0.06841663337325797,0.1613328730260042,0.13197612096133363,0.11704337157407511,0.08659687252463932,0.12925038233437955,0.05719693901898212,0.16235010670949948
0.10765478399936308,0.13745461591271954,0.05521021268657528,0.08704264566743924,0.12682838694905865,0.16352695461526268,0.14385555263169666,0.06674884394994607,0.11167800358793877
0.19899526008416935,0.07256038100813612,0.30472278747142273,0.17534514881133012,0.0517689471772417,0.06659972333765134,0.0437087403973411,0.04251772806118507,0.043781283651522555
0.07867922212930677,0.09854885669726839,0.05302998040442867,0.11465014873508861,0.11184794120184159,0.08412795649244266,0.1410586131076512,0.04664535244034256,0.2714119287916295
0.1888248564076022,0.10467555833392843,0.06865972459142855,0.13030477924642636,0.12015946145555317,0.12655072519370736,0.09965835206323947,0.06138177203591419,0.09978477067220025
0.1234485249251599,0.09317934079351943,0.07534558255602017,0.11818676240672381,0.08817053623807253,0.09636290832156746,0.21941347390971086,0.06940639426290035,0.1164864765863255
0.11242846949324838,0.15260303468195055,0.10258240256060759,0.0994971029086078,0.08446087760460502,0.0885322769931741,0.04195093139187276,0.22559201354943884,0.09235289081649493
0.10806602412033135,0.14597339786746572,0.07522377504021453,0.0829982870462201,0.1038290135039922,0.0938569389612063,0.08741357914004615,0.13905591881891216,0.16358306550161153
0.0837066203445526,0.10492618090837029,0.12876636091333957,0.11046762359568203,0.11716366849141907,0.10054203894443707,0.1757449124669348,0.12219878077834874,0.05648381355691586
0.09052702028830606,0.08276077704980232,0.07900235835016499,0.12014619775765935,0.12502626922868157,0.12170206378244668,0.08517401358997469,0.18727494522746438,0.10838635472549989
0.16252912831898933,0.039834994095714955,0.2927306613031186,0.148262394197571,0.04433645665240438,0.08727187368665619,0.057103917641951996,0.09811622826035699,0.06981434584323663
0.18329746863125917,0.16745993799279132,0.16349629121361797,0.13159778374752165,0.10492894315404155,0.09672000361771853,0.0435131774067129,0.05085187027811892,0.05813452395821797
0.14352735498378053,0.1644876741460173,0.06324474034902665,0.16210254040604347,0.11914931158816804,0.11500221756876218,0.06859783304924506,0.07995733313681845,0.08393099477213832
0.12923896125392423,0.08780703993049654,0.04036569210840498,0.10945851239123322,0.164269855412394,0.11415709147464721,0.22553548419995964,0.03799047018856037,0.09117689304037975
0.12453632635224988,0.17473494471507242,0.08382318241379705,0.10443823029817634,0.098869946476693,0.1019784438333805,0.12717087513559955,0.06408934015361271,0.12035871062141858
0.14116974765148696,0.06243098349881385,0.05061386428696216,0.11750554587509739,0.24850682587311254,0.08275242621745822,0.13261653852367308,0.06401680710117154,0.1003872609722243
0.11762558738387147,0.09565616242299364,0.07109519685693515,0.11266032368077665,0.11080995017479535,0.1384937918327888,0.12164689307759352,0.18654424067436556,0.04546785389587985
0.0957653789791809,0.09098293947542242,0.13946494298198234,0.08802612882191833,0.12687858047894673,0.08496974896475366,0.1402127377710541,0.056080648568175594,0.17761889395856592
0.12894091622301646,0.07498899950735988,0.09069290969254411,0.18050756389626785,0.1242825149093061,0.12420868651445066,0.15774984918930293,0.047013339319419,0.07161522074833306
0.09780786829160543,0.14946519504789155,0.15430970666293917,0.0919808660735539,0.08432047097880839,0.11937306277171077,0.08231525461214238,0.13515261228490508,0.08527496327644342
0.1523048213864979,0.17137893525206827,0.03982593366174155,0.0985456837386911,0.109249145180265,0.10498133923084901,0.055135147883193736,0.1717646452692716,0.09681434839742181
0.09272446767898472,0.0985932243454213,0.08220900215469538,0.09223044567917828,0.07265072412386685,0.10999674697985372,0.07650430340300984,0.2172171008710019,0.15787398476398795
0.07230491543772677,0.06558473470473315,0.051176386352775986,0.13801720786780206,0.09775135196131,0.08009973100846242,0.19519579216616909,0.03217019014736863,0.26769969035365193
0.10399181998171521,0.07479996868000112,0.15393025781964573,0.13922306306266088,0.09516979472886337,0.11710493861447994,0.07379771295179123,0.09301114714994747,0.14897129701089504
0.188127331523665,0.07818272631367539,0.12193715568353852,0.13441853078583188,0.08192370037456177,0.09124645967545236,0.08656469295949228,0.09308564933780406,0.1245137533459788
0.26082234167355295,0.09712008826831088,0.07904031522561887,0.14941776119037517,0.1121191604583206,0.0781921696683373,0.04306627597971658,0.05315450479637334,0.1270673827393943
0.16210087236672252,0.1391565987142593,0.06549731597116738,0.12718764776387514,0.07245002941274521,0.08911365464387651,0.199768327632087,0.08117404960869375,0.06355150388657314
0.10301883390149431,0.25130738718423257,0.07089429033201289,0.12447732866762912,0.08697340945199174,0.09052878579406592,0.06848902022565086,0.1075165617257144,0.09679438271720815
0.12449109924378428,0.13856567743568407,0.058824744162099464,0.11262755680085494,0.1516438181759345,0.12427708559001867,0.08310397588523673,0.10762310935140824,0.09884293335497911
0.12949934514151756,0.14513225309974995,0.054271313600653036,0.1160007479739668,0.14491121086980385,0.09039340981684618,0.10677355118494468,0.11011493848594213,0.10290322982657578
0.13682022166769867,0.09637046438299156,0.08511378586622653,0.110841396761469,0.10601825214957417,0.12687577373384992,0.08097877612792204,0.10924043165790581,0.14774089765236234
0.0984495001742036,0.12715434559491717,0.06388169655047317,0.13368919651441802,0.12960117126338583,0.12444605465812227,0.09611974554349578,0.0864558929473752,0.14020239675360904
0.10082800377102734,0.15939034759027915,0.0638520736012101,0.09453110176249019,0.13811236290765674,0.1145454298961782,0.06052983461361599,0.1481268414705574,0.1200840043869849
0.15755719160305273,0.0632882240891006,0.1436690481286853,0.19466360929532892,0.06699055136007742,0.10553609931732238,0.07531767903301728,0.044124499144421424,0.14885309802899394
0.14227175469966433,0.06752173447320578,0.04920733974060699,0.15053157002097248,0.24740635201854577,0.09859017451785711,0.043919627187019604,0.03149980861161772,0.16905163873051018
0.11826767615108531,0.14696247543541752,0.06028014964321843,0.09876940126162063,0.1502493269104959,0.09445539916343663,0.09785458698629312,0.13210946479764918,0.10105151965078318
0.11752367970859462,0.08556460300124347,0.07908428255537853,0.1277937794070119,0.1706912041408164,0.132592326431642,0.0527600209118228,0.10447424985127185,0.12951585399221852
0.10056303983797894,0.1279365970954842,0.0692099047229215,0.13513659068995845,0.07470811434096852,0.15672421049491356,0.057841950738159224,0.17699172740621746,0.10088786467339812
0.09663064236277512,0.15360865162077275,0.07699930605867271,0.10536555223996547,0.17155486082732882,0.12156019800082622,0.054967845357475044,0.1377028148535233,0.08161012867866062
0.06749018924365796,0.21014149505427318,0.2796626578433277,0.11273290803195114,0.10153991022803123,0.10711330886335181,0.03134688749794035,0.04566268901363616,0.04430995422383044
0.08039469346542305,0.17511196109040483,0.06227725152608515,0.11284302854246109,0.09011446193921967,0.09838605213009881,0.08262329684867252,0.05845301120989512,0.2397962432477397
0.15725626031029508,0.06256631783366806,0.08841627103713823,0.09707887234522028,0.10934273721463682,0.10182604684457408,0.08805592958939801,0.20855174977862567,0.08690581504644383
0.11175509288213943,0.11314418431947187,0.24588634898368464,0.13574781394950797,0.08642812592053732,0.06713854170821082,0.13663930428387658,0.058945365336170785,0.04431522261640061
0.12271986187560728,0.18349733715266633,0.046739935259759884,0.06270441968884044,0.15474260818668648,0.09498039933650686,0.041583460946808704,0.1676700829234524,0.1253618946296716
0.09772927913724684,0.15014701192057003,0.080593806295664,0.12093869484434587,0.06651320520730213,0.12358362115503811,0.17726328230641183,0.06904735762358508,0.11418374150983608
0.1431246714388623,0.11879348749707075,0.07677316458335841,0.11335574060667263,0.10259413222535069,0.1604378410252643,0.09697720080285281,0.04669830009488549,0.14124546172568256
0.17816004085223477,0.08486449171442634,0.2414274003753926,0.11339168262627096,0.10147398357167021,0.08669577065939142,0.048644517978855994,0.06782693614120404,0.07751517608055364
0.1664546889394295,0.20685718655218155,0.12573930698102653,0.08806391505773521,0.10296107570107578,0.08096261980687502,0.03997062180904807,0.047539296087162015,0.14145128906546636
0.1515945667235673,0.08788911496295199,0.1921768398246564,0.14596390896499825,0.056074692752395405,0.13444157765768883,0.09061125687890854,0.06989331743554877,0.07135472479928454
0.1243488184163463,0.09377228062197206,0.06489303474422342,0.08444894565265636,0.12147801703032128,0.09716856882387563,0.19765923578848765,0.08399208306118822,0.13223901586092915
0.10302379199318235,0.13030516845067608,0.14730372280178558,0.10586510031994062,0.09150041266962465,0.11819922418050059,0.038882506994140205,0.12678305273643015,0.13813701985371984
0.11164554792348656,0.14170185397089055,0.10892922066676537,0.0933990301745128,0.06091365744693412,0.10372286664751706,0.0701501667891437,0.22402667057805714,0.08551098580269267
0.08156938845628793,0.06607222190057714,0.13688733505330103,0.10525999970268356,0.06052117802948648,0.09508335432257391,0.15477055448299964,0.051338890799855104,0.24849707725223516
0.11688450427561382,0.09910797095614486,0.08113171717667206,0.09571192637218935,0.11801443084203989,0.11462643969858748,0.09556080235123975,0.1875969303444063,0.09136527798310644
0.1051292934929654,0.1669337393302722,0.07834429442688755,0.1322519918729084,0.06096607142476892,0.10929921207091486,0.21685424064932912,0.0724977198369812,0.057723436894972356
0.10440330758618022,0.13437660305040247,0.06964997205419617,0.13624936931787354,0.07960449875810964,0.10170626215241264,0.2643230583789185,0.032905371209671,0.07678155749223577
0.1305097366180575,0.11045169005712245,0.10198515768284876,0.09316848021406386,0.12555358689045026,0.13832502529897947,0.07930295662543364,0.12206532282228781,0.0986380437907562
0.11169179619280604,0.12102019172542851,0.058006571414569476,0.12304997784069283,0.10634298091804358,0.12095069662965115,0.18296306260357412,0.026951476464025157,0.1490232462112091
0.09422525299523594,0.17212842400948178,0.082794154743818,0.11851446308005172,0.1089472493688022,0.10150851051813575,0.07689678474286839,0.10865585472205612,0.13632930581955005
0.1093652728064771,0.15204110891398367,0.07277211288453429,0.1476339744468517,0.11573546686879525,0.10943619092997303,0.10498042097964329,0.10976839961536501,0.07826705255437662
0.09683028967443741,0.15169337568455074,0.07059070874321964,0.12553156173247418,0.11728541658229306,0.10424809853826476,0.10108839919267204,0.021820058469929477,0.21091209138215863
0.12476782352359354,0.12414655176591882,0.05864519163130427,0.0846653041814091,0.10567774075119211,0.1376215870284159,0.1499825474797833,0.06016416259052432,0.15432909104785866
0.11340907427859981,0.05285638186764043,0.05593738092453957,0.17060655612546505,0.1449662505521039,0.12543951238857734,0.18311167075923682,0.03127017890514622,0.12240299419869084
0.09118708371414697,0.08748515489767827,0.06582105591317573,0.12683333690944917,0.10774481280008046,0.10126593983857786,0.2192095310746952,0.04284429232727213,0.15760879252492416
0.10781088251563804,0.07380383488564678,0.07928467334052912,0.11233363802086567,0.14103715166936134,0.12843979207987907,0.11237914184482221,0.06692371934910904,0.17798716629414876
0.11718607948939223,0.13708775504724766,0.14827626626946613,0.11806495723934592,0.08989923175024661,0.1327673325201754,0.15786841220325312,0.03193877063056531,0.06691119485030758
0.14016305961401812,0.13774801197066885,0.04150079618695802,0.15764697634080038,0.0872036647976614,0.09006857249781196,0.17535845418867413,0.08856717625872566,0.08174328814468147
0.09144397660064835,0.08312957366568396,0.2000726301760001,0.1033290584457156,0.15203612482608495,0.0919727602787252,0.14885142942948698,0.0269472500403727,0.10221719653728216
0.10284867415395561,0.23534043805243063,0.1091710264557574,0.10372564526915616,0.08230928151800024,0.08622592987156008,0.0571762700660024,0.044911878619363854,0.1782908559937737
0.1771476997949001,0.03862482920110639,0.2569853055723846,0.1270205120480109,0.038000237796656254,0.07399450705297994,0.06900551989944519,0.14782495266916257,0.07139643596535405
0.1762202302496159,0.1325350624567064,0.13172062180696287,0.1297450307222778,0.11224717102008452,0.10851970786400973,0.0970440570356081,0.04411751836735033,0.06785060047738439
0.2116993246324085,0.11655341420795884,0.07942119024462208,0.1276750128314316,0.12091595361690542,0.10963870245970804,0.037607198825526544,0.1213916181849869,0.07509758499645207
0.10151900754275452,0.11766487747844201,0.14743053866601832,0.10632977306880115,0.13632764736686262,0.11673472022255453,0.019606169936710344,0.08599594874006465,0.16839131697779183
0.11473313801551895,0.10314333225626894,0.12112687157327422,0.1714402418617147,0.14672850755210973,0.16975609598963406,0.03608063731458822,0.06723694011736263,0.06975423531952855
0.19211991458232883,0.053914919117408235,0.19959570153434225,0.1418798698020943,0.11052691382211899,0.10199966594009509,0.042717282676886244,0.1059731532257247,0.0512725792990014
0.12302711725827482,0.10225965096295925,0.05814011456673182,0.13868809311437322,0.09911980500866202,0.11397629155380858,0.2595855905535986,0.04397664377074489,0.06122669321084684
0.1397027699462998,0.08512788075237156,0.18571551883172954,0.1587180424086256,0.09599120937911675,0.09303840338529312,0.051382997051818625,0.14349992059445174,0.0468232576502933
0.08074244260225978,0.19835657951898308,0.04373450343236562,0.1256916454065504,0.10210621506948932,0.1101451867343089,0.18096342542071417,0.10364230985252193,0.05461769196280684
0.17353660205094568,0.09372425865127422,0.09378461296488698,0.1368383957191839,0.10311585947021056,0.12429203938309763,0.1802880480170719,0.040310939498971465,0.0541092442443577
0.10354003595598292,0.09307746184019679,0.07061685940974172,0.09417890592650507,0.15783129217622835,0.1251222322083786,0.15496141201372543,0.0930320530294676,0.10763974743977363
0.09491965966750089,0.13336745248240486,0.05941542537861489,0.17541758749741754,0.05675057539149192,0.09585780784600295,0.16140014350495144,0.05345558134158603,0.16941576689002946
0.06992881440446742,0.08434472962489474,0.0975463856086088,0.15237061243721803,0.07366021354926512,0.08950894131440901,0.12198908300010335,0.0356445564694989,0.2750066635915347
0.19738140885913166,0.07858850857308457,0.06447300736221719,0.1163409444786747,0.11198180086839434,0.11843673371483299,0.08027311488234534,0.12040686005549618,0.11211762120582298
0.10430528957200302,0.0887862008201885,0.06781857019152779,0.12023859007540239,0.10700026708274842,0.14256061679755347,0.08523397044362968,0.16513513697565044,0.11892135804129626
0.057667175380421515,0.21379744388922098,0.06372373327059595,0.0888064598403238,0.08334051661032048,0.08289340988655913,0.10958694800760138,0.20302989201738922,0.09715442109756757
0.14112111483981318,0.09340549937499622,0.09530014666374709,0.09259428737784825,0.11824856742218158,0.15615507976068932,0.17033847608654487,0.05072015687004003,0.08211667160413953
0.10414794136289357,0.09870685956577267,0.21052934475347307,0.1261369748896062,0.09737683847717514,0.12678643640089773,0.07594627477796852,0.09831605758597566,0.06205327218623744
0.0893620266788809,0.14153165040241547,0.04437566168663463,0.07746147283833682,0.12285668548454474,0.08655582835579546,0.23648488642313112,0.1147138419461975,0.08665794618406346
0.09621083167912182,0.1885532254722079,0.24405266464145514,0.10071594585374312,0.04375630632017638,0.08896273035766951,0.05993963525648464,0.10392697954687774,0.0738816808722637
0.165179107943494,0.06320552496695171,0.23264923781561922,0.1232757841621348,0.10384619372258941,0.079014161896521,0.06643019890359995,0.0661814772121367,0.1002183133769532
0.10373384820522136,0.0911511138008736,0.13576322074481897,0.12947137064863545,0.051231893568478355,0.10010529452542317,0.1292347123883359,0.1707123633584372,0.08859618275977603
0.1445935145131917,0.09365368927114222,0.17133900784434544,0.17531917281063855,0.08554349975179047,0.07960665476784173,0.08509007719692029,0.0968707046595782,0.06798367918455141
0.07385894665660223,0.1440452780386761,0.10013131963746728,0.17137815858688313,0.13186795653420622,0.1040801343951095,0.04830865258430011,0.08958704195378275,0.13674251161297266
0.1183138429063109,0.12885193275092305,0.10842043879884126,0.12677459086874285,0.09547073243562121,0.1121794066444539,0.14058384467773277,0.09577335411091527,0.0736318568064588
0.07082802915536954,0.13993967441678898,0.050464982308430655,0.07239998158550003,0.04379659075204703,0.10976170890429131,0.27900701575261544,0.056973486845328714,0.1768285302796283
0.07168079749071832,0.1087600933357032,0.0579112194637959,0.07054697818593983,0.06697833709475899,0.07814214288787669,0.29680403012875217,0.039984688807581735,0.20919171260487315
0.09699435629776287,0.08157989903854561,0.06387087278325439,0.12506957168879076,0.11417843708183656,0.12266234645852714,0.1408007127940618,0.06429969915337137,0.19054410470384944
0.10776742942932871,0.12990665320787087,0.06433540490463112,0.09262670232492187,0.107582334381276,0.1602555367660358,0.20995462711367366,0.052249502903557,0.07532180896870495
0.11092815383806105,0.05735053963475003,0.12850659569678904,0.16715943601644798,0.14953551225896256,0.1391567474754623,0.05937550235530916,0.09254178191319601,0.09544573081102185
0.14558642586370818,0.13250539561349947,0.07756555628784982,0.11846385558077982,0.060779926705614384,0.08877719316717299,0.021574171602112408,0.10888839513524788,0.24585908004401505
0.10705092432846007,0.08402408639622812,0.1246940348794066,0.14070378153986796,0.08886532724880307,0.10912014937070381,0.21946167140241332,0.05328209011927931,0.07279793471483774
0.09880782508941166,0.11858009632238055,0.08198140598240042,0.14463810335677102,0.14274040181210912,0.11950789718189538,0.12165749366162189,0.08838499144983963,0.08370178514357031
0.15563595245486925,0.15202994344288487,0.13337311240043073,0.16903044674273163,0.0635767393629794,0.11586621175285489,0.05980394744790412,0.09595897687775568,0.05472466951758933
0.1021282029809983,0.11152305120097021,0.10572707232570572,0.10111744170943855,0.16021355980851607,0.14425501905394877,0.11027259422912765,0.09236236230450949,0.07240069638678517
0.10066888267982214,0.08439354330132609,0.06467673184751453,0.12847947923691555,0.11701546226572705,0.10793814642761752,0.11965472948746199,0.16955736167578914,0.10761566307782604
0.17429627159360753,0.05436092343100294,0.26512947359886385,0.18614752020805128,0.0462983525749756,0.07124897521990016,0.034050163277117275,0.07378132793658311,0.0946869921598981
0.0942722172103237,0.08302330129673659,0.04738338736754436,0.11995692325976348,0.125095996518206,0.1041793193228049,0.25728184860885867,0.023787440640684315,0.1450195657750781
0.13641626616531896,0.06915201052849478,0.20959777020369907,0.12308490697419784,0.08491335846171204,0.09138105662018652,0.042336577410937,0.15718560925024883,0.08593244438520502
0.09935916619920122,0.09514649474764388,0.09583978555051396,0.16891372214372583,0.16457363144475104,0.12123540838768661,0.10230525629320579,0.06646583902513793,0.08616069620813371
0.10589964322368899,0.12913299022049382,0.059971561682418906,0.12273517010659551,0.09343078342328776,0.12078636726784564,0.18309122105619566,0.10042254119549988,0.0845297218239738
0.0995972522728494,0.07886440460197404,0.07654532065400234,0.08419863054489125,0.12143559434368428,0.10650195630676483,0.028044281577257493,0.14050630339028436,0.264306256308292
0.23419790071974667,0.0900652314980943,0.09960131541770072,0.12996449616740624,0.0869664969527371,0.11044663515953208,0.07270354394073619,0.07921062740986388,0.09684375273418283
0.164613503367385,0.1886316112258545,0.06852282595331897,0.12680769778195286,0.0950302760966636,0.1085988322824236,0.1517948457471249,0.023351008320106757,0.07264939922516983
0.07854080570883669,0.07380487668877596,0.1676430234712072,0.07796086092369543,0.03517512056044672,0.0711501545395569,0.14605800216879095,0.023225818303535758,0.3264413376351544
0.07873825925260734,0.15852648495131658,0.05474666412967022,0.0971464154317015,0.07571265342359242,0.10080606448126672,0.20448225356162894,0.19078599803385696,0.039055206734359436
0.08166764996107649,0.07093847839391842,0.06761191303324134,0.07031681664974207,0.169696336419817,0.10052216724253131,0.10516364239587062,0.19297994073034097,0.1411030551734618
0.09563614371227673,0.12901626475916694,0.1058630334525709,0.09358075282354912,0.06805409915484449,0.09355688492257297,0.04565397440077266,0.23978770042163533,0.12885114635261075
0.18004098172070726,0.09529794389422692,0.04731199252056414,0.1471127281933434,0.09293673262018003,0.09500989178199913,0.1511738972110257,0.11850718389080354,0.07260864816714994
0.08911807144906332,0.12538169876636604,0.1106341486691342,0.10249425312335592,0.11257155996479894,0.10843828609980288,0.09029809594704076,0.06130090742791613,0.19976297855252168
0.16377585823184648,0.0955313649550822,0.07508644476091926,0.11397838995511161,0.07329494258279473,0.09818460721906942,0.26746405386830424,0.05591350691552013,0.05677083151135195
0.1976399090071271,0.07573695650384317,0.12948200576415378,0.13516528462515223,0.11770312661252126,0.14374480324123493,0.09556286224356865,0.07238424404979206,0.03258080795260685
0.09851810935874451,0.09902703611796075,0.2368724890347057,0.14612219764269146,0.04291695034753278,0.07959734816093779,0.11815231749144332,0.12224380571301284,0.05654974613297086
0.15166045658232272,0.0962857248568658,0.09038420302531851,0.10687266247457099,0.08463549932169533,0.10013678515102942,0.07343300203820306,0.15060305125654092,0.1459886152934534
0.08346732408645342,0.12603286593251495,0.07156007536618683,0.11034356099150695,0.14451415350374633,0.10742621635281663,0.23419132269328827,0.08492536264977006,0.03753911842371652
0.1591973469146865,0.11913895458504088,0.059531485899513785,0.12262533067637264,0.13686585633455448,0.11271671571045815,0.09695560661100301,0.11526511100728061,0.07770359226109
0.08908819581869298,0.15356484211476598,0.05856625311382722,0.08517741324484769,0.0986218411351311,0.12520004426250086,0.1312547341863439,0.11941282996492193,0.13911384615896835
0.12775104620700461,0.10901636901961727,0.05783025818765616,0.095779110071543,0.1078905978880867,0.09963312511441642,0.13801016069837335,0.16166321282453697,0.1024261199887656
0.12006307270156634,0.10773656736901305,0.10032988208960823,0.10228739624624222,0.14005955549931257,0.1264337651853794,0.17022778403302205,0.05470707231764321,0.0781549045582129
0.12826874226342314,0.08536300665433212,0.10022010555287277,0.11884313201560974,0.11424033449501785,0.12456365674499388,0.1417934000370398,0.098591093894051,0.08811652834265965
0.1316482734961152,0.154134627665708,0.1521859416653976,0.1414849996970697,0.05953185305259434,0.08322888362696344,0.1878298192504715,0.034753814958233396,0.05520178658744676
0.08865470024216354,0.0691760385810956,0.16554659322290813,0.1424307631302306,0.05566573226947874,0.09453209972640146,0.13326900104803183,0.1886793642864679,0.06204570749322219
0.16926199961427135,0.10547664283549657,0.1684851289835473,0.1471091269642801,0.08027988097896359,0.10612950278085319,0.05116159830533426,0.08915796957121332,0.08293814996604029
0.06887030067599204,0.1031453319042916,0.1661507708710794,0.17515871531429605,0.07884189827716138,0.1082553493516981,0.11927715327059651,0.09142799617036206,0.0888724841645228
0.1239236929207802,0.06444692880401985,0.20256233941535803,0.1451728736144039,0.09250185633156856,0.09981527108821464,0.12799156159289246,0.09973155937141219,0.04385391686135026
0.12003943202933087,0.080026709849222,0.23358983915286644,0.11285140747239891,0.10894966662729035,0.126327977948004,0.09280116178899384,0.07370632953292133,0.05170747559897223
0.08679292692220436,0.1591715075527715,0.05642231581244581,0.08086473122439503,0.10495753575849114,0.10641457034897865,0.07009793057794562,0.21515779389700498,0.12012068790576291
0.14481162056782462,0.08616908684838286,0.21681617694591426,0.14071371906494365,0.14159753695083543,0.10643849892026995,0.02586383504254357,0.05833336445560063,0.07925616120368503
0.1090636080945766,0.06773536686447376,0.06786250785410274,0.12362173542547446,0.20147081293665306,0.10905217457551675,0.2248657151094057,0.029419597858769003,0.06690848128102789
0.18822195737480127,0.06984856223280927,0.20434191026858847,0.20047272855955808,0.05101039574717847,0.09183850357290262,0.06677849033155105,0.049398851050039334,0.07808860086257144
0.10984423173806042,0.1999630532078143,0.11873752920065879,0.12801862462722138,0.07979446903521438,0.09763562826449111,0.09817968268929121,0.04882278482403255,0.11900399641321585
0.1039671958218701,0.180927867581156,0.06715328404562453,0.07195960614498521,0.12185702088375581,0.13666159796860242,0.11704966098219231,0.07339697449854624,0.1270267920732673
0.08790004641167508,0.060528500906177674,0.1696519053372226,0.13296131257225602,0.1824547708825993,0.12551825359020716,0.048956578693882404,0.06156322243975259,0.13046540916622715
0.09423912292949417,0.10084514721928688,0.0764527026899537,0.08725711889964927,0.2634941650287983,0.09331843977616135,0.028252281623911565,0.08466133097505572,0.1714796908576889
0.07213121225480629,0.12217555261975606,0.1237975245449013,0.15024994498674785,0.13407222069961958,0.10918173689354359,0.11577833469698595,0.12330179884173896,0.049311674461900344
0.10405289693989543,0.09200784792432498,0.07000299055094943,0.0985411440995715,0.12397728540960185,0.1487062658413355,0.04229528950346556,0.1241688373100045,0.1962474424208512
0.09847438642462354,0.13251184293255028,0.13923049721569478,0.08141366545405461,0.08096548085278604,0.11123508257278104,0.0773679896957425,0.1818264661408376,0.09697458871092961
0.1733291065051171,0.11458517536587488,0.16420118439291798,0.15779329473442452,0.08130598170620144,0.1224747655313253,0.08269642364476565,0.04283868108187572,0.060775387037497464
0.13396447225710376,0.06126206586640337,0.040318389657064364,0.1175449466569329,0.23075315346034106,0.07500592558638373,0.17682839283222881,0.027895588231523622,0.1364270654520183
0.1094070515604964,0.1739791639595776,0.06360346837771923,0.122403644334568,0.14676098167888693,0.12166323652653534,0.1179707789294604,0.08620451869673561,0.058007155936020564
0.17167863857276358,0.06474212450308385,0.17778640306472873,0.1656482987258799,0.08358162503265903,0.09557804924314618,0.08990012397586566,0.09988167298607527,0.05120306389579776
0.144930103299211,0.11703051433172211,0.10188632524013862,0.14594656275851162,0.07519794095126524,0.13235107293136386,0.06200551167131857,0.12290518815309803,0.09774678066337095
0.07492824403843358,0.14963298787071486,0.08385128224581845,0.08063063401452597,0.16154719168221063,0.140400135705096,0.10769436881363197,0.11610015681626329,0.08521499881330535
0.0944260165104075,0.1022959557098322,0.09233901777228183,0.14283575066989784,0.14305162141793326,0.1144887626389799,0.08302076330509385,0.09781330468484199,0.12972880729073158
0.09293383704038576,0.0969008207239902,0.07863933628809633,0.09393839283104932,0.14619212531373788,0.10180659567134343,0.07330149022958599,0.0544452291112652,0.2618421727905459
