0.07644639639452148,0.11464394783304521,0.07479906696762167,0.1262906641851262,0.11015147726260244,0.07901762737204664,0.05140980914394838,0.29097356998038043,0.07626744086070758
0.08796471238047321,0.14818814026882118,0.08053795759673603,0.09234210822640572,0.260143303335833,0.09424791851423298,0.08194362254004968,0.08588417986371422,0.06874805727373405
0.06979991497313648,0.21182740550657242,0.09764627758047612,0.09641944883335425,0.2160753925143757,0.10312214463761978,0.07663270831462685,0.060076543420185015,0.06840016421965335
0.06889019054712704,0.07733270014107628,0.09571978492007109,0.11628260041175303,0.13009842041410058,0.10287768705173926,0.21015651283903733,0.1094943244560161,0.08914777921907929
0.11269035015832014,0.12890572903957964,0.11788376468465574,0.10503736581138139,0.04094749101872094,0.09455301830654372,0.15374139625849803,0.12594278568184925,0.12029809904045115
0.1040651785176644,0.1469743980183413,0.08918187099167522,0.0937801095137432,0.055563835478480934,0.09105299799345194,0.14681353263395824,0.16861886510733284,0.10394921174535188
0.07209795115049457,0.28751336830905255,0.08042018964657706,0.09757959820517453,0.19403170482015267,0.12166348065527531,0.0401119125383076,0.021774875214271447,0.08480691946069419
0.12028280617715832,0.09443017015162543,0.0888573687502159,0.14850757777273127,0.14140794132770632,0.12327850114188925,0.13286670767550354,0.0645698060117045,0.08579912099146551
0.10008104379999573,0.0681965652183278,0.07436504585583553,0.1054390583451466,0.05490012777212738,0.09643776658752079,0.30190488777114366,0.13014790163122994,0.06852760301867261
0.11502143500246002,0.17366419444546943,0.0946101379122421,0.10789459027765753,0.10842423184761245,0.10632830305124252,0.15702529126175827,0.048586911310157604,0.08844490489140007
0.09839238910841182,0.08286886918577786,0.09262583032847839,0.11455558165867324,0.23571887840702158,0.14085202140765574,0.03404954354598949,0.12233141989470486,0.07860546646328709
0.07309839321924377,0.09092674528620037,0.09004327261610533,0.12224915414071012,0.2429828897173808,0.11095725450928151,0.061905886930987974,0.11699201555138027,0.09084438802870991
0.06786454247046281,0.12066783980074546,0.09143105609703552,0.14836506835465785,0.08888407907023828,0.1161595302625655,0.04563406160817029,0.10123160221659362,0.21976222011953062
0.15370427448443444,0.0958648298333501,0.10041027662535473,0.08946468103755216,0.16445441922782103,0.11765008268522292,0.05741403858153856,0.14519772490851393,0.07583967261621208
0.07472048823551229,0.11326221028706795,0.09693487730662709,0.07967701751431887,0.2279969399552794,0.08335844930584652,0.05137762537813714,0.1261213274955053,0.14655106452170544
0.05638680963962123,0.09836000256340925,0.06823020713241552,0.1199478580053031,0.13042534830142433,0.1474022677023764,0.2077747398317702,0.04576811300493975,0.12570465381874021
0.04123082580842526,0.30771068705072113,0.05686413541065183,0.06730209181671688,0.22689748659267217,0.12047966681463308,0.07365960920097353,0.02653506199648079,0.0793204353087253
0.2087731972299136,0.12721937321229806,0.11041914047893624,0.07992297230638325,0.1420460009234343,0.08774666288109711,0.0685120558052062,0.11475019036222334,0.06061040680050795
0.08838550800535366,0.16315918753956757,0.07715398465693873,0.09101330116099482,0.22213757026402817,0.1267364607704126,0.0338677655417051,0.107340026348263,0.09020619571273623
0.13662678673749878,0.08280290386582982,0.09732993824045688,0.10435627816581002,0.15842685477573581,0.10791777164531995,0.07678460133240482,0.16412966389976805,0.07162520133717591
0.12132197344602536,0.07246336105771149,0.09215854005128708,0.08666879708062177,0.18672271366810458,0.09762143078660114,0.08921420779844914,0.19188049802543963,0.061948478085759685
0.10654649990742847,0.1289441304304272,0.08049464942875516,0.09331351295915102,0.18236749198618393,0.09560657186704209,0.11593137211496048,0.10123557174288651,0.09556019956316507
0.10392142124229303,0.06785784097694195,0.08798058905883079,0.1319842340469135,0.14941516935443788,0.10984165312278645,0.16268037201443183,0.0680123184927296,0.11830640169063496
0.07587930113872869,0.06505169294077191,0.07128997027929897,0.10692585202685918,0.105012311973031,0.10073152419644589,0.2631283442060641,0.13481101175537966,0.07716999148342063
0.06742766385756636,0.09105993588828627,0.09084003911289527,0.10416561263077996,0.15199262908385028,0.10968527163393332,0.07993528671081467,0.21155536073468692,0.09333820034718687
0.13689686928480008,0.027625274593029003,0.3595497243539012,0.06657161240229113,0.04299023467460305,0.11699773962642278,0.06666573240336142,0.0758474978818051,0.10685531477978627
0.1017001028402839,0.09542702822929539,0.14248568204046919,0.1120456462575566,0.11033257980031441,0.09718757204054469,0.186503358561431,0.06402801012304608,0.09029002010705865
0.08934867415149277,0.06675062316668648,0.08793594569028079,0.1167770940299626,0.16369207373996508,0.10685348173617998,0.14444770337786536,0.15807752333596906,0.06611688077159791
0.05932883825789165,0.17473541147338245,0.098659220607644,0.09990125569641167,0.10038000959549766,0.10068827779762324,0.04143504369157081,0.22808195130599437,0.0967899915739842
0.06100851490382684,0.06457687754894308,0.11162949877193247,0.1282415095945025,0.07093842315409608,0.11076085746187404,0.12616127556767961,0.1669557007999186,0.15972734219722684
0.06539989738308732,0.14838222914286756,0.11583067455256245,0.13147274936324507,0.0923519467569945,0.14885784892457427,0.05159651529694088,0.14077186112639997,0.10533627745332813
0.06649754707912948,0.15884930788419185,0.09568221986146992,0.10171121508908705,0.23238061724448963,0.1129208401608593,0.08430730381611651,0.06520567494839992,0.08244527391625624
0.0947226146887953,0.08896409143220481,0.06692988169482846,0.10942987570365849,0.17334824283299385,0.11602952872457288,0.0982902271277392,0.161666575446176,0.09061896234903107
0.13974317872151779,0.04899989261261576,0.13466605132656848,0.13460695968572314,0.07842965924751959,0.1184070670385408,0.1340139557410551,0.09468740658155028,0.11644582904490909
0.1446488086618074,0.343143400446212,0.0948302561438707,0.08830192204036459,0.0671782086830764,0.06391953240432459,0.0992133536713095,0.020532812928504337,0.07823170502053038
0.3387231973470626,0.04808531590945569,0.16606176325833874,0.08919909740542586,0.03423288834706731,0.08929209125724491,0.06270014724913897,0.09429881866765426,0.07740668055861168
0.05233823790258518,0.15616891550852038,0.09160418966077515,0.10787964823770181,0.12622655404449282,0.10542700818545413,0.051568013110908716,0.1855168181123111,0.1232706152372508
0.13558937557854958,0.05423804830930715,0.1413833415628173,0.13418315359171845,0.028353729171985254,0.09203748747673886,0.0719133759087494,0.2633309655551624,0.07897052284497168
0.06844135767936768,0.10857111479393906,0.09406512974953644,0.1309491473351089,0.0585605570518529,0.12355276056548115,0.2147834203699325,0.08039917438021982,0.1206773380745615
0.06379420864267366,0.12231984384220367,0.18348057293627837,0.11481191790853501,0.037454699442194976,0.10632484886010823,0.1145360025602984,0.07583774155861892,0.18144016424908882
0.2334302685271998,0.07217678605443202,0.09237103185484292,0.08069780020478269,0.14755752552203327,0.10243923270277616,0.1380609536361697,0.06793445419400997,0.0653319473037534
0.12017801216323298,0.05642280207971808,0.23634151151255253,0.09757676792669635,0.06434369368439109,0.0918679081547048,0.1398781420294033,0.12441112477989653,0.06898003766940435
0.1072803715112682,0.14476283794884173,0.07943639094247586,0.12084132156073955,0.18357909946917336,0.10199069605405031,0.07921519358932999,0.10871513110067606,0.07417895782344493
0.09677386782334019,0.06090653917767099,0.10955216323407879,0.11785591870935778,0.08375664709940311,0.10338016592885484,0.15133961310280916,0.19217431618179873,0.0842607687426864
0.08741204020542902,0.05154864783888922,0.09126627076195848,0.13661678563049265,0.12064351854807705,0.12163344429672825,0.03222117817621261,0.25195684843718197,0.10670126610503072
0.0450163645079833,0.08021132265281812,0.1065748728759668,0.13853262925445872,0.04651124709217646,0.10724278598046194,0.01618331431720853,0.30975748392836894,0.1499699793905572
0.13998646419336544,0.021490222674621737,0.27062779781350016,0.05998460813345317,0.037505149306336936,0.11562183207405663,0.22018172302166916,0.07107322697189822,0.06352897581109858
0.0863602738010187,0.021962317289008104,0.28949084881620085,0.06283255360681518,0.04086391179326541,0.10737616161887054,0.11329881471481812,0.22929645323588618,0.048518665124116955
0.08544985170307566,0.12329685284870863,0.12100055199607229,0.12719653392668864,0.054256848471575886,0.09999631974135904,0.09089136100725174,0.20188851228807256,0.09602316801719558
0.07830325289167896,0.06331445778628408,0.11614526920135382,0.15558262881585425,0.04629245392181545,0.10941774059808917,0.08762558696918532,0.20409108736408332,0.13922752245165562
0.07339647330966609,0.07319003514131504,0.0814518132417938,0.10702465161323811,0.20552435479057732,0.11722313629779617,0.07358167014276372,0.16616001281778434,0.10244785264506545
0.08070518802133514,0.06747300087586754,0.10236080074255471,0.10072905957216712,0.15432314262419217,0.10284581838348981,0.20789705240842174,0.08623336933816077,0.097432568033811
0.0820924426045465,0.10912446907252264,0.10839096280842468,0.12997969375891621,0.03180093435749141,0.12818090474207666,0.09555643165479648,0.12840512521930628,0.1864690357819192
0.1698739789499383,0.08192030399794088,0.11949751173714884,0.14662502769618646,0.09958993588056114,0.09354530459388537,0.14948939880930692,0.05074760208134934,0.0887109362536827
0.14151113057278306,0.08524722592963646,0.12378215302067273,0.09991940896392049,0.19716367336923654,0.09950713739630766,0.06799919235823983,0.11339923655359996,0.07147084183560333
0.05541636747091522,0.16771615133956144,0.08984330648332407,0.10654080170596207,0.15005747752350798,0.13029575834797863,0.12678338661377983,0.10973908251573856,0.06360766799923216
0.2129134711765163,0.04876181287531447,0.19475072232670806,0.11319769457033711,0.03562497388287402,0.1108335565350737,0.09182276570241461,0.08879073942509126,0.10330426350567046
0.08629630720175402,0.056250822737859925,0.07101345054719467,0.08011828427812015,0.1102705160069255,0.09528023146589026,0.2959017235974583,0.12475450327704048,0.08011416088775665
0.07585553202338204,0.06684833947537457,0.09064538352276126,0.13071704363892792,0.15761895793901332,0.0966343799088684,0.09543493707500522,0.17271346126564016,0.11353196515102708
0.2308129104479182,0.04234702639528328,0.12555768021588742,0.09471864316092192,0.061897081796487896,0.09530367714509924,0.11264385679699858,0.15813994815857166,0.07857917588283182
0.05374566663302952,0.04435047631818736,0.15261890117139876,0.07557908837213863,0.20039914705600906,0.07874592321868999,0.14469244876263668,0.07247021912747419,0.17739812934043586
0.07725011973347767,0.08487971334515244,0.09206165999809839,0.11594329957660839,0.11779499666356096,0.10032644975443505,0.19539978368533065,0.13244699523460748,0.08389698200872901
0.08454329745397697,0.17989037443912345,0.08371369425213789,0.07955301966384262,0.11410115777081592,0.12642561558003193,0.18092398369601495,0.08320448841288546,0.06764436873117083
0.05697890411094488,0.09107255875852201,0.13573385295361692,0.11164518359978297,0.17916616737129812,0.11820309193208085,0.0876683893431323,0.12775982724870014,0.09177202468192176
0.056894170687504166,0.10242147190546824,0.09280424944220446,0.11577726874185662,0.17164240211567727,0.13089243413824186,0.06963986549574547,0.11149552337731146,0.14843261409599054
0.08872088798547749,0.13352481633691285,0.09344363449482522,0.15952114984448423,0.10316534743982368,0.15297345961025063,0.07291737218003459,0.0427330737107392,0.15300025839745204
0.06502275229735249,0.11486939841203388,0.1409139029238667,0.11811941478127347,0.10946121319276919,0.1755557757575257,0.045311102105355466,0.1002765975695424,0.13046984296028077
0.21483198985360233,0.06923525750222352,0.15844460152914477,0.0913055207141819,0.060538288257173924,0.08856336716318873,0.04569936558149146,0.20410107305546524,0.06728053634352817
0.08630234696533791,0.10701975393928809,0.12191366229780826,0.09980853891745127,0.03575175183105503,0.11244280179079008,0.03938476111731352,0.2514877914621191,0.1458885916788367
0.059162386057562875,0.07142011989280173,0.09553782068083995,0.07643823630017525,0.22218284525964108,0.11043871613541352,0.0869065109953987,0.21913020662739716,0.058783158050769724
0.1539927735173918,0.07499678753562511,0.12658697523128162,0.14986200824269538,0.04345263214731284,0.12382619108093935,0.0603878646728516,0.06971096501702868,0.19718380255487358
0.07671853443041765,0.06763175041483958,0.13910599512408056,0.11859379811156145,0.039326726592547594,0.10593780901099975,0.18297894044346497,0.14257507517606693,0.1271313706960215
0.11088020574705339,0.09325840381037437,0.10290965142132442,0.0953474190083366,0.06877188168671523,0.10157395390654254,0.07777391910789484,0.25083683690771164,0.09864772840404694
0.059832278396374394,0.08441613353409999,0.11453343005126045,0.11747627319650611,0.044417640932124754,0.11943105675873446,0.15424684409508627,0.0672563776709703,0.23838996536484328
0.09016356831108978,0.10610575263054041,0.09656740755330011,0.11771176339969391,0.13772326128736884,0.12117609495301566,0.10791366464502346,0.13956772251849836,0.08307076470146939
0.20293022666736352,0.043649811510947184,0.10393416892862718,0.10892454029318681,0.1258410984888575,0.09884629213305039,0.09054956703726609,0.15043719046549228,0.07488710447520898
0.07354673760763332,0.13199277066270873,0.10962204151760664,0.1217836330639074,0.023961157382984415,0.11421629790392746,0.032718644784172066,0.2970827569276158,0.0950759601494441
0.08071337402737512,0.10303395330724785,0.08818931552890186,0.10670451628871853,0.12107159876713526,0.09974110094791803,0.21807968644510525,0.07400385959284154,0.10846259509475653
0.1742860639181655,0.06211613452491279,0.18359401887659868,0.07416931350555833,0.058756611870998926,0.08581894552398035,0.15497392516158362,0.12571441740857017,0.08057056920963163
0.0820051813015465,0.12795915339516797,0.0926021877954147,0.08110652790944331,0.3047657841814522,0.12807742677863376,0.05334274266926856,0.05826920763032218,0.07187178833875078
0.05036078423938962,0.18879506837397386,0.08819572651336587,0.13026909896204536,0.11433089510090888,0.10568637386723466,0.10704580997729163,0.10764445109520453,0.10767179187058558
0.10207863042300996,0.08990545766492704,0.09424221753951517,0.11173796082341124,0.21364433725758303,0.09267985678127931,0.08540230496009334,0.1260135775757654,0.08429565697441539
0.10823097635344436,0.14502688353129045,0.11666945808775536,0.11548703423428748,0.1721367330360116,0.10277000982318696,0.0840351043524951,0.07863570590968134,0.07700809467184735
0.10134498801054692,0.08959515742783593,0.06942819196944311,0.11583648656468927,0.13410694818221167,0.10939763693932271,0.12620360933093822,0.17266527023547096,0.08142171133954133
0.2264656158409044,0.04597213717998672,0.1433427572979444,0.10676043638219883,0.04364192041924495,0.1000199678778675,0.08775459775621824,0.11944090331761116,0.12660166392802374
0.1602756234558835,0.054263929685390365,0.11774532691823414,0.0941802925850722,0.0628324301339677,0.09885189213883239,0.17405966812375198,0.16904223223763679,0.06874860472123097
0.062377668503332935,0.2046616389957329,0.05605316270646902,0.0830334307571534,0.2566857755966796,0.11825883542357767,0.0819573019219712,0.032032052504774956,0.1049401335903083
0.08459496996316647,0.12659308042962178,0.08654360107520886,0.14576882487467588,0.1613462309058771,0.12961716248506647,0.05208149765612078,0.12918627368785732,0.08426835892240532
0.16199058489768461,0.07671169205578389,0.12481454738997888,0.11394768060109713,0.0635036742912687,0.10249262916229447,0.2334740784128552,0.03936731315818731,0.08369780003084976
0.16952880468774692,0.11182394140346587,0.09927983259561927,0.09215544252281183,0.08640839914064084,0.11887457319254187,0.17818099282503777,0.06834763608283992,0.07540037754929557
0.07902431472386762,0.05223004278381576,0.08765111947657889,0.1534471696816383,0.13777689629945414,0.1372577813210246,0.07958212131775706,0.14918823130091416,0.12384232309494958
0.0441464990065653,0.07522646562150198,0.07367492182501575,0.13185209935254114,0.142282638774582,0.10355599723190267,0.20257823256530907,0.06443646843942118,0.1622466771831609
0.13479103606311216,0.06276275219458975,0.11324470116709134,0.14853088094956088,0.07611424632222456,0.11556223188933645,0.0982587674319438,0.06999447638519946,0.18074090759694164
0.06245066183422062,0.11870529682316071,0.06794278775901393,0.06400909886809493,0.28471029830102684,0.116486268022417,0.0781987053312062,0.1457246436241629,0.061772239436696935
0.12489441903037207,0.09887174727594607,0.08520565461810814,0.07366015577067427,0.3706076098309983,0.07537806330030165,0.024385202237639056,0.08599266435133711,0.06100448358462335
0.09894326572257113,0.10517736735306167,0.1408131470278777,0.10928499757972743,0.0279280396506677,0.14619652694203686,0.027646080528549683,0.13465099864998073,0.20935957654552703
0.12069335740134847,0.13592157812539918,0.09933623300225079,0.09528870279468009,0.17102584531799606,0.1355627475885051,0.10096273345647118,0.07792458831991013,0.06328421399343907
0.0729074477564326,0.138018100676048,0.09585494692589076,0.09952457272118041,0.21390206519648347,0.13692185337224114,0.05689411429625166,0.05720989813449431,0.1287670009209776
0.06441417865765732,0.11403574535496715,0.07023858725721628,0.0984359999744232,0.14349562624494436,0.1101642059857159,0.21967609600777074,0.10765592192386693,0.07188363859343812
0.12108814602690667,0.040368543968669617,0.12483653074371592,0.09936613462411349,0.10308967198158038,0.106756037254103,0.20708312664170905,0.11989594667193225,0.07751586208726965
0.10376609038731129,0.08341314200335988,0.14519859069259558,0.11346363765663343,0.0858436292697709,0.10921779561259319,0.2150664464779065,0.05846537469058549,0.08556529320924376
0.05877801920112535,0.1406103628422188,0.07724144414203461,0.1437077705429893,0.12654117398666684,0.10797623080109497,0.1257183137993069,0.10409878754383146,0.11532789714073181
0.07920894969641616,0.039847188209255556,0.07719453823708715,0.09319620564457305,0.09360961029823565,0.09573853096106884,0.04466957751339937,0.39635940290255434,0.08017599653740981
0.24941139330096054,0.030243967186809485,0.25349699136726234,0.050804160094545865,0.0342595533963706,0.10697925711236068,0.07520047785021229,0.055458822817544016,0.14414537687393417
0.053525020794128686,0.08140841821683291,0.10718519308099768,0.1478041136612636,0.10397065435671216,0.14389962832349773,0.07701852361181595,0.0730649361868277,0.21212351176792354
0.14364597590076522,0.05133758085099047,0.1324099412859547,0.11826970802659642,0.08620832501292168,0.10534163219025923,0.12843757339814793,0.14785016609200083,0.08649909724236349
0.048769070291285486,0.11064993318765204,0.08250445458309869,0.10952092414225344,0.23353235865772012,0.11939869458169468,0.07324859924666263,0.14066097079774972,0.0817149945118832
0.054644623510421986,0.07467344011188147,0.1135746894795031,0.16812011095146576,0.1355614236201196,0.12089505131601526,0.07304236014738619,0.08657201464817355,0.17291628621503308
0.02384980175595355,0.22145634171963327,0.0705153339696954,0.13942953471606562,0.08542546102859443,0.12053099706115851,0.06916314131307787,0.03970578104560769,0.22992360739021364
0.11314962283830358,0.05811964164427643,0.07139367266730966,0.12813299146348392,0.048844583628874026,0.15373220161357573,0.2251598130574738,0.06414537565048466,0.13732209743621815
0.07013457955565945,0.09536277050543501,0.14846378697618343,0.10691456599105446,0.24551884024057236,0.12384335163601266,0.0581190619049232,0.07117168865027539,0.08047135453988402
0.053858310100000716,0.10600360536456953,0.09286069690286136,0.11560623528600218,0.1253653714046199,0.10662812949962108,0.20758611494288384,0.08639349726758155,0.10569803923185978
0.11526831841083822,0.06388228948970821,0.08978656851840645,0.13012474439117158,0.11546803240560427,0.15132889934602634,0.0729748192767888,0.14349232940225057,0.11767399875920552
0.19976518101731464,0.09479531553965875,0.16352556667127524,0.11686859810870738,0.025742710828825597,0.1034369262072602,0.06336786117973243,0.057829850486250355,0.17466798996097535
0.06824585953553979,0.08006355838938853,0.1360922106021263,0.06256215122216764,0.3821938967755602,0.09083451552075822,0.05306983007865923,0.070483512713261,0.05645446516253911
0.16480967127488086,0.1658077603617678,0.08858358560624317,0.08206806188035078,0.2371820912105237,0.0931010306886675,0.07177765794327262,0.03241139838619125,0.06425874264810227
