0.14081103549094723,0.07386647128305465,0.05754124682429729,0.12356589057324974,0.035636882335912494,0.33861090692059975,0.029300872679741113,0.09253258113065536,0.10813411276154246
0.14538216865998466,0.07550337870684909,0.020399483625025038,0.09593133429222638,0.13548960764601864,0.258607919433171,0.019275655999083107,0.17267842098888964,0.07673203064875249
0.14487256959896608,0.052070900714606405,0.05201514142425428,0.12124743251080135,0.08601136858184433,0.2913726293028885,0.02383480284131784,0.12950606008777024,0.09906909493755094
0.08257205153542231,0.3880090776072061,0.05438697825387634,0.10448631787778628,0.04926105771904571,0.10932378122090254,0.0727098928368466,0.07681032006083273,0.062440522888081385
0.18411162091757835,0.051315972832881813,0.04310932246310278,0.11150874243527341,0.07430928193599028,0.22513203521452954,0.03790212058737208,0.16782275182436115,0.10478815178891061
0.11320519433773206,0.04883787006130753,0.0438837249342264,0.15102322184066871,0.03298992030937217,0.40288415881906703,0.040590984017724756,0.06562668656757521,0.10095823911232608
0.10882641253377183,0.12101625820326896,0.18803634900994268,0.12715075446783727,0.019509805026261765,0.09727566710763658,0.09635027711929128,0.06271982870178304,0.17911464783020672
0.06829865367422305,0.24473164474830203,0.08674196527908153,0.11481004924729309,0.204304978503381,0.06319493912611869,0.0539218978067326,0.08429607736658351,0.07969979424828445
0.11026834821619534,0.1482458527081673,0.1506191104852343,0.13849016205244857,0.06130388895634185,0.08016405733294289,0.09281548126492979,0.10434491643497847,0.11374818254876144
0.10403315692068626,0.01973132635756033,0.060118703778611095,0.1276834212073732,0.1769975811665784,0.2876517703265759,0.014244062899148641,0.11181727233957113,0.09772270500389502
0.13109391515032673,0.037198138550290395,0.08817854752561112,0.1389245619658145,0.02326988196504377,0.06757751373801339,0.27604852798725427,0.12798464778380658,0.10972426533383921
0.07761607120381016,0.1879223642367469,0.19143839706595014,0.12029134811953009,0.07192864252267532,0.1571981698736171,0.016463484260014018,0.05460735530096206,0.12253416741669425
0.10501077071010052,0.12320134823222341,0.06145715330429407,0.10259911816679074,0.017687075452441844,0.2684535461504326,0.08819287613581578,0.030330001921077276,0.2030681099268238
0.12148653612014926,0.071029432485409,0.12666691746275258,0.15018936026070076,0.1035621770354548,0.11447980747564428,0.07177382746080194,0.11697259362451706,0.12383934807457038
0.18403936389904044,0.03509059623795336,0.05869726720216275,0.10845512254330804,0.10259686925670641,0.1780041343384764,0.029091438665478666,0.19256662554800275,0.11145858230887122
0.1544856282691993,0.037566630301682176,0.024062563258973945,0.12454338264348896,0.0634689276566452,0.10031123023925635,0.24662307319606605,0.17362577465849108,0.07531278977619703
0.1309877596923657,0.15350002546125915,0.047869990115642976,0.10710071708865528,0.024645550946416957,0.3319493920453262,0.02216542970828424,0.0852684000256725,0.09651273491637709
0.057667088632621044,0.1839323437545843,0.14578755168309546,0.12310197588125672,0.2510222392467586,0.04795173097117467,0.02513630373915023,0.09048607521523618,0.07491469087612279
0.11558959402309334,0.09721198547353087,0.16270163973817267,0.13412811824990717,0.04161857813349612,0.152547750528486,0.05891099594282557,0.0679955253639662,0.16929581254652207
0.13526470507704472,0.0345196307958374,0.18135645029475944,0.13124571083208458,0.03328732930174447,0.17423056439226067,0.04014516816229088,0.08401101972022339,0.18593942142375441
0.10259082624100191,0.09852514264231578,0.18107172440046237,0.11875363765480572,0.05253814770851727,0.23774060735486635,0.01038123897272669,0.07984972909015563,0.11854894593514827
0.14761300843474032,0.06559010235183715,0.17678865599278923,0.12240487204424437,0.05854504662671111,0.058852807726146594,0.06884355639631333,0.15013743502124252,0.1512245154059753
0.0903098994049868,0.2288656058155277,0.14107172788633507,0.12382046250009009,0.07117325857443237,0.036846544801178875,0.10254584187163933,0.13736328308560528,0.06800337606020453
0.06533276083348137,0.1907641623041211,0.1956871873931053,0.12658547062046246,0.172778970310512,0.04973096545644066,0.024534261742112554,0.09351703468820129,0.08106918665156333
0.1590919897276263,0.11885989392745895,0.034554878570259566,0.12130112063195635,0.06604726131769469,0.10562254129261078,0.12315808737079768,0.20060593766630821,0.07075828949528752
0.024919301505790734,0.006230697487138272,0.006543248177804856,0.06021331480310921,0.38688547923731087,0.010267690915089766,0.00281700512800164,0.006579428726154548,0.4955438340196001
0.034863501883164304,0.13197018486069453,0.046269274812824834,0.10156201364001143,0.3142369641932381,0.017596505048954842,0.004697336634349206,0.01474474947947027,0.3340594694472925
0.05017213781512266,0.17842662261879183,0.21518324921431467,0.11439320907701822,0.18623513953841872,0.02593396746465772,0.022554077410805933,0.040448900330814316,0.16665269653005596
0.12873791559032455,0.06394659415366533,0.026647120006116628,0.10693226756610659,0.242812538460885,0.10796934822301107,0.08164390696239586,0.1502034172102641,0.09110689182723096
0.11736625847187525,0.10023939465789249,0.05379079122521747,0.1344507331918393,0.03729502025694049,0.10163831861896028,0.2592314660785926,0.1010026107912988,0.09498540670738341
0.1461656719746979,0.023861234048279795,0.08490963381599574,0.10878034859380371,0.15028221483782958,0.17662835346983974,0.014437972056110368,0.1891235423859967,0.10581102881744635
0.16249401082583195,0.07521520035534958,0.0976498417247415,0.13427121508634812,0.04399534373693272,0.18652745310129082,0.04605982736088778,0.1440361098769988,0.1097509979316188
0.12167903804883194,0.10488046198040717,0.17085275355537544,0.12498400100133311,0.08008741263731464,0.11984281030513401,0.03245178640092814,0.1059225807099508,0.13929915536072482
0.07330023890702851,0.386984061405562,0.0680573153471698,0.08103752341902977,0.012987318555103634,0.19519759612626117,0.03888767978527565,0.026242613801925385,0.11730565265264405
0.14507869541641344,0.08046267371529968,0.02278419566034817,0.09653494872265894,0.035774328887449906,0.06539167980224685,0.3381310453325539,0.12634314871987115,0.089499283743158
0.09494524791575713,0.20698546405171345,0.25698861366053494,0.11015246785794919,0.05261878258783709,0.055213400966449534,0.018765796165542515,0.11398656876350137,0.09034365803071476
0.1473073102659759,0.04774819078678583,0.06471193945330372,0.12992195235185452,0.04315362161124147,0.2532856613053362,0.08150100140638501,0.07801972691984616,0.1543505958992711
0.1764797055773586,0.07387721274657616,0.04173700198996832,0.1269142625562576,0.052989843011865934,0.18958816318053648,0.0813315970501182,0.16204881863586948,0.09503339525144931
0.13377274658873317,0.037971780137042076,0.021680384680858145,0.113523286083086,0.024817658637324384,0.0822747262632244,0.38343613335454735,0.1233913934639634,0.07913189079122107
0.08957250463199079,0.2097539305058587,0.09965920108674275,0.11651207152979341,0.14047130628515223,0.06477643417969454,0.08270858508353525,0.08773181128937478,0.10881415540785756
0.09832594502754437,0.05129870715899031,0.12154587150507394,0.15927788012215524,0.1376211949880193,0.07018837682393957,0.1280631304106862,0.10990311548834548,0.12377577847524557
0.14193010283456978,0.04913405341601629,0.21410639455362068,0.13872781307200943,0.05191352981786051,0.07879073969117024,0.040787725346143965,0.16907443421957333,0.11553520704903575
0.08411848660902137,0.08854924822727171,0.24875917969214012,0.14417853589977378,0.08107378614147111,0.12224871786482583,0.021700220522484756,0.06602858461121928,0.14334324043179206
0.08502860404408506,0.12435737976853113,0.055461665376891685,0.13734430827609523,0.04885237908959894,0.391866918354413,0.015606265449489889,0.05489325693728859,0.08658922270360642
0.1354751914910841,0.07762536783801635,0.03886013337354467,0.14545631518668145,0.03143743358615302,0.33806866170596805,0.04103559343544714,0.10824007260668689,0.08380123077641823
0.08905933020984846,0.31451738087167946,0.06966716714972095,0.12096992954650976,0.039749299403999926,0.07829027391933353,0.11907145415622229,0.1140503620382038,0.05462480270448184
0.12699468110255266,0.06096907056937682,0.2036506074939106,0.1533277923072258,0.019667121525484384,0.16380725494397644,0.04553364037433067,0.09244353797974823,0.13360629370339439
0.1095044631804319,0.1494178360863818,0.18400711156375005,0.12649908479391875,0.04404884689723789,0.054873346975940436,0.10155473418639704,0.09771184951072837,0.13238272680521385
0.13527645044905123,0.03252085593590224,0.018004132501385096,0.1113634625175109,0.16010108834689712,0.2840612894008283,0.05583095825556541,0.10015063382726698,0.10269112876559261
0.07456219205265008,0.11445954513513,0.20375114116662077,0.13428586317956753,0.15343555894100794,0.09948646591193129,0.02058487815436601,0.06948663238035148,0.1299477230783749
0.13601814862980255,0.06284525237542402,0.10831163015100986,0.13293096849663574,0.13090465243780114,0.08430908061306465,0.07036085185920322,0.15548934050055405,0.11883007493650471
0.1093619521496803,0.21051399512360744,0.04180195242712165,0.1322729201639191,0.08964404242691121,0.14820729650809403,0.07366054851908138,0.13032623843453625,0.06421105424704866
0.08472556311764495,0.30155144187472627,0.16182987990340195,0.11887414927497551,0.01900768167638324,0.0641639834748706,0.08762227993889332,0.07780029022814565,0.0844247305109585
0.16989466401748066,0.09407969455077747,0.04164763646788039,0.10840065983364557,0.11294121248028509,0.14116439474659023,0.04975471846874946,0.1886091016850613,0.09350791774952988
0.10726624038159016,0.21448371504343985,0.02303010762556222,0.1092908390234481,0.0412858683910981,0.12411911414313788,0.22101327590277262,0.08463819264828426,0.07487264684066673
0.081055271671289,0.16858136172717061,0.23572872072570025,0.12833263129070166,0.08122274011758253,0.11242601208235821,0.013637790134193353,0.08410374740622902,0.09491172484477538
0.16582481598898957,0.1553573498505173,0.01963423724648108,0.09695284187541958,0.05054003269791865,0.22951584944722295,0.03917561389385422,0.16492809098224934,0.07807116801734726
0.04295293732584171,0.2898874217737313,0.19951120857316984,0.1048390235861798,0.16897496333820683,0.025635990371541687,0.019631699165960338,0.04197327637248922,0.10659347949287924
0.12413558365367822,0.07244320112993774,0.07222618898457446,0.16063572336999268,0.0446698460769596,0.16963077737226107,0.15063813860058387,0.09974851640803899,0.10587202440397335
0.05923519296877824,0.19559167778799377,0.23811595688629505,0.11454114639990942,0.12612573283514517,0.03295829818034713,0.03261076201362968,0.05058734413894462,0.15023388878895685
0.13584387296426723,0.10764847117869429,0.12243604432562906,0.14105728801541093,0.06819131553646172,0.14196833893656022,0.039540618844122695,0.15121088529663987,0.09210316490221404
0.12385172783481276,0.07186574158597717,0.18756152790472438,0.13427262699807466,0.05193440385589467,0.14617323970424848,0.03779703762711768,0.09020135023146782,0.15634234425768237
0.09707903653370682,0.13536604999888985,0.23696367706225016,0.13587256556261226,0.04813169319058568,0.08154185473789445,0.048469021841362335,0.078620141825535,0.13795595924716347
0.14745457006503324,0.08288685376470956,0.05040505292504983,0.0961408527602116,0.01845485364324063,0.0723196780736942,0.2838601365735309,0.08218140069713266,0.16629660149739744
0.11873559812972168,0.06328016454913049,0.1382985873827909,0.12635354884469507,0.03141621943488288,0.08985878477351637,0.15689128233624605,0.06544588529991814,0.2097199292490984
0.07908299097884337,0.13808301554149413,0.24705937876874817,0.1303355950148308,0.055846773179902304,0.0432498503955376,0.07417576540146091,0.06064490540867923,0.1715217253105034
0.11927711776015974,0.0910075995710153,0.016676130541869682,0.11882066728024271,0.06940793089318979,0.10064606161365529,0.288885684865261,0.1315742337230047,0.06370457375160178
0.07627930884469535,0.21149192195192082,0.2638591768674396,0.09725271473104208,0.028575901049960408,0.013929446577864888,0.06804555123551985,0.0636590734201814,0.17690690532137557
0.10053021557672921,0.07317602128120865,0.26837987257800705,0.12569305902473119,0.09555680042807824,0.08445364750267433,0.011990486962833688,0.1377307891990779,0.10248910744665986
0.15762067624742274,0.04200825306900017,0.07037394059092132,0.13442614928802246,0.10510993962613724,0.17262158985432371,0.04562218450833733,0.17061194916153552,0.10160531765429952
0.046533674616598075,0.22335143756511436,0.14125308861638283,0.11800483209935636,0.1524756261521067,0.015183180178342389,0.01513224011028422,0.027432140558525542,0.26063378010328947
0.09236841751695797,0.0729907516898022,0.12201086359740211,0.1286538144586051,0.038646670593034664,0.3360382589035902,0.019517750849396134,0.04323307533990589,0.14654039705130564
0.11415811253181025,0.04229542344175041,0.18553727531391026,0.16266853135171258,0.0701298451474179,0.09270644266384608,0.08270831117956318,0.10730581593282636,0.14249024243716288
0.07225345115965288,0.16219319442271082,0.1486995803430234,0.14041195109013102,0.06305591277050424,0.07053845832236381,0.14083566056418154,0.05161315829739845,0.1503986330300339
0.17824410866605456,0.035725067546113466,0.04092617494571924,0.11011128208129238,0.03427953848418832,0.25052641867078473,0.09889308472372822,0.08778379543481772,0.16351052944730135
0.12368442885986575,0.17084869916733594,0.05203114666024498,0.10734134320657936,0.09567150356892636,0.0829371278704646,0.1490524146049282,0.09697932000745842,0.12145401605419635
0.1490475516333887,0.11271056902368447,0.02681820013734545,0.11057661969484645,0.045129255826184746,0.10695704327864601,0.2326923597281788,0.12678060900645297,0.08928779167127238
0.1086028747661727,0.2072983549847797,0.0870919749244561,0.1301246492383158,0.055878224988133794,0.19907472012042168,0.032022239023491,0.09798494136176539,0.08192202059246387
0.09124217752570866,0.0774682279235821,0.1407891639864085,0.13929751327254292,0.10000347424122119,0.25228743524130565,0.012691848652670258,0.08114278907429943,0.10507737008226126
0.12874602712976776,0.08072987732230327,0.045140458862545724,0.12167374714089495,0.1776489792943987,0.09968904732775885,0.10714727531265023,0.13588459988570964,0.1033399877239709
0.14066810865710497,0.10366696693442845,0.10359576832589622,0.13846087592978465,0.07280186591991733,0.14682700736243146,0.031871335967773036,0.18300998139776656,0.07909808950489726
0.1349531274139688,0.02789572838428822,0.06832222145391416,0.14274885179972926,0.04713949272204959,0.29062141896734056,0.06857710921581203,0.07477965584461818,0.1449623941982792
0.19163796554381093,0.026897986713464033,0.08116878800927126,0.11564838980398413,0.0382474317200229,0.14730763218751483,0.08982791143482205,0.12307801597639649,0.18618587861071334
0.12480126495387238,0.18578005704559974,0.013259456087403906,0.08248279610551133,0.16414735623171162,0.06852871818629463,0.06207829997437712,0.2522654152902384,0.046656636124990845
0.08599945009804993,0.047285804793522436,0.24834688965760707,0.13530060336499475,0.13227405074005205,0.10793645302456722,0.013675909036996196,0.08953138654125192,0.13964945274295845
0.11084886313226235,0.08839808453731952,0.162584384225728,0.15370386162455676,0.03565995644209186,0.10558846574934742,0.11880159648171416,0.08584724072959744,0.13856754707738247
0.059456069485818996,0.07786378864730163,0.24083176065516265,0.12497074781220037,0.12628562140269387,0.08884891224529474,0.00536638369501926,0.03154980469750231,0.24482691135900622
0.17860119603233227,0.03795948101588577,0.024674285708390625,0.09787661759197669,0.13647420065894592,0.09171677662978478,0.053273612221615196,0.31349462371954845,0.06592920642152038
0.11798059353719244,0.030680474611400044,0.20323088554878935,0.14606118977984844,0.0655395616396322,0.18346803234375555,0.017129544843979466,0.11753646060721251,0.11837325708818995
0.07035392110818728,0.2745574105022719,0.2771639040978653,0.10941114489757242,0.03518816055717003,0.0397942744987595,0.02363608522740344,0.06216827680361479,0.10772682230715536
0.11845182457345295,0.12563990336555084,0.13835803967443053,0.1315536754194883,0.022906541385998555,0.07076714802513634,0.16862006441818256,0.0985215384284374,0.12518126470932256
0.15262751174588868,0.10081973972046147,0.10776376571664749,0.13051536225746688,0.028720091209878455,0.09529729524014079,0.1334592812411274,0.12887164018498762,0.12192531268340123
0.058380841371035976,0.14982381883102172,0.2543340522482893,0.10866802271570501,0.08271568643595904,0.03966597829894499,0.011782824073971965,0.029361791723252057,0.26526698430182
0.1638376552024314,0.02852356249309662,0.14655673552358242,0.13944544783712526,0.053350037450391886,0.0944707139150736,0.07038244401680167,0.17032513296146531,0.1331082706000318
0.12188662318853345,0.05345515327890014,0.2000115942983536,0.1470080742295339,0.0883724498571384,0.08415278175964856,0.04363951382127115,0.1435770556984658,0.1178967538681549
0.12594418016682088,0.1883466161656586,0.03183468668413606,0.12222196115105731,0.07343409976413882,0.19011941754835557,0.07512759666143325,0.11576414111942118,0.07720730073897848
0.042217301685768725,0.2350766280127062,0.14854356220703188,0.12879037575750582,0.23087989030729641,0.04305306006947875,0.027462628640734687,0.042163968239916645,0.10181258507956077
0.1918493309727131,0.027292292326797172,0.005703558246739848,0.08570443555861429,0.08656203946022205,0.23140695828276012,0.09811825329041395,0.19600673994307571,0.0773563919186638
0.06408788779516168,0.09161076094090821,0.238812299605098,0.13870812104887012,0.13486364587696056,0.07791230677381987,0.021049423447895486,0.042333144600963345,0.19062240991032275
0.11949097121755754,0.16084411370982685,0.04436083530714926,0.13965789102773238,0.08306894057848134,0.165586437300373,0.08725628265842861,0.12481879079540832,0.07491573740504269
0.09274616594020801,0.23010957394605439,0.08310842443653514,0.13041289464628367,0.10007649876174922,0.05950664910727835,0.0928745860234731,0.15638743929779061,0.05477776784062751
0.1324218255277484,0.041034493094946896,0.10572732052392719,0.14699268342593572,0.11195100116511635,0.14514226335650784,0.06349120595941786,0.11776897985512728,0.13547022709127246
0.15809090677009172,0.026347797419014007,0.0789555401880181,0.1183717613663109,0.04359330977937284,0.0501655654363001,0.2372486220661131,0.15530127788478232,0.1319252190899968
0.07235030880687582,0.08037642068265553,0.26171964576317647,0.11378853319392535,0.027437580519738148,0.09934515204312128,0.02386949976331516,0.02578768915813225,0.29532517006906
0.14616485330023143,0.02406225170851965,0.05625909970720444,0.1293283335472902,0.16308360249677267,0.07594912906272297,0.09944016657188749,0.21850583064676998,0.0872067329586012
0.1564067494096364,0.05494134060969863,0.06096987754990404,0.12386573572576381,0.028571670775815572,0.1930308565832414,0.14066680736856724,0.08178134625583859,0.15976561572153433
0.1588188106206064,0.05495602967415941,0.08313633588293598,0.13762624242928398,0.0669521860261251,0.090856441760929,0.1309214772258651,0.1692248426734653,0.10750763370662973
0.17726826127497688,0.069997379564491,0.028884969662754546,0.10503878677726693,0.042818685994003985,0.30268544605552433,0.033634770193326495,0.1423913649144886,0.09728033556316724
0.08623451149619484,0.11904839243652654,0.1891952831326965,0.14777126252495687,0.11539750382066288,0.0533690771162797,0.07553985742790319,0.10212808258737294,0.11131602945740642
0.10459113879718361,0.08717947390472874,0.11655508951581393,0.14733900715039772,0.06196286523881938,0.20851960196166164,0.0610407765136336,0.05985338382211739,0.15295866309564396
0.09860436835563213,0.08684038865836312,0.1426693657171374,0.15436439766605234,0.09699678490060169,0.12101567831808364,0.07727567400520778,0.07572795568507516,0.14650538669384663
0.11183811377991405,0.16146033883144892,0.05456749889308383,0.1360136996745438,0.08429174873199202,0.21602908349928293,0.05300128938921365,0.09348478059960001,0.08931344660092073
