0.08116793640759408,0.1331890980929,0.10357866225166035,0.25231948232356516,0.13237015446684053,0.11161112171114664,0.024494290479489454,0.040869890485881695,0.12039936378092204
0.09609840619549696,0.11734628373356874,0.0851815707691811,0.14944051611499556,0.17309595835526828,0.17021805815162697,0.04409239897954185,0.048653143483841664,0.11587366421647875
0.14410617758176988,0.13275332036737522,0.11708842041529903,0.0340538066192146,0.09045592059515961,0.08433496936860485,0.19948610145187137,0.07720527794493516,0.12051600565577032
0.09496386599138378,0.10906126535929128,0.08139667431263682,0.08151339300768146,0.1334195930850672,0.1198270940164443,0.12529410266054852,0.14759687410403255,0.10692713746291403
0.08995844445442464,0.1367095220777167,0.08070579736984887,0.12646240509244192,0.22117199012180602,0.11577853949073742,0.07078508262997123,0.04001252588906971,0.11841569287398351
0.0916035838806178,0.0881733994694046,0.08336575066261083,0.3739332482545823,0.056316940386550905,0.14073265034412152,0.003174149766915933,0.05342763067390177,0.10927264656129439
0.10477493053750163,0.07390986476009355,0.14379338388930113,0.028066499198320688,0.08502323308167818,0.09858073208969285,0.22174549046091138,0.15693753616405512,0.08716832981844545
0.17879746584325798,0.1399309214323864,0.07698581853100869,0.05766414941027798,0.09019953924510521,0.14372961897655015,0.13364816930951953,0.03634091727783558,0.14270339997405845
0.1024284826552209,0.12145874551901666,0.0627860319047825,0.1902391058137225,0.13221527127477464,0.16169993480352848,0.0388825053878504,0.07600386150482029,0.11428606113628374
0.08742237175549955,0.12564671431696858,0.03732496262878916,0.27710142607585253,0.10620179710583814,0.18830862501018716,0.03230501239187364,0.02662921164761296,0.1190598790673784
0.08722929592167399,0.11516862126073253,0.23670773521800578,0.11613118342638822,0.11910323493143744,0.11250035555559085,0.041246545116355955,0.059172991528003725,0.11274003704181144
0.10881101803465802,0.09992211688915038,0.09520311985109953,0.1363036563013125,0.03511523149869013,0.14796641580530637,0.05356929531986696,0.2243470836490119,0.09876206265090408
0.0924870344403143,0.1358424167130804,0.08632017341282218,0.22047538497027017,0.05729860172924444,0.11001536377756443,0.03359287699818414,0.15767933446418134,0.10628881349433861
0.11886267515284384,0.1376513755650608,0.05432920965843944,0.07024364348094687,0.14043014516516958,0.13918140815383967,0.17196810539933474,0.037624436217118,0.12970900120724707
0.09604041812155732,0.1364176567061239,0.07908273159006642,0.15396886205158053,0.14512160555025974,0.12779902846599572,0.06499930165647418,0.07847614688015837,0.11809424897778387
0.1075772759339157,0.10195637868841434,0.08032371855035597,0.039746571892395284,0.05404909582088069,0.12134288205697534,0.26035700254226574,0.1338791096729279,0.10076796484186916
0.08591453517601892,0.1543005297053396,0.05709133456349585,0.20413453528618272,0.21198358776590076,0.10050473002203264,0.043883748087413604,0.023423054152502898,0.11876394524111311
0.17695145935978732,0.12032313140904545,0.019896412867776114,0.15203753305955015,0.08983019083330059,0.21539805216020655,0.07613961673794928,0.02482117889952286,0.12460242467286164
0.15266063287496176,0.1837848660693431,0.11344722918312748,0.09145048410978529,0.07349455126655009,0.1022654190401295,0.1120675402291887,0.03179252162246221,0.13903675560445175
0.10004975529688587,0.08360343177915625,0.10611567574995663,0.13924504834227755,0.0925299565181289,0.2111248027575741,0.04583653140845426,0.11267465150829199,0.10882014663927442
0.09619213922602717,0.10556124007591373,0.06846330077068492,0.17526559026108424,0.12581053396498695,0.19377809717212127,0.054949828452749226,0.05891155177725935,0.12106771829917308
0.11921738222373741,0.10001267516886181,0.16379125144097467,0.06134070988825726,0.05056714446084865,0.17465960613731843,0.12218918973406588,0.09964263061376583,0.10857941033217004
0.06734703481713189,0.17545644074280983,0.12392653561654965,0.2666327437749167,0.14236296610389665,0.06618946553849996,0.02208844152740652,0.022640747161329012,0.11335562471745991
0.10795429353797187,0.10124365406426176,0.07386444843077226,0.07109956018728313,0.12066484259528254,0.16780789610906088,0.1433016136286617,0.10289147051767482,0.11117222092903105
0.11167959699242931,0.13762043469828958,0.07887358678168933,0.0602652124785229,0.11253072178536551,0.14579666373894032,0.19639671276521706,0.030820485697575867,0.12601658506197003
0.08800714537538745,0.10553644355941517,0.14519844218828526,0.11101690161166082,0.205080160645746,0.09248127946429059,0.04721542631064444,0.10546476749403921,0.09999943335053109
0.1008887794913409,0.11903773086137943,0.07457403280379073,0.16258696696211203,0.10990414628603555,0.11561058301762357,0.04334362656991438,0.16833912048017183,0.10571501352763157
0.16508392720806855,0.09834860632049475,0.42707603890408286,0.023138029862261073,0.0747150776242984,0.036924160736804566,0.043360088148964804,0.04626684772992063,0.08508722346510433
0.09529041397301652,0.11116876802151276,0.0681205537834935,0.12844267631911566,0.152859909021672,0.17675944224808782,0.08269349550396043,0.06638720945472987,0.11827753167441145
0.0910202532134431,0.10229851857204734,0.17587140092123757,0.03777163639860424,0.09311561175259024,0.11058390731997007,0.2106763345615014,0.07745949664932057,0.10120284061128541
0.11786646169472732,0.12584072608534846,0.11247758662236958,0.04104755047550396,0.10072720865854029,0.1461270070560813,0.2103178437226414,0.024033815111394796,0.12156180057339293
0.09235864846356062,0.1375328516230041,0.10573381128015502,0.055338385398120284,0.18048762814435823,0.1144323179458453,0.17206845273028257,0.023021811911053267,0.1190260925036206
0.09702550370975706,0.09393612710547929,0.15237505525737674,0.035860266178874535,0.10468639979574901,0.14335424091736879,0.21749406145205644,0.051035958863916375,0.10423238671942174
0.087444184229496,0.09129867117262785,0.2046717583690608,0.07926466634604484,0.1463908633476122,0.1463557308308859,0.07101461571706842,0.06665267746192646,0.10690683252527745
0.0819930687968864,0.11233694376699821,0.06507002204024412,0.09281812004179546,0.25491083965647143,0.18416376100030277,0.0826653847517363,0.010066266154226419,0.11597559379133893
0.1138349123204398,0.07559991558444258,0.1238065346982699,0.027413847376972417,0.14420611634681374,0.11533702888235346,0.22973293154908733,0.07468415060643654,0.09538456263518423
0.11523074497946717,0.15636001858324736,0.07973860892393313,0.09364154082658821,0.11642889512758532,0.1648900802954049,0.12616454782044065,0.012591042447601355,0.13495452099573188
0.1075490353062758,0.09731684368939053,0.052959431933307016,0.07150550417372746,0.21771053641771906,0.21439215999224834,0.10321741922068291,0.021219540735976743,0.11412952853067217
0.09159137226260573,0.10017249460044159,0.17941641618045032,0.07043928261183488,0.18650683629317763,0.10768075045575837,0.07282616700892598,0.09044139539725332,0.10092528518955214
0.11353847643110204,0.1203121310224287,0.12487726884184193,0.03473671326181518,0.05345245313205151,0.11260259902175705,0.2719039103808501,0.061079968565921294,0.10749647934223222
0.09021574518279274,0.08837203501492603,0.117022835183946,0.05259016479284664,0.13438977264358787,0.1635645970540767,0.17672232752255213,0.07185952072847235,0.10526300187679949
0.10740007838710257,0.09989171573518422,0.11444888859332576,0.0475085159203942,0.1206053631434424,0.12958323828404691,0.17115784042233528,0.10364474532260365,0.10575961419156503
0.09586021025900626,0.1306053916425022,0.04500930175300122,0.14626659283942792,0.22500569792449684,0.14113062062893114,0.06803220424962676,0.027467823888539866,0.1206221568144678
0.10544876891326944,0.10678707826045974,0.21165600454083755,0.10434323291226888,0.16535149658003914,0.11543449697576809,0.03052896994917187,0.053541229528853033,0.10690872233933219
0.09737514157731349,0.0754834899304927,0.08636193892857053,0.2982816110864375,0.03815181945376951,0.1435974474805655,0.002910612678943938,0.16489918031843007,0.09293875854547673
0.11410324427836756,0.17027335691494383,0.05179695963391725,0.1720267387927498,0.15469834574610766,0.11682112486861625,0.06909936813807092,0.0205004860902151,0.13068037553701162
0.09694281274922116,0.09104876352442703,0.20503717346593073,0.022775423513277646,0.05961479977130645,0.07290350587978509,0.23507808774125818,0.1332320266141673,0.08336740674062648
0.09342468647270884,0.08538706423386432,0.07422275158235835,0.041750630064764704,0.09669755846562311,0.13470581039352972,0.24920887528778704,0.12689838516721927,0.09770423833214463
0.11200725531816684,0.11226502821884066,0.15146912587110575,0.042136809773337995,0.19852291394935698,0.1333973820123168,0.11710477022495042,0.017023560147077673,0.1160731544848469
0.10015053957951468,0.12215235448680545,0.25577200647883963,0.043879337371950135,0.10403825110909641,0.08388507627276742,0.12026324848701957,0.06645573022146911,0.1034034559925376
0.09793248390282085,0.1665828700679983,0.09774561979929765,0.08958645446814821,0.10721939369525584,0.10122940279172495,0.1652932130116358,0.04991154969930489,0.12449901256381353
0.10612815046583096,0.14905777332938963,0.17132861110872652,0.08562370744955383,0.15435334294824252,0.09123800781635634,0.07212966762507282,0.05257986977007271,0.11756086948675463
0.10843608002711759,0.09851805923196628,0.09704820636973636,0.05392627167984059,0.05049367947662221,0.13495199904679647,0.1860352006169753,0.16960865762717595,0.10098184592376924
0.13809088164989022,0.08756533286253494,0.08584159359096603,0.026785850679500678,0.03609262221959359,0.15119264747052408,0.29954134907655705,0.07577838019418097,0.09911134225625236
