0.08475834721703639,0.14104091401877375,0.040972789592743315,0.10248238223667692,0.08353616618320409,0.11806484603696048,0.3212857558826499,0.05906928280636809,0.048789516025586954
0.10772504820159502,0.08762372637438624,0.15050895447570525,0.2240031294401017,0.10320731012201866,0.08997852811393554,0.043028227140385344,0.09380734300796408,0.10011773312390819
0.11446430154061592,0.03679288670429635,0.12478161852305618,0.1849187101024715,0.09560814721711673,0.08013221071006014,0.06709558166396619,0.1018461189122133,0.19436042462620376
0.11616229278396617,0.053232856642100146,0.11794606457006444,0.177088697286821,0.10625850816971728,0.09657721181959784,0.06330420990495106,0.16068918924698558,0.10874096957579647
0.1329919652533026,0.017624616304026352,0.1877495840191082,0.11138276440619538,0.13694776097297542,0.0554681606398553,0.02182128660120454,0.1194917076812327,0.2165221541220995
0.07374635712502621,0.10244812739998992,0.019980749616040672,0.06076903997450178,0.059955363553251075,0.0943918656331379,0.4612632540373751,0.06876774099704241,0.058677501663634966
0.09266673529983155,0.07917359502204348,0.023147196210315607,0.08699625498248809,0.07006906988577773,0.11509088537459332,0.3320827908805965,0.10825881720365205,0.09251465514070177
0.13517102851849744,0.02328660760052972,0.048125979506585405,0.14584689252605787,0.1437230605658311,0.10423900736439223,0.054640376264026895,0.1260270251026817,0.21894002255139758
0.12761824302303318,0.028256472287104668,0.24050369787466166,0.12282094788259951,0.12977997645310058,0.06377149090383555,0.036263931861132366,0.10947391026142916,0.14151132945310332
0.0989562934149013,0.03785241097872188,0.04280055204652894,0.21360941969810768,0.08716882907303818,0.08858300298410904,0.08136702148754195,0.1645701938251898,0.18509227649186125
0.10531075127073881,0.07880836452213436,0.05871276199735718,0.18919212664618126,0.08530931737197338,0.10637264996807412,0.15984936290569132,0.07652056864974612,0.13992409666810343
0.07752276595753167,0.049379939278426786,0.025015155979920278,0.16511465168524148,0.06787750346784026,0.08504288676930631,0.3234108219866192,0.07369388751244092,0.13294238736267314
0.12357331764204361,0.05412388028220408,0.06942369327220707,0.18000153164578706,0.10581981929274038,0.11491568009111493,0.03424047328317062,0.15194889331544414,0.16595271117528806
0.11192423405729901,0.07082629712004562,0.07716545421767146,0.20631065745962643,0.09019755435936143,0.10034253141205703,0.0679597279253427,0.10686642133148483,0.16840712211711148
0.17771106557535052,0.03085601468867677,0.08054815902446706,0.07244879350623734,0.10179170166217628,0.1085898244207905,0.011598623396914953,0.17267544671568827,0.24378037100969838
0.08337370821253737,0.09058503975025423,0.022404686817732698,0.058392737619816205,0.06308660740023854,0.09976817781342708,0.45537510890207594,0.05465006046542245,0.07236387301849549
0.07270447714880829,0.34153307391415516,0.06327272312237459,0.04719724198705097,0.07009772647453684,0.10309590050648154,0.24355276710769788,0.04842302183525008,0.010123067903644513
0.08473479025834897,0.06610665430395482,0.04523710502582482,0.1459576953010806,0.07431197325052864,0.09559593268582085,0.2837833829125434,0.11624504390647254,0.08802742235542534
0.11708858608278938,0.01591979061571903,0.08760483724042596,0.13927595685857627,0.08889417635494422,0.06677594140893127,0.0531776058138142,0.17766920796381117,0.25359389766098855
0.11475536988568198,0.019681101369294633,0.23232047824241123,0.1336343334554463,0.1326391995090683,0.04983837609282152,0.048362411251799374,0.10869918560615814,0.16006954458731848
0.09487138197624977,0.14803967196697632,0.22992290477214636,0.14559855800778232,0.09007043390624442,0.08129875229546718,0.06891330277004623,0.10750781635219737,0.03377717795289004
0.06511413951728601,0.09972599021407196,0.016683682772267474,0.05483221639919342,0.06280096286653776,0.09097474490402496,0.5104830070237248,0.05089893899254604,0.04848631731034752
0.13208471636956656,0.037591083081703836,0.11780323982997315,0.13276820313128243,0.09625485617659373,0.088759438728842,0.023442332341070644,0.11280609312023776,0.2584900372207299
0.07573444125747945,0.07475377371317306,0.018967004993697256,0.07426232919871968,0.05976116223995409,0.08718950470872851,0.44384403788683313,0.07589980557146749,0.08958794042994733
0.09252638215851128,0.17473536030916673,0.012944801516942632,0.14093091685727197,0.1330407977246384,0.15844787234773494,0.19048887523887045,0.04936683937144356,0.047518154475420106
0.09044522371482204,0.03613455789641182,0.053664753820193666,0.19181349410315887,0.08176255123425395,0.08516620224242699,0.2099034504760171,0.10890623264761769,0.14220353386509776
0.08445307821165952,0.14176775274781594,0.05123029511911129,0.08925528986586721,0.061828667215429546,0.0828152495918,0.3671436534098607,0.041662138545201934,0.07984387529325372
0.07647586214290168,0.27181929618748635,0.3980282716580952,0.06885901039803873,0.06227810674134232,0.04614537838502553,0.010888255114534881,0.050622697257066,0.014883122115509328
0.09253507579698413,0.15503667836987453,0.05167494773363587,0.19499308450774913,0.09928940888006037,0.12754924805495022,0.15630514357239175,0.07278041407351231,0.04983599901084169
0.08610945951792513,0.16966807619448057,0.02216806082196818,0.04456051879465039,0.059470420862183605,0.10548356221762063,0.4171049040305949,0.059962458418394725,0.035472539142181854
0.0989635325039041,0.08210757452736392,0.04719773237710298,0.20314951597121822,0.08642190953855204,0.11076371450984883,0.16313174784487958,0.10094602941550507,0.10731824331162527
0.15269971336465513,0.04322825739716912,0.14556164860686063,0.09349530553665004,0.1706459345979439,0.09293441596122493,0.004062646982156259,0.14429470037591394,0.15307737717742612
0.07619497210794272,0.22800476475348097,0.39072306311227983,0.08162213905917648,0.06942226040081782,0.04614006470103055,0.030521820301129904,0.06464831860019275,0.012722596963948946
0.09065481604609639,0.1333368763324749,0.03550147044970809,0.0752392968206222,0.06759306150536233,0.10919571521105213,0.3575809165190356,0.06625314526481692,0.06464470185083145
0.09016082582489808,0.046693592082723306,0.016737792019831582,0.09238221328141684,0.07146332070240986,0.10728791803797177,0.37086641267839454,0.07428612105516903,0.130121804317185
0.07357597758604183,0.05849124115025398,0.029685851578396125,0.11718133564195828,0.06278363837604418,0.08157634913755882,0.413234411509475,0.05747726661368019,0.10599392840659165
0.10134047303551275,0.2037110310060948,0.03234215810455266,0.0904069774609143,0.07884714515665335,0.13765958826905703,0.22699117065810692,0.07495272797478188,0.05374872833432628
0.10164049492874484,0.07630082035129852,0.021942080315729955,0.22408253224183608,0.09095135106394807,0.12196709443262067,0.12327365609524917,0.10177786906971859,0.1380641015008541
0.13649150490036677,0.09270197287838215,0.09878242320596053,0.11685726276467574,0.10221812154959602,0.1271844072497934,0.009284310052476888,0.16301492712430624,0.15346507027444226
0.0960680613605553,0.07115994602136144,0.0231485075995201,0.08724066734812763,0.0733773314874791,0.12060490219867498,0.3243562540135026,0.10757831595358065,0.09646601401719819
0.11169504862237954,0.03576060708402834,0.047213260801068795,0.1857956633710791,0.099264561027243,0.10496172761041134,0.12171743852720797,0.10585222204008286,0.18773947091649915
0.0557846858932389,0.08863523458265658,0.026031422897519224,0.06326766223656592,0.06288210138127572,0.0732287819155064,0.5378097970095084,0.04203454539684243,0.050325768686886464
0.07351981732130414,0.11264069255676896,0.017219642150400713,0.09111214686868407,0.06448634453132268,0.09444789681132067,0.42462301698345456,0.05633886928891576,0.06561157348782841
0.08321506697686025,0.04427270768307906,0.01871894451578018,0.09997591732635774,0.0701972184377523,0.1001272006719276,0.38817110533611104,0.07245024692456625,0.1228715921275657
0.10236938377573963,0.04747714860100352,0.05849701315487696,0.1784006350527497,0.08223257355260026,0.09396056069581767,0.17421301893457422,0.09900881327318815,0.16384085295944995
0.06802981440066148,0.09558522002686191,0.015605106377672201,0.0783134971528473,0.06317752667822248,0.08955092119391768,0.47539162264048035,0.05040702504703264,0.06393926648230391
0.1489835175526288,0.032907985041982356,0.10258492087834932,0.09201517240326142,0.14290440510737626,0.0974462850998117,0.006255999998802937,0.2326272952803715,0.1442744186374157
0.09910731819084606,0.3081337833225584,0.02472471054226898,0.05792916809667011,0.10200041267771798,0.150627735885461,0.18607198380665657,0.04493256820937461,0.02647231926844637
0.0776890427792079,0.09988746308169223,0.035950870336677966,0.1751967117465948,0.07330952924151152,0.09403238624305683,0.309188811263603,0.057375040831876306,0.07737014447577943
0.08735805975362777,0.021273080450179522,0.06674404867351953,0.15595301342530044,0.06694142481766971,0.05835798025585296,0.2134149289487646,0.09064944462098092,0.2393080190541045
0.10861230772415421,0.05712247883186645,0.00936171274491157,0.09019885121297182,0.08679137707469146,0.1431427999747226,0.2805817401100337,0.09754573066296285,0.12664300166368533
0.15074869447746003,0.05881588900771927,0.025629311081709044,0.11093313191622815,0.09490806253811594,0.15238713991051234,0.06975940578034563,0.11249299076751625,0.22432537452039333
0.08690935140818158,0.20558267837255895,0.13366654527162616,0.17168663217751554,0.08922556119767307,0.09695633275646842,0.09148403220669761,0.09746507287576052,0.027023793733518073
0.05666362348355639,0.09984970563390565,0.014532720481784047,0.07219481758426516,0.06704377617145658,0.08572132281667592,0.5005801895463303,0.05752381845910318,0.04589002582292281
0.0787802754746172,0.30768808813355436,0.2455835570673297,0.05944104950456261,0.0620913965929585,0.06958269814181048,0.10487616977260394,0.06020165433041331,0.011755110982149814
0.0746076565267574,0.10979037668480329,0.01725555890372839,0.051871764021251605,0.062062069222912165,0.09229771543692149,0.4955690913759259,0.042356985514429214,0.05418878231327049
0.0727080336790047,0.4141566121795246,0.09301897143035522,0.04288734745404205,0.055159372562149735,0.08401981397541392,0.18560720101264186,0.046342738422670636,0.006099909284197218
0.09976061041916316,0.07583803714863617,0.06301284971040699,0.20143093025679223,0.0957854837890772,0.10871713203602255,0.12080182664747328,0.15476201746118354,0.07989111253124491
0.0898266857301625,0.04817008465791662,0.019020487654207687,0.10890949173680492,0.07170282290023372,0.10603413530526527,0.3429142325977243,0.08012447103344092,0.13329758838424408
0.13500558094064163,0.01885672539216776,0.22866215206696863,0.09821898206678385,0.0902657639414931,0.05297981206280363,0.026073731726413373,0.12780774522059254,0.22212950658213546
0.07393349290338032,0.06596126356709414,0.0142709366558914,0.05548886729080837,0.05969673525577988,0.0907317480640008,0.5032770749741656,0.056846958617871035,0.0797929226710083
0.08695422492214573,0.06238821849583046,0.015867897105580873,0.0757199556125351,0.06299932658289381,0.09987682254715191,0.3935921267370457,0.08954264459512591,0.1130587834016905
0.17101967531543907,0.009922064007133143,0.08081430078157169,0.06352292766452076,0.0882745219245016,0.0627331712946217,0.004005446783495285,0.21343631622897838,0.30627157599973837
0.13772593262106408,0.03440647918248944,0.20668850259503832,0.1035789072680483,0.14370721337701134,0.07410495943693028,0.010916704495541281,0.10542074084930314,0.1834505601745738
0.09893712882768892,0.19394213737118235,0.016776968760838923,0.0584283542154532,0.07863636423901517,0.13759583124290461,0.3066116691729808,0.06488863276627117,0.04418291340366487
0.13478609166304767,0.046028338789654365,0.22302683794750086,0.11129311348667652,0.16324044357363016,0.08383266223437513,0.013299257887040733,0.1087057807877571,0.11578747363031759
0.12182372468005818,0.05010052972025353,0.042989015607090286,0.18082318916063067,0.0993240166827778,0.12282346722314723,0.06170925468637201,0.1332505824153225,0.1871562198243478
0.09138085310499655,0.2962668243980053,0.11688802575530655,0.1218357163007757,0.08820587947630103,0.11948594638398324,0.06743777059287029,0.07785881745773149,0.02064016653002981
0.11442510382766309,0.05866077954436749,0.18563413411795637,0.18055510221536053,0.12834787842022727,0.08367674757384143,0.028265568905275474,0.12377774240046031,0.09665694299484794
0.08645044980903123,0.04017664414080411,0.03849665072471307,0.09050998601947746,0.06237738822887203,0.08013405279696058,0.3954139673600812,0.056185421745377606,0.15025543917468256
0.09091645116115317,0.13728632733471868,0.31200491676834224,0.14707740292297256,0.07619246957660615,0.059345872041357196,0.04470555458658194,0.0877112801555082,0.04475972545275978
0.0979278790152564,0.0574328761088713,0.06338310825574903,0.17961653251539014,0.08903022426325342,0.10133301925294047,0.19222852561739853,0.11476646437375326,0.10428137059738742
0.11931612188438885,0.09385636886604483,0.16087950631634415,0.17494741242231082,0.10914304508086609,0.10490430228132136,0.03147157417839536,0.11429358248318405,0.09118808648714453
0.08165996846266094,0.2288201462131553,0.3751616007914253,0.08439270084499977,0.07307069116233501,0.05241283350837025,0.010197206321026409,0.07837366838156938,0.01591118431445759
0.07216765069804972,0.06310373890589803,0.016030890043528496,0.05892387218295641,0.05831902636879329,0.08784777577199386,0.49719404185899446,0.06371605769268897,0.0826969464770967
0.06891462909786783,0.021810790208666855,0.05844460248954411,0.18489153325704097,0.07198984226772893,0.05575408609274967,0.3118856927231832,0.06698401019377205,0.1593248136694463
0.12383995648276185,0.03856514238513,0.12722454248695236,0.15258778843421128,0.09917400874959019,0.08511550855285092,0.02516305095919144,0.14418594441435814,0.2041440575349538
0.07794286017023333,0.1809653786593504,0.0308936418909679,0.05449703770117953,0.058615114120215604,0.08990808951802086,0.4252229539399532,0.041568046206315636,0.040386877793763536
0.12571723519583822,0.16120836570999894,0.03461439682782152,0.10053933594009172,0.09394535747907322,0.16487747133256953,0.13858677638696884,0.09468587749097655,0.08582518363666136
0.1419087203916501,0.009708071759793423,0.06278692841320672,0.11676674689550455,0.1530095424541157,0.06607755046179455,0.04643337087068339,0.12981216657167577,0.27349690218157585
0.12854705238399053,0.04671159763853761,0.2604033618792521,0.1019388544749759,0.13779886609922307,0.07205665740540627,0.00869081849134814,0.14241282385023207,0.10143996777703423
0.06748545216908922,0.09532632281211428,0.03870995332580507,0.08291498958590747,0.058704219306958245,0.07662914823147073,0.4584443322378992,0.05912911254112909,0.06265646978962684
0.10659761927538153,0.08028822970933215,0.05210771681726795,0.12321266154377714,0.07460843660813458,0.10138265706871691,0.23917637392994154,0.07228362383799719,0.150342681209451
0.16457597112323596,0.14565640840816416,0.00874639428973892,0.06334812552514628,0.11107877364359457,0.20449805028399223,0.09171649195840044,0.1264684148990243,0.08391136986870318
0.10004366286831916,0.08611764835448821,0.007991406901912615,0.07153939935083405,0.08081435926722509,0.12679840587914623,0.36937182602885077,0.06259857707952825,0.09472471426969563
0.12286523878168933,0.04237888589020269,0.10138904405969762,0.17615464943337958,0.12023289044106074,0.09728090446675168,0.03054823404759227,0.1596479065153602,0.14950224636426598
0.10017381315516359,0.19252600528681227,0.2682057882293141,0.10423543042446609,0.09301121151166497,0.08378712395018746,0.010160262527603539,0.12187790107443709,0.026022463840350913
0.1309234523961593,0.04851265571638749,0.10074900180763997,0.12019580401413821,0.0940322979788416,0.10152405969743833,0.13240795860250634,0.1035437254253944,0.1681110443614944
0.10004366286831916,0.08611764835448821,0.007991406901912615,0.07153939935083405,0.08081435926722509,0.12679840587914623,0.36937182602885077,0.06259857707952825,0.09472471426969563
0.13329513464538084,0.03217629877910455,0.09348489243489293,0.1485198258472586,0.13497443316516058,0.09820938388724361,0.0305854579327471,0.15811099450511495,0.17064357880309688
0.06863674117954673,0.044051780593196366,0.016233635047217063,0.14830479547101413,0.06179768968666368,0.07375222650959574,0.3789975009104689,0.06845505250583765,0.13977057809645974
0.09373652300388303,0.01623219385396252,0.04571492052818135,0.1754548107101772,0.07895309066832658,0.06747711345916706,0.17087844229020432,0.09803680068388106,0.2535161048022168
0.17932188405536897,0.028383967256894318,0.11101120236275956,0.08106753337034266,0.14021324680959038,0.09770405411192318,0.005697340453126725,0.11183414461064774,0.24476662696934648
0.09661099337711855,0.041053387218837445,0.023696121821543778,0.12951813536006906,0.07248732877238202,0.09612978564313485,0.2849181862778873,0.06257372626567444,0.1930123352633525
0.05629009149201902,0.11923970354093771,0.037122780570158144,0.05163595170410721,0.0543004489099829,0.06118450658395033,0.523550750282301,0.056310374942736885,0.04036539197380674
0.060453993032157045,0.07170204191021558,0.01478873126495243,0.09428594883477211,0.060623652741365074,0.07643822311327349,0.4926075127811509,0.052216488710585686,0.07688340761152762
0.10458923221051196,0.027733557317778906,0.16563248799498095,0.18311304680873897,0.104640261860524,0.05272280494193685,0.04486825817277105,0.09932310484872625,0.21737724584403106
0.08492434259837522,0.13458818141626097,0.03981086697309192,0.12237028625865236,0.08465546453609536,0.11755009167468156,0.30340567558762577,0.05914156445320751,0.05355352650200936
0.1259906396252964,0.019014754041348624,0.0696917420992439,0.14494334549257074,0.10234519316427994,0.08036813254259816,0.04838150571882599,0.15053000658493476,0.2587346807309014
0.14825539028016024,0.25393892439758764,0.006205913354087805,0.05506677717686504,0.1688722425443774,0.2104159900332476,0.04634375657059369,0.07442432716383106,0.03647667847924938
0.10334437623507801,0.1014659380583896,0.24294574907043467,0.1806469307112467,0.08733790775971018,0.07292129813927443,0.041087818782393225,0.08198058997677875,0.08826939126669435
0.11623949329187681,0.06282381589398572,0.17657148958813207,0.1835414117087714,0.10934781661367131,0.08665240477519126,0.027908262473378336,0.11701397725884997,0.11990132839614316
0.12195526415796748,0.07798443719775656,0.13843681638471814,0.17728159904628835,0.12530131397066846,0.10925841732822374,0.023393722451942527,0.12917636883399697,0.0972120606284378
0.13661482337328595,0.08813013887806836,0.011711530809119642,0.07223937041377844,0.09725285532070216,0.1566386141979685,0.22920495399467036,0.07528189169665607,0.1329258213157505
0.09064259535122139,0.1202960056873274,0.021419309251360746,0.05325529463452249,0.05656840174293983,0.07809484884059034,0.4557903968067598,0.03801483060755173,0.08591831707772629
0.12471910697224088,0.02146441290073889,0.22811167051165596,0.12120741562206079,0.09499075308064303,0.05493645016055739,0.03510479050449602,0.12325711670680843,0.19620828354079864
0.07396573557734648,0.34376563923126774,0.35602377438916655,0.047567784418544645,0.05959296477679327,0.049995316111031564,0.008229032293686081,0.055202108618568994,0.005657644583594711
0.09359755197072239,0.05927388553709115,0.030397056890458376,0.1065180683456433,0.06729535060147081,0.09412187829771385,0.3373037825275296,0.062492810219860286,0.14899961560951022
0.05959970362217667,0.1157076503554682,0.025008509011183993,0.04436206964076935,0.053044299304962815,0.061807099454000064,0.5655280643235443,0.03428462888818549,0.04065797539970905
0.05873040268383689,0.06642262987733392,0.01877419945112897,0.043211841135062636,0.05227378452172559,0.06501105158174371,0.5713359960369835,0.06792092149439574,0.056319173217789044
0.10940074294689538,0.03282803277105516,0.12525711815673912,0.17393181312043451,0.0840321791359998,0.06808834598592146,0.04810766052718901,0.118300446605068,0.24005366075069756
0.12832005484583944,0.07131120310404715,0.16554786885210684,0.15056328374559233,0.11000336182079347,0.1026470771854364,0.027152119626053,0.11296422990602102,0.13149080091411028
0.10210626032003012,0.05241073016360607,0.014818159043315392,0.15679840918183424,0.09319666029625985,0.11998314821023422,0.22948266885344884,0.06141254920855751,0.16979141472271372
0.0824355725767957,0.09793488458280482,0.01463248986716259,0.07451040311078515,0.06460697964246938,0.09518000490974264,0.43736684983088897,0.048368491716836735,0.08496432376251399
0.1337592213986145,0.04038269570907926,0.24747582684300662,0.08855465792302585,0.1284314886685832,0.06929165769906223,0.00609438789702692,0.1355830455598588,0.15042701830174268
0.10467868358467212,0.2248216985141999,0.025105463819484013,0.09099614244599646,0.1012750847483283,0.17173455144293182,0.15840658521332726,0.0830845510722511,0.03989723915880914
0.08591542535347756,0.09875781098879659,0.027108580997577236,0.10995812042997151,0.06638445585533535,0.09483571440637127,0.35438542826883984,0.061158353582482304,0.10149611011714843
0.08989393120575646,0.20402638461909503,0.24672653210917397,0.14079541383805916,0.08429498809722248,0.07983370569579008,0.050827693283648334,0.07704234953535437,0.026559001615899996
0.1094844733901073,0.1281568723110233,0.24479544450892288,0.15125908346155795,0.11892320713357762,0.0926226456796926,0.017776375599399614,0.07783598525570508,0.0591459126600137
0.12655137210818132,0.06039869630781678,0.04709229258866963,0.155214648560819,0.1042341452114716,0.13562964283187526,0.07112355953388573,0.15788434447766062,0.14187129837962
0.1248100450859118,0.03351398572229312,0.07721418991367933,0.16617160289426183,0.1378910104127685,0.09361098275377522,0.028165053045989652,0.17678821639454226,0.16183491377677836
0.11451322897174605,0.05298228595228365,0.17789142690430215,0.17911194987257992,0.13679214552332894,0.08261202636953284,0.03137608900978226,0.12674957335891213,0.09797127403753203
0.07774632384078424,0.40442951080454986,0.09230270755147829,0.10869810951352037,0.07720795185985557,0.10878548431565026,0.060978111129697365,0.05817679078255485,0.011675010201909227
0.09008184532501308,0.1001046261391208,0.023465964960567336,0.17765321374451562,0.08287085722241018,0.11737822529790452,0.2474199054049333,0.06585974521137768,0.09516561669415745
0.12878337650369368,0.04232926055358615,0.0835108292558769,0.13163964166708386,0.11819881758093058,0.10416462373310248,0.014804271806052753,0.23795972920560318,0.13860944969407035
0.07504631865157087,0.1168438204288091,0.012124453752368224,0.09178093197416864,0.07300923248061701,0.1067825725027494,0.4114038748055133,0.05312144592948537,0.05988734947471816
0.07957614763693736,0.18539944839838474,0.4043347612336148,0.095020778104145,0.07019327621535155,0.045096687509164755,0.027359891744462555,0.07484097148337941,0.01817803767455979
0.09875280295576343,0.2409738258910702,0.1754997625274671,0.11516742598207326,0.1260286604013838,0.11869353172306445,0.036416357955106386,0.06661404348016316,0.02185358908390825
0.07084689966104242,0.029729876078620886,0.042168103266829314,0.15364032717717097,0.07028560411481742,0.06998494915225247,0.3638005187667193,0.06622207539392734,0.1333216463886198
0.06769157301952357,0.08550618874514343,0.012432804948179681,0.05828456406545187,0.06139823145540127,0.0957234371962975,0.4881746730693018,0.07235258535504745,0.05843594214565342
0.0976539258865502,0.06890577054749007,0.019016215960452266,0.07815828550808512,0.07190116526541984,0.11295821535391731,0.3714345311472737,0.06325616352389042,0.11671572680692104
0.0806943324334533,0.22450154467074557,0.36273205604652276,0.0839905670570441,0.07898312090481259,0.048507336093290165,0.006969999128897917,0.09976433302673189,0.013856710638501753
0.08049886260639198,0.32827138279691165,0.11479467646808279,0.11768777972295426,0.07396740684383984,0.09841836111526418,0.10662646959945388,0.06129142151083056,0.018443639336270953
0.1347628478556876,0.09411971947687624,0.09210735425727812,0.11506130332686497,0.16067519922254683,0.14794102043562837,0.011685662791136543,0.179319481278436,0.06432741135554537
0.11324725741487669,0.051264777223287955,0.1259470849543708,0.18680822564829488,0.101768561909321,0.09175574129832438,0.08910437564332528,0.11333804682059856,0.12676592908760045
0.11824265827485357,0.0561841688938944,0.27839781388129553,0.1364097743977215,0.11658492438922839,0.07293571315492973,0.031126118190267515,0.07581638101600217,0.11430244780180714
0.08909154232560053,0.10440168036434305,0.021930717246843475,0.10000642630811658,0.07062786260758452,0.10677684109542328,0.35954749190676744,0.054478457235927924,0.09313898090939314
0.08065907309272488,0.09055699588569395,0.02978035827451229,0.18838784353336058,0.07876028507704678,0.10531499301109061,0.23967347023092667,0.11532658461260292,0.07154039628204145
0.06925666700234132,0.302530895117395,0.10034047241395201,0.0688991492723306,0.060721568778123354,0.08088737045274307,0.2382460028743105,0.06420934158366011,0.01490853250514402
0.08481286493271899,0.06621116600422906,0.060947991686540616,0.08570785250080515,0.061355966237859404,0.07669926278625379,0.38879143290310525,0.06842943415885738,0.10704402878963036
0.0718905832366476,0.25763724899122536,0.43803879104052107,0.05881599357343418,0.06149390809902932,0.028996252606044076,0.034834872931362657,0.04003889125412526,0.008253458267610383
0.07359596102466633,0.18589855660778873,0.3002354242516215,0.14249115446638563,0.07051656939595283,0.05086693074519557,0.08128510553975783,0.07116697223463024,0.023943325734001375
0.08270519761915336,0.04566914758286874,0.013898136715420605,0.07550076796011823,0.06458093911214324,0.1006112140899426,0.4215593743605819,0.07943266067659864,0.11604256188317259
0.1315616983141959,0.15449732104034558,0.017862557944868407,0.05115197896052124,0.06426693941096008,0.10299365684192706,0.342713595967621,0.05036058071662126,0.08459167080293954
0.15098958580852298,0.037440749248449645,0.11908451873895222,0.11112789082888279,0.17496675649272975,0.10274521210842064,0.011787339602193983,0.11113638739797439,0.18072155977387358
0.11921258486501568,0.12521747157193844,0.09335377028323616,0.15636506410266246,0.08711962127115856,0.11437912699710341,0.08059559033756424,0.09722779557208627,0.1265289749992348
0.13548992928322381,0.037113329926873016,0.11072916793498816,0.1347674914796215,0.15870593377515985,0.0973310715594679,0.017586045799898763,0.1742327550033116,0.13404427523745543
0.090170394991117,0.04782345445616448,0.01018432223995463,0.07316639194542646,0.06858896453680176,0.10119828864586287,0.4192546813147439,0.054352265497844554,0.13526123637208445
0.0752605636257398,0.047760372701204645,0.049764239264932564,0.12031259690546148,0.061550342390153,0.0703567112322241,0.38411435705332025,0.07033824260942018,0.12054257421754407
0.13756973007654283,0.02984700441888306,0.09285997946274338,0.10339930663771298,0.12145478723826385,0.08131597968328297,0.007709834104601116,0.2484894829654939,0.17735389541247595
0.05779792164176999,0.17127730914834796,0.05840316136966169,0.05418266599357713,0.05586039817450075,0.06992910133716722,0.44295070804510983,0.0658089600131496,0.023789774276715792
0.14844255678599655,0.02617941253104437,0.09371283343222063,0.08773785128266658,0.10824582557899681,0.08339748574927758,0.00657241919195328,0.21044378920663634,0.2352678262412078
0.13446679959844013,0.06146918960397827,0.09507978354219782,0.14767335697613812,0.11378592997404725,0.1217171713253155,0.04564064836410892,0.1414723326099179,0.13869478800585616
0.10781142298524597,0.0451933033010417,0.07055107688653979,0.17268315514266797,0.09515743129003645,0.1003618170371684,0.16951249331188203,0.09159748562067314,0.14713181442474452
0.14027995619386058,0.015086587091164684,0.14889456055541772,0.10576982551361169,0.14531707423161108,0.06035702767667215,0.021444095148687652,0.17088317501364267,0.19196769857533172
0.09352757035052313,0.15229765696960776,0.03837526008099807,0.07904376855602203,0.07653905461832904,0.12144303351862729,0.3232280957155779,0.06023052822883753,0.0553150319614773
0.13280658081968305,0.04304076568373982,0.1505093490713396,0.1408374533050459,0.14868508034267255,0.09483168953783279,0.022187676917270204,0.13855602987055013,0.128545374451866
0.08331385223086428,0.018717391118723916,0.054624565151363456,0.1363721030490043,0.07006793494623204,0.06740276098013605,0.2732870854147228,0.12901650151690788,0.16719780559204533
0.10674818781527255,0.04714075124727297,0.003218303748516401,0.05416490068137649,0.0859729057728467,0.11669237689719099,0.4195246911436812,0.054014784802050346,0.11252309789179234
0.12751782986251162,0.06705511358393697,0.15512757627291038,0.15825516119461094,0.11858074171317962,0.104886406269826,0.050092958135948974,0.09271300001315058,0.12577121295392496
0.07459955210748564,0.12638437778279488,0.013424209626529196,0.047480406220304784,0.060199480932363554,0.09844365679789611,0.4768226160690925,0.059301294811041905,0.04334440565249149
0.14258541213268072,0.02487964352156638,0.08494401572042694,0.12110519190086744,0.1305210615975129,0.09197778330538675,0.019349381329477205,0.1740314068555179,0.2106061036365637
0.08621544198080028,0.2075021347006382,0.14338447434538293,0.1708111333723212,0.10345094081803696,0.09761026570962787,0.07336161557001694,0.09444352424316195,0.023220469260013688
0.06989856039831614,0.17480939444766408,0.024338925274417455,0.05805951040491111,0.062255446687403605,0.10022816634335163,0.4170441733588861,0.06221770191147893,0.031148121173570926
0.0610385840314013,0.084904919546466,0.012945712284210903,0.08963576293953972,0.06140493711978426,0.08192105405266119,0.4759894108269534,0.06619854876703839,0.0659610704319448
0.07702549768715365,0.3740928266420173,0.1621586131767614,0.07594782984419192,0.06692429641745107,0.08565978691889882,0.055089476224213736,0.09313610782088089,0.009965565268431191
0.14683095665971355,0.019616270648003618,0.1804762584322206,0.07921006382595795,0.14185071872979796,0.05304447437536052,0.0038367965244550852,0.1938357066299932,0.1812987541744975
0.12364106703952894,0.02488875751569748,0.0687481285512798,0.13105727952796206,0.09370367842648392,0.09223840752181507,0.09091862707031399,0.17767844393749752,0.19712561040942123
0.10420235541477191,0.07528265938332686,0.006787494931690737,0.08639837151550928,0.09688715389291631,0.1440586368538842,0.3151256861394051,0.06919550670289865,0.10206213516559691
0.08926741651493268,0.1710934513281037,0.3422392142363008,0.12723552044878259,0.08203322883433492,0.05797448388229002,0.014117010475286275,0.08219377142511786,0.03384590285485122
0.12573111843719573,0.0705885005798632,0.10733774600035258,0.16618017134896626,0.1330681497171415,0.12153883604578963,0.04779145657111298,0.13366790704137219,0.09409611425820584
0.1018985514386327,0.0284413360496933,0.06667035760208485,0.19722374684213165,0.0861783334511841,0.07979673686921085,0.11998886470909949,0.11585450053423707,0.20394757250372594
0.08561924305808201,0.17499784890095957,0.024288841903460538,0.08098580575958012,0.07648028264820746,0.1227433185794778,0.3334165469232692,0.05585959812758653,0.045608514099376725
0.11811388010165237,0.06170126922274504,0.050281605533470546,0.19184559564055673,0.11472221779642965,0.13115880417971534,0.07327867283020646,0.13866185646705412,0.12023609822816983
0.08481286493271899,0.06621116600422906,0.060947991686540616,0.08570785250080515,0.061355966237859404,0.07669926278625379,0.38879143290310525,0.06842943415885738,0.10704402878963036
0.08513198251042266,0.048915645609931585,0.011189305076149595,0.1021760838727848,0.06670436672418893,0.10075582594860284,0.3710548170130023,0.07639561145069386,0.13767636179422352
0.08163129838749973,0.21931705478084587,0.31026787585241516,0.08506647918659664,0.0864243054929444,0.061477162492571784,0.042458971362882604,0.10047206642676738,0.012884786017476321
0.08082322120034124,0.12662138443352158,0.03931535777698945,0.08760671488900183,0.06559939529103447,0.09895211973450169,0.37288044322908415,0.07040704521247332,0.05779431823305223
0.08246155270319307,0.059652570238883575,0.008621495918106873,0.15528767409736577,0.08406689580126726,0.11123313949597331,0.31323294117371225,0.0685829301975853,0.11686080037391262
0.10667045411160252,0.01795238400686025,0.1534258798989815,0.15191933984988204,0.08501558153879189,0.052665037059377424,0.10267542215793173,0.06963829797147607,0.2600376034050965
0.09241147136041344,0.11560319795428288,0.06639534480179046,0.1574631037694759,0.08631081118211824,0.10945902649083179,0.24080474934691765,0.06304442464406625,0.0685078704501034
0.06864165752754328,0.15924081508730278,0.022792297779111518,0.06397415136407009,0.060653717388407434,0.09313783595210036,0.4339729970821424,0.06025639725718918,0.03733013056213295
0.15617740642014194,0.1351745701846114,0.03952817897697162,0.08065424852356338,0.0848207628842383,0.16033790868827602,0.07880706801435582,0.11136070105381535,0.15313915525402608
0.10172918646155761,0.2518996228128011,0.2703303517116824,0.07314555404162454,0.08393083291062335,0.0906106868059169,0.03416417604702413,0.07178693418101659,0.022402655027753432
0.11555502004064228,0.13786548271254248,0.1619869543015691,0.14992761799897206,0.1063966389140752,0.11395206367506194,0.057810475838889125,0.0988598228824777,0.057645923635770056
0.05983784797628925,0.03349367592745053,0.015828505197002785,0.10713087002661786,0.05795172729764294,0.06742008416984739,0.4739923905090315,0.05852665545661826,0.1258182434394994
0.19149700140963666,0.02794589548017623,0.015839383851005282,0.07072708544401028,0.08450393749348134,0.1344073213488415,0.04409426123373008,0.13266124436190382,0.2983238693772149
0.13661482337328595,0.08813013887806836,0.011711530809119642,0.07223937041377844,0.09725285532070216,0.1566386141979685,0.22920495399467036,0.07528189169665607,0.1329258213157505
0.05764749390988108,0.04897121163176854,0.028506135820126382,0.0658748923517501,0.053509472261001355,0.05707009909682614,0.5338698032213122,0.058114769213644196,0.09643612249369
0.07776496404099646,0.1295258373932708,0.0053298266887905925,0.08434147948954451,0.10151956273933331,0.12249420819359885,0.38615670940662145,0.046324160958721584,0.04654325108912236
0.09928863886149124,0.04164683670083376,0.14445877049803502,0.1964850753249748,0.08531632468945093,0.06966269377736255,0.13024457198121084,0.07347733472665564,0.1594197534399853
0.14582007195264957,0.008708869359060413,0.16964690175055172,0.0630081161749596,0.09160252823256694,0.03618826821486596,0.004559717216982467,0.20399305773843043,0.2764724693599328
0.1412614855554494,0.07514956595763707,0.15044397433616116,0.08534275352767218,0.18308963369146902,0.10530641485409731,0.0019302730634782814,0.1859545702987183,0.07152132871531727
0.08302354722462367,0.25915818959868253,0.3060390867459236,0.090050197576733,0.06879681809824352,0.06522458782001965,0.039458413334229926,0.07130636507717275,0.016942794524371346
0.1328339212580559,0.02562826226186174,0.1310245999208395,0.13560676773364966,0.11411100630110964,0.07956175331193133,0.03223604786505257,0.14414272258894126,0.20485491875855832
0.11212672893405033,0.03948347774710101,0.01962424214981186,0.15787426135034494,0.1348867513630263,0.1371055668801562,0.141724245875846,0.11951413968916273,0.13766058601050063
0.1012088323078363,0.09966811109326927,0.06187157367934163,0.2362779286136647,0.09332689565082715,0.11071980504479884,0.10731916366845211,0.09532223544449477,0.09428545449731522
0.10107032889263477,0.1747638999324431,0.05166772402175603,0.1251283778812248,0.09683353054584677,0.14548960844097206,0.11631566117309627,0.15106259402925423,0.037668275082772006
0.13910229350698342,0.12357578702498272,0.08338017619747963,0.10113699929830638,0.18763282443244747,0.17286543843966307,0.007715378972919057,0.12113382055417836,0.06345728157303988
0.06615015231909864,0.17542518908516733,0.03821177967876877,0.08178390897309619,0.06413407933825134,0.0884939142810292,0.40755123748202654,0.0453852945505674,0.032864444291994664
0.10565792577571943,0.04194417958633859,0.09700111869054358,0.20907298800946908,0.1689843274318279,0.0886652963708321,0.08216616665303021,0.08303765279140933,0.12347034469082978
0.0932723850311304,0.11635324315621726,0.013012808042857968,0.06493809386767667,0.07911257761922987,0.1311407328735757,0.3730755596999265,0.0651310752374606,0.06396352447192488
0.060656088472767794,0.06601845235231751,0.021241286069325602,0.06697421602891233,0.05660845191502691,0.0724399619239638,0.5265373758779228,0.054851702999182066,0.07467246436058131
0.12534066816163972,0.10908844097060627,0.08413596574822886,0.1393986339157035,0.1004065028977597,0.13321222017646844,0.08360455570828927,0.13222865793404323,0.09258435448726104
0.15799812962467005,0.047319642790724294,0.028012278558523868,0.10461727876682214,0.13018104028938235,0.15744863684106544,0.07218213788460165,0.10265593756577111,0.19958491767843914
0.09209210077220287,0.2754012788567197,0.22011702513120313,0.052780029359378554,0.06743432520327937,0.08274882865878674,0.14124412012994805,0.050579069522950305,0.0176032223655312
0.10651977461203994,0.18588026838928193,0.0027405531256634945,0.05123210896076238,0.13500466020523083,0.13540062236870423,0.31689115275741736,0.0340885940946217,0.03224226548627817
0.12748656166650366,0.07678383098838476,0.062284680364780555,0.15813314455750727,0.12796003629546143,0.14242301694646334,0.09455003051298415,0.08925339284423935,0.12112530582367553
0.1333814736265009,0.04298844485454475,0.19767506447891345,0.12451153091808277,0.17297975055407144,0.08699747034730543,0.02281961450261098,0.0857043741120982,0.13294227660587213
0.08405197142044245,0.27823836737758073,0.3492003190916942,0.05441674148241205,0.06605069229329967,0.06032505430118016,0.04238299880869947,0.05452019524530962,0.01081365997938169
0.09092182949404587,0.23355804143079514,0.37898741423599985,0.05079341944247675,0.07477168738547411,0.055848290114519916,0.006655845567308405,0.09731679614652651,0.011146676182853458
0.10620109957836436,0.06139447838921578,0.04773376219846803,0.18540524328821495,0.08719806411768873,0.10952014449700491,0.1625200827299755,0.08752486026226985,0.1525022649387979
0.11811274552153335,0.07517104451358787,0.22161889598473694,0.1596388908470542,0.11983851247043631,0.0889784082050646,0.02445275373164461,0.09625100416701243,0.09593774455892956
0.1398952276712472,0.11742006060466274,0.0175683462677701,0.06623462373997897,0.07556360481045321,0.14428268959391194,0.20297654564919598,0.1112777588855886,0.12478114277719131
0.06745745086573876,0.02347777769534819,0.031550450863452956,0.10684567724879908,0.059143282758875225,0.06575342777510655,0.4179809000017663,0.08448552946165204,0.14330550332926087
0.07700412186582883,0.04551691141238088,0.018457318629953718,0.07447237985759002,0.061723322783242794,0.09272171225400815,0.43757693388930363,0.08746842901043612,0.10505887029725591
0.12664523560893498,0.04973364193395588,0.07701734411821735,0.17501916208375212,0.14938870865932136,0.12136112393251804,0.05950424758606417,0.10585808173304874,0.13547245434418728
0.12201513592019875,0.09919312846442511,0.1359046212294956,0.16954165210400918,0.10085085323016468,0.11077489912355716,0.05579189071895724,0.09029724881102441,0.11563057039816786
0.09673545643558568,0.06068128258954338,0.024824124718040075,0.07325130421274721,0.06842082081892233,0.11011651696379628,0.36595326751856355,0.09104570784919293,0.10897151889360852
0.0797688857931685,0.2872664197710875,0.355228762380303,0.06379382707683427,0.06377174342767329,0.05606145436110374,0.017747962725107046,0.06514381253924924,0.011217131925473264
0.11201593634856029,0.10987250603175854,0.10034024002811097,0.18434221191616693,0.10961656508609263,0.1204926188371412,0.05511266007468233,0.14672890657529522,0.061478355102191906
