0.11761396822013236,0.12860390585117368,0.05534408644532838,0.1254301682294642,0.1359205086037583,0.13856941808719267,0.14080480197959325,0.0802691086473024,0.0774440339360548
0.11709684291905052,0.0675932739378524,0.03754990582665508,0.11451751901172132,0.10848154215386231,0.10105420941803876,0.18817905856013617,0.17963708156680738,0.08589056660587613
0.11733638919405576,0.11250375491907995,0.1413145638686789,0.12033836351465456,0.1142746997924426,0.12396397233444902,0.04080278151565921,0.0988776626828373,0.13058781217814275
0.08430782619887982,0.0950519959252742,0.2443268922762177,0.09511345509736456,0.07233889014492718,0.08534646925929468,0.05721499718984744,0.11101274392838671,0.15528672997980777
0.12356203010567206,0.12327204013315006,0.06427830970342065,0.10391053168704818,0.07627173178336703,0.13362836093796182,0.08069033901023699,0.1863411022433825,0.10804555439576069
0.1194254976911423,0.11815531541668384,0.11028362233882537,0.12249677459475655,0.11528308096260387,0.10376773401946975,0.07772582725643386,0.0787636250655289,0.15409852265455556
0.11936380723334748,0.16245414383890755,0.06144688088228967,0.11414862872786792,0.08290928817812056,0.15452420041783335,0.09402443745509202,0.11827261037618102,0.0928560028903605
0.08626689950295824,0.06640858913828675,0.2678297355506325,0.10283545675700623,0.11116595547285373,0.07516130914643292,0.06039977547945349,0.0811117235587396,0.14882055539363667
0.09271104660956007,0.060971776013003604,0.12449349244185948,0.11298294673387489,0.12602790139054953,0.10419462555781252,0.13156505184004455,0.15248482172198793,0.0945683376913073
0.14623756498023666,0.15091255528877537,0.03601191378466132,0.1262931270008776,0.10570443004263565,0.13122049249676945,0.11410004895554138,0.07953185128322407,0.1099880161672784
0.23765301134985375,0.17779322480604817,0.010277531495636313,0.11971016484813128,0.06532668074874938,0.12186313292085992,0.10422218512310168,0.0612961499347378,0.10185791877288171
0.10889168151838424,0.12050808730925129,0.1164266363432212,0.11305716006001713,0.11643191991662938,0.12458185565364921,0.08395045217054249,0.10743559892393913,0.10871660810436595
0.1385907098910442,0.15091328812630675,0.0644230706923513,0.12162781730478921,0.10400067081927533,0.1517377468962207,0.058258560627582445,0.1002154319183431,0.11023270372408707
0.15213261574992962,0.08973366506969578,0.02521544733335225,0.13016264732385155,0.10832190268628661,0.1093084340058409,0.15635023316510527,0.12178786289589531,0.10698719177004279
0.10538868899421454,0.1157541653358851,0.04655982252769616,0.10980180126626314,0.08829075136710444,0.10735005630356266,0.20641752720281503,0.123004649472693,0.09743253752976584
0.0984935379599327,0.09844509081018367,0.049258816748696234,0.10409610484128172,0.08713114864472242,0.10914344475809694,0.22710195506369377,0.15233729391342818,0.0739926072599643
0.12234643233086351,0.1602765701427149,0.06091170264932091,0.10807658095445366,0.05621204945888277,0.11412151222993294,0.09183430606173455,0.10880029313352772,0.17742055303856905
0.17713399451611944,0.17489228753628502,0.036330590633021444,0.12440538788724258,0.07901229637026741,0.139333801448847,0.0563976174938999,0.08445546321881686,0.12803856089550034
0.11468896891727547,0.13201698122405534,0.08441338846958396,0.11210210277270725,0.08253055092596312,0.1468716881408854,0.062443431098065716,0.1553465966052968,0.10958629184616693
0.14238012008588077,0.20481727803604324,0.06214183098525349,0.11385960352968645,0.07478024281016658,0.14113880445319657,0.04853797176727682,0.07191004926354432,0.14043409906895163
0.08081149147975425,0.023645674555901705,0.02808262328404856,0.09522619489865719,0.09150149987462249,0.05184841643974789,0.4605705656132124,0.12338565157820318,0.04492788227585234
0.0779978550681501,0.040342073080448154,0.1906868996204721,0.09530487859529162,0.1463474531040562,0.061690826501219764,0.2010274912782768,0.12587705121965564,0.06072547153242965
0.16585361427034148,0.17990651192343854,0.07103771004081912,0.11639321314844482,0.06133120210176037,0.14394218400964276,0.02407885888028177,0.0938949397128005,0.1435617659124707
0.1328346999308897,0.11814715165555952,0.0490132053064839,0.13051237605432073,0.12066134717118844,0.14779033111911552,0.10216989831866718,0.11611883825186686,0.08275215219190803
0.1726059168330363,0.08880883545492835,0.03747489026392326,0.13381129547814896,0.0911459809342569,0.1265669579120498,0.0686695219868189,0.16319784144929436,0.11771875968754321
0.10001240557535523,0.10976603361368394,0.06601017345864708,0.10879407373226063,0.08393574861296808,0.10896581402405779,0.19152587917431038,0.14371844618255944,0.08727142562615753
0.08782325090049103,0.057994031347356784,0.11886376851389624,0.11823721449472376,0.19376709279172247,0.08717938856801831,0.1859957198848412,0.06943329701137398,0.08070623648757617
0.15363088151406426,0.1044892247236901,0.08135964292532726,0.1386439124230289,0.11753622597700526,0.1202342153423263,0.05297860462828576,0.08424808218296786,0.14687921028330422
0.13846110373774098,0.1502308539978595,0.06201137441613924,0.1250902437801407,0.08981470975230044,0.11934121935821329,0.08031050758260627,0.08294833872594258,0.15179164864905706
0.12509365740494402,0.14414632409125874,0.07555534205776214,0.12216062880132085,0.11754233636657112,0.1686082930135996,0.06031464069256434,0.10559176084220394,0.08098701672977517
0.09388832511768962,0.15022297347282335,0.06589774485849219,0.0913790629093265,0.05090275471827862,0.09266335197078863,0.16880037323442612,0.15350716008614293,0.1327382536320321
0.09669676269075063,0.06242558937897011,0.05622113804693124,0.11802322051904761,0.14993836302683924,0.10443472019945714,0.22367869631055726,0.12197593855505673,0.06660557127239013
0.09459699195259137,0.06828094157024935,0.13502607040591605,0.11255338105227797,0.13031233772832063,0.08796596228261448,0.15511851622285544,0.09638887611515445,0.11975692267002025
0.17873072735827011,0.16379826276560644,0.050384076374900784,0.12920549760611996,0.1170644384022268,0.1260465062119445,0.052645880938150195,0.062477236425104915,0.11964737391767628
0.08483834920210316,0.06005569490101731,0.15672581038358682,0.09840752302564452,0.09375096536140093,0.09814910774143067,0.15890178203958905,0.18774641707789816,0.06142435026732929
0.11640536790352657,0.11606390499912606,0.03769516384600354,0.12092842571142892,0.1112217355581311,0.11925218624457855,0.19708929380770604,0.09463140355567827,0.08671251837382098
0.10702997584600123,0.09810296797363642,0.11123893861344154,0.12231702497763612,0.133705936708423,0.13308585011256877,0.07690004458088326,0.12090472802018815,0.09671453316722145
0.10457991157191622,0.10054874827445598,0.0825841794475415,0.1194253563909155,0.12085647756194325,0.0954158814794576,0.17315688965360976,0.07552892928921164,0.12790362633094857
0.126165967204505,0.2026400025347609,0.06364509443343529,0.11109653114822589,0.08113560528912471,0.14424576215161292,0.06840033568803199,0.07282771335097273,0.1298429881993306
0.09786531653132335,0.054191614258766035,0.13003199727954065,0.13152925536705026,0.20943364327818312,0.10993771845305415,0.09847442566149588,0.0783651011383986,0.09017092803218801
0.1292938552949446,0.09985021436329145,0.0734577121473962,0.131857117494389,0.16640441843521947,0.11831764972625736,0.09837496136280166,0.0877928923018022,0.09465117887389805
0.135606916974152,0.05656287700446808,0.11783970440020841,0.1061135248742117,0.1034667754387774,0.06454938023735494,0.11533494764528975,0.1861779880257769,0.11434788539976092
0.13277751947379898,0.049148078528215344,0.044430157397177185,0.08304902749723926,0.029229192096211044,0.062013146333934156,0.20376221522674154,0.3425200498010059,0.053070613645676536
0.09144016263295963,0.05137210245817741,0.06445048500387202,0.11907793161087397,0.19192829073288797,0.09553835907397047,0.2352207964775599,0.08977064631478525,0.061201225694913375
0.08240715092525293,0.03519249504795039,0.05312010794529657,0.10641954725833509,0.1219488916838015,0.07321519333265013,0.338863455237519,0.13618772943029434,0.05264542913890008
0.09068047877217682,0.09353276989170951,0.17322635490098623,0.10605252996678961,0.12686635121710546,0.10558872378941553,0.10349857908945244,0.1070007011153022,0.0935535112570622
0.0855771261317179,0.06008589110219328,0.08894249056192433,0.10998924181154753,0.14583802758242578,0.08804677726811107,0.24772963431651895,0.1057924459868625,0.06799836523869855
0.1181747674681647,0.057277723775489175,0.05630540756546232,0.11430284697490184,0.09234550023122585,0.10861633895393784,0.1170814268547768,0.23344527935694384,0.10245070881909757
0.09804051806426732,0.08726558470904018,0.20458103332509323,0.1078649506349929,0.1421565263300463,0.09710794292287679,0.06574020335532382,0.09773654641869223,0.0995066942396673
0.08990692780600447,0.05447565717248395,0.1046106766029601,0.11592885092356553,0.17049729920547704,0.09576589789653923,0.18568089288836545,0.1084786865343194,0.07465511097028484
0.0952446764434927,0.0541037576466907,0.06720384643311232,0.1056354015581315,0.11883690323585079,0.08058364440535697,0.25783618006831666,0.13521123392501708,0.0853443562840313
0.10825446762628173,0.11603553638056747,0.14252257546560068,0.10972999716048504,0.09004292917600708,0.10271100841156881,0.06597098420797508,0.10887611745856991,0.1558563841129441
0.0852900046883221,0.05827258740025596,0.09660829705581753,0.10603311726499669,0.1092699360464129,0.0857226034508614,0.22709774632733717,0.1469563488790966,0.0847493588868997
0.11539865209346419,0.035132126064925974,0.08223383050135166,0.0911920499601262,0.04559395463195725,0.08249237942627712,0.1633311407195754,0.3345669793370904,0.05005888726523187
0.15867555132853858,0.24687477040586514,0.03158852746744757,0.09927454894104808,0.04207030721719387,0.10648601572644552,0.07237549733972175,0.05692790840824566,0.18572687316549397
0.10281222205194629,0.1073081790940849,0.0822419270361846,0.10750499991332807,0.08895779367390666,0.10002719414829704,0.1530526868028093,0.13501084802556831,0.12308414925387483
0.1222856800048336,0.11710170874552776,0.08858759454878092,0.12709169186876043,0.12412733136577438,0.1287175391220947,0.07527572188794338,0.09874151102309293,0.11807122143319188
0.11621303039676223,0.05310453216276667,0.09398611044371635,0.13608926891250708,0.17203494168212966,0.11215933656707061,0.1083635766107071,0.08618178808461119,0.12186741513972914
0.11123308924486869,0.11724999171816937,0.10331101058311172,0.12427990350049493,0.11947318673493583,0.13116902086202079,0.08621858192988714,0.10350118501983736,0.10356403040667421
0.09205919555014308,0.06605057105954668,0.08919191992509329,0.10069437939109226,0.07664990860504649,0.08777768106015534,0.2104616655389054,0.20887813019685356,0.06823654867316384
0.16239268028395235,0.14491688121839882,0.060229019861693565,0.13306500280817732,0.14141868701173307,0.15115060033556663,0.04620658001935855,0.07171553112317762,0.08890501733794204
0.08469722896623767,0.05191140327485872,0.12074873915038199,0.09840478646028783,0.0995070442172497,0.07422722219511717,0.21619307670160834,0.173031145883747,0.08127935315051167
0.09652191617395443,0.09331506699454739,0.07258005193536955,0.11013333862041413,0.0825730086548993,0.0959408663537043,0.20132596020676063,0.10334428828230202,0.14426550277804828
0.12427432008164896,0.09295887916367078,0.09679395609372789,0.1177091142834132,0.12471546983634539,0.09462738672779462,0.11122421005957343,0.11766483335513467,0.12003183039869103
0.1529308706924701,0.17946521788608005,0.07219641854374734,0.11010005561702091,0.05987177757250478,0.15585954017992723,0.023991310021487317,0.11043842904056644,0.13514638044619576
0.1410512837989123,0.13574453900518965,0.05752410128247699,0.1304111483994221,0.12573914102263334,0.14415306378294682,0.0736695535189034,0.0896977988096027,0.1020093703799128
0.10927446165287709,0.08714450220264852,0.08239824953858586,0.12687110986370911,0.1418365624732365,0.11531758989076724,0.13276513223935635,0.09986553900498572,0.10452685313383363
0.0954242516242406,0.11585624142023149,0.14039245887891674,0.1124317349881364,0.15055442998857085,0.11160983978008678,0.11282151867598421,0.06896602262063566,0.0919435020231973
0.12275046104124472,0.1197093429153963,0.0627941243676373,0.1304100310924496,0.15471610883342377,0.1377457397747266,0.10815889048452969,0.07943342075303196,0.08428188073756006
0.08469680196820079,0.05434944145170371,0.12653347156292005,0.11089932119394393,0.10587125383184304,0.10161744876856597,0.1686769949250477,0.1094995110674497,0.13785575523032512
0.13906624914096308,0.14800417809698435,0.059967991219334625,0.11846091630447324,0.10966806562604275,0.18558447105578255,0.0469294524483104,0.1145107059659971,0.07780797014211192
0.11614929716507233,0.08279828174867646,0.03501498741269573,0.11846787407833907,0.08444235686686191,0.11066701899067692,0.2134640051058827,0.10769051600402062,0.13130566262777424
0.11766137301197703,0.13873494169713316,0.06293465965657451,0.11207281397285918,0.09116897493270922,0.12588582809462454,0.11332321052028856,0.12137491899331261,0.11684327912052118
0.11168436346357064,0.08954377694998968,0.12534185688352487,0.12222170612817512,0.15587411778810292,0.11567012419516419,0.07686839283606571,0.10542520610635496,0.0973704556490518
0.15145907113414847,0.15423443102272963,0.05114787390316197,0.1275910448759827,0.08429406047999106,0.12946268089251314,0.07166918393739775,0.09074235288247802,0.13939930087159724
0.1536110075599082,0.24962940968992364,0.02890143564588372,0.09868416596188052,0.047743074755696634,0.11510964414857056,0.08232951995684278,0.05443999906865863,0.16955174321263536
0.16880452621476214,0.13426235548073795,0.054322446555483545,0.12983988422737622,0.10228659953442303,0.10900140929375209,0.06399702058267175,0.08400248806362486,0.1534832700471684
0.10617021091332939,0.046668675318977226,0.027296038926314214,0.1208787537954447,0.16651554749017505,0.09501037699621245,0.2729575245042515,0.10184248222549253,0.06266038982980286
0.11171486346339289,0.10696448247348211,0.09543694438752436,0.12042573831703078,0.1067573366521485,0.12680046451614646,0.08481672167014671,0.1287335388908231,0.11834990962930518
0.10785944625162565,0.11487611082030807,0.07153218640523018,0.11263966484512666,0.11878066636992414,0.10585392438860086,0.17659450331874726,0.09163955949704865,0.10022393810338852
0.10297315852693667,0.08451685709042665,0.08950122598422051,0.12013474847156132,0.12636554110369927,0.09989581264840534,0.16445616080075318,0.08967865141223941,0.12247784396175766
0.08319440212570169,0.051743186059001404,0.09010078877702331,0.11249785240606745,0.13645433061572018,0.08764013721979008,0.25287985591797185,0.10120648020979782,0.0842829666689262
0.19521939415544443,0.1302158062592493,0.041309343771037094,0.14042286424853048,0.09728460878686303,0.13823908395262077,0.05003058932844226,0.0946289506101378,0.11264935888767486
0.16230079526457974,0.11306728190352262,0.011561138875631842,0.12391197680687775,0.09617238127602036,0.11600564686962878,0.2141522706232093,0.08649559115383694,0.07633291722669268
0.12053886238439325,0.11404145528606642,0.0791070324431679,0.12157325619617121,0.12362416973958053,0.15936529895601656,0.06330141070273358,0.13413356902441534,0.08431494526745527
0.07246838431885522,0.026271520212714825,0.04891110348833977,0.10173919270237615,0.13362243086909015,0.07291081790385162,0.37678600432447923,0.11148945118690164,0.05580109499339131
0.10304907498698788,0.08985543527436,0.11296309735105763,0.122099337389682,0.12003269795335257,0.1285232200159525,0.0901326052097477,0.1330890468041458,0.10025548501471389
0.12395046344243156,0.16576983710319573,0.06312831293504736,0.1180637876585837,0.08348548075605004,0.13668765037030242,0.08695345718852392,0.09874802769527839,0.12321298285058686
0.08709144630450005,0.04915040426326287,0.15231139293367554,0.1009971597911042,0.13975045697135277,0.06394305872510077,0.2191462440428583,0.09897899644622787,0.08863084052191761
0.1086310758132581,0.06524462309084013,0.08659260111534056,0.12581366279889852,0.17244741036275454,0.10543925200955813,0.13883253537212195,0.10880192360173337,0.08819691583549472
0.12583894101736856,0.11220467974124126,0.14770596177668008,0.1196430178140399,0.11333598452976329,0.13089964303775845,0.02698222307440758,0.1025085621238987,0.12088098688484224
0.09219653314401523,0.06557996578162362,0.14353242184237344,0.10646207583032297,0.12263644839464505,0.08017429596784585,0.16954830420031655,0.11283179625898893,0.10703815857986836
0.13737199623593688,0.1344352405350064,0.06543651039462346,0.11340071939647099,0.09490829500241277,0.13952227996553457,0.06980369080389925,0.13232043341739866,0.11280083424871716
0.1616612965173965,0.17451849502687758,0.04902458872188944,0.12761674655624133,0.09556146125604474,0.1391641771223062,0.06002178539651059,0.0726860390936766,0.11974541030905701
0.09265792237589034,0.04675491839515905,0.06584442113060575,0.11295465687525687,0.1541972875622842,0.08974332933048657,0.24732818175029045,0.11834752899137894,0.07217175358864779
0.10850116383683411,0.05898941269431851,0.07982210495903365,0.1224367901779494,0.1545122360856912,0.10740664336209914,0.13742353803267296,0.14523129460767198,0.08567681624372914
0.0880981038848672,0.02063645794281606,0.06662583453390492,0.09614062585755212,0.07709793131723369,0.05894937737620831,0.2969021895105762,0.2305168066829204,0.0650326728939211
0.12104115371671975,0.09325249981298196,0.09032701715836339,0.12086666373866667,0.10421012894193395,0.13310683274704235,0.061578533492781196,0.1674502564261006,0.10816691396541013
0.13535110526243077,0.07374077088921706,0.058511444182991014,0.14398390814071751,0.19311726644132468,0.12293653572614627,0.09436315759270542,0.09476776967269541,0.08322804209177177
0.10447902670868615,0.10958351619569966,0.05312573616661217,0.12058632855837458,0.14071687093513865,0.10330044272964141,0.23054299264117442,0.05838680957397548,0.07927827649069741
0.13071628142897854,0.13485689084509392,0.089271684004206,0.1221250963860258,0.11214342663375039,0.14683666096087036,0.04816026092021813,0.10500168270728572,0.11088801611357109
0.09530323130754843,0.08432200546413632,0.12669265595724302,0.10851990862366512,0.10979103869659411,0.11160235747458169,0.11378854645024637,0.1576996003564163,0.09228065566956861
0.1373376203492129,0.10309083630441924,0.056240106050618334,0.12881020519682007,0.10146352662847687,0.12272379987090017,0.09236039539424551,0.12403188711052977,0.13394162309477714
0.09559014267099265,0.04646373335881693,0.06267658088255958,0.10908003736007515,0.09496586358004956,0.0819791194505865,0.25556359341729634,0.1864015593469065,0.06727936993271683
0.08956686279741133,0.12997434501277952,0.12529852535762578,0.09875126879793734,0.07173879407561214,0.11763321637515946,0.12833786098487188,0.14014819795894337,0.09855092863965918
0.0948530340583633,0.06192813592863941,0.15707726393065233,0.1115046120693325,0.08852211980165207,0.08089300977296328,0.13160951524688078,0.07109942008023036,0.20251288911128604
0.1402873168937244,0.08704492752423666,0.03253534953864518,0.13682112813008382,0.14580882498835102,0.12953488543634228,0.1353140841715402,0.11248124928334306,0.08017223403373337
0.12495522020970017,0.09642332360084656,0.09503208108907518,0.11058484233645466,0.08023531293418505,0.10937209621694384,0.06203111390958064,0.18673955658182892,0.13462645312138494
0.09524778246310432,0.056796169436766956,0.08278784961506007,0.11304823556230927,0.12240189432155431,0.1045326289246496,0.16563407734390653,0.1790573675850982,0.08049399474755081
0.12291243890175756,0.05056954666396593,0.0751632687270853,0.13381718758198735,0.2819008201266426,0.07994653397390099,0.12617129629813265,0.07238844903760404,0.05713045868892369
0.1426782815724403,0.09671489899301104,0.026269356832829344,0.13590806700625588,0.1673956360958754,0.137276205061979,0.15006096726119328,0.0826815951285166,0.06101499204789914
0.08872002294449259,0.0694078197705157,0.24829351374772193,0.10314226074007708,0.1337960176974985,0.08155375228964723,0.06945756463306135,0.10138546016622552,0.10424358801076006
0.12557336401813926,0.08264149040110591,0.10154781528050204,0.11329863012169468,0.10375467520313668,0.15508233106858269,0.03416197822006937,0.20417384581750317,0.07976586986926626
0.09491831349494512,0.12638988643140311,0.03700153810265828,0.09403420176097042,0.06125003793756558,0.08663098144100667,0.29054465360510573,0.1229024460020476,0.08632794122429738
0.11793205243317147,0.08331860344651322,0.06369348204198405,0.13269275470703976,0.17089944012785754,0.10234658191588032,0.15910383400614303,0.07129495603030143,0.09871829529110925
0.15602532358247995,0.12033285670192444,0.07867174777767387,0.12978506820858907,0.08808633733984074,0.15417684013472308,0.03079871401117842,0.12948353666058118,0.11263957558300923
0.09830397244289184,0.09964716953687808,0.22194015404012438,0.10477028409406637,0.11524822582657211,0.10073401860781794,0.04523593700103857,0.09607524519913718,0.11804499325147357
0.11229236518109216,0.09960704443897689,0.17656107299488322,0.12117970601426338,0.21127845837247686,0.10244081023675455,0.04164442583241315,0.059091077286300094,0.07590503964283964
0.10694368819520389,0.16129563861737606,0.13883441825090456,0.11082985132181676,0.09175907206253768,0.1172220693860943,0.05265371413206033,0.07223132251402532,0.1482302255199811
0.08588680585583568,0.0480355816962637,0.049942800333363346,0.1033018252815666,0.1324364802823826,0.07626162678754252,0.3313188602951406,0.1128469214605912,0.05996909800731368
0.10198894592453027,0.10564909344441768,0.10200082691282224,0.1126682711373266,0.09548607967934856,0.12681807080303611,0.09497671063828957,0.15610540848818086,0.1043065929720481
