0.17078252990965095,0.08974901463949499,0.10138918744736469,0.08099702185814954,0.24200955516241615,0.10785770884389424,0.0472015136524783,0.06879363322418935,0.09121983526236166
0.17273604196489925,0.1268459730077687,0.07978498608531524,0.20852957693602692,0.156167394619264,0.09087977220277471,0.01129474328647608,0.06806060340330103,0.08570090849417407
0.06502630411429411,0.12712980850991748,0.12572412657690094,0.10282865614698788,0.07674076961371722,0.11985110330385207,0.10876475067367308,0.0970554917079195,0.1768789893527377
0.08892072701316676,0.09420645006869532,0.12010285423426315,0.21462346205005067,0.03085394771842324,0.11160021856109048,0.12660508330288192,0.08473090994687525,0.12835634710455324
0.1455069491925677,0.11905705725859861,0.08976795581687913,0.23486297042989993,0.09836835330415106,0.1030236013993423,0.0619951368148279,0.056754120412078356,0.09066385537165507
0.14257091448824685,0.10554268569440534,0.11253977375056064,0.1944217004507667,0.051130049704779044,0.109276342690982,0.10158987641948776,0.07426328546728127,0.10866537133349029
0.10136827493397482,0.11547107111010584,0.11255136755302535,0.09239013614113639,0.12577394439018033,0.1078706009941342,0.19159049869201658,0.058828368550192654,0.09415573763523392
0.15758251481248112,0.1009127487627392,0.13038106395003676,0.12251338916635159,0.08131179271591836,0.1319332974553019,0.07807421982365247,0.03159344698970532,0.16569752632381327
0.0987875799632143,0.0926097921924691,0.10458775206995874,0.06333862252894122,0.17197067075936545,0.10055214734877725,0.14434280889214715,0.0663223802895168,0.15748824595561003
0.07145716529166148,0.10738890957993792,0.11618112031327694,0.17340982134852656,0.030986845496659688,0.10904822568151724,0.08751022881889321,0.18176779944932145,0.12224988402020547
0.074732494001794,0.09070309284608484,0.10007621652600217,0.0365830695117117,0.18831040459210335,0.08504854192849538,0.25964606146219293,0.08294658030120944,0.08195353883040613
0.09149224566472973,0.11369765938370702,0.0889840996148818,0.037983943837913835,0.20877757485365353,0.08982976188718365,0.05567587188734385,0.22139344964002083,0.09216539323056579
0.10040826292705812,0.10529720065287969,0.12509430602313934,0.12065646239108489,0.10287241454561136,0.11673526091490759,0.02742999290916962,0.16742865729850262,0.13407744233764685
0.07859737969947965,0.1131642942073142,0.09805355654378017,0.06894930703007239,0.06498508020847955,0.10220602268676482,0.13430478949558036,0.2643468610569948,0.07539270907153407
0.06292598940502157,0.09299500741838197,0.10172357598427023,0.07977491858359713,0.3211131033071915,0.10737248765499989,0.06428707165710879,0.06726501359645508,0.10254283239297395
0.07650882663738716,0.09674297391702147,0.11680487830302407,0.08757912599018296,0.11522978056708699,0.11026330843883679,0.25168978875388487,0.0797039771729223,0.06547734021965351
0.24566071726613922,0.07764911791368455,0.10689452419274291,0.09416688957446623,0.11042048643723963,0.11479844847864899,0.025244292671503087,0.0691620497308504,0.15600347373472498
0.3005808726599289,0.06502940129658183,0.07125669387499,0.018522661469607876,0.1258677495531643,0.07363680724919984,0.02466719615009656,0.29129634679770156,0.029142270948729135
0.08108230783569122,0.08497017226023394,0.11184341789702612,0.0531279021460405,0.18052129822235866,0.10140997389063493,0.1988114262900799,0.10051762566869127,0.08771587578924349
0.05249530939946324,0.0906063420447515,0.1044865670318314,0.1631650029170038,0.041477423610180836,0.10621730226274256,0.217634145284248,0.09682610866245848,0.12709179878732024
0.14292783778664972,0.1358398850342365,0.10823102404194089,0.09321997658112414,0.2013239882327558,0.12022518550171458,0.023776506132217008,0.09413485658747817,0.0803207401018831
0.058342441027881276,0.11937470872162255,0.11005843849893458,0.13254741367829947,0.12395294616900322,0.11125374346455534,0.07894526736721195,0.08949272676192543,0.17603231431056607
0.09335146886053734,0.12167368874185165,0.09793892514542667,0.08599335731157098,0.22722785068253626,0.0955813383082643,0.020703516409073783,0.11561281192208679,0.14191704261865212
0.05665360770839165,0.12093958887143202,0.07694520677766385,0.05950996653502009,0.022606467637203493,0.07701796220019085,0.12402872647922496,0.41154922449003006,0.05074924930084301
0.0746215929892065,0.1464294661207459,0.09810074040003802,0.17225499261726854,0.13287792059986284,0.11937587553868345,0.09632500657003308,0.0826182529608459,0.07739615220331576
0.06208683329959175,0.09227908524317813,0.11965955761581289,0.1140869290396876,0.16660762656222708,0.12579731250803547,0.10791329960457156,0.09561865132374296,0.1159507048031525
0.10063727773279392,0.09772597433527323,0.11421859641458483,0.08052112243136822,0.2457665286422419,0.10720607208449229,0.06095048322559251,0.08895631549908317,0.10401762963456991
0.2263117732642496,0.07473780027038003,0.09884081808112831,0.03312439186381102,0.13156389077953656,0.09891795099836287,0.20731161550919766,0.04358149436266112,0.08561026487067276
0.0999917712661831,0.07731434047312274,0.09214254040376223,0.08548010248409903,0.2176523046298053,0.10016238901836745,0.07496169381992761,0.20664417182718106,0.045650686077551544
0.09065589677281786,0.144951392260963,0.1145153313402918,0.0924684827609225,0.09189980287706834,0.12316901507878457,0.10223286585986098,0.1320956777166671,0.10801153533262375
0.09700028080335499,0.08907697742225519,0.09015831135320133,0.061220446471434285,0.027941799830644137,0.08455753359685796,0.10238260189441638,0.3670475796348181,0.08061446899301761
0.11724303487986677,0.16633651986597697,0.10629459339193413,0.12168964730819444,0.06967080069979409,0.11859808495651947,0.11619372739309379,0.08069699568050638,0.10327659582411396
0.15094612688797424,0.10499816849789795,0.09990458650725449,0.16679917051756413,0.05573567433072785,0.1161430597145418,0.15077251600794164,0.033316953108426244,0.1213837444276717
0.06697912995015569,0.12684189277912897,0.11503325357145411,0.12497882620270602,0.08224338082630187,0.10746808970430079,0.11615789839277392,0.1699818834425791,0.09031564513059952
0.08301100223572067,0.08255195829755752,0.1177498309841772,0.060627504684144344,0.14238383922908082,0.10931971626264014,0.06021334173089384,0.24041868750271458,0.10372411907307084
0.07490270220657093,0.11178173994362998,0.10644190829707219,0.19577580873861242,0.05399618230578149,0.11526343965965724,0.13557842114923227,0.08659330530476102,0.11966649239468256
0.24259204309526425,0.11636473995004615,0.12227191016379324,0.09029819768603271,0.04027701036108981,0.1113160787366666,0.06210793346735821,0.12013922566252709,0.0946328608772219
0.08552390467454159,0.11309861011720741,0.10367107394253493,0.14500041682291143,0.0744397889756649,0.11492784136559386,0.16670780036724167,0.07213226773041209,0.12449829600389221
0.10115293580427771,0.09252326327184555,0.12761977894568954,0.09025988595910713,0.12526729761295077,0.12631931084605033,0.07031964867199855,0.12876146416758574,0.13777641472049454
0.09094670786042457,0.07648304509715702,0.08609259823372632,0.03874900789414141,0.1937406216292642,0.08393173155547662,0.05231859299850836,0.3107104056458894,0.06702728908541211
0.07391431945706589,0.09239312630220077,0.10847909415651436,0.1085563214690017,0.07506808582970409,0.10747359747327882,0.2625765570798339,0.06054428738914822,0.11099461084325231
0.06865090521737562,0.11156362926631351,0.12159977943713285,0.12697160480608544,0.06032935172357479,0.11768707990621209,0.1533294815439685,0.08985770596619679,0.15001046213314032
0.07348245682184024,0.11962777404374336,0.12894173305733167,0.1161578887146007,0.0772566994626727,0.12256054317432023,0.10380706491122603,0.09549033732703972,0.16267550248722537
0.0936323974207789,0.10181080785808877,0.11171048328079804,0.13798051534539224,0.05337740391015173,0.10523668565649112,0.2000787054171854,0.08808147615533486,0.10809152495577894
0.07083919056568662,0.11528300399845404,0.1250706990713328,0.122707071473297,0.06700399346839582,0.12011441705704794,0.13055659121414157,0.0925122175656361,0.15591281558600814
0.0599372637867018,0.06862621737807208,0.10168474482423102,0.042315394112361765,0.2836814745569578,0.09531751394579584,0.2414350548147206,0.04410045851482114,0.06290187806633794
0.10154564789005001,0.10860526606463715,0.07989300162939847,0.043189433335509515,0.04933139748203894,0.089649692311444,0.2809085029377209,0.19107486817708283,0.05580219017211823
0.10281639349289358,0.06663785999214007,0.09280978249748639,0.022184460552847618,0.14262378292690026,0.08581417017241964,0.2826630854286029,0.12601011423913633,0.07844035069757328
0.09588453230890476,0.11061671395671453,0.11973292278082949,0.22284322474334048,0.06641972525353709,0.10885932424919338,0.1166165078364466,0.07680133800909665,0.08222571086193702
0.04476285217334532,0.07984559245215755,0.09569151902457373,0.09071411480676876,0.07150891915564957,0.09769993004668692,0.3850090521722675,0.049081097542582164,0.08568692262596848
0.08876469802452364,0.10093519699331532,0.10849677182882045,0.17144814363046465,0.10819219258028219,0.10725953658137534,0.028409397266629513,0.1531715282875483,0.13332253480704054
0.04600797797588416,0.06253077270924656,0.0955169380287959,0.06253245954883911,0.3537646202298441,0.09414558326682049,0.18490631024120244,0.047303634316119926,0.053291703683247225
0.1991635361590238,0.09453839948056138,0.10704767103866047,0.06272051347204843,0.17691695386299258,0.10995408397535032,0.11430343377515334,0.030206628585937256,0.10514877965027229
0.1090208143722176,0.10966530215386945,0.10140055893564191,0.03220197104735126,0.2540536448504578,0.1035699805188872,0.09173324491288036,0.05418885930237995,0.14416562390631452
0.2609685885928632,0.09529875520217727,0.10097029026452581,0.07621936394430513,0.09480121216524669,0.10723932969870857,0.011440444882217175,0.14038246605064728,0.1126795491993088
0.1429090687186502,0.12790966220642552,0.10370980064987052,0.06995572411155739,0.05306822619446827,0.11580765465596869,0.25410827397077457,0.049328466037370504,0.0832031234549143
0.16588052305654313,0.10299298607743972,0.07458078076678872,0.12391515969196727,0.20258614915843387,0.10062736118894411,0.1386896899426894,0.01166052067469397,0.07906682944249979
0.0920939878864755,0.08904306233245414,0.11145611162432939,0.08262934662080336,0.10495550421365192,0.10158166804320412,0.31045328329611194,0.04992336059406363,0.05786367538890603
0.14627590128453763,0.09068700794465169,0.13018452433561295,0.17193673370837903,0.09047285449281524,0.13139513016612508,0.04452945897047306,0.07804756124282997,0.11647082785457534
0.07727649931461926,0.11686131913140924,0.08874603409296923,0.12826420590323223,0.13750470158772884,0.10136597588666219,0.22825107168057757,0.03289696459338043,0.0888332278094211
0.06086551218216709,0.1035543917418771,0.11402182964869821,0.16536691729522027,0.05037956967924028,0.11205074694436347,0.17631383435141393,0.08485059542490096,0.13259660273211868
0.10951992682851612,0.10943691255056881,0.10736216138927675,0.1429466443751879,0.12397764280676049,0.10694088144273851,0.16120790753612732,0.07196425096116525,0.06664367210965887
0.09620506360173103,0.08407170647602834,0.12128945662995605,0.12397690782715505,0.2320096458400729,0.11209395550970414,0.0358590744427184,0.10212814379919342,0.09236604587344065
0.0961716812148612,0.05792503815413145,0.09296253613231441,0.033293658769931546,0.38691783507545674,0.08908077094014943,0.06465382036326207,0.08368843733208979,0.09530622201780338
0.1417356762321462,0.08415882110915258,0.08797489351079879,0.09455841309175052,0.10845235918627695,0.09125576810014863,0.28537626510886416,0.04615469916783088,0.06033310449303123
0.0857536728714421,0.1097995170483969,0.12048836024796794,0.11017132752507663,0.0655414275241761,0.11977256573727942,0.13898440854466476,0.08608740738803061,0.16340131311296557
0.1485455922165676,0.12781814510672126,0.08534296104347953,0.11518962969086972,0.10248709813585759,0.10125229986456569,0.023981583939203608,0.20183702423482433,0.09354566576791074
0.16592789110440456,0.17214571730418934,0.10291031576560551,0.06891579298742487,0.09057325225190145,0.11209501805000666,0.11811376085141222,0.09422084873524812,0.07509740294980738
0.07428954138960044,0.08716795235210555,0.09151033533065127,0.06967747651709964,0.028186827943890182,0.08596809042599794,0.20947532945444958,0.2604189242728971,0.0933055223133083
0.08680706163588947,0.05411919436185808,0.08432158617446495,0.0667637463324721,0.2409844442841943,0.08068904917170781,0.024298574459669337,0.27943627956833944,0.08258006401140454
0.17972373418300877,0.12323984863230504,0.1124440305457353,0.12509261848110184,0.05871834477152879,0.12269163682518454,0.05300381797296019,0.08405980630275323,0.14102616228542234
0.08167106064442735,0.07646911459180837,0.09455554808654713,0.056875156289270375,0.12734476461436509,0.09436783637172602,0.2810167202605472,0.07814829519543658,0.1095515039458718
0.17545868204792434,0.09669927637987663,0.09509131378553835,0.04246230257923698,0.223999556020785,0.08753196799135833,0.12667333126858782,0.07872294853310985,0.07336062139358275
0.10577274544633784,0.14290340679860028,0.10785289191397178,0.06840915925860284,0.17944120561024005,0.10795291998809071,0.1373135921260303,0.05083105896556276,0.09952301989256344
0.13377445703411786,0.07517867301197491,0.09175923898477507,0.08488341781744808,0.2004624472334832,0.10833482564092593,0.1591433931923093,0.022615758967198415,0.12384778811776721
0.26571941520450737,0.13911488764632896,0.10656349809598231,0.06171692616110983,0.03739736355796613,0.11497452405760906,0.07680144936089985,0.12570831436231966,0.07200362155327684
0.047393265815229506,0.08427359728358347,0.10817510257195084,0.12302915809498423,0.08974513157216134,0.11345603195110471,0.2536631695328034,0.08209516117029993,0.09816938200788262
0.10266037625452869,0.13942991648872818,0.12671243108222352,0.13092638804340753,0.05934548415939389,0.1241742280379823,0.04765808906481028,0.13245926299230545,0.13663382387662018
0.059986439021772996,0.08206324910203643,0.10395290852683431,0.054751659530095455,0.23839922219542167,0.09324575976955944,0.11289837161271067,0.11109845310358386,0.14360393713798517
0.09351815140009041,0.07794221175692435,0.10649314500067363,0.06707649673187122,0.33519190083035727,0.11236362814134986,0.024335509076048655,0.12511851123194126,0.05796044583074339
0.21813163877369313,0.11197148858167431,0.11897549953145248,0.06323077651634862,0.06414407986341732,0.12036074756002607,0.09681435619920022,0.08929466761081761,0.11707674536337025
0.0482143856033038,0.07718073632919488,0.07920573595280851,0.060375418886658545,0.0243429150011012,0.08002870604759309,0.3828235347361118,0.16756138354015773,0.08026718390307043
0.07674454820049635,0.0790047239182385,0.0927475476724292,0.054760852680615306,0.25611322404448517,0.09387983413068295,0.2153278111858227,0.05899152734290424,0.07242993082432563
0.08157817368794937,0.11123419473335294,0.11288711187221549,0.08815708492724018,0.04906176949581403,0.11781177794219057,0.2010573362644226,0.0833454558938495,0.15486709518296535
0.25325895868019865,0.10942576470030752,0.10394231205941525,0.11471643169679162,0.0776658626392445,0.11498919362696695,0.06325498890151503,0.07039470077655752,0.09235178691900302
0.1126931775695341,0.09510537700762227,0.11388434842006424,0.09651272385621086,0.20661843122535517,0.11318405933953309,0.16919494759578754,0.0332962927718447,0.05951064221404804
0.12594770780847508,0.1541573868015518,0.10065894350308995,0.15967537588459124,0.12493526403867787,0.10740190068399519,0.022762782394525383,0.13428136784583222,0.07017927103926132
0.06253817198951121,0.09475229309545252,0.10699803716660945,0.12293802593137483,0.04922102600239953,0.10426539361154492,0.27307231594017306,0.07408929896816897,0.1121254372947655
0.07499992891345116,0.13360395025193705,0.1273032764055335,0.08715600630100066,0.17192075861420875,0.1111792430462189,0.10868922541811595,0.08162085118127041,0.10352675986826364
0.08917501239233794,0.10282039691764755,0.1235768827225349,0.09177255584760968,0.3131817875232311,0.11373274196783334,0.03105366195705411,0.043679237242329604,0.09100772342942183
0.05810683617762577,0.0868909416941042,0.11563738015179603,0.12238652156397996,0.12320863699186946,0.11251400396071105,0.07037445034971654,0.15503855255979293,0.15584267655040407
0.1764152455800434,0.11036254482649012,0.09880400846712452,0.05187104577550632,0.21754746670561106,0.09939030970205905,0.1292233800247284,0.05040659567124519,0.06597940324719197
0.05390512347282555,0.12045438160631054,0.1046436814840594,0.09742559083333924,0.09242067369086189,0.10384909498704092,0.25967058016966255,0.06349988722691947,0.1041309865289805
0.051283961595414686,0.11100545352778346,0.11322224132288593,0.08970171011043344,0.04729966776061325,0.10767986606638352,0.26205908477349354,0.0856763443414404,0.1320716705015518
0.08778475589319486,0.11340950744085133,0.12948472581250062,0.10725384933543525,0.0813345328427798,0.12698806930799914,0.12790787608277956,0.05351143683262773,0.17232524645183164
0.116960454191868,0.12516346999572145,0.10121352671132496,0.0606994400344834,0.24025079274077824,0.10523108418019973,0.06103847824594035,0.0769531379250417,0.11248961597464213
0.09028285105463524,0.09262372052719157,0.09361263035457497,0.11889252160241313,0.21252716793392165,0.1061537233415835,0.1683231254531108,0.054711775116805195,0.0628724846157639
0.061462755327362034,0.08320067356715437,0.09014586985924382,0.0726845229247264,0.0913771585135511,0.08642031594642946,0.1196888163190012,0.30534863193159106,0.08967125561094065
0.1033396817321448,0.10302433702304102,0.0937319282582481,0.06924501524978714,0.1906576852748727,0.10036968980011733,0.21266427504923513,0.07276718424739054,0.05420020336516324
0.07189950726385301,0.09236951128161593,0.09710293661117653,0.0851677049142513,0.0342966191933207,0.09729198115699715,0.150338732562688,0.2696814851750555,0.1018515218410419
0.10978255730250248,0.09516721100936154,0.10058706742258994,0.17567590117278065,0.12208754524183296,0.11911794331942592,0.0812433414411959,0.09469928205346145,0.10163915103684917
0.053424438139564205,0.0990263900413892,0.11299500324904481,0.11891845906047123,0.060752747969408105,0.11415072986833137,0.12631752482288341,0.13531899416330098,0.17909571268560665
0.13541148517387616,0.1115899799614264,0.11669433253446149,0.10706301229198645,0.040790187890342,0.11708862988123481,0.14359443652639603,0.11416703142155564,0.11360090431872101
0.1409919181598084,0.12979076146831556,0.07655742408422704,0.18169009843338088,0.24732383223396,0.09523415684713882,0.016867631499636913,0.047620349475813895,0.06392382779771846
0.3304708171399172,0.08124173219086209,0.10087066599257628,0.07640844061647983,0.09614515078360268,0.10068066913532271,0.009458362177630146,0.11355610124300859,0.09116806072060037
0.13433114793803247,0.10061842362050095,0.10445867021738098,0.16794496327020234,0.10583864433134306,0.11585446511050472,0.05173690084409847,0.08959177931391349,0.12962500535402352
0.06521813143836934,0.11366398126990257,0.10900878504984735,0.1633452173549908,0.08511255881979825,0.10964490797231967,0.22222631327585426,0.051410783170441655,0.08036932164847617
0.09885719161373578,0.08892542372160567,0.11673422033652885,0.04947419799728287,0.2754123916128886,0.11196279794811999,0.018495097099364175,0.13846241868305598,0.10167626098741807
0.07380323834971579,0.12256632991827292,0.11589617439081142,0.20743229712791433,0.038360693070814356,0.11794303618875263,0.07314586210178163,0.14991947655777038,0.10093289229416662
0.11289783035112494,0.1495433848567503,0.14202821825728093,0.11782576915347143,0.09783700397903779,0.12223257362456179,0.06678494826410376,0.06393733200173231,0.1269129395119367
0.06413050854938225,0.11327315135672929,0.10149629689269624,0.15681446065951507,0.042154603724615915,0.10423032030401609,0.23465489610473733,0.07086821319892946,0.11237754920937833
0.17396459659146726,0.13280667117558528,0.11156583381118383,0.13455064252137688,0.0389228422491492,0.1108281030771977,0.11536395428275552,0.07899435400880206,0.10300300228248227
0.12776649705980023,0.10640884978929645,0.10947363452840282,0.0564830251837613,0.22404970251831705,0.09963080593422584,0.061058562765436274,0.14156095726062254,0.07356796496013757
0.08254402713164631,0.13860796272914117,0.09975148226813245,0.24418644313818075,0.05614666275043345,0.10806817000848412,0.06831831259920648,0.06533322128262124,0.13704371809215402
0.13372953065256787,0.050416141883634386,0.08893437099404983,0.02973940530119518,0.41448600638076055,0.08443628674155375,0.08735278382157352,0.06032437484243003,0.050581099382234894
0.05254201967036506,0.09779755125822165,0.11534932332029289,0.1780194613814379,0.11770016609767377,0.11667798708252873,0.12856720098275654,0.08818368438514063,0.10516260582158288
0.08590376756009753,0.07415173386185768,0.08958134477312706,0.10232568006733822,0.23684700878577755,0.08697002462513835,0.017288393349480107,0.22680817872507575,0.0801238682521077
0.0692535517607848,0.14583064585805355,0.10140932452420866,0.04904863795443274,0.30761018194442497,0.10285802038429699,0.09493641893081427,0.05494743156363383,0.07410578707935014
0.06951563093295536,0.10161370767799761,0.09183345263040997,0.21316017191824957,0.07847788345383942,0.10457548680161945,0.19754403554619804,0.06389500113395451,0.07938462990477609
0.13470564524102732,0.09432327557910743,0.11121007253728908,0.1165568025306581,0.07606792533830677,0.12388609768717433,0.043802993774828325,0.08770140032014735,0.21174578699146127
0.14974360585686655,0.17367606194525842,0.09740376656403411,0.076812517668137,0.04652325861307328,0.09997683027403072,0.05444372046120496,0.2260163749083405,0.07540386370905448
0.09037900006537151,0.10764258669583558,0.11838590523504534,0.10790183581013042,0.06375670844267127,0.11893074779944524,0.14559472836142975,0.0837608018052044,0.16364768578486644
0.22513151416312815,0.14190633458618715,0.10942193949093858,0.0817042222685736,0.03508957704731083,0.12225613669816748,0.04443506536914632,0.17597518630807263,0.0640800240684753
0.08744926002166799,0.11629064582245359,0.09587066105733544,0.25396441397112585,0.10207222029211882,0.10560192853667132,0.08732164372431099,0.07629189070767262,0.07513733586664337
0.0938651841246448,0.09149257377550368,0.10114345872653159,0.0710819783322024,0.06973077822307504,0.10586454002016799,0.2543822049828514,0.10455567361282363,0.10788360820219951
0.12345084537251248,0.08728194977900332,0.10552770261235439,0.1498298613080361,0.08467619268030231,0.11885545952914274,0.09720075465570181,0.1086543714565235,0.12452286260642335
0.1366753261744436,0.08928086280512415,0.09992687428483561,0.05845600127955585,0.1452764049186081,0.0936346342209264,0.17121456392547615,0.1555430081195602,0.0499923242714699
0.12056486874522276,0.10443313771336227,0.10355901354348497,0.03605575430177377,0.21560388304603503,0.09184417926971715,0.11897899115738103,0.1538738075596462,0.05508636466337691
0.08016206067968405,0.0852899072807561,0.10544036502837477,0.11017743971764006,0.0641232896341484,0.10748021514370615,0.25321375274272445,0.06822594111603734,0.12588702865692863
0.05600460479906889,0.09781627281012578,0.10296380402718704,0.15307084844309715,0.04722150999657079,0.11653228964698525,0.09072208777470324,0.15824588212607463,0.1774227003761872
0.1371885017272009,0.08308864372740758,0.10720203733324019,0.06610289770357226,0.181098641880714,0.11802729007949612,0.08421347519311129,0.04336721584999142,0.17971129650526618
0.029989258403695786,0.11091277516158372,0.08909020111941335,0.040218293493643066,0.10788223108195849,0.08181019946702121,0.27098030633598946,0.23185704541428961,0.037259689522405354
0.1579975407890757,0.10008669773446256,0.12477656439549595,0.1931833951872758,0.08212091657305699,0.10697892561849738,0.028699106500920835,0.08786412620893558,0.11829272699227912
0.1791820468504255,0.10055993495315359,0.09631638606105837,0.053221722249939735,0.03445217396219876,0.1118512687440892,0.2238702798164455,0.07330660383444981,0.12723958352823952
0.09176720561943286,0.10679185494962595,0.11492924482516992,0.1756424344844533,0.06636462163663907,0.11223381218188322,0.10773539604746281,0.07711755491305104,0.1474178753422817
0.12307408115660012,0.08389381305237902,0.09436531846544334,0.028061186995082744,0.23690430551873373,0.08773039269253685,0.11775728412299781,0.11566725801684162,0.11254635997938471
0.08037247671845,0.07037852637522184,0.10196076399128103,0.10329736264741292,0.2598978497300993,0.10374440001008299,0.016783595079145428,0.1382765809684111,0.1252884444798954
0.11139709054800477,0.0965519005144897,0.10770851286357493,0.05484747214273875,0.0774645533224145,0.09467403989183727,0.16863082264739235,0.23274679383434985,0.05597881423519785
0.07816292714620378,0.10497737514707162,0.10879059676316416,0.0954411032267855,0.048034812521832636,0.11453632850435737,0.2251912685615697,0.08965073510364902,0.13521485302536618
