0.10396810449858045,0.0767675638573301,0.10808301157699785,0.11445767590900231,0.10934220241358612,0.07598937196379356,0.16499014952717098,0.12931104370389684,0.11709087654964172
0.116595456895367,0.08818895085091123,0.08963523367846978,0.13840485728091612,0.034081064199014126,0.08897925193858887,0.19989269478881153,0.1195559209842134,0.1246665693837079
0.10694945541794254,0.09462749679472034,0.09864407384103009,0.12412306078445971,0.09985425790100351,0.1532796085630504,0.14402522555432115,0.11553456494467419,0.06296225619879804
0.09395468809047254,0.06532347710819761,0.09493986610207979,0.09678103033090123,0.11354874697309814,0.16326408610037488,0.11587164480528049,0.11880393540811056,0.1375125250814848
0.09802214173107715,0.05508019364786328,0.12624225629629415,0.16732634920784895,0.11987085866201957,0.07741576687933831,0.1625383328072704,0.11197941446125655,0.08152468630703169
0.06701034191292006,0.1493762417421038,0.1575594935316598,0.08819136003098627,0.11595605826575883,0.06290129091371459,0.15665983800418562,0.09700038446573507,0.10534499113293604
0.15173093667920123,0.09904062707323491,0.09763927641220978,0.10425062195389312,0.11867163007290749,0.05918479540385329,0.10919604635764184,0.11050218042148359,0.14978388562557474
0.11122582405910447,0.1540756388995722,0.08362942628024511,0.11558880289069295,0.15781660189404623,0.0971865054173127,0.09664605926771146,0.12911107154982662,0.054720069741488186
0.09752809675359175,0.12000258830060993,0.1087673288667733,0.10404413273144837,0.14404193143356023,0.12202007153205575,0.08488895695853214,0.11612804929067355,0.10257884413275502
0.09090617375857342,0.13702826415278294,0.10406652611252232,0.0897428249969117,0.13396694231134343,0.12152657605810147,0.13860059559922677,0.09895520853611783,0.08520688847442016
0.1396857672344399,0.08115336984162126,0.11110001142951853,0.09072420612995911,0.10509908893204407,0.1279565681928689,0.08305557227562428,0.10901159698794971,0.15221381897597422
0.15242952973162907,0.06476819012536028,0.09945290626911402,0.10721129280645615,0.16601329443414534,0.1297991845479737,0.07789011056747103,0.1216804769754936,0.08075501454235678
0.08777007404486949,0.08628185284786904,0.12419039765857277,0.12825398440806304,0.08592554017367181,0.11072286129908859,0.09737001540022137,0.10513520563102215,0.17435006853662163
0.13760162088266528,0.17376966404550243,0.14543799437184027,0.11298100644950605,0.10679031115557423,0.07482702880712094,0.06379953747896121,0.12097028042802338,0.06382255638080621
0.1936361267389252,0.16280441027205872,0.14234423020412845,0.12205121637476679,0.09210886719510995,0.0751830582385339,0.03904147228847612,0.1171403163362103,0.05569030235179051
0.09067041193553516,0.07791736390780102,0.1130301335052879,0.11735676705176956,0.12349636178170724,0.10565842108667876,0.14586230469249037,0.10853669168732667,0.11747154435140346
0.11204436966877311,0.062099865826074185,0.11357213460909425,0.11956899839048074,0.10220925907728491,0.0896217772320773,0.14310951786445839,0.10619505560107494,0.15157902173068213
0.10471418603845778,0.12676709683673817,0.09553944359641953,0.09536214562582328,0.20554342334954398,0.1186779240307147,0.08560067059212233,0.11391354050924397,0.05388156942093631
0.12053531229427177,0.08344739298397164,0.07667829731118037,0.13135490835989092,0.0763633581650497,0.0683639670491721,0.19882911815280113,0.11033624733903036,0.13409139834463193
0.10359058742200479,0.1345885307225472,0.09271463947571018,0.12578169832602645,0.1004797524131537,0.12493622358962027,0.09719786191964332,0.1102608783269849,0.11044982780430902
0.13184551847576043,0.08308598511405961,0.12765397583808108,0.156822359851809,0.09540653234141262,0.11987222116310288,0.09384130119316335,0.13811491129076228,0.05335719473184883
0.08400606149005263,0.059469748346240574,0.0981566326299681,0.09049844273988839,0.17897012980384774,0.19327526502150047,0.08281954741818422,0.11372011511221651,0.09908405743810138
0.135418585944035,0.12395258254145984,0.10461530353596309,0.10365304483124742,0.07003963229074955,0.10010575536757675,0.16107908781904104,0.13137858355679086,0.06975742411313647
0.117899200656096,0.14095172928829489,0.08756019123845644,0.11279273880517227,0.07360004163209544,0.12024173005580792,0.14254486034250277,0.12050681479760621,0.08390269318396808
0.1047780100065464,0.14239175804252435,0.09742016972468544,0.13898135669415262,0.048463748332552396,0.07708584717118265,0.12408551763372329,0.1024847667206756,0.16430882567395724
0.09755157806371695,0.10125840571750587,0.10506965823888777,0.10869423711341926,0.08447288352530909,0.10945760080758697,0.15333225351179,0.10072159599006027,0.1394417870317238
0.08018097466622187,0.09629371613792959,0.0905935705823594,0.10184505205875942,0.183431152580225,0.1971818108769299,0.08080627740869317,0.10664584208460376,0.06302160360427803
0.11011059348827935,0.13783951781965123,0.11853156818015294,0.11052547287490572,0.07429089393022086,0.07554554253449204,0.12131956306382162,0.10110330453642973,0.1507335435720465
0.15727163382003026,0.11432959743970578,0.1117168887092646,0.11259410024181242,0.0869960604061492,0.13314015482845978,0.07372539963854223,0.13816134098607333,0.07206482392996251
0.09511231474979098,0.047135208586392856,0.10675824288220909,0.14878100276864473,0.12228015341111957,0.12607599667204308,0.15209509843767646,0.11563125327544749,0.08613072921667575
0.11637506457480477,0.08183657384267114,0.11780633460451413,0.19186978137982189,0.058426118596774324,0.08699493010414057,0.13212892808810525,0.1286338616895884,0.08592840711957951
0.09353442784755679,0.08863400029675426,0.10096538762467444,0.08987345935197316,0.13973138357300793,0.08913887310319733,0.15555995433554182,0.11092011350908482,0.13164240035820948
0.09065618999583104,0.069077270157237,0.10775804093516632,0.09415912774175324,0.14138301302385073,0.16064432772740925,0.15378036380071092,0.10644070078917134,0.07610096582887009
0.1427016277676263,0.07553163812116055,0.08628605508030751,0.12684137803801918,0.10509362400771466,0.11636475169983784,0.12958463255300376,0.12524500129373553,0.0923512914385947
0.10020212043202326,0.11843799932704384,0.11803685736692981,0.09591297744163184,0.08801567485981669,0.10674661405169407,0.124083809295781,0.10335099652446333,0.1452129507006162
0.07716424176625397,0.11453716957127484,0.1346075736156678,0.15395719759995719,0.0704902104092636,0.1741290809077313,0.13068354346320224,0.1165112525563227,0.027919730110326366
0.14506874717003954,0.07845626844048716,0.09714187811652826,0.09773096697933925,0.06775402047778654,0.05266640195971032,0.20727213048900459,0.10475087852103382,0.14915870784607063
0.11488463183464125,0.13735173334820774,0.09444070746558698,0.1198820526745657,0.056656540653109495,0.09486531474941327,0.13904562485742847,0.1120058890004083,0.13086750541663883
0.12172933618162803,0.1278386690847481,0.13209263853369216,0.14546668435171028,0.05782891970480145,0.08206180439346132,0.14265893309322147,0.12941681361709256,0.060906201039644677
0.06278138614196858,0.10548413486925623,0.1367670065847473,0.08366894412297106,0.18165752173268665,0.1485773489403559,0.07494741501219553,0.10800868936491743,0.0981075532309013
0.14411491345113112,0.05478129206740511,0.1261071152727142,0.11929605737463361,0.12253684418450646,0.12386853177793922,0.07593930737756581,0.10798666661450577,0.12536927187959876
0.11104115550802034,0.036510000967160165,0.12855225798939937,0.13510911713632576,0.0756332530167128,0.18651966456735838,0.08997054148983102,0.08870425467441105,0.14795975465078112
0.11531103989590064,0.12827974249715562,0.09880370322501296,0.13421105795734053,0.07846764142390937,0.09065528755150208,0.1345679316477477,0.12276807240057835,0.09693552340085276
0.09017756798954467,0.16291693238642088,0.12572426433908657,0.15838706314514386,0.07233531537090472,0.09867392862306917,0.11460312503370144,0.10813848194034587,0.06904332117178279
0.13694972200641217,0.12347800734632501,0.09836431874682244,0.1317513200046548,0.03394962284426688,0.078702203926043,0.16189558922664807,0.11460921378558042,0.1203000021132472
0.11322679889800119,0.1369091001441111,0.08597457168800289,0.11622898767718741,0.08795750780276385,0.1271054911370804,0.09003496981297236,0.11233944287096591,0.13022312996891494
0.10562191304284087,0.07486924605925753,0.10180597472191545,0.10684895526672926,0.13406096968134118,0.110750082839754,0.09971194845461533,0.10963521681105474,0.15669569312249165
0.12675036305897533,0.1779080149671982,0.10517902083693632,0.13629724669594964,0.10262677325081569,0.11254412921170487,0.06993688011226772,0.11823293186172934,0.05052464000442286
0.0986764796067678,0.16137124028232963,0.14141865049021113,0.17873753922481295,0.02899203896025751,0.0659139984508164,0.14635698015786427,0.12089533902923089,0.0576377337977095
0.09580748113875716,0.12255871144095577,0.10387176464931908,0.13795560931891984,0.10849697886814967,0.13164917953975974,0.10713241647675775,0.10625159369335858,0.08627626487402239
0.1093608747067344,0.10165626537050283,0.11063119890019109,0.0831404916745378,0.05919332877014278,0.10624872470060946,0.18310771140399407,0.1017451472529221,0.14491625722036547
0.08556042224668094,0.0506848334750124,0.10387298943370056,0.11118263570066494,0.16731722787796244,0.18639787830883903,0.10146434525408767,0.11525701654984173,0.07826265115321039
0.1958729474632579,0.15496541267390965,0.1402661891327094,0.0995529093046016,0.09676932791894832,0.07093680786063596,0.06418304696639301,0.116202658572878,0.06125070010666612
0.1286973203817353,0.13995864451826093,0.08058905070949009,0.09441612006396889,0.08888544981338901,0.11369627010287316,0.09699188214043249,0.11301401553875405,0.14375124673109607
0.08832664394309526,0.05437011164260422,0.0971663738098215,0.12121136948197257,0.18945923492387187,0.17845762112213234,0.08410856021823071,0.121043276618316,0.06585680823995545
0.10233431126785691,0.08790049206515553,0.10697257692796179,0.09707708527736762,0.12101058208515277,0.06756631603053381,0.1420475099327337,0.09931339344841678,0.17577773296482113
0.13052805643980303,0.08345971187433558,0.0925232245315729,0.10807338068846352,0.13273484304034225,0.10766018135304921,0.10804869597449128,0.12525709908286461,0.11171480701507756
0.11432094540153843,0.1747085623533261,0.10631760467234037,0.09887260160609461,0.1463187463206923,0.08863619561521503,0.09339351826232213,0.09554563326769439,0.08188619250077651
0.11651187383190935,0.06430707597596473,0.11141737590938398,0.13747923314147917,0.05833597630091177,0.07964788978601298,0.21938629571369092,0.11973487770167955,0.09317940163896761
0.10874696044047542,0.07308057295740378,0.13249229417178,0.17822911832683172,0.06530647024464632,0.09223259101768294,0.18890137486100722,0.1132829886531133,0.04772762932705937
0.13437963495405575,0.05864981035404462,0.0962603842105022,0.1048393142767499,0.1155153583810261,0.08583275981145787,0.14001414876329474,0.11994764510550089,0.14456094414336798
0.11883011911873481,0.1149485464701797,0.09012019525051501,0.08327322287631632,0.1401187462383732,0.11258426262118575,0.14524941453222778,0.10821453335524807,0.08666095953721942
0.07404292122055368,0.048567816266825915,0.11488252337091014,0.0965749550468924,0.16109880193270742,0.13797039114438583,0.14673314589112987,0.10380244021570534,0.11632700491088939
0.16153028689325444,0.15534522741771936,0.09774507124253147,0.12750831330681542,0.09415413187322412,0.13648740875740864,0.07170044488598253,0.11838872255570532,0.0371403930673587
0.12704121723233583,0.07193945668088254,0.1036928255804379,0.11694577637919767,0.13051265086483957,0.13585291245816386,0.1336956134314333,0.11857553787982276,0.061744009492886574
0.08150656675632206,0.05849391987777517,0.12010529807656352,0.13951369652997828,0.14234321229048857,0.10723324339457345,0.1437919928104857,0.11673636922992196,0.09027570103389136
0.14127987069476552,0.16143704847021054,0.06647974558953922,0.11319013708316794,0.09217621381580927,0.10813593878302792,0.11728374507634742,0.10169892664171228,0.09831837384541985
0.09867238453503076,0.12006998127976909,0.15089482088843634,0.1442597188429802,0.07355906647059733,0.1168641002745766,0.11189767875260204,0.12689595457711686,0.05688629437889082
0.11832504583973961,0.16731718735919543,0.09275017901434153,0.08777784395769896,0.0859077200804322,0.09534257771040093,0.11394302749134981,0.1000364852499579,0.1385999332968836
0.1231670815486471,0.053530825257684406,0.07852469383061611,0.10763645981217944,0.16479026974727173,0.09615875465719477,0.09334989904889363,0.09435557213977609,0.18848644395773675
0.1266641832126256,0.13275292012020148,0.11405917289077931,0.15753364129746059,0.07622705590639721,0.12916658113481558,0.06497293235043927,0.13117263882640035,0.06745087426088055
0.09880405117301949,0.060950503710075064,0.11218555691044464,0.1179525229554363,0.1313212457970208,0.15381544899102872,0.0858574711567774,0.11005317294857446,0.12906002635762306
0.10836767307480229,0.10994369222867896,0.10413339953923566,0.12618097819710905,0.12274036031154678,0.12433472622609049,0.08821307798892575,0.108723174889038,0.10736291754457301
0.1134776919780418,0.11472555088285057,0.12583139926618578,0.11426658026600413,0.10481795593404701,0.06957872835869074,0.13456900915003014,0.0924359876340362,0.1302970965301137
0.10063999744821434,0.14008996543503957,0.1547303595051448,0.16117490847477803,0.08801676057742147,0.10694017280949349,0.08538133666771146,0.13224219836990167,0.03078430071229525
0.08873117122286227,0.09936060617525973,0.11918636832731948,0.10090080075093118,0.12508392299606447,0.14023388853790622,0.10782607204993876,0.11521456434662584,0.10346260559309206
0.138551644275735,0.08080965022785895,0.09302550469052563,0.1345330378693085,0.07080997484044407,0.1386038470800225,0.11311874769864676,0.12459608551040531,0.10595150780705333
0.1172392199120074,0.08384756476600781,0.08729488889907444,0.11113747481882286,0.07359856185245045,0.11332335848209059,0.16212428009953014,0.11158080781126695,0.13985384335874937
0.10276432611107922,0.0893014537276044,0.10372644474024036,0.13260897999060092,0.11862459380152672,0.07974930590549434,0.14770194445191184,0.12151757047682614,0.10400538079471604
0.12013293680636479,0.12554392583079155,0.09734744204343715,0.0963844978951779,0.10398613988774032,0.11303993513184633,0.08322251386146236,0.10723597296508987,0.1531066355780897
0.13801791026979973,0.06790957384617474,0.11111423118509405,0.09826035164101914,0.11479025876397402,0.1413725178827319,0.1197532710768527,0.13096563372626038,0.0778162516080934
0.12990857623502683,0.08182181897621847,0.11407010852667665,0.1481815313660379,0.1485112073506988,0.12232308835926808,0.06782299265257914,0.1237348105354915,0.06362586599800261
0.16368547475794387,0.16389668606962196,0.11402586020443108,0.1023692645848881,0.08417487774522081,0.12448724208784652,0.05162186091399657,0.120753520191279,0.07498521344477214
0.09239874087761885,0.12424523418633497,0.14161888442343915,0.10637488565627322,0.14333618732389333,0.09434832075556181,0.10130841396626937,0.12831428740837994,0.06805504540222945
0.10853433402640773,0.11946074688115894,0.1165062226263223,0.15148133652947343,0.07299648486732145,0.09895714657424763,0.13725603962896402,0.11143992676302981,0.08336776210307469
0.10283236799346075,0.12807755202957213,0.09452927210963631,0.13133255441766264,0.10700832102839548,0.14959725496770523,0.08802968025751445,0.11008811628826802,0.08850488090778497
0.11744067136548826,0.09606890300105793,0.08423725939548622,0.15130231007801223,0.07598724565324878,0.08636483077958745,0.16531586853320338,0.0979929591585978,0.1252899520353179
0.09592364396581565,0.08632199950551005,0.08531556320630383,0.10062233348363951,0.09975540953534688,0.09859162954864786,0.10229932352648269,0.09833881655054504,0.23283128067770853
0.09483382606660529,0.058556872072398534,0.12438351561709841,0.138839391261213,0.128125059246379,0.13714566064809441,0.0902355287903321,0.11831864679084214,0.1095614995070372
0.1371618612336509,0.06598764494941961,0.08880568482618263,0.12680652127857803,0.05827051248112045,0.10922909758873588,0.15942850727861776,0.1353185436489361,0.11899162671475871
0.09022202076237522,0.10550157263302273,0.11301885889169093,0.10289668256672131,0.11592885442270191,0.1685628629967628,0.08419258561940572,0.10698906153195814,0.1126875005753612
0.09941280101729343,0.09372450676095125,0.08621255373224852,0.10818337084615182,0.10605594153223911,0.08296820459949278,0.1019259380366337,0.08446939795926693,0.2370472855157225
0.08906027182186384,0.12526632464658655,0.10521199732959947,0.12188622321062259,0.05713054928671441,0.0763656834540714,0.13109499081355755,0.08327400470320767,0.21070995473377652
0.07717685615586324,0.0577706009349635,0.10666007264064736,0.16236010963367012,0.11197475967814675,0.08707312882038636,0.12002334480433235,0.0836265494325724,0.1933345778994179
0.07455538447628184,0.1006998355734212,0.09115186000190456,0.09147231864646475,0.08283280056418457,0.08707082725052066,0.11720368531409936,0.07961212418717724,0.2754011639859459
0.1166714017389101,0.1283975781729859,0.10412233450384993,0.12517991327022274,0.09542438054348258,0.10414440880379482,0.08034264521313135,0.10842514061525832,0.1372921971383643
0.10156152072567581,0.16360955708428568,0.10352177565226917,0.09556046473324413,0.13581966457106173,0.11802112358614229,0.09283871763845637,0.10484002345900383,0.08422715254986098
0.13650567948154085,0.07947337209359644,0.11208442892965147,0.09897244691601408,0.11913403078753376,0.1552191671729645,0.10207982017837754,0.12074751472049712,0.07578353971982424
0.06332778212204383,0.11229685410399537,0.14268121648615514,0.12449349151675042,0.06827439602808386,0.0660272534707636,0.18171802874264384,0.07873390378190047,0.16244707374766357
0.10335671529141588,0.2091490955996793,0.11012032196607431,0.10545443025001357,0.06772019879225677,0.09460501836419637,0.1223843003511561,0.10941206336820901,0.07779785601699878
0.13355875089497213,0.10783361244590857,0.10910646222507375,0.12712816172547434,0.06162688592011507,0.07080850742190492,0.13332327423863197,0.10878715836995373,0.14782718675796538
0.1647209186648226,0.0727318764532081,0.11155268756027263,0.110910582993905,0.09660507870822865,0.12123953174798176,0.09308028684645293,0.14250830558595246,0.08665073143917588
0.10125559358797344,0.12822035810593488,0.08774532807007275,0.101563184753457,0.09349243509344246,0.07892621083641453,0.11197203715259087,0.10359400215919164,0.19323085024092243
0.12367007139787374,0.1460281407974863,0.10120440761004995,0.11169032366278248,0.17312765143778108,0.10531710861523697,0.0661646309204502,0.1117446153656571,0.06105305019268207
0.0981914132892306,0.10595019168136115,0.0941603257552574,0.11771757432999826,0.1413350254109044,0.15687811642810312,0.0574375609633358,0.09721859161364808,0.13111120052816116
0.1232562046191743,0.141409706718509,0.09909842611340863,0.13148665785559513,0.08830764915693634,0.11973216437037958,0.07840069724769433,0.11711070609371961,0.1011977878245831
0.09280920879168893,0.19677489536111814,0.20592876519260775,0.09959480123780683,0.0875233870119347,0.05610472138039465,0.12327313609576075,0.09194159836536935,0.046049486563318955
0.11048371477523884,0.03831309745980046,0.10793258274129917,0.0955787897716253,0.06833404025724198,0.1113920544059966,0.10604386327635042,0.09908849271296631,0.2628333645994809
0.13663274147725793,0.1599125542804619,0.11828642859017206,0.17307765808854395,0.0630411135534889,0.09880987432186834,0.07459907398274121,0.13264412049632465,0.042996435209141
0.1052434696381662,0.10613913952656828,0.09273881743782446,0.12301960059755479,0.09169753986350831,0.12449845219230499,0.10902033493129626,0.12363987492741492,0.12400277088536182
0.06831559654509589,0.08457218438147802,0.11963205140969341,0.12497215032767911,0.08101247565437068,0.11928968615467855,0.17580757496746832,0.09990975253001448,0.12648852802952135
0.10028102605066791,0.10007264012415745,0.12827147472064662,0.1323440172459221,0.09804464739384001,0.13679521995722785,0.11590388060301832,0.10749724979677637,0.08078984410774336
0.10196595282938499,0.14325417470219506,0.09431676638626889,0.08279347483048219,0.12445096347013622,0.09936356945879578,0.1452925369103134,0.1109630473875715,0.0975995140248519
0.10292935569884754,0.11807400238013498,0.11434030004462482,0.14326112600522564,0.09122626384288629,0.08575313987046333,0.1831316037128555,0.10962920407276566,0.05165500437219631
0.1168690800737399,0.09268910148678193,0.12385840485702267,0.1437936762147606,0.09392379719970924,0.09999751349222101,0.12859530318857512,0.11419144102790846,0.08608168245928105
0.13250730751318437,0.12176254714665756,0.1414141948120872,0.10216016060892286,0.11535145918020216,0.0990488148049175,0.07839135290905296,0.12479341209050047,0.08457075093447503
