0.16845751655593108,0.09124582047213908,0.09444661664750835,0.07761848501980594,0.15739927699680228,0.0996670130543358,0.12484883156863592,0.07789190020572473,0.10842453947911679
0.09614529498467024,0.12414598240226622,0.052003383002577626,0.15430738265683264,0.12980133330329846,0.09138821155888925,0.1096262328943791,0.131996019040273,0.11058616015681348
0.1296032817739428,0.14213468196805254,0.056391367844137036,0.07089772512709346,0.10220144560734035,0.10969971615608094,0.10593030212170178,0.10159588011113187,0.1815455992905192
0.15216214511856474,0.10239585059387728,0.08078456159406376,0.08711528071890884,0.14510327511806173,0.09953925758768704,0.11980326566594059,0.08814477171342745,0.12495159188946868
0.21847089586307936,0.11644137492501623,0.025378653919867083,0.04422761779367479,0.1287973830822526,0.11965900283627291,0.10857709161841682,0.0685535809495298,0.16989439901189038
0.13709404241337386,0.06254233019273077,0.043672599768348634,0.19438069689334211,0.1529749920797637,0.13060772602201934,0.18965699952904622,0.06382734307796643,0.025243270023408843
0.10920748188651695,0.1351075187393712,0.04341171070257096,0.06866348780650716,0.09154388473978504,0.12234558438381782,0.10849882004730253,0.11689233653324216,0.2043291751608861
0.13034265819212593,0.03075958099805694,0.4844991914019898,0.02271177237277043,0.041339591709498025,0.12702178164310113,0.1372956710328728,0.01937219439215823,0.006657558257426769
0.08526607499292997,0.11633055675526967,0.09897832389345296,0.14734908634494226,0.12263995048656144,0.0903776346794238,0.11004367814444727,0.12704606472101362,0.10196862998195905
0.23641915116614032,0.1113498118562567,0.02347489283236431,0.01836511698868981,0.11930688200535783,0.17517954987179607,0.15498464974660756,0.04157910686231358,0.11934083867047379
0.0956599467674028,0.10124542604609117,0.02448693573602767,0.09995312110460775,0.12094649374021875,0.11925615627419685,0.097488621076482,0.18285524463913125,0.15810805461584174
0.10800718680177795,0.13992240538153813,0.02468679898184381,0.09446610796576425,0.09355413473122977,0.11080892518463348,0.10021093289154924,0.1483232515039763,0.18002025655768705
0.15879161588979918,0.13712754174284134,0.022404176243621066,0.055251300296430446,0.10943160636137568,0.12844781604353223,0.1106107660295026,0.08486284453329322,0.19307233285960423
0.10027020762992152,0.13655746165275293,0.031313628767488645,0.11251896474874994,0.10045583300413345,0.10164475140065156,0.09712678771255202,0.16278480556855182,0.15732755951519814
0.06908277367719416,0.1012463261536767,0.1030560278158182,0.11268727478929795,0.1185260408925269,0.10364379625297443,0.09711377571369911,0.16773608272959054,0.12690790197522192
0.0945077018894282,0.14094279205161933,0.05180935975564358,0.12414608457015948,0.10625396041273359,0.09341313104154085,0.0997423473518352,0.14754468683637098,0.14163993609066874
0.13104165886162014,0.044796353554396706,0.3928355412381667,0.045806337319364974,0.07385683256928231,0.0951766736705365,0.16602286517018416,0.03450509738844344,0.015958640228005156
0.19928076453656665,0.1193139819048893,0.021958248221445372,0.06148684970819501,0.13382984697612063,0.11112920529860765,0.11017174765150434,0.08153383537106491,0.16129552033160618
0.17628214050290578,0.06956962996919577,0.2555996825009119,0.028366450790874995,0.13682781219399778,0.09867106914858258,0.11601739397485811,0.04843556429954599,0.07023025661912702
0.14193316829252642,0.1466040120713981,0.025158463510565793,0.07165557639887238,0.10338536797826248,0.11588158726069879,0.10586625528792697,0.10281231570638603,0.18670325349336303
0.1137264765664835,0.06327908644272534,0.04522873860681451,0.19066950730804813,0.17104523233839553,0.1463418869902535,0.16509634348420077,0.07178173535258862,0.03283099291049008
0.15800921669114631,0.06299494540037252,0.10168236294238824,0.13854673778181084,0.13896147425509367,0.11619154575031576,0.2000013960018399,0.057364542433201354,0.02624777874383137
0.09044023844598577,0.11286242224627874,0.15610585905232413,0.11048295715375588,0.11013679431346833,0.08915514796292427,0.1063869759552809,0.11041617483705742,0.11401343003292458
0.16090401425523063,0.14486075400244064,0.014832388199402463,0.07058624125377999,0.10919709997865241,0.11709100566030033,0.10510422777410167,0.09702005028081512,0.1804042185952767
0.1100470451522849,0.06329746504980777,0.2499299660058106,0.10928617069145662,0.12105402789065438,0.09551238985905701,0.14644133550137453,0.06107211226463377,0.04335948758492044
0.07149487941017203,0.09190339383147773,0.08139404997986581,0.18105792111645957,0.1516724969788302,0.10890360723558105,0.12088373593319253,0.12192800974854905,0.0707619057658719
0.08899112224874518,0.05606266469221014,0.2907851952428289,0.12379609278272789,0.09993089882416288,0.10515990659906732,0.14743256712479116,0.05735970650862663,0.03048184597683991
0.11165815798776235,0.14768422904757186,0.03357258480531463,0.1029171978099948,0.0985374481419123,0.10113059667242769,0.0994354602554368,0.14074719525740234,0.16431713002217732
0.11535667859946912,0.1128405861245045,0.08050813968882718,0.12391214780306287,0.13318474468704472,0.09406941903563394,0.11580449110356887,0.10973078134212798,0.11459301161576084
0.18757326432413043,0.11369617673026484,0.052075700527338044,0.05642715533190628,0.13005037954338364,0.11056477389143221,0.11170305965939124,0.07780009460425763,0.16010939538789565
0.06721917282486041,0.10748127071027207,0.2647158082453287,0.06647599797086555,0.07673765382406354,0.08687913022786486,0.08899243626230961,0.10166470172549309,0.1398338282089421
0.13201265925755112,0.0743743166398044,0.1643894674640274,0.10866297321895968,0.1484847903217569,0.09633523210496268,0.14250827261793697,0.07033926997653042,0.0628930183984703
0.10547912458533111,0.06724793056456412,0.12488518662908543,0.17902749638035073,0.13763626009865687,0.11411190745228265,0.1629270942008708,0.07109461839519692,0.03759038169366149
0.06007605444744151,0.0713030807816438,0.3387838010617556,0.10999230245213977,0.0937711045205268,0.08339697915071025,0.10815208833671897,0.07670216829647425,0.05782242095258905
0.09531022255883285,0.10030692051034057,0.03243693140913571,0.20246663257172393,0.15742959336993237,0.09693708878459929,0.1231389160268921,0.11701132871465142,0.07496236605389177
0.09091586922007487,0.09110059355998053,0.0173104454480178,0.22545113453669888,0.17285535013484285,0.10342678361616436,0.12431890697769887,0.11181795390915682,0.06280296259736513
0.1172129270564915,0.13863458833967782,0.06464385955348582,0.09739051874501786,0.10858675359653425,0.09771674902071455,0.1047466630783707,0.11814804086352813,0.15291989974617945
0.17984412074227327,0.0622938058718413,0.08177068886981002,0.12481117015302634,0.1360488700544835,0.11989205049491963,0.2207221533317568,0.05331894185148368,0.02129819863040547
0.14306281064358747,0.13842105016613188,0.032370925826047135,0.05858964679779257,0.10446278674022452,0.12526185417700986,0.11054157177556183,0.09066822706116547,0.19662112681247934
0.09257130749683745,0.07860986659930345,0.07919570986139504,0.20270390080971687,0.15206095556776614,0.11012593906089357,0.1465843275083823,0.08822867736767197,0.049919315728033244
0.1467817725896132,0.14072116732133108,0.03441952700148842,0.07931030967358597,0.11282620267502941,0.106816132799348,0.10651631932278434,0.1027206019895135,0.16988796662730613
0.08013821125209947,0.1249249491708624,0.05150087972489325,0.15431421668229847,0.12445917152402425,0.09308540769725777,0.10174692713783594,0.1566800418186711,0.11315019499205738
0.07435829512982035,0.11877236022391235,0.08770507826452538,0.12093421814818234,0.10868578024234295,0.09676502267655988,0.09729041854457833,0.16410095513187675,0.13138787163820173
0.09765482546500141,0.09890424944064426,0.08896726129008509,0.1641775503161028,0.14129136119261576,0.09442714845489893,0.12469299365485431,0.10818474068860374,0.08169986949719366
0.12674970199702065,0.05200472013101539,0.20382004029195344,0.12252166186021633,0.10104044334193164,0.13915523830022905,0.18494211287971896,0.05053733328802488,0.019228747909889616
0.15345255985429482,0.14461330565929517,0.02096434286431406,0.08057074474441954,0.11035182544434245,0.10938732260226781,0.10447004097453975,0.10549506135809573,0.17069479649843058
0.08007632451089584,0.07267268353012833,0.21478577468039317,0.1512426368116283,0.12004327481134362,0.09823453110320683,0.13408197097986432,0.07864942263415291,0.050213380938386676
0.1683308986844355,0.10289993891813455,0.0835706754900986,0.07112080731282934,0.1392939409793452,0.10259748231329145,0.1164925626789353,0.08306824846283943,0.13262544516009067
0.08649217782922723,0.13649772930999207,0.09048015109316299,0.11208337499645966,0.09975886355661982,0.0924841922322354,0.09934584761483051,0.1400471059045448,0.14281055746292745
0.0975872438838178,0.07195346821694042,0.06964824370168644,0.20506354102729504,0.15614848915340085,0.121592490765787,0.1554223280357997,0.08096051303895778,0.041623682176315034
0.055000698520063895,0.09731515020494473,0.2022047743170349,0.12433513059320417,0.10847096513825656,0.09130696666634965,0.09876978633361683,0.1297338114906679,0.09286271673586133
0.1483225691025508,0.07231039345683533,0.06899590936499365,0.15318720885245465,0.17043529409629463,0.10381205201741468,0.16705091837633743,0.06987468073351966,0.04601097399959921
0.12528298773324087,0.06924318529547502,0.10296023580459017,0.167136126959607,0.1501342021252823,0.10721632624609657,0.16701487358563946,0.06981014218523875,0.041201920064829804
0.1429393005458506,0.1167643303474104,0.10393718597131812,0.06582980525544428,0.11604960236708772,0.10361439385257498,0.10903512751348937,0.08592261344574992,0.15590764070107463
0.0983882107868304,0.054179761129023785,0.3259071193792534,0.09964792510950786,0.09719118755338862,0.09534415990290186,0.14613772768372243,0.052180556334178896,0.031023352121192792
0.0806493383827971,0.12449834167053601,0.08486548261724837,0.14342344894967027,0.11616793309578383,0.0905551815805326,0.10328861894321496,0.1442816416924574,0.1122700130677594
0.05706743237537535,0.057570995029790406,0.41881733413443684,0.09134233468773743,0.08006360788915323,0.08373555670924365,0.10621193650909953,0.06118237484139654,0.044008427823766995
0.10513705051640039,0.06823813215486055,0.08603285621671279,0.1969134588224765,0.14799364077917704,0.12048110082838709,0.16411923842595658,0.0738860297868543,0.037198492469174824
0.0844274072884782,0.13046558702249347,0.05266244434758685,0.12067597039309481,0.10546492250794305,0.09783434529578013,0.09740576722843487,0.1657227273812542,0.14534082853493435
0.08583537510097543,0.1281441565238561,0.04929897021851761,0.11308797233551499,0.10299608913218401,0.10131055151569146,0.097456118677014,0.16810717006154055,0.15376359643470575
0.17644481301394568,0.13473898105553905,0.020402434935780353,0.06817742465566971,0.11916265764725038,0.11300230820851881,0.10706398218350184,0.0907584546709425,0.17024894362885168
0.16780354596368405,0.029702745241119006,0.445265602995216,0.014161335009035561,0.037628531357658944,0.14154043980622813,0.14614653391413737,0.01424836006465393,0.0035029056482670843
0.07714905332805422,0.0924349712557866,0.2399472339851588,0.10989928215224233,0.10551888019681509,0.08519768962302489,0.10691323429632738,0.09611808827483405,0.0868215668877566
0.13795749495471005,0.09456366867300092,0.0839957908958394,0.11512815673111086,0.1544084613006328,0.09671915869184944,0.1273394642323021,0.09068779799703086,0.0992000065235236
0.13997866811503423,0.09456424517332368,0.1500285439190308,0.07295526504319162,0.1309308318721052,0.09742922085152024,0.11551279265826526,0.07964869170589832,0.11895174066163065
0.12225307871005876,0.1474961597881667,0.035783094677350906,0.09886621091781289,0.10283830083374453,0.10080882546789288,0.10129265755450524,0.12918613302347173,0.1614755390269963
0.08331250704247534,0.09963047203222984,0.07102919070607684,0.18919832682621554,0.1449711413499524,0.09764344738574789,0.12367558535830063,0.1163171341906773,0.07422219510832437
0.05284673869255221,0.06395477343115685,0.3866896259788231,0.10031693551496561,0.0853882818126153,0.0852293815373271,0.10378223996449441,0.07138869012872635,0.05040333293933901
0.10271484151070426,0.09551635340693043,0.1262278654451394,0.13680784144005464,0.13605383468585291,0.09294142072522708,0.12345379042436255,0.0982939813871135,0.08799007097461516
0.06530883339925161,0.0760322251990216,0.18745957997976878,0.15003071504569312,0.1318777163473057,0.11173878682636627,0.12198451283721568,0.09700001584266428,0.05856761452271306
0.17477082551330123,0.13302375464019162,0.007855223673730602,0.03617207262552243,0.11212982161569231,0.16797476281123033,0.1252782543900691,0.07078461550801053,0.17201066922225186
0.08196465585146823,0.0729188382638238,0.056739396566844826,0.17308823260355852,0.18413301236606594,0.13803396453032937,0.13298628739955357,0.10125096918466131,0.05888464323369441
0.10357999304945464,0.1366446583247942,0.029485504940441856,0.14490439460540894,0.12106217547413463,0.09217389714971937,0.10208231255863787,0.14383279530849433,0.1262342685889142
0.13791554997080854,0.1347094917001168,0.0348713324493577,0.10319347799964873,0.12088302785210014,0.09921311000091708,0.10709924540249728,0.1158747748169598,0.14623998980759387
0.12294044441785003,0.14429855357904828,0.03509407263040197,0.10684544900180909,0.11033183870392312,0.09816339366089626,0.10301951756543581,0.12659649068109813,0.15271023975953732
0.10416937031338624,0.08695693648556502,0.04549212011043863,0.20158755250763216,0.16372648201312479,0.10001616570230516,0.13882257237055734,0.09564766555357636,0.06358113494341434
0.10086441313400078,0.11973369328013846,0.019959648178334954,0.17793402529990773,0.14069081270866812,0.09280377530720789,0.1046757900942956,0.14596892442431986,0.09736891757312667
0.12235559796472835,0.062056198587840956,0.10133741472215946,0.1778050575751038,0.13608788164794114,0.12633715624856076,0.18148539135403716,0.06404843889316238,0.028486863006466082
0.10470162484508051,0.13440025468729155,0.07201910819296736,0.06605537853252215,0.0909995332524408,0.11645800266813648,0.10717225317858688,0.10979883245908284,0.19839501218389147
0.0782555066093196,0.09708429231539305,0.09403517093743304,0.18283969354828086,0.1399713796051555,0.09834380223054566,0.12335630738144375,0.11409100258322552,0.07202284478920297
0.13719504730006435,0.05993913466946712,0.1320914018062682,0.14936899203646112,0.12551265947041243,0.120655065077357,0.19240792532079867,0.057644275763248966,0.025185498555922146
0.07886290177713783,0.06683237622985704,0.18963313978778937,0.15604856235066253,0.12893453849147232,0.11987023878442567,0.13945242660886262,0.07727156479950427,0.04309425117028843
0.1158608280558532,0.04914790148226913,0.36971266403863284,0.0662317824797908,0.08737641405789533,0.09293702117494973,0.1522398822568051,0.042402023694448565,0.024091482759355267
0.1178809425724187,0.11527035803028242,0.025870465561155565,0.16060695853113804,0.14676060973334573,0.09370236827707012,0.11384589458295717,0.12218451969022921,0.10387788302140295
0.14787346905031293,0.14549177677833777,0.02032931990986088,0.0709708606307489,0.10354075419634963,0.11835535460472046,0.10570774848605206,0.10222409211078559,0.1855066242328319
0.141554603095165,0.05603132338555405,0.16947965519085453,0.12743011695412348,0.109675685607534,0.12420332583460088,0.19958359713098336,0.051661917694383795,0.02037977510680083
0.07060696638713121,0.10785711329382852,0.12654976032403015,0.08842716664575433,0.09322387942839566,0.10337819719178971,0.09590768318945651,0.15743941048896293,0.15660982305065105
0.0958564877066191,0.13700503291065527,0.037309355599134925,0.12448263783614093,0.10586519214353568,0.0965017041953543,0.09717910252250568,0.1620173023245822,0.14378318476147192
0.112937895459251,0.05748851430890765,0.16844647888362196,0.15184477943033106,0.11865521963069824,0.13075716185503586,0.17386878034187433,0.05966337384845866,0.02633779624182121
0.08528938234487506,0.11120008831954549,0.14420071114417607,0.12726016913692975,0.11505584188429445,0.08891589173320712,0.10876815777228656,0.11533293285701207,0.10397682480767345
0.10957691988390471,0.06580721415037731,0.24266182743771605,0.10885965929755904,0.12443846543334187,0.09423512916583837,0.14200000151048656,0.0637856067063982,0.048635176414378006
0.09561529478147812,0.03584008250455388,0.4777952284652141,0.04741276769048728,0.05417985402747481,0.11736933159664599,0.12663099275831446,0.03071908632878111,0.014437361847050254
0.16776849695188042,0.12912926303888542,0.01433387184561849,0.03963223703538904,0.1130039296863954,0.1541610067328783,0.12153497933915298,0.07279693989937078,0.18763927547042916
0.1570937310668484,0.1379910323361979,0.02046058831200352,0.05629645066610625,0.10839554635331945,0.12908707166302313,0.11043555776530793,0.08647623964636374,0.19376378219082965
0.0838727323965231,0.09229343674221673,0.07336045832185906,0.1967234222923279,0.14897141307850514,0.10168598855134102,0.13020146828722093,0.10745143543074398,0.06543964489926217
0.1090102840813247,0.11354090223203621,0.11169864152154663,0.11138623989963774,0.12274209652460262,0.09303753957419376,0.11208257022994923,0.10748840004041649,0.1190133258962927
0.11761329217145826,0.0721951471052699,0.02069644366747399,0.2250484887302958,0.1793812165691346,0.11007210002616302,0.1553647453820984,0.07874421359573422,0.040884352752371865
0.14535796274601764,0.1310957010761589,0.04770237487205394,0.05133523428155842,0.10634312248850632,0.12761971803795738,0.11281866986144636,0.0818924158995805,0.1958348007367204
0.10172473159813529,0.09646941079809329,0.06941322086648326,0.1735121688870891,0.1507517340108625,0.09545039728459666,0.12906621411819483,0.10361700282747349,0.07999511960907153
0.10225987187946202,0.07502410074936966,0.1892130858945407,0.1335277831246698,0.1320864937511875,0.09507505397136651,0.13673116005194944,0.07706124343002427,0.05902120714743007
0.18079631220091621,0.13365991570438976,0.020205876930924262,0.055067792462256814,0.11742616801786447,0.12188269299087683,0.10832922667570184,0.08054127281938706,0.18209074219768276
0.04663455246268302,0.08157882630388757,0.33713154715892973,0.09888016671039053,0.08698987019839573,0.08130967182397046,0.09231184419868761,0.09850954374348593,0.07665397739956947
0.08424117892481592,0.11602334852353685,0.029842518651014265,0.1522789964165122,0.13523618875734458,0.09915649168193963,0.09874263282632624,0.17066538110001192,0.11381326311849832
0.07863706888115511,0.10712664166057716,0.1764391609158887,0.12188721525355002,0.11027098291148014,0.08721171328584655,0.10706698487401979,0.11016626697844119,0.1011939652390413
0.06900097779855105,0.06897973506100231,0.28307152458458534,0.13166580788382462,0.10566854028206522,0.09401963795762386,0.12330360145504764,0.07568241347670192,0.04860776150059806
0.2252196611142473,0.023325453310130927,0.4160424231132856,0.0038786623985634593,0.032325866434267984,0.1831410143384586,0.10624340274091686,0.006915937161722816,0.0029075793884064728
0.10359772287946926,0.12384055326691835,0.022604946665799652,0.08705190279380191,0.09344475214282778,0.12103296530173664,0.1021256309027765,0.15707283526403323,0.18922869078263674
0.15805890999388658,0.13613679202491166,0.025767130017930167,0.05435153506101245,0.10966371520763595,0.12797333716701217,0.1110031248778441,0.08383039974252977,0.19321505590723717
0.06390241335426311,0.08206673273419048,0.2615920132786999,0.13004951816422175,0.10618077175184924,0.08756012760818149,0.1123540867026452,0.09038684887167951,0.06590748753426943
0.094122185575706,0.0820346766878038,0.08188406093436179,0.19681194415339665,0.15051928763375264,0.10537822726669595,0.14256334441257837,0.09196965285812009,0.054716620477584715
0.1615028839367618,0.08516307908537107,0.08716736091734495,0.09968732404168164,0.16888882168380337,0.09822072128225001,0.13517813944398863,0.07818411479216833,0.0860075548166302
0.06596505995079069,0.05364286623627466,0.430268204009945,0.08324430374258754,0.07958329771282198,0.08170667776832853,0.11020927350034267,0.05455727606781529,0.04082304101109371
0.2733828773469031,0.1171189196721525,0.0057685225573883385,0.02652284582594963,0.13116446261170914,0.144913507929558,0.10939174193113617,0.05008160461795583,0.14165551750724728
0.09011060993453164,0.058085555405379775,0.1941731669876885,0.13142753847000413,0.13443471319544778,0.14167703839269388,0.14425229791384883,0.06806563998345404,0.03777343971695155
0.08505503304528002,0.09400116329369228,0.10837502273081671,0.1745669151161419,0.13818404514320196,0.09615421765999917,0.12676346586103673,0.1050692988641323,0.07183083828569882
0.15174258158272236,0.1363253608854579,0.013002489787531603,0.027939756578210195,0.0976070799380625,0.18912265827354166,0.15005562837372746,0.068888960561422,0.16531548401932428
0.17994644416309538,0.13698998102518534,0.012977870486130999,0.05728295160640192,0.11422757371148429,0.12605172464485445,0.1073257082399523,0.08339092531901317,0.1818068208038821
0.07361043278877627,0.09608035575621798,0.05733484604192696,0.18592240148682718,0.15638027994127282,0.10722208392827516,0.11772377068797,0.13066599259593073,0.07505983677280281
0.06239732078843425,0.06205648408176275,0.3556505565291128,0.11163337586962611,0.09182892582294948,0.08933582683005929,0.11570899896250893,0.06695148806514932,0.04443702305039704
0.07628709453753846,0.07782464948467425,0.14133572556104793,0.17613460925262694,0.1378528462052707,0.11155315291305197,0.13483066150001763,0.09152412714033586,0.05265713340543635
0.15315754245014332,0.12736410254380454,0.03843148478097391,0.0890385578093723,0.12664059762856736,0.10238577041139103,0.1102452300142542,0.10289243448311268,0.14984427987838064
