0.13258925606709768,0.06973737255131002,0.15727446011363963,0.13971232245089116,0.113966350357807,0.12262832187644997,0.07989773858241098,0.04200776720988555,0.14218641079050803
0.10370213205831948,0.08966733008521237,0.1329830881835449,0.11275683375074201,0.1116945388897418,0.17414562721016227,0.09279501708105035,0.06460895779760258,0.11764647494362429
0.10908282511578911,0.076232301071089,0.13372389536165954,0.11466521314614748,0.1126118106900057,0.16850386607059029,0.0876778767274294,0.07277258775445777,0.12472962406283172
0.16869123071097303,0.059655023388291296,0.1751015005716744,0.18543378397664245,0.1078742748644495,0.0500928858810005,0.07731530750143377,0.01900196061764952,0.1568340324878856
0.10185794066269793,0.09486335715471216,0.13152337941447798,0.1152580453123269,0.1067260543739406,0.1783787661093155,0.09328618801287913,0.0625695549307354,0.11553671402891445
0.19171931416393037,0.03264228550426996,0.14319980907604044,0.2584544438346295,0.10702901743867484,0.015244024346911168,0.0723949815365261,0.011487279299506348,0.16782884479951124
0.13986356091075292,0.05287507657169577,0.14915696964177672,0.1706885890688049,0.09186925648633552,0.12232647239939726,0.06988432266041088,0.04547686173487484,0.15785889052595117
0.09480839001721324,0.18710101556704684,0.0870258439741149,0.11115097249509098,0.11542005583499233,0.07959172348037337,0.12329362755839939,0.1137983994586364,0.08780997161413251
0.10486884522393174,0.09384921737291076,0.1272732214060223,0.15017689259176922,0.08199003243976977,0.18381031776213516,0.07910514266712572,0.05836941922500458,0.1205569113113308
0.10973350426691254,0.07418820987497393,0.13186392695997423,0.1036646994620213,0.1451986546562057,0.14120036452088616,0.08642799142255442,0.08703972715087667,0.12068292168559495
0.08805807841701119,0.1258832623951742,0.10986198181908703,0.11806334589956657,0.09841258333707414,0.185064601490184,0.09633058013913036,0.07952874343932399,0.09879682306344843
0.15337173133666196,0.05623253782458795,0.1551827472561157,0.15205476226627188,0.16338308182377517,0.06802613823284731,0.06665477430295136,0.03970660325310799,0.14538762370368058
0.10921768977917527,0.0741327588715205,0.1333540760567575,0.11013368412747165,0.12062350687412897,0.16279043172602045,0.08793700775658153,0.0775339337916317,0.1242769110167123
0.13078488027767823,0.061549529021617456,0.13302550012809908,0.23467221298576832,0.07035840190148897,0.1243839916976166,0.0597147963944912,0.0343829539630216,0.15112773363021856
0.1083388859351559,0.07153358470236217,0.12415799834170978,0.10092877776147922,0.1397098080266184,0.1341739960451327,0.08699984686174776,0.1152813652929258,0.11887573703286825
0.13995527162626095,0.057177615572575786,0.145983498843645,0.20192877346466354,0.07785931464165602,0.11771747181566179,0.06669370248870624,0.03514701257711897,0.15753733896971162
0.13336720907164726,0.05514213592616701,0.14635850465666508,0.1387239003063418,0.11599127723016019,0.12770174908851464,0.07382222020285843,0.060144693929839455,0.14874830958780613
0.13809807631776763,0.2939721122970304,0.05381329411146851,0.22563239079106298,0.05905782001808018,0.0020075733811335027,0.08582034795731573,0.006777583821862647,0.13482080130427843
0.12284679634514696,0.05584004796127013,0.13438397607048208,0.11776068666111146,0.1321614732103911,0.12612776384446486,0.07497267404151081,0.10128855379170087,0.1346180280739217
0.09227906959238641,0.09514433231955549,0.1150532026179693,0.0933231538348858,0.1212229999964709,0.17161310361402124,0.10258760886947653,0.10446633588610821,0.10431019326912609
0.13175854878110926,0.060221082046404584,0.1466222449499995,0.1605168002838648,0.09132863798020761,0.1385332122988176,0.0730063469748533,0.0486326370532473,0.14938048963149606
0.10369046481611162,0.08242877269068673,0.13075662591090087,0.1081644691849258,0.11648556198962534,0.17289352176993802,0.09115991921524225,0.07633328960825558,0.11808737481431375
0.09265417174180934,0.11357868690361506,0.10003643188706297,0.08497026144886154,0.13315515000356756,0.09824987856851125,0.11651182046386159,0.1641902051525186,0.0966533938301921
0.10891972552021849,0.09592084998962773,0.1342952069786901,0.15501520875321192,0.08099141152834675,0.174123012568805,0.0799521729188641,0.04766799254364177,0.12311441919859424
0.1191486889395786,0.05997706046214656,0.13302184699162536,0.11592016461176567,0.1243454226139558,0.14046723138392136,0.07958887523267126,0.09361200427792989,0.1339187054864054
0.1612457052559633,0.04460536420272745,0.15485622805439184,0.21270076751411013,0.08301757411680781,0.07579470397433018,0.0671252201787491,0.026385071776859115,0.17426936492606124
0.1242558644736072,0.06458151729562257,0.14276986544896142,0.11845088174991175,0.1463646083057024,0.12410770480088444,0.07706689254942688,0.0692394769610669,0.13316318841481647
0.12371193735784304,0.06729476791229509,0.12561121310461473,0.12138249397537647,0.14644520452569615,0.09803036606039371,0.07443869170423967,0.11700473944954796,0.12608058590999313
0.10247020266281738,0.07505353379265584,0.12366256524005115,0.09961030699134754,0.12269865314241073,0.16293809570024534,0.0914508125637704,0.10568016168217481,0.11643566822452682
0.08049373500268049,0.13442550537225365,0.10347830358980158,0.0800727823531955,0.15629726571367195,0.12838620836262002,0.12396509413146035,0.10601371456516696,0.08686739090914945
0.0943060180271985,0.10647564552137244,0.1201083005615418,0.11617220737333922,0.09944761672824777,0.18924768440986386,0.09450459028915244,0.07214973850882313,0.10758819858046077
0.12213648429274988,0.061353610382973954,0.12709674729136214,0.11673559880962682,0.1368410423847293,0.11161675146343879,0.07656218735566761,0.11809663869150562,0.12956093932794593
0.17702928192101677,0.04240642608581661,0.15804874342447836,0.19898573489073298,0.1264684849810332,0.03965964914706022,0.06928232192348019,0.02254216248449556,0.16557719514188615
0.12216405304388313,0.060598927360492716,0.1364355853164222,0.1180601620984348,0.13196846001752585,0.1334963448257329,0.0781272503212272,0.08407060105400845,0.1350786159622727
0.1598023276805284,0.2524641584772218,0.06695289335371889,0.13895805286057136,0.06289446709161017,0.003017627080598546,0.1330019715990354,0.0672391129848177,0.11566938887189769
0.15053677995051593,0.055427306548259565,0.15956598717760642,0.14850974450961008,0.14792085317000994,0.0788259629281785,0.07007203091957535,0.03959227906900618,0.14954905572723798
0.1185212550295764,0.0686652682370277,0.14007540622744286,0.1318353380117418,0.10257519912330815,0.15980809151448858,0.08057240024257123,0.06253954374273774,0.13540749787110562
0.19577394927242012,0.0255053388363387,0.13640691124448073,0.2836350372147665,0.07642349140087892,0.013870832224194307,0.0736383140125846,0.009543183415235126,0.18520294237910107
0.16246721838950867,0.041295484578009224,0.15374487610427975,0.1791005290444535,0.12006131463662979,0.0700932543460904,0.066119271225839,0.03857744723538275,0.16854060443980692
0.09599152701441804,0.08708395883228193,0.11786067845297492,0.09295109300916889,0.12743663873336328,0.16290711601262767,0.10076252063652213,0.10618660920569678,0.10881985810294625
0.1487270818072596,0.05181889800963959,0.15501621500498672,0.1498138923355696,0.13618714704945697,0.08967852999508126,0.06937180330198169,0.04575847413435063,0.153627958361674
0.08061384750176172,0.2134113915754153,0.08439659292879838,0.09413747511631836,0.14105671578568488,0.0816200376127325,0.1413587659222629,0.08690370447245822,0.07650146908456774
0.10800106362185853,0.15882468509000855,0.08740726205862732,0.10303495166984467,0.09779100240620968,0.03259386825777282,0.11935506747557656,0.19639374353035458,0.09659835588974726
0.11147278636366285,0.07616738947785794,0.1316506878172698,0.14329617301161668,0.08805522904457026,0.17625019338960726,0.07732600219157844,0.06706509442107274,0.12871644428276402
0.08144973964290435,0.16432699150854524,0.09499798043409018,0.0982372251925665,0.12348571610291596,0.13745985561182797,0.12041435329132803,0.09484329988410918,0.08478483833171262
0.10199974018656795,0.0883085567507575,0.12884685588013123,0.1116841807391049,0.10908940704594434,0.17882866090033486,0.0927408272184897,0.07178489162254713,0.11671687965612236
0.09407740353097856,0.10558039720477247,0.11310719987584628,0.12194290779579799,0.0935111771001788,0.1860350133130894,0.08996250785817206,0.08897901762800654,0.10680437569315783
0.1444871729901593,0.06400475512000543,0.16267032093428493,0.147352103805627,0.12492356809514482,0.09592651848779406,0.07620673046039278,0.03611482311032111,0.14831400699627062
0.12190120183875906,0.07210415755459405,0.13908303838963265,0.16420018907575729,0.08226010954391244,0.15778970731961106,0.07441777446896446,0.04853711926591278,0.13970670254285625
0.10078342878840842,0.08161915066015475,0.11021424005042697,0.09129967006409777,0.12901385220095385,0.11705371764307593,0.09791231907105084,0.16340559858977996,0.10869802293205157
0.15531338368511297,0.054416209781746695,0.1642274365143641,0.16553682188046356,0.11401429819563384,0.08178463424154543,0.07296824544611057,0.03219410643063765,0.15954486382438526
0.09388436670675648,0.0900346815723813,0.10739853459442428,0.08495527975838414,0.12853369914198365,0.1323194595953637,0.10577978469563089,0.154791348672112,0.10230284526296361
0.09998728083286523,0.08382385014433985,0.12496031150151987,0.09747365894242081,0.13102603187690767,0.16300292998749993,0.09633462235274408,0.09010444696961457,0.11328686739208804
0.10556704715691363,0.07125119356034988,0.11865226068409869,0.11406505665396686,0.0966954411485421,0.1693060641311829,0.08565197761605066,0.11734968444749021,0.12146127460140506
0.13410718006672687,0.08737125478004104,0.15824872347385388,0.18336844236456307,0.07621328331260856,0.11609177886225912,0.07821837640358918,0.026810058940844882,0.1395709017955134
0.10413287541554857,0.11647733795912303,0.09112041217337845,0.0863735141145572,0.09823071471313426,0.06892028803877265,0.12350477476862602,0.21445462289225226,0.09678545992460759
0.11099249827799229,0.06687374794211261,0.13017657771315413,0.11108212612261437,0.11640247899941476,0.1600230277855762,0.08476479314537515,0.09264441564101379,0.12704033437274673
0.15222327791177273,0.22766523463613156,0.06975338011878603,0.137681998663734,0.06236145495546028,0.003957393587060127,0.1255099069223019,0.110748550049367,0.11009880315538632
0.1493689727532056,0.056257239144340165,0.15491498648794733,0.20021390850736998,0.08046168073290023,0.09806028599322258,0.06951989983980357,0.029006457200992573,0.16219656934021792
0.08465373703671736,0.1213629782432303,0.10486597763902901,0.08570898626637889,0.13143609252452026,0.15404777430253266,0.12002522828956698,0.10402800321968493,0.09387122247833964
0.10815916092030659,0.13029758029202887,0.09368991651570545,0.11119020045682317,0.10289517131978983,0.04197533862833543,0.10343804148367536,0.2061910122539844,0.10216357812935091
0.09034924123179118,0.10638576549105057,0.10395533925101315,0.08335925585277942,0.13671835971776866,0.12272039908701426,0.11487458351473166,0.14414910173790021,0.09748795411595083
0.08700133930548644,0.10835780757425355,0.11094558706902453,0.08702998381357457,0.13184454825519817,0.16374208426247014,0.11107801824094543,0.10280030742123031,0.09720032405781687
0.09414197975394197,0.08980481258528598,0.11041854063574032,0.09109411334433276,0.11753551625664442,0.15820538582416602,0.1035202706205628,0.12980926079812327,0.10547012018120255
0.09223314940829364,0.10309157634142764,0.10488802998363,0.09527318912454959,0.10914882786404694,0.15602519823859104,0.10519360288321171,0.13329454145149763,0.10085188470475177
0.17332314487964964,0.036860799907160256,0.15034795039155194,0.20253305003872793,0.11586091232951305,0.05121040403153506,0.06528644633077786,0.030489480526608364,0.17408781156447586
0.09733794257027183,0.1722943588964693,0.0875653435704492,0.1018741540747693,0.11390877788749733,0.07597780521809787,0.1279101080361781,0.13391876534877897,0.0892127443974881
0.13112828032667842,0.06894916495426404,0.15395837999767348,0.1458179186698382,0.10292195796720775,0.13153124479293946,0.07905105894456814,0.04312897558141815,0.14351301876541236
0.09032985937242761,0.13065769447863332,0.09439273112890341,0.08410656238806281,0.12213560898182625,0.1074373941204823,0.1263291595869254,0.15312854139165677,0.09148244855108217
0.09604608120585927,0.09501596152420466,0.1258252219781346,0.09436907226498753,0.14103745639122925,0.16005205209668052,0.10064355891972487,0.07943536057188548,0.10757523504729394
0.09842003971673004,0.07941538062214666,0.11184656015448957,0.09054570414689533,0.12053525443979257,0.1431571918389013,0.09912065912347666,0.14744595239594602,0.10951325756162189
0.11695550062942477,0.06007796447431385,0.13303503133197994,0.11898913336540518,0.11250926535864432,0.15327699746364679,0.0795496793991296,0.09165464829539582,0.13395177968205976
0.10106533952183981,0.08975802430960765,0.1217448623553896,0.09646799116343868,0.15925909952468414,0.12564451789015393,0.09234157482038176,0.10529449200542935,0.10842409840907515
0.13476009112096857,0.06699560073675803,0.156098234027454,0.15044571724504469,0.10197335373712561,0.12461303109353083,0.0779586105277851,0.04068532413823852,0.14647003737309458
0.19166694697258368,0.03498410792438649,0.1532723124229288,0.24630590648536496,0.09293971104002681,0.02041345154404952,0.07399982881544465,0.01212537990847474,0.17429235488674036
0.13792072348241013,0.06182200017179585,0.1437513920044922,0.21555730468574108,0.07331228462743862,0.11643551958629218,0.06537968486351443,0.0312535442707628,0.15456754630755276
0.12516573855510404,0.09014261388065063,0.15633107837611565,0.15051817050829722,0.09219781570264196,0.1339194332457101,0.08431680863634348,0.03483899462055511,0.13256934647458188
0.08665577471328023,0.12347670036187049,0.10147730060771191,0.08250600646395483,0.14572553496512172,0.11328141996028973,0.12142064603447722,0.13306287830126615,0.0923937385920277
0.19072995452660865,0.03318685901764262,0.151480686289089,0.24678546587134553,0.08997059059731817,0.022872827297875483,0.0727694936908058,0.01326613444136591,0.17893798826794885
0.0956960108222495,0.15284499041976565,0.09090600862864702,0.08967956989316019,0.12275214104280141,0.05892940519621596,0.12908968084526432,0.16825078713732491,0.09185140601457097
0.09107991750021277,0.14730517103437282,0.09550877434489337,0.09048127469707538,0.138144261065617,0.07160636105122768,0.12299783753607897,0.1514588360305937,0.09141756673992829
0.10607176623725038,0.07210737122680969,0.12376648917672937,0.1140484725998767,0.102165132809184,0.1733835551723583,0.08571528903524066,0.10026186652869269,0.12248005721385828
0.14717623310787986,0.04565297885545991,0.1492693800544973,0.18262389107828034,0.09178520930575641,0.10705890295872389,0.06669079319927702,0.04364579781004304,0.16609681363008222
0.09520588840940997,0.08912817820514445,0.11474505640722543,0.09150426127657207,0.12650832109525212,0.1587715475505236,0.10385867433240899,0.11238521525848377,0.1078928574649796
0.08701501508259911,0.15615170297838585,0.09503547852868355,0.10689510568435617,0.1131915592846396,0.13192649339406562,0.11250866440959058,0.10799969852817427,0.08927628210950521
0.17657837085133407,0.03961627649762257,0.15851793925420776,0.2054831719932475,0.10694142781394171,0.04565944756936872,0.06952379837907519,0.02306576349407421,0.17461380414712827
0.17390393844780425,0.05220104175802478,0.1689524005350442,0.21537087517043232,0.08045460511703566,0.04947345745726772,0.07417865168600238,0.016579969436985652,0.16888506039140308
0.10461681586626174,0.08143199222226034,0.11848754938409445,0.09828164641508709,0.1470114165866323,0.1195856647266123,0.090224884623379,0.12835272924805166,0.11200730092762112
0.1006162806700626,0.10157620452592168,0.10824039781431427,0.0983899878649019,0.14101748585796517,0.09468134420357328,0.09867357337372971,0.15187555402523353,0.10492917166429788
0.1352091080996925,0.05260702430572062,0.14734686756247303,0.14519484501645158,0.11020923072285334,0.1265663428293999,0.07207556046193402,0.05903616409826523,0.1517548569032097
0.09640381957419471,0.08384493320829718,0.11203147540193718,0.08971286401233751,0.12371721393093849,0.1482176454730707,0.1015662859271586,0.136813412028383,0.10769235044368268
0.167754144520985,0.04082072012388866,0.1546018641766523,0.22700001977222325,0.08050575777885471,0.06110438911750391,0.06705924236252599,0.022150694893487876,0.17900316725387833
0.10191959346046885,0.08191659084406044,0.1216930190314528,0.09594224597744183,0.14164554202516436,0.14296210828990133,0.09508466648061663,0.10556418050498606,0.11327205338590766
0.08961785050752719,0.10525521937815419,0.10400638211795991,0.08314255382990694,0.13155890689075478,0.13368403355153813,0.11534741553778223,0.13985095980831005,0.09753667837806655
0.12950681548282636,0.07672695292540561,0.1353971606942054,0.2517870182995479,0.06509521218732403,0.11220790221753534,0.060755938759348836,0.024082571641214034,0.14444042779259247
0.12688329692446662,0.06206252077276242,0.14495232137155098,0.12260349851766972,0.13941459528151795,0.12499310655348227,0.07642189167527814,0.06552371823044888,0.137145050672823
0.17959233585795384,0.0452036287403578,0.16368005183072734,0.20494049902464662,0.11105230166603969,0.0379636867055728,0.07222389291077537,0.018532520820402926,0.16681108244352358
0.16051232417044872,0.05083732314876818,0.16351346279484616,0.18523713732735983,0.09686723398887076,0.07642199996592079,0.07181370110876967,0.027911332114994688,0.16688548538002115
0.0920617050874762,0.10430266849163028,0.10966877206516291,0.08747911727056923,0.14968521473278237,0.1218566013818247,0.10750893263079231,0.12790236077138253,0.09953462756837934
0.1009093782774101,0.08579376718749576,0.10160221990425079,0.09255943202439366,0.09774640376181616,0.11981667277310327,0.10321252308326152,0.19270310523126202,0.10565649775700658
0.08777214772674523,0.21036514773519197,0.08648246368607064,0.19140910670388142,0.09254982692037143,0.09612829046801996,0.07960998524350342,0.06444858245189683,0.0912344490643192
0.102039354977983,0.10421531417453066,0.13354555363183115,0.1257583170056844,0.09724085572614698,0.178210885661115,0.09158379389611117,0.05304965834548884,0.1143562665811088
0.09490607727946677,0.08830496690063765,0.11160279603606509,0.09310130519362363,0.11538136295159651,0.16193217741914298,0.10165283365379174,0.12633077231225298,0.10678770825342272
0.12479443331567293,0.0771824398163063,0.15178001731760937,0.11861755549452646,0.16629580061988242,0.10678037910966444,0.07746603540483495,0.050690784961348496,0.1263925539601546
0.08578469959343867,0.14890382145887956,0.0943860287162346,0.08268310595281998,0.14298223088377737,0.08903261865104757,0.13228145491429913,0.13640968892885622,0.08753635090064689
0.10767781625900552,0.06128712913421552,0.11176468892085945,0.0988453728905397,0.0979402409981117,0.12394982956504734,0.08707514337644418,0.19369048038069678,0.11776929847507984
0.08928021062699437,0.13320269313250513,0.11393335332631725,0.1454934948759026,0.08415863610653156,0.18913805695873362,0.08478275481632473,0.05919825157325818,0.10081254858343253
0.16113915127519574,0.058683870248162774,0.17079141098264994,0.16986475269739207,0.11873850445249273,0.06438320646117873,0.07518511981748023,0.025199268189593643,0.1560147158758541
0.10651661882081202,0.07165985994182639,0.12368570147830067,0.0995292180266497,0.1343187652150912,0.1425319526378839,0.08899566446921965,0.11418920330805242,0.11857301610216413
0.13722568982594538,0.05823483530158593,0.1530861767108402,0.15116701802773827,0.10516899327603145,0.12286762148272679,0.07440341113743332,0.04626595512007776,0.15158029911762091
0.10878888570968338,0.09985435413983428,0.14607698281943274,0.11841910829651014,0.11636482398373311,0.153144703476799,0.09317038634342238,0.04655330319365081,0.11762745203693416
0.19300306498375316,0.03823123819130577,0.15651740147990922,0.2561825039324213,0.08991957017556855,0.01396344585864723,0.07781403349769624,0.008428659370242269,0.16594008251045622
0.098846489380831,0.10085798163529097,0.12468765644254505,0.12331502500876512,0.09513573374446226,0.18752549933489712,0.09168802658619857,0.0645860864862542,0.11335750138075566
0.09447942580446515,0.08909302257877871,0.11374474889295687,0.08902074666573369,0.13133966800768723,0.15197827118594295,0.10371806113784077,0.12072296862837355,0.10590308709822123
0.10500868689687687,0.08495423418495889,0.11652739486131695,0.16546596080088352,0.07622162263979153,0.1780777429262588,0.07025085456225849,0.08153165508651543,0.12196184804113946
0.18915612307389681,0.022584937965292023,0.12948182233738978,0.2852504007953875,0.07863598932416063,0.018420243129409677,0.07055241220739616,0.012782276685883972,0.19313579448118345
0.10452497904991527,0.08727118422658227,0.1245495240910099,0.10019848974089497,0.1628823408882165,0.12101540147382665,0.08790772773893513,0.10090663209548655,0.11074372069513277
0.09821868714178682,0.09691008403743645,0.1285185317683443,0.1056080670035174,0.1169028254348828,0.1765331168130456,0.09771989055316521,0.06826792852999428,0.11132086871782716
0.08530830929383715,0.11537726745594956,0.10799273837697553,0.08307118972578913,0.14474866855893068,0.14494258135465252,0.11726637329346935,0.10702232579992803,0.09427054614046813
0.1299347566527477,0.06022447606501633,0.148313381834108,0.12593627863991086,0.13966130063608245,0.12005157217278876,0.07490787834501848,0.06144211236292008,0.13952824329140737
0.0931963552594798,0.11508843772331052,0.09613972678156996,0.08235610589943192,0.1198127697367773,0.10133414537901649,0.12196233500589043,0.17494126142258978,0.09516886279193375
0.0971293991605894,0.09751504938750266,0.10456233937462185,0.088919464410558,0.13159858410064693,0.10210054216923797,0.10591691498787296,0.1698895251007734,0.1023681813081969
0.08484005558527123,0.12261099366873572,0.10617217772890815,0.09128139704651768,0.1225039057738393,0.1664018825727743,0.11396676211585906,0.09812171114682805,0.09410111436126652
0.13951295363821117,0.06233704983643714,0.1553317858187511,0.1668346091893386,0.09206164576069209,0.11909751094950262,0.07441802242534434,0.03769025243715104,0.1527161699445719
0.09882228044569559,0.09047443357293972,0.12774596315661232,0.09899874088851568,0.13035458670453662,0.16689188845917646,0.09795176818552224,0.07707801322116851,0.11168232536583282
0.10678837748472358,0.08187890190413438,0.13357849070579111,0.11391693915692373,0.11207145499658004,0.17139565572760243,0.08992730111429054,0.06869272826276114,0.12175015064719308
0.18065965554085237,0.0407492513761366,0.16047946777639802,0.22417954501892426,0.0859444765679747,0.04160381645287168,0.07077758584321292,0.01736192935542278,0.17824427206820678
0.20354270665645505,0.02278103618071863,0.13066102115726028,0.317062940728048,0.05575387636056776,0.006545912835365895,0.07422108400692984,0.004429387823615885,0.1850020342510386
0.12312958976510009,0.060169576233223034,0.14231181705555396,0.12306963869995079,0.12379343194718895,0.14030713294535802,0.07750178558068344,0.07202070434141285,0.13769632343152885
0.10657860358127001,0.07144919030116402,0.12324589770082466,0.09941380034844266,0.13420856437304177,0.14127880969997964,0.08891081745483803,0.11643300630648083,0.11848131023395829
0.11426277752907006,0.19643997319740905,0.08046078118704761,0.10062775926513667,0.09669133674299525,0.03012344944137861,0.1450840140840397,0.14409228551633382,0.0922176230365891
0.11372317417976069,0.07121953040332214,0.13557093372971468,0.12577876369399163,0.1030497772359558,0.16759419170493217,0.08268817478756099,0.06962823334816938,0.1307472209165925
0.12572692860088752,0.07262742197609251,0.14499641722693393,0.1654496349423291,0.08381023766541158,0.1476488428734493,0.07510594712237018,0.04323345696373045,0.14140111262879543
0.13391096369139477,0.06895190855635736,0.15690669537349874,0.14734736630649273,0.1045448764365413,0.12424512482466095,0.07902004048001364,0.040382590143818176,0.14469043418722238
0.1213003324787414,0.07156612513017382,0.14642218494078826,0.12911042176524815,0.11149815287822917,0.14817827513109513,0.0823217731583598,0.05424112282566104,0.13536161169170322
0.1713095480754705,0.044289416506319644,0.15670021808738083,0.23359408043262161,0.07594209266670561,0.05504710866012497,0.06794311297095516,0.018056370372296814,0.17711805222812482
0.09568522537540329,0.142772923979315,0.09632784729651613,0.13441628875635775,0.09501877747629665,0.12460188196149558,0.09313945212176093,0.12049375401155393,0.09754384902130069
0.12095593456904145,0.08617622814753757,0.14647242222353457,0.15972324470840304,0.08345139048002798,0.1506794461716073,0.07970483083252025,0.03952279779070988,0.1333137050766179
0.12456440028794302,0.07172501452464887,0.1524456405946563,0.12207585009051591,0.13691056766666668,0.12680082174593055,0.08082920491171379,0.05152242168864599,0.13312607848927888
0.1495965454549136,0.05824569343897098,0.1627044369416736,0.16655971717207027,0.10220337118065694,0.09558909314072848,0.07437234987917934,0.033073668771567415,0.15765512402023943
0.128576278891767,0.04973673341946409,0.1374933070991614,0.13322201469844328,0.11186473771414462,0.13202692765611354,0.07165690949224625,0.08965508853088792,0.14576800249777191
0.13029791813023825,0.06111947337304489,0.14811654099505442,0.13689585855122433,0.11335351896371082,0.13364121343466748,0.0770766509324186,0.05437078684035677,0.14512803877928454
0.16708586770300557,0.05325056485865904,0.16862408601429335,0.19470545138783713,0.09211051632606794,0.0620674976565292,0.07397628720204863,0.02175021401230257,0.1664295148392565
0.11709463577425383,0.06320778600667747,0.13595705629158159,0.12004641684269686,0.11403229017778321,0.15510825325084224,0.08074472096109432,0.08001908521238112,0.13378975548268937
0.13951295363821117,0.06233704983643714,0.1553317858187511,0.1668346091893386,0.09206164576069209,0.11909751094950262,0.07441802242534434,0.03769025243715104,0.1527161699445719
0.09767590850767362,0.08717172687271744,0.104773727727837,0.08701187550861554,0.11716466586717127,0.12122602126000355,0.10663966341688795,0.17275044156767314,0.10558596927142046
0.09550299263372321,0.11270923244215475,0.12093287399972101,0.13637052500275587,0.08704542015693577,0.19067647036062932,0.08651187603173895,0.061471743840610105,0.10877886553173095
0.18221274987725636,0.04676635833638543,0.16802674063563908,0.21351817020520295,0.09815352222465679,0.03359119962943235,0.07533190127051143,0.015138600128628353,0.16726075769228724
0.10231948079311774,0.08871937860221883,0.119855102386761,0.14533461220065422,0.08334333040793863,0.18492190165886602,0.07638517250167898,0.08122023480099372,0.11790078664777093
0.12688329692446662,0.06206252077276242,0.14495232137155098,0.12260349851766972,0.13941459528151795,0.12499310655348227,0.07642189167527814,0.06552371823044888,0.137145050672823
0.12777938687351936,0.06779525540201242,0.1436522076548827,0.17260882405011638,0.08206935691718975,0.1450190675807345,0.07228664978097249,0.043940245187932124,0.1448490065526403
0.11753469420377345,0.05709911184376645,0.13075049600143376,0.11732598262062292,0.11316628184103943,0.14683060778341953,0.0783646014883514,0.10492053511994093,0.13400768909765218
0.16800538720108374,0.049036847748689584,0.1670157996420946,0.18245155263591503,0.11454621089702266,0.056569340243026255,0.072606559237482,0.024874724485381583,0.1648935779093046
0.11061203184696788,0.13596624322103126,0.09185922360587018,0.11689668658791459,0.09678257676888619,0.03509832765386064,0.10215270750075005,0.20801635176568525,0.10261585104903397
0.1334846070555886,0.06880569521745165,0.15483865944551461,0.1544821066340968,0.09638637535394258,0.12842638686574917,0.07788793205039239,0.039919056149886875,0.14576918122737723
0.1218488428561864,0.06344236639985396,0.14031453913764583,0.14273705298921455,0.09599889749196484,0.15694918285701195,0.07563262330004211,0.0632333607938517,0.13984313417422867
0.1452190405391172,0.05963289734082192,0.16137271858593752,0.14976849558619532,0.12119427407189208,0.09818399008055632,0.0747625097626863,0.03824513641290574,0.1516209376198876
0.09584919202214166,0.11157144381976776,0.09660161678033259,0.08393181851904387,0.11938221734493322,0.08813443139084627,0.11869197113334652,0.18860797036692492,0.09722933862266314
0.14030041035857463,0.23568264826066218,0.07254892286516203,0.1262883289790394,0.0767766786639825,0.0097212230820135,0.14102117123815314,0.0946407729958834,0.10301984355652923
0.16951779338327674,0.039350488689968904,0.15464356255549525,0.19225946721636633,0.11655401583718848,0.057316364578072564,0.0666932897633755,0.031452157707490304,0.172212860268766
0.10679689687142462,0.0866753183012469,0.1169327785707357,0.10393797741134041,0.15070393015070407,0.10284155932702961,0.08686172321346841,0.13430598139830824,0.11094383475574204
0.12933612106742606,0.05495147306613727,0.14089581898781356,0.1571429847331496,0.09174111512502703,0.14459473997505082,0.07069953499928061,0.06126232873590323,0.14937588331021187
0.1545245415193774,0.0642325088250299,0.15061311127941154,0.2621348596688747,0.06450508007863688,0.06525814227708808,0.0653867842263239,0.014411554042546926,0.15893341808271075
0.10857940097291728,0.07593004811924471,0.13134419758173535,0.11446239747913912,0.11051393711137418,0.1700716276474339,0.08854520466523351,0.07554052797920546,0.1250126584437165
0.09845045973165524,0.08461349523618249,0.12192558757726185,0.09728279470063426,0.12436619720442675,0.16792860041750005,0.0975299580959927,0.09569459707237978,0.11220830996396682
0.08241059904975534,0.14110914044490389,0.09680762218650217,0.080992390640636,0.140118108652005,0.12204293116361165,0.13053206636840992,0.11900806990140773,0.08697907159276834
0.14034124352211227,0.04857021223217998,0.14961256732016265,0.1525726795003242,0.11042875373893557,0.1157731343399051,0.06961311397613124,0.056557293047133216,0.1565310023231158
0.12200048535244967,0.06878800892265591,0.14472181624032604,0.12709784199548566,0.11502785601530752,0.14638823858559602,0.08195576968896955,0.05733826129879565,0.13668172190041394
0.11768945661660175,0.06670131615741015,0.1346811356081539,0.11101812155227535,0.14675973456529057,0.12874024562090916,0.07970755859317742,0.08756909310819135,0.1271333381779904
0.093977654553328,0.09612147628032826,0.11057252560741382,0.08751588126427239,0.1461929647822281,0.12307891126292365,0.10353870438013213,0.13755519117069415,0.10144669069867952
0.08386910223140613,0.18659733466351117,0.09163872674433719,0.12177625974337569,0.11351386191789194,0.12309543268285156,0.10890919474306116,0.08558393550436738,0.08501615176919786
0.09078344233273213,0.13244331811519375,0.09361115285006723,0.08202119991133552,0.12566149533013948,0.09477651143911313,0.12930605818837226,0.16013048376073988,0.09126633807230661
0.1811061190486459,0.029076558586746584,0.13734557671550648,0.2853389244879027,0.07002825484168086,0.029739200095100532,0.06394956489069002,0.011549819495065878,0.19186598183866102
0.175512933125522,0.043399864228403334,0.16339144840065634,0.20442864770876545,0.09889886605341676,0.048321074830866007,0.07145546846813793,0.021158161650875824,0.17343353553335641
0.17352345816616854,0.052182745319896716,0.16778500071899038,0.22373190325944656,0.07558571748405118,0.048533031954379524,0.07367639004391068,0.015555384849028043,0.16942636820412837
0.14510932557296488,0.047927744026873664,0.14434679708104747,0.14669734066570886,0.13811602021475247,0.09339098622061325,0.06630339712984051,0.06705057852107646,0.1510578105671225
0.18049950899250367,0.04195701303519594,0.1619954605994358,0.22844747106235141,0.08110761274844981,0.04060079444839643,0.07165855881826862,0.015997702619784376,0.17773587767561402
0.1659733905827915,0.03677731130757987,0.1503407789212562,0.19333053294023736,0.11229299467244859,0.06421385311902421,0.06475365813726425,0.03777213789293334,0.1745453424264647
0.08894610818128233,0.12647848615510135,0.09784754241578113,0.08259763290640872,0.1390694390035724,0.09559051147300389,0.12213857944133322,0.1554995881595097,0.09183211226400728
0.11835026169388123,0.07725418529602585,0.13676116554528742,0.16919852139631208,0.07917382387384826,0.16236837332552875,0.07315458898132297,0.0482822729529274,0.13545680693486598
0.1095298441488381,0.08344556613002713,0.13696641221944147,0.10406639195476719,0.16322047258497,0.12933216879487172,0.08542209878537954,0.07158345722025927,0.11643358816144568
0.15382647336449753,0.0450147260869632,0.1519279872457213,0.1618442154564214,0.12780883137846974,0.0841878629638194,0.06654141463410405,0.047811515860713305,0.16103697300929018
0.155132629799447,0.07077804027254388,0.16589688828110535,0.21184346329733747,0.07214095641240582,0.07601646607460051,0.07465161057716264,0.018723345311343068,0.15481659997405436
0.08420065651870838,0.12997917766116823,0.10572180642022232,0.09714613898960396,0.11665755155182572,0.17109615734318764,0.11119474046772464,0.09085942102111522,0.09314435002644396
0.08992584317255,0.1106788766290328,0.11194568482833585,0.10375728522225613,0.10770041026190354,0.18183790348782092,0.10180364415393124,0.09077824183702714,0.1015721104071423
0.11538570774376396,0.08682249451150191,0.13018298688353164,0.2113654016911303,0.06806120178012331,0.15332398444924403,0.06462447728123029,0.038007387077567505,0.13222635858190696
0.08440687801318603,0.13826945869949983,0.09596883320384753,0.08162936103334602,0.1351650791781321,0.11857170430551567,0.12978500063254675,0.12798241349478398,0.08822127143914214
0.1014964673044119,0.17325983394406286,0.08498062285991759,0.09063886749390125,0.1117841843115112,0.05224470174077139,0.14072170635951775,0.15555386605390806,0.08931974993199794
0.13339698003544548,0.06520999416956304,0.1549113546449746,0.13077755610046235,0.13765642833029207,0.11280833859041976,0.0767316671325589,0.04806018076444424,0.14044750023183963
0.09152181473485797,0.11887765840193727,0.11111238683486054,0.1328991642108379,0.08929541689762883,0.18668120754571138,0.08712249183782446,0.07902276277841908,0.10346709675792255
0.12407014169957153,0.06223559803828262,0.1438171500273293,0.12598112548535953,0.12033928436567293,0.14115388175058868,0.0785584868900403,0.06496356476407349,0.13888076697908155
0.09666889790500777,0.09916522367890186,0.12265466723189485,0.11343288530052997,0.10257008924888257,0.18686977207322042,0.09443411261210181,0.07358216610506983,0.11062218584439092
0.11675738247170186,0.06543559624807606,0.13880729457195043,0.11557976496592375,0.12539528140344483,0.14921421805679122,0.0814412251388677,0.07619766326331313,0.13117157387993095
0.10645291266675871,0.0884072291134589,0.13080427193493852,0.10238400315753497,0.17093958888401498,0.12070060115769814,0.08520539771237207,0.0834589882405013,0.11164700713272242
0.10292083325722146,0.1433673768111296,0.08827238443711183,0.08938333272287774,0.10472247962656323,0.06418650802949599,0.13300736241699637,0.1804968055542069,0.09364291714439686
0.09318596468753941,0.10402471935854346,0.119711131787354,0.10562190361991852,0.1092850720118762,0.1849008720561943,0.09953956635879903,0.07751141367576563,0.10621935644400955
0.1632180897011341,0.05907881535104382,0.1722126405210125,0.17384992642646643,0.11583417843735039,0.06036622563290164,0.07579509585886014,0.023339010376744216,0.15630601769448674
0.08987700290675217,0.1449634885836815,0.09168379566419188,0.08247362734651346,0.12794208083888534,0.08890129566765516,0.13384638412586575,0.15137996681032964,0.08893235805612508
0.09778568635721019,0.08253928270168888,0.11561555670483938,0.09739168746842812,0.11318780612452069,0.16702785952134094,0.09697760655964895,0.11830192587156163,0.11117258869076126
0.10915818342876442,0.23890643713032308,0.07676743446994816,0.11285292077583926,0.10665423994423155,0.028050529664020826,0.1465732547639469,0.09351943934230404,0.0875175604806218
0.17934840725079101,0.032478319000184074,0.14992557953617558,0.24428189385808488,0.080775708644274,0.03969026332628991,0.06785473621847922,0.01788956964063615,0.18775552252508512
0.10308933177600105,0.07033590663909402,0.11882333126620355,0.10042285276288188,0.11154094220101651,0.15891026365504282,0.08920784453942356,0.13081624618639998,0.11685328097393667
0.09398655806206302,0.09613610533457657,0.11933825578848674,0.09795130327731306,0.11899655075165361,0.1769714217023661,0.10151744006346446,0.08791252775896326,0.10718983726111325
0.09779119023094694,0.08718958620987811,0.12176100781706783,0.09974174163223269,0.11865811265321922,0.1740174622205766,0.09754737425361935,0.09143094791026651,0.11186257707219271
0.10338870389196626,0.07103245487885686,0.11416520780719985,0.09635444106599017,0.11216579971087899,0.1436304735564965,0.09353072970699007,0.14962371987728176,0.11610846950433944
0.09480839001721324,0.18710101556704684,0.0870258439741149,0.11115097249509098,0.11542005583499233,0.07959172348037337,0.12329362755839939,0.1137983994586364,0.08780997161413251
0.18798534266041492,0.038699503917912735,0.16114464899820896,0.23705207187375876,0.08287764281882863,0.02757631914787775,0.07443177326458979,0.012971109020319975,0.17726158829808847
0.09571157808806767,0.0906566291315808,0.11490556031834447,0.08949940031623942,0.14377130535305138,0.13747898539813433,0.10172455773779425,0.12078361749521845,0.10546836616156911
0.11093642429870028,0.078643969078467,0.13698222169026572,0.1208647495073265,0.1077148361306951,0.16803755590826333,0.08675582673035508,0.06378339332207565,0.1262810233338514
0.129474429460291,0.06080964227021863,0.13499472628011935,0.21709000983889973,0.0729942053614323,0.13281463651180894,0.06165125761891427,0.040471784189921416,0.1496993084683944
0.1038079553361419,0.08031491467962787,0.1294314163942882,0.10243030733260015,0.12804493864829247,0.16331103513018966,0.09278099040796871,0.08220628149627109,0.11767216057461993
0.10653165756385108,0.07192030469401785,0.12706647929381484,0.10381209017456293,0.1232213016319364,0.15968817945042624,0.08914000858147375,0.09734075444088675,0.12127922416903014
0.10326752563464374,0.09136672218229762,0.13225223875318978,0.11223949202097612,0.1118644409766721,0.17376776589683415,0.09445691935389026,0.06338555993106752,0.11739933525042878
0.11749728721834689,0.06986172385039438,0.14022375198513662,0.12098123995448508,0.11668870984274393,0.15346283241559358,0.08377715605410781,0.06460767688014535,0.13289962179904638
0.13067425789245485,0.058933757490502246,0.1424372971022092,0.17720826039303103,0.08318955524301068,0.14040224581640934,0.06856615254968705,0.048847380549934476,0.14974109296276114
0.09637978067683567,0.11019535692610627,0.11095230844846395,0.18645137646537358,0.07323916091947646,0.17556348692893597,0.0658575548980498,0.06992607964062471,0.11143489509613358
0.09372662324004233,0.09292248457606787,0.1093100070719934,0.08736587801618324,0.1287058941531816,0.1432256566763143,0.10818050945944559,0.13223881125986237,0.1043241355469093
0.10392093284268261,0.07492522213957294,0.12614027779915302,0.10414105694748177,0.11783713807368695,0.16814409447452594,0.08979603260581337,0.09637743482864347,0.11871781028843996
0.10022311107634559,0.08033669207666123,0.12022286835678515,0.1026529376810974,0.11156022239247809,0.17288496975369458,0.0936347923295646,0.10354760999256646,0.11493679634080695
0.1321140441421147,0.07207373530485599,0.15682140297161928,0.14641032839740878,0.10336282320707842,0.12673505912743024,0.08017677284327634,0.03982502157312596,0.1424808124330903
0.12408814593718205,0.050315321560869763,0.1330013124268545,0.13017715499582055,0.1048328352844151,0.13954557638224696,0.07255568442488929,0.10331163294380286,0.14217233604391885
0.15304854118257005,0.04900193969055432,0.15249844529080306,0.20652114362433585,0.08165009816425593,0.09199365789520601,0.06703444184752455,0.02992454901390203,0.1683271832908482
