0.14134831444905904,0.08084709508272982,0.14485148012383892,0.10216323261326798,0.08552878351153803,0.1088365686438787,0.06276474781771524,0.1031243821730257,0.17053539558494657
0.11114258718660337,0.15104573680184016,0.14494141022362447,0.08883043858469024,0.09066650845679086,0.06906683022568684,0.11585061898589105,0.13015264430921525,0.0983032252256578
0.14033512928509304,0.08961901892166223,0.11936018675859168,0.0897727451001311,0.1265498232132692,0.12008030164728428,0.0810824480409964,0.10051802578648515,0.13268232124648702
0.14842947730802727,0.0790946330430603,0.14328180990754757,0.10007602868435396,0.10720559749848589,0.11517101475356535,0.07574372724393012,0.10960931974625099,0.1213883918147785
0.1382451677019025,0.09132480124749226,0.1811659971008932,0.09363745911720911,0.0873820165216878,0.08404615988241444,0.07386491171515913,0.11169030848222043,0.1386431782310211
0.044507501488263525,0.2581283581744999,0.00836901825813116,0.04246477138834539,0.20344501942739182,0.086924578597857,0.13860696613712128,0.07850319692468871,0.13905058960370112
0.08185809513223352,0.1763580314998635,0.0323607085029106,0.0656981800961822,0.11806172555880018,0.08589480380757941,0.0821999431327931,0.08401594278795203,0.2735525694816854
0.14442464540657815,0.08627934648439657,0.13436651731327956,0.0811833715130411,0.11544590626916153,0.10641856940815925,0.07053450539885815,0.09544825469136803,0.16589888351515766
0.11888751282816921,0.07255874511021139,0.18227723872777288,0.10622019425196927,0.03075184404039125,0.0712066962624624,0.03146801180284297,0.08673451707740389,0.2998952398987767
0.12141884174271228,0.07479283694488449,0.1566389819398099,0.17816593086346053,0.05515794568290264,0.11130765551915367,0.06385454256811825,0.13094678682624986,0.1077164779127084
0.1451943923878434,0.09493990060343453,0.1608152055202057,0.061830002832784225,0.15651297428005193,0.08332854113047503,0.08690076381030516,0.0897131353984728,0.1207650840364272
0.09761872079244531,0.10078122205502334,0.1010478364924815,0.17562381786644496,0.030711324328739645,0.08178899107935877,0.04281220702988033,0.10720726551278421,0.2624086148428419
0.031232349695547862,0.32736893103087067,0.011822269843904451,0.1215938892733608,0.031032241672991862,0.08315411641647641,0.08145871163455007,0.10338272359857288,0.20895476683372505
0.13747562093299492,0.09950555379935937,0.18493081588041435,0.06248902254802927,0.117807041875434,0.07549857116481308,0.07320404631145754,0.0871425192411776,0.16194680824631993
0.03257219753138221,0.23320124455242827,0.03847061044386985,0.24500437031152167,0.06020370611392872,0.09329118621550019,0.13136803129191132,0.1244334814973073,0.04145517204215043
0.06206724243277267,0.26306958106885686,0.06143114541294581,0.04552575474315528,0.14094375830245964,0.061145996889495076,0.21667232299904263,0.10837200978857142,0.040772188362700586
0.09297753562243727,0.14148042725864543,0.05477676416733929,0.06930796137800245,0.08028856439852163,0.07859285244248987,0.059464499387643054,0.07947826152790502,0.34363313381701605
0.07957211508559507,0.09853967790853897,0.10704877933383376,0.230636039012888,0.06642442488130348,0.12985156808386125,0.10331876505322495,0.14522255364030137,0.039386077000453046
0.11243307436300397,0.11619615015135036,0.08475960314721014,0.08110927784277877,0.08159530135515833,0.08718675877757026,0.05838685760347301,0.08801875357162035,0.2903142231878347
0.12246091863071475,0.09869325189515708,0.12216641480761174,0.06683084996771195,0.0812020284724063,0.08037119690515994,0.05096805855478922,0.077875040587865,0.2994322401785841
0.08939732654222037,0.15782648917696462,0.060180985866555424,0.16355738019086064,0.06968997485659977,0.10396054155269051,0.08329332488318274,0.12025968154244338,0.15183429538848256
0.12086117205844608,0.07662191955719451,0.14437808409346328,0.172382605022954,0.04749959818066298,0.11037456584875467,0.052474176123392315,0.11526582002188912,0.16014205909324306
0.13931580705292382,0.08108483564931902,0.1305684025269598,0.11120479208875321,0.12488505145947888,0.12174905683737451,0.09956373143218866,0.12253010175459374,0.06909822119840836
0.09155618547722962,0.109653702674943,0.2200931153769731,0.05907315100392829,0.023210972248818417,0.05091645217086834,0.026631243994905133,0.06004674314871874,0.35881843390361534
0.14137907507036332,0.08457963017380242,0.1413649983156006,0.10921601249681673,0.11517194728608775,0.10860462308473166,0.09500443636694898,0.12499542484417825,0.07968385236147024
0.08550119028779346,0.1562941223428224,0.0324015353138538,0.04441634439735029,0.20942816347919388,0.08413070881967939,0.09684973200654019,0.0658582873340548,0.2251199160187118
0.024229096510388095,0.28257461129420297,0.0035147224612639,0.030546104874719687,0.2569607173175417,0.0826849191139931,0.1846664183313019,0.07109349332559385,0.06372991677099474
0.09421546068048343,0.13138538296172966,0.07216792603059646,0.1573117970352798,0.04759552584702851,0.08979479081274984,0.058801345623714064,0.11169863093111394,0.23702914007730422
0.06678275159494565,0.10638383402427232,0.10608812503478184,0.2544222472292605,0.05842639185810463,0.1290434124890762,0.10262859102185978,0.14056453972129257,0.035660107026406415
0.1318859792088745,0.1134213921211793,0.18324834716504912,0.06427370472328851,0.11710122932121614,0.0717018526356576,0.08289849726321473,0.09399946247519415,0.141469535086326
0.10607653288856388,0.0848603220307998,0.12087288783444901,0.19397434795415983,0.07507714471106183,0.13573941064648215,0.09121173050039687,0.1363913169661323,0.05579630646795435
0.1384214117180515,0.08947423484012638,0.12945494975518518,0.08303871225766984,0.10006538617813127,0.10177417628639633,0.06391283931257907,0.09368087526109874,0.20017741439076167
0.12227389906368764,0.07883737923666673,0.14060338980848913,0.17139076172056736,0.06348194029494005,0.12669914018215417,0.06705402049811478,0.12042158340927844,0.10923788578610157
0.004686227371617369,0.42268875906310505,0.0005467367128512677,0.025622835033997916,0.02294471827951851,0.09500195022588952,0.10170735029479616,0.048802243579175515,0.2779991794390488
0.13902045030302615,0.08045410809540485,0.11726934535220795,0.09603737958328944,0.15565562852806183,0.12655819737042925,0.10986520851868631,0.11443114754154127,0.06070853470735288
0.11391695390601363,0.08327708159270299,0.12903609667632618,0.1919075987422925,0.06356397638162141,0.13163305475480605,0.07391675847342315,0.12631436285278427,0.08643411662002981
0.09135784504518145,0.15411623169948677,0.06156592771116498,0.15346277971210082,0.09580948487569478,0.11769636308113739,0.10253180209978506,0.12048132165124097,0.10297824412420775
0.1163420613620934,0.08188562794717379,0.12943453543287384,0.17382259002033276,0.07886965027138869,0.1378490701664468,0.08488898856496474,0.12704434825246483,0.06986312798226117
0.13134265397746614,0.08209037786090727,0.11114428977426505,0.10815014652441512,0.14672531646891382,0.12827770171717556,0.11719300962741715,0.1232946705456055,0.05178183350383438
0.1243359634047797,0.07379548514943084,0.14795483142907517,0.17602618014969484,0.05301616199684292,0.11651441667766997,0.05803466702142627,0.12228733637087714,0.12803495780020316
0.14139674511994763,0.09010876383050763,0.13743942898787417,0.09773340022362464,0.1303907080047414,0.10054263570656935,0.10412007303813146,0.12383717719555935,0.07443106789304428
0.10760283731337074,0.08619556754141866,0.11781022087998233,0.17495933070743405,0.08854817670296715,0.14326885697604658,0.09873388321341386,0.12923499347088444,0.053646133194482214
0.10488630424600058,0.11833110747599519,0.05333946602747231,0.07850739457793444,0.2175222290041131,0.12688946198590256,0.13497112487259877,0.09913568798032642,0.06641722382965658
0.05206512858027735,0.20701817444091034,0.04712721137737058,0.26969830931327915,0.03353422583097644,0.08913127682055429,0.08181325641201272,0.12960014541944656,0.09001227180517246
0.1326878580278106,0.09121186503166982,0.14434495644152212,0.06466754027499083,0.09038959247783013,0.08132975261230396,0.053265465480056805,0.07928973668991139,0.2628132329639044
0.14816645942335985,0.08343606435829069,0.16494461581187372,0.07500961971319137,0.1066135735824207,0.0911382293686334,0.06609376206547292,0.09415137948997004,0.1704462961867873
0.14662472388333356,0.07918683273973094,0.17035456377573166,0.09592557242911182,0.09022733667146458,0.09768708115888747,0.0672141977081075,0.10735011473421846,0.14542957689941408
0.11289382318126795,0.08905156243873497,0.11947118806469725,0.1869818915753537,0.06861165775590597,0.13332515020250527,0.07829842837132883,0.1251374403191597,0.08622885809104643
0.14367265389349793,0.08033795189571581,0.14058378407825553,0.10595732809887093,0.09832602607480923,0.11809237495383425,0.07209216184513902,0.10810704336055336,0.13283067579932392
0.06902762672038983,0.15172287279639465,0.06970677916610503,0.2649437667812503,0.04709574006933542,0.10553838311037034,0.0878730890885423,0.13301624117051628,0.07107550109709583
0.12861958894005746,0.07976126312888103,0.13070100118272557,0.14858176278440696,0.09228855327256935,0.12941161903578524,0.08928072708841134,0.13086211268505787,0.07049337188210517
0.12989193006793956,0.11288955435528536,0.18260856206054732,0.05591144666371226,0.14060912460346556,0.07150322679960593,0.08438160719530907,0.08292849404180391,0.139276054212331
0.10577433058558679,0.13529443294115348,0.07141209134738881,0.11664531290946982,0.08897250402779572,0.10528642099709584,0.07786975194600992,0.10740382109433753,0.19134133415116206
0.1505116680946562,0.08005378738449588,0.15552827515422415,0.08756836674557694,0.10661979267615855,0.10276209027625872,0.07077428121221074,0.10326349131372975,0.14291824714268905
0.14882490123223213,0.08070719099958816,0.15685315214047577,0.09068608888010199,0.11627989798634786,0.1059739307522206,0.07985332161391172,0.10717496824107582,0.11364654815404596
0.13697127034846654,0.0856615579595426,0.1587433169185431,0.0702327498381317,0.08379471293587637,0.08299067559891563,0.05247150377631874,0.08383810322378121,0.2452961094004241
0.14321132257563363,0.08528948397542273,0.1829201173069145,0.07585192133632324,0.09359303633629672,0.08369540197581259,0.06314859120907367,0.09414294824361903,0.1781471770409039
0.07163402518532654,0.15787901617049302,0.042797733262278426,0.04905070385496015,0.06421308193573351,0.06888150125095148,0.05111871454634174,0.0574448869875878,0.4369803368063274
0.13475984065762436,0.0712994951960178,0.17737658118460523,0.13035463830441876,0.05522187806021681,0.09678588322826752,0.05229303324694531,0.11246480370074514,0.16944384642115914
0.1343355860188329,0.0849427563922389,0.14527082250294646,0.08488859486855271,0.07487965197812299,0.09130915434669068,0.052171319331941524,0.09051881129165405,0.24168330326901977
0.11680141396791259,0.07960930858641939,0.13583907990800945,0.18102484682608633,0.043001720159559116,0.10600257921288551,0.05039275343881385,0.11598663100587775,0.17134166689443606
0.11862887013429162,0.09766083169872548,0.18175657797819048,0.05284181977366634,0.07730253176210967,0.0663135808901226,0.04677587161734714,0.06604130545054986,0.29267861069499684
0.10024933457942185,0.09238670672144576,0.11605187701342783,0.19341795216390442,0.030998661179592563,0.08852664641346379,0.04378259405755277,0.11024840348197558,0.22433782438921557
0.125456941408398,0.09746775033637256,0.1111317614705989,0.11807441748652077,0.07717103040069147,0.10907073412738683,0.06416631889672852,0.10610393324522062,0.1913571126280823
0.0653243314915047,0.1721602603842991,0.05910292687993132,0.24612015665472584,0.053742190074720315,0.10432134731411934,0.09615758366779449,0.1304780619668693,0.0725931415660356
0.06462754349269818,0.13024184217925333,0.0759511857340654,0.2260752165155968,0.014550703799016832,0.06586491150506525,0.038271510956812804,0.10453790802438623,0.27987917779310506
0.12240479373144648,0.09484417862000394,0.09122947309669072,0.07309327746998517,0.21697280521627707,0.0908020344827807,0.15719303984278302,0.11431488218375228,0.03914551535628063
0.1232568771548011,0.08864964643853175,0.14654645676627673,0.07427514107823223,0.05703569056635441,0.07514489412973722,0.04185528277551579,0.08004737955540624,0.31318863153514453
0.12937157402241325,0.08822884281002426,0.12246259360697176,0.13658663496984294,0.0810159487700808,0.124337420489592,0.07172059058423809,0.11435985340068082,0.13191654134615613
0.09254618618628319,0.11623885353268022,0.08527339014303909,0.1805649435396777,0.09315644869254065,0.13884336157847404,0.11004471157088519,0.12449289715318372,0.058839207603236236
0.11275943588928122,0.11757554293287538,0.12124302849715789,0.03691129684449768,0.2740018118156917,0.07060506123012818,0.10633466354195771,0.05902065834608607,0.10154850090232408
0.02972647678415266,0.33558453261788296,0.01652776618537272,0.1875399549275092,0.03855010037705226,0.08622671400542166,0.09912955421820058,0.11705473490000595,0.08966016598440207
0.09925744966865586,0.1806520616049312,0.15207654478019572,0.05408538640258695,0.13602152545845073,0.06472008621628478,0.12586224669883,0.0941590190304164,0.09316568013964827
0.1265843944059938,0.09473139915313289,0.07403725485012815,0.0719652888110849,0.22041568315951707,0.1265025357054779,0.12059386993906428,0.09563866800853237,0.06953090596706864
0.13041279838941358,0.09967008892487438,0.11726002630680622,0.06154907064526909,0.12020305989364789,0.08781414455538054,0.06358338849789012,0.07823919102422154,0.2412682317624967
0.0890418569723561,0.13061122640006695,0.07596337988623418,0.18181155364135693,0.09110779523787625,0.1312707809310056,0.10942410240954777,0.12440375783481254,0.06636554668674376
0.14618777578412914,0.08334506190466505,0.1409413970543769,0.09590333705722558,0.13074218044882074,0.10834983538291111,0.0957963442000956,0.11721632871829261,0.08151773944948325
0.09416690006044526,0.1351867503761978,0.07567862971713647,0.1680684832499065,0.05378509099929679,0.09793813924308091,0.06673463887846735,0.11465180714228064,0.1937895603331883
0.08093079928687771,0.18526637331654436,0.0450405765479977,0.15082120622325787,0.08049028029677663,0.10208123247241833,0.09429178690416218,0.12162560375623695,0.1394521411957282
0.10847095034196087,0.09474509462872827,0.11224770279928155,0.18480958232022693,0.07523488875897898,0.13726234151783678,0.08595007541050807,0.1241511681835429,0.07712819603893561
0.10554428800617836,0.1476213436704609,0.2053883024797657,0.05532258309369911,0.09749387669344518,0.06298923537167254,0.08175663052942377,0.08216104399492768,0.1617226961604269
0.1426936388132043,0.0850510679009913,0.15247208205834306,0.07342880024984262,0.10192446360954488,0.09292895237930786,0.06135449488205872,0.08860913910045753,0.20153736100624978
0.10790315671736811,0.10904858021276044,0.0962537837430782,0.1494294188667683,0.05307930593300589,0.09780171360900647,0.05729128778867502,0.10956596865659703,0.2196267844727405
0.10857101393445079,0.15377138111217703,0.10413831911352849,0.06222774864861028,0.174469780250623,0.06629440740535587,0.16138833694549606,0.11475709463247614,0.05438191795728239
0.1344250885741155,0.07305728820403393,0.18441923537578989,0.10123073806449155,0.05304496979401444,0.08488241238096665,0.044657780022523796,0.09646587726397553,0.2278166103200888
0.14266331591146467,0.07803078986787837,0.17777774929178872,0.0887079795077979,0.07684840928624188,0.09012295998078179,0.05593005199722853,0.09754486664232254,0.19237387751449556
0.024595365154756316,0.23030331108745491,0.01417030924936478,0.11966169765587892,0.006581248613141727,0.0736250288569869,0.04629618034235105,0.0737699498737045,0.41099690916636084
0.10010551747853781,0.10813865583418276,0.07507620883388348,0.0868590461165042,0.1938384466095888,0.09194263912895602,0.1859062719704271,0.1276863234750417,0.030446890552878136
0.1409769118708409,0.07439666855480452,0.15623155819098714,0.12569655163900034,0.07266028384519509,0.11074719016901728,0.062105019966510744,0.11469699278473337,0.14248882297891052
0.08288517646595964,0.18300675601775596,0.04639354809138596,0.14153959181623174,0.08592556964870633,0.10308359296666607,0.09516420345671893,0.11863593985522321,0.14336562168135222
0.12246061204916618,0.0655348267770857,0.1856414153381283,0.15491073494214888,0.033831973473828325,0.08541167039347212,0.0398369377737507,0.11194840895735164,0.2004234202950682
0.12647057991049804,0.09700886282111516,0.10584565058303035,0.12827820883024701,0.10046611535323713,0.13046210701153488,0.08444517247890382,0.11454408120077364,0.1124792218106599
0.04211822924000864,0.19317598466109195,0.024297922773811487,0.06963494195097959,0.013037376237821372,0.06837407916044423,0.04131125926979223,0.06301528275663025,0.48503492394942027
0.12615659832447598,0.07651414112021031,0.1487217666718146,0.16808968997724227,0.06507700729600097,0.11554665896325367,0.07073087389868855,0.13282015405741707,0.09634310969089661
0.13595626402791658,0.07922745301297816,0.1296014270871083,0.13055666074456432,0.10297222019475326,0.13143272805179876,0.0883021197709619,0.12325350196941216,0.07869762514050654
0.14673928588054316,0.0805690225942197,0.1589676701526934,0.08453961289117762,0.10324519433452128,0.10210757529847718,0.06711164893121453,0.0974255037783504,0.15929448613880273
0.09482853051179248,0.13055458281054322,0.08166392317606135,0.19311071467029362,0.06454829150862558,0.11526144183400644,0.08228395384982823,0.12314914636526582,0.1145994152735833
0.0482379730663347,0.28395829834730657,0.03690510760257398,0.05180986016902899,0.11109535579515094,0.05879103396400679,0.25082274874133537,0.13074836177614071,0.027631260538121826
0.10675713904165553,0.09289492289135176,0.1848000566996578,0.06568341198108607,0.03407153347470021,0.059308834038685115,0.030912256115593367,0.06740598738820387,0.35816585836906634
0.15025523119309062,0.08115658231612181,0.1276328937890079,0.08163146205074799,0.1578190768506016,0.11472633615578694,0.09584322570855919,0.10510791158910986,0.08582728034697412
0.12826292151546567,0.12088152802783068,0.17596605858063374,0.06303296710065313,0.1324049253623367,0.0712302401400322,0.09476873676863623,0.09531725984857715,0.1181353626558345
0.12008603243886719,0.08479472311570746,0.10912119559973617,0.13384309100097563,0.12093988624102947,0.1448743962017104,0.10909339606981457,0.12281415797586777,0.054433121356291296
0.14533682737910494,0.08190802008962537,0.1447925215945414,0.09844714249943252,0.12507218197403722,0.11127598526190867,0.09211673313301115,0.11561359011046522,0.08543699795787353
0.05362776838098094,0.24427161546262757,0.014631770854507028,0.06440735196203316,0.09490219056833976,0.08424288173351731,0.09107161793177754,0.08699326316934458,0.2658515399368721
0.10283708471866267,0.1561657408024962,0.09194854083792621,0.09049220340632291,0.12540813747023066,0.07065553751218355,0.16601037649461436,0.14619504804413166,0.05028733071343174
0.11454793906955398,0.09429852608834383,0.11779972989343727,0.10863804888783775,0.047448793637880966,0.08331652794540716,0.04411788576888556,0.09350740495494048,0.29632514375371305
0.13691389584094651,0.07181226901578812,0.1734392984514916,0.12008537348320232,0.05812010669177083,0.09760427858495158,0.05106619179933248,0.10694010231685973,0.1840184838156568
0.13580434771353958,0.08151828681578838,0.19262660390727773,0.07763826163178433,0.06870748441821566,0.07776761185646781,0.05020561914499241,0.08877205021254969,0.22695973429938432
0.11874319885210045,0.06620054955232489,0.1728853623544407,0.15401620985152906,0.030431088318828348,0.08562809995410481,0.0352410655991576,0.10286500740777378,0.2339894181097403
0.13809990489980786,0.0837763265824496,0.13539310188485754,0.10853997183095172,0.08499743554404506,0.11270051434564125,0.0645943281042065,0.10518657588217135,0.1667118409258691
0.09469889600439337,0.09413380049009139,0.09883643946065575,0.17127817596855335,0.10277388043681474,0.14768912852410396,0.11950214370549879,0.12962578000943123,0.04146175540045752
0.05565345476103963,0.12256942679869913,0.1080433290755806,0.30928353430757904,0.03551609569845125,0.10967805568023004,0.08210525258119743,0.13594639404167227,0.04120445705555056
