0.09886830747100024,0.11916459494131691,0.06161525130022385,0.122927168092915,0.1326912356984505,0.09105986563900208,0.15379295348537914,0.10741103840861449,0.11246958496309785
0.14115920714817656,0.08441200476618375,0.039809744138739854,0.12723936193942614,0.12030152346414162,0.09651994111241731,0.15528416363834277,0.13103331593076253,0.10424073786180947
0.13868427666269673,0.11922703579955092,0.08431708837080187,0.12050800713769265,0.1344372829476752,0.09121279546605322,0.1222479462455084,0.08215389320678747,0.10721167416323356
0.17871018695796978,0.08360061624004446,0.13281792101846357,0.10302234439755716,0.14023127279218986,0.06886320789382878,0.11671588413475398,0.0755321409390255,0.10050642562616689
0.15080324871268272,0.12735595631662647,0.04822120124667256,0.14588779111689454,0.1039964885826495,0.07677764506795358,0.14915397489862012,0.06775582493989153,0.13004786911800903
0.11625600160340362,0.05930848542463076,0.02793129239994061,0.09975773259763686,0.18366392383303132,0.1274514818315089,0.14578373648292434,0.09188724387437147,0.14796010195255221
0.14437801586952317,0.11756481668394898,0.032053323688824666,0.12720850137508152,0.06521297404653502,0.1017652357434402,0.1677402917088098,0.1510162286179648,0.09306061226587192
0.11191807647490332,0.12767172970469048,0.07517000743201163,0.16455374805084858,0.08007589239857642,0.09091631876056218,0.1389394990850844,0.09428552988960222,0.11646919820372081
0.10551237207213897,0.12856360711219608,0.05972799726828134,0.1728061370337122,0.12116601692176358,0.0812332266067974,0.12056396478717761,0.11613102281324272,0.09429565538469013
0.0917625062436755,0.07434120592535386,0.3076764893194342,0.08255907072959975,0.06911071643807003,0.09557630471125926,0.10698653115699958,0.06646720267652138,0.10551997279908648
0.11379246184994334,0.11161473684974393,0.09360066989760225,0.08822424049593375,0.0981981827895797,0.14446817948647428,0.11762376695455679,0.14587280536820654,0.0866049563079595
0.09293567783415109,0.12131624726118236,0.14413271337539305,0.10762064320155378,0.07844669232199494,0.08327944701828496,0.09147396386288557,0.18113069330417994,0.0996639218203743
0.10402683449749761,0.09611279612833311,0.048664287437571084,0.15447017965756152,0.1902883700002763,0.08485774876425793,0.10410223133707226,0.11400551063371722,0.10347204154371292
0.1093873249827979,0.14120208336261528,0.04656415460713829,0.1616941954838973,0.03951903667257995,0.14968862637440863,0.11251859465931167,0.1310378940290034,0.10838808982824759
0.10493541235059012,0.06771036595517099,0.2523123073554087,0.13166671485442483,0.03620114384277343,0.1064228451226185,0.14064005496899734,0.049365332046390355,0.11074582350362576
0.1171329992485779,0.08829156741248952,0.04858472085734906,0.17887972070278427,0.09906608930832783,0.08749220814855764,0.12024652466485651,0.12473119348157753,0.13557497617547973
0.16227141001528764,0.12147650147061323,0.06914814166394621,0.14348847037069465,0.07680360620547742,0.08160479027989768,0.14455937861540544,0.10117569996672217,0.09947200141195552
0.15882928754222,0.09728018688163849,0.04730164966692738,0.10898488457802968,0.20482097662740115,0.06427483262476698,0.12559016243623683,0.10011335600033118,0.09280466364244831
0.08987726391723679,0.05332130144994048,0.057965023195750025,0.13442309252296047,0.19154113728350938,0.13474760166740632,0.13041906956244728,0.13285227380055653,0.0748532366001927
0.08670742801975774,0.06557077017264257,0.027744999200438287,0.12992995949154165,0.2939227320465841,0.07872809760868098,0.10556777011193857,0.1356907209561628,0.07613752239225328
0.11863177825775122,0.08074393103941364,0.026880625758261365,0.09837107218560016,0.293636267001034,0.1035085368015017,0.09940307309340164,0.06660000568950865,0.1122247101735276
0.08560484673716699,0.12949196734267965,0.06673891741097031,0.11455084608240744,0.17782933730740721,0.13585277897195094,0.13108321819213065,0.07156675138646944,0.08728133656881747
0.10065974229120007,0.10142182187089999,0.05325575253749382,0.11179096705042009,0.19170399339384817,0.10685654601393896,0.11253367926368014,0.12233410732485729,0.09944339025366149
0.08291257639505223,0.08560901528900683,0.04622902932186109,0.21483901709237915,0.05348049139688301,0.16358157582062105,0.11203195719254833,0.15846682001040288,0.08284951748124543
0.13892548374104538,0.09794896629310051,0.0526126730183803,0.10627833216034517,0.13352109182840285,0.08882304851670364,0.13319182542770389,0.10624769478650826,0.14245088422781005
0.12724793370380053,0.12258949292159523,0.062361407376190774,0.16078709688038226,0.032983344690780216,0.1033041144252404,0.16967783322768815,0.11706167609623995,0.10398710067808252
0.0937084682660164,0.10983791142775028,0.056031620409818204,0.12355646961389322,0.17816636134823804,0.09919199088707327,0.10760141857251658,0.09728932569729964,0.13461643377739438
0.13305289956402003,0.12684450152480098,0.08704803240587082,0.16737626909093806,0.05806729725937812,0.08404034576237344,0.14208330004029587,0.10322508111850094,0.09826227323382179
0.12589737464688888,0.0818732904647853,0.03900482828446455,0.13541285661096647,0.06493215205107981,0.09093602072942376,0.17686925672323486,0.13360078666887404,0.15147343382028233
0.08161292639279405,0.2134144253151009,0.05275052732520224,0.11846024517371516,0.12686806181743923,0.10414358387835816,0.12452759225420727,0.09695497057555735,0.08126766726762562
0.20492030144485526,0.07339662750973017,0.03167674656922031,0.14778083451894486,0.1152544760801429,0.09466505191981944,0.12548244455250332,0.09690974195303474,0.1099137754517489
0.13018401068875637,0.0820593160629214,0.03700971222566999,0.11861640594379719,0.16498996688147968,0.09343439694332689,0.14693932443508162,0.08735242903947282,0.13941443777949405
0.09831847766489911,0.09291777541391488,0.04102245504680562,0.15166421663881138,0.15681458310170474,0.12972513644026903,0.10054998995969332,0.12004065800585258,0.10894670772804936
0.12625028476276762,0.06840196852656703,0.026738972349254136,0.11998574923595125,0.12994492852515235,0.1858686805544679,0.09812101598070544,0.12245043716731403,0.1222379628978203
0.07536035515351454,0.058763951914092304,0.06242296213037665,0.10500318226250031,0.1605776864758994,0.2339633406796918,0.0814969764871101,0.11649458044406717,0.10591696445274772
0.1014307059110447,0.06642833035599773,0.020348047020846922,0.12423887659302907,0.31441854713359624,0.0766957909934317,0.08431852261667831,0.12263515358040551,0.0894860257949699
0.10718218390124738,0.07290280276223002,0.066496771708824,0.1601284128118835,0.14674933271224214,0.07554634164275321,0.15398988854242077,0.09092530806747674,0.12607895785092224
0.12552020306313003,0.16046003554315919,0.046397472724379975,0.11196871896086968,0.08384610835897462,0.0969374563450746,0.1504760137916639,0.08531672058819322,0.1390772706245548
0.09583468216200954,0.17276947286438094,0.10670173049801472,0.13746950174650127,0.04075578500804398,0.13212277221247207,0.11273234412946868,0.1012273573104265,0.10038635406868224
0.16589356189377305,0.1416746902292294,0.05568744087511274,0.10943543238207286,0.09143826775569054,0.10765166501806694,0.16558304060655007,0.07996559494225806,0.08267030629724635
0.12261888868649834,0.18780797065970042,0.06297882794195378,0.11609035399646363,0.08095434319984944,0.11154998605915371,0.1354308105056499,0.058133345586337766,0.12443547336439308
0.10308352484212531,0.1265585404956082,0.042379464506736526,0.15684369695754719,0.03703075096190784,0.18187550413207088,0.1176116476849272,0.09872338967621735,0.13589348074285953
0.12074853044674505,0.1084281427579575,0.06361400893404862,0.10962473902186609,0.04815045296774775,0.14097995775099637,0.14238484005404853,0.14206666984297564,0.12400265822361445
0.10419372091943928,0.0757941718840041,0.049146809376145933,0.10199137225761767,0.2417116919528933,0.10070996888477558,0.10344976644809334,0.09391288809300637,0.12908961018402434
0.10782189724409197,0.13841719195432103,0.042782046840861704,0.18374223721349003,0.060202244475501876,0.11874462964562686,0.12173544069532993,0.11246127731930211,0.11409303461147437
0.07567962786799397,0.11648641918246692,0.21480291827475673,0.10449506091270998,0.11977756766544144,0.07210228788049008,0.0804860755170425,0.13277152639272063,0.08339851630637783
0.13864659436846707,0.09549774032539725,0.04289498293294092,0.09501632738970528,0.16109533047148689,0.1644370923799743,0.09373632851372683,0.094860318429492,0.11381528518880935
0.11253564499030722,0.08735420802552069,0.026620535589183255,0.12616105512117243,0.17868311409850193,0.11533513549522723,0.11984761144969573,0.11154787998371041,0.12191481524668109
0.07566689551662642,0.14439037626162773,0.0555654348180472,0.22436616387841582,0.11503492952064008,0.08535977248969472,0.11970898357997896,0.10075395176170802,0.079153492173261
0.07164393996981257,0.13282860801957044,0.09360825117210936,0.14612839172616957,0.2078920800324852,0.06409126471020428,0.07581157969582472,0.11780562502513314,0.09019025964869078
0.1028616916163529,0.05594211530522111,0.06393616946688918,0.12714826349211156,0.17542423612907912,0.10140998093587394,0.11489659221831539,0.17757929964849672,0.08080165118766001
0.1537096198800039,0.09994614859853485,0.08955838602911616,0.13258850928561214,0.12179346543274493,0.08346706712350777,0.12360395478343217,0.08032905627646797,0.11500379259058013
0.09919745927199379,0.15564416260679032,0.024519752487756938,0.06693062370454099,0.15808897387032758,0.07238771909139285,0.19671731887601349,0.134428988205367,0.09208500188581703
0.125834584042388,0.06086876301803015,0.0778192216514692,0.08921230822304622,0.17952682773460574,0.07589314823383657,0.11783435458857405,0.1587790788871423,0.11423171362090767
0.2015781069865993,0.1123076632008827,0.027404444165851444,0.1556620170924409,0.09840105257951735,0.10556336792629306,0.10729101026580717,0.10801471260648017,0.08377762517612784
0.17677645800509623,0.18651419288936213,0.0954906961276093,0.08477190611412128,0.024979095159017,0.0825273890092627,0.16266106046577689,0.09281060489735482,0.09346859733239972
0.08864365605247722,0.11278776899524935,0.11350257204156329,0.08554047963172189,0.15670107740295589,0.0886668169459169,0.0862294698693099,0.1471538614596839,0.12077429760112156
0.1575268163612661,0.2104665040627169,0.03483794052390584,0.11116108203697317,0.10962791499145234,0.09415420657932644,0.12942836778664468,0.06978101133279908,0.08301615632491546
0.11648752451907125,0.18263870448742647,0.03002274325860851,0.12684754155400507,0.11993163087406584,0.08529675780197081,0.10654188942157224,0.11362293955618018,0.11861026852709962
0.0969802840453663,0.0938939821252246,0.11083879155411354,0.11186805742208328,0.13673728380621883,0.05965820329399504,0.08942835238734981,0.18608391416448541,0.11451113120116323
0.09267408147089073,0.16442136261391127,0.057825242331333064,0.10456850989827089,0.05125127201799456,0.09876784314872018,0.12799751033801393,0.18167093204346152,0.12082324613740375
0.09440002174943281,0.18599022177133032,0.024877114822901492,0.15090918560133845,0.06993184591938639,0.16517271651929263,0.14153505954907328,0.07036962910589481,0.09681420496134985
0.12430244374303394,0.09899703437033393,0.07192252107264553,0.11078501736837154,0.22794587461349358,0.07683372720776699,0.11733819160095012,0.07001623415256193,0.10185895587084255
0.05262392473661554,0.08695819774073803,0.26843559135490136,0.06350166147377818,0.12788586523879475,0.06101998143455687,0.07287608708909264,0.13897007974930467,0.1277286111822179
0.1160296797290792,0.09272747930202879,0.024910837582334918,0.11394202931947299,0.1525043417279772,0.1283875113776732,0.10472604518400525,0.1354943871989249,0.13127768857850353
0.08692239711959417,0.09498129435339701,0.08738550282236733,0.1289389903712658,0.022295007643720912,0.234337226194772,0.1302105421668858,0.12804012636226023,0.08688891296573664
0.06728378994770462,0.057283381462893336,0.08237979580124419,0.1015734821154899,0.27878355821308004,0.05911505524469959,0.08909902141139979,0.18581913203052233,0.07866278377296619
0.09943681917159784,0.11724428781718106,0.07171626006986108,0.16524339186352496,0.08613523058769716,0.1772494849481231,0.0804580444064835,0.12937771020518055,0.07313877093035075
0.12653386111570142,0.094949621313572,0.0663391033963427,0.1262690021705619,0.1133553358876145,0.132818057240768,0.10475482839565564,0.13337468948319234,0.10160550099659155
0.09357354393778279,0.18061408925928393,0.07518133880129912,0.10336689578395941,0.12001000497176345,0.10943546678135858,0.11982759345581438,0.10720029762754113,0.09079076938119714
0.12987073066913257,0.11427246118008531,0.03029665223399664,0.11977458948461928,0.1185756712053142,0.10208585493475351,0.13221492772490873,0.11957742925679109,0.13333168331039877
0.13700853006358846,0.11353653616854491,0.03736891864864433,0.12659765430349598,0.04967855823205533,0.10474495062970966,0.1820778562697851,0.13125949093507258,0.11772750474910376
0.11792284316928658,0.11709045019437603,0.1078861267084291,0.10617082129090338,0.10906518224182749,0.09271121179333038,0.15867562530979004,0.07618284988562302,0.11429488940643394
0.08812823916915753,0.1192136786382638,0.12573841439852104,0.05373644210551673,0.1779775550035532,0.06709474593921855,0.08237486525029408,0.17606872413723154,0.10966733535824352
0.16119056201152518,0.08763404065194762,0.2166868535318256,0.08914946899637638,0.03906112779364864,0.09013378101597676,0.11614239067329245,0.09173217656735431,0.10826959875805305
0.09567694763432248,0.09220734914976919,0.09130330786778373,0.14059173729881255,0.10105068375979263,0.10980741811857636,0.12357268933488925,0.1727870335555751,0.0730028332804788
0.0983546162327102,0.14900067658268415,0.04178742370359437,0.14108599662341817,0.17886624608256366,0.09429471085912337,0.12566839160667886,0.06658780937655386,0.1043541289326733
0.08759483889103183,0.13780602701628683,0.04459013003892792,0.14220593174096308,0.03931114619607489,0.19255019813114602,0.1564175327797694,0.12537632830024611,0.07414786690555383
0.10058402286980629,0.05533650277330145,0.12472245352917395,0.09833545661293379,0.14746560642123405,0.14062495022006868,0.10647344587248293,0.12461282738661157,0.10184473431438727
0.13863999298692375,0.11770257428653254,0.04831033034181162,0.14685186818203486,0.13870755601213466,0.09607786151272463,0.11147590727058403,0.06546968758064413,0.13676422182660977
0.1369824066321238,0.07656141416613636,0.17181313251394617,0.1270250472483719,0.10329444336514264,0.09948384654928939,0.10967233954344797,0.07327578313167919,0.10189158684986244
0.126875979976687,0.07680231987659046,0.04024011722301753,0.11936359232035067,0.1057992860020528,0.1933386402235763,0.1151496912077103,0.08715994311924552,0.1352704300507694
0.08135055020315986,0.11083919855512625,0.24412349126054114,0.06850482239371986,0.06983821594785283,0.10430168814551417,0.07408935146362557,0.16662759049693068,0.08032509153352964
0.08342967219259921,0.10761807745710789,0.1791427357075813,0.12093200129837624,0.21574519727287414,0.060319633817256364,0.08884169739722651,0.06695722952573399,0.07701375533124441
0.13071942459349614,0.08054339210776867,0.1451433032315486,0.08262681577882793,0.05634573259464721,0.1138480796111558,0.17241772385059093,0.14700956573036866,0.07134596250159597
0.12190320756133716,0.07783768998388392,0.04200570707773039,0.1414495962316183,0.19599555196236404,0.14724910710872954,0.08974363456150203,0.07130523728638087,0.11251026822645376
0.0985927650471865,0.09574631179470049,0.14544102809573403,0.09163168283902029,0.05399458868532195,0.08330575269812741,0.1716494571507947,0.1380051467591321,0.12163326692998251
0.11306958405770928,0.11322066740212992,0.0780408662372861,0.1870605727818003,0.16387268452043988,0.08004953226346571,0.10149281445352182,0.08981298090195731,0.07338029738168968
0.09411539097877375,0.06799015391830676,0.06349662140379843,0.13895370550772468,0.12460321398719904,0.1855848858212632,0.12119588013904682,0.09551899375039097,0.10854115449349629
0.12004214632614559,0.06523978851526228,0.11528605743643101,0.11301134339982245,0.1471915575521914,0.07818495344762123,0.1209649755128267,0.10655677856694445,0.1335223992427549
0.09333085486262686,0.09600835126059921,0.3172774324010177,0.09102281783627704,0.05267256805711657,0.08935276242203834,0.10143094877234297,0.06907685967352982,0.08982740471445148
0.09799412969912148,0.12427446803239885,0.09073708913855753,0.09940075311131702,0.03385830207497805,0.16736965255048641,0.1359863379848649,0.13355575454887345,0.11682351285940229
