0.1367570118929632,0.16158908969513971,0.13669831586870396,0.02825182314056773,0.16437346889507967,0.093131107245299,0.02529500301492396,0.08274551648578055,0.17115866376154232
0.11668386478832345,0.11328928621241417,0.09842823048772033,0.019786125856407162,0.18603577613067857,0.03875693203965874,0.19633301461370378,0.10978347390951766,0.12090329596157617
0.09998575431564695,0.10815679707109853,0.1276526485332521,0.06965796100722564,0.1842497120280824,0.09463844590996713,0.1196618070218309,0.09243330511281495,0.10356356900008139
0.12148792495691059,0.05137366328979056,0.1143472652944768,0.06790085939272444,0.24522106133784446,0.17296804826130732,0.08552152942161473,0.05439865181120962,0.08678099623412151
0.06461758127348229,0.0393601815743694,0.11754691411576819,0.28288627484423295,0.06343137926219149,0.11610549257605766,0.110557315770069,0.09910035533583918,0.10639450524798993
0.05994175258399492,0.0647227688856282,0.08735823294141336,0.25319199647483237,0.05412323966460108,0.10580728436396412,0.12133070569892246,0.15918997077352373,0.0943340486131198
0.10942927104594119,0.0952147670461428,0.11045911285796661,0.09393429069434993,0.08779710780804878,0.09133289600642182,0.1176856243619779,0.17436971504828636,0.11977721513086464
0.17276075340749528,0.15290876580731758,0.11374087844397275,0.18203130745131815,0.019920066794378282,0.08186224881515024,0.06186788941081809,0.08216275565860398,0.13274533421094578
0.08061556164330638,0.048479410382750575,0.11257289638012075,0.01108222901068835,0.32412251950872567,0.22687125341496964,0.03226912082080809,0.07090631060163292,0.09308069823699762
0.07179213019860914,0.07158907334910306,0.12542891888597077,0.15440715276747755,0.21373059036324812,0.11735135913902062,0.054751674132925136,0.0823594910992804,0.10858961006436525
0.13506559177804378,0.06431415959905028,0.13350752817270764,0.21648303850422393,0.04660080804739245,0.09794448121893974,0.1222166125357655,0.06940498089083313,0.11446279925304353
0.10295560603396677,0.21192887282164577,0.11029607607847684,0.0623068432020353,0.08808969083077367,0.06966985490645099,0.12415198317977962,0.09368733915802996,0.13691373378884109
0.04004864825374475,0.04127461549002827,0.06881244023609413,0.34471381662480377,0.08398953548978332,0.1148534433865986,0.1138032425874806,0.11080998592500714,0.08169427200645936
0.07747238563355939,0.25634719833902486,0.07115973031513574,0.03367376335500112,0.04650531356741333,0.08738220439665086,0.11072020933041764,0.21224483496269983,0.10449436010009723
0.10560900544998171,0.09596658699255974,0.11722791779027901,0.26969287309896656,0.0449363678528386,0.13968341454409058,0.027827966717234125,0.0926646260400668,0.10639124151398283
0.13627866953209097,0.04502014075386804,0.09953877663076627,0.003341131210688889,0.32985346233460267,0.10875030246267396,0.06832397910303924,0.11292492451911558,0.0959686134531544
0.08315997723252844,0.08821585788026698,0.15053856085632714,0.14979094015997096,0.06699590195320802,0.17216882333426353,0.08402722310576523,0.10299884428253338,0.10210387119513621
0.08850053986009132,0.09673691709720876,0.09535241373745769,0.008552394110768026,0.3440107391136682,0.155119855826642,0.07066684802832102,0.04493494312787185,0.09612534909797117
0.060866427041773356,0.23765418582577716,0.13551303536910736,0.09320486634859425,0.07997874049283689,0.11766970937222378,0.0865779217074154,0.10537955826220814,0.08315555558006375
0.08592199992086823,0.10515061318335843,0.10799633626262178,0.07010995900300025,0.047092499321583214,0.12588899609817755,0.15099524905915596,0.18710100432234691,0.11974334282888766
0.08659792265251247,0.06779759815477483,0.08796972240699476,0.3204744209342028,0.0666868273481977,0.11945929849193905,0.11464853291475885,0.04921097883295219,0.08715469826366738
0.09116695613974589,0.1508069387723013,0.12286381536939438,0.051334248826102054,0.18751544164798314,0.11118430496590137,0.11299422868643476,0.07365676651381642,0.09847729907832074
0.059912125664071565,0.06838273983681703,0.06658513374641335,0.27826352202381543,0.10422720293591685,0.10428596807267797,0.1324317395577919,0.10056708766501536,0.08534448049748056
0.07627967514314533,0.12207022568850623,0.14742764368929204,0.12390687595199566,0.09206448630640714,0.159434445195609,0.06606297226417755,0.09095978758126921,0.1217938881795979
0.17403386541408905,0.07117144276725816,0.12486579944832983,0.014575791621307387,0.25596523533098525,0.13291841117199166,0.036688343169935585,0.08651417041950099,0.10326694065660204
0.06992935165707406,0.1405693450307306,0.08314659790274108,0.13803027497953738,0.08540630229666901,0.11323687254418784,0.17906146777693585,0.08776665481332123,0.10285313299880293
0.05598480994030646,0.06505865050531358,0.05971588271039787,0.2704386284178447,0.08057803980087948,0.0887679192481879,0.23614617668478344,0.06262686253781026,0.08068303015447627
0.08650170232898242,0.12079798042296351,0.09358286712939902,0.10731039707803762,0.06903534701061786,0.18116875675703145,0.12392131850401729,0.09223173191547307,0.12544989885347782
0.05796660390172894,0.04289822719194619,0.07694155884245349,0.06406882464443504,0.08263866397466714,0.08062712758898795,0.31349554528181023,0.199539349098974,0.08182409947499701
0.10559365116321351,0.07884089589315224,0.13714730652526086,0.08098155255630417,0.0738435705473397,0.16582659176955208,0.034160678225480155,0.20792473592657626,0.11568101739312105
0.09277841465896151,0.10669063208084499,0.12208595331313359,0.01647657365697235,0.18711133729631882,0.07850467910877118,0.06776551600008289,0.17700522165203258,0.15158167223288213
0.16817310413335915,0.15984176702590594,0.12518835809113518,0.022695505086185546,0.08229080860003225,0.09391229043035453,0.12050137381881215,0.11683540493860083,0.11056138787561433
0.17515963160870096,0.10594546575813829,0.14957637130716667,0.014484298251216747,0.09983428068639309,0.07531271458298987,0.12796892285914932,0.11026379765254912,0.14145451729369588
0.08412146892500867,0.08520686932059267,0.11754766433550547,0.12673129771124161,0.07639456959982788,0.09500309011704648,0.17863580560568715,0.11096058750320409,0.12539864688188598
0.08301041304582202,0.07058972730302113,0.10691397747691038,0.01731276836645323,0.34384676803054154,0.20900107395236547,0.02815704825300518,0.04664884123225179,0.09451938233962927
0.06591602992353458,0.09526601037467596,0.09042358943545085,0.028266160869827462,0.07214479145758966,0.09712212022360651,0.20602484730891132,0.23391577347991555,0.11092067692648815
0.13402178090930325,0.08718854338231315,0.14792085569301439,0.03776461551008661,0.19817202371420586,0.09222062136059661,0.06149825608875379,0.12419521323498976,0.11701809010673658
0.14874873433675986,0.15087370204205938,0.09652876574041332,0.11473672081069501,0.05913466963096561,0.08659816625395096,0.0828616414054537,0.1040184621549139,0.15649913762478831
0.1190047179201813,0.17227255524744423,0.10368739384735289,0.09555701869210448,0.09610003809284691,0.08557515330626005,0.10909670052021596,0.09032447616872492,0.12838194620486928
0.10507323379870694,0.1697758773474977,0.08792061536101319,0.0159011187844737,0.03997186822502256,0.1557455752083458,0.19252328142893374,0.13600972771332356,0.09707870213268283
0.13950622353536005,0.09751113001143673,0.12002705445716061,0.028820293450426564,0.09853390185985393,0.09273402741036334,0.19320046734005625,0.11296360834718833,0.11670329358815419
0.13648015014413808,0.2190983997437418,0.10353862379216128,0.013786735813941867,0.04761453850184924,0.09544571511069296,0.11407918351687692,0.14747291929604006,0.12248373408055775
0.15062160665365257,0.11670155808915735,0.11650769804099914,0.021786478494159035,0.07738476013926009,0.12375295531934767,0.09829307569947754,0.13253055985402387,0.16242130770992272
0.09274243350743339,0.09879241185850869,0.09379737122595673,0.4194114063895526,0.0248663614667311,0.09320481679340537,0.05233227545419053,0.04300865792898561,0.08184426537523598
0.08129203430209561,0.06592335912630924,0.09861353508208372,0.21482017671749076,0.05796595437078334,0.11089631847566954,0.14199232940808226,0.09413828489555927,0.1343580076219262
0.11609125540477831,0.07689791194291604,0.16165790903018928,0.08434242824475104,0.1277102882901083,0.09683369758474349,0.10884846948030291,0.09579507111004144,0.13182296891216913
0.0654207997301261,0.05842664322079814,0.12158725158045802,0.14946232991893324,0.08001260305024728,0.1127577967875621,0.07792791770695262,0.21677725126583527,0.11762740673908723
0.11788763484956062,0.06852898180809942,0.1119539777891367,0.0070561724408428166,0.27951384993399475,0.11597217531079627,0.07544757332339914,0.09682708305945564,0.12681255148471465
0.09030085934516531,0.08209108165507652,0.13203852219230774,0.09536018158200622,0.09461184084038059,0.054126782622659464,0.20879114333629292,0.12033356637574459,0.12234602205036664
0.045243826618350615,0.1942232355043233,0.08749262655451362,0.0356511374026462,0.2026619937194729,0.17386345667514225,0.09930655544536236,0.059545084183153435,0.10201208389703524
0.18288427013016198,0.06970693949903575,0.16988351154675183,0.01652710747607829,0.1558558685070209,0.1382745004942223,0.057598683546844116,0.10196090732891079,0.10730821147097398
0.11784559392325888,0.09684295813581241,0.15701855531321687,0.07751088592694722,0.05795328644351514,0.10056948115398508,0.11108051171506024,0.15558258594208146,0.1255961414461228
0.17435388173307853,0.08120510427475068,0.14717889867620473,0.11837219751783075,0.10777869869870171,0.10988243111040123,0.0526133997531689,0.07905817283099444,0.12955721540486906
0.05455189902289223,0.07631838354292243,0.0890646484865999,0.0645226479004586,0.22740759497964091,0.14265722899393524,0.04775394183448423,0.20058701786720776,0.09713663737185858
0.08323922644919947,0.0953049610432836,0.09397414450262041,0.006222144715032171,0.288839941744291,0.2407927268400292,0.021895570291227653,0.07828753530629577,0.09144374910802071
0.1341173865003352,0.07242892826586499,0.12621063893297466,0.0947852027964468,0.13145415683492742,0.12862852596071597,0.11126871801642364,0.07145530618716837,0.12965113650514296
0.11998677343706073,0.06637340589627357,0.10361685947898201,0.04192100463984908,0.2697885360216921,0.10372851979407266,0.11273475818159968,0.07153956240089658,0.11031058014957344
0.06440493179272931,0.18319421913564615,0.04257216629777564,0.11035433215140504,0.10454043001781203,0.0998484535764328,0.2862694251497883,0.03838680796731198,0.07042923391109879
0.10970679387557296,0.11620093585588866,0.10537773094094444,0.14474536828972348,0.0698477957432136,0.11238816532428303,0.07276510288994571,0.133801300348697,0.13516680673173107
0.09228814871905011,0.07703654711464615,0.11105500023870109,0.11031700787664132,0.09209781566655967,0.132639067016966,0.10246056927334395,0.15049517211749477,0.13161067197659695
0.09450000142606284,0.10022011929423852,0.07654972045304777,0.3454779864763255,0.038459010351412824,0.10357094075263172,0.09305912914061444,0.05474840436488273,0.0934146877407837
0.0708820919239934,0.15097669539761033,0.12121435907198845,0.03272138639320727,0.18636400946404053,0.19548064527105935,0.07528522642489503,0.06847681474843104,0.09859877130477464
0.054152577759612554,0.1863423397026072,0.09884687749908104,0.23371320574806806,0.12607151431795915,0.1375686398036021,0.027224989661912433,0.05290115985315013,0.08317869565400737
0.10862966438898976,0.08276841712668752,0.1197149204778583,0.06047606146055665,0.17171723330784627,0.11720923362209461,0.07944595222959457,0.1389774802808104,0.12106103710556193
0.07507569464992676,0.10563787405961027,0.12948620228521046,0.1689997486152416,0.060195416869253664,0.12384002367171616,0.059739789090887035,0.17115855882480813,0.1058666919333459
0.08754168342708796,0.07686652158454176,0.12166920826833871,0.19134395385303804,0.06273054214700179,0.1780614457283232,0.07267187799531473,0.09890852785964303,0.1102062391367108
0.10180829489351977,0.0781210264173572,0.07782366131999448,0.30513354221352457,0.045758331702870005,0.07385873370474845,0.16903234165109746,0.05736669007793701,0.09109737801895108
0.1099458192828829,0.08764251432264669,0.1297319539678438,0.15126065559421784,0.07140655518907009,0.057125816427229435,0.19308717831848984,0.07670220681943012,0.12309730007818935
0.1615374486698754,0.15278519128284504,0.08874709459238495,0.02706286149927588,0.08212302138646897,0.14684419213948188,0.12673184455221578,0.09824182581969478,0.11592652005775729
0.059244217289893174,0.05455281271987352,0.1049680340236272,0.17538847807910193,0.1452144272659494,0.1412934935056459,0.08479321320017282,0.12049829720712053,0.11404702670861545
0.06444014909084571,0.11981323963455255,0.10372944123988807,0.175571720206656,0.144607739992504,0.13564398457944163,0.07352494203214228,0.10295714650275924,0.07971163672121048
0.08554736334236475,0.0932308422032373,0.1210596804193741,0.11026866223942065,0.0623971745245129,0.09528354727596113,0.11908198353938364,0.1764164119972126,0.13671433445853295
0.14605623087211056,0.1034900429092392,0.09708326073051719,0.25409398940019595,0.03440763143579225,0.08428432142170883,0.10517884779031438,0.055778229686361806,0.11962744575375983
0.11904383646600193,0.2697667131301666,0.1177637318143366,0.023896952261536944,0.12773698087527008,0.13124615020112698,0.04807586561334459,0.05997422212921386,0.10249554750900236
0.08521883068250169,0.056410842146529395,0.12670065376906206,0.12559891397371742,0.06930687572816405,0.12687109958031356,0.12996109698951355,0.16685393127877265,0.11307775585142561
0.10227108821776328,0.0784038971082295,0.14592740198996731,0.029084401783065594,0.20178094237653355,0.11640591822002994,0.09737457295670972,0.10550304158669864,0.12324873576100243
0.07775764232161105,0.15016967435797587,0.08899664302854697,0.21540293308853356,0.09866250299203942,0.09061894422750089,0.112693587990495,0.0809093275794775,0.08478874441381963
0.06058564108654215,0.14366904514988926,0.07654303161430058,0.2992300041689821,0.04539899387872476,0.07281299715592304,0.1873869620437826,0.04285526215861555,0.07151806274323999
0.09117984438965325,0.13995105590640125,0.10148668243208736,0.3067176044516837,0.041182292734643945,0.09355701868202486,0.07082693615757167,0.04867793514514191,0.10642063010079195
0.08688059090771649,0.044703126679040785,0.1174670427236621,0.0439328802526543,0.22838067153313213,0.1231258452631419,0.048844417827214416,0.18525009758829694,0.12141532722514102
0.06756654803919172,0.08211443995441443,0.07979348479553551,0.40540152942788915,0.0729741302339534,0.10366705978577166,0.07138764355683758,0.04345012549675281,0.07364503870965379
0.08219206179975552,0.06550652911400036,0.09151658793684209,0.03146694355030196,0.13003560131423045,0.11259819207079992,0.22834634544992505,0.1071497751103872,0.15118796365375747
0.08094490909208735,0.0574756323620737,0.10765609683701254,0.13637480243977165,0.054645935663526386,0.13002158904096825,0.12214468009160939,0.20848619893204146,0.10225015554090928
0.11745431801568877,0.06770047194647238,0.12843831027982086,0.17214085725928552,0.0757853189365346,0.14967770541911266,0.11047147111748536,0.08889180272894211,0.08943974429665774
0.15074491753812827,0.10253809935939105,0.1566823337033207,0.1497288282487571,0.062264965368806637,0.05818258898537271,0.07648261271761807,0.10888589970335566,0.13448975437524982
0.1636108324298314,0.11598461792424337,0.1550238188654731,0.08828128075216102,0.12110917577763036,0.06375600208444926,0.08084070438854708,0.0898155248219046,0.12157804295575976
0.0603563139108462,0.07968776433237627,0.05781429536635931,0.13940254543721417,0.15756011577937748,0.14278527113210415,0.1934798567109001,0.08842995656942093,0.08048388076140144
0.1433434962682458,0.11350468479517227,0.1835161293126811,0.08941315268038659,0.08478028775567326,0.10232823398165414,0.06445476698035632,0.09665961427850152,0.12199963394732893
0.14131122279486566,0.17226571333082255,0.1213491162812882,0.09970127906212183,0.04295092667370983,0.10843321956438172,0.0539856135837726,0.12743381567049536,0.13256909303854225
0.07518094238036645,0.21025530062909914,0.09402895160617858,0.034481313207683995,0.15758870733809183,0.03871910457285726,0.20012212564533338,0.09115431450454388,0.0984692401158455
0.0804734431316756,0.21685886916949082,0.10857992177239884,0.14558546403621478,0.05206813331952925,0.1652599417332071,0.06849940196142094,0.06996439937482966,0.09271042550123308
0.09515352460273958,0.06720330914321893,0.14331860452600892,0.06591968491613685,0.07000881669765721,0.14714034189886263,0.08536698522949071,0.2056002493945308,0.12028848359135431
0.10285395285395278,0.11648197218400409,0.09822250454646957,0.22814447450827738,0.045647952796887915,0.07951453583070585,0.127955088665083,0.07703591641065732,0.12414360220396203
0.13252761474017102,0.0748254342745807,0.20937454386772145,0.02047128888909441,0.1385537632408387,0.0848990477414761,0.040664470761485515,0.14718366444103806,0.151500172043594
0.09091802752229254,0.07258173604096524,0.10696965866642105,0.13491057834736322,0.07573731184892563,0.14223598903135068,0.07748597457474865,0.1801024474293487,0.11905827653858429
0.044474403216387536,0.20658619393194666,0.14135742585176184,0.03789322510590041,0.25286919242276407,0.14504770840758874,0.018285115146399824,0.05503615102778345,0.0984505848894675
0.07510016554555238,0.08943017371306566,0.0904219050755359,0.24636165934086787,0.06903250015607157,0.09147190580961635,0.15769208600296716,0.07283868363427655,0.10765092072204664
0.11503407499434691,0.1022417866807747,0.11773151900302138,0.05310715532103094,0.15092254437161304,0.18349846925368318,0.07859351512300274,0.07329048252461756,0.12558045272790952
0.13488704755261927,0.14920530712768257,0.0926801054608097,0.09415437367577473,0.05506021334435226,0.10893556762009592,0.16635723917173617,0.09074418087215798,0.10797596517477137
0.16292723577912968,0.08741372364178647,0.102324686431618,0.11786942268338847,0.05164633257076238,0.10907760135503695,0.13392160738102435,0.09385946056932741,0.14095992958792636
0.08232620838709523,0.05440899451805372,0.1520844727060494,0.1306141728610918,0.06990223753758185,0.16304274178739972,0.046179120787069206,0.18235902629555434,0.11908302512010471
0.08738157473167502,0.10791687329678139,0.12199492268366534,0.056308757975346214,0.05646165512541896,0.1373383510977698,0.07916473041862959,0.23779001982109849,0.11564311484961513
0.1285172985168965,0.13047986053520957,0.09247667949524309,0.06156329950776074,0.05404143139203232,0.09490713291305031,0.21463120637904476,0.09660409384814996,0.1267789974126128
0.08302545732703838,0.10852424769273826,0.11979270501792877,0.2518857000273403,0.04467682022242162,0.10171896117533259,0.04886890811366105,0.13231804485863952,0.10918915556489951
0.06333861373540657,0.06504088411103656,0.13035435219797267,0.2980599715405483,0.06383291278790469,0.10304169369511564,0.09462152394735497,0.07540966854852431,0.10630037943613624
0.09809388067451909,0.060495670775239874,0.13466479140064763,0.04968838340934501,0.0681080334854429,0.13855006272716985,0.06792961316440281,0.24116194198731614,0.1413076223759167
0.08210704441726184,0.06438619353306552,0.10520771065265251,0.14381969377705134,0.09930520130983878,0.10569393846496893,0.18141708287826627,0.08897273552686075,0.12909039944003411
0.10186176904205817,0.1407762847494536,0.09792024578188623,0.10294362072125109,0.06776934817797202,0.09018657125086582,0.21856588472091565,0.06445170545417878,0.11552457010141871
0.06418460818621648,0.07243330363181709,0.06731999619313117,0.2952744227270358,0.07368447351310468,0.1414140973494251,0.12734799626276191,0.07323649964742873,0.08510460248907904
0.1577578199701086,0.08296109905428121,0.12240617212255937,0.05088830807973089,0.095875489710181,0.08404163981036554,0.13480341338524712,0.14024410222896821,0.13102195563855812
0.09473075851275525,0.08155374600735998,0.11443743569264479,0.06196951580995791,0.06256706238353942,0.16119535835843612,0.10605884220458162,0.2070375686971501,0.11044971233357487
0.09668185345867093,0.20538790550130379,0.07702368655026931,0.15530153873451416,0.03362645358692455,0.06350178044620312,0.19905775164059147,0.07446689167656795,0.09495213840495481
0.16951562716144256,0.18868575272281127,0.1356271198282458,0.035308397009019304,0.10241165947130149,0.0904196716136725,0.06370055954093995,0.07552181008439361,0.13880940256817345
0.15964364241251508,0.10442067505093905,0.11734962818528638,0.13845535274391743,0.06861350160645115,0.06306660429426235,0.1532726422582881,0.0719479443935398,0.1232300090548006
0.11207073986591294,0.08652152326050933,0.11148733011898664,0.06108217504649239,0.20446447700547613,0.09165808553295186,0.14304641808963212,0.07423660684970623,0.11543264423033235
0.10826980920975539,0.06857003221965384,0.1578757524728097,0.028889935088277408,0.26105472323371026,0.10569891164377104,0.060270682903737195,0.1057157483007976,0.10365440492748756
0.06890681515466725,0.16254340213208163,0.1490188545354039,0.08703743737812643,0.06550816731854961,0.1488841628961645,0.04300890051424183,0.16685514763584086,0.10823711243492402
0.14055389931777693,0.09713762508503852,0.1844525385122343,0.03510642975912268,0.18811852408741656,0.08280408053300843,0.058412249560104317,0.08354737452105188,0.12986727862424635
0.14087753423367158,0.06828302255462605,0.09821063742155155,0.09895623048494175,0.12718532727502438,0.15978095863650135,0.11794577522917753,0.06488163268063814,0.12387888148386765
0.10723696936139536,0.15810242539304442,0.09378835093950104,0.041798013782845735,0.10124639101539294,0.17753037879060388,0.10607152365012705,0.08779652847453535,0.12642941859255416
0.13450932140223218,0.09050987448786967,0.14716387544175613,0.047413589675519084,0.10037601099527464,0.11927129926852831,0.06548715795889046,0.17171296765402375,0.12355590311590581
0.08208442939333273,0.0626179319344329,0.09200079247004661,0.08222646358279687,0.0679515908543505,0.15250812448647352,0.12151542137593861,0.21119562223066946,0.1278996236719588
0.10035875628333675,0.19855862577250458,0.08551016734548349,0.013506666270392034,0.06166786048695109,0.07020042106879242,0.19245787705892092,0.1638385887536153,0.11390103696000353
0.0702441318661767,0.054639072871864175,0.0870666282259321,0.006226727829613965,0.4108498978356942,0.09329336897047652,0.10066364285593728,0.10052967170339756,0.07648685784090749
0.09752739120245524,0.08783554850787068,0.1288412112934192,0.011555842051317017,0.30046903179942547,0.07895197064925508,0.07046187965449958,0.08512004935560231,0.13923707548615552
0.11734847372426987,0.041843553149367795,0.13856425309327056,0.04956805370572845,0.18710279931483706,0.09184686248944156,0.1920117462289165,0.07813352543797898,0.10358073285618918
0.08933071378855434,0.1053242332625442,0.08406790272035743,0.12009005314017178,0.06264267438563491,0.16019012352077022,0.15029610529043125,0.08565312517677348,0.1424050687147624
0.153005841554717,0.0730145607514277,0.1325548611930295,0.034881634466822936,0.10088256357983033,0.12884953140010333,0.08026059357677828,0.15493332213898817,0.14161709133830278
0.11979644850684085,0.07111874413043258,0.12036142070277171,0.043416893973335126,0.1322837034173263,0.14347173635963148,0.16090751773833342,0.09883989986647142,0.10980363530485719
0.07751469319012728,0.09016771073662806,0.07657323129964316,0.4073301500754957,0.02961853812368795,0.09710482274700065,0.09811026993504207,0.04122962819676814,0.08235095569560709
0.07153836780925976,0.10745511818737975,0.0805013993733932,0.03659060224628822,0.05584540389375115,0.17769377023870767,0.1992328123841112,0.15184451502388388,0.11929801084322515
0.10683402940967306,0.16452527440903073,0.14443846958381287,0.11909664612705466,0.05623866419100667,0.09770434383828487,0.10480299240097812,0.08677726669150758,0.1195823133486514
0.06421224651473427,0.12651287762844887,0.12025212208838787,0.24296259330470207,0.05961682216870195,0.08407332425633691,0.10710901260037642,0.10690082465526989,0.08836017678304177
0.07977749925290278,0.12848361799665295,0.1330124159991927,0.13351366324391048,0.09328783150955783,0.12986620042934496,0.06417385482109032,0.11177791613439765,0.12610700061295027
0.10926329735297748,0.11322792353248085,0.13207552256176128,0.014135870025375108,0.22135129697493236,0.12093190106647007,0.09588197420583795,0.07094102709205517,0.12219118718810977
0.10780843782445419,0.15951239249011448,0.09737213213077338,0.08216156633031133,0.09400943257087202,0.11355991444322362,0.098761605351,0.13778790463559668,0.10902661422365419
0.16467216388511405,0.07818574004196516,0.11344339684882372,0.027252249072301223,0.1925753784351166,0.08671535531129403,0.15624679236406605,0.06947895698129579,0.11142996706002335
0.09452459401610369,0.13979426613070936,0.10821781193801423,0.1215282890238147,0.06916372024611687,0.11446625533293175,0.11173593657172226,0.11992571188712157,0.12064341485346552
0.11253217585655563,0.12962724603223028,0.10669010598023608,0.06497287231456705,0.060939924687687656,0.13529281076696253,0.06719579505655912,0.19789776723977284,0.1248513020654289
0.10476707822478054,0.1462323014302306,0.06242042242933738,0.1981920139367296,0.04314729983849896,0.09630349294809382,0.1937660426188653,0.048265002336730645,0.10690634623673312
0.1079408736517871,0.12315817313668169,0.10482055554381116,0.10542956972626168,0.05529043982246426,0.14966410141980482,0.12615948850634404,0.10766274512219365,0.11987405307065153
0.06934634465186104,0.06904216090220566,0.10144790481528432,0.14621840971708905,0.12470660677564771,0.13489479440257904,0.10982164571700202,0.1379489072044617,0.10657322581386945
0.08775472683431629,0.10698618678372777,0.08663304212784236,0.07593751575160575,0.12434187149697527,0.1610363706527187,0.0705504875401712,0.17042489960223597,0.1163348992104068
0.09172334932164389,0.2760168243490288,0.0915550152489376,0.07426183860179135,0.07904494091492362,0.14443467687876413,0.0758640315390564,0.07351075021300241,0.0935885729328519
0.12164456321266658,0.14687527812798376,0.11800753873490936,0.28430278365137956,0.03789764578556524,0.06313045808106112,0.05211671505981461,0.05915462069129127,0.11687039665532856
0.10409691624767102,0.07205087940028652,0.10175454114023706,0.051262594430258934,0.12523202213416385,0.15825691682070742,0.11907954903996014,0.11398426548733402,0.154282315299381
0.1254715243227211,0.051196304782094935,0.11562509407001283,0.05801993236565826,0.17511650115339625,0.06556247044347753,0.2046588690411246,0.09007745318231286,0.11427185063920169
0.1785704209381979,0.06356479473113562,0.1322862353576724,0.017751186970836556,0.09612896631468844,0.160774990337517,0.04359130101456576,0.17501605564666897,0.1323160486887174
0.16201823663115666,0.10631456709030936,0.10505115819417195,0.10456738184070707,0.039418676257602446,0.1770749208503447,0.08697303870512503,0.11156299132537667,0.10701902910520612
0.1058796812277989,0.1701718145003408,0.08779178049040932,0.24107299052562473,0.030385068339149782,0.10255139295623722,0.07543141198890907,0.07934274781536081,0.1073731121561694
0.12237640056534449,0.06533466745002085,0.11544067862059308,0.14267809601945694,0.07825423972308977,0.1663113773686448,0.07194724020934042,0.11398992883123867,0.12366737121227095
0.07437504204040411,0.11309105298623756,0.12203207574543885,0.1735141309406538,0.05392330920751235,0.13359309511510387,0.05758946961833943,0.17361046595210725,0.0982713583942028
0.21416745026636405,0.06221056437747133,0.13686233617394414,0.033761348323517675,0.12675392827971574,0.10846160124333308,0.09074960852411966,0.09153252761270263,0.13550063519883174
0.09342813387236208,0.04942902440543311,0.12329767458627688,0.3379239001816851,0.07959961612527347,0.07955307517274049,0.06793083302181525,0.06669604655156768,0.10214169608284591
0.060033908116566476,0.06946023212163657,0.07311031386630444,0.05115686538565415,0.23006228822197863,0.03597781887243783,0.20457843071016657,0.17995295458054786,0.09566718812470744
0.1076065019813403,0.05905479570415952,0.12592613060265753,0.15236686772759908,0.06629635336330779,0.172772206586701,0.09285001486329723,0.11885195118550068,0.10427517798543691
0.1848151931235039,0.10828758644386734,0.17299843387157898,0.037353644663399355,0.10303141377171283,0.09475862272883145,0.09199774034116337,0.08112473169933535,0.12563263335660738
0.06428092502387389,0.0680728044525643,0.09425790583202731,0.09268022061599679,0.08366953062409777,0.10681801903513473,0.11921599321767488,0.26205521255760017,0.1089493886410302
0.09554442628951713,0.11884673509888803,0.10677142303575117,0.22484109769915658,0.036102778289655205,0.0893358148359288,0.19398967105835327,0.045266585663944904,0.08930146802880484
0.0879938477183389,0.16952107014690723,0.1810818026586165,0.08129073196557433,0.07170294892887645,0.1523114358289101,0.045599716721833966,0.09721175982369201,0.11328668620725059
0.12312592201788453,0.13721302477867178,0.10774535140927793,0.29280605733989123,0.029090522780492137,0.07438302707606444,0.10227027962156103,0.037699090948765626,0.09566672402739128
0.12407717014709434,0.07522348059983351,0.23255015710859253,0.013832196628284362,0.19531850111590612,0.02738139856201423,0.037964456883275315,0.16137038127218975,0.13228225768280988
0.04358734743061696,0.0788093011300966,0.082521684840369,0.299821092567512,0.06986290468967393,0.1442805653798487,0.09188608313404205,0.10969800149995763,0.07953301932788309
0.09374344059545797,0.11283508125107745,0.14613844755351965,0.07210008060998645,0.17399469839407686,0.0921439092194858,0.09678914471580347,0.09412292371926219,0.11813227394133018
0.12002392577175021,0.09108906124858228,0.12553314363515042,0.07323187816002977,0.10986368956208832,0.1244206016016028,0.10450922213426189,0.128390211153171,0.12293826673336324
0.06515640654986236,0.09773934074682973,0.08346664264994756,0.09342511676278643,0.06629499865259499,0.09247971234444312,0.22194282252770173,0.16576758116574464,0.1137273786000894
0.14571431127252232,0.09589753255451332,0.1825327695683486,0.04760436268095428,0.0736213470187778,0.10399403082105614,0.05805861447152818,0.1341629857458371,0.15841404586646224
0.08926279906957978,0.20042405776855898,0.07984647667653368,0.06519697900087074,0.060906529626034406,0.12103829879526856,0.1405284246394122,0.14197992710828708,0.10081650731545454
0.155722327267988,0.08705559292346605,0.16517300602519766,0.012374026080306662,0.2493877208208808,0.06197596552407935,0.04274795592143348,0.10292592709983928,0.12263747833680878
0.17960170003341366,0.06886067697596039,0.14665807125244346,0.020270521650350343,0.17434885033664813,0.10591590679269812,0.08495421537826481,0.09018248357304524,0.12920757400717578
0.04333119883291223,0.17479826355533326,0.16105079900528282,0.20355278494929685,0.1373148915469424,0.0679108016832039,0.05612748119822753,0.06454322543615042,0.09137055379265048
0.1645948953314373,0.09820023530341478,0.1797287864143112,0.06703851815781071,0.11086157300485404,0.057270543081388174,0.08563464213145709,0.10207156890543828,0.13459923766988843
0.11713241675527825,0.08851495531782914,0.15255308839793127,0.031862020820539926,0.16883215752925154,0.14840601335505507,0.11032745703079883,0.073980832354312,0.10839105843900404
0.10855351693871186,0.11165055548692554,0.13357807337068292,0.17917089699779862,0.07537370928838892,0.12034851276147933,0.051540815446573296,0.08410835229284781,0.13567556741659176
0.13627909343809055,0.15962013335179118,0.11519979267092047,0.19834781730273623,0.058312897699248384,0.07223518345452984,0.08172901067760442,0.06528276239749013,0.11299330900758868
0.08832788077272356,0.10095041723649288,0.08272741668952664,0.167204764705454,0.036478627852867755,0.16601537254794935,0.10424570774654944,0.12647807378034867,0.12757173866808774
0.07785829255320692,0.2501207982573716,0.1074737341503037,0.1521561783186213,0.05143314219610529,0.09970737972342895,0.08950728968054021,0.08940643771343143,0.0823367474069906
0.11659010811915449,0.09146481908803605,0.11250135939479143,0.09452011700390033,0.03980627033284312,0.1587027879317729,0.12212762400808312,0.12570115208911842,0.13858576203230014
0.12819204211213275,0.09340347410459804,0.11667609026197572,0.05141475431942286,0.18972126001511294,0.09760243543902596,0.1253817470148483,0.06901130874638878,0.1285968879864946
0.12524509856026494,0.07091087641694296,0.08892188764094011,0.21173406614686066,0.03899605586807617,0.09005358762912323,0.21900692623001197,0.06773814769995735,0.08739335380782265
0.12000848253739503,0.09586554102709649,0.13324968338540577,0.00827539509102436,0.29298864553637266,0.09656833276076571,0.02481989780937148,0.11822923379908797,0.10999478805348044
0.13295020135276753,0.16777020587810387,0.12532558670049976,0.06637809584736418,0.04758740469647083,0.1274735399022506,0.08692587060171524,0.12287190245336342,0.1227171925674646
0.12823003659943225,0.05415474605601935,0.12188332944166329,0.017345275995567802,0.3082653628756395,0.09386679695662825,0.08995720379564642,0.08075574997104688,0.10554149830835631
0.09225191657152748,0.09713274074529461,0.09406624745579563,0.22580293610957233,0.06861413516467213,0.1165831126550841,0.14982587152703758,0.06241933492808758,0.09330370484292859
0.2029536754726026,0.09376368419936726,0.12980276029375656,0.008255378407058136,0.11990313887502668,0.085968226567753,0.11578545958397875,0.11700520161374606,0.12656247498671103
0.09610382017228958,0.16114446842462862,0.08508893555698584,0.08378350054064078,0.05574888152551354,0.17188246983094838,0.14769483011952775,0.08853627763863929,0.11001681619082615
0.15513493623949703,0.10239741131665055,0.09856038001392821,0.11826625330161743,0.07700616411615757,0.08949359784808048,0.10557041033599394,0.12505853629010258,0.12851231053797216
0.12428930672560967,0.17626155579332417,0.108212246314757,0.0114185281040637,0.06352483446656285,0.1541334599219865,0.06678284415729123,0.17872858469592248,0.11664863982048235
0.04365055809780322,0.1932117231796442,0.10734528637761516,0.1628135081367366,0.07486919476838767,0.0783246049224297,0.12467689560070146,0.13617393532051117,0.07893429359617093
0.09364916052279078,0.11975910815636631,0.0840391550923698,0.2773945283341286,0.03800282143240929,0.10094203939734787,0.12174447499931164,0.06323986712152968,0.10122884494374594
0.12267565434671264,0.10197622558268588,0.14102398628570348,0.05628710374101439,0.18760608220583253,0.09302745117308585,0.091858034140557,0.08454446775227731,0.12100099477213085
0.12596405092059576,0.09953572245307485,0.1261804682476069,0.07768324715242918,0.09855220379350049,0.13243273293401106,0.11136471199908683,0.10448914819473548,0.12379771430495952
0.07867095400325325,0.0967730959567656,0.10074035148526071,0.07446722258446609,0.06407107734053107,0.10819708695883241,0.18284994986588546,0.1763502294543998,0.11788003235060567
0.09658842583565332,0.17303083243578843,0.14732233225726116,0.11339621682256205,0.06987284884454945,0.10137923894489083,0.06579848788934718,0.11107465161389422,0.12153696535605335
0.1694618896288935,0.07427220273427536,0.13308912174460233,0.010118818302739795,0.1878652862246993,0.1333835231349756,0.12059854566003113,0.0722421693603932,0.09896844320938981
0.11592031869541182,0.15961781927354138,0.11036034860608723,0.023358738786595137,0.0748033793447197,0.09404523371447232,0.09603615388218534,0.20099292929132276,0.12486507840566437
0.06978040465558452,0.07272980014647025,0.10399815337315639,0.1713102557132725,0.13643128489922976,0.1567892736542714,0.09907778866582097,0.0734892020297825,0.11639383686241173
0.13059986767513232,0.09684657405576819,0.1183789750843053,0.36432934561591557,0.027613682557498517,0.06700089323358789,0.0634834459225725,0.04146327834029587,0.09028393751492386
0.1569004328091552,0.08049140206959572,0.13634178981628253,0.0229166809691288,0.16683910594653437,0.11382519735307584,0.06695625537550962,0.14503927783492807,0.11068985782578993
0.09410706634656707,0.09441503040139711,0.10003353151270909,0.335938698823953,0.050115617982379686,0.10747396732762889,0.07975947477967814,0.04728429795885183,0.09087231486683534
0.1932547081563493,0.07155351045554124,0.18381077449958946,0.0370277194790648,0.09337839760032847,0.0670077398104484,0.06891236680613325,0.13917881119042366,0.14587597200212146
0.1278882126969174,0.1055050622833001,0.1271418594644493,0.03232789376668447,0.1701702673297618,0.07337033993891728,0.06310174067506165,0.15488916743397516,0.14560545641093284
0.07653532663750212,0.06595833082357638,0.061553967503315175,0.08181492665066646,0.061230286802055806,0.09190819899919533,0.26310223952804607,0.19505952995595513,0.1028371930996876
0.12106515481491749,0.09368185236296145,0.12054420803560256,0.27691608579258004,0.030813335737432907,0.12259854841916103,0.08060599244704825,0.05244350009534209,0.1013313222949543
0.12497187393359892,0.10181834001884742,0.08443898535917525,0.2795513136905164,0.029743434077326478,0.08948527714123178,0.1458740368340055,0.0584040265692252,0.0857127123760731
0.10691216593513657,0.17214264340362462,0.11164110373760638,0.15789010449578034,0.030766413158655317,0.13942316272550215,0.10979650575765211,0.07434986578138122,0.0970780350046614
0.09418850333099944,0.0829823751170038,0.08136957711647581,0.0559048681912,0.05095613133593071,0.1157756003507076,0.22860225862856187,0.17668180781472861,0.11353887811439217
0.08087228737187703,0.056581228396194415,0.1002203038129963,0.06803591889209716,0.06308364383586852,0.27159427783590456,0.07544559662226898,0.16825628272957835,0.11591046050321463
0.0950629060372059,0.07653198511847488,0.11586207220471789,0.08164218416732465,0.1950566776085095,0.11793108950654581,0.1469795439011623,0.080370473453857,0.0905630680022021
0.12656427055779848,0.07542657152924889,0.14648122921227952,0.16907815084245073,0.1140377321908128,0.1558849779364603,0.04169518055328375,0.06664657184638857,0.10418531533127699
0.1059797607815509,0.16312710775696546,0.13269987050222162,0.023867037277456395,0.2198990723308197,0.1338772433472735,0.054508687487470335,0.07428244733666069,0.09175877317958153
0.09091967287705138,0.06642567130565444,0.09748825125203191,0.03465713817572739,0.22859861557039743,0.06676968390456904,0.1722188604206342,0.1359800341423217,0.10694207235161256
0.14015862488813638,0.09778216048821603,0.13032421926992524,0.06509865046991971,0.04868474276867363,0.08349209184897521,0.11413542469806744,0.17021069956685034,0.150113386001236
0.0762405229011023,0.07652989199580196,0.08207909458574797,0.23365289117195195,0.07996531327270762,0.09924502180693617,0.16125500999187042,0.10557517162177933,0.08545708265210232
0.10294114700317865,0.04333247641872872,0.09444874139072335,0.007270274576898639,0.3894410467248342,0.15736793604680774,0.08127060706197071,0.04224570094055058,0.08168206983630734
0.12516358503554406,0.11772986934156243,0.11698070100099865,0.20596655957019264,0.049903738437978996,0.1275011991776804,0.0752740522300712,0.07606728953610192,0.10541300566986966
0.2258602792216039,0.10753255160831082,0.1388093371754856,0.046891131414530225,0.057364704226853434,0.07782219383448902,0.0674437906681782,0.11306101366981647,0.16521499818073238
0.06010019640729533,0.24960440058008845,0.0984889323134116,0.05582833752564384,0.19095062665983334,0.08716979132832314,0.09776485983075515,0.07263227544120372,0.08746057991344536
0.0946038931780787,0.08946423597925239,0.07308840996754955,0.13781549626445166,0.06624897860857164,0.12005030551826627,0.22261116472448397,0.08634815938035904,0.10976935637898687
0.08611427263270142,0.10874218098933368,0.1418504060964675,0.1262019030126561,0.07270528552364947,0.09135789471114596,0.12568591970154722,0.1269460092001866,0.120396128132312
0.15583815766395956,0.13815338952720724,0.14417596663391544,0.09817453105644285,0.054979135742033336,0.10936375204229624,0.076867655007628,0.10520978025522565,0.11723763207129174
0.07189458981547082,0.09667478941681674,0.09782440912170477,0.2820685750550818,0.06611193999628133,0.1364353595384589,0.07928990152234668,0.06768358250142133,0.10201685303241755
