0.18255920170915618,0.17942647669281062,0.0686958497552511,0.07461337590002803,0.0785887269640142,0.11097532944640508,0.09680402640874997,0.06503040655517499,0.14330660656840988
0.18610639522891595,0.09180006689160324,0.0909316692349892,0.19473830282755666,0.11170317653090404,0.10969748932557288,0.09721583209369765,0.021295624217889792,0.09651144364887072
0.07873644191071238,0.09169041516163341,0.0934729921473757,0.049713043969777014,0.11475366511429573,0.13899673201139315,0.1088047007324982,0.22053900508043786,0.1032930038718766
0.14931349121274903,0.10045720892667344,0.14201399831489128,0.07870952221424292,0.0959140162671434,0.1044133676286495,0.09176552517116494,0.13985615060639597,0.09755671965808943
0.1729176596242122,0.11579977147740701,0.10229389477982222,0.14473389678638676,0.12501115525078332,0.09963411165382831,0.10448235939422928,0.025050635746849695,0.11007651528648121
0.2308042858000621,0.08735048184859645,0.08934190312638828,0.14493403816315134,0.10719917917142326,0.09782248416972701,0.10357361906044427,0.03476647998750918,0.10420752867269813
0.10521481601938314,0.10099783175559841,0.09952788870578748,0.1073619712855523,0.1483440950972337,0.1080320686717103,0.11706317732654349,0.05971053252389504,0.15374761861429612
0.17596235083152245,0.17998599430185402,0.08412222972261905,0.09419250788784846,0.09567323090843576,0.1040257741118385,0.10787125798731496,0.033473526206873216,0.12469312804169352
0.137856639391901,0.09579657597082829,0.1413147866928881,0.21744974824515748,0.09484482352049269,0.09026982090657543,0.10162657572292551,0.039259725076983464,0.08158130447224804
0.16939868642009145,0.11223563218549254,0.10320070828525607,0.18251891449257637,0.08842186062451418,0.08831577256910321,0.09416817648714937,0.058883462596425046,0.10285678633939183
0.14382109797380752,0.12632222064181317,0.0963466298418399,0.14170845605635515,0.09280043892198149,0.1353442889248219,0.1128374408870092,0.05032217384096924,0.10049725291140242
0.12193405389761051,0.1233987654196425,0.10468752963976659,0.13727127442924733,0.08133257523725858,0.18470077663500303,0.11125031880749925,0.057111111565048965,0.07831359436892323
0.12323083668169758,0.15214389109752133,0.11542657277976176,0.0635471419609635,0.14914119329892245,0.08397160424070023,0.12750035135390117,0.05561864839533465,0.1294197601911974
0.10882723481728922,0.10036944650630375,0.08634153856871123,0.077573451617998,0.10722558971341566,0.1124459926185366,0.10382837224055282,0.19598485905802468,0.10740351485916805
0.07044259217761663,0.09847813481094154,0.09611495489791395,0.05898013011069189,0.1387860384219161,0.1101947220893255,0.1282044152678952,0.18034228887869072,0.1184567233450085
0.19606207070606585,0.07280859772107966,0.1309265891948476,0.04570000958878001,0.09835612327223357,0.10950821177571725,0.08241286225768281,0.17585829482536255,0.08836724065823076
0.07030970213143216,0.06931853578972284,0.08203135861364945,0.07248550569841865,0.09688388778907575,0.07990238772696058,0.11204802682434002,0.33392396301220145,0.08309663241419911
0.12384687004695305,0.11282752718710255,0.1153194385100974,0.09428910316442933,0.11627783054667218,0.11083674494537339,0.12179716871057356,0.08758152632183358,0.11722379056696497
0.13566242987961133,0.13684758286722928,0.09847931036465331,0.1416436008958365,0.10791025606012765,0.11162816334300496,0.11353429592515245,0.0393032538082981,0.11499110685608638
0.16538584379428886,0.16821603802826254,0.12569526608868473,0.08856345344997969,0.07570980680043277,0.1051536196291395,0.11221656637625911,0.055476864517659125,0.10358254131529365
0.14083941784582218,0.12203273308794399,0.09397836227749605,0.20063403817887368,0.11678951163275464,0.0774408733371701,0.11290433829338153,0.03465751243297762,0.10072321291358022
0.1072260926338411,0.04846709863629173,0.05419393129742997,0.03697259913870978,0.06198119759680413,0.10655263582471258,0.07499746734978725,0.4539846641431371,0.05562431337928644
0.2524375131922046,0.05409559430710187,0.14827721095200327,0.09905487885494263,0.06514206105450042,0.0851485824034201,0.07454981043283158,0.15001677516333808,0.07127757363965741
0.0612335625273864,0.1186139839146564,0.12364199927411086,0.06733922916496199,0.10795821020790801,0.13301898934712175,0.11294133412466952,0.11541978712515939,0.15983290431402566
0.1520748920697442,0.15193571852064072,0.1132574998980282,0.1062181163713073,0.09797334197197306,0.11385043793935852,0.11111752799403357,0.0450776014371096,0.10849486379780482
0.24738683151292004,0.0949023545265351,0.12324802556627727,0.07782723753715,0.08965405824204482,0.10374330717285957,0.11341704347450314,0.026823557342773776,0.12299758462493632
0.1579309210020672,0.09164296560761798,0.10663984909068243,0.14118217137682598,0.12384510061155603,0.1179923938259847,0.1149058060591422,0.029163458110658763,0.11669733431546475
0.08956133271707502,0.12535458964629217,0.1030263390415116,0.07904883472803452,0.12364639362922869,0.1232634505963102,0.13584994536034975,0.08328275371853915,0.13696636056265885
0.07138482657877537,0.2693081858121283,0.10626418033355782,0.08198646185864046,0.1077688585897912,0.10496733921621317,0.1078478923018011,0.030634111333954456,0.11983814397513814
0.28483061114843483,0.10541732171830924,0.1111427895227871,0.05280646542594752,0.09320624498502102,0.12009635354655261,0.09638811565519402,0.02709320586077518,0.1090188921369785
0.13982384210159174,0.08880947119919853,0.11424856200741905,0.07273753131259594,0.11786157468728041,0.08998103472974482,0.10551057134926674,0.1525493109545064,0.11847810165839633
0.17552351623952012,0.06763864988981033,0.07573317672917318,0.04087811825719515,0.06997406138191262,0.08802497429347089,0.07721106262029202,0.3456136068663274,0.05940283372229824
0.08593453629206299,0.11707869175549346,0.11334851648866483,0.10456089852168388,0.12123174389953602,0.10924295436119243,0.11500676831000944,0.11631370710171778,0.11728218326963923
0.19365473566920102,0.10097781021502043,0.09714292418832686,0.07791528624744376,0.1407838162001275,0.09152791224178491,0.10267481708491756,0.07363571431338524,0.1216869838397927
0.07901019502000857,0.13120343724107328,0.11595230794326912,0.05440146313957742,0.12391090836308066,0.1351845003846709,0.1337966236733211,0.06416910114096704,0.16237146309403191
0.3062339276001151,0.08502939736335197,0.1115531414290265,0.12691823631900753,0.0799643786758492,0.09366953420367179,0.1010055955735426,0.0321518766430026,0.06347391219243274
0.08720155568090321,0.16930400258642384,0.13153857775493477,0.08966191445243661,0.1281250532565031,0.11047007213203504,0.13190677267454395,0.031988311800467746,0.11980373966175177
0.24110812030836126,0.09030978802467989,0.08630196415338309,0.14981463470749504,0.09149502022449889,0.10784024389462621,0.09171152983929647,0.04952294493745371,0.09189575391020538
0.0994669268225528,0.1692736184903826,0.18754687025704522,0.03626888026445129,0.08552403292837081,0.12391397688136165,0.11705444944616232,0.06534291009107553,0.11560833481859777
0.132348136189549,0.11905251165002566,0.10472795835204984,0.15277339525196035,0.1055887066999205,0.1434847512043897,0.10363102698855693,0.02826978102145424,0.11012373264209378
0.08682873482397298,0.12906388462632393,0.15717506968507097,0.04456997689153602,0.09189069503230256,0.12649234379206029,0.11868009752645022,0.1344535932822354,0.11084560434004755
0.13974681149479287,0.16445125179115358,0.1309045100072075,0.11718436784422664,0.09868098062476376,0.10749853053688307,0.11338758178419582,0.040647577601831915,0.08749838831494496
0.12408523703386469,0.09183667953941643,0.1305017543720339,0.07288612000966946,0.11880576383710685,0.0801872254533025,0.13472583399776183,0.13190011265946064,0.11507127309738373
0.14837414083152292,0.1045092901528661,0.10961700644786011,0.10485529543327433,0.1449290191620963,0.1260102173344307,0.12259886898536172,0.027338682809357074,0.11176747884323067
0.20843580100266124,0.0665543879326701,0.11971980816780327,0.09205041020305849,0.12551656407013498,0.09332058142990425,0.11502559546366126,0.08590012580298938,0.09347672592711705
0.11882886463119656,0.13692598833844194,0.11334354121114398,0.08908964878168858,0.14045543330322696,0.09476690422347511,0.12640194421426856,0.047082821882418,0.13310485341414027
0.13685851338514113,0.13093698535229376,0.08534375043612961,0.1306746812122381,0.08722743390094656,0.11883671062143274,0.09762913340499241,0.10938221293581073,0.10311057875101488
0.1416427775005467,0.10492557108594032,0.10899144060917511,0.10438174696089188,0.11437436136111785,0.10855850050574097,0.11447863317023876,0.10264157340487202,0.10000539540147636
0.15148160305903327,0.10715615009635855,0.11046551880773843,0.05619654178690323,0.155406663013686,0.11155366527714074,0.12574459805857804,0.03304946599420889,0.14894579390635285
0.09316458353119915,0.10989178717436654,0.09290951163218246,0.23824423425763877,0.10211172587979944,0.07575664489363032,0.10404170306448952,0.05839384302853881,0.125485966538155
0.13166070901054042,0.0969609961891796,0.1072117231227162,0.20004371658618494,0.08648144478158797,0.08847624227273322,0.0936271000977515,0.07656553191375386,0.11897253602555224
0.14950969670729827,0.07714042538883496,0.11611329273054749,0.10865111587773242,0.13238607830508273,0.08950106302379723,0.1289463153126609,0.09759403157995132,0.1001579810740947
0.24208949443716668,0.111246937359549,0.07073877387250495,0.05712855897550398,0.07177038139431072,0.142319265770352,0.09664660808161435,0.10899130225992464,0.0990686778490737
0.17001392289267317,0.09367823126922396,0.13602289700648537,0.11944605889873496,0.08905137039055368,0.12620746001059896,0.09276081322663073,0.040312258370489996,0.13250698793460913
0.23750551355069097,0.10801719043147501,0.1669896446429345,0.1321375066075297,0.07020861146442947,0.07784481897195648,0.08567099132156218,0.04849802639684328,0.0731276966125784
0.11576561137647712,0.18606783182518646,0.07431930813663538,0.2626816622642785,0.08274164200029861,0.09240198180483832,0.08200305113985513,0.020207371281020417,0.08381154017141006
0.1450079145281546,0.09102603889693954,0.07376417887709595,0.09005447462150291,0.10010131609004853,0.13439009496103643,0.11187208883623408,0.17142656974140083,0.08235732344758716
0.08326019573191275,0.0961662014640761,0.09672075765749315,0.08416938399014161,0.11366337306586267,0.15011672884780417,0.12014805000027007,0.11408616823775451,0.1416691410046849
0.11234238629874983,0.1147379986708641,0.08995439355654779,0.2089722457276284,0.1036131858896366,0.11833075694781385,0.10920111452817084,0.0315124285353372,0.11133548984525139
0.14876010927737865,0.16103942420698622,0.1215344690333419,0.08110442567171153,0.1280974501433526,0.10215875541973245,0.11496135589797996,0.03818421186935073,0.10415979848016595
0.08483663444909191,0.1283821739463339,0.1097844816648114,0.08740420308050705,0.09698500568402717,0.09442617773830753,0.11823168323811077,0.17118506340625228,0.10876457679255795
0.05889021648105827,0.10684729690596946,0.09898786148686349,0.26786040059951133,0.12257061169930343,0.10251082972168235,0.1027667903685564,0.037462093962832836,0.10210389877422237
0.21356060963583046,0.12153255582783008,0.10185110076960412,0.1179087756637301,0.10215985221705297,0.10272020714520601,0.11861535588147827,0.03091591745188296,0.090735625407385
0.14365372975839039,0.11486081536828698,0.09431514217352073,0.2171704926338176,0.07135065255741145,0.13534010641341634,0.10504733660830444,0.039751507380827424,0.07851021710602467
0.21924510620850302,0.08882958634987619,0.1605170234353622,0.1262396525251909,0.09100837874961015,0.09094489122784281,0.10731181351240698,0.025158572894135103,0.09074497509707262
0.1450216262790416,0.09373287583808287,0.12359001842562502,0.06552831575186659,0.1253260307772068,0.10360661875475748,0.12092343092658586,0.09322041709968627,0.12905066614714747
0.11083973731201262,0.2053569797468219,0.09765115795453182,0.06699875711808949,0.07758208246377361,0.1320350354935115,0.11790219141380469,0.09468026178962667,0.09695379670782774
0.10048232451766077,0.09361429838153586,0.15269489880451517,0.05856833713270385,0.0749611076472238,0.17208333554109753,0.0829395767279454,0.16718219239601448,0.0974739288513032
0.25223575198212966,0.0739410236258427,0.12237547392158954,0.10616584680525272,0.10262966914875166,0.08534404327832945,0.11408119693738002,0.04979216961656625,0.09343482468415798
0.12816926384618862,0.0876268264354445,0.11707454482875236,0.10249697134083978,0.13276612903405668,0.1029593687225462,0.116374241238786,0.07051292211070313,0.14201973244268265
0.10950426718509838,0.06323704444798901,0.10298950861337751,0.07795793134668359,0.08180598505136005,0.10073779270657611,0.0812480436053827,0.28918150930843667,0.09333791773509588
0.18987475270368712,0.09942926751742465,0.09944122186828612,0.11624500776960023,0.12862475260739967,0.09626778783989803,0.11169466247459381,0.04332828536427281,0.11509426185483755
0.20426513389512654,0.17421679555830602,0.09990278691079017,0.1478734178742788,0.08565305849076198,0.08507012579046679,0.09149805141414774,0.026865239630708998,0.08465539043541304
0.23083442742918392,0.07437427296773565,0.12109184431750235,0.10552302689552238,0.07916727268584493,0.08409611548177807,0.10309857098614371,0.1122498484975429,0.0895646207387461
0.08634347181075726,0.0781289078352464,0.12351808524377383,0.03809515398459994,0.09088773973721113,0.13656460734363426,0.11059013936401274,0.24862626390555698,0.08724563077520747
0.07640368649396588,0.16987362574554524,0.11756974200138764,0.0481988996764598,0.12095189648897897,0.09649156747754883,0.12808759902050093,0.11672177776933858,0.12570120532627407
0.1925710553339747,0.16255380575895292,0.06923394025653706,0.2090082678035985,0.09954873021921241,0.06840420718811983,0.0912631309260944,0.029889287974080348,0.07752757453942981
0.1162374922477261,0.0808951064782638,0.11872210945864033,0.1279270470753202,0.12015384851794013,0.093753652101302,0.14074277302998403,0.060981402991084406,0.14058656809973902
0.17033289090588463,0.11413767023957404,0.08815244966101614,0.21789721568114775,0.09806215635470546,0.07533628977967198,0.08628531181612813,0.058708245805093706,0.0910877697567782
0.2528116148756774,0.09464167900156645,0.09656223861310849,0.12821808370666263,0.09532478853422795,0.096529571720623,0.09468131805173237,0.04211543722742114,0.09911526826898054
0.13824127225558927,0.06156356817834339,0.10990185468005559,0.1906443463329139,0.10987513233772998,0.11030075900466295,0.10191785067179253,0.054530845691276676,0.12302437084763573
0.16067943461562548,0.14721250870938687,0.1327913170716719,0.0961251527245574,0.09312370774456895,0.11398358325915599,0.12104847295528683,0.036909187888258733,0.09812663503148793
0.15940553011567063,0.0486096964591908,0.09543232696335639,0.28482083447750856,0.08442703720961792,0.11618385463362875,0.08478877775145449,0.025344313919004744,0.1009876284705677
0.12967167169989904,0.17453990685182177,0.08917141062803687,0.11730110564897685,0.09319597235030518,0.13473245046565685,0.1117852946850038,0.05209012899122142,0.09751205867907826
0.19260740551774092,0.0731879146576519,0.08851975010994627,0.04168900607121163,0.06965937228650969,0.08566280180499529,0.08868609242366415,0.29304805434994785,0.06693960277833233
0.10356592700645047,0.18484883204230532,0.09455968384447837,0.06168946372196917,0.12184077919696117,0.11051317041729891,0.12256557046573736,0.07677890640552401,0.1236376668992752
0.09137926497619385,0.09039314002131288,0.09415302218176597,0.11491030607737827,0.1229452946946417,0.09758436575045497,0.1071552263932314,0.11531714272196165,0.16616223718305934
0.1678175578866438,0.10256041950654636,0.1307504654192699,0.07762454557924338,0.11946840206235661,0.10579426202377168,0.12496589577700497,0.050710794526546116,0.12030765721861714
0.10359212983782688,0.10892997581549375,0.0989724568548508,0.269000173695576,0.09223832718330244,0.10269600370427716,0.0971187385031136,0.03154511472848064,0.09590707967707877
0.20980154717750446,0.13439335212460368,0.11901006789161189,0.11889564228253972,0.08549133833299205,0.10813219012288443,0.10660545885661721,0.036006216170812066,0.08166418704043459
0.11747694369524146,0.13197716153937875,0.11354831235541785,0.09099346169275678,0.15466744395415685,0.10956193775125485,0.11854505144868584,0.025901080159941473,0.1373286074031662
0.11832681735020811,0.08491240457153594,0.12001612159882637,0.08372114398647988,0.10129521025891852,0.13295158548993632,0.10504504540342019,0.13523980475967837,0.11849186658099621
0.25415709690055094,0.09124557126837136,0.10144182357430391,0.05951896764343454,0.06796427705398277,0.14158107128701267,0.10831875250758394,0.07912500649840508,0.09664743326635487
0.15031291526778334,0.0927809641537381,0.13635415167422812,0.0939766280523366,0.0929843269322097,0.10846028732223482,0.08807881894933346,0.13670111561204978,0.10035079203608603
0.25851210446675604,0.0640421258307733,0.0681562565050104,0.08862101122772574,0.10322098725205271,0.10110951254507843,0.08487135839520238,0.12273867149205742,0.10872797228534348
0.11181218728449649,0.17138224519828668,0.0977953231426955,0.09644727738714887,0.12316890330857178,0.11785443485288849,0.1299003536510086,0.03052858816717523,0.12111068700772838
0.10810095578539765,0.11301963629464429,0.12913217588469153,0.09280307143968397,0.11558158453973355,0.10963977585004238,0.1440380109109343,0.08447374069134013,0.10321104860353215
0.17836715362560415,0.1500500038084959,0.10234807757216023,0.09178497878525509,0.09274294349522573,0.09585754114005156,0.12417149530765097,0.07257497397434494,0.09210283229121156
0.10670789564683335,0.11094216557522003,0.12472961082579907,0.06929691553765356,0.13852538276103635,0.09622244818465849,0.13418133650519526,0.07909593302381306,0.1402983119397908
0.11472978798763238,0.14493963624094114,0.11661225485728886,0.07514117412478835,0.11738417250430962,0.11252966427286167,0.14688800003559407,0.05655459119643399,0.11522071878014994
0.12615814276833956,0.1682661756040529,0.10259898208019319,0.07473765394306534,0.13300923084982685,0.11014402362670071,0.12006851138574737,0.04950213139875798,0.11551514834331604
0.182338465291774,0.08530290480389564,0.09206813502060081,0.18153326121040178,0.09376276514312505,0.09811585194634088,0.10745109900791579,0.02494084259597368,0.13448667497997233
0.1366269540377375,0.2769487791431557,0.0788507316573744,0.08205322864618117,0.10393273271534607,0.09131933807038894,0.09537143559048449,0.04121154263717617,0.09368525750215555
0.19226838855304804,0.08478064525520161,0.0924228263147847,0.16618473552936874,0.06837809737520206,0.11754013027643269,0.11114713492108262,0.06559101941152919,0.10168702236335032
0.1444545244923577,0.11076275730966105,0.11915550419217517,0.08178341973985327,0.12023253980133541,0.11476138594611456,0.11291273071406847,0.0686886197710902,0.12724851803334417
0.20782884485644018,0.10500121900685762,0.130924906588024,0.10206955106318193,0.0984035687789427,0.09111808386304564,0.10665327356614475,0.050768917628589004,0.10723163464877412
0.13668474329573674,0.06689268233873125,0.11353314016091805,0.15280188771449824,0.1054830381755565,0.13432680087925633,0.11596012120309186,0.07259542295704739,0.10172216327516363
0.1819888241124041,0.09822723996953546,0.10857578001399056,0.10195974878130266,0.09976044016469125,0.10602876803352006,0.12346789613182348,0.08136565155231033,0.09862565124042216
0.08294552162197921,0.14991318908967446,0.10171795616466456,0.06550893811122498,0.1396146918185061,0.11381379905593286,0.1248148643524526,0.10341934902060441,0.11825169076496074
0.16292544416370505,0.08275762162302884,0.14354768098432127,0.1342561548551683,0.07997112544821433,0.10053472545271337,0.0954592543690394,0.12177836999768928,0.07876962310612017
0.266971207659867,0.13684565458101294,0.08901848061003818,0.09648574805283222,0.07527928055255857,0.09651822327895865,0.09450657729701989,0.06963426982795769,0.07474055813975479
0.22971328585107723,0.07636697860801495,0.11873198402755197,0.08009438681804913,0.08970904485023073,0.09375464045496174,0.1028887894824192,0.1275800169718705,0.08116087293582454
0.1737335169492545,0.10037799275614513,0.1551791213359963,0.04954813095315741,0.10494445027250544,0.12333120902136674,0.114319769310353,0.062166820583494355,0.11639898881772703
0.18466195381603387,0.10817242954187696,0.06511616585971312,0.14748952635873228,0.06090445906257997,0.09606138869878499,0.0815015726606561,0.1767987234557582,0.07929378054586446
0.11344963229697431,0.18897909226587326,0.10228257511276713,0.07112085789015614,0.11800751327358146,0.1160634126079616,0.12426893755626756,0.051817032465086094,0.11401094653133255
0.15650560783087644,0.08558684903630241,0.11580285001532882,0.18791291140996338,0.11084785653302293,0.10102335086860333,0.10419067041623721,0.041948003978274716,0.09618189991139077
0.10244855628076828,0.15835349592011233,0.09258238459150624,0.11996652334726528,0.12858126417349044,0.10401107718655084,0.11783629164845073,0.07492793342136066,0.10129247343049524
0.14483607407434168,0.12219710990358683,0.12443378015776596,0.07624190922264988,0.12744234023810433,0.10000315260812999,0.13213043137592304,0.04990683930256915,0.12280836311692912
0.0976490856593284,0.08409217442284316,0.14454038375231618,0.04127651704851151,0.09721956726882515,0.11964384002414234,0.08142876321836667,0.24266043794525358,0.09148923066041302
0.13213924942068284,0.09850515536517483,0.12548684219455034,0.08264734354955205,0.11375916257478158,0.11872988527541793,0.12140252029166554,0.08666115082161518,0.12066869050655975
0.1393491665471401,0.11405250768241883,0.07988583515739382,0.06450388927246521,0.10346392812621759,0.09455217664290298,0.10375168373631145,0.21649920096157027,0.08394161187357978
0.14773815500383614,0.07823326637823382,0.11967193658561441,0.17445707606267077,0.09670785539853403,0.12312710994722141,0.09605704005070255,0.03859259919524497,0.12541496137794186
0.12038461858931715,0.05258069416487976,0.08569336437795705,0.2635615307232324,0.11031940750251727,0.10778110706246535,0.08862928017288794,0.04728853469149347,0.12376146271524964
0.21402026919035022,0.09564002619766061,0.12566103830186584,0.0913212832846247,0.12139847330257929,0.07381201817416964,0.10885933070139986,0.06828072832260279,0.10100683252474696
0.16562843017537074,0.0943370678962681,0.08854405337693534,0.2005226948225632,0.10557200206856417,0.09505999674794119,0.1058475937338762,0.030788281961953715,0.11369987921652742
0.10418152787926432,0.09440363650175833,0.07072037612552388,0.31494291046895767,0.09372450569168973,0.08477756256385356,0.08156845896920732,0.031013182418822064,0.12466783938092306
0.06908723285928178,0.11731672858166226,0.11068056672840197,0.05553142745982247,0.0924977976278631,0.10549828820547232,0.12500011299599695,0.21904052513073966,0.10534732041075946
0.07497812447656045,0.09003439649836392,0.09416116854366118,0.07970442823897984,0.12168342750905088,0.12499080259657863,0.10320192270796742,0.19695500782934405,0.11429072159949366
0.18255562326575156,0.16907109445869908,0.1075064823628012,0.1071076136630907,0.10484652726885428,0.09184520366928195,0.11167800380852756,0.03727373540796519,0.08811571609502854
0.10582042951079029,0.11068969407128375,0.09063194671263124,0.13655489641481092,0.14578607668785204,0.09252480470403361,0.11180771573646113,0.08642549615113342,0.11975894001100369
0.14773278645560503,0.10495752266135039,0.1099557641144886,0.09403904778216769,0.14552545523796537,0.10788330912380628,0.11912800686134388,0.03192771291221321,0.13885039485105946
0.10682659686666039,0.12392984519890717,0.09099140781147565,0.10465169181381638,0.10900549698540958,0.09184587268667825,0.11208542268504622,0.10958345349168497,0.15108021246032147
0.20898907151216917,0.10241646126827618,0.13637344470136767,0.07134229141570447,0.11696700884259159,0.07857657815846913,0.1225162651960618,0.07524743892349016,0.08757143998186968
0.1279398296004924,0.09149177180762554,0.0958974839166908,0.06299306722785197,0.0815093523986097,0.14124335757661283,0.10800298887472452,0.18927412537129484,0.10164802322609735
0.10427436608986722,0.12319750569664183,0.14353554173995686,0.10701973771281335,0.12863879651125523,0.11743689404746711,0.11816868980116428,0.04235809635242032,0.11537037204841377
0.1632390254040169,0.18807364234606816,0.10111551156165681,0.10159302614048105,0.08554762479517798,0.08886906708810459,0.11039767013392154,0.04818347986802433,0.1129809526625486
0.11809734603120438,0.0992122919440066,0.0998493642256561,0.08031747516216557,0.11596064256053921,0.16992491368394091,0.12741426364421635,0.061255457959225934,0.12796824478904492
0.19204848727148438,0.06011822468989598,0.13708470064564612,0.1104499830460021,0.08886286113904429,0.11346618026374157,0.07639899946920019,0.14207290786760193,0.07949765560738342
0.1757466815394384,0.12487723511642419,0.08721801390985016,0.16696359317045883,0.07280841740251025,0.13743843858416624,0.11744224299942647,0.0350972857005454,0.08240809157718011
0.1856276203874204,0.11305938963047761,0.09434087958341521,0.1403400865204607,0.0835180249794883,0.1409057702627131,0.1059842698098243,0.0581041973369324,0.07811976148926812
0.13118178811557135,0.09177406901949668,0.10811883589467801,0.13234533550298133,0.12557878512368525,0.11907660333646941,0.11130340029465742,0.0769490531983239,0.10367212951413667
0.18253390777035838,0.16459790744380245,0.09237072658484353,0.0772070834973108,0.11032050522970431,0.10572513062433186,0.1110983013792426,0.04408539227328082,0.11206104519712512
0.1251314905661508,0.12194974492780657,0.13247548202555706,0.11630872422474643,0.11451476946332856,0.08110751984443472,0.11989515885749048,0.08107340596505914,0.10754370412542623
0.1033978758032366,0.09536807776903879,0.11194433945889685,0.1726033548000736,0.1267557834622065,0.11628522266280043,0.10249957900837368,0.03483835814578805,0.13630740888958548
0.1743108034030876,0.12898290732309087,0.10739817649418922,0.09206428567324737,0.11844762907082684,0.10793496742198445,0.10596792039661922,0.04301915762228031,0.12187415259467405
0.05516092326626382,0.12142008179180357,0.09359301016748194,0.0386820713668776,0.0988332551078227,0.09337530661705717,0.10379266392676229,0.29941099195841203,0.09573169579751895
0.09624142756488813,0.1330225934101599,0.10443040346104089,0.13744862640355648,0.09339173954258521,0.10539323502120275,0.12476864754480776,0.10600780356285296,0.0992955234889059
0.14358442628481313,0.13092286422770086,0.10910747842578385,0.19043583690817778,0.09186997438360733,0.12055044341382233,0.09056403629863054,0.014885863893426868,0.10807907616403721
0.1293076922201136,0.10258590549276814,0.10333559239423169,0.0870986451540865,0.12217062948509998,0.11310984512152167,0.12104957624527746,0.0791639634364086,0.1421781504504923
0.15599776008549876,0.10620459605345545,0.11673812043954944,0.060901690606130515,0.09102542950350516,0.10402282947864387,0.12312914139422772,0.12305558637821741,0.11892484606077168
0.2079846708094236,0.12316805566173451,0.11439435351537698,0.0354160692347577,0.07685480124887085,0.14799212175644516,0.10709752734227174,0.09649256224340717,0.09059983818771233
0.0842731679800779,0.08917758592946422,0.10908651035888568,0.18940556368972586,0.1504201413822342,0.11738774957727142,0.11389516668345935,0.027823965497616784,0.11853014890126456
0.11554810859281865,0.10028853635514805,0.15745354036270653,0.08485719444251742,0.10859289482686517,0.12291592159766003,0.12391602431679605,0.06122874674840681,0.1251990327570813
0.21687194722182532,0.08401045156249805,0.08875133429152766,0.12316603188872659,0.10076884012445841,0.09654999588445888,0.10298340576562363,0.057678360708444565,0.12921963255243699
0.13186802738806205,0.05583789610415171,0.08054245406997528,0.05124297105924033,0.07528012941739474,0.11708966871171249,0.10511186969425797,0.2886152610168188,0.0944117225383866
0.21792652731320986,0.08728891553420225,0.10239813692574813,0.08570039574179888,0.11240111414068898,0.09644799323339791,0.11109696524584434,0.09193209821078252,0.09480785365432716
0.08766683070082394,0.07032038641069491,0.055860061766771385,0.04025164066155326,0.06035688959646205,0.10531113301772053,0.07850610704179913,0.4338824882824713,0.06784446252170359
0.14874570969427212,0.13355342496452002,0.11893135571763212,0.09709578553723082,0.08335217811275186,0.09539395726243605,0.09157385061808744,0.1553516028976578,0.07600213519541173
0.11747024340471228,0.08703272364410473,0.1417343898323327,0.10759854135094594,0.10389646925787883,0.1303593322818699,0.11795833590437042,0.060104560396216,0.13384540392756916
0.15864381524767598,0.12565029823813337,0.07939769332027281,0.22085558028024987,0.08846624515445879,0.09471308660609006,0.08860089318303883,0.03831634138435396,0.10535604658572638
0.21094482423006447,0.07775066602536378,0.09673647354786179,0.17645132708223502,0.09438075490360988,0.09930313524501427,0.09999969119765562,0.04520949760616375,0.0992236301620314
0.11274766457666739,0.13575936472755834,0.14837106644120904,0.0582857355859204,0.12166023795847593,0.10695190273013988,0.11824616073310334,0.06682731332770582,0.13115055391921987
0.08484091633278444,0.10434408902490529,0.08518399534392722,0.03271967814503906,0.09987159763025522,0.09404283508521911,0.10438917342486764,0.3140342134604342,0.0805735015525679
0.16708486944561055,0.12007118012615019,0.11309158664385799,0.14903679755963484,0.10182305663078889,0.09169121636664564,0.11414914865399568,0.03611849301417077,0.10693365155914542
0.11200295715427204,0.14865657411602642,0.11062059663443331,0.10585198055703388,0.13190571698581272,0.11113517959864594,0.11611464132134018,0.032656016157040856,0.1310563374753946
0.10368503517387166,0.10659423042176162,0.14509320800336528,0.0672858115620908,0.10760264174760377,0.08934333442160754,0.11847308399194477,0.15407730787498988,0.10784534680276468
0.1756040244029289,0.08225671356732468,0.12433349242949326,0.1335977554540715,0.08253080080835885,0.11475929021834176,0.1172524381806197,0.06430953464556939,0.10535595029329187
0.09750624102813855,0.14030077310047062,0.14006584656228507,0.06782321013897892,0.08944007652073954,0.08642179780809578,0.09940199386201881,0.1378259325649766,0.14121412841429618
0.18014048322061615,0.0835324149508417,0.0959979986240423,0.22585128190266382,0.09602441943058974,0.11061249496463084,0.0875956492018737,0.037745701336606576,0.08249955636813515
0.17848479777182422,0.12753121649908403,0.12751957540221795,0.12644578947160476,0.08012356007242279,0.09311495772012175,0.09877080654172528,0.09160593804677473,0.07640335847422461
0.17872558815826087,0.08968636410532715,0.10615566454064362,0.058258393034784785,0.1256192128566833,0.11968665267478813,0.10887008239839159,0.11190318571780862,0.10109485651331192
0.18491692911653548,0.07463415238152309,0.0931281597948153,0.1789125155513452,0.10204702290345828,0.1199789597997324,0.0935135498665683,0.037059005954274755,0.11580970463174718
0.16808487318816626,0.11884405730145092,0.12824705410299744,0.11944042834335668,0.0884654820373253,0.10697527631286279,0.11783300552566241,0.0799403108995526,0.07216951228862566
0.09984679680011721,0.11174904827851594,0.12519842966074415,0.09464587341807336,0.08677787222847487,0.1402354101853349,0.12174691386675451,0.1135516379478133,0.10624801761417184
0.20966495075966327,0.09825707732373933,0.09478549648178096,0.11119037495019053,0.12152102409109676,0.08479810482036886,0.1228794344932561,0.03543111427486237,0.12147242280504188
0.20714625824567542,0.05999403302852413,0.10875546492101944,0.0918372770006161,0.08556060166022626,0.13400135761120385,0.09150416790237248,0.1487244429627529,0.07247639666760952
0.10995056787638052,0.08374861944259519,0.1601335254149271,0.11432905302276913,0.09692601220943568,0.10200844332314568,0.11401119055704434,0.11151844268416611,0.10737414546953628
0.10284620813007057,0.08897752965898136,0.1603344041907354,0.05921350082978466,0.09961543862035187,0.09775346443124604,0.124784189607427,0.1529371712728539,0.1135380932585492
0.09225516957215817,0.0825348263748456,0.10949917302973226,0.09351283072688572,0.11349805108885942,0.10774058259555204,0.10696658916785536,0.17441370427118405,0.11957907317292742
0.19607129601595663,0.07193703067062772,0.1347169922384989,0.05000518202828652,0.10071634751271046,0.1245364013245791,0.09145364838670651,0.14375861204004461,0.08680448978258949
0.09570614371913654,0.13286424135492894,0.13303463195360254,0.09042382568106015,0.121398311530021,0.12659842133491697,0.12742352952635985,0.04390520273550514,0.128645692164469
0.142198134963032,0.0951515142650104,0.09642542233086569,0.13509776005201954,0.10760420762849347,0.09689673687096295,0.10847954512987558,0.07171404135157587,0.1464326374081645
0.16083930374236816,0.10187292030187171,0.1585110476775639,0.05509707195121568,0.10279926420851675,0.12323236795823543,0.11758496273730905,0.06829745915051548,0.11176560227240391
0.15230721842837622,0.09816297382872181,0.10676031435905843,0.07429417977562701,0.14415426500660874,0.09249809200742988,0.13711386253944577,0.06072614563607284,0.13398294841865935
0.09989276449794705,0.1519394439281548,0.09009158224391445,0.1425138094249519,0.09431032431017106,0.10832373475064205,0.11760970998764177,0.07690899464594123,0.11840963621063562
0.16477718556846516,0.09258150281993467,0.09690139398828773,0.0620719643308803,0.12601992753822935,0.11354323647634024,0.11255908596133885,0.042088419968387754,0.18945728334813597
0.10878428783167687,0.1218279081432871,0.10517831567265702,0.1108555653946353,0.11291187847393848,0.1322727332797983,0.12951333153504843,0.06541316306556427,0.1132428166033941
0.24067807102949001,0.0867978942697738,0.13166900030282624,0.09691738352897639,0.11278788273194133,0.10408136013626053,0.0982331586906352,0.03468853723352803,0.09414671207656844
0.1938632622384242,0.09684170058319301,0.09673052296514432,0.08987283798737972,0.12233235918095002,0.14023982371363877,0.10263905999289887,0.04343749843607725,0.11404293490229385
0.11281021810353954,0.10293458689023188,0.08475660059047267,0.05718280081393867,0.07565475212810409,0.11690952459184333,0.10073170689294625,0.2552746906840096,0.0937451193049139
0.15198439555191337,0.07487982495492872,0.12714406281385884,0.08767454318450753,0.129425267936939,0.11731284852005743,0.10764574917971885,0.10918741363155815,0.09474589422651813
0.09928399676647787,0.1476748189103085,0.10771332918462945,0.08201439136524515,0.11974148682171516,0.11725018514968057,0.11978984088683022,0.08242912277760046,0.1241028281375126
0.10609014807960741,0.17937227422862675,0.11121800580530594,0.06151847330058471,0.10439927085870278,0.17740936863857182,0.10439093485005259,0.0452136752419293,0.11038784899661867
0.17078095479296995,0.1492487180685769,0.11377553071798974,0.07787739508114748,0.10431633463262795,0.10854600272526375,0.11862050838964754,0.05301754655177384,0.10381700904000289
0.07088011681881347,0.08566065703994402,0.08428384694911845,0.27926223535315636,0.0932878151206144,0.09990331171609368,0.09765637374392848,0.07699377610633226,0.1120718671519989
0.08247245861996387,0.11694736671076335,0.12315358052938515,0.07009820165425908,0.11808720692882403,0.10109884478069468,0.10916327034713617,0.18033835054663946,0.09864071988233424
0.13011047171539147,0.09945103744183341,0.0979640568243178,0.10358903599018332,0.1136913990370219,0.09465890811455546,0.12090403866826739,0.09894407227402484,0.14068697993440438
0.09891089519759134,0.13201387377849608,0.09701449444438577,0.17132437646338958,0.09048338552399647,0.1593936695528536,0.10237070998035148,0.05715338374518875,0.09133521131374689
0.09431549983062804,0.0733849076766764,0.07113655371982314,0.04883047360480216,0.10185640305761849,0.10928292919123052,0.10132228306333618,0.3010860611098769,0.09878488874600815
0.20207555218265705,0.10837802952906304,0.1070166794325123,0.11136678034209675,0.10791258906484309,0.13912615501839898,0.10223709183511838,0.02706713941045341,0.09481998318485706
0.09984925403965034,0.13425599625431262,0.08781307746952947,0.2324801853624147,0.09343061878977577,0.10377668605030656,0.09959761313599107,0.05584647907820824,0.09295008981981125
0.263648442076311,0.08875786199750546,0.13842677433339623,0.07833204921633269,0.08625260798844335,0.0951069761783437,0.10306442247343846,0.04502265968594793,0.1013882060502812
0.13520201808480967,0.11896598155362066,0.09212183210978851,0.10897720778054278,0.0933380898279287,0.1278254469149118,0.12459906817611997,0.12061930289898974,0.07835105265328819
0.13666685206129317,0.10597066720352259,0.13443697283071898,0.09057941716040792,0.11828275405268283,0.10612173900496796,0.11156484679344546,0.05741656308682408,0.13896018780613714
0.11699521624970877,0.175457020190624,0.08662464976921956,0.17161108060973176,0.08176500055074522,0.11690058293029959,0.10387633971195016,0.03667542794126193,0.11009468204645907
0.2394872206711791,0.1364951412856145,0.0882801399090379,0.10682313069663302,0.10059916214505472,0.10051676568736151,0.10127628413249869,0.026706457760473454,0.09981569771214711
0.13480875813595997,0.1460289510056573,0.08730124622872372,0.17608613882721594,0.09545830477929436,0.10532588253491208,0.10221111672262474,0.034052597151944045,0.11872700461366781
0.1077223987421491,0.097928578453562,0.0971763873443166,0.10605123607777593,0.11722638498667427,0.1250560688750873,0.11298042544909863,0.07253225598563337,0.16332626408570283
0.1440150856162972,0.07860781711056808,0.1234326030649296,0.1723448438953109,0.09252432017688483,0.0815710265976134,0.08779559936358176,0.1377053921700496,0.08200331200476463
0.05856660471232547,0.08192911687853661,0.1064109389932537,0.05605845008068181,0.10975499738928766,0.11997216136394599,0.1076186358440665,0.24450783477437188,0.11518125996353042
0.12065406353727552,0.12188513709041031,0.08667209923965818,0.06472134586095599,0.10824304194929779,0.13953724905338957,0.09904410559176387,0.15813824306400062,0.1011047146132481
0.11013935728756025,0.11783921304222396,0.1255600169414528,0.11103750695446818,0.1147658279449892,0.10003818860403274,0.11986988495938278,0.027659057002853742,0.17309094726303628
0.17112593187402358,0.12768494761485102,0.10289908284673782,0.10590947143660694,0.10381940632116686,0.10057691108920387,0.10737654220729047,0.05014944591810563,0.13045826069201386
0.0802552543964791,0.10053893559785616,0.06351936971638673,0.34204778885569337,0.08994167801495619,0.08659860422475725,0.08258787459289015,0.03600633086740635,0.11850416373357475
0.14084317085514866,0.06891932867963892,0.09451896372309276,0.16685523219519158,0.09971676842723044,0.117235082184589,0.10090189546033212,0.06822303905791294,0.1427865194168636
0.13115688666841116,0.13363267898427278,0.11520241292304967,0.13976311129882218,0.11568647977682846,0.09824496420427288,0.10647327490570076,0.05617121836727549,0.10366897287136667
0.13648635590157968,0.12405914410073704,0.13639911535824692,0.07216747629372777,0.11083646131012925,0.12329098671369489,0.10892933822256991,0.0689702419544297,0.11886088014488476
0.2540598531423793,0.0746731541596992,0.09043668074591776,0.0737535849898397,0.08703178707435542,0.11247129736326977,0.11247567352300986,0.06287119684591187,0.1322267721556171
0.11198817072323342,0.08194845214824324,0.11685177432347042,0.16333690083653274,0.09021086598704324,0.1107502391544941,0.12021674905707481,0.0727743759653544,0.13192247180455363
0.12587149629923497,0.08519201019509737,0.09828255058556425,0.23064772716333307,0.09827341624338158,0.11288187023504097,0.10160346261915952,0.04821484801551714,0.09903261864367115
0.16612760215279088,0.11116399266056891,0.08958840149379003,0.07879351519229609,0.13942042459870427,0.0990822876225559,0.11228164613292337,0.05790017332640449,0.14564195681996603
0.15822753076923002,0.11862853144252411,0.11756885854605104,0.08001542827234165,0.11943511388404097,0.11106919707864911,0.13039809416143366,0.04362031138198841,0.12103693446374099
