0.11486366635193375,0.11948755116994697,0.10660746870163151,0.10152469203062363,0.07610375078162666,0.14102568545908226,0.16947079825717526,0.05760096273109039,0.1133154245168897
0.10338024104206572,0.08124556482815554,0.10018766103780684,0.10313391508352383,0.07561292498767162,0.21308224663461464,0.11779220830163699,0.10867798827937637,0.09688724980514853
0.12618702756196326,0.12320452175894064,0.11242829589515914,0.140505961425127,0.14289913882651742,0.08662944657829862,0.1015659762642128,0.07155294243953765,0.09502668925024349
0.10750918830727706,0.08887202404896839,0.12410995163196765,0.13110827936017674,0.09160394780961538,0.04031097761185556,0.1280774239565126,0.07431207331463567,0.21409613395899096
0.09324795005486698,0.07619769275497852,0.07984117099546913,0.0911167804701728,0.09618045476340649,0.20820103387776148,0.10877380853691171,0.05100706490159252,0.1954340436448403
0.1366621019760587,0.07917638281629491,0.10908820494775844,0.1450824269611516,0.08091460452567532,0.0714705485987211,0.1758386108273433,0.10761959144090229,0.09414752790609437
0.12153894683349149,0.0653014137470463,0.10916852891991413,0.1375231197381445,0.21449817805391933,0.08087254524528663,0.0768765777814381,0.059356012200065346,0.1348646774806942
0.11932428238320532,0.07857095921624242,0.12402456254330217,0.11506343840891246,0.21277343990049769,0.07121993839239373,0.13294930804170033,0.061408527525263656,0.08466554358848227
0.10162627226606376,0.1514201141028094,0.10128780309783948,0.10435424147323713,0.19982053230921934,0.09294585402556611,0.10057957390248239,0.04210758418603178,0.10585802463675059
0.10750277058692394,0.08779826691846244,0.12609373344623778,0.10706375109289544,0.12152984198958505,0.11957692449409034,0.09707665636094913,0.10162273575319541,0.13173531935766042
0.10839519088242107,0.0697311196986329,0.10800340208616072,0.10190633553843038,0.1289953151695397,0.06160351707840291,0.20459663746216136,0.027986469184345785,0.18878201289990523
0.13871862473767715,0.06263725318631345,0.09277243589877265,0.10487233875104496,0.16121276472409965,0.07152728624087017,0.0922447857822654,0.049705649706569634,0.22630886097238692
0.11174244974887232,0.13691456884092426,0.10633112683306517,0.12165548761282041,0.09843750427518967,0.06973577989814511,0.1254614841416099,0.18068915431348498,0.049032444335888103
0.11281432645988354,0.14189626988464252,0.11270662762498747,0.1253963438413078,0.11040052823567288,0.061330194487240586,0.0869273421025296,0.1525858353401932,0.09594253202354236
0.13589385853966637,0.08251320252741554,0.1242109528427399,0.15116189434827604,0.20376654257258484,0.044811066233857916,0.13314992409134596,0.03630268631645874,0.08818987252765474
0.12259943747866252,0.11810484667754444,0.13369411923857347,0.12937138243822002,0.14438246359315257,0.057534626706487034,0.11567897224884167,0.05041066545104639,0.1282234861674719
0.08395419027733776,0.11445546504394333,0.0799216766836528,0.06858028029114796,0.11255264004949272,0.07098192159302115,0.121585556790249,0.05133603305938166,0.29663223621177354
0.09673220655375603,0.10528812073910093,0.11433816937958341,0.11791073443129339,0.06673268181990899,0.07718293015928386,0.10378644237607464,0.2533751748126902,0.06465353972830862
0.11310548922257911,0.09299088856972632,0.11202530512180105,0.10886615943061632,0.0926030634512629,0.08702192496062451,0.15914691117739063,0.05994289905273392,0.17429735901326526
0.09640113018475488,0.07806362131886802,0.11016344973064314,0.09412442318391077,0.11894436626480635,0.14713936671880437,0.07457159925421904,0.18166208994938124,0.09892995339461218
0.10991633666012025,0.08505978469296464,0.10087796021293334,0.09966600629648958,0.07799027328925624,0.12589540919307118,0.10415454981831997,0.023479649296409607,0.2729600305404352
0.09852132975151791,0.09950916219794537,0.08763025649270291,0.09721181410634323,0.12120570181983421,0.1639268513483604,0.11800280941662616,0.025618922065009864,0.18837315280165987
0.11859033035861943,0.09521878519447195,0.12858825257642534,0.127654047242845,0.11653137158101023,0.14060185719967128,0.08973995967402587,0.06856659452273106,0.11450880165019993
0.11147238474388044,0.10354061324308479,0.10739766868540028,0.11127537713058838,0.12985320173753445,0.11708545177210213,0.11533421142122953,0.1034316262176499,0.10060946504853004
0.13513296439801728,0.091104953093335,0.1291905823129477,0.13754061751792168,0.15539248965831032,0.05146920070070926,0.15611826541164509,0.043092991834406465,0.10095793507270724
0.12068329170105485,0.10176056744991269,0.11934694918342274,0.1179784808595623,0.09222719713979406,0.12403548247734637,0.14553545017964895,0.0766778530243375,0.10175472798492058
0.12021188103849606,0.09441577991555228,0.11634535802982086,0.12091562136321408,0.16155488476791635,0.053486668888731353,0.11639738928072622,0.05446060735381474,0.16221180936172808
0.11511477275610688,0.08253912935703844,0.10423284763078665,0.1164354587361307,0.06965863540085235,0.15352983292264957,0.09598123356731618,0.13427168045880714,0.12823640917031207
0.11907629960218934,0.08863781302978274,0.12287613162889521,0.12070532697077023,0.11865736532048467,0.034321066874643404,0.15928582017944173,0.11678270190263056,0.1196574744911621
0.09412439198160556,0.07764256745089072,0.11208969509149276,0.10121151116802977,0.06676650318870435,0.27250765263094834,0.10604486803810992,0.09025047854983263,0.07936233190038598
0.1151219690766897,0.11497274065595613,0.11264389183964496,0.12079183279843499,0.12612146888783507,0.11558720331349753,0.08915517262692481,0.1116179901553735,0.09398773064564343
0.10118215874985932,0.06777762424408135,0.09676137164174971,0.09437121173650269,0.10449300499232128,0.12444895251038128,0.12484632297665732,0.03395051128313593,0.2521688418653112
0.11933798869295763,0.09490383570790001,0.12512800458072107,0.12725473062598244,0.10300184346891916,0.09736275579708105,0.1189342318959934,0.15192593552792377,0.06215067370252141
0.10848409253779594,0.13093435621616867,0.11487348441055083,0.12246517940167827,0.07993692252648164,0.06098910836229123,0.08632201306575149,0.21601607765959216,0.07997876581968978
0.09961644870282317,0.07548266061167323,0.11611942044109154,0.09731080538443071,0.11971897310412698,0.0884642874973336,0.10169654432610407,0.029759828726635962,0.2718310312057806
0.09457973182861601,0.1485463177851684,0.08483036267417549,0.08614744377388693,0.16164837286297606,0.14556772716860425,0.08265836424059401,0.07467582122039061,0.12134585844558822
0.10987368876996599,0.15408587685352884,0.09780743965500292,0.11589941045447094,0.1304286392490187,0.1259865280954716,0.13755101173428955,0.025611790253040948,0.10275561493521057
0.09834097795192055,0.13519143665427505,0.10910952284456937,0.11182503715076464,0.08118982535475404,0.08584094297929828,0.09027979284941823,0.19362937754374054,0.0945930866712593
0.11310778810548365,0.09177171052726514,0.09459226367912103,0.1026293318860891,0.10664449039388335,0.09906025863123631,0.14501623739325656,0.07359587708021466,0.17358204230345028
0.10729567432722847,0.15334856863718352,0.08931564819713178,0.10129066353666716,0.13003266155300397,0.10916681094784823,0.09087587293667355,0.05123632052566324,0.16743777933860007
0.10063578365154824,0.16686134012592183,0.10234551059742335,0.10575993377514041,0.11186880124523198,0.12744948183466465,0.07990781130456932,0.13028788809076777,0.07488344937473244
0.0821805057549324,0.09935716583168486,0.09293686479271318,0.08966193812469912,0.057977593756261825,0.2725198211430313,0.08041461263840449,0.1767782754285223,0.048173222529750516
0.1005802498218063,0.12312945746214314,0.0989062063516752,0.10214172148154439,0.07130895930069049,0.12150611032315278,0.1250566147838621,0.09743906803590664,0.15993161243921908
0.12557293062400463,0.11304872921249903,0.12795505183599176,0.13699258454765853,0.13691880486046157,0.06328510594012059,0.10747183458657061,0.12411837848490552,0.0646365799077878
0.08837472410367153,0.16586975509951224,0.09864543062030612,0.09876687134550395,0.06703175717639269,0.08721578909927208,0.07717831212547753,0.09912557058786518,0.21779178984199862
0.13064660085252885,0.13541027312905332,0.11177759518399634,0.15297686137364805,0.16699437031731845,0.0723785696848455,0.11324787008975006,0.032628436704188614,0.08393942266467082
0.0834611834930124,0.1738640855188377,0.11023496417108154,0.09128119050689705,0.11880605649796322,0.12019351008978978,0.13532487608147115,0.05206837699335962,0.11476575664758763
0.11463790082502233,0.10089141121237855,0.09607977854331819,0.11115163532900678,0.13398678533609285,0.125622375505841,0.20132952457506023,0.03996458020184771,0.07633600847143233
0.11579066011765948,0.08982960998777335,0.12164336626475013,0.1225371707248805,0.13628551556501736,0.10447238495555498,0.11684490084457204,0.0689623142088923,0.12363407733089989
0.11193426770810504,0.1121693220325241,0.1144199186465601,0.1159146193342027,0.08209131519979487,0.052569045712001994,0.15361001783128572,0.0725982704381347,0.18469322309739064
0.1172188708372685,0.0829123470526217,0.11347306358587154,0.11635433895687591,0.07035098898690757,0.05041951556765575,0.11372320074765091,0.08208445911752288,0.25346321514762526
0.10728893638376791,0.09397493380267756,0.10392446628441614,0.10219706177008059,0.12710159752124076,0.09665386355344203,0.1235226841672211,0.07479869505592987,0.1705377614612241
0.08784118652582214,0.10472046096029446,0.11295752753501313,0.09611008129393277,0.06197681272731368,0.2955937505355604,0.07996573518236627,0.07128704718117779,0.0895473980585193
0.08960262968473219,0.09289824238067103,0.1182116819424613,0.09468742068362995,0.0867365757870513,0.21027224200163197,0.07763637232530259,0.05513541053425488,0.17481942466026487
0.10944349330455305,0.13996534698918175,0.10233164236984736,0.10071268249065736,0.09231954221864154,0.1511578711808829,0.09500982447702595,0.04743348796808979,0.16162610900112037
0.11102524401132614,0.10754291874273629,0.1045433137978636,0.11626639469227279,0.11051491138921365,0.10841601416772643,0.15315268873339663,0.1150364869629243,0.07350202750254002
0.10009572077435798,0.12871215334570094,0.10506474685439161,0.1047584323067408,0.1349301773745032,0.12069791608219116,0.1042500804516839,0.1542186981285078,0.04727207468192255
0.12097992185276119,0.16332386117342593,0.10587044573566827,0.1230146252929466,0.0818947496190463,0.11868283344342505,0.11159799455745867,0.10077024145862112,0.07386532686664692
0.10384970283985173,0.14745233474718197,0.09840126894726832,0.10856178166686274,0.10186015133248581,0.13619215134462262,0.11517935622714948,0.056100203047494156,0.13240304984708315
0.12411046071394873,0.06987650084635137,0.13598193566112307,0.128689270907729,0.09775053872806748,0.1374131841629504,0.15964505900887874,0.10350093711175712,0.043032112859194054
0.110305781501664,0.11833475585482618,0.1156359783701002,0.12145414615050294,0.07675993426570729,0.16219564873331838,0.11131932342136414,0.13034026360672962,0.053654168095787214
0.11793966841482656,0.08942855382131758,0.10624015681480743,0.11093224247045981,0.1200096272853125,0.17946518847348072,0.09435196863232213,0.11624766293531875,0.06538493115215445
0.0980056665502197,0.1473714356363752,0.11149401595814774,0.10785882029362104,0.1163993218014655,0.11156920656509602,0.08452559149446554,0.11999494386635795,0.10278099783425136
0.10620193183394118,0.07332312270078191,0.11466063852698209,0.1025312600079457,0.10607769483387001,0.1370451070437215,0.0908377265259702,0.08817125410146687,0.1811512644253205
0.09737807517884249,0.17064171094992509,0.09862938177704061,0.11777315406980826,0.11558582172196404,0.04934785527860341,0.09718605456966935,0.12246540988038064,0.13099253657376608
0.10815012634386463,0.082254072589043,0.1168438842486361,0.12122966890377058,0.08062963102963194,0.19409229410432535,0.09736294247882253,0.09185157865636723,0.10758580164553859
0.1314217372400784,0.10862898870871211,0.1391660987743251,0.15168086319625548,0.0902825165881928,0.09121375476957327,0.11111613508508618,0.11326311030573794,0.06322679533203873
0.10024586038366497,0.14317294311592557,0.09723650603801547,0.11513612520859036,0.08190738700039531,0.04934145222335701,0.13428087541336914,0.1581705207905055,0.1205083298261767
0.100084496144763,0.0979301902371717,0.10677889581883322,0.10608259571307856,0.06592328834569247,0.12293255351517539,0.07477403440215581,0.2624086594585307,0.06308528636459913
0.10589960109039324,0.16663981362739788,0.10935101833767957,0.11023740749564559,0.07586638709977095,0.10527962778829354,0.10654633936393744,0.13023691443649096,0.0899428907603908
0.09613198614644457,0.0918060927195305,0.1264534612063103,0.10302526488475355,0.05404739998056248,0.08118258616792105,0.10703813387398375,0.24027172577471556,0.10004334924577823
0.10229195001241904,0.10051121730203509,0.09121527318191648,0.10434886851886575,0.1251408758849116,0.05579281856583782,0.08252933814028579,0.2427712130058776,0.0953984453878508
0.10686199738771696,0.13583270145432144,0.1016459180420289,0.1336115101876526,0.06957224613969386,0.06860004222042763,0.14369812221244502,0.11389799858624365,0.12627946376947
0.1325861679723813,0.1225102537635082,0.11022994114174979,0.126227994717338,0.1349418466806074,0.10298472535593683,0.13007013022600425,0.05118815029436482,0.08926078984810946
0.10395076301161256,0.10511805941370755,0.11577440088074382,0.09861117449435686,0.07743156854615846,0.059904991132136175,0.1493014576558708,0.1286183760759775,0.16128920878943617
0.11938083728866296,0.10021768017746392,0.10802681309433326,0.125293923683929,0.07894630280615751,0.10263812738100318,0.11749327163485472,0.07601572130026153,0.17198732263333397
0.09671339203580037,0.10330252427153434,0.12922423236779446,0.1209203915716373,0.08955410334850415,0.07634064381086149,0.0865758142994686,0.1829883922717335,0.11438050602266582
0.1175367512116778,0.13665976663955828,0.12929960698776388,0.1343055384120129,0.09405751150770746,0.09156584688610904,0.09513814693182138,0.08465960148047098,0.11677722994287827
0.09930595618638495,0.10785850055199524,0.112008231622861,0.10632361026049375,0.08421331693704294,0.1041059757706866,0.1053545500471531,0.08191920122194375,0.19891065740143876
0.12323773786684615,0.10110813406619325,0.10294765263410893,0.11466712102803549,0.12255562154696464,0.17215144387522652,0.11651329151995454,0.04169501907331092,0.10512397838935959
0.1446430384034287,0.08251916079605062,0.11877170341095165,0.1434933716366543,0.07276609838914079,0.13733859290179018,0.11073086418819798,0.05475701708682468,0.1349801531869611
0.11157988172495019,0.09079801289257501,0.09974830003388994,0.08749830719491831,0.20108541850760528,0.14316295073210936,0.10472475420759071,0.04528053255855686,0.11612184214780435
0.09920391009542763,0.12390883412054422,0.10015827722386743,0.11162487919967912,0.05974016154162256,0.08890079933219824,0.11066838208684744,0.26960591001042755,0.036188846389385756
0.09836172097678662,0.1425097692470491,0.1168819083746957,0.0939010163814107,0.09134484102455946,0.1706108119410674,0.0828891241539168,0.15910361148095778,0.04439719641955662
0.08387752171363054,0.16916778062356785,0.10449866153065902,0.09986445255593768,0.06276113488073154,0.06983452403385083,0.09223352377503465,0.2217124121935076,0.0960499886930803
0.123864548531201,0.0881923987971578,0.12212864425166962,0.14117347761917245,0.10419999660841535,0.11493856580448336,0.10551736677982519,0.069260308081966,0.13072469352610921
0.1079518885770937,0.08472013858789455,0.11620989150102763,0.11535627409262113,0.07869347561340642,0.22116558415332266,0.08243420312201831,0.03747992004399506,0.15598862430862048
0.11944114892361761,0.10857230593983765,0.10257152678095098,0.12123641468513408,0.08563324731128137,0.05467584904160231,0.08743635458522947,0.15703574335135848,0.1633974093809881
0.12045356664986197,0.08879423400158548,0.10168799577291882,0.12303048658291209,0.13765436820228805,0.11932185197895796,0.17777296431417922,0.05382743004944163,0.07745710244785482
0.13943462418024063,0.09962393170276558,0.11543157546664944,0.15159011564539063,0.10373653182990296,0.10381757132792528,0.11089844012849677,0.09780883841883685,0.07765837129979185
0.10425589414073784,0.11805033290161432,0.10900206324891902,0.10662075567652912,0.1005794607016911,0.04155045805482863,0.09829205415427511,0.26384987635684515,0.05779910476455961
0.09672072635297733,0.1819122056064788,0.10297681141718724,0.11833694293023282,0.06905056057394227,0.10332323998109667,0.09887252650390949,0.13550173533277807,0.09330525130139734
0.09640711776237819,0.18954676884238908,0.10437240434517642,0.10882636184002599,0.10154804956640096,0.08411091758661231,0.15165636546531885,0.04255478818596592,0.12097722640573232
0.1010383190074638,0.09882646343589319,0.11653019772561203,0.09624230219004926,0.09839899425203653,0.19146902212759132,0.09270659230402,0.10131829112341699,0.10346981783391684
0.1124255566436696,0.08417938931761297,0.10182315289710668,0.09854251928167303,0.13376324304242676,0.0638504786482193,0.0973472954863654,0.12845290619953068,0.17961545848339555
0.09472145194555061,0.12356077479439587,0.09694390210562746,0.08826768503334813,0.0958792045653006,0.1979913281638768,0.1043676882080547,0.05627276663695772,0.14199519854688805
0.10134209219218197,0.15159996931079464,0.09641242111265587,0.10627269913715937,0.08759630829239673,0.1808103911133827,0.09617305611955185,0.06146741499419081,0.11832564772768601
0.11711541283264441,0.07933176789443028,0.11008109935595427,0.12865702123830228,0.10956527588904556,0.1288963842984362,0.09922433431323711,0.09110661728664678,0.1360220868913031
0.11273542245512651,0.15613776303841395,0.1071309535959762,0.13436094303819165,0.1217418485432618,0.06834981325487545,0.12461447818187003,0.04887751625741465,0.12605126163486982
0.10673393753526052,0.13211281456308857,0.11575836378254134,0.11129424895820754,0.10147248416564636,0.08573204982218685,0.1271015112798408,0.0707694348236758,0.14902515506955225
0.10578526625159874,0.12715920645435327,0.1145833870189319,0.1168467429297018,0.06187828176904083,0.09297113656896043,0.09759459842229722,0.1885296517595468,0.094651728825569
0.10746444103592744,0.10227293856011477,0.12175909030670105,0.11314779861947362,0.10115856623430214,0.1898304993894083,0.10481281367586866,0.11991580503569832,0.03963804714250575
0.09654942722950044,0.06105990429135233,0.11060558805200131,0.09820974537744921,0.07711328883175787,0.05070633524585735,0.11056899764038225,0.21495802537371977,0.18022868795797953
0.10434408078005065,0.08907360834821686,0.1178380107271777,0.10341170646734243,0.13986150283167575,0.0840182103819944,0.11372757972510676,0.060775295131547946,0.1869500056068875
0.10781645534834905,0.14402672419719398,0.10072554905543678,0.11160789239794172,0.08715318355226866,0.07028171702444931,0.08469749645921347,0.24059277517093158,0.05309820679421557
0.09677421208157326,0.1459652260141052,0.1028043272318379,0.11153442169590015,0.08225048052008631,0.12217779678847533,0.10369592648679904,0.16619465116208668,0.0686029580191362
0.09838006406562827,0.1509768386942747,0.11511615398638397,0.10876508737976592,0.0855907072918256,0.06286851544923262,0.09906313274256025,0.12096283239495938,0.15827666799536932
0.11396932608636386,0.10543899175934483,0.11023596642517836,0.12398755179114263,0.09431611250400714,0.08912692928603431,0.1267766602282391,0.062424653997354855,0.17372380792233497
0.13154549340998314,0.10811097886479663,0.11359477574251038,0.10876747358560857,0.11929702158064659,0.08887873612999538,0.13975603620613666,0.04059554618586123,0.14945393829446138
0.10891098402030867,0.08770610196552069,0.108853065424568,0.10137145705499673,0.08142121534463671,0.037942861765998134,0.1141341805398961,0.2609501565845992,0.0987099772994758
0.11919999130550334,0.08179511194183381,0.1124831485609854,0.1195328042899216,0.16257619485585614,0.15651709445539783,0.09338514097210739,0.08434707483426497,0.07016343878412956
0.15061783444800766,0.07101172935828921,0.10632081572734275,0.13012270739703802,0.11220380360774,0.06336718225248995,0.12540606566351237,0.06645515262300035,0.17449470892257965
0.10380787063975827,0.1199065739843264,0.09299523142668209,0.10565122791777548,0.12770294198429552,0.08950286491974713,0.10579910782292068,0.0888709028289139,0.1657632784755806
0.11101439939117612,0.09740780327874034,0.10401299196878529,0.11216549239512563,0.10325494496738204,0.04630778094292765,0.12418183863228921,0.26041218929231924,0.04124255913125453
0.11392852926242412,0.0705605304988478,0.11879084617052238,0.12341455100692045,0.13490900394096536,0.20991300030510399,0.10655651304542783,0.07190954645973983,0.05001747931004826
0.10834443545697875,0.09123503539392164,0.11994869696098633,0.11028901590240903,0.15669400240006584,0.1181982077293748,0.10004626211840272,0.05784203334298241,0.13740231069487854
0.11328183202339699,0.10402327382706804,0.09864500105153733,0.1153465392107834,0.09862824400285979,0.1353878288999398,0.15663320233032124,0.11363251384847328,0.06442156480562013
0.09991355486381416,0.14136728404569723,0.10384813767619633,0.11355125876027324,0.07468257022366172,0.12658216985492138,0.08224654697913446,0.19405053157736904,0.06375794601893255
0.09663986764298231,0.0959511331888635,0.10520352926939931,0.11199991960744345,0.11281312069525969,0.04873171630224338,0.14970519013756936,0.09733706836751914,0.18161845478871985
0.12221476914216058,0.12323071186516425,0.10870194964532519,0.13938891917294027,0.11928736362217314,0.06230624003941495,0.1490591409065158,0.09047814947722803,0.08533275612907776
0.09083977358528421,0.06931284982691906,0.07599622961106606,0.07739708871105284,0.08719144400441231,0.3136540881617882,0.10525657661529149,0.026687279997743767,0.15366466948644206
0.14030249801046832,0.09082703339071485,0.14195737801398634,0.14630678296270713,0.15653257802537537,0.07274173987554873,0.13708912781397573,0.05115174299263192,0.06309111891459161
0.08944433831503695,0.143440673859855,0.09218886322480606,0.0920666921839941,0.07222621523988956,0.20098340557091832,0.10622736721792547,0.06514500349887553,0.13827744088869898
0.11552958134377685,0.08856992242171624,0.11426916832994664,0.1158712081814824,0.10888239517775262,0.1555582232560821,0.0861561584391858,0.08597314409535627,0.12919019875470103
0.12577035914395243,0.09328461721513533,0.13960233191390994,0.13762186744153168,0.13203627810680107,0.0833516840292789,0.10234908516864503,0.09844375625459574,0.08754002072614996
0.1026814975677842,0.11673741824517182,0.10021487315153128,0.11372085095423178,0.0990227883692636,0.09936794395659466,0.11156356070278013,0.18214766605806934,0.07454340099457307
0.11918682546746896,0.10292468896103263,0.10536946605308788,0.11706760316006543,0.11295688207644723,0.09444373476007044,0.10841981547731677,0.1335695095855279,0.10606147445898274
0.12348977411438898,0.08545991403621565,0.11655640476039153,0.12377303998279861,0.16893788003958807,0.09231980452217664,0.1506077943932003,0.03126373849873494,0.1075916496525053
0.11166736780578766,0.12797848786745655,0.11014528106924742,0.11662998766227779,0.09449292987977786,0.1097434888105862,0.09533910019394486,0.12719731947085464,0.10680603724006688
0.12259512706824542,0.09596112235122804,0.11172683555054475,0.12108891951793511,0.1504756421661577,0.04761527620905263,0.12464853357382744,0.09635314125062384,0.12953540231238508
0.12659240252069895,0.09887444083322404,0.12606439549439455,0.11837371959485594,0.12683488896322795,0.13363978131295487,0.10781851489385497,0.081317838160379,0.08048401822640965
0.12426772597326524,0.0814377704870802,0.14214429281269814,0.12008335360128225,0.09662185436437525,0.07777160855259779,0.1265834552451174,0.10860215497681465,0.12248778398676911
0.0834508747642701,0.12048535489540878,0.11079897426884648,0.09024275525713303,0.07841131880725512,0.14380533828458789,0.17409082129671283,0.11635513949384524,0.08235942293194061
0.1209237140757101,0.10422299915603477,0.09716322747670036,0.1272358158615624,0.1789681958579663,0.044766847695283864,0.12542714578365216,0.0859605524909951,0.115331501602095
0.12061921656612007,0.1269421964266717,0.09117960925219087,0.10442184489082047,0.10124354486480003,0.05147462054749188,0.14027114964624945,0.10620693174015505,0.15764088606550045
0.10076741987667341,0.13170445987810994,0.11108518890956748,0.12092752629285164,0.10040635263106347,0.10094240179991748,0.09107237978640557,0.1821184389582097,0.06097583186720131
0.12729392542361204,0.15271759140635782,0.1170509232631433,0.13400669264752765,0.14844691348760264,0.0837004247889601,0.12228812230351353,0.062441204264995304,0.052054202414287605
0.11969462744389588,0.13499725190619177,0.10745827719416252,0.11496926584162488,0.12663069700777016,0.0600304409845284,0.17472411385326433,0.06010435096914082,0.10139097479942127
0.102699845281231,0.1361602551460738,0.10051601924699288,0.10626114393362013,0.13329735636865478,0.10932094711231004,0.11639486654579607,0.0361804725689147,0.15916909379640656
0.10978727458806103,0.10457979288855594,0.14293083405934848,0.12079107938223725,0.10020521542862947,0.12256685638887699,0.08588780881608542,0.13848852375967816,0.07476261468852724
0.10092496766191873,0.11379039675012265,0.10204201315906954,0.11199931406871637,0.07863655611030111,0.1858424039471316,0.11573735946637813,0.10655730240956995,0.08446968642679177
0.10014341882359871,0.11721789382214913,0.10567435670870247,0.10215872416467231,0.12500471888323153,0.1502736787504404,0.14218971387054388,0.07610143242963867,0.08123606254702286
0.11889110257596959,0.14093507085628976,0.13731584783960848,0.12707664586389925,0.09239344980701618,0.046433147280358016,0.13973336385989596,0.10607423372996405,0.0911471381869987
0.10315276598959017,0.12948233927186995,0.1186144960927682,0.12515942381130066,0.10592987572980252,0.11504314654901704,0.10276198110382928,0.13672719845693052,0.06312877299489156
0.11069397759596301,0.12177787587296503,0.1045125731701213,0.100998188585234,0.1138718727998652,0.05564385663366569,0.08591679308703187,0.11493795554879498,0.19164690670635898
0.12215736830589104,0.13396117101414365,0.1139177841697984,0.14177432249462113,0.09862088723614985,0.04592559356858672,0.1665827987413752,0.021193472440463587,0.15586660202897049
0.08896515968142864,0.0852571879336006,0.078051306432786,0.08733472385412551,0.14590874182669342,0.24827711354674772,0.09646415676090148,0.027558964499181743,0.14218264546453488
0.13597649001250764,0.08244274611946763,0.12346481374312451,0.13204489867644761,0.11175078960189906,0.04583089049865772,0.15144588817239055,0.04579951862491368,0.17124396455059157
0.10753486534018718,0.12263652582982103,0.10668900241649416,0.11887472879658588,0.10826944584336845,0.11790683178300475,0.10777584836129904,0.11137273990587081,0.09894001172336869
0.10954908411405305,0.06604878298667854,0.09131796162394933,0.08926888965836395,0.1157055556511269,0.17135088449775618,0.0824974315249276,0.0461178116914576,0.22814359825168687
0.10587733122352098,0.11820050575511898,0.1046004884255048,0.11406839740189449,0.10483236341295187,0.23077075402323877,0.08842541178980974,0.06753170906476762,0.06569303890319282
0.11125646750514473,0.10293771028736858,0.10017754930543891,0.10754122520317821,0.09180057573096513,0.029585366318348932,0.0939433722757762,0.20596820426166543,0.15678952911211383
0.10829246306413447,0.1185914247573774,0.1160833274252381,0.1141150174177711,0.11878263218459302,0.06547021938006149,0.08264919928128049,0.16911076036003525,0.10690495612950868
0.09989070828282269,0.20465423650921144,0.10792665196444619,0.1273786904243975,0.0750035092052423,0.04565482301696273,0.11490056649122071,0.15006528248703946,0.07452553161865703
0.11953060449872106,0.07188377042828681,0.12226566629166273,0.10680198934381156,0.1651181829133381,0.06426454515375589,0.09710199868467119,0.046001250678234996,0.20703199200751757
0.12368950802271096,0.0858118012761236,0.12576598333706507,0.11993160798796354,0.12262841738420112,0.08140265805993135,0.10874710348350992,0.09902366686193204,0.13299925358656242
0.10214868815636591,0.1345102998753446,0.13129929691437214,0.1271192990111379,0.12955092669968044,0.13421235179313026,0.09508345324919844,0.05526952374353892,0.0908061605572314
0.10516690955117815,0.12718195770831797,0.11290606785775407,0.12494527084184749,0.07876826108205458,0.07879145413544066,0.08586150791655255,0.21551946213092962,0.07085910877592501
0.12404824201797586,0.09362585703512534,0.12286897925814233,0.13338125607569018,0.09911383402563262,0.08924956989708353,0.11859296529695924,0.07935528415464722,0.13976401223874368
0.08676510077283985,0.17849373079696665,0.12781895600396717,0.11665532874817153,0.08979417399849104,0.054540636767431906,0.10605095887256051,0.21147663713731382,0.0284044769022575
0.1060208041346274,0.11774383469742555,0.1144627022316193,0.10418150759711708,0.1202228648863203,0.11728226833973947,0.08907512482310877,0.13003503854734133,0.10097585474270081
0.1138417198370381,0.1398760949245572,0.0949699616839736,0.12044187373847381,0.11630147994216007,0.09161219496716538,0.14869300944575217,0.07494046471162795,0.0993232007492517
0.11206443067901685,0.07803449241589444,0.11170735328987325,0.11009656278995299,0.10323370096185704,0.126768374679363,0.0957643157837687,0.15801182313341214,0.10431894626686157
0.09970676908705507,0.11881909377846885,0.08788530822462702,0.08560504481283697,0.18499119242611858,0.18309979811013025,0.10285072846886571,0.09011937770695465,0.04692268738494291
0.12920540152795892,0.10837129347106365,0.12931378545964553,0.13442101015143443,0.14563546168145583,0.07278811067146429,0.11989043370149984,0.07465513325221666,0.0857193700832608
0.10181459765410013,0.10624452392562529,0.10340461554163766,0.1071648095953802,0.07996290494845615,0.20349886346808108,0.09126948425680165,0.09739458815611397,0.10924561245380386
0.11521327025785454,0.13704021612169606,0.10426342919622096,0.1317951058432487,0.07298206198092237,0.07222267385143545,0.1066933646547546,0.16785798570330815,0.0919318923905592
0.1130646948120088,0.12807924366309978,0.12787621849339048,0.12321340761553685,0.15803712396258057,0.09261720350115822,0.10909358192877511,0.07781537555872144,0.07020315046472875
0.1033643686916007,0.09247987901503119,0.11986996142793808,0.11602737470943646,0.0872815979500031,0.12728347040832558,0.08658520430562971,0.11290466084757071,0.15420348264446457
0.08815904175493605,0.15920270803059433,0.1048642118902839,0.09820481233666001,0.07362292224810685,0.19683047726230404,0.09068585865213974,0.08576293583677923,0.10266703198819578
