0.07558070509276467,0.0782970775349812,0.16863711614838836,0.06977339537143869,0.06666671000402619,0.09168998812024833,0.08316578160959064,0.17840535788162082,0.18778386823694113
0.10063043400433157,0.10521622416819705,0.0918394272857312,0.1732399041190058,0.0601761763106011,0.11087889296930603,0.10687922019974527,0.13747059234808204,0.11366912859499989
0.07614555443436286,0.11530977038794048,0.09689958082214056,0.09286188709548206,0.11615881829207897,0.12363297725184434,0.10830864961174867,0.12602445299249115,0.14465830911191094
0.10548201582315252,0.12090820297666262,0.06992041384243927,0.17095021464194324,0.045732841937378234,0.12753317317151,0.09387006009047257,0.17399226165044987,0.09161081586599178
0.08116892017968397,0.21459954823103455,0.12482165828521224,0.10259160216279099,0.11811447757690237,0.08788652121526648,0.11498366720542448,0.07622315072007672,0.07961045442360816
0.11668760867128879,0.12063454552818272,0.1066399993931223,0.12164016529080024,0.11266175161651311,0.09385000457057978,0.10185813074148754,0.12291681719067686,0.10311097699734877
0.08266987674150632,0.22121550256615585,0.087094751813195,0.0943477978091593,0.16843606829582733,0.0914340754446188,0.08423720728849753,0.10680567203692311,0.06375904800411676
0.09887979389848311,0.08720722235632311,0.1376002107517984,0.1081431678789634,0.11329222622192475,0.1142062440279855,0.0951885022279083,0.11962424123447006,0.12585839140214347
0.12282435528685787,0.15593421053057413,0.05577604102057863,0.1182429635196035,0.06983579656129389,0.11800878289486,0.0982514166045299,0.11495641116014876,0.14617002242155333
0.09666001595253697,0.08938514651640218,0.16338811037034254,0.09368903390845408,0.11815893526342082,0.1318403236565919,0.09077640491162166,0.0866713468707258,0.12943068254990406
0.13856941737040443,0.11836307338654739,0.0780563229552568,0.13162035923266321,0.09121303907980884,0.10647711319889958,0.08893154533745685,0.10949072907350525,0.13727840036545766
0.11312788309577197,0.08914511417193821,0.0473717785499121,0.13042745001548528,0.15385624452796717,0.12402288424539094,0.14126568065321177,0.10108899553554389,0.09969396920477865
0.14907140972058963,0.08552024408632758,0.0987752636733276,0.10470944090868721,0.06890255716115247,0.10537334409501999,0.1301742347534668,0.10002317865375494,0.15745032694767389
0.07535986870020027,0.15381328961542864,0.09974609685374773,0.10832412884730701,0.14219007986818313,0.10429763291760108,0.10599684779049683,0.10164939540054423,0.10862266000649105
0.09084915726241898,0.13087003288633806,0.20503691764269272,0.0725105364472371,0.08694827302779805,0.11216805629779203,0.08898145738890945,0.1372997052291086,0.07533586381770503
0.12805312305575844,0.08628378524987555,0.23002731520321076,0.10658318742180466,0.08234780282665448,0.12507002168497985,0.07697702308498809,0.09017669749600905,0.0744810439767191
0.11774994550470773,0.10631169487932002,0.051438851397369846,0.07734393856956008,0.12736172643737773,0.12926865979940363,0.09308448858603698,0.08353254355314589,0.21390815127307802
0.07658528080642692,0.10617899982046962,0.1773476141317739,0.10234692941435959,0.08747389959099909,0.09083754928768699,0.09202369868921062,0.09233816549823526,0.1748678627608379
0.09838296652959831,0.0797339596994373,0.14260064070508707,0.11108909242520687,0.13978460850697688,0.12041105172695406,0.11325695459984503,0.10309439131712649,0.09164633448976804
0.10335568245701732,0.10711036356261357,0.1557350941677694,0.08182222578938843,0.10346014127720858,0.12863386806092858,0.11510632151584972,0.08841358076704602,0.11636272240217838
0.07485415185582628,0.15287600129445578,0.1348185222513181,0.1323967428633198,0.1353684749412357,0.11218294983363308,0.10029910755733683,0.07738452992950058,0.0798195194733739
0.09274716303851843,0.15212021659923472,0.11037761782291873,0.10842209273178809,0.05968909429113539,0.1238908480668719,0.10188062785740293,0.10068774641001192,0.15018459318211783
0.12899513133876697,0.08606736932425685,0.06145809436475506,0.11765125674862177,0.10488198750258311,0.15140566833420976,0.12249735900536642,0.11123738406398236,0.11580574931745773
0.11882703029254672,0.0823874976945339,0.054293687892472554,0.10178650704663872,0.06117060819715586,0.13375964970020018,0.10466835057938419,0.16884821155443216,0.17425845704263576
0.0985291894778902,0.13699428098349006,0.1206138355411462,0.11955912056999234,0.10292801392652891,0.13000864136610657,0.13862840625572886,0.10653800621985399,0.04620050565926286
0.07956879135959351,0.07085378900634325,0.0537821735830942,0.12005763633935244,0.08260701367536309,0.11191044209160576,0.12350353505295968,0.1309106947912921,0.22680592410039593
0.11204428077906779,0.17330432316315922,0.053134615819863555,0.13894330605141123,0.08450793218306167,0.10861095116072123,0.09337327101717818,0.0945200940241142,0.14156122580142289
0.10595955768510694,0.14289425206860554,0.03839548407926626,0.13192978179574247,0.1533022813736398,0.10208689051022186,0.1208222959379855,0.11174944017831849,0.09286001637111303
0.12279770782973214,0.08464895274306604,0.11948293370559622,0.08472187441559824,0.07359746052580153,0.11667724485217341,0.11945951681556177,0.1145381253253633,0.1640761837871073
0.09685250993195914,0.11283846599308671,0.1665648369967035,0.12947403474384248,0.09952427922211375,0.11502418904377087,0.11686724451170538,0.09036412881079355,0.07249031074602462
0.09607706260165738,0.0973181835502158,0.03312977512339161,0.10353530420317009,0.08900362437454352,0.12546707036741087,0.1250468051914312,0.11996046345925308,0.21046171112892642
0.1409730904154717,0.06352516162236167,0.10285353118789935,0.14284177811723953,0.11345378835814628,0.11671790407032413,0.1258137202686954,0.0714949762811563,0.12232604967870568
0.1329712165858764,0.09339045939321523,0.05926100644162002,0.12215644676523581,0.11473098189285336,0.13558640534345404,0.08558349066330952,0.12016063336799554,0.13615935954644004
0.08437378773521537,0.19449515167802622,0.13145537459913584,0.08009798692460701,0.07175702403865676,0.10003088552691297,0.1223721099536812,0.14294642807084704,0.07247125147291768
0.0759313180594365,0.18441922479303838,0.1514762801198314,0.07022372365367818,0.1461811477947259,0.10460407768748485,0.11855473111680066,0.10581945592828278,0.04279004084672122
0.08394345201744892,0.09149687080626474,0.12325085338046267,0.10566587836838788,0.11686755803006059,0.10627997096885829,0.11130351746560745,0.13281478918075107,0.12837710978215836
0.09749054064544556,0.07828287136429579,0.1401230656263934,0.10815006832186598,0.10445910587914657,0.11989130457268692,0.09318147966399631,0.10778435477956634,0.15063720914660308
0.08370782077565465,0.20219041060283552,0.10852085483558632,0.10073398805070789,0.07895805003873489,0.11962128472080204,0.1301970326141991,0.1070651168576977,0.06900544150378189
0.11792242236883839,0.09053141147175069,0.14746606603308376,0.14191591031106632,0.10503993273972395,0.0926887728044841,0.10263425342377634,0.10268703235707365,0.09911419849020277
0.10739637202102277,0.09667190674878068,0.09409763046434223,0.08789445105157784,0.08675146033156722,0.15608483174325125,0.13432949546591835,0.1531429618392148,0.0836308903343248
0.0995189181663414,0.10083255384798617,0.083808015920932,0.12081102708305587,0.1308912180398269,0.1293338249230064,0.11024860787679507,0.1372004949832891,0.08735533915876716
0.11607711670801087,0.10028012531753333,0.06662922527023356,0.13724537128386918,0.114864792623659,0.1002073812395462,0.13062919420882155,0.12652759248287718,0.1075392008654491
0.13978183800300115,0.08670076153502482,0.06556829047887969,0.10880345483936527,0.06780863346452273,0.11199936445436802,0.09730376844755229,0.15467938776437704,0.16735450101290905
0.10419346763387471,0.1469623324545888,0.11500634635766789,0.11076935985615777,0.13991569141027038,0.09429776016647407,0.10762124020479637,0.1111685870414486,0.07006521487472132
0.08686851239673561,0.1734420253774659,0.09925210774039404,0.07608793809822795,0.11969849742125466,0.12116492487973325,0.08657192201450355,0.1258173289773534,0.11109674309433164
0.08418605307059439,0.12899850349061562,0.05965021667773165,0.1455478150635097,0.08388629264105629,0.10150180100389611,0.11183769129318277,0.1068861470440926,0.17750547971532085
0.10050531814890455,0.11042761509225663,0.10800742034252464,0.09820962823338754,0.15006125091900785,0.12456143057912272,0.12253211053519274,0.11119536741372234,0.07449985873588087
0.11900954254809053,0.15294390410427447,0.06097610050599819,0.08268396464323863,0.1223631846398588,0.14029858431612752,0.10958066524801639,0.09885035255848156,0.11329370143591394
0.10191079751432652,0.17062281089822398,0.08417718548977217,0.11754656747100219,0.04629130146042656,0.12147806047105329,0.16148809795814387,0.1373311207289278,0.0591540580081236
0.0779312307028686,0.2797520978697173,0.1156593608373148,0.09678364244217508,0.07836131070115329,0.08764854633894892,0.0925584674819212,0.10443213524025198,0.0668732083856489
0.07832103334634503,0.16048300476617494,0.1658766998243397,0.12673409268363636,0.0783792445761104,0.10210686249081675,0.08632044709717512,0.1507861558600407,0.05099245935536099
0.12178649767336149,0.08608258502922045,0.02933130891951512,0.10011244959989958,0.11130496879463404,0.11209475143172383,0.11811944883234511,0.1156160321312945,0.20555195758800585
0.0950013323203634,0.1086022351995098,0.1310245276471687,0.11196424729300462,0.06954134302939413,0.13058891088162652,0.1355253641057117,0.11379061874221319,0.10396142078100791
0.08580557152554195,0.13487953698867955,0.042284930164204766,0.11214940949816606,0.10841064733482737,0.14464594375595685,0.10537333972649643,0.11323854583936209,0.15321207516676494
0.09783376266738784,0.12415706973719627,0.147646115865369,0.10438613353573963,0.06465328277406705,0.10777398394038666,0.09026809106940915,0.1635009541324417,0.09978060627800278
0.0884300425258255,0.1257059379387382,0.08536724798118794,0.14891828127922976,0.11376880066764838,0.12559626259146983,0.14881349218105092,0.08340609235295494,0.07999384248189449
0.09587754132008856,0.057954810538467995,0.062296737547676305,0.09430726937871776,0.17832904966180566,0.09078087151565932,0.10948481485401579,0.09578962166977305,0.21517928351379553
0.16152353428062824,0.09073764952913425,0.07347634827744005,0.08290154787489916,0.0842270354085492,0.1144266387195995,0.12277870605305939,0.10301220207866753,0.16691633777802273
0.07364793195864895,0.18534330929573958,0.11298649349013427,0.09678862639601042,0.07510725826666585,0.11424394842197283,0.1124543124387591,0.14103386301320922,0.0883942567188598
0.13656526496232899,0.08016534060808846,0.10538969485531093,0.09702642171067287,0.15331390713000279,0.11531441634829646,0.13573316152347872,0.09964528284999392,0.07684651001182673
0.08518606805187733,0.12150360706685281,0.0665261405864507,0.1187309872363891,0.05176391600535416,0.12745039388995275,0.12849939817547193,0.1700058687464466,0.13033362024120462
0.1270354984847578,0.09898940344866398,0.16934307201056162,0.08756734716576187,0.12574628807450253,0.12167738300183821,0.10317819604323891,0.07935339783374533,0.0871094139369298
0.10272873174986656,0.09638775610451612,0.12399160968380762,0.16229525212979626,0.13221772325837958,0.11606228588120653,0.10051610538960308,0.11646472960339545,0.04933580619942882
0.13945631424063554,0.1466433868031213,0.06690415487022468,0.12045593809239667,0.10819645365510905,0.12183677859626628,0.11119059375776186,0.08363208924429967,0.10168429074018497
0.11310909125059182,0.08813920506117316,0.07207637430235346,0.0968146089173249,0.08291449382188185,0.1217255762120194,0.14057738175203835,0.10914312672718951,0.1755001419554276
0.09434598448630327,0.13186332190535302,0.30132177765329854,0.05567056662325796,0.0922299726491899,0.08038878265083704,0.11170266093308683,0.079436986743733,0.053039946354940394
0.06730653928644087,0.13136663150224245,0.34764361011937756,0.07285008100015374,0.07552527372206443,0.08413951146467107,0.09872381350771255,0.09424447887705956,0.028200060520277726
0.096999780509876,0.14925888559916736,0.051453567522726666,0.12976531969776214,0.10618276378607612,0.12931789374802838,0.09280497996014266,0.15260828063302886,0.09160852854319178
0.0971225524414651,0.09219086472629524,0.10144936412627513,0.13746642482883822,0.12295127954918549,0.12074322506040958,0.09672848010625672,0.11777529975902301,0.11357250940225146
0.09017013878449247,0.09239762916920118,0.2559602335081084,0.10313830602218844,0.09992830369141474,0.10322339618057717,0.0966543113303695,0.09780795908299773,0.06071972223065036
0.0895490974898604,0.1765790862695893,0.1022030608187114,0.12416630454341944,0.17090780747574977,0.09214205299419355,0.10900416473417403,0.08700363282500932,0.048444792849292796
0.10972869016271065,0.10020928667287658,0.0853219210049721,0.11271580796703985,0.07407550041089636,0.14316095924673208,0.12367161572967478,0.1352487481227395,0.11586747068235799
0.12369002399035305,0.1221335002475759,0.09186631607248293,0.07202201277823356,0.11890575068687524,0.12906845434042302,0.1382277467807265,0.10024837100993468,0.10383782409339508
0.0848458161251749,0.10621545970495032,0.15002018482023677,0.11335204934641661,0.13007927055762156,0.11328191745795395,0.09907479599836498,0.1025235375776624,0.10060696841161854
0.07842956126642285,0.1597098103314291,0.24243925243878015,0.10737774581553511,0.04649467102725183,0.09282599677895742,0.0937180249919997,0.1333795043421382,0.04562543300748569
0.08013563519332491,0.19511509297177576,0.1509247278388057,0.06916825924252339,0.08679729897570733,0.10752677514584903,0.15556054170584924,0.09243312179252548,0.06233854713363913
0.0805584963990864,0.23419785742338387,0.11417704961117854,0.07884951298149612,0.06640660840078365,0.10623984298727407,0.12825438915612272,0.14439476803774817,0.0469214750029264
0.10292882920177876,0.1624141814871259,0.10090656848058292,0.09960719183247507,0.08456584434391001,0.1388239964433509,0.10747174503345726,0.12892930391409216,0.07435233926322699
0.10693695225621846,0.10404273222811362,0.14933703703229154,0.1315717971631136,0.07933896781681868,0.14258918144652413,0.11836255717298834,0.10801670722096557,0.05980406766296603
0.10251996086543747,0.13794204817514358,0.1233048098185242,0.11208001532870777,0.09244935169068202,0.09989781940115454,0.10907773326450922,0.1420158431906642,0.08071241826517694
0.11877937451926333,0.16346862770260612,0.0685571962216089,0.11716521080687568,0.06097223598874859,0.0920502867446427,0.11849713525460877,0.14527059356788594,0.11523933919375988
0.10622441603217873,0.112629763626387,0.12844499094389175,0.10570742625855963,0.048260583921900864,0.12195522444313567,0.11003816807062879,0.17892822982390674,0.08781119687941075
0.10794298187304435,0.10652758017307677,0.04763728454464505,0.1492885321401093,0.10772044923016345,0.11165773518312133,0.11430951990641487,0.08491544653554185,0.17000047041388303
0.08537454985613964,0.11351537806130886,0.24788988361393174,0.09647883765979853,0.14720845567207402,0.0883730344992189,0.08635092005778928,0.09335621566539566,0.041452724914343264
0.07372211271448041,0.1865804612897568,0.047736105277798944,0.08276207797008119,0.12032447446393024,0.10019345209197515,0.09437992505818453,0.11537202858837435,0.17892936254541847
0.07501608037615819,0.14827465662504705,0.0823287655832851,0.08668292939741551,0.06913524941506423,0.10563402682731991,0.11584012272957721,0.16217393141643086,0.154914237629702
0.11220543120515254,0.10486347447083476,0.1723231466283436,0.09039118486433155,0.09073803177919713,0.11945161023631366,0.11269842482246673,0.11040885593823269,0.08691984005512733
0.11126854427407862,0.1953546805814379,0.043998037803093935,0.0892618128992811,0.06636008679034212,0.10060884424179979,0.11575626657164766,0.11415376933914147,0.16323795749917738
0.1071460737609133,0.16283053056124897,0.11519009321803049,0.11813968125126924,0.09219561455402764,0.10168856945594458,0.14426883543062696,0.10646042982527142,0.05208017194266743
0.10793692170697507,0.06412637564893116,0.1861958540345905,0.09872988200439597,0.13246698593350575,0.11974054859048856,0.11804612903959211,0.09054443020931081,0.0822128728322101
0.08004489324536328,0.17206185008947125,0.20762455539355207,0.0779883580039267,0.10682328915075749,0.10099857597639317,0.1022882664523337,0.09670273155152838,0.05546748013667396
0.09715013304167491,0.15064518019686088,0.14964038359071832,0.07216949747976224,0.08805716909919965,0.10881694106759791,0.1129133417102856,0.12376759968677353,0.09683975412712698
