0.059294864079358744,0.05594279216818617,0.4144719416150058,0.06296867959957683,0.08000086388919077,0.10139241486393617,0.1060147711701096,0.054266179274451355,0.06564749334018459
0.08184360922267385,0.134923324110045,0.035394003009377735,0.12003562648488485,0.1824548168350325,0.08921833485080295,0.1186739255021076,0.1202182630106995,0.11723809697437593
0.11290453952203922,0.03877376201390828,0.3456352075258342,0.049429306305551944,0.0909394033445634,0.1109149068760163,0.14018745883570477,0.04643341660657498,0.06478199896980695
0.08450637676117084,0.175934675954724,0.12809031079817673,0.08901688826017477,0.11782442330691319,0.08227453141622325,0.14929174927756586,0.07670267186608677,0.09635837235896454
0.22461432461362582,0.050047527879829856,0.07019924283180577,0.08989778067694672,0.12285810089048267,0.14581459754218096,0.06047070591040148,0.10976308280329343,0.12633463685143334
0.16142056613006933,0.12311159957563149,0.06746520872546458,0.10644605775970352,0.10568613167187273,0.12169992876723908,0.052881719401475354,0.15206513888483544,0.10922364908370848
0.14700382226719083,0.08693705321693886,0.3615137314575831,0.05283818341417509,0.10818567843454395,0.0851064668191542,0.03902502971211236,0.05769653680947395,0.06169349786882772
0.11198577813548978,0.11871562329407342,0.05336847748015163,0.09929036709299151,0.17410315761322234,0.08193317258901668,0.11725279145238719,0.09385402950171078,0.14949660284095656
0.1733278665607638,0.05615582462926949,0.10558611404480843,0.09886462461920709,0.09590443092130703,0.21531036442854404,0.0551736239757064,0.10179044910494424,0.09788670171544946
0.07653766893014556,0.0950063624976233,0.18099993967799202,0.061148311074880855,0.10433127365933387,0.12042438823852741,0.09406229633580689,0.10444031701368926,0.16304944257200082
0.10000131788513295,0.0767775255131631,0.1269547385741477,0.12199400979996917,0.128848531477011,0.13330893972973468,0.10226339371856936,0.09921984513303383,0.1106316981692382
0.10396563786351277,0.057004383112132496,0.05722152760074097,0.10420660922112936,0.18155565137727195,0.08746178775294584,0.09279014830915111,0.18213927771951702,0.13365497704359838
0.07430526658955407,0.0820729138611707,0.18008017924096145,0.0720528026193445,0.1353276803286945,0.11951488306713681,0.10663739704452672,0.13511999085014226,0.09488888639846897
0.1234901201987844,0.09382501012758686,0.05791981914226688,0.13660899281005567,0.16187851632957143,0.08848018847449955,0.09894666900971678,0.08506450275928674,0.1537861811482317
0.1615422966755505,0.11076428720633591,0.15965226898539298,0.14655597313621183,0.09051730644268009,0.11112790977964931,0.034909077836219604,0.10075115719183869,0.08417972274612107
0.0871840527912514,0.14562041641513201,0.04759251379857118,0.09893836414970562,0.11856422598853505,0.09712857261318131,0.1496385461852309,0.1291531057953912,0.12618020226300133
0.06693320250665624,0.18610876089669318,0.09246611321262406,0.08259426726289626,0.1169193415184809,0.0946966823303808,0.19039149621970722,0.09393933350684515,0.07595080254571618
0.06720887086335456,0.14192027816195604,0.04964353002375435,0.0821224051697222,0.17579813991392276,0.0824619456132111,0.17836450616407515,0.11512592737473687,0.10735439671526702
0.13855932010832706,0.09294593651138729,0.030267492248372125,0.08680796754808079,0.14982802473215806,0.06749614944344311,0.24130321024178178,0.07222089168584062,0.12057100748060927
0.08262760157277131,0.07754945426268874,0.15896966771862522,0.06564363498885624,0.110066124735838,0.17937429334836874,0.07768882901537534,0.11816395944070608,0.12991643491677027
0.09914188001786571,0.13883508221495408,0.18312784750992092,0.10112329199069653,0.10751094795229159,0.07124860582228926,0.11755424685338782,0.10017242185626356,0.08128567578233059
0.07545924429750234,0.1346992496439525,0.04428958182708267,0.09399735913383063,0.18485699934389474,0.08529275698329235,0.1713663189105713,0.10033875279638022,0.10969973706349327
0.10990954347619812,0.1257583639628819,0.03472232806454118,0.1647481929990746,0.1332005154283807,0.07409085332548465,0.13377626995307831,0.10008305784172448,0.12371087494863604
0.09105774107997389,0.09266264191940433,0.06771649282240964,0.10882472300765555,0.11854197982427776,0.11981527148973377,0.18556904750173384,0.0975794677085831,0.11823263464622802
0.08193714701019303,0.1683714559630178,0.04189111079194315,0.11865242257274326,0.1387416925074033,0.10907673103674358,0.09387828652237078,0.1370380041787379,0.11041314941684725
0.18498678551312964,0.08620537297027546,0.050057386071845726,0.10360811054668523,0.15921161530262673,0.07101179666111775,0.11725826415118422,0.08574645201318036,0.1419142167699548
0.12416300685511396,0.15574973338319315,0.04226801761960083,0.11811398915075623,0.1327626277387947,0.0675909631177062,0.09535829247672943,0.1259973068114512,0.13799606284665425
0.0710868886611602,0.13025975016109037,0.03963849573719901,0.10459208319468523,0.20905400205491298,0.06122675085806243,0.14086444471805434,0.12559866151459442,0.11767892310024101
0.0567603731082067,0.06567301951904242,0.41540360851476793,0.06273950015687356,0.08380795685845066,0.08668230157893397,0.09320488784967523,0.05873291344802037,0.07699543896602919
0.08782421426363408,0.13600227293657927,0.04423313417214312,0.21035288530579255,0.12331392148643334,0.05610949857387045,0.09426333589017287,0.11620264315476571,0.1316980942166084
0.07349927431889806,0.06984861428322532,0.21348840923201018,0.08511141862534966,0.11393345892116853,0.17080631710284788,0.098276020168002,0.07626401290676839,0.09877247444173004
0.09210341663640653,0.08002730744606647,0.04527181488434076,0.10983127561511048,0.12730587334962082,0.0994239539387201,0.20170744733685994,0.11054112291643292,0.133787787876442
0.07984136614973344,0.04912956288996476,0.2486240729804361,0.06781796243383217,0.11785921101136491,0.17985143130227296,0.07658444738108326,0.07829535522535604,0.10199659062595635
0.19418955084101208,0.07238049301521167,0.03606199092751545,0.09093693447077111,0.08445065483076182,0.10285278427595675,0.1664439923997977,0.13488574226022412,0.11779785697874935
0.10806968156395864,0.10651500672016874,0.02913118659309787,0.08498797797321649,0.13913632431453413,0.12189762051361354,0.183375166430248,0.10128119021434868,0.1256058456768139
0.08702220239032948,0.1503571451417918,0.09513842918318259,0.11636923183864227,0.14625678747870227,0.07979978531282726,0.0996733668047215,0.11918163438551989,0.10620141746428291
0.11853002357391222,0.07321019178181787,0.11650754348655334,0.11163638567061311,0.10746120781814476,0.12503722663594583,0.07692218325699314,0.13698055234995685,0.133714685426063
0.13724469167430955,0.11980980948350455,0.03562657004190079,0.11761559058313646,0.1581807159415685,0.09405473441369287,0.08259516266953208,0.10006789713949678,0.15480482805285845
0.16163398816654873,0.09820950047564507,0.046303546650887484,0.08202034388443626,0.09608948067005973,0.2105891171694355,0.05653478785930224,0.13474511187385388,0.11387412324983104
0.11665703984521025,0.15041434400837195,0.062289346352968115,0.1375379865710422,0.1400325899997483,0.06851902270360806,0.06185690956480375,0.11952975292672006,0.14316300802752732
0.2293565164351864,0.11774779045897714,0.12515861711865262,0.09368901063493525,0.07392687692319284,0.13436663696489534,0.04210809282996595,0.09265829842265948,0.09098816021153507
0.09063708140841793,0.11907685350308465,0.03900097929779176,0.14691698586377003,0.11173941353856719,0.06715240524335095,0.1871678920228499,0.11763587808833077,0.1206725110338368
0.08252727836580558,0.16366478112124241,0.051372883758003106,0.08983846675023911,0.1675711330294568,0.10141752150986982,0.12434027841722044,0.09783577030821927,0.12143188673994339
0.07174435125574137,0.15346525561700777,0.04920829299703025,0.10971023447330014,0.16712395060258853,0.08120223336617956,0.13921398530792878,0.10625738493823587,0.12207431144198766
0.09305861899135455,0.14714729880421837,0.034717138493872486,0.11442523709684131,0.11765898113910456,0.08985835817498854,0.1759520087849591,0.10107779172288252,0.12610456679177853
0.09995302876986807,0.07155621622721935,0.19782614510974442,0.07681377842608277,0.10285198379997983,0.2004460061920644,0.08686947981282878,0.06899630286468662,0.0946870587975258
0.10621525641694773,0.11393233665830681,0.046606769788883756,0.11618722558921724,0.10760688219230823,0.20077276588540918,0.09775525113939913,0.10847431597649831,0.10244919635302957
0.0912358336080793,0.06755991923662445,0.2348307527099723,0.0988635604808364,0.09933071524996377,0.09892525916245683,0.10747790825628238,0.10636888548938206,0.0954071658064025
0.08195693517988932,0.14520876222532095,0.04278532307347745,0.11511645522526985,0.20952068834431511,0.06940117529034545,0.10825994262215329,0.11917450560448538,0.10857621243474323
0.08616755388293258,0.133358641370215,0.036430317429866195,0.09348559665054103,0.20386900535599753,0.061112487393219804,0.11209368489928533,0.12407519885121583,0.1494075141667267
0.061339330768304175,0.07053868688660327,0.28732157842336065,0.0957420358731651,0.10496761531849808,0.05093629659698756,0.1862916863553051,0.0716382791293563,0.07122449064841975
0.10122694219956589,0.11823630653561024,0.05584976998899085,0.09230069596525416,0.14320181745978536,0.10734049664277674,0.1412000316193346,0.101766319462343,0.1388776201263392
0.085425972360317,0.1119972705905506,0.02510523263782209,0.0969723589838305,0.20092748685682202,0.07297955489875417,0.1116167065422596,0.14802048819657002,0.14695492893307405
0.13342699728546978,0.11993184482302637,0.037339584410256754,0.09839857203971847,0.09195398404213574,0.08790472859125013,0.2454794364835923,0.10795997387658174,0.07760487844796868
0.0717916847068541,0.12969646198476723,0.034661612144691205,0.10166039680263461,0.15780424286658398,0.06536487805726446,0.2207721299263695,0.09813530856112906,0.12011328494970581
0.15568360355618055,0.0788756495213915,0.03119896280152769,0.10092570850857076,0.10249661604839817,0.06301412213164072,0.2862975591552947,0.07992823844901052,0.10157953982798547
0.11572257898375309,0.07316779610304018,0.09175174992559428,0.07822779136795399,0.10522744776098325,0.20964213919959876,0.08249848359352953,0.1372018186900362,0.10656019437551073
0.0806256085614785,0.13906666355204436,0.04371613818137332,0.08352230101563302,0.15002225579181486,0.06950891987342432,0.219272890897098,0.10025959547451645,0.11400562665261708
0.13137962826992627,0.07917939298401583,0.041739915582362376,0.1088023042464165,0.10222956267340803,0.09667044696467982,0.28014228675309755,0.07516403038266078,0.0846924321434328
0.09763385164431015,0.04770726936441655,0.06541149582346022,0.08362527003300817,0.11270682865995031,0.164618184136693,0.22140257729707438,0.10272299801099748,0.10417152503008975
0.0918227244167396,0.13666251939092755,0.028767331116789033,0.11883539821105747,0.16082697109957347,0.060656527772941,0.16227866046614617,0.09836113230421084,0.14178873522161492
0.07226763414285997,0.05479920682915155,0.15558177574424867,0.07082756533465052,0.11914358158707851,0.24227954875116312,0.07657754249357508,0.09557204428681243,0.11295110083046012
0.12415766741243034,0.09666278569402054,0.14868958862398532,0.06611031515857764,0.08183532391749575,0.15225499883386787,0.14979781425694272,0.10680706743876027,0.07368443866391962
0.1232049716915321,0.09664350648272847,0.04642548654547333,0.10445652547324064,0.14063999529665286,0.1155670294441653,0.070552097041729,0.13433332397437223,0.16817706405010613
0.07917917273136808,0.14434061478911744,0.04763204808792184,0.12075169795962139,0.14288489006439373,0.06535348824953892,0.16789830322671062,0.11027044535233216,0.12168933953899579
0.20517030813553871,0.05684969551627192,0.0645030162619405,0.07603492095647772,0.07591333423182321,0.13516095622065868,0.18407459696970377,0.12797915157500792,0.07431402013257764
0.0701646259746488,0.1266768746397654,0.02861337075531786,0.08254329727104263,0.1530889373530512,0.06285658643255018,0.26871871455485086,0.09670242054983241,0.11063517246894068
0.07886310209167466,0.07025210676736889,0.196452489054001,0.06744750414391999,0.14924158876750793,0.16274508017018563,0.09527787538587464,0.07867028851533625,0.10104996510413101
0.0979217424960707,0.11084106724716654,0.04538156642550495,0.13980276186696508,0.1500209420261121,0.0843431133025259,0.12858094241146767,0.09370540055313897,0.14940246367104812
0.07986525287080164,0.09565413494250237,0.04077666452342984,0.1155343926811808,0.12837484010286568,0.16088910977467627,0.17633562192101868,0.08099994325940753,0.12157003992411723
0.12111493504783555,0.13353825427724642,0.03428710024329639,0.13372631566017684,0.13659772812233276,0.08516196677221553,0.1151912172260849,0.14061140540269906,0.09977107724811256
0.14963535704889533,0.1635098673650547,0.05958649452951708,0.09274214487543976,0.14059088510323275,0.07687622609252005,0.06390457588541838,0.07741460980946603,0.17573983929045586
0.1100114805224701,0.10587951699832503,0.060991235875258225,0.1080956039091628,0.11872929492242291,0.13728692983508312,0.13657845966727258,0.09543443585243117,0.126993042417574
0.11217502917537436,0.08034016899962254,0.09500402911904564,0.12901592852354007,0.13750547481405687,0.17726638865964559,0.0538292936379885,0.10081458936761158,0.11404909770311478
0.13956149658185532,0.05414602913063102,0.25683125704734416,0.08990762407970938,0.126850395348006,0.10804218237806552,0.06079089453102581,0.07934345186916188,0.08452666903420088
0.12259161686995544,0.09979681975569037,0.03313238839792925,0.11709952156956771,0.12869150509900723,0.07045117596769575,0.22204837819382303,0.10505969327251401,0.10112890087381719
0.07890516927637509,0.11635397418807736,0.07524664072694771,0.08897138900610548,0.12054888677609,0.13905886166141807,0.1141569272378995,0.12895179560620473,0.13780635552088205
0.14616789211257938,0.16152283718035645,0.07224002414514819,0.07559712705858096,0.13475474150479713,0.09504055148640095,0.09260051085378744,0.12625298336111435,0.09582333229723512
0.10152920676246535,0.13487666208503438,0.06680051193621604,0.16667444149210806,0.10652936295218103,0.1241557792951964,0.08855166854549534,0.11422213689073513,0.09666023004056833
0.10025100876712854,0.0837296669237247,0.041195715678082036,0.12366329077412958,0.13469943148611,0.15511624038052554,0.11611700606685134,0.10414743272923295,0.1410802071942153
0.13772389180185404,0.08210857978073544,0.25347488826482767,0.09455177343507115,0.06497088373666816,0.07852993224384415,0.09667035703632043,0.11445544149939786,0.07751425220128105
0.1884601276633897,0.05572372778473195,0.19360273337575573,0.09062274329927729,0.12102728278340646,0.12651077635662986,0.040100212861263834,0.08386727529846834,0.10008512057707676
0.11610801774754176,0.10195510310963622,0.06555655104056869,0.14843471765740957,0.14850713114627223,0.07988214446854705,0.12542147099356163,0.08331548187344327,0.13081938196301954
0.10508924538724146,0.10616545720929414,0.03872117982558863,0.09621832217603571,0.13596031684701,0.06814140257149885,0.23917541859944738,0.07963836996405267,0.13089028741983125
0.10553662934867923,0.08621720532987853,0.04184556228888567,0.07763196000682714,0.15180034152218522,0.1483966636334068,0.1730310134258067,0.10085685950187658,0.1146837649424542
0.08320983734065555,0.129623588405725,0.25214791376220763,0.08240743290190784,0.09202352594793917,0.12547698285503847,0.0429977438743873,0.10315863825809198,0.08895433665404706
0.1696257502185694,0.10674761716506909,0.03877820011828492,0.14055028832577202,0.11352823306612791,0.07853550943717709,0.14385710001523924,0.10945642932870803,0.0989208723250523
0.07315510430899858,0.1082086390445083,0.17643922773372478,0.07660794289888873,0.13229916932960895,0.1572569639088629,0.06656139247426385,0.10615340582549064,0.10331815447565336
0.11543920364279786,0.16258496806682365,0.07039318617982708,0.15321651430177236,0.10057152294811135,0.0791513939937064,0.11075467453152167,0.10010919255169094,0.10777934378374869
0.11055842049525288,0.09619423683176187,0.3267014325871071,0.049326481955538064,0.06768324511554416,0.10406003128001413,0.1329065768666039,0.05782890271504998,0.05474067215312797
0.10557821131412286,0.1330155776518636,0.038876528183146145,0.09642619658109897,0.17004593286107386,0.10078132260223793,0.14269809351668283,0.09489570642962543,0.11768243086014844
0.10756671219914456,0.1254151618881669,0.06210033789495099,0.23746361546928405,0.11878602375400237,0.05534107131980722,0.0827959154660415,0.10041499770857809,0.11011616430002437
0.0899788035081706,0.11181452899596522,0.03050557976917678,0.08466573306849658,0.14180597112700702,0.07031178293125843,0.25545231054287604,0.10359494550225283,0.11187034455479643
0.08320400139894032,0.1373324669517679,0.05184644460548427,0.13314522189854003,0.09552008198626172,0.062244566122314465,0.17923762729028367,0.1445955162551336,0.11287407349127408
0.08879199837682683,0.09415976627020829,0.050387392895288284,0.09989092372360582,0.14005749763113962,0.11940658577181855,0.1758156424653868,0.12111993284980184,0.11037026001592393
0.10248672314831714,0.0958250354323648,0.050295478454136816,0.08700029186234971,0.1447112810412393,0.09960696346700394,0.2049372582566329,0.08681885078154117,0.1283181175564143
0.12285916362560247,0.10518051405950214,0.0957879329819483,0.12199966314175521,0.08597994247002498,0.09144963322276188,0.1286129982390775,0.14961449267553692,0.09851565958379056
0.19419339400665755,0.06785160286491898,0.13733540904135091,0.06754323036564386,0.06759531982444873,0.17926825951977285,0.07733352252412405,0.12420794511408151,0.08467131673900165
0.0672537750379067,0.1302373952596015,0.034727648827586804,0.09536586828954476,0.18814970478466883,0.06633349786201491,0.21655084703908387,0.08446158082606676,0.11691968207352603
0.13946718636698696,0.064794846149322,0.07245814928084866,0.06006642904490302,0.09959079532091204,0.11409636985057216,0.27620546518152994,0.08841775657380356,0.08490300223112159
0.10619898674262813,0.12609577177927955,0.044826123206031764,0.07435170290654691,0.14433653303575067,0.09686785738287342,0.07128666027840654,0.17396189264752193,0.16207447202096106
0.06797976939265098,0.17671597677434758,0.05803531346934613,0.09166366577770813,0.1448277604632398,0.06575160529099174,0.18787941954592938,0.09900530225469073,0.10814118703109543
0.12755925780056462,0.08464269567967475,0.039953773932862605,0.07805635939244183,0.15812471237837836,0.08429947705574553,0.11492500892896634,0.13889512086810152,0.17354359396326444
0.09905741914299077,0.16144436981538546,0.05373343428712648,0.10978899849371647,0.15263135380542048,0.05684551446358963,0.1516094332851524,0.09005684963122108,0.12483262707539723
0.11333100413283188,0.12114364119421088,0.06019465689300821,0.11517651555518844,0.12270984551476083,0.08448884934935619,0.1219318202867214,0.12983559917816,0.1311880678957621
0.14759187178102565,0.12608720905693463,0.3390429708761468,0.0445882985932253,0.047813808957093445,0.09352906966844059,0.106594378112382,0.04495937919544079,0.04979301375931086
0.0658345078996882,0.05643340809660019,0.2869721788084643,0.06332065627601699,0.08984332094507681,0.13775635591828198,0.12113199131833195,0.07599472649482404,0.10271285424271552
0.09856511384141109,0.06566227534593427,0.09213807892494941,0.1776447929936494,0.10784081311317666,0.12181456833770003,0.13546523805089158,0.0915591629847468,0.10930995640754071
0.08034930421221934,0.12853161553320774,0.05536445787245861,0.08566294735257662,0.1519776931439947,0.09305347344291091,0.17652104508443878,0.10183336571931641,0.12670609763887697
0.10914910238775517,0.13176026973271096,0.050549056696667906,0.13466949064059977,0.13263058646052991,0.10119603763818634,0.05478785938187813,0.14065451466524725,0.14460308239642458
0.2054045714916131,0.11696342289747319,0.09468987022189133,0.0905031976871189,0.12697372787743755,0.09625464479902353,0.038402280480865025,0.13111030493031486,0.09969797961426247
0.08206065112825402,0.14758337147827483,0.10293313544695348,0.13983441754529488,0.1271406160953595,0.06864667011370183,0.14223335135322457,0.07101099560423603,0.11855679123470082
0.08380677750279329,0.12266338818932841,0.046553141102344424,0.10197102480213915,0.13871687541855263,0.06675953438015537,0.22607898101544913,0.09658288412534388,0.11686739346389378
0.10676683043557487,0.16512722372788005,0.10397847581732533,0.13389418862653513,0.11244118388336527,0.0401356283765576,0.175088824178258,0.06637196691603336,0.0961956780384704
0.06271969501576474,0.08773521657410142,0.2952428149763585,0.08453747419233404,0.10627394269216452,0.07381787758957843,0.15579181080874469,0.07606846434859126,0.05781270380236241
0.13233364753045498,0.1396268394096851,0.036641447638773396,0.08687562469062377,0.16106567394057905,0.1371068966365143,0.05199597079776171,0.09605534264023358,0.1582985567153741
0.19178893712020895,0.1954320884637358,0.035258276424285494,0.08593976496154297,0.08555285460639629,0.0749055237122788,0.20190297078859987,0.05460668457687062,0.07461289934608122
0.2105939760060376,0.07645858281497259,0.04546329707481811,0.08968381049323981,0.11893967471062512,0.08761377974216711,0.145233370636105,0.08886961104778851,0.13714389747424613
0.10005382845629669,0.14970641431913198,0.052940472945637425,0.11591546605590507,0.15842179655409755,0.07563502314512227,0.1071933467993368,0.12129613834009302,0.11883751338437916
0.10556372073371016,0.06629721553341668,0.3018447188835927,0.06756420633108338,0.08119711384650748,0.09073923663200882,0.13433942838131882,0.09062133106304902,0.06183302859531301
0.07811815717332743,0.14918554751698018,0.0490515384497597,0.09399474004361293,0.16415198085828073,0.07433866603287516,0.1709042032639206,0.10555760974748712,0.11469755691375617
0.10470476253017584,0.20485988216927598,0.04810638847106783,0.10291366714811456,0.14260956958527501,0.09765129038278896,0.09975190809185648,0.08865723249020376,0.11074529913124159
0.08317989200635324,0.11551844732362333,0.05553763647528484,0.17386753641005503,0.13502729319718873,0.07381876487836272,0.11902900660391869,0.13857464134844208,0.10544678175677132
0.13434243137618748,0.06011085675965822,0.027141922030456834,0.10912165511126931,0.14377275453187507,0.1302830086218476,0.10329349274068426,0.12795912314554872,0.16397475568247247
0.10602506118240833,0.20896379246810504,0.04242384118884473,0.07925773971849508,0.13516267333520862,0.06233524964530044,0.1583760787321672,0.0907258261992507,0.11672973753021992
0.11865440942728377,0.13569158907403084,0.044766583863760916,0.1258194787216126,0.1447299400084974,0.05971708790445498,0.1610315850099955,0.12113366390733005,0.08845566208303383
0.1256775210158654,0.11901080088448819,0.038380733761472746,0.1365993427187455,0.13521410127577982,0.15333970899653113,0.07519635241193366,0.08906998629765778,0.1275114526375256
0.06523215860621062,0.061326497098436995,0.2843567498705019,0.058123713085078514,0.0741800603205716,0.18783311253065146,0.048526834295679555,0.07213350853214094,0.1482873656607284
0.20090873761547887,0.07491846848871424,0.026942392480749467,0.0763500344375389,0.1260884324713025,0.08315304802823202,0.20371204224389894,0.11741471539729738,0.09051212883678768
0.1111181012256603,0.15459435649850972,0.03771860570398212,0.08036836063774729,0.15013589849209372,0.09415379669932626,0.17071123207143668,0.08985132101018016,0.11134832766106377
0.09205093232696142,0.13311168815316557,0.04749536513532935,0.12965109905797703,0.1531408809598975,0.06987613370657013,0.1595605125620233,0.09082235710633502,0.1242910309917407
0.07484091688195633,0.04189062853599404,0.399373930117156,0.04640998326954624,0.12745304030100155,0.05527629631673803,0.10076313324477838,0.06459401222409758,0.08939805910873189
0.10980780553381349,0.08500671383486613,0.08742612101010167,0.0815079112971613,0.12848791575547466,0.12352467553294677,0.06317487178472969,0.15085662972230127,0.17020735552860503
0.08011002428793396,0.06595652852254717,0.10119796626166072,0.056935680973498166,0.11395568136738976,0.17737283855249067,0.19683464391416458,0.1166237361423233,0.09101289997799168
0.08640493716186888,0.08414711347960163,0.029103017358385014,0.08795170103258171,0.14925106236195043,0.10154449938724912,0.2812561026589718,0.06768599353119274,0.11265557302819867
0.07441845327894747,0.04879677800323693,0.42065164565118796,0.05372287065855411,0.06427263348552316,0.12777133986898095,0.05925182101256968,0.05093880709689557,0.10017565094410413
0.1107008759620383,0.1077701146129159,0.09139546034819683,0.0961003370507621,0.13854245497430803,0.14217339996569336,0.10485384132580437,0.08564302640559951,0.1228204893546817
0.08153084517159494,0.10465511572081128,0.13956140005703313,0.11936561277702336,0.11907258619089918,0.15633039712701766,0.03921059897318888,0.15162215009515037,0.08865129388728121
0.1246293030753919,0.13862429373453783,0.0821333443058429,0.14863506052704878,0.10868194124219539,0.074402438601967,0.1072623324541437,0.108535712000278,0.10709557405859442
0.13603710842212904,0.06733699260623861,0.09289413753024266,0.08436115798278739,0.11722051313009256,0.13892858545514306,0.10968017547476168,0.11483714701481758,0.1387041823837874
0.0831760975590159,0.08802901119320324,0.09089730540481099,0.16124050449015748,0.18865881779379998,0.08414794528851825,0.06225210068889445,0.1253077165302463,0.11629050105135352
0.12587453087894382,0.12304495820176109,0.07816510598219034,0.15536835851727065,0.13736872525434055,0.08191691102119175,0.07898893018038805,0.11937502076471553,0.09989745919919825
0.06959441338099863,0.10213000207896132,0.22128667297271007,0.11190687475486401,0.14035621634594508,0.07801322268024492,0.06199788259534991,0.09441820691559115,0.12029650827533496
0.07289405594373373,0.062952589571893,0.4788457740349261,0.08747511280577379,0.06380261942764905,0.05936462403914964,0.043413052711197685,0.05236420862096452,0.07888796284471247
0.13434243137618748,0.06011085675965822,0.027141922030456834,0.10912165511126931,0.14377275453187507,0.1302830086218476,0.10329349274068426,0.12795912314554872,0.16397475568247247
0.11073214347208099,0.10391097146124319,0.07070454550945864,0.12281425162113709,0.15612345293045762,0.08954879381711252,0.06058738861530538,0.12398622917473967,0.16159222339846488
0.08139504593743001,0.15295064665575378,0.03020526119229044,0.09607837198424528,0.18464363444998522,0.08569328997343117,0.07912223283737006,0.15318074302063056,0.13673077394886338
0.06388063170990761,0.16964647181189274,0.31293816343892045,0.14211224483621637,0.10041969832371528,0.04193777170419318,0.03828976512931238,0.05248475035930348,0.07829050268653859
0.14041590268995877,0.12072749274680848,0.05241147295656314,0.0849274806911413,0.12519678920654032,0.06120311720133877,0.20879765414923557,0.11983854776093046,0.08648154259748313
0.10248672314831714,0.0958250354323648,0.050295478454136816,0.08700029186234971,0.1447112810412393,0.09960696346700394,0.2049372582566329,0.08681885078154117,0.1283181175564143
0.08273953742059367,0.0906657542346136,0.13684420442066111,0.07948919178672693,0.08279987258426631,0.24612810134763444,0.06510211369591844,0.09947611219546325,0.11675511231412224
0.10609881802001443,0.13721476131536267,0.04864032648389865,0.09667966448811828,0.10815733437506948,0.08798619822953752,0.11867643095969482,0.16910996294379885,0.1274365031845053
0.09136064583819332,0.11438297808999182,0.31949760971624036,0.136880834101169,0.09905530519584167,0.043785489617022146,0.053557477773934464,0.061114889251208775,0.08036477041639833
0.15103724514091488,0.09697773245543125,0.04543377645098656,0.09072070782672743,0.10903736352978761,0.16783582906313743,0.1515238179381931,0.08668784826302052,0.10074567933180112
0.10941554252280168,0.1124152021430571,0.057893788280522905,0.08144497207372509,0.11115134318734617,0.14400794309017906,0.16561430705239052,0.10272709496284906,0.11532980668712844
0.08372337656937041,0.15860733336121424,0.07425811446813683,0.10096745701809728,0.11626973622159041,0.14264668960999574,0.06127258612545713,0.14992554429745322,0.11232916232868469
0.16275425931453594,0.10366496908257065,0.039104516802725836,0.07469451481772439,0.11181081025613908,0.11350575867138975,0.22030927434726263,0.08888972781483749,0.08526616889281415
0.1201681720623543,0.09643710641151722,0.06502797508111781,0.11142057032426837,0.17109278566024677,0.09514915631794836,0.10718418591439292,0.08970829128204723,0.14381175694610693
0.10697999617897491,0.11634132174629264,0.09444003859786415,0.1974378615827833,0.14341744750128546,0.09642191920167666,0.03235867305547861,0.10688743803167765,0.10571530410396662
0.13697610464124832,0.057123759301999553,0.42855862540359696,0.04841480572853887,0.08389911313910965,0.06451421074877435,0.058184079382554356,0.0593123697527203,0.06301693190145759
0.08142561351253856,0.12201961670076704,0.03623195096148584,0.08301743054094239,0.14342747539501752,0.15314584071830498,0.15635103057348596,0.09977592045093624,0.12460512114652152
0.0885682738173973,0.11524459928689162,0.03186048855190709,0.09789801080817874,0.18705785751043438,0.10440884787588282,0.1448346944543399,0.09312442706636803,0.13700280062860004
0.07595558268014534,0.16441098054190315,0.03482125511463019,0.09842131136904064,0.19035516636084696,0.06781816410038381,0.1477363905240371,0.10022234622109605,0.12025880308791669
0.10893929976938693,0.1925458514950502,0.05985545608821513,0.10888135444989595,0.12285012420412693,0.09173865832240669,0.08128367109005226,0.11973004612491396,0.11417553845595185
0.09178658875674835,0.24034030964036102,0.06383597263612155,0.09031426926297235,0.13011136317746225,0.07373155032094235,0.08732366128886827,0.10163222740655793,0.12092405750996588
0.11925202138745931,0.15297035747610965,0.053643638302246555,0.13580007266038296,0.1485492932114292,0.06616196874256174,0.10427163237337851,0.10243367348638004,0.11691734236005204
0.12011814279840693,0.08721803472539914,0.05636254529048463,0.08667632669592394,0.14503447263307964,0.1019620694155781,0.09637960596978952,0.1103077876148479,0.19594101485649018
0.1843164026672052,0.11339460753988771,0.031610902355334994,0.10397900022656459,0.09137391048083139,0.0803598199502878,0.17157059338951797,0.11153822221526984,0.1118565411751004
0.09388648758656466,0.11262613741265463,0.030258594923246295,0.12761661693590265,0.17279669427635783,0.0526600031010351,0.22424963327005917,0.08490850038475935,0.10099733210942026
0.09691179261478892,0.15583860092053678,0.05401235773897436,0.16423406354335282,0.1225282205223077,0.059056079725981266,0.08267109807296723,0.098988395825454,0.1657593910356369
0.2353059740169763,0.08571887407729133,0.05534537048875084,0.07903885450524811,0.12311326874851432,0.07387386977092635,0.08265205886227037,0.12570994594313306,0.13924178358688932
0.10849381388366514,0.09637990096697109,0.06343471876777593,0.11297319168118149,0.10366929025828538,0.11191723112113594,0.23465955988483933,0.07727397647199986,0.09119831696414575
0.09074673339084877,0.10003126200901068,0.04663176259094114,0.2177787108709761,0.11389059855711549,0.07444938583956516,0.1187849564266948,0.09997658208014294,0.1377100082347049
0.142744635471017,0.12691732560298505,0.0502383921528313,0.0864465459281077,0.13039576177105094,0.08923487969033561,0.14149622552578742,0.10200084107989564,0.13052539277798933
0.12889038532921926,0.16575744015357505,0.06134579784759702,0.08886602881349874,0.15048538243246468,0.1010151450998464,0.0854484132003393,0.0995155987056523,0.11867580841780723
0.07256488831252451,0.10683997717819112,0.02622755919177279,0.11064530779571909,0.14647399014541693,0.09277725046235895,0.2337015506010822,0.10738596458602534,0.10338351172690903
0.08397005367012238,0.06576315261978916,0.29776536800582204,0.07164313662938084,0.10117593476326127,0.1232447676617247,0.07632018318714814,0.0803890680990894,0.09972833536366203
0.08274176162867646,0.1465519207952676,0.15006053724891244,0.05673305773877365,0.12608298132678528,0.09183800453484843,0.16754062316511198,0.07565005813522226,0.10280105542640196
0.07294567044460817,0.13260620844459106,0.03362054526616606,0.09632075564576147,0.16475192290815335,0.07342780228782896,0.20442976787935221,0.11899659380812955,0.10290073331540915
0.07033649802678878,0.08294414657456438,0.34354917695554427,0.11561678887177422,0.09456925043356419,0.07341889581974326,0.05229515705977116,0.08163711985477046,0.08563296640347935
0.07547104775444208,0.12114147047067476,0.21991028448956884,0.11292282703572747,0.11392722137074525,0.09672671958911978,0.07979709708937992,0.09922355395046357,0.0808797782498783
0.17313810336828192,0.12589378330545825,0.04293541635150639,0.1657737238599294,0.168686978087584,0.0632171256474785,0.06072071587531192,0.08604540657056897,0.11358874693388066
0.10057650248311534,0.13096188249390836,0.05238053674016722,0.07739410875188944,0.1377789520826131,0.10193567114356013,0.07988016669626218,0.18626944265307185,0.13282273695541247
0.07464215074509385,0.1295995055528627,0.04860062825490754,0.1388546065155798,0.1690547247127936,0.05489048933026983,0.14662317661866217,0.109425698460609,0.12830901980922155
0.08598557800487942,0.16699216059304198,0.2073999897191435,0.07410524410779958,0.09764459812201702,0.1265755375819491,0.055570782327786006,0.10339099815511481,0.08233511138826864
0.08749788186389677,0.14158237088996098,0.02300081610283303,0.09519797802398244,0.14619959201265673,0.08113890186557694,0.2474851826885139,0.09326340275072519,0.084633873801854
0.11904789360858391,0.16608755011978846,0.02696901123283769,0.08165225717565462,0.14595896468101663,0.06954017191069158,0.16352907544559345,0.09970344344406683,0.12751163238176697
0.12723047254325046,0.09907313718043224,0.3418564886827287,0.0815999592534847,0.057200061522748646,0.06527522383486185,0.046655035507685065,0.09620666814597147,0.08490295332883678
0.11673039439654191,0.12868311794133638,0.0337827996897942,0.11786792491870839,0.16510416817328158,0.06492664086084392,0.13860916774736448,0.0923224888558643,0.14197329741626494
0.09660815804697936,0.10387991917429372,0.44127319228617057,0.06584504853969848,0.06818112078550106,0.04279511962974009,0.057908220475032225,0.05276239413647988,0.07074682692610455
0.11296184059002683,0.12933757345211164,0.1065596905239512,0.1469610153008776,0.09601940102130717,0.17413222403423187,0.03514243306118534,0.09818377416946106,0.10070204784684726
0.09632829341285372,0.08131206949984073,0.17940873874098492,0.15307932852646028,0.11229072842416828,0.08501737068936173,0.11492188338904535,0.09986945817517717,0.0777721291421079
0.09918320703361316,0.13707243052727056,0.0836317939524044,0.09922381744425869,0.07366572051602437,0.21223982799991595,0.1113101055525424,0.10775846887240437,0.07591462810156605
0.09911145620772914,0.12001703535333123,0.024413696486259535,0.15259114053880965,0.1325034372704816,0.05782295462564838,0.1910968838254046,0.11113818440162522,0.11130521129071054
0.13997168211430774,0.08179694335615649,0.032303753936276665,0.07767041073507501,0.13608584112522693,0.08294118525228832,0.24919109771711198,0.07274635078480775,0.12729273497874913
0.11484764001405423,0.05699672560291347,0.05774616318734152,0.07325364272223205,0.09498866117091682,0.23207061336367632,0.10223652855062314,0.15956705075845623,0.10829297462978621
0.06946065604850112,0.088003185726917,0.32725792288716044,0.12864470278156173,0.07196207462401324,0.10048657090404807,0.054915921650784176,0.0825678751147028,0.07670109026231134
0.09815100685177114,0.12560019551465032,0.05682649441544502,0.07832841833251182,0.099634398505468,0.17700788618214183,0.16093475614492117,0.10115462825587208,0.10236221579721864
0.11319938252580063,0.09534367120881543,0.05970974775678237,0.11541447507693581,0.12965115477721312,0.090060678748812,0.08893478841592,0.10743551709045591,0.2002505843992648
0.06538211349801847,0.16215479756030146,0.047522960287197026,0.07586273091176171,0.1741112814422061,0.06829068240001074,0.19588578664497258,0.1074677049678265,0.1033219422877053
0.21317225490128158,0.09433294993180234,0.0530936268301887,0.07213165817742832,0.10854618827606545,0.09179925386523359,0.11856156061398508,0.146068411823253,0.10229409558076195
0.08435374387530732,0.10998434767507796,0.05607521615407257,0.13226734148236557,0.12183354038190469,0.0870178092505078,0.19351206472699323,0.09666565175822887,0.11829028469554209
0.1242750684323296,0.08227336454623335,0.10526628981432988,0.10384975952232327,0.11627244718991131,0.16051192340145792,0.05489487180851515,0.1108101132893315,0.14184616199556793
0.08387037237109772,0.10556351207394284,0.039434109376008886,0.14767749483283846,0.15085234435567343,0.06229474608013944,0.16705843377170337,0.10121096513223499,0.14203802200636073
0.17437118470640836,0.1261353578443667,0.04173045938434534,0.08924953422227548,0.19236224203201735,0.08486810891357181,0.10515754633478587,0.06901909332999615,0.11710647323223293
0.11198577813548978,0.11871562329407342,0.05336847748015163,0.09929036709299151,0.17410315761322234,0.08193317258901668,0.11725279145238719,0.09385402950171078,0.14949660284095656
0.056883621437050946,0.05165845608739756,0.2920517144531249,0.045612265694497466,0.08685156474913043,0.0830714261476692,0.2522771048094339,0.06397238208181377,0.06762146453988195
0.08276533824979643,0.10488831463027082,0.1474497004562957,0.15272673782839277,0.12391112697416018,0.09827375700219836,0.038425156419780206,0.10814089823085489,0.14341897020825065
0.07815847875462885,0.17002594315286093,0.03230247139917741,0.11069847297092454,0.158540975404205,0.06884791346150335,0.14185190751805302,0.12274239194209735,0.11683144539654959
0.11480281394048313,0.08450737156122112,0.053696997351324334,0.10819740162875761,0.14878835884769126,0.11471052114443957,0.1307986642673254,0.08913031782548958,0.15536755343326802
0.08301636835559613,0.1648516920468551,0.09236674478744862,0.14376962189309975,0.12502787798655188,0.06799665344412383,0.09415108832768948,0.09914232783264083,0.12967762532599436
0.11867115503414773,0.12787541054354593,0.09006039007824439,0.151290290410862,0.1436095019395046,0.05924066134066008,0.054912106613986315,0.1273348485863958,0.1270056354526531
0.1277213046785784,0.17104199782377705,0.07681431089967816,0.07642579033036985,0.11660998363118381,0.06806240910414166,0.14562291066844116,0.13489735408027645,0.0828039387835535
0.1579736726077392,0.1327787665848088,0.03424038504926756,0.15807754932009385,0.09696001827297313,0.06506478453626098,0.13768044662995546,0.11895623997162515,0.09826813702727588
0.06759241951057744,0.08349654548198217,0.4123450483393259,0.06016583001027335,0.05764965370444467,0.1106627365585574,0.08308581693395785,0.05823276424436328,0.06676918521651794
0.08399547562220928,0.1729136895064186,0.03706627451761186,0.09205300710137886,0.13460066352118646,0.059853363678615955,0.18928580048388335,0.10015831277572974,0.13007341279296583
0.09414347054402794,0.08078893950459905,0.08716323576822121,0.06916938778982251,0.08319049010644074,0.16394780939995687,0.1787839030743724,0.13509234662839162,0.10772041718416775
0.09353623311193209,0.05469557977829983,0.04103198908293706,0.11217917417261436,0.09709609339596836,0.15433766557830664,0.22524532659675323,0.09781157006465795,0.12406636821853052
0.07818173342831018,0.1124608698603674,0.022758528432733394,0.07681899292186432,0.13129558719088902,0.054564712031704855,0.2954481513860179,0.12218370367293961,0.10628772107517333
0.06898583253878844,0.0888802828646924,0.2846772113669876,0.07188490023526474,0.08501454891920641,0.13669104780087138,0.09075858077014136,0.0714143376881392,0.1016932578159085
0.08731932909849781,0.11097377973470784,0.033519601971267,0.10825555335673553,0.10397207241303191,0.053588733911693255,0.24594960202018104,0.13791281140433778,0.11850851608954782
0.12293948986601537,0.13302658504044243,0.06158061950299209,0.11730061341006663,0.16043625098670053,0.09337291055290763,0.05121665380260917,0.10775698614167672,0.15236989069658943
