0.09914975869750459,0.1790773533993626,0.12022018707416819,0.13314313648384538,0.13005016874309658,0.07120758078744921,0.023609966695275413,0.1492757766190715,0.09426607150022666
0.06311289762851967,0.30490696570574977,0.15510231692017498,0.08596756939330204,0.09450554184883168,0.07586543415891189,0.056412275390366216,0.0865580268730799,0.07756897208106381
0.10285849875793396,0.14203879533519648,0.15644393704682116,0.05453326248589239,0.12259508188545869,0.07868688587502741,0.0928104730318164,0.11737672537242992,0.13265634020942366
0.11337429636423896,0.0615154832580575,0.04553449892137656,0.12577418416934902,0.19170103713730305,0.13022452558614664,0.04108766924014854,0.18284404546228925,0.10794425986109048
0.132866343351769,0.10767305788563226,0.0885064963868296,0.04478312689184861,0.06891183300734847,0.2399599582215587,0.18311252062479713,0.05287300957619822,0.08131365405401803
0.09621267356757617,0.11016067901964537,0.2816570976590808,0.08553819697176197,0.09294053772178912,0.10771886190123946,0.05120957207820224,0.11366192473600538,0.06090045634469957
0.10423073105496712,0.08145299863430137,0.13152135861701553,0.05719605837762421,0.14229511162544226,0.13127214419944425,0.03149964109322567,0.159393109602584,0.16113884679539567
0.1668417714268764,0.0878380140579465,0.10400165616537571,0.07419286470764418,0.10802145212907088,0.06695914074524706,0.03663123640857203,0.09998528231328004,0.25552858204598716
0.10465624018848486,0.10733574978573146,0.020165536240613447,0.14994820767524533,0.1287530537953621,0.1324881786869092,0.061975534209965544,0.1974741270535962,0.09720337236409181
0.0911296325021308,0.07611264240444514,0.025427721518025925,0.04203091679097898,0.08204333480038974,0.05023275414294929,0.5122868910188407,0.07396477235914638,0.04677133446309307
0.15399156247360926,0.13431903826192862,0.08537906913878697,0.14798154787721915,0.12739739854613305,0.044635759426027814,0.03379515977913046,0.11027842304317466,0.16222204145399
0.12206078056552998,0.08710384075330875,0.027799916925140666,0.1884385079470916,0.18571543299430895,0.10734251709093363,0.03705791180781494,0.1424243972985689,0.10205669461730256
0.09804924835548168,0.13485797125697055,0.14786471604734852,0.10883923347741246,0.09136765174039108,0.07608878667251939,0.11704342162073207,0.05013070645930756,0.1757582643698367
0.09983029303899156,0.10979424297197381,0.09672234209670555,0.062342567786846666,0.114494059142814,0.1835760578843243,0.06736898685373699,0.15665880601086832,0.10921264421373882
0.1378188471988516,0.10344798376271486,0.023120100707870503,0.07460051465059538,0.12259169187293902,0.09431983893585245,0.1314468373329115,0.2124272895063496,0.10022689603191526
0.11516630592415195,0.05249123423563773,0.31044329011065624,0.07131871566363565,0.14601284922523808,0.07579255741029133,0.02818477285832387,0.13205094671216985,0.06853932785989529
0.08355742596979666,0.056561928957363415,0.23777366735928263,0.11775429806190707,0.10560406093651699,0.17818325209438504,0.03839414235805514,0.11825263012626606,0.063918594136427
0.16033083996659622,0.09198808657958361,0.06568098421279857,0.11514057864960521,0.12372585179206497,0.14025105617686434,0.052069989379608515,0.11049204765425137,0.14032056558862724
0.12719605058126726,0.1076340666812134,0.13758037784832636,0.06377613615007066,0.126949836663645,0.02570658382332602,0.04789309069070246,0.12069828516610236,0.24256557239534646
0.09234696197391924,0.17242362112102802,0.2665170270774914,0.09631662403010932,0.08002515389990993,0.12476135705692963,0.03659029692248129,0.08514761754204327,0.04587134037608789
0.11516418717252346,0.10402490091845414,0.06021794432378508,0.22606765608849724,0.1103064518994998,0.1599957915055746,0.0671768018301904,0.07962783835996619,0.07741842790150913
0.05204124298303192,0.1340551195358983,0.396099421258238,0.03144281467355204,0.10832481636557907,0.1768359970650959,0.022001179380075526,0.042566224623994064,0.0366331841145352
0.14940990414401611,0.0849851011388059,0.03507393423633329,0.2693658333549623,0.1206460561523991,0.06256402590270103,0.0257222525281396,0.09650145127030436,0.15573144127233837
0.05686088802627126,0.16475063956510713,0.11857477143477453,0.034037735865835125,0.13326305447214437,0.11695738313188593,0.12382564598141188,0.08976392521645538,0.16196595630611435
0.07590406082661916,0.07071986191340218,0.026834935724733385,0.03103308064869187,0.09667297413528975,0.02297167060339429,0.5619854156272076,0.07108905963031449,0.042788940890347314
0.14143216291709523,0.11006224476812547,0.192306857389445,0.12607160223217864,0.12104970949378217,0.05940848470706389,0.028249469304357417,0.15394062346287066,0.06747884572508162
0.07409634520271217,0.16650533559674674,0.03632518493806244,0.23273771249597042,0.12272193843798519,0.03567677656435384,0.05019579851278753,0.1221162633478226,0.15962464490355904
0.0869394283456284,0.11767086116244303,0.09883424702698872,0.0923654603857554,0.11649416721978208,0.1785340330879597,0.06666130098844443,0.0792601133802572,0.16324038840274105
0.13883538213506671,0.12312240672147606,0.10850722220542508,0.02454736405220208,0.05515063439679315,0.23454662689320785,0.21331074693345267,0.05146822267177259,0.050511393990603885
0.12277742487568628,0.0913750555737791,0.024554081315691104,0.25018739437582443,0.08797113887499113,0.1803584227445457,0.029450891034781324,0.10420478018565106,0.10912081101904982
0.11658905976981211,0.13850286252560692,0.17443695291579853,0.06614885238238977,0.0985562532387854,0.07595703366831348,0.13373941645959092,0.11647322632047845,0.07959634271922446
0.12560258917038913,0.14240329419721917,0.09938164066438844,0.12009220538512283,0.1311549438159273,0.051634538059300884,0.043648630410110134,0.1076322158728356,0.1784499424247065
0.18906346046159447,0.1425139326023052,0.09396850970231396,0.08409838404501767,0.09432194497067094,0.14740473858769665,0.08152713240321831,0.10123544542208514,0.06586645180509768
0.1423394118533769,0.07113550177401003,0.04457791598896477,0.1179056235675845,0.16897521806047458,0.08058049341447977,0.11560712162841345,0.09081565110105268,0.16806306261164325
0.10527708579791807,0.1721470446986967,0.03790871473882082,0.05912980077780052,0.08303115184681487,0.3227080245829577,0.06635907638738014,0.07172876661494909,0.08171033455466199
0.13858248673030374,0.0883729015086037,0.08469066258443242,0.23784511412105672,0.11224724718255102,0.0960994098800177,0.023344569189921716,0.08382746246024542,0.13499014634286755
0.08763625516847268,0.04727380465528555,0.14005453984797067,0.24133083642022268,0.10654565184355076,0.18608981216889184,0.06965814356927684,0.06700487399535869,0.054406082330970225
0.06998656507877449,0.07906571601475455,0.03238102226137054,0.029585126894016354,0.09720889341254689,0.021823523612196288,0.5512463768324497,0.07586210739815125,0.04284066849573993
0.10514970286787106,0.1221906657360768,0.1876547270949457,0.16890574396077443,0.1132253368430357,0.03546412757044376,0.06174774573822467,0.09642553262543084,0.10923641756319698
0.1290297833484879,0.1738755981621518,0.03439329023826495,0.056887260350248485,0.12846673328315603,0.13596732055887586,0.042711345870216806,0.047433259224038314,0.25123540896455987
0.11557459132081234,0.12331926470220833,0.10138710129122692,0.0817925241256912,0.18095113479813704,0.034493598696939375,0.040496648382447646,0.16381293949163295,0.15817219719090422
0.12123013991442988,0.09420184774955816,0.0872308419034362,0.18158245475402476,0.12942408040223913,0.0484073949412579,0.03639294805702848,0.17133360807405498,0.13019668420397043
0.1341682699392959,0.10106845996600088,0.07505302842835686,0.08061371701546062,0.1305645806930817,0.1473247294815224,0.04974800548778929,0.08457101353520442,0.19688819545328803
0.09035345709079896,0.1727093082038281,0.19857159102130342,0.115503406689404,0.09821494862858056,0.11956807997019066,0.025362928725974464,0.12888535819427285,0.050830921475647044
0.09894097430332234,0.11446427241512358,0.18721728969804793,0.07109437879805858,0.14498404464919443,0.13456239036549805,0.08105616802145514,0.07862254003014149,0.0890579417191585
0.1319361776679143,0.11981838583612357,0.23365002016173583,0.1161479691010242,0.10194427989387911,0.07709054181892393,0.03405553960551095,0.12995696343192867,0.05540012248295941
0.1129002766476657,0.09505823469887335,0.08939527149610203,0.12908907157357694,0.17333215166090268,0.056193131965686094,0.07054220521111883,0.10207045992454748,0.17141919682152687
0.08447113295193891,0.15160091098754871,0.0809632445033819,0.1347122241619281,0.14373141216025923,0.08028885646035745,0.03632640646077577,0.18117184473958822,0.10673396757422171
0.1441191267263236,0.07662730183934173,0.1301055444193913,0.07398039211040393,0.1388213619094293,0.10595206786273914,0.06299595928150238,0.08996136953217103,0.17743687631869756
0.07433399477233435,0.12614977432665,0.05964985294519468,0.1117756370139934,0.1123863735584049,0.2824415696097911,0.058937611389332546,0.10387628520591251,0.07044890117838652
0.08671488680941707,0.1389140779065232,0.08243433427462621,0.12248010428558993,0.09136594692892541,0.2593301264079853,0.0658088860736837,0.06278429249404592,0.09016734481920323
0.06581493595544861,0.0744970815700799,0.035760537911520784,0.03640429645527204,0.09189324761455031,0.1495806814801296,0.4453599605640222,0.06612646625785017,0.034562792191126346
0.15550408901215595,0.09451157736310996,0.07622347276682978,0.11761282852509357,0.15295710340922467,0.06769648434491227,0.037482704007184287,0.0723037192731424,0.22570802129834713
0.17165667916589508,0.12656697682486154,0.06012695458647122,0.09825642801794483,0.1546322180884946,0.04914036785925455,0.04667570306094931,0.09593002338170475,0.19701464901442414
0.10976423279714313,0.11226247321411675,0.11955376836127261,0.09714162776685233,0.07405250001784065,0.28102945924459743,0.08468472423881594,0.07332945342697934,0.048181760932381835
0.11297161757305706,0.08525696313006925,0.0588749620900015,0.09476691095320451,0.16764425460939522,0.029151635515040186,0.028726962712963253,0.2177942431130546,0.20481245030321438
0.14496380199888723,0.08843826607459078,0.025911532683459627,0.1938822250358367,0.15185335846128542,0.05778490166065072,0.04180405557816211,0.07580915985109,0.21955269865603733
0.1267621852546728,0.07196739780910026,0.20545549223261425,0.03626962038264591,0.08555600692632015,0.08275410727460657,0.21394251178988424,0.08923642249845448,0.0880562558317013
0.14091611876843965,0.1471439748481864,0.06488873616478255,0.07777094005503539,0.14963238926805564,0.07996516584735654,0.03380188123628972,0.06296948995492123,0.2429113038569329
0.12034252070694924,0.12384601797670129,0.01817944207866755,0.2141823928735371,0.14392037867458876,0.074973417549612,0.0400259072243253,0.06751358303598957,0.1970163398796291
0.1332514911162671,0.10976495640749767,0.06389740032409473,0.0698489867078917,0.12574558238180109,0.08742823072587835,0.03614364830253622,0.1026720214431125,0.27124768259092064
0.11432979830185923,0.14083584031262353,0.042042867544226016,0.08106528046511836,0.08881420853880155,0.15848282023326193,0.15626568250623168,0.099901408626707,0.11826209347117068
0.0937075253480137,0.11977641349429458,0.041883472975049164,0.08202324689600499,0.111583682137061,0.1106941480773234,0.2648532873629686,0.12119309768465729,0.05428512602462723
0.09333703891407191,0.07404514856855286,0.16175399677871613,0.08223864040224659,0.09924600947489359,0.26514702213670227,0.0919687175540342,0.07126091060357924,0.06100251556720316
0.06415913417920789,0.0957275193215315,0.030261480818682098,0.08529360705385054,0.07092659182394956,0.3656954594795246,0.1909464452193355,0.06759759925138199,0.029392162852536294
0.10230263622905988,0.06758633520624523,0.09479185807944207,0.09306226711174598,0.1363221452350036,0.2980368558730822,0.05748261297063906,0.0530444579056892,0.0973708313890928
0.11069709057177167,0.10707694109767252,0.011765322088814215,0.2188781240637129,0.13666115602574605,0.06300128878133154,0.0437176723520547,0.10880112396940354,0.19940128104949292
0.06771286692181061,0.09412001826279835,0.11723677258221428,0.07148015137859952,0.19663737969752518,0.22424772348998742,0.0390132134345302,0.09784605904371645,0.09170581518881797
0.13489990459194787,0.12110182303913038,0.05977265048210253,0.16917899538811318,0.16019667787213102,0.08140962749541288,0.042472446934753216,0.08566613443578408,0.14530173976062485
0.1197861054069172,0.0758735283375246,0.09657308380316525,0.07963776382085014,0.183318934967356,0.1542965985925874,0.02967320804747381,0.10836852984045388,0.15247224718367172
0.07258568792883349,0.16227778034784437,0.17812775061084332,0.10506788304925185,0.133690000480333,0.15919935620354062,0.02382344687735397,0.10818503428078609,0.057043060221213214
0.1230278460483329,0.08854777252295304,0.08466668858308224,0.22321731035180012,0.14641123980400006,0.12378879370642393,0.029940783306403363,0.08772758899247239,0.09267197668453193
0.11401175282097731,0.13124345550423402,0.08932852875547943,0.08615645701967979,0.10255615938773334,0.2622917142198569,0.058908737836758734,0.08288828235040242,0.0726149121048779
0.06966775077329451,0.09578394959667509,0.02426061100686647,0.031689850231731084,0.07710942025409723,0.041344267387083584,0.519944519498879,0.0984212125029282,0.04177841874844493
0.05572844764576849,0.1213076909348859,0.031154978171333014,0.09693231062250962,0.08702947737916317,0.1933950770549673,0.3038914036068007,0.0694886622391311,0.04107195234544066
0.1495556608919643,0.15088234278734353,0.07817900436774726,0.06770058983253098,0.08655261914555289,0.18658447063036473,0.1243406776800448,0.11044082105524138,0.04576381360921016
0.1123877292839267,0.09187366222147093,0.09436225460526372,0.1425489392280316,0.19190941742722334,0.07006055160971364,0.05899188071341732,0.09065390203406487,0.14721166287688772
0.0928739013366951,0.057669562950172504,0.030315336123288687,0.031065138871900225,0.10953538219972171,0.015953901464755844,0.5351272037934016,0.0788006788764717,0.04865889438359269
0.0920693914497136,0.12629108475931924,0.04324534012368081,0.21239623311482636,0.1653509619904464,0.10668977781044663,0.026365737654283333,0.1234244096636428,0.10416706343364084
0.11345461176359463,0.10353668005934784,0.03944617890119126,0.05556784543498983,0.0810773249936887,0.1484497864196985,0.27828944247110127,0.12409324967289077,0.05608488028349717
0.08286527609826226,0.07378839841338382,0.018215153609424096,0.10688565556067997,0.1061094011690706,0.35900704270955736,0.06771467082993592,0.10581437327377043,0.07960002833591552
0.09032403442115285,0.09554335343623999,0.045521813702416765,0.10629147360338913,0.05968187379552594,0.4190739567776302,0.09095711447962672,0.05825555412526495,0.03435082565875359
0.12401293865266048,0.09621916707969473,0.13845148132369772,0.06852582873685846,0.15220823616390397,0.1085145785738119,0.09552437118643502,0.09638207177676021,0.1201613265061775
0.0815107933370383,0.11892001810426718,0.052293194201475886,0.08260946363807571,0.09947604596064215,0.3097120458942874,0.09623696197591354,0.09309671199536933,0.06614476489293049
0.12222134689540569,0.056372094567913984,0.38441654428565236,0.08264828135898185,0.11087649488149227,0.041842902101333936,0.020296965002491753,0.1110893010974557,0.07023606980927243
0.14378065789131686,0.11827359305001246,0.05134594485979522,0.11466727267838206,0.13259077292582552,0.0575206202823802,0.04191541897420357,0.08796125770027784,0.2519444616378063
0.08395614913788363,0.06273936082653288,0.0872744168406857,0.10993775643768877,0.2214591503514148,0.16812180753860137,0.026537557456219496,0.15898083998938164,0.08099296142159172
0.10460103245424024,0.11173962023488489,0.08133458751736221,0.10604542386195447,0.110241430708509,0.1682920781965718,0.10484570637265724,0.12090860346831923,0.09199151718550097
0.16119327539377135,0.10107005664872759,0.0703088026614004,0.07421937413365863,0.19966011018522647,0.07027770662298133,0.03058108293530502,0.10035041994574263,0.19233917147318655
0.055058376708602606,0.13151854342949595,0.12481432711137129,0.12497745172187981,0.1260850626500547,0.1830630316916764,0.06169499764344,0.1305811129907548,0.06220709605272453
0.12802789632046735,0.11350276886081716,0.065230483437989,0.04540476313119057,0.11866324512790412,0.10212355595301158,0.14514562134363815,0.10396694403211282,0.1779347217928693
0.13014361098415128,0.11195239668748524,0.0389763768580918,0.12225240987483303,0.11057134257284197,0.11812946922518597,0.11142957045882151,0.08088018163611536,0.17566464170247387
0.10090939663010236,0.11256969931258853,0.11067132206762842,0.10462469685939517,0.13055946376573369,0.11561658281816249,0.0957366409052282,0.1008176988935267,0.12849449874763444
0.11032451268825055,0.09738824343317115,0.1199949280977572,0.105331047295056,0.15819200838262235,0.1175261302511406,0.05271708423088093,0.1213188955576301,0.11720715006349108
0.13601413051144323,0.06445502517834324,0.07758360653916986,0.20844129826951294,0.15682357096179625,0.1079668047611751,0.03450496751938656,0.09163111549528569,0.12257948076388708
0.12923024750459539,0.08001589903632471,0.20630006959083405,0.04479548324732649,0.13448587881568394,0.11612783589700092,0.02366951768775072,0.06755506607655788,0.1978200021439259
0.07635288001403456,0.12052015894261019,0.037021609575241546,0.11541491955788859,0.11865421752951714,0.24317329751960357,0.14215525586140576,0.09676265872984569,0.049945002269852934
0.14296163686348837,0.09026658068221788,0.24429608229917243,0.04928841938944809,0.09683641336049238,0.1141652379366004,0.06890313094585117,0.06453555428518595,0.12874694423754332
0.1364462966573763,0.12166301747083101,0.10911421975607788,0.06108612003318887,0.1326044150492235,0.033949533364489685,0.06981876494392926,0.13778261312183418,0.1975350196030494
0.13777191702024136,0.13317506419092082,0.02534627746079947,0.10078884429438416,0.14282170255210325,0.02841345990526826,0.03909764759288914,0.08250230043336036,0.31008278655003324
0.10607667084608557,0.09497823525986186,0.14800961062952822,0.05748262771790972,0.09698352542960902,0.10287655110168965,0.0763607255129815,0.11852510482722482,0.19870694867510966
0.14574905363472976,0.18309428372422112,0.09462716493311792,0.14674693918962142,0.08859053486156787,0.0455998165365343,0.05430797342195065,0.1309367493897911,0.11034748430846587
0.09055880365347468,0.15261531461840405,0.16288395821917154,0.04857324877672014,0.07143365409294655,0.12711675169804937,0.16492203178314754,0.09497237878656768,0.08692385837151834
0.10124309425142473,0.09566965816740969,0.10108078029910923,0.14921266069698957,0.16033046519368435,0.12174605767703454,0.06397260724517194,0.09881935810328941,0.10792531836588648
0.07037971005599561,0.1094624940424614,0.047455909815824766,0.09079750932805435,0.12289853658400307,0.23547289813055414,0.1615542228805494,0.10257514307190485,0.059403576090652416
0.09001283614907533,0.07748915959500202,0.05575524353360031,0.07554173678819519,0.18080583130402364,0.08718169536776682,0.06405768323578,0.229851954552601,0.13930385947395565
0.08384286694969743,0.15540560647327747,0.04847648002957724,0.11163235142726917,0.14175312373728408,0.06986006036293624,0.031024024926022853,0.17873123786643386,0.17927424822750168
0.09894407778882512,0.07167974067218819,0.272379680873663,0.08249818525011667,0.09478801769478103,0.06382072570425996,0.051148396908696825,0.20871596503551512,0.05602521007195423
0.1577066960036432,0.0874391332139105,0.050437526667385844,0.09438124426214095,0.12595477096663615,0.06334467425343106,0.08831188405065578,0.08757072698048328,0.2448533436017132
0.07320636693704662,0.12419621899513233,0.04567605879392087,0.11997017806443096,0.09481403509622738,0.3188030051151701,0.08296579550343547,0.08890073417806854,0.05146760731656774
0.10423073105496712,0.08145299863430137,0.13152135861701553,0.05719605837762421,0.14229511162544226,0.13127214419944425,0.03149964109322567,0.159393109602584,0.16113884679539567
0.10272711219993051,0.19769937118788564,0.07570042452175178,0.14014323910681406,0.11493867515696554,0.055230251234055776,0.07386525187438492,0.1456300039912177,0.09406567072699402
0.15404396497738135,0.12409906707087255,0.04269395778685039,0.1097801387561671,0.1607282297841033,0.031497952003745285,0.032969978524976094,0.14280901113752192,0.20137769995838203
0.11204056595930766,0.07555076174842054,0.046850429929135656,0.1727371969288459,0.16500388293991944,0.1694927540487944,0.04760751587074319,0.11438976204004118,0.09632713053479208
0.08005877841173738,0.1137374732883369,0.061424614980277355,0.22101885257570886,0.12940644737765408,0.06472213633901482,0.03489118607950523,0.23880405348712042,0.05593645746064494
0.09176983786393288,0.06927279375249897,0.06551836531416305,0.14860965133915915,0.1314542303177715,0.21847580744888165,0.042914136875432836,0.17292508307043167,0.05906009401772822
0.11085704936218299,0.07942333439019379,0.046598933079998184,0.1626806071936826,0.11372240214446554,0.147205167437512,0.05564454091934593,0.0735622697790182,0.21030569569360083
0.11942307589304561,0.12205452082832942,0.06103841054451322,0.18978417944345896,0.11290830944720048,0.14856302003224475,0.08130822855951954,0.08442744245698036,0.08049281279470764
0.0957697455211529,0.13046238281345598,0.06162840244046778,0.10980339666947987,0.11579707435891079,0.1752932919922275,0.08291449912023095,0.09374076248395617,0.13459044460011807
0.06575964565682128,0.1359352836129636,0.18425851689941505,0.12540012057453606,0.12536870360293628,0.2196383448729211,0.02240085900081834,0.0648730213017726,0.05636550447781569
0.05069062755718257,0.06387107787841315,0.028221910937076752,0.17041912990238173,0.17938894052815865,0.24376867748792108,0.07849737295921755,0.09890139910698621,0.0862408636426623
0.06487627107377548,0.12215524290779643,0.02927992237693079,0.10862837828852821,0.08211529898877935,0.19802910035157162,0.25040281135309234,0.10180794381071245,0.04270503084881332
0.10816383161984033,0.10677138777887074,0.0916240362753608,0.16902083128943943,0.11502580833055052,0.06612436239614988,0.03310419716389184,0.16916634142934803,0.14099920371654842
0.06286368183416281,0.0701779948043874,0.037504632035543516,0.186690896124297,0.15156700264102474,0.24342279592059513,0.05748490580901803,0.11712130665020722,0.07316678418076414
0.1275343125437929,0.10508571078521711,0.04556380326569695,0.16144118140436714,0.1424753817357576,0.10158327401218264,0.04808007143500614,0.07088241993308941,0.19735384488489008
0.17002012454305437,0.15571185451625058,0.08368304421208776,0.10967680121817015,0.1019953313029156,0.11297920295373304,0.05391289100395624,0.15138232818265682,0.06063842206717546
0.10040261971917268,0.0971063006916451,0.05571927757434949,0.15363020985985426,0.1291607757319195,0.0515563414099767,0.1775804964126192,0.14121556778710184,0.09362841081336126
0.10892687005069733,0.08936623785953679,0.03862901542621308,0.13097058023468114,0.1132855742512915,0.14195227130075538,0.24003466407906995,0.07491275856910909,0.06192202822864578
0.11305139356592792,0.10360750619820012,0.05902761258688355,0.13461769769683687,0.13842286313398774,0.1108472333287606,0.03182556359456406,0.18737075889144653,0.12122937100339252
0.10366249653764666,0.05484848114470891,0.05661886705935435,0.13545630070269002,0.1418382615929297,0.15104153492624395,0.07551479680229106,0.19540337852408426,0.08561588271005105
0.10346732740125918,0.0861411077273513,0.08340230758554035,0.14858162302295755,0.13806675666308077,0.14383527686982409,0.040507750450893,0.13840282312496707,0.11759502715412673
0.13078417088752955,0.18804424373257866,0.15452025208374773,0.06598031610272263,0.13464443988219232,0.04084120571169187,0.035655045855281044,0.08611900789657208,0.16341131784768415
0.15426673881211733,0.061851446139837875,0.057770197290802655,0.10214193059435754,0.1440109800545981,0.11051687457451724,0.03230618584035006,0.07640799387250091,0.2607276528209183
0.13778506984383213,0.10936108728559614,0.042139508973196904,0.1585802357538304,0.16313523837387958,0.08909278486614987,0.03753439233523569,0.13007051060989286,0.13230117195838645
0.15700278904522477,0.13071750164503323,0.08706747509999206,0.11047120701889179,0.08125086148427722,0.2310696905384441,0.05871557649032716,0.06614973275427098,0.07755516592353877
0.08784110302412489,0.13643220528886893,0.1039232404179264,0.11481511390315065,0.1514708567110933,0.15874280610788755,0.03543650893384353,0.14104991858009178,0.07028824703301301
0.15722116647538464,0.07510198568912854,0.09882904500260616,0.06620005540904969,0.13439905150135886,0.04746214644911032,0.05596803762656178,0.09252461079622064,0.2722939010505793
0.14715011360341249,0.08769446333233864,0.18434755277859274,0.10659943150995481,0.12819955172940511,0.04901844913261599,0.06146953116143622,0.1423422369041879,0.0931786698480561
0.13842875425318166,0.042313927386524786,0.20630702847600038,0.08449967377091268,0.10742191589455925,0.17225001189340708,0.030913183207028613,0.09787768494964977,0.11998782016873573
0.14338835586380724,0.05968077986079445,0.17967244044416233,0.0546063980104867,0.11601041330031779,0.251276587674343,0.037272666050094695,0.09345016535638945,0.06464219343960434
0.08181678819637271,0.17356731459579677,0.2159738961165755,0.06187304443945397,0.07106096673098612,0.1161264426278202,0.1550198582104639,0.07501249496248051,0.04954919412005038
0.04954066873275703,0.09587522110049873,0.04477358194354727,0.03539717457462244,0.10015851208939354,0.2028024719109308,0.3575401235606495,0.07854854050436627,0.03536370558323442
0.10202359604452259,0.11208816442289156,0.0397980783252412,0.1085569754511953,0.08822668467016088,0.25289901055404834,0.14224619732540708,0.10295863045785708,0.05120266274867593
0.0545068677796817,0.07808547476224757,0.046338188544360136,0.15309275555250315,0.10796157757447807,0.3689823924592445,0.056521422038499684,0.07524404264730279,0.05926727864168254
0.08930570121961727,0.1194611151450579,0.17118929656595583,0.08597728752562943,0.10246047268564062,0.15548616864096323,0.0818748542122368,0.13009962000685044,0.06414548399804836
0.11267460847211741,0.057360384645640805,0.1586321976327735,0.06095751629474603,0.17949010664340678,0.21240686502611814,0.02375053598302331,0.09594308548034323,0.09878469982183086
0.09159682042908261,0.09620422472494887,0.099609787130996,0.07922325764786363,0.1639412267286169,0.05944706686905853,0.0423069693888802,0.17345431116989773,0.19421633591065549
0.11417564819083924,0.05640840468041641,0.22695266637160408,0.07366817305609756,0.11962559493993206,0.1159099113400831,0.07021605424075676,0.1301128291819052,0.09293071799836561
0.12102837207180613,0.08608866789341078,0.0884939009960564,0.11018310422641332,0.14608450854180985,0.09243714831119887,0.025878565827488237,0.17233644982180488,0.15746928231001153
0.12886620459373183,0.11009899779274505,0.17110756838523525,0.09500441282590809,0.14705450558265712,0.020987344935735498,0.03053385836323549,0.05776862062686894,0.2385784868938827
0.1435652228168731,0.1061883021026045,0.04996797549176454,0.13288337598953462,0.1410815728752192,0.099581486468774,0.0471253059179996,0.1077072865038201,0.17189947183341034
0.11266267056826323,0.08694249907424796,0.07818441066058256,0.12891113687351322,0.10477766860529751,0.24044449959538483,0.024395430645226326,0.16126078575937994,0.06242089821810443
0.09120005617932607,0.10358214601565885,0.06287717405873423,0.07058084855857275,0.09742709809754042,0.3426502697428326,0.10845757846911162,0.05331900631136583,0.06990582256685769
0.07258568792883349,0.16227778034784437,0.17812775061084332,0.10506788304925185,0.133690000480333,0.15919935620354062,0.02382344687735397,0.10818503428078609,0.057043060221213214
0.05045177419719652,0.13858082919420658,0.03843880686092379,0.021025383871979875,0.05965126514818695,0.31046157338011676,0.2750167214796373,0.07988747435940928,0.026486171508342888
0.07316698523107076,0.07612472038407576,0.012263852803539655,0.21459957081243455,0.10825725438035881,0.2696385830840122,0.094050420208123,0.0931023563161948,0.058796256780190466
0.057433617583458434,0.12236922415147679,0.15389518214513223,0.07384459189486482,0.10796192729432745,0.2910537848276318,0.07189337348144854,0.0649867116134184,0.05656158700824148
0.10793366234668911,0.14366765973656473,0.09450132838175451,0.09291526809121768,0.1000170465899,0.20089146380386688,0.10485968906072045,0.07060550202919132,0.08460837996009533
0.07678950472436674,0.1162212967376724,0.06078124396177062,0.1449739065385629,0.13533686972593273,0.2191689189243172,0.06060252963905139,0.10781498052669368,0.07831074922163232
0.1016982869949945,0.07302034461118329,0.11402002007331491,0.13054368442892203,0.17488412148007146,0.062274220272925285,0.028130657567810666,0.17649122564421474,0.13893743892656307
0.12698115040124217,0.05929219221166825,0.20857768442395022,0.1376637877816306,0.10001515207145811,0.0583004797214011,0.02390738902740998,0.21726475488003336,0.06799740948120618
0.0939666892205528,0.10660049157505679,0.016564806603094225,0.21976648619909564,0.111270769828712,0.16279313364656844,0.1036113558800628,0.11331843055296374,0.07210783649389362
0.08091734405156063,0.07302951747285465,0.03995907657808784,0.2176593583650591,0.1866762536075651,0.06937026276564018,0.04113395601920856,0.20320831715232032,0.08804591398770367
0.07033826580853819,0.1010196444477523,0.08549745834061535,0.11502834353335328,0.12788403079563374,0.1819240325513222,0.13742214367655972,0.11203829827398933,0.06884778257223588
0.12308775990373923,0.08836726233524635,0.19293773077973767,0.14651491506765799,0.11807048869786961,0.08230759025545621,0.06408873775439845,0.1216922116583482,0.06293330354754621
0.13086959381601768,0.09172648023729223,0.2353044223145354,0.12700302508270883,0.10695090248415706,0.08370834372420749,0.043551366337419295,0.09241664733672626,0.0884692186669358
0.12873504180750425,0.1426208695988715,0.03649060870585314,0.1602600758652187,0.11740036214447723,0.05650315843311276,0.045510678162558264,0.10405078356296261,0.20842842171944156
0.07660813259824527,0.11848882225399926,0.0887208502578472,0.08193791022257436,0.13398087321867116,0.04145060824526997,0.16439791870142018,0.14496385578699444,0.14945102871497812
0.18004208695294574,0.0663093393997395,0.05478721422478957,0.0855221842770932,0.2183095780708153,0.0448202644169001,0.0536444700513593,0.08600236762768693,0.2105624949786705
0.14464263718253126,0.11215291371817426,0.04859584201349346,0.0621981424609478,0.08763989628581671,0.33926407944595716,0.07730867006589019,0.07085148350324591,0.05734633532394318
0.14418944563541766,0.05939898299584436,0.053283219403227056,0.1821725083698366,0.14817230919810406,0.16073742952083817,0.0357347072821017,0.08448931390377601,0.13182208369085435
0.139213986203899,0.1463723236100063,0.08602375311357247,0.08356027545302763,0.109045197164028,0.10397904893439018,0.024083830512396875,0.06399243153695101,0.2437291534717286
0.1853844392328331,0.052034807667999984,0.09426315895239945,0.06753928738732921,0.11479987815247931,0.03104986862885233,0.061069122318933626,0.06417261150538975,0.32968682615378325
0.08227875774070888,0.1689995351622362,0.1322104344036902,0.056919554327602595,0.07762724456385965,0.16748318672043314,0.11846268012767869,0.09079478071596253,0.10522382623782806
0.11421053285334049,0.0741836165135788,0.04534270684516276,0.11046861148565428,0.1325508556792808,0.27666379719097917,0.036684781794404146,0.09536691660984116,0.11452818102775854
0.06915680819505556,0.14219240244193132,0.04320421749441391,0.10976006935769606,0.13053753110096178,0.26218785515017234,0.04771879506531421,0.07082169085470617,0.12442063033974869
0.15841798637831053,0.13562245042317275,0.013387637364359687,0.18287368560959558,0.10498683971718732,0.07572354934339846,0.10205035755678316,0.10215347620348254,0.12478401740370994
0.10440480045499911,0.10625334738079824,0.28893983976695425,0.08832346349227456,0.09089761993398197,0.049899051539465805,0.05544579505833861,0.13437188431797367,0.08146419805521378
0.0806444022636208,0.07761885096810082,0.03959514197651314,0.20902957528571864,0.1688514959915994,0.09914530674335816,0.05835059784198667,0.14894698015737234,0.11781764877172991
0.09335843532721351,0.1328902857927983,0.04502373782101456,0.11316974293979665,0.14949811808775548,0.09214333839554543,0.14544059794064867,0.1371279454993691,0.09134779819585831
0.11406255227751654,0.1137171487216689,0.0938843941907952,0.08358651915453424,0.14428969499919506,0.12681401366999034,0.07741843374495327,0.1490315438469594,0.09719569939438706
0.08097596779393545,0.12351759162000749,0.03176271215918267,0.1752915042029796,0.09641024454612025,0.14499055326580138,0.07352569776836998,0.11723645644855119,0.15628927219505206
0.07122186575144936,0.08811155110251419,0.35018046911274375,0.06781564142854574,0.10711695774797796,0.13251779398859878,0.03947567989367224,0.07590931583989298,0.06765072513460497
0.14076992536164937,0.10024022192775228,0.21331556065085014,0.10300148983066626,0.09747887235111302,0.034006105532366486,0.027853224242512395,0.1020276435065598,0.1813069565965303
0.08999652519131886,0.08079877079377452,0.12384103115099865,0.10933863456691358,0.08494434789730969,0.3279839359313286,0.049613851217907706,0.0824964468476936,0.05098645640275473
0.08441887800976457,0.11911065684366647,0.039041302737752616,0.11134945353452118,0.0942108198712885,0.32533310951739897,0.0716975886768358,0.05665733469580762,0.09818085611296433
0.097256642789348,0.11178584843263384,0.025446162350174672,0.04023259870733958,0.07837724915490685,0.09622086848136295,0.4518308145696783,0.05106011508299482,0.047789700431561034
0.11169652188027436,0.15906785605780951,0.2086352582449588,0.07948543313621016,0.11289653443303242,0.12610204837602304,0.024407643853770884,0.07363165459166753,0.10407704942625329
0.05493565906873193,0.09073190043235883,0.25621107850375535,0.07232644874608046,0.20697165303309983,0.06469253346224463,0.035778486656216336,0.09221281580588085,0.12613942429163186
0.13166484318710034,0.08801981766548007,0.15345102936267532,0.10959523556657906,0.06926732428870223,0.27291373533467217,0.03299385203188804,0.06852008798986535,0.07357407457303732
0.09639136311846053,0.15313763464894828,0.20253893011573842,0.061814372620374834,0.11177049230105496,0.2154731700782954,0.03909994460913924,0.08052890110378101,0.03924519140420735
0.061897728285938265,0.17047606745411203,0.0838916441976386,0.13902215854011654,0.08949349733993271,0.23367020937256777,0.07964432076894022,0.10174719777470398,0.04015717626604991
0.0778357352675395,0.10168363207323726,0.08586484165235593,0.08198697683418904,0.07335328675711404,0.39755924533940323,0.06698880749465806,0.0785016013916594,0.03622587318984354
0.09884172190225682,0.10323439514312621,0.016182201498338787,0.23738198215698583,0.14735583280787984,0.08267228915981616,0.08378352818562144,0.14151625468316734,0.08903179446280766
0.10663452107223052,0.08163938935029892,0.18243464142453156,0.12282012935908963,0.10142776367044744,0.242457011428903,0.03424306558390748,0.07553605943570808,0.052807418674883394
0.09068616560197477,0.06425515462472497,0.09249349063653452,0.11276910364623523,0.18646668764679122,0.068809455308933,0.0860340270840431,0.20140434820145472,0.09708156724930843
0.055801662408607455,0.16127673024294167,0.04027380602766454,0.04153238466152349,0.07223148650742535,0.15114082455757052,0.38014280449909266,0.06650888121181893,0.03109141988335533
0.12277742487568628,0.0913750555737791,0.024554081315691104,0.25018739437582443,0.08797113887499113,0.1803584227445457,0.029450891034781324,0.10420478018565106,0.10912081101904982
0.0873425561483991,0.09106639733455217,0.2186456598177767,0.06810154480505858,0.10585894784416448,0.11281088639311075,0.07815509725998597,0.15593921607093655,0.08207969432601567
0.14232292628020432,0.12291640824933255,0.019631725415187696,0.19034391895348082,0.13070348507129473,0.11178801056214709,0.07360600669244606,0.09540828875506635,0.11327923002084046
0.11192949875230816,0.1182848336722328,0.09467801229877999,0.09511724124471883,0.12804812660703613,0.21620227736574582,0.03980272028014741,0.10693082970381212,0.08900646007521867
0.09633149898758302,0.09046783017979994,0.00928924460934594,0.13350760501247694,0.11839625536569949,0.1322276084907637,0.2552181714286602,0.09017382827207221,0.07438795765359861
0.1335715054836558,0.047728903946173844,0.10839840811432327,0.18133141164506197,0.11420528692019748,0.12335593664253865,0.02380119140593408,0.1608178405778902,0.10678951526422474
0.16483281385894463,0.09691332149207592,0.31337096389080465,0.08060907481485848,0.09143230158572503,0.04434751542451446,0.026796910440244705,0.06690488907094298,0.11479220942188927
0.09367982957140282,0.1374429625260073,0.03920118806899414,0.0897080556841171,0.09883818531031481,0.28568730871185233,0.061508425580182026,0.06962747723893008,0.12430656730819939
0.17704610753536484,0.08778259787272065,0.023373074058729727,0.12428595478778853,0.12235199362320598,0.06255684005324297,0.03055534463891584,0.059686077623213374,0.31236200980681805
0.1362676336081197,0.10335198872455635,0.04786346902877741,0.09140834949068842,0.1602305600721684,0.06265840193014578,0.05339967841072624,0.08093810088536856,0.2638818178494491
0.11983098207316789,0.08279435349832986,0.036162187612821244,0.144864251165931,0.16929852034782575,0.12239331091254928,0.04356831971291269,0.12060596734231803,0.16048210733414428
0.11634716398863416,0.09472262069189992,0.08858820266138996,0.10123264813652778,0.09384738679948179,0.12838403496100165,0.21386943555349705,0.10775225010393813,0.055256257103629546
0.05906048057441902,0.11601041326384247,0.049129237647073776,0.07329127700392711,0.1066508513509624,0.11279029834570937,0.36600952301976913,0.0746694561901954,0.04238846260410134
0.08956230814426619,0.12048601201935709,0.2451265936570095,0.055683729405649494,0.12224878635730914,0.07075781192061033,0.10709031235136311,0.08335123816554636,0.10569320797888881
0.09569462251604766,0.09305018116355718,0.04064424126487922,0.04608630256511264,0.06682616944418714,0.5072537781153391,0.04039505575984204,0.05947353392618798,0.05057611524484703
0.10068653999356991,0.07160249960095365,0.02457193255942274,0.15871091261778436,0.1722648643330896,0.1946797759606321,0.04649926051026795,0.07264837202834448,0.1583358423959352
0.10499373706772668,0.15013706573700503,0.03405154037949575,0.26791454411209203,0.13672417488017582,0.04625523179328008,0.022381701161013425,0.15788469420678922,0.07965731066242193
0.11251700030975827,0.022341936022095773,0.22540360934764117,0.05232992892477569,0.09442180812268426,0.3284781492586861,0.04026549518518442,0.08168032544760197,0.042561747381572236
0.09922266208076597,0.11943083060560199,0.14117127820324857,0.13784215735419628,0.15312553019548578,0.04643360070847758,0.02758684858541204,0.13957540374052566,0.13561168852628624
0.12626374490614817,0.08885271360234513,0.25636909519526946,0.09266071016910561,0.09801160992716469,0.09909869724154853,0.02967582274577335,0.1157957816918765,0.09327182452076847
0.09144297203304119,0.10253998512826097,0.08332938544827799,0.026647590228827397,0.07686468304253574,0.2774526671415374,0.1891579262553864,0.11048767107709208,0.04207711964504088
0.08384050036012995,0.09613408878923535,0.13470281186568805,0.03271849931683641,0.08899008237253565,0.02957178722647269,0.303797892917433,0.11325920319581996,0.1169851339558489
0.0885194987441078,0.09333002403520337,0.04273454107810742,0.09992540317170366,0.12024237935203419,0.08845762548223729,0.2858515748769634,0.10445260604525974,0.07648634721438315
0.15108226947637068,0.06546653893780804,0.18928984326641238,0.06063834014855466,0.09678173750107437,0.1212282822455874,0.04908401035923654,0.06942347203483844,0.19700550603011754
0.09884172190225682,0.10323439514312621,0.016182201498338787,0.23738198215698583,0.14735583280787984,0.08267228915981616,0.08378352818562144,0.14151625468316734,0.08903179446280766
