0.12354168733822322,0.20964539099584747,0.08618562102463402,0.1452842376125704,0.1181992007281084,0.1326207494541789,0.016520904172865298,0.08073460538253126,0.08726760329104101
0.14254453909274603,0.09068569724796056,0.1402803914860199,0.11338925637719184,0.13442610631442217,0.11861923427603398,0.08957556433046844,0.08795855656127027,0.08252065431388685
0.10239219626291679,0.07976357070478411,0.11642820008959999,0.11618678353445237,0.1271555058500192,0.10576272540808201,0.132919441789378,0.11725376716355668,0.10213780919721083
0.08098838876412616,0.08202342937914403,0.09189506498787309,0.1277939630320069,0.06946391234796111,0.09556780320230161,0.29890312111894923,0.10144935327589466,0.051914963891743104
0.11122694354904744,0.11126449887319279,0.13170706185043002,0.10194774185409343,0.07477012894809136,0.10937621522088176,0.20249066610587005,0.07329068856521302,0.08392605503318018
0.1175025702484957,0.08770505629721313,0.1234360424979045,0.10595613953762273,0.13135044412707322,0.10867860750677565,0.09935799082224744,0.10163808163819783,0.12437506732446973
0.06779772770985627,0.12159203959009009,0.07805144015039484,0.14935731502239163,0.0314439525264887,0.08689429872378462,0.3706474940630718,0.07976059616971258,0.014455136044209596
0.12020098229741515,0.09006704286987077,0.11576665441474827,0.10861548362495145,0.09279910562569993,0.11279479260093693,0.1797388194962972,0.10869118291682567,0.07132593615325464
0.09199423468975935,0.10509964896358222,0.11617090052025282,0.11233899068510896,0.05951280961349337,0.09478343836655694,0.29536941246900766,0.07068372757242404,0.054046837119814596
0.11254351408930663,0.09607256213548747,0.11158348111391718,0.12008447359773229,0.09268306636260215,0.12543288104727202,0.1081422408435767,0.16942704214675483,0.06403073866335074
0.12429982091457,0.0852377962324324,0.12449060404020107,0.11120551394867527,0.16328547401518842,0.10814697643609068,0.05317367395167861,0.10900805590439872,0.12115208455676489
0.1374502367217633,0.10343257483570206,0.1253153511567574,0.11837547740803796,0.1541569760383138,0.12105479710179977,0.04350406331896492,0.08610121282060201,0.11060931059805867
0.10528428155167684,0.08167911647450192,0.1195783361383429,0.10842662669041453,0.12565351704193511,0.10570298038646159,0.13040145881163587,0.10779514053747342,0.11547854236755774
0.16609704226200142,0.09576242580217469,0.13060601408175332,0.12255284345781287,0.14323940066060717,0.12608801661233138,0.05159218930650872,0.0987268319643485,0.06533523585246193
0.09711416770782472,0.0745846176645892,0.11476923211894585,0.13073019025324498,0.09142416616416861,0.1061784626679327,0.22909233011987432,0.11317494913241544,0.042931884171004055
0.08545576418394986,0.08216790505619426,0.09051218708846663,0.11766385443244108,0.0732651031814786,0.10179197349966775,0.26832283866702694,0.11796033139617206,0.06286004249460278
0.11931953460938698,0.09858108677857859,0.12208046176757448,0.1107858968145,0.1671943681195535,0.1116673616765178,0.038980138394870814,0.0786013653021962,0.1527897865368216
0.07752764567252707,0.07982665509148754,0.1090686655750438,0.10791689821639096,0.09562682735587101,0.10648884742672853,0.200176085970869,0.11035886437498053,0.11300951031610162
0.13597627907487775,0.10377007601749871,0.13513818933904997,0.12624538922809644,0.12298438387592679,0.13498366149584956,0.050398675834698876,0.12357176136667235,0.06693158376732959
0.10899703648023361,0.11525971021970116,0.12059256395395057,0.09964727670337405,0.07070874536210253,0.11076009482104265,0.20427468554716818,0.07674663711730112,0.09301324979512608
0.10942359842109291,0.09818976354164566,0.10925267928600697,0.09960977059428384,0.13326576021940842,0.10244501170404624,0.054101723953870084,0.10221823255791661,0.19149345972172918
0.10148574498415386,0.08301516544013102,0.113523039240226,0.09838603467518926,0.13460737807966502,0.09740394239370594,0.10138506941593971,0.09240489939303459,0.17778872637795465
0.14737317597180188,0.08529038427670399,0.1378227960418873,0.11941464054522666,0.11774994111261945,0.12599439920991554,0.1077830458895136,0.11241895941410905,0.04615265753822261
0.13706839277913854,0.10482677986056309,0.12619201593096036,0.11197254861268258,0.14281759486489407,0.11463979202647012,0.05941972210825101,0.07963719477368651,0.12342595904335378
0.033166128661713985,0.15642418437296035,0.07008637196715449,0.126050020921857,0.019068323283809457,0.07790714444426848,0.4339430293716897,0.05437928913601194,0.028975507840534532
0.1140561629375373,0.09291570085895261,0.11148578587038509,0.11552362738080019,0.12810393167022635,0.1139156087162476,0.06741938422841255,0.14732308909510883,0.10925670924232951
0.16762729391847972,0.09663605391952017,0.12838706720203572,0.11994169158119461,0.13440347180476575,0.1243182242645886,0.06077095619980429,0.102164035746437,0.06575120536317419
0.09575799370984062,0.08281564201616395,0.10381257445275723,0.10910720653631584,0.07173705601456425,0.10938705654301673,0.2619859525888485,0.11285908985253351,0.052537428285959316
0.1373439957811702,0.10965161547080689,0.13009897700018253,0.1185329021899945,0.09051654244359007,0.13714782047303342,0.09293966612526428,0.1315323861798385,0.05223609433611962
0.09542635055347881,0.07745386231236881,0.11773341864150307,0.1153352391941157,0.16628207740900489,0.09302624886812977,0.08024826627057907,0.09427821046079686,0.16021632629002303
0.05253394819042686,0.1723385143029699,0.02973584593303848,0.1262523275170461,0.01961562777458008,0.09792160616723615,0.3067948501811865,0.18728470859845084,0.007522571335065121
0.091844062908774,0.08780997646788512,0.10637183334583518,0.09799533768819486,0.11310424040556633,0.10031864024570401,0.11632943022863873,0.1048472762355734,0.1813792024738284
0.07092170580087805,0.09287370608608979,0.07174051573652811,0.1225257305174383,0.053481536685376946,0.10466983664108703,0.2796718267960263,0.14785728955054725,0.056257852186028114
0.10376411082254706,0.1127282292948862,0.12357416223565425,0.1117822566772098,0.08851299445407738,0.12797805920156138,0.08828603835477072,0.14143238541423403,0.10194176354505907
0.18831762587623327,0.18925476166319513,0.09575800045723289,0.13999268554228214,0.08917250572939993,0.14397974037723602,0.03581333867186767,0.08137248369404403,0.03633885798850892
0.06579695076858001,0.09160451138188654,0.06451280206129179,0.12420532858096467,0.03480728269741767,0.08946032580996179,0.4064733513258047,0.10046894221686903,0.022670505157223835
0.11434816755436576,0.10573401603241257,0.12615860835265438,0.11054408123944726,0.12339531932200147,0.12092408927881261,0.07666551914519325,0.09129704413302116,0.13093315494209148
0.1661309536871717,0.11704046292405612,0.10113324429042826,0.12142922121645539,0.14077571473835498,0.1188956692729576,0.029496666803208258,0.12651080863278874,0.07858725843457896
0.08159424114255232,0.08708737497862772,0.1063028001581454,0.10692039626615572,0.08043625895073479,0.09023282469587098,0.2726609924997369,0.07672023610483246,0.09804487520334382
0.11010392102543232,0.08140394348904655,0.11988466746645075,0.13012133978108045,0.12350301850119437,0.11893146461761843,0.10236559757242242,0.15028919720718795,0.06339685033956675
0.12896693120054628,0.08919274275753625,0.11894145593393333,0.11388499313465365,0.1901975969949071,0.10696790019057772,0.027008282167799352,0.08544968847593386,0.13939040914411246
0.08047532443812971,0.10074364509027416,0.09119643043590342,0.11827297105367922,0.07423148486637904,0.11973595065448973,0.12934053877835563,0.18914581202488426,0.09685784265790476
0.11133392274817272,0.08350466055790874,0.11173723403455955,0.10097905185112821,0.16587023332833922,0.09611616892546271,0.05008445577323687,0.09520303700429604,0.1851712357768959
0.1058729383009328,0.10818341391799631,0.11795646306385921,0.1076883978431334,0.11458841815232895,0.11626430559742908,0.04467514863628122,0.1396260175391039,0.14514489694893515
0.11477945004510105,0.09415109448979964,0.1135391239079413,0.10379346537024754,0.11064970733864328,0.09871164203080267,0.14569565891268535,0.08205971988964234,0.13662013801513687
0.11998999693464611,0.09868659637872117,0.11767741595837915,0.10632879915794802,0.09019792627921296,0.10358875549122004,0.18628618153588752,0.08163521511828607,0.09560911314569898
0.09168022210672981,0.09529014998628148,0.07112590259987264,0.10900655217680227,0.029635385612165513,0.09195828917495424,0.41069461097173177,0.08793755028554302,0.012671337085919327
0.08947247546366238,0.08310500032327572,0.08238942940540282,0.13290621527569801,0.0561206519901371,0.10132441310949054,0.3070224449888608,0.12080296203660618,0.026856407406866418
0.07957228504868011,0.14249342052742958,0.14003792856013075,0.11554445602010248,0.037141241496588186,0.09616203769809184,0.30984998979239003,0.0576240736219574,0.02157456723462969
0.12983785333765432,0.10945300836290824,0.12873173868165413,0.1080679522139461,0.0900866234788853,0.12240682860825321,0.14272907757972206,0.08562879716687344,0.08305812057010326
0.14254307650448592,0.1084853160664756,0.12786537749203472,0.12111485913243696,0.13064444142428466,0.12869702215737328,0.051373279841764034,0.10190096296990671,0.08737566441123808
0.12835546220553054,0.08942402057035943,0.12687322632200213,0.1141449017805299,0.1410162948265351,0.11599857768836253,0.06701592464916639,0.12127963418099397,0.09589195777651989
0.11811495167747144,0.09497135366747544,0.11691265651686351,0.10601730505094835,0.14761245373511422,0.10812059582070659,0.04285410693650187,0.11202547081044685,0.15337110578447186
0.09469569066921042,0.117140644110032,0.1451393856136495,0.10576086600455104,0.08233218988117258,0.10163924699049087,0.19157854824610532,0.0652419094541593,0.09647151903062895
0.0824740053239111,0.07603373011298697,0.11112696458700826,0.10916181780764667,0.11250733377375766,0.09968709596941627,0.18189348875558717,0.10359233885616871,0.12352322481351723
0.14147150910288772,0.09726711716545289,0.12746744259332285,0.11787356193123115,0.13215758152209836,0.12377455524987772,0.05295400842063689,0.1309824948524864,0.07605172916200605
0.12364478310178462,0.08459988982181611,0.10717926594083578,0.11639563646696933,0.06323072356387034,0.1233949599636655,0.22264501805721792,0.1368549574835287,0.022054765600311624
0.051604011939376825,0.15926026189656,0.14620139611935107,0.09995294096260872,0.034332494194660085,0.09423152969568983,0.33191368431962653,0.04978282412346933,0.032720856748657545
0.09808861501085564,0.07541388741346776,0.11794684501185142,0.13492568028776633,0.09844590255389757,0.10626601444330146,0.20871010277976929,0.11413453610428644,0.04606841639480399
0.08906861736285616,0.07461405303991041,0.13046565739367483,0.11806108659875769,0.1296309187454243,0.10492348051457641,0.15470931103647184,0.10296216366057642,0.09556471164775193
0.09415327933035204,0.08673474617937228,0.10478259713759885,0.09190131555037008,0.16147371275877156,0.09043459925519333,0.03436542442964154,0.07513760830060424,0.261016717058096
0.12539241150079852,0.08861121908072263,0.13378450551052676,0.12989871000090514,0.10798293196466476,0.1369267265280072,0.07907307448790259,0.15513405024149085,0.04319637068498162
0.1529238959043865,0.12500937148327199,0.11032082325356958,0.1203835677828105,0.13588073630290398,0.1226382090661266,0.03311458074997176,0.0953041865444536,0.1044246289125055
0.11616275418715127,0.10732886751934516,0.10908439013507491,0.11731840108245474,0.08664990096638937,0.12685065339987237,0.09355251023567206,0.17552014648923298,0.06753237598480709
0.09931715393285184,0.07927996130274703,0.11546134222697019,0.10390983134560293,0.1298212070980094,0.09548286104110419,0.14004356329064252,0.09014913783428435,0.14653494192778754
0.10412908266388334,0.07854965279908109,0.11853060913343165,0.11329769463693999,0.16075250232157137,0.09913225663347497,0.08046936776948348,0.10598986666704137,0.13914896737509275
0.1049303802558889,0.080558278632665,0.12755731021289674,0.10270617764814949,0.14440488920316313,0.10219248764464846,0.10180013787060734,0.09001172227753207,0.1458386162544488
0.09727487552426495,0.07851420386620488,0.12097148955659358,0.10678857213242739,0.10916846436914897,0.10115653017901262,0.19608737557692676,0.09267139220538378,0.09736709659003694
0.11176945094885565,0.08656979663982466,0.0950244600812991,0.11368954059879764,0.06310374134564121,0.10619077681934226,0.27799853182131967,0.1114774833105991,0.034176218434320636
0.1018597928559955,0.08537662821846538,0.1247859656980328,0.11621230932521838,0.10778139941504734,0.12077654804923531,0.1326083442755838,0.12815131188149118,0.08244770028093028
0.09925222828628065,0.08804907118814977,0.10175291503955779,0.10295772315220088,0.1020888068971197,0.09453489671724662,0.18400651970120108,0.08879223344012105,0.13856560557812245
0.11449619590510805,0.12434591306216508,0.1273490118620302,0.1183608330841896,0.06960529547678286,0.14342823900237445,0.10059589109159535,0.15141789050150184,0.05040073001425261
0.1107490316324512,0.09625618117178024,0.11786342460901532,0.10310278618106221,0.15705089465416947,0.10511409765893857,0.045890623969808565,0.0769418312115022,0.1870311289112722
0.05561264517451281,0.10887232570601853,0.05284348367094314,0.10877988719665972,0.02121827215021162,0.08499092372503718,0.4619590195181598,0.08991214849604941,0.015811294362407774
0.07047841574044834,0.08355344792879699,0.08993204412108928,0.10070776768969815,0.07776256032708155,0.09744748199089044,0.2407131880226997,0.1066744082408244,0.13273068593847115
0.12038742931863815,0.08644018503417467,0.11906789175251492,0.11338707181979973,0.13480616968026496,0.1100470530866004,0.0929791347689075,0.12035903880298404,0.10252602573611554
0.16168063815813852,0.12863456585912877,0.12269791239850819,0.1286128320739517,0.10573106152337547,0.1422402522392424,0.0634016445110107,0.09247430033370911,0.05452679290293516
0.10952169094903695,0.08482478236472403,0.11358189567399878,0.09995619723385472,0.16973113667905468,0.09730115339551393,0.038679337935778296,0.0915230460456421,0.1948807597223966
0.13307343969069638,0.12469474480612054,0.12690616955984954,0.12266558349696806,0.107108086868347,0.13494313801312588,0.026414830797268012,0.15773526720986727,0.06645873955775726
0.11112918495065512,0.08713138831772387,0.12083474196656917,0.11047151044297983,0.13777882673066796,0.1108267809919458,0.07332318457853494,0.12418737886334463,0.1243170031575787
0.11954788571610897,0.0862507074497128,0.12614075743583403,0.10527515736286704,0.1258669537805078,0.10658857312019644,0.12415762945692539,0.0916560287282644,0.11451630694958315
0.049078033914662415,0.11698282644947337,0.060378290616284386,0.11609082699722312,0.023808313180569293,0.08093331234971987,0.4560359798394451,0.07472405290785865,0.0219683637447638
0.09918172668966968,0.0961507869802437,0.12127309982689717,0.10526495150585546,0.126927154145881,0.11159695399284349,0.05717563715936439,0.11425609682732153,0.1681735928719236
0.06987034926806891,0.11626222667872856,0.11197953559646463,0.08562370465532426,0.06348940171995754,0.09431072693961771,0.2562657230945944,0.06426770152930365,0.13793063051794033
0.09912488966239114,0.13115664641599653,0.12258383702240967,0.1124226393717666,0.09299874385620323,0.1275339897395291,0.06443194262384179,0.11625159158208986,0.1334957197257721
0.09035765133403463,0.08260450370887883,0.09910108409734236,0.1297765467634544,0.07911131984010117,0.1194293733006182,0.18746991366558,0.16254514214525098,0.04960446514473941
0.08277691771929242,0.09019377494440023,0.089962273056223,0.12909714938329608,0.09099417835544145,0.11480884017681446,0.13030069646376283,0.17833185147876351,0.09353431842200599
0.11825747436627916,0.08522967704966095,0.1215632817393202,0.10834111687328478,0.08553715479835844,0.11476377243957504,0.21038368471843902,0.10234612157374962,0.05357771644133281
0.133966964294826,0.09855327501934442,0.12971599099502837,0.11695019151449448,0.1419986463557267,0.12217143304286433,0.049521188928710075,0.10656857729497471,0.10055373255403087
0.09626258002569406,0.08586448097089415,0.11386626625974296,0.09180595472564451,0.15361766499559415,0.09195264582289298,0.05896742394659429,0.06980067589120618,0.23786230736173672
0.10264515762971381,0.08783574670439319,0.1041555960800828,0.10127364900743778,0.050845533907648566,0.10087855678022235,0.33564980973471875,0.08264148561774849,0.03407446453803418
0.0828840491005479,0.08043865253910504,0.09402497271360245,0.12116695091739231,0.08193188918864591,0.09781938943388858,0.2594981930803654,0.10819908974204734,0.07403681328440513
0.10121313181403285,0.09901398278091478,0.10457702634935623,0.11738450819387854,0.09371380259145327,0.1207794236465809,0.09778944242225668,0.1740560920852967,0.09147259011623003
0.11621667820240193,0.0948420849453812,0.10125844477760375,0.118246733306494,0.09437081817046106,0.11380720131725959,0.14898768872309917,0.14084217581858735,0.07142817473871198
0.12885869884540904,0.0922542832358804,0.11516484241883808,0.10599678834589014,0.15058278626129346,0.10040414923869133,0.06907255334471143,0.08387912704966717,0.15378677125961895
0.10285738978044094,0.0803012866876141,0.10957852460588931,0.14371667317998674,0.10587421804165946,0.12017727690957258,0.1279430675643517,0.16372197288785553,0.04582959034262963
0.10447562348166776,0.08944563808535559,0.1250112810971419,0.0969730662296752,0.1431735315845493,0.09876567899114308,0.08179411661823838,0.0731199800550524,0.18724108385717642
0.10306712612153106,0.09492086905324566,0.11662993415139379,0.0970753972706061,0.11502190064466745,0.10326486631460545,0.11299681263823581,0.08311079505374207,0.17391229875197264
0.09077800249613571,0.09623595383442474,0.09774915676305064,0.09602439620870502,0.08034817271410676,0.09942948517701916,0.2075812202295428,0.09370075509629074,0.1381528574807245
0.10098596750211486,0.10272331609210818,0.09813415810787506,0.1144512837298119,0.0776381573034254,0.11908972045407407,0.1455949424902885,0.16320984068452773,0.07817261363577427
0.1129295044140068,0.08060287081307242,0.1371168789245787,0.11147581834242143,0.1317127484471431,0.1122640413518744,0.12798757862449306,0.09865830787122415,0.08725225121118596
0.09947741473416703,0.08883521301750123,0.10801067032769301,0.0938763318269779,0.14570192221982795,0.09474464656079161,0.05082098124931401,0.0871826696031341,0.23135015046059318
0.11764184849306943,0.12644630324567946,0.09928093985655383,0.10587089742040916,0.13652025591180308,0.1065408309745618,0.027645743344649126,0.0853151356497973,0.19473804510347684
0.12648878334589753,0.13487783250034388,0.11981639711061272,0.11706267902925989,0.05059411558644419,0.1505278761974218,0.09384691656108833,0.18555820283379018,0.021227196835141526
0.1421391163159931,0.1075567677755263,0.12631846608687777,0.11643759494121171,0.11213995153937399,0.12818813362043296,0.06279643247098411,0.13129957344573562,0.07312396380386443
0.07212984237273441,0.12357334960842344,0.07131765690139623,0.10437930275253343,0.023131157507895638,0.08465543571081552,0.4379532184783212,0.06685022154302196,0.016009815124858245
0.08328535257702101,0.09111895751543408,0.1081011518832779,0.09416700454935949,0.08256159426928195,0.0915238203549504,0.2406824834347987,0.07333420082950788,0.13522543458636857
0.0656695551161517,0.10883309589165469,0.10526448358385075,0.11880787352003074,0.04170286417382863,0.08675448832016386,0.3740151920886204,0.06681312820663593,0.032139319099063396
0.20941020778644323,0.09936009021627745,0.12617369061843084,0.13391350923894396,0.08227630503897988,0.1551763719281797,0.06883838030525591,0.11170161118310619,0.013149833684382793
0.10897836436176571,0.08649455069863883,0.10702560819759056,0.11554379896784293,0.10674616779076025,0.10819349491212775,0.15459322468961093,0.12429606276780314,0.08812872761385988
0.09678476397216194,0.09603220691078636,0.09054461381117473,0.10352981598292098,0.0814812833983796,0.09762016332410482,0.21806164321143626,0.09951175311542905,0.11643375627360623
0.14068057558589162,0.08893741048318193,0.13221072962199307,0.11211640844386998,0.1395354880908137,0.11469430999701513,0.08441355643231974,0.09578479292878263,0.09162672841613223
0.07218053986914301,0.08959466365793085,0.07961100768086225,0.11746675750124112,0.0566335013033363,0.10803531819256983,0.2699866560773457,0.14533776159903347,0.061153794118537476
0.14775660540310676,0.10256235650847466,0.12109039122385724,0.11223983924566118,0.1276409346217144,0.11686569399184943,0.07223649930756364,0.09719899430297256,0.1024086853948001
0.11800464205199174,0.09686862880059299,0.11534632023136616,0.1034265803860545,0.1511374190790917,0.10507599431310792,0.04724835981534573,0.08388666134552669,0.1790053939769225
0.11327385329551154,0.1014379337146456,0.0818944933007477,0.11464289886625766,0.04797072699804348,0.1012530704929408,0.312341805266674,0.1005270581184982,0.026658159946681068
0.12458184638672676,0.1252058205523091,0.1190960885322812,0.11167802241179337,0.13139065204596703,0.11916694455336131,0.053360922133225776,0.07612176893796856,0.13939793444636692
0.16133625461353165,0.09917601903096128,0.1283000582095857,0.11677554764343022,0.12395217321530268,0.12118208571247546,0.08051077047343368,0.09235635567292359,0.07641073542835579
0.0917376950519954,0.08970420652133987,0.11171542341047959,0.0975113479145192,0.06192497252149678,0.09990756885645047,0.309520479198974,0.07932496473904284,0.058653341785701855
0.1293324258537425,0.09877464552279691,0.12864316917560958,0.1095954968215724,0.13901921450537671,0.11555435722135182,0.06965143653536993,0.0848415524385364,0.12458770192564378
0.13298281877942783,0.08376240784368398,0.13035525274674206,0.12743230239874417,0.1253754953726779,0.1258455116503585,0.08336647284630538,0.14417662864143474,0.04670310972062549
0.11900410361665624,0.11382795622298175,0.0940088303910565,0.12802623019464895,0.1905749569776974,0.10698831059018488,0.009253653021537548,0.08279174364358244,0.15552421534165436
0.08473896013014924,0.08419016947892281,0.0998330545354016,0.10447273952605134,0.08924841643839772,0.10266901702178767,0.20470189226751032,0.11240052303993209,0.11774522756184724
0.11338371812940447,0.09090271125699262,0.14670050263072465,0.10529897703639708,0.14746951323004256,0.11004835798092934,0.08470680415794979,0.07633360409159953,0.12515581148595997
0.15887281743380943,0.1228552491713542,0.12959380644266993,0.11784195009409175,0.07654051231118364,0.13784072966371627,0.1254039793041449,0.0856534839903798,0.04539747158865001
0.12976139795633687,0.09066398663671205,0.11878947539337571,0.12301519058235007,0.12506929963172678,0.12134250966715282,0.07423543841543477,0.15168549233552056,0.06543720938139037
0.12969806248575158,0.10025519934021117,0.13342248637794682,0.10796550464208021,0.12813528738762528,0.11229290271650573,0.09039280713361514,0.07881684306856652,0.1190209068476975
0.0817468285585483,0.08471584731832427,0.09464280388604752,0.12726105646997174,0.08535155053365316,0.09477060835266686,0.2479798917394771,0.10028349565989346,0.08324791748141759
0.15302610294007882,0.23661348165987972,0.07572003201774705,0.1609448271128077,0.11094377092986935,0.14602888743994077,0.01647702854779885,0.07303047387899621,0.027215395472881612
0.11971219239453919,0.08682045595615649,0.12170711866205293,0.10660191372457899,0.13824823337762226,0.10685914685483784,0.0902655973257853,0.10289848612280596,0.12688685558162105
0.09570107503743307,0.08273036413985325,0.12130729839698622,0.09758543057793406,0.15626627380366087,0.09914943871639692,0.06255448528169344,0.08216467087609848,0.20254096316994372
0.14579790318853716,0.10633642214536486,0.12863442212098408,0.11839434351010263,0.08365381037063742,0.1383534924975161,0.11146737984615164,0.12725580620512786,0.0401064201155782
0.14672255282819333,0.10612044085697131,0.1345604446099547,0.12575675525001725,0.11043611677834275,0.1393382235483128,0.06786236079600151,0.11650453141829975,0.05269857391390658
0.06793129078164488,0.1387505836848115,0.11212421940719851,0.08575569167988606,0.03600596820856314,0.09623486937862169,0.3532657047531847,0.059243104479454446,0.0506885676266351
0.15105005399894403,0.2659433384003747,0.07903580992542701,0.1495242185766156,0.08250611232779452,0.1474094653773216,0.02152810097734113,0.06330842980190507,0.03969447061427631
0.08649500968798916,0.10476252656939554,0.1542594607643916,0.11319221214975705,0.07363815514719682,0.0983083812252956,0.2433842819037996,0.066361556437725,0.059598416114449694
0.10376903476032534,0.10624578275328594,0.11099452595791527,0.11083809642308488,0.09062901781638662,0.12081134871142474,0.09519073688054207,0.15605673260966405,0.10546472408737113
0.12727008185068422,0.11863911300297257,0.13526116017636067,0.1307924204083729,0.09669002494638075,0.14548899983977623,0.05440734357784043,0.13798472371996515,0.05346613247764711
0.07738139599330739,0.08129113748642898,0.1029687361555236,0.10905774177554978,0.09479988845281935,0.10633479573227793,0.18052049590434752,0.122894969890045,0.12475083860970045
