0.12092868311367434,0.10025345853035478,0.13952082804343954,0.09950254531612744,0.19202426905677283,0.12348327116348402,0.0514837311659417,0.07614018007058412,0.09666303353962118
0.09972778055163077,0.06884587847076283,0.08800975165084642,0.07958011342072373,0.05716732621911307,0.058159480657161554,0.26918643168412465,0.1692357301337775,0.11008750721185938
0.10781188098427584,0.13021712214150916,0.12908149346020367,0.1358596637563547,0.15636568554109073,0.15214347859143873,0.024092228048806685,0.06280531097975638,0.10162313649656422
0.12322053172982168,0.14079823487250417,0.1200634180467685,0.0949484352497967,0.10585251280665808,0.13539761010366747,0.05401790631438227,0.11760643038401382,0.10809492049238738
0.10125186024733018,0.10038069329631322,0.10557192792696385,0.13197257781765645,0.09026017633280543,0.09314006661670914,0.1836104866207827,0.09519030030786678,0.0986219108335723
0.12175797032473472,0.14383494489727433,0.11109426919468122,0.12640152697242038,0.10220422275879998,0.11909469967683362,0.06634213991409223,0.09083758887510757,0.11843263738605586
0.11855206231513304,0.10695882515049408,0.1356342242941769,0.11870468100690719,0.18841193682318472,0.12021612093607503,0.042262065703446726,0.06396645636753169,0.10529362740305072
0.13706373207157077,0.13871798227599832,0.11739682342028125,0.1061047702680216,0.11688257709530488,0.10848900168192864,0.06335291604505418,0.08818049095283192,0.12381170618900848
0.09383903780317375,0.08915256853465746,0.11104663459868304,0.10389123765192626,0.09316411071745494,0.1347491025417539,0.16768565523573564,0.11458501848475593,0.09188663443185911
0.10932250190371375,0.1125645686932548,0.12147945830880026,0.12427032794712396,0.13260398089510947,0.14984865846564102,0.09363702328340867,0.06577284002193956,0.09050064048100849
0.11236856793019007,0.12790990598483587,0.11944725313271604,0.12890425699687288,0.12694941394703838,0.14489871421200382,0.08280925798647004,0.06543256432227275,0.09128006548760019
0.10505883159002305,0.1138177999106788,0.13350560324333022,0.09591704565331134,0.13429727327037697,0.16654007319021857,0.06302914093605452,0.09858302486201394,0.0892512073439926
0.10430788559026231,0.1234084655864404,0.1299536040650336,0.11924421454102378,0.14499871810940165,0.16637321082284118,0.05782922205980773,0.06681087645354741,0.08707380277164185
0.0945207844979008,0.09052555650748824,0.14417618874144483,0.13220922859735526,0.17447703346984503,0.14526896859004954,0.06454904757406547,0.07339560790225276,0.08087758411959804
0.09915763518012803,0.09057190691740308,0.12434846477556911,0.09724595519598439,0.12204882274341115,0.16170565308864085,0.1227447052722666,0.09343025592164012,0.08874660090495663
0.0987706221934442,0.0710146802797642,0.11247836622003056,0.10497068797034442,0.12127379633279463,0.12681483735682095,0.2117344316568919,0.07074369516345567,0.0821988828264535
0.12025534268993981,0.12367801482801082,0.125378066126357,0.13267338920552804,0.13875434408205967,0.12852369592781082,0.02099084954757399,0.0915679106321346,0.11817838696058525
0.10850767664947275,0.15111577677730703,0.11992456673417906,0.10645402898651717,0.10962224264784563,0.1550088567770305,0.05326174832666403,0.09979091908178035,0.09631418401920339
0.09220773802525443,0.11288580940115837,0.1209922706959452,0.14813491704575413,0.12580445407964622,0.17600846602607034,0.068164463880454,0.06694013236722236,0.08886174847849504
0.13543839736986166,0.1736444839676122,0.10574834947000279,0.12836698512793576,0.0973657954681675,0.09318820616103447,0.05167551050295155,0.08237175655927596,0.13220051537315805
0.10270833458931534,0.03874770139033091,0.06867852213906621,0.05628141046897567,0.04701202996650313,0.04773192951281074,0.3517948161532407,0.16924024039457128,0.117805015385186
0.11278491217159181,0.05512812090306051,0.0782807007287928,0.06259441050873735,0.052591789671280954,0.05643039813506126,0.32525297531667846,0.14823510245610277,0.108701590108694
0.11233058937760447,0.16986313979745185,0.11880073229917613,0.12448537259542121,0.1093985128223854,0.1590479927124631,0.011187648484241483,0.08726003249736207,0.10762597941389422
0.09485597602452421,0.09623908690472809,0.11654816688155228,0.17939475179026151,0.14059467739532347,0.14003612937872942,0.06254823880373844,0.06946046492851297,0.10032250789262968
0.09196885297874091,0.12334466639612944,0.12370642757590401,0.1416392156538316,0.1045410976512192,0.1267895906040136,0.08218623126851594,0.11166274372613783,0.09416117414550744
0.10338720667301814,0.08233370941045239,0.12026609389401459,0.137834049522977,0.14770768485806082,0.1316769807995937,0.10044452262669983,0.0721338827248731,0.10421586949031046
0.11280720701075748,0.08986033846797241,0.13538616371330317,0.09114518105637485,0.15304503208501122,0.14043809511480973,0.08044933009978524,0.10777997143885641,0.08908868101312946
0.12504808927250052,0.1378738821781079,0.1290581067040707,0.12002267011255398,0.14997074442126015,0.12785719337999793,0.01679162249119299,0.07692648727815417,0.11645120416216166
0.1221807218384135,0.12577253320114448,0.13017800586887399,0.1270642628312013,0.16204594305208606,0.12147087845285505,0.020500254532720544,0.07526440684705785,0.1155229933756472
0.11244351175244681,0.12044661907243641,0.12933894930191991,0.1281024483204485,0.15923503430568772,0.1436202117684342,0.04323224418214452,0.06128045225502147,0.10230052904146042
0.11148235002531763,0.09767948859407194,0.13299642993673455,0.09763062616833207,0.15348174158858274,0.15415514543008016,0.07180885440728717,0.08278760021458814,0.09797776363500556
0.09454164743421696,0.0732966400577535,0.10493605802949184,0.0899175862595038,0.0887516666017845,0.11262554853933232,0.23838957906452216,0.1099446605376058,0.08759661347578913
0.10663882043589946,0.09496389521660359,0.11670471886923271,0.10295786561939961,0.11505527301442037,0.1458443765517449,0.13505412614167225,0.08800667711787036,0.0947742470331568
0.12902212123110965,0.17315037248497142,0.10987329182683443,0.0869878579571095,0.08599207093510415,0.10137856200719368,0.05559932337180676,0.1547283714696841,0.1032680287161863
0.10653331558704526,0.0765200577769833,0.11749074345790966,0.08175485151923371,0.11451765954973726,0.12280828210262336,0.18788799198171738,0.10901238708916654,0.08347471093558355
0.11222500361841681,0.08588822901261724,0.09457142310005943,0.09355428730741648,0.07892058212669405,0.09188708938490268,0.22028453611021148,0.1085874563735675,0.11408139296611429
0.09887539972269965,0.1037279849218161,0.13379470610487496,0.12833968872243362,0.16455040197413942,0.1704545263188156,0.04476521431276207,0.06362560176046679,0.09186647616199174
0.1185621182620213,0.10540491022364352,0.13261340161716306,0.100243525511396,0.153367639231926,0.14368129268093652,0.05833084584735493,0.08267088210409261,0.10512538452146607
0.11973276177309439,0.1417333394591653,0.12935197719470523,0.09980055101702508,0.13861772547790838,0.15070796186528856,0.03061084182279684,0.08304751899243153,0.10639732239758476
0.11291766854678897,0.09237197392432779,0.12196592967939389,0.1520375037136624,0.15366480804450103,0.10310650393365285,0.025409595139674196,0.11582413104976558,0.12270188596823323
0.1080595962537499,0.10995003940787511,0.1299765624418494,0.09597645138602817,0.12181666297232192,0.14449382025825971,0.09348676795541078,0.11080069328795202,0.08543940603655288
0.10785915713513382,0.09385822978883183,0.11444503687422654,0.10020598032849014,0.0790848247725064,0.08198563243437847,0.15290251684031558,0.17663442899225443,0.09302419283386272
0.09606501186610923,0.0641977650978214,0.14145837463410402,0.10359355177989411,0.20483764955076475,0.12147352564956893,0.09844517378526406,0.08703036903673499,0.08289857859973852
0.09561850757129509,0.07550046958450098,0.12169328765015046,0.0933079607198432,0.11942129886532267,0.1366058905374484,0.18321024207976663,0.09327874684264842,0.08136359614902418
0.08959986089703222,0.05888789699914226,0.10756642576253411,0.08991963392859488,0.11733677967357785,0.12915197078497007,0.24035331507215227,0.08200386465390906,0.08518025222808734
0.12521495855400586,0.0972752529336283,0.11948947483344353,0.0887090664165181,0.12312869635606512,0.1148680594340868,0.14988453973223534,0.0924221202088572,0.08900783153115976
0.11158434873128177,0.07101993020203762,0.11621308191945112,0.0823406996428723,0.12513737173096576,0.10702109414112015,0.21170755098162283,0.09357821414649843,0.08139770850414996
0.09839740571137519,0.09496590230119382,0.12273056879666215,0.11322282038229951,0.08867060934956712,0.08589770469702879,0.11926184050450102,0.17688643483989538,0.09996671341747698
0.11108052069023983,0.1225028261472217,0.11084908812273664,0.09163960803374877,0.0881892852134493,0.11224463672417144,0.12449328349083999,0.14248055263780512,0.09652019893978724
0.08986174030773202,0.07875872792726916,0.11180369750819613,0.10938475467793485,0.10308579576810474,0.146260059029556,0.18114859055202945,0.09244667390592444,0.08724996032325322
0.09568709169811962,0.060343465664202456,0.08859535085129522,0.08489800634282417,0.07050781965060211,0.07780608151676127,0.31609954441248994,0.10861917025362093,0.09744346961008431
0.10610010158914131,0.1284623665394278,0.10583717869061747,0.15637810596831725,0.10290441715338765,0.1305851205389712,0.08329393660129085,0.07847567198991233,0.1079631009289342
0.09654601296131915,0.08066343111002064,0.12791392658219425,0.089802840588272,0.12351408910282281,0.16187486902018672,0.12528105405610704,0.10594437170673145,0.0884594048723459
0.08539413099079612,0.054620225597504214,0.10091664696363162,0.1088249404434744,0.11055924693779601,0.10988059353399371,0.2838965480894582,0.06775668230735721,0.07815098513598852
0.15715446198206354,0.17164178956362233,0.10067746729411486,0.12079681489015065,0.1069645639433389,0.07009446093635698,0.026051864891894233,0.07507906546395711,0.17153951103450127
0.10227591673872882,0.09058634657063482,0.13493487962065634,0.10806663547166612,0.1650089069567157,0.15496501587847092,0.09059773623463573,0.06931300429533577,0.08425155823315585
0.10815769960207072,0.1285291459733167,0.12367753146977102,0.09048966873884874,0.09876915360624983,0.15375396721877918,0.04938946900146992,0.15212093214361064,0.09511243224588328
0.09885817747594312,0.10242482339844507,0.12817174172235932,0.13348647927679222,0.13987163275314166,0.17484637475918574,0.037183256806085654,0.08684017392615166,0.09831733988189556
0.13172580323099414,0.11878108369388517,0.12346299824619993,0.12548991339055782,0.15405553240746395,0.10012964596948727,0.04263827106247851,0.0739524813740214,0.12976427062491186
0.10116138935311607,0.07639409676573307,0.13127853593152414,0.08957999471995397,0.14874003278502945,0.14923778537208052,0.12399900905400225,0.09252858299041818,0.08708057302814232
0.11478121316905703,0.15136161877251467,0.12072199379971783,0.08991195138535134,0.10460723934733936,0.1423196984550497,0.05015604382707561,0.13103654027540804,0.09510370096848642
0.08378603472983844,0.06545325155629869,0.12129382221576707,0.13159755847179685,0.14724490641170376,0.14400426643233935,0.16238752734722944,0.0659339993491435,0.0782986334858829
0.12845428110207366,0.10110793402959944,0.12668922869639435,0.09677828041187596,0.13747474600553977,0.12182856267601781,0.07850094217443314,0.09494131222769166,0.11422471267637424
0.10927711309669398,0.1061526756772926,0.11551574586824898,0.09363623184383453,0.09365263555107417,0.10946602070048168,0.15127608854094218,0.13147597465004437,0.08954751407138754
0.09739128699632084,0.16404359864086185,0.11664306058224011,0.14180944326999154,0.11011038444890636,0.17436242895361942,0.019928824169400148,0.07753746939721136,0.09817350354144834
0.11353554397041977,0.1270738025557534,0.11913540977348686,0.10511092238043503,0.11241752503377067,0.13977862365544116,0.09700512201909055,0.09417630245405889,0.09176674815754365
0.09774554278268345,0.10256147944820682,0.11364888936537948,0.1249850287613451,0.10564286423320945,0.15789022440227254,0.11004247456923544,0.09091909203623372,0.0965644044014341
0.12663839338413804,0.11302890004828342,0.12615094350358316,0.08833325519610763,0.13258643151597166,0.12666992631666218,0.08940615943636752,0.10364862996199364,0.09353736063689265
0.11473223038007518,0.10981307405769818,0.13274188783732022,0.08975780893284857,0.13346169516792658,0.1420285787325404,0.06805932682042946,0.12335447798011119,0.0860509200910502
0.12038952139972708,0.096685062037744,0.12443326168063429,0.10808639084892023,0.1303879097028329,0.13057571635375573,0.07721213921485835,0.09490227836750142,0.11732772039402606
0.10486576730286444,0.12187784921962048,0.1368610107631613,0.10615451651000514,0.14400127399147308,0.16080157194893993,0.05433499320890284,0.08535712915721066,0.08574588789782217
0.09391824741326728,0.08636377698399784,0.1041779758925455,0.1664680233178156,0.10609152430756226,0.13632621541304762,0.10518363212425663,0.09256732800840616,0.10890327653910105
0.10834222812715023,0.10716466231798755,0.12263013464660255,0.10023576838476493,0.11476609338593861,0.13972255108168177,0.12114922737889382,0.09939671679907537,0.08659261787790508
0.1000219255853011,0.1160985735603986,0.1314890002588416,0.10107846879137122,0.11850515025358366,0.17074533624428864,0.06321755850174371,0.106516063439604,0.09232792336486735
0.12462200807322575,0.14813122589246452,0.11268642521497411,0.11606263326352668,0.10597992974105876,0.12036294634924528,0.07353741950259853,0.08726258239763512,0.11135482956527117
0.15343297000948006,0.16583725749405917,0.11556688174396455,0.10520757210140125,0.13690256750650742,0.08864278317616285,0.037545789856124896,0.0646598691186433,0.1322043089936565
0.10946373188136432,0.1476967765761322,0.1106726396434236,0.13369106416654739,0.10243363444374211,0.13521081664661028,0.07370423474240834,0.08556292363802653,0.10156417826174535
0.0887101667499186,0.05544211638129611,0.07787467528723524,0.08347677606976145,0.053290276167167694,0.054405013027621664,0.32175720666458835,0.1448428910487301,0.12020087860368078
0.10006122239384836,0.10296734366119181,0.13524194275658571,0.12874356871781548,0.17243871053472817,0.16345473548986722,0.04509810209955578,0.06112826874353707,0.09086610560287038
0.11143153566972298,0.09244707116953337,0.1317124711383805,0.09417565868274697,0.14505213149201182,0.13590779453553586,0.11609409941219355,0.09142924477572899,0.08174999312414592
0.10645506625179317,0.09836991356072822,0.13103604605589583,0.10633489722424289,0.15058264137690633,0.16309983244256207,0.07102837052933221,0.07573263686675162,0.09736059569178772
0.10571442335873367,0.07353513926871695,0.13310293906190726,0.11418231078191769,0.18683007708166346,0.11990981560419046,0.09077259526318765,0.07569748733775321,0.10025521224192956
0.09432561162498947,0.1321821075075232,0.11213546882150231,0.18184589819850147,0.11731229471954004,0.15335972186986754,0.02540739531906709,0.08412932222286797,0.0993021797161409
0.11321517118533164,0.07819028464469506,0.09640886257756683,0.09844546292611654,0.08417172505960806,0.08835114985816045,0.25245143016891897,0.08747595128796942,0.101289962291633
0.11928291944378434,0.1112641662820656,0.09812962261174962,0.08671093166175488,0.07408933045352854,0.07943431717067789,0.18522995540687878,0.13625988847767959,0.10959886849188079
0.08551469134735894,0.059782413419081935,0.10826093957274109,0.07789147703667114,0.0931589674080673,0.12149560747868794,0.2540343086455328,0.11872265490536492,0.08113894018649397
0.10841928668302815,0.113417755660894,0.12388101632532518,0.10842218338840755,0.12054689424675884,0.16491700434579712,0.06537331086926097,0.09120081758766352,0.10382173089286469
0.1176775339214245,0.13015726368232347,0.12715372676033995,0.09776911466727302,0.12942091219295185,0.153070664860502,0.04984421484995472,0.09187762303928097,0.10302894602594952
0.10600609347433144,0.07491237037071362,0.10836313789163911,0.07859533706122712,0.09311974532075486,0.10458249276401377,0.22659520201337915,0.12347859860972561,0.08434702249421526
0.0965471835267816,0.09221351361094682,0.11410652282235796,0.10383997315793521,0.09585484358323493,0.12520246616827993,0.169497755800916,0.11279934183867978,0.08993839949086772
0.10020845174238924,0.14909235914282806,0.11825047583240135,0.14409175287979362,0.12103999381336339,0.1693858777852066,0.03223189858607076,0.0670756344976905,0.09862355572025633
0.10664339009894487,0.08298183196038013,0.0946738196588854,0.07660545668416574,0.06987584073553825,0.08203633143312422,0.23072703719137497,0.15228801505959083,0.10416827717799547
0.1033920412365546,0.12182372146574182,0.1270121180984673,0.11337748090686095,0.11126637310884491,0.135160680905817,0.09355744329209575,0.10537898907318706,0.08903115191243056
0.12069127578969015,0.15420703793222398,0.12312701544660391,0.11175435480906337,0.12521913644625435,0.1427000688538217,0.03167044077405436,0.07903564652384158,0.1115950234244466
0.08099526942452723,0.058963579650428484,0.08996077359122966,0.12640622657753522,0.08268047001336112,0.10392213621926173,0.2797120704848704,0.08711912583460459,0.09024034820418163
0.1065382501789638,0.08543504005376655,0.10973794518095019,0.08931221006267298,0.07902355719621253,0.08424415633414566,0.1947535615074063,0.16246528363711613,0.08848999584876589
0.09288755297374378,0.05913778844007129,0.12296619366204337,0.09654862203547764,0.14447999184321203,0.1381874658996333,0.15064070642088856,0.10020065181551925,0.09495102690941082
0.08684306992384605,0.10768336319130506,0.1129954823707809,0.16782353079875614,0.10952869717523857,0.1504568888251481,0.1000787070232975,0.0764607214973831,0.08812953919424456
0.09718960060224528,0.10890388495120222,0.13122758578466687,0.10955338881508107,0.1237336130965947,0.1688934147330422,0.07760064211413793,0.09303554043692103,0.08986232946610867
0.13440199166614752,0.09869445428851352,0.12966495319290383,0.09287338711994486,0.15338357302655414,0.10864255105403763,0.07342254876265197,0.10726183835659986,0.10165470253264675
0.10472608824461944,0.12396277440716054,0.1368808203746069,0.10688766709986645,0.16320134945366502,0.17052141779254237,0.03556419448084471,0.06862578446047572,0.0896299036862188
0.09801831059263615,0.09688394817342566,0.13250860579634785,0.09978732022807557,0.12816043032001354,0.16679603814684696,0.0920908492441312,0.09729651186522609,0.08845798563329703
0.102152521260724,0.1197309744220546,0.13363220261589812,0.10299657293921388,0.11140251731889257,0.178009050493437,0.0389315481725189,0.11803482886275025,0.09510978391451065
0.09957481293183089,0.07181718520200485,0.12705450919598407,0.09810494497125972,0.14682933154881264,0.15018806722434172,0.12234750763964565,0.08813083124766402,0.09595281003845639
0.1289882270974411,0.10250679463730977,0.11824846463046661,0.09882711402705784,0.12886006226567323,0.11388100524549521,0.11280763923813901,0.0831754976705732,0.112705195187844
0.16927409777815186,0.13035264534573254,0.1031763182077345,0.09829435355612216,0.0598360339745127,0.05892655093427009,0.02933693632194734,0.1703471030963135,0.1804559607852153
0.09416209473408549,0.09840284346743024,0.11328125875193683,0.11494292337559986,0.09315043214166892,0.1185685125583686,0.15767514254185025,0.1165779813879323,0.09323881104112745
0.09033538707896194,0.11463138280587672,0.12992208381113188,0.14807263202862586,0.12851296571112988,0.1640533322356696,0.058988579314584295,0.07822499143149886,0.08725864558252093
0.08824084994548687,0.07727519437986052,0.10558018436912513,0.10286329123255548,0.0850169647059877,0.11101242241718418,0.217628173098777,0.12085966219136586,0.0915232576596573
0.0878101369124318,0.07464107318360251,0.08445445060993062,0.131596725566639,0.0685195672666164,0.07008776738641981,0.2519775147389925,0.11407142708624367,0.11684133724912367
0.10892268861024508,0.08908663807610917,0.09835304927273647,0.09377748380051498,0.079874359063834,0.0908282814249809,0.22458969934801984,0.1124396420860977,0.10212815831746179
0.10718616811328323,0.1136857671304486,0.12066955499485287,0.09772732552988506,0.10971602101228532,0.15076052873202253,0.10043862680400086,0.10712680575833212,0.0926892019248894
0.10727659962677784,0.11860920277503256,0.14696192741520214,0.12718781211760186,0.14587879968414685,0.1301535812335117,0.037805024646321024,0.09827473573198321,0.0878523167694228
0.11431963816583907,0.074458711187548,0.13934171059867592,0.09799853993171587,0.20884272946339602,0.10596335991756041,0.08793897124077492,0.08432025333766589,0.08681608615682394
0.10249937338652992,0.10149256390265134,0.12358908553541499,0.11481988310156639,0.13106427925288375,0.1659512416337638,0.09151936147632744,0.07544118904203122,0.09362302266883117
0.1025263874669537,0.13735751677999034,0.12467155660389813,0.1325285333557713,0.12265047465721875,0.1765517292252524,0.016135187775858276,0.09122303303861688,0.09635558109644016
0.11107516587378137,0.13060522875062952,0.11988936699372225,0.12647076512395397,0.1266190139904037,0.15105547599842137,0.06990670918791037,0.06852760995463636,0.09585066412654104
0.1527511609439857,0.10987498629135682,0.0875068193695746,0.1291435595440967,0.09137261648731171,0.04856344548246464,0.009639174600108331,0.13304648486494788,0.23810175241615353
0.14589034025132733,0.1583022886783926,0.11583908560431654,0.11759224064257014,0.11884520293717261,0.08896370795739873,0.021210717344500845,0.0877676647347838,0.14558875184953737
0.09371584021755859,0.060911103312594306,0.11409712272884931,0.09105613870465107,0.12327932286507132,0.10800473716289545,0.25324903733427506,0.08022349837451746,0.0754631992995874
0.09725595212938382,0.10699689095724856,0.12023657052895897,0.11502728883746445,0.11167600069720478,0.16918564802082559,0.09332625225987534,0.09264370688387073,0.09365168968516784
