0.13920410246649964,0.07693561549075806,0.12449078719124267,0.1330887342509309,0.09505257987602339,0.09777442947448557,0.13764179924205291,0.10483055475295383,0.09098139725505304
0.03072424259457242,0.01728902052960994,0.4352928890113696,0.03905842945389986,0.2210341645188125,0.09961881262927515,0.09475948649017696,0.03933960766976222,0.022883347102521434
0.06777706725671738,0.09662749593495173,0.03442029016111593,0.10045426267684728,0.1993336619198944,0.10273069297742397,0.0994517629352618,0.09683755921087217,0.20236720692691545
0.044906037099816436,0.0406878067648184,0.21578289840259987,0.07965690002445192,0.32638817840204554,0.07927112001282201,0.10100468392835321,0.05674370818010057,0.05555866718499203
0.04880610053053314,0.05838365378996021,0.2444200637625403,0.09731189898608351,0.26158334253452287,0.07354699268209337,0.10024200540169947,0.06181502657177126,0.05389091574079571
0.06411140148864586,0.028225948394896335,0.37323602928576777,0.08390158096466273,0.12897806784984647,0.0880455985219727,0.11699309065476542,0.06411341879866361,0.05239486404077915
0.04956929200857846,0.04109789807329071,0.14617469750119624,0.09562909015189675,0.3565082036201292,0.08806146074874766,0.10337178742414481,0.05736535626298075,0.062222214209035454
0.08582675284328832,0.040838261103519874,0.20696930680073777,0.11024407958450728,0.15585447696659685,0.09035008952543551,0.12082869200752916,0.08871366829722123,0.10037467287116393
0.10308344773303287,0.07069207138575577,0.05891002908996181,0.1284579157060852,0.17452064322421237,0.10805462082080149,0.11439522507353596,0.09761819155220076,0.14426785541441378
0.057494932241644564,0.0949835690791389,0.0486172767309884,0.09716807035406334,0.29251415965318284,0.08812791994443407,0.0997880093397986,0.07655688709541861,0.14474917556133068
0.076322825837316,0.05408548295441154,0.2394350186884638,0.10954476254287347,0.13030195900365762,0.08469794315114511,0.11972699201865018,0.09252170069741628,0.09336331510606606
0.11074308876810031,0.07361931271182288,0.14475741904033845,0.12761555260667137,0.10281704580166844,0.09146778474455729,0.13080980289151353,0.11337352320961236,0.10479647022571538
0.09566664110006111,0.06972574395090679,0.07544166000247698,0.14396197563059088,0.188276034094676,0.09842168555180388,0.11462878216557161,0.09504159375670417,0.1188358837472085
0.05069812776523278,0.03262541929886139,0.1027709679574063,0.08931220783720499,0.3522802398777058,0.11518692058263424,0.1027501592792267,0.05990705202278871,0.09446890537893916
0.06465553272574644,0.11171276647780759,0.06750387953353171,0.11582414290515185,0.22688151047292457,0.0821121092270596,0.10190921185181778,0.09338934263497184,0.1360115041709886
0.10977542740560335,0.12134263181775047,0.08843759274706252,0.14771224080747433,0.11628695040310562,0.0901053260924622,0.1219671167830641,0.10960870621833702,0.09476400772514042
0.0691922786552234,0.09040502021344964,0.04335234496891166,0.09655323152014583,0.20959024902636839,0.09616285012671057,0.10244778965817436,0.09582070142978993,0.19647553440122625
0.07239532762729951,0.05448189910156644,0.1089649917433045,0.10990972584916155,0.24503009810646334,0.0908359678170907,0.11070799830247229,0.0835073097618323,0.12416668169080934
0.06243914945771308,0.08769323781427907,0.27459548772674147,0.0925516094314583,0.06517647088906937,0.10111737131432051,0.10629099443699591,0.09896354156552305,0.11117213736389926
0.120810680318154,0.10428209302701637,0.052867324127524186,0.11791989062764939,0.07454076822202448,0.10583982896176226,0.11602379114701884,0.15745533537428333,0.15026028819456713
0.06002708001072963,0.040895817058411964,0.21763067901989683,0.09496507769216563,0.24512471657064613,0.08255593134880614,0.10901361548665146,0.07021413202402944,0.07957295078866283
0.04672299818817716,0.026563542098695162,0.3506125250042371,0.07089892260087581,0.21836559139058168,0.08321403534972137,0.10323831467913087,0.05509016151493681,0.04529390917364399
0.10515404170070648,0.09348863143352242,0.16195910124845894,0.13919063862117045,0.12132177636110786,0.08652399071485341,0.132586195308151,0.08892066169953339,0.07085496291249603
0.05444707700807263,0.02204475143691917,0.29182882564988694,0.07892615990256883,0.229394387150738,0.09560175399871447,0.1047156570526377,0.05919494896190532,0.06384643883855692
0.07396486310097694,0.0510751162512696,0.19285099690253896,0.10506370896142014,0.1991172974598081,0.08382461711980349,0.1185533318341596,0.08225665041319195,0.09329341795683126
0.09487475265907931,0.11487148326737623,0.05225615451458881,0.1593637102210382,0.19513078270610115,0.09066986692315836,0.11064051524092984,0.0872838589721987,0.09490887549552933
0.033753289565521545,0.0722599148710809,0.04911357927231172,0.06637985526789462,0.4177615409642809,0.0964120841648477,0.0907843757438091,0.057576093553442086,0.11595926659681144
0.10624626225662033,0.09713294692134318,0.13777592157175442,0.15424873853571894,0.12731040672501046,0.0877627815792168,0.12539632634075557,0.09240100438254872,0.07172561168703172
0.10847071848652402,0.08020889516556029,0.02552417876660563,0.08524486914915197,0.10271153333094958,0.14235420882136987,0.09937958462106063,0.11263179300147608,0.24347421865730182
0.062138554332974015,0.018324575912870584,0.31316006939233726,0.0802922523651728,0.20090887384887823,0.11114779717760968,0.10920029464179859,0.05508688601217875,0.049740696316180076
0.03831210237186553,0.023273083809492057,0.40074145495208663,0.05226944068438034,0.2242311618864263,0.09591075623689817,0.10355376099668316,0.04115632910642072,0.020551909955747127
0.04871648088852132,0.0478984001172752,0.3102391411770337,0.07970537996786055,0.21042902386919934,0.07696347352306152,0.10545886052307857,0.06370868364277366,0.05688055629119617
0.10699567455524055,0.12121457164791394,0.10347842773360383,0.1357295584508985,0.08203276478029985,0.10340937091865592,0.12167342477130623,0.12805896372245038,0.0974072434196308
0.08306696898028403,0.19788026823942306,0.049686641136075356,0.14232738421636973,0.1540922063950755,0.08267228301078189,0.10256142946923881,0.09544352183083127,0.09226929672192032
0.10961989739341192,0.042904743695139476,0.20525325538075867,0.11934128305447884,0.0689782682071697,0.10983390957386296,0.12465132738072578,0.118299257432038,0.10111805788241472
0.08554693011335306,0.10743558450091158,0.02956354079587838,0.11232852889178581,0.15165146649762198,0.11146104261928279,0.10284041774920015,0.10653895989194144,0.1926335289400248
0.09245925494325259,0.0470278754108836,0.22921142844141282,0.122823185857444,0.12957632685966583,0.08865598145374094,0.12474824566644475,0.08656224196533406,0.07893545940182141
0.06674788702396668,0.0750079447025811,0.05781333090681379,0.1237566980875238,0.25301476638311643,0.09541988460341526,0.1034460195014993,0.08629927196405639,0.13849419682702732
0.08047447808782447,0.032486006386712,0.15470720932305762,0.10496867130411396,0.23181190624740766,0.11092580343049385,0.11376879684204634,0.07166220112019145,0.09919492725815272
0.04851226770710826,0.03355812723279,0.30737399062589316,0.07331018778865923,0.23621094236341653,0.08063175289217013,0.10511681756217676,0.05976243748645535,0.055523476341330626
0.09968358879256783,0.2915594786701698,0.01825369239995212,0.08814112299547765,0.03366153004008037,0.11156542117956973,0.08907717182907644,0.15361149231373894,0.11444650177936722
0.06587778105308396,0.09049357238870599,0.1737156628444115,0.1285832931502527,0.2294141131466624,0.07418834850567775,0.10952464282713996,0.06988609040792204,0.05831649567614369
0.02625420525076158,0.012546191452902275,0.38704043705501556,0.031513980826908504,0.25774918212871795,0.10706774477710296,0.08576881378312455,0.042720122981986734,0.04933932174347988
0.1016556581234434,0.058081574245895405,0.11449172028439357,0.15205513626488895,0.1650203770676608,0.09914959609806333,0.11896652727951268,0.09369456891705856,0.09688484171908336
0.0747131572264899,0.043265538857417234,0.3807952645264557,0.10865722765722492,0.07069450969114466,0.09053545696278449,0.12111838971208122,0.06840885140162564,0.041811603964776255
0.04093127092967889,0.06029889048718934,0.09507055131530791,0.07790606372044788,0.40659782540721817,0.08478171585860061,0.09828491938703991,0.05738267022993391,0.07874609266458331
0.07503825043195964,0.04262005264083218,0.35225657965320484,0.10528420184479385,0.0801756787455976,0.08817205414210104,0.12154541569025167,0.07673361653388859,0.05817415031737062
0.08450279263866493,0.05481138022874275,0.0711819304391902,0.10420000317847622,0.2010638512014087,0.10857335579186357,0.11091217313009723,0.09402067587178975,0.1707338375197666
0.11547266171499415,0.06670897324939076,0.1465183999145975,0.12919465919525014,0.09288265109084141,0.09507130504425432,0.1297078855205554,0.11867560774618446,0.10576785652393184
0.10308629493797228,0.0876502259347363,0.12723502981027504,0.11001549659449865,0.05613116165098068,0.11149165935009629,0.12231450189192576,0.1533726045933487,0.1287030252361663
0.043701866322215545,0.04103575646955037,0.09522113991880972,0.06838598529169938,0.3995406010220481,0.11538525000222871,0.10387637921726278,0.05423542083888692,0.07861760091729834
0.061220208288014784,0.04209304380616182,0.32192649268189616,0.09178265540546428,0.16504967292035813,0.0811499956608162,0.1162040759125645,0.06641584260393985,0.054158012720784375
0.11042028772062419,0.1200621985848379,0.10869161165866238,0.1415425264531359,0.09060584821452838,0.0951518441880201,0.12452249413057657,0.11793566429347517,0.09106752475613944
0.1084153192774801,0.08576796931119192,0.07563335091507521,0.15837624299873201,0.17270761529130293,0.09460993056708317,0.1182764708354328,0.09157628008808251,0.09463682071561934
0.11089039892655038,0.19620565170188206,0.047264457964345245,0.1319841440932858,0.09058107166718678,0.0892669943613938,0.11235276660292341,0.11459798292403511,0.10685653175839742
0.18081520052521363,0.06375078707470916,0.04633593766423825,0.10819121415031772,0.046920471672373815,0.14583434011656157,0.1176407638049124,0.16911455373319206,0.12139673125848145
0.09633836039605777,0.05429521497755849,0.15937004115538905,0.1352527129563294,0.22115044102414083,0.09643460302527374,0.12287960821579275,0.06411168043426789,0.05016733781519007
0.09894605543524256,0.08491642587243413,0.06926102790967777,0.14135430964932896,0.17061898938961614,0.09423438149309983,0.11555581270090415,0.10157230065414939,0.12354069689554707
0.0496668751258288,0.049608647030495834,0.18675939781388662,0.0862191275831072,0.30397474402571395,0.0780479174644562,0.10258277674908213,0.0657633218346581,0.07737719237277108
0.19126020380216713,0.09225362470418615,0.039718249911863436,0.1218211786732231,0.05631937065202474,0.14136308679659018,0.11938864523080532,0.13660802721798715,0.10126761301115277
0.045537876428799196,0.09429146647748765,0.04697093906690645,0.08682210979107387,0.3715480459352549,0.09090757528678216,0.09751631783248527,0.06208184608651376,0.10432382309469672
0.11357963634225295,0.17433201853832156,0.03222324479714874,0.11963922079977089,0.10405386517352999,0.09785893037390221,0.1081232287961424,0.10847636378499825,0.14171349139393305
0.11287533469815879,0.09145546724434811,0.07398035412704251,0.14269455221872818,0.10722142785379063,0.10389215358048189,0.11958960172203621,0.1284331351740583,0.11985797338135534
0.11428344782494308,0.04427087824547694,0.11833492355979769,0.13315359547376696,0.17874223814135984,0.1151548249802028,0.12200678999992139,0.07984681532405896,0.09420648645047229
0.07496994592220117,0.06471349615482407,0.08527904586100431,0.12777370700794896,0.24572336972158046,0.09094457444893278,0.10894533188643336,0.08393466199705556,0.11771586700001942
0.04834006757262812,0.02880861797698957,0.2053245727931741,0.08159874034262649,0.30985239420310645,0.09180623155414035,0.10107170664179839,0.05924052480374009,0.07395714411179655
0.09026453798387823,0.053076829743284835,0.26611760932424244,0.11873621902563565,0.11045920626874152,0.08706537740917286,0.1296208726860043,0.08096212188839126,0.06369722567064888
0.053982519312180156,0.04705061177610981,0.16015345049588003,0.10107770853390974,0.28725234475871403,0.08261598117467818,0.10155135545934019,0.07127595226215518,0.09504007622703269
0.07275621137814567,0.0664860070562894,0.15888988617624458,0.12185069576038483,0.22848689476169903,0.07996853857854463,0.11453508081265268,0.0772661560275111,0.07976052944852802
0.10789652506550855,0.09482858073528633,0.05023479723976316,0.15675125572615112,0.15754174225594753,0.10500248621486442,0.1145056450076246,0.10118448226813098,0.11205448548672337
0.06924008478475033,0.11106975968780806,0.3228417116035928,0.11219806817736287,0.04872543116011472,0.09965897928172428,0.11717290360373527,0.07438269261554353,0.04471036908536822
0.09687853591537833,0.1676430553648375,0.11485081003104354,0.14283197531885602,0.11359950283143284,0.08188378722369304,0.12342605756837094,0.08888068906896947,0.07000558667741842
0.0735437617241016,0.05210949385104859,0.3180030711764917,0.10452524802349765,0.09116348155331516,0.08601300921160336,0.1234106694177109,0.0825036411246639,0.0687276239175672
0.05658885555039745,0.03930340697122317,0.3701885632648529,0.08871749541822098,0.12430143825852243,0.08163639492421142,0.11086619235464361,0.06898320905601085,0.05941444420191716
0.09488042883064936,0.08899251916328671,0.038436719841656364,0.12371245131190707,0.1315310548753207,0.11405752258107293,0.10854479054822831,0.12307097061510659,0.1767735422327719
0.037263158122057494,0.03790843007660878,0.10668096443878279,0.06904838972285435,0.4164378293284256,0.10555067183179924,0.09950168289866312,0.052914490662838286,0.07469438291797031
0.04149833476766644,0.02018101409837367,0.18843394733961213,0.07683763767792436,0.34737701645215885,0.115813991934592,0.10224489088974009,0.05043798414575958,0.0571751826941729
0.052787366300958864,0.07815775556957182,0.047032581652365686,0.11496631008942539,0.3128309294224922,0.09449681031414603,0.09797920916166643,0.07467564346507004,0.1270733940243036
0.06655150386524473,0.051068403512512676,0.06946184880873339,0.1044391349539458,0.29766678991602574,0.11101079905251028,0.10568582451738211,0.07085110860035114,0.12326458677329405
0.09368324521716233,0.07395178078507071,0.05433166248091085,0.12623189845248473,0.14088047744222051,0.10985929518482683,0.1114750097120889,0.12139955784352559,0.16818707288170962
0.04510137931942503,0.028158840143999567,0.1693782372071726,0.06617826723398107,0.3566826730195291,0.10743348578728662,0.10343882417482926,0.053925474200754386,0.06970281891302237
0.09739300203519392,0.06102094988237559,0.11872394024188208,0.13103849014525876,0.18477246065303152,0.09204028636334717,0.12137560213626393,0.08951008403399936,0.10412518450864768
0.05408567658429029,0.13336680350269767,0.03432056644322984,0.11348714913814596,0.29328870906880805,0.08493048000182045,0.09504393695698692,0.0726906897504662,0.11878598855355466
0.0691367705188818,0.09383967963594896,0.032829679699500264,0.11373270653773293,0.2272017534490954,0.11106411562668982,0.10125464260781668,0.0854733057306199,0.16546734619371425
0.04845857595646962,0.03789507354419647,0.2589574154747781,0.07814998182201154,0.27899999908367373,0.079884468886368,0.10454203472582828,0.05861428022201298,0.05449817028466128
0.020353352685525402,0.012082639853520413,0.3122903908513069,0.027180698055542962,0.3393169391079774,0.15025469009850537,0.09276164227190788,0.02747905582707034,0.018280591248643337
0.07375033340488457,0.05069633452144406,0.1173376496479742,0.11190549631002523,0.270822801172294,0.09356209503538954,0.11237025103766085,0.07274895230713957,0.096806086563188
0.0774394879383735,0.03966333677526159,0.1167001728730394,0.10547508911585189,0.2166548375467149,0.10586038428325702,0.11094934564711241,0.0862356479605841,0.14102169785980517
0.1363355609202418,0.0707596226081128,0.11081141838029784,0.1285761807601313,0.06267862507709693,0.11377441163699904,0.12822732603596493,0.1446065767192469,0.10423027786190849
0.07489303354431211,0.045670149395409775,0.18164928612283002,0.11848580385924819,0.2496779312042751,0.08769893457206883,0.1154204255593827,0.06549487836376199,0.06100955737871136
0.04231224544451676,0.03445075833776474,0.23388093981979174,0.07588092411016016,0.3396547540054587,0.08366186258589699,0.10174210741312266,0.049902898273873064,0.03851351000941524
0.041857897569595924,0.023877421511900875,0.371352942522223,0.07347538099853988,0.22353196114043108,0.08299826161052501,0.09962284052128333,0.04987928735196132,0.03340400677353952
0.07576727692597975,0.037338257564192526,0.379059390942464,0.1025289881026858,0.06895245391582727,0.09068143150707193,0.12159352609678976,0.07284101430713581,0.05123766063785312
0.10021961785294357,0.09156014223695715,0.05519502225857667,0.1428725348881447,0.16472900088639217,0.098635725032498,0.11339020804749021,0.10374463388691985,0.12965311491007778
0.05464703395582501,0.021954324709338936,0.2356333211563487,0.07658895881033007,0.26327730706800395,0.10534583427051242,0.10433281326723333,0.05988196644081659,0.07833844032159103
0.05295611683053583,0.036065382730956656,0.33220392932544673,0.07973560694486133,0.1966240166842305,0.08062670704914693,0.10988132118156335,0.06108960256292506,0.050817316690333646
0.05778131085680016,0.0179070517867056,0.4573247467577742,0.07770311435014988,0.07020625837826357,0.10221784171940755,0.10797983404916456,0.06129482653847662,0.04758501556325784
0.0338036179268986,0.015827811191316262,0.4008051225464646,0.04084587239607279,0.23467476330065384,0.11644226497410137,0.10158597455430446,0.037146948631343296,0.01886762447884475
0.09008085902834334,0.1571722790839148,0.03991732357075304,0.11234007830647104,0.09541449475015161,0.09674898436767199,0.1046613098603808,0.14012792778293817,0.16353674324937514
0.1091585966797541,0.07525378531578752,0.21931272384667463,0.12182446993177205,0.056121097727786985,0.10048048710388402,0.13427300791352367,0.10835634493113132,0.07521948654968569
0.06544529425942734,0.167571460988054,0.08564686438399155,0.12887464332505252,0.21257419943043268,0.0738309671713574,0.09983737921317441,0.08122608208360656,0.08499310914490348
0.16129629144222543,0.08014757275930304,0.10511898476696686,0.13524388924355865,0.06737355366294988,0.10739346721603958,0.13567250074449014,0.12097552431930962,0.08677821584515673
0.10831087416093887,0.08064795073611532,0.1106951965838681,0.13645141168367758,0.1084745392687186,0.0954780902498348,0.12339490080571809,0.12188269930092377,0.1146643372102049
0.11239950543058264,0.03829106119120667,0.2799960559297761,0.12065756237101206,0.06928561355458959,0.1014531055828951,0.12946487817738175,0.08653311806666168,0.06191909969589435
0.07910383521277929,0.0604739494930037,0.14235902540158413,0.13948253442345446,0.1905293514591415,0.09091688572070002,0.11215677201439489,0.08854775529319532,0.09642989098174681
0.06187410591531619,0.0378758482247158,0.17436678188785623,0.12419648528539112,0.2820228898169567,0.08728864707416746,0.10569271970318454,0.06285627672193643,0.06382624537047552
0.05123022080247153,0.045400096713736106,0.33378285442397493,0.101069132088206,0.21373996252660024,0.0766164272659142,0.1076208330833387,0.04896160598348006,0.021578867112278244
0.04573383417458141,0.03490425704162922,0.3221706899630694,0.07836553997111674,0.23738434620895232,0.07760506727981913,0.10110938876470872,0.056550479883224335,0.04617639671289869
0.08250933430732803,0.04191016048357669,0.1125928907972869,0.10395305539055205,0.230788570792925,0.1088035571602457,0.11394220810323197,0.0793096458841126,0.12619057708074113
0.13620982446599986,0.10891622880741754,0.09277122087737504,0.11648705037754085,0.042144855409294114,0.12457122635039748,0.12724706786079384,0.1601425802459527,0.09150994560522852
0.07786700142446908,0.04835347035591734,0.3623863504617409,0.10852743389991167,0.05656594080707792,0.0974149695434224,0.12059124088582636,0.07731418275105661,0.05097940987057762
0.14877101609370014,0.058226453367086255,0.15395978624909487,0.1189458063425799,0.04682577982672351,0.11445086291658019,0.134408113030309,0.13607492264717524,0.08833725952675085
0.05019259032805409,0.0480707003557873,0.14425069095688428,0.0889484170281497,0.3337084837311311,0.08262891135779048,0.10219870407295145,0.06473354329888585,0.08526795887036576
0.09439024453553073,0.09910212535743539,0.07811818728345982,0.14552831393886265,0.21016502333111275,0.08563553218182017,0.11629647079513805,0.08181586936325679,0.08894823321338374
0.08359700520293856,0.07087945965773064,0.2689159359468807,0.1403906992155776,0.1405066873141906,0.08235243753151585,0.12233670321656931,0.06013955969148279,0.030881512223113926
0.08802763042270194,0.062486634071392065,0.09168046682137292,0.11544276656613982,0.19715121197601615,0.09420729020705533,0.11621143798953248,0.09534380887670264,0.1394487530690867
0.044015344415802134,0.058654172906624946,0.11933146365319298,0.07411527402320266,0.3808164523608106,0.08238669135894296,0.10123899443243806,0.05938830347291135,0.08005330337607426
0.02420333221901577,0.01933647216470188,0.2645141539059919,0.03470050027525442,0.3800127284700925,0.12190944122144394,0.09350672074309253,0.034514675668016824,0.02730197533239022
0.04402425173020622,0.021588601063215515,0.4314197695521476,0.05666184123586974,0.15864147182228736,0.09005682443877604,0.10553162693024032,0.052050407607159156,0.040025205620098
0.032952785213747476,0.022432769488308732,0.3603310088146476,0.04620740919549898,0.2845153866251612,0.09402535349275422,0.09767542726084395,0.039695271948107645,0.022164587960930293
0.03644004614087971,0.037437873958771,0.10729896352022646,0.0619306595556672,0.40078542224928815,0.10193417939532029,0.09441730637638222,0.05652263634917504,0.10323291245428991
0.04596623131352775,0.031105174212627,0.22212139425535574,0.08650009278351611,0.29873276198900656,0.08509830374523486,0.09791977026416865,0.06023219652884468,0.07232407490771865
0.1236718754736766,0.08204485944969965,0.09398047859484988,0.14880635219971108,0.1163510134489386,0.0974068924895888,0.12546880077513164,0.1113114512764433,0.10095827629196043
0.032519354341109474,0.015023479103579956,0.5176631661723133,0.039424783214728,0.11058416454590198,0.10404036341048312,0.09250133285347245,0.046975245863241144,0.041268110495170415
0.02786694268372884,0.015775664258366195,0.4754380796885465,0.03498593616067626,0.18747439384937784,0.10940461036196895,0.09247257762603313,0.03664929326768102,0.019932502103621283
0.0934954021412404,0.07289946335373818,0.044553953796173384,0.12255493303517544,0.202018561126824,0.12195309923649338,0.10945827254573733,0.0858721446123844,0.14719417015223346
0.023986757621718233,0.024621255481531632,0.14578991275985562,0.03660999842150534,0.4397047467912361,0.13908706582029615,0.0961885787401889,0.0392896915325402,0.054721992831127754
0.12758772313252312,0.06373748475851183,0.04524218104699654,0.11564224031117938,0.08996838269172004,0.12626078828007573,0.11276972389631916,0.14178931773268869,0.17700215814998546
0.03147041947211566,0.03712804294163851,0.19133458087179425,0.053171766987260276,0.4141245531494521,0.09535992506884515,0.09810527258096496,0.042834755980452145,0.03647068294747699
0.044637349203935285,0.04614817075117223,0.16257426254328775,0.08493635850740174,0.3542537340945496,0.08027938509739634,0.09946975429427617,0.05913975197476228,0.06856123353321868
0.0937032865035551,0.057019770376542885,0.11170658130945987,0.1563561218527226,0.2018567350297554,0.09599328283874493,0.11564545007727621,0.08218004015486279,0.0855387318570802
0.07235894389866596,0.09049457368612762,0.04332292758994901,0.13401359765794146,0.26182169384208703,0.09847371166603232,0.10433066425919102,0.07820772074120684,0.11697616665879874
0.12023868988248641,0.1669144678403187,0.08340295525698278,0.10900362785751239,0.03414080365773662,0.11699210610519006,0.1234488494156639,0.15423064328486183,0.09162785669924729
0.06100731098821446,0.05001267267838528,0.23790910913454874,0.09313086499999462,0.18862943077807817,0.08041008477499433,0.11116649734772836,0.08232317773709204,0.09541085156096397
0.048491107460366174,0.028177375232722485,0.18958116945099857,0.06839387169247828,0.33694900667562183,0.10560207073730475,0.10592253742279412,0.054065870919251434,0.06281699040846239
0.14636961780188604,0.1571166530417397,0.03609296787195896,0.12045823996477006,0.055604990333271626,0.1143087394215639,0.11397626030692692,0.1483394989422182,0.10773303231566461
0.04846095240600965,0.15271251942069755,0.3624924457302922,0.09487279658093627,0.031457431131520774,0.09881455214465225,0.10334269494360211,0.06234061162773089,0.04550599601455829
0.10736916389542145,0.1105752045678249,0.03803557119517305,0.1296510841290837,0.10881871138954796,0.10891476753477043,0.11058216929600778,0.13156227833774392,0.1544910496544268
0.07547233457934178,0.075894730271672,0.2432573143348217,0.11504617829242865,0.10039647947529014,0.0888852141450775,0.11800364989931883,0.09588556630948657,0.08715853269256284
0.046188669167400935,0.0827370816963408,0.048072300906966216,0.09280966706457879,0.3589553822818769,0.09023521864820667,0.09593747839127191,0.06635240627811308,0.1187117955652448
0.15530448322266385,0.05527097649500059,0.18595341139257107,0.13181795679347147,0.05660699590936539,0.11450186083503777,0.1389600275832785,0.10037165513499686,0.06121263263361453
0.05127501802741488,0.030189069057334775,0.3436163433323567,0.07608812374804909,0.19899299317777877,0.08234311625626965,0.10720219188939739,0.05941500809991144,0.05087813641148736
0.020332967712305697,0.009254245736361749,0.4786972582195628,0.02490828230379243,0.162730368335312,0.16806440699460734,0.0974682779614728,0.027682450868676028,0.01086174186790906
0.03977605233781118,0.03601529342095241,0.2915855319321636,0.07221591848198793,0.28796262508679477,0.07637685548752698,0.09556208370265439,0.05366109519323633,0.04684454435687241
0.0987507470322989,0.11378754336428289,0.10726494844218766,0.13727791187879912,0.1029013170641282,0.09629459944575357,0.11936550123433055,0.12039557122819378,0.1039618603100253
0.12634999453797938,0.025642863853249143,0.25542367510950675,0.10749133052820152,0.06708639112169235,0.11623445195772858,0.12548809406532777,0.09313851582150891,0.08314468300480565
0.048827494022797235,0.03828329531088707,0.367482857262101,0.07581535114587691,0.17592720830059816,0.07929617441251517,0.10780921928136024,0.05966284624187752,0.04689555402198659
0.09097620257115407,0.08308318963955984,0.08347390150709581,0.12908576207634895,0.15402978058789843,0.0914596160270935,0.11523064493889405,0.11347678960495479,0.13918411304700057
0.12954792361272321,0.2368246510606421,0.03897451793861692,0.14306106015147393,0.06990153981073845,0.10407511198532704,0.11415957758005686,0.10427963753021254,0.05917598033020901
0.07052712106777179,0.04516750382377446,0.38102233814513414,0.0952018590895335,0.05290291286072193,0.09181475139631363,0.12409725376738216,0.07871035540698286,0.060555904442385435
0.02423588202285365,0.017676198784076575,0.3215479831710072,0.030725525395314566,0.3437374308426117,0.11022956383937643,0.08686559398151368,0.035220183267325116,0.029761638695921123
0.10892751117604431,0.10125377402068199,0.052389502225469765,0.14171528152523283,0.1523556480611449,0.09824736186955219,0.11514615334019013,0.10361551923852808,0.12634924854315585
0.01761215476271084,0.00869964817282574,0.30444622718087977,0.03042070164643013,0.32102296154889215,0.18694847742108608,0.09958002795839054,0.019787755265359933,0.011482046043424851
0.04607599989732796,0.03934127352964969,0.2768600443135712,0.07514832140954099,0.2654376092740022,0.07773365847924367,0.10205815457957113,0.05991597910654654,0.0574289594105467
0.04762369869921812,0.030775775002142902,0.3175522687686971,0.07726438077444799,0.23437189920738732,0.080411168021062,0.10235046807062213,0.05799051510041794,0.05165982635600456
0.08127602270038005,0.07033604461843924,0.2688193125520227,0.12301205197421383,0.13965807653117412,0.08324989948353344,0.12819073600358302,0.06545181408683753,0.04000604204981605
0.16442744180153382,0.07958973113979971,0.03640709440855198,0.098363761233363,0.04742328043680847,0.1318230651227791,0.11164826260833548,0.17851185187349608,0.1518055113753323
0.040792529521339015,0.034110656795063546,0.19483265819924286,0.06725998139314282,0.3690700999326999,0.09028488561139354,0.10151444993492577,0.05120723412370861,0.05092750448848401
0.06612431287801623,0.036640810851404575,0.14142749925359527,0.10001167134141514,0.26447205370298016,0.09934496631152016,0.10794804399972487,0.07316890006145467,0.11086174159988894
0.023671380484149476,0.00928149497631304,0.4323359818534833,0.030691893985865498,0.21080176810966,0.13466611398244752,0.10746966653459149,0.03587073134430385,0.015210968729185823
0.021529540604205467,0.010418318879627353,0.44425360536256825,0.024891053271561717,0.217514469161978,0.1460412363305748,0.09134253304990532,0.02903629450935288,0.014972948830226216
0.10795517290130852,0.06284593464556386,0.10048059062073506,0.1629082657039377,0.20483549454826858,0.0993218678595043,0.11903726431886226,0.07376913459164341,0.06884627481017634
0.11722895728499082,0.10728334989163528,0.030970239361326802,0.1096619320820454,0.0738102464444028,0.11881177287078361,0.10775745271696298,0.15812737862988074,0.17634867071797142
0.1573902214099732,0.12016080170139838,0.06449127366092512,0.08985652963878459,0.02159434027400392,0.1671837507765944,0.12462558129050842,0.18651195224314177,0.06818554900467028
0.08651272130463013,0.05312834199064944,0.07855966984672524,0.12863416875181224,0.18076677255598952,0.11066421719289177,0.11197410445155365,0.10133872530015264,0.14842127860559534
0.10937884293824252,0.04481938549335745,0.20925510453391047,0.12632905956756083,0.13097010601714762,0.09601376846430527,0.13011714096770058,0.08114447199929543,0.07197212001847983
0.13930150306690622,0.20555574233143606,0.03159519632392366,0.11733793103969231,0.050301020382293386,0.11001245907322732,0.10952104570013001,0.13899623341549228,0.09737886866689882
0.07588602476206678,0.03555780084013588,0.15330921424585361,0.11508665806947364,0.25137035192989704,0.10199276329352726,0.11192299376666147,0.06906545756935624,0.08580873552302805
0.04244979301971911,0.03200947270318167,0.2590638945290598,0.07210157892603662,0.28948629923415853,0.08094815953163387,0.09634660429263193,0.059115772163019976,0.06847842560055839
0.07657171790368186,0.052176441029673996,0.2137168657877265,0.1282046341847645,0.16704203612274138,0.08576073478800518,0.11390208540094383,0.08270896829306852,0.07991651648939431
