0.08719831190219322,0.11887134991777161,0.11474157253651901,0.11967192616239704,0.11522388639399035,0.10398163466990513,0.097640444570491,0.09208213228624089,0.15058874156049176
0.10733330861779132,0.09628982913522664,0.11258016099959552,0.11624804183240896,0.1339939487490501,0.12192032043421097,0.0890116262267905,0.09506729626611143,0.12755546773881457
0.09384860257928633,0.15702404454733354,0.11098932015311187,0.11314798383702945,0.12177435526424318,0.10590890835830898,0.0868496240053175,0.10884279262698181,0.10161436862838724
0.13448190772471816,0.10605637354804966,0.1114991854050541,0.12954891976755584,0.09199364476128574,0.0968786084633344,0.18083062685699117,0.11479475911981801,0.03391597435319288
0.08377279364733636,0.12841469971104733,0.11050950107454234,0.1349588090716121,0.15385646103010006,0.1193955416557912,0.08001800963319636,0.0980898645355161,0.09098431964085808
0.08715640825589409,0.11189652375224995,0.09145289002801509,0.13795720302609463,0.1940786107430911,0.11476359462609002,0.06758144560262612,0.0906266215809584,0.1044867023849807
0.09510453361172143,0.22443409741435816,0.09318692302957514,0.08069843270518784,0.06270771369880095,0.0806523305774949,0.11855892733615496,0.21486438758680318,0.02979265403990346
0.07406177570045146,0.19575308693635587,0.08917158760877614,0.10052104469414297,0.08485384082228746,0.08713016810672158,0.0706802964987367,0.07151287112538357,0.22631532850714423
0.12961138760319482,0.09556162126250056,0.1005917933490707,0.12445028469736803,0.13949736430504361,0.0981883914181601,0.1076435834763631,0.09096648598043115,0.1134890879078679
0.11073155050199839,0.08987901348560229,0.11005851939329131,0.12436285143146004,0.13288180050599577,0.11049836918820322,0.10778235634417593,0.08909920806629873,0.12470633108297419
0.1565060779983093,0.13049250818746613,0.11928762730492638,0.09683460171922516,0.11089494446465654,0.1141786880258873,0.08366031269416059,0.12292626157839252,0.06521897802697606
0.10258164531212793,0.14110048768749958,0.09798808312599083,0.0990896257433541,0.09236635312257391,0.08897949572342072,0.09445231284821741,0.08113473573847539,0.20230726069834012
0.10576557358928936,0.1890894209356451,0.11818620607034519,0.09319734834760322,0.08353327758500823,0.08838052358085217,0.11845688277120191,0.1448093833306714,0.058581383789383414
0.12333853553619074,0.08332488262647723,0.09571947808247848,0.12737654642104576,0.1548606352896413,0.10331499728744793,0.09604835744142255,0.09218427401504758,0.12383229330024852
0.09954396936940797,0.2128557429522083,0.09193568073780739,0.11720738914226975,0.09951832045120117,0.09774783098254448,0.08734294021566351,0.0934462060363257,0.10040192011257178
0.12871243543895786,0.1838049820196036,0.1317293186372722,0.08339019737470887,0.0668028768063677,0.08348687227002995,0.10005416290317454,0.1894048658645001,0.03261428868538526
0.10711315204925372,0.15546147839501057,0.11015510049929629,0.09697777315560412,0.10183314367096778,0.10031853947518114,0.09607715051815441,0.11193544925355431,0.12012821298297767
0.114746668477685,0.09521707394824665,0.12572301418162904,0.12238844714119172,0.1256369223443696,0.12273844266378774,0.11567598237036147,0.10057376126881361,0.07729968760391524
0.08352540879033338,0.17089887142704926,0.1161123015654139,0.0897176824147392,0.07868150080881504,0.08391730460690518,0.11846696447676403,0.11721314078689364,0.14146682512308642
0.08349455133269719,0.11197827179086027,0.09713586726383346,0.12083688788752667,0.13134756500259703,0.10135432158303607,0.07443304580318152,0.07885324019880495,0.20056624913746288
0.08908697715997883,0.08946754626584578,0.07476824825666704,0.14338765560890512,0.1469207595115831,0.08557089087167118,0.08457323099058954,0.08255288727160404,0.20367180406315533
0.12933160315077627,0.09281332937389623,0.1208570261245926,0.11924197872118658,0.13683268918316,0.1263134973341017,0.100738322680109,0.1035322567232738,0.07033929670890393
0.05548622149461272,0.28089676838101996,0.07083169750316413,0.08815606505815664,0.04667367390856753,0.08398100859639052,0.05949495746250059,0.06560897185252727,0.24887063574306056
0.09124892191646154,0.153654894151068,0.1013657876986039,0.11229899624702577,0.11588741848417616,0.10038899546159141,0.0826275855153646,0.09058283437829955,0.15194456614740895
0.08581815708359646,0.1874209582845051,0.11503631187994483,0.11929616865326594,0.1266737613377085,0.09910261096426926,0.08276850128018058,0.13927624300104005,0.04460728751548926
0.09736253311740546,0.19067811495264383,0.11862987960705401,0.09827221661187467,0.0782392946753423,0.08680368837643099,0.1356040093907835,0.13710045239085902,0.0573098108776063
0.1278631361214914,0.12508293800310194,0.12624641775211695,0.10759692375841574,0.12261538227820235,0.11227231883081927,0.09477606053006964,0.12527288652821875,0.05827393619756394
0.15496326351467404,0.07521006462391622,0.07144839874753389,0.11033092933825443,0.1203272279338413,0.08320779202582011,0.08136945511705589,0.08859500954575401,0.21454785915315
0.11646807139904714,0.10652781463002897,0.13493132253945717,0.11888332832664843,0.1017467976235585,0.1352544462860161,0.12589007873897237,0.11243114417122375,0.047866996285047564
0.0929939262064758,0.11271104515489482,0.11020721506110588,0.1348374897477123,0.1620429741304158,0.1279066237681144,0.08379634560268316,0.0967415634813895,0.07876281684720828
0.10807164907449385,0.11159572564401099,0.12323693792299743,0.13032707624155251,0.1185911510183828,0.10429771828715091,0.154873646549299,0.10133847993107122,0.04766761533104134
0.18229293160569207,0.06048695471231893,0.05636679029177074,0.09061388262749627,0.0654337436096132,0.06901097437629701,0.13851842454450788,0.1185067723979562,0.2187695258343476
0.12365853216187832,0.11946587685903988,0.11813014432694746,0.1107400467568943,0.13446674396830352,0.115854218486938,0.08769129999228768,0.11345314256275689,0.07653999488495394
0.0663346209136159,0.15870524188369398,0.0913656323043341,0.13480139134025806,0.1786941345457369,0.11596656953227062,0.055052949361448646,0.0929811742651669,0.10609828585347493
0.07127899368401851,0.140865000410933,0.10572217090811581,0.14611106947036875,0.15153257981083146,0.10568433773590909,0.07893651398094666,0.08414098793539337,0.11572834606348333
0.0727525380947074,0.2661655394069876,0.08738086281765488,0.08877471460495563,0.08241319164078786,0.09009239484770265,0.0766529379641294,0.12762195292987455,0.1081458676931999
0.07497046354166977,0.1004355869330645,0.07902236343537807,0.11915541550738201,0.1427783385593585,0.08969771184281385,0.05485612764283687,0.06989766382743347,0.2691863287100629
0.11385886431410656,0.10088368986660882,0.11341947775432382,0.12331439871096511,0.13374768093147457,0.10851760000051232,0.10777011015669169,0.09406738553515966,0.10442079273015749
0.11802933041888164,0.07789964155506464,0.10933838219387672,0.11628398546993353,0.11280706844715156,0.10198842136894314,0.12795982961923533,0.08639757950840042,0.14929576141851303
0.09704681623397944,0.12527901532543467,0.13835968415106678,0.12438016431712434,0.10021324397816594,0.11250759040671292,0.1313261905914887,0.12409524442495408,0.046792050571073135
0.09063026579024831,0.1120474246628458,0.10157792210927863,0.1417297435861259,0.1538218317877589,0.10587290527715815,0.09779023852106601,0.08554760825691517,0.11098206000860313
0.08916417634597353,0.13564450581061993,0.09395841881088544,0.10296739832511152,0.10616526702982094,0.09398114640580595,0.07751318046901769,0.08005359482073539,0.22055231198202963
0.10738451326666254,0.13496931596716913,0.11053919712670786,0.08946041965565969,0.08961364104030589,0.0936595107779512,0.11086355406102816,0.1050327697073505,0.1584770783971651
0.09616737892465745,0.17794582481984644,0.12658534917989356,0.11408938298421449,0.09982828022721058,0.09651305158878724,0.08645019741776573,0.1557980749456493,0.04662245991197514
0.09434021743295867,0.12953087800735344,0.10383851648449242,0.12246010215233182,0.16060723189382903,0.12004048272695807,0.07022533833500384,0.10129765892015956,0.09765957404691317
0.09936277998235005,0.14926258067565354,0.10239792196849119,0.11506580567989144,0.12379113180900897,0.10274511972040333,0.08445599729172319,0.09496204435539131,0.12795661851708695
0.10338468499375388,0.1722588080005402,0.11445753325906989,0.11165624772977435,0.1335143652829026,0.10163069304269141,0.0833429652120959,0.13692858099172803,0.04282612148744366
0.11327976439903233,0.09939909862783979,0.08562060250504283,0.12406831908611493,0.17526480933901167,0.10171775751345313,0.0686176415541126,0.09050691754215988,0.14152508943323286
0.06379952100672115,0.2617112779528628,0.10059978172216526,0.12517539630875016,0.1117540279257423,0.09055613229457149,0.07424921411837011,0.13037278471058297,0.04178186396023372
0.12650109538169496,0.11595950339275603,0.10659808139314958,0.12437964173777999,0.10645048209029294,0.09160699056308748,0.1413237248316528,0.08644033456411704,0.10074014604546903
0.11054508694483434,0.09003379867642146,0.11971114463018144,0.1190521196365612,0.12372771698299784,0.1193310776903801,0.10882853994225133,0.09467317442584627,0.11409734107052598
0.12244594698798723,0.07995043997906683,0.10762335105102598,0.10749906026200085,0.12142089336540746,0.11117951691696444,0.09786069378274372,0.08943122872884506,0.1625888689259584
0.07461744670589826,0.18568492619590513,0.07811314690553568,0.12174316230578623,0.1730306012633593,0.10387095712982485,0.05326606156861846,0.0906844273078457,0.11898927061722638
0.1357589307098437,0.10292760124228938,0.13887100342221756,0.10578199697770001,0.10201546898241731,0.11278046744753185,0.12075083248935925,0.12627070034146615,0.054842998387174685
0.08400638390465454,0.13087727168753785,0.11259554789577679,0.1378650975225861,0.15587262824984546,0.124021111918753,0.08148639516135606,0.1021197051957609,0.07115585846372924
0.11447113955153132,0.07410393174665741,0.06123641236458194,0.13208119389055267,0.08682383503797186,0.07913748037957077,0.11799071496665263,0.08999559762752836,0.24415969443495297
0.12331302862351734,0.11893447317432075,0.144838892957619,0.1033591777719964,0.08647930561668926,0.09336839261974395,0.15114074277889492,0.15249657971653238,0.026069406740686096
0.1329609583798048,0.08820044906864126,0.11701627268598498,0.11082799417703042,0.12982701711937175,0.1370982896502223,0.0868966684674914,0.10042968151989988,0.09674266893155324
0.0827980052882541,0.255133332309632,0.08977053599368119,0.10799688413911925,0.10265343769233322,0.09685284118827737,0.07714935241548038,0.1283272631103627,0.05931834786285986
0.1629236792765079,0.10256479479366304,0.08826129043699893,0.09699355200197375,0.06615455799594296,0.09866995630603859,0.17067314212583887,0.12335718714673466,0.0904018399163013
0.13775052396095455,0.0821412964896303,0.11271445414044307,0.10468846007334343,0.11570518509991107,0.10757020588800659,0.10652034928973764,0.09495854368044626,0.13795098137752712
0.12681687023670005,0.14231204892080598,0.13681016077238717,0.10269528145616917,0.07669473486404241,0.11269917944526686,0.12710681573125363,0.14930513965111838,0.02555976892225641
0.11713770746560298,0.16901839815643235,0.11373690497732486,0.1113033488202644,0.12001579252145782,0.09326667107835641,0.10556310509541411,0.13830536502181806,0.031652706863328994
0.10669882856021053,0.08807639922899767,0.09721529837980593,0.12677813542395802,0.15322360476102848,0.10870325093504835,0.08558977835730135,0.08645966061972692,0.14725504373392279
0.09992411239723421,0.13199800669254655,0.08247840898584942,0.10710220678307782,0.1728209922761691,0.12065818325555318,0.053597903019435074,0.09346154719519224,0.13795863939494232
0.07666497892360928,0.27206513649166125,0.07748329250221651,0.10605834004274554,0.1371656891083828,0.08969722471274899,0.050636351640696714,0.14802923015012656,0.04219975642781251
0.0868965371226736,0.12022335695332752,0.11349391598415393,0.1371340527720053,0.15204470691312286,0.1263420934063407,0.0859491736548879,0.09777026115470566,0.0801459020387826
0.12047475323706118,0.09900293523216826,0.13182809595768252,0.1143005708792767,0.10827484021579065,0.10690364425300092,0.13587536312258722,0.10819930370541225,0.07514049339702031
0.10597040872303387,0.14984311151917815,0.13305467590104983,0.1041642270235455,0.09207047280590702,0.09223338583028555,0.12833270085898899,0.14729802289578056,0.04703299444223056
0.11917248401690911,0.0952176789292833,0.12210527368479078,0.1176862188300639,0.11685154235863877,0.1548859001681728,0.09433838266663341,0.10159019103956433,0.07815232830594356
0.16423678754444643,0.07773873668882385,0.09666853260111398,0.1222122788165504,0.11717147513122132,0.09493785860193914,0.13577338802400554,0.10769224554403523,0.08356869704786414
0.08192197272111668,0.2632441463555439,0.08368705071877096,0.10087784975804799,0.10678628524445395,0.09582977800763103,0.0657994383398352,0.13906335071994405,0.06279012813465616
0.11729828245491393,0.11249386996959354,0.13702420821103187,0.11045691300784927,0.09953799231878836,0.1247310564157919,0.10513201498871545,0.12742495354047545,0.06590070909284011
0.10504572515289691,0.10546706160339268,0.12900672746245598,0.12126326218608675,0.11193450956225999,0.10912863493622997,0.12917293118529488,0.1035562306617701,0.08542491724961275
0.10352271690258615,0.12544509765482245,0.12452159874516211,0.12050998203429825,0.11862761401370582,0.10574518911873855,0.11457133809401188,0.11001797310709722,0.07703849032957753
0.06179225775897821,0.31693384212602627,0.08661576449548557,0.1251321161389112,0.05659825715393058,0.09698689072574174,0.07229631847667435,0.07559706681746138,0.10804748630679069
0.07639254347691478,0.16892699570766057,0.09759666689603792,0.11462314456805069,0.10967764061064524,0.09509309450623976,0.07267328429990184,0.07901293347278569,0.1860036964617635
0.09846060735246731,0.16763857148579764,0.12917350455212115,0.10837459691069307,0.09922452306458479,0.09098644358233497,0.11304750729735454,0.16264726097900775,0.030446984775638775
0.11510563653253325,0.09467710753796095,0.13593890432099537,0.1157010558965732,0.09012568377646497,0.1265345593482394,0.154570060534028,0.1076465818835937,0.05970041016961117
0.11780245294739179,0.10314605922371041,0.13207167667592798,0.10964671153587524,0.10770854184603117,0.1132538696003758,0.11667511482012073,0.1148211723516077,0.0848744009989592
0.12065153710491634,0.10494151628584493,0.09677103716831252,0.12178266903146263,0.12595779993272635,0.09412068181280382,0.09993868142379825,0.0832378690617888,0.15259820817834638
0.096604528396857,0.1276485304749993,0.12422598772856143,0.13096151728485536,0.13397116852425103,0.11473674975542243,0.11500899332291342,0.11263226087456861,0.04421026363757144
0.10994094534943483,0.09014916083321772,0.09502271325483391,0.11636031574736534,0.12884868497158233,0.09711076647794305,0.08807932423610047,0.08089626599950896,0.19359182313001336
0.08023710017103104,0.20525525397560984,0.12105416638531824,0.11169898261566368,0.09267957139134038,0.09051929082273337,0.10303709972319558,0.1428907413757149,0.052627793539392904
0.17091847638882873,0.10117536693542767,0.08608192852298657,0.10886126319233436,0.12428817859281079,0.09036505069567698,0.08699592843560457,0.09708345972795517,0.13423034750837515
0.08873604432736688,0.1573531805741689,0.10433213818938132,0.12296148103431569,0.12472102917729185,0.10118995728097724,0.08383795295936186,0.09029884731188688,0.12656936914524938
0.10683332053774718,0.12921558293441593,0.12598448700178924,0.12153150008919067,0.1322870916843779,0.10940129404402262,0.10848174008433993,0.12270615196526317,0.043558831658853304
0.12503504570130972,0.10027371801372646,0.12956902085107305,0.116045196620017,0.10981458382453346,0.10274456482443672,0.1431579337101361,0.10666101135176935,0.06669892510299828
0.10650134056628748,0.09680235695553362,0.10410312155596896,0.12618070420257002,0.157868924364947,0.11766440846501051,0.08352920049851202,0.09167338741920948,0.11567655597196093
0.11981585081922781,0.07951563917188215,0.11838670139553246,0.11813087526063258,0.11737345425313912,0.12096830691793299,0.12022703526725327,0.09363755079378722,0.11194458612061238
0.19018644933993026,0.08540895314540416,0.08922100144673824,0.10233698921273382,0.07797667281110367,0.09431866396691362,0.13819893953392234,0.11553218612762461,0.10682014441562926
0.0834701213740991,0.2482278145623699,0.10114384609643264,0.08206293198012124,0.06821301887106206,0.0815887634200826,0.10833514349623297,0.1751452382366461,0.05181312196295345
