0.05272586282061923,0.12721149805571727,0.013012410464750318,0.02700853123745003,0.09894744905249508,0.44317095702714204,0.019054983551612652,0.12854676623675657,0.09032154155345684
0.02393659971940443,0.022462984839580577,0.06962604058866043,0.15384148322135427,0.4845234560705138,0.08573138010908792,0.03399213496743473,0.054202898339405385,0.07168302214455849
0.09782112228977465,0.08283255840235328,0.02652743252606649,0.09135668711082777,0.12469566323941672,0.05237654672604148,0.342429249162232,0.08643047747515546,0.09553026306813217
0.02526826937570029,0.059146069459242195,0.011468233242079769,0.025806713795875527,0.0324033208232244,0.2433207165384463,0.5415147864150401,0.004857796549760401,0.05621409380063091
0.017753936406535772,0.10418424996423636,0.037221739667712556,0.05497690234393984,0.035580629407822986,0.04481825432264037,0.0920327890253637,0.05926556946542625,0.5541659293963223
0.04051997013461695,0.1296531970521327,0.07154780488976341,0.11224117567212559,0.07402857638678183,0.1451867951836373,0.06586679428749388,0.20960332572828536,0.15135236066516294
0.04740369764265614,0.13136591473564949,0.0310377918908247,0.09197694263194815,0.033267041899551035,0.21182267070588426,0.004654699820946371,0.21761207667949378,0.2308591639930462
0.06856663337754204,0.02089500778207524,0.027265816195142917,0.34830625664608766,0.11956154545394578,0.024588019335566594,0.32697758938701976,0.034060091950322176,0.02977903987229784
0.03841154108047686,0.054568020599913274,0.10260533978124964,0.11653319740533151,0.09896763054020787,0.14522297291947203,0.2727325337199611,0.08982805415642513,0.08113070979696267
0.013950777948376339,0.06896167476753608,0.01597339122019512,0.013509251078702844,0.05138517314516202,0.5418022238685377,0.10171508172108017,0.10600491777210791,0.08669750847830175
0.07796493608882236,0.016479885873201847,0.023691462191739746,0.5647528771326537,0.16964240468279915,0.06649595517815578,0.04630628913546597,0.011439465900121723,0.023226723817039687
0.08791023293033647,0.013360396523064243,0.03454183424517727,0.49236224654212496,0.0898945664320389,0.1477291975345076,0.039031959507407274,0.06394689929740864,0.03122266698793463
0.06389743109170087,0.28854187944123527,0.05766733343167966,0.013425735511130077,0.014866161240694861,0.020407396615682596,0.04108687598361029,0.2922804837820445,0.20782670290222183
0.16516157481482746,0.042281128334839886,0.13299983979676971,0.033049563554648706,0.16986587856225976,0.17531262199001685,0.16465156198675454,0.048387424130382196,0.06829040682950094
0.023257458550685384,0.04093527492209717,0.025204724922445385,0.06888701152279388,0.2996184019471415,0.05906340987044147,0.2601028169328787,0.12960341891443306,0.09332748241708332
0.10273196295600022,0.03389890746450781,0.03972630111899169,0.4675964664730268,0.06246291742456784,0.11565411283495981,0.14651275229726576,0.014624959134795584,0.016791620295884546
0.008362444919389696,0.45513516121720615,0.037947132608933995,0.01998164044678556,0.04218925123322173,0.29365600165067657,0.04503027868912987,0.05884443933001882,0.03885364990463764
0.15000970278575107,0.12811978039871932,0.23014207749747975,0.031528317138655726,0.057611263992601365,0.023694040644790946,0.11202817801398528,0.1271536516039721,0.13971298792404444
0.21693586272928855,0.0838898023769115,0.09875664518393974,0.07563907576009597,0.13614655038822396,0.09958451240141859,0.03624909399458103,0.1513915734588621,0.10140688370667854
0.2619000206259492,0.017155412455738428,0.03642607169294477,0.03613839473232857,0.09575766637779193,0.19820857657481303,0.043778411853692384,0.2369882671630034,0.07364717852373827
0.47825381209881673,0.0034330895503089883,0.05506775327436206,0.03036723773650882,0.18066806467253704,0.06615324788450251,0.11944076143267145,0.049687559274969074,0.016928474075323226
0.002674200913668356,0.07406660030742943,0.029145697329260024,0.052686260070593384,0.033178059317406534,0.07587048524479677,0.5518196100489979,0.09254123144651366,0.08801785532133392
0.007816922973156113,0.2777446964131954,0.07136408848276839,0.09782357923252864,0.2931816124169388,0.0375393022690048,0.12287754634608772,0.01630618251559526,0.07534606935072491
0.008356232506270874,0.015665511282733264,0.003980182665878423,0.12267272816870091,0.47543314884127547,0.08404602459203009,0.24968564545222693,0.006530585719746068,0.03362994077113792
0.03424430480067798,0.002881329272264543,0.017572009691187124,0.14347514773774495,0.08273010721195846,0.08429985123717985,0.49097360333025913,0.08893474335362071,0.054888903365107246
0.15924035562821404,0.09672808848594235,0.22225720609527833,0.16870468800915192,0.017578550667823146,0.006551290176813881,0.028071855978380494,0.09621569018762106,0.20465227477077474
0.02798878807362411,0.060860163305586114,0.025522401053447524,0.041623432353982366,0.03632908043254666,0.22219596956975574,0.5175930523987137,0.015620016427842368,0.05226709638450148
0.03416790435205504,0.12603585882123602,0.03528025775360368,0.3694448050457211,0.2540716537731699,0.04053817018639667,0.04124005817010159,0.04765989014490215,0.051561401752813874
0.08911822127357151,0.017770712459605542,0.08004854781909419,0.2604062508886063,0.3355601412696447,0.06817778544758285,0.017456827553571877,0.09155066940734213,0.0399108438809808
0.241250329537552,0.1327048905975427,0.05786506140784014,0.0988821718296067,0.03126639466710531,0.06634050173702408,0.05632873238043017,0.18213272738149291,0.133229190461406
0.01889539087713697,0.1747704101624569,0.08012752358153012,0.23632705715159086,0.02776366426289349,0.2634718079009167,0.05578760424714224,0.10048088552307392,0.04237565629325884
0.15855563374867995,0.13245450901734798,0.02986548686243598,0.11572242200197481,0.2298457783089073,0.07194052868789057,0.17548271605018487,0.03571004964829758,0.05042287567428092
0.3851051969198505,0.019794375112651225,0.13286044621213708,0.019254517948438642,0.07995485730675442,0.07740163041581384,0.05247448629259505,0.08982137556691316,0.14333311422484607
0.1434922123266148,0.06501725375624202,0.24723732451844482,0.09021380019822801,0.10717258374603689,0.03322113888458083,0.03482166508374244,0.1517288607428741,0.1270951607432361
0.008259369777538305,0.5034696488122917,0.24585170049203264,0.019024537747989234,0.05870413198603177,0.026385642500209205,0.03806568800130232,0.06737161666877813,0.032867664013826736
0.13244425727877965,0.09228897267864727,0.06774731859166269,0.08833386667628805,0.023868811166236275,0.028854043145878343,0.07503938870022513,0.062019887542534145,0.42940345421974846
0.05151473274415597,0.15767630650826883,0.11551938297672865,0.2032853017267446,0.17853395113699233,0.12870810243052216,0.044917656920028436,0.04680084753113195,0.07304371802542714
0.16934154731337134,0.0843296293834727,0.17413700378371444,0.08187810654996995,0.04377595586503983,0.03664003532529601,0.023126132101075243,0.2985949064477943,0.08817668323026628
0.08749382967769283,0.08145391248656735,0.08173052843231318,0.10256151019520086,0.15507690955349343,0.2365554983867313,0.18378859293799887,0.02002580230285504,0.051313416027147146
0.37280438734656496,0.043146222873942076,0.13748683792846594,0.0981809440003019,0.05616191415145804,0.08107332061624976,0.060065323253605925,0.036781271434576886,0.11429977839483453
0.5712392057188755,0.0083027587128909,0.03338634612161868,0.029564563362692295,0.03982804442252567,0.11157429080504293,0.0379308008995664,0.09845162762696742,0.06972236232982028
0.11866154902964371,0.028958129360224474,0.5450246491070675,0.0642408521805571,0.021211966294065354,0.02990240655720766,0.07790568236746598,0.05168951610301701,0.06240524900075126
0.06995272385581268,0.007515523566104365,0.02067271465563224,0.03383913329891025,0.1276558375657548,0.042667643869106764,0.5319528276923687,0.07945404050861117,0.08628955498769901
0.050786571910187095,0.005614925649093804,0.009713121897779842,0.18979291411613627,0.05449818907212892,0.054236729333834464,0.553058338313069,0.015464643843340356,0.06683456586443011
0.08986159222557732,0.1501829877561099,0.08375027390548827,0.08187557006657718,0.14707849778900015,0.07491124452304175,0.21002015820423994,0.12304985556298238,0.03926981996698314
0.2794512496483939,0.07321764363123895,0.24464507260136134,0.030786776963396458,0.06166878073573031,0.009556406346090889,0.017592179148669992,0.12241228151304556,0.16066960941207256
0.10663465835525243,0.20377910334046664,0.03991777417434169,0.03955300351677587,0.21502733319180253,0.08125952281592576,0.09483768700580848,0.036959902775077665,0.18203101482454898
0.028888004959827473,0.4303174151374956,0.22390035725745805,0.025583299893494654,0.010603303491525619,0.032376116188144906,0.04493788323516814,0.10107652621389053,0.10231709362299497
0.29397803494523145,0.0747320544062513,0.10219185201013788,0.03462677098114978,0.09158807616701414,0.05945923124504029,0.09654615064030385,0.16320391599294867,0.08367391361192267
0.07478353785297236,0.2845165792905867,0.1462646238575213,0.048496974667826494,0.028532883505461282,0.06648147483396132,0.02253533134224592,0.10542313640385191,0.22296545824557268
0.316786155574362,0.015044040205727695,0.01741911602735041,0.3708633115291793,0.07052837312756023,0.1076333343548307,0.02437698252385916,0.032871282872429776,0.04447740378470069
0.12107250790284257,0.008201954484122883,0.03270263737111021,0.5586678906977901,0.05490735083687173,0.05715198981072042,0.10499131669108963,0.022073761106001972,0.04023059109945052
0.04236216685001892,0.04157450261147388,0.07093539844287572,0.024620130031594984,0.022873202549549276,0.05890333909201647,0.02197807299411624,0.1660747747178717,0.5506784127104828
0.0725805782833066,0.03178225120016961,0.025774954865394672,0.06392809990042501,0.014406089043934936,0.08381070644319266,0.6416541203428071,0.03889967039421269,0.02716352952655665
0.5997465738416125,0.0673822204893586,0.04007439390539387,0.019316063415277755,0.12252136469168277,0.020921703952103732,0.009965576219894759,0.03627774002087685,0.08379436346379932
0.038555393536430095,0.09471574906866642,0.018680168891931193,0.03123640273158043,0.10046942552084209,0.49038896587633557,0.011679986872314035,0.11689709464331928,0.09737681285858091
0.3242626251440808,0.021379614068724646,0.32346503094180307,0.03007112604907312,0.014482704367559824,0.009602841101166201,0.04722555209113407,0.06955731317010094,0.15995319306635727
0.05857191060285599,0.001805025613243798,0.0049606283688078375,0.13241001513695758,0.05076926235044249,0.03293931847447166,0.5637464190931972,0.02857959228088146,0.12621782807914192
0.0056271645927513615,0.060950610910222726,0.03226343735015449,0.22414765305230097,0.47389290240694515,0.03721916108246607,0.05252375243944255,0.05697229599330459,0.056403022172412165
0.5542540101352273,0.030976454703872378,0.11888854833912643,0.06174034990759795,0.0904170212164906,0.018836766362554592,0.06502096440389003,0.01627319131284768,0.043592693618392964
0.2655252035985238,0.05710665905144565,0.06853275735796947,0.07886947318609992,0.07907680943277785,0.1338225333102546,0.09999551228015036,0.10566002025053096,0.11141103153224745
0.1085017442780271,0.008473564859859627,0.011953263093605388,0.09695974286309,0.09210529259765139,0.1140868990878065,0.48130152596036574,0.05380101538956139,0.032816951870032786
0.016279638388098736,0.2114658270047062,0.03310581071878491,0.042985126954080015,0.03276786233897453,0.410898816638188,0.09840424447416107,0.09403302628154903,0.06005964720145749
0.3230998690280554,0.07017795061877048,0.07241430845374229,0.05300530154460093,0.04969815152404645,0.18358371061235937,0.1010663564261949,0.07364735617384867,0.07330699561838153
0.026069978540221552,0.22657866159267367,0.005541934307863283,0.020674295723049574,0.012751113555292922,0.49712248880473076,0.02084642895668802,0.1225245866570895,0.06789051186239077
0.06255904116949901,0.037945243862044585,0.04681782368135329,0.0367896660409247,0.05206477374083599,0.36781808015770423,0.061776761549850345,0.16923398357398914,0.16499462622379873
0.04057529845207752,0.032306025760720204,0.08627821349049708,0.16467029708536865,0.0856298728908854,0.16491782375519995,0.037054930228527586,0.056871563753322085,0.3316959745834015
0.6348858986618166,0.09345596302748303,0.02640749068784091,0.04154240129094225,0.056765029201775036,0.015565639961265698,0.004570601513391305,0.07137915695202797,0.0554278187034573
0.25042201420886767,0.08673588608925493,0.1301239337980259,0.0467953466020156,0.04055049536595918,0.022879599978399338,0.06610171702058674,0.1667621819782339,0.1896288249586567
0.05722741116800145,0.02555952761490876,0.017730106106689538,0.5680125164959436,0.1514144248222819,0.04701020708643972,0.05900708777316745,0.04087221333699329,0.033166505595574325
0.04137154810125435,0.2799378306489438,0.2378293265890179,0.09580025797000025,0.0222314743585789,0.08585375298789251,0.05083735631848211,0.08787606163221469,0.09826239139361548
0.02514439048907326,0.14521140116802386,0.10828769058487002,0.024759313038426697,0.00921662788304999,0.018761688210923902,0.0784479491629509,0.08722455976176922,0.5029463797009122
0.04366898791764198,0.10830567341238767,0.019610114353449434,0.013774942919505163,0.02817203174819909,0.08828870288462741,0.5143652181562454,0.06028371932500182,0.12353060928294207
0.04630666091386696,0.26063760653422746,0.10362582889172216,0.014064293287057114,0.05267786973658654,0.18430555397261583,0.07931189815178484,0.13059395888582603,0.12847632962631303
0.01248789360708695,0.07725283037129,0.012250945051031059,0.024676878884280024,0.045652271415962085,0.5862244518801168,0.0812343505081302,0.09547222612437045,0.06474815215773246
0.11677827997504052,0.3209266503945029,0.08194944105875022,0.05827194095470117,0.10005758796186393,0.08858456887520656,0.08764869672026811,0.03938519740786268,0.10639763665180389
0.05044010247933895,0.09355903641504504,0.13275784535383128,0.06357019872832897,0.025965668372262423,0.01910118714634827,0.028986535445921956,0.497305921240524,0.08831350481839907
0.12623749858441044,0.023840532892507992,0.008423584622642184,0.10377371404560949,0.49798881151877533,0.03987902206832509,0.03513707464497739,0.03345519558834075,0.1312645660344114
0.17619610963185195,0.15115558543393814,0.2806876815022033,0.06149942075121773,0.08406745633281687,0.031577466355077,0.12841775864014285,0.03996652294034564,0.0464319984124065
0.02105793130472512,0.2874371548445251,0.028759013711813747,0.04392061273000148,0.11555517478782888,0.24077923181937658,0.030033358660575604,0.14267026138718708,0.08978726075396633
0.017602079721750694,0.2532895731131035,0.13297698690973722,0.12394099854595854,0.06772755879065397,0.18262437763213446,0.056172218323326806,0.04579772668257063,0.11986848028076415
0.07660959880762634,0.14551318630225296,0.04154389581314059,0.04767911955617021,0.2860584462112816,0.26575620513408826,0.06509094719621335,0.05203683913376789,0.019711761845458833
0.328141391909838,0.018092730348575156,0.004050226818018382,0.033529141859736065,0.11346565491587425,0.02997050434008956,0.4353405260090572,0.02118667082884212,0.01622315296996917
0.05473825772619714,0.047827859775024885,0.0161647234742711,0.09904025799254523,0.08858166191737547,0.13693926863451047,0.3643322188456233,0.13243125323249363,0.05994449840195881
0.4483444860159646,0.021873409878105574,0.27244280008024785,0.042814836482551855,0.0370546677122909,0.023819302888058846,0.0632938576977193,0.05028059130835636,0.040076047936704697
0.5095697134072098,0.056408286847274246,0.23295789171163575,0.02368238705233708,0.0090360850821946,0.015851020669317758,0.025301037078579138,0.07314669883936058,0.054046879312091144
0.09809438443096641,0.013002385313144385,0.01770915574471082,0.1746241942784794,0.43347966907283286,0.021268997243824677,0.2111107819071764,0.007122222332185363,0.02358820967667975
0.06576991064349781,0.015395765082173288,0.05301806755061415,0.4348078429091775,0.07946431981653505,0.20161021671606996,0.0062406808834021416,0.08954340450707284,0.054149791891457265
0.18981777018024024,0.035553104400746,0.06180539398612503,0.11787949540523683,0.13620606642996755,0.13777105552029958,0.2761646012753787,0.010875537902533358,0.033926974899472724
0.028787504856474234,0.024637855448817025,0.03141334147975248,0.020759276537423765,0.07156862340392621,0.20532678882022004,0.4097439391388377,0.09477247772792798,0.11299019258662062
0.21291384651555909,0.006233469646582644,0.028411710233075774,0.3767848554972279,0.19978404457333787,0.06717885867685679,0.02528482480419114,0.034957068274755546,0.04845132177841325
0.05525646974909248,0.059125414325835186,0.025846946203422844,0.5713890915851677,0.08740345455978094,0.01322532380686539,0.14375965781016756,0.024369802922892796,0.019623839036775035
0.34935617438057726,0.021773119090404202,0.04392459024241845,0.09840495111116587,0.04217688276787938,0.07455288492970552,0.3114640940081668,0.0074039974614594885,0.050943306008223
0.03621580177226949,0.23572669838595908,0.050430185707003826,0.09738041905662735,0.16478053165051335,0.2574801632090358,0.014170686361751034,0.06522584313496581,0.07858967072187428
0.05258863242915409,0.09796581972003682,0.0180171467888901,0.011116630785433878,0.3969724145222375,0.1629975274923207,0.005479273843300184,0.20532937240413754,0.04953318201448914
0.0845946694074242,0.06254726433442963,0.12072420265141166,0.382075801533943,0.08307383515175545,0.08231643107758649,0.07804209221216059,0.05446938118890091,0.05215632244238797
0.16472233489972324,0.12562793420227947,0.1847743493331964,0.06168972192334079,0.16343624164209752,0.12675128570806846,0.04933341482132541,0.04464463958990683,0.07902007788006193
0.06272269292652435,0.3781273360661899,0.01948601659311711,0.08328704151906269,0.10693084655773864,0.1343906816224942,0.056605774228197486,0.026408603767274445,0.13204100671940114
0.02029423969747632,0.11468042371652935,0.016400872146371467,0.07521682644275078,0.14293572922298226,0.37112548970299114,0.148864216624941,0.05402304822079402,0.05645915422516375
0.21588944313886815,0.029774956946178977,0.022922431429364648,0.1312724084340675,0.08978924168857667,0.029307909037688304,0.3910460325674914,0.01929459033591289,0.07070298642185145
0.13288575828821128,0.01626920855040347,0.016796903017661294,0.027283868112704054,0.0681603959172149,0.08630664219911698,0.5540799348681408,0.043450855286410885,0.054766433760136395
0.088479664750025,0.020775185533257964,0.027670636046186928,0.04034143844971721,0.5526720094867857,0.0286869720431261,0.1890951527621291,0.017896820697322666,0.03438212023144934
0.1697183147273789,0.02870248462617596,0.2667856728376801,0.0582057866103828,0.07220318501782312,0.04013870534409789,0.011692820518452057,0.21129128861214277,0.1412617417058664
0.10514660166949207,0.1594367992174517,0.2014765106440181,0.05179439539683392,0.0495341828847187,0.11277385134233854,0.06368667326198557,0.16717715844941658,0.08897382713374478
0.05143255482755651,0.05327340362264007,0.09388076895288251,0.07404715170271296,0.031571782064766234,0.0550214738937086,0.07425483677037521,0.08209774225414865,0.4844202859112093
0.6261795025254573,0.009003435266370563,0.07808036295065995,0.10078209139914146,0.020203398539948177,0.06491519395632964,0.05065501669847473,0.02660489818532442,0.023576100478293723
0.23967316800081387,0.01195619353565922,0.03878569547681399,0.1598757293151175,0.07776594565883553,0.029232729563083426,0.16644151300032203,0.164243549143741,0.11202547630561348
0.15631516575297708,0.06589653440107139,0.058879097412487036,0.2760408853882556,0.1051220953031363,0.10649125058287358,0.1059396238203828,0.0579008084615192,0.06741453887729698
0.07481184809624553,0.07785368272641376,0.025741423384554683,0.15436795170474474,0.42797252969489413,0.024756963967946213,0.12915043600069842,0.036224711385055036,0.04912045303944751
0.020167204234207446,0.0028296885904371904,0.011650122892986135,0.19041998544913682,0.17919987837109527,0.1125793260901039,0.3925684548190688,0.0066082260165225256,0.08397711353644188
0.2515077539725101,0.02666858494229447,0.06347967604271036,0.07772736108610055,0.42134640183099786,0.04811466028330888,0.08772210464365958,0.01400575717826206,0.00942770002015602
0.049076882321247156,0.039573080810081394,0.04183331419324019,0.4245699714801224,0.011504212914078745,0.20015839972479585,0.06487084392053853,0.09613713178186872,0.07227616285402698
0.11471070619174768,0.07085518293856281,0.04962057476885781,0.39026704054581063,0.1244796595026831,0.03433233464527439,0.05584610303553552,0.12852552607007872,0.03136287230144929
0.13309155898981068,0.11175968759255932,0.11135201655439429,0.3492950980340917,0.043973641100382294,0.12247222509687516,0.026035902269945604,0.0429651821136034,0.05905468824833752
0.12755421462484892,0.02568001073833591,0.5670171185512553,0.048174991023940794,0.031091480221796603,0.01830784590308069,0.04158848773315812,0.09428277162215963,0.04630307958142412
0.08907969575325943,0.03762815772208672,0.04099422287010207,0.03914345121378963,0.18085136644615854,0.1026697407715843,0.3635123189350036,0.08361696286995206,0.06250408341806372
