0.14360748273638857,0.4193697349577657,0.15799646496830425,0.027599027296952416,0.11198380259162544,0.02196204893524524,0.038476457828575894,0.04500927639178648,0.033995704293356084
0.12576751264860855,0.042802450384147706,0.03902281436182473,0.12263136475600966,0.34188987621854433,0.03769016878237015,0.030590720626649425,0.13897171784666412,0.12063337437518129
0.24258262470907946,0.022640704111933283,0.01144352975239131,0.029523873863650157,0.19111670398844427,0.015489638579825356,0.016535488343488648,0.05739813073518979,0.4132693059159978
0.1828331508240605,0.015791330836889415,0.01421471710801426,0.03336297604129496,0.5647879636789421,0.011573425999038102,0.017081102910188013,0.10542157355753005,0.054933759044042574
0.045167788931710924,0.012591396117178,0.016811570926938826,0.15825192187663253,0.025025401801875836,0.3878254972598077,0.12738593826909161,0.033037289276025124,0.19390319554073934
0.21931734969897587,0.5410506704332568,0.11429340967843145,0.009973879407223033,0.024276395694807256,0.014371031605374595,0.027793801766121628,0.017068012711625044,0.03185544900418429
0.37725519355559073,0.12717477738234836,0.12944468083586858,0.09319505982555236,0.1134169280500208,0.013788287171570164,0.023252825446646006,0.08987400262631,0.032598245106092966
0.24830126661170623,0.05625624838232423,0.08874803647999412,0.10434654476831229,0.12672828937683067,0.027423097986744777,0.0414260303190957,0.11871107572217998,0.188059410352812
0.4130673102734395,0.039357645637681134,0.14137877388904357,0.06365191059436247,0.033797053091914886,0.033755676867361854,0.21580413628223086,0.045440566241387516,0.01374692712257825
0.21540571678960996,0.013854757977871711,0.30216296510443474,0.07537768828018883,0.07906214190421142,0.05749719801104647,0.15465454432881834,0.051667505430619376,0.05031748217319928
0.099834188400718,0.23054530638374485,0.037412752102498274,0.03985023516940528,0.15982915420672075,0.04417136699554419,0.06423494473429778,0.13630393946684727,0.18781811254022354
0.13349575553321547,0.025612955914020057,0.015254662802572453,0.01575956332196084,0.393498664411871,0.022250255683545314,0.013848944989358536,0.16164451294667373,0.2186346843967828
0.027545521684420076,0.03287380281502938,0.10345446265845093,0.0551372189150827,0.026963785540651607,0.6202863498803832,0.05339769954449553,0.04574306366213091,0.03459809529935558
0.1776197531574174,0.09240468177182833,0.08169181316148995,0.0526898364376703,0.18613596728623358,0.09644057969215314,0.036213577579708105,0.1642500987533758,0.11255369216012334
0.2957088575568441,0.12099775879164427,0.24418503104641928,0.021288892065719055,0.03771500767556116,0.0564634493859533,0.11947958567038747,0.02342928376075083,0.08073213404672054
0.4688113636107125,0.06696954161745476,0.05585028657752616,0.038115180366019075,0.18145138735915298,0.01552519766379297,0.03440739727370674,0.10560802225796602,0.03326162327366867
0.11925081260241226,0.0502840801104101,0.07601494178802932,0.08741284446526117,0.13044204014149946,0.018195105010121546,0.01615379832002072,0.053380714781067755,0.44886566278117773
0.344821218084312,0.10858786890591526,0.06969953862744682,0.2071596437293416,0.11907541750419622,0.027223534950751426,0.05264167756435049,0.056609849231102384,0.014181251402583889
0.050160452434002044,0.5910713170369428,0.17022887060568573,0.006164887218266058,0.060789651621884024,0.009711185910924203,0.06700952197812614,0.016210586382236256,0.028653526811932627
0.07118371480933001,0.03221027868693845,0.006025789093316113,0.029188200759128424,0.1554909905308562,0.046706353239177996,0.008708812786566728,0.572426691049292,0.07805916904539416
0.061795420683787954,0.004443628130188151,0.02336855800273864,0.059812450788138405,0.02444069431048551,0.592167933842954,0.07690847963435928,0.06026718737536424,0.0967956472319838
0.08936128866214436,0.6449207084375419,0.10239356574333207,0.016200133871222645,0.03229839302813318,0.026084591488052106,0.010613286663834218,0.023395995372299524,0.054732036733439994
0.12735910949258833,0.15804707918331765,0.026619048295062956,0.3637459363165143,0.03386610503935898,0.09384890729528379,0.15131187211771466,0.026583935810883058,0.018618006449276248
0.052446106866461534,0.02342801515566298,0.2437048634269198,0.02664335833194854,0.01778083212740714,0.11279314683509016,0.042740146089653965,0.06358960292614388,0.41687392824071207
0.07546917411461496,0.04637142130621084,0.060608663262918396,0.09996256253818052,0.5059980422095235,0.03828379922021485,0.12101636599001275,0.02177446158539639,0.030515509772927846
0.029052351261631967,0.5564503299774005,0.1133809473506116,0.07288721581357133,0.018034370366885395,0.014870957381312347,0.064043461651637,0.02241896439618031,0.10886140180076952
0.053572488866493816,0.04179958556625585,0.21727019192756325,0.5126877688874659,0.029397473621915374,0.059214645769613904,0.023995949256343758,0.035154732473445006,0.026907163630903036
0.1581898128872185,0.03875981871180425,0.018841101566385327,0.03654997459306322,0.28359474140795987,0.032410413723049224,0.01272262558714284,0.1154646403444984,0.3034668711788783
0.24084249011628586,0.05720898507831443,0.15600002041859123,0.028226301309087515,0.3678760133804939,0.007078123555779405,0.012959250365968678,0.08207679047996672,0.04773202529551226
0.1599183320236365,0.19917765845578286,0.06232356630372569,0.06940235647568328,0.12650072202645105,0.11036487507276933,0.047500323886760114,0.11826066665632085,0.1065514990988703
0.13494403431487867,0.014974991345943928,0.14133260227185515,0.08484937814284221,0.020255674961640192,0.08210606945043691,0.47078180057032143,0.027063124599920163,0.023692324342161387
0.042596423012210304,0.4440369769388089,0.17221476278690528,0.12925927828063108,0.03076131464641746,0.05768607573884612,0.045063676295569684,0.013111487682620715,0.06527000461799046
0.26914353055745704,0.07395972870750638,0.20825278865098693,0.05647727224090924,0.06108952301303341,0.09365214358642249,0.006764738152095884,0.1290033029100828,0.10165697218150586
0.05998770601688449,0.05329639411977449,0.5244788105899837,0.07904138683295801,0.05245974038504849,0.041897070390454934,0.1145765800539308,0.03183163270640471,0.04243067890456046
0.08838733890113708,0.013860598857330679,0.18214050707873644,0.05924524513806634,0.08899777451366632,0.055960562367462476,0.43527289362937155,0.05386158502382843,0.022273494490400687
0.08781646780043155,0.3535537768605063,0.06045421506795053,0.07532740053016966,0.04892995023315921,0.07701611033484466,0.13515105326289842,0.04626309914718707,0.11548792676285258
0.22402535983995706,0.029429970501317893,0.11505745420385842,0.08223148532024449,0.2553844161154468,0.019193520510434214,0.055811372193118235,0.14218773803139184,0.07667868328423107
0.0929130293971596,0.012047928952986882,0.15065858209549243,0.06023773237664124,0.033061290632308275,0.1908383249577683,0.05561080243144234,0.043225444470903436,0.3614068646852974
0.3048713972002011,0.037047468324129765,0.018696438576110704,0.12206560589919413,0.17801026702092781,0.028350795296344433,0.01992057865551523,0.19002871171148286,0.10100873731609387
0.14998632678456011,0.33045757454129726,0.07424453404732756,0.09979733579000423,0.0772562730182057,0.06337559245664211,0.05950433297603543,0.10017271614597777,0.04520531423994989
0.14453158113094147,0.11732949460867004,0.1736445476313039,0.032323124227327284,0.04788577304377611,0.07611704193449838,0.11344340664484119,0.0806663134050128,0.2140587173736288
0.15488022081671313,0.022884230945307338,0.020133254666594876,0.02832153485035377,0.02702891718734284,0.008295149913766819,0.017138054080608745,0.6716712355371902,0.049647402002122254
0.30728975995794167,0.11218591320538368,0.1787954922387083,0.046899258654143045,0.13040882155993053,0.014824491375151946,0.01684314243291259,0.05907711472911679,0.13367600584671138
0.1792078401534883,0.1760751695948125,0.034190205476863536,0.24103432191598817,0.0287373716507948,0.12292399104004474,0.05837518240424794,0.047586038585067665,0.1118698791786923
0.15483927768990932,0.23692970103075958,0.11626108690041874,0.10605796366050095,0.0731024818310581,0.05338686942901608,0.02589615251022898,0.11281863141558524,0.120707835532523
0.2302550706140285,0.07966969272805129,0.029208310371576476,0.15591526163157063,0.13433873740514685,0.15775510833627562,0.08714285147153454,0.04225106385097486,0.08346390359084115
0.03756109262123397,0.44412820643113227,0.1356141087201371,0.057712750733418666,0.07640416069008953,0.02038620583989513,0.16288713972116747,0.023491717006247855,0.041814618236677974
0.15217873417561129,0.009163959596143228,0.045364590698024586,0.03463456962585753,0.14098307749161307,0.013052301399174127,0.015150385356280863,0.058172171521340944,0.5313002101359544
0.21000933541014322,0.10981392425094365,0.07077197805563663,0.04098848588735585,0.22404735895131175,0.019935550330302216,0.01574853849371793,0.13244876463960162,0.17623606398098712
0.17094191189552688,0.14203861764936118,0.097560136237548,0.014566651766153923,0.28653907763132785,0.04841992451296226,0.025020249849447857,0.05952061235474295,0.15539281810292907
0.22013159299990037,0.01985521415327084,0.03299155321892323,0.09205121917162502,0.06507408241061656,0.05279187455417039,0.46218686120655855,0.022668882049741754,0.03224872023519324
0.08589389901857385,0.12984028389063132,0.029075442226772562,0.0439340143824681,0.042435038735013565,0.0166066061245153,0.006135895774805494,0.5396989531422319,0.10637986670498793
0.15213385060602844,0.03735473490043564,0.019983821003948552,0.03523898569592361,0.25565555828843195,0.01049291978581107,0.010591494856484376,0.31301876444061016,0.16552987042232614
0.07360603618988551,0.526609784999272,0.07139242698732622,0.1117381148422049,0.032075376245672214,0.054410319300534166,0.02541945919522016,0.031765544405475146,0.07298293783440968
0.20571669161453168,0.3687477941831996,0.24721224542154752,0.004338511053861931,0.052287082024347314,0.05579267418629282,0.03808008993230653,0.018052146530997137,0.009772765052915402
0.33573922028474623,0.07370113170775812,0.08434355862273522,0.20494803580669352,0.05603870310260837,0.012531570553230521,0.010026723749404836,0.1932242170570189,0.029446839115804233
0.10336013814878504,0.06426780267342184,0.14979172121123557,0.045835991121294294,0.023202888526523236,0.11989912603513403,0.44757971961937376,0.03405923440783836,0.012003378256393788
0.024800549959181642,0.03707926058188701,0.06826039127080655,0.16348676428127915,0.1151263510161888,0.19900105141738278,0.1281159727467606,0.033188394739703274,0.23094126398681036
0.21033914952977883,0.03418488885506309,0.023321085408649717,0.10407391572390634,0.16718596261002505,0.0501640490112309,0.028662794841167762,0.32178164499412437,0.060286509026054
0.14557498641700492,0.038187376751373174,0.08864583087628686,0.1589707850589941,0.10381453128999167,0.12492564502622876,0.050140791341463965,0.09333383050425909,0.19640622273439745
0.13173129525715768,0.06163388725168581,0.059547707165750086,0.41598593706550946,0.04296576366601338,0.1376528447746154,0.02363028935991478,0.022221077740242113,0.10463119771911124
0.024454361423660278,0.5291511148118392,0.12304549087859878,0.024157531599409976,0.050550115510985955,0.11017657342634744,0.020149378281050234,0.03084565319294007,0.08746978087516821
0.06387886358672037,0.49099815612863446,0.03527112535606356,0.006263641949364826,0.057663716520186155,0.054443980749251275,0.05808830132572507,0.02239276949423874,0.21099944488981567
0.02749571188371608,0.01755904338487078,0.02898533843361294,0.032978357531758325,0.029085472891974908,0.6504731296958544,0.11117669418077326,0.03846911294679659,0.0637771390506427
0.05616094188629841,0.5750512330125643,0.045250917704054316,0.08091093390682556,0.05712061497851956,0.03712071963620397,0.07753423874996455,0.0182341422521559,0.05261625787341356
0.057381557742665214,0.06791458825799121,0.23994390139508778,0.053836998304091076,0.025189303986937906,0.11637235511525296,0.026097686895207528,0.06269692390992405,0.35056668439284233
0.10187573261137084,0.0595468782137892,0.04844975515395583,0.28345225588054235,0.07051748789908525,0.19790962646573176,0.15827665421971268,0.05660568318072609,0.023365926375085982
0.14160703663915314,0.061581943645684624,0.03056401484705139,0.0961342009635241,0.19926248766668916,0.09812395039217092,0.014234389503383828,0.128091918134547,0.23040005820779577
0.060448311934298476,0.12746191326665848,0.20982178894119552,0.04311520653497203,0.17769738583666206,0.005860743356838328,0.04825371205842887,0.09483402467520297,0.23250691339574328
0.10786854115507993,0.5569895928176988,0.08831814582234714,0.07107731928240195,0.03140888993975216,0.021126086141162476,0.07267084369982835,0.017357077690666967,0.033183503451062225
0.11862590078009157,0.07333594334096706,0.1789627097456015,0.04297015785212705,0.13449896086825344,0.11507172175992104,0.240379039894123,0.042690295799684606,0.05346526995923074
0.02792503570928198,0.1049689180096493,0.052317727229776845,0.011326754552662306,0.04136240134685574,0.571951603296773,0.04193469398308977,0.04645319886317373,0.10175966700873733
0.12178268696744249,0.036202981414794895,0.10424094217034034,0.375278535400827,0.01939400657896594,0.07683504650157365,0.13561775203613055,0.03707032043759197,0.09357772849233309
0.31350127078948375,0.031695830614193315,0.1906067207873978,0.01919777406595079,0.029160849522111492,0.06816314933805845,0.27862552972404314,0.02858692983450827,0.040461945324253006
0.203098432787204,0.09204873775500584,0.0979000956433579,0.06383029260891752,0.09471624107940385,0.09467390675993326,0.03239574980590492,0.15502452853601253,0.16631201502426016
0.09507619759086407,0.07717305911274681,0.01762157555497433,0.33050061073910914,0.27371753575931973,0.03108280822511336,0.0064749513589622415,0.10968869595796134,0.058664565700948995
0.03491372497182828,0.39050870413999705,0.038034664276554435,0.045014068767640546,0.20812777276924999,0.025221603196269215,0.00423210712024307,0.03702645701562079,0.21692089774259662
0.18944643876091147,0.03649788633103743,0.22832597501066734,0.3528191893798009,0.008930778423189267,0.05705634957642151,0.08353163300782089,0.02947283793566095,0.013918911574490314
0.06964511464490745,0.013807064615942747,0.1537323431176987,0.4081851156644393,0.04087360899437904,0.2073300254308705,0.07057011706741016,0.02872103259379562,0.007135577870556373
0.1493976167669024,0.11109514178373857,0.019640413102281738,0.04333522981667859,0.4635714519411933,0.07207308066935796,0.017254423013246974,0.08537703323047202,0.03825560967612835
0.03897896404099455,0.09614668913360876,0.224886685122053,0.2443724666353341,0.030744867521362528,0.03858166684216977,0.22373370216290636,0.04543151017582661,0.057123448365744296
0.23528359530560441,0.03491229049344565,0.29456643196919724,0.015836200880787334,0.01656689514619625,0.05532842457711203,0.10465559919271306,0.03609058996776317,0.20675997246718084
0.23775734116839517,0.09890421159581896,0.05356935488062039,0.06433371042980285,0.2712853068693643,0.009056733763590428,0.027570698850388337,0.12054732682393203,0.11697531561808759
0.10935776902603274,0.08592984371942797,0.030320738409603223,0.06406377682420565,0.3317523334855919,0.04280562361784768,0.05948880067073944,0.1554680391795238,0.12081307506702764
0.1949890092144693,0.03298945744734641,0.020540372460637262,0.09554288446713494,0.2656889380913099,0.05010361168995336,0.02862030995275783,0.12010352373147067,0.1914218929449203
0.09298292100630329,0.025184254380973298,0.07473696014898638,0.11362593177862505,0.019959022939979944,0.0860752162676466,0.033306334198978015,0.05253215307555923,0.5015972062029482
0.1558962522582358,0.09470914612064184,0.0555254087930506,0.19515185308465943,0.05041546867453104,0.051205200992204956,0.00916354220259123,0.08216144607841165,0.30577168179567343
0.38730556327427434,0.057410173440426183,0.05307537358262812,0.12206475534939815,0.1391289664195063,0.042693002945594034,0.03845409363999868,0.09542783444392082,0.06444023690425328
0.4147459777820452,0.12188666319750445,0.08831498599611802,0.05453751894261594,0.08192558124279979,0.014115818667703959,0.08621851756563692,0.056899708847337256,0.08135522775823853
0.08856624063131845,0.5762487754593848,0.09468737354128547,0.04260806776600975,0.09846613805102995,0.02290232888241779,0.026170085876438987,0.020873624288379397,0.02947736550373542
0.11684135747561863,0.019394790759128974,0.030321771141005937,0.046429764703411515,0.41670996994095394,0.06870747096113285,0.013574138578060238,0.14702888667077027,0.14099184976991772
0.1466360771031933,0.04095695427747734,0.012251669916630695,0.038082885601368445,0.06667159263069912,0.022744430102584767,0.04374260347419168,0.5910248077637336,0.037888979130121014
0.370040550886724,0.01966069285992193,0.039350866374325506,0.29282682749062033,0.10021904639280398,0.010525393981257207,0.03540900248654965,0.04528012599333545,0.08668749353446188
0.17473368420675242,0.15118829414354018,0.06252848824539377,0.0978731186245338,0.13665589924376556,0.06333666927376727,0.094340073412646,0.16634157280149628,0.05300220004810479
0.09288664342270647,0.019577562001587678,0.1539056076520664,0.2659578961400462,0.03915702154640208,0.3039742868324062,0.061624865433506704,0.04955919381686227,0.013356923154415999
0.08927863751194635,0.42454488077101277,0.11551675215978845,0.017514931484228728,0.04821432154913646,0.08804635652289376,0.026152048569023926,0.022057640330984188,0.16867443110098543
0.12499097094836853,0.08965559710930349,0.5392274729182231,0.0412068713680265,0.028884710244687768,0.06218945192584546,0.05805574290338409,0.01786137318452315,0.0379278093976379
0.05859429783468489,0.04545167185723986,0.5576474865050104,0.05573612885284871,0.011255420269675895,0.09451573667580375,0.11742825277704246,0.031243843823145795,0.028127161404548167
0.16040557232931338,0.08167694135669021,0.028109015069381942,0.016399010843630834,0.02789506203763938,0.00957874829003571,0.034544770673207444,0.5921207191849437,0.049270160215157455
0.20815354219080917,0.057017114489903487,0.04683292058094701,0.0776338931595486,0.04352428813132823,0.21986491747535097,0.020786996829175085,0.12242756866663462,0.20375875847630284
0.3296322433418973,0.05377452330368782,0.0547831728363104,0.050401420967626454,0.12640539039728207,0.007399843810031955,0.024201540053821483,0.08761065142856099,0.2657912138607816
0.09084549095173029,0.07012946158465876,0.033353018830577764,0.13278558788227013,0.1534550269180989,0.2836411317808383,0.02734133184275454,0.10316972690789962,0.10527922330117175
0.10957839469827879,0.035403811547757125,0.01553049473201911,0.17795437513494264,0.015278211569211836,0.44602694975516255,0.06306605572833505,0.028443037213956676,0.10871866962033618
0.13329823802566415,0.10753173583124713,0.06657681546753272,0.15994062999485859,0.10533762669537648,0.0552232703322841,0.05326968408498989,0.1952956530919094,0.12352634647613751
0.1557601875304577,0.23285168039978213,0.12531100606248,0.19597072461709653,0.08206931624909476,0.03272587062193227,0.0206308436457061,0.04972298674503422,0.1049573841284163
0.22649616177098766,0.03106783882431208,0.4047383181784856,0.030514584960804853,0.013788168384921015,0.04557422220703538,0.205546448822394,0.028883587183591807,0.013390669667467688
0.1277452540676976,0.02875261941137608,0.5609159053655915,0.03279829363085139,0.008661231933569302,0.05459222357274215,0.13248185525894057,0.0268946580101385,0.02715795874909287
0.20127397893278878,0.01536458357989296,0.012424144146331612,0.0721644634873847,0.29884381743680183,0.08174139686965619,0.0765121584992518,0.18087655222381996,0.060798904824072075
0.059953665276609024,0.07979596157618808,0.14032570942270614,0.08394118030362407,0.08706091200230844,0.3516172734011802,0.06448094045131349,0.06962695179096694,0.06319740577510359
0.06431664398142685,0.10205122120889504,0.5080013796012092,0.16670777955402175,0.018588276662014434,0.04537941401160464,0.034049162246137875,0.015453205264410663,0.045452917470279554
0.07782089935809793,0.04043787849046016,0.02192497221965366,0.1431404436777505,0.03762879321944789,0.01887233776704845,0.005396316050972064,0.2805739712510953,0.3742043879654742
0.11424119220057367,0.0203046679147632,0.054817567100712915,0.04230994707421876,0.022172148932744273,0.03691346227881007,0.011357274819096675,0.5960951573366088,0.10178858234247164
0.36671903465431194,0.13978612798580242,0.03588072453334155,0.13150998578235654,0.19415177935630645,0.0322799195004124,0.03860165399409879,0.03878855338780208,0.02228222080556778
0.10408760887749847,0.18632724236588963,0.07292746923062494,0.12873985871127752,0.06300437076662964,0.21992862309785743,0.021909371668087162,0.1384272185285433,0.0646482367535919
0.11310125978913159,0.6097969900446286,0.03027736061458182,0.027619625899858335,0.007761603674448998,0.06200362347549021,0.030587034433842974,0.032918727559327565,0.08593377450868998
0.5588404719910186,0.09189477989655877,0.08724589503227764,0.01760949968841077,0.058107893714401414,0.021873386138506815,0.05029224693888371,0.07920344243064488,0.03493238416929748
0.04863902500661641,0.6125987309604681,0.0668396987672772,0.032289665194039315,0.03628430701767584,0.036783097497277616,0.047504719595445964,0.0226816163425992,0.09637913961860019
0.4733807934801535,0.028536035355015272,0.08505299607242754,0.011172590660768056,0.27545699234441784,0.01139753377179821,0.03326202457889654,0.048818558747621144,0.03292247498890184
0.08841002144371897,0.034718100380653344,0.06477336011991153,0.026715287764104045,0.28418289534654456,0.04136216278653318,0.013328022085887228,0.2803660913705441,0.16614405870210303
0.16731721380144152,0.11322752478506086,0.02517574714069851,0.03920303022011241,0.07779447935430765,0.05251994621579908,0.012328719883686218,0.45092746751331436,0.06150587108557943
0.3269559938510473,0.02451434003202858,0.1201271065978937,0.029591650601576962,0.3230891765358539,0.011083069580713818,0.013862163372551035,0.0821805545185747,0.06859594490976008
0.11339131501916107,0.6245072624868501,0.0896677275859683,0.00813570485982895,0.018958620847434507,0.04504674443200313,0.029866528617681177,0.025213383350773583,0.04521271280029912
0.12143937015878997,0.02522784142005266,0.02485484378121763,0.17340290234076883,0.12370161781462542,0.023168325164145197,0.021182924604230966,0.4355340126237919,0.05148816209237749
0.039383701227125346,0.07502119637379721,0.07789150220677925,0.07154618751429208,0.21531295059276867,0.14919581006658034,0.1506494425788443,0.03330987970870505,0.18768932973110777
0.18137507322025104,0.3029263947614413,0.06982079253592587,0.16264069644035292,0.02860638785982289,0.07382679385275605,0.07794077339805242,0.05756724415707717,0.04529584377432044
0.535706049943795,0.05814243009117509,0.05568869643549881,0.04561172299417954,0.11369187675710091,0.031294928340382146,0.030008925506743233,0.08816063302642109,0.0416947369047043
0.09581158632056212,0.043936347771432814,0.07917020389020392,0.051577108283121786,0.18956985921224648,0.09525868644644775,0.026490597506895003,0.08513564567224403,0.3330499648968461
0.21639191424809812,0.024677505705195644,0.15854631685613452,0.2045288283925751,0.11297781442749755,0.022906560927873108,0.015075736234202273,0.03704497722526565,0.20785034598315802
0.09447683130139635,0.06941791119773379,0.08164697755329152,0.07520911780409567,0.055951860719549294,0.03413086235012464,0.03552138923752684,0.027721682610837472,0.5259233672254444
0.032141453756083474,0.02908335243947878,0.17129307361338755,0.5944347035611929,0.021850239013522222,0.024736805004914496,0.0654428610919866,0.024878668783814673,0.03613884273561938
0.14138830376571407,0.07231460942767791,0.0509417220860592,0.029312373465988237,0.30229080838010697,0.08257064135718184,0.023069238927703874,0.2180429405545267,0.08006936203504117
0.06545257180045329,0.007674807968587255,0.12182858259447688,0.13079163557724885,0.034610453008533694,0.0949754687308169,0.43293893116562016,0.04180388131197211,0.06992366784229086
0.15988065796864445,0.17416280339851384,0.11717971390174241,0.016662913037290266,0.20022088534445856,0.04227171153275736,0.048182790026914314,0.08731662884141289,0.1541218959482659
0.16862607502270274,0.017650636175053035,0.01045049766338371,0.11882171798422586,0.16527076086578438,0.024814935456615502,0.027598290652440367,0.24634657243009808,0.22042051374969637
0.3415213381880684,0.0330596318964079,0.11090676905342874,0.03687172418534973,0.0966045258074919,0.018896277597643268,0.029518586668837287,0.2637751491840655,0.06884599741870721
0.1677938328481087,0.2094710496278284,0.026613478544679988,0.0197397014873729,0.18243826165581956,0.09701724265961105,0.00959231541002902,0.03269962946444933,0.25463448830210106
0.17506011050783085,0.008010700771237446,0.23965032205477457,0.028533929726946693,0.012905293585336772,0.030444636545727485,0.4706529402848553,0.020227841054451152,0.01451422546883975
0.049453166037800034,0.05186755236552579,0.04383463725276689,0.13633074046456417,0.08818741731982876,0.032139730455047776,0.05556446332853502,0.03297773234199446,0.509644560433937
0.4917655856916752,0.0627438602707434,0.04065962723118298,0.11980374655161678,0.039401265872357705,0.011374300561216395,0.04071335413363955,0.11440659257026735,0.07913166711730059
0.09958026180403819,0.03370999203280131,0.03517929100389509,0.5729653840388257,0.09167309565708119,0.03928909567766891,0.06689293765522027,0.03505970106460163,0.025650241065867534
0.15797918442605943,0.04052520544025708,0.03700056298565587,0.2051182593937764,0.057657880610693026,0.03316948202320103,0.03143805335387294,0.2857962775958805,0.15131509417060363
0.06279245173119806,0.4656048529125532,0.052568352854357125,0.03951003505077578,0.013356399996668865,0.08771224254466209,0.030930912188687088,0.024603779979573,0.22292097274152467
0.3571608572409551,0.055694772073904754,0.06389218715265345,0.2024607338868808,0.11979646334112837,0.0084779766697305,0.025698307447402275,0.09947364717935064,0.06734505500799408
0.13560919715506956,0.364632991947484,0.10891628727623731,0.050856797244127346,0.07417836756636974,0.038656723765951785,0.030723832863464594,0.06080434199978241,0.13562146018151314
0.07203126181247256,0.022397495892561348,0.1645428203364138,0.37561845969758606,0.02598310134048735,0.2452540327088122,0.02999690519312088,0.03356819980962044,0.03060772320892542
0.0793868004176103,0.09807160417379128,0.37936117389534124,0.05683120336299507,0.06538571837338387,0.03757551813456725,0.15889415646856206,0.053935880120173585,0.07055794505357535
0.5300383855015911,0.062661490527664,0.05633876746070345,0.039182081451269744,0.1971155879945878,0.021577147882586103,0.021558861498805048,0.046681463960898874,0.024846213721893832
0.16418914618183963,0.05125442209589321,0.055701785851957446,0.2992928271410366,0.13346557092798658,0.024816314856616697,0.015946668023410458,0.13654651724999567,0.11878674767126372
0.4165608683998576,0.03794630763650889,0.024708862598648924,0.11198291605318526,0.10615958952278286,0.08789463561980836,0.036971987977798375,0.13252061390781486,0.04525421828359485
0.3498645314089383,0.1505476835622602,0.031105399810602254,0.05556804912568674,0.12369739998718345,0.06167419644640326,0.0216368437548765,0.15193091300798703,0.053974982896062264
0.08207686694090083,0.11158313316577424,0.20380168675407884,0.07059774280916935,0.07390482826117367,0.25783868852091957,0.07632563055186471,0.06711108693715333,0.05676033605896546
0.04119884046735773,0.48947451008535087,0.21865091571637776,0.022970462939626356,0.0530080100079669,0.10421326491064765,0.02530481349998397,0.025150700815721825,0.020028481556966914
0.42059915453085733,0.020248539946424077,0.0632697510569907,0.19707662841752208,0.09502641442084253,0.06503786790994093,0.013718434719104701,0.058708043822983884,0.06631516517533385
0.29838125339222676,0.005946368180273223,0.01863815636755649,0.07912387216324036,0.1181451229791622,0.09951081643082411,0.027190356146667833,0.28688149511938715,0.0661825592206619
0.07167008423669918,0.03944251928245571,0.6121586443255188,0.05026028291872801,0.017074480915385607,0.05851826878507691,0.08473137098228116,0.03718562544331499,0.02895872311053957
0.34939090545237844,0.18558182690171401,0.04854092841384116,0.030910224248791182,0.06269249638605486,0.00836383387345322,0.07990748840321693,0.16396958921141383,0.07064270710913642
0.5245959220098999,0.013288759854876472,0.029177817635680708,0.014459796073543247,0.2327464221937017,0.05176588396051172,0.030674655207771986,0.06123452314109329,0.04205621992292092
0.1499735809516615,0.0071951831810384975,0.004296301977071048,0.018639281942818404,0.016024048318882808,0.03766149576791199,0.028415192483404822,0.6589141546987035,0.07888076067850738
0.07301689108843527,0.15066650064425446,0.14723968960733666,0.39113279998245915,0.031517399090706714,0.06821769869575993,0.06464967347444424,0.038429387604025304,0.03512995981257835
0.042430492864857894,0.5942212098983671,0.03787281573692917,0.08807873566547496,0.027713917082262327,0.03914007118253946,0.09927356960166679,0.018757307243230274,0.05251188072467198
0.18544436983909365,0.04784798153874811,0.10037497921629483,0.4221690904188838,0.024247913272385513,0.11637691682206854,0.03594793693282939,0.03841599145341468,0.029174820506281427
0.3756110755538298,0.014573775219382398,0.09281154927211639,0.025179390364249113,0.1086982903301119,0.004943238943013358,0.036253538860688786,0.15434026465408313,0.18758887680252512
0.0652822968530027,0.5379686501698432,0.09830354445195832,0.026339112258744284,0.016773410576087677,0.08286169459700514,0.0946806167629695,0.023278957707180897,0.05451171662320827
0.28737718045473387,0.012344102807095775,0.044315157580791055,0.07571021462817583,0.23007935605825938,0.04520630778817176,0.1539919544815817,0.08030348536691818,0.07067224083427247
0.08839457826310866,0.017691013731606448,0.16348728358427417,0.023426681747848666,0.082346051834852,0.2922636229639382,0.07559020331446713,0.12810743214623999,0.12869313241366478
0.05102691094003659,0.014871714117609285,0.016409321535273053,0.042591793338949635,0.08085526386683953,0.07664583613731163,0.038752978313317116,0.6226143207229878,0.056231861027675155
0.029234450945673257,0.017579801896823385,0.1337317709528114,0.009935076289845496,0.01714335580527156,0.445457418638138,0.01847992059752014,0.06383698281150631,0.2646012220624105
0.3450500022619114,0.049495708880998086,0.031166760414908023,0.05152824442845604,0.16765046424484806,0.03294220199562048,0.012616218203902916,0.12131363161047999,0.18823676795887492
0.4673353886840668,0.016978585190771674,0.07262300330783211,0.06291262767260912,0.11138468396778078,0.015355712453223582,0.07053252158333835,0.06442644875990751,0.11845102838046996
0.1175099477471893,0.037502419995374674,0.13849692805272318,0.13298242737805643,0.17585444580667609,0.05656595704430669,0.05341211614536606,0.0840353072846034,0.20364045054570423
0.039129612352345834,0.6035086588447907,0.04697021615332513,0.009940714588718418,0.07105757952400026,0.07154496665416005,0.004328012909200617,0.0299760314244826,0.12354420754897648
0.364509675787058,0.03214325571631112,0.02109331479952733,0.009556755457724752,0.14074835118920595,0.002821665015649353,0.039829256624774996,0.1672013135623912,0.22209641184735726
0.290295409333159,0.03843850746321944,0.041877274050582725,0.0963120634137397,0.12037470466831235,0.05458212807556687,0.061281743995715475,0.15891561102278426,0.1379225579769202
0.09803174861171665,0.12310439705285048,0.30964552702360665,0.10594736840697706,0.07876495798030363,0.04044388801537596,0.018092730473604376,0.029223803965181677,0.19674557847038351
0.3737710717740665,0.03548258852424967,0.06058390984159123,0.033789631550720144,0.17667954405254918,0.014621905763012913,0.03726734834410895,0.08533121462113069,0.18247278552857074
0.47476241061989755,0.16465194735358712,0.0982775950736885,0.019715573017105043,0.06444611033521826,0.008094707131379887,0.020157074538274807,0.12553496542074813,0.024359616510100646
0.20643748655220573,0.07004187848652275,0.0116892282168031,0.2507917174615753,0.03355097596588908,0.039995047395138546,0.06639317122735888,0.19407893832316614,0.12702155637134047
0.5520723742614903,0.02807032795028565,0.04417767947399282,0.11588771124690868,0.04051573883247785,0.05239693378023321,0.029008163981759667,0.12788312210637623,0.009987948366475569
0.17720582087215817,0.04545776416134875,0.11296317804667326,0.06038268594482645,0.3876496106697496,0.009251489539478639,0.049046836997224626,0.10032792443646767,0.05771468933207282
0.08112851786760293,0.034980217021464054,0.037603466707200724,0.4938007931594888,0.06321418190189627,0.03667608792441929,0.16429986130758947,0.03424283667057879,0.054054037439759554
0.33866348076375846,0.01612945462799592,0.04546448243537801,0.032158678164478025,0.20262163901754873,0.04449545248074329,0.011577876546835411,0.20404846417502095,0.10484047178824124
0.057624923317295414,0.014928059071513676,0.2609144906019633,0.039927279690503865,0.00865130179345903,0.15517118437911326,0.3625830395091003,0.05377779523084416,0.04642192640620701
0.018633601953723516,0.03911488935436388,0.21996747254922644,0.06535946465997779,0.09287694539509313,0.0300588235915903,0.35391748978539145,0.030298065160470466,0.14977324755016308
0.03833136929211409,0.08223428191962431,0.028339828980781412,0.015050199767041911,0.015490002271788613,0.09090741438590284,0.0917787776972564,0.036109305217976444,0.6017588204675138
0.12123381728433637,0.04532201628651846,0.017701976823828947,0.19847861895184196,0.3350917573024264,0.03548718511641672,0.05390715480527144,0.10593609035047691,0.08684138307888274
0.15221355961744867,0.05985352900643386,0.03815736450163811,0.06863978124058011,0.19396620915787974,0.020623395658028273,0.009418341565634697,0.07539539710678074,0.3817324221455758
0.029997587431447727,0.009996821337011194,0.04421210723787894,0.4144912995467786,0.03679558200300347,0.224381909178378,0.08369199558939992,0.042375172866125,0.11405752480997722
0.06862924782096973,0.17236709900976163,0.20138730508261915,0.1315697081870616,0.04030335077717335,0.15546950425421582,0.03695960317177496,0.05951960041230523,0.1337945812841185
0.10889308537369845,0.5947726700210763,0.07940318594975943,0.02559724510398405,0.041131940647079264,0.010530458268658909,0.04011092067282249,0.01977989576623139,0.0797805981966896
0.32177756507554245,0.038492782963645965,0.2065545294789591,0.06133573580519177,0.009019265533793923,0.1112176319007575,0.14963753081498982,0.08813001907563649,0.013834939351483009
0.1057935606576728,0.46099850860346475,0.07748279981788335,0.010621551565177842,0.0786211298459384,0.14755376775948403,0.017416843809090327,0.05552876628407553,0.045983071657212916
0.16292472287091742,0.030926189890805006,0.044221158337003595,0.013991635714663817,0.12487269110232058,0.061234374639588494,0.09957901984571484,0.3845136833011627,0.0777365242978235
0.16678809127955407,0.031197811846392087,0.05849755983505836,0.026221265042918416,0.08838214247173402,0.05198038331823324,0.008693111304821878,0.516632015940233,0.05160761896105497
0.07583317198861368,0.5398107773538099,0.05750740580323019,0.11980967908302696,0.028092006986274592,0.0354800024819486,0.04870493781082904,0.04437854522208335,0.05038347327018374
0.18710369537407553,0.03771965970899809,0.096745593115511,0.07962455555935913,0.355338151485044,0.04709873867325615,0.04781920494668445,0.09356692756538765,0.05498347357168406
0.09504541115238728,0.08394457984135917,0.03364897382502311,0.1604092600713862,0.18119170718542313,0.04034090618793204,0.02828326916677253,0.11214973624881297,0.26498615632090355
0.07586747781945331,0.05154871435429694,0.04462618167810758,0.02789294631064251,0.052143959832303216,0.3515985574046718,0.03598786524641918,0.05946301456029782,0.3008712827938077
0.03153291747325331,0.03075341253281383,0.2009314053545345,0.41122860591495697,0.075590111381537,0.10654971645687068,0.03614161195827132,0.03534158329360229,0.0719306356341601
0.2223692967416413,0.12099764888733457,0.08769987613566665,0.07285106623970977,0.11940243658086012,0.0834941690752455,0.0822472701346087,0.11863981145537372,0.09229842474955968
0.046391485477215534,0.07269691736767243,0.035870461774340806,0.6324577817674539,0.014963098386802159,0.0730207217299479,0.04467641329914244,0.04858872654970967,0.03133439364771507
0.08768506226392209,0.019059040481282905,0.03432431984930858,0.05813563305854538,0.2299022517786544,0.011495454883857692,0.024008865803070944,0.10184488465540144,0.4335444872259566
0.22647757230778828,0.3697183485950841,0.04980210570412158,0.02188846850617708,0.028076149550530668,0.11883817768356215,0.05238948205840854,0.04685416554720889,0.0859555300471187
0.02954815146112384,0.015299533822087777,0.021979571916257826,0.32141398320276093,0.028435996649977553,0.3222028105228157,0.10679682012104129,0.02977306522429884,0.12455006707963633
0.1223327769226829,0.07467113295525306,0.04752410706656726,0.48821227633909886,0.07710830862843115,0.020673050109400362,0.0763120949450639,0.03528786659309888,0.05787838644040372
0.19741741203421537,0.07852423580246827,0.0740930313318305,0.16529741699163547,0.13239067139509872,0.0744634468835607,0.22805261021735354,0.039222400499889315,0.01053877484394814
0.02689990381502248,0.07739963860247856,0.02298246464990715,0.19747892410288506,0.021686875247938397,0.5132147263697943,0.02888140396324529,0.07052522264390622,0.04093084060482257
0.25684013334271033,0.04846818961505247,0.04214189193375976,0.03899460954728464,0.26122506828699993,0.041316892699125134,0.06397037863384872,0.20257048668506583,0.0444723492561531
0.06582740347430431,0.04638558572762386,0.13747209327288717,0.033970537331646636,0.042347556795815845,0.13921262173392857,0.3362917515993573,0.13206511078588723,0.0664273392785491
0.13554228860447118,0.09612436793770808,0.35747731202958793,0.012951464455566402,0.02672466573277699,0.03138544983589907,0.29525411918456257,0.0297750460365715,0.014765286182856255
0.3438452101792897,0.09660619541650174,0.0655686824543262,0.028662297230080402,0.17439378429183638,0.02075840070584163,0.039796085339545095,0.1490489923030483,0.08132035207953049
0.35325985237231344,0.022152374753150964,0.08872378210562692,0.020136269290222674,0.3334187177652456,0.016437456542377892,0.02868938550020414,0.08798371824550778,0.04919844342535057
0.03664902499037285,0.011242722505334474,0.060231052203540726,0.025674547728784577,0.0477100809583339,0.16593856461542086,0.5755467105277722,0.04344763107667755,0.03355966539376287
0.16162900768901856,0.056464252163756,0.4608355438364892,0.04806197339152333,0.020290172597584397,0.07281977573396768,0.12413578250607539,0.03522577334490429,0.020537718736681157
0.04009460469081193,0.09987395353133173,0.1085163154630991,0.5172436700076835,0.014010188675825694,0.10730287750612105,0.038047509338264916,0.03669266355122537,0.03821821723563675
0.07045654878638645,0.1621862707363497,0.23206542310776226,0.13912326457472143,0.1880239042967474,0.05442089391895586,0.04852066783847698,0.06902294882599845,0.03618007791460153
0.5617566075505849,0.08835785778906376,0.09490263864956626,0.012067209850888647,0.07943665343732143,0.009178839102239903,0.04066191203097654,0.06742130466218595,0.046216976927172575
0.5601748825131906,0.04303357660623664,0.012184504166732356,0.03968791417924439,0.1578454519438818,0.00943935376616639,0.008847075901765181,0.10562048844746046,0.0631667524753222
0.05997971267266261,0.5790244682345943,0.03614815941494206,0.03195480811734381,0.03692136165040354,0.06977572673256503,0.048256410940097326,0.05637033969699223,0.0815690125403991
0.08135741876185452,0.024723325643327975,0.5448894073274378,0.034861035980321996,0.028085881785289545,0.048001884521418854,0.18335051079783882,0.032728790082203765,0.02200174510030677
0.11504367871956007,0.010246541255983616,0.012814076080429669,0.025663554187884446,0.07895830879065974,0.0340423360237686,0.006879117019771283,0.691275113826913,0.025077274095029318
