0.031787075702669636,0.07299730386588348,0.12396121104571643,0.22581814973276548,0.23324053675151127,0.18225281186094777,0.019249403551861197,0.09397169799060369,0.01672180949804113
0.14068729174104433,0.02390492857197672,0.05118708119601414,0.3575723669280227,0.041567148195330174,0.06887877704098579,0.0145303141565099,0.08191196136183597,0.21976013080828027
0.023811369989839026,0.12069944455869851,0.31516390587784765,0.037177576448381495,0.20041604821534267,0.019566725222131216,0.13745727458713283,0.13860998201401314,0.00709767308661341
0.35986311323106074,0.013743342267330393,0.20197186966169414,0.010212093500929921,0.009425728438727276,0.03317996734889178,0.01677568261162687,0.05241401476301954,0.30241418817671933
0.02092662257152757,0.035134185499366914,0.10331685280146104,0.5044726086640311,0.08736679482808152,0.16383755399184105,0.06514990962693322,0.011144406890208533,0.008651065126549033
0.052218839145932755,0.09609536356300274,0.3150524005288335,0.0337407194747664,0.10195232361811822,0.032983021791135145,0.11698262906157982,0.031338928133267906,0.21963577468336348
0.31897422145833043,0.22966836018465128,0.016523500090768792,0.006927837968308303,0.06450652948594987,0.05921478662570134,0.09071113954015436,0.18197084795441362,0.031502776691722016
0.014531267597820937,0.3849650792913228,0.012276734927453924,0.023906860136472554,0.059503207848612516,0.07153093478464705,0.09554091897619793,0.3104311501511114,0.027313846286361132
0.4517655920835248,0.032150504901657787,0.11763397220310894,0.014569727711255809,0.11309429044187906,0.01934550461353753,0.18513336248938603,0.05091827384703931,0.015388771708610907
0.029731091314192565,0.5377587926087006,0.07150288466890586,0.016779144966132444,0.04040714806916627,0.13249650201412153,0.09474495657267994,0.0656444848906254,0.010934994895475275
0.04928890210313389,0.03928367792859272,0.22971083695101005,0.020502904571682874,0.2628987920674937,0.018821345078095648,0.20082527414983112,0.03714567719062579,0.1415225899595341
0.1525105484669014,0.10049635906307582,0.09158765341239382,0.14312047077426546,0.059055684615422134,0.1225827856676367,0.2006129035129475,0.05251233384154214,0.077521260645815
0.09996868108201301,0.08498213562142437,0.34460623866369094,0.16458046766448986,0.025958069564639644,0.10628332512179817,0.03050157802404414,0.05957226905413515,0.08354723520376468
0.1415100436380133,0.038634095475354714,0.17815721482424962,0.3236224581784648,0.023155178911907007,0.10664086423622765,0.1470258054412583,0.01875840362782553,0.022495935666699027
0.2761093396981064,0.04250074720552647,0.14765215464070972,0.004870106431829183,0.03924741312804757,0.11766581812901722,0.06747321808504517,0.18709998399413438,0.11738121868758396
0.09966462852014339,0.36509722183175763,0.02464010421648273,0.019952618150722978,0.0036803716567498563,0.24423909224977766,0.04404091687984074,0.1671624615832855,0.03152258491123961
0.2847347404590724,0.12099676501971768,0.05731304759379918,0.056746501254730686,0.09454905199168255,0.08708934753585638,0.23660767148704845,0.04634139553121502,0.015621479126877587
0.07007057408090368,0.021884918240662795,0.4028984774863958,0.17574567761569262,0.11296560411120489,0.06519340022565455,0.017736450590573948,0.03470986702065453,0.09879503062825716
0.051059429797567744,0.23450923284813993,0.07492561674654342,0.051807073453566554,0.05364428092570688,0.06020183735530505,0.16342627272152974,0.273888937621765,0.0365373185298757
0.17272427535988918,0.044338253494777984,0.09328653319642799,0.04443479119986027,0.1515185534769812,0.08583924914479213,0.20785435375252537,0.1315702412621614,0.06843374911258447
0.056398591275099295,0.040084989771411964,0.17385401446187318,0.019387771761432197,0.3972834531432132,0.0554606674923136,0.12567199034218182,0.12449265835123624,0.007365863401238528
0.11348537982298625,0.025378885467343335,0.25690869986494813,0.17355456961942842,0.052278591579680476,0.21380617653547185,0.011571175463104502,0.07418627062127563,0.07883025102576151
0.024565737386188835,0.042561652214369035,0.09655005857834831,0.01937570253540807,0.06194498341358171,0.03664520182818115,0.02938231585338101,0.04259824454709332,0.6463761036434486
0.04241858541402636,0.09703450870279316,0.25766935118441353,0.08612432725594059,0.07820003155599398,0.08190900820779902,0.13941911714539845,0.08275815285326145,0.13446691768037342
0.04254444197004894,0.02062631589046744,0.4021851705486042,0.04442437967328338,0.18439405375017273,0.06111562357867454,0.11759386955558272,0.08834977617739104,0.03876636885577504
0.038233380026978785,0.2220481133275117,0.02397589962399758,0.07123671984649108,0.18053072356788813,0.2131067129138794,0.024706254744455775,0.22296525297093647,0.0031969429778611284
0.08716384357612333,0.05341001545975114,0.22829968926233404,0.12604356902405703,0.2497126629877189,0.03482319849719243,0.06642139624188953,0.11764063167921428,0.036484993271719245
0.12546007645824342,0.08371973874425957,0.07348401391955371,0.054471107654215985,0.1334156452253592,0.034816848438186526,0.17587633883432216,0.1414253675067372,0.17733086321912217
0.024665522188077577,0.3854961425277672,0.10961000482126039,0.04979695858642067,0.09157644657058299,0.0746941686821178,0.16798779958573687,0.058900707965425826,0.03727224907261066
0.4097587626198876,0.019479837688160626,0.08159224690148031,0.0938506056103684,0.24157458058709805,0.011513992917780094,0.08027616805050171,0.025769665285819723,0.0361841403389035
0.043434415018741325,0.0439884627799216,0.11225953988122656,0.09731371642896651,0.11796688033394621,0.03796030023182221,0.4847899374660152,0.026070690248203826,0.03621605761115667
0.07541378933226363,0.07958008169145823,0.24829595090280424,0.04267293223717087,0.11367522381515828,0.027163786457883626,0.23227417066167852,0.04294574328520664,0.13797832161637594
0.024622063050422065,0.26333250370761085,0.0950946541684845,0.04791583169615049,0.020276167989665615,0.05467730901665685,0.03930843033942608,0.4214564812580561,0.03331655877352738
0.07783263022880303,0.07488218579796173,0.2714584637408936,0.05354194903225118,0.35390966537316376,0.02368281559042812,0.03839052886346584,0.08623118767882425,0.020070573694208473
0.2489416885135675,0.050274977526097386,0.3142485340044728,0.02793178103574281,0.049374348010051174,0.037655944629056005,0.08284090089668576,0.023098621007144687,0.16563320437718185
0.052796859739128045,0.024163875083182258,0.07090569572199583,0.059407350699424634,0.2819863062725036,0.045263340550475616,0.3226740750157232,0.04957945552532997,0.0932230413922368
0.09217167625378818,0.02461150191067826,0.2995255768657455,0.10624231776276187,0.012625059045232846,0.03576194495630769,0.0028813178674007476,0.18801632043151537,0.23816428490656957
0.06730519887159149,0.42406738905903224,0.03777072345164939,0.008519295872766175,0.021823093146446176,0.04572636660310383,0.09730699892490595,0.29273908008109045,0.00474185398941434
