0.10944023471378815,0.14025872947602167,0.044970214770053446,0.15238833329390408,0.1129764620099629,0.12521307023794706,0.06625525788057023,0.13667731636935512,0.11182038124839733
0.06055650985832222,0.125572295224446,0.05796554167481414,0.1667048153101691,0.11592460015103716,0.14783300667540725,0.12267061001689168,0.12700679971172066,0.0757658213771919
0.05961956420179929,0.11581945697154881,0.06987916030237318,0.160864282830761,0.16546121477318063,0.13875633329826992,0.04615298629642602,0.11929629282096683,0.1241507085046743
0.06438208810619503,0.12882274042833727,0.1988082946908094,0.05136317897793119,0.1043125405570065,0.13864923648781738,0.10936938333274648,0.09787144625015282,0.10642109116900396
0.13115668481473963,0.10913242485016789,0.029346292815350294,0.10261204326671756,0.13104957665298134,0.13115542012065834,0.02874561671539268,0.14593253756774588,0.19086940319624643
0.06077786335761226,0.11596732396375835,0.04392159119563466,0.2055080729188378,0.10047922913993497,0.07398251766119367,0.20682559493373454,0.08671253382583897,0.10582527300345478
0.22998815200567516,0.16114197994146495,0.0304167400652294,0.04935406499667718,0.0872618988852663,0.13859696372055322,0.04751757034220672,0.13638726076427238,0.11933536927865462
0.029596521392288078,0.07348928603724555,0.4423514843581593,0.04850363545924271,0.09914744266495096,0.07597694800507966,0.07866818841344102,0.11215630923688692,0.04011018443270579
0.0919617583529485,0.13199672256635064,0.11419963097191636,0.02885290757524121,0.07353489877574419,0.13141045712986138,0.13118516530325966,0.13904733441807074,0.1578111249066073
0.393207378430545,0.06464973028008515,0.060471472996051635,0.033471542395321636,0.17151610185987176,0.07407881731003914,0.01172141031627591,0.10122815065210768,0.08965539575970209
0.25992704766960245,0.08124894840153617,0.10589013402899755,0.20316827726125072,0.12669554022314103,0.07246484041353302,0.02113458839753739,0.08478770602968129,0.044682917574720336
0.10364193977178603,0.10587133896494755,0.034671397700755675,0.15466071384254673,0.14670515379088303,0.13155550290230297,0.07158335465150745,0.1418837104003334,0.10942688797493721
0.22443271035510026,0.14378228528109663,0.03523141852867046,0.0610355507265451,0.12791645478748645,0.14704244827956134,0.009619896328692833,0.1542896585129215,0.09664957719992545
0.043740715168880284,0.08890134271626561,0.036188518294859494,0.24327516006616653,0.09513112539079167,0.0722040028186613,0.287740749677256,0.06590877803586455,0.06690960783125456
0.08895292020421904,0.11473735347732761,0.08922319745372131,0.12112959904008348,0.10703008287280179,0.11322629478571951,0.24755444655893602,0.07223430535796173,0.04591180024922951
0.12154298093256057,0.07814600643760843,0.1296745372516198,0.0376683167366929,0.1864205531645234,0.1157275428686309,0.24342914715957745,0.055432352053424665,0.03195856339536192
0.0846860785471815,0.11329070466332918,0.07635550748105992,0.015254989366800547,0.0908570554798883,0.1388181366006656,0.20238743355864894,0.18873626909303712,0.08961382520938886
0.21013237365329018,0.09586231860945399,0.02182547717041615,0.1028021108013513,0.1063122769745946,0.11475955794183683,0.004857596356752166,0.17352194308980784,0.16992634540249688
0.09229886733392645,0.08973407657846481,0.24163269845531335,0.05367642307840385,0.13281225563754454,0.09821334621857385,0.11680466180396938,0.10087938925316575,0.07394828164063806
0.2787583847907837,0.11732819806701274,0.04257860213316642,0.038972527633605696,0.09784063999889962,0.13588242107389864,0.05177921629102141,0.1283704522611561,0.10848955775045566
0.04012859530067591,0.11550694354662627,0.049443477490653844,0.14541730974044118,0.08346895369044148,0.06533146332357483,0.26617445209074614,0.11326291937408468,0.12126588544275568
0.05360857635995933,0.12275908068790943,0.08681481507290541,0.048510198386394955,0.10088087430814231,0.12032128086251472,0.19627981132721947,0.13809216707839753,0.13273319591655683
0.09852226234608279,0.109480833580545,0.13253127265311704,0.10338575407572365,0.13441574626618627,0.11891770688819818,0.057865926845185024,0.15098787151642082,0.09389262582854124
0.3093308321962767,0.09877287311578022,0.062691036966888,0.07784981017976286,0.13982788297083662,0.15176917581988236,0.020481750724529072,0.09644037961857392,0.04283625840747019
0.04612191035653588,0.10600063617965823,0.21180300041703068,0.16764007745274448,0.09579605690503018,0.10504192999420803,0.12750258208140097,0.08917583033216385,0.050917976281227656
0.46902996459922086,0.10107174059613255,0.1769294811861185,0.003132749556760057,0.08327401951610747,0.08289982151961363,0.0117856696367213,0.0479137490497115,0.023962804339614133
0.05931340692912124,0.08643143818196071,0.2164623445568934,0.14281688749824964,0.11969094218724173,0.0662921679771567,0.19245876834493938,0.0736997647306188,0.04283427959381839
0.15121930433191533,0.10558476872486844,0.02829419162041094,0.11178514537864338,0.2031482481528292,0.11727920355286271,0.07231140830918485,0.11004476298993633,0.10033296693934875
0.23249433951465556,0.09308819862308808,0.08139057763259362,0.17584371583967587,0.1282117831162627,0.06431865245902595,0.0515271586658832,0.09391646840634593,0.07920910574246907
0.3323500026014987,0.1017034944513786,0.11435651191160728,0.048360810153975343,0.16813842936517706,0.07258062096242136,0.00936961215759275,0.08357764442295716,0.06956287397339178
0.0346753169938494,0.1267872478557412,0.04827772994662699,0.16472523370207173,0.145204432013187,0.08829580180728101,0.1662603171665288,0.0983923532212969,0.12738156729341696
0.03569082554985876,0.0852496697777102,0.06182449992466069,0.08023457171157929,0.12615342611537408,0.07492855074454591,0.3170701485311597,0.0960260084650305,0.12282229918008085
0.04604917848999157,0.10507714346584378,0.07220403576609535,0.11854810548561268,0.09683622354313041,0.07508303076758337,0.21037053650050766,0.1192608390687317,0.1565709069125035
0.04052658414231444,0.12169691282855015,0.12884294510040606,0.14027806707868556,0.14563309011303704,0.10739257007392182,0.06915103951612499,0.1420060412178242,0.10447274992913581
0.3276310551901391,0.1099214373722816,0.14109883309522847,0.013368251969341887,0.1347539266393086,0.06675615316615112,0.028912642872797916,0.09062495100011903,0.0869327486946323
0.03277933687671842,0.09611637120808313,0.07216358166062291,0.11135044797397674,0.11156786621096577,0.10450059070988428,0.3059252694565025,0.0783817985560857,0.08721473734716063
0.40136490416969806,0.08574664979616754,0.1309811532670636,0.016435834736462082,0.14322843010754543,0.08739464287129535,0.025725670271422044,0.06922420232571992,0.03989851245462594
0.06359676034669094,0.12595474228595524,0.03982054073460068,0.23593804680669953,0.10445080748293524,0.0640316201739111,0.08762581306281415,0.11432665464721174,0.16425501445918136
0.040897379446213744,0.11510069844782848,0.03744255140444599,0.09340402404776399,0.12397942513809161,0.12322379199936773,0.07739635694677124,0.13765211232881955,0.2509036602406976
0.03792201543078339,0.13216739132862296,0.05112683883286934,0.18034470733602861,0.1075905321033483,0.09063872099051144,0.15573971446335796,0.12073384036622277,0.12373623914825516
0.39489159521394,0.09053722564587137,0.06897033723549223,0.0664901496662439,0.1219223029433314,0.0671380512524425,0.025911754582349785,0.10537566322758457,0.05876292023274424
0.09079454284869214,0.0972163950593674,0.04039249224989222,0.08170880135726102,0.11792254839082582,0.0923379739156371,0.20417042452221001,0.10773375073362827,0.16772307092248603
0.10291290957052261,0.12288496729807301,0.1648482298683103,0.023795826756394134,0.10417860759317354,0.13186933561107547,0.06927152494557996,0.1890000257437636,0.0912385726131073
0.17753415163744732,0.08672135781129081,0.12693867124646108,0.04464863088623964,0.08784824107532313,0.06725700773890604,0.2733033659604107,0.07498951344995304,0.06075906019396823
0.028265447954209353,0.07139498270880851,0.21894121260044777,0.03634387368103041,0.0723470386579033,0.05408349329032281,0.3849449281091899,0.07352967672686442,0.06014934627122353
0.35695871437881604,0.09398883030036846,0.05968540827656732,0.09470138110315575,0.12968297601176934,0.0744223770663857,0.041790788006760844,0.08674244588616253,0.06202707897001389
0.08430350768719558,0.08315004128983115,0.07291939546483106,0.03747109244108204,0.09502405890466821,0.06655028550039112,0.280612548327301,0.1252534548636822,0.15471561552101762
0.08648807730381586,0.12213552070915294,0.10498400450861213,0.01470152182976598,0.10344616192649048,0.12436542478735617,0.16253050099397848,0.09556695235512884,0.18578183558569905
0.15672528030494814,0.1098189708340939,0.04884035919291591,0.11216992645637909,0.14123643979009304,0.1164985584758213,0.02822490800399889,0.18305821225721022,0.1034273446845395
0.045157619506212776,0.1418603345350055,0.031037291470612415,0.0804547299167968,0.11212246407101702,0.12876773327606658,0.062404781193815755,0.2044236611387058,0.1937713848917673
0.04184253217976608,0.07282421857346401,0.13274448375361747,0.14049825323751333,0.09417089525784428,0.07996713134143792,0.3426076753017185,0.06134782862900325,0.033996981725635075
0.19047965692989574,0.12023019856568262,0.07153559722174395,0.19796559465571018,0.1136254287126001,0.06308202151229295,0.11140054717820531,0.08473719314076532,0.04694376208310388
0.03561428296527575,0.09987890394171284,0.04582550495840721,0.12550621145707758,0.09422510837840786,0.07501746299178907,0.3225183648824064,0.09576804505585375,0.10564611536906943
0.1221084418400904,0.09724801685174995,0.14940790493299974,0.05690583944924554,0.19772565203735323,0.07967907270432283,0.04792469944347364,0.16446193723401878,0.08453843550674589
0.03065664244641078,0.0850059921802287,0.19651055937402795,0.12748529319987062,0.08474030371661871,0.06979009615894863,0.21261852814497248,0.09424093756345829,0.09895164721546378
0.0580291175381775,0.09637628800580178,0.0980442830810665,0.07360633894104267,0.15468341617263706,0.13261902833899644,0.19552823178725456,0.10191187428384657,0.08920142185117687
0.08445178590513892,0.08387033099954101,0.24065972780704029,0.03230708804286376,0.16176661089812747,0.05878348613625919,0.06655748404825933,0.14521395716872007,0.12638952899405007
0.02681748493923278,0.11302022424974323,0.04178896636623989,0.1663846529016434,0.07330542585534335,0.08303763042830344,0.34054844560882236,0.07713583607886115,0.07796133357181044
0.08409632695090909,0.16710288934115766,0.04514290273519537,0.26318528437356586,0.08907552257243419,0.1257704987683936,0.047126482671323855,0.11615202909062895,0.06234806349639132
0.060529079183620486,0.10714170832003288,0.06457358438996318,0.10946938448716009,0.15500939264703148,0.08495719969764258,0.21443709269735325,0.10067902918090055,0.10320352939629553
0.16113333251471335,0.18551507414134352,0.03833813027579406,0.13734677877526397,0.11788400119694113,0.11704917474613913,0.044005543574173044,0.10872609588905759,0.09000186888657423
0.011448519463715773,0.08211181388815185,0.254451045249256,0.052275701372508386,0.1151537087664658,0.05027337425958087,0.2750203500331039,0.0932245964978637,0.06604089046935378
0.05635728832665596,0.11781260855672222,0.0792043359804609,0.061712535984832784,0.1371298550393486,0.08781732936362495,0.19577988130285098,0.13436169795770683,0.12982446748779677
0.050683295583527244,0.11145222143170937,0.04730396580454277,0.2765889381549654,0.09319739180650284,0.09271952915114384,0.10543252411485528,0.10187200448924849,0.12075012946350472
0.12748851991232069,0.12058267516480468,0.2139993319868816,0.037291370596894725,0.1105480665373958,0.1402090635563986,0.05195953328996699,0.11116990171639961,0.08675153723893732
0.07816275166731446,0.13653787820778776,0.058403047380390205,0.12413291326883373,0.1610190720873315,0.16814444641635226,0.07633461072640699,0.10197314333391934,0.09529213691166376
0.07760808499191074,0.11548574208146224,0.02843626264484138,0.05606871463771712,0.08628798273135437,0.10774183286328415,0.16198235312021736,0.1599186492548769,0.20647037767433565
0.030175766194702126,0.07491605262506212,0.20698225546399632,0.04403252202757026,0.07917056511918542,0.05403929469985699,0.22192251725106912,0.08467072297991114,0.20409030363864647
0.050926391262369426,0.11493072809578535,0.11072279850983287,0.0789526684458146,0.15615305808663835,0.09508489400581932,0.237140658628442,0.08308768206237861,0.0730011209029195
0.08532296230282925,0.1260475465838915,0.06827605427519555,0.11729933628223428,0.12766795819622215,0.10900040842468402,0.13848254891781284,0.14685560616496854,0.08104757885216186
0.24490925568257196,0.15050485079523665,0.010679068816479946,0.03225853102255645,0.06608946406664418,0.20143744653123505,0.005138175842968077,0.14693558595517667,0.14204762128713097
0.08839787535883781,0.12836522650839888,0.026874636293579075,0.23214974849875247,0.10804546345078873,0.0819553602638974,0.18932674644451397,0.08737487112165915,0.05751007205957264
0.2736134278900757,0.091961524687117,0.07633856740058868,0.06840335257615222,0.1519255972783747,0.12130336462557094,0.09818271796433704,0.08059248845682498,0.03767895912095872
0.3732584006716578,0.09456201682921717,0.046677982893820025,0.044556833874399425,0.10226822524619474,0.10054947237776213,0.03210096150743147,0.11371879230401238,0.09230731429550494
0.055421760419599675,0.1272378852979066,0.0762816266838127,0.1996156084595225,0.11981132856434377,0.126536532737305,0.0752553353315596,0.1044667435206671,0.11537317898528306
0.13487482088085848,0.13804738594102395,0.05183882135144552,0.15915249374308996,0.1615331349467434,0.07413890491092655,0.09358830893155094,0.1026696145823679,0.08415651471199331
0.17917425353063832,0.1087166578560227,0.046483684742117455,0.21268788229987615,0.09447910835555479,0.08984901308562225,0.014331722360890935,0.12016871372242065,0.13410896404685677
0.09087615765704012,0.10655823900967337,0.04833030821610096,0.02373734603702707,0.08906152280667294,0.06776020040891566,0.28374057366297806,0.1148155418052678,0.17512011039632394
0.08562633971592426,0.12135928224106153,0.12556186508540537,0.07683130522760147,0.11354930474223589,0.14676273688607774,0.014847593958527474,0.1461210141491411,0.16934055799402517
0.06189867428323883,0.12126111524441496,0.10547164706401002,0.14273801238339553,0.13186376858375956,0.1286404320901144,0.02895745686520336,0.1534548351696008,0.12571405831626262
0.029576076496914017,0.08532924355499681,0.09122576913227119,0.10134837360292409,0.06553337251571939,0.07773198714239703,0.39181189977240843,0.0832701716728113,0.0741731061095578
0.034471373753136095,0.07825839768473052,0.0813443658276146,0.10970534545244415,0.09588325932957213,0.04840263389003734,0.42311879507106726,0.06893826158386213,0.05987756740753578
0.028823031158084655,0.1038551505858547,0.12338650438128096,0.04584514813666744,0.07338832908472871,0.08684050458539566,0.15090508997949953,0.15920702474310547,0.2277492173453829
0.15781849091386288,0.09996350073132726,0.07936576457643885,0.231601634160116,0.11743127873848669,0.1401202902807167,0.012805090112781739,0.11121938441610613,0.049674566070163816
0.2948022373119567,0.15170913619099194,0.062001146712791146,0.027239203715502914,0.12506194451001018,0.19720655947481935,0.001229579210076919,0.09410353659753916,0.04664665627631168
0.029265593520934382,0.09644475397520529,0.12759472840538047,0.07161373276761301,0.0888974234087402,0.060837856600233615,0.3900644915955877,0.07340279803289237,0.061878621693412995
0.1414275455023554,0.12086017862392613,0.10473503378269762,0.09887393485938716,0.10538790197221105,0.12866403270946844,0.08449524734291225,0.1273538661435741,0.08820225906346783
0.19899166145919353,0.11105027789437834,0.07755042633968391,0.0634174665607939,0.1556879936286417,0.1296581248519426,0.054039010172777784,0.12030075599721297,0.0893042830953754
0.04293106049766052,0.1377632083917277,0.05059693823591089,0.03736456255672805,0.08645374707556804,0.10250926319933755,0.25407746819024113,0.13512374779547884,0.1531800040573473
0.044008218207861945,0.07316475039131305,0.09276472243794859,0.12328412760307263,0.11927336139876775,0.07389008315266203,0.32149578225523984,0.06991553675031463,0.08220341780281949
0.0483808101812033,0.11997573443576269,0.20752370613056562,0.04851565770736387,0.06428158417421082,0.13465828033379076,0.020745292416393828,0.16806260919763094,0.18785632542307817
0.012922711288782208,0.07662692557955549,0.2654306920683136,0.027645469017048785,0.08478827405203615,0.07387124737836516,0.30635360555632746,0.085714726444073,0.06664634861549815
0.2680241534890348,0.11047526597863284,0.020750437979618636,0.10721589054704606,0.08776682965485633,0.08819334150108275,0.04454623343886963,0.11308844772966713,0.15993939968119175
0.17614469670340724,0.1023971014885305,0.04140683827326173,0.020246886201486628,0.15976229483459178,0.1335532794072724,0.024394758641751235,0.13780805084996886,0.2042860935997297
0.05799081338623977,0.07919049823877104,0.0788099909156654,0.1720313028409128,0.09794019475519682,0.06635221484312126,0.32128534851101503,0.07534329678044453,0.051056339728633326
0.05279017216677393,0.08754258548234602,0.11205186159861387,0.08588337732862446,0.11186613449442102,0.09824708943339384,0.2183704425092571,0.099847891731778,0.13340044525479164
0.07979959998207427,0.09517526922602426,0.0690723034908547,0.04309280680517746,0.06159442880454993,0.046927855005208026,0.34910626954459484,0.08211315901436946,0.173118308127147
0.11125339904688088,0.12504089821906228,0.04140448658468323,0.09881475189037474,0.11108584438005997,0.12895661748631027,0.09982639578814845,0.1394649910736835,0.14415261553079672
0.09575188256138613,0.09395904075126764,0.08255435160693897,0.09385346993086141,0.16056310200424792,0.12340671989326868,0.16334721405677166,0.09469605981413316,0.09186815938112447
0.062350909476414695,0.08829515765828437,0.093119993629186,0.06927955163678905,0.1593931546764559,0.0809816325469996,0.2836758158162504,0.0895798545607317,0.07332392999888836
0.15717145840276536,0.1225379297687087,0.015655913736767956,0.13239285224867173,0.14559334937291374,0.1479581130241208,0.01597040085367847,0.14721216916336174,0.11550781342901151
0.09215223925799455,0.07011836760192264,0.3556389786595977,0.053283910568908154,0.1450045355190219,0.07548131772499829,0.0868961894427918,0.09101774960560376,0.030406711619161243
0.2742895650813392,0.13866220523216358,0.07344819978591809,0.13812167370058268,0.08612731552225415,0.09927872589453633,0.006339935731301945,0.11998102877121547,0.06375135028068842
0.026918636735422274,0.07449223712409507,0.18020748765346983,0.05083019258682938,0.0734346395922398,0.08240666040833944,0.3130844306636286,0.09201787482248086,0.10660784041349484
0.1882372446898255,0.08060032900498416,0.2644172278877432,0.005399219394334846,0.10421264375489007,0.07559350674399433,0.14530129241688264,0.09114284193890597,0.04509569416843926
0.008953117725043683,0.06505428142665695,0.34778980660275716,0.014918243788933616,0.06466007811222153,0.04396470025057828,0.3304695768216746,0.06984422853092356,0.05434596674121069
0.32968970337648756,0.1187659747185514,0.05914026751663798,0.017874526444240035,0.11316137905999901,0.12610779374354966,0.011961414212832956,0.12753969369632415,0.09575924723137723
0.14201910567235013,0.12447655681174019,0.05869314221826797,0.20079871491676013,0.14722506163406893,0.10914586286271284,0.005648512070212931,0.11252247929932076,0.0994705645145661
0.05163837626394329,0.08126168000313834,0.1740270142561379,0.01819063462211741,0.1085338398756005,0.07535436231629074,0.2576860104928384,0.09964407787072994,0.13366400429920347
0.06782520511307832,0.1039072350728512,0.03331815304291636,0.17384315056256797,0.12105416502903592,0.06714640389850716,0.2322895234185678,0.09519336458872647,0.10542279927374885
0.13274852810041698,0.09461546512048215,0.128017251687073,0.04191784968869463,0.11781667337927215,0.10267648312718054,0.2771312025301735,0.06587542966609548,0.03920111670061154
0.01843039289523102,0.09367951052648976,0.23661623189621336,0.07766645560414875,0.07467192636148497,0.0633180921903644,0.316288647183564,0.06907236494576739,0.05025637839673638
0.29270151061528504,0.11207039903052148,0.05804486362496364,0.10625447264499537,0.11038102922480623,0.17016890229293913,0.0337139194589506,0.08014059682525586,0.036524306282282745
0.3852872078682596,0.15655130912347145,0.1884179559718793,0.0073052408836168335,0.08674630545374384,0.10387282982787434,0.01668128075476635,0.046211464856124713,0.00892640526026369
0.0614978739391285,0.09423632307806502,0.054650681547697255,0.09782995911350566,0.10977284117278191,0.0990687841579397,0.3189531457824707,0.09446684533369283,0.06952354587471851
0.2881720835647223,0.1213979054201036,0.07202565386811671,0.08216266878653243,0.13570041179615652,0.15881525982489522,0.02174416976167125,0.0782107668130948,0.041771080164707264
0.4656378108532246,0.07120177514246473,0.03590871052265942,0.041031111896997825,0.14458934408964055,0.0634698226897039,0.0032902370825350588,0.1046017709975116,0.07026941672526231
0.05030022028749533,0.13016152337293166,0.0834609582875988,0.21173960497264654,0.16287759068432517,0.09081210437931615,0.15942739284370608,0.06778002744764051,0.043440577724339735
0.05317944486383999,0.09823214796180675,0.2163698742647618,0.06273399094313681,0.09953788925929619,0.059343180504319894,0.13502961426559204,0.13004657545042878,0.14552728248681776
0.05770516511994886,0.09915526821347403,0.08198325919353454,0.03986691734784425,0.13832198746940758,0.07562307484240247,0.29745518395175335,0.10468940182167275,0.10519974203996223
0.1726599783104489,0.17632954689480837,0.02312945232131126,0.06945635921241552,0.08907470819562263,0.16531673563744023,0.017660262965398233,0.2090198286928486,0.07735312776970622
