0.09036280648944255,0.20502600362819343,0.21000633497808763,0.08542711102585497,0.025914404521880905,0.09855483475897314,0.10690971804495109,0.11141338705081211,0.06638539950180432
0.10432373670625977,0.015297740636903909,0.0347451663516856,0.2590213692044286,0.08863544201832348,0.14888246631062213,0.10080359304083507,0.13622961582257434,0.1120608699083671
0.10365021664935607,0.017947766943705045,0.07331474332664756,0.08353771294252392,0.11702606768918682,0.13755666991972373,0.15098192574254285,0.12660594267203262,0.18937895411428132
0.10584047927819774,0.04969096203538151,0.31010764522310463,0.08358926374232072,0.04026080641495892,0.10528773091317167,0.14597190004361268,0.10593386021500001,0.05331735213425217
0.09708600419920581,0.12560947272506656,0.2128663816659678,0.12348577898329217,0.0619532565574909,0.09502378932139068,0.12001564763297008,0.09933462727474414,0.06462504163987189
0.11877957513727798,0.2151439249586435,0.09426729747554068,0.08381902999640249,0.06494946948933504,0.14032044128786106,0.09020101422275617,0.11482366487731262,0.0776955825548704
0.13422952765061394,0.01187086329431866,0.211996640811523,0.19869353105730722,0.03534094918350129,0.11276130120055418,0.10435259187263267,0.13067709942679442,0.060077495502754624
0.0987222710403806,0.46518641169174946,0.0384720633372228,0.04324527874935929,0.08549119210403318,0.07727092846358653,0.05385494589394594,0.08200965968608169,0.05574724903364044
0.21008369848576394,0.06194694283705349,0.08499908227846709,0.08433955888564422,0.056830449619525825,0.12035204662317843,0.09092219341048464,0.11573170198995923,0.17479432586992313
0.1769765466941692,0.03042651137625918,0.10725190107552679,0.09027708276606454,0.09071402820728597,0.1550785582583435,0.0699794381194571,0.12616018396802245,0.1531357495348713
0.10902214085339175,0.01998219573751445,0.10725768561801026,0.15038327772550397,0.183056917014451,0.12928187905516383,0.09907689777336802,0.11337993399893585,0.08855907222366084
0.15000728011822026,0.1861537217410235,0.10086164890528271,0.10259569747735055,0.059653841277625595,0.11437893452893912,0.105105246053589,0.12679234436802586,0.054451285529943494
0.16747480140205673,0.039326297823287844,0.039390253295777534,0.1076554182983322,0.08329789003258195,0.14637837147452162,0.08060497183370975,0.1653301142669167,0.17054188157281566
0.10753609365065188,0.03560239004358535,0.06322214854233874,0.14257056412957828,0.1826488772785877,0.12464595392833362,0.10191161855345214,0.12278208491563586,0.11908026895783645
0.10693936675910838,0.13242602004464846,0.12084400652678846,0.10388485130619761,0.09839816191914934,0.10836725915860075,0.11489062381235012,0.12258055287231157,0.09166915760084533
0.10327303819237527,0.15506708810034706,0.11108412291282754,0.08382462299442152,0.0474470479782258,0.14568829534257918,0.1298407363631839,0.11815164638004767,0.10562340173599205
0.11790845079877814,0.08437880454204776,0.0897675959800633,0.06277397863775708,0.06854112532548808,0.1465398980247453,0.16050015072322402,0.1161293743485825,0.15346062161931381
0.1035073696419075,0.01536168463536756,0.09578255090917225,0.06689036463175421,0.19171520103902248,0.11135758337780395,0.10577169719420838,0.11447122255620934,0.1951423260145544
0.12322806919868823,0.03430487382001348,0.09011078222956416,0.17273487245536176,0.07615305088244936,0.12038498154487244,0.11344063372925499,0.12487630731539849,0.14476642882439708
0.07473700464856188,0.013063250806943302,0.09987702620205703,0.19522672702743604,0.141253986411244,0.11034926724452164,0.21352201713163388,0.1011193742178319,0.050851346309770395
0.11078338890958801,0.15405910134470885,0.14506160571232637,0.09169854409178645,0.03515024249154728,0.13731509960924615,0.10546697181405447,0.12733018779867497,0.09313485822806755
0.15024692847429008,0.0706767431647965,0.12168361326309925,0.08093909490094424,0.14816702402990603,0.1119749928542742,0.12944005093639857,0.11866532727561123,0.06820622510067993
0.1978431033439022,0.12174918958598362,0.044193522364698264,0.06832841376555321,0.08163494655505978,0.15432643134306753,0.06828630151443281,0.12954779357655755,0.1340902979507451
0.07823838169556303,0.012562719876550464,0.1106837097999832,0.22257832771154748,0.15372486684484343,0.10567375226289281,0.1253430646467556,0.11158136047956817,0.07961381668229593
0.093441192612432,0.41379884673160516,0.07930316501212874,0.035194869190640986,0.10249696110344587,0.06587835485200579,0.07634643307694912,0.06932483314798893,0.0642153442728034
0.09166323121059981,0.03325841166442687,0.280181486427014,0.1474231724519273,0.032798834840195426,0.10894783300798588,0.13674098977533664,0.10751159146804369,0.06147444915447029
0.10795532544040863,0.011280549133426831,0.09682618957025986,0.238278703343898,0.058135883717248475,0.15027951383661123,0.10798148256677946,0.12325676377063906,0.10600558862072847
0.08080800406116755,0.02348813828375212,0.32428072902511235,0.08823295359778853,0.025822873432564314,0.11656377206875705,0.13147466116789394,0.09502445688739765,0.11430441147556653
0.06061027185686815,0.44530662839888,0.10447586948206665,0.03194595176056823,0.10791820535954855,0.06910118868271553,0.0648116650097373,0.06578157718001588,0.05004864226959967
0.1036587786829513,0.01068657778191256,0.05323183615066679,0.26572829483488714,0.06497424088307226,0.16769343206713783,0.0969416450646084,0.14038915362777146,0.0966960409069923
0.07834088512979313,0.2990863670777634,0.15448893877783623,0.08465608145488489,0.050991808660658465,0.0925193225153564,0.10311795696920008,0.0850921481046325,0.05170649130987479
0.12351753884738494,0.03922445395232961,0.09415796134387151,0.09159793174975105,0.06472202865929753,0.14759804492813822,0.1286340061858395,0.11622085352873734,0.19432718080465036
0.12137256950155861,0.10852058688276271,0.10660394894169513,0.09114665261374318,0.04942537682334216,0.17801971223733173,0.11949210088076685,0.13501720122651534,0.09040185089228424
0.17225036493412937,0.10223958343498939,0.11040833403237026,0.08679468311527898,0.11384869769628884,0.12355954746009686,0.10451123226836813,0.10256781462151898,0.08381974243695915
0.08748734573773755,0.02112662277272681,0.1306809739918399,0.244172990296472,0.07618493229417339,0.12723792523977784,0.10887024663990719,0.11206508614808754,0.09217387687927785
0.141146891366121,0.01300082081795093,0.18073394430825288,0.16654225551862759,0.05434910429397736,0.1063056374886318,0.13218458248554443,0.15140907269006385,0.054327691030830204
0.10494978478358492,0.02576865601987997,0.054218005938823595,0.1619888333821131,0.08048373432671593,0.14769201377902594,0.13470490322308126,0.1441625033286825,0.1460315652180929
0.09212280158370616,0.009935458409671806,0.0810910318140637,0.08139998365862465,0.2001180663894271,0.1300597130212736,0.15163688270058776,0.11481433820714258,0.13882172421550262
0.1940812843456301,0.12287141354115887,0.028915340106967547,0.06196014604993289,0.0970022900454247,0.12434335721881266,0.07196252579564098,0.12904808942610538,0.16981555347032687
0.11560894750343294,0.018549247627312856,0.12542186319951762,0.17261657936200767,0.05604803836003027,0.14756961095365875,0.1022862389888467,0.13672777296593955,0.12517170103925362
0.14752875994412204,0.022823384302939953,0.127097284846153,0.0877358350242783,0.09987187128534462,0.12590832333596605,0.12656834086632615,0.13454044596083106,0.12792575443403878
0.17712283830319642,0.10657790027172159,0.10131110750846739,0.11820092322867155,0.07123596911418245,0.11423288743333826,0.08709814406420154,0.12124622652909565,0.1029740035471251
0.14346497570393266,0.07382006981234006,0.051515693137490014,0.09609281260690032,0.1032717088676567,0.14226945566848745,0.10129636534552199,0.12666566200267396,0.16160325685499685
0.10206542832596961,0.27631670778814627,0.12298888227354694,0.07000644730504584,0.08252466242682051,0.11612687992429367,0.08111005466276128,0.09162478545594684,0.05723615183746903
0.09408584918819778,0.02281083509215361,0.14633611806260502,0.21162406258319144,0.06737092175480437,0.11304744654561481,0.10598079101916245,0.12451206075797128,0.11423191499629927
0.14206671316435185,0.026398742782013856,0.04757367382097833,0.12745938060749287,0.10473837564576964,0.14123380440589423,0.15554890154738735,0.14987524590353765,0.1051051621225743
0.11864959380425681,0.11806542676484118,0.1641502907165677,0.08398855175124342,0.14282172293629627,0.09799962878139919,0.1003705725789995,0.10523147557945149,0.06872273708694443
0.09640339777831074,0.03411332178957783,0.09316609794014279,0.19578079507324064,0.16641361752191874,0.12869292557148254,0.08834083060846581,0.1090086693805284,0.08808034433633254
0.08753901944616609,0.22891507800702993,0.1930506697371354,0.07063576125982479,0.07707492429312335,0.0773727732056055,0.14777776066417872,0.08329789458035335,0.0343361188065828
0.12422145357819651,0.039468479334191335,0.042380704620824904,0.1374242572633588,0.13674122652116127,0.13331528865249193,0.10735211988337989,0.13310216293564092,0.14599430721075446
0.11013321601605887,0.4704124435425112,0.08158446264111804,0.03770487474488651,0.04478401803787908,0.07696356172740146,0.06700926719500015,0.07402426938233313,0.037383886712811516
0.11711798582602213,0.10205844848696523,0.07561643731087402,0.09512181458867862,0.1047101464640174,0.12473766825705752,0.13583837409988983,0.12781213288460147,0.11698699208189371
0.1142448141188624,0.10193245765396348,0.05406829605097757,0.1213912606751618,0.10142100001782833,0.14586764853229464,0.1033282858063647,0.13672695243646435,0.1210192847080827
0.12508081016538997,0.04095465281776268,0.1463063398247886,0.10925065978254649,0.20681185040842442,0.10227963614764186,0.0880636741617185,0.10402537306318349,0.077227003628544
0.103456995024363,0.039233447116643554,0.14880168481294112,0.07015047180045138,0.09845711282378489,0.15435724811136145,0.10026053148308871,0.12146394204220223,0.1638185667851637
0.09900007519781949,0.18878916923828867,0.06214454892036619,0.06179832813631427,0.2182801759257095,0.09835553592526376,0.10951085371464885,0.09531204207607996,0.06680927086550925
0.1930472016938781,0.027657818059634288,0.07914012623809363,0.12983892628047647,0.09315134510347252,0.12354332394801089,0.10215880856853739,0.15640275968851475,0.09505969041938202
0.12091053767226584,0.014720509366193174,0.13019612280736179,0.11611735823083862,0.11109051377209615,0.11063651463562187,0.1659096683221255,0.14070238490321688,0.08971639029028027
0.17583516356806314,0.048117792844033884,0.08428981260470035,0.0825019417199213,0.08675873700129427,0.16274225741175427,0.10705728366511112,0.12447563325516814,0.12822137792995356
0.0697592037845855,0.10975479490779864,0.12393006892643348,0.1785325413960287,0.08262580457852813,0.13142613241311052,0.12600979028772544,0.11003682444728125,0.06792483925850841
0.13538243293800223,0.09548315979989958,0.08367606736716597,0.05858322281400811,0.051234870072768175,0.13280327264213407,0.10148333471006389,0.12096673804436751,0.22038690161159047
0.14718490666591608,0.08531932895988924,0.16054469273374591,0.14765609443740688,0.07788754099538155,0.10572537738203341,0.10562827559909665,0.11709324957978325,0.05296053364674699
0.20624734732015204,0.1486580257874209,0.14484057513041448,0.07901157797257986,0.060871144827509736,0.0957751832784598,0.08876771174620617,0.1168990802054158,0.05892935373184125
0.09435604573330603,0.05036004958680198,0.288194162917143,0.07356297966521677,0.05436287383560892,0.12837940073718823,0.1072553074330872,0.10311425489705696,0.10041492519459094
0.08753583628668297,0.05402893300205641,0.16800583268351976,0.06763927792554981,0.11466333537954726,0.14490372081947234,0.10528302881632377,0.1090353091617189,0.14890472592512874
0.06775583966052658,0.25632635434519035,0.15467457706192464,0.03391196465790968,0.17245778299814873,0.07496995591044271,0.0980265297287592,0.06978760309236857,0.07208939254472961
0.09309012214651641,0.022929403224209114,0.12257866150223405,0.1428025511952404,0.11454419802603721,0.13332433423987022,0.10627136459914614,0.10655727996593754,0.15790208510080891
0.07813895243349768,0.006646252945329556,0.15934212031463985,0.1606257858119534,0.06840594367952,0.13940225736590475,0.12411429087481103,0.13403545237247919,0.12928894420186457
0.11270672722373276,0.00617908399200552,0.17504846784183514,0.13634481308631274,0.0970139126372746,0.1393498300455911,0.10596315267998385,0.12735178494508823,0.10004222754817604
0.11854623004978383,0.0328507882258719,0.1779144995012599,0.06749287913934347,0.12093077788281119,0.1443505583173351,0.08805192752516881,0.11223263845810634,0.13762970090031956
0.08293412407191494,0.12714179792490718,0.07903305785542726,0.17057789836513318,0.07068115174949464,0.11498618978329589,0.13600487098671735,0.11272445206992025,0.10591645719318928
0.08416044055300032,0.14939848917076723,0.12049773952782357,0.10772015520168421,0.13889920717468526,0.10875851600086883,0.10997585623090804,0.10386468883913585,0.07672490730112669
0.096004358275242,0.021631071836780962,0.13448354770016988,0.19716473303001378,0.031463194438028134,0.14544509610525455,0.15240332031053683,0.11123424616609427,0.11017043213787969
0.1055237512930784,0.028690184454961586,0.06297248363089264,0.19816121405056442,0.24007940065805114,0.08973817217172302,0.12076679283673136,0.10015792358922963,0.05391007731476775
0.10375140281067056,0.004154590495524369,0.1064783816917401,0.2946957943452891,0.0948034433689764,0.11557659137635566,0.07490991092523536,0.1306631048709818,0.07496678011522671
0.0707924147613663,0.2775143920758338,0.07532512272325706,0.106140390725963,0.04809684363046418,0.11264421485465316,0.11469008966076977,0.10138542744004196,0.09341110412765084
0.10284611090859737,0.11116519434890139,0.14684949073133838,0.1060209718227778,0.14662131455708283,0.093913321982676,0.13077498123890433,0.10676728590480829,0.05504132850491352
0.1376803499685593,0.029477829001770057,0.06138522925844451,0.15692280583991527,0.0843902772520652,0.15781581329449842,0.10035809333278066,0.13973931832468836,0.13223028372727821
0.1274177835427902,0.019296635513795193,0.12649840384931346,0.18513302217917985,0.13239988074860667,0.12526943259974657,0.08625963226840844,0.12085593376640795,0.07686927553175173
0.11112934520042538,0.007250551250458699,0.1130246504012643,0.09807848353801124,0.06612818489818235,0.16267749964209624,0.16095637177195188,0.1223955265265237,0.15835938677108616
0.15034303148977157,0.03367655857171621,0.14678043041342168,0.10289055229036566,0.11589074804684701,0.11918694596356372,0.12256240381904615,0.1299782298741877,0.0786910995310803
0.12802340626616335,0.003264724724404263,0.11730651675540667,0.10185437341409104,0.061622000535603016,0.13868488549998223,0.11186237587042187,0.1465127541668493,0.1908689627670783
0.08003680841930345,0.00680404202210282,0.10317125633999731,0.15149381199244558,0.12357700553258318,0.13561788139340963,0.17882657520018422,0.10663066557755761,0.11384195352241623
0.14318538694406693,0.0379342378394208,0.03299885645581877,0.17263430070032001,0.18255115954041157,0.12739130549045038,0.08026377377910908,0.12813577612222027,0.09490520312818225
0.07680084268421601,0.34857618326335954,0.031543371504760734,0.0725826822321721,0.08974975766407452,0.09839532266670714,0.09801264048609949,0.09469563489099082,0.08964356460761964
0.08650305512102498,0.025961462966322887,0.1064130425566767,0.2837722903022491,0.04659490823046186,0.14228322701886106,0.11874357011676828,0.11490440229681538,0.07482404139081981
0.10176942488691317,0.39664791902880414,0.1320740683093621,0.041248492633453045,0.05315070431674072,0.06774531426313357,0.0869604427989384,0.07102699318336687,0.04937664057928794
0.08399672590581146,0.07025843626755726,0.2694557288085795,0.07907133469597623,0.09160887272512343,0.13134913734730072,0.09637243585824605,0.08765383508936582,0.09023349330203954
0.09532192321785493,0.11068035473628372,0.19908480771911022,0.06434666004755256,0.05087858117237561,0.12987497596706166,0.10762894371089106,0.12644148308249634,0.11574227034637395
0.09899247889533418,0.03158130247389553,0.06879703651713204,0.1508223570750769,0.11547095343808288,0.14679198242582525,0.13143762073770898,0.11677188266903588,0.13933438576790833
0.09636096136879445,0.03810293776369141,0.04913103558723205,0.23189354816333477,0.07205837142970138,0.1457534387450475,0.11789773184521761,0.13727083088133119,0.11153114421564975
0.12276731467809966,0.12900588773577823,0.03129820269980663,0.13828696299341062,0.12523342205335972,0.13326280576179736,0.0829239333459156,0.11950782696188851,0.11771364376994371
0.1237436068238753,0.028393377199113917,0.25091163999510574,0.1328520973956584,0.03366377871485156,0.11073838562301387,0.12474485192143492,0.1311268652051353,0.06382539712181103
0.10411111936490554,0.08412289666056337,0.17389732223064702,0.10743834996788777,0.07473048062000044,0.13715056850691992,0.12571534127328457,0.1054604584606033,0.08737346291518804
0.13998203963944225,0.1125502068071458,0.0533231188190316,0.11396329120199832,0.059649917246059635,0.1588418180326497,0.10490285173996695,0.1352607385713164,0.1215260179423893
0.17758008206406725,0.04160579270105354,0.04720741054838996,0.08321735344824908,0.11584253051749616,0.1297274565200189,0.1183911165456004,0.12443828740533847,0.16198997024978615
0.10737907948573278,0.11696305683149721,0.14831363592637992,0.12288016889981608,0.081547869681327,0.12068182095100566,0.10372165159671347,0.1039486170874127,0.09456409954011515
0.12885545022582867,0.021416650220840137,0.21708697211335,0.08988349413013479,0.09760059553628826,0.12078987961751676,0.09222525735054636,0.11599997729864646,0.1161417235068485
0.13734566782880786,0.013195534694445876,0.19548942414207301,0.11482393274930286,0.12230318682787493,0.11150801958970342,0.09678952706177198,0.12573708230165445,0.08280762480436556
0.09747104660218893,0.11519999567808832,0.1642391911924427,0.06544903878540127,0.10536362082951777,0.10887771701311742,0.14885516178683722,0.11108155561120442,0.08346267250120189
0.10932853025099627,0.039639994531752105,0.037569444216588706,0.24141341764933624,0.1291252909983445,0.13776687349850786,0.09392576171197049,0.1289347068158367,0.08229598032666709
0.1467335809206243,0.06517278500938598,0.14980331207041808,0.09240341584728078,0.07506768463884206,0.12392255427813022,0.14268381958532303,0.13317521231901983,0.07103763533097567
0.06110514169476864,0.15887559785033875,0.3742707919943373,0.05717640430597757,0.05089345968426314,0.06724288732231862,0.12181486604698176,0.0723786830241153,0.036242168076898895
0.08833687597829654,0.02118024901617278,0.20860261459184914,0.14228178189357263,0.16134907972116413,0.09690119740713198,0.09573376673260775,0.11106915023419588,0.07454528442500917
0.14424539257102045,0.014231651800720087,0.028198068246664407,0.14290160432816681,0.177979934003335,0.11144675383333652,0.11342421923604111,0.13075253790690197,0.13681983807381357
0.09793413983770728,0.01121469363598821,0.08264819121914307,0.1572141613790223,0.19224276978446922,0.10816771772326367,0.10763907430426443,0.11585652839385985,0.1270827237222819
0.0821859171822441,0.04944500779104551,0.08067326059183891,0.07747257349083819,0.13184983080748905,0.1214311529538004,0.16558245632537863,0.10300395927203383,0.1883558415853314
0.10961728403319941,0.09735309074055849,0.11516482805157914,0.09670479409967365,0.16055430037874882,0.10597385054583151,0.13884768328625008,0.10956609167992325,0.0662180771842356
0.056450140472689085,0.04129140654963386,0.09687801074762303,0.13710448042245493,0.08741134113511917,0.14108750433213807,0.18493098965694618,0.08478490706067783,0.17006121962271784
0.18692502594950375,0.03409004633920336,0.05093765650945822,0.13783840974698033,0.09599055875559827,0.10300355635277741,0.15367108041889357,0.16754977898249712,0.06999388694508796
0.1349093408382844,0.1674412753123985,0.0987358839154124,0.07419979396523353,0.08551333663043732,0.11471459980942773,0.10826889158642217,0.11529458508159789,0.10092229286078602
0.0834434388422733,0.25341103969037015,0.05572678676562293,0.125558616551746,0.07389793964200674,0.11000421225357597,0.10423726698985071,0.10127591368222431,0.09244478558232998
0.08840764026194665,0.010080546104114808,0.16689348969464715,0.27817943079056184,0.05548128502778438,0.12389776353748616,0.08784781120161116,0.11649451611231017,0.0727175172695377
0.07886810832959462,0.009556023432853916,0.08536769313565988,0.1835749135476653,0.2128365376353695,0.1055743239996398,0.10732374780709074,0.11292301675863352,0.10397563535349269
0.1281204548846823,0.07383757738396202,0.10036236699486556,0.11488324054546145,0.1466128781288389,0.11160621720412373,0.11371346769225381,0.11010239533337109,0.10076140183244113
0.12609465783762375,0.07461231720693963,0.18201996347358873,0.06516218795905995,0.10411477018677694,0.11631613747821196,0.12649273434244002,0.11126621917243597,0.09392101234292309
0.06985987388353561,0.09352182187803461,0.11307291793345475,0.10164751264582016,0.13633962482544135,0.10755445447779081,0.14718104441147517,0.10630681538137367,0.1245159345630738
0.11587474181183625,0.09023396880752921,0.05807586471945084,0.09879231789990456,0.15895896773661858,0.12666232773595873,0.124739524280243,0.13998915291775804,0.08667313409070082
0.06237879929216834,0.06227995090700191,0.1575895252304581,0.13232100556093848,0.2353310265002805,0.09359313716585649,0.10762150421632799,0.08397202962677562,0.06491302150019253
0.1259116198638368,0.013432007909382038,0.07389169045159417,0.23900991733978771,0.042163810210914886,0.14731101540501604,0.10515804657893273,0.12930230616717275,0.1238195860733629
0.10399446127266042,0.01944567708541894,0.05968877504954176,0.13625276543744871,0.17242521985711942,0.1341643717879949,0.11857029934488254,0.11625396803595599,0.13920446212897739
0.10942336606991988,0.2959608223202678,0.0988510097048557,0.06433005041005713,0.08408671409885221,0.09009240513158294,0.10401697608773212,0.0891971665078825,0.06404148966884972
0.1364737669627812,0.19847481066059325,0.08961845080227732,0.06920010297166347,0.1209926161307885,0.10206583961139713,0.0894932259447957,0.11783245384032333,0.07584873307538016
0.10419707906461921,0.03253788432758111,0.21067394076571486,0.08895068054308397,0.12402365595201076,0.11699441526286584,0.1071487328245936,0.10467648236483566,0.11079712889469494
0.12446626881052403,0.08358509087681894,0.10309342492442851,0.0752245336554336,0.03877688790179803,0.1422307409387867,0.13463973643721008,0.11913549006401943,0.1788478263909806
0.12190319333269717,0.2307562263299988,0.0907855112908333,0.08279637071275256,0.07968739141549543,0.10886922341053691,0.1336939824904979,0.10425873367167544,0.04724936734551249
0.09293991879148107,0.030770479892523985,0.20329595050735602,0.1409555101149274,0.056544088568309524,0.13095590014757985,0.16348694868334981,0.12019078959248168,0.06086041370199069
0.11979617310395935,0.02161645025371708,0.13315046463057656,0.12014864003786156,0.12582178842336902,0.1377978450746875,0.12119452032740925,0.11174964959615906,0.10872446855226055
0.08954729865698491,0.0014646005931898047,0.09428833867503554,0.1638827501876614,0.14119067388979573,0.12568164301275217,0.10940518252323118,0.10732800298726103,0.16721150947408817
0.05109260332261437,0.20854615595815376,0.2534739936822732,0.11885411843882547,0.013244204953064977,0.07816189554611143,0.1471270776958315,0.07853342057323791,0.05096652982988739
0.06340148623729985,0.11803699363870496,0.29287665818189673,0.17663655320220636,0.05604800258094011,0.07167970763043414,0.10296766607605377,0.0776973729146358,0.040655559537828394
0.08909003739702194,0.08704767763603138,0.024012759255601836,0.0718916547182941,0.20361201993861064,0.1011946995024013,0.18370976739745484,0.11119875940109673,0.12824262475348722
0.11351643750101083,0.005477082913067518,0.07421084387816386,0.22981372570720118,0.10887216656809932,0.13710476301497238,0.0904464014098728,0.13389044092367294,0.10666813808393912
0.11410276662190626,0.006126305479188116,0.08151245050679137,0.18881911029245776,0.12593357866587904,0.11643370852545852,0.10678001996705701,0.15673244237872422,0.10355961756253768
0.09246263517009308,0.003322267050823162,0.15678674938206905,0.28428183359432735,0.0637756175712484,0.13891021748199045,0.07821296102325918,0.11268729905357262,0.06956041967261666
0.14385355356952,0.06968792480667717,0.14064037739795926,0.11483685988467025,0.09621525441595669,0.11048078576280675,0.10254492521232171,0.14028050798516403,0.08145981096492406
0.10064673832285005,0.19025960466899894,0.07977428564166233,0.09858011872244886,0.07537901993987962,0.11855114948323005,0.1316303890071292,0.11833394830731263,0.08684474590648829
0.11624621128864943,0.0669918808895962,0.07394465929398293,0.16261152656256753,0.10202083179694753,0.11617532732006393,0.11350785270574926,0.12072496144101097,0.12777674870143216
0.08605274531822811,0.07091585606578468,0.06794130465734254,0.09351001746435939,0.19542250761031443,0.1343728967974499,0.09388731752903541,0.12020145691168942,0.1376958976457962
0.09300630071547578,0.026008573106161212,0.1494940914936034,0.28105438088419665,0.05376319722308857,0.10683661373884439,0.10058794076198563,0.12041596540484802,0.06883293667179635
0.11749476122099443,0.06344720899367477,0.13253030685998077,0.09804678476624544,0.04041531776874901,0.14603141228007166,0.1621859844853029,0.12101347800800695,0.11883474561697405
0.1017784548698618,0.306421861859981,0.07972966580355217,0.06757764506708841,0.11844401080202534,0.07595555021050744,0.12766250673757562,0.08232842462805902,0.04010188002134915
0.12213651773454882,0.01421379901922209,0.04649043215303656,0.14524242471178328,0.1623451996829822,0.1313122217198648,0.09884950101281903,0.149534389871722,0.12987551409402118
0.10243906901667625,0.3225444228276723,0.081376472260573,0.04938994967998745,0.10871694851745252,0.09900891673856611,0.09022409118263032,0.08924111284268145,0.05705901693376053
0.10436434723494141,0.04494179395893172,0.26013637435928944,0.06460680530825756,0.06457419096794113,0.12152924370468265,0.12514663598760215,0.09926271045707079,0.11543789802128313
0.18592948966325915,0.03163976393102849,0.017514452449037616,0.13567819975493858,0.12702547229193453,0.1353007601068648,0.07623153543478078,0.1474942752361024,0.1431860511320536
0.1185308515800031,0.16871389472071555,0.1401394121264931,0.0751495489024318,0.07783736146121714,0.11176704728415694,0.10677077207864231,0.09853524114385132,0.10255587070248869
0.20040444980453034,0.13433934808346326,0.055179336630343655,0.08670923166600893,0.069292080344502,0.12702263184936893,0.10015231461908285,0.13017548671535728,0.09672512028734266
0.09571969940333364,0.05441621152602465,0.20023665700407078,0.08236759810814821,0.17609630786577754,0.1164106698776607,0.08636066545362342,0.0893572894260191,0.09903490133534189
0.10421495341348498,0.04588228030419686,0.041515617719945754,0.2517033307275807,0.11184500378347499,0.12206612195020501,0.11463683875742658,0.11618193295282016,0.09195392039086496
0.13557210956946666,0.021339761575073734,0.06284361572968816,0.13606547848633554,0.16937951358561673,0.14319905512422546,0.09822601630485589,0.12382948838088999,0.10954496124384787
0.11022620428112462,0.05496056744645924,0.06247182921792813,0.10167290086175367,0.12584526058187692,0.13144272715976868,0.11873687734380604,0.13455586223167426,0.16008777087560852
0.1100713070787281,0.04196045209290176,0.17031609077891904,0.11455708101786687,0.08326007762862077,0.11717163759515614,0.12556068459855782,0.12944428751250076,0.1076583816967488
0.13576246986702253,0.02343512118621507,0.227304314682052,0.1658334193084723,0.04701575814187336,0.12233896297214919,0.07344010273789259,0.13783742826782727,0.06703242283649562
0.11559069881350537,0.07274780311275653,0.07260896876153412,0.057431811102505094,0.1498418267302998,0.13063001290596635,0.12464529657472523,0.11250816091702019,0.16399542108168733
0.10698479616686173,0.2520339617227163,0.261303882708158,0.07399501969803021,0.04770917958697591,0.07163257376689273,0.07407914777846498,0.08256761797432148,0.029693820597578524
0.15430406446248135,0.02666991204168087,0.04052788208439299,0.09117857699829186,0.12848089004458263,0.13875394548630493,0.0841370679952735,0.13292797933392542,0.2030196815530664
0.1082136202037232,0.08059346687435119,0.045983571931225764,0.14910203922866183,0.1119249096186344,0.168352210754802,0.09899747895000187,0.13249788000484958,0.10433482243375021
0.153021278279752,0.3470331707753222,0.03328056948347077,0.057395739057246674,0.09110838939660666,0.10291612990302552,0.07120019514433326,0.08893227972827288,0.055112248231969994
0.16698085508711005,0.030545888720338393,0.04992287801379227,0.22740556925417055,0.09988412699644589,0.13983221609117538,0.07072712567828664,0.1248344173993633,0.08986692275931744
0.08530848634148692,0.04423253021947184,0.12718322791804806,0.09611701953622785,0.04279712216386416,0.1592013833121798,0.1633268118462398,0.12871342642805014,0.15311999223443146
0.12134023260011599,0.007187184807120341,0.061363129504810356,0.18528387447460173,0.11170660714575043,0.14536015404215344,0.0940370702597012,0.14480072560113924,0.1289210215646073
0.09837422998940622,0.032080504399582106,0.03359766331119123,0.14316263531136617,0.1584744238365321,0.1364571412047542,0.12738510733368916,0.12705140674675464,0.14341688786672413
0.15639758002191678,0.037863305065486276,0.10819980248305176,0.0944533950782676,0.09939759988424128,0.13923459037850336,0.09512570554202109,0.13154389552118506,0.13778412602532678
0.08570701015870578,0.018187352824478174,0.11482095238877671,0.2422728224537297,0.13277116571391331,0.0902055624734334,0.11631705881888489,0.12013620948084082,0.07958186568723725
0.09225148560343742,0.021863789446026047,0.10621687605220305,0.2237057819077604,0.04628649078540844,0.1385133136817305,0.1263497351808008,0.1177826357900232,0.12702989155261002
0.13254523200256296,0.03502086268014908,0.13614252450445555,0.07615532272186487,0.06865088370436469,0.15961582698703744,0.11720576731588062,0.11248661702143835,0.16217696306224644
0.11863234086135509,0.04131906367925812,0.14318916957219055,0.1126765173617207,0.09284944140068634,0.14063528605099204,0.14844867635871353,0.13121895785711066,0.07103054685797301
0.08236685251350635,0.008038250247512304,0.14584285981329725,0.08129129506662898,0.17183248281629857,0.12957192755649924,0.12771611226182011,0.09186160799776337,0.1614786117266739
0.10690965316945694,0.014979404267734982,0.0941791307969857,0.21472489415286589,0.03660849764387148,0.16470759509811314,0.12486981611354168,0.13161699021127915,0.11140401854615097
0.11898022590634956,0.017842360926102915,0.05525881979779299,0.12681458822303157,0.1499704702128671,0.12385300355891256,0.11817681561200448,0.13915346588327426,0.14995024987966454
0.1044624313844527,0.14382834323534197,0.05503565727608147,0.1328449762295394,0.08201865021512787,0.14749201201039178,0.11907351459587151,0.12304910257141721,0.09219531248177608
0.19387123571486842,0.02696588776008324,0.10408832335918568,0.11982668220296634,0.13010274502517147,0.11515944856107131,0.08781582896414307,0.13115682625692363,0.09101302215558682
0.1451255503562734,0.0692482057100794,0.0626030386567642,0.10314156437102573,0.09974748003703954,0.15624017087757272,0.11625525348865277,0.14050064255435088,0.1071380939482413
0.10957590678580807,0.19727494848133983,0.14707276231216984,0.0879188978618856,0.09532063452994553,0.09198556504241799,0.11526055303831494,0.09571379118713212,0.05987694076098621
0.11129010965355601,0.04018855310951592,0.12699469584732892,0.11843935680651303,0.048341226686376214,0.1503135884319776,0.14246260899059185,0.13898902620477913,0.12298083426936136
0.09727748557975381,0.01986517715284043,0.09170247224479207,0.11426914028540647,0.17021795586747582,0.10818876146959029,0.18434171707417393,0.13166978392495546,0.08246750640101175
0.13796899880401467,0.16543852124605343,0.12803133572275047,0.055979468538127214,0.1084916862742774,0.12457377957460103,0.08071987422634118,0.1080407623268043,0.09075557328703025
0.10090882060004924,0.04413997882389542,0.16610397462763835,0.10171217348522427,0.04366065490926078,0.1615197319241458,0.13968776183298595,0.12834814713421824,0.11391875666258199
0.17513217129215042,0.028191700028589183,0.07014652425665031,0.14233132404652477,0.09785296308318397,0.10382530331097313,0.13668774183574142,0.15365289051065462,0.09217938163553215
0.15901214010647918,0.08417249857177073,0.08095062132085552,0.15540005967713644,0.07710981582047317,0.12555066080943578,0.09585417648681281,0.13127216454130056,0.09067786266573587
0.0968807305076974,0.03531374363566144,0.1392292740685149,0.1811785927553667,0.06827395979026508,0.12627392806274526,0.13378233843922785,0.11508342956564545,0.1039840031748759
0.13582402235599622,0.052887463982482584,0.07453693133526018,0.07732909203638803,0.1268903974404242,0.12447412668752145,0.09932384907802165,0.13413913416857406,0.17459498291533163
0.17367071646878637,0.02752265303579424,0.05939496258735236,0.07892591826773454,0.12242469942686236,0.15373461943330455,0.07330999913682658,0.1352580074512295,0.1757584241921095
0.14197890337943864,0.11106885782964089,0.2507325372408315,0.0626916592305654,0.02994100683262378,0.12128788794168603,0.1053054549540587,0.10597830468641371,0.07101538790474132
0.13237919833604458,0.05013605411244168,0.06509724803199717,0.1163853429990715,0.15539915703446353,0.11416444305577182,0.10945772305109737,0.12042124211014289,0.1365595912689694
0.08454608947784571,0.11985439011005354,0.18591878394646913,0.10481067508345289,0.04054123369687826,0.10590282081219814,0.18084317613160517,0.1111426266609326,0.06644020408056457
0.14238063129036105,0.06560302858269733,0.059109363759623286,0.13012467175945988,0.09302683440010112,0.12326374367968111,0.12489051541095414,0.13397334382547013,0.12762786729165188
0.1276630692117883,0.0657643526283563,0.09056130123336492,0.0874969649412084,0.07991190551454157,0.16451454796360743,0.12551124459389246,0.13487696550390205,0.1236996484093386
0.06870104692113131,0.0032172350559892403,0.12002706439378302,0.2704150531486462,0.09284108513212264,0.11394889448330714,0.1323859535597102,0.10533831387787336,0.09312535342743695
0.12472278804501136,0.057416427622596904,0.035791344385050564,0.14290533713160403,0.12272226405468184,0.1300195004303234,0.12760714143893603,0.12484843410610187,0.133966762785694
0.08617162206956848,0.0683217820626701,0.06237127727526662,0.19030392075882407,0.15465860920482097,0.12117091898664527,0.11348842673823804,0.10662145407673378,0.0968919888272327
0.12511599321490488,0.10281642455089716,0.10131347274914766,0.07590890279942537,0.067352654170086,0.12504159735416007,0.16471713714131056,0.1344763509938357,0.10325746702623256
0.07551821193578731,0.18037580640668613,0.22721294841637615,0.041284559943489244,0.050381095697122014,0.11107777566085802,0.10033230624521243,0.07793834293637877,0.13587895275809
0.0944791215845363,0.09549937139506803,0.20059550385952804,0.07049752130243743,0.09675528572339688,0.13055975461719513,0.10668141021021195,0.09658726050468298,0.10834477080294326
0.07816950662081563,0.06337592170629529,0.26846589900705214,0.19637629677451285,0.018720455074937335,0.09218799406493344,0.12590338243853924,0.10576082126849311,0.05103972304442083
