0.09511692909384421,0.08304510708265206,0.10004261123508024,0.036646426224320384,0.05699502801657799,0.06404455421771017,0.05772203261420744,0.1326095605451635,0.373777750970444
0.06800963006844428,0.07230239568561153,0.09496699311487755,0.17926218567981908,0.03020887278452967,0.15784319536403682,0.028632739988166997,0.2342863254179408,0.13448766189657332
0.10686161833956864,0.028529034832056415,0.05986128111593741,0.10188960281508846,0.0475024699436744,0.22271486151475575,0.044154472528125537,0.14830142991039594,0.2401852290003974
0.12287984075018898,0.07856508609020534,0.06004925453147278,0.06021101382455463,0.13637507882864644,0.13543056033456533,0.030227958469883215,0.10742421948108989,0.2688369876893934
0.14386015265227733,0.17624736959663045,0.10045691013182127,0.02929160659269491,0.10255595287989831,0.03848343562913178,0.12837693590156818,0.2120277294640638,0.0686999071519139
0.09742604169646336,0.1450917816769338,0.12684372489144136,0.26902192200777514,0.07187605957199474,0.07357624505562198,0.11436485813960572,0.030190409037498783,0.07160895792266514
0.10509923762730887,0.0978375088139501,0.11070431301686927,0.043106473146630776,0.16332887240993021,0.020184492083636395,0.05996951577820986,0.2322498901353128,0.16751969698815175
0.12357472642571976,0.14915238562410602,0.13501454973678395,0.11202313084563136,0.09316138463693492,0.04202610826845323,0.14573508919984698,0.08737897411116981,0.111933651151354
0.10706331361275896,0.18685718018620615,0.14198694616706262,0.10530887780093039,0.10666411402803104,0.15633778621703293,0.1398785536203572,0.028096048960885578,0.02780717940673511
0.11396239854868695,0.1355548688974492,0.12383782828502393,0.03138617470371025,0.09076736367939726,0.04531274069269009,0.1057399110296628,0.16030589958966798,0.19313281457371156
0.11498188718487418,0.11147106157894675,0.09684940343964105,0.05082140971234403,0.16355380351539492,0.06726583530906334,0.05714476947941477,0.16711187047178247,0.17079995930853853
0.09398606195455061,0.05034362465488784,0.06198795337088006,0.022824405077596935,0.07848380590754994,0.024365215814823375,0.04714363378134295,0.28178323351918366,0.33908206591918466
0.10454077378995402,0.12204944896410293,0.1019414851261704,0.2998520323970045,0.060608860141023235,0.06921862392359944,0.08546150349066023,0.0552039501741232,0.10112332199336212
0.08506260570355911,0.0598311230392668,0.07921556656806093,0.17062752650683177,0.055257998551326376,0.10706652590678141,0.032710540516968485,0.19069214824365036,0.2195359649635548
0.12989272659687767,0.1190820469933896,0.0746842959741968,0.06315851286126543,0.24789689815913654,0.010263631904367933,0.07128140577884473,0.07132528996741686,0.2124151917645045
0.128481359861072,0.08606238142732005,0.07418346486865325,0.0647117381806641,0.1097804293028719,0.2863303527313828,0.0749391401228587,0.04044371379758633,0.13506741970759084
0.1010876067724046,0.10679117818269242,0.07939096200713046,0.029282189505650858,0.08407243806221987,0.023126460362627763,0.04810538852852703,0.13867722261840515,0.3894665539603419
0.12693815053339103,0.08228859508664775,0.16587525111164378,0.06605128898972085,0.17749836751257084,0.11144086998505363,0.2133813804329546,0.016786709590375842,0.039739386757641666
0.11547580639322032,0.09152248007179282,0.09247426445295263,0.1858574842037196,0.1144832266738172,0.07110192177303092,0.06641861454441421,0.029303319962578057,0.23336288192447432
0.06669902572228359,0.037949963754070705,0.06328494356849713,0.10525909159917977,0.036204364948636825,0.053119279820481924,0.025320597807958225,0.5034710657819614,0.10869166699693046
0.11230000246251337,0.11445665140777395,0.09961271073997185,0.2756124408871438,0.06134109875266699,0.1643749678719211,0.07789256927916692,0.03447272738051977,0.059936831218322294
0.10720916782861822,0.09999812146235197,0.08687568329550595,0.1321991231216262,0.045865057660066606,0.11873294711198212,0.056470065351080324,0.04345362104733902,0.3091962131214296
0.1157902512985415,0.11041713235794316,0.13271621249012938,0.14720491413047465,0.08830513573830708,0.019464880455952165,0.17797902076077318,0.15904554249698832,0.04907691027089054
0.10719742376439169,0.0569603204245546,0.056143476072120786,0.03350769341995797,0.1778844736895552,0.02749078605603072,0.036749787642547826,0.149219755471961,0.3548462834588802
0.11596150640703866,0.0845343279648998,0.14796759954246105,0.053692329555220734,0.17079562263558015,0.19978012357026834,0.1227974099303175,0.016028261313996428,0.08844281908021735
0.10922651527506988,0.13567491295693157,0.10362035296490528,0.08814995161426202,0.09770006927060547,0.0498875282857389,0.06915452345740421,0.0786573961220192,0.2679287500530635
0.07615567109799894,0.16487926781218334,0.11988132270785316,0.2644345064551519,0.06515270624981456,0.0599319020097964,0.057743470257712703,0.1343229607067771,0.05749819270271181
0.09059663603447216,0.13754189734986122,0.09303145897470529,0.0430938963586646,0.07703143247349763,0.09069686579310803,0.047181144356369296,0.3882902151762104,0.03253645348311148
0.10349981634747457,0.09961978626516173,0.09253707675467672,0.05004010525812891,0.05807928763737796,0.14524471482019577,0.06832878158959238,0.22262981272619511,0.16002061860119687
0.10575315769268516,0.18187204204712426,0.09752392599846786,0.09708848293675688,0.1260377742326247,0.0390103000430761,0.04635018252897986,0.18422564166456876,0.12213849285571637
0.07699483937157116,0.1284958169589764,0.1754107671597164,0.03854249469170041,0.11761979033535301,0.04821445094154614,0.10393300113876931,0.09189277499813568,0.21889606440423137
0.09153668166661318,0.09101220915290005,0.10516075072568322,0.04368943813608911,0.031985446245211414,0.181610692585076,0.04288187018981716,0.052268660231825255,0.35985425106678454
0.07238059528728479,0.038967079749169915,0.08829201763279365,0.10461760240666144,0.049208242259737585,0.07797555205454758,0.027170341922944485,0.2637171671656026,0.27767140152125785
0.08856423136312125,0.19839492711300633,0.13832276807316798,0.10982805693308068,0.11185471126506269,0.08953743411087184,0.080862501795826,0.15166384914930034,0.030971520196562973
0.08920619615986937,0.11024515929503735,0.12690395136978458,0.16488299148210858,0.05726430354788081,0.20453759148863648,0.21851060167604608,0.007348314898643726,0.021100890081993052
0.11257561108635285,0.1719830044041741,0.14926202166987548,0.0952261079527913,0.07501340813078942,0.10100406345846573,0.10472344826968603,0.12511417801875774,0.06509815700910739
0.11242016817987732,0.12122851284440998,0.13212754409566585,0.04126079214793583,0.12334565101013739,0.10334091510316985,0.08178745229698503,0.14775035498913253,0.13673860933268614
0.0932798077118413,0.01207391926449185,0.07633733102552365,0.10409629211272216,0.024043596933843035,0.2536148685288457,0.04201201771408286,0.12529459935322487,0.2692475673554246
0.09489945883061275,0.11397196163016739,0.10730479148635892,0.20586000928616424,0.0746351690278496,0.05698523036011602,0.11573987233340176,0.06136419074109819,0.16923931630423109
0.12941245174937288,0.12485948411086406,0.12511430506175966,0.11136377173976368,0.08766704861756865,0.05286836135510159,0.103612512737907,0.1867977618256563,0.07830430280200627
0.13790432014294288,0.2020808509748706,0.10548490969501656,0.041416059922461695,0.13217924451382268,0.06281378495979113,0.11044671851116054,0.08580791716737107,0.12186619411256283
0.14681632249570248,0.07347321967839723,0.09902571524475474,0.12720012931101088,0.06526960543002694,0.07772383838622743,0.07938252870760308,0.14439016915631672,0.18671847158996044
0.09082157605752422,0.11024068116481561,0.0588473024433132,0.021441044826063783,0.1253512666034564,0.045490209885180065,0.06512708041640998,0.24813458472484098,0.23454625387839578
0.11207438886697142,0.2198698218528099,0.11553211200348072,0.1758403919731816,0.07769426785546839,0.029212356793974447,0.20469840958700017,0.03499948418009751,0.030078766887015853
0.11176362022508414,0.027003811411525244,0.055683119943287195,0.16319865085436894,0.06916315861723156,0.01677368791221293,0.026188639104873224,0.285767009090546,0.24445830284087078
0.12388898660871313,0.2538090498179611,0.10373732031486292,0.09538687571148637,0.11357784209463813,0.15480621171567782,0.08031642760152553,0.013494262676073713,0.06098302345906125
0.13654495485166163,0.10782398591340026,0.12456251397880695,0.11921614476814513,0.09359288135505602,0.04351053154028039,0.15059336864042452,0.11070741804019635,0.11344820091202878
0.07567441597897252,0.04422928593407264,0.07421548373769517,0.015773639988176047,0.02298636183219435,0.06222542069455763,0.067886621101094,0.26388715693607406,0.3731216137971635
0.13462604524910293,0.11504824366678916,0.11260043255694165,0.13230909573382657,0.07650164929767862,0.16816358802976705,0.15818189437346672,0.04130985051191297,0.061259200580514366
0.11121695424827999,0.050064270186534976,0.052003128440898876,0.15008190818621323,0.07379191008768012,0.1950206337898656,0.0650052566233056,0.019954312852688758,0.2828616255845328
0.10953339005752581,0.1094007311401023,0.21150562480433624,0.07721138788209858,0.08609228812927988,0.10046973806097076,0.17871635997133564,0.056320944327447685,0.07074953562690317
0.07099667482046267,0.03771591162364516,0.07819529472392468,0.07244348617481498,0.07237692928039936,0.027287803399974747,0.0315658623745652,0.5666950391410032,0.04272299846120994
0.08998437941221492,0.0759437742501208,0.09495571893684156,0.13822453458932685,0.048510234689375625,0.06539045215307442,0.05168891673496014,0.1929347548863407,0.24236723434774496
0.10818315523502924,0.10403518135493102,0.12671611638860658,0.0757482070654082,0.03409241283886557,0.13582926818712973,0.19110399443402604,0.03199445304373332,0.19229721145227022
0.14210640773650346,0.09457400776778664,0.10571989238856548,0.03935930437217487,0.12598516471035134,0.1325379661808397,0.16044099916344848,0.037264304704269134,0.16201195297606089
0.046667481035465024,0.056781151117336635,0.0852486248093005,0.03353466834439483,0.04222378764514876,0.07899176673213562,0.02230156058239588,0.5416091285038243,0.09264183122999854
0.11728418882552717,0.07854242833409812,0.17373102241129088,0.09069110428157774,0.049555445538712946,0.06422898921779567,0.3613214641384783,0.026827250084571874,0.03781810716794735
0.1545354945438137,0.10651864039064035,0.14356768439887815,0.03878559147253515,0.07624505889874979,0.03210240608087871,0.20411387739008582,0.08197471358818477,0.16215653323623355
0.12049133394394772,0.17155034118042722,0.08308336956761843,0.19793315054584573,0.0656879824229377,0.0721821880635743,0.06132040170913402,0.15802659846501058,0.06972463410150419
0.11005431272604539,0.063961860970691,0.06457991812250516,0.028886438078131477,0.07645475734498233,0.0397828406558887,0.05028191758575761,0.2360882698906059,0.3299096846253924
0.126748853024968,0.1726767879107988,0.09520696605268171,0.18578003137806312,0.07134359236067282,0.05630711159421279,0.10636873386075307,0.06480176775647256,0.12076615606137708
0.11792027337231693,0.1476353095654981,0.09187731099949559,0.08137921479808652,0.05491697196119109,0.08421137253939748,0.06201330101295116,0.03726264520820853,0.32278360054285454
0.13127750183615117,0.0648130437109244,0.09069027503774339,0.13424309829019918,0.13013958385688706,0.10984923015931443,0.08686299480471855,0.10323036779354021,0.14889390451052162
0.10822399698108771,0.15342551874662572,0.07797882608931472,0.2547313825779623,0.07291526973828076,0.19896628368511737,0.06173038268596209,0.02880407430491519,0.043224265190734114
0.11337468153053643,0.2847420397379803,0.08201475980920955,0.19727206516854587,0.12883875171146308,0.044929813889949016,0.0971955118714719,0.02137574539429928,0.030256630886544494
0.07587374234478182,0.02900227112310856,0.09604839766339311,0.13294285667728198,0.03306104705403535,0.19225923950857127,0.043170756040136725,0.20199446532040222,0.19564722426828887
0.12187533685981412,0.11329148488858282,0.10173823961760282,0.1969838819362469,0.07796355617433312,0.0958560338833273,0.13900340656508925,0.10933024324867276,0.04395781682633083
0.09385761644305583,0.08777228033505702,0.06070884153846063,0.1596246052961948,0.04325972042711785,0.18745019539351435,0.039073292786063855,0.1055680837288142,0.22268536405172148
0.1449743891032521,0.06547512629188164,0.08888641620218633,0.02631828191870987,0.15570129707456423,0.09092646177228066,0.1335146170482154,0.19974996782246487,0.09445344276644496
0.08412155679612199,0.2143381284626299,0.12291983420088881,0.061730021346494725,0.09412082638930354,0.04565315122876879,0.04485396175267814,0.17518558463913866,0.1570769351839755
0.10777626863688222,0.12842540482398732,0.12080868496716173,0.09591305245154529,0.18348050039963737,0.08998248563418382,0.05353325362989825,0.15175584066543976,0.06832450879126425
0.13093136200313132,0.12937431077694542,0.08364612375244414,0.06002531269874789,0.06405471941886053,0.34440100052706796,0.09994628266251147,0.0214243878092016,0.06619650035108972
0.09437933234079443,0.09596728773999423,0.11903122563873876,0.23728524272387164,0.04724907460546791,0.05710908637732149,0.16195576133458342,0.14436201923085656,0.042660970008371574
0.13185478943470783,0.17759095262421898,0.11763725948269156,0.06977695120290778,0.15865039919010998,0.12543307717724497,0.13386140137809951,0.01529177615968152,0.06990339335033785
0.0965797034379211,0.02893244431939986,0.07148938389749486,0.18355839611260372,0.1271424365040943,0.016578413511597726,0.04038092988802189,0.3679499926970171,0.06738829963184942
0.09125706004522287,0.24835827609414388,0.0925028111051585,0.09593211022997973,0.10751706181844661,0.06695991018089249,0.047463602349904786,0.07170009633404482,0.17830907184220632
0.09157780864867793,0.0896408581274704,0.08374694909500636,0.17359227919483286,0.08286512134301958,0.049969323313686385,0.044023297652820925,0.20811392067014786,0.1764704419543377
0.09717278063093199,0.11720858288694348,0.11005516149467558,0.20590684558798197,0.1278978029292575,0.03563952172232327,0.10881648450538793,0.1704433071571356,0.02685951308536273
0.12411518314067294,0.13100832016259112,0.08265284753619702,0.3067138137036564,0.08826377098254219,0.04840626343798629,0.13673827076911674,0.053142711353533024,0.0289588189137043
0.12524866011132826,0.09596603361240151,0.08464427695520144,0.0960501776959181,0.16972915132859887,0.0268182488954042,0.04030180541696541,0.1565316401348082,0.20471000584937393
0.12147778946385894,0.13712016952898384,0.13163677351349304,0.11643454286354234,0.09526487783574154,0.023396010362208453,0.1724743323213164,0.166537555753684,0.035657948357171454
0.11452427205174416,0.11599464463675695,0.08457580918352668,0.1916511735379238,0.20938219225893176,0.12521785200536764,0.0891590040378102,0.016062892099627687,0.05343216018831109
0.10730238359001433,0.12799607046373426,0.11742274184670931,0.17571306548173507,0.06669634556309302,0.04168421430349132,0.09715656853757693,0.08312756687402915,0.18290104333961657
0.13104575054465514,0.08697231603533669,0.06065649715957846,0.12428956146366554,0.087921213311764,0.15442820072949212,0.06983521684631581,0.023403242938695768,0.26144800097049653
0.10644417783558097,0.10009214564045159,0.10287394422233087,0.06056219779204136,0.13424003748802368,0.049035534921586584,0.06587687747071028,0.1888737901087262,0.19200129452054848
0.12417585347743675,0.15742689754706174,0.05833167941724238,0.05745703908163426,0.11259505352195481,0.03990350740651439,0.039227643844165494,0.22904221262550237,0.1818401130784879
0.0763235367389021,0.084122284930316,0.07367403574005865,0.09514395237064584,0.0968758722565272,0.03310838145445139,0.03935684266187313,0.25703247323022527,0.2443626206170004
0.13950245533347808,0.096404477926331,0.08317818731117824,0.20529789033144988,0.15143067463002702,0.0962654134672996,0.12931095273505977,0.032066913098723254,0.06654303516645316
0.12046124737072532,0.08083028164593582,0.1003726330175128,0.09775401665795447,0.10872105343668857,0.15067377764793596,0.12758784605889908,0.06182600245365875,0.1517731417106893
0.13611287777251338,0.08662798405135073,0.0995499892165838,0.1482947124599463,0.06052225322444125,0.16858145949660197,0.12408247059504678,0.04548873910297021,0.13073951408054563
0.114516967091143,0.09328054042986404,0.07623339839778549,0.1097528061214008,0.02674623698558568,0.14379765027430083,0.052560020155047245,0.06610072348017537,0.31701165706469764
0.07098314200742036,0.05861894970214591,0.09190675684818138,0.01988658691128311,0.047784091217498735,0.017585872258674556,0.04279088660670691,0.45449602160981617,0.19594769283827285
0.08857879510860829,0.08869081921846261,0.07602592769594853,0.2493923101041294,0.07673061766754337,0.07227370156546555,0.03478841974523513,0.26618938730026587,0.047330021594341264
0.10687708327088252,0.04891665098835072,0.0567295006563437,0.08450107386660209,0.05300703747026944,0.03105495569027396,0.03664600618353651,0.21361794243777832,0.3686497494359627
0.1256754112224253,0.09950513720973425,0.14101976006814476,0.06985803742042102,0.09324755233647841,0.030691300438712082,0.167662363536115,0.10839972430010199,0.16394071346786723
0.11210093838245949,0.061580441796353934,0.0736268144137366,0.05966189081289016,0.05617017584062595,0.3395015748936616,0.046260681375949096,0.036489913954143166,0.21460756853018007
0.1030343148174989,0.1855635597141542,0.07364547063414774,0.29049417681511963,0.11107500396391555,0.04067994395164091,0.07394195393203344,0.09453943859437813,0.027026137577111597
0.1097529847934846,0.1529671475609045,0.09514668428091479,0.16680175885299456,0.14206256166455702,0.1170979820948536,0.1607853514764469,0.01304667386533693,0.0423388554105071
0.0872693595049544,0.08882697560479075,0.07111697153226663,0.28046367857961324,0.16416492435075455,0.0401382026855993,0.03886617328189432,0.15456869130055326,0.07458502315957358
0.11950156251079073,0.2391703246561996,0.10198250953047204,0.13910698466527568,0.14185858420745234,0.09782750834295843,0.08444307183717097,0.024946056945831702,0.05116339730384861
0.07816844685810631,0.18409411792651698,0.07578371050354832,0.329593904655465,0.08161069375983492,0.03499818227413595,0.17041648641224105,0.020959972329762697,0.024374485280388786
0.10097747335723029,0.26797737260561477,0.12451951009331723,0.0573161117401646,0.13968896104289844,0.04083965689373106,0.061304733758994735,0.14333295944110866,0.06404322106694026
0.17003952211806475,0.21783979922818641,0.10815438699221398,0.06689867528824614,0.08192606993079811,0.05225179633016594,0.0942745820062111,0.10453505587064098,0.1040801122354726
0.08134358115989494,0.1307337251698832,0.07193795524519715,0.11329529453158226,0.11132310412735232,0.035493183868057485,0.029431343387640335,0.3814452415613842,0.04499657094900811
0.13136437172412216,0.1810005260340217,0.11993268621531021,0.1187816388038358,0.0739072275684184,0.06534074028325204,0.1254773314457638,0.0510591674747057,0.13313631045057017
0.10086485804657735,0.15497881338594988,0.08560798329414154,0.160671003642194,0.08755755797373742,0.2461875557712624,0.12922309504707852,0.00851616629204876,0.026392966547010135
0.10213710524582272,0.11714733347058333,0.12103301695558606,0.11726995852485171,0.10107215626852756,0.07103934704914273,0.08328597956019936,0.14427477123569007,0.14274033168959646
0.12374544203810954,0.06821813218286123,0.08668320009974827,0.13083289546450153,0.08009654889252073,0.07687660239879322,0.07339754324446136,0.16350459346273852,0.19664504221626566
0.11542614170653982,0.061023440583126726,0.12985168815667097,0.05194249381374957,0.05698033642936696,0.07710404248434762,0.10083496217579595,0.1927572593649751,0.21407963528542737
0.09640927061060535,0.19163024600211942,0.1252696517894147,0.15518253858947575,0.17036012817156795,0.08264237836567512,0.12468929749771147,0.01731928356641549,0.036497205407014684
0.0719661546446612,0.048137276134112866,0.05867621780674822,0.022101875945136535,0.06153696702945247,0.011188278530875603,0.03155639624422523,0.3457242466789481,0.3491125869858398
0.10999354466839577,0.08242640850446543,0.0972335116068227,0.2270621044357305,0.058889749867169806,0.06904847128037121,0.07486084176244044,0.06793908327093744,0.21254628460366676
0.13565055412826874,0.12211435714731389,0.0861004218524576,0.1925700154400226,0.1517283880610476,0.10877234326810557,0.09198864441088968,0.03254915124624791,0.07852612444564643
0.14278397844635685,0.06001121985844801,0.1056904795675771,0.11744933779725132,0.05404197174891807,0.20041706699077996,0.09023979397075597,0.06383230908959775,0.16553384253031497
0.11433719039677297,0.1897695238483396,0.08566121690983323,0.14175263990493772,0.08726392583967518,0.05708003521690524,0.07141870581545105,0.043524318160848924,0.20919244390723613
0.11941409305715826,0.12750573146568403,0.08870969419951251,0.032794009459249936,0.16723577658589864,0.026989679337957175,0.06360739008482473,0.19418084019927884,0.17956278561043593
0.1010404650298884,0.10717934632813665,0.1642375880575457,0.07956069542841766,0.09160162160807633,0.053382309518248496,0.13010399703307285,0.19512525415848314,0.07776872283813077
0.13820130832874952,0.206648101691037,0.08556868543589657,0.09845820535986127,0.09693152008747492,0.08990410806102621,0.08521789470052231,0.027214835771107265,0.17185534056432492
0.1469994127114122,0.10305787933387245,0.09086114495663346,0.07072222429641688,0.15595788821621795,0.06073138865231812,0.061904677882755034,0.1889898195778681,0.12077556437250574
0.10174172877501807,0.07033501226209765,0.1328431871003,0.10224817272875304,0.0366694943286392,0.05093874500646115,0.14019979838938765,0.19602452236094933,0.16899933904839393
0.08876707173822342,0.06009845925852445,0.08677699627382292,0.02527733682903695,0.10320174691954025,0.04510300090526039,0.07230872818613605,0.16138565702956145,0.3570810028598941
0.11564249867090272,0.1447703690598603,0.0809615005497112,0.2649854610069619,0.05955079475325195,0.10129797187978014,0.1797553134611486,0.01677781344841808,0.036258277169965304
0.09704135769062673,0.0781891622947723,0.10483736634680617,0.21881879515302619,0.06114585887189233,0.2030830147287792,0.06107431340663431,0.13309994122023752,0.042710190287225225
0.13146576163665008,0.1004450671371755,0.09520046185544767,0.035913858386813886,0.07788481979597488,0.12882770196513052,0.09433697731462622,0.05023277233246315,0.2856925795757181
0.11466082835764387,0.16164646674090938,0.11611407313161785,0.05039572049936486,0.13182816009704246,0.028832504657133592,0.12628510547690744,0.029121845574904725,0.24111529546447583
0.13643097057306586,0.2185404195761038,0.10951201178689414,0.07803444580665898,0.04586748168894461,0.13370747397803132,0.1176650682947938,0.022871054185758823,0.13737107410974866
0.14583072431460262,0.1459185459359467,0.0716667488023709,0.14136376832136063,0.09516918192226365,0.035327621632386966,0.0562495309972697,0.12645223348031107,0.1820216445934878
0.10376689843307685,0.09205339750704443,0.10438641205772764,0.02365958529814233,0.20282824054331874,0.021421425699483052,0.05838904357287486,0.2699630727808069,0.12353192410752527
0.1483472401394938,0.13410857462450107,0.06559144011845691,0.08140941155664189,0.10260450472227374,0.082826747664113,0.06803104069030987,0.11046143368483424,0.20661960679937544
0.1076194872322339,0.17679863656065012,0.10080054068951376,0.03435665902128602,0.13859786541294752,0.009065195929831968,0.08370231990603799,0.1954489052159034,0.15361039003159532
0.12851379397918744,0.21433671806198495,0.09651801461359417,0.12606829724036483,0.06408038073408655,0.07224290593584781,0.1103489773191648,0.03609654422134239,0.15179436789442702
0.10195857012345426,0.10975952417345874,0.11645038200377306,0.08491911109494373,0.13187862742295706,0.2319702084268298,0.07372803498677712,0.05984833656034052,0.08948720520746566
0.13992762720677007,0.06472408966639603,0.09581142510671764,0.13531668643413805,0.038141152162661625,0.15121890920767136,0.15581691076828,0.108054184529239,0.11098901491812624
0.07573424819156242,0.08078040676659287,0.08600478521050466,0.043001692009919025,0.02505610812566647,0.24159740760704887,0.042672398323025114,0.04717795279448348,0.3579750009711971
0.11442601879527829,0.05947948044487065,0.06800404535032323,0.020092242216626643,0.11888168890493138,0.01745295868948012,0.07577688871138726,0.17642724800074094,0.3494594288863615
0.12401069476997752,0.03754568257821437,0.04617634077163863,0.12099710381140553,0.061230445571666244,0.057986356095986465,0.026285927720529883,0.21418495195738588,0.31158249672319543
0.09697177282627527,0.12517779598400816,0.10033988105583476,0.06794651664886575,0.08793241059972291,0.24864597224031582,0.2462553838231266,0.009724055697792798,0.017006211124058004
0.10642215382354954,0.12827807182552986,0.08645648601006195,0.0384144354078878,0.14070728722131653,0.07468010108042632,0.030707237544155348,0.3419322967748353,0.052401930312237506
0.06425566399821721,0.16651125101921252,0.1702051658500278,0.061201784755869106,0.05743418411330711,0.039971762450094955,0.09157975742643605,0.33062299999477035,0.018217430392064877
0.12734947088624946,0.16827895792019806,0.13741456731449064,0.14191955907302387,0.08021507467962245,0.04031731873118425,0.12683154134908484,0.12103820630093994,0.056635303745206506
0.10189912137418322,0.1201337313166889,0.08233159879340818,0.19084857568502847,0.08596044936872287,0.04123703809875724,0.042878499586389875,0.27130779716034464,0.06340318861647655
0.10455674403272681,0.07115178177467102,0.06956439674304786,0.09197539396006006,0.06848340550379445,0.14931670084741022,0.04235320669589298,0.028651959516526316,0.3739464109258703
0.12478347921302167,0.11878229863142165,0.09752308142001993,0.13858241787634074,0.2571610290359088,0.054636505749949736,0.11898861942306123,0.05112457593019901,0.03841799272007712
0.07750519125528404,0.07218632874300078,0.08879793331244658,0.1360863464175679,0.08931528543347793,0.14864531227904815,0.0254809940916912,0.22178150190993404,0.14020110655754942
0.1373957875474064,0.13263120696160483,0.11773618044828536,0.18295806556111757,0.0621962788928405,0.053842909904112134,0.09905540746341558,0.08252819659547576,0.13165596662574192
0.10808695276275133,0.16393100609409383,0.11106135113007327,0.16878514156915092,0.10311894685914025,0.05278487687471322,0.08195851497908946,0.06333721562517543,0.14693599410581235
0.134269721318724,0.17164958465386668,0.08651418662075078,0.15428957441178695,0.1618546660570608,0.0693950910474433,0.08220557068704594,0.06470207665752951,0.07511952854579211
0.11090863377240479,0.1954963692979884,0.1392665874812387,0.08416577378240198,0.08683676668109903,0.08487016871636636,0.07601157087434161,0.09786037391056306,0.12458375548359606
0.11204880664899046,0.10264061285586101,0.1184278110666746,0.08452072504516354,0.08216145982321588,0.05708883661796027,0.07141676897179745,0.16272975293134032,0.20896522603899645
0.09235402565348405,0.09152320760574217,0.1360590328159823,0.06023551451008883,0.06475967117532717,0.09766693771345068,0.08396121386206336,0.08205899521482361,0.29138140144903785
0.1308370315963787,0.048792230418457316,0.08682683901381943,0.17886058580014533,0.09070277035290071,0.046009339900687375,0.05792748170035028,0.17743254853886228,0.18261117267839844
0.12339138053908116,0.23090995784847443,0.10892506503222434,0.12245368253508325,0.08489721415606107,0.033479809773808475,0.0845199947626555,0.09681491696152067,0.1146079783910911
0.10674731628132013,0.0889692642579998,0.14616778272058586,0.0767247636391646,0.09258958407340483,0.0718069370480226,0.0821202535955942,0.19831734377011465,0.13655675461379327
0.13132960934940016,0.09800567446268137,0.07967003275842244,0.0608163112116687,0.15376167073823474,0.10697055222467731,0.06262852778418221,0.04939120997059454,0.2574264115001385
0.10969194556511364,0.13382223698297613,0.12062077740108208,0.13826662416162308,0.16741905063907236,0.1162036793310623,0.12201451304934734,0.05687314980916047,0.03508802306056256
0.11526834573890492,0.20009302155939068,0.10109524237650001,0.14918691705778284,0.04656404763874349,0.1049468018664459,0.17943340091781482,0.04232214300967498,0.06109007983474235
0.12339456167146107,0.11562137466789056,0.09730490737678593,0.17335977371594727,0.07453115304222932,0.086483721887199,0.22213185611999728,0.057344140130490266,0.0498285113879994
0.06839729854506825,0.06841454206660154,0.07286119985539764,0.022936037097082595,0.035223153647721515,0.08189023045043513,0.03653370424888425,0.5391715543681458,0.0745722797206632
0.11385361000924028,0.14431616860502527,0.10611047028816945,0.3254513824779659,0.047268838417819155,0.10399507181687963,0.09778685128532288,0.030237790311324887,0.03097981678825253
0.12188051873151562,0.14969316722348536,0.12388204068971226,0.15710703985423294,0.055297031505228765,0.09293718631346905,0.07053745404611636,0.05670483571091756,0.17196072592532205
0.0899505404708991,0.06115026695760331,0.15912650531854616,0.11137968169705137,0.05543859074234251,0.0583578176160473,0.0833225908130461,0.2859248366409322,0.09534916974353182
0.13852791547121376,0.05231925020777465,0.12122972847688164,0.03518010207917503,0.03426905359994208,0.10847958196378475,0.2365029645905987,0.04132655701614816,0.23216484659448114
0.10384625432478022,0.16397947804771332,0.09205030212922415,0.2327645406298694,0.15751247800375234,0.029842401643561223,0.0985644425652543,0.0551204643523929,0.0663196383034522
0.1428559718715378,0.09490493391627368,0.09549947717392371,0.05031171707641399,0.10172060711912713,0.1674698402286794,0.0592846034656672,0.129697599285157,0.15825524986322
0.062131543336909976,0.07854574428536631,0.07225992203916659,0.03908440437730123,0.0423267488817072,0.20666098209032768,0.018591613910348342,0.20081109168109645,0.27958794939777626
0.06778147545155506,0.03469468059651476,0.07206038005709954,0.043756471199007385,0.035174763822107574,0.04251501290163313,0.024232489126932433,0.49019806701426355,0.18958665983088666
0.16413248951610984,0.10271123758045282,0.09539228620194214,0.10166465922154676,0.10396201763393842,0.20345495376217512,0.13531809360938582,0.01160930805548851,0.0817549544189606
0.0568325958443299,0.12503203284308795,0.13851255945964555,0.04185964529217665,0.09681483912816546,0.023671911242957613,0.03408425975437655,0.44641895010976596,0.036773206325494315
0.11202900670958117,0.18695467082475017,0.09579515336739743,0.03424716360318428,0.2140537550078816,0.025515107382954424,0.06991113664600365,0.07449328865685789,0.1870007178013893
0.14755849218821382,0.03994557248526554,0.10568773683974031,0.04476352354812705,0.11745474406101257,0.18785020206046107,0.0783784354910894,0.03872778670626111,0.2396335066198291
0.15236826797933722,0.1557035057845929,0.07453448292346254,0.10295562327455991,0.060705065900991693,0.11551417349522197,0.0765829834725212,0.04029839322863748,0.22133750394067508
0.13414319995522508,0.23546426846407045,0.09007743225775676,0.06806125212895892,0.167414439378508,0.0483363659473262,0.07755505143637018,0.06830093167411876,0.11064705875766567
0.14396630816115683,0.07685914573741937,0.09019811741981215,0.06919192447769247,0.12790863303598765,0.05159784279970273,0.05803153543638101,0.14984467775889712,0.2324018151729507
0.12860184661287863,0.07634346812799442,0.10154411461434133,0.051536329978312735,0.09440274955218435,0.042057112992345054,0.12236894928621016,0.1758222502006356,0.20732317863509775
0.13093095761934873,0.16238963483008542,0.12036689247182238,0.14150372480730214,0.054568654656295845,0.11321674755658484,0.1404316436341849,0.0400006828926939,0.09659106153168184
0.12212152486598248,0.15034264226896202,0.14989329089235334,0.07653651523580031,0.07685417235081496,0.029812354657113124,0.09674249216226673,0.24617476223701718,0.0515222453296899
0.10384523212582493,0.08704263633873717,0.1078352731271411,0.25723422033562243,0.06654164237748754,0.04046115192624275,0.07624855623469834,0.17326734729969587,0.08752394023454989
0.09010900221420086,0.12930473861782613,0.1591468635853099,0.12479085529667487,0.054809097752382935,0.05806333472817865,0.09023173455170462,0.15315113061027666,0.1403932426434453
0.08882381899644794,0.04614986239800924,0.13732438940087455,0.11210239387122545,0.08967088383185161,0.2434730555873985,0.10151878532908472,0.08798005206241664,0.09295675852269143
0.10940823578814475,0.10284134132956761,0.10989953515826073,0.07017202478482482,0.06448828812437354,0.04591298758672029,0.08157465274823762,0.181356542167829,0.2343463923120416
0.1380974408544485,0.07445297682942166,0.09202553312523883,0.055569491933744615,0.07113035065711264,0.14160359674598408,0.13190107422784955,0.02921385266073796,0.2660056829654622
0.11706061514157891,0.14824593869853672,0.09245962134317359,0.1756866990768021,0.1767867862502688,0.04965387539700732,0.18924184690236126,0.029165946262080838,0.0216986709281905
0.12019591308195184,0.11211409797941872,0.06935776219755412,0.0323638931322865,0.1697954218170016,0.36881832082777094,0.05740154084030306,0.015449744057986119,0.054503306065727036
0.10642955062451691,0.08344640506424317,0.08436874426137515,0.043395048405190394,0.16103519893100496,0.15009563054913275,0.044761900367926453,0.23013949328399452,0.09632802851261578
0.15873805764031715,0.1246556027439625,0.05088711997633117,0.017609497790951775,0.11234856413803136,0.2640477536415389,0.07266188342760176,0.061958879850665304,0.13709264079060005
0.10193679660677095,0.08373033833553722,0.11819652194078434,0.06033781363829508,0.24721873582624634,0.06681111365224444,0.16741468665901102,0.09524634757638402,0.05910764576472662
0.10914317510176036,0.06224414119516657,0.10598727874308493,0.06408321384725318,0.04771953648761864,0.02505303687688545,0.060955586116073324,0.12885236091373575,0.3959616707184217
0.1096763027253746,0.12069480776270107,0.10280969900034809,0.03345841042282149,0.0970318647811087,0.11737874142144694,0.09468935698374735,0.2735116802398539,0.05074913666259794
0.11396552875824147,0.0900093293040128,0.09735081157217655,0.2767959829881365,0.048262288889931,0.08834481941670175,0.0879437587539336,0.04773028536263194,0.1495971949542344
0.09241836955608677,0.09448936145716817,0.13433489044794436,0.1853810786077075,0.07141849683592695,0.1627529621941011,0.07521116060237386,0.12170007453386035,0.06229360576483093
0.11163729781738536,0.11742432124111402,0.07351582343592579,0.16224959858668941,0.12752752467188957,0.09056725985061781,0.04396018116265193,0.09031569723171491,0.18280229600201123
0.1675598382193221,0.10994490823800351,0.10614716829299457,0.051712342221737644,0.13558718361348704,0.10075989974526105,0.12008905557361242,0.10124697859385619,0.10695262550172546
0.0819490385430773,0.03990908806266693,0.059263574111304895,0.045085787841557784,0.08152043327407626,0.012643613285807839,0.037009758864136585,0.514827801544115,0.1277909044732574
0.09196406361798336,0.09013921088015787,0.1038494977529425,0.10160832188174766,0.0621798236237267,0.030242900110916137,0.04154011888135588,0.2885379470667362,0.1899381161844337
0.1159784762860649,0.12767137320033797,0.1003466649848595,0.08262989481453932,0.0989154610806381,0.13641447393016068,0.10371253043384028,0.029423205566823245,0.204907919702736
0.07336470113329567,0.0664954458155907,0.05651413070748531,0.014261924889218597,0.1548210057530308,0.012602143652339982,0.05178110735330268,0.20976294373352852,0.36039659696220777
0.11912102545732813,0.07497171384564191,0.0917686069877422,0.07913024465762668,0.16585455537238117,0.1058475738624331,0.03833033420730381,0.2354111477382641,0.08956479787127891
0.12643363537268051,0.12511235047138425,0.09037176648023283,0.1937182850904129,0.13821220090573724,0.04345778530848788,0.05762489214229771,0.07982620137262723,0.14524288285613948
0.09228635293440089,0.08554358872135183,0.08224822382724302,0.02899454563106438,0.13615822701259672,0.05253143946182026,0.03599570139434172,0.18576158881803295,0.30048033219914827
0.1260738133402516,0.08689130670895369,0.09643102836888656,0.20545812258759455,0.07654704143943102,0.03180085062543802,0.11238490507987586,0.1315905837039246,0.13282234814564406
0.07589422149073174,0.039917553267138424,0.08744401485310094,0.02112484649869922,0.03967758087420393,0.21812461823942972,0.03786340581721131,0.23795126851818513,0.24200249044129962
0.06183962748574607,0.02955956232925855,0.06892258333021839,0.12083833173044717,0.026336075401916282,0.35024491295679244,0.018997246276637864,0.232098571247677,0.09116308924130627
0.10527407878208572,0.1525226533803909,0.13506560030759526,0.11869936651352664,0.08532552820281221,0.07389470386758601,0.18856941117172146,0.11178488272258176,0.028863775051700055
0.0816764621912387,0.027065635161399555,0.10258088153162366,0.135238135410393,0.038869418259045184,0.045853396991975354,0.044435879600546714,0.24819497405874147,0.27608521679503634
0.1235094244304253,0.12684892923127977,0.127273216774254,0.17684844045228162,0.1530139720853164,0.05782883011148854,0.12331372289249666,0.0871840412042415,0.02417942281821624
0.1168846546805107,0.18210724615287407,0.07917607882485936,0.2457858119400221,0.09020588974192106,0.09293609871766184,0.11412356005440331,0.037111957296624205,0.04166870259112329
0.07713539682599961,0.05201492845200421,0.08376036680771466,0.02167229628958084,0.053681919233483005,0.057385513704216545,0.03957601692888168,0.5554976236414334,0.05927593811668605
0.11828880693785511,0.1484587770181036,0.13882975343776863,0.08396265898437551,0.12001918346918077,0.13651992571966207,0.10059113405674912,0.0851522459114823,0.06817751446482295
0.12148579346282791,0.18034499422474937,0.13081254850601046,0.06543688504366926,0.17178130973741623,0.07293613329817987,0.16784055330033187,0.015852150460781433,0.0735096319660336
0.16561118415736034,0.056924777443714776,0.05542657942473863,0.03654589219153319,0.18363516106450986,0.1227992855946971,0.08089852036332783,0.038690924703507684,0.25946767505661067
0.09109587014943017,0.13279996333323937,0.07484117581433793,0.03365166198535737,0.0910311628168405,0.42892660108060987,0.03931195488961816,0.052483763207986235,0.05585784672258035
0.10643439819015117,0.12263739383621096,0.1321422556303182,0.07581447490679338,0.0816987665697356,0.2706118406260816,0.15541773234573353,0.024613918109971072,0.030629219785004425
0.10057112152327208,0.14460189297775874,0.1253532925705451,0.1640384833415723,0.09574762388760454,0.0947675567315777,0.23030592463897037,0.017000027536918323,0.0276140767917808
0.10201027495506514,0.1502368795802633,0.08748296277497268,0.04019658491588355,0.07165391434949413,0.024876309677399202,0.050874917944291366,0.2862061443175404,0.18646201148509026
0.07566220007977681,0.06777986282098115,0.16408765771962774,0.09437271691262387,0.11316743152501914,0.2706841088767347,0.05280532074645113,0.11896442106036094,0.04247628025842443
0.09146828002230173,0.14508715274691839,0.11209413843424282,0.09335982120695689,0.08081774060528396,0.04451106420813586,0.06683630759758087,0.1625813904656848,0.2032441047128947
0.11186789535292753,0.21241264118046577,0.09375475826415446,0.0833737276502192,0.1461197844526145,0.055200257200461116,0.08708629420666163,0.07054383041804584,0.1396408112744499
0.06390855347231172,0.10647940506894416,0.11089167129538935,0.05311473265038724,0.09616658191041481,0.20403612094863724,0.030202253346740728,0.24327657528343494,0.09192410602373983
0.1423113706184336,0.2148961292053638,0.11128808409942943,0.12517407745393858,0.09885171062958366,0.03372904551415163,0.13648426000287425,0.07327965221621281,0.06398567026001224
0.0801345554820792,0.05958031281116022,0.05730373250972548,0.034470872166887316,0.03874979604869621,0.03661279917779745,0.02917324567724991,0.5035929491297203,0.16038173699668387
0.08347615629616828,0.10602988045272617,0.06336958602168556,0.07274705042751195,0.17945006318357193,0.043222766047448756,0.027125350898596832,0.23397774251892156,0.1906014041533689
0.07419139703738627,0.10747914724650533,0.08068662748299645,0.05027510697346075,0.09662792590510007,0.025450318115300893,0.036564114843985536,0.4295702450605609,0.09915511733470371
