0.17674569026552078,0.1032988472183116,0.16002145859169783,0.0829142862172445,0.1092474905802397,0.10637734832427538,0.08252577112699473,0.07648550314690362,0.10238360452881184
0.10323379312941754,0.1524723818496012,0.16610593870196036,0.07913122472122922,0.11286239904418616,0.093128739055389,0.0914714951451544,0.1004706890291915,0.10112333932387052
0.16364298615894457,0.10961030797363798,0.11415915081179999,0.09154132593663472,0.13588294126755165,0.11207716645294202,0.09403994149174418,0.09329928190741517,0.08574689799932973
0.17788640315814094,0.10104871051413984,0.17525464490162523,0.07833960140176995,0.12760300510143696,0.10805245052815027,0.0953495320943391,0.07529624854950857,0.06116940375088914
0.14251891162694338,0.10148698259300452,0.15449561525301306,0.10315891236703167,0.11034086123444962,0.09201456428737102,0.07077524131610467,0.09211704516950614,0.13309186615257593
0.055822754696722064,0.20262219966128844,0.011647528355604697,0.04139384632178884,0.09881239270684916,0.09468165632512739,0.09692973981984382,0.1485641001030265,0.24952578200974906
0.09394051075370409,0.11546025738402865,0.06600579527634126,0.05176263564312996,0.10059435611194216,0.11496501689160292,0.09912831421330726,0.1196087266704744,0.23853438705546934
0.17729928538663578,0.09884472954411731,0.15745521763924916,0.0924535307007342,0.1370666695210109,0.09752939531573869,0.09607179152391561,0.08906558563191765,0.05421379473668067
0.11666694206564236,0.09795484492957944,0.23005050892390266,0.055647554091585866,0.053529741677093075,0.08572785189801142,0.06341901609729886,0.07083476852509939,0.226168771791787
0.1065198858964046,0.10101871555678128,0.1117940969192422,0.18810925228474526,0.07082098478186932,0.10115561153405994,0.06648117918775659,0.08159960799340434,0.17250066584573656
0.1264118916183301,0.10855129190336982,0.12566396577594066,0.04286550589787899,0.1428869869950702,0.09256725807836262,0.06580478649927322,0.09970690762464109,0.1955414056071333
0.06037186558924854,0.15115449822646046,0.03183601486628274,0.17718144268669864,0.033451559590241535,0.08829405788187372,0.08227511368673153,0.10681817676133974,0.2686172707111232
0.06128385401466174,0.14005037369560988,0.03233440395651693,0.1934314098674721,0.039473563225777525,0.11932805345042578,0.12539704908044816,0.15015961669978425,0.1385416760093037
0.14634521773523498,0.1044827484349683,0.2056632012876607,0.05285616094746245,0.13990532384371088,0.09104515664337996,0.08546098338942365,0.09566757519731346,0.07857363252084569
0.026755565144610177,0.04388508279236732,0.05475217032117204,0.2248509957970732,0.04088741367199046,0.07802489378840771,0.18491814524956376,0.3336044535196676,0.012321279715147728
0.04497840459150105,0.1283306214045816,0.07663638317169706,0.09365419742469035,0.18982878127600436,0.08034923226203212,0.09416747276909349,0.21897083440102783,0.07308407269937212
0.12175473753551817,0.11078442444728724,0.11262792943846835,0.05727617336446136,0.09198429183917911,0.10781973374489573,0.09306019401496694,0.10132973364444693,0.20336278197077606
0.057164789522399194,0.06298966163030108,0.114634933901261,0.2956764521491497,0.0695354462922688,0.09252616595944567,0.1047253424123648,0.1871589049650094,0.015588303167800415
0.0921978488677244,0.10484408366623277,0.09413560004892586,0.048600532115402384,0.07425086795742242,0.10092512615022092,0.06650666539862334,0.08901999954553073,0.3295192762499172
0.12913170187917758,0.11562500820024661,0.08560953496970414,0.06346497089934816,0.0872590427552606,0.08991438767181083,0.06363273364420875,0.07943211906904461,0.2859305009111987
0.10770323682744627,0.11061112718894688,0.10763800821515686,0.15528764665048309,0.08352700171485049,0.12410017596654314,0.1287305998330384,0.12236818943364884,0.06003401416988599
0.13731815165589367,0.1064358793651977,0.13463475790191184,0.16141385846519765,0.07200427770560164,0.10874876103785647,0.07622774117547294,0.07255205958468257,0.13066451310818553
0.15310658861156448,0.10389587582028705,0.12609641313533992,0.10934030270643687,0.13675066280812717,0.11822292873433371,0.08794428342773197,0.09035402214143635,0.07428892261474246
0.040988862288334066,0.09502243809269378,0.19141081900545423,0.02669764071634502,0.026025665443337356,0.05406058544847562,0.04661448706655658,0.1812292241388639,0.3379502777999394
0.15932254957977257,0.10595471809071037,0.17309558732294336,0.09683438835419295,0.13485383406386908,0.10843573623746584,0.10174880402285828,0.07898708148514283,0.0407673008430448
0.1234866032392216,0.12759279707475127,0.04363359360975041,0.044684960810224106,0.1794868304653344,0.09868064060674452,0.10462588854670944,0.13239069133317938,0.14541799431408486
0.05160777333482954,0.1574187589174638,0.010811900384763982,0.038816020538176975,0.16790333878984473,0.11406470313617123,0.18003508584464364,0.19303473283535555,0.08630768621875061
0.07826447924395356,0.10694168037245143,0.18072513114517186,0.05954762814079071,0.06258543892339748,0.1321908429413589,0.12034530441683448,0.1169607668354226,0.142438727980619
0.04477768374351265,0.06150930317497621,0.09123536775867445,0.3209108208514349,0.05683924162426609,0.09658668014147657,0.09776182550454897,0.21269470907811894,0.017684368122991147
0.0560318290826046,0.14683371517931698,0.14858102783508517,0.03047455312656371,0.09276332003541095,0.0822586410170013,0.07167870387240251,0.15786938761702082,0.213508822234594
0.11052482840822926,0.08539086786119283,0.1757659700477485,0.16385157777504086,0.09570263632913502,0.11304684726959253,0.1331883711071128,0.09790044162180023,0.024628459580148
0.12615600718006373,0.1188158982366719,0.07930619628605144,0.0714654077233482,0.0976945344509732,0.09891578679632469,0.06513072641404773,0.07969084333053368,0.26282459958198545
0.14686916932495817,0.09300120474983432,0.20206669137126143,0.12386101668088097,0.0924765979428025,0.1093243707214922,0.1124280731305705,0.08069405631961253,0.03927881975858733
0.042692328953518814,0.1730017081705563,0.010643516611822071,0.07879117231903306,0.033402917358823135,0.09294651024343274,0.12840414724339266,0.17986889643491386,0.26024880266450745
0.1375332349033864,0.08898566522164923,0.15721088407574885,0.08618469638673946,0.1561683471121116,0.10339115014934891,0.14756186540212143,0.09716477873055684,0.025799378018337312
0.08438608627283341,0.11203942003226523,0.07719013612086743,0.19458323811133227,0.07169545304131282,0.11905152794959077,0.07528014522431255,0.10171526420060285,0.16405872904688262
0.07219888802569883,0.12745806340023944,0.05104257539190293,0.10146965694945038,0.07380392346509791,0.13556596408442703,0.08823169975426176,0.1102514523150463,0.23997777661387543
0.1263822957295719,0.10766747842909903,0.1520408010577497,0.09861005790746573,0.09735881390294605,0.14437938331483846,0.09729461570474802,0.08120114592945853,0.09506540802412251
0.12218365592656151,0.08979562677130078,0.11990773127466357,0.14954736705565594,0.1480406982855136,0.10889239792594202,0.1117983591276122,0.12111308038002866,0.028721083252721612
0.14962028259065605,0.10251834284242589,0.15760440143993673,0.14839913661696538,0.07973938430016556,0.11224634498770834,0.07797013189105655,0.07009671810539593,0.1018052572256896
0.12382353467159686,0.13523405545108327,0.1658050006734689,0.057779186017133055,0.13691841773992358,0.1200859309580986,0.11110845048002542,0.09419486764208986,0.05505055636658046
0.10573248086911784,0.08092883914465489,0.1463898602311304,0.18297873689067548,0.10173088773558554,0.11023885543185376,0.12602980882122575,0.12091308412170398,0.0250574467540524
0.11168995926009222,0.10401199978649472,0.07485339258248262,0.06553426293540043,0.17513385426675102,0.13355507303683037,0.1601550226095004,0.12325670863452225,0.051809726887925935
0.046874824506947,0.13813120032698947,0.028474613677307272,0.2569488283871735,0.03214187951770428,0.11503819895077638,0.10565401116928587,0.1601304743755755,0.11660596908824077
0.14998440822923184,0.11353484119915241,0.1060829364466271,0.08162438473643376,0.11399103165762477,0.0920482019110447,0.07384082416708453,0.0947667996107554,0.1741265720420455
0.09879788566566167,0.11469921892077888,0.17905438741917448,0.03970477710311425,0.1049210325171507,0.10236790031744702,0.08223893980825463,0.11066574874542312,0.1675501095029952
0.17041081340651232,0.1016294256368319,0.21489586832793262,0.07643840861505928,0.11917474217267605,0.09832490716048453,0.09281713652464856,0.07377371846879366,0.05253497968706113
0.11532154032458859,0.08724330661815044,0.1537898976323536,0.18862761256746227,0.08943718350294878,0.10806626342766339,0.11226739934971687,0.11135102790885602,0.03389576866826013
0.11561400922987146,0.10754992178455529,0.11217522316856644,0.056310889897787604,0.09551156835704643,0.11013835075357094,0.06405168547110983,0.07682240914289214,0.2618259421945999
0.06997365170876436,0.10018192626922917,0.0871378316081363,0.22475907977207207,0.059605792428237464,0.14236048548789496,0.11670259117067305,0.12796524729521888,0.07131339425977372
0.11496158270018854,0.08968718515271866,0.1344374838440504,0.2059508165119348,0.10665207640607345,0.10414360736588874,0.0931188065737742,0.11618161216489997,0.03486682928047124
0.12417825656108528,0.0998409598050186,0.134832913455276,0.051181423073981915,0.1485409549815824,0.08568575462509463,0.0668941264234507,0.11809063205902326,0.1707549790154872
0.11283945484445652,0.1144965599191513,0.09605140647520675,0.07753437032567179,0.0894929928105872,0.12901991813029481,0.0970011411199433,0.09734178732386568,0.18622236905082265
0.16159284337094237,0.10462900464393288,0.13391396655923346,0.10515615339536592,0.12825071970909574,0.10015974196988835,0.07862197601655067,0.08920047775721092,0.09847511657777974
0.1620387476817999,0.09111125178478115,0.1733086165479373,0.1105292197825853,0.13979835145425104,0.09457545978743813,0.09499452636158305,0.09389618384434432,0.03974764275527976
0.14283887288121172,0.10051162605314828,0.17216970673263163,0.04938955660120562,0.09866304549761368,0.0930612213090619,0.06863898463268969,0.08219115155820692,0.19253583473423053
0.15282489947962533,0.10069514036408689,0.14525271958004068,0.08545889655812379,0.11808787727417087,0.09120388927384555,0.06856259433811547,0.08890422773188296,0.1490097554001085
0.11142347144997138,0.11108065761162789,0.09225576265232138,0.05114371228787964,0.08192899330971291,0.09122118754046626,0.07899420440949845,0.10614219611591065,0.2758098146226114
0.09971002779737748,0.10434127040729996,0.1000494422695611,0.1791104926777978,0.07276157797372561,0.09080985109316075,0.06916865169551491,0.09878661548689999,0.18526207059866243
0.1316780980819828,0.10265237544044642,0.13886967365634234,0.054085794093584806,0.08524091216197088,0.09667008123214609,0.0639728725449576,0.07541069160892509,0.25141950117964396
0.1515064486785259,0.0949109532312446,0.2160461026560966,0.13233988536013783,0.07722708021633425,0.10492776077466748,0.09808546121411227,0.07414978879621502,0.050806519072666055
0.1043818974832264,0.10361139059810276,0.10486741134711614,0.04462327530901755,0.08256656630023802,0.07548215940889309,0.05217647515787937,0.09681115483787141,0.33547966955765535
0.10765324060351651,0.10867657788042116,0.11799832330234189,0.2378042226446171,0.05559728412570586,0.10102056116957057,0.08850432464016754,0.09634923096339852,0.08639623467026092
0.07810072963583654,0.09904172578177557,0.11722731278321759,0.047425533315913065,0.07133363091475549,0.11361529389832016,0.06883446057559067,0.09377525829661941,0.3106460547979715
0.0557241300434759,0.11841924298064677,0.04717349778613278,0.22351637218038445,0.05214434417654618,0.13769665075318718,0.11132915441674746,0.1544988496686313,0.09949775799424797
0.06687235710346258,0.09215861786500439,0.11870702544456542,0.1106604112246166,0.028918488171508282,0.10782321517986841,0.07264793094231627,0.07279285162595266,0.32941910244270534
0.09729766129002339,0.0900415781608933,0.08326228573539587,0.12625906740600915,0.2023816090607653,0.10488488497775188,0.10530434881483242,0.15890573749093062,0.03166282706339806
0.13730618369902622,0.1140021379399047,0.10353390980495814,0.08343863526508,0.07679857203304864,0.08709423031241768,0.06500918515274452,0.07419169639757474,0.2586254493952454
0.1496618455599103,0.10866399952622462,0.13440338530520254,0.10086644342714095,0.09869120181128867,0.12376132950251546,0.0891834804639177,0.08017911195429979,0.1145892024494999
0.06439396931813235,0.1105164479673138,0.05341679612796182,0.21434940465820143,0.0821286879320312,0.13053609151593984,0.10920283694545534,0.1712577722124076,0.06419799332255662
0.03289299663810213,0.11362728789006044,0.09555027817434474,0.020066410022572617,0.14322620002042316,0.07305265626350237,0.07796927813698927,0.2473022765889048,0.19631261626510046
0.04918967651747024,0.11211115879194543,0.033952932836836314,0.24079924775158532,0.039768728211514594,0.12578707548615306,0.13969360528242816,0.19211700680226731,0.06658056831979954
0.02885191213796262,0.20355973012616094,0.12146497425563962,0.025364098336654733,0.08699013614815933,0.07504960571128887,0.09532011764302027,0.2620827825017338,0.10131664313937977
0.09902065491432038,0.10507087486763646,0.05996548529153097,0.1093459121196216,0.17643314175389754,0.1039662024057471,0.13503880303460722,0.17829648223527236,0.032862443377366386
0.08873684353543161,0.09936850903535267,0.10201638219347885,0.036941992766120944,0.09532848650558222,0.09182296442168371,0.06072209010586312,0.10851718408521523,0.31654554735127166
0.0784788818361362,0.09966579880065958,0.076470152338542,0.1934558220406095,0.08887149225137898,0.1303612894172589,0.13053633661594466,0.15696713968970868,0.04519308700976136
0.155689080111167,0.11244209151722206,0.14753675300925861,0.06731420861563392,0.14019842202148192,0.11598630047481233,0.08894138703475607,0.08403764927893859,0.08785410793672943
0.0871247869564296,0.1333509180611516,0.057563293287941665,0.20079269619970042,0.062068755666109976,0.11408661555453763,0.09910015206457227,0.12646907853980233,0.1194437036697546
0.07342084436228996,0.11762071742834147,0.0642244851426688,0.08664162493816085,0.06767147334816108,0.13926845160139248,0.09538052989180727,0.10514475116471834,0.2506271221224598
0.12148153473111295,0.09321838207994092,0.17326736305799487,0.11630701443492018,0.0957951970918356,0.12480987048582004,0.1399017806383495,0.09693314019199802,0.038285717288028
0.08728845288876809,0.11517570477730303,0.1602055496855943,0.04362685004905418,0.10775510093616773,0.07537785683550473,0.06270174082952713,0.13802244656321672,0.20984629743486408
0.16535410039711793,0.09267462527389518,0.21855664336394867,0.05979329080610619,0.1264807499806334,0.09324969348133876,0.10666646714799831,0.08391258999484281,0.053311839554118834
0.14188109893996736,0.11217273558749274,0.14020287651494837,0.12481504860725083,0.07753326048818997,0.11695693129633596,0.09474808947507436,0.0833896087556008,0.10830035033513946
0.05060137742495552,0.1926991493401078,0.11411123568045715,0.042928216507088196,0.1429934151402536,0.0968910087187359,0.15335410825283727,0.18082974217897876,0.02559174675658583
0.16956773979285175,0.08939635697734705,0.2611597897064135,0.09314905594126016,0.09615032339497853,0.08731440957737158,0.08525463812041055,0.06956762188520711,0.048440064604159776
0.11283867778966522,0.10673083806510009,0.10711650433837439,0.05665044125511857,0.08121929059129979,0.08704269286308043,0.05410541057322767,0.0768795544106759,0.31741659011345796
0.05596351976857903,0.11769349543722622,0.036557792950681456,0.19726406900085713,0.016244787160544224,0.08637029695158438,0.10141111727955715,0.0802776853896094,0.30821723606136103
0.06722602299639911,0.07985524928948015,0.09050447185446657,0.1699233333869897,0.16540673638018233,0.09092939597370113,0.14343756941344618,0.1807031660461181,0.012014054659216802
0.1175708277915678,0.10828509109886235,0.14589840193676493,0.05879900197213591,0.08362791539804536,0.1092732437193445,0.06691131716112338,0.07397451516858265,0.23565968575357302
0.07825450482744313,0.11738037675723277,0.06862878094551335,0.08449764835667228,0.07377941091598561,0.14148938775664366,0.10095750144491994,0.10836549101142573,0.22664689798416368
0.15745793674202405,0.10271959393907586,0.21575102311743347,0.11287886023842968,0.06267317518140417,0.09192014042251602,0.06763470998905388,0.05288577989850805,0.13607878047155486
0.14268956214017006,0.10633997927427791,0.13727895173321217,0.08243519398544248,0.11210684406015807,0.13181324825374055,0.1102983864566145,0.09125284303639915,0.08578499105998515
0.08080584519881674,0.11427287561032702,0.06944958236177719,0.102373831077842,0.030313807963360303,0.08541615422223503,0.08370472689305918,0.07991287814376978,0.35375029852881273
0.1526045126744302,0.10608703046572782,0.17019138654442637,0.1400115955769011,0.09007472819249183,0.11390664109410946,0.08155016663018136,0.06738734107082751,0.07818659775090436
0.11518144326217918,0.115022841709856,0.16709585618165002,0.05837708387223988,0.1127667542129485,0.14070685051717888,0.11177221550412948,0.09504446769567276,0.08403248704414527
0.13753078948095454,0.10707775859116948,0.10580477162020557,0.06485792865288731,0.10600365762049048,0.0971962326192682,0.06164458203720308,0.07810263241352015,0.24178164696430116
0.06690024577002561,0.12806582352244175,0.04482845872754978,0.23043783589073766,0.06156663424855252,0.1164708781893979,0.1008749191191106,0.16015244032247533,0.0907027642097088
0.03990103294507175,0.26502642804542537,0.06456419904989838,0.06483814716819691,0.14076111470137573,0.09990594933992887,0.15123426652068864,0.14998413388655327,0.023784728342861036
0.06535803872799952,0.09173993262740197,0.16252332388805824,0.03483305539443512,0.04036474161255118,0.06767822244195264,0.04944577084268961,0.12482605565460177,0.3632308588103099
0.16516645907936203,0.10344437336287093,0.11824818180311537,0.08430464430009237,0.16322718268137337,0.11043558962065196,0.09037850407801602,0.09129965143794633,0.07349541363657171
0.04273589190020407,0.16960041730688827,0.1492624186779062,0.029655898194682964,0.09621742656252452,0.08699595665162323,0.09121109222953545,0.2077782940745332,0.12654260440210208
0.07847589789497532,0.1004676907942151,0.07010156437467395,0.20623153483861476,0.1112243838386285,0.11864153111016268,0.09827101336502404,0.1653643051038048,0.051222078679900813
0.12991391077675207,0.10928054940167091,0.1036045916890168,0.07326311659448877,0.12091479473165138,0.10794654184027741,0.06581592091415275,0.08524057598150596,0.20401999807048407
0.07712918281457586,0.12553533486862736,0.04739848851179352,0.05983477420004076,0.08252787791168624,0.12067310421564521,0.10952778477210291,0.13009485065590917,0.24727860204961896
0.08595641369580533,0.11838535245267168,0.1152366494449134,0.16330936660332696,0.14555534668849868,0.09575484085631454,0.10003453702592408,0.13910735957873224,0.03666013365381301
0.11155113226111375,0.12649803722942923,0.07329438862142985,0.11904200921339768,0.06082132758563379,0.09410275818745041,0.07179850919532908,0.07958670402854076,0.26330513367767544
0.10537954523976699,0.11084359839968096,0.18141767733944839,0.05144382285510273,0.07323679339669968,0.10414799781813922,0.07157197740583794,0.08295679113111992,0.21900179641420406
0.15689936698631168,0.10034254598090697,0.19210969171807715,0.06306211613934526,0.09443042019453779,0.08845258434132135,0.06547660292364639,0.07561242021058566,0.16361425150526768
0.10369087583404246,0.10082763982728445,0.14020137155184756,0.07420658835677875,0.04743268072138681,0.09107115641162823,0.05587398816969046,0.057597748804741035,0.3290979503226002
0.17213204625226178,0.10459756132115777,0.14937924730858695,0.10885079481070858,0.11040102616900911,0.10575715876020848,0.08834812837091066,0.08344883699298826,0.07708520001416828
0.09549555517735732,0.09063652997094647,0.14461614650329868,0.10246252468980843,0.11194482088377272,0.14622198990281265,0.16609985160859,0.11195410060262767,0.030568480660786105
0.04349405314464249,0.08762943887363776,0.058522943977735366,0.30659940644952327,0.03983314355378165,0.11971440161549333,0.08278802676091097,0.1761742387065368,0.08524434691773837
