0.09700072535282679,0.11438075324265362,0.12454901149734292,0.11071514392211712,0.08808968029276143,0.10369721147848486,0.11779016207842495,0.16023949681286975,0.08353781532251854
0.08464793555260323,0.0996241029208561,0.11252512477784171,0.1112004976153327,0.1069214144862708,0.10110686855058731,0.20102904525275733,0.06035394900973332,0.12259106183401748
0.09659511261443458,0.08440797868321259,0.08170463892012066,0.08577200891355295,0.09531886055515675,0.13911345563571384,0.19073610060685678,0.14681003095475534,0.07954181311619653
0.1137691259430514,0.14471718280279636,0.13402308663596638,0.13141641011968072,0.08643736589955846,0.09762777401008943,0.09671097743502753,0.10804456518002459,0.08725351197380514
0.09312335024103045,0.13099746642890242,0.15219631318755025,0.1522960870202221,0.08793963847499774,0.09542041123168754,0.08808468588349921,0.10428158382413875,0.09566046370797149
0.0882520680078948,0.09213841092993162,0.10116212589179667,0.10104567360746607,0.21208471317046343,0.12206584265981867,0.09800044040140306,0.055558815932355544,0.12969190939887007
0.08981180867529708,0.07714717773496872,0.06703562585285304,0.06534445178496257,0.13196968711004609,0.1304043413388288,0.031159811475094945,0.2297878361214055,0.1773392599065433
0.09354161327946604,0.14356805733894754,0.14477629205686404,0.14041470443325318,0.09817336919480407,0.1035721615931831,0.05184068612171441,0.13677334472318867,0.08733977125857902
0.12018997568682704,0.06380307804748919,0.07916301246698419,0.04590770603156475,0.16466656083346115,0.08891135045861413,0.12786875425369917,0.09371585758734584,0.21577370463401446
0.0956891758440555,0.12984283506037186,0.1342244140791977,0.1350178895514905,0.08007660440252647,0.10580780094738564,0.08691467899034931,0.1480898468046953,0.08433675431992772
0.10787664607198,0.09298138887601186,0.1015494567770066,0.05738346760046281,0.09494907800382797,0.0853187436141261,0.253245813105989,0.134696611609695,0.07199879434090069
0.10322828576511815,0.13114356458534,0.14320444023654455,0.16351828020801246,0.08562053698032242,0.12296500116603988,0.055815293049108906,0.11002925458952113,0.08447534341999248
0.09311251947631745,0.11383092661164733,0.136725902179724,0.12089588348608044,0.12417195887378706,0.11173647992549544,0.094138637480062,0.10478364270126256,0.10060404926562372
0.0872053439235565,0.11977208047217384,0.14090744667672844,0.15203577523039194,0.09693803477400893,0.11375628853593857,0.06413516914146987,0.1357598052271448,0.08949005601858716
0.0934792395318282,0.11839165712301103,0.13263409993325312,0.1272810526979601,0.14519686370346405,0.09513417613518471,0.08138676565025596,0.0936958197463215,0.11280032547872143
0.11045329098649222,0.08353788158330276,0.0942273762990173,0.0702275487371886,0.27032482925764084,0.109188028846037,0.04686940487324393,0.077704558696249,0.13746708072082828
0.10164851557695319,0.10316231494832746,0.11507938550671021,0.1625154007383725,0.07213021417902614,0.12279321752338801,0.06340345229652543,0.14975820353116398,0.10950929569953309
0.0990798960909558,0.1198736262274979,0.13528270215636623,0.10694256393676142,0.11331269429582824,0.09235276148516207,0.11857987650609941,0.11377665421142187,0.10079922508990702
0.08827403406882635,0.11014498895928064,0.12871092400986986,0.13555594380841873,0.11032171948707704,0.13704379140121062,0.09499789814156445,0.10772076654697338,0.08722993357677877
0.1085709104279103,0.09342275032812179,0.08405150247303955,0.07437088571571078,0.10445784935852144,0.12434922276710388,0.2245870051035361,0.124459364088278,0.06173050973777811
0.09890070468101146,0.09983288598061414,0.08705908604314143,0.09578724138819585,0.10147419871031693,0.11608399447655153,0.032603207789052346,0.18662132797410017,0.1816373529570161
0.09076282762926098,0.1169449853265192,0.12492753267136181,0.1269188631298493,0.11649681404172756,0.11838648252927508,0.051802614733907903,0.16125418564285884,0.09250569429523925
0.09595341284196991,0.09681992431391483,0.11092136382354685,0.11459966864267125,0.060358956873435676,0.10270174639028566,0.264927124907184,0.08173732019729137,0.07198048200970043
0.11163254655922457,0.06430098948510655,0.07197779040251762,0.051394007917969914,0.20655026508598429,0.10197715146889803,0.15996771710035584,0.06352315197591925,0.16867638000402388
0.10785537498875236,0.11975792862313477,0.12640803077970916,0.13201090503396576,0.06761874097307839,0.10584158620305545,0.1608564683522046,0.09937036643206337,0.08028059861403612
0.09882559030537541,0.09085625347507469,0.09482575950256837,0.12440267784339087,0.09533478657646127,0.110489106772647,0.08159941762546861,0.15336280400323699,0.15030360389577682
0.096631546502038,0.10432950513691854,0.10528097532512133,0.0969794695313939,0.12443710838280743,0.12930199725748567,0.061179915823301456,0.18279350057372676,0.09906598146720687
0.09983259433021215,0.11211639712375555,0.11557345861053485,0.10406684376654629,0.1278663243121954,0.13016774750981128,0.08509163127686366,0.13966619543562228,0.08561880763445855
0.10541012763951922,0.07162957079402248,0.07750029150718994,0.06277645701328509,0.12486391587080962,0.10160966965580337,0.12205699534252212,0.24721196381507857,0.08694100836176959
0.0902593131637885,0.12891192376793567,0.13729371952521993,0.14671771691891713,0.08742112237805016,0.1013253744434058,0.06220651286706377,0.16001041380547187,0.08585390313014714
0.11631500062688517,0.1019924779563054,0.10225470134737984,0.1336966798709943,0.07884513279089085,0.12818326545396422,0.06690082094202197,0.12964633723362284,0.14216558377793542
0.09742969129403194,0.1094729420195271,0.12166009594698535,0.11077913125617427,0.0893875219273333,0.10859902851029707,0.14026184459550686,0.14170243445565164,0.08070730999449248
0.10421456902209901,0.10948104613929649,0.10741976913545763,0.11103150706731912,0.20553660984783426,0.1131120186396369,0.07507496685531724,0.08423805891986892,0.08989145437317042
0.12415679555783665,0.06858881134748245,0.06662500197378579,0.03809207025424794,0.2557337697424689,0.1012328874594096,0.040435709402562144,0.08804215964880575,0.2170927946134007
0.1424618228054387,0.08600775458883288,0.07000097308006613,0.0954790165118722,0.10117610734315914,0.13435140360482847,0.024371417680929014,0.14920595821037083,0.19694554617450266
0.09210494007230725,0.11259913223485289,0.14357080019655913,0.12597303405016516,0.09683449886579161,0.09562881681473934,0.08566459263148045,0.14800055183621538,0.09962363329788876
0.10151879023058548,0.12247941800013296,0.12680600461911595,0.10114441739901832,0.09236314629771403,0.09766091704474811,0.1437458416862967,0.13168727646912426,0.08259418825326408
0.08689408047544346,0.12536710416176014,0.12176391639505768,0.12077674881099264,0.1416623971314166,0.08629752624552679,0.023567904149313645,0.19907498018830205,0.09459534244218705
0.082928854752349,0.1030178342790488,0.1111341628559593,0.12854397771034146,0.22358516189365774,0.10921442677405736,0.06440597752746711,0.05537735380625202,0.12179225040086723
0.09630806083029313,0.1364130883424619,0.12667060584422393,0.12077429227013914,0.08839034755503888,0.12564095403720518,0.0727923725566929,0.13936963355476564,0.0936406450091793
0.09473888469990266,0.10635413734343602,0.11438832433033848,0.11134086254413574,0.08840294804237658,0.11415833248061391,0.11355231509416523,0.1723576605890208,0.08470653487601047
0.11266079391371016,0.10314727226797597,0.11728237430560502,0.09587836501874225,0.07867136124061866,0.08336863795737025,0.22110845598110196,0.10824543287328059,0.07963730644159507
0.15323895779677627,0.1253938932165146,0.10412749824723595,0.08880968864863896,0.10141591159945852,0.13523270935143614,0.030192596626986905,0.15018063445195232,0.11140811006100036
0.1108424336799433,0.09850587046170918,0.10486366202181095,0.0768971431282481,0.15191888284146796,0.09296438221130855,0.16496378904270106,0.0945871332361103,0.10445670337670053
0.08870261414932216,0.11933639215332693,0.14066724229831332,0.1428526862781279,0.1093421630403235,0.11749350793331191,0.07128280581753323,0.11913104413017177,0.0911915441995693
0.11276672094946394,0.12142458053853429,0.12759394232556648,0.1058842827211877,0.08107467997834017,0.08428315139255325,0.15748842167624644,0.12882992951376052,0.0806542909043471
