0.031167867902423898,0.44207429885189287,0.14401802210707706,0.024565435482314324,0.03920543151832617,0.1803478087532162,0.04174754195271321,0.0943246903669846,0.0025489030650517087
0.19833693246008313,0.15149768754498305,0.11813128947452456,0.05610319857433551,0.062094031076922435,0.12820439118033847,0.116841924626411,0.08075618379318242,0.08803436126921942
0.06899494388529377,0.06335192227837284,0.09241935507266434,0.22097815382191974,0.12852896746014586,0.1269880621489133,0.07407129894869521,0.09293207388441956,0.1317352224995754
0.06866066090502576,0.08369146612822198,0.09772117429072581,0.10778396329161032,0.15319291005626676,0.09260271078726835,0.10289086488012235,0.12802817309961562,0.16542807656114303
0.07177542745809148,0.13494533452021104,0.13080832726891306,0.09191298218114945,0.07107936152844319,0.11619011086980995,0.15212494939354618,0.10175759833947225,0.1294059084403634
0.09058421048120814,0.0629318668774608,0.08605404260553041,0.18423800770450774,0.11466359341627656,0.09830698616447893,0.08313142196554212,0.14516093131866561,0.13492893946632967
0.07195711876247562,0.049255153785083,0.08878672407216838,0.18715589137400993,0.1233460408101082,0.09727673919514424,0.09956197638240717,0.1406547593534837,0.1420055962651197
0.18796968684252266,0.1248601190923146,0.09403202096084495,0.08145285030987737,0.09677693767065264,0.09399284316992822,0.08380878712827174,0.11988484926165403,0.11722190556393375
0.13570839376397592,0.09024871895152864,0.10405058288039364,0.1083072741249647,0.10660412768301299,0.09604973584414035,0.09478349061060883,0.14901428931716668,0.11523338682420826
0.09189984822508772,0.12271393426790196,0.11284295276335073,0.07499598723755756,0.13494581592806026,0.0942898419106643,0.12347236062127102,0.12968692712357702,0.11515233192252942
0.15148263045523194,0.11603964953435232,0.09392660899957289,0.08558910990128776,0.09698359634974481,0.09904138273035039,0.10247784173225323,0.1086680883607724,0.14579109193643428
0.10349396348059318,0.03481535403109196,0.10442798051645337,0.23045779546946474,0.0576782271600804,0.11086070716676522,0.18112656871110736,0.09989965863073424,0.07723974483370949
0.10385138843586827,0.09000368336727128,0.12345586891065578,0.06855596821506398,0.11131145308841349,0.09853552342224171,0.12861436127576498,0.11625181309921151,0.159419940185509
0.09865632973030213,0.11431476596003355,0.10061003789095894,0.06287627476946987,0.1536106585458158,0.08582916043495259,0.10882674204415928,0.13504449958887288,0.14023153103543493
0.07621821154005376,0.1020357901526406,0.10292821297253733,0.09505021285313929,0.1981876677005082,0.1340845130340632,0.07656134080415296,0.10196734328701011,0.11296670765589456
0.2439960583428191,0.041773857595623735,0.09482962686596956,0.10403164551400716,0.08895025373516896,0.10001520148616083,0.08859113413094559,0.1049918024875674,0.13282041984173773
0.07760370750810147,0.07309973953388064,0.08780553120560969,0.1504220654521239,0.12150757938593353,0.09429702478501267,0.1005132444287692,0.12007687096200893,0.17467423673855997
0.07126225570549727,0.10710273075747732,0.10718771394422949,0.07240243375343196,0.17118597478944367,0.08460993181492071,0.1149514938620913,0.14098074729545795,0.13031671807745027
0.09659624264320033,0.11335842653124294,0.09807370897643912,0.08499837135012023,0.1361849791878656,0.089192745007306,0.10314224504181713,0.142242353500537,0.13621092776147162
0.09314371726215331,0.0842187360845794,0.113686116063815,0.07296918716873568,0.1449276803575009,0.09107523152398128,0.1276344598621152,0.1284955969458334,0.14384927473128586
0.1466929107456205,0.14652460508235488,0.11717535928803473,0.06671166309948719,0.13548006222092573,0.15114589347538823,0.0680652896678957,0.08412335972287992,0.08408085669741318
0.057684817443140086,0.08992214565459254,0.10617075660047015,0.16005679865213007,0.08215349075424767,0.1010062906737235,0.16733793163861344,0.10815680572447496,0.12751096285860763
0.1114558784416781,0.08156350698789105,0.0944760903065001,0.10026785418581959,0.12259465651314638,0.09371779423569353,0.10422660841915948,0.12113191366589725,0.17056569724421464
0.12134603992930527,0.10797330419653457,0.10071096255292063,0.11190084455008438,0.08659245155713556,0.10737216801454778,0.11118535563507659,0.10105351254182164,0.15186536102257364
0.07089497601529117,0.19215793788400956,0.1474278197630601,0.060497526639003686,0.0658248187540474,0.13499807235479888,0.13792165057831485,0.11305335692523255,0.07722384108624182
0.16544222711511447,0.03598867774266974,0.09159711831267825,0.13839307910985818,0.15294583731905367,0.10942159518598814,0.0702708301701077,0.10358079126764112,0.13235984377688867
0.18158187865038455,0.04901638911154784,0.09605744831094638,0.17682462033264482,0.07318806695144499,0.10165124659757312,0.08048836988340634,0.13445852029301586,0.10673345986903605
0.037361537616581966,0.08550910726573097,0.11397898965739743,0.18322127153797543,0.11899987911595576,0.09665365404065679,0.13333405825929098,0.1364281543406418,0.09451334816576883
0.1145087028239375,0.08151475040128349,0.09035391638279204,0.16677996891191738,0.08681479987955527,0.09518247431045213,0.09837953221874955,0.1282602583937983,0.1382055966775144
0.08632250630639293,0.1989985684294658,0.12177841874943245,0.05275415337314781,0.07962386198078948,0.1157239195196653,0.15347018552960567,0.09363096222544658,0.097697423886054
0.07509095614450768,0.2913935658630241,0.10495215218687971,0.03125276684446371,0.10144110846252391,0.10640932645162254,0.09933732102076986,0.11124639169482026,0.07887641133138819
0.04366017889673371,0.09704845046144371,0.13113683963242337,0.17093026501754668,0.11256559684978802,0.1038365165473361,0.15397799615048216,0.1149817553867164,0.0718624010575298
0.0776240785526296,0.07125177515655391,0.10660437377909844,0.18619080973651356,0.09157127055851196,0.10043501384822968,0.11768787002227422,0.14509656641170351,0.10353824193448517
0.10529718722533425,0.13963738916115517,0.09042042233540926,0.07119827613141903,0.13367475548425883,0.09552940967775192,0.0942397960921873,0.12024721649220875,0.1497555474002755
0.08137134063134449,0.10541834946279759,0.11818213168675958,0.10053955616474809,0.1040215580836537,0.10832756705644758,0.16451037954704015,0.10918332492526155,0.10844579244194724
0.03471310059669564,0.07417109566907652,0.09989598411268219,0.27885115319152454,0.08217918084581609,0.10587921845299164,0.08863512027056003,0.16918923274085249,0.06648591411980086
0.2613486227681132,0.04496179936344017,0.12160199907542914,0.15739957524173148,0.040231539740987365,0.12989291015494753,0.10595519959015848,0.0664443962965003,0.07216395776869233
0.09242105735081639,0.27427103372999695,0.0929210858897679,0.061177223857863915,0.07853206788719676,0.11243197463737604,0.10372435779593904,0.0860077424401114,0.09851345641093161
0.187276824445628,0.051294071812934945,0.12248485978468991,0.07265796965782538,0.08805734347045978,0.10758531939395616,0.1319260250863642,0.09907753582159241,0.13964005052654924
0.16202465583713868,0.08972589972428285,0.12042147792603108,0.04891881711945104,0.10647112686456928,0.10323776997676716,0.12456593636681383,0.10626913702425006,0.13836517916069604
0.07962398238607117,0.10247570580682103,0.11202453803479118,0.07722967242075067,0.13893197645473787,0.09488795231687243,0.13428576659609223,0.12437467918074102,0.13616572680312244
0.22844883970447372,0.14152925665207472,0.10324171817025862,0.05608303756842812,0.0711420285188825,0.1113426775703026,0.1086274019817879,0.08477485263706029,0.0948101871967315
0.052771179863490336,0.18077940903469245,0.09243312899091467,0.11434396805074766,0.11789525957686657,0.08630186977364125,0.09671927162193454,0.14002923783425947,0.118726675253453
0.08424072236392353,0.09247060792016533,0.09049491640498764,0.1172324701203205,0.12449603163605483,0.0907841522813884,0.10582724824010259,0.13151458846269795,0.1629392625703593
0.19306829457542532,0.13603977920978202,0.11367650402495548,0.04280692448350564,0.0830177240960974,0.11722035860457271,0.1290733476387114,0.08787304216141384,0.09722402520553619
0.22922589946752958,0.12008483525381941,0.15448838597954515,0.08070421261224692,0.060561160195500785,0.18357788283264118,0.06210135993119451,0.06641045501999816,0.04284580870752427
0.03527538884424212,0.08080922307507667,0.1612117418191585,0.1601992751089252,0.14249629443707326,0.10325341706570128,0.15727194481267334,0.10654570849325747,0.05293700634389225
0.1345394012712746,0.2050146203605632,0.10195729228843485,0.02650171444399596,0.13114901117164388,0.089450042219699,0.09925397246062918,0.10886677378685201,0.10326717199690733
0.05613276392649044,0.11127646835420375,0.1449670240772909,0.1308416849329264,0.12085299455542646,0.12439470524727249,0.18197393020445554,0.08405211468253883,0.045508314019395237
0.07054421739192379,0.057792170855438446,0.08809602486285345,0.22418542351025852,0.08568132144940943,0.09824250174731593,0.10123545083216845,0.14170832564999217,0.13251456370063977
0.12338404375881389,0.06800602940334094,0.10319664069358002,0.1433410712959509,0.07623646535137778,0.10451715602560326,0.14379795662262168,0.11066452180747251,0.12685611504123898
0.08967812918570693,0.10529364736988861,0.10514115432887457,0.07817085261545857,0.1623979217718081,0.11041359405691405,0.09198806603120539,0.11613308664545087,0.14078354799469295
0.06410392646110415,0.07520780253630271,0.09862980778296464,0.14972732309431389,0.09889815519090846,0.09288144519078882,0.12652301188130016,0.11612230017825291,0.17790622768406428
0.18103235587927866,0.0913192172893898,0.10477404675684858,0.079180195342323,0.08321321549218072,0.10609926861006021,0.12584349621798768,0.10211181812353239,0.12642638628839897
0.07302425189780945,0.170013737809905,0.14361518760123007,0.0792443278547464,0.1307878491707641,0.10833597422642623,0.1331627146143747,0.10939648515216434,0.052419471672579675
0.1779129946031753,0.08871516336467304,0.11006400945050852,0.07235054663629224,0.08521755199784353,0.10975259904565825,0.13594337326627312,0.10029437943765239,0.11974938219792365
0.13186225277970529,0.1688729828024366,0.15033082650775342,0.08060463691271047,0.05278783825845664,0.16905418447437803,0.10604667455603874,0.08521751313790238,0.055223090570618395
0.06692739644502736,0.178073539193635,0.11186469029200337,0.08222151628230905,0.09277616671774669,0.10811645552463162,0.16358012506768785,0.09681827886018418,0.09962183161677485
0.07507036360187579,0.048427164694723884,0.11020745493433508,0.13062051000848776,0.12674706787264445,0.09223807265611854,0.1278692688256969,0.12595664216123845,0.16286345524487925
0.08185625092827897,0.25707043783518746,0.09243081477113062,0.08245088469870525,0.07097716321545079,0.10826734892529066,0.11714829813366756,0.08581919159973457,0.10397960989255413
0.22727849867988678,0.08088205978478478,0.12747996052569255,0.11113406485765374,0.050621578028519666,0.13616243025349725,0.10921860919428383,0.07449684228552617,0.08272595639015523
0.06475802916683411,0.2935851944331982,0.09980106252660048,0.06058311241650937,0.10219456634465329,0.145314301412746,0.0780991292047167,0.08353172405218966,0.07213288044255221
0.11769554568236006,0.23964619497284123,0.11195890460785325,0.035444636584851634,0.09893330149772679,0.12580457596622788,0.08972296810281177,0.09993734660593856,0.08085652597938885
0.13918968439605703,0.16031480909287538,0.10007070009926793,0.06449294804106703,0.09121848602323525,0.10649318310068749,0.10759487313028464,0.09932918712764399,0.13129612898888132
0.040166019970471534,0.15753990404557375,0.11622920527794704,0.1229053773428635,0.0720103809184754,0.10893778329149247,0.19393089963722399,0.08960187185097757,0.09867855766497464
0.042775764100286134,0.07958568439280277,0.08678426580770149,0.24381471883515296,0.08290343943059596,0.09581812941610938,0.1039424427262741,0.14285295168700315,0.12152260360407414
0.040613476769591934,0.12212136548475243,0.1505732663990572,0.1549537112663942,0.1350209893051869,0.10071121244021579,0.11202844955412784,0.1391709928633181,0.044806535917355624
0.09788262398427816,0.07963179732434615,0.10385980636170061,0.10934178988386732,0.10130537336755586,0.09596800686040807,0.13043999065508857,0.11557978115069671,0.16599083041205856
0.14023017677506805,0.1078696910286469,0.09904665947587592,0.14373152010851617,0.07051741236215459,0.11281366398917048,0.10547675976357805,0.08960169059610361,0.1307124259008863
0.14114533022035383,0.08788195564970523,0.08933067550674294,0.08409348616662488,0.13136697112160975,0.08964280461461503,0.09275045521647841,0.13027199067643055,0.15351633082743943
0.08180963312785282,0.22134450920341475,0.09996582133959399,0.09053458564136836,0.08662869435586666,0.09504523154230703,0.11504194075415569,0.10752442488620047,0.10210515914924022
0.135835158824691,0.02216838564274008,0.09539287796535713,0.1927876957794554,0.08345736347506129,0.1026962858231825,0.11108402848217795,0.11433744353450408,0.1422407604728306
0.13683557465938054,0.06053212681082632,0.08660076060938064,0.16835557977153268,0.09665526654654616,0.09875643219355451,0.08266934353048172,0.12683950681914646,0.14275540905915093
0.09959120099231515,0.06265843358512012,0.08691227954434079,0.07574591816238273,0.29645652668882216,0.11275449734804029,0.0712985099513813,0.11404370298872835,0.08053893073886909
0.06154979527086768,0.08788640176383988,0.10101599459981918,0.21225066250633717,0.07066056913690962,0.09875689805754857,0.14352734198439301,0.12013273654620882,0.10421960013407609
0.12372253875973543,0.03737933303715484,0.09387604192924004,0.12375717335344455,0.18390729690407984,0.09996403672869607,0.08686939865519688,0.13437595424256799,0.11614822638988435
0.05879499225516307,0.0880661818300097,0.09563006246571182,0.19649313288114353,0.07281140609177349,0.09710653126126924,0.14988341397201918,0.11175369001330009,0.1294605892296098
0.024012048588469757,0.4122782891170435,0.10901359260725733,0.04539931780825871,0.03948443448357524,0.15483946602126533,0.09490734100478705,0.10339329378349771,0.016672216585845376
0.06953417140805408,0.08344408526412678,0.10918939948424022,0.11096331802135528,0.1674447159753806,0.09239167144042426,0.10753749401039954,0.15581035795668752,0.1036847864393317
0.03455375979409623,0.04783246763105465,0.1422876924082681,0.2926273640231637,0.08438085817300815,0.112419225736555,0.1756928425220586,0.07725472193888104,0.03295106777291453
0.05104062497364498,0.09913158493924168,0.11854324216177946,0.17154663672497772,0.08643108414201876,0.11577598760237157,0.20052425926718434,0.08660656453502796,0.07040001565375358
0.12262451076667352,0.15282492383328566,0.10604140348031717,0.038606877752712654,0.1445632113496411,0.10094179871011778,0.09374189143860552,0.11571992849065889,0.1249354541779878
0.1316805202532777,0.044796906508321875,0.10600137855637513,0.12222910646556369,0.09519269009308336,0.09925430962431055,0.12963155227924583,0.11324576184113873,0.157967774378683
0.04377056625708006,0.1190561058660378,0.12553928586283933,0.10472665845257535,0.11800483361417917,0.11261789595327341,0.12066220139669408,0.1215053048707348,0.13411714772658603
0.036308808111903644,0.03137764598105495,0.08203750442036914,0.27498106495917835,0.2731673719655117,0.16772942133140054,0.043138998596300666,0.06415672030213872,0.027102464332142206
0.052567726337055976,0.038604033351825696,0.0738335010318145,0.28667043326099634,0.07707290554904751,0.0966591175680002,0.09601772573579852,0.11628547075456978,0.16228908641089146
0.04754352147282697,0.11638720826395353,0.1347850886856271,0.1599461089245158,0.11332561950995064,0.10307857979988151,0.13864915011880327,0.12197936231436979,0.0643053609100714
0.12821624205950777,0.14890722366408196,0.09764624343562282,0.05845234148408527,0.10726678176901643,0.09697221885411485,0.10965275511373256,0.10947103266052184,0.14341516095931647
0.0718195347297318,0.03264573793261539,0.09656628971765648,0.23349884117593436,0.08906594225204166,0.10167818779474262,0.10218843980082344,0.09874571186440347,0.1737913147320509
0.09440890409358131,0.15701168270698238,0.10015503264237807,0.0747621231760949,0.10574019811084985,0.0951117412869225,0.1254423669371999,0.11416652328510392,0.1332014277608871
0.17230603883153175,0.10023456505757172,0.09953883960339177,0.10588405016700676,0.07456407890762438,0.10393472369512442,0.12057138907363052,0.0996819478065251,0.12328436685759347
0.08604799986565985,0.059232412571303274,0.11460841550432753,0.13068470110346278,0.08784677476901258,0.10277396413360457,0.16482173893694385,0.10770667922978146,0.14627731388590412
0.0678775001180532,0.051204826190488405,0.11552138294470439,0.1625812525090025,0.0902262255905718,0.10461631180840579,0.17350349177712007,0.10994434794670686,0.12452466111494705
0.10282636322266574,0.09325030540276728,0.09433994088958009,0.13404736502755635,0.11608213846214,0.11109395657566988,0.09037084617349651,0.10480315795750927,0.15318592628861485
0.06914305354023194,0.2551939937319443,0.10189620560640729,0.05501692162093105,0.0826413869168044,0.10429933083529652,0.13542044579495685,0.09368329656671165,0.10270536538671603
0.077169320475051,0.06792222383790023,0.08744560789165395,0.145667934253445,0.1532772938166557,0.09407209717506165,0.08980071534549317,0.14985183518311748,0.1347929720216218
0.06265556523607259,0.08099378456335371,0.12467599935016586,0.10356410863257666,0.1261853511701062,0.09818877910870387,0.1557826546283757,0.12246558218861038,0.125488175122035
0.11816323119722234,0.05646754832553713,0.11156447159517287,0.06367512668451375,0.18503816478421334,0.08620765712862426,0.10223547933690215,0.1300793980414187,0.1465689229063955
0.12229896505460475,0.17875510050988574,0.10089321527161799,0.043683517264179024,0.1129320160326025,0.09479666373926492,0.11590876376588234,0.10779471246445883,0.1229370458975038
0.1531493503804201,0.13024832999943428,0.109007516044626,0.05909274121545502,0.11925368313696429,0.12063206796196985,0.08810249894416881,0.10041862482774085,0.12009518748922084
0.17103797024256676,0.04509563812374056,0.10586991642250448,0.12583949671175998,0.09252777687919052,0.10590914518852446,0.09871451915730854,0.09925141319590387,0.15575412407850076
0.08871343379251793,0.07975018611175197,0.11612538609481309,0.18070155653758355,0.0842307046862053,0.10257720388100174,0.11818413213700883,0.1462902340192068,0.08342716273991085
0.04648920311111987,0.19934273937203004,0.10551038499153019,0.07249764410658881,0.16403523567690845,0.07996096777170941,0.09573873825889627,0.15015782311607534,0.08626726359514163
0.11257538462188704,0.2595153589319252,0.11793292602469248,0.045448901029454265,0.08488947160560568,0.1211361526510154,0.13955386566734737,0.07029441163746115,0.04865352783061136
0.114812211497904,0.14592469853246529,0.10959275616384166,0.0373442213283097,0.13948396278438913,0.09165150022566064,0.10886091829548106,0.11723988174755073,0.13508984942439772
0.09738259615530669,0.15355843282987414,0.10398579579190642,0.05387151499257032,0.12759847492849805,0.10000026973179381,0.10423829653643076,0.11762006683332364,0.14174455220029622
0.09397814412853937,0.07115292232600566,0.10252101258874087,0.17089361035691752,0.06024190163874121,0.1054133283724386,0.16099581648519978,0.09473573680677803,0.140067527296639
0.057904436478478295,0.027480130192917663,0.08255357358345887,0.2510216609321955,0.11942070385778436,0.09846092571936597,0.09341930474025077,0.12090903047441269,0.14883023402113582
0.04344649973454781,0.09701941240912125,0.18165062711696903,0.17819401696426854,0.124403087184844,0.12656832701222429,0.1570442918951059,0.06979219384244086,0.021881543840478385
0.10810845969152838,0.14872690682634102,0.13587185759876494,0.06471269804626335,0.13196166191925304,0.097678158225331,0.10377838038302141,0.14362184907324982,0.06554002823624705
0.12496124729562537,0.18647949100767802,0.09687504245930045,0.045773133797436395,0.11383319999899205,0.10002209693104441,0.09772736965053731,0.10812657974575589,0.12620183911363006
0.025511788372733105,0.09288725830858396,0.1485787263970243,0.27172910286629837,0.08972469015813354,0.10617751215592654,0.12250233585330135,0.11143716557490346,0.031451420313095314
0.10113534375718745,0.10125882649599154,0.12038980878173673,0.08941079531419042,0.08503580928916143,0.11683084666539967,0.17690104857066166,0.09635986506735313,0.11267765605831792
0.16787204963220792,0.13651517092889454,0.08985952546786968,0.04798247602712389,0.15710159000825336,0.10871632233599639,0.07087404347910727,0.10271045530954921,0.1183683668109977
0.08760243266246098,0.03818797521815675,0.10875596526430849,0.11201537268085844,0.21520681915162962,0.09392797749652636,0.10093348374216826,0.13391275282654447,0.10945722095734661
0.08706771890416033,0.11967391582129344,0.09344572985492809,0.10407022941223748,0.11198760031867024,0.09483334202441678,0.10815902308559992,0.1179101664324379,0.16285227414625583
0.03598794427749278,0.08839858225523683,0.14343278326444253,0.2551440439938799,0.08592826409488101,0.10900342461294299,0.10881227668695177,0.13877045039351907,0.0345222304206532
0.30550303100094545,0.06528778950740198,0.13615804990922728,0.09085689923428236,0.06820727113387677,0.1655109630565957,0.053252149995802085,0.062469963556852005,0.05275388260501627
0.14310751075358807,0.09991433974598314,0.11317445765955465,0.05402368822621006,0.12218197898431639,0.1005574183904847,0.12995841311159728,0.1127456144899285,0.12433657863833718
0.04398019952262187,0.057234042036379974,0.0846964646656793,0.24175881481152972,0.06962792785890008,0.09048631151804835,0.13460836986793978,0.10898284247669815,0.16862502724220274
0.1342999965382624,0.09623356056449162,0.11429458355379181,0.1337860617946948,0.08191069296505897,0.10102775741810556,0.11390718073736021,0.13552943803661277,0.08901072839162184
0.08798297195420175,0.1434428205365942,0.13642041779790107,0.0474951645550627,0.10643784965054413,0.1022563294862358,0.13606844856353395,0.11898134436477226,0.12091465309115412
0.03350265115508188,0.13663156295327894,0.11285144064952957,0.16768908666053486,0.0941001202980104,0.09904595682344274,0.17006130760075658,0.10206111561308355,0.08405675824628149
0.04780928650855421,0.16288780162829308,0.18063115879753733,0.10908271104265688,0.16862248442068462,0.22545415581346726,0.037647627350598505,0.05433481701790085,0.013529957420307307
0.05824450471076551,0.17075130804225824,0.1133118961019594,0.11771842571134028,0.05827465708835828,0.11735709184312128,0.18515310543072805,0.08085761834521016,0.09833139272625896
0.05181449804806874,0.23034514412003348,0.11931290567030828,0.0783644454882278,0.059893373207825173,0.12001069975478636,0.16751292650903582,0.0858820721268279,0.08686393507488639
0.11889377011455234,0.1928754157198389,0.11751720978134446,0.056444731140145976,0.06724018622371296,0.12623531966858115,0.15211021599337005,0.0821266270639764,0.08655652429447773
0.038969653409546695,0.08742824050872615,0.10837969200936859,0.17536866652020655,0.08098208588234777,0.09557583665096638,0.17390426717341192,0.10725559641524167,0.1321359614301843
0.09525823905344998,0.035308215318422154,0.12289092755015511,0.15397496251519263,0.08670354881456048,0.11222089899386285,0.17874864384705616,0.10447897766267696,0.11041558624462372
0.04050821492518799,0.12959697441085852,0.1183141202434607,0.11844508646911767,0.1484138595110301,0.09086162376530162,0.12377843392597915,0.14095890566181082,0.0891227810872534
0.14327696344177795,0.15691540483688937,0.12144463424042491,0.09864336084280072,0.055716153567365256,0.138575258200701,0.11859326226957562,0.07915604256083494,0.08767892003963017
0.20335898701901164,0.08903049340772513,0.11835718329115165,0.04600377084126573,0.09699926778509782,0.10816523046047521,0.11159931872993478,0.10048852667004267,0.1259972217952954
0.15072022269621743,0.08931317765444628,0.11963553618788658,0.05826801524216074,0.09923976364620485,0.10720225046342292,0.1403921349917975,0.10270950469425792,0.13251939442360564
0.17715477203215793,0.1151505291564463,0.09877935429116184,0.11317645331560734,0.07112731106709737,0.11030145836283249,0.10220289518062341,0.09018274073768888,0.12192448585638449
0.22295296106503373,0.09228466410505202,0.09694104923344539,0.031467365288644765,0.14161223311832496,0.08931032590357234,0.08707776164931158,0.11079439166689638,0.12755924796971882
0.13461490382563915,0.09426594217806711,0.09932920310062464,0.09281262401108532,0.17945216801430852,0.13184735751893895,0.06589486518354105,0.09536456071885868,0.10641837544893669
0.07148241996521994,0.25504199239548303,0.1018050006697051,0.044987398781539296,0.12197707935261361,0.08869410537347999,0.11514785451575427,0.10587160225825616,0.09499254668794849
0.08835826287732862,0.0855560579883257,0.1628804323540104,0.06030122649447287,0.09549583895152423,0.11306137179304444,0.17890602559821403,0.10526552824646708,0.11017525569661263
0.05817185361008214,0.10593446971630364,0.11947014318437738,0.11856518414588475,0.11357632787845172,0.10212170053145138,0.16110686010671268,0.11533278301418703,0.10572067781254936
0.08669415056122981,0.042941276925698435,0.08770246138529236,0.19206286524012897,0.11455079489329005,0.0994556507078574,0.09250101949091664,0.11252153227191253,0.17157024852367375
0.12703627562134853,0.07270992742223929,0.12669865686826093,0.07015511235910231,0.13200946005246308,0.10664918252306738,0.13972957316616497,0.11793601988286039,0.10707579210449307
0.08799562941863802,0.04926493484939123,0.0872408365353644,0.22083771001287947,0.08558610171586223,0.10324142857649211,0.09603263675086038,0.10073837829974423,0.1690623438407679
0.15272788350136438,0.13430767187436288,0.10277650966692747,0.06484855375615604,0.10391312316387706,0.11154770469220084,0.09579296783337866,0.10095373496748461,0.133131850544248
0.09664781440056719,0.05599478878861611,0.10797750981733394,0.13114868854316425,0.14031902837355634,0.10869305358720849,0.09398974231046663,0.10923561490184995,0.15599375927723716
0.04117880986166635,0.14631177249151595,0.11137872307109149,0.13207457763600725,0.10743713237636587,0.09577766381642581,0.15174811825453816,0.1142232331753738,0.09986996931701538
0.12432741852502323,0.1342633225923664,0.12322155789946931,0.06889146364724814,0.07111451722155736,0.13092145068711314,0.17347465608243487,0.08380933245724015,0.08997628088754732
0.17750982816398456,0.10224393784956642,0.1067513301122584,0.10807747471261335,0.08077042500493539,0.09858073711019989,0.10092952954355938,0.12711293088186135,0.09802380662102117
0.16846407701899588,0.15527239808520055,0.11122370906010341,0.05881099211631554,0.07045326754137572,0.11942554179695887,0.1372555731454289,0.08455893101617092,0.09453551021945013
0.06226729152764366,0.4317787511102516,0.1313155114654119,0.028506121823374992,0.03699405207318462,0.17271786078592047,0.058617130987938436,0.06993480650891272,0.007868473717361579
0.10500852737362164,0.08178800380567022,0.08900464203103886,0.08410479867724778,0.1762398224966127,0.08746799605551125,0.08898974266609701,0.14744543473288282,0.13995103216131766
0.1574215743663077,0.08601350900497491,0.0973795789186509,0.0971429230896124,0.09417596214049141,0.09783190693914434,0.11314190090961225,0.1147288083292341,0.14216383630197194
0.10963456250219324,0.03337641828621623,0.09945847077761248,0.1868267287375779,0.07239736854498234,0.09765135030435408,0.12676851003523892,0.10106235055204711,0.17282424025977772
0.05183802564490772,0.05853087307900361,0.12542393443779878,0.09909799881696035,0.20549098279792233,0.08650966984878883,0.11276787125756604,0.14365509223634917,0.11668555188070316
0.09483182038515026,0.1414655034557697,0.10282675917107979,0.056017916076074814,0.1277596250362149,0.09074869776888485,0.11481322374493881,0.12081833258689435,0.15071812177499241
0.0743058492598262,0.17958794840258843,0.09733506074261271,0.14765188548690025,0.05481021516086063,0.11080872181432412,0.14860839943461088,0.08127791695976545,0.10561400273851128
0.02625111220824497,0.1558969907607397,0.14624988243244133,0.23959597085489048,0.07628709813395702,0.09931912972545853,0.09986979926227686,0.12789510647692393,0.028634910145067163
0.16120481481462953,0.08709084759331635,0.10047381071230721,0.08804505423308878,0.09594139001925663,0.09905797970931367,0.11730458136774886,0.1144483856155074,0.13643313593483153
0.1271191509804902,0.04574252934450268,0.09886401290933859,0.19825981486284663,0.11174631995046486,0.1241724399848111,0.07191050750561695,0.09017242295804744,0.1320128015038815
0.04621936847389452,0.18818649426952871,0.11974815290171825,0.11226145659785121,0.064987639968772,0.14365781510465853,0.21402038471280327,0.06374971113903703,0.047168976831736424
0.09845312021268308,0.0835007203511537,0.10322088670719202,0.10742843069755222,0.11806276207893886,0.09538815391108568,0.12053059688724847,0.1327968046571726,0.14061852449697335
0.18627825710674287,0.14439612474486305,0.16105697347208536,0.1034928860473373,0.03445221495146099,0.19078168423576883,0.09515605453526577,0.06238236472479456,0.022003440181681183
0.058546010203189475,0.12999416561149066,0.10120003517547115,0.15513777885642346,0.07729969471963606,0.10044906064660301,0.1601339035847077,0.10245673298164017,0.11478261822083824
0.08270731860405144,0.07441241709988923,0.13418408466247447,0.14584118321484865,0.09692300314840722,0.12814287301119723,0.19113907509320716,0.09082401601312479,0.05582602915279986
0.139373513095834,0.10182755893456587,0.1118974866915075,0.08830173162306791,0.0934222531862803,0.10710237293693199,0.13950812696363568,0.11178522275272386,0.10678173381545292
