0.11204375883738067,0.12132163144448278,0.15324035681775,0.11838469339202023,0.15445300470366727,0.08115795891243092,0.0676380656896265,0.11264563978230001,0.07911489042034163
0.10590751640804406,0.10120140949785832,0.06973841536703701,0.1453422126549749,0.1162895292241695,0.10648666003221414,0.051296950991300806,0.10807474977363464,0.19566255605076666
0.12270042762989258,0.09236113087776517,0.07772101653869237,0.11926679745997892,0.13181811388876177,0.11644430041520577,0.1838844697832068,0.12095478671395044,0.0348489566925461
0.10762733063316333,0.12850420169061347,0.06205045444414161,0.11403355021153912,0.11573294952054251,0.10634651948500762,0.046351827181672044,0.11132991396150958,0.20802325287181075
0.07723709365571445,0.09903779780652794,0.20241578979528962,0.054267763334227115,0.11521118532709125,0.06862903141085815,0.03959016685462587,0.05003593267340422,0.29357523914226147
0.13350273976246965,0.14109034619171235,0.10820868518061494,0.07841861292892244,0.05765019034229072,0.22886640918703227,0.020252973861372814,0.07046641592788218,0.1615436266177027
0.10744687172050736,0.12563561560248573,0.05955626972255245,0.09461146199100752,0.11656480464385048,0.12148586401411932,0.055242839108509356,0.11299762769577631,0.20645864550119145
0.09743061847159618,0.14044909084334278,0.05712341558467946,0.07836812113627518,0.07751071041574888,0.1425622474819603,0.03088167611271495,0.09075661393267424,0.28491750602100807
0.06702566428130936,0.059311253998363046,0.18589880817632207,0.03924793509941088,0.06316864214059358,0.07152948830158608,0.0555408095301305,0.03510765471580204,0.4231697437564825
0.09185007117282278,0.06596280537700673,0.13073172045681922,0.1297695103978967,0.1533689456184061,0.07646019419924031,0.0966259748101993,0.09508607230671311,0.16014470566089573
0.12386151113445228,0.15345481704194777,0.06964002915623985,0.1373826118013793,0.1306494334999662,0.12027854923815821,0.05326945423119315,0.1353641112799192,0.07609948261674408
0.07255879977407945,0.06982658837133558,0.16351084312619985,0.08212475704900217,0.3106391060501042,0.0731334677775017,0.046229888255349426,0.05964011822346769,0.12233643137295991
0.09599160103629258,0.0855130688437991,0.2724196821987804,0.05847257925454224,0.15681866447708728,0.05702040013560811,0.1246182286347896,0.07772571094166826,0.07142006447743236
0.1245879853145081,0.1352948091568409,0.07100818711979995,0.12276235935469797,0.13537522735996577,0.130157787512413,0.07620862387764384,0.138022412396576,0.06658260790755448
0.12825642430778997,0.1527141590597008,0.07182924011926496,0.12501388035189007,0.13563969752035018,0.11868132084749557,0.05622977676944705,0.1393757336134628,0.0722597674105986
0.1207846354692631,0.09928943035872957,0.07492870647725257,0.13518841256191697,0.14087405828575675,0.12085471625490148,0.12432162079709215,0.13827701700523562,0.045481402789851744
0.11623453504264336,0.17581729210882271,0.13467886285927502,0.08380643770678615,0.12491980768193602,0.09768354366105099,0.03749188960433899,0.09296462638866926,0.1364030049464774
0.1233016738186723,0.09648537668322298,0.07677173691247578,0.12244101250401447,0.13528417682859062,0.11562772557174193,0.16891278014390232,0.1245969540247052,0.03657856351267428
0.12497653855440743,0.1370580961358888,0.0738128240393205,0.13558882027149613,0.13455593816780678,0.12220888203416187,0.056807548338768867,0.14171036129167583,0.07328099116647385
0.12064158002750802,0.1590623866329464,0.07157939680321868,0.13889120345604014,0.11342564813963274,0.12985359313399733,0.038414117917529585,0.12783441623024308,0.100297657658884
0.11425680154134805,0.1151309292524142,0.13458702872402475,0.10997691579220638,0.16863887861662094,0.07923885971739503,0.09081985400680999,0.11950304103174743,0.0678476913174333
0.13027161601783874,0.14781494420693864,0.07313060423168853,0.12331998129361,0.14024931367671772,0.11170772030869529,0.06651372342578263,0.14357588830292553,0.06341620853580289
0.11468364807047571,0.14217574743064562,0.14869870747835143,0.10237451384409328,0.14922491367515717,0.08499617245542924,0.052127855966569055,0.09899700404266994,0.10672143703660857
0.09774137897243497,0.10397855196158572,0.0739945394383471,0.07852339280088096,0.34166783772462544,0.0741234179968775,0.0705110192218708,0.10180437869027538,0.057655483193102125
0.12927232672850578,0.13419604873255353,0.07355307324706904,0.12249503881739443,0.14403955482292577,0.11269079025860891,0.08485265766181443,0.1436006779765167,0.05529983175461134
0.0869866569495066,0.06394592072029544,0.08171931448323581,0.10427088226867304,0.3295889845860948,0.07401382810691409,0.11159072289756984,0.10457967739675716,0.04330401259095332
0.12396419099188731,0.110683591371965,0.07370385300555943,0.1379801315149485,0.14295345291611242,0.11210275931556242,0.12288919260236063,0.13268318736301568,0.04303964091858851
0.06810466165104428,0.07775013918386936,0.09546235323727219,0.06392335943961398,0.008565322290102812,0.2914373243343362,0.007452628748881952,0.027676000222962554,0.3596282108919166
0.12092662764567509,0.14542590276062423,0.13253719438163744,0.09009773309694223,0.16172941109816455,0.08043786112990234,0.0709575307750027,0.116315239641209,0.08157249947084243
0.048046947842548926,0.024170780407392196,0.4117251110419606,0.044302236650323075,0.16395372139333417,0.040559544891573034,0.025975154442663444,0.016857567439674575,0.2244089358905301
0.09892924794438455,0.1087699516374589,0.054714964098975666,0.07551729782682136,0.12062079868244167,0.0758541655579439,0.06154946702834454,0.09891565651331646,0.3051284507103129
0.11859821343512318,0.0884755840156794,0.07619152827534503,0.14092537497104568,0.13869222128544337,0.11460615680484078,0.15227354129973697,0.1324128228331076,0.03782455707967803
0.12470018075118337,0.1025316695191099,0.0760084762382517,0.12200886757421543,0.13897175050419305,0.11520155563667278,0.15154894884084424,0.12979136241299402,0.03923718852253552
0.1261098722327729,0.1628164048301083,0.07483051094670552,0.13689326608699748,0.11681746847036496,0.11984311451982461,0.03926218933107482,0.13044940987427475,0.09297776370787654
0.13116734962496798,0.16473445983661006,0.07771245205107437,0.12429144723229081,0.11956462790570209,0.1198353020531555,0.03975408410532294,0.1320273755272484,0.09091290166362785
0.11725090676283871,0.09600725277446447,0.07558947621874444,0.14592915287668082,0.13759608827569694,0.12882066270638168,0.10279096654483261,0.14230400227236026,0.05371149156800001
0.11470045187692306,0.1606274504756918,0.06778440687415217,0.09660699122459278,0.0951994782017042,0.18153921785858573,0.033367226579362315,0.11366284151721408,0.13651193539177392
0.11780429593668496,0.1151160023094913,0.06551052174630445,0.10968003966411982,0.15216030720892934,0.09426753647071658,0.09552020406810387,0.12910170156229725,0.12083939103335255
0.11418902815457693,0.22717114391585067,0.07212213830330967,0.09659835567303489,0.05839561528995086,0.14626984546297606,0.01722804470622928,0.0878360427328433,0.18018978576122843
0.11363223835851342,0.10280941609718104,0.06589598273139367,0.12005470963749411,0.15045918310827608,0.09410263001616175,0.09313655848581566,0.1297506100469666,0.13015867151819763
0.13061085528750177,0.16189183184574574,0.07684197407299427,0.12627407150483316,0.12262115404086077,0.11598031580382669,0.043680614197733704,0.13653309735164001,0.08556608589486381
0.1259649188847333,0.15976624942121628,0.08028816564571807,0.1369140719495845,0.10480157743991929,0.1272152938661592,0.035150638530332734,0.12271605037085644,0.1071830338914801
0.05852017962855429,0.028651011077254252,0.3456490468878573,0.04361609012959546,0.2953230901859479,0.040060620386815855,0.07569413736497492,0.028090567292328904,0.08439525704667111
0.10500493104478408,0.08929637659839791,0.18231817322947408,0.08644360877053396,0.15537712613335394,0.07205017432788341,0.1560970717631442,0.09856951270226995,0.054843025430158565
0.12108570718144546,0.13017300482275626,0.06933400698128059,0.16037774421254322,0.14054392652235817,0.11288231085471688,0.07543117471707288,0.13329119972250336,0.056880924985323135
0.07553333177474321,0.05136472087393674,0.0489009759004111,0.04859319501268362,0.08576095638405938,0.05572551467099803,0.09842742597122017,0.054317608235733734,0.481376271176214
0.12180685891131039,0.08869732955767566,0.07844071793839653,0.11840973990608787,0.12851247550680153,0.11685010930410966,0.19675859184876562,0.11717553291832662,0.03334864410852615
0.12686245862816717,0.1252000222161759,0.0751416242129818,0.1297522417873099,0.14324261860843346,0.11643404785255579,0.07621385804529547,0.14763926097384736,0.05951386767523317
0.09274873666492811,0.0699440319107893,0.3185030382710425,0.04490771322548185,0.11063004282514155,0.05303822042658801,0.18131189435962772,0.06999928207451768,0.05891704024188322
0.12471067410846244,0.13784433647616567,0.07924482069385742,0.15477413285452632,0.12262641680555143,0.11710012761516408,0.04656675574451879,0.13477013180854067,0.08236260389321313
0.12222443027290945,0.11348516350196454,0.07428003284751555,0.14929521851650776,0.14355227365789905,0.11246016977392341,0.08766474565734012,0.1441542092324999,0.052883756539440184
0.13019076262569443,0.17509551459686498,0.07282513098685335,0.11602148030746083,0.12240932659998682,0.12053546168230019,0.040590854029612905,0.13296015753339743,0.08937131163782908
0.08152384715930346,0.06816105636041037,0.04947849239791644,0.05528115862765115,0.09703673598552205,0.05980500041681255,0.07818944495370928,0.06631458319126458,0.4442096809074101
0.1295792525754552,0.12744047059257693,0.07441044660946584,0.11564267836285029,0.14479373095566725,0.11422312267753154,0.09844592855975581,0.14396992194547328,0.051494447721223795
