0.059397539099448615,0.2460076286607175,0.128302540150107,0.30217967038513693,0.03399228916613624,0.047391662105747946,0.05486716030785812,0.029850674736889394,0.09801083538795834
0.12327523422225888,0.16003365383901713,0.06928949714709774,0.22902108932062962,0.0023791188787705953,0.03050369012419618,0.012244083721489657,0.06272973044006352,0.3105239023064767
0.27669106573355334,0.021729737034646323,0.03263090872379524,0.07937086419824439,0.039939676389576746,0.35345185321997574,0.07343980166716425,0.07236513093614563,0.05038096209689844
0.18222004096332267,0.22482052063374638,0.1297630450619148,0.18600985199855669,0.014006751368968721,0.02206146164252355,0.03954304794445803,0.1913017844027514,0.01027349598375765
0.1692608601949752,0.1327771985641057,0.2941628967054353,0.09327560377681103,0.03165957523959894,0.01697359635255744,0.19359924005713144,0.03732875341551989,0.030962275693865168
0.08698133239940309,0.047699814271234015,0.17590698247430067,0.11765152950310818,0.14520255233224189,0.2052079801550645,0.05788215253662271,0.07232227068451398,0.09114538564351098
0.040807278788093856,0.09640543001971474,0.049221148813777586,0.13909695727147234,0.17149673974041732,0.04277682975783758,0.05877736447706683,0.12349264225691459,0.27792560887470513
0.17697890688308435,0.11836669652851739,0.08675885070892081,0.25998287349779714,0.09052842728324338,0.07514998467119051,0.05821795688710127,0.0341896540388873,0.09982664950125775
0.04043312185172964,0.12599099954057832,0.20042237901655277,0.05202528980352799,0.22691460856935564,0.17589815455629196,0.1419611096377643,0.01546623918347755,0.020888097840721886
0.07073885496798958,0.32010648318975826,0.015148790194026443,0.12323139370180426,0.02830392462242404,0.2727948887922114,0.02917749985008411,0.07360389530161475,0.06689426938008719
0.06639396019366327,0.038542241924033015,0.10712341751430426,0.10829087988259872,0.04114824873449504,0.0826854763830478,0.1283583704864086,0.1461112562247982,0.2813461486566511
0.11949268034798273,0.23871741559290935,0.08919294451062955,0.2005499213606886,0.039154428243503896,0.08637091061905622,0.0764486948625419,0.08148667602352216,0.06858632843916558
0.04319613131326675,0.09917127998897052,0.37035583253121657,0.16705259973863174,0.1268825612681391,0.05542406420491671,0.06594016859207441,0.02945088252498007,0.042526479837804186
0.03060890382742508,0.18231236593099423,0.22686546753485257,0.11638111270712032,0.03389910382616185,0.12438795953525701,0.05711366595939216,0.14657260733384758,0.0818588133449492
0.21641410577818151,0.1966631218991922,0.1398851882444016,0.13220060599684944,0.08194427451468683,0.08795842765946166,0.07435455285576205,0.03414432893859642,0.03643539411286828
0.0527461527350151,0.17310868045232541,0.04593911119351426,0.11449217329580369,0.03138690792861608,0.06068219802037045,0.02934129508278123,0.24167838306975933,0.25062509822181445
0.030110274870809684,0.049451992415298816,0.10776080622342038,0.028266620922966695,0.010149367181812257,0.5176681773517936,0.009452015151357768,0.15881315830893816,0.0883275875736026
0.04538407369009733,0.15683453774243386,0.11395332206495982,0.15176314422253226,0.0837888777450252,0.1354656482156523,0.09474738686752819,0.2124068414849186,0.005656167966852516
0.05943148073691659,0.030851578174482835,0.3747275257822575,0.08719965838853767,0.0962171762043789,0.03237489695479026,0.15425036917186263,0.04819558152890574,0.11675173305786786
0.02270981932869474,0.10090870190129876,0.09264350048064783,0.061371182111315925,0.051321334329747594,0.042037072777437706,0.42827163483380515,0.17278655046979133,0.027950203767260984
0.08269802930524676,0.133706501043591,0.040249938972162044,0.14343962380844974,0.314665197095445,0.05791685773326761,0.04244057925377424,0.12373818414785535,0.061145088640208345
0.2597565446571357,0.10142531948354679,0.21997067947391194,0.09878327147432737,0.12905485361744667,0.07211819739563981,0.01387375590285561,0.07649355580427071,0.028523822190865328
0.05232190308287327,0.20117711385221448,0.034976357470279634,0.13453177937289593,0.04391151793727568,0.07811999813187344,0.06154611734547027,0.12028461373463185,0.27313059907248544
0.10418309733524472,0.1461236445882347,0.10091876616085578,0.20065864702236913,0.04006526417992206,0.049103282310780066,0.06106561028093422,0.17758410846910963,0.12029757965254965
0.02098726318442472,0.03923083705072978,0.07249998842922918,0.04235219651793901,0.30988759330204174,0.10365198413108527,0.08803244818613071,0.0117789073424543,0.31157878185596527
0.22347328057666807,0.09308048543419888,0.07517298983162368,0.23595328931209156,0.033630177039538106,0.153026269380551,0.054691440034133204,0.03810960692767257,0.09286246146352299
0.4929735005614649,0.02578486111268842,0.015004284480643748,0.07605976721533705,0.18989819415789402,0.013995932420526313,0.04494881529392947,0.12203272375108842,0.01930192100642762
0.04868381252830082,0.14338272789968934,0.20877000459419334,0.05753025755861622,0.07563748289095817,0.0810765911885283,0.2766929510396643,0.09414807650667317,0.014078095793376329
0.1303928457986706,0.1361825080180405,0.07509414992885362,0.33509329268991284,0.050434960786297535,0.050252517931618584,0.09031710064665832,0.07371352026603774,0.058519103933910376
0.036337346069516635,0.027652865719137023,0.29841646211064443,0.16013954454874255,0.06738750992064017,0.10005245581181765,0.07008287614127728,0.059210073920559776,0.18072086575766452
0.041680155718095135,0.04144435588043213,0.343794167807357,0.1937624343240197,0.010913143081703136,0.25516278112286894,0.016440517296989136,0.07505905714945922,0.02174338761907563
0.2935253884200624,0.034187983308205654,0.050076325799801126,0.15652901698509283,0.06998586885034469,0.19163121148083925,0.035542005339092526,0.07953225768517654,0.08898994213138484
0.41003988803777225,0.02396768236616884,0.03567479454746359,0.1526864976692434,0.04243752028227044,0.1829323310468746,0.0169454345932631,0.06629529474769068,0.06902055670925318
0.11948353349012315,0.04559347975642852,0.028824514455849482,0.13666223406546338,0.2295545060889699,0.08030044493375955,0.05186936560174026,0.0922312289342055,0.21548069267346023
0.11865110376817484,0.013663889282810067,0.04993636961556538,0.17178002664487022,0.08967319738196951,0.3553876631115644,0.05363754718152447,0.006974642413706988,0.14029556059981413
0.015163500698423732,0.3069424166927648,0.07930392899242995,0.08860890782841951,0.05957932892907219,0.13947815072642125,0.15364071093629006,0.13359018864127048,0.023692866554907984
0.12357907913976822,0.33447844330737325,0.0635200566643425,0.1821625504558738,0.055828173404858565,0.1030725838645223,0.05812944153745472,0.03427279404915432,0.044956877576652426
0.1757451280364372,0.028889233799627,0.08575469206212528,0.23702481578169263,0.04770523640019316,0.09062518890933637,0.021712990375658842,0.16954206940046865,0.1430006452344609
0.05286960474877548,0.13734531324830115,0.0839321078581028,0.2411946294976148,0.06696122616369779,0.12646091872612594,0.03750923987455748,0.09190699438456207,0.1618199654982624
0.08457158636366646,0.12771977430850273,0.049270377206264045,0.12743476534359396,0.10020702104175028,0.07894740119179955,0.12439347510402715,0.24980668061599687,0.05764891882439895
0.08926763633290713,0.17440107050240775,0.21129167473148672,0.077951637245197,0.016009509688204717,0.14792508913808278,0.043147604269828575,0.09968577485834522,0.14032000323354013
0.05942304801621127,0.06403736580567802,0.06166049699336495,0.12654801947925545,0.010240948503815269,0.041111561030853554,0.0349057494601715,0.0670434245844545,0.5350293861261955
0.25423444199842443,0.0074974401603440655,0.18427745476667992,0.1621796963313269,0.05932841665195704,0.131763678557691,0.05394114405495317,0.013740775748133857,0.13303695173048957
0.1251419091583343,0.062432970495146935,0.04006998808358672,0.18596729537906379,0.02480715845718896,0.16489023233436959,0.04181000020125573,0.32234005610561006,0.032540389785444074
0.12769816807949122,0.1276071391596325,0.04188490366072275,0.13588287117121042,0.18571345343201417,0.07185495464207294,0.04416263405484961,0.256506186075025,0.008689689724981334
0.11618842169195599,0.18806826356018824,0.08100481856409907,0.14218870693229269,0.07004809322605439,0.09209880330423258,0.08223531717288651,0.09219054251955394,0.1359770330287366
0.05399082260459068,0.13119116048270332,0.15225393834890577,0.14965487526342708,0.10780510028936045,0.1051762057968955,0.03874779747369799,0.25375270992923293,0.007427389811186252
0.1181255839550035,0.13440069633914584,0.12147760806626208,0.1499446644656727,0.0339447829205454,0.037511837477189926,0.053212931064641526,0.2500404849582283,0.10134141075331078
0.08341318871951146,0.02092269487495596,0.09043573919976684,0.07322735727233508,0.16834314900806555,0.3255552068674254,0.08790141288618558,0.14327653536415555,0.006924715807598521
0.07943342604321683,0.5357925565050778,0.026672500219673042,0.06445772408841931,0.03642709483667806,0.01813697217937443,0.0473813906423459,0.051472464256461896,0.14022587122875274
0.10152554885648198,0.06886498809254449,0.045838558819355106,0.3338680743247622,0.1679107472541884,0.038492802078355565,0.07906297297532512,0.07814512973298872,0.08629117786599845
0.07979986154268297,0.22882825698050535,0.04522328286894359,0.13146678552517815,0.12725241453630096,0.021063385829747868,0.08774794205769243,0.23496462992852782,0.04365344073042085
0.15506425442071228,0.024503043634972275,0.04066178950956922,0.171693422262066,0.02373613184108501,0.11446974919093351,0.03548909797906328,0.13169482481422803,0.30268768634737037
0.012929668162121993,0.03150587983964889,0.14237843252483465,0.0593454580946002,0.29517016115725697,0.2766022328878505,0.0793050968243633,0.00422684952750584,0.09853622098181763
0.18248197534973262,0.1505957009444677,0.05853077534643508,0.1624743400528378,0.09615253990414045,0.13412761897645983,0.049410672357074026,0.14601127470601574,0.020215102362836756
0.09083419841625433,0.01883115808558023,0.051530643745519834,0.1950890650921422,0.3510354434976024,0.09045268693233338,0.044965417255885605,0.1517952611879888,0.005466125786693141
0.1827124537590605,0.3921954852538141,0.025288739700383766,0.08777334951303749,0.15671084148285708,0.054789818923929166,0.027003068892330045,0.03990802019288997,0.033618222281698036
0.042751018384503514,0.09364835951932492,0.027031225023425937,0.09145993179736263,0.48968295970149517,0.1863021243213733,0.023145501389031136,0.005699043066945279,0.04027983679653812
0.060917623990757404,0.18587036877391258,0.10718555302062045,0.03608682925846527,0.12398335220734676,0.3602706799335005,0.021679757244107773,0.008095582574937499,0.09591025299635185
0.09253310886645082,0.08246834952015417,0.06810099774725,0.11971907025089723,0.15297270235162275,0.16581200453997177,0.14090972379720015,0.07651679148355586,0.10096725144289724
0.08587058979016489,0.049174654484056744,0.05028463603620603,0.14665790347129523,0.038682291622402644,0.04622653380049188,0.03673641271443257,0.05465602240744999,0.4917109556735
0.18090741259689716,0.03149981439557822,0.2306673376970075,0.15430969318069832,0.029642951900002906,0.2848182722608385,0.025631758328068608,0.04137925909786926,0.021143500543039498
0.04210278982137613,0.010583565381213897,0.3988019502822735,0.060904234822550335,0.017291187650805638,0.19859452258361646,0.010713886021560206,0.12133221526256077,0.1396756481740431
0.09422098714405712,0.05158554224513629,0.13713088945226604,0.13235227264839977,0.12303552740118384,0.1711691044536862,0.12005960089114782,0.14266973857121598,0.027776337192906952
0.04116339331826938,0.13505813716938417,0.2508953392761893,0.11075493572308731,0.05217131449173095,0.04833625711503466,0.15703275417857318,0.10957894618010917,0.09500892254762194
0.048313194906909884,0.17355888176469284,0.18052072236145023,0.051930064966725226,0.30492515448870977,0.15179223851076812,0.009925723330724293,0.06376369092642165,0.015270328743598053
0.049837517383367634,0.4128714581012231,0.09726852081272093,0.14527460877255002,0.07087612266448458,0.0397608307294648,0.018940546799775734,0.1482019399765705,0.016968454759842662
0.041735931480229915,0.18908009502607825,0.14230567208963743,0.11221549806188484,0.05268942736857507,0.19185768752026858,0.0321513682446723,0.16238016458823995,0.07558415562041366
0.10442411885921583,0.09167834859421486,0.03293579979679545,0.10499190908271143,0.2223426570477213,0.15958278084040703,0.05164547159891703,0.16235174972642377,0.07004716445359326
0.11502092178202776,0.1928005711887721,0.1730037195785815,0.22601879259999333,0.12952335188367262,0.09335287459392931,0.02601929739875307,0.03966851744069851,0.004591953533571897
0.1636126977608812,0.13367878951631598,0.08380317057199882,0.09021665272006811,0.1078070466729683,0.12031940813127356,0.026550658145292238,0.1863546625562494,0.08765691392495241
0.06005308783695262,0.01570262074675725,0.29246198193154527,0.07517109952894496,0.07782669962823979,0.224575461971371,0.03743306931111134,0.07536383212085744,0.14141214692422038
0.060940553715892846,0.05928592153711006,0.05992670653181395,0.16236771807323158,0.3073766350819992,0.03730453061313289,0.12314473277898545,0.1303908072779235,0.05926239438991057
0.00766120737217358,0.5483504585628228,0.09634817822685175,0.06036813543332315,0.053628847669055374,0.010840891757620043,0.027608139336209935,0.1905419040600813,0.004652237581862188
0.07766413085210452,0.0490560028573179,0.03571226689876692,0.09483846649307542,0.35617719132063425,0.061884056475621486,0.06124808208702726,0.05456447632993406,0.2088553266855182
0.025830567591521577,0.21958623778931688,0.1230653733836628,0.07925389524441051,0.32707750686211085,0.025381008720982756,0.055408401449693605,0.06530599450747056,0.0790910144508305
0.0424324888107711,0.08966930961107943,0.23998848400040007,0.20394038020342442,0.10395641790508392,0.10393876787217748,0.09233496149684962,0.09728836727572075,0.02645082282449319
0.10971548124918744,0.04775707069839156,0.17421431634712173,0.06633891275577354,0.07715101827377607,0.3212114021600829,0.03671425075406692,0.021241866534974438,0.14565568122662534
0.06261027995126946,0.10230292777703727,0.10209010672924547,0.21482023723003665,0.04711643558447259,0.04963839653131974,0.04516165862239682,0.10345574564970843,0.2728042119245136
0.034250403097605284,0.31974290547514633,0.17798000108532977,0.10000815893951538,0.13836671662124186,0.029265597589337097,0.04260765918349158,0.1385701611785192,0.019208396829813523
0.10549671957475205,0.3118552040493621,0.09338805699691277,0.1326303486238417,0.18437415228208656,0.076980071854077,0.04517677329917721,0.04505216820494223,0.005046505114848376
0.003919410117218286,0.08196849550585489,0.11759874443149058,0.05496321275375529,0.26728998246920616,0.09929990533458093,0.2993517149077201,0.05795089903793049,0.017657635442243268
0.08550901672162997,0.03744609440109153,0.30684715938963164,0.10149026489379702,0.2823717687035529,0.06922379386740744,0.017299354440966728,0.08986555494301197,0.009946992638910739
0.022037168917104055,0.04946382906941651,0.06338609467538069,0.09859521697734241,0.12639771285350915,0.07509658177214122,0.05441191612600249,0.3572208931516114,0.153390586457492
0.42174741524718273,0.09892436908965475,0.039947556093729554,0.07790703178853516,0.057469308463154734,0.07715738334128702,0.025158185687972196,0.18893396154354128,0.01275478874494265
0.14714685140434156,0.11529875113906,0.06793984796423252,0.10638864971383032,0.064438245858831,0.12176206250210157,0.06819922920920173,0.17758748423894752,0.1312388779694538
0.07457429798322578,0.07103052300528807,0.04609566571335988,0.16825516152156486,0.10121025973418185,0.02568247064942912,0.024708534063329093,0.10029879043101464,0.3881442968986068
0.11207772137828968,0.14564331109529663,0.10428462475116028,0.06393507922444082,0.04721551883976429,0.036903844379958195,0.04707697723038104,0.40380124078795837,0.03906168231275075
0.41642965364849954,0.09355913590128223,0.024179359364524738,0.10329704304469906,0.026306052136878148,0.041849225665782364,0.09076594908674784,0.08665335504419304,0.11696022610739294
0.14987708824404558,0.12999808348785305,0.11625291480770454,0.36432740797788465,0.015852581920885397,0.016489587360434686,0.04226884996885485,0.0475736402885941,0.11735984594374309
0.07129291800231889,0.0397947174626982,0.06432891731869052,0.05773792133628323,0.15931809231054042,0.03309958834756724,0.544306454773052,0.01148532113904322,0.01863606930980636
0.05856632597326278,0.08690792515733721,0.19594305313756255,0.1029061911878167,0.02171555325263294,0.21114914329575818,0.018592748765472383,0.27039082456301267,0.03382823466714465
0.17178963429512972,0.10434085240217483,0.05121987827109553,0.1922017777992315,0.013259045910091069,0.039520430518880684,0.03642873655959151,0.38431040274603606,0.006929241497769085
0.12427921180702821,0.02782849739236812,0.08267536710099933,0.19676702573229465,0.030950936568229892,0.2388764033955233,0.030837332071006227,0.2227057938498537,0.04507943208269655
0.11062278173176866,0.2140506147275559,0.030439995347114057,0.15064307181921463,0.0490505333138774,0.09622019973851081,0.030747974023187786,0.2810272237292912,0.03719760556947951
0.009867680737490898,0.09481060491347444,0.05891655771866284,0.02730497002820835,0.02577471289460499,0.43087009871519477,0.0191171623855086,0.008176911256933596,0.32516130134992144
0.08627859197075649,0.054232167863395686,0.2757381981953398,0.09070182904669648,0.010697200830691428,0.0705998117549994,0.029421551625021667,0.2922707276548894,0.09005992105820974
0.15379765213434785,0.15874784537967732,0.06828353454145193,0.10174957251901824,0.1677829078792862,0.0618994381613821,0.0327603003067165,0.23689738015173958,0.01808136892638017
0.24410892766738046,0.013015370113890352,0.019637389180353508,0.06182184825934172,0.1373655556442889,0.03289946185693995,0.13508264978577086,0.3481604546654453,0.007908342826588984
0.30979283441525435,0.058280959003870696,0.05027953184247799,0.12478302269301288,0.014060594475378196,0.07045825559419792,0.05823432826259064,0.29382481518372777,0.020285658529489593
0.004874974402348978,0.1586730612458877,0.27674406041444977,0.08712037684529471,0.05415408780899026,0.18884686475262683,0.033695027674134154,0.1393721797297379,0.05651936712652969
0.04239436109737054,0.00723618745373112,0.05016486936810607,0.10054597077111287,0.2843595165253694,0.03401820897450288,0.01737598291348023,0.3472712121519758,0.11663369074435104
0.28538784240796783,0.02070009011246914,0.09543315012878296,0.34136144277890706,0.012043005475710878,0.11272398281274436,0.01172746704133284,0.09220062927843879,0.028422389963646297
0.19756395136678986,0.08038923890738163,0.040931452669998314,0.2293089007464164,0.15102152897839707,0.024422795126452068,0.11163264761448038,0.10468873057258259,0.06004075401750158
0.2453273056045121,0.04301577087107492,0.03650887139528861,0.279947713490077,0.05583190924656296,0.07593471413100243,0.045534034564124935,0.11546969285224984,0.10242998784510711
0.016372066215891018,0.3384144158042158,0.12305907734536432,0.071185445822032,0.04331691992018679,0.3194507261598173,0.026893195733939213,0.05224827836147509,0.009059874637078545
0.022631850952094607,0.24534960452150542,0.20108609595178362,0.11409182754040441,0.06560750962132482,0.045198556648115486,0.17924901802689308,0.011697989475628176,0.11508754726225041
0.13771271566067847,0.026285163309668406,0.22404295476367478,0.040382357305972484,0.13645101658101727,0.1920114547888573,0.1673391183040969,0.006329021094787088,0.06944619819124735
0.2277342104993826,0.2029894813617444,0.32817249537453047,0.07834772218134566,0.0038478011310029256,0.0671842104056617,0.03556961674254237,0.029628529081608054,0.02652593322218182
0.20703951903715337,0.0815436232177693,0.01700938248236576,0.13601569768346092,0.09609352037551207,0.0875799003617344,0.03588427578421572,0.31154802855387054,0.027286052503917923
0.11282669896086524,0.08650176675313569,0.1737056836962139,0.2353347124498657,0.013186400945080758,0.0754683769809409,0.025421425433224194,0.086591124410463,0.19096381037021057
0.031356037329605235,0.21758016222403812,0.43781106138202747,0.0687973930179802,0.024842624620462824,0.15650293426306286,0.024137389704643308,0.02436851015590699,0.014603887302272989
0.09402280855586204,0.024139318988616282,0.22523957540168635,0.20484984226128236,0.08313122452446219,0.07103042973158372,0.04782664199733366,0.060039508237208807,0.1897206503019646
0.08039055029083225,0.1944958803643689,0.05461634173076838,0.14044630163728733,0.06959419600183932,0.07061291681719854,0.16902592577316902,0.18753375083052112,0.03328413655401503
0.03209015931457506,0.07366805343693354,0.248344786460694,0.10736363112091339,0.14197085613982796,0.04891995799945115,0.04729860309851026,0.118173158319875,0.18217079410921966
0.1452311684234625,0.08276402941729478,0.1877294872703398,0.20384650421351655,0.10062349038353097,0.05951607953856473,0.042800067915236516,0.14212253728793384,0.03536663555012038
0.47004340593317756,0.1084910392157503,0.049183551980179485,0.1191897233661386,0.02182080767669332,0.07378886448219131,0.014932057925863553,0.05697424983248397,0.0855762995875219
0.042625956476168604,0.0528284565332801,0.08158984369916002,0.15286016315731918,0.20519506038819446,0.07879937761206639,0.20867696485765364,0.10104651555987239,0.07637766171628514
0.08938254642451426,0.03110877145908435,0.04306309253900969,0.0824837476052353,0.3107627841807173,0.047583644394245915,0.3334415753767121,0.02214898420018842,0.04002485382029263
0.03966567844352636,0.036928257149493215,0.05455723341084959,0.10999071984273483,0.27618823072321486,0.08559892634332583,0.10295767873522758,0.268256382520018,0.025856892831609735
0.03049870646706834,0.10755292846788221,0.03726277420629744,0.048533087106106286,0.08036675320755803,0.5195925847996349,0.03500109909889355,0.007294787250768166,0.133897279395791
0.04458507921652888,0.04018310442097542,0.07139124018966907,0.1565271568798898,0.2670004086403107,0.14209481259485637,0.01809869595812299,0.11486374513553499,0.1452557569641117
0.0911772967274878,0.021226711480048118,0.08919831845694487,0.10236482341943982,0.03770687073581697,0.050583682523170304,0.026797031242598343,0.5433246840941504,0.037620581320343405
0.06302774238049212,0.05491696656160264,0.036098501266513205,0.10737505910060213,0.03171631632006034,0.07886051101801374,0.04576591693367784,0.5560204650038008,0.026218521415237266
0.027355876927484788,0.028439721728142173,0.45385522276497064,0.05417681900041518,0.1738711831285276,0.07184588192586862,0.05000457120458791,0.039379172442709776,0.10107155087729323
0.08075398848192517,0.19265508565375855,0.1506641224898606,0.09652370658625474,0.2296109599274461,0.07942829439604186,0.05328957986238155,0.025276633344063774,0.09179762925826775
0.07556610581267698,0.10878006233305788,0.019372332681805913,0.09286796665632459,0.005219009086094275,0.1965397914586957,0.07048199071919758,0.33725315609888745,0.09391958515325953
0.09335596924271149,0.08224949372194537,0.08102913419515313,0.19129885275241945,0.15173391776187672,0.029313391679711604,0.09369604875048358,0.21518963787796241,0.06213355401773631
0.057450903721143955,0.12484633141374653,0.3285393422789466,0.17174041887564898,0.035994064649179786,0.0957285632765242,0.08533994742533178,0.03661707761408035,0.06374335074539779
0.22799182493941386,0.0380970068957419,0.04132973690102866,0.2709233725106201,0.1312480519874918,0.0639944397372421,0.09605891424790218,0.06642035787723626,0.06393629490332318
0.10349256095792435,0.14598109423295166,0.1726630128871575,0.07767508822243331,0.05426914771526175,0.19768590782369078,0.029288032563032265,0.10786314618171759,0.11108200941583084
0.3283203974274085,0.08051752308660572,0.16271746717824428,0.20208115017014117,0.027859388221454017,0.051763416684886494,0.03214622552399604,0.09802727787499745,0.016567153832266326
0.14366567176400033,0.3625699712314072,0.19379206261498508,0.07858500414068656,0.011603788817716433,0.03789220461305289,0.13398803848785687,0.014400789808016462,0.023502468522278146
0.010760261427700276,0.1220366701790373,0.11532834526026581,0.06543256812743564,0.057621519493109376,0.08878735899333329,0.4442628489235167,0.015167969390065261,0.08060245820553634
0.2299343611626977,0.06823002944535994,0.05617472810200732,0.10511715206720625,0.028917473049596285,0.31159377835517615,0.01807351315962565,0.05062746597819014,0.13133149868014057
0.023941133437146458,0.10729608955257768,0.12528915553701092,0.0764924262549947,0.05255079716885644,0.25451927498623705,0.22653967069189385,0.11739210100248974,0.015979351368793197
0.11543284074565734,0.09057978830491771,0.21958609149927655,0.10995157276069101,0.020263699070460547,0.1289162745715978,0.10923507310679197,0.18417392966317178,0.021860730277435344
0.015977178000570167,0.05083930502643053,0.33294712594992154,0.10405705815466271,0.014318003783776482,0.20905138910542773,0.09963725386870644,0.050357575061665806,0.12281511104883863
0.13953558955806544,0.03136344220965418,0.27929749141277876,0.10422367544630395,0.12139521149541455,0.08306943105866611,0.03449241979286,0.1571201976245827,0.049502541401674316
