0.06257145652979756,0.3489746751738049,0.14520311158219665,0.16759141293923507,0.054592412170453276,0.025974690132076775,0.023762300101159373,0.04372244533520414,0.12760749603607224
0.455331700922549,0.024024416335874238,0.030891475996091062,0.0472842030244811,0.14547553153050238,0.014973743121538393,0.1831557803585592,0.04732905982675386,0.05153408888365079
0.20267362863896346,0.07365120903852018,0.016992545599404576,0.23677683630600732,0.10162632037336176,0.005130064282155665,0.008809462017695177,0.35040801317663534,0.003931920567256418
0.13036475922963234,0.015663884204451726,0.1640195948489316,0.129252828690072,0.18193437272151267,0.015545936781639721,0.05266901993669402,0.299371950456277,0.011177653130788848
0.1352295339375792,0.022630688268776344,0.07267629199558469,0.03922140714656803,0.08680094428033908,0.07881319261105661,0.10908739500994458,0.03161976348171621,0.42392078326843524
0.039855924022757776,0.2566103149631527,0.05587759935502038,0.03987662851698856,0.04137860097025355,0.37535617439209473,0.14110615823794434,0.043275388499491106,0.006663211042296946
0.07788051851874117,0.12353045243751604,0.02450899460079843,0.1376365519079564,0.06035262787310983,0.2858807082902024,0.08653274988318205,0.06957737362944565,0.13410002285904796
0.24368991741981819,0.07054195104150236,0.13895508426258987,0.08252890290441396,0.04020764268906068,0.19406357668422877,0.05884734882107994,0.026634099399302252,0.14453147677800396
0.16654040915485357,0.004670260983272628,0.017771695094732053,0.3358213722865399,0.05825056250069729,0.24013769828148024,0.013191711475837177,0.1418250797954137,0.021791210427173427
0.017645099265465623,0.2428366163072236,0.06614451033496672,0.04551753671575957,0.1459809674946798,0.23489255938410833,0.13014857882964517,0.0914124328036748,0.025421698864476438
0.0613068565498577,0.11247123925106868,0.029265748866756796,0.11163406120431862,0.07050444217476359,0.5093999449561178,0.04683253970457868,0.014062033198377462,0.04452313409416065
0.066294726372738,0.04917268995650644,0.25779277355452984,0.13650202578877693,0.04365001312586214,0.03599122455911127,0.18278711850022913,0.05298939501967554,0.17482003312257066
0.06624562497240327,0.09115392428811186,0.37409617930073047,0.07060173979943252,0.054274356477907404,0.02769097337728339,0.03318276718391393,0.25558747919942487,0.027166955400792194
0.022568677680139607,0.04835221127488324,0.09456707852005276,0.10411406642448966,0.1492598771285438,0.4881997841531456,0.01891161385691445,0.06460701819943836,0.00941967276239257
0.05333026720958872,0.10841942842704633,0.06130334734359009,0.04939919611463653,0.3307522032232925,0.05599018881729754,0.1370283763991505,0.023782813925460958,0.17999417853993682
0.08235481887776502,0.03848614989195253,0.32434763951030504,0.18075356750627591,0.09288583002508573,0.17546454018868896,0.05244836622190813,0.0399626734578765,0.013296414320142197
0.12073836174188697,0.03603982565989059,0.08150929797037924,0.10152963400760374,0.062148547465831566,0.03588310426759497,0.20907385260850928,0.3389028984324683,0.014174477845835429
0.06386902667013787,0.21785635200993234,0.04490711832044755,0.01385226013570825,0.3916305783398089,0.0641405813576859,0.07169098476758033,0.09214282574552368,0.03991027265317518
0.07343641150038993,0.05278040187096741,0.030143062591364952,0.09755477422538465,0.0745764127764972,0.12922105591784502,0.31833769759759667,0.11140327824647339,0.11254690527348081
0.016382349535048208,0.01599175970280928,0.24644985302883402,0.009579608496444429,0.05268677398026685,0.09094446977221804,0.08105209419522372,0.4695953298397957,0.017317761449359776
0.14674165347080462,0.5746514429641921,0.03158911269172704,0.04250040335989929,0.05181493754787683,0.03142207222361558,0.051984143233905815,0.04684170926946901,0.022454525238509562
0.16531491972827048,0.3679849535236312,0.0804455029375875,0.0431221005748254,0.06475183432391615,0.06003469717485529,0.09975275500168775,0.03847207734755206,0.08012115938767424
0.21589850694980972,0.07455222374338268,0.09190417506731581,0.027958868561927013,0.12089263149256418,0.031186704752474075,0.3726345449216239,0.02479596730601,0.04017637720489265
0.1558441398488216,0.09943813391705918,0.13825408543629453,0.040206753833285945,0.16860571611030642,0.05462759295059095,0.2789019801306149,0.03158651929523342,0.03253507847779323
0.10931632105357984,0.04908341844799704,0.07837985937632853,0.15518000281126296,0.052900195518510364,0.032954854534108534,0.3390554056618486,0.04578985302404077,0.13734008957232335
0.23897460716413965,0.03321498738455888,0.07359942860779123,0.04445752207165562,0.03825185208008534,0.01756230950044542,0.3880025327170395,0.13252634747390066,0.033410413000383755
0.04899886554927166,0.055729452663651625,0.19973698958188965,0.034061877897898184,0.047527115513526556,0.029901367809286355,0.0752981798012914,0.026120250343366607,0.48262590083981793
0.10840334805936558,0.16295729170092013,0.06828227990127826,0.08830839794676942,0.061749048010782424,0.023086324463158416,0.002025949969844874,0.48024797798935487,0.0049393819585260455
0.15521630023455038,0.08895738199040344,0.03546976245609821,0.034193016196169275,0.022562307734909637,0.47254998457303454,0.02092912570772164,0.03662000808712642,0.13350211301998646
0.19528605519243036,0.10963875349662011,0.024868391696041853,0.03944159978660281,0.15759600765985646,0.09426873521015038,0.16596066406800666,0.06549041673755727,0.14744937615273415
0.02367578363032413,0.3640159976828666,0.18282813570750253,0.018689403327505082,0.27232334468803576,0.0400711586867906,0.015782073852404262,0.013980180164035613,0.06863392226053552
0.24874891800011198,0.08157812045471785,0.04753867551630939,0.02434765271827322,0.06061206569281583,0.04499804818472564,0.16581121314566452,0.11423770274580958,0.21212760354157204
0.13107190440444225,0.03602349296003678,0.008561709997789527,0.030137097300789017,0.08119076428279716,0.09447058668116887,0.045144590079287394,0.54223596512982,0.031163889163868936
0.10642068195777267,0.09102186514731037,0.06722143468018081,0.09468432589498595,0.13739898480577728,0.04095686272428611,0.21323422222192692,0.1925452171937528,0.05651640537400717
0.03963621595906334,0.03156853340758476,0.033309918119558225,0.08289791339142026,0.08483836242291416,0.10963637296248246,0.3233822021808479,0.0811617968742724,0.21356868468185652
0.035216697674757096,0.07421842794501643,0.025794281645069736,0.5142333051162447,0.11115385417748662,0.06854178197639858,0.06948885173030596,0.05225704265742284,0.049095757077298234
0.0612928935514637,0.008636027836507819,0.17078744589496497,0.04236004192738737,0.10451176778590582,0.43849152931667973,0.06649963712886463,0.06275968249724384,0.04466097406098216
0.2002174342735895,0.07851785313373123,0.05190468130089234,0.16925876621955838,0.06908767310048655,0.03686161080579591,0.17468164912545078,0.0562673471475835,0.16320298489291185
0.07692358611955123,0.14266369546126967,0.07224542153916981,0.014161953056465693,0.09471861469071624,0.18051334910761177,0.06489719204687623,0.06702692766283085,0.2868492603155086
0.38687668495669825,0.0573212510933025,0.06569779552619127,0.010501665693178957,0.11032062515061714,0.013384502815088411,0.12723079113450178,0.19504883067842127,0.03361785295200051
0.0372068808387267,0.24572207811110558,0.047324631165556914,0.045178728430659336,0.03671867154389534,0.41904019718670976,0.14197296391064376,0.021058656916055435,0.005777191896647184
0.16529164596578047,0.1078613115102449,0.0952413492592341,0.021260819607910417,0.125937096471085,0.160597259990181,0.06211073349267221,0.06049649765668288,0.201203286046209
0.07191453565002194,0.028708020582089173,0.041743975895439406,0.036886643476116025,0.3474393762499408,0.016683617861205747,0.0663776840851473,0.385681663489246,0.004564482710793555
0.13920899171972798,0.036370555795097625,0.1037133967648634,0.042138815019626207,0.04028364301718205,0.06424231659679748,0.35925830768929967,0.11687593525315271,0.09790803814425285
0.0674337401506659,0.07552889868425236,0.18621365783862773,0.02669823215354976,0.06953042072854815,0.4312140100442925,0.09403389077504509,0.037114684019735854,0.012232465605282733
0.051470828848477784,0.6361759409068598,0.030930237213834855,0.04515191006518202,0.04918744738585245,0.0961133505024101,0.04464394514619685,0.006264733575610491,0.040061606355575596
0.04011781282386925,0.07857342881458111,0.008523850960223922,0.10097462945261576,0.13527811853482008,0.023054579290303006,0.450297593145502,0.0966633060341096,0.06651668094397524
0.11059133476074216,0.24448163702522904,0.06555072859708495,0.14425253290748932,0.07158639921948669,0.2140742041936432,0.015500442699544906,0.00887693368034251,0.1250857869164372
0.11785127664838597,0.016618904700684643,0.09228489108064024,0.04203016492592556,0.03530850093774108,0.0248917703410967,0.5288021850224746,0.08830302844763344,0.05390927789541778
0.22932330862634606,0.02881045892608074,0.03281342214155072,0.08570646948831417,0.1320234336145774,0.008433124270854962,0.024211391656771438,0.45577808433879374,0.002900306936710747
0.21998864202569912,0.025605769449951726,0.08795158064753202,0.010207710451813344,0.14191731172323327,0.04452047535323684,0.06775704160242803,0.3682443451008524,0.03380712364525322
0.049780973463528506,0.10890503045092197,0.08602289475865649,0.022069249126734063,0.16766339776095637,0.04301324763838438,0.29042391253727734,0.15509220391372458,0.07702909034981649
0.19401490607686478,0.048581764055581254,0.02645272757682728,0.344467470876469,0.14622248620910475,0.025095560237813636,0.08769987190760344,0.10861084223401263,0.01885437082572318
0.23139629900266856,0.03364431474156389,0.042448129255231205,0.07979941865098418,0.0877247402023726,0.05114612951410413,0.35343850630395707,0.030488185890217307,0.08991427643890111
0.07999928037437369,0.19910659123529417,0.019879054961224416,0.049891807269101564,0.08644476428366599,0.0515155104550086,0.18079995195883825,0.013512560030701838,0.3188504794317915
0.03279514203489968,0.053081670215292844,0.12253904151357102,0.012573424385481239,0.13589938236616944,0.5409954731964802,0.03647189120664653,0.050006120116895626,0.01563785496456344
0.33205918777465954,0.04686182370733613,0.023713352539855775,0.015435732543209272,0.14577190440400611,0.0600921544852149,0.22000592349811618,0.060378301902058874,0.0956816191455432
0.20634441013266655,0.02262609790093691,0.07904547438632192,0.06132519466418839,0.020579671772421645,0.035329159914220865,0.22298479212523745,0.06831543352454598,0.2834497655794603
0.039642823842571506,0.05749192683486767,0.23062932961143046,0.10566980043549917,0.08138125656352778,0.08072570698927636,0.028715536788605528,0.25498990795736076,0.12075371097686079
0.2389973411121744,0.15471599162982738,0.022746709270110976,0.031756134196485826,0.11822586703816362,0.027363866233965677,0.16042531591471895,0.01963659183312927,0.226132182771424
0.05363434372554928,0.010865463318449549,0.06972376421777726,0.007067068047899093,0.3176752276419929,0.06612042906145071,0.10626576338507593,0.21971982578163393,0.14892811482017135
0.20174265382165366,0.3370016828294349,0.022332199751584663,0.06903559599156898,0.14575442230943267,0.09460247427535869,0.021810738366347827,0.010476244257652667,0.09724398839696612
0.04063710783155532,0.6066360906824393,0.08073969559195295,0.024433715795532638,0.05127981615994703,0.05364816697756298,0.040889477187058994,0.07898372933609747,0.022752200437853393
0.35497304164568066,0.023852382564867033,0.0478238139999766,0.06440083255524977,0.32799116635316766,0.01911577206763951,0.06262685799210638,0.07510519029975939,0.02411094252155295
0.19988327640499937,0.15266816678704687,0.029571902964741954,0.024512134736553864,0.0667427350681107,0.03129166149860913,0.14863588497774805,0.11199129347561826,0.23470294408657175
0.07698817102245668,0.05343368420873726,0.015407563940115561,0.5331072148310757,0.13748628043739672,0.06722083286010334,0.030875023903013873,0.07147014971477222,0.014011079082328575
0.21736516182775775,0.1113225617815848,0.025621495622732665,0.015031803916742338,0.05309788379167605,0.017302886841521276,0.004812500756194292,0.5491718093984131,0.006273896063377683
0.07477259625595678,0.009134910524604049,0.16787177842574155,0.08968049088070401,0.06725034533840137,0.03942710535768076,0.30476160020477505,0.03749782124593525,0.20960335176620115
0.13447782979871395,0.02353935088654813,0.062445854350051656,0.24847176043739597,0.15887100662418996,0.26841134120479876,0.010906782420805762,0.04701554062509472,0.045860533652401114
0.07199130587109119,0.05356736425407586,0.16538152560513117,0.02763260052657741,0.1531584705680107,0.3912548153333324,0.02253945546306155,0.08880482175516197,0.025669640623557786
0.1729565310725373,0.10942277420252029,0.14128458298962043,0.12371452124823856,0.12626864470481178,0.11462863249730866,0.06613143300927996,0.04096065735613889,0.10463222291954416
0.06674146838005855,0.04864273580414342,0.06803138953800081,0.04996833072332987,0.2241890067389336,0.10452792851319036,0.2340187068755094,0.187870759378825,0.016009674048009015
0.07367197679088705,0.20318689810497856,0.17878481402853244,0.23522808768347495,0.07832698651138868,0.01873787512768904,0.0751939451408425,0.03565314910657701,0.10121626750562962
0.0376395636294656,0.14359579178253093,0.06559160976134731,0.009345651362532221,0.41898555663529075,0.08173109845343922,0.12652529198203397,0.10823664568098697,0.00834879071237297
0.08941613994314955,0.041939151560188924,0.13235951996222983,0.03142840595811747,0.08302166751532651,0.07883186050654993,0.23411850569427842,0.28780824643287,0.021076502427289284
0.2887514777051372,0.04796814253710182,0.04726545443587019,0.030643512542689155,0.1941662612883984,0.04343496003891476,0.018503718455294495,0.18466719078619165,0.1445992822104023
0.08022301141283726,0.047168065410890504,0.06447607486576913,0.06689616387020615,0.11250457319706249,0.062402204910919336,0.27924336402658834,0.017157101765768255,0.26992944053995843
0.18295226091921413,0.03700073852600896,0.06221794369842685,0.018798193806394276,0.06164068602951847,0.017384283295288086,0.3836380842843963,0.09891716692821471,0.13745064251253827
0.023867056536065124,0.14466360188608227,0.06754833878767769,0.07576001843668832,0.05821047721527528,0.10416132075944229,0.05070792174003059,0.4506875541210906,0.0243937105176479
0.1907354852503241,0.03667583362038943,0.11487492570889607,0.09509662213901811,0.055754222874246466,0.11346366714334229,0.19455038526985394,0.08439448850551536,0.1144543694884142
0.1549741441893998,0.06707398226060014,0.11747751026869964,0.01060270229642165,0.05914350357684502,0.04621122301600202,0.3770562949222315,0.045948939089526845,0.12151170038027333
0.06418707410074448,0.02077930992049833,0.1111166122040631,0.04331329773275879,0.07592781866835674,0.4727481091091259,0.13620983993757121,0.026116170107032377,0.049601768219848984
0.19195795934612703,0.28763048243884254,0.05919891176919465,0.03878879675619587,0.1534104088479896,0.08081635555687994,0.039335574913333414,0.036674065478677915,0.11218744489275913
0.22645542539342547,0.03427517042525707,0.010599498757869112,0.09019766508313017,0.07162060179916192,0.05304775250644733,0.006665825049658712,0.5028504129816653,0.004287648003384832
0.14475746785053514,0.046506252275591374,0.07252319809047392,0.3781922640640145,0.08198977976799787,0.035187086021127974,0.16970051228229321,0.06818290357211959,0.0029605360758464855
0.14818338272329432,0.11064703093878488,0.027340281234941033,0.027400305803425253,0.050515498415473765,0.009770163177538782,0.1960284571932289,0.41231196805009157,0.017802912463221524
0.16245118079412735,0.22106659267740955,0.05252618641101037,0.046604779021930866,0.08724763554704477,0.017180588763313808,0.10774242477411795,0.10591078676385834,0.19926982524718703
0.0357120921996801,0.25638100551458637,0.04952537898796272,0.11496378830695662,0.03195502905891172,0.03655691432390708,0.14901292411546932,0.04767481305639364,0.2782180544361325
0.2143279418802968,0.13734717627289028,0.08313628361500602,0.051562070937180016,0.13389059957877333,0.086890220038683,0.20266791553442873,0.0509196924930637,0.0392580996496781
0.10203766072149795,0.05100935374749931,0.031413229524307806,0.058656042448785466,0.039002258722600956,0.46920381740890377,0.08317946841194679,0.030855431598159788,0.1346427374162981
0.21297836050995153,0.03183532193539602,0.0964907008300615,0.05413806737801902,0.029745300763914597,0.017117439887434863,0.023580534860508595,0.5253454253707136,0.008768848464000159
0.048500713892268336,0.03697618629147085,0.19415519181944182,0.15256547271837714,0.06953641270935502,0.15446053823005537,0.02160456097126012,0.20695146046863452,0.1152494628991368
0.05664048131202937,0.08352682567396087,0.04092592188911165,0.03943116684866663,0.10088707049325467,0.18895421683461242,0.30795871460071106,0.03471802332672514,0.14695757902092824
0.11241907568252335,0.12804465113899535,0.056994264696668843,0.05010702804977945,0.1502082490308119,0.04146974756589367,0.08642577728489716,0.29468531718738916,0.079645889363041
0.4227855051926051,0.009440726780352912,0.11021863510487395,0.08311564494904856,0.028073804797340243,0.038454804973249275,0.032189041587080226,0.028131088615457153,0.24759074799999248
0.060774916968426705,0.151063065263783,0.057951513143365475,0.25164011290701527,0.07028973884916657,0.14678652030487074,0.08055769044611039,0.031328598475138116,0.14960784364212368
0.17296522795588617,0.04484361624881129,0.03289308180308388,0.03141422870330678,0.09984674248834985,0.1343860560437574,0.27896580165552426,0.026222509890564006,0.1784627352107164
0.5285650463997734,0.03910166994500669,0.04854394411374388,0.056987696048612924,0.04087535793864656,0.01974681712402013,0.07750684143158439,0.053535608491799815,0.13513701850681203
0.3910065368357,0.09477512099247558,0.0886827672343568,0.037296624682800365,0.11640439656915995,0.12432601863729024,0.022052343887003677,0.10540167943071248,0.020054511730500938
0.07646407898637127,0.007779927019254457,0.12794358636691613,0.07310341576770336,0.03347518651353921,0.06435214573851968,0.10764632774784265,0.2001522817500115,0.30908305010984183
0.12400842682356304,0.19649935463776838,0.06238211694012921,0.010247278801326589,0.07272596391064988,0.1287508592332606,0.24257897458172747,0.11119340883838714,0.05161361623318774
0.05109730412337018,0.12031786715726407,0.40660209641353934,0.2097979267440242,0.0695561009862488,0.0374592501761792,0.05767384111169175,0.03550674079375681,0.011988872493925535
0.14347435069912803,0.22039022552872878,0.07200588550213648,0.08033979656972404,0.12309087101934042,0.043345564805808624,0.060578970879278084,0.1513940829843078,0.1053802520115477
0.06678841427265512,0.057072703950451685,0.06613306693298955,0.009975427015300286,0.08981818840136406,0.05821101535210247,0.33968659082016117,0.09494326297159728,0.21737133028337832
0.3154893423878307,0.14276350441168922,0.09056848116050698,0.012694073516397524,0.199530043167192,0.0321845899406849,0.10857981125033282,0.0794741958930985,0.018715958272267238
0.16328633517058064,0.04728091505110629,0.07358197205493042,0.35231493400850367,0.0670292274786833,0.08381628338490325,0.08642789713897019,0.09043996239520574,0.03582247331711665
0.030704475871504933,0.021966633827563604,0.04434839757313725,0.09318070208643198,0.015926601957128795,0.3454135307293114,0.3099746705336763,0.12751413156810634,0.010970855853139375
0.11021127690108155,0.02999781305848963,0.27449456490461804,0.028023539435555037,0.03664248873730324,0.02948710575634554,0.09538818679970527,0.22331658105874194,0.17243844334815975
0.03965684427605832,0.3829348398404526,0.04174183059622529,0.028537551609734157,0.08763163325111183,0.27441137393517806,0.0719716055466392,0.048028075946494074,0.02508624499810655
0.1004553139063953,0.03788745684058978,0.1506547734739946,0.10109438599954644,0.05555954682320873,0.4387331597010385,0.0406897246136053,0.01202234774029527,0.06290329090132596
0.42108680691075245,0.02573308353135637,0.02251101573890828,0.02007955359182716,0.037060973787899694,0.018300146466746763,0.3345808742253089,0.04174881408090029,0.07889873166630003
0.14966304946752026,0.04057780836181208,0.2556063887212722,0.20221687810336064,0.1287888947212179,0.015300633050272022,0.0365460231660413,0.10512552354298256,0.06617480086552106
0.028410353403002558,0.1875705539804289,0.0895971678516682,0.0226081956216099,0.03405747362189961,0.020759803636622817,0.12942808285149948,0.4642361026755035,0.023332266357764978
0.07830378892887911,0.004320322078336324,0.18024302471497358,0.15661034704978058,0.24925352413263088,0.060137429401635585,0.15984622066158094,0.06782363292594042,0.04346171010624263
0.07079139754243526,0.16395287920420532,0.2167744191994855,0.044711672428956684,0.1641481229814369,0.11153854092064769,0.06449763261762943,0.05571289674462348,0.10787243836057968
0.033712091599215566,0.19207817070419608,0.04787451712642556,0.29269702093247213,0.04771055727178757,0.1936444226710072,0.10589874326271674,0.056405840209727144,0.029978636222452008
0.09692406151746787,0.2686646945332333,0.03119571946233153,0.01722706655016747,0.0388381060277518,0.06570697381309722,0.41327851241085095,0.009274367255035023,0.05889049843006499
0.07524615344236053,0.04095580149398017,0.09119773345587386,0.025553804887270017,0.21649520898747335,0.41923650530007883,0.04551488872941114,0.06991917079417286,0.01588073290937923
0.3688429349617543,0.016462163740204747,0.05273208402420579,0.05521805869210583,0.27892057460784664,0.004672577097948222,0.14613934316369795,0.04728797596370693,0.029724287748529723
0.1299751532195262,0.13598182955926996,0.01170031036159006,0.019891161979932962,0.0489052161856861,0.015638865117908518,0.008223270357910333,0.5935133160890813,0.03617087712909462
0.26711732449752895,0.020693537898078818,0.15880484820834365,0.04271779310538082,0.13603082385077606,0.028112138263240428,0.04448389376939276,0.04889827430831311,0.25314136609894544
0.17209727200499783,0.11530597053608084,0.045036133863586146,0.06712136404495535,0.2241561730467417,0.0575445908057337,0.02237239638238062,0.06054198477371758,0.2358241145418061
0.0537670755109217,0.08701673355153004,0.051809870908005484,0.09750792235544085,0.12784837300064184,0.052049202148993105,0.16346652273517778,0.32683753541165284,0.03969676437763634
0.24418999635208571,0.038886791448401764,0.07452888392526345,0.06468444201125233,0.39346422163166106,0.015614313791965283,0.03002637969442981,0.11329079492212474,0.025314176222815846
0.2620950322559272,0.011006205822019928,0.0909537092741922,0.025940066166504207,0.0250715704566585,0.1586216033629605,0.1949399106695372,0.03506209331124943,0.19630980868095083
0.26353535700393266,0.03021147270648052,0.07273133328807677,0.021057265822293295,0.07174615357070258,0.36123733330211705,0.08497320923194185,0.0326052561631306,0.06190261891132474
0.12262630600469461,0.10306060986307441,0.07174987897052033,0.0069621129977583095,0.059675916843436205,0.052359442294965475,0.2964015708053447,0.1518996414769013,0.13526452074330464
0.03023022855439823,0.022852957657467782,0.11707430918009547,0.038264079821135014,0.06872665094410502,0.10474365471208917,0.044340401282635215,0.5598215415430464,0.013946176305027725
0.053526530921782334,0.1052340143875692,0.07167728316037249,0.11310827506499525,0.20723437628474484,0.0386416179541619,0.1963408829896136,0.07645119937291806,0.1377858198638424
0.0824580150411241,0.1333723296728976,0.05382043420147025,0.03250310034333678,0.09225953681885772,0.17341410643409425,0.2256928874959148,0.10451530601103846,0.10196428398126607
0.20522192583260565,0.010136868326445057,0.040182467381039026,0.14597881494584128,0.04830500025023272,0.019433370593513744,0.09111009209203998,0.32729293407348886,0.1123385265047937
0.04543045118242379,0.06648603875357685,0.1878811866638416,0.08362236947505165,0.0865351462333341,0.20456000569025687,0.17155508456110632,0.029658402130657315,0.12427131530975155
0.08358013463086285,0.01708619891561808,0.022536884084662156,0.006297344078450195,0.15567920565703672,0.03730435253180454,0.5726804593241809,0.05354453532661976,0.051290885450764774
0.11319631009601903,0.035826865664653366,0.06718305042385248,0.10075305168367814,0.1683744874554437,0.14568324065382127,0.10458770734654259,0.09115949323555213,0.17323579344043724
0.11872394763388217,0.02779485029237719,0.13705652010191105,0.016447790348871977,0.13262733246550615,0.3719951141594857,0.14079635613471653,0.013685287260676795,0.04087280160257233
0.06040016176945328,0.012873148269186315,0.1027317321574744,0.07527569612049174,0.08963409799604936,0.37605601456391397,0.1265345369135822,0.05976785324294418,0.09672675896690457
0.034843991149056806,0.08012698939214725,0.07162277604535229,0.12891077108066093,0.04704933915294717,0.2989259307611522,0.05784196145837291,0.019079936862975762,0.2615983040973346
0.22756591937425474,0.0536746929383368,0.06995499108028201,0.09233719214402948,0.08896111833693655,0.039596781843211006,0.05585824100000528,0.09053342274044991,0.2815176405424942
0.3170495721207918,0.06415521322106611,0.09047130750880855,0.05257803292629617,0.2944816856686836,0.01305184683412938,0.05989526683224983,0.061586081364702304,0.04673099352327218
0.23303591022500444,0.014497163468627965,0.1595176225909227,0.12147056009575803,0.1310422803845459,0.01521030563898422,0.12076522096452752,0.03354166437845154,0.17091927225317774
0.04561306386609404,0.024935019852213716,0.022169390907386066,0.04669433955654487,0.07030284145886966,0.09672665633156852,0.6069234355826313,0.050632673670944206,0.036002578773747566
0.09448633596963628,0.023656838711751515,0.08700723955142069,0.038696202250462816,0.25314078228896847,0.021081602498172206,0.1019719650157452,0.32763112655266097,0.05232790716118187
0.17343304375413826,0.028305768147594595,0.05080649591537464,0.07990507569397302,0.1827798690417937,0.03309030200885353,0.2967359296058479,0.1259051216381277,0.029038394194296723
0.1382385381774472,0.0216200128216165,0.07714323270495461,0.0021143543708662138,0.13799849236657402,0.012193180046532215,0.028773954654483153,0.5262301407582611,0.05568809409926486
0.028947043491055396,0.021396453423748806,0.08278206402959153,0.04578816047377737,0.08783480465357398,0.09878487768347809,0.2220525323039142,0.015503550407774609,0.3969105135330861
0.050707495383599775,0.10720517208027674,0.09098340295093316,0.019461406483972665,0.16459227087144493,0.06575269371521443,0.40386960544088457,0.03748870277978981,0.05993925029388388
0.5122844775647476,0.09684433236856542,0.017521908074265753,0.12036231243977057,0.13073577995056226,0.008887247644295946,0.021439790095164262,0.06684496830249974,0.025079183560128362
0.09052384464210761,0.021743148966828923,0.2520280049514469,0.05862417098341569,0.06126297869256867,0.18346696440117102,0.2586930065833621,0.026476249952754327,0.04718163082634477
0.2342045157236269,0.10553408143017722,0.029768615558319878,0.03491386147000521,0.2692236991704213,0.06065619064118808,0.030911412299801558,0.04331613822582895,0.19147148548063087
0.3478070529192516,0.10216473986533253,0.022402008975794276,0.06090845208056001,0.11729063491435547,0.02865413315741955,0.21686896792381974,0.08158618141333397,0.022317828750132798
0.10622883494343145,0.1497055155338578,0.019410588276020217,0.02930211071109722,0.13805459770648795,0.06878249495262034,0.3658026920742008,0.03967522006662945,0.08303794573565478
0.13799086816227704,0.13895993417498118,0.05903968342945876,0.05279527100821777,0.11652355926148428,0.03490812418758794,0.05323974531989754,0.3943396003104515,0.012203214145643968
0.08465448707537011,0.03625124416086519,0.028313174128007015,0.14017784077084933,0.05553545639012831,0.39096114305361596,0.05410203748048531,0.020591283447381224,0.1894133334932976
0.1300761438493971,0.050962854014339865,0.20431265761400788,0.0883610481187005,0.10685011493698239,0.10962205927483566,0.14793883910090905,0.04545861458095272,0.11641766850987471
0.10459794639375679,0.10790074393180797,0.07745269602475807,0.19024734952371544,0.35674072942052554,0.08430641986341865,0.00931906212561904,0.028408175126777013,0.04102687758962146
0.15726452026024954,0.03400767153217777,0.13208920963366885,0.30800148660562027,0.025605436411471106,0.06361815505243151,0.12884505674416374,0.074804758626452,0.07576370513376518
0.3355510928494098,0.07847256566450093,0.052119143845344995,0.023191436416706318,0.09172614353087898,0.040513586378096496,0.13375090839197015,0.1195938549223833,0.1250812680007091
0.03407755064473685,0.009517400090691451,0.04704714071751936,0.15220597224886148,0.3329099734358456,0.0650396927875606,0.05859567597288171,0.21660744512505672,0.0839991489768463
0.17840004596224626,0.0022315412992502154,0.06273642282303436,0.1986772110834558,0.03538148723252925,0.03626964213868053,0.23802158976030482,0.0822494955253844,0.1660325641751144
0.06471539045021557,0.09524969811052815,0.0727419460051393,0.1309013877502808,0.10199276932582362,0.37137895539830773,0.031235505851076744,0.06599941403934391,0.06578493306928414
0.03841700515534054,0.09577863866714244,0.3464334941236726,0.192307183059832,0.08560724574038957,0.043628246082610754,0.03102346290958413,0.15261123618772096,0.014193488073707045
0.04469341299629807,0.3090089040105047,0.18206967905585614,0.05374271530867908,0.02031246471339924,0.05987649406020021,0.08886796271712406,0.039160479935747824,0.20226788720219083
0.11374037611143643,0.014342149426081802,0.027768351884350537,0.019471008252414206,0.020821185983428924,0.05191027199131019,0.5361142249940146,0.046593676430924845,0.1692387549260385
0.04049972573209973,0.05024062818382486,0.05932883028641673,0.13489984082299125,0.15391063532330904,0.3281815204266023,0.14239844711968688,0.06313433397396943,0.027406038131099666
