0.021934250809088087,0.07115247662840464,0.12153978856924023,0.15571608261906625,0.25644789072190866,0.23355330602961555,0.02824426673136377,0.08506086378815557,0.026351074103157162
0.022834983799216665,0.21719097783995434,0.13969026442899332,0.17597468027302351,0.19617400392147707,0.10553445720015069,0.06394906295103638,0.041771405132815215,0.03688016445333276
0.08437038128387823,0.24890555516583487,0.12098620287300905,0.09435184327692954,0.07655240141593443,0.03595671599860099,0.18231365097350818,0.11499881032529635,0.04156443868700838
0.39469946351545443,0.04865123282305836,0.11159952170453336,0.010378220086995687,0.041891946272042103,0.024170866599120405,0.019671757010558493,0.14138214830973936,0.20755484367849783
0.03400386238606548,0.026418979520033248,0.1531970717818859,0.33773128097771266,0.14811467293910527,0.10128663983346532,0.04657404460933814,0.14066984918684022,0.012003598765553784
0.10867990999356884,0.23961808162634615,0.20401754114888596,0.01802669771457281,0.13584935275847085,0.060244607636151304,0.09211623020763765,0.08437408577518833,0.057073493139178026
0.31265491212859914,0.18259596605964015,0.06146571319877919,0.005479684850034589,0.12495285775670602,0.11197908719572296,0.03352505811814013,0.11104674818516963,0.05629997250720816
0.04202909626230757,0.46973785627897685,0.06916154630983173,0.09073822823236495,0.02897557564369625,0.039852330275467016,0.023926043839989603,0.16534111942578603,0.0702382037315799
0.40147567363931796,0.02766183574368127,0.12678075905745925,0.016961435506777898,0.0846917004705311,0.047543737475675495,0.19332880185983123,0.06250149854397548,0.039054557702750396
0.04257796173739109,0.4532386724626905,0.09148671644492884,0.00997166927285667,0.05033734641599239,0.012345585245582309,0.15948724616116097,0.12570088548126904,0.05485391677812818
0.11665436222216556,0.18064974654342372,0.13263463996001845,0.018087262838178637,0.0573628879102366,0.047080921795506825,0.056363692800949015,0.2352782510626615,0.15588823486685963
0.06305404130364693,0.04154522318359189,0.20235531842079513,0.25393475658066983,0.02831896867411039,0.23322126531545853,0.04556531039710332,0.0895974084519018,0.04240770767272219
0.07879331313175376,0.060518985996375785,0.2837429769954258,0.051276589374698034,0.020097597474775585,0.08259160257755888,0.016298171395775423,0.2983716401047481,0.10830912294888857
0.0640577706593326,0.04503727834231246,0.24713595556140602,0.08790229392787824,0.028916806141475727,0.2396233683070377,0.1106859530527774,0.07575409555009564,0.10088647845768428
0.3246642636135796,0.02236848339998811,0.06918307604613638,0.0071628118526247155,0.0756618807428775,0.04312338483166883,0.033630848996302226,0.2449870766946217,0.17921817382220095
0.04525419549609955,0.46792554689493676,0.09731344677537844,0.053065409740347715,0.10093694610555608,0.03625826965158694,0.042562382435087365,0.12496045892181827,0.031723343979188946
0.1470830192376662,0.09961034485502186,0.11032199588923543,0.03286835663734403,0.028547801790307675,0.05261154380400202,0.4154815170775528,0.06989758027630359,0.04357784043256626
0.12580557245282853,0.06902808511879582,0.18799165018729982,0.09325620593152097,0.21748539311613632,0.08358188711272235,0.010571902167437018,0.11333604099890056,0.09894326291435862
0.08229745459033388,0.23574891739660345,0.10366620721644937,0.02408716793917808,0.19708144379391032,0.06861208576895508,0.039713347063095504,0.1961382620637322,0.05265511416774222
0.19652092684858027,0.043100825618924775,0.11732306915282407,0.04504011132528366,0.07952123648237223,0.1813103068560211,0.09729347489887985,0.13197919990257623,0.10791084891453791
0.06439214661937132,0.06272266539056894,0.18016130198955702,0.02783771179694831,0.17769245213465937,0.06099774892416437,0.2843879491641541,0.11957450298575341,0.022233520994823276
0.0763800567522361,0.03600379001189618,0.1033943608383898,0.12280207112690945,0.03548076335033956,0.16023423173322607,0.12020019528612715,0.14348439788040973,0.20202013302046593
0.17517786177887426,0.10559735548785965,0.0869501502937665,0.006836218841002158,0.09399802796411216,0.026803467600423847,0.08626753777510697,0.07757245836336331,0.34079692189549116
0.07679340966402899,0.0760124373205452,0.19452988297661625,0.0213628574263261,0.3476310285210198,0.04984136473885272,0.12667435804739693,0.05507824548711431,0.05207641581809976
0.028641570402745564,0.12350814320795715,0.13193331477130377,0.07611669049292487,0.20459603822825634,0.06425909155927974,0.23760860705036282,0.09027370624255915,0.04306283804461062
0.07592206507732163,0.08858735853915474,0.08756858965813974,0.19699872705771213,0.22480297067859575,0.08940981003123383,0.1145299209525353,0.09795117356433436,0.024229384440972515
0.1303500257951166,0.08724234481025495,0.11671975839107669,0.08300022895251337,0.22201111893497427,0.07207291422781868,0.08363727057982467,0.10124329776972342,0.1037230405386974
0.05753666367402119,0.10377000432744792,0.069462476829033,0.011463852575603922,0.2603535131162484,0.03827429087737067,0.16848120620048324,0.132088239228243,0.15856975317154878
0.018908382559416487,0.37526064169642287,0.06959915034587055,0.04188427725286873,0.15813511459837584,0.033880974398771135,0.20786999335563153,0.06409574424641384,0.030365721546229
0.12991858914650314,0.1933185620887299,0.12567596504084574,0.07659173370805655,0.11769706028129268,0.02669820703590998,0.05327759461457557,0.2071785463627148,0.06964374172137171
0.10297331931326383,0.13020250268262593,0.07065111556969311,0.03801957264019897,0.13197398054356985,0.0378720091512223,0.3880311642756238,0.04998347775420458,0.050292858069597546
0.04154250211483482,0.048746360106360985,0.16059880690709824,0.03979916852035268,0.23167142863793097,0.07775530744170833,0.1148292333348116,0.10848078109532737,0.17657641184157502
0.1757369985405118,0.09528308153371824,0.11281499572924296,0.06877651744869873,0.11736552013956086,0.014608604542603286,0.14306824180150818,0.2095781211923263,0.06276791907182967
0.23528410684292314,0.09437528486100433,0.06822301035047722,0.014225926094624279,0.18959198954504633,0.17815634077335873,0.16395607965149753,0.03306071223222844,0.02312654964884009
0.23814415668848135,0.020101007106679097,0.12239264846599347,0.018176598952285898,0.04127376908541807,0.0399277534419766,0.3880711447999398,0.061171259150079454,0.07074166230914616
0.009314390449893637,0.015138410927326455,0.10112391517057034,0.028395480600449215,0.11417890944292879,0.040264712034902166,0.3609702965204507,0.04832101218735829,0.28229287266612024
0.14541602761839936,0.0627181689859575,0.11145238541312076,0.08999276384742223,0.05708880134227582,0.07820690929726691,0.006836782059044516,0.2899787388983022,0.15830942253821065
0.2044615838774949,0.3323558401195163,0.06908400655834003,0.021297519380191154,0.029347136347889897,0.030890899605377973,0.18527999828177058,0.09946374724174827,0.027819268587670958
