0.09375002953950305,0.5320230903086637,0.012992463910750629,0.042422212735750524,0.05805598829654444,0.12844783336265553,0.03956877209001208,0.08156958057584432,0.011170029180275846
0.15927991127953314,0.016561581639635305,0.020796698929865274,0.23854233209909895,0.35910051565258533,0.008912188850846955,0.08889425520377088,0.10224846487325957,0.005664051471404623
0.017783215547791678,0.0332448973488044,0.16860982695951546,0.1448938763133135,0.13305776493910867,0.08470812599441958,0.22739345904639632,0.09498978216505936,0.09531905168559103
0.020159861572842483,0.04244541183468314,0.3145799385727288,0.14984186361003063,0.04632075735640424,0.03722387158069711,0.14787622274897827,0.10633197148423325,0.135220101239402
0.08580299390821189,0.023346213844537694,0.5821776842757889,0.058203418315734785,0.06327859422112547,0.07076771999553788,0.039845778460183216,0.05067192333320184,0.02590567364567838
0.06771602604116349,0.10683161278347453,0.05508458473990655,0.09148126704053328,0.2117626876054749,0.02368601051510476,0.1297616112284408,0.19903389785834577,0.11464230218755594
0.07292898330863824,0.019412626279671302,0.0867627438655935,0.4400742037641343,0.022606633582431684,0.13137332911013555,0.004822726036411917,0.21264781177176686,0.009370942281216625
0.02086089790672432,0.5587919620216247,0.024028876559640314,0.14962250708565253,0.10659403988534016,0.0021159338214967512,0.030148343093951036,0.06164239161057542,0.046195048014994744
0.037480517624239144,0.07539256967679404,0.016260558653707253,0.14512889279858268,0.048724145464103606,0.044907831481672066,0.03315697554238638,0.028175282599076677,0.5707732261594382
0.057180421831483065,0.03486496340492621,0.22680808382825135,0.12722007218699513,0.22490263439707114,0.1597239313997208,0.010736643107547282,0.08172972052301371,0.07683352932099129
0.2094483861997601,0.011730840791215101,0.20359913098448665,0.10373771605421045,0.10315234727342522,0.07503449394723993,0.0790668351344553,0.19547487526548743,0.018755374349719873
0.05343481428486215,0.023839746212006796,0.45851054675592806,0.09603402652973247,0.007112927122024277,0.11547622963339989,0.05653042741956798,0.15764272348134634,0.031418558561132015
0.009806648621525915,0.09525195797219281,0.03905212965232566,0.11097959137845952,0.25929481773225,0.03153522645368914,0.05054564053017876,0.35250243515658247,0.05103155250279579
0.21507159201653145,0.03213300733818275,0.19951912503659297,0.07136243826940752,0.09396079611235654,0.08044878593249292,0.14130557024433812,0.14181898694576664,0.024379698104331122
0.028888622896557806,0.08087904805227907,0.05646406285534439,0.06245946730231592,0.06718576827403197,0.040899363738734734,0.29343055982521077,0.23900584264124528,0.13078726441428
0.18848253782337074,0.03932013235014295,0.11016121064078559,0.048305517170899766,0.05465016380194047,0.34213139944719445,0.015988532587557433,0.12734837820176104,0.07361212797634752
0.07130099056589749,0.0754987036205983,0.29912947977120546,0.08628551976916894,0.015821247297419922,0.145928250686251,0.03223033350943433,0.04126056723658926,0.2325449075434353
0.12654302404770218,0.02104867249672812,0.047182158077020676,0.16765382013617916,0.03325217139329604,0.29334431138449624,0.17833758787025855,0.09836051786701905,0.03427773672729998
0.08497125633123431,0.017325947141774475,0.027208102339639856,0.06789914018239297,0.031449988269153024,0.10786818915377765,0.007104097164437243,0.037695883815259984,0.6184773956023305
0.15211824324475023,0.04388815709301652,0.102173146601507,0.2321241087416034,0.04964760601283232,0.05507435939696794,0.0347025376057489,0.29268451604650003,0.037587325257073693
0.2519940200030793,0.029231470853953178,0.2855290225423642,0.22090334029897338,0.023897126906988638,0.062319946602951835,0.08222906028701717,0.038904675884189444,0.004991336620482927
0.012219660061313087,0.021288385126966073,0.062325557350420134,0.13042876316949178,0.11648289317134781,0.2850769877418773,0.2103782301378867,0.0810480358856966,0.08075148735500055
0.03733676269523772,0.11145967135454622,0.11630406220656853,0.056932410394544275,0.016214659787492588,0.016998154848962083,0.12445284759209503,0.25574477835180615,0.26455665276874746
0.08273452876634957,0.028384536542964172,0.05485566666883426,0.23651937736576908,0.21597790236887007,0.11266279608141068,0.017860760358862745,0.19502966968066304,0.05597476216627639
0.050901011951875554,0.5213097504039179,0.009445298318999169,0.05717229791035006,0.18148307447320222,0.044957177314949644,0.023815905090193223,0.06736941448386287,0.043546070052649266
0.07217412656256468,0.04069729651515181,0.12565944131586362,0.1627459394927722,0.0908776375739292,0.3024746657172704,0.03180076285011326,0.07442485949333986,0.09914527047899495
0.20251255409035454,0.011385774947903363,0.04532024489275307,0.1428449131790421,0.3428230954970135,0.11543077834706274,0.055945353648169695,0.042856008101409195,0.04088127729629183
0.5050061029402709,0.010541624579735736,0.21805276531682735,0.08657050748818584,0.015274081585796373,0.012119486763021358,0.01835360065912861,0.09832943955697242,0.035752391110061586
0.042232914205058814,0.5034335708839036,0.010006720102398914,0.06445598213875291,0.20007412938891608,0.03280419539200941,0.0087026842124074,0.02948977682379871,0.10880002685275407
0.04258173688857602,0.054428272451684155,0.0600071267731492,0.31971674123247656,0.07842332819817821,0.044529946702259765,0.17539114522564683,0.03429975435606764,0.19062194817196165
0.44831883575378345,0.02653750266309639,0.16533857633323967,0.038610147542529394,0.04767294920916704,0.11225381700329089,0.04955144565772245,0.08426736525661294,0.02744936058055768
0.027593972552984444,0.04993901733614459,0.024808245058058925,0.06727775438941913,0.1321305679013212,0.08804140035883239,0.5508495894389868,0.04405836978495572,0.015301083179296867
0.05535856120830374,0.03491128129222588,0.05353759134842462,0.1318198669133568,0.28462553233027427,0.21626908194439534,0.09400946302478956,0.09894069368826235,0.030527928249967442
0.014011253728539787,0.06928504106205019,0.14111138162390055,0.05879799336269601,0.06425198357236496,0.018541188154702695,0.07766580789861828,0.10383361666866914,0.45250173392845844
0.15853905183571343,0.010776663601067764,0.15464948941248902,0.20369656510124923,0.15112374283937272,0.09885811041132163,0.020231758853775324,0.1777013359300701,0.024423282014940775
0.042622049299112785,0.04516082645507985,0.12429924596537828,0.07619633940425112,0.11224851265239377,0.21713826728583452,0.00970001142357,0.04811757345723202,0.3245171740571477
0.079198965345797,0.013441288030707434,0.07432932710880925,0.28092306718507176,0.03429612258102104,0.11283712532675455,0.015430341977532736,0.32809665814365024,0.0614471043006559
0.15759303019911852,0.15599142540886282,0.03895968700819664,0.0718829441194415,0.11035910744001313,0.07742577225610862,0.16674000503221573,0.16913430810135258,0.0519137204346905
0.45112696734196484,0.022891392086447356,0.11669282126231244,0.015063097716674662,0.0053504627541876145,0.3169013123056663,0.018588916873915097,0.04186577969219223,0.011519249966639446
0.0738306477548209,0.013441386658834056,0.2787944090788717,0.13676711284294912,0.01562961296588375,0.21320245026361762,0.034738424162727564,0.126336699750894,0.10725925652140128
0.02388952127779344,0.09566747975233598,0.014253462701684984,0.2608646679708139,0.3471410887085633,0.01299170352336146,0.20194958656860962,0.0041902205311786685,0.03905226896565855
0.18898338272537085,0.011915341012760816,0.08641911305424288,0.030609917655465186,0.039961984114457866,0.3803250418922002,0.09596279934093366,0.15769726887482638,0.00812515132974217
0.016717261491943178,0.02761058850090922,0.12893803143317106,0.06903574289687937,0.4924418702408455,0.012460701098951235,0.021333685691864456,0.18048342628531136,0.050978692360124485
0.04847554258501763,0.03220098625624967,0.08329392121716404,0.1451361918334347,0.038399987006210105,0.10189506971124386,0.0400521515663095,0.14196119395912968,0.36858495586524076
0.17559165456597994,0.01444201439313487,0.10749961743144297,0.13580356968324894,0.053746664716024156,0.27293493151748754,0.026276177348824176,0.09486382631258143,0.11884154403127604
0.04057495287361473,0.03914497393030109,0.03195951817813183,0.1793081458304052,0.05624670416771707,0.20723732196791464,0.010139401526248787,0.17876333441991987,0.2566256471057467
0.05673308847392335,0.0283091555222464,0.05565010080284377,0.08799318820827502,0.5160323111582482,0.024568487044987708,0.04703525564196181,0.10924691141710557,0.07443150173040808
0.2150951270011731,0.009520727553581123,0.017728473086129955,0.10169926271000913,0.35138247829830155,0.04712356195511432,0.07452107860547581,0.13364831742544614,0.04928097336476898
0.012657368052382456,0.17084750724481093,0.045193254407791456,0.17781126696123525,0.20601192790077197,0.020378731673541543,0.022252657967297557,0.12192680066661016,0.2229204851255587
0.04973337637672242,0.095800045762221,0.09919155641199244,0.307379867372659,0.08744401816595543,0.03441721489095186,0.10582457664125326,0.12212831130705708,0.09808103307118744
0.2565664918144164,0.09266009968027933,0.05762685981382567,0.024922969565103467,0.029270835467222728,0.411210256160848,0.02036483613305354,0.10047636379562803,0.006901287569622861
0.33875266235632867,0.05975822964128006,0.04041558197567852,0.10910677271261571,0.2618756195413738,0.041219201616286484,0.02745588643288949,0.10545696557862684,0.01595908014492031
0.004911799954304643,0.05011740861499495,0.14937146563331796,0.15685858880323958,0.22815450362599957,0.1949354940858715,0.04235294572517406,0.13427499804475754,0.03902279551234015
0.14958996054056706,0.024368722000566587,0.055837013527760306,0.06690150793347056,0.09214311703156745,0.16745710172077835,0.081290165222577,0.3341494413772032,0.028262970645509543
0.02662271036302542,0.012559153299020425,0.036446793298190075,0.16377913389540225,0.0730746025754168,0.2865601228938411,0.09427492654295962,0.2550161199992289,0.051666437132915466
0.02183512893916542,0.050178092542664275,0.1584827786705456,0.06354094581229998,0.02409843522425455,0.3761930168353383,0.17112433248235037,0.05799574972008311,0.07655151977329844
0.4785775467915943,0.0643050358357335,0.05316036300159932,0.05342629421499471,0.03629863024272513,0.16823744768093887,0.06513156037042386,0.056607087361231455,0.02425603450075886
0.02270736200485905,0.02339869961723372,0.030909434939014675,0.06735208982549978,0.08302850520482348,0.49648180042257417,0.012513004852701098,0.24743379318861666,0.01617530994467739
0.20728998574699553,0.03542378938961913,0.1990726425683177,0.11287717001380325,0.043596263420673464,0.03776753195287069,0.18727252661128535,0.13383558230841486,0.04286450798802008
0.037753148476638,0.05351864293447691,0.03308843664799269,0.06305705799655163,0.16285030729868435,0.29361447697487936,0.02510914146332297,0.30054798900677726,0.030460799200676906
0.02081909635882082,0.14684163397588157,0.013747033393099546,0.1552748765172721,0.3255410179821163,0.010444591156968627,0.023705801868788175,0.22993550271909532,0.07369044602795742
0.06140425469730967,0.007974734435394856,0.012470870572733378,0.25786968226896206,0.23142479557348405,0.16157494975030937,0.022160082666824798,0.21282650787904625,0.032294122155935544
0.44278461367888733,0.04404094652431598,0.02920906596080053,0.03016537783052276,0.014922697441606701,0.2757635077143749,0.04190801035883198,0.09707116120037966,0.024134619290280143
0.06740909592049078,0.11259584403309969,0.39386653394730536,0.0748981841503768,0.17734511699789426,0.05326565776886221,0.019451571274080412,0.05350040901061223,0.047667586897278215
0.06593975063639443,0.014501239259354192,0.047975023408131125,0.24077018913114848,0.05109975688483128,0.2450828348487115,0.008592535769027531,0.31618625622321767,0.00985241383918384
0.030958783576226643,0.05087137178213599,0.028329322242083826,0.035024694440614186,0.4959133504656799,0.08895880874208899,0.06635649011642174,0.155041061930016,0.04854611670473269
0.30227096135062964,0.037221398471989214,0.10972116886336632,0.20458009323896062,0.04385184833191417,0.042581418566793684,0.015729575846817834,0.1658992913661144,0.07814424396341413
0.13641865928238617,0.027164601514077485,0.11308662496683192,0.09279282255115073,0.19943448877716086,0.06984765391750207,0.27532913956073307,0.045391494240901026,0.040534515189256694
0.16502971741001018,0.015070303119623483,0.09153682652022417,0.028143525171030564,0.0519425375651457,0.2701992019997341,0.009375140069026656,0.3616047582801172,0.00709798986508793
0.02049431996005027,0.019015146189626592,0.32635771950724873,0.13950174157331252,0.17926574521985958,0.2222293769914352,0.055049233126724904,0.02274264269622957,0.015344074735512593
0.09370896494660659,0.04125755356310486,0.04164066040564373,0.07549013841382547,0.48959988108506614,0.019489521792021836,0.06390313174766561,0.1568565236321127,0.018053624413953046
0.44346036365401625,0.04903043773396415,0.056434117582085046,0.09364762603457422,0.053129411420272506,0.12335045959207518,0.027616835195131865,0.1373082766560281,0.016022472131852664
0.3209683785654759,0.010323459533333336,0.030701878531983084,0.24763400792099519,0.027203779606414857,0.021079409936584304,0.0481352969331399,0.21863604854217322,0.07531774042990033
0.11189028666876795,0.02810263697430034,0.09800592377722361,0.3072819093652733,0.04965859866451669,0.046628842219732174,0.008233635471764212,0.2501603677616748,0.10003779909674687
0.021489151074116267,0.02675424294950061,0.010091575191815175,0.03487295397467081,0.3886170376185432,0.02153887794437156,0.013925493636290176,0.20336604579385062,0.2793446218168416
0.045838371745735,0.046430296405608286,0.1596336529024913,0.1017497745648606,0.21673663931317233,0.106704399786263,0.0966111572975687,0.16590091819306724,0.06039478979123356
0.2653551912506,0.04824491914594095,0.0920834272679472,0.23719370616009883,0.0852753728000754,0.050667200691633434,0.01629443059115558,0.12960583140647178,0.07527992068607682
0.14937107699568813,0.04131956790086905,0.02338201204685124,0.1830156371368599,0.29413235158391166,0.14396708890566848,0.051138252017763154,0.08833924336609401,0.02533477004629434
0.0829050122024891,0.060452127043631794,0.1966543881406404,0.29197899999352966,0.052329448453988715,0.01151765375124166,0.14200058595333645,0.09468847941475173,0.06747330504639042
0.11784699065405733,0.05052233255891233,0.0982882141622952,0.0908847062450066,0.28066635526064837,0.10809051623339903,0.11410467307552419,0.12340349235110692,0.0161927194590501
0.39993823499736,0.0720526096925922,0.07544122174153663,0.09711892115614233,0.0350275504258167,0.12931363505715945,0.03535917613691661,0.12485287043836879,0.030895780354107182
0.12740063082446784,0.00862926630850022,0.048135210443967215,0.19618382348458732,0.3444653772396134,0.027587432567893477,0.18723668435811058,0.04085817190094864,0.019503402871911168
0.23830932947112063,0.03634497923911002,0.05074212319814737,0.21544582879742116,0.005299533801855584,0.05473142971479056,0.14379750614735892,0.20135861447491413,0.05397065515528147
0.14682122629301406,0.0102389199652706,0.0799722714917918,0.09359239339264375,0.27962107494658167,0.012626253499366564,0.09665533066930247,0.1871646853128792,0.09330784442914986
0.2335320760378106,0.21844445043967556,0.09698233998811394,0.0537454157633469,0.03208809590631651,0.0021032899063930387,0.061336126729507924,0.11298669917553761,0.1887815060532979
0.21396108912184708,0.014890627152616784,0.049176844194038165,0.31675672395112,0.09910145684463574,0.032997796425125965,0.0832522910424276,0.07811702303929381,0.11174614822889485
0.022751092139737885,0.6183991027873411,0.02655286056391352,0.07221667601574382,0.03157945102766268,0.0537167301198933,0.05539840663475778,0.09835543180746358,0.021030248903486305
0.12445730108159081,0.014611767177558433,0.1026224739619797,0.12281971443454694,0.16921998540097985,0.1293028153559568,0.05455721123447874,0.09757407648255008,0.18483465487035858
0.2879494875059047,0.051492650259967215,0.1853469703578189,0.09174643112121812,0.15919416678886733,0.09248632757185948,0.03374615112905999,0.09072300537899054,0.007314809886313579
0.11749217220315052,0.0032768239081242246,0.2232963065755471,0.2456308625321568,0.08902124161224628,0.011238347262422769,0.16948896116744303,0.09034891492373352,0.05020636981517579
0.12767608638818395,0.03733771670382858,0.026874726686268058,0.09070025996663562,0.07471194334910534,0.052064018591987477,0.01497641094178583,0.45999861055272756,0.11566022681947756
0.05380842523685445,0.010565280193088193,0.03593146831193213,0.22114502466950114,0.0871454773762602,0.4409453751607229,0.07149931945977143,0.04274856227275103,0.03621106731911846
0.09161115468096291,0.036195072206248284,0.1418437484106817,0.11206551025639977,0.050023873206521886,0.08803051136685612,0.03341067519763526,0.023881348712550845,0.42293810596214326
0.13167097809811132,0.019573628177645585,0.015312275382782188,0.16850308687311003,0.22267973066473723,0.18822133384113318,0.0806024123760818,0.1527846487842789,0.020651905802119782
0.03295422871741011,0.019585160338160018,0.10597094715861623,0.05950541969131457,0.027426522924830332,0.2529787084946144,0.34800908850657114,0.14523054210886965,0.008339382059613551
0.03659301436430926,0.033168278657366004,0.05614880942509363,0.09263918760212653,0.38128169634837605,0.04715793084416555,0.12288821047004683,0.21865006134404666,0.011472810944469544
0.06234446527997772,0.04103440539586311,0.19848499650131357,0.12834381781987006,0.35867803876530147,0.016338064159686822,0.09269816538891533,0.057824022861546864,0.044254023827525045
0.029171567244537833,0.08361292330094326,0.060082946037261054,0.04956500876683278,0.5758689357140115,0.08906602351941673,0.04884879305036813,0.01997717932310709,0.043806623043521654
0.022323825650238268,0.00863360121340876,0.03911810415056532,0.33448228931542595,0.15434589719969782,0.22912375715253067,0.01299484608550641,0.16672831697512666,0.03224936225750014
0.04186569705162252,0.009634285861268707,0.18674578535914418,0.07461267407335179,0.015828590418554302,0.34231519663245685,0.18045765468130567,0.11818746966728151,0.03035264625501446
0.01647892364904756,0.04632455949306791,0.11142081460146568,0.3519897802101312,0.14865096559454458,0.1499708730193282,0.009800296742060986,0.08144682886001466,0.08391695783033927
0.031125482905797728,0.02255894613407275,0.18967616462311518,0.33381044508520413,0.19952723136152742,0.02851236091835314,0.12126859519881604,0.04344640423000368,0.030074369543109963
0.03507178946299685,0.0039336936430527415,0.2983033963752187,0.0664540746464769,0.04998439744653126,0.35579993288785183,0.01641768859424953,0.14462234826819922,0.029412678675422885
0.05319255928592017,0.0035118427936100837,0.48336520178323134,0.10167395784941662,0.02298631470407554,0.06687848153892584,0.18630392822249534,0.06345541786924433,0.018632295953080625
0.09805440763355659,0.08416082309413468,0.017559924155924996,0.11970181444292849,0.046855071488571785,0.008240878123756025,0.03363656845748451,0.3700329769216708,0.22175753568197207
0.1530524999422087,0.01837142858456386,0.10354364049653379,0.07116262327603208,0.022873269044018634,0.2592617422661538,0.10872587237347266,0.09257021694462268,0.17043870707239375
0.033510548823321225,0.027320341935209897,0.05864046611192236,0.18507809009248102,0.2355187686465904,0.19776171612702872,0.04735632578221944,0.17621462081161635,0.03859912166961065
0.07767115973234408,0.02904585154089116,0.056216047205669105,0.09770417944921612,0.08203168404148202,0.14189777255137065,0.3223680027707065,0.07511173297346613,0.11795356973485432
0.07220535336210097,0.06227253670205137,0.022837609146100033,0.19766650699014968,0.13357193109964052,0.036828429929249985,0.05679491107624068,0.29341150197834615,0.12441121971612067
0.3987888530819356,0.059363460754810395,0.12126053379345049,0.058833911169549356,0.07004115569433424,0.10722160256575054,0.039162824484952535,0.13333254768760536,0.011995110767611424
0.09668669603433361,0.023875228541844318,0.20542872619696184,0.08360549271428837,0.207459532909668,0.27417621036812645,0.03368987729447207,0.041829345928030524,0.033248890012274705
0.021884546281497858,0.1503391564754131,0.10941773394650077,0.2783979264964093,0.10472348629554246,0.007533544277333419,0.09195066918975474,0.09025529288399466,0.14549764415355365
0.048606059279001475,0.014529595203789422,0.0410256141332934,0.2332611875479206,0.16529636359139885,0.09311860708144785,0.16229939612032318,0.10649030734728769,0.13537286969553758
0.34494468284234975,0.014405375649770277,0.1258619799124193,0.056646626755578806,0.022274851678956126,0.19909363620961384,0.072193264203765,0.15294274657064025,0.011636836176906626
0.014893798719087803,0.03582174076410417,0.03551029028263807,0.14054469746044157,0.04175777945876317,0.29010270294342533,0.023376176579587404,0.2001041065744921,0.21788870721746045
0.2087646898276081,0.05056713247689019,0.03383361355141715,0.19139396816247412,0.1147795092958176,0.21541063428487128,0.10196573267307119,0.06620587037443694,0.017078849353413503
0.044623765823278705,0.026743038370131717,0.05166897132013112,0.13124539000322255,0.05614677613903086,0.02946736905931772,0.4628385634595755,0.14188684196558657,0.05537928385972532
0.12876017062881248,0.07641474994600962,0.05611778057561995,0.18633211431992533,0.06162273171697347,0.013594827214482056,0.026432306266441805,0.351987492341075,0.09873782699066025
0.08043346170064335,0.05097079950963155,0.038454066848758635,0.23763509765084945,0.2758768420978581,0.16626974247112655,0.03291102579436495,0.047733757680386735,0.06971520624638068
0.4262682988002648,0.023695809634998077,0.2194014556024281,0.11427547478776273,0.09793633186218016,0.012805433416703102,0.047529202242875455,0.047152668831874044,0.010935324820913498
0.2989194093647631,0.01993275987763107,0.19939097288075144,0.17364679727860366,0.08391941060765488,0.07633582201195159,0.061787004775009424,0.032112881938256864,0.053954941265378024
0.056389105236448724,0.48603287730331574,0.022589597410830404,0.08174739288833122,0.06667381376084575,0.02251011881499539,0.06173320954169336,0.18457358280181327,0.017750302241726162
0.06295974473957086,0.06179708251130515,0.0214004174310086,0.12860488581256638,0.26884566893667344,0.022789767391125537,0.11654929858515051,0.1421203010056689,0.17493283358693068
0.12962311073193303,0.029326824847264666,0.40931184233758144,0.08249408599280583,0.046030633104364164,0.043092889864754264,0.13841437574791682,0.09806909737774233,0.02363713999563746
0.22218536493818541,0.03562235799311548,0.004406204400732957,0.12411216509440288,0.1552833628994529,0.2167142770337844,0.1296972589154193,0.10195503367539417,0.010023975049512416
0.059203399149420965,0.10837655546855496,0.023440982642444475,0.2600373928160093,0.06463852389473987,0.06100106338255371,0.22949167633079948,0.13647866224712424,0.057331744068352945
0.04593967472363125,0.02234095851597928,0.13990711517325882,0.12871886256946116,0.05633412044602926,0.12807851174163168,0.28917508487741334,0.10555095698807399,0.08395471496452127
0.12132001642592825,0.059423804680750265,0.06881587148469435,0.19910065613020014,0.06399845623474891,0.03493395018478456,0.1480007717767171,0.13766289314148608,0.1667435799406903
0.08867726921479668,0.021336488959819665,0.1915432057017915,0.3486193209527088,0.018135848231056906,0.16473660221878317,0.02345567242315,0.12715423264729395,0.01634135965059936
0.03009521585512781,0.004791533043180187,0.017880438834237303,0.41571516384544105,0.2418247758102945,0.09743659925945837,0.05403809213142269,0.08910940529920608,0.04910877592163201
0.023175693579367895,0.0029888558145615292,0.08296783023494526,0.24974306859463688,0.030045267730725012,0.1821704140778433,0.29248101416659306,0.1331979333650612,0.0032299224362658495
0.015145152587703261,0.03389402788031683,0.20411014583905665,0.08723066890805087,0.11998059086369893,0.04873497554072823,0.14012655515425002,0.32560640874812824,0.0251714744780669
0.10668161927771809,0.02596627084851684,0.07784488746491534,0.11371757821840289,0.12202583444343973,0.14093652027265688,0.09366407234278777,0.2812714536880449,0.037891763443517516
0.030733676773638852,0.02246130811141786,0.09362995711857296,0.11946213220892643,0.27251930937491803,0.023931475443060842,0.015457248681840735,0.36879703223780763,0.05300786004981661
0.06959514139581591,0.004519736654630981,0.0721227172814675,0.1874895510513289,0.31793807166303356,0.2844938508393941,0.03880216220112309,0.021726561620919047,0.003312207292286914
0.14138365267539746,0.018008179464188562,0.01636412596280467,0.12033374757895486,0.4244084072975096,0.03923197221746341,0.025834854315276212,0.15460533923083863,0.059829721257566616
0.011314514973511542,0.024806147160015557,0.05415541104827434,0.09765897965331495,0.05070935167796659,0.10826004349899244,0.4513486734232573,0.13781895912373343,0.06392791944093378
0.05473448390762956,0.25803510062069024,0.02691404382069099,0.1457343249167661,0.07918940131406389,0.025090141925529996,0.1325199200805927,0.11924812337844574,0.1585344600355907
0.18196231663953435,0.04850815542823237,0.2479459106332993,0.20542853734700958,0.10405474947345224,0.015025173919768256,0.06744901012436054,0.041136715461511535,0.08848943097283189
0.028661207899067,0.027548585972924675,0.11568105142612566,0.3152956506838207,0.18489773969260234,0.15719135130718995,0.014799315557007692,0.08049026093671714,0.07543483652454486
0.08770333201210911,0.03938936220841338,0.07665500891487875,0.16238020951831192,0.20877870179991853,0.08182526213220088,0.07801468055984401,0.1328360585161021,0.13241738433822123
0.033492048210035257,0.34658634434896474,0.038527047181260286,0.04767085074156507,0.1573961166922926,0.0050656893358450444,0.1365702420790662,0.18217208157867656,0.05251957983229435
0.15156782465573043,0.010319814564317542,0.10234642997619393,0.13091193358908707,0.12286054810279427,0.1839893970262596,0.05976892094690068,0.1515766538913065,0.08665847724740984
0.05921248429340814,0.0324607472779022,0.05641343654438367,0.06769990764241865,0.40210156922919144,0.043127458485937985,0.04161723248959855,0.17839508585720468,0.11897207817995469
0.09601027693630844,0.014534855993960183,0.14924882752360882,0.17775150869616152,0.06655017731605663,0.04629904302958826,0.22222055034081153,0.16956391293288223,0.05782084723062236
0.09251527223633775,0.04455032418469604,0.20548149971483842,0.20537836645913352,0.04495537555193394,0.06127266315501997,0.04257720335535031,0.2145612999376564,0.08870799540503356
0.10609141020707308,0.016653049590343905,0.0689594559108566,0.22162972727718463,0.06852656899810422,0.2774900645996103,0.0641169891417608,0.11942872119156762,0.05710401308349878
0.13434110381291223,0.09484592766454131,0.13969528295698067,0.15918524314809265,0.12501578949406986,0.11393070258480976,0.04060390695749785,0.09269732689662517,0.09968471648447053
0.09856809626949121,0.038231923038308906,0.018120501774606005,0.08824622049142217,0.04988061082518571,0.030081678920503424,0.4537876107231635,0.15823100600903933,0.06485235194827983
0.21122453899877391,0.10117554280092687,0.01967426428518322,0.08916884352681546,0.07350318947336491,0.07065459464592154,0.0773990768625289,0.2088020682825145,0.14839788112397068
0.12702601580787473,0.03959509034750921,0.04548714510257685,0.0879272090507625,0.09518502980269739,0.11493048971940002,0.05767276694607429,0.18787710812557287,0.24429914509753217
0.026697188745401973,0.025600534220473693,0.03313132991862904,0.1750572154043993,0.16093789953055582,0.22549224518974464,0.052701229250297216,0.2005969558905012,0.09978540184999712
0.12040406346325078,0.015347892804722976,0.06045347373688811,0.1617380959840206,0.1651843442901496,0.057847330863391555,0.013034253631174594,0.05794639210114827,0.34804415312525344
0.012501588633047962,0.021840473769697166,0.10426464619078706,0.19699784122428665,0.07171427066559283,0.1796197590355506,0.01145626572373254,0.07306792856448163,0.32853722619282366
0.046706113407808225,0.015116463540258451,0.05550105783649669,0.060360020163824656,0.03902541296715847,0.06575895288445721,0.08360022593542327,0.17233154182444946,0.4616002114401236
0.03811693826932958,0.018676147117432203,0.2331872610762756,0.032957789280898264,0.09560488897861165,0.061814771552390214,0.10432792503112587,0.3296812182638256,0.08563306043011103
0.2732700736668116,0.03889135840109548,0.12261202804310174,0.21424934335129417,0.016463752742333405,0.066620565878703,0.08680328935515054,0.1433521734447517,0.037737415116758266
0.06505808586070168,0.015556579286289965,0.04009467269939574,0.29612544177107103,0.13073789088919455,0.03634413800398408,0.04078686541897553,0.34088049659351616,0.03441582947687114
0.35885631384918715,0.02484731712470432,0.014906041426755619,0.019160849202270652,0.1296618171583694,0.35745388901230907,0.003647056402100874,0.0877044365854715,0.0037622792388314424
0.03758896909753523,0.005148862916948442,0.008751642815228411,0.2527512259947619,0.1353189601941119,0.03438927652407652,0.013699056886369783,0.4390461517503646,0.07330585382060321
0.1378215279786625,0.02616621736716057,0.16003771068900702,0.08821010486782256,0.2878220660910882,0.09800482523147276,0.06057736781520812,0.07194293183507286,0.06941724812450553
0.351852269650709,0.02485578170862369,0.07798442601418733,0.21029170979030273,0.01797489771672955,0.04614556372020714,0.02094711934910733,0.21313119102734304,0.03681704102279013
0.09784442154038198,0.040019742961318966,0.018787198754616513,0.06786596302359323,0.05619138657269666,0.10491902366803178,0.285104665268217,0.1942817781050401,0.13498582010610383
0.2638483573339773,0.024015213937752758,0.07740818737735285,0.1843744301564003,0.05787936161100179,0.26361608770414935,0.018534408267687777,0.05916219322308192,0.05116176038859597
0.09763394656097783,0.03514168939516999,0.04590252482831154,0.18101822126280773,0.43372149132264387,0.033828023269210035,0.010896750288039977,0.09589505175628305,0.065962301316556
0.17482635321219742,0.009681804181139526,0.08764636466585211,0.10812003350641369,0.0901342670013673,0.15478744415053294,0.06568244029761884,0.27899184425075024,0.030129448734127973
0.006260741926464505,0.009757670142539742,0.1755067240684263,0.32670721545933895,0.023773241020830314,0.03916191385693343,0.23166873011057118,0.05957426578900298,0.12758949762589256
0.10734023653243308,0.0809217900081545,0.14220461133914922,0.10892036223646383,0.1615406874069664,0.021047793507739252,0.2694377113956954,0.06586680942351138,0.04271999814988688
0.04572285933587709,0.010434075915263652,0.1918717845312046,0.31235613242020077,0.031141947229965383,0.1203875615229455,0.11931470752496566,0.09431414861337917,0.07445678290619813
0.25766371341375643,0.028106102292430185,0.07562108552994246,0.06198024643955347,0.2463425755240416,0.04019661244143682,0.09207169760257028,0.15532247601169694,0.04269549074457186
0.07692090869935668,0.06222087234058695,0.17645305885037252,0.25906697152882213,0.014036690634892846,0.16924856982765127,0.02141159001743258,0.11130729392268901,0.10933404417819598
0.012801864880633979,0.010741054961845192,0.03971612396282539,0.1255038511001311,0.206655353996963,0.005844216810769104,0.33345912378764037,0.1053665970128551,0.15991181348633685
0.4693538685644248,0.018413126005322997,0.0533300623919352,0.08469691019106128,0.03870292801992364,0.20122441636494223,0.044241344734085745,0.07431690788675951,0.015720435841544634
0.07280665333264545,0.016335990951673384,0.12186832226759403,0.0677869936923428,0.2858634162191774,0.0758457146509512,0.17772251140621673,0.1398635851863673,0.04190681229303169
0.035594115464947625,0.06322807866459766,0.03872654129933866,0.10532813525790152,0.5122998708797529,0.01172268229992182,0.09078970979094277,0.08183194347847224,0.06047892286412484
0.3095186189875237,0.0075275850164242845,0.1329215897603722,0.23040339475369084,0.026643397225921437,0.09096898874821298,0.1154385559534965,0.0627877035872826,0.02379016596707549
0.11230680652222302,0.01345261008597877,0.22400849624522404,0.13796359292047397,0.10164678006367407,0.057984675165818435,0.21236366170868384,0.08846544620644363,0.05180793108148026
0.07910514313085464,0.02573953275432275,0.07258903808831407,0.14500133248191294,0.09609009148015092,0.13384566113592986,0.035566325229554475,0.31958232917233836,0.09248054652662192
0.08902135440641545,0.02320605662097781,0.08664202840618968,0.06068480783323191,0.15268908254914237,0.2152276999707543,0.03380331108394776,0.12901882579720672,0.209706833332134
0.18769288466104772,0.040492055272709424,0.030587504891065986,0.15998577155033458,0.07831367025832191,0.016708211050330206,0.3066262188776725,0.06872995253563867,0.110863730902879
0.36518956803432223,0.06259883341740384,0.16179941158263886,0.024804164378809005,0.009921733121953177,0.29722210179415803,0.027244833423294593,0.0427789608115561,0.008440393435864264
0.1091830396460658,0.03179357327465409,0.08600163132906163,0.17450083312619813,0.18422193959251387,0.03308375413908724,0.0587516400850381,0.098249999043728,0.22421358976365321
0.37501433726319733,0.032922776170443556,0.005352375957602328,0.08115373922835108,0.17180121382065192,0.03726959660532455,0.004620375782600927,0.13684925950747465,0.15501632566435367
0.003973474440691498,0.0137564822053175,0.27636007887332914,0.11127837188137435,0.27498122130059327,0.24806466211736136,0.0022694410754757685,0.05616746660821553,0.013148801497641499
0.3250123636026823,0.052076631490722114,0.09178240359912042,0.033720991309524974,0.17215034327820966,0.19969713149121185,0.08477564648694795,0.022834131683090564,0.017950357058490105
0.42734976497414245,0.006127331193071045,0.1388531095309926,0.148725639696116,0.18937221780807445,0.0491329929955539,0.02115426852163375,0.017741542753115642,0.0015431325273002284
0.046420093870444046,0.028018207159275676,0.063737207532542,0.14759625438130392,0.08938412586701912,0.3949753872910122,0.10216028567074105,0.08762256738865633,0.04008587083900555
0.02706930588516852,0.05789046337178494,0.027716634188371295,0.0933299612904371,0.06899496830023079,0.03651290163892411,0.01287512368342171,0.12544063675044315,0.5501700048912185
0.0633174272099155,0.02858401467703552,0.11263005162402762,0.080292021417496,0.025082018249708574,0.15364194203435358,0.2691836025957583,0.09649626777434334,0.17077265441736164
0.031541858575714114,0.03082070551473287,0.04843503861827445,0.3031932813327428,0.15292311624908325,0.1403995471004921,0.03770612600060912,0.13686293065809663,0.11811739595025465
0.4052894189371588,0.01644726828783477,0.03263540792205277,0.1110173793239669,0.1955348248176153,0.002731143661388241,0.0445674299338657,0.1903629339938763,0.0014141931222412297
0.03928225807631377,0.03868095651880133,0.1343961836788264,0.20189521210867722,0.16536476391104185,0.1847882576173154,0.09434863550450123,0.10501731893110189,0.03622641365342089
0.4282995048931566,0.11960369916949293,0.06949145272592179,0.031534706170600536,0.045487758930539836,0.11942500231616981,0.11619033805121391,0.06145767664334186,0.008509861099562789
0.0328817703176213,0.5213464394820339,0.027410723684211446,0.1071855628924055,0.11998373691272363,0.04966433720889383,0.033028976939590386,0.0175166981840395,0.0909817543784806
0.029668416448550037,0.018693131627049938,0.10275972709833048,0.08057857777791222,0.3324667462610307,0.031924758943710246,0.05539969740661809,0.2642681993796334,0.0842407450571649
0.012427857213457823,0.06856354047878073,0.01273137790854059,0.19291145277989008,0.20653458344465,0.4288680614172405,0.009482514319258492,0.05512321699993533,0.01335739543824633
