0.028476793797796482,0.10268166553592527,0.15083967690024513,0.027374902752838225,0.0362000427120296,0.10354032372378895,0.02198168993735208,0.057735001039923184,0.4711699036001011
0.039765252472527,0.11317446692535987,0.023132772423659728,0.12098870651682869,0.20937259964693167,0.11157665949044182,0.2523338908126591,0.09220605056191429,0.037449601149677846
0.09985774256906034,0.0863778426689004,0.13079586704383303,0.129218723687571,0.1856744882116017,0.09419352990033221,0.1271117527339737,0.0986357391251957,0.04813431405953189
0.09916709860424888,0.08113176370463844,0.03958429699361426,0.037583398964883975,0.497486705006079,0.08878108347708817,0.048386627651068125,0.09263167318677028,0.015247352411608885
0.10555655051673868,0.13865047437490127,0.05821828922052354,0.11554871354079443,0.07098696493653844,0.17496228456882798,0.06446589663553258,0.14241046315644176,0.1292003630497013
0.06089969287430814,0.2292418859815385,0.014740463123555286,0.08259205873460106,0.25962963481102963,0.0785528134777099,0.0610546431371737,0.1046548199659751,0.10863398789410865
0.09063584785586802,0.3571298097101727,0.2942123719341922,0.019209619586436768,0.06583994981942337,0.06716095320100017,0.013871004827316057,0.06332438218571257,0.0286160608798781
0.040732600547890636,0.04695775388140446,0.24594886450002304,0.040676307395288304,0.12326695038647095,0.09207093702092424,0.046672776267688156,0.08281712891611814,0.2808566810841922
0.02599366142197662,0.1527415346485341,0.007518625127037201,0.24826169801303702,0.17496293815147057,0.09313813794477688,0.11655472539025839,0.08909366440932061,0.09173501489358853
0.025402010294226323,0.20985491929007025,0.25470552556739445,0.1458661548229245,0.1993144571369434,0.03610416712062511,0.03861639891846765,0.06576689880128848,0.024369468048059825
0.031392802891570905,0.09057109063796558,0.03139430520460902,0.010850226051145483,0.3506469630526578,0.06816689109674745,0.1485228303086713,0.09726294766179354,0.1711919430948389
0.06717852165125236,0.05352627675422237,0.01574277479148331,0.05080522572894494,0.15234568610878416,0.07161944195304175,0.041680693180194135,0.06850471288843614,0.47859666694364084
0.10123632604713734,0.08587721568111857,0.031730662115916075,0.08030492009512803,0.05996424085331759,0.13422670512196164,0.0519713937256483,0.065413077127147,0.38927545923262546
0.12498838257615923,0.2997244671286217,0.0081445658761577,0.05424476657944305,0.3105724588270968,0.07671247215708489,0.034977277606161726,0.07105423646814542,0.019581372781129553
0.043820644161907764,0.34300270073540107,0.17598282469388535,0.05714152673159173,0.15401495336667187,0.07105545347038177,0.06072689785009781,0.07995168700629968,0.014303311983762947
0.03901785656400681,0.05140983720667617,0.020757954304043005,0.10046731942416076,0.23081996556602594,0.2526941801310901,0.06735102672670767,0.20478944879304195,0.0326924112842476
0.07038539235970048,0.12382718091050889,0.07663749556601629,0.054113713372908705,0.20355808674486967,0.06209236057200986,0.3402923072244162,0.0553076694741139,0.013785793775456015
0.1715321369348021,0.11758962244148286,0.05230776797353804,0.05154094893460107,0.21196040601012267,0.13923760119749287,0.1256803302289583,0.0740808337036507,0.05607035257535131
0.060104837621754705,0.1022385920971891,0.14640442784997573,0.08542942482857886,0.05303921261231933,0.06115350730569053,0.04635611865857927,0.07261410729449536,0.37265977173141707
0.05231952604695434,0.18797381841569658,0.40268364124459505,0.023850094307607244,0.008307693304533908,0.06793287388630588,0.015633278936417604,0.07136542619234766,0.16993364766554175
0.09705760984552807,0.11793307788907338,0.025006746763886274,0.18450504171817914,0.19567700226370344,0.09931376047543428,0.08888182818092687,0.08113356362744235,0.11049136923582618
0.11283566823258857,0.08363754950053043,0.023237532337066342,0.03236217606193949,0.3814928038095348,0.11777307951254802,0.06120954739087342,0.118417087818112,0.06903455533680684
0.08517478143246986,0.24578819580603195,0.13458415386702652,0.0415366030198808,0.043339700704882515,0.0429977853776937,0.042793626704331546,0.09203559187740362,0.27174956121027954
0.022870691032625453,0.12264990306426375,0.021006057401418213,0.04610642645522028,0.28802327153222124,0.06919118933655465,0.12650013609494684,0.055994857330993575,0.24765746775175604
0.10492811125463357,0.126834630482568,0.047626433751064866,0.20101828794867818,0.25608357316675173,0.10073097888695219,0.056473567981242666,0.0750621675003992,0.03124224902770954
0.1289167658202338,0.2177430016990849,0.028704121287818074,0.03152831985465467,0.15513668894925672,0.09292322852992319,0.09896763421842387,0.10652877317296099,0.1395514664676439
0.19425019579741032,0.06679646604316875,0.02434063253075756,0.054862124038719116,0.2825308237225739,0.07804521497064477,0.06242680046230235,0.06392520404746187,0.17282253838696135
0.22911333399024306,0.2047361385895503,0.047554929879225986,0.022044628840982194,0.22041548069911845,0.07869402811116798,0.03226412686331904,0.13292680585358732,0.03225052717280567
0.1792806012965682,0.05082920089806425,0.023195656330206222,0.10662340419782575,0.30080854472866675,0.08651101728200422,0.05591427956961712,0.09225462984437915,0.10458266585266841
0.06291226041144528,0.0684484887396025,0.03973398565341895,0.14610530318397452,0.11035698599314885,0.23188260292993645,0.054920180431330616,0.18389822488287,0.10174196777427282
0.11727604970589445,0.4400657735391594,0.02954426893383194,0.08857011109610895,0.03146007133642493,0.08008090757207258,0.03571374448950439,0.1115823598421145,0.06570671348488889
0.048840082349347246,0.06205120173396808,0.03504926904618666,0.16356785627505036,0.4058005488679757,0.07605706055022345,0.07873315899172384,0.07372259773235502,0.05617822445316969
0.09153774812111866,0.11325301141500389,0.015682661652877947,0.0360024661798679,0.44032428128656326,0.08277298991478772,0.04348989352251769,0.10992974309223758,0.06700720481502542
0.149782387104923,0.257889073942521,0.006985113994455693,0.04796613395278105,0.12467659013797246,0.14805549231036866,0.06676008729017503,0.07810574478330264,0.11977937648350055
0.18220341078982336,0.18030467846018627,0.04439083864454165,0.06704206704228811,0.028208119376155028,0.10553178441202477,0.25178091980904277,0.11719497136070105,0.023343210105237034
0.034996391936027244,0.04594898459151483,0.03391993404830199,0.2615429357847377,0.2659540826150346,0.09673600536797979,0.038489748510487344,0.07915965673414242,0.14325226041177405
0.10955799604464761,0.05019829193281789,0.04454043182551574,0.042601481657796765,0.3142099842234096,0.1047791836286011,0.0323600177410927,0.1255907511814204,0.17616186176469817
0.05970483043587093,0.3249162099732969,0.23587101667814828,0.011571734273429233,0.06802698773937314,0.09270754631548779,0.11205293999596312,0.0675187018323124,0.027630032756118163
0.017454440367560276,0.1678418850999361,0.01636527385418771,0.06618123332936356,0.10473282825521087,0.07142767240308337,0.04636794927370047,0.06359931835870324,0.4460293990582544
0.1078493729694363,0.10082694416512585,0.011969106061577141,0.17056329713032467,0.26967314208967474,0.11245918339981753,0.05889544021316537,0.12669171476508007,0.041071799205798336
0.06199076525516949,0.07825056729584011,0.013504928658419313,0.10768431124348894,0.35379466023106243,0.057694376049182206,0.03842896991428036,0.10437385084301933,0.18427757050953777
0.034919821971125815,0.09414663199093881,0.031102461103937735,0.07016573415033311,0.1779493399770755,0.06148932339215604,0.03110598566942792,0.10183214741614462,0.39728855432886045
0.054996720225251004,0.03844099216292576,0.08362883481234666,0.04968631998544659,0.030470591341276762,0.08740268988878845,0.04431615593361005,0.09220531787237733,0.5188523777779774
0.02467261066120896,0.23713784442992425,0.022153036572954404,0.24431516109891538,0.09679447397300855,0.14471055192354984,0.11584133906609438,0.06728544147719179,0.047089540797152475
0.1760122565670428,0.05628483332211246,0.05456886352325724,0.2798011758248197,0.07609343804543357,0.14883474142531902,0.03065942153094005,0.0818178150237351,0.09592745473733995
0.033553462627492016,0.1464666830687116,0.02194200501756216,0.09829245985883032,0.08968215420916363,0.07548105069323564,0.02748900889749513,0.07961585034755028,0.42747732527995924
0.21112571520731552,0.07803339054476716,0.027632282501952942,0.04526030007666524,0.31749389616637924,0.09455834030491682,0.06747223988465045,0.10629224798089841,0.05213158733245427
0.03744733719450089,0.264960842148553,0.023498963374070102,0.18559205098410178,0.27695067459202266,0.06524359542152448,0.0551262063005634,0.08142937853804984,0.009750951446613886
0.2064419914737435,0.06104335304028335,0.060002857871263145,0.07703470581847548,0.2061607233215763,0.13842046299651137,0.015627695867164594,0.11360107081549876,0.1216671387954835
0.07489917104299752,0.35684199107140774,0.06132486296115327,0.08195326624454015,0.14299033914342782,0.14245359238274638,0.07315563449335717,0.054592958432851835,0.01178818422751819
0.029483148844688806,0.2301269235623666,0.24670407840307348,0.06461074436006996,0.14221936397039694,0.060088124448089454,0.11922138312620362,0.05747415576672273,0.05007207751838841
0.10293425174250685,0.22539637427357473,0.021764200112623523,0.010329176516901377,0.023765360420885343,0.05945398723117593,0.0257426666611862,0.055658297274696004,0.4749556857664501
0.0747859565284608,0.08823996134900193,0.03799373538852071,0.11816183479284474,0.32969437573732374,0.12269755116873764,0.06198269020995684,0.1517042839121431,0.014739610913010506
0.05460624597951458,0.04958213945989597,0.024508783073792468,0.037756473913614995,0.27275619338243656,0.13716948121828063,0.16554947992924715,0.10802658126453409,0.15004462177868366
0.1912761814445518,0.16451872548222304,0.04295037006856748,0.1653805624940172,0.0428959334453197,0.14760191523965838,0.09079419932802679,0.09889895325082032,0.055683159246815266
0.42383997040074645,0.14586510742348738,0.02862755602120008,0.06437262013773837,0.0492778845161051,0.07365170429129363,0.02955568127425161,0.0957834718441869,0.08902600409099048
0.1746543673610522,0.11268477563769276,0.02663450660772386,0.10814088002625317,0.24689971547817954,0.1056022167604173,0.05593085967370604,0.13989809741702333,0.02955458103795185
0.14558284771712202,0.12861959779217072,0.019423612336505785,0.11639690370391724,0.22685505689637578,0.11915495451596965,0.058161835920540396,0.11989490931837243,0.06591028179902601
0.024778111240520668,0.33016969623224995,0.20981121809157757,0.027862018476688646,0.21189165991613146,0.05809225036024354,0.042157048819754996,0.06227622715525017,0.03296176970758299
0.0787999964423043,0.09076620385591395,0.03738710350745413,0.21085153309973018,0.14378396651769196,0.16270735116711801,0.14189209919883586,0.08081494818978363,0.05299679802116803
0.0911453746785535,0.060042067448425544,0.014960829637854839,0.18136965436853025,0.3977597864311179,0.06285191965049361,0.11985521031595404,0.057488564466754856,0.014526593002315534
0.11759981688868783,0.048892561207122875,0.041171432854578416,0.12574400170311853,0.12968788217168103,0.15702756569069318,0.215137437109131,0.1041707833443301,0.060568519030656943
0.02314471513326502,0.16795912490405954,0.015228596407062457,0.06682197617194291,0.3778283061570124,0.066675015167765,0.029360575486820157,0.047271805523528075,0.2057098850485445
0.16057835643644508,0.20263156973134833,0.011556897277916844,0.12101185367474158,0.15121216325522055,0.18875979354986194,0.027494691373302935,0.1098926902591138,0.02686198444204896
0.07314405130345812,0.11138238787853867,0.07090865383383298,0.26022429769812466,0.06863777382847364,0.17874873659536192,0.07537563024834795,0.09421485231528244,0.06736361629857965
0.04900656732576439,0.11142558454242057,0.01576818239017411,0.1330682837552667,0.26464842466251826,0.10635721248118156,0.0622308100806822,0.09237929197405341,0.16511564278793878
0.01801715426903791,0.12760321521198414,0.48904756965361024,0.010887107292261501,0.016524408466060434,0.060831276945896705,0.09556971074820408,0.05577770944308116,0.12574184796986382
0.11040634721742444,0.35428759999362125,0.016902803878560215,0.1898115007643414,0.1236059694459724,0.05515493346639929,0.027601502963112822,0.045591290318699296,0.07663805195186893
0.05929373397103327,0.0929290820465578,0.07344285656748431,0.09267116222990929,0.08175256230222538,0.22583750968898855,0.2856419483472357,0.07265035766050383,0.015780787186061764
0.06877001794576275,0.21965469277643293,0.11486749785741214,0.050780767344065586,0.08488527364549524,0.14709230353918815,0.11850117157494294,0.1712300065834299,0.024218268733270303
0.09895868116479346,0.22686441569476443,0.31525351674717966,0.03820446790416956,0.1405434063845309,0.08228048105660817,0.020870482007361857,0.054256723347994744,0.022767825692597287
0.03248219347164563,0.07839228737791724,0.045363603701303774,0.11229371296066526,0.3177447807593906,0.10019177521810312,0.03526357014613333,0.11685266046839549,0.1614154158964456
0.10753914342065325,0.1385368473521252,0.15987899053086743,0.23880061030612906,0.06668500606074733,0.07531477545314659,0.05181077598254935,0.0925118535118904,0.06892199738189136
0.04138134984178576,0.07369234625023759,0.220257132477915,0.04963438299231443,0.028296401843702818,0.09153015439209382,0.04622458955740085,0.06735336662808049,0.3816302760164693
0.04706834365942666,0.2418268769577283,0.38442235114879914,0.022875623263858336,0.10143298250171724,0.07645961387578853,0.059433115504925915,0.044290029826737055,0.02219106326101884
0.059014717069526136,0.4064588006872319,0.13281175518321178,0.0752839064442413,0.12194701777249961,0.07870448356204457,0.019375502215359674,0.05826591359381638,0.04813790347206868
0.04006822071717998,0.23901926471610768,0.36094052539099164,0.06563242757209857,0.07785041376992026,0.0833999496770304,0.044661653122928004,0.06291265187454145,0.025514893159202006
0.07456990608773896,0.11467482997823013,0.024655733216136372,0.14506788221741415,0.14683736370387485,0.15066587029802717,0.2155352032288036,0.11280599137386797,0.015187219895906772
0.07158864441626149,0.13534565040218052,0.3478857859208852,0.0651738659813761,0.056395151014269666,0.12459825025684418,0.030743449437522847,0.07966827867009253,0.08860092390056745
0.18148025792550015,0.284352560329362,0.02993650520412545,0.08277955960702231,0.04714244534438241,0.18158456931656827,0.02654877361948547,0.13221890968847427,0.033956418965079574
0.21027155993739366,0.1187483857141195,0.023865304574254176,0.2753591103317901,0.08067379564440148,0.06557392018641489,0.04140637878662212,0.11131016095656242,0.07279138386844157
0.03930028713379102,0.05453361655215378,0.07153168212192972,0.10588372974370924,0.46618341378699313,0.04660236507211607,0.11851950158040038,0.07370033377943203,0.02374507022947459
0.07957834044739377,0.13354764087522633,0.03351735480345363,0.029131351994802584,0.06965846618924369,0.0948792488659174,0.04660074365888228,0.10137595840592713,0.4117108947591532
0.07001798998660586,0.11836915398245547,0.3979060258164911,0.017345822247429282,0.051852487120029676,0.06517913303751229,0.034140186322458105,0.05379161560746611,0.19139758587955205
0.07896059423332265,0.06475964178549294,0.041316883240277665,0.14233282322406401,0.22741027002077732,0.08557306745340093,0.16565856141319263,0.11031463508549427,0.08367352354397761
0.06915008117913173,0.25064664690992355,0.024206953046650628,0.24753358646662868,0.03711126283525497,0.12304960565777827,0.06598361454983118,0.0828707316858634,0.09944751766893763
0.220992928299376,0.05562433424539485,0.16108307198858232,0.05111697907159041,0.2565054213215558,0.08965129342466245,0.046736348718098675,0.06648906065283007,0.05180056227790938
0.04678712852361672,0.2972316747017459,0.01007296953998001,0.30569891574899527,0.03656729816040491,0.08393056115770085,0.047856906595981456,0.060845595670597184,0.1110089499009777
0.05788791058673524,0.027105243804500422,0.0581240043495865,0.06827652545208782,0.44832615526611336,0.07443578545544438,0.035649082240491424,0.048702169394028105,0.18149312345101284
0.08585399003434324,0.12007399454752261,0.1507368638550812,0.08342801669750427,0.06450976081519368,0.09269369491807307,0.050695853225934145,0.05359657837925799,0.29841124752708975
0.038182049066714616,0.11242767591187382,0.06559939779571262,0.03992797964621234,0.4310168346096379,0.11168928015550979,0.11058459594133829,0.07658314623798697,0.013989040635013604
0.04170697042062486,0.10717432941885237,0.25048721452570805,0.02025883703362469,0.14363024738472138,0.04754810984993218,0.03230517805993602,0.06648671963913783,0.29040239366746257
