0.029509609738310266,0.1681512792192065,0.07709280385327151,0.0873365683472644,0.08527183574113999,0.05372957322466296,0.15282371557437488,0.2554674482007619,0.09061716610100763
0.3028405339458901,0.08648168617621317,0.02623631529385864,0.05191074165084072,0.046854982452519504,0.2513202133423708,0.11183816956791263,0.09014739082414434,0.03236996674625011
0.08965889770433512,0.030376786628694544,0.18972482472678842,0.01617743171407167,0.1260439617623154,0.02835418583552266,0.1748471803636761,0.06990034624624918,0.2749163850183469
0.06225321833910122,0.11752300229577367,0.02264008271695353,0.15333057578789197,0.089324236821805,0.07621968251785273,0.04587633945206367,0.31677772226207357,0.11605513980648474
0.03777936137496422,0.043016078717060126,0.11501884769642905,0.1867177933862826,0.049933551671574615,0.07168812455118463,0.44973506714377837,0.02394545336699867,0.022165722091727735
0.36632564209595664,0.08106015862084652,0.019454615001046296,0.03471221060131812,0.22293778837997624,0.024283834423475592,0.05234689665035677,0.028406022348051046,0.17047283187897277
0.09760698420844634,0.013284611420413471,0.020642613325661262,0.1929714995647209,0.10899850454097053,0.3161167080063159,0.04137921654178455,0.010588891561301933,0.19841097083038509
0.1527148410588972,0.19570749074644608,0.03382682683831802,0.058470364761496106,0.09820481722648584,0.017715533589707483,0.1068464775193551,0.05892501737809392,0.27758863088120034
0.22853255607369505,0.05333505938568997,0.03805850004788369,0.18823504001465752,0.06236406041235132,0.24041889540816844,0.045151105943009695,0.05534212470375779,0.0885626580107866
0.04411119186782298,0.07508721757530439,0.04713476643130963,0.04175340060511468,0.05006389572085344,0.15616016725588674,0.3988392677059895,0.10279826391096657,0.08405182892675211
0.3709345675197162,0.02475430047602778,0.01201368884329622,0.023433565019964162,0.13162830154920366,0.01481967825758549,0.0720802764599181,0.07393324494136617,0.27640237693292224
0.27911666517815675,0.048960352124168854,0.0914714401084822,0.14839124337662526,0.08419789822428651,0.04055254861904552,0.008523266569578703,0.06004016539505482,0.23874642040460134
0.17883152296300683,0.011989357606200726,0.05906820646082122,0.014583257046100648,0.22985495571569592,0.006944479489272559,0.15533199065394268,0.023646647750578124,0.3197495823143813
0.13565570086216697,0.027443003749446238,0.03638005210516503,0.2704471678648896,0.08981111236811322,0.2312245114989991,0.038862947352169025,0.019697429511500747,0.1504780746875501
0.10396921210504843,0.01828861633947496,0.021636239040867405,0.08860429387965874,0.0699475766544952,0.47306733076801577,0.0658306310845812,0.08028745266827106,0.07836864745958734
0.25809938922995534,0.12124629792115289,0.04646676172493299,0.09343839067642241,0.1312297529564436,0.08543197029170212,0.09685868413765836,0.040607526450827165,0.12662122661090502
0.06163574997943568,0.15524934273486268,0.024262080639372952,0.04075211802966672,0.09548483294876492,0.04817965638712268,0.06089011638931923,0.4129579715506475,0.10058813134080767
0.19752655016983303,0.029971351909512958,0.033141636921871546,0.019474807628023286,0.1617594196290296,0.061564578033506005,0.044339403681312506,0.0711722043575631,0.3810500476693479
0.22295733166512657,0.043960882661171714,0.07832982119638228,0.22813197912868177,0.12460458522072287,0.006801418159273817,0.07114023558384197,0.050099052081693164,0.17397469430310583
0.03981864205334042,0.018344522927557384,0.06795700820788644,0.06329593581261687,0.11472702048289003,0.09772180000399809,0.021982515645437923,0.44811306658658706,0.12803948827968586
0.2617854682506619,0.06169620971484049,0.021609211129129918,0.055246901790618065,0.14020197281707444,0.1499629803902829,0.07130991053033474,0.025811134688961013,0.2123762106880965
0.05404850841241623,0.0379351423158669,0.0165628796066401,0.2092529913746821,0.03775348571345011,0.4777410141876645,0.019508848283787645,0.050053872842626114,0.09714325726286632
0.058900383212153934,0.05227822729511936,0.3562260439747565,0.10706031680763929,0.08632922696279312,0.024747811928837054,0.009657035113590463,0.1638284896307763,0.140972465074334
0.13240369675902,0.09029979021603442,0.08458361460087432,0.09487423017458047,0.10511199206873385,0.05371920809360386,0.28085776013805824,0.09616814852230664,0.061981559426788214
0.3270082648182087,0.1086825543164327,0.009402334563536332,0.06899704091792806,0.06805400219872852,0.051906259048563476,0.25562071658647306,0.028973875594380482,0.08135495195574872
0.164774672228697,0.09175152990093223,0.06409687654540819,0.07358034565799054,0.03231463400997265,0.27245535709098384,0.1984964986797535,0.0835795104628453,0.018950575423416802
0.45958252492084894,0.08652630082347379,0.008159935740093466,0.11345349356375406,0.07229419423963597,0.06296018499495727,0.0406980453938822,0.012371109426882814,0.14395421089647145
0.09537262993637874,0.007712716783356476,0.02026744935161807,0.3123438487739136,0.06396048925502772,0.27351454484034926,0.11545208015064318,0.013682346131386231,0.0976938947773268
0.013480920903252707,0.020116984955287246,0.03422093763177357,0.04802590557375913,0.06181843209332566,0.38651192902463327,0.3058595110733073,0.057295284914940174,0.07267009382972106
0.11479839835698956,0.06342942342775941,0.059286256530692256,0.08128856955594392,0.054489180559912274,0.5031030810399301,0.05099610433590959,0.02107403796183364,0.051534948231029366
0.050150115661436706,0.03972173422438951,0.07640760510350263,0.03836594992441808,0.20117399276258072,0.014536205617140642,0.1559415618072721,0.19987244934568912,0.22383038555357052
0.08964233354083222,0.2676325449833735,0.09940535865565343,0.08699804241517957,0.13859616144450837,0.01893639775977035,0.013620199708623548,0.1685328757141932,0.1166360857778657
0.06503281136210586,0.13933631825050244,0.14498256085657352,0.11051430700935579,0.08575283329203448,0.21152078037851707,0.09324770756673166,0.06353082747292171,0.0860818538112575
0.1201265316710879,0.00777603831002599,0.26200438588518304,0.05958207293169645,0.06652171098563862,0.1833603962991771,0.03106383485194455,0.1507937656713429,0.11877126339390347
0.1003446261162357,0.04104398718089767,0.01365503970644453,0.20611886256997494,0.0836487366154385,0.34861197638504016,0.04096038491568119,0.013333193218616543,0.1522831932916708
0.19766485917694124,0.044009282370416625,0.011735990925707193,0.2438246111803033,0.07257536545817862,0.21499366567979164,0.052105886948704945,0.0422865053356791,0.12080383292427731
0.03608646433832717,0.03063529604260593,0.02454187445585294,0.13240017749201458,0.14026543311874398,0.4511151009563786,0.0545520406910397,0.09695747096756818,0.03344614193746894
0.1472849350541028,0.06198078115508591,0.017702622791468014,0.07047459129762164,0.02911353989465641,0.017717381574576894,0.06841320002932001,0.18412893376427508,0.40318401443889323
0.11840932708480656,0.0040831840158472585,0.01956159291562592,0.20866706235492635,0.03232077356103247,0.397045667960463,0.06818038109834511,0.09852252000897761,0.05320949099997572
0.33753925557577297,0.1779153049152704,0.042461106456290164,0.05885234011675302,0.07525225008331755,0.0029590549500188037,0.0926030742157846,0.01199125383421327,0.2004263598525792
0.19870514382903293,0.029870707620789274,0.07793225027767182,0.03842066831095852,0.09811693821325075,0.042059497027424765,0.042255897040914786,0.3129274917444432,0.15971140593551394
0.1570349290432362,0.07937393001415542,0.03151570586910475,0.20183032271496829,0.11711412690632023,0.04411434287851401,0.09069366116505428,0.026005482144006026,0.2523174992646407
0.09993373415515328,0.28291518197731674,0.05089234193241707,0.04327651436773337,0.03779048230137024,0.020827508249774133,0.32422623179413734,0.061438295219862334,0.07869971000223558
0.26707488048364675,0.10614233881121678,0.04397706428024995,0.14452766502690534,0.056002408787948654,0.18731517721454102,0.0416602903832631,0.0893339301291165,0.06396624488311181
0.08647050731845496,0.03402137976388277,0.062355776631777576,0.3019446256023264,0.10355487970815391,0.14255476988046858,0.10220965441030794,0.1069293441402225,0.059959062544405396
0.11074913830125033,0.038314531276550566,0.14554783829569726,0.17187550482626301,0.08522979237906549,0.3605956040878732,0.02216915174616894,0.015452062620021774,0.05006637646710943
0.2899758604735661,0.11483792579784236,0.005204172389755481,0.018075749912658128,0.32637047971143424,0.008407874735251272,0.0945187487491318,0.020891147583230227,0.12171804064713033
0.12265519477504035,0.1361823048007805,0.06258340516313034,0.240141901101524,0.12486470782294264,0.12983568663570835,0.008914962489232677,0.1419062925446859,0.032915544666955225
0.14985648634863696,0.09487326600990104,0.0599760786793127,0.26820767245608934,0.0698553158202,0.10049667696594015,0.0195338271331935,0.07389053789929904,0.16331013868742728
0.10344262941051326,0.034636468960283835,0.034350606638390645,0.21951656364056063,0.06430438137173644,0.20570122161372115,0.2530338782168719,0.02676563076284699,0.05824861938507523
0.12019929330485497,0.05694820398218472,0.05681080236679642,0.1817834418829987,0.04257608211900793,0.3242850670295438,0.164640290540018,0.020970482303061446,0.03178633647153403
0.13659871195062603,0.1279750704150181,0.005536891014564424,0.0729587337823163,0.02788795829424433,0.04700210060062767,0.235534846877549,0.13123743106675226,0.2152682559983019
0.4025991662228216,0.005514521065412332,0.03792286918379925,0.22332102128781683,0.08198278641124909,0.08167023825760937,0.077028644550778,0.03985517133609157,0.050105581684421946
0.3277821103826004,0.030048997207930098,0.033495128004755875,0.1484546166908941,0.05464255244362781,0.010580930276631017,0.020650227143700354,0.2882460540124981,0.08609938383736222
0.19021670506585964,0.0300092442343384,0.08255319647907505,0.11413087437414442,0.08089298668123045,0.3040547941450129,0.054828368234976686,0.06333928675805765,0.07997454402730486
0.11995205564781415,0.08427614839774396,0.05483309990308316,0.020442865911482106,0.10939459770875071,0.04782608880843071,0.17837365794540191,0.24746264080168456,0.13743884487560867
0.14793068820863467,0.22966703300460023,0.1108167413297676,0.01377873664851322,0.21378592440107327,0.046132969850589255,0.058555252853232855,0.059378130579287515,0.11995452312430137
0.11551650147025012,0.09373303263287618,0.09549356161209849,0.0470925690085775,0.27651909670499936,0.1037846499354829,0.047268642171216624,0.11229366209762337,0.1082982843668754
0.07444125651343705,0.13414384351769068,0.08500463907636086,0.12455611626906693,0.13738913662555596,0.05061469294773832,0.07127541751441364,0.20945043591907128,0.11312446161666524
0.14889867187171602,0.014594102760843372,0.10472025006355788,0.03359387260599417,0.13730844161750808,0.44484554120792213,0.024335591450000468,0.03372365480644006,0.05797987361601784
0.12688733790413392,0.12853110279415245,0.07626493098570701,0.024501796265793,0.2595013440133944,0.03486095861866228,0.02964218082971226,0.10920044312616395,0.21060990546228067
0.19550765569918993,0.059706353312655884,0.041904797802273325,0.16587150530699152,0.11346960852474552,0.13112653938253938,0.018797630825980686,0.0209667280646553,0.2526491810809684
0.0703103261092409,0.1264095147990759,0.13616187272979105,0.0512624330260427,0.19800082411464662,0.09943630473130884,0.09193428103707067,0.15323011088519414,0.07325433256762927
0.12851360646393906,0.03609690153887677,0.1917921021018678,0.2574800523058207,0.022782178949603937,0.23621512181276824,0.04672889470833519,0.04485135903949138,0.03553978307929684
0.053274525530631806,0.0525058448350599,0.2293453529380793,0.18434652576729713,0.13146596947376932,0.027361092705593202,0.07335605099716384,0.04588715509840854,0.20245748265399696
0.13372323558856364,0.047972845028739775,0.05124750446214559,0.18321111295951353,0.1072969249377278,0.0405198731537928,0.033174476169103344,0.1777290473970632,0.2251249803033503
0.04784436320076834,0.07455853666777465,0.408381862526996,0.028518549151905093,0.11334019957600078,0.045718690737662084,0.06039392381718411,0.17104042901583996,0.05020344530586896
0.11918585222562768,0.5352045738884247,0.07498496212781915,0.03630409038686048,0.09106935344090307,0.016679669095571316,0.04570648853539843,0.024968356938026928,0.05589665336136834
0.07607646525249755,0.39496247247262634,0.020467671943769267,0.10616587047626687,0.09633597879711865,0.024608379889905968,0.09231571739354309,0.01808826829542924,0.1709791754788431
0.3762518814919413,0.23860519805104138,0.02070410995906603,0.0633599050716882,0.06383676330257103,0.021187579068462966,0.0400826297418585,0.02993927055632742,0.14603266275704327
0.021586993824756106,0.03695770197879874,0.08261955605418837,0.1408524019554964,0.055647623619759536,0.34714502114391027,0.033872645085594566,0.03444005073324185,0.2468780056042541
0.07233739991077343,0.1472591992162847,0.26380004024556586,0.10588272316745338,0.10351914262796767,0.058109210443139554,0.056269552591821946,0.09412037566032648,0.09870235613666696
0.10017388996479383,0.18006266614979252,0.13267190274214735,0.1612964118664364,0.034881281876013505,0.1267542357432803,0.0888797934175693,0.03634902657309994,0.13893079166686687
0.2754668053599009,0.14330785347070243,0.028269210817081798,0.07200086098284066,0.07493309303522766,0.016886290932531276,0.21155266239725198,0.09097832882932977,0.08660489417513345
0.20356066609367962,0.09381181952653012,0.06451150244729474,0.01800258732685753,0.09058789081982328,0.007076367663204112,0.14711395532784857,0.22644286253535126,0.14889234825941075
0.052604300901719615,0.14968603761970523,0.02493907661218568,0.11961740489353216,0.06615363807561585,0.2952841398872325,0.04832235797102602,0.07668989469226052,0.16670314934672237
0.06448313688548436,0.1399145436160741,0.02374755402345415,0.04688549392287487,0.04354745398892032,0.3695562581752194,0.032033872123939,0.12494062404426114,0.15489106321977267
0.17089145717581064,0.014097196863178063,0.08359185225684786,0.16191212286111484,0.07574466205495466,0.03662012557480817,0.38803426062051144,0.008228176077432451,0.060880146515341814
0.14927680532125265,0.14144885253997408,0.028551587063363693,0.19424343047339118,0.13984552413221563,0.0659795378159283,0.13218396968001198,0.02161117055398803,0.1268591224198744
0.23884024733573184,0.09464248019240458,0.0889197452747477,0.059527321630710985,0.046459975621204186,0.19020676839849573,0.08726320024946559,0.06898063857308577,0.12515962272415357
0.18037292577108754,0.1298642440286827,0.05605099744080799,0.12637255599890387,0.06908990954648596,0.04481233975045146,0.056282051912446396,0.2410542697645992,0.09610070578653489
0.04853084800801882,0.015684911774627813,0.028174344913918254,0.20148652804417608,0.17001213898409798,0.09397403964379684,0.17305382295894053,0.13982718289790338,0.1292561827745203
0.03178677008173298,0.028857933123612418,0.07848653543049194,0.319776247194715,0.03198411127124035,0.34378725140245575,0.039586896927059724,0.04330833566986095,0.08242591889883086
0.22667241098692062,0.4161380136586496,0.022947120152556528,0.029522862633268834,0.07279144735701111,0.048919643903919015,0.02682991130157619,0.017921082627132368,0.13825750737896578
0.14146219165310933,0.016205625853989613,0.014219212160275607,0.21320634317770318,0.07018952003331262,0.3318798304361195,0.05830588240693232,0.025195599562987402,0.12933579471557044
0.0406135638441915,0.11481258142701356,0.16264672708098452,0.019092700917403057,0.03456169852144247,0.015698054043046753,0.027220525134834823,0.40970211201366147,0.17565203701742182
0.10220570074680341,0.04265501556870389,0.020571751264370622,0.4442491519763458,0.05310786369999514,0.2100860751742856,0.038843533551761844,0.04185327442142608,0.04642763359630758
0.1064398231637132,0.0880039985090131,0.1275367458583155,0.08241837734529951,0.13088463531229444,0.04508803825604383,0.23994096073378968,0.06779018679020764,0.11189723403132301
0.04931439619879674,0.0273979190145593,0.19819694338256513,0.3884243934142045,0.030976658153060516,0.1202848127812461,0.06576177765058704,0.07623139932770857,0.043411700077271964
0.1529623720520574,0.20269077428790974,0.009992655676505128,0.1448463509649225,0.07249099592879886,0.18226632943720392,0.07163085047297689,0.0097372903965269,0.1533823807830986
0.078046546829076,0.06295968467385969,0.28187416194190135,0.04143465279448922,0.11782621958581031,0.009253919586384813,0.08524106723932579,0.19570934547749674,0.12765440187165614
0.03551153091813836,0.014387900258340233,0.02614576660087226,0.2270377770577081,0.05019281917673877,0.5401283551659278,0.023269372517812983,0.006418371929657518,0.07690810637480393
0.049734254474228794,0.18014648832859004,0.14455340503345648,0.03405391605967801,0.10993831752744947,0.015375362857459182,0.24652707073762678,0.10646601855074274,0.11320516643076844
0.23201838466089172,0.018567138524332193,0.0658896121997625,0.24012443304973244,0.17573535784520475,0.06905165690621305,0.061988124526537826,0.04874895005383698,0.08787634223348857
0.10434557669934796,0.04630021354280406,0.014210885236671697,0.2010443149098271,0.07126116099123335,0.32565938795462773,0.13900945494437342,0.05068828257388355,0.04748072314723104
0.1430322852200332,0.009012882209949552,0.024007337891923077,0.17169432820874764,0.02097693268243815,0.3649441280622754,0.0699252937132981,0.14999170359465117,0.04641510841668378
0.07596324366991043,0.0470531996649296,0.011999522775692011,0.045619885216410916,0.06925148868749952,0.43385982893022557,0.0597718321405297,0.04073750714262371,0.21574349177217847
0.14900339641271465,0.07342533502425823,0.23280157699626913,0.049071273294664854,0.0877741169078673,0.20148647955762944,0.047412718899191186,0.04628668410225598,0.11273841880514934
0.19936015892430828,0.15086770943824107,0.009269363146368408,0.03657585994605963,0.07972059898711868,0.2844885064356347,0.05917274236840808,0.07474123040466385,0.10580383034919723
0.17781241549248247,0.13732071848802213,0.027424067871230234,0.07844874986931509,0.12586169272610023,0.007898613893094134,0.06817970274415659,0.003118897601457662,0.37393514131414146
0.09672294404138687,0.013927312954524132,0.029504824459796703,0.2612778304785904,0.054472078551102865,0.294533789905046,0.023017370037519125,0.09242487437414985,0.13411897519788418
0.3603186526863765,0.0496000091556561,0.019771572123781837,0.05359082947828505,0.07234968393865578,0.11498933738571315,0.11984072635982705,0.16217643477786878,0.047362754093835814
0.13174049178629962,0.006302910944283216,0.004914433000760826,0.11902000675723728,0.12353262432650497,0.41707771802204013,0.0425077431906409,0.020816752382084358,0.13408731959014872
0.19229448228239962,0.019816759509393787,0.038467257235543804,0.10211218196825324,0.04687991921152838,0.4407604722659592,0.01924539681064574,0.11018278743130204,0.030240743284974263
0.19745416135619218,0.057179008065648046,0.11487355393582795,0.12437697680755634,0.03667018916088254,0.04301296476468235,0.10253228679142949,0.198942141910147,0.12495871720763424
0.14173028703565113,0.08872769585547818,0.008605613842740086,0.22015834867895467,0.030525948240102675,0.2005793198161215,0.10406868434494611,0.1225441800793539,0.08305992210665175
0.15936669971572692,0.28690726164840125,0.0259073511285491,0.09248913509074436,0.03701998735769578,0.09413644004547793,0.06496983974920756,0.03961358494689277,0.1995897003173043
0.058236826732214315,0.02996508164096907,0.011597725378461704,0.3671518576003992,0.03724882929622877,0.22948767245767632,0.09811389531924974,0.07663870129863017,0.09155941027617069
0.29494067306648786,0.018479680980225812,0.012135669752274472,0.30757463464600027,0.06134995833432904,0.13857790125570876,0.0388046505947617,0.09527685288830162,0.03285997848191039
0.023581087260610315,0.0340586310568613,0.06871132814898055,0.4343984141498816,0.028605743745736753,0.19195611364594703,0.17636059320448094,0.021887102348197827,0.020440986439303706
0.09760698420844634,0.013284611420413471,0.020642613325661262,0.1929714995647209,0.10899850454097053,0.3161167080063159,0.04137921654178455,0.010588891561301933,0.19841097083038509
0.04786223466907532,0.06479232472646887,0.14238755777245812,0.04568358856951083,0.18487946262883362,0.013842194724892292,0.014331003480937354,0.3369437736501715,0.14927785977765193
0.2879298770575178,0.0702526396324925,0.11446633664361483,0.03762626827738699,0.05154618541152042,0.13487700062593938,0.18979697104178564,0.04743834615705949,0.06606637515268295
0.15540321585788855,0.012513519590982689,0.004010554927961992,0.11730737530269354,0.030172906896084994,0.021960662419890985,0.29319213206583705,0.08142689755258785,0.28401273538607225
0.3781005668201199,0.27396953053359324,0.03474007139798147,0.009605692869305316,0.05595797632473002,0.005427028609430534,0.061737712607903915,0.006436273648357115,0.17402514718857845
0.12929408975089043,0.023355238473806387,0.2223081003615348,0.13414525210248104,0.04888843995841465,0.18658255698421614,0.07976421845350244,0.12685060789150138,0.048811496023652694
0.05584063632323022,0.05767455746271649,0.2113257479218792,0.22077853099095957,0.08667272194959204,0.04629228200435353,0.07167116404354572,0.024686909942801746,0.22505744936092154
0.042803708386562535,0.06911255587936455,0.04684455974097964,0.21448603238217281,0.09537535773678135,0.2880428931451989,0.05321861483630957,0.10341824522651598,0.08669803266611463
0.1955664248005924,0.10251503786276446,0.09902381187022806,0.01684189798802725,0.1013434300312462,0.0713684239296017,0.07133733676071637,0.21985853683851722,0.12214509991830634
0.12001906950533896,0.039186362413968605,0.020388693997748866,0.08258627724820104,0.10633038197016513,0.3172456634837278,0.12367338784473414,0.1522632430206753,0.03830692051544024
0.19614910484471978,0.10220797062359349,0.016161008927582977,0.15646377947096943,0.03718578741788472,0.23883224559389427,0.07864495054146697,0.02601719040191459,0.14833796217797382
0.35110703343193933,0.00830354223410834,0.12443948456389993,0.014064364989177952,0.07613199485702282,0.01567390616415402,0.23845693821016187,0.006835890402400902,0.16498684514713471
0.13403672697575775,0.036762749157219284,0.06767873071041296,0.016522411933621774,0.1340056366469395,0.058806809386295254,0.14473681716269352,0.0735062484791789,0.3339438695478811
0.02811909975429715,0.02269795638449158,0.0863171053489701,0.33094360265195205,0.1166451482773021,0.10835074758931178,0.05897720062088984,0.0727621506887106,0.17518698868407487
0.17118385846139827,0.010483197109725692,0.01830583832367826,0.1100098152941964,0.038754325128507745,0.1610048950578473,0.062279608143272804,0.20956542595141317,0.21841303652996022
0.08357858626710625,0.05175594180898802,0.07217683148206101,0.19815507192450663,0.07370682089629016,0.27198256288828565,0.09845439657458581,0.04069100365684448,0.10949878450133198
0.48054091230011137,0.17147737742564617,0.005630888124030199,0.03843408431799197,0.1236012103843283,0.006368748875490618,0.023421122968588923,0.024252440528063732,0.1262732150757487
0.17828703040780544,0.19980118179625664,0.07446979464762754,0.12170863460525079,0.1044160575992427,0.012993523160295612,0.10768006527756897,0.03017252113939239,0.17047119136656
0.2330423581240658,0.10842988633288086,0.13919801497856843,0.0638002130277275,0.07733655540044594,0.018710853176130558,0.021395621248174942,0.24204941604707067,0.09603708166493531
0.11849566936807031,0.09953695697247637,0.08030653068868349,0.29040290074548475,0.06996135574258144,0.1470704903952684,0.1058634692204829,0.011029842112159556,0.07733278475479281
0.02622270316174673,0.06227335835746626,0.04997583428850039,0.1299699097899468,0.09676622677674757,0.45320554750571646,0.020378173244602563,0.04123379712245064,0.11997444975282258
0.21496949700227377,0.09510758598097267,0.10049567389415599,0.11179668172577101,0.05554722901144702,0.018077486960408073,0.03340426422704251,0.19850957917795084,0.1720920020199781
0.07448104427976407,0.0736953488776909,0.1551322578439389,0.06951007883582976,0.051358119953280136,0.08256270073527339,0.19878624952238977,0.060186234126540915,0.2342879658252921
0.1519690187404199,0.039907763157116215,0.27531488010474003,0.09557221625841243,0.04691183239909219,0.03082642713419642,0.004268946686556532,0.21780047428290486,0.13742844123656137
0.07565276066779018,0.01711590688169309,0.011287515435639286,0.09756500401481423,0.03483912614389968,0.12298723583244292,0.42628317378236447,0.15331778923779546,0.06095148800356068
0.07013357554481618,0.00925152841421223,0.017598806646348077,0.3231758238434395,0.09610150781169335,0.07056091390830645,0.041302137407747186,0.3332308853182591,0.038644821105177966
0.11188101762732762,0.1887955893899065,0.03470407206434694,0.116918847660387,0.16110492342872407,0.009720241841043009,0.12872400617423815,0.05292868417318336,0.19522261764084337
0.13640870358654913,0.0905798804324115,0.06717791636449803,0.14541668128536075,0.08228499518547576,0.02998320996810135,0.04534330686893607,0.25259760369619677,0.1502077026124707
0.021907821984333345,0.05868774553251765,0.14180962530292898,0.0347103619930531,0.381303195412442,0.08015920739162352,0.08159299938775193,0.14335342652426142,0.05647561647108812
0.04034709859764727,0.15641485948070338,0.03760475979813343,0.07692733795040858,0.06937076200086865,0.4058311138957915,0.10998907238816912,0.05028237429427756,0.053232621594000495
0.09416614653859856,0.011897096099398978,0.030767164845445612,0.10180037297375462,0.0721195905843712,0.5377578027668574,0.07291798718504695,0.04366160141679098,0.03491223758973576
0.048580136961152764,0.053405377223381865,0.2644307714111224,0.10022285135582805,0.06570871336563049,0.10917248078618058,0.19188176487978645,0.06618725889585424,0.10041064512106314
0.1422828921751946,0.25513253645835204,0.1146317378956035,0.050711975159235895,0.05991944414849467,0.01973359496738096,0.1783869463037826,0.058939434601194864,0.12026143829076076
0.0820563356326175,0.04951688572141297,0.019540733463733192,0.32972769985004424,0.042647625248473466,0.39416181625549634,0.018289266668211613,0.023655267170012494,0.04040436998999816
0.09571487726951543,0.06728955721482449,0.13089058546172705,0.21824935043436433,0.1620983305422656,0.009288616472863623,0.027993974139747496,0.04797314874302611,0.24050155972166584
0.30870546066683885,0.04658523402216702,0.12947870555632468,0.11260799341364758,0.06788990177622968,0.052661444769161764,0.0986390352795944,0.07875800239182616,0.1046742221242099
0.21207987830538208,0.040817694371259136,0.13334442648934128,0.02718078628774484,0.07855921760243212,0.04398754113447881,0.21990007385948904,0.06376690712646867,0.1803634748234041
0.3191377082323073,0.03273147535644335,0.03293751055372775,0.14972099569467057,0.10540090741668055,0.12194186799788215,0.038124118369241115,0.11782225404521283,0.08218316233383448
0.4162639287911219,0.20292888876160164,0.009624028760615647,0.02211052917012951,0.0916704336358677,0.009696095462350845,0.06438603291977059,0.018098628050722553,0.1652214344478196
0.09528477398601366,0.2673853598154063,0.08234715588026567,0.020209387033361823,0.07056342520460201,0.012685011626739573,0.09932424817996642,0.03974995392284953,0.3124506843507951
0.28522671451252496,0.1123717382179961,0.07669254099998123,0.03677869956052515,0.11931911372146453,0.052509177564556975,0.06241093612715246,0.05861226700400548,0.1960788122917931
0.1029354138703658,0.026624753972641912,0.0610679219725097,0.2528512498656761,0.059501704861888625,0.14161157175925174,0.05810651740758199,0.16066643126310384,0.13663443502698033
0.09805717566294009,0.002656886716726484,0.06752047697697179,0.09573130097752136,0.0850467069404609,0.1485905490403508,0.017361850079919115,0.40058307488413697,0.08445197872097256
0.021586993824756106,0.03695770197879874,0.08261955605418837,0.1408524019554964,0.055647623619759536,0.34714502114391027,0.033872645085594566,0.03444005073324185,0.2468780056042541
0.02786471696274571,0.15644380556388993,0.03377278790116662,0.2948031084903822,0.050076597193855744,0.12693100713545577,0.07490453640200957,0.17740402103488043,0.057799419315614026
0.34619160023826917,0.027466791977169797,0.0414412248026027,0.025012717692580785,0.14106358870425592,0.050132053630912665,0.10082827172517676,0.09932992230483421,0.16853382892419796
0.1391919406902775,0.01030399110852924,0.12504274125291895,0.28682255102308346,0.05096057307103324,0.16356305189315168,0.09916364814143425,0.06587820174344157,0.05907330107613018
0.11683377186455579,0.01342948788668772,0.015573359711676374,0.2390989251949487,0.024733495259566734,0.4466432003293948,0.08793549033476529,0.013197257225091649,0.042555012193312834
0.028574636542915855,0.08746841949728745,0.36175299979845826,0.03486532374466388,0.11778650542054818,0.18431736332084922,0.09045756782370694,0.05840305405411158,0.03637412979745865
0.3383109807605549,0.08426336574835319,0.06464373864407677,0.04661947036188387,0.16707347631587277,0.12395161149758975,0.048991863865780215,0.02345912411210659,0.10268636869378196
0.20380238142384255,0.12767892066865336,0.03052898461155529,0.13104077528844638,0.07458737947760478,0.12526838394369724,0.22585168832915925,0.01176013416654393,0.06948135209049731
0.4077503600505687,0.02111544991729987,0.022099731019775092,0.07350329188970763,0.09619162781648886,0.08089499216094023,0.0597268877268442,0.02631553986262414,0.21240211955575136
0.19049625122333444,0.06594820046057731,0.1346845069223266,0.059629276439040486,0.027145421571459105,0.1357873771244896,0.03048382315800738,0.1420208305867927,0.21380431251397244
0.06622848148815898,0.04207582297747925,0.0231432728964454,0.14940796365235304,0.12290225428339573,0.2637763783408093,0.09262112724512589,0.09234367452079256,0.1475010245954399
0.25843670823508963,0.021397846945064653,0.0267100079143909,0.20578281020704844,0.030006399495065107,0.10194976844223484,0.23380182493902654,0.048623735623282406,0.07329089819879751
0.49285451734336294,0.05432085717994748,0.04317319530365874,0.078905100505981,0.10134146298600165,0.10746320461507149,0.03048228151515937,0.014957801150126016,0.07650157940069124
0.180560357530546,0.09488394251581202,0.023699020643218053,0.058876073979675175,0.11264454072241177,0.007569688711261249,0.046368780932448894,0.015260945569306753,0.4601366493953201
0.053969623998872986,0.025954217591969433,0.031390260805456406,0.2552840599053357,0.046402704433832716,0.2822613760210156,0.230177194569014,0.03153443748163865,0.04302612519286442
0.09470519574965619,0.24913445781620228,0.0448076016068649,0.15334372682929578,0.06748605854374466,0.026051361788919824,0.15792431925976402,0.046644454041599635,0.15990282436395264
0.031731325592650954,0.0541103412718531,0.027714027216971148,0.40165753280336586,0.06964398466958223,0.07691226222908382,0.12091966236344047,0.04133885881930575,0.17597200503374658
0.10652444719384051,0.03332202949262719,0.07344470050975639,0.21023203329167003,0.062226542861286926,0.18278975458005564,0.11319014715753169,0.11713511493160818,0.10113522998162348
0.10516720265230554,0.17607811280807692,0.02728408890497846,0.01442154035931964,0.03221132652088348,0.040516641077429534,0.09023802961072991,0.26227316174754783,0.2518098963187288
0.3208337231041874,0.017826063032736972,0.2800678757912547,0.0998053338052975,0.0629254084060736,0.047512872597998634,0.006653221063905535,0.06845961141344174,0.09591589078510389
0.1141266382124918,0.047792090541456944,0.20607528015571078,0.06080043432212453,0.12120399738251596,0.01763738529562846,0.0529516786576098,0.29288318259946694,0.08652931283299482
0.0637335610815536,0.047092614986322646,0.06467650486112715,0.10419202935603572,0.032160359798691675,0.48044244939520503,0.10689655908170641,0.06163570701528892,0.03917021442406885
0.1320754913294267,0.02997956836566508,0.07686864821413163,0.18441586010871594,0.053242303891887034,0.05521467632631031,0.11838828682356355,0.28669073391984484,0.06312443102045487
0.10472091925377351,0.16163174140142003,0.02596838296165319,0.17752172379962214,0.03560190368554034,0.002508609607942407,0.12196252976723067,0.0065083291558105105,0.36357586036700723
0.14330309292059087,0.2578732279823477,0.020733665641360387,0.03586485386749997,0.04023620811855488,0.38189512591730873,0.02868309917763806,0.011957256741026864,0.07945346963367268
0.2816545706053838,0.17974036768903087,0.047491090971442586,0.03349867904177823,0.1450802306739617,0.025473819766097455,0.10971603022551067,0.046906251789693744,0.13043895923710083
0.06674868897515152,0.11118082234387294,0.15639950751707396,0.03392027911432192,0.05544565374478242,0.014550057314141404,0.11772291776355646,0.41550200526881914,0.02853006795828018
0.0777973873573394,0.010021192739257652,0.04630914458514603,0.23992758871384823,0.0456837106635997,0.14508426815192343,0.02854454410097006,0.07061363379683029,0.3360185298910852
0.06358640789131782,0.01760889137347614,0.0892930761402365,0.038788456162081965,0.06749540875666311,0.3212408543907728,0.07119927389713766,0.2938655417746164,0.03692208961369763
0.18517184581299617,0.0494353221829155,0.24003260556606273,0.08437166651385741,0.06384520143971704,0.042991169592189814,0.061133041602036385,0.04014120109535457,0.23287794619487032
0.19874047742894044,0.03649855357660445,0.25882704360938025,0.03802989342854637,0.10312021529720639,0.041370100221691526,0.11011244821041975,0.06543810407030734,0.1478631641569035
0.11123362387204792,0.03563765438312053,0.030052695035745966,0.09788555890055195,0.0155560435489499,0.45692655655446096,0.15066059286766428,0.029300664539651574,0.07274661029780694
0.02761259523672829,0.3921274142117192,0.08209834968585694,0.09994324527922623,0.1266529845751759,0.09617468615168419,0.10375100421584606,0.01877635439438134,0.052863366249381816
0.010341198845142232,0.08765194354664572,0.03091504209859519,0.14597593960768743,0.04009761789647719,0.009943307399549932,0.5655605706157371,0.0581107519494645,0.05140362804070061
0.0514231592346878,0.04545236104477457,0.03786586334896429,0.03296259627070819,0.069055619039051,0.2539353605877787,0.0301455626570222,0.30690019740023533,0.17225928041677793
0.23153801557285844,0.23204677471549773,0.003922456582275925,0.025134170829462062,0.1499941600054622,0.003272921357283354,0.026548778497582887,0.06970196420323005,0.2578407582363473
0.1540813868346443,0.01688835781699882,0.05592991330332219,0.10300866256640517,0.05970283591792432,0.39860796293101197,0.12205369300432523,0.03174849974656666,0.05797868787880128
0.20003850831776604,0.03706990081956387,0.09406247805728617,0.29334682302475407,0.058795628368203214,0.1578142471820061,0.005588879102531932,0.1343019448109546,0.018981590316934045
0.1422604198151029,0.10255470820341067,0.02225767854095886,0.007888755535410115,0.1873120686378229,0.009339966916425997,0.119317791683201,0.15192818999725732,0.2571404206704102
0.08356271991958157,0.012537666457806287,0.04266852300438164,0.11618824618050923,0.032742966611400935,0.5179704209157752,0.06787595128273917,0.036794141164691915,0.08965936446311411
0.13299921276808044,0.0625656708683168,0.13356443616866406,0.04171832230517289,0.15658987359717283,0.14219241012981831,0.0653093353177423,0.06382365266282382,0.20123708618220848
0.22751634022595668,0.04003027400182337,0.030979799305509082,0.09938220778906125,0.05831512013910434,0.25832424505770457,0.0680288184340083,0.045971138562951756,0.1714520564838807
0.04339070397293524,0.021372600190873853,0.012103923194961903,0.22996371035178287,0.04631066284033388,0.24450442031848038,0.280638227291747,0.05567234176217275,0.06604341007671212
0.06817213770545962,0.01840524458165579,0.02127177777212648,0.09444202196752048,0.03887063024967534,0.03217225584026059,0.4016846289998484,0.24262789849843128,0.08235340438502202
0.11479839835698956,0.06342942342775941,0.059286256530692256,0.08128856955594392,0.054489180559912274,0.5031030810399301,0.05099610433590959,0.02107403796183364,0.051534948231029366
0.2094025144720284,0.06231247115679017,0.008574049654975298,0.048805870284530546,0.06712770174868553,0.1192222827840461,0.1457096152649929,0.008435428673993396,0.33041006595995764
0.09177217756688454,0.025767103840512343,0.07767163095057388,0.15881590572500498,0.0470648425783197,0.20834749967069488,0.012764034351338731,0.021090441328606425,0.3567063639880646
0.06328496018309258,0.011433575100484311,0.07874396848153208,0.1891615344614065,0.10601260407401392,0.3049503477788384,0.08903107501049083,0.12939320667303952,0.0279887282371019
0.18088810826569102,0.023502649546043877,0.07510375893286894,0.02331523304871506,0.19980746678440683,0.02072866338308436,0.2665923767121261,0.13034638212627125,0.07971536120079253
0.016243811019859385,0.021286300576229072,0.012737931256688316,0.09202062827241604,0.0394672953339757,0.3516594770865102,0.3973704072079483,0.043980974191428025,0.025233175054944917
0.015407104645695264,0.03582142292437115,0.029163245994663186,0.24410136293685536,0.08303221879839305,0.3136588813162807,0.10396368392787665,0.029152128970383235,0.14569995048548146
0.28779606231416394,0.04598289560220833,0.016544302472136427,0.06604263316766719,0.14862763555458358,0.09456951984330993,0.21915219045569712,0.038812695986491653,0.08247206460374178
0.05044030592079851,0.06141469520862971,0.05434545977647013,0.1046782710677371,0.07056419989591374,0.23299316430490555,0.05137777355540361,0.298094090805836,0.07609203946430561
0.5581438080069504,0.1681842420692592,0.012211780126920273,0.033542907240177465,0.022042945080265813,0.007214085857300163,0.039754264597774,0.033467910704811164,0.1254380563165416
0.0686193755542396,0.2584385876805931,0.0935596262725548,0.1392597140783174,0.1481420763693864,0.023764846027944864,0.10636930035053348,0.08175369416534083,0.08009277950108959
0.08479162680016857,0.07701851521231629,0.03641775854648255,0.24957826135787753,0.07275358986611496,0.2020956487892868,0.06502366045505127,0.01556069554495691,0.19676024342774515
0.0092674093042638,0.25670016719712235,0.051964725798987095,0.05688531014953228,0.11150495131867307,0.044183840793520085,0.3531361692019824,0.06784164550811615,0.048515780727802715
0.04874128744731823,0.01168029818860925,0.0503061010616686,0.10582765994961851,0.03054719849209739,0.20633111002269186,0.0481021386266945,0.20095512182104927,0.2975090843902524
0.11712889823913653,0.09955802600535739,0.06436009842049499,0.06954217675253448,0.08048241050805059,0.3490791613083127,0.03820580644168422,0.04686872594057632,0.13477469638385278
0.14585143193464103,0.15531125577021399,0.07964463377839547,0.2596514454143257,0.05594331714809037,0.14494509978025874,0.004954890968685785,0.023125667017417247,0.13057225818797166
0.5167435354148121,0.08254953131487368,0.03933776616079152,0.02393336124307198,0.054574132379186534,0.005566334381772156,0.031490530454858244,0.021244126241851163,0.2245606824087826
0.09708105980477029,0.10396079189635997,0.059852963611477385,0.12268074684312534,0.07880513363805296,0.2476471603334146,0.12464226219623786,0.11279616091398258,0.05253372076257908
0.0761218319330767,0.10924652483483854,0.01169703118447743,0.04165031018627795,0.19284602530948056,0.005950597082347213,0.031239458052004787,0.3240429246262521,0.20720529679124475
0.10413227070506588,0.07615072668352445,0.08953521527020913,0.02639492759731508,0.10189550580087021,0.13675470637503384,0.07030930868769135,0.2013118531976019,0.19351548568268817
0.04658860739929871,0.06629798297480914,0.2515231315226397,0.058311636061031215,0.07675871927348234,0.020504285424475136,0.1381904911106132,0.12602407809625374,0.21580106813739683
0.07487466955084111,0.019199129716747504,0.29470695008282805,0.038823414691054166,0.13912738784394268,0.05446550705961295,0.08466073507682974,0.06185836877290219,0.23228383720524168
0.15082804595810115,0.09403382364030721,0.06796791341359786,0.13167097245399956,0.09532500606209492,0.15855646600623186,0.08370962978679146,0.16935420934674805,0.048553933332127874
0.13390776685698033,0.04680077119086524,0.04816248578954091,0.29756033154779654,0.09382254709388099,0.1774540372098621,0.05245767199496707,0.03260133609215852,0.11723305222394835
