0.0920482623816851,0.06269132703158765,0.06472420873130968,0.10667025900945089,0.12745276124800775,0.020539753347862084,0.3833722287396381,0.07732685619295493,0.06517434331750382
0.14339514746817664,0.05810527942813748,0.10212016175267613,0.15812055024773788,0.10627121069297259,0.08999862731348246,0.03698619946250523,0.18553635826913292,0.11946646536517865
0.1376925479511942,0.010778573072915437,0.024958256728658465,0.0644638985334391,0.07332617188998754,0.20202161312423353,0.0811540121940565,0.20370045395485467,0.20190447255066055
0.13974148257561883,0.08386808013064263,0.026252107509925047,0.18083482037591192,0.08863018792956101,0.049989205586149686,0.04074573243058016,0.26670085853884645,0.1232375249227643
0.15309797171942,0.025529064809561408,0.09674840167193517,0.1162155181944724,0.15494798058757306,0.02392039787006946,0.02621843486658765,0.18936589060191353,0.21395633967846736
0.08282914627048554,0.04586287458301935,0.08588424527082367,0.09088986851707008,0.035766957352078216,0.04043194680993748,0.4844806998212701,0.03360372156329285,0.10025053981202266
0.09826794293269214,0.011373204486370372,0.06467899408290378,0.12981833827148,0.09001432189305404,0.13483183385672715,0.29540986498204075,0.04993628803258696,0.12566921146214463
0.1492245018395099,0.036891171349610945,0.04252810325361309,0.1010487130533612,0.16917983443976806,0.051603155446503866,0.0697898876565331,0.17837781795455,0.2013568150065499
0.162316077678994,0.04209031164227089,0.1042893682886286,0.15762963078989886,0.14772734845000982,0.014024813099938062,0.0489072790031144,0.14834418226465937,0.174670988782486
0.1197569841311527,0.018892143491771114,0.032171690317916106,0.06859700830073982,0.04455619573787795,0.2225073104096034,0.03775883562777849,0.27311430720721447,0.1826455247759459
0.15074612466552098,0.07864134431831644,0.059365565911707385,0.13088775929722787,0.09073883091115202,0.1142240461790492,0.10136037857792185,0.1163525530769109,0.15768339706219334
0.09428612102414381,0.01664805688630378,0.07786114104763885,0.07752101230177119,0.03746394400434304,0.19739854310715022,0.334355011080776,0.037388379603263855,0.1270777909446094
0.11441720333826416,0.011013013345220807,0.11750785147049414,0.05755854916082274,0.05583583721005081,0.2284337840433879,0.040165524078735755,0.1853248546464588,0.1897433827065648
0.12503885753716262,0.011941195636896025,0.09845311857840482,0.07568449695314873,0.06751349979507133,0.17477069826349337,0.10356253680417127,0.18277900876500783,0.160256587666644
0.12992052313483052,0.019194350752193567,0.07329576802582335,0.08779980539246247,0.16310308616582045,0.1932540481007973,0.02553054830207344,0.196642663508092,0.11125920661790682
0.0879921466737012,0.02218930197225674,0.04512144847601906,0.061378248284626506,0.06143092867022245,0.1051906853506382,0.4902909369509567,0.03752552832853987,0.08888077529303927
0.07603786739779704,0.4952735289257677,0.017132670106856856,0.11659340725896339,0.03816660679258819,0.033792175581029364,0.16491111828319385,0.031302624348115905,0.026790001305687716
0.10428328773683143,0.02839804422816945,0.07259785025424352,0.0999556672944865,0.12449774509648881,0.07716367174669246,0.28668899824690447,0.11827548608339396,0.08813924931278934
0.12082699253141671,0.01465334898790959,0.05581696858455306,0.0736014061545695,0.0763649563194992,0.11514907332542233,0.02896229423150248,0.2636790505074784,0.25094590935764877
0.1185890739976097,0.011366329061917096,0.18817490857813599,0.14132709518618558,0.20297761164562841,0.011553482992593516,0.04643026620086436,0.13556739876612253,0.14401383357094286
0.10383834184499043,0.0763481568023767,0.3519025087884711,0.16645263111163344,0.09533313176113344,0.02088837166236204,0.07250807372289766,0.048687717499926196,0.06404106680620889
0.1116397891012084,0.06958793078771049,0.03119056736602226,0.12507445871310915,0.10375944864270693,0.043008473022925424,0.3981087819304239,0.04601294432776163,0.07161760610813178
0.13629251645046891,0.026977347017975894,0.14383618004032508,0.15745803022995195,0.08604256004538663,0.07266636258108868,0.019156122065236276,0.19074698819552194,0.1668238933740446
0.09151287780928795,0.024465725229885032,0.049291242275409985,0.13011387461877197,0.07751870227768516,0.03328226347626526,0.398252578147199,0.10722011704146263,0.08834261912403296
0.10210109368199465,0.02347793454743045,0.059143633727284727,0.06371447447614133,0.08593391144983177,0.2671886158950943,0.21278907022009882,0.03980177082847018,0.14584949517365375
0.1258005274462856,0.016213370218890962,0.1282763784775471,0.15350769567996492,0.1235665857042727,0.026824360783744155,0.12773169677541227,0.1600026031887021,0.13807678172518018
0.10081529298900538,0.03743940094175696,0.04522765374327753,0.11003452088307941,0.04711975856520536,0.10592321407641027,0.37360243090911816,0.10092757950602643,0.07891014838612065
0.09709167447748564,0.05416733529970885,0.48220810300843886,0.0770175340859073,0.10141951729119836,0.020912744704606346,0.03261692736050603,0.09049419129359526,0.044071972478553434
0.09579989131940077,0.08616793864765389,0.06382056029219797,0.11889398849396667,0.1374215319108255,0.014901946208380394,0.3093645097464374,0.1277551223404085,0.04587451104072887
0.08116524092013465,0.05732009385015265,0.068837062867302,0.046573089327273796,0.13969104213405018,0.054652555413438185,0.4380792464359386,0.0574993687880305,0.05618230026367952
0.13763899225875229,0.0304449399390989,0.11808733410199812,0.0942245869486904,0.11352245137767546,0.1147232868349608,0.10367309718460378,0.13905489120972966,0.14863042014449065
0.11829868061842473,0.017732207872217538,0.1342808460353981,0.053569832106107884,0.1259714455322651,0.09974257585271407,0.007879553455946072,0.30582242805244736,0.13670243047447916
0.0780605991896751,0.043540687145266765,0.6008530052488466,0.05587020503204305,0.0507837689839645,0.023042140333877692,0.06026268528892443,0.036753953728252846,0.050832955049148955
0.0903049498127172,0.016767051274285214,0.03951447750849537,0.07037596652628621,0.0688268115751502,0.18567498572415364,0.37248384156869835,0.10196050586168796,0.054091410148525976
0.11155432835096289,0.017759281698248596,0.08752870627120445,0.08600340763840923,0.10388276413984883,0.09939490292640513,0.31313987627270473,0.09992848896093864,0.08080824374127756
0.10172784230493921,0.02235538010237186,0.08554056090154775,0.12372150045991355,0.05539899366723939,0.055422661179730354,0.39683995262451505,0.046098542521191464,0.11289456623855128
0.11226789302051154,0.026376289326397212,0.17007743785179594,0.23446258149458862,0.05376077141740485,0.15040087389824994,0.12919602208734482,0.05139718528271636,0.07206094562099062
0.15438056514479645,0.165493923490923,0.04884120754922434,0.13360646325455428,0.0804051936727641,0.11651968226085196,0.07229807136489137,0.08204854598057802,0.14640634728141647
0.12336384032703966,0.029837136491166556,0.05886477632055107,0.08860301023566065,0.04390275236073121,0.15127171306337858,0.01622943124049558,0.2953280313070112,0.1925993086539655
0.10653789731752972,0.01356157304123584,0.0656883166316065,0.07215004189067532,0.04379521347903358,0.13975164985197916,0.34827623875948177,0.11020684258047773,0.10003222644798031
0.15582975155714415,0.048599880029100644,0.06945859835844245,0.12033248961028968,0.1099040129183388,0.03721294775000037,0.11018955754824337,0.12157741774642561,0.22689534448201498
0.0751203950614103,0.10757350099160921,0.04043489045909296,0.033285820060443304,0.08705576935996166,0.04433622212598717,0.48262296608673144,0.020600197856982378,0.1089702379977815
0.09038192075289196,0.014891064701177278,0.1370855277962225,0.11796824749420892,0.03426534141077509,0.12947546288735887,0.21129298137902475,0.1387891270517465,0.1258503265265942
0.08555622524613726,0.029911148189100786,0.05618227346242949,0.08359005238383133,0.11667637681311104,0.09009809483383502,0.3721045669862361,0.09024943381725066,0.0756318282680682
0.1459556208849561,0.05213135220540379,0.07841535176198275,0.07260184020645728,0.054773579660579406,0.18736350486424855,0.08387093344734202,0.14010197295542562,0.1847858440136045
0.08517403057826944,0.036427774450498024,0.05713718313358552,0.1104795523007452,0.055293512602006,0.022911169384988373,0.520359883514204,0.04681696563069284,0.06539992840501059
0.12077872865752305,0.008743500713254413,0.13329456362213127,0.10392041194782713,0.07672303869766535,0.10326531692171557,0.012738837532493281,0.29482300153868396,0.145712600368706
0.09323609100644877,0.24626228505523087,0.013796608942930092,0.03925368926120542,0.06720614688597956,0.34266979626624566,0.10423997181512155,0.04118721222722113,0.05214819853961692
0.10618283531296728,0.016212149877851845,0.05737075403692141,0.08470351945342598,0.07262412407298649,0.1466102187370619,0.3230996514525929,0.11572891235128153,0.07746783470491068
0.10556893640444008,0.011493947673467167,0.02247818837921906,0.05829980087660547,0.027093952171760066,0.25646386247861735,0.08045519892401372,0.1262825298484286,0.31186358324344843
0.08371536045439076,0.025962939821647057,0.10960599354485616,0.11673618589910884,0.13202996627758537,0.06106425784912131,0.3071834101158662,0.07856552333984773,0.08513636269757661
0.11655554513552276,0.029366579699133824,0.05527657186547519,0.1562094917332186,0.13515110133333666,0.17744577976925013,0.10719553357079441,0.15561210798084615,0.06718728891242226
0.09020054282233671,0.5869144924715214,0.039531790238083585,0.04037642415465229,0.09326878924234806,0.019555904337672524,0.04196907192689548,0.04723053537228983,0.04095244943420023
0.0683235556462241,0.030248885005793143,0.023627137399880316,0.10098161340666918,0.051471197355783586,0.2279546415547428,0.409529033714584,0.04330546475637659,0.04455847115994636
0.09160199261423152,0.5649519434899465,0.05257676032499533,0.055278557524253924,0.06478168847826059,0.046216463112686255,0.028545083460603953,0.0582217486148777,0.03782576238014423
0.08399082633576549,0.03709629889812394,0.05308289409810568,0.1495185677859883,0.04311809021601407,0.010698102094897632,0.4896818043112175,0.054543974918703796,0.07826944134118347
0.0746259778966286,0.5634117550253633,0.06414267577577425,0.036629637067382925,0.06756906893434858,0.03271622957665627,0.0775304465879975,0.056568301359801655,0.026805907776046894
0.10241493787427329,0.16057017626983508,0.02371339438004935,0.1377783256347291,0.08151643848464403,0.10342712943663461,0.026519665319797797,0.3027285004162701,0.061331432183766584
0.07891368893007496,0.014884075277253541,0.08180676634858475,0.06861320895802646,0.17974160039681505,0.025899893733094207,0.36909246287461434,0.08637718927134767,0.0946711142101891
0.15237568714370722,0.01180937697545855,0.09729501598801016,0.08133141152754804,0.13934005328614174,0.045480242187492526,0.04232465393142252,0.17013644020029192,0.2599071187599273
0.09162638718268436,0.042992637012026595,0.03365742588072653,0.08428611889059436,0.07228800537880767,0.08773242197243425,0.4556958670483356,0.054352435229461704,0.07736870140492888
0.07693503269056982,0.041860373616851854,0.021521413975587766,0.09041761959957899,0.05598035857893713,0.20739435010329454,0.3358159641849979,0.1001101022993403,0.0699647849508417
0.09266163978011732,0.02620507456913863,0.10554890934979322,0.09553551609688642,0.16631736387132837,0.020237784933466563,0.010090703021467534,0.4136510732851819,0.06975193509261997
0.144798962874944,0.04027614132469801,0.11832027862472454,0.18540922918653982,0.17619525605114383,0.015614924990555298,0.015253422694057774,0.1552191442932699,0.14891263996006676
0.16357354360559864,0.1001750735365704,0.05534710460823863,0.175798325559978,0.06657483030100513,0.07721877963554893,0.14300938260682414,0.10375190290477616,0.11455105724145996
0.14268109093176395,0.0160801377619931,0.149933821787284,0.24076529533229887,0.21529858750901312,0.04639127731197534,0.01700145364895943,0.051776829681288515,0.1200715060354236
0.13412498291017508,0.029785064968044433,0.06485738255466417,0.13789026276949948,0.13521292394707382,0.13787571275918406,0.030907273478942243,0.15665417221526584,0.1726922243971508
0.08926318551140637,0.5046586570070154,0.07868676130881468,0.08166057063036787,0.0641197117819058,0.0612328476242551,0.019670279156921506,0.06440588850649266,0.036302098472820586
0.17222494639192143,0.07829180693176835,0.1327434234508644,0.15741635263801781,0.1335956568621859,0.02892932523485851,0.04565517492875599,0.13231349592077626,0.11882981764085132
0.11112977429882888,0.028985471857360504,0.08338009689638587,0.09532868169210244,0.053098995440284104,0.10101592221352752,0.36641251584336704,0.031598542400137285,0.1290499993580064
0.10417359420796014,0.06985502372652097,0.4682836837637203,0.08544719454168148,0.11091750865516499,0.007299665488611419,0.05576801911457426,0.03317227208214706,0.06508303841961927
0.11671511839954707,0.05059989074472879,0.08668133608550461,0.1634795401433698,0.09607677385130194,0.03522025283019694,0.11067362092996731,0.2092773607492265,0.13127610626615704
0.14767359345005523,0.02738717078219781,0.19109950639631598,0.19123863098548954,0.05693336252332914,0.09665505730320363,0.026929912469821248,0.09571069867537589,0.16637206741421154
0.08828292266821869,0.087522574218025,0.5140879860895597,0.058432340613160216,0.11305398385624899,0.006589174605392434,0.03136417544488831,0.049214539210988784,0.051452303293517854
0.08477010513971732,0.03543373985105222,0.04265821495746056,0.06100289522237104,0.040347215656706466,0.08353252481425272,0.49612991670962386,0.07559906684664178,0.08052632080217405
0.10787567421906309,0.036925594533334445,0.06911623473137564,0.06574731305849091,0.1535593372856928,0.1534396590197837,0.22424554257957374,0.053387235775808534,0.13570340879687715
0.12035558397492467,0.024063965631156314,0.2149893458581038,0.2196198231178387,0.09625001494292908,0.028344255576199035,0.031174964835682866,0.15131028151844986,0.11389176454471565
0.0871379981676978,0.1204466183676121,0.0477700024252788,0.06693836704145865,0.08810077428551283,0.14173760084781772,0.35583077933772983,0.03817356167575014,0.053864297851142114
0.16047506983322102,0.07780021710182544,0.08505464670460301,0.23160075352730666,0.11962049968809514,0.017160861818890177,0.06289136253255458,0.12501164677551033,0.12038494201799364
0.12081283675649783,0.03195259608454551,0.0837206889245496,0.10574480439312063,0.12099369556686816,0.012964367044411833,0.047578583159061154,0.32429716333433933,0.15193526473660587
0.15387197786680082,0.03561401423380268,0.14461388189278254,0.22636320739579563,0.10737857554888797,0.022414448800926728,0.02957119874342355,0.1689156476820962,0.11125704783548396
0.09605073518231073,0.021180191459240744,0.04639056061626268,0.09308079155049094,0.043708656184493266,0.10063457749505918,0.4490121844508292,0.058494075939701774,0.09144822712161148
0.12513459985654818,0.019864542222811532,0.09510247250340738,0.09062538234045654,0.08488001583567144,0.16622990290335482,0.20689689426559763,0.06679245057561138,0.14447373949654108
0.12338806974404319,0.033612035696000825,0.11601522828793405,0.12878393689925147,0.22713178984085122,0.03654437042597703,0.016613222254909094,0.219016918108768,0.09889442874226508
0.08900043831966427,0.011798215852622439,0.018028663534857218,0.035520171157596696,0.057957715725247966,0.39988697107332954,0.23301353754412724,0.06698646839591628,0.08780781839663836
0.13459864824273757,0.02053193989368812,0.13319734694270682,0.2693739530685573,0.07963594687220919,0.05828188385934347,0.01621396284454735,0.16309943361709092,0.12506688465911922
0.10719992880825023,0.043476114614602025,0.43937207789209737,0.05597761017435071,0.15709856860261182,0.03302868630547581,0.013631774843433177,0.08670941606632276,0.0635058226928561
0.11712559926946747,0.020582021498093687,0.06053054437560664,0.1233155251211648,0.16193299754044205,0.10499399309098771,0.2019110520216404,0.11043805833744198,0.09917020874515525
0.08900043831966427,0.011798215852622439,0.018028663534857218,0.035520171157596696,0.057957715725247966,0.39988697107332954,0.23301353754412724,0.06698646839591628,0.08780781839663836
0.13227736950443558,0.03157305440725632,0.10273201608910747,0.19318084004483563,0.12974095389206108,0.015078446240485011,0.03373642527635677,0.19803799852104595,0.16364289602441626
0.0823895960270515,0.01773583291849319,0.05615903288111915,0.09931648435687897,0.06047027147576972,0.0350757904537303,0.4279770475451962,0.10870098371725494,0.11217496062450606
0.139096126575636,0.07929034014535237,0.027970523579391865,0.12480227931183273,0.11994172500555605,0.02562301767078548,0.11875625451831749,0.2064873900883478,0.15803234310478018
0.16213850910456346,0.03148689190003231,0.0333069771046435,0.10927478420512793,0.11133848844358525,0.22813382301104132,0.0069153065553403045,0.1192008140121179,0.198204405663548
0.10591287382867325,0.01737381180033751,0.07580074500596734,0.07700976772350103,0.10856130619459224,0.11647564019302593,0.290076362649496,0.06679768569723805,0.1419918069071687
0.09695638215180045,0.19141228494820775,0.17864327370971653,0.11336491748390308,0.03888536241393515,0.031098121712348843,0.17755399012471298,0.07787698855048633,0.09420867890488889
0.08103144586817564,0.021540085690226612,0.08708238327273592,0.13896819829464013,0.03582964242135942,0.03282246442976782,0.4493694045366701,0.044887259023181414,0.10846911646324292
0.12676691843463136,0.02494124089807793,0.055877818085759944,0.17439062464844804,0.07693303056421862,0.023668758123734885,0.05842166746417365,0.2878858086110227,0.17111413316993285
0.10297151302263012,0.04977717282554011,0.07587259271409073,0.070673326476433,0.09036359411455182,0.14632197982735387,0.3510507103554313,0.02673667300219576,0.08623243766177323
0.13421712839377534,0.030757323775665212,0.0794692873177922,0.10723327078995294,0.13759181324583186,0.03008894570161295,0.05639509903399784,0.2675001726065283,0.15674695913484338
0.16633449470395503,0.0897583897502887,0.03802235615544044,0.1588928228103201,0.2475582688079417,0.09224343579041422,0.017427959578343196,0.06610904598526951,0.1236532264180271
0.1290244651116059,0.030638478658972956,0.21268815927320486,0.09878127482515338,0.12407437556785249,0.024300257208647435,0.13640198816129168,0.0957160631211138,0.14837493807215754
0.16807668469776407,0.05444294970394644,0.08946433593292864,0.18145060456776826,0.11074510598106309,0.07465402854534929,0.017691519379153035,0.15779837703673041,0.14567639415529668
0.15465920971437996,0.04074409166461509,0.21075901434747588,0.1488950285163843,0.12465527041915925,0.059878592423423194,0.025975369681532273,0.1261115841133924,0.10832183911963773
0.14027808731069166,0.04839879333960296,0.0485728456343289,0.16559503823547975,0.1170814926578495,0.04693774350577515,0.11531219015395862,0.1951918131441328,0.12263199601818053
0.0848795295321404,0.027919910339040597,0.05255612723519193,0.06341170678886304,0.034276214443939836,0.24777447317194978,0.3700081189278399,0.0548161217496941,0.06435779781134038
0.12514410638552828,0.026352266334997317,0.344032358545751,0.10928984823755328,0.13520331522859827,0.012002193689843026,0.026230234710664185,0.05552179678328481,0.16622388008377986
0.08394674931722675,0.09952147440822384,0.5165094428765322,0.0567094237798893,0.09810333524675048,0.009387560751514305,0.03746914515972157,0.04851461906310123,0.049838249397040256
0.10337428989781157,0.022006199664959685,0.07095254992236726,0.05505639164012264,0.07852879090138071,0.1090287162005338,0.35625578623006754,0.0613946744260297,0.14340260111672706
0.07423127318461065,0.03431409037307139,0.0765391089328213,0.03268405545899151,0.02752705828157259,0.09821642455462108,0.5108557575619687,0.034242527368384845,0.11138970428395795
0.06573479994799807,0.05597072011924684,0.04760545582490971,0.21635844853012176,0.03829396789112385,0.020003587329057947,0.4429964465047558,0.05735695522862929,0.05567961862415677
0.1500776930919688,0.04064017783628537,0.04451880374442946,0.11011372013198345,0.08063743969515673,0.0981981000010305,0.019928310917265168,0.2456357632154469,0.2102499913664336
0.15989203327384457,0.10316863440559543,0.06971565658129071,0.15338996214108183,0.13006732412475083,0.05388876890027111,0.02870158531831803,0.14316080752238033,0.1580152277324672
0.11537073583331266,0.024699230170336373,0.0680803090218259,0.11602647501482587,0.08501452634975559,0.1285952662178931,0.279430593496608,0.08222007946718472,0.10056278442825779
0.10291492103446793,0.03845516945511817,0.03129951936224221,0.14421384634467993,0.04407733680391444,0.21219755200247445,0.31442657249923456,0.0249614716189575,0.08745361087891079
0.15551371562700078,0.012939143336691251,0.11693936122205002,0.10647719276806351,0.07516702618526729,0.12119035839802776,0.01504566736351604,0.17568916321220704,0.22103837188717634
0.12877053058858592,0.438807928907017,0.01687529760077341,0.09858721736315872,0.06365659283741366,0.09150690903621383,0.05475972019286877,0.05322632132523094,0.05380948214873791
0.13329310074671377,0.13374150982084787,0.12027905158760892,0.18553739560344526,0.08538961452041187,0.03977752011149591,0.14151802466693383,0.04591752742962877,0.11454625551291366
0.11398307022144223,0.09890142296482689,0.41933850821897206,0.05856479688736702,0.08365571416625874,0.031107512294330463,0.0759982428128548,0.05151290617164728,0.06693782626230038
0.1403545765525265,0.0874837849295413,0.12198496956173716,0.14430100085624994,0.0856392675545075,0.02879445936863284,0.12461639578401262,0.08727715137514293,0.17954839401764924
0.14568616769549067,0.11874669238038217,0.027966329823066165,0.18709295380570867,0.09095337726040686,0.0742855708431495,0.029384004231240223,0.1820413582037966,0.1438435457567592
0.1470423003868254,0.03184535658926239,0.09582759823420611,0.12275330611652274,0.20176318741897162,0.05155593617000437,0.012508234148716879,0.21030427199272103,0.12639980894276948
0.18447549531725782,0.044934211978123716,0.10845015716366406,0.1592409786894973,0.1673241447738698,0.02566943120163632,0.02757688389835858,0.16308438308855697,0.11924431388903545
0.09970592656224704,0.3772299001800728,0.04164165222682655,0.18217896364644817,0.040828383922488096,0.12759872741909642,0.02767351243508019,0.04727738446517237,0.05586554914256836
0.10968844636602394,0.06308425671937266,0.07958025441416915,0.0833390529894082,0.11863229231596334,0.16375212658464447,0.19044496961477228,0.10570792182748695,0.08577067916815895
0.1308959982854898,0.04124944613617085,0.04059022604140131,0.07051175444827255,0.08861414092780022,0.08495073296697862,0.016631931391635737,0.3654807880486419,0.161074981753609
0.09811643379440009,0.058743470045342173,0.07757925809623478,0.06048157801299089,0.12191320281888685,0.057106627502170715,0.3861257825095556,0.08080378203652527,0.059129865183893716
0.08381141062182806,0.08040067401990743,0.5002454066875078,0.03074034370262228,0.12757745996687572,0.023146844573000522,0.05220274207848691,0.042785034109025157,0.05909008424074613
0.10853009333372314,0.4605407947425893,0.1367884610946423,0.09231714483679258,0.07141548520453855,0.01243019442333182,0.014155936273814897,0.04763830369886973,0.05618358639169776
0.08232019053461605,0.02298821405792172,0.020557185782772585,0.1857340145622338,0.07723528996991706,0.007461268314576177,0.40806388504574637,0.12649878459562902,0.06914116713658731
0.0852697443178282,0.0653921937641312,0.06074767993887,0.08875419812861111,0.0714914849705048,0.12268355783662048,0.4066182114831631,0.03250974399500073,0.06653318556527049
0.10831596496322922,0.022542651669156605,0.04013925940314882,0.13640279718547124,0.07018934487194711,0.08455556366054641,0.2931716331821282,0.10359135867795766,0.14109142638641478
0.0927191301816883,0.0812704693915016,0.5251579678105651,0.06658714288951037,0.08401692904975132,0.009133220749619732,0.03345594014440651,0.04924022933319972,0.05841897044975741
0.10190400153196559,0.4717988181208197,0.046945179553403486,0.12233660642616408,0.06323503087225395,0.04658459305543485,0.06149261834206223,0.04051085604775414,0.04519229605014206
0.13205156406627583,0.04842072065641733,0.08176548451842915,0.10554990472088384,0.2416609756860526,0.09808724400916265,0.041521639395453794,0.15039654215724993,0.10054592479007486
0.14983312083076974,0.052352070194776,0.16121460367054527,0.09600955575398329,0.1497882708630263,0.04729715540329137,0.07675029976767511,0.14502933725611425,0.12172558625981873
0.15832398850346022,0.03310789257279652,0.14729573879505117,0.07468625317478976,0.13468869142397022,0.12563873133843176,0.040263338746729736,0.14360224724598888,0.14239311819878178
0.09260055160400472,0.07592140332563148,0.14687251795287107,0.16783517180353222,0.05087069490542782,0.016232676780860565,0.3100814582045748,0.03863507996026394,0.10095044546283356
0.09041645637092395,0.02317041308372252,0.058300483835927085,0.1420675986402546,0.050893443757803934,0.04769342628908069,0.38117771742854867,0.11998218682655053,0.0862982737671882
0.08717126642649696,0.09155235477910938,0.3108283525684748,0.15873571335343056,0.04842906320230863,0.039359783206836224,0.15236375499885046,0.06118894334041517,0.050370768124077876
0.09342852949004186,0.016556060587501486,0.05437938454395408,0.04221270108062847,0.05775647523128746,0.2041566565909503,0.36184412441529196,0.06276353712308551,0.10690253093725877
0.07900859964769698,0.18483691165356553,0.4753619255463093,0.0361031013658021,0.08745254082297826,0.00403732758792607,0.061792627284737424,0.01881885909761891,0.05258810699336553
0.08195396952965224,0.13627749263425237,0.4448551041664072,0.058088082278758835,0.08862159869464574,0.0070663322643265,0.11068922455340514,0.024330441379632667,0.048117754498919356
0.08801682091956721,0.018632306186564248,0.05587388593135643,0.07705370941445923,0.06554911457622915,0.04189948103291635,0.48553613308142324,0.06950080739022609,0.09793774146725807
0.1306737655365873,0.10304979453784836,0.055251598196068945,0.10396477144532984,0.07044031972911784,0.0756762603416196,0.3081080356707404,0.05904610478910899,0.09378934975357862
0.16272033233188712,0.017414908554643393,0.06026730097454643,0.06953296236884222,0.16781075369073395,0.25143832742559064,0.01548507669584783,0.12508768511868393,0.13024265283922465
0.1464306078541042,0.11979903522805078,0.131934967292721,0.08139822171110095,0.07067011303980204,0.040944003476811666,0.0751734236942984,0.12177050812531343,0.2118791195777975
0.14730527213156305,0.07449915225174265,0.031035537882482617,0.22385373319410873,0.13383475267026781,0.02404460198507106,0.012989080588410648,0.1757015458426383,0.17673632345371515
0.08738222678464479,0.029822342285634434,0.0401927869201274,0.07560725760117781,0.14889432033093714,0.05762357803046622,0.4046342590235439,0.06802993659885169,0.08781329242461665
0.09364769897533065,0.009514442127294161,0.10579525169682409,0.08975665539970279,0.03378785780228547,0.27894769312838,0.20984182361624057,0.06785094643895445,0.11085763081498774
0.12419260961524846,0.01219421599839616,0.0531133324293546,0.09992871021036527,0.05478130854005253,0.11942146615413914,0.008715819473523822,0.24622190105168718,0.2814306365272328
0.0721780603457962,0.04713708671691994,0.07876693235850725,0.05404324851457202,0.0452368772862494,0.030681897823647126,0.5333193394324359,0.0762421686116594,0.06239438891021278
0.11243491525688327,0.013663571731723166,0.05218699757643894,0.0528480334908743,0.05890145422692435,0.130051969587096,0.006897092967751133,0.383884977249011,0.18913098791329788
0.1804946535823655,0.07421452695630164,0.11154859509359494,0.20952294881223554,0.10393609909139923,0.05421304131438626,0.024737313930653555,0.09814510044355977,0.14318772077550357
0.15528110762560057,0.04483946922247568,0.06970214437741466,0.15315481421047142,0.1447138694075715,0.04067359842301542,0.1507565544142884,0.051757773410181195,0.18912066890898113
0.11492427099648324,0.009267018158082655,0.13865633855078133,0.16449265158517973,0.18986813161264368,0.017247337529386283,0.03709601400857976,0.20027822989296593,0.1281700076658975
0.10800068985592871,0.09599636663584664,0.07253771578221174,0.0411913927445089,0.1136107979139654,0.18823578170717384,0.22287915399134048,0.08815597081881062,0.06939213055021363
0.17135706345669277,0.07811356995822165,0.04583186749286732,0.21644389105757797,0.144592155727074,0.05540274610623503,0.024797111123119064,0.1601036648991455,0.10335793017906676
0.11716653540455596,0.020142960445658897,0.06559917981055662,0.10111202518774404,0.11412255104446783,0.07586714577895723,0.2436890126340432,0.10995831747355134,0.152342272220465
0.11463557602999558,0.015433258275302703,0.04644738169946339,0.07701144077526824,0.09508667317879338,0.08945360626812872,0.2238486163188728,0.1821193694909995,0.15596407796317577
0.1438582087923098,0.036667022884278394,0.07361315455961089,0.1406962051609256,0.12630981715670864,0.08163439067351565,0.05579324474386271,0.21862501736914566,0.12280293865964269
0.10295869457945883,0.038361319937814796,0.04853306706076551,0.14513075332896452,0.047996618488689524,0.09774011698697742,0.41933111974398846,0.030569693873414405,0.06937861599992645
0.1326473631629841,0.042279329232007806,0.05395608184143432,0.06534023045741032,0.12269098663867369,0.04211593523676906,0.023721972260236035,0.29664276740639933,0.22060533376408534
0.1180889407294096,0.04920872623232469,0.059766294952758446,0.1816179382611829,0.08026937406980056,0.05125506444802247,0.16631127828269712,0.21007676466286088,0.08340561836094323
0.09212042489380771,0.052846640213686014,0.053513423797405,0.10016450515155041,0.12180333211753662,0.11181758009247311,0.3618535946320511,0.04356793772608461,0.06231256137540538
0.06689917459431567,0.0382426922644656,0.07137060802384125,0.12130760915333938,0.04552502717016002,0.007130364604032584,0.4811677768278481,0.1093930837293795,0.0589636636326181
0.10101368083070705,0.20005853409938304,0.32016157708087817,0.08163815386121183,0.05061678348492002,0.10470795143774643,0.03210271320478852,0.04796554637527842,0.061735059625086464
0.12477939860866145,0.01576976413545701,0.2047962008833604,0.08898483396647422,0.17187465726111176,0.013984227206380234,0.010396785665678504,0.2424096280440465,0.12700450422882983
0.1424908277527209,0.05652958285373352,0.16715379013499887,0.16124736528195938,0.13049279392382654,0.007906849318373474,0.036258516134660634,0.14347812477317654,0.1544421498265501
0.12062954356451909,0.027011607863831933,0.053195683465921184,0.160625112267569,0.11726056171728104,0.12044657457915002,0.25744118311937586,0.06416166239669442,0.07922807102565756
0.0809307968748231,0.07352606577596811,0.4648550207579345,0.05666938095173565,0.14627578131741512,0.008904837169377192,0.07073229730143324,0.04555343301114567,0.05255238684016746
0.1485133561091359,0.07748879862214135,0.05380015557681434,0.23793696464607336,0.13010387769878415,0.02846050164712534,0.04320041892110371,0.14488571368637848,0.13561021309244337
0.13245550167405487,0.06459932245775506,0.03245746304869953,0.1317590326772576,0.0749335324659448,0.037904511231257515,0.06313302316810439,0.3213967984735374,0.14136081480338883
0.09629379870835882,0.04614272070476296,0.04166612837050807,0.05725295046264304,0.08874203894722131,0.07738526312887016,0.38291387743799343,0.13240439223238623,0.07719883000725593
0.13075417578780635,0.037092264920164514,0.037789746648904006,0.08999491318870363,0.0805109140020925,0.24543949373574572,0.07605665431507548,0.18852312423726336,0.1138387131642445
0.09342852949004186,0.016556060587501486,0.05437938454395408,0.04221270108062847,0.05775647523128746,0.2041566565909503,0.36184412441529196,0.06276353712308551,0.10690253093725877
0.10266701491852381,0.08267526793880518,0.02340036274389082,0.1410197436117414,0.07160921556730253,0.044112260270056956,0.275357229912018,0.17831466311062738,0.08084424192703389
0.09011610433985433,0.16379947827871658,0.38217199372249094,0.06696752920407088,0.12181524809681132,0.009759409166186441,0.07060499040221853,0.05107797729846172,0.043687269491189305
0.10175795093178779,0.04356921376918533,0.070289769054592,0.07007163266347276,0.07897394213195583,0.0736715664166168,0.38353135924042764,0.0817224167091874,0.09641214908277447
0.11212928502071884,0.0312675705254316,0.04198597421548823,0.13743072273565546,0.051954572078759705,0.10931276492893575,0.32893914795744617,0.05763669722761552,0.12934326530994864
0.1536057950783728,0.049601228796860915,0.08071098036704875,0.10660456876736424,0.1363249234193227,0.028343844585650892,0.07294329145524621,0.06036634189199813,0.3114990256381353
0.09560228389763899,0.06783813796460564,0.09844786281244677,0.08589900952749735,0.10573020205249428,0.09946046030882764,0.3237064560652592,0.035153403904084994,0.08816218346714512
0.09443653176314931,0.05305808124729183,0.16586030256317694,0.11308729143982683,0.03338961399537005,0.11142926356154992,0.32534506416237335,0.01815245833046088,0.08524139293680084
0.10113451599021671,0.011398163017555274,0.032223216097735145,0.09925512258968026,0.03770312621794942,0.4453602256841773,0.0524714478964585,0.11597603560445376,0.10447814690177361
0.10828380391386662,0.1256680625624262,0.37776518309031476,0.043286396194539854,0.12084045459599439,0.01873429154191145,0.07809875479588342,0.0807255686420249,0.04659748466303829
0.10574814812050819,0.42883353445364136,0.09351645718654018,0.07805706271473416,0.10568399577971614,0.028155797193863588,0.0168450821361895,0.07221571167433599,0.07094421074047094
0.08184629271674727,0.030721452161245093,0.05379307782300751,0.1550952666489238,0.05758412740959163,0.02770363660241505,0.4755188223557918,0.04868477717389715,0.0690525471083806
0.14791540124208047,0.01439190195631312,0.1516820679414241,0.11032915977327527,0.20399698511134426,0.035269223480385685,0.02052032371428548,0.11103123135760207,0.2048637054232896
0.14027808731069166,0.04839879333960296,0.0485728456343289,0.16559503823547975,0.1170814926578495,0.04693774350577515,0.11531219015395862,0.1951918131441328,0.12263199601818053
0.06581124707179879,0.020237529084280784,0.10012739701670322,0.05753500327503389,0.04284205436807004,0.03643078517034757,0.5334396514813878,0.06813573691379594,0.07544059561858198
0.09510917527075557,0.05842746756116649,0.033734020545947374,0.11552439649133674,0.10734701807844493,0.0389044497392218,0.44537174035550037,0.03881420282740423,0.06676752913022245
0.16353860257148992,0.028889643843453317,0.07071961112292162,0.09857452856715172,0.09918844746682563,0.06920191831505443,0.07823891972229034,0.17807435091635035,0.21357397747446272
0.11152797391363485,0.004135461471268381,0.10100996989685773,0.030845032222033383,0.08312690649573279,0.08305884857367353,0.011150377657087806,0.3256873120393094,0.24945811773040213
0.12539729387498907,0.028013540351627772,0.05213779286644571,0.07286257270729751,0.08657829127434657,0.10469853119919796,0.004282630538943685,0.35075401039375453,0.1752753367933972
0.08750778940043691,0.11160493607569616,0.4231929928397553,0.03623727806887387,0.11490629346268644,0.023536621221003983,0.1155580578337101,0.04033432903396709,0.04712170206387006
0.1529679690756555,0.031220014436518433,0.060667908210883546,0.16586353262454503,0.11530179412952629,0.022120972536747035,0.049815837230482156,0.1226645713407179,0.27937740041492415
0.1123214479940442,0.11644185405325523,0.03993901221533939,0.20464045501043301,0.154436140964162,0.0332930584553614,0.06244516790855681,0.18940071584290932,0.08708214755593856
0.12368814920672166,0.21961316779228512,0.042468018193534296,0.23009167960705137,0.05628140092814606,0.015849203891626345,0.05623068002878793,0.17911151962654923,0.07666618072529795
0.11791221130775686,0.05000685619655083,0.016447932262224893,0.10967517902043096,0.05058063396445666,0.2906069967452188,0.09351123897456028,0.18978394706875587,0.08147500446004484
0.14100163836967405,0.0753331448500532,0.10574587181772761,0.11787578982110848,0.20161322477388874,0.050823438548299356,0.02414698102144036,0.19390659228486337,0.08955331851294475
0.09514558801732458,0.026938461244885862,0.09527630884476872,0.06082163305895022,0.04153921422820543,0.12332705325799949,0.43045170751037826,0.04281465281133234,0.08368538102615507
0.09399541318470434,0.025520055562555075,0.21222630907755316,0.19266921142941298,0.13798183008208317,0.002926346127181899,0.10814146334097936,0.1460676324987908,0.08047173869673928
0.10066245577463158,0.032367169319985456,0.016786351676288138,0.1326335344969811,0.043334016071532096,0.10527450540601985,0.4077792764642742,0.045158439700866033,0.1160042510894216
0.09029533038534014,0.01565109312771006,0.039857928268097954,0.05400048315589795,0.04061458890386168,0.12703988208688063,0.43346136700177923,0.07077194267283433,0.12830738439759812
0.14743337962683617,0.1044628124498967,0.09622885553679833,0.09485277756770581,0.18601745340567355,0.028035922916178794,0.12094039968515939,0.07841536825102968,0.14361303056072153
0.11303817830541896,0.019586735673542514,0.03889311623628839,0.0717217722560998,0.22811752109881156,0.19944727683806207,0.02519183772382455,0.15158590396904437,0.15241765789890774
0.09218165180129112,0.5297273589520466,0.023970404425680495,0.06022515221639966,0.07436610335769663,0.1030543356448047,0.028033236129768074,0.050533831830563626,0.037907925641748955
0.13790633082967876,0.03256297923000084,0.1424324494164391,0.16046847212498463,0.12828096322844915,0.03916830944854668,0.17834993361788717,0.05347156156988068,0.1273590005341329
0.12726940511194737,0.016956353837423582,0.06457724578503239,0.09210574564194633,0.10162526303073599,0.16334322564074602,0.23431411146775113,0.07445849300437389,0.1253501564800432
0.13676988488632474,0.038482896161181376,0.11791382220678043,0.17284319048570995,0.2826622561205075,0.0443625446659253,0.02838652878956278,0.08306306967871102,0.09551580700529683
0.09588198524810858,0.14624685288890235,0.4077508260321339,0.03732954298063365,0.07412865311552565,0.021332911206825036,0.12358637888755146,0.042474813479989916,0.05126803616032947
0.11243906935420156,0.07326488402340223,0.45690613239354766,0.061175925573155515,0.0865619153209669,0.04085509191927313,0.022148074319568372,0.0921752285638016,0.054473678532083104
0.12943651647659893,0.025429045466845723,0.08927636944641222,0.08302462054235037,0.1966932776475371,0.09643141407303911,0.1605689274008472,0.09752793453188041,0.1216118944144889
0.16481342317521308,0.04166878298604443,0.059093495882372775,0.15924698014181515,0.11108440314201755,0.07579816390810062,0.0525434662446006,0.12898333108103477,0.20676795343880097
0.10431523886245185,0.03274881373073082,0.02915395292579276,0.062147572617954054,0.04300987954658553,0.3921631012951184,0.117024266286404,0.08410570244571303,0.13533147228924963
0.0788064375102966,0.019317803475055434,0.03306530934330699,0.18842851815296013,0.07605499773918895,0.011642650523587069,0.4099188284556699,0.07395782384333631,0.10880763095659862
0.09194164741714972,0.020395622429512882,0.06335799954866293,0.10712169458742449,0.08379759119657064,0.035637851826564045,0.35370874081583903,0.13087675671809448,0.11316209546018186
0.12745126116511554,0.013698457006725645,0.06613600426104754,0.1262260472704764,0.2255944271425855,0.06381859750316875,0.12185655613325928,0.14746324312329165,0.10775540639432968
0.1657242148692092,0.026406323423158656,0.11046926731670614,0.09777700823947673,0.0880084909289921,0.14621010693623057,0.10340658719450195,0.06491973195603562,0.19707826913568902
0.08434228669503425,0.015743204742402327,0.039046096410975305,0.05416391020542612,0.07779993110708754,0.12468111458042987,0.3797837977921638,0.15140507125104777,0.07303458721543289
0.09384517643324804,0.07316012173987385,0.5160481549869051,0.03638869278773423,0.08671339043967541,0.049297687130071294,0.06914609835530326,0.02277677417259689,0.05262390395459182
0.13609670080308459,0.04810219073244606,0.08074710856539578,0.14354521605370751,0.07365492332103812,0.06646081254109172,0.09905487209776036,0.17440624298260374,0.17793193290287213
