0.13598117635914228,0.07125956604873951,0.135608352998303,0.09725686232019591,0.13705012851996312,0.10902071952159266,0.102022537757287,0.1411282157337752,0.07067244074100121
0.13362778712097212,0.07295616422914618,0.13058150424743303,0.09287755823825039,0.10889762634805285,0.07924786227346076,0.12037108163925153,0.13235157566180508,0.12908884024162823
0.08981228076517866,0.4191683014139098,0.08043701442341945,0.06573618364598749,0.0746476185213198,0.05342288475835436,0.07659701862780621,0.07507807874086042,0.06510061910316378
0.1436199717867063,0.07783009061922122,0.14691832230130195,0.1030527801012961,0.11061929312833035,0.0903287958754626,0.09396090591746305,0.14626091159098048,0.08740892867923794
0.10721794257286137,0.05666507193696238,0.09784402728409271,0.05352420279602175,0.12731532660577638,0.10015332904039974,0.16463111736037947,0.2461822938414966,0.04646668856200967
0.09972657698106067,0.0607078738713873,0.08284706721441948,0.048862966725910784,0.12800968549990616,0.2561792627412154,0.1286569181689964,0.09615653478863838,0.09885311400846547
0.13862915892354868,0.11121477037115712,0.1397166073807616,0.09898521510316723,0.10960334491185648,0.08651668896496452,0.09426230933154695,0.1373980990150657,0.08367380599793157
0.07580267657516104,0.5061961565974512,0.07180470618338758,0.056051394171659996,0.0585968764540521,0.055290791112509445,0.06466908998912514,0.05486876578819227,0.05671954312846128
0.1402551172051116,0.07311970227134186,0.14275015984869274,0.09379793585893147,0.10866006787251181,0.08738780210591916,0.08274455515935387,0.12991772908243546,0.14136693059570205
0.07302592915236356,0.5106717629716753,0.061504823564502535,0.05467384846918285,0.05785650518380081,0.047474176769445355,0.07291232811900493,0.055018286028112685,0.06686233974191193
0.10722298794173558,0.05218004801873669,0.10230561350624834,0.08329537712456302,0.06350389290990889,0.08005908023653725,0.07222376839471482,0.08753619500102665,0.35167303686652884
0.12910149163498352,0.06627282905134335,0.12633318666877838,0.06956260540493235,0.13209996561054155,0.09757924563041037,0.10452931894090256,0.211360057125649,0.06316129993245881
0.1436199717867063,0.07783009061922122,0.14691832230130195,0.1030527801012961,0.11061929312833035,0.0903287958754626,0.09396090591746305,0.14626091159098048,0.08740892867923794
0.14240871939955677,0.06645492379286606,0.11973723008057062,0.04761146343771777,0.13757352682760415,0.15298758636182466,0.1181090587542437,0.14149451437672364,0.07362297696889257
0.1436199717867063,0.07783009061922122,0.14691832230130195,0.1030527801012961,0.11061929312833035,0.0903287958754626,0.09396090591746305,0.14626091159098048,0.08740892867923794
0.06851248989607366,0.045831265935057715,0.09076951318267086,0.0421545863167061,0.039890731104250024,0.05043301916474514,0.20353709665064867,0.054369103359234415,0.40450219439061336
0.1377472067652663,0.0672793075193976,0.15844883013598532,0.10761580524037383,0.08706813039582174,0.12644410686349195,0.1138075749721253,0.1284329760887637,0.07315606201877424
0.1343740855527726,0.06696115602290591,0.14729655735830113,0.1084092601697738,0.0902868975570139,0.15465926204105482,0.11448764370699087,0.10242905980296994,0.08109607778821716
0.07534823801331882,0.5078255198089585,0.06579203169211383,0.05492762504225484,0.06455510181664638,0.046787181375833715,0.07167029716569283,0.05665286383573029,0.056441141249450745
0.11452941527793996,0.059437109407379014,0.1227661133667826,0.1359367512748536,0.14190810745153015,0.16079394969034458,0.10206341347667315,0.09233987699327247,0.07022526306122455
0.1436199717867063,0.07783009061922122,0.14691832230130195,0.1030527801012961,0.11061929312833035,0.0903287958754626,0.09396090591746305,0.14626091159098048,0.08740892867923794
0.14189623928467632,0.07624142871018645,0.144431831352678,0.09827756302530886,0.11549726548727686,0.09199537521368639,0.09532543375951115,0.15665662445813697,0.0796782387085389
0.11807199556547858,0.061749643910194725,0.08966002884908682,0.0717156661880639,0.09995298281371195,0.08493504077831186,0.0419532543359841,0.11293832955931309,0.319023057999855
0.115288809765614,0.0587434692089386,0.10046208183078627,0.038765687146106745,0.12741508579110636,0.11222965900137072,0.19961188569754337,0.1832821538827154,0.06420116767581861
0.14379229736901908,0.07176830918786753,0.14089350059586472,0.11125768940341753,0.07327077390102106,0.11645433046010634,0.10106895381637697,0.15465120851343755,0.08684293675288922
0.14191494143109953,0.07625692109918326,0.1444581049016085,0.09832213641803361,0.11545333294654815,0.0919810349839248,0.09531268843389468,0.15655400181828402,0.07974683796742356
0.13778115243306835,0.0708112410392316,0.14083587994959318,0.10336054614459128,0.12758619593457024,0.11743666581161731,0.1052637699008302,0.11194485481123571,0.08497969397526206
0.15100090713601502,0.07763281994850789,0.1629256648589329,0.09753134055343375,0.09214665831740147,0.10520862754107006,0.10834910962272648,0.11184874664073559,0.09335612538117684
0.07780797103878126,0.49294239491263553,0.071114201766891,0.056798530816153076,0.06733342793168237,0.05093679531004205,0.06894012543836898,0.06032531950010661,0.05380123328533906
0.1330572818022205,0.0711961892992613,0.12121546205399653,0.09164339781396476,0.10803027844632267,0.0930547245813888,0.08412753764323465,0.20247704085447107,0.09519808750513974
0.10520921136117772,0.059681161457883054,0.10901696025181147,0.06330299966428427,0.10384355293425261,0.07051792101617871,0.07494632671064179,0.08074395638653653,0.3327379102172338
0.06848471342539718,0.042404084595866844,0.056187953913504514,0.04219980038766783,0.18811683889504863,0.2162514807687762,0.1555219805722071,0.07979206134448184,0.1510410860970499
0.13567716620013529,0.07382110141044489,0.13389808588254418,0.09470556679802067,0.10983492910596315,0.08138378585559423,0.11504038996656907,0.13541077085712624,0.12022820392360233
0.1452849139517619,0.07393294517627093,0.14326485751724508,0.10809339771038311,0.12682113590209018,0.08399416408883133,0.08850308934934366,0.10815752325579205,0.12194797304828175
0.14239393452237156,0.0700199390589871,0.13247208977746147,0.07594625500909515,0.1297275481664198,0.09118602156161874,0.13923994614645543,0.1173048628462826,0.10170940291130809
0.13926152026546415,0.07257342528200654,0.13916094628285722,0.09536025796283326,0.12367602153288067,0.10215511760576705,0.09389193405151064,0.12740078188427187,0.10651999513240867
0.13681589272263087,0.07265724120745337,0.13754989862737085,0.08878199327651402,0.12410799942314628,0.094569444920469,0.09841613672598032,0.18077540119150712,0.0663259919049282
0.0823016924632929,0.4873568527912245,0.07142050872810259,0.05206775582880983,0.06181647318118858,0.05017106391932264,0.07678739909201504,0.051232684579931353,0.06684556941611251
