0.37039658479973375,0.048832467736090734,0.12967674248940012,0.09367717900864503,0.04325288465051711,0.11550448877208559,0.11709889490420955,0.06378771525954258,0.017773042379775433
0.08155331093687478,0.06978764474455283,0.1009005008573527,0.10343090733929643,0.03789125360759631,0.11290197117168943,0.09912306819926957,0.09118921628044202,0.3032221268629259
0.08169467711803485,0.08811483422774928,0.11827005510442795,0.09967746195207318,0.04350736883557985,0.10777300480193475,0.09811283974106577,0.17747912115548647,0.18537063706364795
0.08232942448615661,0.07033206287359699,0.08750170708265959,0.09295240179256614,0.009891122448475198,0.11981468800285396,0.10974940387995676,0.2005864446007183,0.22684274483301645
0.21236693912417545,0.1167907950559006,0.1307018260433531,0.14010563907032345,0.0810943282320435,0.11420685827864846,0.10596701631331434,0.05670049707838076,0.04206610080386039
0.11474608581980979,0.09050753316629641,0.0777095454996639,0.10946296226085438,0.02272242973766912,0.10213956594620759,0.13270280722376826,0.28871881174983205,0.06129025859589849
0.06500000337521443,0.04806302854389798,0.0816835537809243,0.07362783100800913,0.009220878989789155,0.09334050683302937,0.09854957920224777,0.2116242552704307,0.3188903629964572
0.11318881812668864,0.14258200398497897,0.10488554748776006,0.0922130467613146,0.13004780897974763,0.12253651188180327,0.12551767618429663,0.06080713093426798,0.1082214556591421
0.09711353872206895,0.11316964899923483,0.08962634554480846,0.10800571231041767,0.2657396040998539,0.10599754548986999,0.09739048067027041,0.03747650826183797,0.08548061590163786
0.10117478265181547,0.08667009620250238,0.10226294024355022,0.2275521596572102,0.14992077428264586,0.0860037673816315,0.11528842414543644,0.04792259142822891,0.08320446400697905
0.10677612017705816,0.15531690458051833,0.11264291862249019,0.10879687457252067,0.13709672784353022,0.11217546523110862,0.12131878841861847,0.0526719737152484,0.09320422683890701
0.11638659100190445,0.12314025098813212,0.1173159807482241,0.21445387822882564,0.06945919638319452,0.10565092480210846,0.13825339180571747,0.04460805635312707,0.07073172968876619
0.08665873973410508,0.19691496951895457,0.15808751538971647,0.1073870252400132,0.02711890774815277,0.07483215219248954,0.10371467338427792,0.1902103223764199,0.055075694415870576
0.216121509493443,0.09725274295850056,0.17167024684487772,0.11694190232329311,0.013737256356043509,0.11801813151015554,0.18612536436379323,0.045112658844776055,0.0350201873051173
0.10048766718346237,0.14767710709461565,0.10916357992230852,0.10700967114690474,0.19189667794080045,0.10492275320821903,0.10981810230556459,0.03857605751111104,0.09044838368701359
0.07015461990849399,0.044145726079283326,0.08144043993533992,0.0748588547403009,0.002984250348711802,0.06365873747924615,0.08951594472228826,0.5153670593238672,0.057874367462468386
0.09623981808779143,0.1686920090154728,0.14084207859649928,0.11534914465331651,0.12784218159332716,0.09709484824212539,0.10613892097216805,0.06385704529655707,0.08394395354274227
0.08056954318630542,0.09137273906995584,0.1282916092371438,0.10816282986495733,0.038313298217593654,0.12643671288329816,0.10147324770638289,0.03210685452859156,0.29327316530577124
0.094093932211962,0.14799270659526584,0.13644227331311676,0.12848693517809182,0.042298823949842544,0.1568782437023125,0.11048975150546674,0.08407949487384007,0.09923783867010176
0.10526696008450952,0.12741206207778663,0.10968538353248179,0.10652618386381983,0.10806362078580206,0.1204756054102058,0.1231173498242112,0.07575569336637002,0.12369714105481318
0.08507764430387355,0.1036368798015888,0.10892895603770615,0.11684985226239307,0.06454755520821898,0.1818547748892508,0.10561275191212309,0.03916022092467327,0.1943313646601723
0.12369908040733535,0.13342381100844578,0.09379485545853004,0.12155040399592833,0.06067607757426765,0.11373826238101863,0.13589725035075864,0.14813143287118366,0.06908882595253195
0.11680436838827801,0.10696054407788634,0.09413934349441187,0.17256466856952116,0.14761842524809352,0.11753555466513033,0.10581975132878979,0.042093027225942437,0.09646431700194653
0.09710603921912685,0.11314941482653885,0.08962146817355275,0.10799884573408614,0.2657858822854751,0.10599750131597602,0.0973815694824298,0.0374713824339595,0.08548789652885495
0.12229106983590066,0.130076730851711,0.0941720961925669,0.12160398774025978,0.07850560611857292,0.11604924527696207,0.13291942267124843,0.13074705516752413,0.07363478614525411
0.07502906516332798,0.08345071128439135,0.10103742832945127,0.09748852236343929,0.020849182119715915,0.09239425172226463,0.11073327215394395,0.23321745600786956,0.185800110855596
0.1472854014668575,0.15889395124714276,0.1480739376823402,0.1391986169361167,0.05237985074408725,0.1192067261592918,0.1246969485023756,0.04993509741253765,0.060329469849250535
0.10777313744159515,0.14426958773820212,0.09656096503558574,0.11738902454960796,0.19724121322947127,0.10584829344610573,0.1103038437592776,0.04565941643562064,0.0749545183645338
0.08575561293069778,0.09022608887234478,0.10489685468963589,0.10120535676020093,0.06583929054679825,0.13233876227213429,0.10408710062717963,0.0868874554884453,0.2287634778125632
0.1248390394618986,0.07213829276382792,0.08829203596973871,0.3331566623967025,0.04001128583971856,0.09183761794113705,0.11203721973576651,0.05045008061919417,0.08723776527201604
0.10620251920143815,0.09401697494938126,0.09779988216160133,0.23337665247056236,0.1282204481558046,0.08820821840612854,0.11983352519982449,0.0587214287956532,0.0736203506596061
0.1032157465625706,0.13311959562572476,0.09732556696806514,0.11829873877432677,0.20929452302297888,0.11114786066163551,0.11339255192013702,0.03529329247798707,0.07891212398657425
0.1336460809963017,0.12576063185565473,0.11968864450522441,0.13535773908755186,0.16976414506911694,0.08999927675990758,0.10785702307669731,0.045539776123077025,0.0723866825264685
0.08364389093793273,0.09372179286677462,0.1026001624410648,0.10111068687569597,0.1405849549401276,0.11395654632696668,0.09469037343481397,0.0486689136630968,0.2210226785135269
0.09210437723087032,0.10107845231231201,0.08656126511580786,0.1633134221446772,0.23931980856875154,0.10065942261043127,0.09580432691616105,0.0357610818692674,0.08539784323172132
0.10272499950217505,0.1115178730057183,0.10141180375032748,0.11445897623334163,0.2085269582472914,0.10558557939906958,0.09885418713551221,0.03765938970149111,0.11926023302507327
0.16489594360720242,0.12703837689471634,0.1473157003545844,0.1271483581399055,0.052512712686137185,0.1568973189120738,0.10706590910050522,0.0730538025844047,0.04407187772047038
0.12062749579075631,0.09714543739410812,0.09903873645886511,0.274152289542399,0.027995854829018545,0.09251218686092189,0.130640375429454,0.10035259600306774,0.057535027691409286
0.09814440452601858,0.18466996610738373,0.14503282485943125,0.125432574040508,0.10126891562560363,0.08628473434209226,0.10251778883169939,0.07478169838457772,0.08186709328268549
0.22214498263290658,0.09354802202918296,0.1232482517513785,0.09928236528155665,0.12131051684924511,0.13518040707875043,0.1282705820605552,0.04625953199121232,0.030755340325212252
0.11911937404330071,0.11030885564267286,0.09162045082329574,0.11613627648810444,0.07860672721237445,0.12247924104986918,0.13166219557631167,0.14779081248080708,0.08227606668326387
0.22288620128903372,0.10108809575906681,0.1598661934530922,0.09848887096807628,0.030097087775931525,0.14960368432959123,0.1252063924744969,0.0809415726422094,0.03182190130850194
0.09062347531418724,0.07811766503487949,0.10388729178971445,0.13107794141859944,0.030741012649144698,0.12757922380686107,0.11151143244419463,0.06713317370148943,0.25932878384092956
0.12098275121553204,0.10630787013297453,0.10165092038707714,0.11715338847738721,0.19164511251439187,0.12467809856941632,0.1054654045724777,0.03785607100142311,0.09426038312932013
0.11842248959217978,0.08741913364158165,0.12925267637640106,0.12229825025540098,0.05497898504125917,0.12221978404061802,0.11275683603545546,0.07265599493069153,0.1799958500864123
0.09529241011291067,0.10830909442102594,0.08844242024941451,0.10633082376206439,0.27690227938018785,0.10598686426392001,0.09523109994360247,0.03625116441651158,0.0872538434503624
0.10275120035165423,0.10934531916108557,0.08933935564652173,0.1367433126325875,0.08593654651821057,0.08616442197825046,0.10916330707769857,0.20580044536393807,0.07475609127005334
0.11940737046421786,0.14621817399590617,0.08955512840664581,0.1495220900662328,0.07510446810442929,0.07014558498872185,0.09824140290587986,0.17454605847783936,0.07725972259012708
0.09440838679090968,0.09294215833400343,0.09198790868096209,0.2147692103694047,0.18570878480377892,0.09254992647921674,0.10364222015329166,0.039895684838462196,0.0840957195499706
0.09660751585935544,0.17742318644333688,0.14447838426000184,0.11598939432009449,0.11444744751629671,0.09531155256815084,0.10764850402056547,0.06719202910546113,0.08090198590673729
0.09435313110148458,0.11265472272639941,0.11475628146030796,0.12387949509992247,0.05971502986317868,0.1668761894706244,0.11013284289168641,0.041930243070783385,0.17570206431561272
0.08302331821343369,0.07204554977558404,0.09656991524337755,0.08814604285495446,0.0291129365984731,0.110935151830594,0.10551195400507503,0.17417696167778193,0.24047816980072623
0.06350301761221556,0.06277603112063547,0.11046139811462381,0.06981461356934512,0.003429857017428105,0.07167500103191415,0.0970293717844664,0.36066848104501276,0.16064222870435854
0.09831478890131394,0.1274672234665796,0.1136366052978598,0.1281123193647348,0.1176179965460898,0.1987605609700198,0.10818251497409132,0.04058705556030189,0.06732093491900902
0.19619594016208333,0.06664221712507523,0.1353800458548771,0.11542259171449253,0.07361076138259247,0.14118110679746335,0.11135764981574257,0.07769885820537059,0.08251082894230284
0.11232238275613392,0.10257063568082952,0.09301864093338243,0.12069831742137105,0.09538287030058594,0.11155742083041054,0.12233057991622227,0.1328859605457893,0.10923319161527505
0.09529241011291067,0.10830909442102594,0.08844242024941451,0.10633082376206439,0.27690227938018785,0.10598686426392001,0.09523109994360247,0.03625116441651158,0.0872538434503624
0.05868069960816441,0.047211899717838846,0.11103843357983378,0.06851862537346594,0.011009521925881428,0.10815067935514257,0.09422845104111514,0.13535888533614102,0.3658028040624169
0.1078511383730421,0.14053024224887098,0.10897372669558199,0.11012461110480408,0.1385364602620273,0.11321075501865772,0.12175256651222865,0.06351988680882721,0.09550061297596006
0.10117899685407232,0.13265488472189133,0.09707465803675186,0.1777374839317536,0.1548941637144558,0.11024636140728296,0.11707817252874224,0.037011127702584364,0.07212415110246563
0.055718710514258134,0.050620958401253385,0.13165956369322654,0.07646484409928332,0.004125685527667802,0.11151249136808278,0.10011652004634873,0.06206650225205443,0.4077147240978249
0.09529241011291067,0.10830909442102594,0.08844242024941451,0.10633082376206439,0.27690227938018785,0.10598686426392001,0.09523109994360247,0.03625116441651158,0.0872538434503624
0.12512776120895694,0.10535019698167404,0.11219816969053549,0.23170260268144513,0.02488055241008944,0.10821775920355879,0.12803185831683475,0.06012318360956209,0.10436791589734333
0.07612118042468428,0.08212604518771467,0.10152387627625259,0.09437039542468784,0.1209514554503119,0.11393004937530855,0.0921441108164105,0.026385032748053167,0.29244785429657655
0.08407518014483685,0.05391420468078623,0.0782748570666788,0.08710737313554423,0.005166727950992384,0.08015980530691051,0.11359931300197908,0.3833886732011443,0.11431386551112767
0.09380084608530832,0.136426292401534,0.11904357088520191,0.11967136003474482,0.17516919719119697,0.11005767500644825,0.09726097866554544,0.06615343127889223,0.08241664845112796
0.09529241011291067,0.10830909442102594,0.08844242024941451,0.10633082376206439,0.27690227938018785,0.10598686426392001,0.09523109994360247,0.03625116441651158,0.0872538434503624
0.1050797866001968,0.11919568840903665,0.12032617793179727,0.18105082820829058,0.057052972949817,0.0947993794112001,0.09542833809952672,0.15503406355063243,0.07203276483950237
0.0998142022257969,0.10001271640334697,0.09813780527660403,0.1114600255344421,0.12135349972995195,0.12305429589019261,0.11031081835674565,0.07824751459895657,0.1576091219839633
0.09774655765766953,0.10988287990899447,0.09037406752399113,0.10837009351313065,0.2705847220828466,0.1045770538043073,0.09596751670216479,0.03674065394802245,0.08575645485887311
0.07247995853310106,0.04704320997285211,0.12216376422441527,0.06691098233970207,0.0021778309819121574,0.06471403844029087,0.142042793960702,0.11873953921369307,0.3637278823333315
0.09529241011291067,0.10830909442102594,0.08844242024941451,0.10633082376206439,0.27690227938018785,0.10598686426392001,0.09523109994360247,0.03625116441651158,0.0872538434503624
0.07553439400685562,0.2047472936643164,0.20594313634382755,0.10490041378780525,0.03300170475434524,0.0628268768938285,0.09493362764266465,0.16402025941815027,0.054092293488206544
0.09276187186241903,0.09474253638424712,0.08932362065787385,0.20759998845496574,0.19835668446851637,0.09447686487862371,0.1004588204482298,0.03808592182706594,0.08419369101805844
0.14081874592151317,0.043581013901060305,0.13627821195851367,0.07967725786456838,0.02658038689115814,0.058572077428922786,0.16081845620040738,0.31470418510537845,0.038969664728477675
0.06886339770212141,0.1630409765809315,0.18521516755777048,0.08962291592897416,0.013452060645519808,0.07064309847630146,0.09965923973712414,0.16205159506859587,0.1474515483026612
0.10324775556241507,0.13042339665963484,0.09361684163878554,0.11351464457517595,0.22701702970630092,0.10599026259725831,0.10474855726203458,0.04193199408115882,0.07950951791723597
0.09529241011291067,0.10830909442102594,0.08844242024941451,0.10633082376206439,0.27690227938018785,0.10598686426392001,0.09523109994360247,0.03625116441651158,0.0872538434503624
0.10652030094283349,0.08508830001423053,0.08102006231395927,0.10459922319112737,0.015248173526504186,0.09944136249652484,0.13011916177601346,0.30047187426966393,0.0774915414691429
0.09155363681098587,0.06099295659226215,0.0765656314275036,0.09232882910062552,0.007517167559699293,0.0884703597548794,0.11983704220027501,0.36798838686394203,0.09474598968982716
0.09529241011291067,0.10830909442102594,0.08844242024941451,0.10633082376206439,0.27690227938018785,0.10598686426392001,0.09523109994360247,0.03625116441651158,0.0872538434503624
0.09845700700870345,0.19230306706116626,0.14669109739537858,0.12577682189225273,0.09134584127151568,0.08521095109012611,0.10358960193296317,0.07784512157938336,0.07878049076851068
0.09529241011291067,0.10830909442102594,0.08844242024941451,0.10633082376206439,0.27690227938018785,0.10598686426392001,0.09523109994360247,0.03625116441651158,0.0872538434503624
0.14386600878730013,0.08668172026873629,0.1251363184811467,0.13592201624821496,0.01400162504701899,0.15843062724995025,0.14406460354322098,0.10103251362369996,0.09086456675071174
0.10377622285615982,0.11021489985767645,0.0946290174412774,0.11183923278408862,0.17904599170056942,0.1172938736453991,0.10959471697101582,0.06332326601749871,0.11028277872631465
0.1339307430836713,0.11501717657805548,0.10270673796608809,0.11202773992062598,0.1350168797029143,0.20961538598575988,0.10547475536318773,0.04245683162091637,0.04375374977878088
0.10283873896368782,0.12986901090802336,0.0940869916309834,0.12212947404360129,0.22689905212658532,0.09544406318067271,0.09517624440506943,0.044505563279868536,0.08905086146150813
0.12195601782171372,0.1302143985783235,0.14965438876763715,0.09919091942588194,0.019076743319867476,0.05812097067670698,0.10792410533097614,0.27666560375396565,0.037196852324927386
0.09794725250626433,0.09028161720220092,0.0966118443115666,0.10471904479425087,0.10607227421433547,0.12424927891175726,0.11056443460073818,0.09836654735270885,0.17118770610617748
0.11144520308834184,0.1564620760672576,0.0989543080193615,0.12034965310071166,0.17214680638991628,0.10556662641055496,0.11493824011205234,0.04909764613089968,0.07103944068090416
0.14691974911029868,0.06219921285531659,0.10951618872543782,0.08687357345192544,0.02252568883254709,0.13431858002999766,0.10474994567978202,0.06232815914162141,0.27056890217307333
0.12352794278511214,0.07370646431400658,0.09756607334286338,0.3074034055661284,0.04637067800060288,0.08812015371184301,0.12151261752323779,0.055038123365022416,0.08675454139118345
0.20601930293893056,0.04761570976361312,0.0922118912605057,0.08274710835263299,0.007100029586751049,0.0851906238017441,0.13678405293978882,0.3127629320856707,0.029568349270362938
0.09715382637435878,0.11227344702109758,0.09110362258031779,0.10939762600568705,0.2602033740807586,0.11233864370213897,0.09691189746041735,0.0368907563537871,0.08372680642143678
0.09918591690997802,0.1188353683286073,0.09097443053167546,0.10989230777813881,0.2528532481214167,0.10600737661063564,0.09985979602527757,0.03892031777883579,0.08347123791543469
0.09644871424798677,0.11899209138398692,0.09393840182847157,0.11225576118823306,0.22859596535553062,0.12983891787600096,0.10066333032157297,0.03812213665091205,0.0811446811473051
0.10648913108029108,0.11895522540527463,0.1016208912937621,0.11937081879743401,0.21903972646007577,0.1144195760776956,0.10157261244792258,0.03919701063788309,0.07933500779966114
0.09529241011291067,0.10830909442102594,0.08844242024941451,0.10633082376206439,0.27690227938018785,0.10598686426392001,0.09523109994360247,0.03625116441651158,0.0872538434503624
0.09438104160000782,0.09113481563473823,0.11469559745393565,0.12454245082652644,0.005913144641348372,0.21516791199135984,0.12237790361270108,0.1297995108589732,0.10198762338040919
0.0830240795155243,0.039889141557784676,0.06035765990075532,0.08211217831272927,0.002225041544851911,0.06796353933183989,0.11079178195633939,0.4999566639547386,0.053679913925436695
0.09159153459941582,0.09885924029466985,0.0865503491196954,0.18084471685449052,0.22623984943372497,0.09862930754565519,0.096450157596993,0.036021288008186825,0.08481355654716842
0.09529241011291067,0.10830909442102594,0.08844242024941451,0.10633082376206439,0.27690227938018785,0.10598686426392001,0.09523109994360247,0.03625116441651158,0.0872538434503624
0.09985661355888348,0.19498219840989583,0.17342423830765363,0.1303499635386682,0.037436971842898896,0.07685945810272475,0.0948656121108733,0.14302438527700903,0.04920055885139293
0.09529241011291067,0.10830909442102594,0.08844242024941451,0.10633082376206439,0.27690227938018785,0.10598686426392001,0.09523109994360247,0.03625116441651158,0.0872538434503624
0.10190351646256741,0.11454758326969072,0.10333481947524381,0.12098766197992127,0.1526694444502582,0.1332567489391813,0.1058750309584368,0.04467147483063396,0.12275371963406649
0.10964449198970194,0.10605276361954837,0.09193709601253575,0.11181951469463358,0.16401567304802708,0.1236618426397851,0.11611968780396398,0.08139231695876202,0.09535661323304216
0.19404223645752638,0.08189134657496831,0.11913834203251727,0.2178110253671931,0.07117005688745556,0.11168952710872737,0.12704010207946434,0.04947132170397998,0.027746041788167777
0.2311895982266241,0.08526562694942157,0.12137909281531516,0.12401369426624931,0.14399282827391333,0.1030175849859864,0.10657596592861333,0.047596038118570015,0.03696957043530671
0.13815716957441684,0.15929602528688258,0.11785989011212872,0.1960504311298068,0.025560112909181105,0.10674201893692326,0.13506141269900765,0.048830734185915416,0.07244220516573764
0.09529241011291067,0.10830909442102594,0.08844242024941451,0.10633082376206439,0.27690227938018785,0.10598686426392001,0.09523109994360247,0.03625116441651158,0.0872538434503624
0.132842754320361,0.15992666394698962,0.12089328399097991,0.12825760512986423,0.09536238881074625,0.09419507802219512,0.11777463316730107,0.07467474325844393,0.0760728493531188
0.18142964908811388,0.08591053717650245,0.1365037083813608,0.18589463584601362,0.07333383577442522,0.11897559330109715,0.10862437818530217,0.04495299524396268,0.06437466700322206
0.08479597082547076,0.09558537241091629,0.09582051948817016,0.10057397062830802,0.2150873796602805,0.11187442084666661,0.09066111576257097,0.03539005739385512,0.17021119298376167
0.11468824311264801,0.1191738730421496,0.10391896777566818,0.12181947682828581,0.22445735558015115,0.09640839202933676,0.10136180604428408,0.04052140783566596,0.07765047775181048
0.0999462623025218,0.1329708474506824,0.12004464645596191,0.1301961250981294,0.06993732205974945,0.18124366442036574,0.11395004769077118,0.04018669301485291,0.11152439150696525
0.10102234856681654,0.12398923730906619,0.09216918180674212,0.11154381112501292,0.24126919091676424,0.10600801224528943,0.10206101238429555,0.04024937811860538,0.08168782752740764
0.07587347302275829,0.13006303453554857,0.14712807574840123,0.09126851771161677,0.012493854004381813,0.05398310238187984,0.08886216957783521,0.36994560633868706,0.030382166678891227
0.09529241011291067,0.10830909442102594,0.08844242024941451,0.10633082376206439,0.27690227938018785,0.10598686426392001,0.09523109994360247,0.03625116441651158,0.0872538434503624
0.11121375181700648,0.09762450978017213,0.08937227772372562,0.22981184981105804,0.12336335734413566,0.10985838230475586,0.10462694039292401,0.04078585812561053,0.0933430727006116
0.11143766095474612,0.16976212242218192,0.13221707802492388,0.19453867562888708,0.04038029203971844,0.07268383549574592,0.09823887239894562,0.11016415086662164,0.07057731216822931
0.09529241011291067,0.10830909442102594,0.08844242024941451,0.10633082376206439,0.27690227938018785,0.10598686426392001,0.09523109994360247,0.03625116441651158,0.0872538434503624
0.12346780907231532,0.15040284522431857,0.11961190957687112,0.12135695884663407,0.14579338709545006,0.1044994563726162,0.11392992973126581,0.046116350619464404,0.07482135346106435
0.11445616804554011,0.11412323877436607,0.09560932907039758,0.1171196032212497,0.09544296160881838,0.12034403052326925,0.1259147747796484,0.11711456039395811,0.09987533358275236
0.09722187107805519,0.11346214562691466,0.08969680175266433,0.10810487194590894,0.2650708180441452,0.10599818025727566,0.09751922375042628,0.03755062868949565,0.08537545885511415
0.09529241011291067,0.10830909442102594,0.08844242024941451,0.10633082376206439,0.27690227938018785,0.10598686426392001,0.09523109994360247,0.03625116441651158,0.0872538434503624
0.08996684774260333,0.06861471844295282,0.07952475227656959,0.10162018666098183,0.05420836895337117,0.11839932674237323,0.11577149322220981,0.19746688836697002,0.17442741759196825
0.1039105510728681,0.11249379205474135,0.13877716220545303,0.16249992216596523,0.03569134113010469,0.07886813242663479,0.10051690488588348,0.20788129582322848,0.05936089823512086
0.0922786942483022,0.10158785590062742,0.08663801536927761,0.15920721731921264,0.24216885260738188,0.1011038581767219,0.09572827699668514,0.03574460913246049,0.0855426202493307
0.10856921548725912,0.12032593996549494,0.09763815537544611,0.11558847426767309,0.1435436397249751,0.11736771565453064,0.1164625084903933,0.07383467874376129,0.10666967229046646
0.10388301008300682,0.14183808455537386,0.10909053939619473,0.10678481273405575,0.16206131649232539,0.11309408788938906,0.11613675320916543,0.04903317382589426,0.09807822181459473
0.09585999799784944,0.1019976983615702,0.0932656222131218,0.10436083606810749,0.213200860843716,0.11769365917263358,0.1008414567561627,0.0475617232894486,0.1252181452973902
0.1030865607717615,0.1584686594407612,0.16229638571704577,0.16273294396381607,0.04913278015741666,0.0995039091462807,0.1294990416335131,0.05974308186516928,0.07553663730423577
0.0786543478112848,0.14983181738670484,0.15000802999038942,0.09654783371031739,0.01657283404170441,0.0753249264562489,0.10044876802446012,0.25038382452539837,0.08222761805349177
0.09571674100520422,0.09899668900180346,0.08643985919830555,0.1027742462753215,0.17825820459457373,0.11520268676328088,0.10236894808957346,0.05201674018062059,0.16822588489131665
0.10970263607159235,0.09165545487314143,0.12059258563811374,0.2282365355197553,0.09188315062792722,0.10398814853956619,0.13236621522678535,0.04068146627548977,0.08089380722762865
0.10247701686687694,0.12817007318516982,0.0931154884401766,0.11283622314347797,0.23198036393006485,0.10599928183188427,0.10381499940574,0.0413395696707281,0.08026698352588142
0.09529241011291067,0.10830909442102594,0.08844242024941451,0.10633082376206439,0.27690227938018785,0.10598686426392001,0.09523109994360247,0.03625116441651158,0.0872538434503624
0.0847718802485468,0.21378804393392334,0.18835577667247438,0.11444209823359641,0.04786054517462072,0.07027248691255289,0.09955740166135003,0.11514399589194009,0.06580777127099524
0.09940916096693975,0.11945492091146936,0.09111966987985214,0.11009415661779952,0.2514533802548298,0.10600798107434972,0.10012668001002256,0.039079266384405974,0.0832547839003313
0.10606465172219208,0.13595027029582896,0.12854518554107855,0.13988050012618167,0.06764734209201084,0.1991824713185977,0.11570636788566384,0.04466267196331239,0.06236053905513395
0.10885727854657407,0.1382366963357883,0.1447504402858455,0.1700462018266273,0.062217276898133174,0.10063149590211588,0.1178712805475054,0.08317726464900312,0.07421206500840725
0.08318713917989423,0.09244703556491085,0.08937873273991982,0.0980700650861162,0.21129587104958392,0.10817292826704872,0.08861596476679279,0.029783206933018915,0.19904905641271461
0.11665598397287254,0.1119224191439148,0.12407999646174246,0.10314734365453432,0.10220153028198638,0.13676228508779878,0.1349126202177169,0.05042519483113094,0.11989262634830285
0.10173426715089977,0.08611013647451436,0.10310459267008325,0.22834224338248274,0.14727983451699836,0.08544745527667524,0.11622545141744967,0.0486832183914071,0.08307280071948948
0.11483226627457359,0.13664583559262933,0.12929436393172733,0.18405758783901136,0.025190106366495338,0.15247195468696093,0.12573723155613437,0.05421999609108863,0.07755065766137927
0.10737937745442867,0.07978939862991817,0.11165088925356036,0.23592363453489226,0.12128278473870009,0.07951752696665956,0.12565749744669527,0.05762351813314767,0.08117537284199794
0.09786679488959142,0.11521162233668976,0.09011628351467225,0.10869400462654931,0.26107836557897046,0.10600177639798203,0.09828639477350386,0.03799488824661144,0.0847498696354295
0.10707610603020921,0.09322665952787683,0.10937555944262671,0.15311434724781722,0.17311867110013457,0.11626003752831245,0.1116918619785741,0.040500737858761876,0.09563601928568706
0.09529241011291067,0.10830909442102594,0.08844242024941451,0.10633082376206439,0.27690227938018785,0.10598686426392001,0.09523109994360247,0.03625116441651158,0.0872538434503624
0.10498698491942184,0.13561352616093034,0.09474815256622687,0.11502739790153031,0.21570601438309553,0.10595588150044033,0.10686742835234932,0.04331061815529196,0.07778399606071351
0.3220573180868567,0.03860384857973087,0.13251306046798486,0.08830602730961458,0.027149210833241472,0.1433805814850839,0.12176985278152978,0.11013393211972655,0.016086168336231155
0.11478474237858714,0.14147781585212404,0.1148739372210796,0.13288181100972843,0.13309372960554058,0.13337001820904967,0.11299056563924896,0.04489111585104944,0.07163626423359208
0.09529241011291067,0.10830909442102594,0.08844242024941451,0.10633082376206439,0.27690227938018785,0.10598686426392001,0.09523109994360247,0.03625116441651158,0.0872538434503624
0.13009287819179455,0.13382239857202163,0.10731596631386957,0.21612115217599634,0.06475598379649333,0.11491323498148398,0.1048446272586817,0.05337903224384088,0.07475472646581799
0.14011590931947718,0.1471342043832158,0.1382488617093505,0.13242618701299189,0.0936415314792058,0.11808547638062235,0.11993629428584358,0.04544489996288776,0.0649666354664052
0.10182311210595633,0.11211148469402214,0.08891695000810577,0.11235249189310331,0.24535910462658772,0.10724717066020227,0.1020845703106123,0.04796613375499135,0.0821389819464189
0.09529241011291067,0.10830909442102594,0.08844242024941451,0.10633082376206439,0.27690227938018785,0.10598686426392001,0.09523109994360247,0.03625116441651158,0.0872538434503624
0.10929071920929284,0.11892188799969454,0.09269182136278338,0.11536626295236772,0.1845490658192338,0.11526157886409849,0.11324751366803125,0.0654224259800706,0.08524872414442734
0.23861651661429592,0.06860386833946203,0.10090372338688208,0.0993128830284391,0.17835657127328533,0.1407772900369726,0.10260263130667946,0.04425078577483795,0.026575730239145477
0.09459139045676353,0.10388390921146608,0.09480380763304946,0.10843646257681834,0.20858151030004415,0.11093599086998168,0.0992068538481095,0.04727129967342558,0.13228877543034157
0.10181288558141417,0.12728761495892657,0.09328411701427747,0.12007718252784085,0.233478485568697,0.09688075203539832,0.09509762831097583,0.043111579800505305,0.0889697542019645
0.08652526593405258,0.10256666112615041,0.106725171931967,0.09147251279237184,0.009831391114663683,0.08295538163639388,0.11586691899830392,0.3252461098816298,0.07881058658446695
0.09713155029331196,0.11321825307482386,0.08963805958388382,0.10802220268764863,0.2656284472486115,0.10599765146623204,0.09741188336510916,0.037488821767357745,0.08546313051302123
0.2725864021625346,0.06481791580438755,0.11524536487755921,0.10521936169226671,0.10667359852450414,0.15785339891847813,0.10370566003406194,0.047173658720758016,0.026724639265449643
0.18727683055610544,0.07445128963059028,0.1381285904900179,0.12563373961614005,0.05214031264156734,0.18990751295304906,0.11299656326745527,0.08467363379757768,0.034791527047497
0.11753940747970944,0.13156166624941165,0.1391090753831671,0.14617210061542776,0.06615263914320624,0.1524463039563065,0.11979259686824123,0.04506848719711823,0.0821577231074118
0.11333723653710552,0.09276209726931943,0.08886060161576474,0.11167080847365662,0.11446266919491029,0.12799451998409694,0.12344958247104765,0.1319616167626654,0.0955008676914334
0.10186250028210501,0.10856862800883267,0.1257294402765499,0.13232349415045844,0.03662784438430271,0.14947407099334747,0.11537495318488712,0.05709926226995674,0.17293980644955995
0.09529241011291067,0.10830909442102594,0.08844242024941451,0.10633082376206439,0.27690227938018785,0.10598686426392001,0.09523109994360247,0.03625116441651158,0.0872538434503624
0.0862946244804257,0.05039888998155384,0.06786059156365636,0.0864934434388835,0.002943986742904797,0.07480772200016701,0.11602557173618018,0.44916972420040446,0.06600544585582412
0.09767355684796919,0.09806597327086146,0.0852634297458681,0.179519131247037,0.20842036156242547,0.10100211361135385,0.10238629061280291,0.04846667893236378,0.07920246416931814
0.09529241011291067,0.10830909442102594,0.08844242024941451,0.10633082376206439,0.27690227938018785,0.10598686426392001,0.09523109994360247,0.03625116441651158,0.0872538434503624
0.13273540180171448,0.1128302659171226,0.14555237929487838,0.1370907784543633,0.07333538934870647,0.08472742684214574,0.1155186330714741,0.046022358329399826,0.15218736694019508
0.09711393514944926,0.11317071863937722,0.08962660336534796,0.10800607527354929,0.2657371577412769,0.10599754782414395,0.0973909517246125,0.037476779234627715,0.08548023104761515
0.12158140589847971,0.1272646051623113,0.12663281339344984,0.10952544880407857,0.11847967143585818,0.13436307817600698,0.1357380294847159,0.041160142825439276,0.08525480481966032
0.11079903934960143,0.13276517414667222,0.16210501318049997,0.13200993644589265,0.014158715208980993,0.16553193558022292,0.12922426287286273,0.047119814130483974,0.10628610908478318
0.08249666767693047,0.12941664240474746,0.1454377294197832,0.1111557873890896,0.05758092524498907,0.08564426792191458,0.09015345180014549,0.2425839744853628,0.05553055365703729
0.09770790473989562,0.11477928722275743,0.09001292970124941,0.10854905122552116,0.2620637427273924,0.10600092612657493,0.09809726668630596,0.03788495211179052,0.08490393945851261
0.08304359858660328,0.09536780519411699,0.1125705824500054,0.11228445372922946,0.09370677404970122,0.11911581321710944,0.0924047898450711,0.0914928939923999,0.20001328893576323
0.09801533361219995,0.1894559471987464,0.14559780333723976,0.11710134264499865,0.09916941462018743,0.09381197365565151,0.11029422574320769,0.07038561176011289,0.07616834742765578
0.21569635960703457,0.13163416609284626,0.14643865684229823,0.10743303736854172,0.025171370443833385,0.15988069636137495,0.11285411992550859,0.076263779508781,0.024627813849781258
0.11327223171149181,0.07762185844071416,0.10100548400364436,0.11501565058816403,0.06127845012949127,0.1469101718523074,0.1154195699495814,0.1802762756392602,0.08920030768534544
0.11535924783410852,0.06576327138875641,0.09357643308074744,0.12034665822295183,0.04251886051884413,0.1284020176880762,0.1322981055377667,0.22453082860551876,0.07720457712323008
0.07743659740696184,0.0890023329339537,0.10578073756785404,0.09645195430274872,0.15221519761730143,0.11856297898838664,0.08946728800771843,0.03727128883581352,0.23381162433926164
0.18095296744902808,0.08263016864378124,0.18261524650648406,0.0798138143322953,0.005232729317066567,0.09637458947517298,0.17848837679997342,0.16722730334115632,0.02666480413504207
0.1726864437711375,0.10114594955679355,0.14273154570742663,0.1356977896355378,0.03641696705307918,0.19896596900442728,0.11743594713616766,0.048312097542602635,0.046607290592827776
0.08031440964905594,0.21361346943100137,0.16369264756167096,0.09299568837650318,0.012388403446493411,0.06612074708371597,0.10730626486907362,0.216210024628588,0.047358344953897576
0.16894063929867875,0.1032959178797062,0.13045619459076427,0.13365526713135478,0.030103875783442053,0.2091289250808744,0.11744182347285424,0.05718286648153586,0.04979449028078936
0.10589227818758296,0.12271151580442685,0.10864733243081326,0.12486619945941002,0.16620184291369725,0.139637836460253,0.10589443572224048,0.03938426324220917,0.08676429577936713
0.09529241011291067,0.10830909442102594,0.08844242024941451,0.10633082376206439,0.27690227938018785,0.10598686426392001,0.09523109994360247,0.03625116441651158,0.0872538434503624
0.09597780993913425,0.10898815779521963,0.09680548940228666,0.11138267250871808,0.18835333636483523,0.12047143507100837,0.09799600289573802,0.03359162331230508,0.14643347271075463
0.10325828452169972,0.13045437039789295,0.09362369042526497,0.11352387992798017,0.22694902154967064,0.10599011534841903,0.10476133224272266,0.041940162223492616,0.07949914336285728
0.09615493761262027,0.1173766426748319,0.11612357803449969,0.12186094317014678,0.08040934167067025,0.14991190636493495,0.1076210274169087,0.036093243829994265,0.17444837922539314
0.09529241011291067,0.10830909442102594,0.08844242024941451,0.10633082376206439,0.27690227938018785,0.10598686426392001,0.09523109994360247,0.03625116441651158,0.0872538434503624
0.1169381656437614,0.1362596991437678,0.07824008125804023,0.12185963212554411,0.12957419888397623,0.0943479824653114,0.13517971278337196,0.09250928494970778,0.09509124274651914
0.09529241011291067,0.10830909442102594,0.08844242024941451,0.10633082376206439,0.27690227938018785,0.10598686426392001,0.09523109994360247,0.03625116441651158,0.0872538434503624
0.0971254846764535,0.1114614006872781,0.1022899296920473,0.20989267437845874,0.132764683010435,0.09723218825089253,0.11667774084612377,0.038244123665912726,0.09431177479239829
0.11131289473114593,0.14834250864988482,0.10304561704041393,0.08819457956884724,0.1685745927238664,0.1170800316266508,0.12100511821082706,0.049386421383590236,0.0930582360647736
0.0965361650080428,0.13824028136550162,0.11832627293238834,0.1198234969951842,0.17755755505496565,0.10193385735396071,0.0984078984869186,0.06622700351243276,0.08294746929060542
0.09662727860752394,0.20797669336976723,0.15731111714004048,0.10442884686219388,0.04097343975244575,0.0886653357534235,0.12407548195640179,0.10887140306135364,0.07107040349684982
0.09177859743254262,0.14450742013565973,0.12972125417312144,0.12235807346195517,0.14645526949859408,0.1086200750212792,0.09653858672966714,0.08065226755667804,0.07936845599050259
0.10320897311009418,0.13030935291042747,0.09359161473881959,0.113480619290663,0.22726748352040885,0.10599079915531655,0.10470150697745838,0.041901925278701145,0.07954772501811094
0.09529241011291067,0.10830909442102594,0.08844242024941451,0.10633082376206439,0.27690227938018785,0.10598686426392001,0.09523109994360247,0.03625116441651158,0.0872538434503624
0.09529241011291067,0.10830909442102594,0.08844242024941451,0.10633082376206439,0.27690227938018785,0.10598686426392001,0.09523109994360247,0.03625116441651158,0.0872538434503624
0.16767867308844178,0.06265596404189709,0.158660087653657,0.11520638018165485,0.02011665320443301,0.14581746123935482,0.11665857924862229,0.07015644741816901,0.14304975392377015
0.0731126576093122,0.05071258559021066,0.06840072510553616,0.0832442985559533,0.016111746788775753,0.10208682101733597,0.10331459134635364,0.2877645754105916,0.21525199857593066
0.10673272314909743,0.14452594353954473,0.09864005798507265,0.082441981391793,0.22480902044486775,0.11452979443040585,0.11297915851021913,0.03645340048686957,0.07888792006212976
0.1072735350521062,0.13078289877107166,0.1219888839071821,0.13567453740786584,0.10565996185364633,0.17626236170773169,0.11175673840225908,0.04253126143653921,0.0680698214615979
0.09529241011291067,0.10830909442102594,0.08844242024941451,0.10633082376206439,0.27690227938018785,0.10598686426392001,0.09523109994360247,0.03625116441651158,0.0872538434503624
0.09529241011291067,0.10830909442102594,0.08844242024941451,0.10633082376206439,0.27690227938018785,0.10598686426392001,0.09523109994360247,0.03625116441651158,0.0872538434503624
0.09715694739280768,0.10621387650176854,0.08777902901152151,0.10809946847657438,0.2366695563450444,0.10475891381114293,0.09902134791897428,0.043483104030937025,0.1168177565112292
0.09656975238594588,0.10358259834149026,0.09099844447016747,0.1090068518291231,0.23819276492734387,0.10957435262769454,0.09876741173391178,0.04614511112604212,0.10716271255828097
0.11247834835241903,0.126090605407211,0.12143624938774751,0.13964241459499574,0.09461453942941593,0.16078783261823015,0.11432487214771658,0.05138511505935755,0.07924002300290646
0.09892413878203062,0.10867180723720811,0.09911961034096305,0.11917573548224421,0.05137896188442961,0.08290188086810918,0.12939123726631233,0.24209695447346904,0.06833967366523384
0.22909503443003718,0.05992296779482618,0.11174300322089152,0.10128485587158052,0.08608287736044527,0.18562355215064827,0.11423433301934353,0.06049344566648909,0.051519930485738476
0.09529241011291067,0.10830909442102594,0.08844242024941451,0.10633082376206439,0.27690227938018785,0.10598686426392001,0.09523109994360247,0.03625116441651158,0.0872538434503624
0.1132290027260291,0.08864420186182835,0.12094127814383926,0.11628288265386037,0.006260374028739128,0.20170669817909107,0.10654889727473367,0.18220590488664243,0.06418076024523663
0.12253482136086502,0.06863075531331475,0.16816312607887954,0.20483407934880485,0.010176746676495227,0.11024617904739159,0.17600058516754502,0.05421173335741487,0.08520197364928916
0.11649290740546019,0.1071106158606766,0.09409803679142292,0.17123813187260925,0.14945343648925255,0.11749736942074074,0.10571074709394242,0.04199298351597558,0.09640577154991985
0.0996017673848642,0.12959207726477137,0.10453674485161195,0.11782927655784597,0.1511960143008287,0.1347940779374797,0.10761238501615407,0.04144202041914632,0.11339563626729769
0.09529241011291067,0.10830909442102594,0.08844242024941451,0.10633082376206439,0.27690227938018785,0.10598686426392001,0.09523109994360247,0.03625116441651158,0.0872538434503624
0.09529241011291067,0.10830909442102594,0.08844242024941451,0.10633082376206439,0.27690227938018785,0.10598686426392001,0.09523109994360247,0.03625116441651158,0.0872538434503624
