0.041975345358248366,0.04954472098432213,0.14584367560909384,0.17785409905464364,0.20974862851162035,0.21515869593149942,0.01591679818711032,0.12526630112989748,0.0186917352335645
0.13059759824772457,0.024674000447731204,0.06471677573944892,0.34559644794949707,0.05177623636678294,0.07620070918292736,0.012607833830066514,0.06343659972481623,0.23039379851100517
0.047859423024976554,0.10012777616172124,0.18685808075812213,0.04747761731159974,0.16180585162972375,0.021669626197656538,0.19980885065545048,0.2115857618569151,0.0228070124038345
0.31517248679040316,0.017143186567545196,0.21227960390495496,0.009712483012940988,0.02975203374610082,0.03797868824850364,0.018081655650227558,0.1026638506141354,0.25721601146518824
0.03700849218868186,0.030999884955296892,0.12206735743938406,0.5411789253961411,0.06622228723945199,0.11366006270669982,0.06302207045845183,0.012300882265313964,0.013540037350578453
0.0671078820759801,0.10759454151108179,0.20782105873902226,0.0355853428639593,0.14819389664289828,0.0329912259074435,0.18644496773791705,0.03331083651523501,0.18095024800646264
0.28019017816961855,0.2453005813636293,0.020334091935674915,0.005857021046607459,0.0904124368106735,0.05807248891447991,0.062366197068436414,0.18321218945474474,0.0542548152361352
0.01340121454741255,0.4076591703733039,0.01502802610671422,0.01935781103181719,0.03346575582658595,0.04965830434902844,0.07553409725230438,0.3534114448725048,0.03248417564032862
0.38537395902761623,0.03804927363071815,0.14823342724600114,0.016883957886918394,0.20368643480020776,0.01820858517725344,0.09683028721712834,0.07710645870101683,0.015627616313139747
0.026927402950125773,0.5281041352287524,0.10112174078341711,0.011345291021316331,0.08116898098744958,0.0934430560583893,0.0411562049023002,0.10283326762943097,0.013899920438818372
0.049711368958086505,0.03250604847741223,0.12214456644056282,0.021621027360188238,0.20087867682919258,0.01999410422077901,0.26180023060410834,0.043837310807765394,0.2475066663019049
0.1421183940946872,0.055079818056075,0.12503699993534692,0.1733280229285101,0.08654734266156085,0.17995305830689276,0.12231309729705199,0.06384459535089508,0.051778671368980046
0.1105342782954946,0.09899469387937494,0.3423001520594775,0.09998573243097253,0.010660720788424756,0.05666462195883364,0.018163385458528924,0.037405799252216106,0.2252906158766769
0.11643389550300916,0.03486167583169685,0.13434386194003725,0.376099642565394,0.01098530114723723,0.13334018187190957,0.15511404506553506,0.01689949993668035,0.021921896138500402
0.3155913796656395,0.04539980676184896,0.1247543506124072,0.0035244103481999593,0.038630602098838375,0.0696402664608799,0.049816565389941454,0.238982443246048,0.11366017541619662
0.15259852147181088,0.41275586670063874,0.018763082052976887,0.01829386226329364,0.006190020130958688,0.12917569626968156,0.028059649253248106,0.19544774502637705,0.03871555683101442
0.25593847991049995,0.1203115102440287,0.07439747085337732,0.04341784449989499,0.15038458988605194,0.0668292629306318,0.22774064566060348,0.03727304883113654,0.02370714718377527
0.069723400038063,0.014923349222017976,0.43783613728190574,0.12485232044707784,0.16260904138327095,0.06624113079761408,0.017114465312853187,0.03160989175901621,0.07509026375818101
0.03937021695744315,0.21247949140538455,0.12353024794360234,0.023882541883694663,0.07488292643967091,0.06519915558924108,0.15661743740281703,0.2770267143382612,0.027011268039885045
0.12613392835881462,0.03706779492332355,0.08402524175648803,0.03537941714736983,0.26869397410377976,0.0933927271159733,0.126771421852141,0.14179297801273513,0.08674251672937466
0.07044266043809694,0.03939171328986201,0.148779371007862,0.02898399940296229,0.30568812675002793,0.05916604722365376,0.1463489801863589,0.1906412198493647,0.010557881851811437
0.13007011531724108,0.02230856017251827,0.16641371768403077,0.2655994176941312,0.03667408291302263,0.16839386557334945,0.025196633611874006,0.08057491616575196,0.10476869086808065
0.033234197396120733,0.05435902478980614,0.08511451788658109,0.0205696609819804,0.058266841833072396,0.02985322698017995,0.04018096564359366,0.04524346482298929,0.6331780996656763
0.035794435335963555,0.07784981623706054,0.25408636071057716,0.06756894461402027,0.0899836300142383,0.059655387159320554,0.21387787418687254,0.12170793293978022,0.0794756188021669
0.049096736686503994,0.023649040240710736,0.28418289304896577,0.0572086747009809,0.26452746136240674,0.08373532107879633,0.09960420789119055,0.09599884041427602,0.0419968245761689
0.03792882445045475,0.22020709249257564,0.019683754021916296,0.08192548186178505,0.09493096603812562,0.20782101323310997,0.054816323951794164,0.2784749363928696,0.004211607557368999
0.1044838335053201,0.05004567823046244,0.21075207244659236,0.10449095358257716,0.24983608964076934,0.030741521797185496,0.057689943150275556,0.1372370367965734,0.05472287085024421
0.08269816679602758,0.08136272069048577,0.07669150140145475,0.030410947873008687,0.1489876602280986,0.052987934891726006,0.1985614698770183,0.19857528441075534,0.12972431383142488
0.018525323582406675,0.44302178088311966,0.07795505923432842,0.043097848046642406,0.06173615777280533,0.04818295043429579,0.2166128857892606,0.06540618195564774,0.025461812301493286
0.3753179475633277,0.03056097885677357,0.11743199678072817,0.08586455738515729,0.1936371546631984,0.013810944137557374,0.09094779845727723,0.04510007986064957,0.04732854229533077
0.031086026802296066,0.044391330823881685,0.11829805094098371,0.10751369496594688,0.13662343194712911,0.03337843413751072,0.45050110920269965,0.029642496388310888,0.04856542479124126
0.05180615168963857,0.05327245907451822,0.27911679776102477,0.040223563753157554,0.13960395232998002,0.028528289448288568,0.2508126397722507,0.04138785133772214,0.11524829483341943
0.03002603994142909,0.2734859623494373,0.06474222026204092,0.02856852374798191,0.0255509254732776,0.050136942028936676,0.061298832920738455,0.420067294106589,0.04612325916956898
0.07723894489786971,0.090758864363706,0.21944468794669314,0.0413765979529331,0.32582645040753677,0.029556208478763807,0.07644787929162596,0.10581831965876955,0.03353204700210207
0.1607018167954485,0.0466351257778829,0.3485063323652986,0.04644589105818789,0.0698972187407468,0.02694545894705355,0.11184844352138745,0.02634411773399493,0.16267559505999948
0.04262154217014267,0.024066450209892527,0.060583751756903864,0.04402849717346574,0.34517060806253297,0.051343258170912544,0.3300591843180951,0.039872305544830865,0.06225440259322365
0.10657935185206675,0.019862155166910356,0.3628111196742913,0.05941108923521638,0.025706037699651598,0.04974857292601031,0.002420592842058349,0.13647615288149675,0.23698492772229818
0.09549650371081363,0.4068076152477898,0.018226392403091807,0.012217539845097415,0.03847645629672371,0.039491552998523784,0.09618895566680848,0.28701106981696983,0.006083914014181548
