0.29889453761164786,0.05066240682091345,0.06547728162402407,0.0943846113209982,0.10952299123900656,0.07359078665330693,0.11657840000252667,0.0603073294853513,0.13058165524222495
0.05860895926548993,0.06521021711710841,0.1246018224772466,0.22483401662500754,0.10229966423997117,0.21545542611709403,0.08269924797512451,0.06476564968877553,0.061524996494182325
0.14419341376731834,0.18817661280164769,0.08994057243200632,0.017633985934568008,0.09696072536960111,0.013916054777081806,0.1569925489465804,0.1838937725815258,0.10829231338967049
0.04295001503950763,0.09115592244885452,0.016893483060688497,0.052452786423630056,0.054204640284278884,0.6025188266033732,0.05178220787601418,0.046015098645801104,0.04202701961785185
0.05263655615969376,0.03134886098484295,0.13026734831414755,0.11723003470389992,0.4603234562069561,0.0286348818607873,0.05328296191411643,0.02766938903441564,0.09860651082114037
0.056029575825707424,0.5104214829041857,0.045469283357876526,0.01666966089271694,0.03795937532829865,0.03768779922187271,0.08679483084523892,0.15757517800408188,0.051392813620021405
0.11149894728262422,0.08470185873853014,0.13859721248007337,0.23926176409453723,0.15244784040343629,0.01952632375764886,0.05618049997702971,0.14265745939066066,0.055128093875459534
0.1498566309328306,0.042979740520643385,0.09438827227987245,0.05059335766017456,0.03360125039861101,0.5114374368688722,0.039351474642343405,0.047938204085986064,0.029853632610666248
0.1704614222399959,0.13123030107102793,0.058714893184364896,0.026505717117697798,0.18854327639098822,0.06698930638623028,0.06934095144596256,0.07703115981940283,0.21118297234432962
0.10970943626403018,0.08668272000080912,0.0865899673037671,0.13105976799249383,0.11372682461554985,0.3372022329589364,0.02053816570461119,0.07164409033498216,0.042846794824820095
0.058394638806815634,0.16771099627738137,0.17331116722144368,0.027270946656732898,0.15258525629012185,0.007444639757238088,0.11891062772423884,0.20103443155651646,0.0933372957095112
0.045974884070273246,0.2941746611242912,0.05561735245590587,0.08460159303039409,0.06082039348855564,0.06101537776456834,0.1898646619177771,0.03887173969021964,0.16905933645801496
0.16534327310620398,0.36148975940299516,0.10722167009699647,0.012513592290580492,0.14888181209927495,0.05590341497561053,0.07317011761808977,0.03554797111597596,0.03992838929427274
0.0621387427352608,0.10374612690215985,0.03611237268659999,0.0789627691700403,0.06908641854354618,0.4295860024953151,0.05376308348660688,0.12049986373784867,0.046104620242622206
0.0870014054632529,0.06333830491007761,0.056112739565997716,0.01877289886656554,0.02876532104044158,0.014830613381824632,0.14387053955757098,0.48254434549272357,0.10476383172154546
0.05397055996935002,0.018431828251042535,0.19139778769459592,0.051369167773751334,0.054937324190162805,0.42010944505303954,0.025502449178820052,0.0594902007880743,0.12479123710116358
0.03933249097242716,0.09939304432306546,0.20466693922659585,0.024569467912605503,0.4834419344638146,0.07121867583781634,0.022671890804161446,0.02383544042229077,0.030870116037222745
0.01704012301378283,0.3154125824719036,0.04312070694810848,0.06849012937936366,0.05089198128666261,0.04094651969178689,0.324690107390505,0.07953234178173173,0.059875508036155156
0.2548315715199158,0.28095202146662585,0.032902799968323564,0.009381223296016216,0.05523852329242285,0.04330907498045084,0.1716282117244949,0.09152758964557368,0.06022898410617642
0.5130691367633279,0.03656660013046109,0.03492281720405826,0.06066995046529774,0.06350853234067189,0.03907851509714188,0.014067499139684208,0.16307532455901488,0.0750416243003422
0.051141355231922696,0.06729147898645828,0.29337027349306943,0.04837551105129709,0.20555949639334078,0.014639785459468589,0.03368131144350728,0.047537987184256114,0.23840280075667974
0.04969511118368419,0.5139282768798306,0.024051833140934203,0.06126943778999013,0.05887195001490214,0.021055786818173994,0.19926149395280843,0.04161887655075885,0.030247233668917555
0.0316944255467827,0.2125001202630262,0.2685672228117087,0.1851164812488968,0.1696288942853187,0.05235334245199305,0.046557914639160265,0.02198841335369064,0.011593185399423042
0.08220643766202697,0.03075155200971813,0.16348463071552674,0.16648430721158383,0.04825123999682133,0.014347182935285361,0.049809153520304954,0.15130808737859805,0.2933574085701347
0.02435047389109903,0.09032527538433267,0.05532366095411876,0.029589953513896983,0.05495095059173873,0.009423898850653057,0.17852720808896652,0.358216557927381,0.19929202079781336
0.5862761707855763,0.04906053589404182,0.024779835178595205,0.07330063618435136,0.03609740348118903,0.16876374057385599,0.011262321328955516,0.009420819429958266,0.041038537143476474
0.40069749687720035,0.05543562304202792,0.08247813224295229,0.051210819712875055,0.02957049438414008,0.09975553032467904,0.007539562996045564,0.2246551936434119,0.048657146776667666
0.04681658201943728,0.0861777183534541,0.1336365263503119,0.22998055188662772,0.09270862476217372,0.05915192362538719,0.09611485996290088,0.10029500733338141,0.15511820570632578
0.1011866986350717,0.23846231477307553,0.027331947859318584,0.18586153315498596,0.05769674482504742,0.1760675353399962,0.04798836720547001,0.07034046802699057,0.09506439018004396
0.06889232852967685,0.1660274891521637,0.148380362824933,0.028035905586250187,0.28057026515360795,0.027171973626966783,0.1511783080259266,0.11236254410680556,0.017380822993669432
0.05459660354182024,0.09526317914777725,0.04800538815056404,0.41443637462407307,0.1691258536659388,0.043856314922281,0.0634903497598828,0.0592932811705856,0.05193265501707737
0.061282184710991006,0.1650434976167701,0.33602145139616973,0.027139093035842537,0.1180962943711028,0.049203571711382094,0.0395271919460613,0.13822391253153743,0.06546280268014298
0.08274765698991544,0.06076664235579985,0.1475007353539702,0.06264122568177592,0.11809721355659415,0.2983345296755173,0.04059588831150615,0.07896822335392542,0.11034788472099559
0.14088112755739818,0.05362888847451838,0.09737641828925707,0.06846325739694674,0.03652191856806488,0.420886100535726,0.018362912977832272,0.117150942650018,0.046728433550238445
0.0653618899912685,0.5028863762982817,0.02967374120055699,0.03138523413058076,0.14016310444416877,0.037522293928283816,0.12346069415939993,0.05493962320298973,0.014607042644469811
0.03931537053952935,0.16020664272751559,0.015294429817922667,0.17086679267855395,0.15547270437345848,0.027640938000268386,0.10573846996590668,0.1850436257040867,0.14042102619275823
0.016435402176679978,0.10702173947792577,0.04988444931114697,0.01706868898558189,0.16766164785749452,0.006654565375741619,0.2100493330644003,0.23088848452333208,0.1943356892276968
0.27178747943820886,0.3223148527136399,0.03145151538665097,0.011576739830635731,0.034785433260257244,0.02683134252748472,0.1346273163025462,0.055178035845799306,0.11144728469477709
0.14087816943879575,0.06956146607891571,0.05668189672843391,0.16035167571814915,0.059956948765121094,0.1510788397674279,0.023517143933971935,0.27471426034672697,0.06325959922245761
0.03534785448534022,0.2404296461627483,0.04878871145872393,0.1214261569540076,0.15797518400430163,0.005743023008750899,0.14829189506317067,0.13065767067950476,0.11133985818345199
0.1660906971979289,0.16891939782838586,0.04197687484080035,0.03489978234493279,0.22670710928183527,0.030620526241102425,0.08203315614992185,0.22194766985564365,0.026804786259448793
0.10243617773600099,0.07653559450529962,0.06024403458032448,0.05373340818898292,0.02810903908923153,0.0279685606387486,0.0752521479391864,0.5343766821480469,0.04134435517417845
0.10585057307890988,0.06918566433524363,0.20896931599265853,0.046499136026155775,0.1269831365266529,0.10159551874384638,0.025847834264295474,0.2549415026267327,0.060127318405504664
0.22455427336512304,0.25461126892952596,0.02492584197421573,0.0260882139089597,0.03037597721946379,0.09275590373622768,0.18594397332108947,0.11929745448445712,0.04144709306093746
0.04351271473897892,0.24323963255149725,0.02002291291661495,0.22808412604596728,0.08800225376113983,0.06366227804298817,0.13074019476249535,0.17353078287078694,0.009205104309531347
0.059195637184811044,0.05642855885397711,0.08637191493684826,0.08034070000004227,0.29301627126929625,0.24249526133349308,0.034655470284736305,0.024190574787050678,0.12330561134974503
0.5284540460353234,0.1459436994806037,0.028469681978633022,0.07916634549744374,0.018580369207960565,0.10357616475325138,0.03887467260226301,0.039342209674380214,0.01759281077014087
0.5813085049245473,0.05654756341120246,0.06523808856833567,0.04992024589030227,0.09294541113618349,0.09691380423739591,0.018447362124395923,0.014678998624009785,0.024000021083627202
0.061976858951016955,0.07685721044256112,0.4926496476821873,0.061375442475762786,0.10944061446649371,0.047147747675201225,0.019551498157300083,0.0074807296494426925,0.12352025050003416
0.10314010521029109,0.09029883017265854,0.059867215435720246,0.05396619846255123,0.4290899213467591,0.03611756616206501,0.07225548663688248,0.0715156860827585,0.08374899049031377
0.05816854689439887,0.16058328667001323,0.07544612517326472,0.2848889729510602,0.06462025891333036,0.2161501245725784,0.0392455470385858,0.05153785070354531,0.04935928708322312
0.37244800094141445,0.03152224477665936,0.030605369218421625,0.06280208285366007,0.07722194470242211,0.061325648094413265,0.07631859031837847,0.0574389405787011,0.23031717851592948
0.10081586741317432,0.08435909330820572,0.2616156759000902,0.036272202887970874,0.2862948183070688,0.008527105225203932,0.05411806699171276,0.10893037143625928,0.05906679853031411
0.04121286013634918,0.16761338816556928,0.14177872943171857,0.021715016723133845,0.1031002906081313,0.07131669550103953,0.31320705177949854,0.08253136385934783,0.057524603795211925
0.04766182008604344,0.17800631379264334,0.15518592664372924,0.02250707460153092,0.06413090851584587,0.0351890644640201,0.15143821993244835,0.17778506682301856,0.16809560514072017
0.1660248601749534,0.0944427008369766,0.18306945842094557,0.04397791780683685,0.28550678950547,0.07772893568541696,0.04788000212081291,0.05457460459628957,0.04679473085229811
0.05055267395001617,0.12267008721265156,0.012568388931571105,0.05482851181678435,0.0642997964037108,0.03641102449302625,0.44431536017652573,0.1707916404586933,0.043562516557020724
0.04477131910378521,0.07755572177579444,0.1643130097298727,0.08503655062317338,0.36015816963244135,0.01639456940689633,0.0440576784423267,0.04521880191419935,0.16249417937151062
0.08013933338961161,0.12096432082719137,0.3570669961264319,0.01575517425607512,0.1544165027674471,0.029311533134379387,0.20094284914720636,0.024819283159965514,0.016584007191691664
0.036606343463709376,0.27825176891779124,0.005959536226529908,0.011238506066864627,0.05402274968572749,0.017251382041504275,0.2633754756843842,0.29667095841383145,0.03662327949965743
0.022012334012550535,0.0803747431728507,0.038176771479456605,0.03921605098695402,0.027882403613935413,0.012242528886146976,0.39004049981326244,0.16389004048430814,0.22616462755053512
0.06889232852967685,0.1660274891521637,0.148380362824933,0.028035905586250187,0.28057026515360795,0.027171973626966783,0.1511783080259266,0.11236254410680556,0.017380822993669432
0.022475056395531323,0.27921297524414784,0.07227619096748467,0.04036625439343711,0.2781802694377036,0.010476344461885452,0.1960091562117042,0.010743070407193932,0.09026068248091194
0.12441063229248567,0.02834418170658523,0.2136748677676589,0.06217416231512093,0.4280623473876685,0.042108094575802425,0.018923561913421618,0.020182914038463007,0.06211923800279364
0.051772249299788214,0.02155938561916974,0.08037163784767981,0.5075387829993835,0.09045540231509619,0.09375594678432887,0.02031165097398346,0.021919315852863396,0.11231562830770679
0.030620207305155852,0.06901675653651464,0.041788466341998724,0.33978457706937987,0.1458307088828932,0.04648147986913779,0.04487125660413843,0.07115322953102449,0.21045331785975704
0.049210309184982655,0.08530810936877964,0.038239061927535796,0.05620125960446706,0.11951072040913761,0.02605293589542625,0.35730066556449386,0.2006106984410456,0.06756623960413154
0.035232676551066155,0.04580788658178455,0.4790587363828647,0.09364602102324297,0.0770731550230703,0.04224784626159401,0.027627934421044345,0.07786745863257648,0.12143828512275646
0.08516502262582148,0.06821011394618298,0.07537223306756534,0.06265507822964604,0.062200772192472366,0.03187320128537219,0.05294993111897287,0.4137478661692966,0.1478257813646701
0.07470718715534251,0.17411086810781132,0.07579765607941645,0.05080930990759397,0.04865617390993313,0.1425250664623261,0.12306040863396077,0.25256910840509894,0.05776422133851686
0.026423270982540773,0.05506880147845191,0.11389706809228861,0.21695440907697897,0.2909675788614157,0.034508078172876114,0.07144314562157146,0.14361737732379187,0.047120270390084575
0.021480030141073896,0.15944596054051083,0.34487372724966026,0.011224988720777677,0.3727196249484732,0.0037772700961249506,0.03221544339327079,0.02074101704842092,0.033521937861687515
0.11727714947347323,0.06928985561817685,0.09625920450753378,0.28522367645749075,0.07670266278255627,0.11864461858423403,0.06981271385263262,0.13906001566057444,0.02773010306332809
0.03034752251499477,0.18099542215449768,0.12915966874974324,0.13329780662706744,0.038265869602407396,0.01979551989688009,0.33298470446792866,0.10275235944941963,0.03240112653706116
0.15009810320293962,0.02297522271396876,0.07240164151437158,0.05832968396047977,0.03693612483532751,0.49729840687896093,0.03349753205768818,0.09630100018904957,0.03216228464721418
0.15343735639841666,0.5149906687549612,0.07342436018135001,0.04418067465036387,0.05971336937381749,0.02819593147774438,0.058226057485723216,0.033575148756282,0.03425643292134125
0.13774051835826515,0.019470392252063814,0.3220077567759095,0.043780771144327435,0.26026129716263363,0.05616880772214936,0.021244552209406704,0.11980282024720564,0.01952308412803881
0.06491790022785883,0.098587998373186,0.24313071262983932,0.035563461939081255,0.30123332376668355,0.02360505432002462,0.023406664308368446,0.13018789471681536,0.07936698971814267
0.270830698340139,0.07733099000374466,0.07121867714528143,0.16547955095231004,0.0907957115618938,0.22095746803614078,0.04120009124640953,0.041352205433164514,0.02083460728091635
0.45033755229822064,0.14776901893331287,0.024150949819965312,0.18843090103236718,0.03961927412845112,0.061005561673667864,0.03781799636627494,0.014355836529152113,0.03651290921858799
0.10977154071331813,0.16479194873993264,0.03285891323418461,0.08064086570122342,0.2655321670108952,0.11096698552799648,0.10404974029274434,0.10063945709708587,0.030748381682619414
0.1875337859987755,0.09291899385520659,0.09107802033469446,0.05441354362395887,0.11431086229373999,0.05076403537472496,0.2233628283180803,0.13881219983629603,0.046805730364523235
0.09652722469708454,0.02879445390526031,0.05127237602911005,0.02478517196998796,0.03845065440450297,0.6027478077428802,0.02363396625067801,0.12235993817378173,0.011428406826714236
0.03621368824699213,0.08319200263545305,0.04667173551366632,0.09269039236515209,0.03030820008278907,0.577615851364703,0.020413260616334344,0.07587634350363982,0.03701852567127021
0.07938174066074788,0.1439624416505624,0.06766186026131521,0.028674881935435673,0.1490630749413848,0.020937998816043756,0.2462343178162176,0.19866995439561153,0.06541372952268114
0.08589935482012652,0.0406962745159263,0.1198545449752374,0.15522916225183783,0.05686179965459842,0.21294320773001285,0.10119491528073428,0.13840437234380537,0.08891636842772106
0.044023181786526804,0.07450959915951395,0.13613998050702414,0.050605317193769865,0.5590513881640553,0.04837545602984598,0.01700604741833277,0.03499331511429898,0.03529571462663231
0.06696369917703399,0.1036467140600847,0.04852499838520979,0.2911918665895774,0.219438136611155,0.025697965766942773,0.02635191141623294,0.11943758565212588,0.09874712234163745
0.5976242865727125,0.12228849841904095,0.045272343708189694,0.021391661625205127,0.043831055879861365,0.060560090529659265,0.026795214740536755,0.03235031236906583,0.049886536155728654
0.12631527368656972,0.16379794542771237,0.059673460160022285,0.0308807157751352,0.021032301988402658,0.31236432552015136,0.07547136729079061,0.051301887950697844,0.15916272220051794
0.5661399569061306,0.04739471796403614,0.055181029512755296,0.03083773294794952,0.02267511570926177,0.1658207155449536,0.024327516758195084,0.02030254042239912,0.0673206742343188
0.16155816777250376,0.19125245895868548,0.16733393886315873,0.026696861602979516,0.09821166526665259,0.11221789247914545,0.13556932889616202,0.0936051839559165,0.013554502204795994
0.13012537627601906,0.23769060800696717,0.19685700005478032,0.02626698687734817,0.1381786228504415,0.03411007529851524,0.09050764663879378,0.11789357308452962,0.02837011091260515
0.03106158117452501,0.09286878464768712,0.10114654163919214,0.13287718047464722,0.4756342907899067,0.027115777966439086,0.028090929264768427,0.028286103769026405,0.08291881027380786
0.060298392562448906,0.051300900141641265,0.10982409602866833,0.09393914926576973,0.2816826683671661,0.20806258213182274,0.07860199658573848,0.052586140266825315,0.06370407464991908
0.07681196200892138,0.0677763903107194,0.1317749994693382,0.0316160188018855,0.08108013932559774,0.026783025950784186,0.16711836362190827,0.3140223271917817,0.10301677331906367
0.02234145524721064,0.03878382897193374,0.08079684208080865,0.47219255994651227,0.0435051855932253,0.1039870913882875,0.0762316226566323,0.12120562443374956,0.040955789681639904
0.43794567261568945,0.08627410896127624,0.05254494063549322,0.02886809885118623,0.08478104641294981,0.10291495967355231,0.02561247484433325,0.09309823715583922,0.08796046084968016
0.1508999783660168,0.1529258649518127,0.056356157286059534,0.06285844125413788,0.05108668666911333,0.37743172666672314,0.028523549871352707,0.10840803898555508,0.011509555949228652
0.1405790233605412,0.10331347018864268,0.12296745790254587,0.03652938371806122,0.13459727146839487,0.027914101422161844,0.12610760054029768,0.17940488080846975,0.12858681059088492
0.07944732208322432,0.3048246603891321,0.053191507019312266,0.01336797278170205,0.08023159413571625,0.10556763119302669,0.29214655353846525,0.05067328515723474,0.02054947370218636
0.03696067004376121,0.024613807598181426,0.16147783858156062,0.22269486735365918,0.13732619233941826,0.04710836131734982,0.04666379084758216,0.15939288630750392,0.16376158561098342
0.11376379748204968,0.1099252842436132,0.09851257868743983,0.05693347697606319,0.14997846240374782,0.023291464823126096,0.14240482515706493,0.2604491034523895,0.044741006774505716
0.4911116095418862,0.1199322359277566,0.04986127335066918,0.11920457475767421,0.044344979041261605,0.028019154355785322,0.0791414891412943,0.04893088171018737,0.019453802173485163
0.19642493437855166,0.3452860239225082,0.021706582072193854,0.024644244978619476,0.0523582230097977,0.06983754194032639,0.07395834256598909,0.1981303647783739,0.017653742353639746
0.4762156074444306,0.09788261821514166,0.01699584754022408,0.04770299817309039,0.07725153693260634,0.09967876755917453,0.09651809464437928,0.01979599646900338,0.06795853302194989
0.02970043306587318,0.4127783838010221,0.05597635535718607,0.13189183547690425,0.12332358862533777,0.021815048700700206,0.19305088293362868,0.023960944695499514,0.007502527343848232
0.11728448856495059,0.0599774050614754,0.06198081295647088,0.10309477137728075,0.2994007674988414,0.10996407633063941,0.034738961811582855,0.11572412126143268,0.09783459513732605
0.028433968068578102,0.35591975266170994,0.08322816231331544,0.18927453853649454,0.11894613046218733,0.04167332845131839,0.09028993644076977,0.06542904721332247,0.02680513585230392
0.012588050634674162,0.3903994229732697,0.057472319796998496,0.08467690999475785,0.2505157286305241,0.01059286299588952,0.1736501104255276,0.00960335758503244,0.01050123696332622
0.10441259134638632,0.06015822280623637,0.07194625786746772,0.20793402398622315,0.0638893380735106,0.13244381491678645,0.0360684653803232,0.1037667530641444,0.21938053255892176
0.0682412887853817,0.03822270302305771,0.23691663171800015,0.18632875868298823,0.11546951818262478,0.19156691795265432,0.0225609614979901,0.09694893661479198,0.04374428354251108
0.1194087462972147,0.34582287203527096,0.01689627167485908,0.02843347395007952,0.07065011382834108,0.05431912539027944,0.16247518104804534,0.19315386128917447,0.008840354486735305
0.6179925184127408,0.03379377410470444,0.04010514713460036,0.032339345487836554,0.03328128626233807,0.10529254032321626,0.05368128960326474,0.06425241307882325,0.01926168559247551
0.03138782823107646,0.08127629027359407,0.21617344237810743,0.07908258056425903,0.28165549286641073,0.12848431276976824,0.08680061229056975,0.050595971065635736,0.04454346956057855
0.04105331790205932,0.018932538284352162,0.48041574989694474,0.09552004655121754,0.06886298043201261,0.11216504574626886,0.026757782071361588,0.1158693700733569,0.040423169042426356
0.02970043306587318,0.4127783838010221,0.05597635535718607,0.13189183547690425,0.12332358862533777,0.021815048700700206,0.19305088293362868,0.023960944695499514,0.007502527343848232
0.023241626608430016,0.1031707834351951,0.10877344924100103,0.028806398156410572,0.1327071598630678,0.026058902829709508,0.22824108494568693,0.3161761533468552,0.03282444157364387
0.049961569440405196,0.08746852824269513,0.10328475787659835,0.2990402895285171,0.06869527182684278,0.06367076611108476,0.08077812233253684,0.1053568096052528,0.14174388503606708
0.1527069845416457,0.19165806524927467,0.03505871684529552,0.1156337482898191,0.07068150579482535,0.0487382963514991,0.10654038277452187,0.20121200706926667,0.07777029308385199
0.055605946331952004,0.10227419371894098,0.4622957800055984,0.046829117176108555,0.21264828573267855,0.024361196999793708,0.013289497185079555,0.038095874259472216,0.04460010859037602
0.09390177886399263,0.04351928093051386,0.10457777087969451,0.07524855897189915,0.5456276542605728,0.03836447393763188,0.029169968926292644,0.0352949249429311,0.0342955882864714
0.03818157637202084,0.22369995257796846,0.15489035235820467,0.017524991483102045,0.10766822235567353,0.03935256336251174,0.05204084857596425,0.21737004122392456,0.14927145169062989
0.14702294177875405,0.2857023479790017,0.2437272270076969,0.02390384031169172,0.13000053859517582,0.004477637204547303,0.08225253528235969,0.05914059020299353,0.023772341637779224
0.0503060591607293,0.04466523968280997,0.1976780638767799,0.1481704250180735,0.09674067975424226,0.11065473243192109,0.056075451467738846,0.1995173123642288,0.09619203624347637
0.3278741505590704,0.30295986426318994,0.024779825840839338,0.16065042414454764,0.02841321242858803,0.03507629970337774,0.023606362894308976,0.026944682207067,0.06969517795901099
0.09673849987390908,0.04184409242497794,0.09990610483263529,0.14466656698579602,0.21546933121824222,0.01576706746115307,0.050632918854374764,0.1554974279470362,0.1794779904018755
0.015614313502295462,0.3903041423100759,0.08688336752870857,0.12778099844915772,0.02178083579975892,0.03464912412912465,0.08504822008409635,0.04106330425573513,0.19687569394104731
0.06881612343893517,0.10763218747850241,0.05623775856231674,0.04383796140228463,0.08522112978599682,0.01938608267805318,0.35296891588995255,0.21199973966834332,0.05390010109561516
0.2011504351750301,0.10273418208143757,0.12761699970040372,0.012563123580073684,0.09130384957144605,0.37058995218888363,0.025475922977446944,0.053989768312337295,0.014575766412940958
0.042606372644717505,0.08740667182874971,0.1008414275941063,0.024714102024089427,0.2924632866107623,0.019023011878825064,0.21814435590291947,0.1937660747266824,0.02103469678914786
0.024926508403792246,0.11407453668872054,0.3187514248858963,0.012408309435525592,0.3256689654212825,0.02407146719511727,0.06414027250504083,0.10340388460476506,0.012554630859859599
0.1284532213642585,0.10851050588560428,0.0511403056794136,0.03114196172122345,0.10758123697659688,0.027767813776759385,0.0626887112664657,0.47220996693682066,0.010506276392857608
0.08148651775121585,0.14881648200282555,0.04860970717879728,0.21313172229781008,0.05972333511591924,0.3205231321642574,0.0490904526191111,0.06235087192645213,0.016267778943611384
0.5441203550881921,0.031194540971152263,0.040118162653559886,0.031623675920604964,0.03618160670667745,0.12127690762034266,0.029574662999590013,0.10920984420037176,0.05670024383950886
0.05128001940589946,0.034816120902773355,0.045825681599383945,0.25486176104154273,0.32327724223958737,0.11297710021376291,0.0450695540829947,0.01984376165344478,0.11204875886061079
0.04228788224335605,0.04549276285175038,0.05477590948603345,0.12293802702845842,0.05036544807685264,0.37765929642564644,0.06004351701617847,0.15303193233894455,0.09340522453277966
