0.12153300171997439,0.1283963828702109,0.1316938354714937,0.10879039838301514,0.07475953758103142,0.1095219238222056,0.12184417315236824,0.10262003113152057,0.10084071586817994
0.10142191525419336,0.19468679135356878,0.06478121270805537,0.07864607842937536,0.12679569294755536,0.09825862147453086,0.13378278790879125,0.1058197560405203,0.09580714388340932
0.08766228429220158,0.14704879415024832,0.151534194121181,0.07907827729795189,0.11358604580342925,0.10813986444561342,0.06550572696419993,0.10268795892681783,0.14475685399835675
0.08045549669346352,0.1957503208579824,0.08633344810016036,0.11306334120818466,0.140202344899189,0.08487083087127789,0.14179606850129425,0.09956073068646219,0.0579674181819857
0.21803946136877994,0.005890244800781769,0.07369276875763504,0.08817213560569413,0.06116076336439685,0.1738800096403252,0.1534445948744742,0.09016902584529439,0.13555099574261845
0.1236240407870819,0.23098666847164193,0.04730585036088087,0.055570613827957256,0.1037389814639611,0.11000657115215368,0.1423111766694545,0.09795893826104037,0.08849715900582848
0.1335266030485299,0.07895930453859758,0.11801998024787325,0.029155524122387495,0.21256437847012324,0.09796674387695015,0.0401920837361233,0.1097516996114794,0.17986368234793568
0.11440298639956607,0.11989371171642497,0.10784209089983184,0.11109463610211645,0.1306045351219801,0.10956411438679618,0.09845563609053835,0.10238908365706274,0.10575320562568342
0.11590209339006628,0.10650662543170097,0.07512747847319012,0.08860400932543883,0.10811685656662634,0.12559752583935888,0.12642447084582362,0.11547554684053547,0.13824539328725954
0.12282624436707357,0.1503306674208074,0.08789166012615608,0.07163009197583177,0.11097725776244527,0.13543264573425506,0.09559158082499221,0.1102329007213733,0.11508695106706525
0.11044474729301272,0.12169858837686799,0.1294247757588136,0.09576816236147671,0.12393063070869374,0.11092672446732597,0.07984314270438307,0.0985031540459503,0.1294600742834759
0.10718613146698279,0.1355916879349335,0.11777232899131496,0.09101154654623528,0.13201919496498807,0.10481757283219628,0.08452936118246313,0.10374811764411031,0.12332405843677567
0.10591304885575392,0.14212035859464084,0.10048353331239544,0.08585470859578988,0.141182892638851,0.09591634734028326,0.0881358151740849,0.10505082149637916,0.13534247399182156
0.09240203802452807,0.011142277206432669,0.19125902475945558,0.08790971061720974,0.09903630731359149,0.15373859671650972,0.028443938211947007,0.1292279295585422,0.20684017759178353
0.11600798674251488,0.16711400613557456,0.09076099732376684,0.10307308231593205,0.10355305933135785,0.10726194217043034,0.10280689086290186,0.10506698022143156,0.10435505489609
0.1029049107964888,0.0968790229736422,0.0761444721442215,0.08723109389838889,0.11647014586493158,0.12559341501409688,0.12740958231781782,0.13547604580046177,0.1318913111899506
0.09975715746924518,0.15475878048186412,0.11647112956881274,0.08417376111671553,0.1330924677771772,0.09936192230176862,0.08278846546743648,0.10762148956106127,0.12197482625591886
0.10227412826501807,0.15573014344264438,0.11137911855689016,0.09658890679531322,0.13515935991973502,0.10495960912586248,0.09243240966539402,0.1086877752889953,0.09278854894014736
0.10164385852882633,0.13646895244574,0.14845070347779263,0.10669396481060811,0.09101762075203111,0.10809425162722419,0.0918450366123502,0.10405050907994529,0.11173510266548214
0.09820422115508233,0.14510406054623848,0.10305057434649818,0.08601436706149329,0.14702289002854818,0.11744202291758417,0.056564235330125716,0.11678446782595266,0.12981316078847696
0.08191365772797835,0.1930983286428575,0.10893933236498211,0.10185044232520678,0.1162806704745238,0.0985105579875369,0.10430075081904568,0.12190672386424017,0.0731995357936287
0.11506959813609872,0.19784616317620715,0.08960374647546333,0.08187668852612823,0.1195331902519944,0.1071389462315067,0.09729294137139699,0.10347543561433592,0.08816329021686857
0.11730185698374158,0.0413557106525269,0.1681608132665785,0.14063614800581106,0.051132513366890474,0.1096400783219692,0.08372992993169137,0.11147318363975274,0.17656976583103812
0.12163258156131727,0.13834542711502498,0.06752919831917964,0.09157376815876878,0.1380613439262206,0.09596120559350174,0.10633057746795442,0.09356463832880295,0.1470012595292296
0.11463185665500626,0.12259677651160024,0.11817531254166554,0.0975158123430747,0.12631068154004216,0.10938711715038736,0.08381380085921297,0.09875484111686013,0.12881380128215061
0.1109643122930427,0.09650588257166559,0.1323591516243878,0.08345456678072981,0.06925027099687737,0.1152667897787742,0.04058604996551795,0.1340386594154767,0.2175743165735278
0.05873846463732391,0.1345232573776893,0.17575487511787632,0.08315902383523127,0.09091210438001708,0.11387163890351315,0.04012219009761884,0.0920890474818139,0.2108293981689162
0.06294254947099291,0.11772080293345599,0.14327985035996893,0.14738694879069897,0.0710704941255756,0.09022006922066117,0.20645895510169598,0.08414586053648902,0.07677446946046132
0.1294463899787882,0.13052659867353866,0.07015316068733392,0.10047417687338715,0.11833556597849837,0.09479464985462642,0.10176269424629875,0.09319119539072518,0.1613155683168033
0.1001837239985276,0.18014464378871428,0.050958776632973934,0.08099256989317219,0.10529547968892577,0.08860966303608199,0.1414264549394977,0.09312009138079058,0.15926859664131585
0.08855684250444974,0.1897686618609757,0.11896336756108206,0.06948093405746215,0.13336833481149915,0.09199945661088565,0.07103986556229365,0.13391374196728473,0.10290879506406712
0.1886873994680378,0.14355694042027844,0.07642586984492562,0.03283290177653716,0.0723497569799388,0.1085244921340327,0.12800477798245335,0.11201296192477861,0.13760489946901752
0.10713471108610141,0.14655678662419017,0.13112898177143995,0.10459737539990617,0.09718158077548812,0.10793791972932121,0.09178462830876775,0.10832269655206782,0.10535531975271735
0.07721453716833018,0.17514611291404567,0.1410073452288267,0.08619272395556753,0.13350597413910395,0.08064073120172188,0.09764578279456093,0.10512994362826238,0.10351684896958065
0.08064822659862558,0.1951061045488037,0.09550100442993999,0.09879226346235287,0.14823034933988677,0.0842853673910889,0.12347823884672644,0.1094053327952897,0.06455311258728613
0.12033400403837778,0.10864174268851746,0.15343411632038895,0.12474810728525632,0.059679859460257306,0.10759515846922023,0.1157395443777664,0.09351385104592373,0.11631361631429188
0.10833171895494158,0.07633214539250482,0.15300949389766735,0.11568134725564884,0.07039265238139127,0.11011966921320045,0.0966121831212775,0.1085938297750871,0.1609269600082812
0.05733866625797035,0.10165206735443565,0.202566358826793,0.038934689055423875,0.1526164504746096,0.10080386993326713,0.025176067379093673,0.14001161510074328,0.18090021561766348
0.11883659743089624,0.199956208143796,0.07166819346291366,0.08181061874472735,0.14055194630175688,0.09696398303752363,0.07595505327756336,0.12417004147226723,0.09008735812855562
0.12438400115461189,0.13636298742170994,0.1410675648254931,0.06848699526994054,0.0984423528669443,0.14011250214537954,0.07995962852092871,0.10575542984620663,0.10542853794878537
0.1169175081466561,0.11990405653704257,0.1907730255542263,0.11388139973770726,0.04988883867677038,0.10295224604676119,0.08872530538520836,0.08737408259417427,0.12958353732145353
0.09979635497024421,0.13696436225061992,0.07051576091066335,0.08251151870771382,0.1341149213387191,0.11916487354282422,0.13142039678589798,0.11442671038065073,0.11108510111266671
0.2144266363711844,0.1190320160771177,0.12451587300175092,0.034245690984730945,0.04005439196941671,0.0929818240609273,0.10809290499913159,0.08717621562529458,0.1794744469104458
0.10163128892929081,0.1684637005342142,0.09064875376273505,0.08382637957880291,0.15405379264450159,0.09257168152135405,0.09722116431082566,0.11346104830089256,0.09812219041738324
0.09039074568029937,0.12751248765766196,0.09704158449912437,0.11713689282146551,0.12562737070687036,0.1013443734650205,0.12150816671003695,0.1227151087680325,0.09672326969148848
0.239347089945916,0.0718731965785472,0.05365226248229513,0.062439210129839745,0.08051319062365697,0.12045657829659329,0.14561678512688148,0.10376983851449421,0.122331848301776
0.10939176492152154,0.14939396655408257,0.07232895343685997,0.07832355680538185,0.1316308125841198,0.12265095506416725,0.11360718536171899,0.1166662439485595,0.10600656132358854
0.10146697761629202,0.009018785535944157,0.21090518046451145,0.11604530511630536,0.07284758425082798,0.13934645430365936,0.058118622015597525,0.11115006067059192,0.1811010300262703
0.09897790084688078,0.17834933749795512,0.11974597697111426,0.06810023900767664,0.13898479394867205,0.09426413911429905,0.06970962185020414,0.1175242790271749,0.11434371173602297
0.09542691823513201,0.12020842490880135,0.14856341073087173,0.09346293550849576,0.11157153998559859,0.10709617814232457,0.07988453540834868,0.09932431975066651,0.14446173732976073
0.10936429050500479,0.16155527764253905,0.08150803343348771,0.08650699634683984,0.15698569995053968,0.09832517077111674,0.10359751844994945,0.11029293775716238,0.09186407514336037
0.07090675161864006,0.16336740253303858,0.1157767741218901,0.13668474599660602,0.09606383395711494,0.08743489442328999,0.1606547985383114,0.09597906757454479,0.07313173123656413
0.1002926768669115,0.1345538653790871,0.0986964791039658,0.07124373116924167,0.1239244190024213,0.10838625874778995,0.09829521707776767,0.11832984573251905,0.146277506920296
0.06894692788923117,0.08436091846723316,0.15881000608786747,0.12012152089538974,0.12375007876874784,0.142215898576834,0.10557328103007811,0.12118402302153967,0.07503734526307872
0.196477759969211,0.12087214809295947,0.08805930582353083,0.0656933479261032,0.083427089426927,0.12103988219466925,0.06994069488317119,0.10888247880467254,0.1456072928787554
0.10778377662991585,0.13806882877327303,0.15655811377571088,0.10684755735607443,0.08882097956977734,0.11313638020772994,0.08569538319773932,0.09898439223698975,0.10410458825278941
0.10603229234870698,0.17565046079625604,0.08880619788561837,0.09378029039049347,0.1240768693961725,0.10497237043832552,0.10936659115914425,0.1168395938363172,0.08047533374896561
0.09569189217120076,0.18135154829200736,0.09261129812978408,0.1258696871758336,0.10682903506286445,0.10596473348570716,0.12581262991921763,0.10063360825166366,0.06523556751172128
0.11377758424183092,0.17263501105432214,0.06389603633637743,0.06935159078887486,0.13071570538455826,0.123936721764994,0.10894821710548641,0.10826916438605146,0.10846996893750456
0.11924621421058856,0.1191281973034744,0.11187667166832622,0.09914176440503548,0.12771262440217881,0.10789285330792604,0.0874943064995698,0.09804942495559192,0.12945794324730872
0.09766792486906688,0.149936108252811,0.1012742531451624,0.12035762217136829,0.11750767644251923,0.12615597089686076,0.08026807390566362,0.1287672591450597,0.07806511117148812
0.3140009722539734,0.0911270947251065,0.067268169493704,0.03972022125625807,0.045058961002879976,0.12625513038366645,0.11260949862226084,0.10562742184944858,0.09833253041270214
0.11368824879367499,0.15189867248793779,0.13562545528234052,0.10578405360446347,0.07519905919584717,0.10803171473328278,0.09168242779206737,0.10628904300844326,0.11180132510194273
0.0930445128719396,0.17020967859997346,0.10055835571924042,0.07779411593911152,0.15003425903908107,0.08443124971503112,0.09094422177515767,0.11007899180052833,0.12290461453993688
0.08567132890132428,0.08099773951524701,0.214054274751067,0.12284809204513263,0.056536389005646275,0.09658896645612515,0.10247230781897772,0.08766170703265197,0.15316919447382796
0.058206985877940126,0.09996415175459981,0.06624378636641029,0.08554392122395815,0.16472186635112687,0.23093231136382245,0.06679159897304097,0.16358984933716614,0.06400552875193526
0.119336841965755,0.11179756813926965,0.09044133832510426,0.12297808746377072,0.1321235061960192,0.1044122136077466,0.11634091069333763,0.10185063382933451,0.10071889977966238
0.1122742301191572,0.17505422906400112,0.06682184682329373,0.09653763757632473,0.1052070254167811,0.0996361973375907,0.11989012592231657,0.10237123012110703,0.12220747761942778
0.07045622690812492,0.18772635210230934,0.10002792247219054,0.0850615741649492,0.13889196963211842,0.08723810694911105,0.11044068803310292,0.12599322058768372,0.09416393915040988
0.11175804276429081,0.13642263396922769,0.15051573326351173,0.1095826697125954,0.08815071080764487,0.11242284668384452,0.08881045632116796,0.09981369908556431,0.10252320739215266
0.09804617644289261,0.14114136426031268,0.07549015334062507,0.09041734105627164,0.12072107843713609,0.12329544958173476,0.131677065688462,0.10723750113308372,0.11197387005948146
0.11010939742626501,0.1441584085765368,0.15119514312742396,0.10472109780523099,0.09164269263230691,0.1136363741955367,0.08529412155139143,0.10019581952263273,0.09904694516267547
0.11155518894215354,0.13775627472749205,0.07636261627099065,0.09843308609832309,0.1492895913234589,0.09639385346924634,0.11226060681009627,0.10558373311256607,0.11236504924567302
0.07472985779860795,0.167555053619915,0.14903034889021133,0.05321952302953919,0.12926244689000377,0.07563665716204122,0.06274888635123313,0.10486297664658162,0.1829542496118668
0.11456768791552259,0.11340765447598518,0.11326750924537288,0.10119227799371688,0.11910064542022636,0.10227397239471929,0.09233830836282497,0.10029439937622146,0.14355754481541042
0.2147944001397756,0.17400449062287424,0.08502816029000974,0.05847014502457803,0.08531160602425637,0.1100924125836813,0.07069567698772293,0.09444876545379638,0.10715434287330544
0.1470947052867285,0.0845381174073292,0.06963815162400117,0.052673929054403934,0.08253306012110263,0.1360509911484742,0.09611607900194301,0.1329408014754269,0.19841416488059052
0.19764310217868833,0.12146931802418788,0.0993917521347597,0.05732041133068543,0.07784034709702685,0.13205421728357108,0.09441537358840917,0.1245344517752368,0.09533102658743471
0.1193952419847955,0.12118384431972144,0.08687380005826016,0.10726339531881106,0.14462787733852495,0.10588312026717689,0.10930833059342061,0.1034383023724597,0.10202608774682974
0.11584199599352256,0.12048202799709971,0.08716728030993487,0.08304414354531606,0.11405798390696369,0.1325530106962651,0.11273242527270089,0.11588959463558916,0.118231537642608
0.11705966907804573,0.159544533448128,0.10654867105738586,0.10992260913598488,0.09083842471387225,0.10862211475447232,0.09921058637544851,0.10459291580976592,0.10366047562689655
0.11840660922693136,0.13488721040291266,0.09467782876604273,0.09155496650596028,0.14313716031837737,0.10619187172314155,0.09001110337020485,0.09916238146690376,0.12197086821952534
0.08493039371906669,0.054422671044590275,0.18046562724883874,0.08701295772121792,0.10170586749743127,0.10433873715817392,0.07047701149981277,0.12110883908880148,0.195537895022067
0.12543786834914236,0.16549294126879335,0.07984070429684069,0.06634947526983673,0.12624011691393414,0.13455096822400073,0.0976442883257218,0.10640226041537411,0.09804137693635605
0.21443382986963608,0.16403205623938596,0.13237548941890728,0.09061771755020132,0.027927479319607224,0.0780235576328581,0.1240491260964217,0.05825014900403292,0.11029059486894938
0.053343895197753344,0.19841367228324572,0.127105890616063,0.06585327982280709,0.18126527819873142,0.060752774896220794,0.0889316038236339,0.10381247723550772,0.12052112792603709
0.041938449447338134,0.06788310107320678,0.311436295146271,0.045571550355411085,0.11862796119381773,0.09101436858500016,0.03331786487414159,0.12600934499468294,0.16420106433013051
0.11113221480577001,0.13406522626145745,0.1220770691474264,0.08956911071491319,0.13449606528665564,0.11102878681930455,0.07802704751407062,0.10014768717615243,0.11945679227424964
0.10490487745827741,0.12687945820220117,0.1446152017476308,0.10700893518541255,0.0774775030216756,0.10585777785625901,0.08863464064232034,0.11039896897535006,0.13422263691087297
0.07985608479046326,0.16626286584896813,0.12859109293400803,0.0839859310285902,0.12253280863521664,0.09363078758939392,0.08290479555437084,0.12472461763613109,0.11751101598285796
0.051916363998014546,0.0877717370868813,0.1907703909199059,0.055027459263264404,0.1746645313698015,0.10996920314978335,0.05235920878253345,0.13819816066464305,0.13932294476517246
0.06499633684468094,0.14487034667584964,0.14861845557642275,0.11606203211088795,0.10779749062129979,0.08659543609032748,0.14950331567742345,0.10421044438208062,0.07734614202102749
0.08602291979933586,0.1748257519350365,0.12357601878747924,0.05540460130967933,0.13891202017202,0.07642693553135291,0.06286723614100054,0.10205906393413511,0.17990545238996047
0.13237738756801476,0.1688925363940422,0.0635580470480283,0.07241950840806959,0.08770500597638807,0.12987351982501608,0.11749564475420414,0.11845210691977758,0.10922624310645944
0.12324269467440685,0.14445505345886755,0.06126015451413328,0.0831226770057379,0.10170922160281133,0.13092954112389807,0.1693103016452043,0.10766594037061478,0.07830441560432601
0.10144446155050706,0.15168176879290732,0.11261275744587106,0.08438746237403467,0.13608528587250224,0.09823127597522252,0.08409888471836614,0.10737757356733708,0.1240805297032519
0.10116712955053037,0.1323412711562779,0.0882803740289652,0.10397646325371523,0.12360132698361063,0.10678875955062976,0.07347633817364115,0.14095643797419063,0.12941189932843908
0.07713384993178692,0.17789336453527518,0.12775607837871025,0.06036690370913078,0.12062997892461702,0.08661114793162357,0.058054577666411,0.11951423381579294,0.1720398651066524
0.11303661793392632,0.12389189782859061,0.11431214744716633,0.07710976608770323,0.10224891726196245,0.1274781529735506,0.10180688828329924,0.11576571082397902,0.12434990135982216
0.08888673787648062,0.1016807436151248,0.12271512200863958,0.11205654015700939,0.1509710303376452,0.10964143596878906,0.09412199823831825,0.127540261480091,0.09238613031790205
0.09210590406529424,0.13958214894294504,0.12022683401009256,0.07735571805869162,0.13412799649267018,0.08068824296097983,0.08647066474275238,0.09760568382823077,0.17183680689834327
0.07709200915453883,0.15696290741127222,0.11969301551477562,0.10716882704976467,0.12443787665886297,0.09961721156176662,0.10687702496249912,0.1164910933469704,0.09166003433954943
0.107127565865912,0.13541335882775407,0.17716113327469798,0.11208182073163168,0.07280942879266826,0.11102890982701903,0.08687998821572673,0.09479021156208811,0.10270758290250215
0.10631187390647866,0.14007225076414523,0.07119248982214303,0.12735470032788299,0.1372152308390012,0.09178283028812313,0.14855863676522493,0.09710291904164321,0.08040906824535758
0.1265293851032051,0.1535799460892917,0.08749512188538498,0.06844708473596202,0.11496787399676034,0.13678956483495203,0.09503132670133063,0.1089362955617117,0.10822340109140156
0.2928877021557466,0.15138689724968143,0.11543302594028237,0.03300187135047898,0.038723100126424416,0.08085209380673564,0.11259166661770792,0.054984059543125706,0.12013958320981698
0.07782837975419311,0.043132312319409886,0.13550228690082378,0.03341029238581159,0.17051157489141675,0.13215530838912234,0.0754736813727479,0.15302997080503405,0.17895619318144063
0.07997854477262815,0.20437253855757223,0.08606144083281454,0.052148293154814195,0.1293861651736557,0.08102443001329687,0.06901277367825936,0.11040821959014814,0.18760759422681073
0.12319072239606695,0.019676702124407506,0.060324004819983595,0.059170626023840656,0.0816968787200112,0.2761172735150064,0.06903935548899344,0.1524074727964555,0.15837696411523464
0.11181105951076027,0.1138047880143248,0.13288503242011004,0.09881794641022956,0.11951426827595402,0.11054101281238189,0.08123001707803798,0.0974336808748455,0.13396219460335593
0.07084344480303258,0.07279438239746926,0.1340474986068666,0.07679779411266631,0.1289702762627267,0.15300097643093982,0.1096100527186931,0.12667676630931604,0.12725880835828954
0.10505251138766113,0.12867028969785452,0.12769057943135698,0.09266242791114336,0.12580573714599372,0.10575862063976728,0.08393452396834332,0.10283246828076399,0.12759284153711564
0.10480037323412317,0.15888039538540588,0.08375971195961114,0.07790792738667615,0.15012915425469306,0.09089995142305352,0.08810957645339397,0.10307119068892741,0.14244171921411564
0.06417677267839554,0.0925205067175094,0.19650262963038959,0.07078118011841421,0.13690862153174385,0.09809850866729775,0.06889114149769904,0.13060108035872667,0.14151955879982395
0.10554826932094412,0.15943641391600713,0.09703701662700563,0.09853578179629087,0.14743998817423176,0.10165271284214111,0.10523534186935718,0.11021112174543235,0.07490335370858985
0.058187873249321474,0.1365719149652622,0.17386151021784033,0.08297732288350053,0.09080351602764324,0.11375769549654628,0.03998272043210233,0.09217398129231032,0.21168346543547334
0.11944636790439617,0.1405108633626441,0.0740381660651434,0.0900164026388081,0.14498262478494117,0.09977974285699383,0.10121913796222122,0.09627641264682979,0.1337302817780222
0.0792469571488042,0.1687148802091432,0.13992824803440315,0.05206333779670793,0.1553019672828748,0.06995493768475318,0.07071471483994578,0.10396126320483717,0.1601136937985306
0.11744684614358819,0.12241950694387503,0.09403158776031328,0.1095309457803567,0.13773533955644834,0.10741703497493417,0.1038796118789163,0.10333984899562028,0.10419927796594763
0.10438050507124062,0.15965296964763895,0.0527717920550534,0.06152819882687131,0.15832251136650452,0.0841843327488959,0.13307301537166463,0.08485969607093667,0.16122697884119397
0.08533326486657465,0.1732469452657062,0.08409409923461052,0.08223922191068239,0.12734578859148019,0.09097489293086543,0.0938726687113311,0.11833478670656528,0.14455833178218422
0.058943210005989594,0.13373741829967434,0.17647334440505788,0.08322750681989495,0.09095596459621617,0.11391759923304394,0.040172475598964856,0.09205988012965878,0.21051260091149945
0.06862934988714241,0.05380957847715714,0.11956718317864634,0.07296597757100248,0.17069518773652784,0.1805023941024604,0.06899411810431262,0.15401585130538545,0.11082035963736526
0.11171450816415374,0.1486311430815296,0.07103780809285214,0.08266752359790858,0.15066409845037135,0.09350542190932715,0.09944948803235153,0.09831952104769397,0.144010487623812
0.1330060368866987,0.17475999615701024,0.06127417288693709,0.07093867663505181,0.11158056336019812,0.12433061966957996,0.12327354296338928,0.12077828631927505,0.08005810512185983
0.1744915205596925,0.14992339838573954,0.07153998752244879,0.06374715028346253,0.06245318427549443,0.12996118508942114,0.12512662961086,0.1145596126650086,0.10819733160787252
0.1075147506916687,0.15733219686999592,0.07680770695376746,0.07142657829933179,0.16270683591091986,0.09546979829695183,0.13116742850621657,0.12135567218727315,0.0762190322838747
0.07149853210950485,0.12310590215304947,0.17462088102637674,0.08506504989903473,0.09559699583869576,0.1111880343998805,0.05170073877409797,0.09074456737170068,0.19647929842765932
0.0574659837381567,0.16347475705148243,0.12478494387066015,0.06163946861058961,0.1270455823067548,0.08505042342545148,0.10657487214515525,0.12963057102106598,0.14433339783068358
0.09436265100119905,0.06797440864064748,0.16403824480170506,0.0658366468668996,0.08742173797259778,0.1215102138641768,0.05783248448519216,0.128577975961729,0.2124456364058531
0.06696366837106292,0.18190081445625336,0.09503753654599166,0.14689979422956556,0.1019763021195902,0.07214125293673664,0.18264028193528936,0.08175158132405295,0.07068876808145738
0.11065374611684249,0.13938019718780623,0.11632017690382535,0.06754074454330156,0.10282614124972467,0.1424807523427458,0.06862253655297755,0.12538264997303325,0.12679305512974318
0.09721698282100528,0.138958697672915,0.14257463054904917,0.10123126605117928,0.09749731640410303,0.1043585546399099,0.09210817944819553,0.11049130287172,0.11556306954192287
0.08409078312410168,0.17745645681152933,0.08609675804691352,0.10954826460351676,0.14702967267424127,0.10595239568595348,0.08707166043503776,0.1255563254123168,0.07719768320638938
0.08514745328009297,0.14506120723618007,0.07697978933743166,0.07352815176247667,0.13225178346428787,0.15672666878880753,0.093683450702,0.12480919731324813,0.11181229811547509
0.10098782623892477,0.1443942916095986,0.16098402418480884,0.0986835242210834,0.09338843446933531,0.1101983060500759,0.08455964593281168,0.10453286048343406,0.10227108680992737
0.03330564051513657,0.08597909728648677,0.2837494791328216,0.06975986576062077,0.14286751738998968,0.1005217482689396,0.08796653638782169,0.11197182254333522,0.08387829271484808
0.06453468250481138,0.12022942396671248,0.049689102489486096,0.07358920023555093,0.16446588272181317,0.1181026533252243,0.10932177024956136,0.11435409493854055,0.18571318956829974
0.2441305902690749,0.16531523320399774,0.12835435887349247,0.053019955887055464,0.034537972747989226,0.07968578355168514,0.13393331912982928,0.06529339254432937,0.09572939379254637
0.09208571153357957,0.17097357511523645,0.10567066230594102,0.08232309720318416,0.14574196727338673,0.08728758477019853,0.09197526539961538,0.11216481048360631,0.11177732591525187
0.25998194881742104,0.09977683702310354,0.16027231347168905,0.04499712872531896,0.042701045378625485,0.09892562685978341,0.10686529070623996,0.0744534049602578,0.11202640405756076
0.15386606008494416,0.09159498602406478,0.07264316840395102,0.08869985368478289,0.08415680363043247,0.13575394267662608,0.1742041193830616,0.11425294288638134,0.08482812322575566
0.2484030228306935,0.02000474037869126,0.21441685656718468,0.020678278798110933,0.17854889154952916,0.12914850824445367,0.006639234835712052,0.08498368403046776,0.09717678276515701
0.08279564654450587,0.18364139899154464,0.07381743141148255,0.07619468072032143,0.14425830743476642,0.10944841642095494,0.14805859083808656,0.1117556309259834,0.07002989671235423
0.08646711979164845,0.17754669016762606,0.06402369452380624,0.07105922086166909,0.08225878441788814,0.09068050369281216,0.114821346732548,0.10190077200165469,0.21124186781034723
0.048783159744496256,0.11905538802185368,0.15763135764551503,0.07066271495170519,0.1887535633578762,0.1325610366366426,0.0757224914813978,0.12820777603731875,0.07862251212319452
0.10833312438357419,0.1344333821275838,0.11498317555860522,0.09167084822374412,0.13290270337004584,0.1044702129483568,0.08563491466017242,0.10362176067295074,0.12394987805496681
0.09964295104303045,0.11065701332586798,0.04591936674581084,0.10730350282331537,0.16455979503260348,0.13575690682307015,0.09904409008618754,0.1196847450219463,0.11743162909816783
0.07599302780689234,0.07560509728262298,0.19074827506099404,0.10853868828807924,0.13182765599264626,0.08631576855604949,0.08644305982231144,0.10800845777357583,0.13651996941682845
0.11122788957734568,0.13710671915154968,0.10767655560369664,0.1026848626376383,0.13711110243191296,0.11051298037601176,0.09323787455294406,0.10394565882299144,0.0964963568459095
0.09176525140527148,0.19724531181295699,0.09121468993081443,0.04361914636288112,0.1603787966079388,0.1235868476454089,0.039308120268384476,0.1350213443744243,0.11786049159191936
0.10012722565629921,0.06572763854157467,0.11667959103601322,0.11791455854919941,0.07702791396890571,0.10694042889810733,0.12521138484025282,0.11090838397721052,0.17946287453243703
0.31755572708602414,0.0959431514700464,0.09577197018950297,0.036186833096900024,0.04094200300973661,0.0903114150427242,0.1650596843737761,0.0694122372308513,0.0888169785004382
0.10321081804003425,0.12408708414807572,0.10092772092582968,0.15339425452426342,0.0831033660510355,0.10520744138345167,0.15118646921488876,0.09926878166098892,0.07961406405143205
0.08258277664723658,0.025243538561159143,0.2684609039452609,0.03939129573780458,0.12232112176710097,0.12314207072344745,0.019544515205029162,0.1435886712051003,0.17572510620786094
0.06255401176061982,0.061499651376140184,0.16633500828961148,0.06022221479772927,0.1679536567396047,0.12162794226237428,0.090325456297097,0.11803937592361509,0.1514426825532082
0.10123701943056873,0.13888421937422543,0.13355040604016757,0.08760223556629004,0.12612950681871785,0.1067740945473515,0.07857037177992239,0.10367386366185623,0.12357828278090026
0.10865200262522683,0.14869838878180294,0.06127394825631905,0.0759874826290468,0.1601367357856193,0.09119748732804585,0.13553905915605954,0.0975740291042511,0.1209408663336285
0.098638818921092,0.13176322852456365,0.10397155702248893,0.07416245302274421,0.1185558536899921,0.1091495372966596,0.10325000430378263,0.11924636628287329,0.1412621809358035
0.13231165386087537,0.01172966537535613,0.19807290348028525,0.1289009121781093,0.056153453888638925,0.13298346831753932,0.10676504058983416,0.11127511393613165,0.1218077883732299
0.11428102309329786,0.20605696121898778,0.05492828516489323,0.054001666398099134,0.11747712193759012,0.10510606462348539,0.09983083319326642,0.11583077111227551,0.13248727325810455
0.09199636151719819,0.15809444099757905,0.1220340865480047,0.07174368165479979,0.13750474192256643,0.08684805284050838,0.07740862176062084,0.1078511245457595,0.14651888821296313
0.11039089173079826,0.11485933326357008,0.13465062654624974,0.09802552578032775,0.1191636377528677,0.11083889887193943,0.08009871943381834,0.09743826539223348,0.13453410122819517
0.2921658781811343,0.045139170909154154,0.08366663008668473,0.03656555864815999,0.037489443467232896,0.14318222634112643,0.07577476387512755,0.13073077588910664,0.1552855526022732
0.08949964832690153,0.17713039610208467,0.11651912980820926,0.08311610306912456,0.13922902300919857,0.0926110071645763,0.08887626851676876,0.11714852236742264,0.0958699016357137
0.09638231255094439,0.17334000046699471,0.10572104698362816,0.10411694574510783,0.13338419210073868,0.10193918616442608,0.10087944027986885,0.10761429542649058,0.07662258028180073
0.11185360059490355,0.11999736540214179,0.13199779499629308,0.09344266848681594,0.1282868723441217,0.1115915266808354,0.07860840515996945,0.09870532856285487,0.1255164377720642
0.10760989508698043,0.18539425308510293,0.07223329371502961,0.08845138984770089,0.12491797427716794,0.10390550710305184,0.12789217624991026,0.10827841119200891,0.08131709944304721
0.10344353789666093,0.17641649552776908,0.0744253443759924,0.06793394690556583,0.15623071902440286,0.08665132457980347,0.08867324562187921,0.10141352868523834,0.14481185738268784
0.10761474778025482,0.12923620904061336,0.10689345914173344,0.10683110936513833,0.13349303986697972,0.10304447644320368,0.10300932045635053,0.10627300908816435,0.10360462881756181
