0.09595622164739971,0.08710983584906139,0.04264670788231015,0.15327314221801797,0.09382337944853404,0.08035912144048511,0.08180632587100271,0.28982846738999446,0.07519679825319442
0.11264078205457535,0.08871244884708324,0.06726721911273233,0.13540911775888195,0.14777060138504217,0.13930195280625327,0.05753050240453581,0.1262252113681923,0.12514216426270364
0.11223008935721925,0.11494495230921022,0.06323006203980837,0.11283321555936453,0.11602133872774952,0.08178155592748339,0.1011495723567205,0.17982225609157065,0.11798695763087363
0.10594888079472109,0.11555812403321307,0.05198808380390437,0.11776361874350978,0.11713781202666222,0.12552975365674493,0.12778481841449557,0.1137214220787167,0.12456748644803228
0.09847434554874829,0.08235171273230958,0.055828982703265966,0.10619504717819496,0.09103213404751477,0.1014442744824255,0.22568634218862063,0.1284234216361919,0.11056373948272842
0.10371937034129047,0.07857723075650025,0.04780032426707522,0.11836593621532832,0.10419691517803288,0.09240174552249868,0.13305869875712545,0.22074459815667946,0.10113518080546928
0.08306420924882715,0.11449387346969268,0.04398379244314401,0.1914275775315386,0.09440564843209298,0.07497397035308638,0.0391676016904405,0.30421501606801504,0.05426831076316272
0.09494048531990203,0.07008793844598858,0.057525889602275816,0.12342415995964795,0.1011770672283376,0.08947873714563621,0.09483182983410217,0.2800025904143854,0.08853130204972422
0.0959190980681122,0.09681677349328995,0.0556802696768236,0.11615303402650123,0.10970652636059203,0.12228050370515427,0.14641184412185318,0.1247453789347474,0.13228657161292612
0.09588153050309933,0.07930568496625807,0.05247661807796872,0.12117045143839657,0.10131666336306722,0.0973354741884393,0.1534772608050394,0.2011551671016438,0.09788114955608757
0.11347425688742722,0.11411564200664799,0.06096138551935152,0.11768111800039117,0.11855357884406535,0.12680305521782909,0.11552678392604859,0.1078180951968498,0.12506608440138933
0.11053787794392807,0.1274478793410241,0.04597314330240045,0.12379453792348212,0.10893376494097677,0.11374577543603874,0.12742338603820125,0.12893459834304008,0.11320903673090839
0.11145987513815293,0.07685252657659909,0.05369881351451714,0.11703322665248451,0.10833723652818794,0.0899813527297003,0.12144800291391127,0.2211568389042601,0.10003212704218674
0.10391660937689606,0.12271516040470333,0.10801542021304178,0.1081329525631358,0.09306527427509559,0.13360434864936346,0.1374889651671842,0.06724876749240961,0.12581250185817014
0.11164732509709595,0.09830650153278146,0.04771425813082416,0.11792874099147393,0.08955938468371487,0.08645310805502958,0.1839030294938873,0.17085516471337023,0.0936324873018226
0.10634363250281788,0.0890637852299515,0.09559183872558445,0.11369544985487541,0.1254130052466464,0.1072191380344693,0.09555629360627993,0.11589245849716984,0.15122439830220538
0.10061892910275398,0.09231581248206844,0.04987316453100241,0.11365093865053792,0.10874654132104493,0.108681468802737,0.1571122605266666,0.1509151083455967,0.11808577623759202
0.10002534007485575,0.08742663363468513,0.08733031433751008,0.061546651698005224,0.12572672660660303,0.08051881592842525,0.18797305046852567,0.1858244108058252,0.08362805644556458
0.11317213569080638,0.10815843174559915,0.043539092907415776,0.11797105726074046,0.113483019585616,0.11005203135922366,0.13824412157523475,0.1433193427003177,0.11206076717504611
0.12369657722775136,0.10574543380510511,0.05489274998436252,0.12496372676546723,0.09455910094282886,0.08997970291770602,0.15475046238370874,0.15488247142920716,0.09652977454386298
0.1165257109297466,0.09480070113814056,0.07235222344627483,0.12480559913490952,0.11589255700282027,0.10548437702587343,0.10848815407974614,0.15157184304788388,0.11007883419460478
0.1187088748593143,0.07324151086590915,0.10868164461934453,0.13485129232976253,0.15476346415730635,0.12712991741406443,0.037635961106535554,0.13199428936800436,0.11299304527975884
0.08451054412946785,0.09678117247861735,0.09507289191607372,0.11762265131843334,0.108429017316739,0.12674462698139582,0.11327401410481452,0.1211424214327123,0.13642266032174608
0.10940425131856701,0.12234699526835609,0.0491833252806436,0.11757399803869745,0.11969780298913456,0.12477428944503462,0.12423823101305125,0.1136170478663819,0.11916405878013352
0.1190402349547867,0.16709424737931253,0.09028607958519502,0.10832836287209881,0.1305206682600823,0.07479470651605745,0.09913423545949801,0.08999178743749625,0.12080967753547296
0.10985829673117359,0.12015591855822409,0.12120379969486185,0.15204029244441394,0.11328457346699199,0.10114643660506324,0.07427282688725238,0.11088355456256142,0.0971543010494575
0.11890885956151537,0.13297474564223152,0.06774153154900762,0.10397238945765859,0.08628150113553466,0.10317133349699348,0.20424132034898046,0.08137521203145155,0.10133310677662677
0.1030339351607749,0.07505491893313661,0.054917760652913206,0.10305078273926795,0.088970234152233,0.09130139344938186,0.2075346716997674,0.17481282681846355,0.1013234763940616
0.11489710500518456,0.10917323210277978,0.04819404985227408,0.10686616241188461,0.09952903432025857,0.10847772193423182,0.1983584887888691,0.10719564285718215,0.10730856272733531
0.11305595116718596,0.1130291625703707,0.060027748189064443,0.10831705243491759,0.09433330043079104,0.10592143548841278,0.1913283889424542,0.1045284097143932,0.1094585510624101
0.12343794620640104,0.08799413019522644,0.045992758099484804,0.10088262391500528,0.07926354116595331,0.07138130110193529,0.2278032165495056,0.18101711690750774,0.08222736585898037
0.09600416377999206,0.12544315438807552,0.05747409250119425,0.11971065816362621,0.10796298811257572,0.13035818312569006,0.12861013249078368,0.10344048480889094,0.13099614262917147
0.11408154898478667,0.11558489452351611,0.04407511326219347,0.11849229869469756,0.11632968511783226,0.11527291694811116,0.13079830531995845,0.13191609388183773,0.11344914326706661
0.07631241416285695,0.121331112054414,0.1153787135908323,0.13960182875526206,0.1507671216625903,0.1074139903750443,0.04624747517863859,0.12360598100171183,0.1193413632186497
0.10866086182122216,0.11903521577767245,0.04897955415516475,0.11708751715917103,0.11880857641195097,0.12349068182336381,0.12811078662374575,0.11620503663226833,0.11962176959544073
0.10087752395267774,0.05158611027285556,0.07040386798896346,0.0718155256988577,0.10064171217655105,0.07758272662978784,0.16050080245549572,0.2934000039085237,0.0731917269162873
0.12953996290561112,0.2171319900845393,0.051423296246423444,0.12329444394497573,0.11372855699557159,0.08364989386544519,0.07903157789222459,0.09115671560202439,0.11104356246318459
0.10603888635746365,0.14862909074191002,0.050224653592152425,0.11271996590268701,0.1314217441503178,0.13499233655072587,0.11095070839215515,0.09509847005230214,0.10992414426028596
0.0915509667830876,0.09579332124474506,0.13787333477840066,0.13634606335407232,0.11240776232494466,0.10702615644507248,0.07414155072916849,0.1440958569732215,0.10076498736728716
0.17054636173419366,0.07489017662566622,0.10174581414098527,0.08786143015824072,0.08871236075752693,0.06662927935315456,0.2040635600069418,0.12270669534082017,0.08284432188247061
0.11168911820806128,0.13124207133624513,0.046624206665078,0.11618315381657503,0.1233902982220418,0.12542460332901367,0.12052156145864833,0.11155652747090285,0.11336845949343387
0.10703311862755809,0.16309393039729583,0.09792146184669781,0.12260807565255871,0.11484940705860978,0.1426243762988949,0.0772189354500307,0.06815790297279922,0.10649279169555503
0.08853095384746468,0.06826447558239841,0.052267502720753645,0.12334192499592195,0.09726373493001839,0.09277956914332726,0.10098180729255903,0.28828951142882514,0.08828052005873151
0.11012577902334952,0.05075452810992944,0.06829534078443746,0.1456009865789021,0.15881886667227996,0.11849852550593515,0.037333546877315854,0.2036774976757738,0.1068949287720767
0.1014017550054354,0.0881961139314807,0.05286747358609319,0.12367552177540438,0.10877018392856345,0.10416933265632876,0.12795953173343066,0.18393557059178012,0.10902451679148323
0.10113843356117198,0.10266454584647655,0.042905266204402326,0.157663221260712,0.09452184464189188,0.09396699152390471,0.10632603966417704,0.22588592594291446,0.07492773135434908
0.08817184161401916,0.077231205303847,0.06313516640650856,0.11403976902879716,0.10624671441768298,0.11132035487003065,0.14076885754336146,0.1770525097427481,0.12203358107300487
0.09638104622455719,0.2472332893564527,0.13926386351453174,0.0900046203987863,0.1387362432511652,0.14433518980893315,0.02938885750417107,0.08061060144353556,0.03404628849786708
0.10527523894803548,0.09525002307276277,0.04697120784384488,0.11439906541631867,0.10958357102064831,0.10601801186724984,0.1537817883387739,0.1550156973583469,0.11370539613401924
0.10165192549247996,0.09528205251243434,0.11929444653022873,0.09600909184712504,0.10165080085249674,0.07239841817232624,0.20276075117824266,0.10914120570568718,0.10181130770897913
0.09437455878819194,0.0894653356393378,0.04471187029424328,0.1535464248915652,0.0947107912819875,0.08590699929942643,0.08468000300298861,0.2723781133450163,0.08022590345724295
0.1062348911304714,0.16957412758453314,0.07009302840400904,0.1472600248431682,0.10325556178617905,0.11374782078427215,0.08131664721724606,0.10327329260525524,0.10524460564486576
0.1048531016015047,0.08907256386524082,0.1277223615099666,0.11876109604989758,0.12774978295617703,0.0957555538484147,0.0683472870658614,0.179216548811966,0.08852170429097123
0.07724766287603912,0.19572129755928716,0.19355381269746963,0.10134840851765818,0.09250574425900497,0.1696598769513554,0.03933350881351021,0.03678515610389619,0.09384453222177917
0.08840241064796413,0.0893520830219608,0.1777329511944725,0.09639501119784123,0.11257281543396946,0.1313520586919152,0.08691887147300088,0.062257475023930475,0.15501632331494533
0.09831585987657991,0.08025527214341638,0.10586931174667147,0.12548888870207428,0.14070728514569322,0.15825501238648698,0.054281046616434826,0.08588437814462362,0.15094294523801932
0.1000129330492629,0.16997739382601992,0.10410801435373611,0.13973024157352923,0.1369179419198046,0.09936405125030605,0.032695859285759916,0.16594499796827306,0.05124856677330827
0.09646534577759858,0.12686937895840686,0.04647069164200792,0.1319135101231158,0.09537704820682606,0.06534019280001438,0.07840379929447842,0.2827348165328687,0.0764252166646833
0.09973310978802331,0.07699330227505945,0.05113323743942724,0.11666982756641818,0.10447171361414213,0.09565848883919781,0.1356581374776417,0.21414437553022506,0.1055378074698652
0.11705742891390203,0.08695573754690004,0.06978566427724846,0.12203426192448237,0.11490068646430492,0.10043688678488634,0.10917104277747793,0.17151585533118482,0.10814243597961315
0.08203199160928765,0.0947049856346635,0.1212012123775793,0.07910158578008002,0.12003192291627386,0.09613964982910113,0.11826597695727571,0.175896868186768,0.11262580670897081
0.10660656651020213,0.0794186596586372,0.05224579772742562,0.135351663928962,0.0972388719014163,0.06700890964995104,0.0972043385570735,0.283404627238941,0.08152056482739128
0.09928966651705334,0.13453421952198927,0.0726337089659913,0.12475950026435774,0.12869674008985432,0.07384774130145906,0.08308292403517262,0.1326510075905833,0.15050449171353897
0.0869818180006519,0.07657068778371866,0.055139197029330594,0.12264637720384712,0.10013641841996927,0.08884337571810301,0.09052143117054114,0.2968526570619607,0.08230803761187766
0.100834236597601,0.1408707202643321,0.05675825552846659,0.14612484140359702,0.10358989227303121,0.11356531826325716,0.09924153883293357,0.13288352314255747,0.1061316736942239
0.08685366749018886,0.07358479824474627,0.07375148190599645,0.08568583573768347,0.11724902066084748,0.0952399294822689,0.14810342776705301,0.21356479313718538,0.10596704557403021
0.11058374309647358,0.06910846215211501,0.06522159520448517,0.11198702980576798,0.12499230205617406,0.0777628168401401,0.1037021401407026,0.216581475515607,0.12006043518853449
0.10448843700921791,0.09911102395150702,0.054907722019842294,0.1054020525240788,0.09420213833759879,0.11154005047792748,0.2144806688922962,0.10137184814698492,0.11449605864054664
0.11019478565879841,0.09743952701028541,0.08593058047600706,0.113099068410128,0.12029067558089908,0.13604341375125903,0.1023536355376042,0.10506782577550404,0.12958048779951478
0.09964609861619689,0.09742689555085937,0.05251910244550815,0.11641767519626012,0.1100375134874851,0.11751208548431845,0.147211801979388,0.13251153709129557,0.12671729014868835
0.10104404639336673,0.053575627503297495,0.09871719486192236,0.07670228914607712,0.13466794862540077,0.07696432119468245,0.08113907384690518,0.3090501539416349,0.06813934448671301
0.10481125057590145,0.0651557671975361,0.05210254768516578,0.09414015802071513,0.08743915154081161,0.08002019008089092,0.2092034399900372,0.21551287270996314,0.09161462219897869
0.10433443147517103,0.0976322204622504,0.0886892489373496,0.11811387528024558,0.138204747534053,0.10544662481891194,0.08913977427572818,0.10386567709085341,0.15457340012543683
0.07322465692413256,0.08774781743559416,0.0866334191294339,0.12036407353247607,0.10703141120557842,0.11644421325671173,0.052917171286543725,0.2806963229164106,0.07494091431311889
0.10174581653167179,0.09215967064789567,0.05386999085135713,0.12505563071025072,0.11046986898292159,0.1070318634486495,0.12535563149468928,0.17473095389401563,0.10958057343854867
0.09533618191180737,0.07559614981721798,0.054650546144135725,0.11467275164562855,0.1047887677537842,0.09937017223941208,0.13969565038387155,0.20567832450517418,0.11021145559896835
0.10516529790089409,0.09532373170128883,0.04815099367931352,0.1263511657875495,0.10327816910727301,0.09171037027045137,0.12190929764322278,0.20959878511499053,0.0985121887950165
0.10974909707334307,0.11923779041485788,0.04857602091139879,0.1179211768752023,0.11839659869558344,0.12287641197794134,0.12657246909310704,0.11740556930710182,0.11926486565146432
0.070930555405719,0.1412034975539963,0.18579155782604476,0.0891757727947675,0.14356243556783635,0.1509745169270533,0.04668319818842446,0.036513916491809836,0.13516454924434845
0.1096795606018282,0.096525238819455,0.04953119207860277,0.1069761108999759,0.09462150256619639,0.10336052860476173,0.212565646338824,0.11777053743719047,0.10896968265316558
0.13661257270926946,0.12776141322476184,0.13087634519027394,0.08995818196692712,0.12491593351215691,0.09719169111827984,0.07856397754122778,0.09524751126881409,0.11887237346828905
0.09754678374057572,0.06202000391452023,0.052917521646213085,0.105622369426546,0.08473683144082385,0.08302750784290554,0.15174869989312995,0.2828484222065463,0.07953185988873927
0.0806854309991702,0.0810371758059455,0.06191024102822979,0.13672723274087803,0.09983180159163346,0.11587403302213724,0.09628656134028207,0.23044488549995787,0.097202637971766
0.1062401075107842,0.07222115112622203,0.11356456851347878,0.11537025187034032,0.12319978206925951,0.09340917376832808,0.09313176497751073,0.17414370403110413,0.10871949613297231
0.08986498159642299,0.11158003525983688,0.07659168430298309,0.11093057959542563,0.10940525791966833,0.13596197984471078,0.12703480241256307,0.09663241689887847,0.14199826216951084
0.07329338018525756,0.09975921824970024,0.03699013280195052,0.19379112565570678,0.0815767680947049,0.10338438872426188,0.05003650613809325,0.3091214688043285,0.05204701134599634
0.11514505946464766,0.1384176817411509,0.04314996795642432,0.1270216895893488,0.11027716672305121,0.11515611889844658,0.11840428396839603,0.12309559834845919,0.10933243331007529
0.11523447097294892,0.11065553344491601,0.0772431714787631,0.11582968294495562,0.11892672796278841,0.13291107247894543,0.10398843393240835,0.09733647153617934,0.12787443524809486
0.1046156790452175,0.1003074995898386,0.04923449310078067,0.11721756292678655,0.11097211143271374,0.11400506805065445,0.14437775448766343,0.1379303612709988,0.1213394700953462
0.09152028813336206,0.1030325604754269,0.10301347852432062,0.11001202871723881,0.1134355595700562,0.1499209866658138,0.10284640025468245,0.07764405227018686,0.14857464538891232
0.1182921208218523,0.11723179786547638,0.05570181448611031,0.11819281230354466,0.11930551555563486,0.12329174751137635,0.11541325955445447,0.11325070788491674,0.1193202240166339
0.1035105612418668,0.10766016106476206,0.07130039538512063,0.11601449937183349,0.11628987921337176,0.1338491991005125,0.11609741166633096,0.09875424363572928,0.1365236493204725
0.11768644715910732,0.14910951912172832,0.14947159093183396,0.09927446854371898,0.1143199155971411,0.07826942778539349,0.08315649142619237,0.07930757685563034,0.12940456257925412
0.09515889216978969,0.09710983460369282,0.05630254986477252,0.11598704222253053,0.10988719496429296,0.12341307756622773,0.14629320524138176,0.12254745775516795,0.1333007456121441
0.11103612225933453,0.16688707477382203,0.04527287071507199,0.12494574430398718,0.10552804577777193,0.12010155859331,0.11040000866356951,0.10741904874666484,0.10840952616646798
0.12030732405472942,0.09654815980564409,0.056839811429682495,0.10615046413031388,0.0971629862244442,0.10529556250369905,0.1936441975246259,0.11369325643512761,0.11035823789173334
0.10952253383882266,0.12993384566398192,0.06354534049722128,0.11125003496744933,0.10614034588998973,0.08564862729747354,0.0574133601200125,0.2949898876216473,0.04155602410340171
0.09414338228860382,0.08144518659886905,0.059407830069437444,0.11821098229267746,0.10718907754660327,0.10849698518080464,0.1337708534107589,0.1792826007760758,0.11805310183616968
0.11622083975122656,0.1551471964758244,0.05780978969313533,0.12878509092593202,0.11452193684739613,0.1301873638548974,0.09503909408318552,0.08920723860228012,0.11308144976612249
0.10078552564575677,0.13685405137724446,0.09119578145624156,0.1198234460909093,0.1424712687724722,0.06381843446514829,0.09249122455576747,0.09848138412764855,0.15407888350881135
0.10781190948143837,0.16098937921528692,0.05339647939056108,0.15740253640786758,0.09526942841275637,0.088296960444245,0.04970891786449504,0.24906421119406094,0.03806017758928875
0.10902727335935299,0.10204548528383854,0.046173236851080025,0.11765512714702157,0.11130760809010513,0.10998758269196862,0.14253705635032152,0.14543880772613485,0.11582782250017672
0.11275154900404295,0.1179459017930312,0.04442210341376488,0.11766267220635447,0.11785522205281963,0.1170338233423452,0.13136035587576766,0.12736758007568116,0.11360079223619284
0.104439985703374,0.05901792614980204,0.05795025197589163,0.08808288161929671,0.08836221878692545,0.07836891115149759,0.20822453049088896,0.2226345424011784,0.09291875172114511
0.08371439252277402,0.05929318622407858,0.27446373300523275,0.05590199686371424,0.12334590641913923,0.19214476756316926,0.04784248919558152,0.05594136217451464,0.10735216603179569
0.10714375655403856,0.13390010512772146,0.052264879862261616,0.11559036714263639,0.12464180791125497,0.13203772196681443,0.11574571438101189,0.10083354184083342,0.11784210521342729
0.12431838155767978,0.09282462833162312,0.19571450969367332,0.08855801830641552,0.10225595878278977,0.18284924266521144,0.059697719289473865,0.05820780543701553,0.09557373593611772
0.11829966763183053,0.07658322840141295,0.07928865784307886,0.1020505043814461,0.09782933785293117,0.0942215590037249,0.16911134468986125,0.155348916803385,0.1072667833923292
0.08897513574951144,0.13366498498206583,0.0484092323504391,0.12959788884156243,0.08942536106443828,0.08630408083063838,0.15086906607253006,0.19275121995442726,0.08000303015438724
0.08785471985483308,0.07983647169689674,0.21430656932332015,0.091902830179986,0.13984157430400776,0.20305330044953526,0.017587445145675968,0.04707975434397402,0.11853733470177101
0.09217757599219804,0.10847713458315171,0.06145499012846023,0.10333569501255951,0.08877204770190456,0.11468250560741906,0.21772189948724577,0.09716172387766826,0.11621642760939299
0.10662255107077284,0.07280670150347897,0.05840429039581169,0.1180998434842319,0.0899294334068886,0.08556018946964379,0.13144641282192931,0.25100867412024025,0.08612190372700272
0.09236136459429832,0.15012505866396622,0.059581051572555256,0.11400831169412612,0.10421989219977945,0.1367924894386551,0.12135889634965365,0.09168147716883197,0.12987145831813388
0.09819516331802725,0.09052631765683304,0.08040560238132531,0.1284216178014667,0.10153459052676223,0.09236794395684257,0.10623716592717507,0.20968966004796918,0.09262193838359872
0.10278470407921676,0.12963323557396964,0.05089464692182575,0.12032069346118128,0.10729429480504009,0.11889289998006795,0.13111979831192713,0.11966858242382757,0.1193911444429438
0.10808243514776089,0.0998961249040924,0.04628645524725239,0.11671930739899535,0.11070876048047502,0.10866573680895501,0.14588767279535234,0.14862749145110937,0.11512601576600721
