0.15185775305129576,0.11413833735910538,0.07485688606091126,0.13466131949334798,0.13418442599186384,0.15072474905408328,0.04544327634237211,0.11296991240823416,0.0811633402387862
0.09965537370323639,0.060111447861203,0.09915620474756019,0.06151067031929175,0.13461785005792481,0.22900246149374293,0.07333298910653557,0.11015791145214482,0.13245509125836055
0.10678262522452474,0.09505664076357752,0.09199878949018629,0.11937058488620278,0.17004881097047395,0.13413383494653944,0.039454511379305945,0.11456413053396797,0.12859007180522142
0.14082623870100952,0.05225483945067655,0.07875233363842458,0.11789911050758439,0.02365017429142087,0.031032672163525732,0.450452893716715,0.09678988988177896,0.008341847648864462
0.1049392119128663,0.05115788320732959,0.21196542341537414,0.05129890432869929,0.1851299236119354,0.06703243594116834,0.1801240950177474,0.11115013935280732,0.0372019832120721
0.09286142351375674,0.08014978352164202,0.11125298017730796,0.19180449804653266,0.13608214825700823,0.12540855771938533,0.09378592484720498,0.1179125601105269,0.05074212380663514
0.04847424476238991,0.14506787421499864,0.0866340449226627,0.11663638625485473,0.06009436191970085,0.13170644316296853,0.20525462483698118,0.1404488580313804,0.06568316189406297
0.16074154459111362,0.09353711077323419,0.1085031359587852,0.14038676562499655,0.15754925141888676,0.11149530187816746,0.08052593598050511,0.1124498103988237,0.03481114337548732
0.0799967954729221,0.09563336759407622,0.09713469729809147,0.1218406059658536,0.13753248466333737,0.18173951627531348,0.11298831264588627,0.11595552737530583,0.05717869270921367
0.15453372438303606,0.16114531094833265,0.07208410462701018,0.13800135957847817,0.09489910050808677,0.10432909411359126,0.07011152525721459,0.12062930655345265,0.08426647403079757
0.1259492341714674,0.13249803289329756,0.07958248345438274,0.11288726752155052,0.14355296208577997,0.12077557591308159,0.03905779370388079,0.11741400189313049,0.12828264836342898
0.07514072256285874,0.11770287407514834,0.09239811977004415,0.14179449938825772,0.06859125055801599,0.1408654393044184,0.21782185819401578,0.10265483790639333,0.04303039824084757
0.17023582349957536,0.11032414219643528,0.10048878164310339,0.12235578666909197,0.1246838969117585,0.10736933094783067,0.10744793540673103,0.11860784515200491,0.03848645757346889
0.12908168333217052,0.09197783673709721,0.0959898797758888,0.13136266160667276,0.17170022748073147,0.15159078022472336,0.04472055413285203,0.10589308420726025,0.07768329250260357
0.09599209799664554,0.07019456918950971,0.1413306673510792,0.08527881413723333,0.09816766986934782,0.11929396196472618,0.23603690059301496,0.11600263691221595,0.03770268198622729
0.1567980997380923,0.0994541090967924,0.0896031238884264,0.1222998477858059,0.14905056292158023,0.14847519324848446,0.0648428217639666,0.1141209920577216,0.055355249499130094
0.03223561988663966,0.06574182847252712,0.15637366523843746,0.046694414516553644,0.16856987429039527,0.11639795827856347,0.0920772343144887,0.10860356900167652,0.21330583600071806
0.09189216818593826,0.1369219355532919,0.07060770579908861,0.24139093793225117,0.06906990167227434,0.09764557254479966,0.15503341521598749,0.11085223391646382,0.026586129179904754
0.10621273200722064,0.10816760844243818,0.08768433444586247,0.18332923750520014,0.1286864566894886,0.14124677248022235,0.07464607421756174,0.11572889727055406,0.05429788694145169
0.09706036153344184,0.13915693838478668,0.06686064599577116,0.2009326287159828,0.06306515284172075,0.11917323546547383,0.169930403517216,0.1140194503627146,0.02980118318289231
0.11237619538261186,0.1298831617590447,0.08027179381794,0.11465353591761863,0.14066824552221252,0.15444869275079873,0.056600413428877915,0.11886431491769778,0.09223364650319778
0.11977234052226292,0.15432624627611724,0.07431490220141412,0.15375013779697422,0.11656862786465556,0.12714784742693827,0.06380683269993725,0.11787253721064574,0.07244052800105462
0.09406238751644912,0.08304544583944605,0.10785672285637608,0.18197283233306294,0.13788298437120947,0.13727907734201897,0.08638647361831488,0.11655442841293806,0.05495964771018447
0.05585678562004207,0.22207540833722703,0.07316788313414692,0.1413649116632534,0.07289501339981613,0.1231224282758046,0.12242340437678763,0.11100425440091473,0.07808991079200743
0.11436489284656555,0.10434417464336938,0.10377494227186594,0.10254341069886085,0.16088989070017778,0.14681170938090296,0.09247890634556839,0.11976433558932868,0.05502773752336043
0.08536895314559928,0.18332880032783674,0.06818815914797682,0.13042876811889748,0.1152687999421161,0.12111913311414763,0.04120168685758832,0.11702414367544461,0.138071555670393
0.1859826702822586,0.09900795658648577,0.0824774916150865,0.15046351730776733,0.11486401342193082,0.13638408770322338,0.08387876919208838,0.11232451665829764,0.034616977232861564
0.20685055285483653,0.07835377972114663,0.09783212070181585,0.14934164481367548,0.10535098695386029,0.10194834640612765,0.12848479673739155,0.11231034523354326,0.019527426577602838
0.10917171012610172,0.061102111409084024,0.06264299599874994,0.1183780629341275,0.021143257027473678,0.03352557232358222,0.46026478413006794,0.12255529333884978,0.011216212711963212
0.12421032634202049,0.14516121811851349,0.07057263354508135,0.13682424664520665,0.10932582258841507,0.14843248972354398,0.06648344171483705,0.11969515384001828,0.07929466748236373
0.1432038649972822,0.12665017034703493,0.07490635578559747,0.15692004537577323,0.1422203821533821,0.12087739610169757,0.03719613956584394,0.11221320773548572,0.08581243793790283
0.11455947207600181,0.12257711833065514,0.0823794428468505,0.09565254680062256,0.1565211526656038,0.11257052958705606,0.03265789719070497,0.11669232858805162,0.16638951191445361
0.11339267639955909,0.10331091369403324,0.08903148362375467,0.12996092614045507,0.1567159691655111,0.134127116631578,0.045740993986228794,0.11675212232318394,0.11096779803569613
0.18587702550960664,0.07821716036715587,0.10018214117533149,0.0918396792682817,0.11310752216421842,0.13652275988608487,0.14677265893492836,0.11769965903818141,0.029781393656211266
0.09716572938597445,0.08443568195275852,0.10386495856688205,0.18887244390265837,0.10509397407541153,0.1267218928296441,0.12808414854675373,0.11939435588105302,0.0463668148588642
0.27385229621766327,0.1280542799684924,0.10995096028493302,0.13033945685239814,0.06536186768948461,0.05765855599900962,0.08360681834288945,0.11482092998994999,0.03635483465517952
0.16865303344778673,0.0835347097862748,0.10660393837422773,0.11848116221580564,0.14929208973067146,0.13017390244761523,0.09568104771173928,0.11386199125573805,0.03371812503014097
0.0913335907265989,0.1394318660976442,0.07140109058181852,0.08178681074319254,0.12103834350933212,0.13472192904540115,0.03678063177284382,0.11777129891287659,0.20573443861029214
0.18536439650684225,0.13465853221172389,0.0712723164825117,0.1820697817917997,0.09014321426039618,0.09877036968889054,0.08358862006085732,0.11435868203271593,0.03977408696426251
0.06020763002639443,0.10649910898552523,0.09845337426222782,0.19520368437517133,0.07445436957939,0.09413311438602667,0.23644192996267824,0.11028154822568552,0.024325240196900775
0.1625829807896999,0.1084407599942044,0.07262045698707927,0.11381018080970594,0.11331440693402516,0.17473629195110119,0.06241926644003362,0.11607338963822096,0.07600226645592961
0.12239974661721405,0.13769835832042998,0.0756978681123661,0.11228961423131938,0.13555115971507692,0.11320068052934636,0.03610150288466154,0.11822731959205195,0.1488337499975338
0.09212487077426819,0.16136607889745533,0.06823808974905628,0.09873619484332487,0.11505767893085132,0.10423502354081626,0.03235223201031002,0.11772975442830853,0.2101600768256092
0.09420219901674565,0.16277483312681607,0.06892410415777957,0.10407133300999222,0.11707386363258243,0.108485554742881,0.03418746501577543,0.11804806011613607,0.19223258718129152
0.09612355686492287,0.0736774364478838,0.3740679056282333,0.11869877027214894,0.05540114142686071,0.03034592583556471,0.08844813521851136,0.10372322820994939,0.05951390009592486
0.09689302759199177,0.07815971954868883,0.11785085584730498,0.10080769920958545,0.149559021726819,0.1622842947081943,0.12978529025828325,0.11970020506185912,0.04495988604727321
0.13653821215480205,0.07984355452819658,0.1416833878288862,0.08703840773854625,0.18700167427352962,0.10889116496819545,0.10345996707914963,0.11490098119976845,0.04064265022892585
0.10998914403308137,0.12488716983687469,0.08335643743341153,0.12520285416233992,0.08970518616183405,0.1441062247654252,0.16579441923686875,0.11876970264944425,0.0381888617207202
0.0742160394113534,0.05083819011498352,0.24815630879742265,0.09357595377554978,0.10544488902877518,0.05307805919556397,0.24037107533791904,0.10329809628951787,0.03102138804891467
0.18675435965125411,0.08679322237266535,0.10324248906079535,0.16529415069861825,0.08956145961502648,0.10308047387394519,0.1299220347012043,0.1111092495812402,0.0242425604452508
0.1871753911956047,0.07512277041182848,0.0807656028660471,0.11647800931339647,0.07139574716968076,0.11830711108898485,0.21343364907660453,0.11830552767722512,0.019016191200627964
0.09240033877519542,0.1465847960058879,0.08641654865638694,0.15033381555497027,0.13216772741787072,0.13545762464466274,0.08000211812794818,0.1177989903484334,0.058838040468644486
0.11368677107302959,0.16870769048912929,0.06944251950267287,0.16577780709598613,0.09818168358590638,0.12385003233454106,0.07527061388413518,0.11728467619238726,0.06779820584221222
0.13028043660952546,0.12012696184790543,0.08646329932975645,0.11840775480234156,0.16310910838699802,0.12412407532107046,0.0410457075348556,0.11539041866874122,0.10105223749880592
0.12252071281018356,0.0874043708743678,0.10217195063514078,0.14891538016077213,0.1721806455644274,0.13164570940733836,0.05481319338162438,0.11348860073746586,0.06685943642867966
0.11182399800508987,0.10592361217706463,0.08274361742611894,0.14699581830313305,0.11440208239304618,0.16882779935598424,0.09141444049081139,0.11906770989081199,0.058800921957939734
0.10814289734824935,0.10071333815647125,0.09778943806679714,0.16739971233980355,0.13163868975372353,0.13567304101208166,0.11317509938831018,0.10967138461985637,0.035796399314707
0.09840680500843862,0.05260914645528589,0.1685843987337978,0.0990222660400094,0.18963775540285874,0.10649186466147238,0.12226967159600947,0.118271226257511,0.044706865844616715
0.07824619300333632,0.05636800660578279,0.13954376128766455,0.11484716347437833,0.17616062392600554,0.11688625584737085,0.06642041840737005,0.11464876685181769,0.1368788105962739
0.09077792398248491,0.11062375568339612,0.09179800573773339,0.13438098737161863,0.15876035780568085,0.14672052902178712,0.05319305050188792,0.11697532513901664,0.09677006475639442
0.11640270257656404,0.12539534251537973,0.07909351607202121,0.1015313609152821,0.15134354889353427,0.11124129154578122,0.03114446452605338,0.11644993687809178,0.16739783607729222
0.13340210216588308,0.11131275480272373,0.0958951879913082,0.11164130529081599,0.17143553676247988,0.13164716026074724,0.05004191476678432,0.11451767179344707,0.08010636616581059
0.09348248292543798,0.1570165988692328,0.06972185781499216,0.10316890133680652,0.12381033069762137,0.11329762869640503,0.031202651221656875,0.11647841066505187,0.19182113777279539
0.12196672571613908,0.14456516041988826,0.06778171211380847,0.1407053854423225,0.10985228309182811,0.15554116716490105,0.05757277374310336,0.11756016099196676,0.08445463131604243
0.09782240600344122,0.07102561163365806,0.130408941172845,0.11074699445653896,0.17502782962355326,0.1292770721351976,0.08722523248758358,0.1205711071973204,0.07789480528986191
0.10898994784633258,0.14656864245614012,0.07712480775705166,0.13943833947356118,0.14087487610423188,0.12870175275462967,0.04541072069764528,0.11690675006495839,0.09598416284544929
0.17281384447855305,0.07843902735591689,0.09009420480206182,0.14213966032279082,0.08908340598942699,0.10994978727560899,0.18043047244155652,0.11808508195413205,0.0189645153799528
0.07815261544208452,0.07134275822917276,0.18391382014060853,0.10746674296178083,0.15984515446983003,0.1298170277340195,0.09178607508411567,0.10669209417310589,0.07098371176528227
0.1725674374387701,0.11152171914299557,0.07102673240495071,0.12148042154325606,0.10230572284148925,0.1703130834492563,0.0724680409256426,0.11610837007179033,0.0622084721818491
0.15981683408981176,0.1035634412968961,0.09464798540537217,0.15612264962199093,0.15121863895342313,0.11802866834205912,0.06393587666774775,0.1111463620947127,0.04151954352798631
0.10515990332465099,0.08841260539523633,0.10814129697070118,0.1119832945726283,0.1754963045112793,0.13490697234024754,0.06121353790841858,0.11895007606810505,0.09573600890873267
0.07263937329121312,0.13124015510530085,0.07734131732564417,0.17900557764435943,0.08479096566765293,0.15546652390212315,0.13314604240221276,0.11813951908978344,0.048230525571710016
0.21867963346719763,0.04368071633767401,0.0802783616161962,0.03715211876951837,0.0315023548180513,0.07553692266817186,0.34878649661253464,0.10362245824788778,0.06076093746276817
0.13206288318055512,0.06451347378588831,0.14461104018341203,0.11736095943019087,0.16032975992830414,0.10702550563626267,0.1266194358862149,0.1170310595821895,0.030445882386982526
0.1176375201712525,0.1366336758919131,0.07535336943069065,0.12522660959972096,0.11965053943832316,0.15950065337636024,0.06953936646676376,0.11954056123035572,0.0769177043946198
0.22218318317441113,0.09366371413686227,0.07207754224830705,0.14374355572807454,0.0769973590311366,0.12295262126541817,0.1274793766509649,0.11506397738368405,0.025838670381141297
0.2161571137021595,0.09655110518870913,0.08402797710792143,0.09258924232971395,0.068999279313679,0.09400114762958016,0.20370425925514757,0.11656113306530062,0.02740874240778855
0.11360193510846928,0.12947704044441646,0.07052671578513738,0.10178853836805614,0.1327588201003314,0.10466796718591033,0.02542191006973706,0.11486636475989047,0.2068907081780514
0.051733708896933135,0.04740501927653459,0.1429783722965327,0.04284863293384083,0.09345089584531958,0.19186977578176037,0.21574267106143732,0.11310923851143241,0.10086168539620899
0.13873267432766592,0.12794654607929856,0.07632816809288061,0.20113760674855344,0.11128957960974246,0.11591106374145117,0.07801795053265141,0.11316063672695402,0.03747577414080241
0.04717632084761857,0.08615514187854083,0.08999604143532969,0.1264080840437677,0.03782883367474746,0.07310089237493773,0.41048976279952804,0.09489859750330464,0.03394632544222543
0.1813698041156139,0.13687361006161183,0.143668960749204,0.10070584816454879,0.09240914838936598,0.06517354706303372,0.10403599529710487,0.1249035602455768,0.0508595259139401
0.10468782748347603,0.16074682296533507,0.06669989922853559,0.15599505074510228,0.0887412480164016,0.15047558902834623,0.09298491736854815,0.11819445759094245,0.06147418757331263
0.21452617302975674,0.05904437220785232,0.08694097392304191,0.0542217223668316,0.07050462833974776,0.1300411030432949,0.2272218577656906,0.11487071974567635,0.042628449578107824
0.11995030577627096,0.1359667860727424,0.0751055330360606,0.12668469751429873,0.12244405643553162,0.1578967292964409,0.06342287303923387,0.11854405036058328,0.07998496846883756
0.09996731066803932,0.1382769619867571,0.08131710520732421,0.1236699264140878,0.10255787708776996,0.15799284834533903,0.12397656485193848,0.11985699496767262,0.05238441047107153
0.14424789354294984,0.1032833094485024,0.09111925449224668,0.11156800458593581,0.15912535380348555,0.14568309600299392,0.058803063704156215,0.1159231359946471,0.07024688842508238
0.09044108186141542,0.06468848939396495,0.11209865066091586,0.11573193857816318,0.08567254735477485,0.12660512464552567,0.26365094532505373,0.11935603462744575,0.0217551875527406
0.05908491509933276,0.14874763382106318,0.0704459668506734,0.1978903361623343,0.04685233280156153,0.1054940905214617,0.22815861681732827,0.10346027176445698,0.03986583616178789
0.14953874413104842,0.1750468263594073,0.08953511157037737,0.09499416941513457,0.08771271306843696,0.0871521802289487,0.04106856354038931,0.11815363296564518,0.15679805872061217
0.20474884445260658,0.04998890403966499,0.08471228667846487,0.08122689571480414,0.05240106526171078,0.07608462875025974,0.3235804657292549,0.11517939718288601,0.012077512190347963
0.1002808668903042,0.13347528561574165,0.0834421381022515,0.09218710424598626,0.13004962098878234,0.16535333625366608,0.07394522099265714,0.12152765555543592,0.09973877135517493
0.11660878968990346,0.14084631747886056,0.07666526760927461,0.09979419848609689,0.13003815959228626,0.10886915489552773,0.03799558303474109,0.11985030694164127,0.1693322222716682
0.11563463938410279,0.12760642483714868,0.07170495005203004,0.1014542277035204,0.11838887439981242,0.1789075552424888,0.055987937102802844,0.11860258109742616,0.11171281018066785
0.14926049456769006,0.13350373690728543,0.07930021304644928,0.14512077704517154,0.1297520681575851,0.12012833907325125,0.05513098688482807,0.11672836803175547,0.0710750162859838
0.06752060397652364,0.04850219644226363,0.13940628122105905,0.07806467212305081,0.17262908194023327,0.12049850288679136,0.058592037106086715,0.10484730145171385,0.20993932285227776
0.1228707250236513,0.12160421606903282,0.08517121185476963,0.10679897548678363,0.16200258285763489,0.12086935002942052,0.03720518076289004,0.1161689393306971,0.12730881858512003
0.07911258479107987,0.09503548403080403,0.10027498745528168,0.08103087048798939,0.16624540146526778,0.17441035374172797,0.06356601866892712,0.11780940919646299,0.12251489016245927
0.14120585320273157,0.1331447556854157,0.08352441136570955,0.12642947748173566,0.13720182277042245,0.12173092830282818,0.055379744061532926,0.11863243146868947,0.08275057566093447
0.08565178025459395,0.06590345095843862,0.12282307173348035,0.07525801174324402,0.16779556632204584,0.16492700758114032,0.08550208340664534,0.11914518242892148,0.11299384557149006
0.12991504068138102,0.15486550913707053,0.06631622120676496,0.18647298556156233,0.10052746461422123,0.1264489565440402,0.062627984223001,0.11371435520285779,0.059111482829100885
0.09585510302441107,0.12471143192559309,0.0831622538179103,0.06920232967901851,0.13730849562633574,0.09229719125550902,0.03500519163268236,0.11936366602517201,0.24309433701336794
0.09432068694978374,0.17409914654836664,0.06491516083090677,0.10812373083712286,0.10248168426882136,0.10310935725220251,0.03565640644732727,0.11812753392440263,0.19916629294106628
0.09862743192996876,0.0867078389632311,0.14269432515836838,0.22045671347098547,0.14826130680962735,0.09963102711801346,0.0611026335978467,0.10196165974241556,0.040557063209543186
0.11108375261980143,0.1526828258367269,0.07124174178180982,0.09250651947216097,0.10763433163322089,0.09902996937959148,0.038316717044570583,0.12022252967514069,0.20728161255697722
0.18128571049803546,0.06661262708620184,0.10117945712824956,0.06344407973811565,0.09670516770244257,0.14268098289784348,0.20114662936268132,0.11670982000549472,0.030235525580935386
0.14242391930795273,0.07519994337462192,0.088857615963161,0.06411014784221454,0.08379667028357864,0.15709351187061588,0.2345743923030846,0.1196319646364113,0.03431183441835937
0.128299882327043,0.09927898854085511,0.10303287435268431,0.12808016588361573,0.1396254233877711,0.12924227603050342,0.08798426899696443,0.12159715791455093,0.06285896256601194
0.23625796936154772,0.10000043430754524,0.06516902541801783,0.16955315092539724,0.06196314526090168,0.10896967825343473,0.1273461712810234,0.10947638971216427,0.021264035479967882
0.08448399190548343,0.16255408467870852,0.06771804560501082,0.0885510025957637,0.07879679761523241,0.18274071358138233,0.10578617008230211,0.12470084741458898,0.10466834652152773
0.1173650718409579,0.08437019685993095,0.0940418843736505,0.13023790757992657,0.13179458172129968,0.17285170345450038,0.10179278131836622,0.11928013111067622,0.048265741740691676
0.14851663527916628,0.12104900192059918,0.08610414243120562,0.1384910809426812,0.14456309647969157,0.12719617656740193,0.0555070946389451,0.11463723403786043,0.06393553770244853
0.16089352218456243,0.07520829131792355,0.12053049761077583,0.16563968261390272,0.13379149580003588,0.1140628480245089,0.09383018474844096,0.10837799933035815,0.027665478369491528
0.1424292196947396,0.11208136974206218,0.08446916062586131,0.10444245982865132,0.14028434245053448,0.15708949413820417,0.05905836085987124,0.11724251686137806,0.08290307579869759
0.13193386389800602,0.14687198075669453,0.07089726283324412,0.13077253220528007,0.12089456433666317,0.11561653254684505,0.03926381959723957,0.11760815825754374,0.12614128556848378
0.17633984260205957,0.06524810672891301,0.07921912112222039,0.037350847605746675,0.030970897343379444,0.033577151318973326,0.4594242908018662,0.08615406673694968,0.03171567573989174
0.11641835428806202,0.12753537292632536,0.08293585519207695,0.11279255663809536,0.13165220890321336,0.16130575027878385,0.0742462645959872,0.11954884346015586,0.07356479371730001
0.09220496109647452,0.09626054517881445,0.1150078839444126,0.10766114701255663,0.15117772512881697,0.1480462086141232,0.10954015603035279,0.1206061036290529,0.05949526936539589
0.13675788334455866,0.07413863618078961,0.0936764343619705,0.1570496146382168,0.06458641453473145,0.08039040342821398,0.26429862668135073,0.11541546175303469,0.013686525077133499
0.15569197226677153,0.10506328216278436,0.08369537270147721,0.12852301491179485,0.14356225757394794,0.15138516097926435,0.05664297061077967,0.11315359720090423,0.06228237159227582
0.1202250976676188,0.09192359980142789,0.08540149747708946,0.11752299583573883,0.13917005651192163,0.17435245893249843,0.0553227016532564,0.11567658984361222,0.1004050022768363
0.15021604133778965,0.08825192549052185,0.07080021816808679,0.06206689848106533,0.08852016811290737,0.20648506965665836,0.07181049244736962,0.11450814635583169,0.14734103994976933
0.10207317397419997,0.07851565269925097,0.10450556433879894,0.08301541191514183,0.1793962149044895,0.1665540693664788,0.05559152984531216,0.11512234781011836,0.1152260351462095
0.09157320898419817,0.08786316576380787,0.07538786056231339,0.222054537781164,0.04419711799202081,0.06576785934066198,0.2858028658230723,0.11339152037956891,0.013961863373192697
0.11482430757027268,0.12230815497801663,0.08883582161308327,0.17740379114872007,0.12329577158288056,0.1288447611426113,0.09308324461889678,0.11451280798561157,0.03689133935990711
0.14265115466357667,0.11998411318152458,0.07601223066299934,0.1136987972405918,0.12913484549765628,0.15448769527120257,0.04989834188878226,0.11676654117369399,0.09736628041997254
0.05527964134307508,0.09742539806112323,0.08089003798271971,0.05998485194930259,0.051139973238071755,0.14546580322825584,0.35388064831925486,0.10363843300387297,0.052295212874324
0.12288842923922098,0.06139896352584843,0.1549266900048592,0.10876654605921739,0.18723974061379622,0.10083892940671439,0.11541826782419641,0.11588120629505437,0.032641227031092505
0.24724315101803862,0.07709264678664626,0.07083034051478439,0.11657747784758411,0.063293885087213,0.1222526554707342,0.16768007526775955,0.11404688458428458,0.02098288342295529
0.1446474376602466,0.08103505018136103,0.11539876249163766,0.12361341781785413,0.14528855129576482,0.13296432421028817,0.10451984218180348,0.11126648062584236,0.04126613353520172
0.10350872197584739,0.13351237929240953,0.07872024104054864,0.09907018877148059,0.13814595115440753,0.15455286527537734,0.04974117269654844,0.11891532608778292,0.12383315370559761
0.15645789161872428,0.1315030413974243,0.087576253452006,0.12112010325330334,0.1214628047143016,0.12216212121189642,0.07915978616532736,0.11901826510743259,0.06153973307958411
0.10247155924390967,0.05738710331626257,0.11218908474913858,0.07236824864272962,0.10839492042397181,0.1870475006164565,0.21059597014029496,0.1132148248921575,0.03633078797507872
0.22623037622831285,0.05590098466134467,0.0974597052804964,0.07903856693364841,0.0860043128899708,0.11170126253098361,0.2091195249932404,0.11460542424504845,0.01993984223695435
0.14627709568957678,0.0979468132477062,0.10334858402091923,0.08258312868043328,0.14125435880778572,0.14898185865348437,0.10144916775816708,0.12025480524892494,0.057904187893002466
0.175515565076525,0.10723250193314038,0.08693043019223029,0.1796765491604351,0.12543901159085077,0.10706640508483643,0.07374546797993901,0.1111178627632549,0.0332762062187881
0.2415219701774229,0.06602068485613781,0.07804444822837968,0.08130350914112021,0.06943074480595869,0.12757709994575941,0.1927513923587378,0.11673407073790489,0.026616079748578592
0.1164751406054733,0.13198281086799082,0.08939759609575675,0.1325547482462259,0.13938209092692944,0.13780876356506505,0.07491980738798178,0.11751808418255144,0.05996095812202551
0.11058920320460534,0.1397591918491317,0.07544168698538177,0.09134100220618657,0.12609703549175208,0.10411816220126686,0.0353240158494407,0.11944079674927555,0.19788890546295937
