0.07238954502542899,0.10531941661594114,0.20225109825032064,0.14715314750689842,0.08262040094566342,0.08621246784504362,0.08681742039043693,0.12390708559583825,0.09332941782442856
0.09412209765932474,0.10438237442102799,0.10696789382884915,0.10605997349542375,0.10493680235347459,0.10855188425292976,0.12263851057933554,0.13047434618087475,0.12186611722875983
0.14408605919721232,0.07833759083725218,0.08007959608558464,0.09978530177349104,0.08929140555542962,0.15147225493067085,0.1320255722924445,0.09242140107433118,0.13250081825358376
0.11024470625106818,0.07975690276179156,0.12130350077443208,0.09410590283135985,0.09895278241798637,0.11607821423656649,0.11452178759626243,0.15941847758245395,0.10561772554807909
0.06570760221133881,0.12330966356259693,0.15400495203449815,0.13065602169950322,0.1453129847743587,0.0734584412842954,0.09156560702241028,0.10831087465868712,0.10767385275231144
0.0677575193884656,0.12051377862588149,0.14655465669306472,0.1306107617038747,0.14040606792010268,0.07898279950883459,0.09481581139894353,0.109358135033583,0.11100046972724976
0.06340889057949457,0.09759084728555123,0.26910149970280367,0.043221379903177815,0.05815634756556725,0.1795649161021987,0.10539648005804532,0.07721076585166342,0.10634887295149804
0.113365543406791,0.08565635311783126,0.11209204540640694,0.10945586169832854,0.1024744635000973,0.12689701217676522,0.12165847234734402,0.10234704751497549,0.12605320083146024
0.13720330926470967,0.07599241327757451,0.06111297083655326,0.1278291695223749,0.12563638621690812,0.1215598963130946,0.13297889404543983,0.09400216424103447,0.1236847962823107
0.07934823311702789,0.1034145132025465,0.187779523679205,0.14046199713359706,0.05285818226528872,0.09529216498087183,0.09171569284807723,0.15687003583898654,0.09225965693439926
0.07582902468451024,0.10684849964098242,0.0962561399966362,0.14462403958661885,0.15858130754254804,0.08837568358564206,0.1073409338638331,0.1065038329344362,0.11564053816479282
0.0682565541527685,0.12327990910892135,0.1437397302150936,0.1265139068265793,0.13560393147031566,0.07829139217112778,0.09756312779609226,0.11634965330386333,0.11040179495523827
0.07218772833270116,0.10793340160856059,0.12391167139756316,0.15401464174426843,0.17415989727558182,0.07309050719256681,0.09366222506409193,0.09520582314574488,0.10583410423892119
0.13440174386856396,0.07663463015856152,0.11477389411223492,0.11096430604907154,0.09938835639914982,0.13415093512440784,0.11890155724274332,0.08575617719945866,0.12502839984580846
0.14540931965107334,0.0744963541953861,0.10570753202699357,0.11044986025538006,0.07198817491913033,0.1521781490863178,0.1241054210003412,0.09512409529686307,0.1205410935685145
0.0914038554653338,0.08885638065275266,0.12504459561112957,0.15068783901608726,0.11566265242880842,0.10359740014802792,0.10794542475903662,0.10857643979852294,0.10822541212030075
0.12215268164758053,0.08451499816441621,0.11120730559099971,0.10917455530233734,0.07233725874755827,0.137459918324275,0.12540120531813778,0.11983160371666618,0.11792047318802897
0.09886913066472913,0.08926305448139928,0.1249703811090946,0.14466434556737384,0.110108246164136,0.10129363140893571,0.11072596961284986,0.11293742925364288,0.1071678117378387
0.06961828402676244,0.16870052939310476,0.11382187544735327,0.14073409489901417,0.13652535713522776,0.07164412672417936,0.08699844400785839,0.08258236224749813,0.12937492611900173
0.10005186596193953,0.09345674044656122,0.11142055406969424,0.10981838798607708,0.10378360384747727,0.11974248104469887,0.12185828436112016,0.11450020373434948,0.12536787854808212
0.08315281809317308,0.09765900889036545,0.16441288675288138,0.12303194708487043,0.1266240488534785,0.0904861076701317,0.0998550902901501,0.10310649920188968,0.11167159316305975
0.05670448954704609,0.1802118637906355,0.24104256518668518,0.12801058658822356,0.07647880770958791,0.05518165835041055,0.08018745837253304,0.08228069377166815,0.09990187668320998
0.08487008445050648,0.0942704267876362,0.1740019061188797,0.10328941404436331,0.08131855403757,0.09523485116176744,0.10430608958442429,0.16215477076524062,0.10055390304961194
0.11097438909602197,0.08223750484120627,0.09573146250387055,0.13449452348548951,0.09647823485901584,0.12618532063004845,0.12421519091376187,0.11361380903145803,0.1160695646391275
0.06925190884915457,0.14044419924048338,0.1692667734049468,0.11197254174607273,0.06683920451713456,0.07642844280465587,0.10233259551670652,0.1647374467719507,0.09872688714889481
0.10691989110159271,0.0896638349328059,0.10741714362208377,0.10801123548114634,0.10345149561499971,0.12483814391645992,0.12311538018493591,0.10989515470439547,0.12668772044158028
0.14185621605387216,0.11387733580622668,0.0974683116987866,0.06827882830069638,0.07935085039899732,0.1290987172365791,0.16603312472962203,0.09497780197658666,0.10905881379863303
0.07558365587049513,0.12205339318859977,0.11591248286434579,0.11263604401994438,0.11929773150822692,0.08920144649465644,0.1120862307969055,0.13729230621837685,0.1159367090384492
0.22023504811660136,0.04910598640456443,0.024475697173959057,0.12592504758919743,0.12016115615155228,0.13679243932387644,0.1346990256041932,0.06827772409121972,0.12032787554483608
0.07049899736685838,0.16185646066825202,0.038363270702086276,0.406077293353906,0.04301265391273101,0.09752596666635828,0.08847907151643301,0.05105713748780294,0.043129148325572096
0.06906316177470201,0.15088705074214373,0.132671196236225,0.12063478471464568,0.13179340687456131,0.0671268100850539,0.11033695869686715,0.09874494995718959,0.11874168091861158
0.07728737443435188,0.12930611817103943,0.1484046648114485,0.09830404834666073,0.11642895430417817,0.0779078202544115,0.11368772474986533,0.12354964393930107,0.11512365098874337
0.08316401784068504,0.09920558847164705,0.14664126496608096,0.12141087309036457,0.1233724061949721,0.09695275189164186,0.10493011906997758,0.10821988419512851,0.11610309427950226
0.12012637221414908,0.08147121895183684,0.11787025363188706,0.11102619992232869,0.10380123017229613,0.12771942265264488,0.11876865831592616,0.09437863532725976,0.12483800881167147
0.09530273026337514,0.2009547257131835,0.11091249495264348,0.0826941264039645,0.07820802605217914,0.07949602721025371,0.14444195664438994,0.10714201095109148,0.10084790180891919
0.09153545220830323,0.11724336917866142,0.024666785693196774,0.02647453510129817,0.013108007487788823,0.4758952137922387,0.08357111061006302,0.07826876139070695,0.08923676453774294
0.05056686374353212,0.0795788170688616,0.35696216692855004,0.041576266607241445,0.03030296957365856,0.21141661946812715,0.07153387346491935,0.07209254869036723,0.08596987445474247
0.09683478025688719,0.091148577720786,0.13743416606310796,0.11798076772563092,0.08404175190851453,0.11856438339214358,0.11414982750348579,0.1268956894142453,0.1129500560151988
0.11276591797111522,0.08474674323384934,0.09044146088754083,0.13140935444052385,0.09285097105596546,0.12437617550363649,0.12754548145648625,0.12041468210932386,0.11544921334155867
0.10528022873127173,0.0943664716764444,0.10396975545679023,0.10572742229002387,0.10055907143404617,0.12104929563019697,0.12551166643912356,0.1180621757129494,0.12547391262915367
0.12033611957358943,0.06609834628948523,0.05419696524667334,0.12576779255215753,0.2454055049800871,0.08626482826555319,0.11078055700219684,0.08105174753751078,0.11009813855274657
0.10649577838084849,0.08803096307561446,0.11813435061998685,0.11111553335474315,0.10656671841561183,0.12112048721177261,0.118974775873878,0.1050804589356515,0.12448093413189311
0.1256365622350703,0.09059696741480087,0.06594213401283498,0.10871577029956501,0.1065360600905619,0.12291924596548393,0.138521898921428,0.11505204351562215,0.12607931754463284
0.11458472135027897,0.07775349259727264,0.0658937229302625,0.12439972632677926,0.17341426087821757,0.10062109892532183,0.12883577349489564,0.09544280125005393,0.1190544022469177
0.17977299048361553,0.09074105640713946,0.04875036714344675,0.041595654176745434,0.024563860256099104,0.313779551911501,0.14165988373230895,0.07319219550003402,0.08594444038910988
0.09292758450073806,0.11002269863565539,0.13268969813102738,0.09471390565900861,0.1205548586924589,0.09054177494209958,0.1197352949360677,0.12095233323920146,0.11786185126374289
0.07208547422862559,0.11963967266096509,0.19112668339848682,0.10592231713104662,0.08717073483284064,0.079653561851571,0.10272855152959683,0.13550912819230806,0.1061638761745594
0.06512614910332065,0.14418516767534034,0.19309499908563713,0.2484646698768298,0.06252002483103801,0.06826532952262719,0.09980363351829136,0.06432083433544449,0.05421919205147104
0.08454105773270909,0.09432902193543306,0.1914183309021368,0.10756955522533912,0.1302679312513182,0.08377995250087371,0.10174439475623975,0.09588471217748908,0.11046504351846109
0.0737600113810179,0.1194840838511521,0.12235409821073202,0.11665524309904286,0.12616372739877357,0.0886020976553763,0.10808332877499809,0.12906520170987854,0.11583220791902867
0.09180163936651214,0.10610530256277095,0.1340965113127018,0.09611948336999819,0.08691158070237764,0.09883853839643275,0.12171920484965269,0.15361743378086687,0.11079030565868696
0.1252137745256345,0.08166090636682227,0.10325642077137868,0.1068459860045811,0.09933227362809681,0.13500139346969212,0.12410845587850416,0.09663340198271227,0.12794738737257802
0.09585063296512776,0.0887252600776635,0.18278862627902806,0.1521698417955417,0.029575399161341446,0.11557710388201851,0.09103063735175194,0.15299184169381166,0.09129065679371545
0.10781205975818701,0.0837372277464302,0.13989277178887286,0.1170280342405986,0.10992482828136892,0.11545165774265488,0.11147375599128377,0.09449560545897119,0.12018405899163263
0.10372148935577484,0.09814957846431697,0.12879951515031707,0.1098587077675739,0.10596001328365179,0.10496860366675158,0.11615029938179065,0.11420925689401545,0.11818253603580771
0.11138649328454453,0.09574772516945908,0.10992171996933042,0.11351199694650609,0.10024011962147523,0.09681234605710913,0.11959378514692569,0.1423224215668546,0.11046339223779518
0.12353208706928137,0.0838669369305422,0.09437597637686551,0.10421002569644776,0.09586517171686647,0.13807310411493098,0.1282404487322029,0.10183649136448601,0.12999975799837685
0.1011477832777431,0.09433882701000078,0.11813307930671252,0.10977573997022265,0.10599075950316066,0.11414278959672373,0.11963436749384652,0.11441819487636375,0.12241845896522631
0.06610979859659431,0.13138163482226337,0.13757613342202624,0.12431777044800003,0.13887643272804007,0.07410485098009638,0.09721769848801552,0.12127360315821867,0.10914207735674537
0.130273753329767,0.08192825644162395,0.0895694405443842,0.10268885113564452,0.09323548179085915,0.14277841395598814,0.12990050110367343,0.09866643711171412,0.1309588645863454
0.08052573902973313,0.0945565684569863,0.17471730659959347,0.10693568719011955,0.15279833441373122,0.07984580538687007,0.10055077138803087,0.10152634749238715,0.10854344004254828
0.10597236360035862,0.0820225774031388,0.1522770190267068,0.1195814631576813,0.11566294476629507,0.1105269207578411,0.10637496625538582,0.09012835989596686,0.11745338513662568
0.07435700938233437,0.11266057254063194,0.14396073861130598,0.12215178631568437,0.12939708084784626,0.08595735149151836,0.10199417784949409,0.11668969570086778,0.11283158726031696
0.11934673822613164,0.08218956731250558,0.11738435587385847,0.11261170340605035,0.075895109580216,0.13829170439508767,0.12220932730152582,0.1137918361844475,0.1182796577201768
0.0718644329332301,0.11459099877428582,0.20155812573904508,0.11500367230742375,0.09121465445400019,0.07841291207577704,0.09896809298169647,0.12643183685781623,0.10195527387672532
0.06529426214928968,0.1252178239642808,0.17876040275026406,0.07957671670438737,0.0618492240365335,0.1872185947091968,0.09796871740257958,0.08444661349885602,0.11966764478461218
0.13257749875590927,0.0814219798032308,0.08759994114796722,0.10217201096714519,0.09174647372252764,0.1446295266022755,0.13073277196228805,0.09777013937617442,0.13134965766248186
0.07550286122462603,0.11539438006792953,0.03967722460224446,0.4142451467016168,0.0636350088441688,0.08876932566869884,0.10491153639030154,0.059101042791542574,0.03876347370887152
0.12924660063564683,0.08229271052287525,0.08983105542846458,0.10297761224583445,0.09328211134734639,0.14237164105238878,0.12978771156137223,0.09925023843766968,0.13096031876840178
0.0931288871571813,0.10081718482808139,0.11267247450813338,0.10891373593897653,0.10750808361817499,0.11012533431957912,0.12030330108511965,0.12418720729527664,0.12234379124947714
0.098352701950763,0.08939043675188203,0.14220694621184207,0.12057978233309384,0.07344586116072875,0.12167263743766721,0.11316619371950805,0.13154294212500997,0.10964249830950505
0.06873186124257565,0.144919112288906,0.06325488415586211,0.14783664626699589,0.170145707572861,0.06725249433225257,0.11533663091662405,0.10604817628184078,0.11647448694208191
0.1386941680981856,0.07744505216816028,0.1004318866344585,0.10859535228588951,0.06978065815197838,0.15277504638225112,0.1275475463590475,0.10314938924320316,0.12158090067682596
0.1169596043186323,0.07810308713864879,0.1075075388975641,0.14090984407023177,0.07535561859277745,0.13345176493665592,0.11980700885040414,0.11880338194475919,0.10910215125032623
0.07685030601053743,0.11844108231823651,0.10550555265862523,0.05866273134089948,0.04611005086375903,0.2509250015727798,0.12377610068399512,0.09506854991838261,0.12466062463278475
0.09448933394408787,0.09940193345510302,0.1481824702221851,0.11488971083747418,0.08355908357161297,0.10330106415104352,0.11133420842455233,0.13661486660754837,0.10822732878639263
0.06879243114150689,0.12618851785751609,0.14736050699970202,0.13397966804069972,0.10630514960568072,0.08421150835692022,0.09645772283404365,0.13299171998130857,0.10371277518262205
0.05762405073438314,0.14821601942885324,0.07321157179191938,0.0863868365747446,0.03830949896512385,0.2839364206199613,0.09755906873786317,0.09670362700781443,0.11805290613933694
0.13817656815942306,0.12199809707958552,0.052692237723864964,0.04558609810930884,0.038611887088027645,0.26978381948970265,0.138120693988335,0.08640098756664515,0.10862961079510713
0.06641615115007561,0.13283952067843366,0.15287305946175703,0.13564764393012504,0.10509334873627851,0.07813834975548115,0.09388637109290261,0.13442166819178733,0.10068388700315913
0.08044566362270024,0.11538676275125864,0.08290183559490194,0.13231848176361596,0.14498747328361813,0.08663950465316576,0.11731622050837322,0.12499216263164807,0.11501189519071801
0.14573692582221773,0.08311158389082772,0.10304178706896851,0.1058172373957658,0.06865558518071602,0.1396316587494103,0.12748315857610829,0.1079879518748554,0.11853411144113024
0.09282288926393938,0.10116858624670104,0.11260626292895047,0.10900290695672983,0.10703540891328163,0.10998842214634462,0.1204264973526391,0.124637576989161,0.12231144920225283
0.0800427624582885,0.10127117969906718,0.15843576170602214,0.09643293437520256,0.14084552621709515,0.08647128882430972,0.10926144758879652,0.11028900632213923,0.11695009280907905
0.05545445006295821,0.09939718269278047,0.2625324565666689,0.038989714604918214,0.05187251247271727,0.215372041424198,0.09913196447017292,0.07077818873130964,0.10647148897427643
0.1079187963116673,0.07911656541084841,0.07979408788824685,0.1311187315610674,0.17736423734784004,0.09562212082805317,0.12024869517926307,0.09129143385822192,0.11752533161479173
0.09743327851230306,0.08769146423662692,0.13165571227739753,0.12673223649344814,0.11930776203630429,0.09778480231780978,0.1158024288178901,0.11480196495745136,0.10879035035076873
0.08920749575218719,0.09597511046091318,0.14368463447334937,0.12053490607253287,0.08795071427280839,0.11074867035890372,0.11045055992659823,0.13073611472545177,0.11071179395725528
0.10222568547221639,0.08724887620166867,0.13772210826529938,0.11675885455130815,0.11046532488616168,0.11321033716591851,0.11220704570614497,0.09978327311138187,0.12037849463990037
0.09999172372897878,0.09190393500731471,0.1047952534894215,0.11396085647340719,0.1505099432070365,0.09426478112259488,0.12252428573898233,0.10412218619288112,0.1179270350393829
0.11141973663369677,0.09653641372363468,0.09588197527607212,0.08859377215288027,0.1185561593791654,0.1112170342499369,0.1321407651715179,0.12204707261729227,0.1236070707958037
0.0689076017575542,0.14881788814448607,0.20045349298552625,0.1421285553004565,0.040010982347931434,0.07103944987214736,0.081299343790195,0.14861538810727626,0.09872729769442683
0.05962214181298701,0.267484746825363,0.14334007117359762,0.11257872373848109,0.05310127893380776,0.05629302621218905,0.09255448937423665,0.1130648231064057,0.10196069882293207
0.11980620190470824,0.08681692921662228,0.10378813460752868,0.10559154939625597,0.09875899427428718,0.12851854399092227,0.1253594411205534,0.1049986724821127,0.12636153300700928
0.10663779915585052,0.09354979852664262,0.10340393728128226,0.10544312399400753,0.1008122727106101,0.12193647589809715,0.12558528335836683,0.11692132244066748,0.12570998663447558
0.0695323284262517,0.13326381955499464,0.09815448830718071,0.129283196301716,0.05301508192676641,0.2019819481415198,0.10480957091858367,0.10257184491544584,0.10738772150754126
0.08624785904248773,0.09908571778470077,0.11106325198725053,0.14708229128896652,0.1127158505364138,0.09962064351210305,0.11220388993526431,0.12370572771140054,0.10827476820141264
0.08785176440429972,0.08817930574646726,0.12306749951191633,0.14748144060322288,0.15601806760278814,0.09209512433581786,0.10238020827626086,0.09027032374061307,0.11265626577861383
0.08695645294254178,0.10635345416793186,0.13005309997310044,0.0959352138761952,0.12240181408423216,0.09417558097833954,0.12022331973564632,0.12486845668989809,0.1190326075521146
0.06357193114539057,0.12869180522617435,0.09566369246764529,0.15427984915222456,0.18285735148572627,0.07008899266130426,0.09398482718914947,0.10259944394837173,0.10826210672401348
0.06924627879332246,0.14911673635700548,0.11228008434892472,0.2932583391133287,0.05229715173284965,0.0779686026438532,0.11299875436161133,0.0768926875091885,0.055941365139915857
0.07814465043314145,0.10737502821966623,0.13654170422693354,0.12087028578167945,0.12425496733857226,0.09407326344056406,0.10605323402706013,0.11602899600658588,0.11665787052579701
0.13636788986450904,0.07550129404887342,0.07501339010827217,0.11762688325332925,0.10976735477468706,0.13516113111819847,0.13102587084641895,0.09175920507389827,0.12777698091181336
0.10436144493313883,0.09354755731327173,0.14506372858742492,0.09885509563213389,0.09256543730956694,0.10377243788213074,0.11845997203490288,0.13277047985342655,0.11060384645400352
0.13112556626089047,0.0741502739392554,0.09730981641212007,0.0930264436487196,0.13243460937833287,0.12999530659747796,0.12441421339329627,0.09384435401847874,0.1236994163514286
0.13377086539855687,0.08096720572111994,0.08688620234182282,0.10199979973815342,0.09224022781236674,0.1451793577351915,0.13045694624535842,0.09702227708625379,0.1314771179211765
0.07097897259858948,0.12212987816231051,0.10013926427529339,0.13179159170622917,0.03652691600682779,0.22787215600498714,0.1040729879508168,0.1046211816853776,0.10186705160956815
0.12869900292877082,0.18331799254680828,0.07479819720745788,0.06272796938701991,0.071230226211401,0.09002203876595964,0.1765046764512861,0.11397066774145133,0.09872922875984497
0.12759158594418768,0.23069859230943232,0.09406143351902681,0.11420019281701153,0.05587008985159805,0.07319292595236603,0.10124101344758811,0.0951594375696491,0.10798472858914036
0.09299483179872063,0.09032036383189214,0.15177758080791512,0.12087802703279056,0.1175301547353494,0.10361681583215686,0.10616178594675774,0.09993240980566481,0.11678803020875271
0.09823135284397376,0.09548719423679326,0.12038032206666958,0.11049056286083303,0.10843280223862224,0.11170039550344235,0.11818323974492184,0.11535471983469081,0.12173941067005307
0.07468884628814361,0.11037123320906976,0.19546098273149606,0.10842781845928977,0.12806692667518407,0.07439020500084156,0.0990055412319694,0.10047519875333392,0.10911324765067178
0.06885392036971849,0.13053830678757292,0.12658012523471615,0.11953170360870789,0.12989873220190587,0.07912427699408747,0.10350736102293,0.13013978686634312,0.11182578691401805
0.07993175562241257,0.11343538155646142,0.1753010824820441,0.0957598478451755,0.13356625117762244,0.07683748344441153,0.1069014850754534,0.10410237773917556,0.11416433505724344
0.07882636476140918,0.0969519263359187,0.18820108203472383,0.13424338792731919,0.09978423682653176,0.09195238917834479,0.09434640977391723,0.11366475323756876,0.10202944992426666
0.0785907187685171,0.1174241868584736,0.055251946140302065,0.021567194924178575,0.018664863483631104,0.43350419480745117,0.09422398434295237,0.07667254039001387,0.10410037028448012
0.06543710932482999,0.07949308840598124,0.14090671777771238,0.12935000294022755,0.2513326912440758,0.07783592779091277,0.08211982416813933,0.08161127301541843,0.09191336533270243
0.09430863644833826,0.10175611550252676,0.13478521972182456,0.11235119771936018,0.08198071166588605,0.10610563070385097,0.11509386391717553,0.14365350593019124,0.10996511839084637
0.12750259640449688,0.07638825572456959,0.09170579095663461,0.09113112233112108,0.13020929253116256,0.13100180989443747,0.1275746686267196,0.09923712217563503,0.12524934135522325
0.08725355462869912,0.09155923409543178,0.1664463444798373,0.10467071954922676,0.1317659005250609,0.09304079702903778,0.10793752570354449,0.10222979287821082,0.11509613111095109
0.09488255120044124,0.0977751933428123,0.08720130703115324,0.0556864880596449,0.04233259691148963,0.28528596946491963,0.12785171306020546,0.08342124817132446,0.1255629327580091
0.10499676361662995,0.08858217264677888,0.13793708543570837,0.1157631781974363,0.07984722304564225,0.12032654417840753,0.11593607286080292,0.12404411835089824,0.1125668416676956
0.10167768006437689,0.09242105783661529,0.12822922905938108,0.11369591556935399,0.07520912938585529,0.12142570872131052,0.11919037393389838,0.135366777607412,0.11278412782179655
0.1129683496101462,0.09296638149058001,0.024364424576152826,0.11891117204322647,0.28482487789614747,0.08252881081241599,0.08316188919973609,0.08665649314118525,0.1136176012304098
0.055160335464429444,0.1719947611500958,0.23671269999202474,0.12574778365435818,0.09871857004531288,0.053230619492304794,0.07895451685084523,0.07168651625180432,0.10779419709882461
0.13416038859943633,0.1384071930072411,0.0126267253602658,0.37342130399727186,0.024650158960997814,0.1586412748968453,0.056450717115039385,0.04850590137665497,0.05313633668624746
0.07689082268210695,0.09402142927178024,0.23302418106564915,0.15727919438022384,0.059907102817007375,0.08777913091626,0.07992470382700696,0.12384531462267101,0.08732812041729442
0.07163271802163208,0.11718886678456668,0.14498017258147555,0.12422704634975053,0.13076302263189785,0.08249632922398888,0.10017400119009197,0.11690588371257295,0.1116319595040235
0.06010351078509466,0.22703274563737905,0.027638457317741862,0.4006528661049204,0.04117032354476907,0.08708478850443135,0.0598194244484449,0.054755463396184804,0.04174242026103384
0.12602354340694383,0.07014648520462503,0.10842497137599245,0.11930988898093692,0.12460383707087534,0.1190989355932675,0.12033713402406619,0.10062294735920445,0.11143225698408832
0.0853365243262059,0.0985820202053338,0.1653218152428155,0.13457267613661147,0.04978414959402235,0.10866357004312309,0.09922819398816467,0.1634524660216149,0.09505858444210831
0.0722101883077564,0.12552830540825394,0.14483946103603448,0.12131263887458908,0.09556905561606804,0.08356303733112569,0.10290909598373765,0.15068518103924725,0.10338303640318743
0.10564666109644995,0.0942907069634515,0.10356290568730157,0.10560476112161336,0.1001664096044879,0.12137673439113905,0.12576081129742853,0.11802685619585294,0.12556415364227524
0.10141848620827891,0.07922290918623226,0.14417800890712387,0.09610179172871508,0.13126635906422354,0.10577547763902555,0.10998444575977645,0.12382178782602249,0.10823073368060186
0.13764666620285637,0.08159996159215967,0.07596677185990473,0.08654574983118024,0.11941902354608631,0.13197852383952427,0.13529949876811673,0.10516383687853616,0.12637996748163552
0.15121041765093302,0.14819974531781752,0.012158232418774869,0.3382414628853964,0.0083993852875023,0.18851565211763124,0.05248290545704937,0.05175231212827797,0.04903988673661732
0.1081397869629523,0.09154550686829209,0.11464738875457292,0.09337368622518433,0.12209381706335137,0.10924872406739868,0.12581792836236216,0.11366835373710148,0.12146480795878467
0.07209286028241059,0.1360726499455617,0.11402318017603703,0.11162876287413964,0.1200294628094239,0.07972422020642332,0.10974542924240122,0.14401554877595865,0.11266788568764384
0.040285387727221136,0.1920516144999966,0.3151085829344833,0.04058658011225994,0.030785985483919105,0.11652371159306929,0.08963994548045202,0.08464406158069454,0.09037413058790413
0.08382119083565343,0.11041567111258414,0.12343446707184232,0.11215089138412475,0.11326998872304883,0.09636141743342426,0.11411407149291841,0.1292276321142565,0.11720466983214732
0.10332893278942357,0.10581314072031593,0.09355664149104852,0.10064756037859242,0.09653033600668383,0.11289411821495425,0.1291328856859242,0.13473994863671518,0.12335643607634213
0.09594585109457295,0.09508177047881189,0.11550013179631168,0.11097386057152132,0.10917855216791815,0.11511249116724043,0.11887880586677942,0.11531425759586918,0.12401427926097497
0.07075194366295114,0.1096922331238347,0.03781946997480214,0.35828801959428996,0.026741170107369223,0.2022818090645385,0.1030131664752662,0.05037241871073287,0.04103976928621523
0.08182360566930032,0.1021585620453202,0.08820396268927867,0.13686786307614326,0.14810807366254852,0.09698664023222368,0.11502198293594479,0.11138797995391138,0.11944132973532913
0.06164075246553963,0.15040573924012937,0.11954456329933405,0.1266273159871767,0.14549605440448646,0.06843788187797262,0.09527946455038516,0.12390805259022603,0.10866017558475005
0.20248346390107327,0.16715819655008432,0.05179936917574434,0.08028876541531804,0.03586728657519376,0.13291949585575066,0.15549585869743707,0.08854028978908109,0.08544727404031754
0.09507174919419559,0.0834247027823141,0.1804448755355681,0.11790906905345529,0.05702494359431317,0.11012601696093943,0.1010717540881257,0.15897206306368036,0.09595482572740817
0.08617244962747671,0.10273175215978447,0.13498285187783346,0.12844177419456712,0.11666934465789798,0.08788988790559553,0.11379326876803468,0.12110200540175631,0.10821666540705376
0.09432660381034579,0.09170137897728613,0.05594612929582713,0.23706582567596027,0.020396036791811543,0.2500309270172722,0.14375555104094614,0.05719211915174257,0.04958542823880826
0.13859964309119482,0.07974331194386808,0.08364569770249398,0.10091893619418674,0.09050809080517913,0.14826443410196455,0.13144535017155617,0.09488075396492313,0.13199378202463344
0.11143911607552104,0.08862608052950356,0.09979332117974722,0.2579272255279802,0.07842122822386675,0.10367146469285966,0.1453592154469142,0.06111558284990839,0.05364676547369899
0.10712650156440955,0.10914438300994794,0.06714230257270214,0.09922897952407246,0.13263116305247544,0.09670691823386313,0.13956756573206125,0.12554093047315965,0.12291125583730848
0.12863230724492775,0.12171635294096232,0.06582902871984699,0.03800739549094592,0.033072029887048875,0.2816078768887063,0.14078266994545657,0.08124951331475176,0.10910282556735351
0.1444866195582358,0.0687615893109473,0.04962383269682058,0.12668982138240928,0.1254078633465382,0.1323464862124274,0.1369819260024738,0.08818030138205112,0.12752156010809654
0.15138578793472146,0.07629038306695779,0.06839866945946592,0.11387947011932033,0.10678204514710776,0.1322983575684978,0.1336062063649758,0.09168391405474534,0.12567516628420783
0.11257514899133801,0.1406476411825053,0.0951028676155588,0.04150007481633141,0.01961673262864719,0.2811526606983969,0.13033031255776154,0.08689592536629298,0.0921786361431678
0.09748387713884336,0.10122673490270377,0.08126731265878151,0.12387938764998348,0.12941678683025332,0.10075559714175482,0.12556875291330935,0.12096938117011347,0.119432169594257
0.09501914311408544,0.0843165745007151,0.18953009737151458,0.1371480318614191,0.10180557648142104,0.0933231849802394,0.09344263364185211,0.10569146617008678,0.0997232918786665
0.14148716725001179,0.1423344097864157,0.052568561466349056,0.11239472813298258,0.14715310185602057,0.07538925073158088,0.13566539017071055,0.0959191783912261,0.09708821221470282
0.10395739217190421,0.0912980460488672,0.12665710615143128,0.11209624449763485,0.10611106311559339,0.11364985497266611,0.11709672476257417,0.10796971355178557,0.1211638547275432
0.10207495143065602,0.09210995725338496,0.1102879561416686,0.10934857995589313,0.10474941525760946,0.12112137391857158,0.12178987029521682,0.11274209528523342,0.12577580046176598
0.06372160398664002,0.16142335411672334,0.20727150493110366,0.12281789798178226,0.06638058183890283,0.06327624679642231,0.08844515591668656,0.12817794416788555,0.09848571026385351
0.07137951724606872,0.12399007498146171,0.14370114402930234,0.12728031550710983,0.09430295046493907,0.08740298311882488,0.10209875036899707,0.14600022047652716,0.10384404380676915
0.07611616754819646,0.10322066942402536,0.19899280116334173,0.11105542174879701,0.1287753091223263,0.07738704538919494,0.0981252323381313,0.0970686753294658,0.10925867793652115
