0.2603177997220529,0.07583977713874702,0.08445909209537956,0.10088452157768567,0.07395115436563555,0.07651493053923901,0.13745676801617704,0.10438040169449068,0.08619555485059265
0.22030818981768516,0.08747928670999243,0.08746617629995834,0.11724277720497416,0.05193478714150573,0.08572357219813205,0.12418742934559289,0.11393537087573474,0.11172241040642444
0.16038589923441585,0.06823716726574153,0.09761501855036776,0.09751249356935882,0.11103033605569783,0.08025383732470061,0.12835604039470153,0.10846977805722689,0.14813942954778922
0.19514933497007694,0.04417080591046086,0.08800662767480977,0.04190164687638723,0.2197906861349069,0.11753420365087225,0.13214491883399557,0.10552369349588846,0.05577808245260205
0.13560559636886793,0.11804176382717672,0.09754566118671891,0.13090247753931225,0.04410127197272896,0.09760633424324539,0.12366424177386087,0.12248771811049429,0.1300449349775947
0.08986666270375811,0.1520581073637066,0.10108928531309984,0.12312558279967196,0.03451898858707444,0.13474352963957945,0.10816434339452553,0.1273280228919342,0.1291054773066499
0.0876407836134433,0.13888339021039522,0.10834855370067249,0.11620895188440665,0.0889928435361395,0.10134487922392287,0.14433394460873425,0.11582900077505405,0.09841765244723162
0.16503450084815913,0.11114634669396754,0.09514731674473058,0.11538160783388801,0.05329476807642446,0.10849669319495507,0.13402644613010742,0.11613239665273717,0.10133992382503053
0.17545063257883262,0.08899043065613732,0.08910167921529903,0.08337328972152565,0.1871610549376718,0.090620755433521,0.1273989298869477,0.09137028175642843,0.0665329458136365
0.16203718232261483,0.09766228090506827,0.0734344128034556,0.06016842714764419,0.10737971083099464,0.23645970240905248,0.08615590145967993,0.08638088136934523,0.0903215007521448
0.1763706750808088,0.09704983423145354,0.09426720114909985,0.0983684152477276,0.12961987385976775,0.09289935924092847,0.13230272613702385,0.10269289920304263,0.07642901585014748
0.15857568565264743,0.09682277600207616,0.1001273954808904,0.1212572594159763,0.08121430707082196,0.0962099140218652,0.12351594797963962,0.11161654898682967,0.11066016538925318
0.1823121713610091,0.07512123695540388,0.09671275563410879,0.12436154052857,0.08996522576342846,0.08614648412624108,0.12552333071020513,0.12417729576553467,0.09567995915549886
0.04643251181332659,0.09245429730137274,0.09583153098544861,0.24608146103438555,0.08650355177317888,0.11502434170864466,0.07792080959238418,0.15050031173450315,0.08925118405675557
0.14083078935982415,0.12444719568093913,0.09851318270075332,0.12037154449403953,0.049382915302002776,0.11150358213261487,0.12989799017460088,0.1195121958824743,0.10554060427275092
0.18525463214251373,0.051125910201614354,0.10476625493826054,0.06002212699440249,0.23923463578714457,0.04432601260126232,0.1587702409728706,0.1047783966779103,0.0517217896840211
0.10076297388210953,0.14433642526025317,0.10540613232444362,0.12898709723992402,0.04606010107217338,0.11143617452238902,0.12158843172674172,0.1242713126725183,0.11715135129944727
0.25595922316560804,0.0454061302694308,0.08212574739769617,0.05280697422131136,0.19977549050837182,0.10103103643441401,0.11000001026913836,0.07312568330385917,0.07976970443017034
0.05670272712210678,0.19804132964473342,0.11485274570806998,0.13355601718039126,0.053916894819265,0.10944983409642435,0.10485257455717172,0.11945115464331779,0.1091767222285197
0.15375341242608548,0.08437603627245538,0.09690490246192984,0.10701219365003502,0.07466498612095968,0.09093777836465755,0.13032427081230785,0.11605569094570982,0.1459707289458594
0.10506320628491987,0.15286517838514155,0.10590292421486762,0.1430911464411816,0.04530550820620357,0.09613914621643331,0.11254892934135459,0.12458246732681416,0.11450149358308372
0.07563463398350628,0.1361031713477577,0.11269302005202096,0.14232188973860257,0.07553476790884954,0.09638724022138924,0.11587608916216106,0.12052026419777424,0.12492892338793837
0.06660515863893364,0.09703310595108883,0.11082436346860619,0.1217379665941422,0.09233923069509392,0.09272350305204706,0.11068708614497179,0.11869961176214211,0.18934997369297427
0.07663605964765456,0.13902319980278088,0.10543984859152083,0.13749247354457272,0.040798844103193226,0.10956764243106287,0.09890628542324605,0.13225973017652,0.15987591627944875
0.058963838807056246,0.07387139828058133,0.09077917563747051,0.06042035711832181,0.3359687822535005,0.09459338062509078,0.158707021360182,0.07297920325709961,0.05371684266069715
0.11799434576821062,0.15949684798381322,0.08716962968218644,0.09825019088145366,0.04477059675138941,0.22887259036564175,0.08781630595497032,0.10040321238312598,0.07522628022920862
0.1275008897509,0.11729622779252906,0.10186697019077677,0.12553091958997722,0.056011672984362076,0.10358079838756713,0.12922393109021588,0.12034719821792988,0.11864139199574202
0.1022538562363083,0.07796763898021748,0.08889885855716916,0.12556459768827835,0.14344356541030506,0.14756140697125422,0.1187928925819971,0.12419029946173986,0.07132688411273047
0.12344748208157912,0.12086504053530527,0.08220486538140119,0.10854899808352497,0.06041067848912576,0.22432880430905122,0.07750889600017884,0.10167347704820213,0.10101175807163158
0.09089492357293023,0.07032683503845664,0.09285559795109459,0.19921297483101605,0.12619653788094845,0.08779896532488946,0.11050253946585537,0.14186717694795528,0.08034444898685396
0.24549998325718173,0.07211502360216994,0.08444795877032929,0.08704986014124416,0.0951318035987977,0.09899100172588877,0.14388899131875924,0.09598784657957972,0.07688753100604945
0.1764395817028742,0.10750509827838144,0.09404927846191867,0.12446468953871094,0.05924882899818192,0.07687197994295435,0.1487979082123674,0.11228586898983284,0.10033676587477823
0.1797432630996909,0.09276279888720308,0.09472666725883754,0.11069939494636044,0.06595591305886812,0.09677960783040877,0.13721567019612133,0.1133629410822284,0.1087537436402814
0.05474860845826687,0.12116816257189496,0.09815922837552209,0.1352425141015491,0.04109409107734041,0.1859220375720347,0.10574576362318781,0.16416686738059857,0.09375272683960541
0.2033926679056457,0.07820120482528438,0.09253579383206757,0.09746717736127901,0.09736575720928649,0.09189403963426425,0.1421483526571771,0.10288186608300987,0.09411314049198562
0.06145209190038231,0.16513566346125816,0.10765944302780973,0.13481361746702625,0.03496626220578931,0.11663098178021618,0.09365563328321874,0.1340354414517366,0.1516508654225628
0.23090832492672866,0.07496135217827206,0.08951634413783205,0.10561471689414577,0.08476540634179293,0.07371593458376616,0.13528484451132664,0.10611739047707237,0.09911568594906338
0.18852903126363982,0.09007516012493251,0.08942835023580714,0.10880778210303273,0.049905268683717974,0.11256132838148251,0.12517073227264439,0.11485263930580653,0.12066970762893647
0.10121493009799147,0.14353904601576184,0.10536415686538621,0.12954468541287525,0.046383415493079616,0.11118962583537957,0.12189935310683753,0.12404060272338258,0.11682418444930588
0.08147202296862861,0.1231723395851505,0.10769183759866525,0.13503215404678923,0.06313283728240719,0.10724475430735207,0.10359650287076679,0.11992793107235117,0.15872962026788925
0.3078589591991011,0.05333789799712214,0.07613191965027133,0.0809820176622003,0.06658888343845015,0.10001152981903026,0.12446436998798505,0.09679847836131818,0.09382594388452149
0.09334118747795195,0.13381327156532852,0.10780086893690155,0.13380573903768803,0.06074346784592777,0.10684298228400624,0.12273070832728372,0.11803131611142487,0.12289045841348732
0.03272474373258752,0.05618549274731586,0.08302887731989934,0.03563045441006861,0.25598999726207344,0.29712071245129973,0.06509164966848763,0.07987262520881969,0.09435544719944815
0.0783282909216672,0.13949217353521154,0.10528334759944669,0.1296876630707311,0.040617128746913415,0.11433037589736299,0.10720967695794421,0.12992840267605457,0.1551229405946683
0.061650203683183656,0.1849725349221674,0.11265818305351312,0.1324240560672126,0.036544797167279125,0.1170816994831112,0.10706600976800056,0.12725115372822052,0.12035136212731183
0.21297883898458417,0.06372986909624025,0.09291482758581569,0.09418570902319383,0.094895938787037,0.08431023261977966,0.1193380071704232,0.10594825758978786,0.13169831914313834
0.09056907408173165,0.13781152458354282,0.1026034364206266,0.12817942284298156,0.04388074693053695,0.12629791768232423,0.1093749212114422,0.12230574740519921,0.13897720884161477
0.22513998329407622,0.06120948216062274,0.0908962635967809,0.0853859249972858,0.14476198570688878,0.08451730371002393,0.13097152410792276,0.092042679872494,0.08507485255390497
0.10563881709603316,0.12036422434921513,0.1058449186525124,0.12632421377715894,0.09594996044694415,0.1101575442585417,0.11563794786430047,0.10559897220798264,0.11448340134731139
0.29328023867583525,0.06328597251638057,0.08624852509141225,0.0976803717354709,0.1021863522155928,0.05982393691649499,0.10390590967448277,0.10575305431485715,0.08783563885947328
0.25222057185753277,0.0681339026329763,0.08819977245562412,0.10363039413893584,0.08402793326222933,0.07417937696235143,0.11786310163673479,0.10518132825909092,0.10656361879452454
0.08944909093388938,0.1237806333080458,0.10785241127980483,0.1462261772073116,0.04775420650001236,0.08449596480620887,0.11518427322352087,0.12430466789243881,0.16095257484876738
0.1381880332994582,0.11894024441984503,0.09423313843931863,0.11808829399002431,0.040387643346597814,0.12775670259020092,0.11846286661810833,0.12152023031226565,0.12242284698418111
0.09781577716512739,0.13363385004359035,0.10679514198384778,0.13552910163680068,0.10151546639930598,0.08953102048469769,0.12464338725677608,0.10641721353143398,0.10411904149842004
0.037197479324168954,0.09723642630024237,0.09886377616206987,0.12436032858921424,0.14799521332746332,0.17480386073127832,0.0866329452249489,0.14421570237893452,0.08869426796167947
0.14595651303402749,0.10285213575617047,0.10007533378837279,0.11889010238667462,0.07387186827861844,0.10135919480670612,0.1336806881266836,0.11238756667772516,0.1109265971450213
0.18077472462740188,0.08244270978975506,0.09749585093887947,0.10468415936469544,0.1154972526427644,0.09400026248255945,0.12748648482698152,0.10120305282130909,0.09641550250565363
0.24859576096283184,0.07024922118039885,0.08427416028285643,0.0971100449406968,0.08474934705183669,0.08060465908587956,0.1410475264796127,0.10008021631001891,0.09328906370586824
0.12316226876390156,0.11478819707841909,0.09836332072185404,0.1229644811526824,0.04521255424991072,0.11385983321631708,0.11682109396921941,0.12443534603458196,0.14039290481311373
0.08616755999316128,0.12625009720741745,0.1080523044779436,0.12639785682139965,0.11218497520219418,0.10376781223947813,0.13317758621490194,0.10250204160668724,0.1014997662368166
0.17216626308679486,0.09270767779656112,0.09425884828750482,0.117923630254725,0.059437780725022905,0.1092798707613053,0.11413343146341033,0.11422878982285871,0.12586370780181697
0.07486090084424525,0.1602640573592926,0.1299401726673365,0.14016127419791416,0.0569314034315514,0.0707586044654107,0.1419312828514536,0.10808625290926051,0.11706605127353527
0.13724733677711512,0.10939428710764403,0.09006977992401759,0.11508888903644461,0.05969489395658972,0.19002352143660073,0.10282858233373837,0.10223501394784947,0.09341769548000038
0.26133101168754114,0.07077125247446607,0.08073267412895273,0.09950919323241296,0.05832762863748411,0.08693271215024471,0.13853019527194652,0.10524707725442344,0.09861825516252837
0.06816066307085684,0.1744577778344286,0.10507005327747958,0.12148809907409731,0.031286402953082146,0.13817266364579686,0.10139833457713492,0.12918767108114987,0.13077833448597384
0.06818194669877663,0.15539555927023274,0.11407032543362783,0.13462093372728182,0.05977528874560767,0.10429281752476725,0.12467948445570777,0.12089866311411294,0.11808498102988531
0.17913117470610362,0.09395635708223316,0.090193257311293,0.10850939864985391,0.055196133901552036,0.12424993947843492,0.12393727216195775,0.11036923278616273,0.11445723392240877
0.19948358658480705,0.10189484668465247,0.09633072551417833,0.11960962074511285,0.06136514080276558,0.09587139804408644,0.1030813615381961,0.11984873794667071,0.10251458213953048
0.2060220209301977,0.06578875851653475,0.0886342780195209,0.08485762030036204,0.13504814488139388,0.07886807801878881,0.15766898527279793,0.09748451732303448,0.08562759673736957
0.06365655773754457,0.16159826816670944,0.10510951414570512,0.1411207792095363,0.04709719995872863,0.11586462240610022,0.08565222648167566,0.12553317250703047,0.15436765938696964
0.13758195924532865,0.11431062507722255,0.09594914909697161,0.11790805839699169,0.04400280104799423,0.11795584445742868,0.11902311622894124,0.12279049704948608,0.13047794939963522
0.07684851537475655,0.1249419344900599,0.09915572899196412,0.09816467940781722,0.1835468213563243,0.09729388879031019,0.13918489731855455,0.09983865508771257,0.08102487918250063
0.13903668004493705,0.10738995800718386,0.09644010443879858,0.11934991061902994,0.05286240924350374,0.12033972271654823,0.11930011526355226,0.11662186023257609,0.12865923943387025
0.08062816774721689,0.07118064947277075,0.09633886324645598,0.19451333033286974,0.2069244352390179,0.06937408456016515,0.08653342008863714,0.1283250531532072,0.06618199615965929
0.039285214563805196,0.21863391392884043,0.11328622312763133,0.11135857101725403,0.025496295844144794,0.14543032701733463,0.08834932950480416,0.1284865795351889,0.12967354546099655
0.12375323117064711,0.08919832198026607,0.10265904096333855,0.1053576507532941,0.14280951478629966,0.08931942043281012,0.13787595759637436,0.10663516881853445,0.10239169349843542
0.03696056327703601,0.13703000650085576,0.10189200901621098,0.2387205452548269,0.056849718534349676,0.11456850200790708,0.07223505820769505,0.15508117923790454,0.08666241796321399
0.1452252048248809,0.10113941720785781,0.09969494554311376,0.11964652184626484,0.06493384624190333,0.09761499905729128,0.1333591078051419,0.1173380730368178,0.12104788443672836
0.14547742277302916,0.10421226203243845,0.0971607920887852,0.12506471383874018,0.05525691463532654,0.1120079806057284,0.1107974060951001,0.11792503555435628,0.13209747237649572
0.11488220535437606,0.10856415419787864,0.10517564264180877,0.13104466218090968,0.07098333186668533,0.10083435230704145,0.12101683412602016,0.11789862589224935,0.1296001914330306
0.13585996847451068,0.104446792911484,0.10176126057106394,0.13055059589343201,0.07141986012496714,0.10351359204423598,0.0969526449803596,0.11796315349768383,0.13753213150226282
0.1316664408030069,0.12221645111878465,0.09894940921465974,0.13786733461513886,0.050969087501726275,0.09615901018453919,0.1124102602218869,0.11953402728575013,0.13022797905450742
0.032551612420826125,0.23605019309622144,0.11715533010684169,0.10329779863703832,0.023946541779546665,0.14618640861485852,0.08462886826221068,0.12769264433788072,0.12849060274457583
0.10721260487753544,0.13677715658036074,0.10754416375576185,0.1386252309750133,0.06572596807338384,0.10160386982383167,0.09574123031217589,0.12480203816279183,0.12196773743914542
0.1734990118128147,0.1028307692547044,0.09432342101911835,0.13256808238619366,0.06019163848099549,0.07742787996201744,0.12679510247887668,0.11343122243535282,0.11893287216992632
0.14525998851524494,0.07923477033442998,0.10050202392139167,0.10578617983794363,0.12384884358783436,0.08548509539647571,0.13774099638035706,0.10727391459149453,0.11486818743482823
0.057648948137568566,0.18592583481221303,0.11747670014404277,0.1588221141449645,0.044744077959315724,0.08859139166891754,0.09715019101476607,0.11805219870653066,0.13158854341168116
0.1633373369298954,0.08856197193990013,0.09970807757043752,0.11969222540437945,0.10028096476943966,0.07926964683288294,0.13010445004631668,0.10823913115534341,0.1108061953514048
0.13039670755561186,0.11255330297548483,0.09821095324201912,0.12161520516084988,0.06108656156756748,0.12290541497519514,0.10884406482155641,0.11335238875324762,0.13103540094846766
0.2515278506636731,0.06469736121973158,0.08604659310823615,0.10253380462035651,0.07374160147909463,0.06929234142398759,0.12517273371146084,0.10781025857150572,0.11917745520195383
0.08338576094470702,0.12338535541263183,0.11048687891316156,0.12095986436512025,0.10265287564472435,0.09884755643751612,0.1321728706923454,0.11493971443353317,0.11316912315626027
0.1500503777776613,0.1149784438428784,0.09944191065805158,0.1242703592388062,0.06588523961357522,0.10644072995338964,0.11982812664570104,0.11390486906090552,0.10519994320903105
0.17329695588968322,0.09650894448057819,0.09264243983745453,0.12002360351546952,0.04804424718680853,0.10874833089862328,0.11318581373973068,0.11948918957070237,0.1280604748809496
0.02902206702334477,0.10372516188074986,0.11768377567929338,0.10046523480131464,0.2787168685027341,0.08701010741804653,0.11758807652186705,0.07975994330441882,0.08602876486823091
0.08394565543523393,0.13628205447336628,0.10925762733734429,0.13546389911980974,0.0677293817058378,0.1096171348739869,0.11970765087361769,0.11351566767743164,0.12448092850337172
0.28510979821740573,0.0674745037394306,0.09042380973808889,0.0808921556047431,0.14073053913705352,0.07734375514420762,0.08698941559801271,0.10377719407521814,0.06725882874583965
0.08202681030714577,0.1505340376777139,0.10646632600616236,0.14078407791191147,0.04205414753932224,0.10499111719588183,0.10903664289857762,0.1226061603466664,0.1415006801166184
0.10879046768934368,0.10794068710432986,0.10309185207427378,0.1375284647257846,0.05483660536030688,0.08713538105950791,0.10760696073620561,0.1265698449196487,0.16649973633059906
0.1498124538355832,0.1097577233560903,0.09531739109389303,0.12931473622828596,0.045842475605041295,0.0963916150153616,0.12610475179190722,0.12040972837963786,0.12704912469419952
0.0961855750258982,0.12963798731436985,0.10712049625988523,0.131545909434586,0.054387867440680644,0.10376658163263104,0.1232888278973752,0.12354910021927834,0.1305176547752955
0.04996570172456438,0.19939264941724288,0.10834806647829416,0.128208460670408,0.028942385242404143,0.12791374632577698,0.08450182175608688,0.13539564874820803,0.1373315196370146
0.06419051918234868,0.1746209850289068,0.10714263235691472,0.12192011975516553,0.0327089629997357,0.12964786395027109,0.10100535466372458,0.13097160231911634,0.1377919597438165
0.23543452647319177,0.0827178771549796,0.08571674435645794,0.10398195682623342,0.06750968935420158,0.08212156325866125,0.1476312769273358,0.10627083834257371,0.08861552730636497
0.18743377577474665,0.12490285393692128,0.0817061435558793,0.0809299510816366,0.1491622105286756,0.13490562158192304,0.10359774425605413,0.08645190925524464,0.05090979002891871
0.1499661164658039,0.09676061120028068,0.08577429040106153,0.06548613389499482,0.13939364826106665,0.19455494907126106,0.0832403347699085,0.11823508362540937,0.06658883231021347
0.019425971983520474,0.2751794832736175,0.1314251466801671,0.0839289789788281,0.019484814752801827,0.15210902699740525,0.07387711465396173,0.12079993729611778,0.12376952538358021
0.12999774000031414,0.12276697662185021,0.09513979294522557,0.12027587722406517,0.03938112318174436,0.1294248439584392,0.11692577786738922,0.1223225058274728,0.12376536237349929
0.09120298204999851,0.14393848509655668,0.10443705478551783,0.14100697085463784,0.05214547299867911,0.10250516007572781,0.1040107038099954,0.11783195421912217,0.1429212161097647
0.11787179802634438,0.11433421934275075,0.10191472340747411,0.1267433420531551,0.07680475899673622,0.11369216752944934,0.09594818683953954,0.11324977316918163,0.1394410306353689
0.15165202273044145,0.11308158733420139,0.0982410728493699,0.1255267580293528,0.05870683223688405,0.08794181857684996,0.13920337490830362,0.11639092454916024,0.10925560878543662
0.04287137101251301,0.19514530423137524,0.11113918484241266,0.12290597908765959,0.031807190824065176,0.13462297879660876,0.09235370254757214,0.12472952514177389,0.14442476351601952
0.1051926878668994,0.12561601592770244,0.10069058163097,0.12671779081980222,0.042321467737176405,0.11662218304971761,0.11312488431595008,0.12662863779090797,0.14308575086087377
0.15407420975100902,0.10505179963929105,0.0984882693272907,0.11531791045144435,0.07302756208078603,0.10381249996597641,0.13512778491092023,0.11107349307607241,0.10402647079720988
0.16205658609010468,0.09720577560470108,0.09405922370653048,0.11233464239646888,0.05763071383576762,0.11663654754088766,0.12274225461218158,0.11373762852436013,0.12359662768899789
0.05279759066487096,0.09852618593323524,0.10683606578144401,0.22517696313870617,0.06537762548513823,0.07009133305474387,0.1013450136720857,0.1679533424639783,0.11189587980579753
0.29208264102460574,0.04608031775161473,0.07957941902363429,0.07381596986201487,0.1182959340044628,0.06872142467812424,0.13662883276896454,0.09140155895713083,0.09339390192944803
0.04939047654201992,0.19917109744224992,0.1169258818354591,0.1491197026986679,0.04092155662240344,0.09911375724831395,0.09312117472354664,0.12138718759455043,0.13084916529278867
0.24063830783407467,0.0648110886017323,0.08726913052552852,0.09214327277663241,0.07980353773420519,0.09632083170470936,0.12453948092608291,0.1020538373392192,0.11242051255781542
0.12341855022894073,0.12840373296153515,0.10327064952894467,0.140172296435951,0.052792584837141186,0.08235126260302116,0.1370745131559036,0.11720219933755739,0.11531421091100506
0.17120406552240275,0.08556980606809513,0.07583465510467247,0.08024449739086442,0.09634350645055767,0.21619141979668652,0.09745763075660785,0.08550286549986265,0.09165155341025061
0.2019044518150358,0.07792142353917163,0.0948468177568393,0.1041853192120677,0.08971634146407363,0.10002666790801394,0.10900500694256961,0.10560771853934331,0.11678625282288502
0.0670987797044577,0.16290029117564597,0.10639420184981489,0.1366003054785994,0.035361632347349875,0.11593708270037685,0.09180449550263399,0.13516654172093376,0.14873666952018758
0.10783677968066195,0.1284402445533583,0.09995496391626363,0.125261053187779,0.04094212557684489,0.12006889882847364,0.11339633617793748,0.12630942223310165,0.1377901758455795
0.14102838503375673,0.04751261266516973,0.08976328056467499,0.05832204789290618,0.24704737076911243,0.06841371552183236,0.15399294618227335,0.08246180161658812,0.11145783975368612
0.11625851657985033,0.10281480390308995,0.10110785001311334,0.12499282925116528,0.05500355585445186,0.09760950239348472,0.10806183357952835,0.12693819227793326,0.16721291614738285
0.24282806408499327,0.06371008789793453,0.08474410644653546,0.0807261874117265,0.12257965197540671,0.09838943690905277,0.1411486146946297,0.09013057107318728,0.07574327950653376
0.052110822884887414,0.18503014110092053,0.11545840320336531,0.1373386463780262,0.05990409066584391,0.10949370814312463,0.11391384042253812,0.11211592192236551,0.11463442527892838
0.1488426136569779,0.11061775106456706,0.09559398032432269,0.12886609699400442,0.04590105139257727,0.09587501352089094,0.1261520981558907,0.1206910246629257,0.12746037022784332
0.18435517425958983,0.06728137040496675,0.08491840140504274,0.07616952601034054,0.189547227955197,0.08042327741658317,0.1639461689143513,0.08889915223549477,0.06445970139843395
0.1161288667069838,0.1309039372938536,0.09690852912702556,0.12284487570805076,0.037703490095444006,0.13169571884786527,0.11418296346599736,0.12390440244368735,0.1257272163110923
0.08468783911304212,0.1273092648985101,0.106900404894497,0.15476704357081936,0.05372716001761687,0.09045738254471265,0.09486387605223333,0.1263233801718439,0.16096364873672467
0.07048415864176351,0.14906751587438058,0.10714827328402787,0.12888151347587032,0.04375907674708212,0.1197329054420085,0.10520456524567023,0.12500255269193605,0.15071943859726086
0.06924403184501908,0.12369518690668418,0.11002515249586604,0.14708978562495797,0.05786301066595547,0.09043991570795172,0.0998387382727449,0.1247483125956052,0.1770558658852155
0.10132599249792378,0.1262773369285474,0.1033817021338816,0.10873070869691948,0.0983262557040589,0.12704692181521404,0.1226317111097986,0.10075170397199983,0.11152766714165636
0.21015691295797523,0.06988368925076562,0.09253514817118534,0.11380329188343845,0.07946233039550321,0.06625437808354943,0.1174534843706964,0.112628938764559,0.13782182612232732
0.11227845937390024,0.12378835835423319,0.09914973832733331,0.12657138764965256,0.04163122030811503,0.11952228608000848,0.11413925141543112,0.1253178329316604,0.1376014655596657
0.1644479905670135,0.09677408177401113,0.09311352978571742,0.09428969223719598,0.12771044179439928,0.09987323288242227,0.14901048064912056,0.09755161499735461,0.0772289353127653
0.1586546683367173,0.0843630360208536,0.09767541792956579,0.09865322002028636,0.10161318719942398,0.11473036530142959,0.12350396281448278,0.10276908498715114,0.11803705739008942
0.12261830678131862,0.11842414537568002,0.10391319100368816,0.13660933929064864,0.08432921653097473,0.08933877551246017,0.12157193487091862,0.10934230892487799,0.11385278170943301
0.12816423763348175,0.11389143606925223,0.09964514290004726,0.14070914375639879,0.04726652369872234,0.09102621825574057,0.11081750430688371,0.1252288543763381,0.14325093900313526
0.10132636853971455,0.14119259963217906,0.09900178596391086,0.12457945521254514,0.03584601376083006,0.13397199411971258,0.1108428674785975,0.12558847878767568,0.12765043650483462
0.018908650940518874,0.07463825207049425,0.12758669444968304,0.061272474872619186,0.24277138813223934,0.2313122718236433,0.05891526102525008,0.10316470403484933,0.08143030265070257
0.15171497220641872,0.11261295754247101,0.09275783493333006,0.11436268695023744,0.04201928143999947,0.1252145219548442,0.12069829823189464,0.12007267804298632,0.1205467686978182
0.02377055029800233,0.08798516165493553,0.11776206875857831,0.12388449528036412,0.2229076486595074,0.18240569806793128,0.06127352595158553,0.11681810827657306,0.06319274305252243
0.10981937720589319,0.12087167659296623,0.1046604367233287,0.1298515873428843,0.05592565546702442,0.10290713524631458,0.12578060976249272,0.12213214409221655,0.12805137756687932
0.07442393810720978,0.17838605181325728,0.10945135654454774,0.12841017017546552,0.037479167070233375,0.11970072657042423,0.11185453171770761,0.12661067492980516,0.11368338307134923
0.24908596216943857,0.06267211972713349,0.08414225870879861,0.08389874346365213,0.13112137928105086,0.0782152176198792,0.14753317474036262,0.09050252873874676,0.07282861555093784
0.20287753558443314,0.08859953737205765,0.09782227607487186,0.1139838681289574,0.0898352972063089,0.09056572016707042,0.1052047418002805,0.11078222975211971,0.10032879391390041
0.2316510260080137,0.0838803231402888,0.0885049597176129,0.10512166250543287,0.06423825082140054,0.09730777360438132,0.12827328140757702,0.10845266588735965,0.09257005690793323
0.14766647916629355,0.08666634175270632,0.09849516080804226,0.11229789690826124,0.0726727707824133,0.09896828969292122,0.12345722666944481,0.11549439607169583,0.14428143814822156
0.1949911525976539,0.08447102281641845,0.09383577650104524,0.11610683689361168,0.06528196745158521,0.10053393210622609,0.1073296911162489,0.11338114436575729,0.12406847615145321
0.05345539327302695,0.19257474088218243,0.10826380350185665,0.11977346871344498,0.028476914944177405,0.14215528525474727,0.09526165273575882,0.12916128643969438,0.13087745425511108
0.24648380860141014,0.0728871242357172,0.0812569067320607,0.0941642218970725,0.053119512305137395,0.1142918532010938,0.12970171996193228,0.10528781653442165,0.10280703653115432
0.058626398199469076,0.08675127571325925,0.10712435431069352,0.05401473405215224,0.18177436362816443,0.20818040238790225,0.09900843349686757,0.12213588303190455,0.08238415517958715
0.1955323337259407,0.08866633711911859,0.09094049307280778,0.11264947138855747,0.05155022955980134,0.10362466965128221,0.11470348829608244,0.11710790971701479,0.12522506746939463
0.034129606452251014,0.152407586459842,0.09778860609758398,0.07346505362370999,0.22944807186339256,0.10361739077547612,0.12547515022109298,0.1008700035009034,0.08279853100574798
0.17276168577133486,0.09077770168610344,0.09852711135899539,0.11571711176289139,0.08663545679169816,0.09403516174754102,0.12537713993117441,0.10941230232381838,0.10675632862644295
0.07546111348251876,0.1400047181805431,0.11221456857592023,0.14068794855535752,0.06717153785484647,0.08748872625967437,0.11152584800393617,0.11080930490231887,0.1546362341848845
0.09712332916374455,0.14570762810493368,0.09985806373970812,0.12347219267869096,0.035433735196566424,0.13386594317679257,0.11000399833288103,0.1264285493604207,0.12810656024626196
0.05347324086078076,0.18497748960847252,0.10854948297642414,0.13097694558193643,0.030756699364493895,0.1254580615795649,0.08999161782738052,0.13351609613240234,0.14230036606854443
0.10858385208231829,0.12179176976013957,0.10290169232205104,0.13775690014610995,0.05197314467796016,0.0971386483046384,0.1178546344149436,0.1203785420929131,0.141620816198926
0.026323082731244802,0.0490184671302348,0.16379962470390622,0.025300659842983807,0.24501778854880418,0.2134980235106038,0.057460212589140615,0.06023772585449819,0.15934441508858363
0.06525932032535887,0.16033637572006063,0.10624069855253333,0.14109062684200585,0.040675045006700064,0.11509103778726082,0.08963522059832278,0.12999776978700386,0.1516739053807538
0.04724298883822723,0.10220224516562267,0.09855148635577703,0.07222640909748836,0.2427904177572426,0.09036594832814478,0.17298510085887778,0.09719627165124749,0.07643913194737205
0.2301342534001989,0.08713501372124492,0.091092194501925,0.10920613385566685,0.06533510809380648,0.0940750678327698,0.11612503199166803,0.1117374487488752,0.09515974785384478
0.15599760617403804,0.11522894025519304,0.0962645126972718,0.11843268847271854,0.051726504274400266,0.10998527781490793,0.13248569092472415,0.11716925052117316,0.10270952886557311
0.12460416387542073,0.10285130500045353,0.10128405213694121,0.11778965344327774,0.06333667155138989,0.10546456226713556,0.11974751247569125,0.11933525339572056,0.14558682585396956
0.14684955282336296,0.10374869650265817,0.10185170464659461,0.11887904184417646,0.11585470269472553,0.08644440851451529,0.11773992167756299,0.10369781872199685,0.10493415257440708
0.17738430519819748,0.05453834805377602,0.08276468913726755,0.06262957521404214,0.2500838501990039,0.07590790842443512,0.16171416970331415,0.07822795631432944,0.056749197755634244
0.14417629081365016,0.07906805921080512,0.10517555015013864,0.10520498051681965,0.18784528161375622,0.07531287136382338,0.11093696910076017,0.09726295474171733,0.09501704248852934
0.11427956672573375,0.12304593804877251,0.10158965356569681,0.1412231761723233,0.049296034405038346,0.0953352311630286,0.12098973183128932,0.11846165495558054,0.13577901313253685
0.22554448188851092,0.08540743469619445,0.08752058712804218,0.09859762054635708,0.06917734809605118,0.09749848684525651,0.14438122273226775,0.10632950353084791,0.08554331453647197
0.05829711580834943,0.15778834483804316,0.11363387159660421,0.1332320932406216,0.07047382153825317,0.1124942199968671,0.11151234963263872,0.10934097431101401,0.13322720903760854
0.1109449281252828,0.09480530562581323,0.1080552687981932,0.12382161970347895,0.15162191085450713,0.09025664927588477,0.11378655966581885,0.10468119486857706,0.10202656308244397
0.18981139041269376,0.09518080552597748,0.089808318795848,0.11556064074397565,0.046203540100944074,0.11354546512287361,0.11428295086604646,0.11711902744232468,0.1184878609893162
0.18652816033539565,0.09135850385214635,0.09145431331454283,0.11630098167787516,0.04994229512768028,0.10621460714956027,0.11421276036666705,0.11782840058112069,0.12615997759501177
0.10051752789568069,0.14260279244148918,0.0992957558330649,0.12339694975001055,0.03586866772206649,0.13352167330080295,0.110837135325953,0.12599398567925127,0.12796551205168094
0.12569437095726457,0.13739735929369784,0.10610859270864452,0.13418921500712944,0.069403179292699,0.10076093856583455,0.08430339944306937,0.12989214155387055,0.11225080317779013
0.07445945127508258,0.15901709952813659,0.11406277540507152,0.13682935027166773,0.060669918790035825,0.09488303344638306,0.12735470316299516,0.118370863632497,0.11435280448813052
0.11636362488516243,0.1140798467468418,0.10048378675409704,0.12459357933938499,0.05293074690477693,0.11547774569418627,0.11624312282922018,0.12005864131450746,0.139768905531823
0.0684180019684084,0.08977738246866418,0.0948384378059816,0.06801591596783818,0.2912681121497146,0.11056443669228777,0.13981337346569675,0.07569323642328075,0.06161110305812769
0.10651249417657731,0.13886206475885357,0.09854904163033464,0.12195287833118958,0.03671617195883988,0.1321739097629343,0.11237563775574193,0.1255635344021357,0.12729426722339307
0.17780049935389805,0.08207513571602558,0.10419705142678638,0.11300871519541335,0.1330767107378876,0.07536405139553762,0.09150530441982614,0.11360786212288265,0.10936466963174264
0.19738406194427763,0.08745760745761229,0.09120714736210074,0.10320592497211807,0.10148042586394758,0.08712863152351087,0.1456515410045571,0.09960054554785602,0.08688411432401966
0.31616319146686794,0.035847226814310816,0.07449792795930023,0.059040954131567104,0.16464646530032354,0.05406466859660669,0.13578314027966032,0.08044910938039447,0.07950731607096888
0.13040861090746536,0.11043763082248316,0.10141291359661052,0.13254963660664523,0.07051514332252116,0.09240236250553391,0.11409902766809428,0.11379280575234156,0.13438186881830474
0.15966479340777975,0.10843967231405117,0.09675450160469445,0.1256502022245937,0.058584252134616134,0.08820223079773569,0.13932845811982691,0.11551188117622592,0.10786400822047627
0.024895309058236854,0.09883211063682358,0.11627622976158608,0.042881248004447196,0.21331069606285089,0.20210306120049712,0.09263763840897109,0.12625668485076702,0.08280702201582019
0.1265197268964009,0.12718678042863554,0.09803105691086735,0.1333840556377974,0.040286439242714384,0.11492258970726064,0.09789570024904744,0.12969327928180518,0.13208037164547118
0.061772661137580696,0.1749023205122022,0.10735147925592532,0.12444026619921017,0.032089215821826216,0.13073592950020071,0.09976170747514064,0.13053333952846746,0.13841308056944654
0.13096489819234644,0.08280750545108449,0.10501671542405688,0.11612944105478569,0.09968421873487376,0.08985494940448328,0.10882796387864102,0.11429435876792142,0.152419949091807
0.12438725599683088,0.10809342686121458,0.098978415682273,0.12024959051921673,0.04973065311348664,0.10695786241263174,0.11800671897769342,0.12450504045299031,0.1490910359836626
0.27552918215121447,0.057303895370833635,0.08455413976695753,0.09244079126838557,0.07164911043906473,0.08419935659622269,0.11231881164375418,0.10472698834886558,0.1172777244147017
0.04944996965413446,0.17405279395281845,0.10823883027305459,0.13422406190223216,0.040376656150856706,0.12499611410613654,0.09113327754746296,0.12144769057609839,0.15608060583720584
0.255686871766249,0.06452233913861848,0.08323973555752695,0.09600615822544177,0.07040810812232705,0.07611986586138447,0.13749538673392844,0.10553739845491215,0.11098413613961171
0.04472573913853786,0.16063231265765268,0.11390561235118986,0.12444414232942756,0.10006658297799516,0.11402491073966707,0.10013574181064182,0.09876212373039812,0.1433028342644898
0.16611597067504083,0.08836389331865933,0.09757084354838803,0.10660872435903845,0.1017259853823451,0.1003466624979256,0.13719882453323023,0.10324426002187131,0.09882483566350099
0.15825399291066033,0.10779926046697891,0.09156345852848884,0.11525370351268945,0.04248117269412074,0.12562689247518655,0.12130695780576178,0.11849355374753238,0.11922100785858114
0.03907740749224994,0.08023214776312723,0.10869830065067228,0.044302883407627856,0.2738979185194103,0.1803360775409283,0.10865949302669493,0.09252782994252533,0.07226794165676385
0.11810380615525158,0.10312493538819323,0.10048188711219126,0.128626958747656,0.05297315466852828,0.09932804009385891,0.10829823882696492,0.12620234848686615,0.16286063052048969
0.20598857616533484,0.06431865483801542,0.0923085850396103,0.09070775706505874,0.17549438954401766,0.06920613825766966,0.1311964032141312,0.09263545678371211,0.07814403909245
0.12738550705198168,0.08258887913275625,0.07840923288135196,0.0684826941169359,0.13380457005660013,0.22693892685142894,0.0855970563194851,0.08786347949752478,0.10892965409193522
0.1315117246708201,0.10494067963862526,0.10107341080119447,0.11067065182249697,0.10325326122873903,0.11329433511016702,0.13095553964420492,0.10187774617205175,0.10242265091170054
0.057737652228368845,0.14248501144401035,0.10360993003113395,0.09099640438707202,0.08966664121015117,0.1562660271556231,0.0984778315809481,0.09524608414541123,0.16551441781728124
0.1420269046137187,0.11125902335876643,0.09471314704805602,0.11630134560735245,0.05004802574357983,0.12829535553790913,0.11923923696959293,0.11537077707457098,0.12274618404645349
0.13111732619942443,0.11042096334369962,0.0973209826768965,0.12128512091985884,0.04636450564494227,0.11280751505055686,0.11821861200700397,0.12335354579811066,0.13911142835950682
0.02811602119606575,0.10613243523680767,0.1031534503597421,0.06079921784535791,0.3223370167436604,0.13469318537911149,0.11797332509162128,0.0662087377643646,0.06058661038326877
0.0940713162960103,0.1355575204247899,0.10772690007912807,0.1359612743490224,0.07239358968026317,0.10811842838774804,0.11187138124510103,0.1133885520474257,0.1209110374905114
0.2556510128685387,0.06826303726009697,0.0843628013337473,0.0923718298230765,0.07378491260186974,0.0777910731396388,0.13862272091107972,0.10611394587616596,0.10303866618578629
0.019764063747870823,0.1514012099559863,0.08386040883419321,0.05435017930754485,0.3096893517458949,0.16707688484499794,0.10643349285962639,0.057672924815906496,0.049751483887979044
0.020183041059472617,0.04756240217621734,0.13675878176096554,0.02674216354504701,0.28156486112686285,0.20666120459207635,0.059263143917048434,0.08782247159649066,0.13344193022581918
0.19554984331859818,0.09312546222948359,0.0919529210010449,0.11271088223264587,0.06813826490678182,0.08175149314126404,0.14613457737012292,0.11072493438161708,0.09991162141844151
0.20617656786647443,0.08861781246700494,0.08626663237476927,0.10303586412795479,0.047963056778527406,0.11811518840335482,0.12681896957753788,0.11215380827343296,0.11085210013094358
0.14582549175950368,0.12095945567414636,0.09763996709780282,0.12020380758136878,0.04979935828124713,0.11145017991669375,0.13045477427277932,0.11873016908590218,0.10493679633055601
0.059627929291526625,0.08128343399477807,0.10234834112518892,0.06403238793522513,0.37265754318481753,0.07654724077225766,0.11288009738311557,0.07473405955735338,0.05588896675573715
0.18987408058202784,0.085773418196327,0.09248578439704717,0.11293591294668659,0.06296793348073025,0.10696571854823311,0.11578249077049628,0.11157206189565493,0.12164259918279689
0.22537073609902195,0.07225108604089567,0.09045219492833029,0.10455258398384931,0.10292541594704581,0.07490778844569203,0.13579812846348102,0.10119221892354142,0.09254984716814245
0.05260810749350895,0.13116494013992988,0.12001686524123358,0.08071861918549293,0.19124429055498152,0.1959237963753522,0.09289061973826473,0.07501091740664713,0.06042184386458908
0.022979634848821043,0.07664543374331986,0.1454467531703342,0.039262340451239865,0.16921566528826368,0.19264065483961626,0.08322428792807553,0.14922632481191977,0.12135890491840973
0.20555811696503087,0.07825724598166425,0.07013587880891953,0.08114858572908788,0.060357492586470135,0.22278848249610725,0.10085124213007851,0.09158752381600972,0.08931543148663186
0.09878513474002164,0.12824413038840946,0.10998002025845761,0.13501427331812907,0.08025462709074366,0.0993050230850816,0.11101755973519911,0.1211435141129626,0.11625571727099526
0.09901630430017089,0.13689644470959952,0.10764520288692109,0.12921837622471813,0.06263758408449503,0.1030698297052276,0.13262884246633885,0.11975086259374446,0.10913655302878439
