0.05542106922891393,0.18337817620584565,0.11066822165583229,0.057445839805135755,0.14701775345034138,0.03630289234631485,0.10103153826383411,0.24427694454879467,0.0644575644949874
0.12676039945245943,0.056099233926218316,0.1311614800716067,0.23601899052044203,0.08376388854617955,0.19721341799963396,0.058378173876084564,0.0800642164321372,0.030540199175238338
0.23142454089645437,0.10065646164338941,0.13664545023138994,0.022545347452288967,0.10668508786828057,0.0359938866052416,0.08108683854645825,0.15837922902432797,0.12658315773216886
0.0795367736598258,0.0951803100625843,0.03485059474176727,0.410719731142106,0.0687032001386073,0.1386459709473671,0.05226540392863729,0.07635890226853059,0.04373911311057423
0.036780759876029585,0.03663195676801773,0.20781735767228912,0.08104646367993794,0.05198552390605571,0.017723447402070387,0.5219840741233681,0.02418629465579968,0.021844121916431713
0.11359814705439421,0.05337934253347602,0.03445342707864434,0.032554926359195636,0.22148145280883116,0.005625409832268199,0.031588606521577293,0.009175713854782181,0.498142973956831
0.02972605247123644,0.0356405866014399,0.08176428481747387,0.5662860882695021,0.062288925716063925,0.10739396870452256,0.05943648188765573,0.04341173220553424,0.014051879326571254
0.2157393932234959,0.053796476336961406,0.02285110288888309,0.0605119095870044,0.054941337121286626,0.008472413391614546,0.06668339630079427,0.16287720233902284,0.3541267688109369
0.07888967184714514,0.03912097871988674,0.014339734973675673,0.19473287372183867,0.18065859724078756,0.37177303943429374,0.05358611405673824,0.04594993777531354,0.020949052230320772
0.1639252701877655,0.09570156777557148,0.18326952200372304,0.11700983402552907,0.07634760240873789,0.18049794455603166,0.14612161095627046,0.027567807418867923,0.009558840667502918
0.07422879599201583,0.061701628488684775,0.02778733060912948,0.02665560891574746,0.16083224421538053,0.02485727453406378,0.04405676327867993,0.04688840778483486,0.5329919461814633
0.2599691335036978,0.07570064331245957,0.0978453853572044,0.08535147281336869,0.07644812110361919,0.05825735329485141,0.041888915506342904,0.04682606469834844,0.2577129104101075
0.07864363124713636,0.07221091121699402,0.042883004059682234,0.06731381182599543,0.17077020150648828,0.008120259149972922,0.28060877358906544,0.051194045608593496,0.22825536179607178
0.05647413834316258,0.03664252954126669,0.07108109903090966,0.521538651158803,0.03594269347614865,0.09681542561281885,0.0496530924879246,0.11159422743710445,0.020258142911861444
0.09134745433454183,0.05092996953707093,0.01457665283114899,0.2912960267308088,0.07609741668052931,0.3187639698229148,0.0480180640114129,0.08451745401513279,0.024452992036439497
0.08512040767744831,0.09988285065700464,0.03377863674855271,0.10088148025977227,0.13363510035342033,0.04234747441219052,0.04304569360955506,0.07898875231897301,0.3823196039630832
0.10860308152441679,0.06257928470698089,0.07050186319548597,0.06093032034223611,0.08952429284179604,0.06422936941086772,0.0768257881914464,0.4210177814063232,0.045788218380446916
0.07991185752673237,0.06618330951123037,0.010772000055748757,0.0703161433382626,0.11342559255035489,0.015127298911478418,0.029365090376209557,0.06795403301760398,0.5469446747123791
0.09623826852427303,0.11579789855350026,0.03026810338850484,0.047423060246511516,0.18667519527704082,0.04623172571308509,0.021082917199573146,0.3146806483709385,0.14160218272657277
0.11640018094659987,0.07592525157487506,0.13524813410401879,0.23362386666213397,0.20499791520486368,0.09893412490834519,0.038669529545259165,0.060887514310330126,0.03531348274357413
0.08293072742661968,0.03757788748153411,0.010505362167096967,0.29698877936141216,0.15789849790356472,0.033431541045510764,0.023388605084047612,0.011229200128924394,0.3460493994012897
0.0308332595392239,0.04547248202012586,0.022420921250064813,0.343114999126777,0.06239239925538631,0.3824119102057671,0.035933031451559856,0.0590302054349354,0.01839079171615973
0.11245327345568912,0.0855009733541869,0.14993739167154996,0.10173496224456931,0.12888493977765522,0.02698846995984462,0.025943528662170732,0.3268520503881644,0.041704410486169685
0.1468829196311624,0.04757137201634842,0.282893127735474,0.03889889436170882,0.08462210242657592,0.05721428735713369,0.09123548733173424,0.21556036210373306,0.03512144703612947
0.048841315509745575,0.13881854347293918,0.06686445462040781,0.041126178322566216,0.15877277789715236,0.08527755496837099,0.22151650088530273,0.215847129715537,0.02293554460797817
0.10118267170474766,0.07169232876376137,0.060964900013741684,0.18874127219767234,0.044701479198933115,0.21558665458667484,0.02627389481230104,0.2725106120912257,0.018346186630942254
0.14289496719040173,0.06390104737589149,0.029083397591182687,0.4689896504520294,0.07980869340678225,0.11946781749834322,0.06563919929770125,0.008214477646852658,0.022000749540815292
0.022095792809069214,0.032314339470612796,0.07306988414394038,0.5033502501036028,0.0512219340319548,0.13423280234609744,0.08869228891659202,0.0731186963524944,0.02190401182563635
0.02735216326391468,0.011126367071881223,0.056078380341633594,0.43681410842172247,0.08349668546560433,0.24514064877012165,0.0717829852073958,0.028849185683998954,0.039359475773727316
0.0986886873375973,0.05577349425016193,0.04725960332083703,0.19270898564269756,0.03713829689133224,0.42461615167942063,0.036506378346793496,0.09154358879151579,0.0157648137396441
0.0862308562077158,0.050350965780496075,0.12112260461057982,0.27433245874438256,0.11149179408270787,0.004164863500575334,0.10104976663364403,0.06812178563142114,0.18313490480847736
0.04076680439450381,0.17243347730507427,0.05101647914195919,0.04949743738154375,0.1141245769225931,0.016878633344402625,0.05270869469483391,0.4454773871671997,0.057096509647889614
0.05001513157090426,0.02745309080548171,0.046229485865459295,0.21135620724258675,0.036865703321451455,0.5116612197863141,0.031519862612287675,0.06364618846437238,0.021253110331142532
0.052606211404854435,0.029033705817584465,0.09803414871787432,0.20097437987846903,0.06768576233948846,0.18952380162831886,0.04820346676490405,0.28016892278259786,0.03376960066590858
0.025475394341221185,0.015972331126621064,0.04927902745546567,0.4310621166629803,0.06569342427479004,0.31047734247861486,0.031835896816143426,0.0472387360725659,0.022965730771597585
0.06280535730906923,0.05008015556000588,0.05068864226616792,0.39669856246014445,0.08370774716510658,0.19107213596614991,0.06488350369819956,0.054052632816469916,0.04601126275868661
0.010227828810658963,0.02011074900888735,0.01373732227405672,0.3869130270353612,0.10052530801307484,0.3621087159247498,0.03536669788735006,0.05118699454185508,0.01982335650400596
0.10940419637405513,0.23089545571226958,0.055693259584132494,0.030753048901650103,0.046187638974353705,0.09161263172840899,0.12324453820267618,0.24064592117478945,0.0715633093476643
0.03317547286296318,0.012794491675614791,0.04205480261118579,0.4531119494755353,0.06533997464388863,0.2392693953029388,0.047027436707410115,0.09664927018153695,0.010577206538926354
0.09948010361526134,0.143916374092827,0.06551039356667233,0.1221732470597058,0.12504869206351277,0.0034906132754040403,0.03759868539690269,0.040807200839223366,0.3619746900904906
0.15317714459639206,0.04936873942182424,0.2050608503748966,0.0191309389727233,0.11735612601135027,0.02460158202305295,0.041858108935433846,0.3045098859065973,0.08493662375772942
0.037617742572216284,0.16435915969411255,0.21078285730485627,0.18431854637406783,0.07621392206802237,0.060766915296202005,0.13255935043697534,0.053077636275914296,0.08030386997763307
0.17745956215848216,0.06620187497825945,0.05772281052003595,0.06575531814452931,0.10261208005895613,0.012375126141031749,0.15978826290116047,0.17418091266448274,0.18390405243306196
0.05603748265082017,0.03254774863671717,0.045837149451864435,0.3107245987389092,0.17277260265506644,0.2671782184782032,0.019387516491755578,0.0770956669897019,0.018419015906961936
0.023863590716623844,0.022758010178851568,0.09132076071576894,0.33958271992997546,0.11175099759106775,0.29525059365371203,0.03673089734876856,0.07291066008893247,0.005831769776299373
0.099803968447565,0.047349700738647076,0.08877336736936003,0.3392063223450968,0.06530878867679046,0.1294460470855234,0.02964831576958545,0.19270366069205755,0.0077598288753742625
0.18315496013085278,0.1593798427793067,0.017416705618947658,0.06470900862497715,0.1857966256407073,0.005851206932394316,0.04932691581774304,0.016144780434696443,0.3182199540203747
0.03164608133232959,0.039986185741074584,0.09863303063468228,0.47132828096283635,0.08275711436046049,0.174942190476752,0.017181750202077087,0.057051966416498616,0.026473399873288908
0.04394283260874885,0.05484321060881028,0.1195635337017275,0.3918851645427024,0.05383668048997816,0.20177658974913357,0.059347060839487785,0.046244086357716714,0.028560841101694708
0.0758423352373136,0.06954648848370552,0.0198861227059926,0.3554278743310448,0.08609596579881622,0.19319320291066835,0.05174873677968798,0.11692152341921601,0.03133775033355497
0.07199149330020281,0.036273260697186095,0.02397691401957465,0.29412577498010845,0.10944188967826544,0.387945583656998,0.031077953174106873,0.026249717625055558,0.01891741286850222
0.05906925851361697,0.18442317244092388,0.01876564263536173,0.05488885371848734,0.06258079324850722,0.1325353890248017,0.17001345183049196,0.2885715736085232,0.02915186497928607
0.3457354478855971,0.055827556082527145,0.14865031636226192,0.04458335119725759,0.13273592160828007,0.09957297738922466,0.0648736981036349,0.06230119272955778,0.04571953864165886
0.25812142471260796,0.11955062045867315,0.1152420342000642,0.04636277064741703,0.07251291299156265,0.04079412047215485,0.05491725020553342,0.24412946280565048,0.04836940350633631
0.08953405708308254,0.06193864762061695,0.0329006518812607,0.16570176180337712,0.13681312363564457,0.3635836521288008,0.07253806418800073,0.051056722785165355,0.025933318874051158
0.0910161239287934,0.10618986415352753,0.09958471008771848,0.08059765276968499,0.2011263563491151,0.017492708244055202,0.21458208942896032,0.08513512604987476,0.10427536898827024
0.18126682293065358,0.12539022901520577,0.008304668684807462,0.01738548310693851,0.1223440259453743,0.020217985381154668,0.07572763685484939,0.06400995022281863,0.38535319785819766
0.12762532178790728,0.11312679984650235,0.07001371336732888,0.160803018235775,0.17897247684336945,0.10086997762297771,0.07452885964522958,0.1070375644633929,0.06702226818751689
0.07649440235721486,0.08896960611800196,0.16056879871928864,0.23833511688849318,0.0893975601683833,0.061928954007567004,0.12716595530218994,0.09974848393946902,0.057391122499392024
0.0814373232274976,0.021049972898933133,0.052728582828072135,0.3132508310522623,0.04903942850245013,0.40733622839412703,0.03488097515279706,0.017676169804152233,0.022600488139708455
0.05866047342574764,0.08074310052527468,0.11714397111237984,0.02363205099157154,0.14273498885374425,0.02031423516092361,0.05352924780385687,0.10849403963010201,0.3947478924963996
0.12121756496064613,0.0402491818987574,0.009841318285492536,0.3808330388316379,0.07324765723947307,0.03511747388563747,0.07327220277557311,0.07318087627630583,0.1930406858464766
0.07176458111891583,0.11771685710237874,0.11918735371955878,0.037471713918287165,0.06253176137001114,0.13411189396487894,0.10839480506209857,0.30352754981292557,0.04529348393094532
0.070562276736351,0.09145084488866717,0.017576900391548505,0.33230821465953503,0.030432815753982007,0.38178607001901294,0.0354339369200078,0.027631333191782365,0.01281760743911324
0.13352707385944448,0.06498529683959266,0.2028758009034802,0.17756248501298275,0.08268092173536921,0.03892196184569294,0.20475722549873335,0.059951944741629425,0.03473728956307501
0.1180584329411996,0.03952288029257382,0.1351740365201661,0.13205431712750942,0.14798573862402933,0.08982143376331726,0.04955190943581337,0.12931716257264045,0.15851408872275052
0.07567790557828026,0.2665935949963353,0.10645002175792588,0.028222829774606384,0.17266058652143548,0.07316090388883101,0.09003413412664307,0.11730968686762029,0.06989033648832231
0.04134227973741154,0.5543672178010431,0.047400323729272754,0.09631489721968119,0.11115686524446157,0.047512149140306235,0.055601157743532886,0.015901821065031893,0.030403288319258898
0.08322624216583639,0.2690477470402632,0.07401110588499075,0.08696216155419918,0.1892877034782057,0.05454423300848396,0.1227917379431286,0.06121948355121907,0.058909585373673135
0.16954521890102137,0.107723577279405,0.012234114883422081,0.26577378405010105,0.10455604349449034,0.005606846794749519,0.049792348380145214,0.02050002345303768,0.2642680427636277
0.04348592288315029,0.039790311444488635,0.05318389034035142,0.36742602321811835,0.062662339748516,0.22385702701775642,0.06315255210015323,0.06722517123666046,0.07921676201080521
0.016191952807529452,0.11948133732139217,0.07420837379158372,0.48272413242395196,0.0779059858971516,0.02830695607317649,0.07818149751149907,0.0713098935747792,0.05168987059893627
0.04449028184608702,0.08003423529628335,0.10001326450685753,0.5295959477722891,0.08551417617646884,0.08576936354807281,0.02870450219520219,0.021750984484833133,0.02412724417390603
0.04949697892377877,0.139056707357625,0.047943355038452734,0.16304983599516606,0.11816199301354124,0.07227461412033975,0.20348679116218008,0.17774377942572453,0.028785944963191798
0.051429073874607205,0.17377642188319586,0.08003027873784342,0.04608079699179706,0.1278628890153001,0.05973136609225018,0.31715901724793616,0.09415641172110807,0.049773744435962
0.040798864835703295,0.0235190463110494,0.030959797999389794,0.32880228684805957,0.08929174273217128,0.30329803363269964,0.03253583350172745,0.1352768381992182,0.015517555939981359
0.042714933328807825,0.026613395856513237,0.03582022995264702,0.4161251100168635,0.07478441315009969,0.3008016735999146,0.0196676758771822,0.07181823997752296,0.011654328240449062
0.053628091114087846,0.028380181560024864,0.06219295316069795,0.339454575334927,0.16190289750075343,0.08611566501363355,0.2159923112208109,0.039625280294588026,0.012708044800476498
0.06203205464851889,0.27947974702442785,0.027374028264897442,0.2891318668246411,0.1334302465249244,0.0425535706757141,0.10179122611570128,0.01310940016721853,0.051097859753956365
0.21957028093433414,0.08776614808637377,0.12340182933529116,0.046721182457321965,0.06378327814441428,0.148292867075372,0.1514983828500052,0.12320805835450706,0.03575797276238036
0.04661797151607858,0.12527691186040069,0.07246180851850084,0.39928172783103183,0.13526491226071924,0.06925567177199336,0.10274142453930873,0.026935335573642184,0.02216423612832459
0.05009789176348147,0.02891239624800986,0.24658770415230888,0.12977784339970042,0.1099329455366806,0.10387093507701006,0.08921229732831243,0.2233739689772495,0.018234017517246816
0.20513042310635612,0.09257729512449588,0.05183529441556114,0.20571332335700046,0.1368267718967819,0.13939459762081916,0.08302460290339235,0.022814232451917504,0.06268345912367555
0.07496426433633295,0.3905768212517986,0.058644499634504015,0.09741425387336762,0.18420453215401197,0.04546567381628907,0.0656890896696363,0.04318864556184706,0.03985221970221238
0.062083810313166725,0.01967600177915535,0.016288417091366098,0.17322228670113907,0.07905779324060942,0.373406488387854,0.056080764243984005,0.18394046823877405,0.03624397000395128
0.20162542695098337,0.13234165368116066,0.14745854737959785,0.018847197225158638,0.04992903497606945,0.025559060013227674,0.05619062531051994,0.3159355414089502,0.052112913054332154
0.04246129482937292,0.020738372356707786,0.01960182756154295,0.47122020173163937,0.034821697357737595,0.2694952380892967,0.03887761698159454,0.09343967385580797,0.009344077236300175
0.06399338721952098,0.2099131547317258,0.07946408476095242,0.1395587381770619,0.11323770399975874,0.05835258258536768,0.19061915269005172,0.09920087182732064,0.04566032400824005
0.024410852360679674,0.037415993167100293,0.16195267112337222,0.30709240003931004,0.07144501116474518,0.23133229440110623,0.06262678571194101,0.07901195832570206,0.024712033706043298
0.41020851472898573,0.04424849596503289,0.012168299483871834,0.1543914278497614,0.11501147279889516,0.023611339389281463,0.03439920309852046,0.03883130479590482,0.16712994188974628
0.016935699295928128,0.10875919011641133,0.5886462516500947,0.022127426226882935,0.0968693239538657,0.00938403774649913,0.09730317989562022,0.031856255706440934,0.028118635408256945
0.02458098127950172,0.03131456175711159,0.020050954743273643,0.14257253018948046,0.22256697698659966,0.4385114596033772,0.02631854947419351,0.06926269021406849,0.024821295752393654
0.10278582036112915,0.15111801172116304,0.17721593489645557,0.02263541230047501,0.17765541999291767,0.011538568384024873,0.16029316704219432,0.11600584792764512,0.08075181737399524
0.17110557030079812,0.02950870563411186,0.014321114521950255,0.3644177021963077,0.11410280403535444,0.10436993010468835,0.04445315424508678,0.053108796816701415,0.10461222214500114
0.1479558727978838,0.02773964031774555,0.026154363416114438,0.32143528571002994,0.07259706327640007,0.2966654647686658,0.03279797361127853,0.057516188352029894,0.017138147749852086
0.03837401343375615,0.02586189805209213,0.05696925240249773,0.395626951717416,0.08155474038513301,0.24988077790597343,0.027221239042847196,0.0937318476634965,0.030779279396787762
0.06314235194903743,0.04732615938131359,0.04579580534281424,0.23858844613849337,0.04481957226367982,0.35407941110145574,0.06532672869425425,0.1260225795424003,0.014898945586551166
0.10933507230003324,0.029914937834511796,0.11007073778257066,0.12359397806483156,0.10690688399129693,0.22035928396424528,0.04854737993270516,0.2321865001305167,0.01908522599928865
0.10404951675383049,0.15245475543072842,0.07640985471657474,0.0632219191745042,0.06669680705833897,0.056433305144478585,0.11582580592635804,0.2955990994921957,0.06930893630299097
0.0642078553923624,0.13738724695919377,0.01955374950956108,0.02705646159448768,0.1133547760218565,0.004534275679096741,0.03555014896171253,0.003963505359746332,0.594391980521983
0.16471939357417045,0.030879012325882527,0.02629397687686028,0.2870351841488065,0.05058859680996828,0.25619702342096357,0.036041809107002866,0.06481497061220004,0.08343003312414539
0.13650757050678541,0.03471356931120062,0.04311135492388494,0.3290144605107474,0.11458729459877294,0.11667289234748035,0.06823336205448098,0.10954506079486954,0.047614434951777806
0.06855377211214583,0.07714948242089897,0.06753808215176754,0.24952167672583,0.08839252884921922,0.2402049840033861,0.056295593214432414,0.13284001181595645,0.019503868706363427
0.05466116270094238,0.05342236043243836,0.04935431153546064,0.20857419501042054,0.06565661263275524,0.444741909211084,0.022734239802069806,0.08482281096683664,0.016032397707992512
0.13842041234607808,0.10668337328494021,0.2081613244012217,0.027829845174927943,0.06399941762840294,0.04157509193516213,0.04893262636049517,0.3421755805533833,0.022222328315388427
0.07807891724292397,0.028260477160543123,0.04018334830734544,0.4913824586365587,0.09321744871061222,0.17130724303588352,0.03281397931316248,0.04379045286679819,0.02096567472617227
0.11495719315335746,0.13372057934369344,0.07652910015224137,0.056652301729061195,0.10095318238937397,0.09288104025009247,0.21902847852846996,0.09931340610940509,0.10596471834430499
0.045297537812990944,0.09377607632486455,0.052457050074514795,0.4886712966612441,0.04066951318114068,0.0927627820969645,0.039874159595462075,0.10215654650237666,0.044335037750441626
0.0875795438176038,0.018728321907032223,0.022329144050601327,0.35118838738306396,0.03607234783219342,0.324100747389887,0.014711676068485217,0.12013976656424603,0.025150064986887002
0.01579945229103046,0.04987126642408778,0.11805265625916132,0.38716391132871836,0.05958593654783383,0.28683306808092723,0.05174867014767962,0.01874171754717063,0.012203321373390733
0.02972605247123644,0.0356405866014399,0.08176428481747387,0.5662860882695021,0.062288925716063925,0.10739396870452256,0.05943648188765573,0.04341173220553424,0.014051879326571254
0.10656456594113024,0.23009214444618578,0.14687379467402806,0.11652206033420376,0.11246590610790053,0.016778639409673685,0.06518653986750682,0.1611721692338789,0.044344179985492255
0.3893207114714225,0.07087438973691897,0.036036148737736924,0.0686143836000176,0.14729129352083445,0.08897159531608663,0.027521388600805243,0.10449814489665284,0.06687194411952489
0.08951019296279127,0.09095714605756329,0.03306360730180035,0.38477606825384125,0.04791470168021051,0.1736030704713096,0.07143821474279832,0.06891044382905755,0.03982655470062784
0.09130377679960279,0.3183549172568605,0.035434775012398376,0.005121569829257954,0.18135357108216477,0.01959546433389237,0.12147552861904254,0.0470726222363052,0.18028777483047553
0.11705535878616376,0.033974389070664766,0.05644984516154614,0.18707812960345147,0.06863953831131148,0.2919689580951319,0.07656754921232478,0.10721684206804037,0.06104938969136533
0.08569744369651537,0.03697733001296594,0.04375489285255849,0.43715379142590177,0.1779412564459101,0.05209894633042969,0.03201791686434585,0.056004313614765266,0.07835410875660755
0.019627351251130402,0.06735951893149354,0.06763596407490695,0.28281188214964265,0.06097626210053667,0.28529183864714797,0.10413924130281027,0.06687011993090365,0.04528782161142796
0.2233484513985001,0.11709203936933783,0.11632900815035101,0.023368430570517972,0.1340800952515813,0.03747243332518488,0.14638202849507384,0.14843103363839288,0.053496479801060266
0.06998236972843223,0.01887237392323519,0.023098974979259734,0.2766503927082509,0.12934209137941247,0.40529138780012036,0.016148631581623888,0.04311815457793317,0.01749562332173206
0.4922982106340256,0.0643430123259377,0.041549176759452446,0.142372860123176,0.047308563544933846,0.07298326882832361,0.029894863642899765,0.05582998573580527,0.05342005840544578
0.2265760862207784,0.033338918092684466,0.05237995602307897,0.042446154189832136,0.10752955177766023,0.015044638808287459,0.09865661000643984,0.01933789119816348,0.40469019368307496
0.13494564893087238,0.06459365241613062,0.05855475329790227,0.0386340843962904,0.0726684111617472,0.061828673099851884,0.08697955630666195,0.24625889637444498,0.23553632401609828
0.017059403963226517,0.05463021564933787,0.06529513735770526,0.43934700324390663,0.09592715543801056,0.14993678761661575,0.07011773723930458,0.0782267717707545,0.0294597877211383
0.058729895603480686,0.023038205828800604,0.027393753245820173,0.3822690760403764,0.06358201832017503,0.2287636346387911,0.06198002706752025,0.08602453956441695,0.06821884969061884
0.05300559749661433,0.06557203895440837,0.04417565117183892,0.1436184069844624,0.08649509210313096,0.34845945051573785,0.09178741142697326,0.10262482646297237,0.0642615248838615
0.03623743397427966,0.26577315253715833,0.028390963492609694,0.24925148730648686,0.12250793307910039,0.01162498931304848,0.11217910412752626,0.03300465554768033,0.1410302806221099
0.04355813475879038,0.07990732365227336,0.044498949867213033,0.35304611469965846,0.10770765078987538,0.008610496611526682,0.056396535382392456,0.018063683253576445,0.2882111109846938
0.05040853117785273,0.20296002931657461,0.08953633118204735,0.03395868674829883,0.1171745880311692,0.02094737596586238,0.07338575620589441,0.21328736443305996,0.19834133693924053
0.10183217033203779,0.08129503960631114,0.0361405579542844,0.4374857532286241,0.10289676551045841,0.08517226713707766,0.06630559947864481,0.08029559436499384,0.00857625238756784
0.04919357088820692,0.016261501022420053,0.018162746467500334,0.20578299021606947,0.08879568622575662,0.4319670516940249,0.03681930346595332,0.0827761583076786,0.07024099171238989
0.22836192222658705,0.14343061242123575,0.08418227406662133,0.01198311473053043,0.1082631780809755,0.021893863886071268,0.016957152635411643,0.2568909296528636,0.12803695229970352
0.1935659283384014,0.0404863287207718,0.054672603193302284,0.020787973236529703,0.05601306863459624,0.019272626908066096,0.10742330674298657,0.3098157734932172,0.19796239073212876
0.15581419895728246,0.025958394741848856,0.07200477810186603,0.08192688057437499,0.043832288371034554,0.02569574611383303,0.016947494222728687,0.534004018812526,0.043816200104505376
0.02637240892873712,0.06350475960565057,0.0749076857453038,0.27463367638315933,0.07389814579927378,0.13560583517893107,0.29712092983015476,0.020047589801018815,0.03390896872777064
0.08494423511286116,0.08412986302381298,0.030634437058243327,0.12371112905236391,0.09904990190908387,0.14447496897200238,0.04490501994749891,0.34097293433483533,0.04717751058929822
0.13381570402301626,0.15596646684874269,0.08363869335942199,0.07916823277703765,0.1700574617077358,0.012092324954817312,0.07353876307043233,0.023131818726820023,0.26859053453197596
0.08484646175995501,0.12944586924783139,0.1144317004396536,0.18878458448384827,0.09447633065067797,0.033028041515915145,0.10475355136277288,0.14060820708623548,0.10962525345311029
0.03372685979280746,0.11944559159502428,0.2047179243466943,0.20071486976489114,0.20787431238628132,0.05573934491447541,0.0731714491223429,0.045648509005681105,0.05896113907180206
0.03236492421112224,0.06301099464879185,0.041019715432584224,0.46211431113491946,0.058945236288885074,0.17244944585092714,0.09350074772625615,0.06700959143683888,0.009585033269674954
0.05752166044067921,0.009690388396271945,0.08122307395793085,0.4080162971656261,0.09631837020996055,0.24233829645481764,0.01851819358980024,0.07545326169022679,0.010920458094686584
0.10443795991266029,0.07833016355955275,0.12392943295309967,0.12856971533752198,0.13231278591219323,0.07195951908321656,0.1843997056318836,0.13616486989684037,0.03989584771303156
0.056813520630820104,0.22813113799854476,0.13285539055783804,0.11456685345846152,0.039117089809345855,0.049010995222976673,0.2828201234604512,0.05971798064636688,0.03696690821519497
0.03146037178989492,0.028396963147608794,0.01802838880270632,0.3739948115642881,0.1387066860688655,0.3370776138212797,0.02210659544862585,0.03716734269985885,0.01306122665687196
0.07761191479441674,0.10021044732527305,0.19919049761720298,0.05032292351428625,0.25767686953784497,0.008750134269146021,0.09285889142380344,0.1012741361866944,0.11210418533133222
0.2171883385337049,0.10549158501954509,0.05196520766147211,0.1318265751484846,0.04522949165740383,0.0583020972745564,0.036284149310044145,0.16252340303630475,0.19118915235848422
0.35469173522951764,0.0699888134719761,0.03239417221839525,0.0363940798685395,0.08065287521461932,0.02044540033341133,0.1403785233987064,0.08788468236367346,0.17716971790116096
0.10648197469008903,0.06190499933684745,0.1065505438050302,0.3469024260452349,0.041122784076986364,0.12866453210304482,0.07158370139711862,0.11281800595028445,0.023971032595364095
0.2038374284853579,0.16244314685845987,0.011797916272633026,0.052212162343103025,0.10313700261961344,0.001710922170171913,0.02332091568122711,0.014275451747831971,0.4272650538216018
0.07240127060310779,0.05846883910351799,0.07972808844730611,0.15952818415905926,0.14826473729576664,0.02622676252574081,0.05583477667745296,0.30536779309830914,0.09417954808973932
0.2511604019229931,0.05831006726396646,0.03932604416856036,0.15131193338961751,0.12293316059352936,0.07283788764473018,0.028171185457076656,0.14569334187588281,0.1302559776836436
0.0540061654701392,0.04802857803024791,0.20742444834409668,0.10340891110873064,0.08570318538580392,0.15237213798781346,0.040280807292044286,0.28604029329750813,0.022735473083615846
0.05394022575380594,0.044387160839127165,0.10739711300865906,0.23250216257485112,0.05769287001465254,0.18403060006529282,0.11813051046224028,0.1780242357705597,0.02389512151081132
0.04348592288315029,0.039790311444488635,0.05318389034035142,0.36742602321811835,0.062662339748516,0.22385702701775642,0.06315255210015323,0.06722517123666046,0.07921676201080521
0.03035244286421848,0.17112133441391994,0.0192923421559157,0.3532437436160872,0.04122371603064241,0.11422745883633734,0.04450009138722242,0.21945821517910477,0.006580655516551725
0.35838765853191273,0.03826369221906558,0.03249926514356632,0.1423423972470856,0.16968644021099888,0.03191699388525093,0.04279713724605583,0.07212374398358087,0.11198267153248331
0.08122214237331578,0.044719964726699625,0.05645295910900111,0.28836541647131847,0.10199668304526203,0.2640264530113717,0.07694841730405216,0.06224487053604124,0.02402309342293796
0.046709881357819866,0.03198559176682945,0.031336481445883885,0.3715223612307918,0.06412261700428855,0.408995932967515,0.0180030013628531,0.019242125824686828,0.008082007039331474
0.11517016717312183,0.07982815769629807,0.15919810498869028,0.2298110816455798,0.09249201886160417,0.08016866874740963,0.04801712717491019,0.172291584872031,0.02302308884035509
0.13512624357322162,0.13254661022716765,0.046266938870271786,0.10475277723843561,0.09807145943021219,0.0393858837592385,0.16652426749365945,0.22599542154672525,0.05133039786106793
0.04623346582225979,0.18008111388247616,0.02853254529977318,0.2930802621602955,0.18703583312469305,0.054645108272632026,0.16045419065359048,0.006842168444641169,0.04309531233963862
0.3438530929510011,0.04681102055551644,0.012928563263604163,0.22077506273952494,0.0806215760542035,0.03632130368988727,0.029331268995667497,0.09353710894748729,0.13582100280310788
0.2117108985885774,0.08711125045814651,0.046567222818255705,0.07430112718332647,0.044800431187164,0.3294226177834572,0.034067124885315096,0.13089035141944616,0.041128975676311456
0.06415985460957445,0.06881679753196764,0.02899896355394733,0.15030460211632993,0.07337600427191375,0.4622994589290032,0.03277087446803841,0.09991718767112633,0.019356256848099034
0.08323942268851922,0.03566700774061303,0.07212676477527498,0.24235641297826946,0.061710559589163806,0.33577829742061693,0.09217421084857336,0.06258075003196427,0.01436657392700502
0.08965619812716812,0.09005980205017189,0.13875802997541745,0.2546288847687537,0.16154398927007296,0.08294840518893677,0.06374877204718685,0.09366372140558304,0.024992197166709185
0.08718679024449712,0.1612597033295893,0.01392151062855782,0.033569631074730925,0.07991235441272136,0.0042559538913917545,0.03154314622704404,0.00802549341482732,0.5803254167766403
0.033602225849557056,0.05359751897182533,0.043773767038880314,0.40747976907890565,0.06462299654981996,0.1510746791966631,0.1253832306384767,0.0992497004304831,0.021216112245388826
0.0507970770896386,0.20724040472617947,0.05286130599493488,0.17846392402388644,0.1211015791424136,0.017167940658468703,0.15077826376803188,0.03917075223052884,0.18241875236591756
0.02370081313040727,0.060668413818512096,0.023586206085715728,0.4321983366729359,0.07415747966242976,0.2694042630680756,0.04590970670941547,0.02791766918826973,0.04245711166423844
0.03677054334225714,0.023939592213951432,0.12203595137880656,0.4665371822800648,0.051644243178090354,0.17516084707580334,0.057149066328945945,0.04465854162955921,0.022104032572521193
0.13128278141969238,0.20192472193133568,0.061189558010878074,0.060726853197133335,0.05946591763126561,0.021747737453407967,0.10167987359749438,0.19328405463211085,0.16869850212668178
0.16965287050263944,0.04946830247836851,0.1266661254631591,0.1339280202221282,0.08212494878471122,0.07844260103449285,0.07599666105896574,0.10774098095103357,0.17597948950450126
0.13386828660762065,0.1346797224342647,0.10683260731768214,0.18894454546422235,0.0807508526040391,0.02646722399153037,0.18409043051396545,0.11066307828354123,0.033703252783134095
0.09919842197064938,0.03621857635126859,0.024366279493679838,0.3149375024754266,0.051814929756533096,0.3565556593661559,0.07136605872088846,0.01919488731871499,0.026347684546683164
0.12126084557770106,0.04031598746151713,0.01325530937416839,0.20626718453562476,0.041475205036120004,0.22832674183173118,0.04363141217435731,0.23960943935869627,0.06585787465008384
0.06317826277406124,0.10326789244490538,0.01476004015911489,0.1849353963387057,0.08258667404720675,0.010774830751329468,0.021056933032503198,0.03950996891121186,0.47993000154096155
0.07698933603165366,0.23185107233549682,0.03830826170983533,0.15622725512559182,0.05370375975064381,0.19582027568467195,0.04093378854839153,0.14298415071804677,0.06318210009566831
0.11113393451567004,0.16045103892401755,0.15459346499658358,0.012202193010410962,0.1840581445181725,0.03285641414466172,0.09066638255217098,0.23062409426115993,0.023414333077152724
0.15557132088461692,0.03429034737063342,0.12801113846537965,0.04698116225362384,0.08397322813468318,0.10427373398677202,0.09613065563206157,0.29847051834945737,0.05229789492277211
0.06413876407679898,0.024397866817497015,0.037399977976876206,0.2548659767712868,0.04124965066296537,0.22458782241394348,0.04591385302052373,0.2721042530612069,0.03534183519890151
0.06567567954304723,0.05750313773960362,0.025688102953504936,0.19476001838199922,0.09885910586288467,0.35035447928616276,0.07775056509955297,0.10065398852782124,0.028754922605423436
0.1301553708076227,0.04434850322136672,0.1445974050924496,0.24362821338590726,0.056945123705898694,0.02413012704363258,0.09237172997294607,0.09080223724412156,0.17302128952605478
0.05688016053624206,0.08873737575382523,0.18198030461594109,0.03538314821559623,0.1522777023464765,0.017473095948901493,0.10946575395931386,0.1340688202417701,0.2237336383819334
0.04942569393004063,0.03906090421752949,0.08278211918442473,0.26074494820048993,0.03534465329171688,0.4270357774556361,0.06397256014285115,0.022548918649923894,0.019084424927387256
0.06843538121111488,0.15261931857806,0.059651204137878534,0.23647937247185222,0.16728330694012228,0.01843262442967063,0.2230614661737896,0.03713598031445398,0.03690134574305791
0.029487420873444026,0.06087407023549962,0.042752220783803536,0.0344291887364803,0.09901602305026073,0.04047603818956274,0.5605565639628155,0.07915441779887879,0.05325405636925484
0.10510949340437682,0.0366004896599578,0.04598610991344578,0.1681044684194457,0.06732254873939919,0.31182476142189475,0.0472303729376885,0.19504480929540466,0.022776946208386845
0.08244599952758831,0.20342833315960165,0.010298716226322696,0.035945152012320195,0.10098875661451585,0.005295542024728185,0.027228875894136834,0.06239585555585894,0.4719727689849274
0.06475329842816696,0.03290690810713931,0.031599777373621914,0.244409879617804,0.08199353409967479,0.46134559283566773,0.0392073562420642,0.021643544287962595,0.02214010900789856
0.2638100663038106,0.051216965202467095,0.05013038759566477,0.11186145198411997,0.041690908790235924,0.16020209795168266,0.09888871774036133,0.19807214466888703,0.02412725976277065
0.09376807778916486,0.0884599472924162,0.05858069568409747,0.044052162063305804,0.1364748938663134,0.005728544617529673,0.06533364905953694,0.04918878411185008,0.4584132455157855
0.03846552550483797,0.012850668117413727,0.02084202341578638,0.3582366824277757,0.04721725244503083,0.4575962530169349,0.02529200057308233,0.021810062895438992,0.017689531603699075
0.06258770008527732,0.08080422913071929,0.03702440462190993,0.22628962941748296,0.08332914825738659,0.2537566774688482,0.09650106900204636,0.08527592051689158,0.07443122149943776
0.04739917129862955,0.028013125423800453,0.0074333660942778,0.3423872969899624,0.03760738868951484,0.3654149635763737,0.0538470056634037,0.08466848175872095,0.03322920050531657
0.04594229953272203,0.02194436987893598,0.016637444500301492,0.3411410644896767,0.08856628514525706,0.3529066500149887,0.033284915754345855,0.07033921031345117,0.029237760370320814
0.06224616170901993,0.04157558709108,0.14574109599744056,0.15514927084279564,0.06204433764328915,0.035312897359573325,0.21430857217344532,0.2631175526104781,0.02050452457287798
0.0986886873375973,0.05577349425016193,0.04725960332083703,0.19270898564269756,0.03713829689133224,0.42461615167942063,0.036506378346793496,0.09154358879151579,0.0157648137396441
0.06603578910263978,0.17125706050973935,0.05905266523966016,0.028047561686945763,0.08739944055456213,0.03938979273053403,0.23765824365474,0.08265496233527082,0.228504484185908
0.04727712112700592,0.07713887353932537,0.02895676285167525,0.2418241368607138,0.06867247178619312,0.2685549809886848,0.05173156302089843,0.11605274703164835,0.099791342793855
0.09995820934579962,0.047119023071769094,0.09387474529546763,0.16327229138540256,0.09634866551257404,0.24321202837827963,0.06547159073822942,0.17196774846050503,0.018775697811972955
0.06391795505380424,0.12884635462278757,0.2611786010210329,0.046490793896975226,0.1438418896774034,0.020545874460695005,0.20570282405510154,0.05049407062076816,0.07898163659143198
0.021233413976893906,0.039727713365734246,0.04262877742722853,0.4979009853589245,0.06430526859980758,0.22573175640488854,0.05300312331279311,0.047190086303814716,0.008278875249914858
0.034301465791487275,0.054527032162910764,0.03879028384444672,0.24062884552181255,0.0440636184020002,0.4278081783627072,0.062494935786387186,0.04281471305113859,0.054570927077109616
0.2588325335498172,0.0950480579573369,0.10260767135974125,0.0157220796221931,0.16359289021145104,0.17804708822995327,0.07117793879614091,0.08295762703371662,0.03201411323964967
0.12673972547189602,0.10795223076480098,0.05687675393337963,0.19929078375952683,0.06965961546945126,0.060417898257519455,0.13707364616715856,0.18477076840471637,0.05721857777155088
0.02674061417449297,0.3285088180135704,0.05368734029318862,0.1771315721957197,0.0720718017181089,0.01555316090941492,0.04389044667621498,0.035438396722770465,0.246977849296519
0.06422375142408308,0.14821363625743042,0.18796957579307397,0.11572995056740698,0.1793546085898686,0.03327809723923191,0.13725802408670618,0.04990369800393147,0.08406865803826742
0.09695233656073758,0.06512775323944038,0.03629858083997901,0.28407953308639006,0.07796059398712062,0.27787097797340893,0.06738653654522146,0.0430595498183775,0.051264137949324495
0.007493213698097168,0.12497982960276448,0.08935273338666694,0.02038000336112378,0.1661472013345409,0.10168664814432245,0.3983448467210901,0.06554095774159652,0.02607456600979771
0.03800691114412746,0.038182618823914126,0.1369166514881977,0.2899561627261969,0.04698856882865482,0.23073186429814227,0.06730911926454748,0.10944912845102989,0.042458974975189245
0.14974201181408678,0.1336638631534976,0.043647643391365454,0.04930249145902208,0.09571254000667818,0.35947914834667033,0.06129777954802971,0.06075273756131899,0.046401784719330895
0.18903667369895963,0.032902858956177304,0.0375690562227741,0.24135384141568617,0.048084484463007206,0.3059305966799561,0.028221197045533785,0.0454801518043615,0.07142113971354419
0.21156984696267053,0.21137609125526832,0.03097290919965844,0.013138596830351386,0.11236862404356773,0.090458348712659,0.1458677831577712,0.03844311827712819,0.14580468156092527
0.03962081860328107,0.03490200200699223,0.04847592529401148,0.1987537359577716,0.060339992807597075,0.3716311282186921,0.16691761792824186,0.05914144098432275,0.020217338199089874
0.10017375580261167,0.1052094459452317,0.024665964862004355,0.011069784396753069,0.08006477762083458,0.017410521635647925,0.16661006270704484,0.39517989466639714,0.09961579236347458
0.0751852913321978,0.09773083426320443,0.10789953655543999,0.08921535334343593,0.06034693979299289,0.09277077916095823,0.18854502454989194,0.20609341476599455,0.08221282623588422
0.030472856317712394,0.10646974509101152,0.1286154908948818,0.13112543820900244,0.14341893435551292,0.12602596249001102,0.18003878567815315,0.13054092452447072,0.023291862439244016
0.04519526207413475,0.06817936202296325,0.07172264242991476,0.2790916323389771,0.09662610439418673,0.05578642411846343,0.2651407170242829,0.07134957553049359,0.04690828006658363
0.07540818548289373,0.07116880897770654,0.17071716825321173,0.1823942910140718,0.06522617432345101,0.22153744269454054,0.0769668314979947,0.1260283879252743,0.01055270983085567
