0.14608854610921873,0.2892230256558714,0.07777298677762028,0.04733562515238419,0.0913704080050388,0.11771787403108129,0.03136814125056862,0.04049901740628851,0.1586243756119282
0.15103218128107196,0.13008456872206856,0.1313058652396025,0.051654735818232766,0.08638836940552551,0.05861074363823457,0.024383417531856837,0.14903688427667036,0.21750323408673697
0.04419425153761316,0.030244896139160826,0.12109205153027801,0.08688224282510944,0.0888497190919162,0.032134519814857224,0.10565018605961918,0.14502454861801375,0.3459275843834322
0.006608496364350185,0.1889555155500731,0.0716172049092511,0.037827663054802264,0.08601217568334514,0.03741184756189444,0.0440058039909827,0.09495468847653134,0.4326066044087697
0.5226673356333053,0.055124476576141286,0.08524943834720601,0.03630900951510497,0.04484560906093044,0.036046704679998785,0.1385487068028319,0.053747918030779475,0.027460801353701866
0.03202420718854316,0.03961989082755192,0.18865766505292114,0.1221839515105964,0.0562489551642416,0.07544431330876882,0.19695332611414615,0.22376866228071493,0.06509902855251577
0.2663217446659701,0.023070895507198135,0.054794237912235456,0.07914490763004171,0.07880240428667298,0.009744791365223762,0.39272233561690156,0.04458467940286759,0.05081400361288874
0.09660251561683046,0.05080506926714192,0.202815034200135,0.027696752352085862,0.08279771439554233,0.11358092062680963,0.09479497900305282,0.09861305218586276,0.2322939623525392
0.14084778263389316,0.06654378646856919,0.26907096424691185,0.11622043604301473,0.047924063941147454,0.14970119700862342,0.1125503838740532,0.05387076783125247,0.04327061795253453
0.05336245117896868,0.04696957949289632,0.07268362198103352,0.03208629675852029,0.3472670376716472,0.010224113491092243,0.017725529724837878,0.18268300761543735,0.23699836208556654
0.1005863061767514,0.028143005330339723,0.22944025291402115,0.08674565345144687,0.1043955543955694,0.0736944625918668,0.038706699305682886,0.23374412836503197,0.1045439374692898
0.05448258379349824,0.1424725989595774,0.1920724379577878,0.4260651358917395,0.05698093931954465,0.05555631212569423,0.02463335703894558,0.014388215964180287,0.033348418949032364
0.2912208559234784,0.035135296289469466,0.21857215289605544,0.0455952674707509,0.05144266268338669,0.08662076285847464,0.11124021263364259,0.12558651565651682,0.034586273588225046
0.3501339795933498,0.08384024835664032,0.19986702136279733,0.06969140525132807,0.021553090259304217,0.03884506276923571,0.14409573196024902,0.032562261063685705,0.05941119938340981
0.034693952361292725,0.587352906112791,0.08265180572893002,0.1428707765360058,0.037602032690978636,0.05482380826167419,0.0325075388368029,0.01713149329565525,0.010365686175869452
0.05145660336321758,0.2795505350074252,0.26349201751763646,0.020402974375923876,0.07102503664339034,0.05644412714630901,0.06757987124465462,0.08560272443692679,0.10444611026451618
0.08747483656068539,0.041838041166647105,0.22602104027882589,0.02381176088152333,0.15497560389231507,0.22837419566030023,0.0226601958517635,0.049204623336405635,0.1656397023715339
0.016679550088953086,0.19651634073157898,0.0886696795553194,0.025647082152143886,0.1573737699150168,0.21878516384895286,0.04203652714264266,0.06119834625613404,0.19309354030925827
0.03145065052012699,0.09387638697315755,0.2272522423540065,0.08891221096033851,0.07588611575867567,0.02855028394826146,0.059680806057742175,0.07423657001487939,0.32015473341281186
0.17063707468688202,0.06568055122955775,0.11564776695046693,0.07842627209849408,0.3482545076799158,0.03700166631575652,0.015256253208336503,0.06393612646185765,0.10515978136873277
0.015108452537003629,0.07358215755179272,0.24727401140477215,0.01601969275776823,0.09758304995349432,0.1878782703732277,0.04616349854764603,0.05903882172054551,0.25735204515374965
0.10461473367272263,0.27061491812142907,0.05243883014161923,0.2003899527567318,0.02427218764209312,0.011666042030462757,0.3011199712280379,0.02844804785241611,0.006435316554487358
0.08622120730519241,0.3263045189874498,0.12549135774052156,0.3609158207981846,0.051494002128063356,0.008568203380405584,0.017142350109096264,0.006057980502186304,0.017804559048900173
0.05123961253646461,0.10572760272189267,0.3995612048329402,0.07387804073514669,0.1369586026142422,0.03073342080975304,0.11747528496581679,0.04624106987102375,0.0381851609127201
0.2646403857143856,0.06790922922317892,0.14727338712087676,0.14940628069102216,0.04999331018778778,0.16548872891759728,0.06017306726514132,0.04438169078936061,0.05073392009064954
0.14004267894765385,0.06895726633518384,0.09057801926524535,0.03223282918612717,0.11344221002296473,0.04984314878960322,0.040990698167788685,0.42902446467940747,0.03488868460602579
0.06274823755044258,0.044531521683917503,0.1521541246294769,0.03852156703432922,0.012996133959868346,0.305714020370651,0.30221799213671224,0.06305187501376101,0.01806452762084112
0.10496000139652162,0.13294826531503665,0.12446711584647441,0.055321762216960536,0.10261447335065312,0.1891069183892056,0.026664785212557194,0.09272319141530944,0.17119348685728145
0.09211663867505299,0.15827131786914536,0.2862067351790571,0.07352340609475573,0.0458999546300129,0.07499955864765984,0.07737681415223178,0.14273180442130895,0.04887377033077542
0.28331944360079964,0.14135801841636175,0.17437460651796957,0.07468373247307203,0.03629104533370908,0.16185905686730365,0.04448029230851527,0.024352854868480767,0.059280949613788304
0.17584561351511152,0.09263687921648363,0.084742656638918,0.05241284417921649,0.10363053326596043,0.025866669447138516,0.12743807377166558,0.094539605457855,0.24288712450765085
0.3550644356882973,0.09461964558029974,0.09155275453648286,0.05105720377128523,0.09703961982288162,0.04647239311033626,0.060106743208799523,0.05302838364162462,0.1510588206399928
0.2826467949969576,0.11000788599802103,0.11357446709931228,0.0517161120934154,0.07084981848907107,0.022825784455238658,0.03725890537019367,0.2018736851330275,0.10924654636476282
0.21862954919461533,0.08793939144366103,0.08884954371953839,0.08067701892398445,0.08995834067965852,0.024546608414746443,0.24172885244131068,0.058775815834294635,0.10889487934819043
0.24047658573157696,0.14932640750461135,0.07140804917138742,0.3793552963278002,0.022088473855501344,0.06832502353383203,0.01465042276272327,0.024623941302593867,0.029745799809973595
0.14197214566325322,0.137236999593741,0.134069939196831,0.04306175176352242,0.07178850737944355,0.05806247661726127,0.07208990335641931,0.0957594095530165,0.24595886687651172
0.11522480145498275,0.14806672707684232,0.11632339670565861,0.2167817765777896,0.09121722131345472,0.14678640482358507,0.10584447395353336,0.02159111470022891,0.038164083393924686
0.23865483590029324,0.04371413705451796,0.09157357209556229,0.2993978843841193,0.08157387353324123,0.10661537213491616,0.05538804548546259,0.02426493916568322,0.058817340246204
0.03911856308596424,0.49236102490379513,0.07027715364589661,0.26239059414062477,0.014784683412314308,0.016783113265244936,0.04359803848514875,0.03638321452217935,0.024303614538831744
0.19233722649807897,0.09061958053718716,0.1500185179639458,0.010858442755838952,0.2745109746986847,0.18223210500707265,0.012787822778206998,0.059322243312974754,0.02731308644800999
0.09849965691935475,0.06625766017231001,0.10994893802781164,0.030513156116491833,0.09073772868825077,0.3327567593656127,0.03874793438884237,0.09456329337666024,0.13797487294466557
0.036395040006888646,0.08014292188573673,0.14532742413448876,0.029386209344023962,0.07469260769335927,0.49518561216794116,0.04427197860640018,0.02207159368497792,0.07252661247618346
0.023646214705975454,0.01655528896476399,0.1818534039548707,0.04646512894976745,0.13230758394153355,0.061796487694100184,0.40712387919230464,0.06421666815956555,0.0660353444371184
0.15265992613517207,0.28294959639196215,0.1396503090139972,0.0706426968575005,0.048073862523013815,0.024960199983721326,0.12450912308297957,0.11680326696821515,0.039751019043438134
0.059440618714190374,0.10914267320034331,0.16831963256793,0.06398038392109331,0.018985524311536033,0.279550933101961,0.10628998105997152,0.06113417218674674,0.13315608093622777
0.12231031600117047,0.05448247701336075,0.20757895102844917,0.2365368668882175,0.0357348734490711,0.18867685630727138,0.07965261143740149,0.05467467029912582,0.020352377575932307
0.20350447789003914,0.04566927889318841,0.09051419706252216,0.07599143862464842,0.05395312667666002,0.33253883971940285,0.07596841271889256,0.04010408229784436,0.08175614611680211
0.4455501554978684,0.07839014818862866,0.06676057870732836,0.02721351529923316,0.10085008109429154,0.018831732684823674,0.09468512533808948,0.03734992591154873,0.13036873727818804
0.22984223118348077,0.09476510649145366,0.11067126074121571,0.02970480892836663,0.12196609412523707,0.1273505034691423,0.017777288081109642,0.0887976592479033,0.17912504773209104
0.0182669774775508,0.5327070597653889,0.06308001210170658,0.2614757595594553,0.010125251106749207,0.07598769176740074,0.017095960685711144,0.005399647751759676,0.015861639784277695
0.036274249330103626,0.13715555118812076,0.10753962686509755,0.040804177203856255,0.28621470147319744,0.04974268551333177,0.05941192254773455,0.09659917736081881,0.18625790851773918
0.25249606438181577,0.027135712085017288,0.15710277066032183,0.04967162082533508,0.09669183833462236,0.14028422969364188,0.14698378964511377,0.11522029923379247,0.014413675140339649
0.03578676966562384,0.051086212753575416,0.12446588476285518,0.09688213060792443,0.13411076000959396,0.06953095512638535,0.14364987763826179,0.18489190965805405,0.159595499777726
0.2582634979885342,0.01811150767822316,0.14673636776617963,0.035764931786838226,0.055332616562907194,0.22347088732135903,0.07482810729168181,0.15590398926637747,0.03158809433789928
0.3850221978104839,0.05825839111214955,0.1817758006383944,0.039450098507741574,0.033393054121941726,0.05699892364278533,0.08840228862250861,0.0461318465702596,0.11056739897373528
0.1949446985043226,0.029544851169873942,0.1749706157103058,0.180812862770758,0.11742725135080591,0.16029251757685767,0.0666129717336572,0.04472554248512134,0.030668688698297576
0.12727194175419196,0.06694142049784733,0.09109983998422322,0.11721834046847696,0.25399303968119213,0.022735780769087485,0.03240487054530837,0.02432963437445594,0.26400513192521663
0.14689652711238468,0.029411393231508338,0.08456318412939391,0.06703939932111551,0.357005226374096,0.01474362874740189,0.1805910720750088,0.08566413909858132,0.03408542991050944
0.038095632775713144,0.43786999975382995,0.07967724274280273,0.22437195107277028,0.04015979228810444,0.07301112078015422,0.06739541274650661,0.013098576702590068,0.026320271137528523
0.2758206301423681,0.08890318455611801,0.1379136605091978,0.029784528761152406,0.14290971562569124,0.026076833052121107,0.017900927957668834,0.07403833737781662,0.20665218201786595
0.15928411721778737,0.03983884037109837,0.11810558596075116,0.08955374632906936,0.06890372429869769,0.07343543883198574,0.1890490541075057,0.21543683657757443,0.04639265630553024
0.032240007675183084,0.07293630936445733,0.26566662400763486,0.017922761659001422,0.32493571626922985,0.012121741503905603,0.05713758782360793,0.08410996171360156,0.13292928998337836
0.3840555326516523,0.054488085499856447,0.08455637119503928,0.06970442875400401,0.15247115206666143,0.023872971078427063,0.060116741806708264,0.03502815456940149,0.13570656237824968
0.06079018969078511,0.02461560968709882,0.1948288779386783,0.05082421816175015,0.0844357080429055,0.27255479544615524,0.19445204914471212,0.040633455141228896,0.0768650967466858
0.19936341292455917,0.0449232259826973,0.3349867551089094,0.053841034849607096,0.05199473419585712,0.12663443471622604,0.09763192910201958,0.06143549077710849,0.02918898234301566
0.17824726174608177,0.04097608162590768,0.07617736825335467,0.030406031623185933,0.055452915188196276,0.2816354330058967,0.05232611351512497,0.07179518681101345,0.21298360823123855
0.09480993092725103,0.1418393714067445,0.07457312102698982,0.04101391901506066,0.25690831352130766,0.02612872190929176,0.04036688895065494,0.20588713120198066,0.11847260204071904
0.37619172412206486,0.01997561738494492,0.09430428975577561,0.054810998502941584,0.1382195733115071,0.008859847143966431,0.07519920087614246,0.057295221579463464,0.17514352732319363
0.350305486152662,0.01390241969680873,0.14070734734204873,0.13803171016599322,0.037795197200175386,0.0305842489388897,0.1511488087266525,0.08199824388283511,0.05552653789393467
0.5036971795316255,0.055835285438106376,0.05172777538808421,0.044050408785732104,0.019140217085572352,0.14122782589274904,0.0905599725595468,0.04951216684972723,0.04424916846885643
0.03750921522238746,0.21230273474548098,0.1747840775339482,0.029095294096074836,0.07919762417513776,0.012070193617482914,0.08046362376892764,0.20701146822800143,0.16756576861255879
0.0964251059454015,0.03689322593045072,0.1744777337310317,0.05905357246459499,0.30720298180036226,0.0215052170142157,0.03551909020331207,0.11587467122091642,0.15304840168971465
0.27112216077655843,0.1808430612774435,0.11779663890182457,0.17574292388414872,0.05514969651612626,0.024996869327802564,0.06913254197560033,0.03563165115311864,0.06958445618737706
0.2435462240896651,0.0691433209742841,0.14074241024132764,0.030295311519968237,0.27290401471999226,0.11136928884655602,0.011998486811085375,0.07640407276796429,0.043596870029156985
0.25606580568334397,0.08029216509953165,0.21329464629279185,0.2611105928140842,0.06511922190012766,0.04305353000300855,0.042646535412147385,0.01986733361605393,0.018550169178910725
0.055547444472214796,0.020630837496311148,0.14621289562144532,0.04845919517728973,0.26699485786502525,0.03123442729594034,0.10259326873341962,0.23920750978955008,0.08911956354880375
0.17260751296877877,0.04136776561180622,0.21013665787905075,0.030720121273156504,0.0535128247652755,0.07735654959308022,0.10853983633886706,0.164642374588122,0.1411163569818631
0.030734255290110434,0.021234942630862858,0.08421022292373881,0.038710821602702304,0.44855707390390703,0.010919220370415981,0.05093740347368773,0.16613631203985266,0.14855974776472222
0.030389917649242582,0.026456925165450104,0.13953755998103362,0.05468523432282615,0.11562992054131382,0.021122534302854722,0.1508438799443681,0.4000793251013848,0.061254702991526105
0.06052223609289925,0.08021870769847618,0.1508580030759544,0.03390222350888585,0.10004872421637823,0.02519229852533437,0.06970015550176661,0.4079992789667454,0.0715583724135597
0.2770547841062328,0.08947492312337013,0.04488381497279679,0.21212591911354775,0.057034815326832466,0.026909902474493198,0.07332200119340088,0.03613670224643347,0.18305713744289262
0.08425292127020079,0.542427070073845,0.08835344729655038,0.15434801456763686,0.019993615047882305,0.04360587722555539,0.030901790700507924,0.02319522157453595,0.0129220422432854
0.27088615700681085,0.21062710914738925,0.05366781775703954,0.23081323679060262,0.12608619841794444,0.02884017860899817,0.03492936359614311,0.028046069853493172,0.01610386882157879
0.08521287125574983,0.17144267890093634,0.134012168388759,0.05062091084943,0.09232883010420641,0.21754787486327343,0.08529936009261983,0.14994189739901814,0.013593408146007041
0.06708350611949399,0.12964541702637655,0.07770912392558277,0.09984067693669028,0.281804320213826,0.10955510427110465,0.07107792604240624,0.08084257495148224,0.08244135051303732
0.10909701015372393,0.13599521145263746,0.19183044739087607,0.09558082491137314,0.0835234747403502,0.14014984507356523,0.037148625319537935,0.08738125997370999,0.11929330098422601
0.18325520208050405,0.45724658882930963,0.053366722801730014,0.17209449954470848,0.02170590088561089,0.04104568755187252,0.037632836827804196,0.010677890292405387,0.02297467118605477
0.4647071335838661,0.007864992008650647,0.18429144906697592,0.09310755604156447,0.013122646352717149,0.01520544909755297,0.052521373193108935,0.166903905892987,0.0022754947625768566
0.14268282313956224,0.05419142451162864,0.17339476093307007,0.3151842229835264,0.07059612636941665,0.10357644364841785,0.03602190448678593,0.017525722741056026,0.0868265711865362
0.257789785105546,0.21431533107733916,0.09626012322039157,0.057023646689840744,0.05663097013694937,0.06530248351341968,0.0538693205434491,0.056964909369866534,0.14184343034319788
0.2097160397324036,0.08867368551048223,0.3064846231913782,0.04332175583261638,0.027416127308196907,0.04467736253799361,0.08744945652331493,0.18603291635569022,0.006228033007923948
0.1857269952306577,0.09198838858506676,0.08686918434176628,0.07441774859166773,0.22725499536829355,0.10553523790450903,0.07604752656702997,0.07595690184756726,0.07620302156344162
0.05902527623257057,0.03685805467686593,0.13887722961439097,0.14856112698885382,0.21206043878116357,0.0877422620721054,0.1662773797155215,0.11018978378808979,0.040408448130438396
0.16455462454320088,0.1341669884726149,0.03728937462830826,0.04403416371574231,0.11981528065193248,0.010450672716873532,0.01968971921462569,0.1309639421664259,0.339035233890276
0.34771608580796126,0.02840686144670475,0.1874226414741237,0.04485644853778875,0.02831071932132878,0.08629898775014054,0.16394061670224971,0.10063164470641357,0.01241599425328901
0.09367672569805703,0.11022769848213343,0.054653220529111333,0.07737613874174197,0.1781867677529686,0.009888290557887827,0.1202873451920919,0.18431148151054966,0.17139233153545827
0.3463772447997035,0.049023616713707856,0.09208974736004133,0.021311043735674124,0.0590289286881772,0.0566881704243567,0.027014219737502464,0.12317659144202268,0.22529043709881424
0.395434194567256,0.04074567619632273,0.12392619183692677,0.11364970722500393,0.010307996074672837,0.02431925108575296,0.09886168608839367,0.1892871580509338,0.0034681388747373047
0.16156944674189333,0.028203248082412587,0.17348217334417573,0.03200160888162912,0.09468978644914627,0.028176297293347002,0.34209305455612754,0.10665045544309705,0.03313392920817143
0.10177975774952948,0.19401325564379154,0.16173025171346408,0.06399210141439891,0.04405704536435753,0.01251301869672894,0.1338773361075366,0.23434042094728655,0.053696812362906444
0.16788081322056944,0.034460532232635004,0.18367163159090227,0.05792327728414145,0.1297307750289064,0.05408415353645559,0.050354356438947555,0.11541825800917278,0.20647620265826958
0.22264251923732972,0.03608017788080528,0.1165284575636381,0.039099327053972614,0.1394390555936922,0.1436849826194353,0.1748452058407941,0.040461041072792296,0.08721923313754038
0.330013906109028,0.08488241333249091,0.1007940095184459,0.07731584637874388,0.05883530208271882,0.04641295113487819,0.16698092482374724,0.09385516871936038,0.040909477900586654
0.29701960272505074,0.024183256212963255,0.0370623039970853,0.1706337635858932,0.37352927476811093,0.01924201978747943,0.05629377901854049,0.014842234136705953,0.00719376576817066
0.09447123705006506,0.032406864777129986,0.04989240152776814,0.03646674949053013,0.16992491568689605,0.04631723300482236,0.07851442554301159,0.04675714070594152,0.4452490322138351
0.2500599737894253,0.0882105861396315,0.16789546852056883,0.08534472684649867,0.1597296062163918,0.14176504867872333,0.05368960197315472,0.016416463681342294,0.036888524154263636
0.3689860466070239,0.15150031818783266,0.09006951578142308,0.030277108034057875,0.05438830659638825,0.006840081553007087,0.243105579552124,0.027117993153923724,0.027715050534219535
0.053566178451138376,0.1773381305973504,0.0887302263708611,0.07270772684997977,0.09715839642192986,0.12946356962709302,0.04014101395185588,0.06760101740557455,0.273293740324217
0.05472329766048143,0.12502362418187762,0.23603185490219847,0.17566267708085648,0.042967452974890526,0.02857834309691352,0.20962682388237042,0.06690139882114768,0.06048452739926391
0.013021135983556373,0.06705734337732012,0.13195459950831478,0.03379870253361806,0.33746726966435175,0.31800973010419814,0.022120837627881456,0.041467671932013846,0.03510270926874547
0.03135454780614146,0.381597258071611,0.1569703476814163,0.08112814014331315,0.06009816716432829,0.006213676947774287,0.13792046973363292,0.047175213006104166,0.09754217944567838
0.245959138215786,0.22077315033962588,0.16459763567572042,0.03169471825550862,0.07450827343214796,0.1113715629360316,0.04910368285572372,0.037760280984021136,0.0642315573054347
0.5913562697697418,0.10430913237852456,0.07588804679770615,0.04061837954833173,0.04231388641517398,0.010063853528589477,0.03635757420105587,0.051512675010619895,0.047580182350256656
0.13137004818690698,0.3126062752678938,0.17129233606516966,0.04805452379677413,0.0344194384130132,0.012328143576677638,0.08486060111543708,0.09833836527333782,0.10673026830478978
0.10921561988255153,0.1734660683115368,0.18836569101720013,0.042959620420946254,0.12937144378066945,0.07917388197388658,0.16269636069652008,0.05237929233467237,0.062372021582016796
0.10075973783011295,0.12830444473482774,0.06087262594767517,0.0477856657390476,0.04288217156491401,0.051607376156546224,0.17540361676605132,0.17968467778543162,0.21269968347539336
0.18843391074529112,0.2622490776946003,0.12120182273594697,0.021813343353483883,0.15952501339931383,0.1128639492977963,0.03058947838911903,0.03557813140585577,0.06774527297859279
0.1316613490528173,0.06424576341201553,0.0460664511124415,0.0390106293767504,0.10078616587530297,0.2194908074537614,0.05172723612969804,0.07859672314422944,0.26841487444298345
0.08611964915522748,0.07092969302286845,0.1880357208650277,0.05364986062324506,0.12019681272655802,0.16882310052988894,0.014319714841827159,0.04645684396729047,0.25146860426806666
0.19204500695353002,0.23150894767720967,0.12507256057712343,0.1950965940390216,0.07550347258414412,0.06917922014498977,0.0301922332276891,0.02344133600476843,0.05796062879152383
0.09369360377181403,0.06728459301925022,0.09881719596637574,0.06122229085516714,0.3862844342447109,0.07830472267725185,0.03575443057926843,0.08987440770542555,0.08876432118073613
0.12046305657954286,0.3401618646672391,0.11107438235359023,0.09820777579085822,0.08609769541407274,0.08362474446211844,0.0889498055678915,0.03156539643329056,0.03985527873139625
0.16245018822285562,0.08221846727786135,0.10379729651872216,0.04555990924096794,0.1515566616755184,0.05808923993359542,0.1510830579779224,0.22217354808961506,0.02307163106294165
0.0297110979825136,0.4521825699624877,0.12540794458972124,0.18269552030216119,0.032524287167296856,0.06985509546963989,0.05524353216014357,0.0070908117590143226,0.04528914060702169
0.4492235680331658,0.014657113046098208,0.030155292828349778,0.05403501806825539,0.24829565560758685,0.017747926993749375,0.10558206560473367,0.06018175343643798,0.020121606381622886
0.060603205622210166,0.0477444709722194,0.20441129804117975,0.06534968220298987,0.05354560124376371,0.20579279331190461,0.22204895377424913,0.0757330680285014,0.06477092680298202
0.22336465619176596,0.1361334310339696,0.24332423349589435,0.06860298730893573,0.09868043402612015,0.08539987805664669,0.09750785539163437,0.03577175603825213,0.011214768456780917
0.04472669908627119,0.3396683561180435,0.11416629951540637,0.028386381408027305,0.23337337430153274,0.07743243896228243,0.011251490144796957,0.022233597126696907,0.1287613633369426
0.12136930358475205,0.07699926180744925,0.15015778676672695,0.0377771909797944,0.05821046987431383,0.09258370102165585,0.1264287846825327,0.2737648031366349,0.06270869814614011
0.11892916442216384,0.029598949849729342,0.1223979630700636,0.052675919223515756,0.048300504687591415,0.08610566673325093,0.12435285997538052,0.14420138539045893,0.2734375866478456
0.06741840452206253,0.3186289374773397,0.11230769348379362,0.03135710468129058,0.08901754062794813,0.050760890700538096,0.1431127094758825,0.13667233071351456,0.05072438831763031
0.055608259905642866,0.1074246196017849,0.05492984772904951,0.5168216107540644,0.016384362687272627,0.06993180126087545,0.09025770898184908,0.010200037186412944,0.07844175189304818
0.12388781593530677,0.17749416282894967,0.06352739433644473,0.3683961254922299,0.09080223558725227,0.06682036065825066,0.06990380379208065,0.019222232540082318,0.019945868829403107
0.0855445843064836,0.02051420612641518,0.12791349721027168,0.046851243769533125,0.14568672886925915,0.06514226917370446,0.0773874260939919,0.08116235791391185,0.349797686536429
0.20622802297620324,0.08212075797641673,0.10428820291616626,0.020592726364636167,0.10953599372024636,0.12998615481847656,0.1200798580614791,0.15349702505016927,0.07367125811620635
0.13784576278675306,0.03832486281979953,0.15432867490417457,0.2521933313305646,0.1385750243377406,0.04982954940019522,0.08245585752713182,0.0484178621960789,0.09802907469756161
0.021168177049011597,0.018088887147199573,0.18956388326142296,0.03177137280996923,0.42269139348106316,0.04801046966322873,0.1324976288715518,0.07665374418619433,0.05955444353035864
0.09156246929737866,0.5043284046809048,0.07687308179390671,0.20360438936349826,0.023183646142894337,0.02051538000599901,0.027062333863954898,0.04008571427817567,0.012784580573287777
0.21949979209011214,0.1544552426523814,0.21103680558923932,0.13212200315616138,0.02073377936552333,0.1139030211798525,0.07287491512557791,0.015778990189251083,0.059595450651900896
0.24177158627790216,0.10166833627435001,0.12571630191166308,0.050183237030120564,0.07854340540252586,0.12439797817642345,0.11296536850582832,0.09002257856429491,0.07473120785689173
0.08944799980789259,0.14494145092503505,0.04782383534527396,0.5775434481634862,0.03294091849379778,0.01839160129219456,0.03344251931385117,0.014962687007069314,0.0405055396513993
0.10147076335495149,0.1766433546617819,0.059881841407086016,0.033858369047404725,0.1198391615679781,0.002968815092871158,0.34922641595103304,0.0542631431511214,0.10184813576577219
0.2966676000890128,0.04623638944871864,0.09276307313677783,0.013389394529524798,0.16339830678969686,0.09279975529896324,0.13937742803222516,0.0575836289001821,0.09778442377489849
0.17778310444172693,0.08540278011270729,0.18550077404615162,0.1475735139743588,0.12365008612458366,0.04404457201599699,0.041751512900165044,0.037687633125062674,0.15660602325924708
0.12896853363313274,0.10665575290507982,0.1402936648852069,0.046337177331757524,0.10984795903781912,0.223157574998215,0.07729229701302241,0.08800289857999555,0.0794441416157709
0.04056449180008261,0.10883071941435973,0.18933057355115093,0.10470738474259679,0.18349454519191308,0.08295273523418745,0.03771997634089874,0.14483925609043388,0.10756031763437673
0.05294700528295526,0.40373928603916126,0.02647157958314696,0.376742732483394,0.012553474409182948,0.08081731387610797,0.006960925619791033,0.010475691990001418,0.029291990716259136
0.2787796445736371,0.10407524082481256,0.20484861673521673,0.20947730473945989,0.024715755546717677,0.05105314601453461,0.04589100083827979,0.048497402267445346,0.032661888459896225
0.034951443442617205,0.07065833150731458,0.1861273344972798,0.03344299668377102,0.4853718881940197,0.02883048601955969,0.027195271215242876,0.0421022839257589,0.09131996451443626
0.16678659042652125,0.05870873557450818,0.2285797488134976,0.036280348249185995,0.09972738729656906,0.3074249948509137,0.028441136492549344,0.03973040089721922,0.034320657399035615
0.07593788212026914,0.03262954337021585,0.2964290856942728,0.016884131658989162,0.16998592706491492,0.19848648810356848,0.05234514824338652,0.08108583845923446,0.07621595528514875
0.5244110012509045,0.07730905069336873,0.09518246386584657,0.040674790178946894,0.06062978594013565,0.0068851090986598515,0.05181144120742131,0.0349005889651629,0.10819576879955362
0.11388134133706064,0.306727536635087,0.14858261968701722,0.2714371681722791,0.014095142624411215,0.022354919186334695,0.028331745472242046,0.014763159786232605,0.07982636709933554
0.29087588189779023,0.023587652823036015,0.09739800513191077,0.05196243032136116,0.219775437068099,0.07468843902888135,0.13002076747016306,0.0582482483694875,0.053443137889270916
0.3878579345908631,0.01586826735987028,0.11635599570171086,0.07601027670489574,0.036421265268967086,0.030426594770211427,0.04138495367493036,0.04389461522631003,0.25178009670224105
0.009437088985372197,0.09265751770946913,0.19391048819783907,0.03684825181595643,0.24978653897373682,0.12502305885493378,0.022756743789169018,0.12598377423121887,0.14359653744230463
0.10407746730283234,0.24385412326866704,0.2349668639449388,0.06114697592875914,0.06068390798355621,0.06250017806980339,0.065945468271366,0.02865265028530566,0.1381723649447714
0.34931312170822015,0.04155560544278674,0.07708747373760055,0.15249253365314797,0.05517750466997246,0.0835739314993789,0.14389948059557878,0.04744318820727513,0.04945716048603931
0.353080896262808,0.04988635558348764,0.0965367673728267,0.07403704215845924,0.13521555717493308,0.016302380545468342,0.06334290528402287,0.04980944417833577,0.16178865143965848
0.051612894823158985,0.16314535587174875,0.06774330575129973,0.11274285892374941,0.11617550035820079,0.2900387586408462,0.11272460555029629,0.0767973780020354,0.009019342078664495
0.3026098008286714,0.0760397598764596,0.1205457169287155,0.12270338320991764,0.09416177983417758,0.19184936271598074,0.016482589120497722,0.050929926751301015,0.024677680734278822
0.035794149761405165,0.01678026457981016,0.09429259104633399,0.027970976420532378,0.2053756370830467,0.11179275609945478,0.05006779600686986,0.297038993565669,0.1608868354368779
0.5248931516303769,0.03024141160182962,0.08801776732532285,0.15179160065319242,0.08203711046612666,0.0183959906391886,0.03446922934095838,0.058644200018059624,0.01150953832494498
0.04947453241526367,0.1914964231942865,0.19891192679338396,0.047845772502612606,0.0964642699976198,0.11967259761751266,0.07059417803370648,0.057178333559185834,0.16836196588642857
0.09702876538033285,0.12856861317650756,0.16120783100282987,0.05958003324373068,0.02457978241330974,0.045480453408667736,0.21034822411546217,0.17447956974452405,0.09872672751463536
0.09248682320813723,0.08755857578532349,0.1448258581476825,0.048657168276382036,0.12171615729124358,0.15823837950283062,0.20303749684078706,0.09796346892497683,0.04551607202263672
0.0521879330779525,0.08623331065985829,0.11632235421751769,0.027824409733150934,0.21682289583711375,0.09874344412034536,0.044740315134106,0.23037476557705072,0.1267505716429048
0.023483407031545073,0.017303531368986144,0.12603855687522178,0.027114568111983827,0.19225433790185512,0.018793664601446592,0.40017853184497,0.1515299811635238,0.043303421100467504
0.13916747258076637,0.08036198270347907,0.04900874106949821,0.039693493194789604,0.3684280230362822,0.04370084658483137,0.037295598757668504,0.04596337886856455,0.19638046320412017
0.016403238570843578,0.031863212954136064,0.28541256509310836,0.022935489217286633,0.10192608084727599,0.3612043627856125,0.03481051111220777,0.08444025762311942,0.061004281796409744
0.08209708382890557,0.025602414337246096,0.14321311277692006,0.07542135331535209,0.2798400331025125,0.12645206034511325,0.06170237453395611,0.12144256339007202,0.0842290043699223
0.03889149651242261,0.097919135823975,0.13153297599999217,0.040491915382485054,0.27549258978167185,0.12369470386493464,0.02450374312730061,0.04470628755328409,0.22276715195393404
0.21863124263093534,0.20950816638378525,0.06467152077625733,0.10398714173810875,0.008720967285274047,0.07130983690242394,0.011349177341326512,0.046003812683119316,0.2658181342587695
0.3217478809586047,0.09652202578572384,0.17053370757738892,0.102662801701379,0.10335676799109966,0.06661216143057837,0.04034921051361221,0.04731591604351309,0.05089952799810029
0.19729181304592933,0.13581298712187367,0.31293599741837047,0.15224412169268461,0.04187608925535902,0.0685984410496002,0.03568822406086977,0.04681604865215413,0.008736277703158738
0.009978261724529753,0.24116162928953866,0.16344841256618822,0.022528520357926147,0.04233706166438509,0.25319581658940066,0.048064684674556823,0.18647370960939103,0.032811903524083516
0.20489623027249262,0.01550352318076557,0.09308522263882642,0.029552763299218503,0.12355511541308366,0.02624540864890031,0.06462386632843915,0.13113322082548098,0.3114046493927927
0.3679418042519094,0.2352602282649796,0.08321840098475257,0.09910032138869102,0.005814602257215664,0.007016681068009877,0.08762036151054714,0.09058067946875446,0.023446920805140232
0.21018436495759454,0.06176023247671997,0.06252928702263692,0.06206916035304836,0.047176749595852795,0.0802864862312996,0.08906131793655607,0.1388751864124992,0.24805721501379244
0.09353354263380036,0.221529908078162,0.255624430195156,0.22646631047898316,0.015609124246632333,0.08220529253668062,0.027066033680981913,0.02817054527063363,0.04979481287896987
0.15159821185532255,0.03824711310345027,0.09745510214810817,0.055348721186377875,0.05383589551178109,0.4251212831544208,0.1178067846158628,0.010396513149684011,0.050190375274992365
0.10769738658933459,0.09944754477299826,0.10712532281317665,0.07929341008167645,0.13054559010206598,0.1106833904644724,0.05627246409780004,0.085395136823684,0.22353975425479167
0.0806792893089625,0.18934757220218765,0.1144487478787225,0.09266752421494547,0.17383867963871572,0.09219568847365818,0.11347041138401408,0.020984448181764325,0.12236763871702964
0.39274935571622893,0.03557819559642648,0.10202261951945159,0.19830946019410667,0.03352441666497311,0.07724837988617972,0.045275058186796134,0.0178768214792344,0.09741569275660296
0.1543590854799806,0.03202232436778287,0.1453855334348778,0.034699261096792805,0.02899739159584905,0.09632214437599745,0.23624147863607528,0.15142883294801687,0.12054394806462732
0.07683171301170645,0.3160506428801511,0.06349227578708859,0.028934795462076748,0.23276530030082668,0.08661958066203142,0.029320199159107312,0.0495467363066047,0.11643875643040698
0.019542155939335414,0.03828647323230714,0.12404619234269054,0.028875807654485778,0.10907837900656105,0.05150967319897504,0.11913936689550893,0.3984897492990201,0.11103220243111596
0.08297758215155399,0.07847311986936371,0.15676336403868335,0.07729043984319992,0.07494464257089441,0.2527098779878222,0.19920835387266897,0.031551676264034136,0.04608094340177924
0.05300418428172824,0.07915568893496501,0.10618606796601886,0.015738869790290138,0.14341758463682575,0.4482636237691758,0.024531190049929166,0.019625285572123938,0.11007750499894307
0.09429107123374018,0.04794905802393076,0.2430847496948341,0.0765997963305519,0.10940097408117404,0.10375060889758692,0.20197202441675044,0.07434195494076819,0.048609762380663495
0.18227220501447375,0.35360036737031125,0.11156939636268932,0.12448811119680171,0.04271415071462283,0.01888538345784262,0.058380728105762635,0.03254444540574437,0.0755452123717514
0.2518226096176589,0.06108123587456186,0.30075930826431163,0.0766555062480615,0.07525542971669885,0.005574567832138308,0.06168770713430094,0.09352359546847681,0.07364003984379124
0.06760266403170674,0.25295794763062573,0.1359545919785344,0.02805658976563129,0.2163780702041076,0.043642217654066014,0.05607283301771329,0.07272001190568239,0.12661507381193254
0.0627764394012131,0.06794671051803679,0.1451549393289459,0.03701430320378905,0.2876953262290057,0.04081954226122141,0.2638372227214419,0.047939406638266784,0.04681610969807928
0.0438265318533048,0.0969054368376568,0.06089385969485909,0.02246946872109763,0.07322697072014463,0.3826440630036296,0.05394695675104455,0.14203613069081614,0.12405058172744676
0.011568710706895247,0.08489750219570885,0.19763864114621907,0.03090037807802866,0.500095236766433,0.017024772382935822,0.03479614229097416,0.04853192571428636,0.0745466907185189
0.19096222789740705,0.06310426166966397,0.12341526159405558,0.04730622283222876,0.03820518179499062,0.04124919608487033,0.04166516128190317,0.12015751592507222,0.3339349709198083
0.0179090916817865,0.020381994076935594,0.30281982877659375,0.02372239585096898,0.18929971653228905,0.06478525385160977,0.025224434863822993,0.11887237744847436,0.23698490691751903
0.4061598550946602,0.01954020798428811,0.08061000480369855,0.04703484294846961,0.2208362681823581,0.0064194948442834595,0.06987558387995639,0.09458073986605897,0.05494300239622662
0.16248945009434487,0.04978752359356711,0.0919937143922226,0.037445560050750844,0.13911891932348208,0.031242547150728703,0.15462823663900924,0.32473973110371535,0.008554317652179202
0.3950464521444892,0.08983195110220683,0.09291885715224112,0.08140946223710059,0.12427119564718873,0.057392931710946095,0.06817180109861694,0.02652330965432033,0.06443403925289017
0.4209827221130564,0.01972575335454858,0.2393964294593182,0.13575114363254806,0.04599530747432228,0.036008781494738594,0.033136521299530285,0.03236858195147809,0.03663475922045963
0.3223630220451948,0.034214832286439394,0.04609000640495873,0.03459782525050938,0.24744514908575224,0.005564695571454094,0.031209488513787197,0.08674974693997266,0.19176523390193145
0.19762253158775786,0.04867636080099197,0.062338220508808016,0.040641374698894055,0.21254523468734687,0.15841712208242714,0.0475327970918108,0.08448608125728498,0.14774027728467828
0.1574703038643051,0.10952334239802612,0.13428350752081256,0.03227080510591824,0.050923144884823794,0.2540896076840664,0.06792201535040078,0.10220928263673255,0.09130799055491452
0.07471940722506062,0.021512491964118346,0.1377814821433477,0.03500093011521668,0.05105317013856788,0.05452746744848367,0.054227518506569095,0.08485918043028041,0.48631835202835555
0.07500699689267487,0.11144677475944649,0.08208699748358973,0.04053506132187424,0.051072732588235685,0.2224985048669269,0.2273925029432722,0.156384100720355,0.03357632842362488
0.3328894301529807,0.014188814188122512,0.20448888472752103,0.14579150511321617,0.014133170537655832,0.15614374224072244,0.08670654678640954,0.037523549728564816,0.008134356524807013
0.24506806989202334,0.04727424735889838,0.07482586311595009,0.04406027327260043,0.047509875081844205,0.2833113763026948,0.11999796796072597,0.05995206088741334,0.07800026612784954
0.09755503642531956,0.02839177963146654,0.1249114276230285,0.0074210614936582485,0.3720153024138861,0.05285872508779709,0.006369608894366944,0.059052746743295075,0.251424311687182
0.013678877344375904,0.020282450707687447,0.13859112451579858,0.027335539877506133,0.07291706899130855,0.09326534138435942,0.08079377759595434,0.14277054379966428,0.41036527578334536
0.021714049564189184,0.08726560307665321,0.14761059539187468,0.059967483712924985,0.10852169717995018,0.44121720779592977,0.043632844915463515,0.061778977834939686,0.028291540528074838
0.14355370378289034,0.15683855839514324,0.24432767974542627,0.06162084235576352,0.03661535839568588,0.18151583658047568,0.03190680504295984,0.09720747685578203,0.04641373884587322
0.2137494549113279,0.0173285491963108,0.07073497668985664,0.05414481389772424,0.03864846105963387,0.00651141099827346,0.539158871707782,0.04915796373999911,0.010565497799092001
0.029250023532353647,0.02851179628056209,0.1064094440932954,0.08779828568570375,0.13491747150289535,0.3086710445833877,0.17648945975571947,0.019795698760625164,0.10815677580545742
0.2978751633883296,0.1927988490138283,0.16981700599541102,0.07950792262098968,0.03143051615348123,0.040261875527657025,0.03568911675589132,0.044121032511399344,0.10849851803301246
0.08550351899590991,0.05723860718312562,0.07976543153719196,0.03150955273006827,0.05298806619801708,0.5638863684278098,0.06672850019860806,0.023110801435776037,0.0392691532934932
0.2905375132699752,0.03693560494126228,0.10006028019386838,0.04538392993150083,0.14097479708333113,0.10316166533928327,0.040574790227569046,0.09567813071663045,0.14669328829657943
0.29608257230099855,0.10653278246579251,0.04673939389095727,0.052918416074285546,0.07002034044666335,0.11784696955054097,0.035009359367961984,0.043550812884199326,0.2312993530186005
0.13499374762763636,0.07896675623566322,0.11604711238071685,0.02988868650831743,0.03937103666726483,0.04881787595833467,0.2379416749336112,0.11358261171815161,0.2003904979703038
0.014686641113666058,0.10662998907772347,0.15814230550675212,0.058845714198856564,0.31809080913098325,0.23123548993987175,0.0041210212975116645,0.028878093999223347,0.07936993573541179
