0.03847555627889859,0.054504486281799845,0.12545733114440913,0.2031269393277962,0.2123018727354271,0.23069099108083416,0.015283393731539694,0.10187297282014297,0.018286456599152314
0.1364891243132326,0.024304398423333484,0.07073279085442745,0.31298253313203245,0.05759405445873502,0.08378691253647302,0.01409690136751985,0.07146428842960241,0.22854899648464375
0.03452996142442946,0.09909348640031483,0.3002536297807778,0.03372788850986918,0.1435374989205345,0.02449563671737261,0.17129794800062917,0.17436977144940746,0.01869417879666496
0.3561091550098476,0.01552271255559498,0.21106412515390924,0.00780620442830941,0.024615216419896325,0.04351387373127169,0.022064292952397757,0.08319566018473741,0.23610875956403563
0.0290358618894944,0.031270567279365315,0.12284208578580247,0.55389533905,0.06166182896436817,0.11178130182031587,0.06401784282038692,0.011423699899812524,0.01407147249045435
0.06187308514694639,0.11323109982608691,0.24459770745799858,0.03468486850909386,0.11527764871346553,0.034146569043829726,0.18342527339378142,0.02657615887253625,0.18618758903626134
0.29173865798077897,0.25110300441529965,0.02363706125410982,0.005673832363638251,0.08920163551087941,0.05971167440139025,0.0553280639737021,0.16553498790475402,0.05807108219544763
0.011267206805702817,0.424334082196012,0.018269681956499723,0.01908856443885515,0.03610996433218456,0.050551466933295874,0.062368298154385715,0.34550012580060585,0.032510609382458325
0.42102463722097433,0.03516824416009477,0.1386970113519341,0.01640085165404546,0.18544610730093117,0.02333027131481161,0.10111213723337588,0.06248156862746376,0.016339171136368843
0.028274367039217388,0.5554133600200647,0.07848889581608548,0.01105952955556526,0.06618976891659716,0.09214315845314514,0.06579042500467079,0.0909167583056537,0.011723736889000457
0.05756912020693818,0.03589120684593372,0.12016498876535579,0.02281597397657209,0.20165834986421285,0.02146020267741471,0.24630287458214983,0.059416168984046974,0.2347211140973758
0.12504717080323471,0.05310940784357929,0.12568885890970563,0.17239236035964245,0.059615933218712336,0.19631595429831894,0.13299484865799743,0.06838925999393998,0.06644620591486915
0.10957921950296802,0.08880701103604433,0.3284783844069426,0.09083958066832167,0.013151552245575182,0.056414721440985256,0.016215001241315044,0.05779523366079189,0.238719295797056
0.13927996998155795,0.03535505536847883,0.14838138582407204,0.37541044528746115,0.009412595134781479,0.14090403519138966,0.11733214376138461,0.01276738083345104,0.021156988617423156
0.3273875013172383,0.04436370673771279,0.11083314939191187,0.003362641595625441,0.028190384824037434,0.0720811074962338,0.0641887567385376,0.23250300714440778,0.11708974475429501
0.13711230349595385,0.41575504215156583,0.029665717624016263,0.016158304363127332,0.006056947841502846,0.11085690488065529,0.03236680217644398,0.20911647485509377,0.04291150261164095
0.21956528624917407,0.11546731925754034,0.09515782349969615,0.045754974268170025,0.14414010803761138,0.062281895500825905,0.2597132343122468,0.03535810316489694,0.022561255709838357
0.0730811169521621,0.015527114802712433,0.4194851159738728,0.12235514915278088,0.1739015554863783,0.07017926777090423,0.015321714315713712,0.03145444400859366,0.07869452153688199
0.04188837150203998,0.20744267871593414,0.12375369400874418,0.026857462863653064,0.08981466251751417,0.06653023477844225,0.13665844942653727,0.28175278252886415,0.025301663658270846
0.1306748849595982,0.0362450378781646,0.09275267690542177,0.03544763545225893,0.26131666492877775,0.08661228071108518,0.14003548571166569,0.1416130467021274,0.0753022867509005
0.05303134561612436,0.0386106639314101,0.13211683044907896,0.028581072530623277,0.334810872458098,0.04770555806471971,0.14611559643235641,0.20741250326044422,0.011615557257144943
0.11573282034620291,0.020585430545966676,0.1565965756385421,0.28527140412341817,0.03830900234483356,0.1529028268813251,0.02233728474016154,0.09695535068969906,0.11130930468985079
0.03190426903180463,0.058189175452222235,0.09559352795632009,0.016314419363469255,0.050913649196643505,0.030941713325596643,0.041913583548633004,0.04977584489934462,0.6244538172259659
0.03567307094005734,0.0808667370897559,0.29732464121738145,0.0689572240747948,0.08384573828977275,0.07624432787130904,0.16135326618066356,0.10737101046142117,0.08836398387484401
0.04820951639848484,0.024241695075714845,0.26574463886211447,0.06273438757741838,0.2593742442772423,0.09614212932292125,0.09986969893180586,0.10417044981908656,0.03951323973521142
0.0338093165680263,0.2232855833818332,0.02691809393903723,0.08393055527795092,0.10707564504048057,0.22076773038295752,0.04750832538080324,0.25248440549207973,0.004220344536831283
0.0918431227239882,0.052251044991859376,0.20769549510519414,0.12552801096247265,0.2045455294136751,0.033607968735030226,0.050135009389049134,0.17788493414528905,0.05650888453344218
0.08923202517703643,0.08550253709684336,0.08485977746762378,0.02623899280312957,0.1285048933419276,0.048820607680460086,0.1877303834984103,0.20062147312206827,0.14848930981250055
0.016786422556538973,0.46533200962118554,0.07916782289666557,0.04254356491181613,0.06334685825824056,0.045911422649467314,0.1864176272293682,0.07244106933937135,0.02805320253734635
0.40880673795086503,0.03048093322245264,0.12389341364913535,0.07968354227023657,0.1815343180391361,0.014959794413059552,0.0731153450567704,0.042942458540817637,0.04458345685752666
0.029095895576310263,0.04320590225682641,0.09096178339232656,0.10740530126729235,0.11437274839124523,0.029498599121078783,0.5038107825618278,0.029949581449534524,0.0516994059835581
0.05851379871045733,0.056524867561092366,0.27458085044439723,0.03518784145247238,0.1529787143177597,0.022308959224715475,0.2336415337882316,0.0522871230832803,0.11397631141759368
0.027653949148805822,0.2585482103257988,0.0628032181175389,0.02771395927675398,0.025802925109638025,0.0486471248581802,0.05841505471695574,0.4359480555975337,0.054467502848794924
0.08289945261625309,0.09964427526863495,0.2192327061322982,0.046650190511917246,0.29403223336484346,0.03227775780405593,0.07309354927011025,0.11620432634112647,0.03596550869076035
0.1845848385689275,0.04179205449359789,0.4134417847618576,0.025656348932009288,0.0439588788783401,0.031479008587513686,0.08820684491732511,0.02369800248907281,0.147182238371356
0.0542108288657264,0.02653727244410843,0.0657874411431195,0.046392599344917185,0.34601115124841963,0.05472222317554929,0.3059737774300487,0.03522860891899375,0.06513609742911704
0.10276258919246949,0.019587647095876605,0.3154229915074999,0.058114489819967474,0.02220761235295317,0.05414135330141893,0.0026183943498784175,0.17054060164020646,0.2546043207397295
0.08758954844399958,0.4305501791538264,0.021366802803352018,0.010591928938173038,0.030890624373501152,0.03964897934295112,0.07696643914420086,0.2968554254362908,0.005540072363705212
