0.11054261716674885,0.07859085743273166,0.10177450329188233,0.1747628381477134,0.10398667355045987,0.1589208271433384,0.0798223228494019,0.07595974877672369,0.1156396116409999
0.13322984126957746,0.08503282394421635,0.07382464902871765,0.11652757387868046,0.11795727461479949,0.12420223208517829,0.12013200872516129,0.08895252224807108,0.14014107420559793
0.09180639692240206,0.20076478663598749,0.0507547982386112,0.09936855545215846,0.17268384719115756,0.12701214768437522,0.09636394424967869,0.05882665755621156,0.10241886606941775
0.1134832249113142,0.1082672292447641,0.08655678724764243,0.16966499484855577,0.11696449643925955,0.1301431821411957,0.08825471433996233,0.07719531035040561,0.10947006047690029
0.11031431214010877,0.1518500730563702,0.13316950927337232,0.09515528673447898,0.12907587792777805,0.06282872133674848,0.0984416726255392,0.10814301423829474,0.11102153266730941
0.14561507107597116,0.1588175344531289,0.06533784575071887,0.11091127285135705,0.09397317115344334,0.06675802876987205,0.12065682810231632,0.09680473209607839,0.14112551574711402
0.11412667326040049,0.15006493017947245,0.06950164522307778,0.10567869561265503,0.09461107341314823,0.22426723863638273,0.07959236720456675,0.06906899312790696,0.09308838334238956
0.1344943205342595,0.09270808581911118,0.07917558938321852,0.1495827139361492,0.10251399398975648,0.14578115921344,0.09640653386897348,0.08340753763841208,0.11593006561667958
0.1253590917515946,0.1357936002812735,0.04598749079102454,0.09232886172273663,0.09870085429819873,0.12322572181048481,0.12280260135533594,0.1242674771025692,0.131534300886782
0.10933368477311063,0.07452438542035748,0.2016447279373017,0.1174926950768993,0.14074590408642149,0.07131037915367949,0.09981670223895066,0.08921793038270294,0.09591359093057628
0.12917244294721228,0.11022052960146254,0.10826025493493195,0.1270470206817411,0.11518036823078837,0.06143173913616424,0.11105486185553469,0.10256641366114627,0.13506636895101862
0.11205268887520613,0.08308725141218386,0.04225273434411434,0.11014835232384558,0.1427235876657442,0.10476354189191421,0.12168583820406355,0.109951334321994,0.17333467096093416
0.14167615051641244,0.11572358213101185,0.05911138361546378,0.09660053551960952,0.11381629293564231,0.06292802796010107,0.16649695959309335,0.08321657615798202,0.1604304915706837
0.12488911797834952,0.08433829835972384,0.16017115269977641,0.10966020297989088,0.1033929719745862,0.04549563113071897,0.15862276441925438,0.08657573244609525,0.12685412801160445
0.09524107055769011,0.10574061931779861,0.2092142092207897,0.14254801154106517,0.12280614939725032,0.0738496495903942,0.08358514661972288,0.07295033560186319,0.0940648081534257
0.09370531560654603,0.078785638114817,0.23761592501643278,0.1546867540162931,0.11508381414141179,0.054428462011729066,0.0985509356869485,0.07954116108288474,0.08760199432293708
0.12655601141117936,0.14462313275204675,0.04707379442946558,0.09905140113107103,0.12309726514478221,0.13131732703220014,0.10255278552216802,0.0703577757205399,0.15537050685654702
0.1304382395640635,0.10412110331324904,0.09429286098296984,0.08832957681093334,0.13122411063871117,0.06685450065439401,0.1556966881667404,0.10618054648966228,0.12286237337927645
0.1223655607872075,0.07513420261468431,0.16353478228461885,0.11213053983210003,0.12154214530794333,0.08096913808957922,0.12061068734957962,0.09398390228118288,0.10972904145310426
0.13692939301063434,0.11156676005007436,0.1287083437779514,0.18285058600633322,0.09278931990433185,0.10848887382371396,0.08045480399623751,0.04851786988256249,0.10969404954816091
0.10183901174564434,0.1030626687591233,0.08067144534974785,0.1677490663580364,0.10586079144597382,0.1778238849213795,0.07915006476151924,0.09338307905436927,0.09045998760420625
0.12315139242133044,0.09548352349726115,0.09503758517865792,0.1612515305437404,0.09565951389319088,0.12788495218583443,0.1038599510857517,0.07830167062005298,0.11936988057418012
0.14577062876503374,0.1274359376207692,0.05958915623862119,0.11625412381737583,0.0821409573674964,0.18736688541621338,0.08165871166631539,0.09854375016134886,0.10123984894682596
0.10230692239450223,0.15360965565107274,0.03049245775499024,0.10689302236817637,0.10567179990984266,0.20745177239982682,0.07303847948117516,0.08769156905055465,0.13284432098985918
0.12027067973121679,0.10879140170916335,0.21068919669480193,0.13183240108893995,0.0996408803486245,0.06767589261108703,0.10621016960108991,0.06990010400192155,0.084989274213155
0.13059037533028206,0.10440368390072857,0.04190963267562888,0.08056181124207241,0.11844768328647633,0.11593112416080827,0.10786385188189392,0.11756607037948234,0.18272576714262723
0.11600721019979705,0.09940198900346701,0.0836687292637856,0.12371748041530185,0.13545960226775686,0.08782851716689298,0.12204246774392254,0.0960454678180615,0.13582853612101456
0.12530808939331067,0.161819386839805,0.06924391351398927,0.09646319828474946,0.12253775904555837,0.05939868189611839,0.1402049786043943,0.07433345066116241,0.1506905417609121
0.13128509296869612,0.07425625424277114,0.1583519962403689,0.18574273383938264,0.09752843194020211,0.04267929868910362,0.13063069498827393,0.06104238529595979,0.11848311179524185
0.14323740670125218,0.12006308670540962,0.09440493600545719,0.09831043734831348,0.10390102488953357,0.0877782186760679,0.13669372119311615,0.11140265601898136,0.1042085124618685
0.12068905962124381,0.16448187288869834,0.04252031447279811,0.10549151131503504,0.09696841317105191,0.1639162163112365,0.09554288627980072,0.06866579192640664,0.14172393401372893
0.13580578186353778,0.11611747988591976,0.06763841567906427,0.08884100713675595,0.13377030866649947,0.06138132947727807,0.1614450295823717,0.07683206209322914,0.1581685856153439
0.11820220159081436,0.10388601809677417,0.05996079003893587,0.11228745288537229,0.11613212127860077,0.12602658431062622,0.09317776910918958,0.12926157885511677,0.14106548383456993
0.117710797403982,0.14587118435992372,0.09121009022676996,0.12050490286235604,0.10579950275983384,0.16634843063873175,0.07710513094254116,0.09069414658730339,0.0847558142185582
0.10377878020571647,0.21880983882917604,0.08037561397964778,0.1050016887294572,0.06355819714094758,0.22895483592721458,0.07571248026641918,0.04857923322470851,0.07522933169671257
0.11563246351718835,0.08408219332001134,0.09560682495819593,0.14905837491716092,0.09247047013913412,0.17810028435312075,0.0822302952649419,0.09305619398853172,0.10976289954171504
0.08485688908822327,0.06147986141175727,0.12532307158163752,0.19243063341677713,0.12500874017662525,0.045617254491442834,0.11857269195703823,0.11376235096024741,0.13294850691625093
0.10646834541928103,0.1344371273412587,0.07861750057562061,0.0793828105793835,0.1439833088480252,0.2069740428281236,0.0901037347815275,0.057066098198166805,0.10296703142861303
0.09764621385983156,0.07458308435645715,0.07996805038476358,0.17197279163541035,0.1294045581618677,0.06795551308213403,0.13168553879965425,0.10720995496742432,0.1395742947524571
0.14284041049374263,0.1373749564179325,0.0689622988448986,0.08989540853975318,0.11004122830941976,0.08411349267759154,0.1258734363778687,0.0883326418226877,0.15256612651610543
0.12427582130300259,0.10847215086254108,0.07238995517918047,0.1315913058458572,0.10311435284818682,0.1345026820877492,0.10209702902832934,0.09393629062105911,0.1296204122240942
0.11597564063676073,0.08856691063557888,0.08947055298656252,0.09862102863212262,0.14336825223919095,0.045266051356221915,0.18100690863465815,0.08147719761880329,0.15624745726010092
0.09767343567029231,0.09476406205096057,0.03087516593331589,0.10218967125753194,0.13221282361039835,0.15045750143532244,0.096804076453934,0.1274449618603083,0.16757830172793617
0.10283316342652893,0.10933532152139037,0.08883362330409951,0.11089538992942971,0.15721469875854976,0.15231504620421887,0.0915325425814627,0.08711061548744896,0.09992959878687109
0.10569373537213678,0.16148038391862454,0.06780897115658849,0.10184830487483726,0.12638548381493941,0.17013588023082774,0.07239636324798839,0.07879745767939997,0.1154534197046575
0.11430161019570988,0.11631852361454616,0.04548613345801838,0.10355127538036896,0.10444012798267477,0.1087758564408539,0.10962366109651851,0.12394771815668833,0.17355509367462107
0.13108830080586956,0.08034422509948934,0.13477624364059124,0.12101191327910828,0.10984599341155189,0.0927737173337947,0.1120844580804714,0.09835121989117157,0.11972392845795206
0.12256313285505323,0.08011341929394984,0.1436265347055004,0.13276922244193234,0.11200575990709628,0.05043928087499951,0.13060622983636927,0.0698824620848751,0.1579939580002241
0.14123829107759092,0.07523459999862488,0.16055009643301013,0.10025319006752635,0.11933433007319845,0.08600867139849476,0.12094300075073389,0.08965207086408529,0.1067857493367354
0.07141230217959059,0.12521126938887372,0.07597111868088097,0.19366287904869436,0.18564987715225167,0.12995256171826122,0.07824117839426285,0.07162108121678391,0.0682777322204007
0.10103535068471743,0.09240853545935905,0.11655691713463832,0.12447082772943553,0.14948621517482508,0.12752447556111743,0.10933050000914951,0.08701952517393852,0.09216765307281911
0.11588786107833993,0.12126856838157136,0.035826051425416505,0.08806693333477122,0.12526844336642143,0.1439392332730025,0.09871875069954068,0.09559525398253932,0.175428904458397
0.1412627871348506,0.09507670225206077,0.10498417741307908,0.09825075985606968,0.09237075063743751,0.12609448770554513,0.11716558781069282,0.11877631481585521,0.10601843237440918
0.10745122511204142,0.21279443978448262,0.03523100363298197,0.06317698880531435,0.09803283140626091,0.2116169524062277,0.08566903665511301,0.060924495110956774,0.12510302708662127
0.11635679559365114,0.089348061059027,0.11720880031243708,0.1185213244787892,0.11994529766047207,0.09067426790399861,0.08364943762688455,0.15512250774345374,0.10917350762128664
0.14610463121957673,0.12663656366216003,0.08920735104936177,0.08744692650638229,0.12054546843416443,0.06346664262816575,0.15805105987419435,0.0767874386036145,0.13175391802238012
0.11908725375450509,0.0928838258578098,0.06884479771968176,0.12384698387236566,0.11375590098089487,0.10318724854159696,0.12531163137465026,0.11422426464230091,0.13885809325619472
0.14049909020943505,0.10387176913908631,0.12348182055767525,0.14269511646369135,0.10055464161669753,0.04506978607774883,0.11780268136765366,0.07715028427583663,0.1488748102921754
0.11202150105115337,0.09666415106552702,0.1522265353659549,0.14855881707410465,0.12444002577184361,0.12179406162409445,0.07443513679229698,0.07285857134057981,0.09700119991444518
0.11746304169069977,0.10054248801451426,0.0674827648210073,0.13791968563388088,0.11183173890587923,0.10477809118205249,0.1460014764584561,0.08457673075124485,0.12940398254226515
0.11564805302996688,0.22865753508352638,0.04602110737273355,0.08568541322247873,0.0998715468589665,0.09717670546312485,0.11420367103768891,0.08615743197863672,0.1265785359528775
0.11966292917979761,0.10972099214121937,0.17340980188672558,0.15204937067836663,0.09378372537937212,0.04762124011822721,0.10415920594439183,0.10756365810370948,0.09202907656819015
0.08929969580502561,0.05411316804261997,0.09004304454132116,0.19200544707815892,0.09741247119446012,0.14012253028326893,0.06119740618010253,0.17441784637404326,0.10138839050099947
0.11328312657583584,0.11964506330827855,0.07684622011336482,0.12538993144410715,0.14922572101386938,0.06083653377185575,0.12638550546799684,0.07674089699171514,0.15164700131297656
0.12810497294644763,0.16700663000787733,0.034255239786986726,0.10583027772120401,0.08300251342170574,0.15820878175310413,0.09302099859016495,0.09249872839184052,0.138071857380669
0.0929805564279913,0.06613790517602604,0.35399690844935633,0.17778909650360394,0.09564757079853427,0.037764556627745006,0.07211158199514185,0.047819254684268724,0.055752569337332636
0.08884866243790994,0.05885454674765331,0.3682326947826748,0.12111111144271647,0.11173566321375626,0.05311559620755357,0.0730460795394119,0.08057370288835637,0.04448194273996745
0.10556296786473719,0.18371112817169002,0.041958733286398105,0.08803278679515479,0.0969224906687653,0.2107343555990341,0.0792181780368887,0.08604988660508135,0.10780947297225037
0.10591717147869377,0.10791451763591607,0.0766179739519119,0.10586498724569754,0.1437652193784661,0.04441541530415249,0.18591852723568206,0.08377575085143045,0.14581043691804965
0.10975454227673549,0.0745619544086558,0.23056243797796974,0.144357578272379,0.11484702140821729,0.05726766114743415,0.0938385385908847,0.09207747580007795,0.08273279011764585
0.12812268084302977,0.11318313605150356,0.22027512611236752,0.10029837006464354,0.10488640880824118,0.062349307015284426,0.10778801737120176,0.07122068780092666,0.09187626593280156
0.12421251498690507,0.10740326598550749,0.09809875107343324,0.09555011991143336,0.11901293447655577,0.07419970332260013,0.0989762041300787,0.16015277282117915,0.122393733292307
0.12949188390794966,0.10357138019267902,0.13242667425347932,0.16866437308090054,0.0781102859407356,0.10318894636193372,0.11268291007938269,0.07147717509490702,0.10038637108803232
0.12256159312414266,0.10623992869822796,0.1285846658689196,0.10176230868881843,0.11755036565995818,0.10151185898295216,0.11579872494194943,0.10310629664821407,0.10288425738681739
0.11006537369157443,0.11284022507143106,0.22131107593377652,0.1072318389503958,0.10276137364416817,0.08273715486658588,0.1063834930334669,0.07788026207614335,0.07878920273245793
0.12033286273248374,0.1448363517533671,0.14663379032194782,0.1536015471253732,0.07713132339471622,0.14896627577138413,0.0788688029921513,0.05503706878228031,0.0745919771262962
0.09088031185658985,0.13594946596732638,0.22342531180017922,0.09874067373779992,0.15114604390782652,0.06937991329796565,0.0917433183014887,0.06353001987934016,0.07520494125148358
0.11577960616963838,0.12131150036370131,0.16078815882520814,0.10831767273981957,0.12525084974585088,0.07433742953502342,0.12260543391735967,0.08091584553821886,0.09069350316517981
0.12912510004826103,0.07994673257860903,0.18724605466133215,0.11512584622865951,0.1135575966510927,0.06964035176230154,0.12123607887512422,0.09707157127905407,0.08705066791556566
0.0970079091795934,0.1244169452731858,0.06972113075621207,0.10845275909811779,0.1600744303847554,0.10446749889942496,0.10053638331003999,0.10534072932970197,0.12998221376896862
0.10246198544463479,0.20724199517691788,0.023054013476791525,0.09513806910538634,0.10466065246387866,0.1725202649960913,0.08583793176645678,0.07307083535808938,0.13601425221175337
0.12363405666512679,0.14279034081590364,0.0745020111245197,0.09110066867398725,0.12104525115409637,0.12314307238784446,0.10801277438120542,0.09794148424064326,0.11783034055667312
0.14543212722316848,0.08810218868112023,0.0645295662270932,0.10323209211505475,0.11130267039880874,0.08175900419811302,0.13494994288997694,0.10129352347230199,0.16939888479436263
0.0740202241781059,0.07201552080596996,0.2955055810633607,0.13823452724844645,0.1272452170009122,0.09434254798093718,0.06373323181175643,0.07883975408416492,0.056063395826346264
0.10984941872641052,0.148939227538168,0.03905117680179763,0.10286580601561442,0.09540651694751594,0.202096032772644,0.09303259211165077,0.08671393691394669,0.12204529217225209
0.09670051170591171,0.1969242359469483,0.05244961602925317,0.07552387498764879,0.12545886263343564,0.18020622961903546,0.07914389140117144,0.07984289007776775,0.11374988759882775
0.12635538486262585,0.10003211533768515,0.1808010338179037,0.12653634641606223,0.10909025513091831,0.07532354934509826,0.10715391743952817,0.0803272432779792,0.09438015437219914
0.11390482415662467,0.20634273261714386,0.04815664178989227,0.08225944963246364,0.12639097979508165,0.09242093779310996,0.11331717549388426,0.0733491219440522,0.14385813677774753
0.149856344587635,0.12505548172230843,0.13565227637563634,0.08944132559559831,0.1133155180290164,0.04846918650396864,0.15036847888942637,0.0673843336713218,0.12045705462508871
0.1130616672693892,0.06591205501338261,0.23068880378971132,0.10559099700711211,0.12690231887334563,0.03707672351732216,0.14037076562291204,0.08326268568507093,0.09713398322175398
0.10837135640948682,0.09279620335208434,0.20758292120073016,0.10346487989543217,0.14103203487500948,0.047856301384094746,0.12267537140683134,0.07858618630116877,0.0976347451751622
0.10922125306728804,0.08701539473026654,0.2532534309169956,0.10337637912097937,0.11283218620641144,0.0723479487432558,0.10516012863854603,0.0770233825869824,0.0797698959892748
