0.1368644676102543,0.12682296129399112,0.10515574770357862,0.1834005340198773,0.05268955217558694,0.07204759940674217,0.12288450053139849,0.09053131885740695,0.10960331840116422
0.05092584623830645,0.07952808758353765,0.10670911012646078,0.10322605672939907,0.10967087468912289,0.11900864504871672,0.18117529134007404,0.12794222587958276,0.12181386236479963
0.012991573707259882,0.13643578261016798,0.14760375954645558,0.0893476252905811,0.0820397955664126,0.15846025909252914,0.12204896411192823,0.10869145032224788,0.14238078975241766
0.144811300877525,0.10104407871108956,0.10302684336879514,0.14813293456877794,0.1384937864124305,0.10434855805368186,0.044476845416037504,0.11103540946408234,0.10463024312758017
0.1687653609145994,0.1608323130562072,0.09005820709832457,0.11781058969638004,0.10285964968630817,0.10370875742232222,0.025075311539597443,0.11609607050748334,0.11479374007877768
0.025451790690633597,0.21793420304232125,0.10118042257195241,0.06517120878353615,0.057090035924099315,0.10505808715380399,0.1916570681738501,0.10723144370635351,0.1292257399534497
0.04326644539339496,0.09726873846911355,0.13005421539159656,0.0942566901308743,0.10690350258332172,0.08856827435787458,0.2170515101242357,0.11015272315050273,0.11247790039908585
0.15416640560865202,0.07231779278425156,0.11825782712486792,0.06687796760166706,0.09610718122010407,0.17566107921583096,0.05395962990953673,0.10493469767286033,0.15771741886222934
0.12287102802809931,0.06902965926528255,0.09671259580872832,0.13569954974867315,0.09766007797139427,0.15934545672872483,0.07157282605814813,0.12782641483363358,0.11928239155731579
0.11882071431917035,0.026671775855305013,0.10466897544075071,0.12248518114255232,0.23423262026638467,0.1397999529184083,0.04081233939250373,0.1241040175199468,0.08840442314497814
0.3164934561195235,0.05552766043737865,0.09752723881503357,0.10083417350569941,0.09506765379684194,0.050611132709697186,0.10273714751709821,0.09039421014941967,0.09080732694930786
0.037294495438093704,0.2048918145277232,0.13062407517440025,0.10820696253035188,0.0760771293303258,0.1121563785887082,0.11971772116938999,0.09453267487117543,0.11649874836983158
0.07154322418650462,0.10449369616617488,0.11416737030981282,0.11645865330470685,0.10548954401984734,0.17238715478231506,0.03505052794490455,0.13971965513880621,0.14069017414692772
0.029180270976650196,0.1334488685410091,0.12449998794526289,0.11309435336358131,0.07285517951279481,0.11693392842103757,0.14948223768277155,0.1308403295667403,0.1296648439901523
0.07566050962557348,0.16961726498010476,0.11503308455022916,0.10936228651882822,0.06837667349336514,0.10444649427874488,0.13963279539340945,0.1097880946347875,0.1080827965249574
0.06499325129788465,0.09365603492567749,0.12134408440241302,0.12600321770612066,0.07637437948293563,0.17789022542665822,0.07288575932747168,0.12493864601853528,0.14191440141230335
0.20564494946415537,0.032379059616028535,0.11341772629735876,0.07657793854985705,0.13014499970410678,0.06918935624811051,0.19661524462743418,0.10192776977916633,0.07410295571378249
0.020131733440051477,0.14537320597954181,0.1011622595571177,0.09354590515325671,0.15189809499393322,0.16690272802979564,0.10798048561969657,0.1173691298707084,0.09563645735589849
0.023173100612379538,0.1289108502661662,0.15147715524051672,0.09857825309426706,0.10469754040180441,0.15372933275591283,0.08010614765684135,0.12286034064103628,0.1364672793310757
0.1351992980874116,0.09371255209172878,0.131065666081012,0.13360645619188224,0.08877651120759633,0.08181816002790847,0.12154922924048635,0.10337458754804228,0.11089753952393204
0.03201178577692917,0.08468578870250403,0.11098095366310086,0.13697852173237235,0.057604867153970625,0.12735456473794513,0.19215040046280482,0.13863060336909946,0.11960251440127362
0.012627541418179405,0.28663011820840534,0.0866185409325288,0.0817372601545792,0.027024701777058485,0.05904677063352404,0.2798966700463205,0.051745279147216106,0.11467311768218814
0.04776596462195722,0.08381780358249424,0.10751316959861638,0.1730790794640008,0.10869686364510937,0.12597702286937382,0.12940913876059965,0.11743244375966243,0.10630851369818617
0.09325623099740095,0.08265918318496414,0.07778459754333962,0.062432187325958156,0.18552083614032577,0.2629821475149758,0.023776652249342695,0.11235696183292614,0.0992312032107668
0.05659555575140424,0.158581232432116,0.1306480007266387,0.08149917652454038,0.06783538619264111,0.11126722952928914,0.15418394747194905,0.12384327760445916,0.11554619376696222
0.0572305705302803,0.06867201390702292,0.15222992769361532,0.07007083027084664,0.08075343990649457,0.1241786427036281,0.20896875290671313,0.12343615689830223,0.11445966518309686
0.02988813548699588,0.1242819636631518,0.1397698736738298,0.1489565127376502,0.10281067195513198,0.11597848528770595,0.119539643852601,0.09907788690213425,0.11969682644079911
0.10093980049824336,0.04283247874502976,0.125243382454676,0.13481186858056557,0.15519844836165086,0.12463893689029953,0.06943559295539137,0.13453393938200242,0.11236555213214106
0.048932972591054336,0.2154613092003401,0.15984991739474505,0.10466400362152066,0.05905368136660649,0.08013683261348427,0.11882229623429537,0.08615172122429039,0.12692726575366334
0.02021701431969367,0.14549579773154417,0.09852499855684306,0.10116314377210515,0.07509469959195923,0.23150728087988784,0.06494849474302491,0.11782155132677467,0.14522701907816726
0.14103135844428805,0.04445656836877535,0.09219052122410637,0.11831404668757166,0.23491653985874805,0.11622473351342537,0.04600524563792543,0.11860294897198626,0.0882580372931735
0.043158541623140236,0.07114608217354869,0.09392519473523687,0.0740239620471227,0.11090396752825189,0.28315398608146186,0.04544324367662526,0.1448960029764332,0.1333490191581794
0.021645314370420818,0.09348371398721393,0.13302592663021842,0.09604839997275859,0.05999546826526323,0.19111990036362136,0.1577750570936336,0.12160840619863394,0.1252978131182362
0.016990422978663,0.06094562085881391,0.10758948464531864,0.1584324567639923,0.0985740965895,0.1396440652294747,0.20409027010780068,0.10912027743503377,0.10461330539140308
0.04492729313683996,0.0532964396282366,0.10277358177141489,0.27467466092893406,0.08393170535729265,0.12016577582996357,0.12994817625078417,0.10421306240263606,0.08606930469389802
0.11244251243363794,0.13039710956708167,0.0825768612799501,0.09452151125692314,0.14949405339589006,0.1626499306138592,0.02801759843737152,0.11517624648618476,0.12472417652910167
0.08444525789550872,0.15308948447772255,0.15801539626114275,0.15167081339457691,0.052578144110812,0.08979128580679167,0.0784346077566742,0.08376871291572907,0.14820629738104218
0.06617347693237535,0.030583696350835535,0.1201590077199081,0.19470392466481057,0.12053678387336375,0.13951494343557636,0.12413451214511406,0.11279792614902295,0.09139572872899336
0.02409917330452725,0.21287286090770308,0.10414028896601561,0.10285040116118148,0.07164037868136144,0.1276246198677302,0.12667326142109725,0.0873587407554625,0.14274027493492128
0.07616146927248511,0.04598451596368013,0.09617278429506364,0.11483494129053602,0.17382438293780314,0.2414979970370914,0.033228064662851456,0.10410363539940652,0.11419220914108252
0.016487752728166574,0.04648583888001298,0.11283940112215711,0.16301355398049017,0.10765155528840185,0.16683180391698105,0.18995368158773043,0.11040420737732322,0.08633220511873667
0.25113112627856765,0.11043301375973735,0.10262429759570413,0.06677724626094034,0.11910086745454486,0.10937414091867957,0.03362810720232972,0.10703416419210425,0.09989703633739204
0.06375092046270892,0.041075048362858635,0.09651645552533084,0.11029726215636348,0.13592044678516774,0.16473220303026606,0.17074294654562974,0.12065960615172387,0.09630511097995065
0.09211729647812571,0.24920446361005796,0.09090224149580513,0.05227200884428997,0.06409644525706276,0.10453324216069376,0.12287564305553224,0.09921768026931994,0.12478097882911247
0.08069258120644857,0.068116773526039,0.10049247910286596,0.10770699531456006,0.06116850662222859,0.07252905632110825,0.3216794272148867,0.09333392919233602,0.0942802514995269
0.15354329723516377,0.14376555275947914,0.08367642068250236,0.13530262827212727,0.08462543423640352,0.1416636405119047,0.029722517772821866,0.09995837598906736,0.12774213254053002
0.024019980642004782,0.07134647868340131,0.08771074764132769,0.10269627938919416,0.1492223206327229,0.2930317641006459,0.04109303974110844,0.1125019835114785,0.11837740565811643
0.1077749634563792,0.14940896021599712,0.09131873827783822,0.08242023719199694,0.11659407691841084,0.15005464835534152,0.06591617894822262,0.11105351166305323,0.12545868497276028
0.16344471640483024,0.22064182910601451,0.0669383133802481,0.08466861009314708,0.06622573069521741,0.12105975101205911,0.013236842171959024,0.0953313393447394,0.16845286779178506
0.04848762426734617,0.17166343869892686,0.09192413784017155,0.1807344401456891,0.06578331901470134,0.11677900734128609,0.09252890793388541,0.08642261992289153,0.14567650483510197
0.10649257039518462,0.12003992356084454,0.10331046268785293,0.12342756661955173,0.13955294497930623,0.1366542201827274,0.022168910258967958,0.13590211573031674,0.11245128558524782
0.008568024233943596,0.16711470342654722,0.09850595870262191,0.08744802282393142,0.06401222990560952,0.18921865981639,0.12888920407293356,0.10622523173386476,0.15001796528415803
0.02233088612482669,0.11067619426184304,0.11410885910988137,0.13433522113190136,0.07542384642824666,0.1160502645303612,0.17882598156510796,0.12820601379432636,0.12004273305350537
0.07727815702355569,0.06258775930868828,0.11988824952366677,0.15851113811836612,0.14485178159442688,0.17843083117689548,0.04655254838333744,0.10826699577339553,0.10363253909766788
0.10128979178833443,0.13407737781136267,0.10104438460460256,0.07203669362783253,0.10764030658118628,0.16602370701382804,0.06200318323608128,0.12414169800070944,0.13174285733606275
0.23817002930151798,0.08495560954878044,0.10350975777845654,0.13334203907379039,0.09101121383512815,0.10408523564728211,0.03127778157808831,0.10647211223095943,0.10717622100599662
0.17590849386216634,0.020408820391065837,0.10608937764639004,0.09668717704656841,0.18154626735851598,0.050400291454614506,0.22140144415331067,0.08806001689067561,0.059498111196692606
0.038042446907167383,0.09147802855287286,0.10157499337280011,0.17010112668253344,0.1038818745279928,0.08544978966182926,0.19879490225360685,0.10987803730015981,0.1007988007410374
0.060414752731350746,0.21229273926676254,0.14024131900626902,0.07578150334019475,0.07221322279928273,0.0839265347760144,0.1802246986736352,0.08503157504213359,0.08987365436435701
0.19411910420234735,0.1017355001736207,0.10830162637460101,0.08110149325459542,0.17072740902625963,0.11861925457253832,0.035841775928033615,0.0980731058020768,0.09148073066592723
0.09362372292466488,0.09625964065475534,0.13600056215286918,0.06988088107026204,0.11347968633448753,0.10812676697776562,0.16697667286607598,0.11698870407098633,0.09866336294813301
0.01962424298371532,0.13417790165381527,0.12709622625744219,0.11143742376287086,0.0992500805839362,0.20285654943510908,0.053962327003458495,0.10741801841171227,0.14417722990794032
0.13083564129488903,0.05094744930002695,0.10094778489163353,0.10579552506700306,0.13266757050801944,0.18750546764273388,0.04971975369682796,0.11227189053761848,0.12930891706124778
0.05306071457554595,0.08519262426971819,0.10789653218835381,0.13466272254940795,0.09172987903167025,0.2161880147802072,0.05573619329445232,0.12443261933056458,0.1311006999800798
0.059217925565743075,0.18916503225706574,0.1269594565241808,0.12343026667469864,0.05882196115756705,0.11045208048485348,0.1110372503786942,0.09592601950842895,0.124990007448768
0.1843378620402196,0.03446729890169592,0.11059187062154134,0.16701614574754511,0.11471044043729552,0.11692920907164807,0.03204001385315342,0.13732242242987316,0.10258473689702781
0.08403512792866873,0.05069328081502922,0.1180045701700551,0.17522905701882233,0.10041471646996936,0.17813934091979652,0.048496740031475964,0.12501899513950546,0.11996817150667727
0.06010601859453474,0.07911490438582702,0.10563119815647988,0.12492643444984826,0.15370375218562002,0.1534731614713252,0.07591350911629138,0.12229536207562197,0.12483565956445149
0.10938286609973245,0.060386914854162414,0.1065200924503581,0.13311947913699348,0.1348765430412286,0.07881408266249829,0.16789532620675793,0.10826222054030173,0.10074247500796707
0.3179140257950418,0.02102210385699888,0.08213617576709649,0.07133542898146215,0.1382148985802285,0.14624000344481078,0.06412177266136505,0.08591634882883718,0.07309924208415919
0.029704610996920126,0.048611425642808424,0.15392773660589673,0.1502169494419977,0.07538965590102775,0.1408596427757605,0.1863802612412826,0.11498152482007533,0.09992819257423084
0.07765698183586504,0.08188408438871536,0.13493745963358636,0.110002494286026,0.16106068922142733,0.11312980560213011,0.11478179258037124,0.09987829869247249,0.10666839375940605
0.08845716223508253,0.12275546838548658,0.12453017840506664,0.10065390942638845,0.08711812130834695,0.1090589539011646,0.13809609996885994,0.11573313824201514,0.1135969681275892
0.39203093822324003,0.01603998094220892,0.0722350728646821,0.05145703454375122,0.16751777746662586,0.0814967288331822,0.07467587733287713,0.08199061601567013,0.06255597377776251
0.2958609850596046,0.11769268743014893,0.09192921734521699,0.10819021974838548,0.06340325755611124,0.06660017750323459,0.057546303925207126,0.08551319023548178,0.1132639611966092
0.11061412844951324,0.07379376325083332,0.09860399878028055,0.12108311342465865,0.18230573543859477,0.10937489239147945,0.05442275083666611,0.1465782787745894,0.10322333865338455
0.06456936762474705,0.0307115282041448,0.10798556615891593,0.2457692190649309,0.1298485793632633,0.15145290337044456,0.05483150352477519,0.11051167303028031,0.10431965965849792
0.08746623143986582,0.057583438533232,0.10755959442777163,0.14823299238128332,0.1543350644534034,0.14781432125669877,0.09170195125550534,0.11358130952160965,0.09172509673063005
0.022718624811057363,0.10808283875107234,0.15756015309361326,0.08727009368397835,0.0729406270457414,0.1098483875344705,0.18517176433048932,0.10087274585415444,0.15553476489542303
0.11525467262128293,0.12575917053672342,0.09375653397572947,0.15734986026690556,0.13903659090530507,0.07018924589858351,0.10803248412894595,0.09449172825208246,0.09612971341444165
0.17796858286273562,0.03550284741852628,0.08817017191451894,0.1184934077291297,0.19429617281191439,0.1290667862398527,0.06469554579201789,0.09762093439491278,0.0941855508363917
0.03167615739801432,0.20339560697443795,0.12099935646249198,0.09808560879549023,0.050125091323429995,0.1302351884788869,0.13658118461004598,0.09090684510852147,0.1379949608486812
0.16632097938474044,0.05146853282838205,0.1059120198437103,0.11491743432130587,0.11568724566665071,0.1592367197514486,0.0639729191943111,0.11631953100129183,0.10616461800815906
0.3652452203394602,0.05558656761196886,0.09571568224619222,0.09513869775395967,0.10967065500623509,0.05877557793222068,0.06549362880860485,0.0791890925366455,0.07518487776471294
0.05545128633845355,0.05245441923196339,0.09943722806878752,0.10136763029930602,0.14397146345813375,0.26398392029120943,0.04542524053750916,0.13849621883276778,0.09941259294186948
0.06435588530549526,0.10636825398033778,0.12340571185084025,0.16424568139801174,0.05030662793823909,0.06787201708216126,0.21269489434347624,0.08853336042335229,0.12221756767808606
0.030033502947285656,0.11821904582986982,0.12011933627605846,0.17232072200524864,0.07647291234173435,0.15366350208913468,0.1085725777587242,0.10364644844203763,0.11695195230990652
0.09392726801250517,0.05093854205119976,0.09752495673468409,0.12633286805731375,0.19477826619400251,0.08900536550148386,0.12572025482316596,0.11531742473918315,0.10645505388646166
0.07121200943335847,0.09545782382617878,0.11170037290076391,0.1558611940558313,0.09144109279705465,0.17721503115504977,0.05098406593350593,0.11289497011122812,0.1332334397870291
0.06025649866249272,0.049512152402948324,0.09875145816638449,0.22639732039849933,0.07909256118554937,0.19083135351192038,0.04350147471295365,0.11263092148650229,0.1390262594727494
0.17631896051762766,0.17450688552736837,0.08321825111067878,0.1441663983400779,0.10960449404845156,0.06499312537339652,0.05942723039324934,0.0810127826661431,0.1067518720230068
0.13726835580108823,0.054486652889133146,0.1115333967361098,0.10662888376314432,0.1895038736606309,0.12936904664993923,0.0508749343467215,0.10928741412693728,0.11104744202629553
0.15203929109012834,0.1226321329039055,0.10496867705061201,0.10614235258070892,0.0940095575280923,0.10697694289952715,0.08275989204079591,0.11188925411112395,0.11858189979510592
0.029906900410760228,0.032526217677723936,0.10108536576583337,0.10967075607881109,0.14497034084809726,0.20999624313133705,0.12769164740396516,0.12988247431751146,0.11427005436596042
0.07579104478418473,0.05419621801366104,0.11433445563712767,0.20318823420509316,0.12364223018278055,0.11086640074633854,0.09987641584590971,0.1193416229781259,0.09876337760677867
0.05117036664062304,0.04153670307011084,0.11935488864271977,0.10870539335931773,0.17423496640245906,0.14210891929042188,0.16528799345649373,0.10487893726086261,0.09272183187699139
0.11692175256857514,0.09084578176800628,0.09325570453675293,0.12232710366173043,0.09462317512988912,0.19463262748776447,0.03506349490547884,0.12026934154628194,0.13206101839552079
0.046451253146798745,0.06414428786369893,0.12003773835797545,0.18086104547987036,0.08634269605269311,0.10366168819101877,0.17460147416339497,0.11746244413900281,0.10643737260554692
0.34366656031123904,0.02663021137437484,0.07722914163639223,0.0907425607850494,0.1383639498149922,0.07474021716663858,0.09178555811638674,0.08898514490067803,0.0678566558942489
0.01623670484764538,0.15359597960255675,0.10160158329916773,0.11316330071656096,0.05846794099938768,0.17951717612724946,0.11924674857189684,0.130998997637655,0.1271715681978802
0.23227175054837623,0.05012201472976854,0.08835234348773846,0.0762274539929396,0.16524136083831628,0.1892583295352858,0.02552206530464197,0.09029571084130973,0.08270897072162332
0.09590484784861096,0.03783027222809348,0.1092567448057472,0.1376324250554455,0.14886218813380478,0.13168576813905278,0.08680593904549462,0.1374694364277752,0.11455237831597546
0.07899945347088837,0.07738494498270733,0.10780307973824366,0.1480690430738906,0.1075204501126364,0.1483304882358157,0.09031106169663373,0.12284224782413082,0.11873923086505328
0.05366322554262417,0.20782043124674643,0.1263161672995501,0.1237067188274134,0.09123569632270805,0.09174399119955941,0.08153798270968349,0.10077252350837936,0.12320326334333574
0.15053633074653516,0.0485925312638518,0.10328617224066927,0.09104362763191677,0.15939498538348165,0.13914257364519436,0.07966888900413151,0.1294633248408943,0.0988715652433253
0.22284703119149282,0.07070303911824029,0.1583056686938897,0.10374851584104673,0.08636477423440342,0.10058642882497064,0.07719447061258837,0.10507410758273387,0.07517596390063419
0.07586906571476901,0.11254630941493453,0.13159167901524177,0.12534793597676466,0.1046759170510219,0.14082455206358882,0.08460892566953947,0.12080060978229716,0.1037350053118427
0.047549841995742824,0.0984011086419065,0.10891553507068552,0.09756519911687654,0.12663638078151282,0.15091274931529888,0.08428759021305655,0.14420141085371938,0.141530184011201
0.022015985467110488,0.12314455957100377,0.11551510446767736,0.07347069970546556,0.14470855977939237,0.2387239403143444,0.050598633269282677,0.11572934931964031,0.116093168106083
0.11140349685565591,0.09438566494860585,0.12506685541808185,0.09890254149746759,0.14196569074720722,0.07953552679344218,0.12892056890741665,0.12437342688625581,0.09544622794586687
0.004296551471113216,0.09798446045536553,0.10029963098701355,0.11777554848780014,0.059928344786589614,0.1547786530733953,0.27251646322452855,0.08541824417273829,0.10700210334145595
0.03800118514882358,0.05759068510821095,0.11566506470322241,0.20379578461170966,0.08750973300757749,0.1397796024741023,0.10973998949276169,0.13846999402175136,0.10944796143184066
0.004268495584702741,0.19208025970394285,0.0845232199272059,0.08539650288879803,0.048458096535384354,0.1001224524976949,0.29228516308516683,0.08319496721194711,0.10967084256515731
0.15437693794012688,0.11410535084691893,0.11314526326954838,0.08335947428988995,0.1330773711329962,0.09167046990546995,0.1003901131247255,0.10567916695725083,0.10419585253307333
0.048551383661254256,0.04367975306050953,0.12932562045946272,0.1600611178613686,0.16517779712483835,0.1463784134637305,0.07923927067615355,0.13233247545879043,0.09525416823389223
0.10869397192700925,0.09401994647470373,0.10485044095019318,0.08451072625710399,0.12760846515826096,0.1527352535867278,0.06504503887134001,0.14760105472848759,0.11493510204617341
0.031875316486608136,0.2154515620012217,0.10502466660322622,0.0734903267355383,0.09438786158545724,0.17463625262284452,0.07353358323972005,0.10958354839923623,0.12201688232614766
0.15041144119486824,0.037014125636961236,0.10956679613880534,0.1684781691748081,0.1764510469680625,0.06368750922548849,0.11214087654548666,0.09793806190527425,0.08431197321024524
0.05949989597092239,0.05427613041414633,0.10061390249348366,0.08225019221371112,0.1616090777377904,0.1946164497933792,0.07747563544368288,0.13400582039203712,0.1356528955408469
0.013051306829012593,0.07421620874267697,0.1279486716304508,0.0735254988839288,0.0917590937229127,0.20317077103039952,0.1565946750480854,0.13286710805768204,0.12686666605485117
0.029557015873629106,0.04534629626413378,0.09154542625661068,0.08335595534820074,0.15970095901176865,0.2745697301496173,0.0634488455191715,0.1203830937796279,0.13209267779724043
0.020530532528809608,0.11401539229725682,0.12762648196784854,0.12422091781942368,0.07207901002176818,0.16299941352967276,0.1575664336271181,0.1102333907839666,0.11072842742413569
0.023656860792681852,0.08094497614128959,0.1220086922740483,0.16548519453738322,0.0935658182682992,0.20030757929922505,0.05888912107553625,0.1314320413868238,0.12370971622471279
0.0644382859991639,0.23676385360430374,0.10725369858172029,0.09964234893065425,0.05961778081023067,0.13522112566727415,0.06533947989209915,0.10673729867314424,0.1249861278414096
0.1326728907791893,0.06292547740266688,0.08803304592331475,0.12377772808382954,0.17616343732296638,0.13398449625113942,0.05362320192871719,0.09399947740236085,0.13482024490581576
0.0546075252220057,0.03559928585318821,0.0959699225453865,0.11835657610927774,0.18676914649952672,0.14036798247728263,0.1539511271467877,0.11585854997692578,0.098519884169619
0.07626386709193565,0.09583954592006642,0.14520972577942634,0.12957092562284947,0.11073779259872941,0.07717933969734836,0.1907511295924235,0.08850653098643424,0.08594114271078664
0.19631451392680463,0.1272682180021944,0.13349304389266173,0.1256186305103387,0.052303019605249156,0.07114496356430625,0.06120174876603196,0.11608666967817373,0.11656919205423948
0.015181161249299288,0.12354338034907053,0.08698385246815714,0.10168679252579266,0.11850881691297406,0.15218821013137393,0.17709782331621668,0.10134751537100468,0.12346244767611107
0.25325845776848216,0.08716999963564263,0.08431084633525915,0.07010311929571734,0.1464292396635505,0.1035481241330961,0.05099165638383374,0.10576042229308778,0.09842813449133059
0.06543074721980141,0.24216116190799766,0.13040241105090566,0.08255939675196931,0.0655433856061519,0.0983701552567615,0.06531420120916494,0.09890727999797788,0.15131126099926967
0.09094820418354665,0.08102456381180483,0.12342529371673368,0.10215195510094721,0.07874029404722212,0.0683386468681488,0.26605397778182843,0.09821257436631141,0.09110449012345682
0.03786401553469368,0.18389036084826074,0.10822086408557437,0.1541776545363056,0.10522284372208919,0.13726438503161917,0.060612230546967044,0.10629873878524476,0.10644890690924547
0.16992055114144056,0.0606712527536265,0.09855206075841992,0.11740013745055074,0.18090250507605696,0.12612215452316877,0.029040201668783572,0.12487616516101441,0.09251497146693861
0.14857729425573843,0.050130885755961696,0.08078775368188491,0.06276990462913218,0.1918686796660317,0.2116006336062768,0.03787572188262933,0.1166132412074668,0.09977588531487813
0.05583145449606267,0.0759680935524024,0.14119819836552042,0.1047821187923071,0.1451879678586621,0.13542030582923933,0.1104788474404117,0.1231389668388549,0.10799404682653939
0.019399769368894648,0.0936158076234296,0.13343861641010923,0.13448057481347667,0.10663560023048561,0.16900514773946082,0.08623960546929649,0.12726154540891993,0.12992333293592698
0.08194721435617193,0.21307398994193913,0.09294849382630481,0.10893651281161616,0.05358483954912318,0.16123667549685586,0.04158473313924784,0.10248274973924447,0.14420479113949666
0.13658324337718394,0.05629674333016892,0.13181285330010398,0.20893578728665463,0.11825924074366634,0.09728226897377468,0.07253729915541145,0.09501872714865094,0.08327383668438502
0.022970066416120923,0.06729387486702705,0.09859179483508747,0.14696386180416682,0.1007677832485605,0.21398537647496307,0.13432986128796232,0.11099183962348223,0.10410554144262966
0.13056943182380898,0.13341789818307845,0.09375572372375225,0.164225916225102,0.07791983578890359,0.10515778314157141,0.08389781279682147,0.08971350551507495,0.12134209280188686
0.043968849738228157,0.124355664497952,0.12685988944488255,0.13059886061220946,0.12828275669090716,0.08558667075677379,0.114900148050726,0.1253871879249239,0.12005997228339689
0.2301578869881504,0.053640156946512974,0.0842198640865094,0.10783623997428783,0.1701971723378176,0.12316573279708755,0.03469785338516191,0.09916559475369134,0.09691949873078104
0.07793670734963137,0.07810012246888712,0.0930404975201407,0.1131901715668893,0.11773114937382077,0.21564924557660622,0.05165677957038369,0.12260685588722799,0.13008847068641297
0.04808273712600938,0.18850984188561493,0.07202166833467726,0.08860760791938817,0.061355329141799884,0.21967328305482373,0.02646266068683287,0.10704839510103725,0.18823847674981653
0.2751134878154964,0.06790748091970565,0.08302661369401285,0.08838403173882496,0.14564434582653027,0.12453487888343624,0.013192282185708603,0.11264462988566887,0.08955224905061614
0.08987086849522274,0.13781913948199326,0.09653450964309605,0.17607545714181358,0.11642713507006325,0.1279787240463981,0.038221893315822646,0.1195737090961587,0.09749856370943162
0.06130452603940062,0.17210661152559423,0.14487008749938307,0.07801916405171504,0.06139212481683388,0.08236179267444105,0.1998693348271354,0.09217291384227357,0.10790344472322311
0.18769574577792436,0.0918094294069136,0.09504809706743021,0.09609466250626798,0.14903529809925709,0.06649236590508789,0.13269991551886948,0.09366105651978383,0.0874634291984655
0.11253820063236708,0.06789903198897809,0.13723389785140483,0.11949175532992867,0.11811060170276055,0.1443948433970407,0.06159526793072325,0.11722213449976486,0.12151426666703184
0.1231801771340283,0.10359354726096319,0.09261112819849461,0.12621836439079256,0.14759863940188786,0.16214175639272052,0.016590023319467736,0.12414353200430406,0.10392283189734115
0.027169785878354863,0.1702049961032717,0.10419462640537548,0.16821702323190804,0.059547303506836645,0.12318687032520594,0.14285389624423345,0.08473582600623376,0.11988967229858005
0.06421296018426169,0.1777390754530738,0.10983348288704424,0.12124286051378612,0.07457241727410724,0.13186892629591185,0.07031205418241644,0.12016910997839465,0.130049113231004
0.153218819613378,0.11184502285377185,0.12300323712741834,0.09145753620621157,0.12728289867197953,0.1019888558225737,0.045182262467153005,0.11250922272229795,0.13351214451521606
0.18183182737292228,0.16284041515744233,0.11357085116766973,0.08486108199773422,0.11388574251421436,0.07394532000830203,0.037752590940838035,0.10348290816904855,0.12782926267182845
0.058911360073544215,0.038091880957789745,0.13733179177606203,0.08710142061866076,0.18092352778413404,0.08452624391738073,0.21917420165596427,0.11295974916459295,0.08097982405187128
0.12162455028303996,0.06667763365852632,0.11241943621703628,0.09097972871964144,0.09751471583721423,0.14749388840478708,0.12263065484068464,0.13832768989160826,0.1023317021474618
0.06525805105581402,0.07395324878906749,0.12881915234452407,0.09987027796061991,0.12267793152895022,0.17042435914964713,0.09183646548336205,0.12489941842121861,0.12226109526679646
0.34138306943368457,0.055056375356917965,0.07483941554989722,0.06905911229187203,0.15052067378469827,0.10696272123907465,0.029764804655804136,0.08634789450817722,0.08606593317987382
0.16209040041794862,0.10844311828329879,0.11764112594984648,0.135291977385274,0.08852742964424241,0.0962281557834301,0.04674089581667901,0.10244721868959883,0.1425896780296818
0.11645022699256007,0.22064990460730716,0.08002408542757306,0.13117541471756422,0.060177326632049784,0.06100746785232538,0.1160817120563032,0.07743363204873883,0.1370002296655783
0.07206220497409328,0.09566910387518328,0.12970883488799284,0.11141411703432906,0.12774148478031055,0.1432131534422331,0.06314348264291018,0.13723676390427922,0.11981085445866847
0.08883873552699621,0.16163107422952092,0.11065222112613403,0.10872710802921966,0.11048462897397197,0.16449698791719822,0.038782557671142276,0.09690494610906712,0.11948174041674958
0.07153052149047737,0.175636397759517,0.08648564136211327,0.1344343091586296,0.1045248748213647,0.13073452651649808,0.038757589141381395,0.10480960545110007,0.15308653429891841
0.041207049387592405,0.07008887445765467,0.10318218451828876,0.13059186877066103,0.07572424518170956,0.08597670729409035,0.2503446246395236,0.09193364612620512,0.15095079962427438
0.16834024937979786,0.040364557153596436,0.10233979395670567,0.15941213026971193,0.1591991863177264,0.08243212351550032,0.07604590287412534,0.11740823824619932,0.09445781828663673
0.03154226141857579,0.04698918858370683,0.11616556009331487,0.11913084529397854,0.16829733963193494,0.1890873936866174,0.09299459005160683,0.12441105266074494,0.11138176857951985
0.14288423269276607,0.06883552159293807,0.08899344809382642,0.15802581214674746,0.16794232821193075,0.15964999275182257,0.020084083057003568,0.10793447704754483,0.0856501044054203
0.024141196627635347,0.07202123924063804,0.13460235057664205,0.12284278612869899,0.105414141843392,0.1450198968643903,0.14962243110782694,0.13784744871593194,0.1084885088948445
0.04797352778887595,0.12076606928162632,0.12753823156434937,0.14015784387610472,0.10301154058857796,0.08326469414130162,0.16062828392390757,0.11600270859259036,0.10065710024266601
0.06626834862153273,0.0364088585657478,0.09527451778887334,0.13706984264188946,0.2396238187707502,0.14692478215074872,0.0750083781963224,0.1228829332611564,0.08053852000297897
0.042593096388599205,0.03984878121345418,0.10905636323466446,0.11452542294737626,0.20743853049292035,0.1608213858694992,0.11497105277602011,0.119536631999767,0.09120873507769926
0.06675436602573577,0.16228501464143433,0.10290569621892225,0.12701764565560128,0.046798824542531904,0.06445349839366506,0.23618820417562517,0.09073155166278246,0.10286519868370168
0.23652506451526403,0.06991363068716305,0.09687403903829657,0.15131205980725262,0.10277465073088655,0.09680315173553716,0.04155785050193765,0.10339331976951509,0.10084623321414725
0.04261875289511963,0.2058619304411682,0.11234776916812828,0.10740286173847985,0.07060975491107768,0.1450843696273103,0.08253164295265433,0.11036097288816536,0.12318194537789623
0.03628965414354326,0.1112609109325962,0.0905813788816552,0.16004847061852828,0.05410721240541128,0.1690906529783264,0.06409278497952499,0.12884686505006962,0.18568207001034476
0.09192016844437313,0.044799624623213276,0.10144722823907437,0.12482962191757857,0.16875525341193756,0.15807920088717853,0.08785388809305046,0.12252595617200152,0.09978905821159262
0.008923624108510466,0.19948332805533775,0.08028828554348084,0.06490077765086258,0.02133996088647631,0.06987751490919582,0.40698815177656283,0.054931311386495096,0.09326704568307821
0.07944868269370095,0.10516124342668974,0.11682551281457104,0.15984799432204447,0.10353136511909644,0.12000611030505902,0.05605866211457706,0.1291012374303319,0.1300191917739293
0.07283204631796787,0.17473023204701724,0.09687407901262239,0.15708303124252546,0.0656041344644298,0.11667020511525283,0.08619436740628472,0.09540977012144293,0.13460213427245674
0.15428301323062654,0.04491193098086484,0.11035019138717,0.10163308606718224,0.12015400513006506,0.2509689001093803,0.015757237983229647,0.10985706073690182,0.09208457437457951
0.05285264414225682,0.13861379138835225,0.11237464679154419,0.1309221182051529,0.11022124299319162,0.13635183360960199,0.06604326224002177,0.1239329506878154,0.128687509942063
0.053916443636360716,0.20783863877450212,0.14530889847605294,0.11350085762968243,0.07008580772559013,0.09498340730772122,0.08466621014963593,0.09460063565152854,0.135099100648926
0.061174438631175256,0.05549568681666453,0.13093324772374734,0.22620129775507394,0.05784744719767126,0.12352695937553532,0.1279339800188278,0.10834889923869799,0.10853804324260656
0.14393996512910798,0.09509080581246863,0.11630099377961234,0.12744507662267257,0.06834590027993943,0.10849497657907708,0.12393655204409045,0.10948970614836413,0.10695602360466738
0.005596008568586622,0.11259777516154683,0.12268307504104274,0.12435758957339195,0.06252606724519583,0.25721159015618356,0.10236105342578801,0.10909531417184726,0.10357152665641724
0.06227391164264887,0.14147171069238518,0.11257863511190136,0.12514346620596076,0.1187784260134613,0.09587029710760829,0.09006864169185158,0.12763332579112696,0.12618158574305566
0.0696244109271854,0.158459347091452,0.11978263049375325,0.08721722712938086,0.1279153750836895,0.13768315441546702,0.0853073564942934,0.10869182334770572,0.10531867501707287
0.2731494693424756,0.06045385324623007,0.09182069506727099,0.06237327684845959,0.12038914504428445,0.1313954963434841,0.04250537062810813,0.12603442626169023,0.09187826721799691
0.02858586928874066,0.06781112305934502,0.10424881348268587,0.2044940152269554,0.17002642156884332,0.11922748845531302,0.09454754400552932,0.10636857818546823,0.10469014672711922
0.06657614608460717,0.0788417932083495,0.16437431485236462,0.1311322568691783,0.06451699586299518,0.08443940300215719,0.19113776237767524,0.10306626835551176,0.115915059387161
0.039242550936105534,0.1630078937220727,0.1009168426107776,0.10389491868160328,0.11539196050160254,0.21193377684416773,0.023062619299157525,0.11748889172266873,0.12506054568184438
0.11599809064918558,0.05691321105537548,0.09162613478995157,0.09630249782608068,0.19605939832767935,0.16801789118158658,0.04992461599567954,0.12080045041365765,0.10435770976080355
0.05517571711717645,0.08323074341193697,0.12333621234002194,0.16257011756824283,0.11993829268663025,0.11558101748664901,0.08452329888295494,0.13450100217962319,0.1211435983267644
0.07137372446323802,0.03613641493980171,0.11539988595499262,0.1679558904430145,0.09414965749347344,0.07385090912833946,0.23057286164870838,0.1126807317920262,0.09787992413640567
0.0362066724826953,0.09293913767451567,0.11417432234828494,0.10762384885660371,0.1243626932911475,0.16498875306952251,0.09676291461707087,0.13518613349976358,0.1277555241603958
0.20836556465384806,0.07953890486090281,0.09602033910545904,0.08515143604808262,0.1331278288989712,0.09867309848350812,0.07822690004566284,0.10739550558086859,0.11350042232269662
0.0879139802283126,0.13014176431509125,0.10356642015276059,0.08053006203117608,0.10477244108608802,0.11467624048991189,0.09273640050433664,0.14576248533746017,0.1399002058548627
0.15570576094335634,0.03126747419714479,0.08248445664487915,0.0858591126539618,0.20257618222123228,0.10598656679088286,0.13146174195789062,0.09960687739213148,0.10505182719852073
0.11423800267376145,0.13985361182913206,0.11769639372896634,0.08065990784156402,0.11209278048619392,0.0956289228520696,0.1443237238183656,0.10412784508608464,0.09137881168386236
0.0690608522323053,0.11890236604613587,0.09393195408274979,0.1180667856930458,0.1277772305118918,0.2099435018469746,0.019377434805750833,0.13257042333193939,0.11036945144920667
0.14542876198411542,0.0722376702066262,0.11868115374252737,0.13843753392561706,0.08566169313353149,0.07996389796096633,0.16313450485327224,0.1060717577459207,0.0903830264474232
0.08203304527392179,0.012158345092852752,0.10457358347280811,0.14163450322418047,0.17519281742111284,0.08909255743547191,0.21232671978304304,0.10444977006950527,0.07853865822710378
0.177603426993328,0.07862580534726299,0.09450384664848295,0.10615960779518525,0.1663587823422514,0.09443076484557394,0.06887346076974529,0.10850989297257128,0.10493441228559885
0.04716140805445942,0.04304086752284656,0.1132458476997491,0.1240031085287595,0.14184631789432786,0.27183525420737215,0.042973932295153915,0.11434236135949577,0.10155090243783577
0.05781094166998322,0.051255896164135784,0.10491904180981126,0.1743226705519555,0.17675265519728156,0.16155122909794165,0.0517513588324246,0.12114389170637445,0.10049231497009194
0.04957373145597449,0.09580818520838623,0.12268942519601679,0.12893687757247718,0.09798763047138664,0.1419822967886059,0.10017300021869453,0.11458393005146701,0.14826492303699115
0.12294148033454066,0.05591164265862902,0.1162585263440979,0.22192619515927134,0.06704819692534357,0.07339542495424456,0.17860931898521218,0.08085867235977312,0.08305054227888771
0.3008923182103081,0.08174330476183735,0.07813908962232924,0.04261104676434613,0.12029566008049257,0.08828344138158974,0.09642866169532266,0.10455776975537417,0.08704870772840005
0.13161707251968455,0.11823428437665805,0.11134399185301107,0.10421352632516251,0.09204992124994564,0.1081775871417787,0.06114986516295884,0.14895033270080724,0.12426341866999342
0.19341973988058103,0.05740836746062931,0.09623935240297761,0.10817343942847941,0.15799126185296794,0.11177087218392028,0.04391754975738857,0.12092422593860304,0.1101551910944528
0.08794750799272649,0.10506158116628096,0.1514071520780731,0.13255887143962455,0.09484355432376736,0.10497608978815355,0.10737493185324358,0.12051119957189471,0.09531911178623569
0.08452977881099732,0.09428663518384106,0.1006060545995514,0.13221870152800144,0.14248389724530874,0.1663264947122521,0.03578194346501614,0.11259175714186731,0.13117473731316442
0.18501667541426556,0.04211576768132975,0.09222708887456516,0.18772262214794042,0.14851926510605803,0.08864506013569845,0.04892624650540054,0.1113745742557138,0.09545269987902834
0.11891679327981759,0.0740587538587427,0.1091451194645256,0.15640413474540713,0.12910612794708629,0.12329637840444423,0.07032476313399438,0.10270329548366085,0.11604463368232125
0.15463008196136485,0.04907370085159993,0.10066470878381222,0.14023912514565245,0.1392406792614954,0.11653080178973585,0.08368386986078162,0.11491096235824479,0.10102606998731296
0.22860061220547387,0.08857885056232932,0.08292481985117241,0.06830029351974855,0.12674360076257343,0.1641837244884832,0.02487953197326499,0.09532020199004898,0.12046836464690529
0.10398250436663754,0.09491846169850225,0.10877694696218214,0.10149437667406452,0.12335590184212782,0.17478325593875552,0.042868516619170786,0.13368824492326334,0.11613179097529618
0.24487665267096173,0.13511614118018592,0.0839774316715574,0.08092016672049905,0.10993021390071907,0.10358080990021223,0.024693920225544005,0.11981320367172905,0.0970914600585915
0.09513747802443318,0.020105608783852494,0.09354753550086886,0.14372571082469396,0.2210564744398883,0.12540174496927983,0.09831122014281964,0.12454914171752318,0.07816508559664058
0.03210403840820065,0.0850132625781052,0.16013350927202932,0.12655283724080127,0.11017788833680886,0.1585574270156401,0.08900387175440423,0.11626093689112789,0.12219622850288243
0.24379421496610396,0.030823982720429296,0.09524580184649885,0.10940323922307416,0.15394755395242263,0.08154666511670884,0.0751705808460996,0.12135795846480069,0.08871000286386199
