0.058386156808398565,0.1362229634817114,0.11193764424123338,0.11221117263242936,0.11220213661014126,0.12510222865996445,0.014875250495401606,0.15167846360209222,0.17738398346862772
0.1285828580367494,0.0891911422252325,0.11266363015276872,0.12257935210003068,0.11349120713938406,0.12075453427791476,0.14740828683702448,0.09662680862033478,0.06870218061056053
0.16856809221604882,0.10223604362718175,0.10083884771177172,0.1211897215939778,0.12277948259110034,0.16693638487248072,0.06880554188811888,0.07488950580451664,0.07375637969480327
0.07214138455035884,0.07348813877811854,0.10519396392577195,0.11389448166850202,0.10527375632266572,0.15401233712653598,0.04968921972013577,0.11351017414076943,0.21279654376714172
0.08278051401596957,0.09104544067399876,0.11463369998492633,0.09909682047768072,0.11248307092318473,0.05038795185867473,0.23340991527345778,0.10161117441062129,0.11455141238148614
0.16880120186441597,0.10588324579357324,0.1194488877825967,0.10284302343013414,0.11585999932746162,0.13357243166230262,0.026194667884460666,0.12098208261226943,0.10641445964278558
0.16490823224704723,0.14258227010491228,0.11258403965333519,0.11379608426698322,0.13524096947010597,0.0993473166372505,0.05553446109489809,0.09895427012512344,0.07705235640034408
0.05953478663924724,0.08346216318325922,0.09137332536756797,0.11254382616679252,0.10724756935624107,0.14942606150118318,0.17073019256766586,0.06755756728769934,0.15812450793034358
0.265919825025176,0.1379388983162354,0.1297585820485856,0.10985447498361116,0.09300121903578185,0.08691551542083024,0.011715950216734628,0.08966877660261552,0.07522675835042957
0.10366765904483104,0.08029174306210599,0.08788594582160751,0.12171362044672192,0.10538069099496893,0.2714158820177037,0.06354188169936047,0.054066243539293936,0.11203633337340645
0.19403306649928753,0.11476768267208548,0.1318161955911712,0.09275065829814642,0.10605702747698682,0.09916376868504906,0.045262842724558806,0.09316117128605883,0.12298758676665585
0.05524567019613904,0.1406464391365937,0.1295211305619189,0.1016616855894757,0.10421562460754134,0.08244719671126033,0.08528289684933173,0.12808997468690145,0.17288938166083778
0.2743796849671639,0.10667379579203806,0.10637735777466802,0.10202983719117908,0.12041950103291425,0.09215236513856716,0.022563300084496946,0.09855536251667396,0.07684879550229858
0.09611674776336165,0.09973151234680518,0.09391234300288748,0.12571929103086402,0.1172394004315035,0.24414782729983006,0.013475743110171412,0.1000658435717147,0.109591291442862
0.058009309592201234,0.07912428995443069,0.11249007798602971,0.11859628550511703,0.12211289686092075,0.14423009214264235,0.0669077910590589,0.13412092902286923,0.16440832787673013
0.18737522659550745,0.10587082268397513,0.10797971483553324,0.1203997596640481,0.12857853194888788,0.1259968848197951,0.03091801253549244,0.10598195637370615,0.08689909054305449
0.20855911492477752,0.1397314411689,0.11031411754073815,0.1004948011917373,0.1416441551642039,0.06234023949272401,0.04049816738096134,0.10122243700202428,0.09519552613393349
0.1282902042040932,0.14503316284790388,0.12148025137061026,0.12521161044764137,0.13374281041437963,0.10074221438285696,0.0795764717685721,0.11369029828005674,0.05223297628388579
0.15879711121150256,0.07929662796153687,0.10754962967929677,0.12302177333062954,0.11632229818096508,0.08901276522677813,0.12590213790589802,0.10878922032220699,0.09130843618118613
0.1976886019373759,0.08348747299390658,0.12470886524254828,0.1100071714469185,0.09885460769309744,0.1542669491542423,0.07177078841852855,0.08079255638196507,0.07842298673141741
0.08771758205773465,0.12654547851070766,0.12706310411221916,0.11214588548894859,0.10769499657356452,0.10120546812154992,0.017889891323165374,0.1825511060727629,0.13718648773934713
0.15886027096882263,0.10639905701876479,0.10359619317201763,0.1199225602128225,0.11771765213980427,0.19926082912657617,0.06844816398809944,0.0637231015924169,0.062072171780675665
0.3109919775422683,0.11621669995925915,0.095079008820793,0.09223235792773671,0.09325876078757082,0.06491500369085744,0.12786203005478325,0.0755754155280387,0.02386874568869259
0.17296309018620892,0.10520559030069672,0.11441511740275766,0.0998420152806922,0.08552118277079312,0.056882102641442715,0.2040472373891465,0.10593173588777761,0.05519192814048457
0.05477724496361191,0.10996471688122116,0.08770089476757557,0.09543263579714349,0.09735975404052992,0.0755894652407957,0.31404055828075106,0.05624308153428598,0.10889164849408522
0.2794081419482557,0.10339245248677069,0.09345532999823453,0.11557190684477459,0.11556306618899691,0.1320661763379344,0.04078738436133083,0.06994851380082061,0.04980702803288171
0.1541065144541131,0.12512711057224504,0.09394669529442268,0.11518282487922604,0.11341096224522002,0.16561137266109174,0.018723554291971107,0.1010301223250389,0.1128608432766714
0.05808758287047581,0.10364962866557187,0.11951375512481399,0.10973469902327619,0.12110095788844376,0.06391183342856767,0.08978757192230223,0.18130807760576587,0.15290589347078254
0.19327625922742872,0.10739817099987047,0.1071563886012477,0.12826892267888892,0.11398354079499429,0.11490012511626624,0.04409195404164584,0.10900451352889205,0.0819201250107658
0.07798515914165073,0.09896629541504015,0.09946945733967254,0.11836587969673242,0.09958677517155574,0.1689738549260743,0.15154666993417135,0.06667099215535337,0.11843491621974928
0.06526895973537714,0.07673207607842225,0.10503968927309008,0.11989800150142776,0.10520202061489244,0.1171001965905406,0.15095868844571328,0.09649225786072395,0.16330810989981248
0.1481005858075603,0.0987398539459624,0.13307237763165017,0.1074991062523863,0.1305256201770259,0.07607894555050326,0.09188696037574501,0.1422255391735294,0.07187101108563727
0.23637006017061188,0.13025550245850656,0.11481319089169913,0.10705210848048102,0.12284255858477229,0.12340490109758527,0.01671269243813131,0.09072632105174598,0.057822664826466585
0.1601732372021549,0.0811108495408434,0.13393541376123844,0.10960539390733416,0.10153783944372685,0.15992305503184337,0.042021193350516045,0.11264261781159539,0.09905039995074744
0.16206340248749884,0.07848803373759183,0.13002952750915672,0.11424433920979667,0.08919597005567488,0.12663338397886673,0.11201449737902962,0.07726375203667962,0.11006709360570509
0.18720219793532486,0.08782355164868776,0.1038790607705677,0.10092120058824745,0.10177779470906283,0.13440075915086483,0.17515153015593962,0.058529952028084954,0.05031395301322
0.11313290029886625,0.08957987344241221,0.12060920889616951,0.11463826979701637,0.09124839284329604,0.20541212134547762,0.07821713309568988,0.0736596069855941,0.11350249329547801
0.0997409146736623,0.0720293194320828,0.09812154770748749,0.12026802668257981,0.10614486659229254,0.20626862252624764,0.08375719311788443,0.06797410193922206,0.1456954073285409
0.06368455290950176,0.07591192024132547,0.12480316908017147,0.11623298885947607,0.11535375845102398,0.11355573123756191,0.05820017793341243,0.16281688862782365,0.1694408126597032
0.06985874179659415,0.11923221701379817,0.12250758646498232,0.11012857314654369,0.14679375339276546,0.07761160531920484,0.09175311318183094,0.13556215676732125,0.12655225291695915
0.14183189911712182,0.12845483314579834,0.1115630882785948,0.11107800996256506,0.13003467351124878,0.05296086293487485,0.05353601557636329,0.1584753206332056,0.11206529684022744
0.026799594745725103,0.08732944665175489,0.10944167729006021,0.09582919758229032,0.11278149434352357,0.06889400364613397,0.12027918010773415,0.1580276292155741,0.22061777641720373
0.09265788572406264,0.09992746504688045,0.10416166328647102,0.11980004787511496,0.12352324851071132,0.11906670543560756,0.09776719746835001,0.08739961855984558,0.15569616809295636
0.12303208218888283,0.09996968021703438,0.10462522205974654,0.10286610251203802,0.10595180678526321,0.11052151153019518,0.18393341591076404,0.060162199602180035,0.10893797919389576
0.2208700467200346,0.12281407372441878,0.116005671026723,0.11411252284252299,0.10804171710339744,0.1238466095151507,0.05193778123672254,0.09105481014920287,0.051316767681827025
0.17439837830446944,0.09167262598238597,0.167823038865719,0.11445060770944603,0.10211314333895867,0.06900303942816281,0.04605451507995697,0.1639723798524835,0.07051227143841764
0.25461756121352597,0.0645401195908907,0.10317217674275835,0.11796782828026303,0.08545315643795241,0.2081082540435347,0.025958933099101578,0.06687535136297744,0.07330661922899588
0.15353292322852655,0.07827054562853855,0.10541176201042668,0.13120985483567496,0.11237423075193621,0.15384017165642047,0.08084243096012095,0.08585722060174723,0.09866086032660841
0.06864363479941112,0.15518658079573852,0.11677614851029901,0.11601684721861344,0.12756827233058007,0.0862498042453244,0.1568258619824785,0.10941302429222767,0.0633198258253273
0.16701046379051077,0.07625193516283113,0.09259990030947703,0.11635720266818468,0.10100634762401235,0.10378984988896982,0.15385339065461756,0.07997257532331851,0.10915833457807818
0.22732041128796684,0.08635791485872955,0.08799072458656139,0.0924222706661884,0.08923169528806042,0.12738749531812882,0.1953072806064737,0.04447495070686722,0.049507256681023654
0.26163090950605566,0.09402687742624533,0.08535265502322531,0.10763208098321657,0.09095613245426044,0.1896567120521393,0.07056568543272886,0.07045560364660436,0.029723343475524144
0.16761652925294415,0.11929805522859575,0.11226787548921256,0.12017224350004357,0.10560007827686237,0.17681822128418948,0.026465367136253443,0.09228691996056597,0.07947470987133275
0.12892991186320307,0.11131851728580715,0.1681679698973478,0.09639630887582495,0.10243356085066191,0.05766444995936212,0.11257108057184366,0.15855459235509603,0.06396360834085336
0.07726710606044139,0.14341880174039556,0.10802420488611257,0.10941391409675531,0.12745174989102168,0.0861989233268345,0.0725777912214922,0.12738924257030704,0.14825826620663982
0.21570162219055788,0.1329320600214652,0.1342327514172217,0.09890019409601632,0.11875701170475166,0.11719718166214194,0.01138190462795209,0.10922152081057734,0.06167575346931579
0.13302935399204688,0.09465781345705189,0.10936671699986783,0.13308270805762554,0.10931967077137715,0.15134077050028835,0.09699593206099989,0.09340238105445998,0.07880465310628253
0.1306564053003867,0.11288652334678208,0.09183985972622266,0.11156055137321778,0.1070119190249146,0.06477768916393495,0.21130206485504052,0.0691245934269638,0.10084039378253684
0.16020635421850718,0.1310777296509801,0.13424489731242278,0.11100089728280327,0.11191865552475617,0.09878902049609217,0.11099215376459536,0.09435586861638308,0.04741442313345987
0.27118116599690584,0.12493365426827856,0.09875066614868977,0.10718460961393801,0.12145790644393722,0.0981086181705169,0.035226554018550175,0.08649401806827017,0.05666280727091335
0.07411147906276982,0.13559526443959802,0.12311556546977709,0.09464937413654732,0.08935554620318048,0.04274847143652332,0.09119285332367162,0.22029775858785414,0.12893368734007823
0.07798515914165073,0.09896629541504015,0.09946945733967254,0.11836587969673242,0.09958677517155574,0.1689738549260743,0.15154666993417135,0.06667099215535337,0.11843491621974928
0.059216616416461275,0.11177817844183342,0.0991594294719302,0.10708334569755538,0.1064874268544153,0.08426140626302607,0.2611826808924575,0.07854434387867303,0.09228657208364784
0.08451401614072311,0.12118605330120391,0.09846774373582401,0.10690044594226376,0.11781105529331261,0.07108456763833537,0.2510069896491585,0.07582971712701307,0.07319941117216562
0.062125253318478756,0.11475705277304482,0.10410669421895095,0.14635990404797808,0.12891270530680843,0.15071209420457957,0.05804038617844137,0.12450455582900777,0.11048135412271028
0.04891369475470352,0.08166501476386802,0.0988187673919279,0.10360354725968768,0.10578352325737495,0.058885597697901935,0.3163203676156755,0.09227441914716113,0.09373506811169936
0.1223365969435261,0.09125181860033964,0.1505084450267606,0.09943991709230023,0.10860051448211987,0.07717986065563166,0.09834724625540654,0.11783557829289266,0.1345000226510226
0.15720057051482692,0.12324696964557284,0.1376175377840862,0.10146387186253447,0.11509342840117964,0.11738171086469136,0.043800949432243164,0.1161903886846134,0.08800457281025202
0.07526548771450993,0.14227790445708874,0.14192818537481858,0.10302644344512929,0.12363886587670621,0.05396910365673813,0.06355319178368277,0.178227708003346,0.1181131096879804
0.09604413789123234,0.07090659622543326,0.09927416881175928,0.09356981603818874,0.09022478916193401,0.06031289791896527,0.35658595280074673,0.06458912693350378,0.06849251421823654
0.06979631414492053,0.10296697061865706,0.1260966578396686,0.10284712371197646,0.11440556619666409,0.0512112256691161,0.2453508237491759,0.11876606579460038,0.0685592522752208
0.09020485386467832,0.1348216453810791,0.11870177418787257,0.11041110828545053,0.1282836649693941,0.08580930690698413,0.03453984544828186,0.14825170286180003,0.14897609809445939
0.11512756077255815,0.11390070934619302,0.12012129502721929,0.10935711553521843,0.12095544515984542,0.09026584567249785,0.017193323711952077,0.18384486140402165,0.12923384337049412
0.034260989815745,0.1141821770372291,0.09446066231999704,0.09379077137630742,0.09628888457783386,0.04960797539292322,0.2728317057958071,0.1337023639532752,0.11087446973088204
0.1150398551410406,0.1271055869232863,0.09141141124287415,0.1127277275421929,0.11671651826580466,0.19604213218444203,0.10017239559567359,0.05475488808449508,0.08602948502019074
0.1285804493082425,0.13135289392865454,0.11598047119688253,0.08966567807981947,0.11595311628497583,0.1422942240973323,0.00583956524106808,0.17043977671637134,0.09989382514665346
0.20414141578820263,0.14861806802302616,0.11304138339038868,0.10218216585880756,0.11405319090354303,0.13786682305948725,0.01264336362927424,0.10636928331213452,0.06108430603513593
0.13302661760085893,0.14000353391810086,0.11984639844106104,0.1193094668340587,0.11622038917502302,0.0933371517348673,0.04218962522097664,0.12799710489094915,0.10806971218410434
0.17423246701169962,0.10021026241550053,0.11562438081978454,0.1076964145022888,0.1158735395313724,0.16621751864741952,0.05446491153271684,0.06895446476560775,0.09672604077361009
0.20897925353542549,0.08817854326959729,0.09591755394608222,0.11858268676286698,0.10644998711881158,0.1446088095613762,0.008562161943830459,0.11005103666584372,0.11866996719616611
0.13318839432572188,0.07027840945606915,0.08532722413416384,0.10139183672057635,0.09796426974160434,0.271198718663809,0.04256875402151949,0.048721608629593315,0.1493607843069427
0.10050689005090381,0.12014871221928107,0.11482991403414411,0.08686558062309734,0.09727209025546672,0.1076420138439275,0.0067902896743935156,0.16556754088755402,0.2003769684112319
0.07095995659208038,0.10163374909187449,0.11603822536241722,0.10425438221271872,0.11320245363304071,0.09460327392909663,0.07933702041102435,0.11048564653498294,0.20948529223276466
0.04946286470014775,0.06905432675441762,0.092422966850833,0.1126984410413342,0.09409672156762154,0.23215840949050962,0.040229273318517354,0.07888204821782657,0.23099494805879248
0.0697796934926119,0.12911874185990238,0.11249082103383544,0.10902537074436332,0.12456080448309047,0.0742070822129338,0.18417472864914763,0.10746373236503082,0.08917902515908414
0.15854234005235796,0.10131570070451786,0.17371938516001909,0.09409634004330485,0.10227303130374872,0.06110067482801781,0.041079073534687455,0.1753961125904222,0.0924773417829241
0.12255753006658088,0.10123201722629283,0.10632084495704812,0.12680715040197044,0.12082919329834065,0.07373160713944231,0.10937113763561246,0.12319085311983902,0.11595966615487326
0.06631032888546881,0.14339717509572333,0.140964540880206,0.12575319096643633,0.12789063429138978,0.08589617616026145,0.0743361606573209,0.15083158468953975,0.08462020837365375
0.11749984196477807,0.07642642819313904,0.10925964151964268,0.11059204514068222,0.11068966882125708,0.2701030558046497,0.017163637045808786,0.08726940015567809,0.10099628135436446
0.08396523046650149,0.06431557275582402,0.09776690947196615,0.0953133363312579,0.09605088770470276,0.1922720841992057,0.18988804282725857,0.04211063523092053,0.13831730101236295
0.2335316492977603,0.11220044014030484,0.10244408999334058,0.11609473360263456,0.11352592239698445,0.1480167438313351,0.025091989608406057,0.08131623695211847,0.06777819417711568
0.2636343957295386,0.09306158396262876,0.09311890690465846,0.10802252252911589,0.10263782304645482,0.14377234401509145,0.09649889571611418,0.05546366263228092,0.0437898654641169
0.1907221473751065,0.11450458499887702,0.14805163513376543,0.10010873645013364,0.09571757786889619,0.05531977153715741,0.06160473714809392,0.1471576837750388,0.0868131257129312
0.13511735001760342,0.09219983357983552,0.10760267346591006,0.1151013091249733,0.10633325705798924,0.09185503384553766,0.16540417849203948,0.09660556493602229,0.089780799480089
0.05751602238936498,0.1201622329955742,0.16388598298902385,0.09568603093089072,0.09785784521862471,0.08682097466179273,0.08156174347703131,0.13256977764597586,0.16393938969172164
0.15332550314156992,0.07298992544805195,0.08402830626396252,0.09306432225345403,0.07722859449931892,0.0637013785061838,0.30336513644027796,0.07030956792685152,0.08198726552032931
0.053420850388345466,0.1206126312843867,0.14004805896798564,0.10199179329517555,0.1039376149527983,0.09045908643070848,0.05705969385771275,0.14009565036393082,0.19237462045895626
0.15739676596784427,0.07035816498403769,0.10408918309790337,0.10748856881365176,0.10089145528324872,0.19211385645894152,0.042939062326390415,0.07619058140406613,0.14853236166391615
0.12689142802950099,0.07458313531166542,0.10277015319614313,0.11536313768453062,0.10189280045453171,0.21870987390866525,0.04552674506567336,0.08098909534878733,0.13327363100050216
0.08783528299192013,0.14775020105661077,0.10739156771021818,0.10238077551085407,0.12544103254882513,0.07616991847940885,0.08366000335688874,0.14458581579980853,0.12478540254546559
0.13637609944334844,0.09840076906717306,0.130329948286908,0.10160685755496213,0.12015044743037584,0.1409840427228946,0.047379463830519386,0.10876357738789928,0.11600879427591922
0.07638188980985147,0.1045326305457449,0.10574810026031349,0.10001971327324227,0.11048098443340675,0.059821713114402854,0.17839527823273707,0.10774195333813454,0.15687773699216673
0.19513924842896077,0.11799363366673261,0.09983238625365919,0.11929449301265338,0.13236586104780684,0.11299847297054137,0.06277637066443938,0.08720706495678672,0.07239246899841974
0.28598174231568163,0.09582219236687832,0.07655027441470325,0.1083570015296899,0.09674685214306755,0.15336743831231284,0.09206312202031068,0.06016127186106151,0.030950105036294483
0.24566851507862478,0.09720825667290771,0.12023551758062967,0.09915354263330249,0.11927539527444193,0.06597343280220021,0.05745391416334277,0.10400739007899906,0.0910240357155515
0.13866676037288525,0.11365676774748733,0.10566913361222119,0.10794623712880114,0.12210916031239932,0.13960517188650576,0.046456823104938316,0.10040818912534873,0.125481756709413
0.21607294361312634,0.13253364661335887,0.143424354576041,0.08868343296434024,0.10618178566547093,0.07174321371818031,0.13143102084954308,0.06258587912528908,0.04734372287465018
0.0984263842177261,0.08555111847907342,0.07771756653176111,0.11766459252587558,0.09514512846083234,0.1189148532299066,0.2423318178008698,0.09157065939485333,0.0726778793591018
0.05475256102742517,0.10637716130298881,0.10788424612952434,0.12058919705536403,0.12784784247454706,0.10228191221913412,0.02549852232606996,0.16392360772131287,0.19084494974363372
0.3083522266886684,0.1094505399528718,0.0858440068654744,0.11529130979483938,0.10100716446242834,0.08779954543619876,0.036230798989056075,0.12204239750868046,0.03398201030178237
0.11933769264093637,0.10714161655821312,0.1308848600096855,0.10992948168872763,0.11681453632948162,0.09869352312888043,0.02995222480493834,0.1687425178852102,0.1185035469539268
0.13959123822810368,0.10134073421125983,0.10211533081051227,0.1280823815488879,0.12043165817793998,0.15740783454982368,0.04638083704045875,0.10097116696489207,0.10367881846812183
0.1895798401268489,0.08335540277460997,0.12050968032708798,0.11656679023411953,0.1052295066739858,0.11595706836025699,0.030661599613948588,0.1253108825975465,0.11282922929159567
0.19060017034960297,0.0759229240360527,0.11454918316565221,0.11977273817512779,0.10385591954206286,0.17249865965448008,0.023964281509362393,0.09633676573971368,0.10249935782794532
0.30884990993443645,0.15262963990359188,0.13400702859263122,0.09229411817800798,0.09488828788357014,0.05213726880447367,0.024379972400571177,0.10028546001201112,0.04052831429070633
0.10118186089690896,0.1212227105557162,0.11304105438925198,0.12942599722098083,0.1253271445522558,0.15125888688543035,0.08097041662304276,0.10343282327058961,0.07413910560582357
0.21607294361312634,0.13253364661335887,0.143424354576041,0.08868343296434024,0.10618178566547093,0.07174321371818031,0.13143102084954308,0.06258587912528908,0.04734372287465018
0.11544405212760633,0.08832225714044328,0.11557193286033073,0.10245132971653237,0.09237541360600153,0.1336519939679016,0.1718390652877484,0.05455468316654544,0.1257892721268903
0.03206063044754961,0.12784017108433068,0.09516731033886162,0.11038353340271667,0.12826349537938123,0.1057472382013143,0.2115827082794242,0.10370716053818556,0.08524775232823607
0.2098746741145717,0.11011158931945608,0.09859993811519428,0.1329305408852087,0.1252253988916304,0.12108467886465261,0.02917701535197095,0.09116460034733405,0.08183156410998131
0.16283912220622634,0.13685461078187391,0.10165934358935554,0.11962691573847477,0.11412243388535327,0.10547337670342875,0.0834379545704587,0.0976260305933508,0.07836021193147791
0.1732933538577646,0.10119701883877587,0.10832311385070204,0.11190983976993264,0.12347182292013492,0.07710162173612684,0.09170153565292816,0.0917596318843677,0.12124206148926726
0.03834965382308342,0.09338388460554302,0.10213577885456566,0.08512530790923563,0.09176772254226334,0.0598107230749974,0.28730547410110885,0.08467493121271553,0.15744652387648708
0.05928129272415162,0.08743704233684908,0.12678495511206622,0.09656502603248739,0.10009721436745132,0.04662878211102855,0.2007788109463231,0.15923198610961478,0.12319489026002796
0.05094386729318915,0.11195582319396002,0.12079809597435358,0.12419663352209286,0.10770444064957245,0.10126139039462088,0.15530361742729581,0.11177593014962806,0.11606020139528722
0.26072963198206917,0.1248809557578338,0.09557497958524645,0.11353338118843365,0.12421334975393471,0.15193938197482962,0.022495166252027562,0.06177998085593664,0.044853172649688355
0.06688927890869069,0.15765019953171824,0.11186820944142488,0.09288256021069545,0.1197295403953788,0.05108723149326413,0.07712267606068658,0.127455507934621,0.19531479602352034
0.1460130059671203,0.09189217066100358,0.12876428741129414,0.10740615693329159,0.11409402910535023,0.05680202642488819,0.19722447366624796,0.11825872491548335,0.03954512491532056
0.07040337727708201,0.08626735640908094,0.10651924620808746,0.09336452902794946,0.10367957829631262,0.046817945261843776,0.33235018193379323,0.08096364480763929,0.07963414077821122
0.07729817147312863,0.11953435378706194,0.11376444103456052,0.12849981422988682,0.12557465398695833,0.14555711072819874,0.02023564202419939,0.15898327623816752,0.11055253649783808
0.2614679237349165,0.10594512440375502,0.12162744864886489,0.09076992908786317,0.10230721386816938,0.04794871761745742,0.12061405745091493,0.09965731730334443,0.04966226788471428
0.15770488165560234,0.12317445892150584,0.12050005515350981,0.09726839608750315,0.11533715659986543,0.06514372657666145,0.06314725676042036,0.11348581288143507,0.14423825536349666
0.16757381495644363,0.1084353441603297,0.1160250854205321,0.1199426013351148,0.13538128628982452,0.09589004059227901,0.04590099901340136,0.1140461656891401,0.09680466254293478
0.08163637642555689,0.131300473046966,0.11719230425446236,0.13250498016321596,0.13578224652680979,0.18571872134002532,0.03738047361009846,0.11422920211766198,0.06425522251520323
0.22305907561422011,0.10363393463048244,0.11138507123436951,0.09858830431547354,0.0978521370830442,0.1898018684260296,0.04383639782880258,0.0633456740084745,0.06849753685910352
0.14157486967914523,0.1201602547124647,0.08515208780704382,0.1152462472560976,0.11932744349374876,0.14174768367770255,0.12849695583869167,0.06511168955359478,0.08318276798151082
0.0514704442702452,0.08524693990666232,0.10402562172618919,0.1284321859893174,0.10871787349003777,0.21626082158406393,0.1531374674448925,0.0712092836423757,0.08149936194621589
