0.13223933431165005,0.11013019957449699,0.10511312422475705,0.11563685462540223,0.05807090142043175,0.12556296850467039,0.1527295497474893,0.11198420587973208,0.0885328617113702
0.032211312322452404,0.10779484532075,0.10721246255855747,0.11282964937218508,0.21134836434139015,0.1320971289920083,0.07927242850465745,0.11255082098269194,0.10468298760530732
0.06971658621645961,0.13392448445626878,0.11186420271652636,0.12629072801628752,0.1584304487923711,0.11470075721519073,0.10606873443358089,0.08472378169374532,0.09428027645956967
0.032847252150246926,0.11205236444940835,0.12201889921309594,0.14061614487854682,0.07982100990984824,0.10340433193975294,0.1869452662462956,0.12755008286570846,0.09474464834709671
0.12548770298161732,0.15568061144705675,0.1214891307905911,0.11958871389239108,0.07865746537855915,0.0903863717005295,0.1644701811614888,0.07657037013368621,0.06766945251408013
0.17386521859344364,0.10127673889310407,0.09774978356226223,0.09523915236300047,0.0589494660026022,0.22036339470301325,0.07323478659424396,0.1005713707728327,0.07875008851549742
0.14421625744115715,0.13794575003410012,0.11151764107575707,0.128309672213683,0.10963890699231653,0.07769728985528605,0.09386406312395569,0.07321240743345937,0.12359801183028511
0.057556741387621096,0.09204932125380531,0.10339954552885815,0.10293470392172475,0.10653400277764674,0.22896070344906108,0.09375006095853383,0.10346402946512782,0.11135089125762117
0.1461293819857895,0.0935970553312097,0.09214159195313802,0.09095548538635824,0.07280785071929467,0.21819611522113788,0.06383295578619931,0.14430559543417937,0.07803396818269336
0.07403973214558505,0.11937954921796518,0.11778251619432772,0.11345808380840401,0.1333917489070152,0.061031085849140985,0.10951114563341353,0.10619571758874069,0.1652104206554077
0.06997635795733484,0.10865703403465173,0.11739402114064058,0.11471567689193302,0.18945180062955605,0.1021381639393676,0.0949365098675915,0.0904104061576934,0.1123200293812313
0.10502630659597638,0.11212069518282947,0.09756649722527366,0.10326806642296371,0.09029966927279798,0.21902414366685927,0.0684807795950376,0.07723324260949833,0.1269805994287636
0.10357986346859453,0.09158514422056631,0.1021617567517528,0.10389092287383998,0.11675225694872342,0.1351038861054278,0.07357433796215732,0.16723992112072383,0.10611191054821408
0.06482350169780003,0.10119939843775123,0.11473582851506192,0.12406040994527869,0.09927658820175056,0.12756939778480755,0.09440719053486894,0.11130182707220733,0.16262585781047378
0.24418886722720592,0.09263225837118604,0.10255397238693864,0.10154779766475386,0.09248152496022065,0.04691719905057918,0.07488858958025812,0.08333433076480705,0.16145545999405056
0.09579178086847835,0.10805639432335863,0.11939514271488162,0.13500565977630355,0.0795413753930248,0.15754256974154754,0.09438666235169653,0.06343144564733667,0.14684896918337229
0.1141047955503283,0.10092876887722028,0.09910708362431014,0.11757815123347543,0.13432554851808495,0.08534131481473815,0.08703519460354046,0.1561911793016305,0.10538796347667183
0.03568702866499749,0.13713447076580798,0.12750308830683818,0.137983466003803,0.12166162965998611,0.1441899406546556,0.11089312304475346,0.09399823402999691,0.09094901886916133
0.11347000393088742,0.1026446807610767,0.10202282689997792,0.10630353682048932,0.08287078015280179,0.1144259060298199,0.08569480511892213,0.16157613716648486,0.13099132311953995
0.11212610887826785,0.12609883789432932,0.10781129739286884,0.10709952379610994,0.09591157857825726,0.09483870799002235,0.1161455671533012,0.0683762207468301,0.1715921575700131
0.042978569702194123,0.10659345445931141,0.11525351565063058,0.12592183915916552,0.17208164287200944,0.04153268397655128,0.12867994005961944,0.08522974608073064,0.1817286080397876
0.08346066304954158,0.11806254905837081,0.1386309167318253,0.11931614256585317,0.09842987404928709,0.06561022768136458,0.08709178548972472,0.11425278295627529,0.1751450584177575
0.07883551251684125,0.13592256985884552,0.112272179209644,0.14361314664835664,0.11708544105227099,0.15794434126998613,0.0757489167886607,0.06783107876196068,0.11074681389343406
0.06091658813892564,0.10225517239979814,0.10486270011639709,0.13803850055150754,0.14494883398392044,0.19207678786211943,0.07055389326740212,0.07556137848219954,0.11078614519773015
0.09364790776504676,0.10795080341185974,0.1255207206789701,0.11001059300379636,0.11536220473988125,0.051277161905637504,0.11313843854712961,0.13492530833931138,0.14816686160836726
0.20351005395742658,0.09302571656158597,0.08886514713504538,0.08689577540014752,0.08267031857451977,0.11089310488098118,0.06346574577115018,0.17383451809396125,0.09683961962518213
0.17426341643889395,0.1110540446305598,0.10450028635365734,0.10501989639638691,0.0856695381613468,0.09190787883446573,0.09180256485500189,0.1059942003685956,0.12978817396109185
0.02565278416470912,0.10995055872632746,0.12497586694992413,0.13613663936021128,0.08849587408399906,0.1377149514441878,0.1868043159346274,0.06591621318771627,0.12435279614829749
0.055752465755970426,0.11266463921086761,0.12277273228855627,0.11675032553376909,0.0822861911200243,0.06522844903377739,0.15369481778906655,0.10274806591190129,0.18810231335606709
0.18838672215830246,0.10767309018628757,0.11033665735702375,0.105612791977441,0.06745943816400905,0.10099717803966664,0.08015417876387815,0.13460140197602824,0.1047785413773632
0.0397731405651724,0.08823429992403924,0.09174158370955976,0.09618323760884162,0.27418443553514915,0.08050786834160527,0.06530983188078684,0.08846401312395528,0.17560158931089043
0.08292038428659443,0.11657350459471916,0.12682139489230587,0.13607003898685485,0.09423432292406635,0.04797406113097517,0.1990364559962082,0.07960177312397763,0.1167680640642984
0.06412109691513251,0.1277704278561398,0.12679967149820726,0.11204056450391363,0.0807695743479486,0.09466954173954036,0.14014753523927914,0.11220197408530765,0.14147961381453103
0.11825379517212113,0.099431876393149,0.10830469732521696,0.10318700443652172,0.09604666120803075,0.049885144859916554,0.24779459728754394,0.09189146020640353,0.08520476311109636
0.18089640681470556,0.10074476212596585,0.09728998036968865,0.09890096694060473,0.06284051941345725,0.22019888483366756,0.07790567230003069,0.07096308071071822,0.09025972649116154
0.12438642664430392,0.12413727208813556,0.11789396852780361,0.12311107331673887,0.09193678832260976,0.12953860681641274,0.10184114577604104,0.06317862245519504,0.12397609605275954
0.1683363507991227,0.1283629516230573,0.1165335731079985,0.1297353483707056,0.08156250864400069,0.08907640190668346,0.09875321584424672,0.06932298071611824,0.11831666898806674
0.06630894056675742,0.10743882376276796,0.0988681313754125,0.11544862306224675,0.08417288643512487,0.1690123248302188,0.1430187482670537,0.13769539824755914,0.07803612345285882
0.04625692032286344,0.13071107604879548,0.12538301751382364,0.11176797925125105,0.09830160520426684,0.04822390859509004,0.20456194729424623,0.0982951288560664,0.13649841691359685
0.09295079064968438,0.09841509954278976,0.10402527893618359,0.11160903103612367,0.12480949984887375,0.06078586186083243,0.16852634751231288,0.11498625716976786,0.12389183344343163
0.06573903674620842,0.12459632195087623,0.11083387756396257,0.13452025077684895,0.1098119978415666,0.10046298708505837,0.19589989435196511,0.07949550779072768,0.07864012589278609
0.12998850834933895,0.11097627277415577,0.12409906495107507,0.1327488124413997,0.09144606216128738,0.0553918630699477,0.14584520115912988,0.11266362338234322,0.09684059171132231
0.10351182419197107,0.09677344353917715,0.10129408259278132,0.1027403996455203,0.1300698718707032,0.0985302370065333,0.11338933476739639,0.1596690994687891,0.09402170691712813
0.10810973261874668,0.12114724069285522,0.11044505668148623,0.1231018578124845,0.08212586581746754,0.10016731309161576,0.137131597308436,0.09417320631877829,0.12359812965812972
0.08992321786297185,0.09254688517915138,0.10017072924612719,0.09821136373316756,0.15505802636126234,0.042966703250829075,0.11541283917899457,0.09093552705047087,0.21477470813702518
0.06952883951198813,0.11764485020423386,0.12423627220174482,0.14411612068044047,0.1136732076256181,0.14748043461043928,0.09631935137468424,0.06860231718303463,0.1183986066078165
0.24940193253578147,0.09822359220432621,0.09421850283453337,0.0936350790845915,0.05656669129646099,0.1062834186940605,0.06733318468309989,0.11670256976403681,0.11763502890310922
0.13160244814746544,0.118846497029209,0.11206851455945381,0.11422818284178542,0.07217521938878134,0.11355618442608556,0.09826283131065945,0.10002796797846464,0.13923215431809535
0.05030804570950672,0.1402260018596854,0.12103997263091222,0.1214040296186306,0.09110568898599218,0.12534169815923732,0.18397216173696707,0.05886707643316071,0.10773532486590781
0.06594145889973523,0.10277514011684341,0.13647126819985858,0.13061197538763547,0.12370579990592402,0.08931974095758205,0.10786073625645066,0.08588183007115874,0.1574320502048118
0.026888686857773115,0.10696177648234573,0.1328482644293198,0.10466224853681061,0.11102575227420047,0.046521828267736993,0.17480894625215992,0.08078392996491435,0.215498566934739
0.11150057300938472,0.10994227179498632,0.11393234953802049,0.11522218701219562,0.07261203163026217,0.13767872560260494,0.0967710023694947,0.13907345011525907,0.103267408927792
0.16138401164049057,0.1069858291919295,0.10753101469210069,0.13224296364309948,0.08527997345792082,0.08616660604746589,0.12719435885695238,0.08270210864872911,0.11051313382131152
0.07938506584636683,0.1097222500104645,0.1159090100060532,0.1030246805978493,0.07717679136360876,0.07386073788349669,0.22769382785792538,0.10959752592666096,0.1036301105075743
0.12057669642964265,0.10628794124422726,0.11243255111255694,0.11058966258946161,0.07987657686659827,0.09219323787205617,0.1298664962003908,0.13155503190452797,0.11662180578053837
0.09069043019087929,0.12496596770325726,0.11726544135020815,0.1255393375111857,0.12046163176326811,0.1207788017482307,0.08383291031061929,0.13317587464551245,0.08328960477683904
0.15661238797471785,0.10385504852334691,0.11755587481572312,0.10713332995017677,0.06940463719482724,0.06736056986955165,0.10995633361159039,0.12518609441812656,0.1429357236419396
0.1195175217841206,0.12326492096372905,0.11524999053529832,0.1315588386369668,0.09437071701677495,0.12444052523017095,0.07781036151983796,0.09410518188191008,0.11968194243119135
0.18423220951035554,0.10807081019826348,0.10154808367371225,0.08143614056700803,0.11322230299646202,0.07474850974397991,0.1176657357776212,0.12910362662246352,0.08997258091013399
0.07218855667003242,0.0994540594162752,0.10804767621013407,0.12754023351475055,0.16561781943541565,0.07305367152797576,0.15611052209581913,0.08109739402082515,0.1168900671087721
0.10031064217962675,0.11490897619783373,0.1344958680187296,0.1212276633723501,0.09235042060288988,0.14672493990639654,0.10618635442028192,0.09705886663549114,0.08673626866640034
0.18838672215830246,0.10767309018628757,0.11033665735702375,0.105612791977441,0.06745943816400905,0.10099717803966664,0.08015417876387815,0.13460140197602824,0.1047785413773632
0.08516323632764677,0.14254607160881252,0.11884297257176729,0.1323513090054443,0.11646785047902726,0.1587318467609882,0.08322514932499166,0.07728097775009213,0.08539058617122974
0.08790676119600954,0.12213843384707312,0.13280587760907006,0.12535094605119398,0.07773549223015835,0.10751644955354368,0.1629219729524696,0.09551414819840537,0.08810991836207638
0.04496342608351558,0.11209550996701723,0.10199245186880675,0.12398714571006168,0.13303439044620788,0.18067951084088107,0.07737110939324,0.09293550377266425,0.1329409519176056
0.12661042562182953,0.10480306381860881,0.09814049450962935,0.1315082399205094,0.10874165792120531,0.09990265260597227,0.0836109348095395,0.11670834782197827,0.1299741829707276
0.16105316345309995,0.1058224046834712,0.0964414627373229,0.09890301792388362,0.060323844485884605,0.1924163224719504,0.08128485958659791,0.11117816948400755,0.0925767551737819
0.05236004236540656,0.11059642928059049,0.10516716225186555,0.11544717006257915,0.08122987526816479,0.0932964979313289,0.2556703340121206,0.07559777442015181,0.1106347144077922
0.06892654559275442,0.11191053364223473,0.10123436194526945,0.1088066136859299,0.12716028738579607,0.06201152882489425,0.20464541097499686,0.08966458268503574,0.12564013526308856
0.05064677783142755,0.12057771028244502,0.10039415955334374,0.11320166963012679,0.09286403236488028,0.21068844380616425,0.06964456313197472,0.0861156221385847,0.15586702126105292
0.13070690243386054,0.12208765014640176,0.11015278264133277,0.11505955880704694,0.08388840623540765,0.22057358493247428,0.07371287615700059,0.0540326869216994,0.08978555172477608
0.04246499205838546,0.12559756550366666,0.12800298601830268,0.16317735458453797,0.11373711702043861,0.06405924153441606,0.14842249278120054,0.08113578706138506,0.13340246343766698
0.031232559025444053,0.11172367457438608,0.10109828211583505,0.12777359230580418,0.16427979602497592,0.08401602261589973,0.11332395408383704,0.07312081940247671,0.19343129985134122
0.2243589951964496,0.10775793441047761,0.1306400311027274,0.13367606399567614,0.04738600615810747,0.051032841371271204,0.1690881392487967,0.04576009294808519,0.09029989556840878
0.06122110581317957,0.12428017652114547,0.12371863531162246,0.10360040984853391,0.1170299817477134,0.1543244285999256,0.12373805332023335,0.09735892870295378,0.09472828013469248
0.08595217713182153,0.12313038750617877,0.10416023601735225,0.11630439888497418,0.07840049724866612,0.21640054518056404,0.10174606064763436,0.084099733238419,0.0898059641443898
0.04600160765615479,0.12326268108521381,0.09578370354219447,0.1163469889649011,0.12138489715208632,0.2186318897232508,0.1067148274468117,0.0953877507004744,0.0764856537289127
0.07642862767812043,0.1089397195975245,0.1221458383308273,0.11551665010887917,0.08133373452965352,0.14676977079552408,0.12617926545576316,0.12597319813595986,0.09671319536774792
0.07228490101250783,0.08738988462402975,0.11400550239679175,0.11375799019315909,0.146330494134953,0.08938422787322964,0.06987372148339187,0.15667487135552596,0.15029840692641114
0.14529270050276782,0.10018268104840156,0.09342503394326951,0.08896284036318079,0.06927302320200059,0.17129189657128566,0.07482723336890747,0.15902591234144847,0.09771867865873818
0.09897614076090293,0.12027612298605245,0.10937341692471074,0.11828245167311707,0.09121341586856763,0.1005199978239253,0.08561371874719943,0.12912051460812013,0.14662422060740435
0.08005949410871178,0.11593286903282794,0.11252502274899819,0.09376015843588237,0.1273576444091993,0.07317806349031418,0.17146288963673853,0.09731546096761434,0.1284083971697134
0.10522763913562493,0.09818417588392607,0.09450881059095904,0.13299818790566276,0.17478526690610743,0.12519447464485536,0.07918199764780529,0.0670094228314722,0.1229100244535869
0.08521577250668867,0.1219656381180934,0.12616059057074092,0.135812962211314,0.1173633936586896,0.06689153500392837,0.11009103338877065,0.09005427735156114,0.1464447971902133
0.10398633513836103,0.11120941979694422,0.12565981641854015,0.12934455356063232,0.1088329525245353,0.11089374895212205,0.08535410953140092,0.07929077331855153,0.14542829075891242
0.12184102784620492,0.11718637712708276,0.11177847892627614,0.11710118755638439,0.13419996441624846,0.11301111745069016,0.08765569691002904,0.07700243127904596,0.12022371848803813
0.14268363749760585,0.1102981223605324,0.09223606988151538,0.10181911895618367,0.0979402966682973,0.2043949496527984,0.07191605046112737,0.09967650705895703,0.07903524746298257
0.22146507572818872,0.09144716321937384,0.09611394159397028,0.10187545775591705,0.057658528947748526,0.043283632366777534,0.12384771535718754,0.11244432734737371,0.15186415768346276
0.26482146291592273,0.09393545727773395,0.10021583624172536,0.09943148824171487,0.06762526476128361,0.07276469335897219,0.11089075170554256,0.08965818717513115,0.10065685832197357
0.09495883582396548,0.11059235876722777,0.12538305471303549,0.1197071327932855,0.13149740982125688,0.08019715856944845,0.06092156476515156,0.08243414176533166,0.1943083429812973
0.14258726489617832,0.1017605811063478,0.10289570048042733,0.11153779070191212,0.09135729874821225,0.11832651023962663,0.07675683160170853,0.15113312313587124,0.1036448990897159
0.23089355781685694,0.09812253418734575,0.08977677761123004,0.0936593839876026,0.05685049489078109,0.1549068414690851,0.07713669864697568,0.12682344015789873,0.07183027123222403
0.1646083077884898,0.10275468972376724,0.14382576269815986,0.1144895071193341,0.07968920925555865,0.10142888309136454,0.0801746911248083,0.07966917397804348,0.13335977522047401
0.13681253302260132,0.10349332594537532,0.10620928633181836,0.11691568592355744,0.13775035058050414,0.16498556229344385,0.07382270175672413,0.08785126815860374,0.07215928598737166
0.11593112941206558,0.09983310343278817,0.10757232135487453,0.10016672999819358,0.13562304743650697,0.08587272497385018,0.06822998185483269,0.15637454885587823,0.13039641268101007
0.11410406849261072,0.13039308245516704,0.13154788858259556,0.15009032962349156,0.06141257072605777,0.10585887576536261,0.11960477091774546,0.07227361975331564,0.11471479368365363
0.0404296782934434,0.10932343887361512,0.10984462253373856,0.1675700838789513,0.11033780471147936,0.14459344940279717,0.14586500751874382,0.0880329651937728,0.0840029495934586
0.1362153238679572,0.10652645371290052,0.10745529962107252,0.11033967868118001,0.12135031772496059,0.07969672643869656,0.1637557134316614,0.10024676129450423,0.07441372522706695
0.08541860272131978,0.11484518302768863,0.11207888062608373,0.11502218333084406,0.08872767827004835,0.13859733608556143,0.09279239525694362,0.10498377421444237,0.14753396646706798
0.039081649159314204,0.1010405151909231,0.11250337914578436,0.12278698455689108,0.09731506404809702,0.23556189930066673,0.0678568974137126,0.08379731070908637,0.14005630047552453
0.0404216828181053,0.10874482592617778,0.12301935778436664,0.11642699668326702,0.16662589277798956,0.09558897872218541,0.10669216956278403,0.10607489537096797,0.13640520035415626
0.09854777327838073,0.1289241867801523,0.10925615616195967,0.12204422017470172,0.11132648628123977,0.08202565795847971,0.12968150344993082,0.11566325822302109,0.1025307576921341
0.044767042084488805,0.09845087066046852,0.10910308597248101,0.13705704406039962,0.07593905917989734,0.2728297777508641,0.10435785484551136,0.06773433015987981,0.08976093528600948
0.13426906748001788,0.09650466384631722,0.09478772819552576,0.08848067659135157,0.05665100816845534,0.20714835778409038,0.07073654646774223,0.15622694425746195,0.09519500720903779
0.042333853695917356,0.12016798299880177,0.11973076792896714,0.10958995535292193,0.09483229898985084,0.1861087827859479,0.11346788967629244,0.09023443654353215,0.12353403202776853
0.12452605126473404,0.11942670406984739,0.11163379786663148,0.11262816627156125,0.08406668000764683,0.11967337496732706,0.13901112829770165,0.08511574256670947,0.10391835468784077
0.08242664535676757,0.12046120908495943,0.1345154183072791,0.14034639607119456,0.09325142476858655,0.10161448515311254,0.10427247602441507,0.06871022668624016,0.15440171854744514
0.12044015558626271,0.09625553852814402,0.09281786931821993,0.09864058400084301,0.1402509760711096,0.16248997350012773,0.08853445890230416,0.11584243493369373,0.08472800915929517
0.24706736484795122,0.1072942523927914,0.11543702321747228,0.10763719069920409,0.057874734639349217,0.04631981407597351,0.1074981235920597,0.09656311739734062,0.114308379137858
0.05196607498531647,0.10221347588419528,0.11032448764575241,0.10475402422438,0.20861914118789868,0.045572407960309154,0.1242681509847382,0.12474524242230463,0.12753699470510518
0.16181509764591917,0.12899713750309635,0.10703360784835426,0.10905720739721776,0.074559058155529,0.1247421191812607,0.09136940591393994,0.09316627500294401,0.1092600913517388
0.06042786603621655,0.1205557793317248,0.10905286069823605,0.16335669091902721,0.1293406534376712,0.04999869152799271,0.16379726326538024,0.06912276882297705,0.1343474259607741
0.09005166504985067,0.10208606991825224,0.11808121208004752,0.11708608671046773,0.08659826798166347,0.09850650113095538,0.08610017681708242,0.12068764507936035,0.18080237523232015
0.1645444971977609,0.09725350986670672,0.09515098816879548,0.11017347956431518,0.0763200714963782,0.22254849538815166,0.06950759674609723,0.08251410985245301,0.08198725171934158
0.0735619720772669,0.11111361986346797,0.10352635095905864,0.1277284868733998,0.0982277017455459,0.06829974734261009,0.11930579789093654,0.11809641514603463,0.18013990810167949
0.04572195610396437,0.10598135146561656,0.13812727182596343,0.15219054143170005,0.17184462008554893,0.058174409862618855,0.08183807131665415,0.09588244280736267,0.1502393351005709
0.08242664535676757,0.12046120908495943,0.1345154183072791,0.14034639607119456,0.09325142476858655,0.10161448515311254,0.10427247602441507,0.06871022668624016,0.15440171854744514
0.09939874490724736,0.10116262011592018,0.10567579276858956,0.09416156895980525,0.07875846517131727,0.1477615855985468,0.10296750581088489,0.16084530486686763,0.10926841180082109
0.03763157780470812,0.1266188203072237,0.12179764543550851,0.14890332460079006,0.0999025705599461,0.12365295456447788,0.10858124078206823,0.08765480809642656,0.14525705784885087
0.05167010949040877,0.11540139976972381,0.103751492091315,0.12512936327136662,0.15421406820809222,0.16563686889415638,0.10448652712762663,0.08686469407911744,0.09284547706819317
0.0777498728476874,0.11890976989954603,0.11734706255127857,0.10774790894239006,0.1396878004189108,0.07128219287824038,0.10868135003651773,0.12375786436814595,0.1348361780572831
0.09650205003888919,0.13394644028205802,0.12779115824104223,0.10538989147653882,0.13087779172312175,0.07846097867941464,0.09170881595063968,0.1152436723227402,0.12007920128555545
0.05948968482547806,0.13846871292878274,0.11145957883814928,0.1346345867755929,0.09861460047156556,0.10392646944663798,0.1420965481441838,0.0804229383631234,0.1308868802064863
0.08449369532465735,0.11136030838860983,0.1150815771977171,0.1168807660090264,0.10436558310603788,0.09569494595968038,0.12758491146250037,0.12210926400304116,0.12242894854872964
0.12990212775506407,0.10645170122170866,0.11047306267846581,0.11420499941847145,0.07403023149056674,0.13196546371724846,0.08831293297737458,0.14877153113559827,0.09588794960550195
0.09609904882834637,0.09626211021705577,0.10462976644947512,0.1032727222393162,0.07048970198112207,0.24471973613330666,0.062120329009410134,0.1261467257779739,0.09625985936399367
0.027687383985337415,0.10050473825893706,0.1172346624994345,0.13593560090708842,0.15093488501011457,0.13604395367403158,0.11319485812446752,0.08849329276826477,0.1299706247723242
0.15219727434999916,0.12335237443124425,0.10040284660814576,0.11712165620289716,0.09024306006021554,0.14914834029266003,0.09230828097564812,0.08839851056044827,0.08682765651874169
0.09587842592655309,0.09443772483536088,0.11892997119352422,0.09529464099971342,0.12213075264464797,0.027234201868297708,0.1141244230673752,0.09076992977553194,0.2411999296889955
0.07988331981504239,0.12881968860756107,0.11887399586829987,0.11960197958066078,0.08824191060390583,0.08153221764333678,0.09523160486253307,0.09302672338856881,0.19478855963009145
0.0700931672033026,0.13776977308544655,0.11042118849526435,0.10259061795317252,0.08492273037900033,0.11950743494711376,0.18566473382146373,0.08886904215975254,0.10016131195548376
0.09348856696765225,0.1247712648784315,0.11922263931819344,0.13024936265994957,0.12083777437434977,0.08479326880291134,0.1350314970833091,0.09931163042173989,0.09229399549346318
0.06746705692441105,0.12353647568652233,0.11793873976854598,0.1484596809589743,0.12802762413314975,0.0911810263294285,0.1053577862211262,0.10194379457849968,0.11608781539934233
0.049946699404569306,0.10901883416379342,0.1287902892166727,0.13311446049806783,0.06816079339388159,0.15360242569162896,0.12219008950864581,0.1071030819380943,0.1280733261846461
0.14130997965749528,0.10778300552938867,0.09766146455186199,0.0969940097292875,0.07016547757093734,0.13855899405272307,0.12071726626100193,0.1571877471369055,0.0696220555103987
0.09365363506081643,0.11085353697416185,0.10978132963017889,0.12277603062851293,0.10857498161265493,0.15077241059029922,0.0760535887639665,0.09289334616291771,0.1346411405764915
0.10587126939159279,0.11792777155348057,0.11666525051329436,0.11179764980171915,0.09199319688087383,0.12333413102959323,0.0975078637775147,0.11776348079590503,0.11713938625602631
