0.11965199029104868,0.056148358840167306,0.13200017337285316,0.10974086619461787,0.12977095219541326,0.11425477358765397,0.10060271156684948,0.13282279277928224,0.10500738117211406
0.09376101447466723,0.2667461014147825,0.09623209003451162,0.09902504562822291,0.06308854590721762,0.07515599615970196,0.11477660366267495,0.11461239651637965,0.07660220620184156
0.11705947285284513,0.11696441840090077,0.12741536586260527,0.10735473231501459,0.10792417849021212,0.09358875490747358,0.08123836466159624,0.14649069477170054,0.10196401773765179
0.12454680557872948,0.07405683082431458,0.09260574985234682,0.12132265354354188,0.10139006651872133,0.10015145725221038,0.129538977217862,0.13620563694449314,0.1201818222677804
0.1257462781760526,0.07825053900181554,0.10595197227503822,0.12114619260008912,0.11635813597314267,0.14438252888989578,0.08978495469472525,0.08433142741397004,0.13404797097527085
0.11379888545557043,0.07821510778046338,0.09188241372988777,0.11467930561835776,0.0955311784260023,0.11445466887947527,0.14564765728634455,0.15092301149873233,0.09486777132516616
0.09942187452493494,0.07660686599469922,0.12833959515274487,0.11050223101656065,0.08434918517595529,0.09561889062541375,0.1399786368405399,0.18196342518250508,0.08321929548664629
0.10753922259034498,0.05774887007628979,0.12653242817490523,0.11510683269388593,0.08972611405217963,0.10377505038945894,0.22163944145415426,0.08142844199094605,0.09650359857783512
0.13248960469907614,0.07029888015176183,0.08568706378159147,0.12459375070286975,0.11438680712980613,0.13745610409023004,0.10103949416393844,0.11159619841789248,0.12245209686283365
0.12108723820284335,0.06888961177870025,0.10196439829782804,0.11471992478176003,0.1403662697311401,0.1205107231895534,0.11387743954965406,0.10704345272531919,0.1115409417432016
0.11511453273203005,0.09239302623802657,0.10141755784373248,0.10503237771997041,0.15506455642086756,0.10202963261087254,0.10752182232346603,0.10997208053713518,0.11145441357389912
0.10959909541558512,0.08277312661102204,0.09147095126479104,0.11584541482689165,0.12568270018116925,0.10692029721854039,0.12993952684700436,0.1335357553681034,0.10423313226689278
0.13238319904083995,0.12837143052034253,0.0662807504675642,0.10477558756531173,0.10166940456662692,0.10865082805107296,0.11673746747005087,0.10667165895445269,0.13445967336373812
0.1228231249831336,0.17400842482404702,0.06999986470702553,0.11643895183946425,0.11770192481227308,0.10673037278770814,0.09772376059774938,0.08185793538117514,0.11271564006742384
0.10266797663143501,0.13359123941997356,0.0838099713390578,0.10770914720224482,0.12265902723447054,0.09744104508269998,0.170606604108819,0.07565121362849903,0.10586377535280035
0.11762909019208123,0.06830689282741452,0.11229049970941181,0.11826643796950838,0.13202402464065244,0.12137136087644163,0.11459374277705069,0.1090701097936776,0.10644784121376173
0.12061846395534559,0.07175735577584753,0.09692372991603365,0.11256069061591557,0.11837022476167652,0.10945675763637458,0.08408419497402582,0.17453062576569087,0.11169795659908995
0.14777323540408632,0.05073424365159992,0.1077486363180753,0.11248529004708636,0.10892802413221832,0.10830043472874736,0.09866363115859637,0.12209219080434695,0.1432743137552431
0.11342544604396258,0.11120501725628089,0.07422285200391494,0.11162688622993196,0.10589816626728099,0.16007188100253272,0.09222171454430735,0.09872891696083948,0.13259911969094904
0.12408117804098258,0.08852159937715635,0.08801201332559884,0.12532320924283677,0.12532840376175933,0.1174346350111612,0.1540831968109769,0.0734013144694504,0.10381444996007773
0.10256261107653658,0.19104477650889584,0.07716690565006662,0.12034878529890826,0.11362293227192671,0.09772411484191286,0.1542643099956472,0.05577552485968956,0.08749003949641647
0.11995688624928229,0.08877929279493589,0.12972806076495202,0.11632679547907306,0.12184264225131348,0.11387045819033577,0.09301979381838249,0.10452697249093457,0.11194909796079044
0.10511556450471123,0.13514822692975806,0.09924848279764943,0.12071453071474869,0.11032908300892856,0.10467828716293047,0.14711650475199978,0.06903854419423718,0.10861077593503661
0.11578774289702366,0.05555452842160119,0.08946985221521807,0.1022297088468593,0.1015818468774954,0.12325878171119303,0.10534124351291262,0.16629391547555153,0.14048238004214522
0.09469597041797928,0.11285269940684561,0.094856804678756,0.10081325123663944,0.11317009608247482,0.10271333726202447,0.12974796646916073,0.12925464212563012,0.12189523232048949
0.11155193108153548,0.07767097220894616,0.10060876581567973,0.12560247156111304,0.11887846754390163,0.12465341437217152,0.1306703150104335,0.09713836713945857,0.11322529526676041
0.1293518297740441,0.0708747979746152,0.11301290567239296,0.11819436141884947,0.10719418525904967,0.11608316714590734,0.13243647787743118,0.0948389042363999,0.11801337064131012
0.1039341664075264,0.07065991274206966,0.13379523395680018,0.10893073788652456,0.11662316517082938,0.11102975570072042,0.15896349732341056,0.11153570720287287,0.08452782360924598
0.10171626971018964,0.0921673759180202,0.14411621767960955,0.10824924532999518,0.10835352474058862,0.13309000438683313,0.07387549414486226,0.1540163826557259,0.08441548543417547
0.10882356829678534,0.1166872636733176,0.12542631831116857,0.11104269233696672,0.12692733473595866,0.10270342461150415,0.10525656449623862,0.10090955287378388,0.10222328066427643
0.11579853289330683,0.09402162564323978,0.09842716280353321,0.11577620691604223,0.11317839934088196,0.10519562960794444,0.1332164686845847,0.10243432164316679,0.12195165246729998
0.12189069109895057,0.06604345523977975,0.08771878898234703,0.13098143440043628,0.10230755059747763,0.10978281945313861,0.10104175491493388,0.15878262089050002,0.12145088442243623
0.10756388905027937,0.12230444910042981,0.08316435654037242,0.10541921122494853,0.12177669964923253,0.10505619360177504,0.1101878530069219,0.13833193759330822,0.1061954102327322
0.12301059340763455,0.07895873905170471,0.11461815453044598,0.1090373689465532,0.12524722910933503,0.1451269087564738,0.08739400526748738,0.10930500671070927,0.10730199421965603
0.13004752877481932,0.09166023236556146,0.10387410125988883,0.11360114832271877,0.10721886909160783,0.11435699623118883,0.12167149156056249,0.09054345729205365,0.12702617510159883
0.11492113679471123,0.07879229662964919,0.09827490494770046,0.11348010170686935,0.09482923316090482,0.10242384148351363,0.1312604961212541,0.14416436108709238,0.12185362806830487
0.10464891327390112,0.09328003218477782,0.08207139753172239,0.11209622439906837,0.13279775085101023,0.12712491708823942,0.12280841805537059,0.1160010591228003,0.10917128749310971
0.13727655246055573,0.11948382709926926,0.07471554281797803,0.11788912576007148,0.11478791947265882,0.10249033033962786,0.13311775138660384,0.09691618499768474,0.10332276566555032
0.10227697694605815,0.09505888701992878,0.09091303208972384,0.1065027329844993,0.11686939280189441,0.11655040830262348,0.13083691252036314,0.10557906786140837,0.13541258947350054
0.12828392770519967,0.08203652849743553,0.11549669589793626,0.11236599039843446,0.11618662678597215,0.09846663249059141,0.10751116396857753,0.11285141924170243,0.12680101501415048
0.1139066582032003,0.10360736107288988,0.1049531969393811,0.11515980197178355,0.11278206074246999,0.11337537526469182,0.1107459828481856,0.11219806657907427,0.11327149637832355
0.10526778806964311,0.07491334360770378,0.12135986808712039,0.1088478932086735,0.10105330505762222,0.11976800975997777,0.15265401790282096,0.12731807179056914,0.08881770251586901
0.12749073100038144,0.10145409739277868,0.09615725499009585,0.10994272315893461,0.11910710179644664,0.1042406863058463,0.09926509542184421,0.11142052431314248,0.13092178562052978
0.09482949311688443,0.1703522686717586,0.08271104562624014,0.10164090811661564,0.13362377088038688,0.11819436245439062,0.09446740447879722,0.0919644998595266,0.11221624679539989
0.11602244407367988,0.0581968213961121,0.09476828450171604,0.1065024711920353,0.10964822864536962,0.12014092280260563,0.10554608856910241,0.14470337227664068,0.14447136654273837
0.12338438849748516,0.07198076015038103,0.08635317786125658,0.11341866646365621,0.13262640757475583,0.12466710965979659,0.11968378302692283,0.10898918643343863,0.11889652033230713
0.1288296916973687,0.11422438189618674,0.0965635852296249,0.11705159287060235,0.11712047254844378,0.11316273865957775,0.09755650815387377,0.10861579903436036,0.10687522990996155
0.14252084204173326,0.1023509538773748,0.08266611332065744,0.1153367981738619,0.11676585065587071,0.10677221498225149,0.07731298106339314,0.13095776682250512,0.12531647906235213
0.10856219633388291,0.11633089141040616,0.10149783880755588,0.10392263826318121,0.12351167361047327,0.09517093761272455,0.1351504915130903,0.1088000707942131,0.1070532616544726
0.11021623589708274,0.13815291717055636,0.11199205871300529,0.09393154787382713,0.08430256013308075,0.08700655249464657,0.10268219302533192,0.17812255698414614,0.09359337770832311
0.1143882683457063,0.11768909428476364,0.10302709940213968,0.11608433698893568,0.08504526196565813,0.14729020627012462,0.10091472753990298,0.11274220358017656,0.10281880162259238
0.1117882517262951,0.07198530019531409,0.0963076629408794,0.11696787716527074,0.11172850619240454,0.11306285131362304,0.11874136078474262,0.1457227945066301,0.11369539517484033
0.12070328464591844,0.11065308128173772,0.11449428484420189,0.11882043709186436,0.11162654884152627,0.09656547341791022,0.1091745713506163,0.1154009499875077,0.10256136853871715
0.1254854774667171,0.09522887003123108,0.08583146563685583,0.11361693198233563,0.105033116822415,0.11098866849240159,0.12388763989628478,0.11032413606615409,0.12960369360560486
0.11464783734561583,0.10259962020680691,0.09423699568685766,0.12153382831381554,0.11377533601020116,0.11523404564888061,0.12194703835331482,0.09466073713835678,0.12136456129615086
0.12458439488732793,0.0821239193355517,0.14270215383563534,0.11941727493470038,0.09923097980289282,0.09280725659278931,0.12062636427113417,0.1193650862631802,0.09914257007678816
0.10934329588430869,0.09314538364268794,0.10035720067197569,0.11788545766919815,0.11505588396215256,0.10799595236077357,0.12315316392558351,0.11780114088332798,0.11526252099999185
0.10343494849882019,0.14226284581507062,0.11177471280113228,0.10575814568664836,0.08573864982170525,0.08828554711981913,0.16070577080279944,0.11367516099163723,0.08836421846236742
0.11565532303774206,0.06449604117757644,0.1196469327075036,0.11451762232589664,0.12384632373773263,0.13454073736234562,0.09518100657708291,0.12468051206965618,0.10743550100446382
0.10690560311096503,0.10255500704617158,0.08104370609105635,0.11412509851676711,0.12004824498927802,0.10858324002719495,0.1627250928370294,0.08649812718253232,0.11751588019900516
0.0972615244499796,0.12337698891160481,0.0832609800385208,0.11243797896550838,0.14612232352552323,0.11428861353112553,0.11367011058477172,0.10838444001956017,0.10119703997340583
0.13086221769096965,0.08734568335629168,0.12043834955867438,0.1051675463794527,0.1047551621919891,0.11063507365978192,0.06074854611125396,0.14678394134184822,0.1332634797097384
0.11865678265943769,0.0944959574911235,0.0855657426605713,0.10548755510819545,0.12781649555490293,0.17993681153802946,0.07726310342059575,0.09888404958711143,0.11189350198003244
0.10301639084404883,0.09454866029711807,0.11581216484683898,0.11558366279952415,0.12124970205298587,0.11849341405465098,0.16356388552512413,0.07432725215399406,0.09340486742571487
0.11209686007966792,0.0910439683397636,0.08614565208988623,0.09966356570714059,0.1246271266971573,0.10586997470937981,0.1364257358775044,0.10560435472431245,0.13852276177518777
0.12047153845505228,0.08885363667796065,0.11205217441817401,0.11664078050076128,0.13149841412064908,0.11361387070953542,0.12211998835283355,0.09638444042746068,0.09836515633757303
0.11648351322435639,0.08868306389852455,0.10423165387137878,0.11533143586042716,0.11874511133740077,0.12606827472981397,0.10267447345226936,0.10430908612783792,0.12347338749799121
0.11309739701443278,0.05965131480512532,0.12582387005531667,0.10946936979950117,0.10352577835819825,0.10171461322651543,0.15206588649732378,0.13204377343361057,0.10260799680997611
0.10128364158653229,0.10750187920477228,0.09201827426966913,0.09376663758995496,0.08854598733532847,0.08591666377208124,0.2127123033136492,0.10677689244271654,0.11147772048529588
0.12545403741319924,0.06750328997432938,0.12050281272291245,0.1123243067725357,0.12427158106447313,0.12070915762331204,0.07515066700139425,0.1408023035951086,0.11328184383273517
0.12147561283319906,0.08805047186679686,0.09885068533020637,0.13211039690567425,0.13687559053665488,0.1330886655321163,0.12598221883063995,0.066709014519936,0.09685734364477626
0.12234235274497833,0.10629906247099379,0.10238075532963446,0.11213869619046501,0.1303229512119382,0.13223838531242701,0.11073485156215723,0.0744941431859973,0.10904880199140869
0.13934217868372695,0.06065072339562971,0.10049186521097268,0.10622523445412968,0.1309448102928538,0.11071661541557654,0.10846817129955565,0.11254945598442978,0.13061094526312528
0.10852173880261744,0.09956399335478679,0.10664338717031889,0.10195047927558883,0.12921619440943466,0.09267852828228733,0.13307438118429654,0.1393234560395233,0.08902784148114616
0.10110277193865502,0.13928782533067166,0.08098892351794851,0.10723038270600464,0.130071509370278,0.0920209766842525,0.14119109277904687,0.0906581354628998,0.11744838221024288
0.12120747578002244,0.0683675751737405,0.10862333517616078,0.12352334621592743,0.10973632208234967,0.13662111167624336,0.11872299685324361,0.10460925951746947,0.10858857752484281
0.1217720742549551,0.07782654605497806,0.11257710138302619,0.12593801384030937,0.1061195686958224,0.1021588914316179,0.13245103161649988,0.11665388827603651,0.10450288444675461
0.12015871905065083,0.06984944249630494,0.09787089145559442,0.12381993619640708,0.11912658390928375,0.13382230884471763,0.11601045526547327,0.09153101630421197,0.1278106464773561
0.14315830009080757,0.05247277425310465,0.10066915784509022,0.1274280903165826,0.10110571109625278,0.11611475765541916,0.08180219053442095,0.13232575703847765,0.14492326116984444
0.12446922287378272,0.09113173277002118,0.06729409049566133,0.13371833758257975,0.118843238675177,0.12440712003527644,0.10717000511828699,0.10618569168111018,0.1267805607681044
0.11409582322297612,0.10457299124852627,0.07625258474626508,0.10169539527919795,0.1310551345475909,0.1048188197600916,0.122935044192439,0.11139759357537449,0.1331766134275387
0.10458031402562262,0.14315680280852724,0.11210468133609396,0.09955712187396408,0.15143933478985933,0.09436003085144817,0.11186207539039876,0.09123526241358604,0.09170437651049983
0.1104723434564263,0.17020446538640568,0.07977629886739314,0.11292476625569992,0.09913752443036294,0.09749107222342103,0.1387582336668195,0.09088686166350123,0.10034843404997035
0.11115865378285301,0.11135121607771932,0.11468830334468712,0.11331946267224069,0.08953952671419631,0.09696260020658269,0.14618487256484822,0.10056965958622562,0.11622570505064696
0.11597618441495643,0.17108565346372082,0.10488573917972564,0.1058239103423998,0.10384469492323194,0.09944041712153724,0.08431151915595285,0.10283798616671364,0.11179389523176168
0.11755786348598761,0.09020278218338434,0.09641201999445387,0.1280996355895193,0.11783234394538811,0.1146036102524481,0.11041975368273334,0.10097439362062705,0.1238975972454582
0.10999598156521861,0.06910783257140851,0.09177068443437035,0.12072414586778557,0.12412001736556356,0.12485111364642283,0.16070320537715588,0.10749476856326623,0.09123225060880848
0.1309370514266578,0.06260649862902491,0.11143745329754902,0.1269391444087132,0.1129241573040366,0.13175517402693662,0.08552931139379165,0.12078776631627815,0.11708344319701207
0.11422296838614417,0.08220449497279762,0.17317972589432426,0.11167997063990702,0.100812601561999,0.0687281658714259,0.06500406970375695,0.16490691264976154,0.11926109031988352
0.1336895595254127,0.07117761354848595,0.08798399742766909,0.13291967523681333,0.11728146793926364,0.11176303499666106,0.13439675652501773,0.0894987561530247,0.12128913864765183
0.11541778815489732,0.08063787553115519,0.1064147516746906,0.1149579327249451,0.12027113895624623,0.11557961071128298,0.08639772819702818,0.14143315007318516,0.11889002397656918
0.09891505067189928,0.05453899995064956,0.09901146615700007,0.10902087006971233,0.07272722016874782,0.09285222316229137,0.2182954806819071,0.15571764176541883,0.09892104737237357
0.1078346700854015,0.07623483485769815,0.11486357803715704,0.1134225091191874,0.08592353717442047,0.09743156478098451,0.1557860867534834,0.13835775672042008,0.11014546247124746
0.10926942053076523,0.11299588674189183,0.08442919732541902,0.11266422352386862,0.12019319792782403,0.11083170251948289,0.13266252549107593,0.11497431753513922,0.10197952840453321
0.10712075031334767,0.10865156643784675,0.09838628432739975,0.10580362793005127,0.0999707403972054,0.1016255178555462,0.14406753333035408,0.12141275889252671,0.1129612205157222
0.10847173796038072,0.10580891626502888,0.11602835701495928,0.10037908470283881,0.11649277984398687,0.12268793168264934,0.13140290187151324,0.08806510415122469,0.11066318650741824
0.129365399529104,0.06382649112707951,0.1086083831766748,0.11367996692290057,0.12066365486549029,0.10034449221004493,0.11666863074152482,0.13947572223400342,0.10736725919317769
0.11208700918508781,0.11829794785113047,0.1101327041718868,0.1134323606297528,0.10910732719604203,0.09440115431668235,0.13651349958669926,0.10472375046025062,0.10130424660246784
0.13790174040358935,0.0685978765820431,0.10411839831122666,0.13004698677686474,0.12000755138822537,0.11132030733599628,0.1144758496177578,0.09928378022578722,0.11424750935850957
0.11608556405054037,0.07470160841427462,0.11960938290796393,0.1177969335076695,0.09862001365452429,0.09137673675401926,0.18090962043723388,0.08485137992505028,0.11604876034872398
0.11430122252589318,0.05856047825852787,0.13950310395773963,0.11684393710926912,0.12391436863067064,0.09634827593082335,0.1172888259392924,0.13328171632031527,0.09995807132746852
0.10337618022605359,0.07848931724446138,0.1530919589442966,0.10863421516094902,0.09154280296925303,0.1024115633786795,0.13925617702033197,0.11379438868393589,0.10940339637203912
0.11680209872349716,0.09201305844466329,0.08947580311361307,0.12241318569231163,0.10234168967652578,0.10651553411649632,0.15289628773545175,0.09046544362197372,0.1270768988754674
0.11676264843397478,0.07665326726135069,0.12836521816591037,0.11302655748128783,0.1077453331561758,0.09692670019106064,0.13595151445456008,0.10726233677186503,0.1173064240838148
0.09900185777708637,0.05967287315288946,0.15658982049970763,0.10520850076668647,0.10386523434310228,0.12067932132046595,0.14277539021988697,0.12737799937916516,0.08482900254100974
0.10454489044684763,0.12458294966910129,0.08049096600442686,0.11137265877983239,0.11909170501137427,0.12215297151234271,0.14657530154250242,0.07182794482748339,0.119360612206089
0.10937335511508488,0.09150920103170528,0.0865888723060914,0.10683420496172118,0.10187943875914518,0.09646393241336698,0.0955196209357721,0.18162528734113292,0.13020608713598003
0.11322245191830631,0.1255784474401746,0.10666557454162401,0.11416016245543337,0.12172003357471249,0.09762982536118699,0.1210765728360238,0.11313442474554325,0.08681250712699512
0.11805186151383024,0.0639826645623925,0.0970051172969239,0.12211430576847586,0.1018843228119244,0.1575444040936774,0.09718662924743297,0.12664830952987283,0.11558238517546993
0.11394356459554796,0.05959101625188629,0.1103210810055275,0.09647213444552005,0.10335134168737915,0.09609654854619853,0.09643033235949584,0.20591054929162203,0.11788343181682258
0.10180875178401734,0.14398064937278063,0.07709247478975673,0.09851409037292724,0.10380802479057592,0.0957635843367295,0.15921421048278284,0.10519511727137137,0.11462309679905847
0.1259212786133915,0.06266204350597115,0.14287208832754542,0.1171493902044145,0.09781886685344988,0.11564285222870248,0.06917484897809888,0.1442051436226318,0.12455348766579438
