0.10032082468756974,0.027786260256076948,0.16554310906867048,0.2547979165872701,0.08100870601033146,0.024669108169805585,0.019416216930931107,0.03192572676309067,0.29453213152625396
0.09367181524733342,0.09115026933575066,0.28688749066171354,0.047777615763067056,0.30104553970422193,0.040600541895669154,0.03494341548919493,0.05557953719335237,0.048343774709696974
0.09615121261746416,0.09788932120197713,0.5516497854473786,0.03314930761082461,0.028858604076377924,0.0991445436580425,0.0439597101595223,0.02399826539701071,0.025199249831401958
0.03981805735336302,0.1353203925678789,0.036055203027905096,0.18967780659124076,0.12773131776579605,0.05054253686864049,0.14449903285269694,0.026597542997944684,0.24975810997453407
0.11020576886455082,0.0699447651503518,0.06737299717076956,0.1631607821950398,0.11994224623801669,0.20943039941474836,0.03905879202390245,0.08994914462208814,0.13093510432053238
0.09933114440551387,0.06775181146203237,0.11938238714890585,0.16469720827119513,0.24758119530622325,0.05739992049999567,0.030157206684112172,0.06294159955709804,0.15075752666492362
0.12348667392661093,0.22659318503285997,0.06903069230011004,0.06625750516215552,0.14493862280818043,0.04706631162868846,0.05710845859933016,0.05363425768071866,0.21188429286134583
0.08899438967606753,0.052127178081189406,0.18103580984261392,0.08673060603536291,0.2737659969328347,0.09709393351442396,0.04981250004637892,0.035337026349087586,0.1351025595220411
0.14215166636004148,0.06034183847586646,0.15098933455272237,0.18219302464308232,0.15525609453325098,0.04561140930052655,0.04699701397673171,0.09995952382303908,0.11650009433473903
0.15858869845783344,0.08173631865886553,0.033678238702279935,0.04553807668977503,0.05792933819560716,0.05551185003738137,0.08187246890371701,0.0707442534427113,0.41440075691182926
0.1452238348118453,0.08447598575254023,0.05324288887707035,0.3541155978969699,0.14827633641349974,0.08220652046258604,0.06601647320288968,0.03809629119962482,0.02834607138297393
0.1828326838747851,0.1183284435353597,0.16611123413717735,0.09809782110076297,0.07853017857842044,0.02053575431958423,0.05585178171070527,0.06179007695313243,0.21792202579007255
0.21961200591429578,0.0975063032869492,0.10240010521866706,0.03660818367363719,0.24580501844496064,0.05644459084278653,0.024335420611810713,0.054814673126036904,0.16247369888085603
0.1628676040630372,0.13438065692773327,0.08721709376639696,0.1149793716907757,0.16164487733235833,0.04396649128359645,0.08345830525905136,0.09726270691550006,0.11422289276155073
0.0706762183234043,0.0992535667117209,0.12136632332633278,0.06639598675585233,0.4690857121535268,0.03154995108921588,0.007743334655057336,0.07477126470261265,0.05915764228227704
0.1684947902863652,0.22177321573638273,0.09766710224338182,0.047031310194918706,0.16070325630909318,0.06895393948699434,0.11248575998053788,0.09982804613862177,0.0230625796237043
0.09218102751215707,0.09455846990811724,0.10175746566104982,0.12827835828186612,0.3468082864785152,0.03476430051899245,0.019639548125548027,0.08070889121210423,0.1013036523016498
0.08479183097314451,0.0742348618770823,0.17330385966169728,0.05603505611567733,0.4575546545634361,0.0551331527604649,0.026163015287239782,0.05236498936805198,0.020418579393205818
0.15097210768565122,0.020117028784153775,0.2054613453865574,0.14470020681350215,0.019114880107402123,0.013836096427179971,0.15683673984687696,0.026901649077393962,0.2620599458712824
0.13609643983034939,0.06382704342545499,0.18514101812807535,0.14202587294917582,0.14344648532262314,0.05412550209152087,0.04113536745518904,0.11334622377821395,0.12085604701939752
0.09155117249584675,0.1097694120705397,0.11737729280784244,0.16097187981084393,0.14479062210879742,0.09102960036773484,0.10010249047670412,0.04206829582821605,0.1423392340334748
0.33668855167751804,0.03367211455891636,0.09409145466456705,0.2358459507435844,0.12975426195138126,0.022963089569568332,0.043145853507765945,0.026332040630179538,0.07750668269651907
0.19437836714204507,0.10675810617337315,0.1561354225939243,0.08677910243182729,0.10514769893484148,0.06033451909623813,0.025042747981415463,0.0727668999374196,0.19265713570891554
0.20874421517735162,0.09297688995014157,0.16764349998396258,0.04889170359400513,0.11864723200705511,0.23169431338657667,0.04111721758448033,0.03878735727574963,0.051497571040677266
0.27585302845872617,0.07389845878214826,0.04898203047294861,0.08434203685656187,0.1160952951403252,0.026909309523657776,0.060904927268179754,0.09303390565018554,0.21998100784726682
0.09443119744613925,0.20823768594505207,0.021675911524581825,0.07188103863317914,0.054370114989566114,0.04624525551899389,0.06184482401477221,0.41916122243160725,0.022152749496108275
0.16905213058843724,0.0312995524109699,0.1109378732005878,0.026719202880229876,0.09421878720320076,0.06346876275181931,0.060550381082660455,0.045089927787627555,0.3986633820944671
0.16413156343244045,0.05570459106438099,0.07572090196767604,0.06130365586741365,0.2655382890871952,0.1968282544436727,0.04492714821196767,0.03441872326723891,0.10142687265801442
0.28952758948997,0.05983097943461596,0.10287958851174557,0.08843568803136388,0.04406629397698219,0.11453623250023591,0.11450488636051191,0.05738718707367057,0.128831554620904
0.19325281120610738,0.05363922332846399,0.051924079123653565,0.030187821363691403,0.35908020535180835,0.03067078005587226,0.06416014977756183,0.03543471452875303,0.18165021526408828
0.20704119327999027,0.1262376515857367,0.1281453311972112,0.22602773557797176,0.12262676670534345,0.017239143811160266,0.04854632320401642,0.054838596774937555,0.06929725786363237
0.03618540046869346,0.17225495496476576,0.35587691443637537,0.03146740893241847,0.1376974168368422,0.11155174348297042,0.03075018953352293,0.10384752567006073,0.020368445674350765
0.08875228552172122,0.04157650836856052,0.018387439817108147,0.22034434235268896,0.12694695253461688,0.1289891700438665,0.0597804613000525,0.15100330267500534,0.16421953738637995
0.052147346332332,0.13687213959462255,0.08052732483974963,0.18097572288424446,0.20546633792534388,0.06054506746097401,0.0562782343316758,0.010670900076836737,0.21651692655422092
0.2720153947428157,0.04445480897428713,0.12458560460647444,0.06922777479795988,0.25792316862212,0.11008683260843734,0.01937866623247145,0.06452152270108717,0.03780622671434675
0.11640622656377486,0.038576720510492525,0.04462442529920942,0.015195788345003064,0.25980215220781006,0.09357895210107571,0.37115815151250614,0.024761100199398322,0.035896483260729896
0.07893706542871094,0.06442791811196853,0.05362996815974619,0.22855195563064043,0.20412722315368878,0.026029458712705036,0.03550481397606983,0.06403950661783693,0.2447520902086334
0.0898214162955211,0.07213759768440557,0.05802449104937348,0.04142083095364838,0.40499940112256055,0.008972496859663948,0.056784303066057196,0.08546614300856824,0.18237331996020156
0.09470596648439024,0.10045388688846989,0.07270402590425183,0.18755077657538102,0.2695617868020594,0.060052718740599725,0.04866692508946099,0.05994518109676696,0.10635873241861993
0.06858252141923928,0.1598198445895563,0.0878278171710032,0.025459341951362412,0.1543698449522176,0.022306309993561712,0.08110625601439421,0.09478349087225053,0.3057445730364147
0.09339476355470029,0.05089662159169439,0.1083368189311706,0.08476509192196229,0.20308452485955106,0.1626364108219201,0.07949806322867291,0.08628971991840849,0.13109798517191987
0.09868127810674822,0.07362387550670006,0.08021589083780852,0.2672327595316312,0.1246185291943489,0.08071439288514302,0.027367165815299566,0.12655342802910893,0.12099268009321161
0.1362490517691869,0.17684018692023482,0.016571362949303392,0.10502307265985063,0.11010240259794153,0.2968473147427001,0.06286247034919323,0.031537230815465854,0.06396690719612358
0.23176794305220141,0.0674059239596385,0.3329693759051134,0.04465461788403452,0.09451732534210777,0.04720396232499569,0.04467194156385448,0.10640669353133185,0.030402216436722234
0.05247994427467958,0.07974103284216734,0.352053269550797,0.026930450630733755,0.09084266350098834,0.07440605418207548,0.04273041229210562,0.050955074751051065,0.22986109797540188
0.1244920281796269,0.08645941799164851,0.0673803381463066,0.11069588508859651,0.14969084772332766,0.05067464752098502,0.03634565687745148,0.014262129256532419,0.359999049215525
0.05709294410930199,0.3364161809236597,0.08653134249413508,0.019445122497233538,0.08044862200388359,0.2349843454583458,0.02134085870096784,0.13222344467308333,0.03151713913938917
0.08535665602472396,0.13444493633812843,0.15918945897552952,0.13392675313165645,0.031211855383896158,0.09816155067521466,0.1754375188815213,0.08378029369561964,0.09849097689370984
0.022240263556677724,0.09011881808896298,0.2940061871858381,0.06289085062550358,0.04820178511233723,0.22720329623692956,0.06242600598604542,0.0798826755039742,0.11303011770373117
0.3855935608435535,0.07508980464332886,0.05211756210401672,0.3041110569764152,0.033236535603836444,0.0315603233164215,0.04492339579555227,0.03144009038252766,0.04192767033434778
0.07971909776651814,0.06847997783385472,0.037800515946312015,0.026277221616136215,0.3240137650178001,0.09367090212773173,0.028759792968761994,0.11135103580945882,0.22992769091342624
0.1479737186798915,0.07610271227531869,0.11370886070968474,0.06776681938395908,0.4194531365749601,0.05378773754574238,0.008118183686351378,0.05259637393492689,0.06049245720916521
0.07110804975256872,0.06005225127472119,0.23637666422106407,0.11267687922814344,0.04976003940366889,0.022060888232846104,0.07286384812595197,0.1483944327415311,0.22670694701950442
0.050559943894106264,0.24882501754383105,0.12453955387647071,0.18559065474742406,0.1060041442573056,0.12571134169998066,0.0282425815897608,0.09445063172330785,0.036076130667813004
