0.08517746897301293,0.06398750070466235,0.20928662494407382,0.062559700267403,0.0642806297552954,0.10145959551858959,0.11224032198917534,0.12298679521894877,0.17802136262883872
0.058804605849751446,0.04205405764222464,0.17531503979368768,0.11490726430638006,0.07925553142818116,0.13505041536712611,0.13010175921180608,0.13117718409333087,0.13333414230751212
0.06520958414194868,0.15619729205657282,0.09479176289756279,0.10439347344611553,0.10201126530535883,0.11585064555500606,0.1527742080564886,0.13396962137191892,0.07480214716902789
0.05293994527401047,0.039306398886029235,0.14926430988638748,0.07341367332089299,0.1960007519095371,0.12510201700150117,0.1375585344113126,0.11061376844291089,0.11580060086741799
0.24834005257565264,0.037517515700400704,0.15746178562052368,0.11542078972062254,0.05798319983813863,0.10215798903509314,0.08392322630849054,0.09541457282016076,0.10178086838091731
0.0676095743446861,0.024493370669666194,0.18674465670311513,0.16282550509248286,0.12144719308514189,0.11131185006093418,0.11757104851474347,0.10623026954372812,0.10176653198550199
0.05022713542130419,0.10405688893743059,0.17531433600243815,0.1161564110775649,0.12269199046520746,0.10571702879533885,0.1110615831497813,0.13373728376952293,0.0810373423814116
0.06083903852204981,0.042154158593258696,0.4213820935135893,0.10970195390978847,0.048535134883701904,0.09616108886051639,0.062619550283689,0.08298423931281884,0.07562274212058752
0.056646797359858274,0.23836650235475446,0.0753667721482046,0.0825929080156187,0.12776927066691332,0.09249336390672724,0.1285137285446731,0.08186088395947093,0.11638977304377947
0.0909359445945016,0.08013830311337121,0.048916652188766487,0.14582546555165554,0.1347888128987462,0.11906769477502593,0.12689819358614607,0.11627942928986479,0.13714950400192225
0.10572311148312342,0.05252278901796683,0.24016265267086837,0.04201643625544784,0.12822548050063295,0.10293188378256328,0.11094159419292833,0.09834815309982765,0.11912789899664132
0.0863584726981732,0.04877914561412199,0.27210910057861293,0.058870762959191025,0.12206212935766315,0.09926985052890747,0.10656083059539063,0.11048177560358846,0.09550793206435114
0.06356629852083104,0.11831863372372976,0.14803366671526202,0.034052164450618684,0.17548390676248551,0.11798386023474945,0.13160194980722212,0.10522218020197989,0.10573733958312152
0.02419370434279286,0.04970429361805833,0.21920545028087765,0.06172046495847017,0.07145500994109996,0.10140460930917801,0.1342586336851494,0.11477491811010461,0.22328291575426898
0.06122479666206169,0.04151196065299063,0.05242792016007842,0.19754917593844531,0.21135103181711348,0.10598391768264531,0.11016552119281631,0.10156028728555296,0.11822538860829579
0.05128120744034464,0.017705394229642343,0.43810317948051547,0.09542454410601287,0.052655045769051965,0.08594047569525964,0.11294223079721737,0.06872987192811686,0.07721805055383889
0.024974960616280562,0.12065301091280356,0.3743199582387084,0.04207445982904262,0.08018314889373644,0.07966861595804722,0.09297491392591617,0.08028525093201667,0.10486568069344843
0.12183705733350907,0.041499835474666756,0.2632850336569886,0.05056285393175596,0.12463651468999555,0.12387430610268707,0.08171514746945874,0.09652798736729716,0.09606126397364113
0.051726559149988006,0.09419716668657646,0.10347726425529853,0.183980018907995,0.0840758601037939,0.12285789386281239,0.1142171783927138,0.14337998645096847,0.10208807218985338
0.06456143293893439,0.031356751630055496,0.1963715922685388,0.1659279704080957,0.1034020305364473,0.10849190286964562,0.11937825039132964,0.1178142976209476,0.09269577133600543
0.07602167105138757,0.12037232869846837,0.12556292683328335,0.1665163383034729,0.07982378158558824,0.11736283048576147,0.11260246772830351,0.1038109473520102,0.09792670796172438
0.18725155893116072,0.10925950231893215,0.171277916041101,0.024647550108832194,0.12811296642134717,0.10554750811596385,0.0955026452069316,0.11578189314437215,0.06261845971135914
0.026568510424487084,0.05947579187619634,0.11788273732072967,0.2177216613434687,0.06738504984814762,0.1182078524880724,0.12618314306309733,0.09731302730308211,0.16926222633271873
0.20094603305709438,0.04330793894963662,0.08642265014776834,0.1400107419949041,0.11353189960827537,0.10599069439778917,0.12831074717719743,0.10537526357597209,0.0761040310913625
0.0288558431977138,0.05262925479454691,0.37757135127701535,0.05079751615266203,0.10189884829781141,0.1024260702403652,0.07890369793406211,0.09391829255593527,0.112999125549888
0.0764424008754649,0.08243822184820478,0.12462914730817909,0.24223004245854643,0.06575263185489204,0.11318401108852218,0.09827441223546873,0.10776751363110149,0.08928161869962037
0.19548877160286202,0.19824339569845517,0.05276273568073128,0.045636366325613964,0.06228814603399998,0.10420752847258669,0.0742965988263208,0.09214259002015823,0.17493386733927188
0.11966888212020917,0.07933536639962376,0.14318785775393925,0.0362185934371587,0.09350095213005331,0.11472709843273454,0.1414155081404319,0.1280540028240906,0.14389173876175876
0.02537867878993627,0.03515935070023494,0.2828905656308606,0.0745005719029737,0.2006185545309105,0.10178197362176837,0.0898587019950236,0.085848046841859,0.1039635559864331
0.09168035363516865,0.21987758229232165,0.08116499161695075,0.08593731933680993,0.06022365078598285,0.09931271098609497,0.12162414836625081,0.08941928641182105,0.15075995656859936
0.11942766355257044,0.024171061273518684,0.27763542833803906,0.09579081969955172,0.07048469602507604,0.08804978224938403,0.10749544922977354,0.08754647022340756,0.12939862940867888
0.04440823033390063,0.06572196535161272,0.14498947991013025,0.1590636017908941,0.09675246226029499,0.127310790214024,0.13580784694254328,0.11395074414350785,0.11199487905309215
0.03767179186544301,0.05274906783826113,0.20757402702445424,0.11981381402615898,0.12183081546767356,0.11756939719711386,0.11310655450304728,0.12366368956242135,0.10602084251542658
0.025141850088253048,0.06575591064050314,0.19558257013161642,0.11454812033466595,0.12307821985044455,0.11243396492699866,0.13959383324732577,0.11345200199044263,0.11041352878974982
0.06444632315544656,0.1970549947705813,0.0827167623060002,0.13856641877818549,0.09408862780413839,0.11302014907796319,0.11055003728468916,0.11049568352125146,0.08906100330174428
0.11761232761121186,0.02985308598751192,0.09757594020751796,0.0719304371226363,0.16021540089781958,0.11857840498100841,0.13183349248278983,0.11527242345509554,0.15712848725440856
0.2715387670808323,0.09793630713254682,0.06092579896778371,0.045684618702080515,0.08486886802427263,0.11625951073908027,0.10659479904134916,0.10334702506866444,0.11284430524339024
0.09209854420112369,0.08734113334344003,0.050068192880380565,0.25090398033384365,0.07955070109980139,0.10971497807021946,0.12365951820358327,0.11259340018634693,0.09406955168126097
0.06166901242258704,0.04888288898090056,0.15597100100848155,0.05407293051825277,0.14335543942100343,0.11786842079855131,0.1527393080905215,0.14662304129663636,0.11881795746306549
0.02563649744996052,0.11311939386272639,0.15757893916842874,0.12103515129567159,0.15659303098911356,0.105506717920476,0.11720486296394673,0.09067100192222456,0.11265440442745196
0.09039480347193836,0.05602285727861946,0.0900973674562669,0.1542077845635952,0.0948430663554921,0.12533449563668256,0.09937612946568303,0.10202255953364563,0.18770093623807682
0.08799163840495654,0.18868680640730343,0.11548663220459103,0.045962598245776976,0.09219149203553974,0.11128541748825106,0.11278648825258915,0.09766361402676231,0.14794531293422988
0.13723871325848422,0.14992539966272556,0.10303518237599996,0.06756029846238838,0.06941633584530688,0.1137479097993798,0.09805808815494928,0.1071333912084695,0.15388468123229643
0.023617546174978302,0.14638814171540426,0.11613302152233244,0.20025071980929524,0.1046795357402901,0.1031277832275826,0.08925894274566044,0.09772331811276175,0.11882099095169481
0.0836389282732936,0.15201288864247461,0.0261896087487882,0.0626190684179381,0.1788876054937704,0.1392919414841098,0.1138503559209743,0.15504731027082397,0.08846229274782706
0.08050313264947213,0.0467424178450316,0.22044153605922068,0.1499266515148495,0.10863017932993706,0.09372506991888295,0.12199880493800323,0.08345482027235689,0.09457738747224602
0.056821299653915525,0.058018336733373504,0.10092197569965455,0.11761345932544132,0.25246812088688464,0.11306600667494054,0.11038316215888877,0.10463900679705705,0.08606863206984412
0.0634329832801452,0.19627278535597512,0.03547425683051688,0.10599613009693076,0.09258543148262062,0.11277365635030732,0.14521515855554104,0.15439949737646322,0.09385010067149985
0.2832013582232813,0.08452507540886357,0.035449486970471795,0.030287581407656184,0.09770499757639027,0.1014971578413355,0.12978760908910267,0.111349043661002,0.1261976898218967
0.03732460031332539,0.11862531666616777,0.07599232055110494,0.1204485664284859,0.12518613203063853,0.13214824780905687,0.14515563011249602,0.1156928961776761,0.1294262899110485
0.08555677707622585,0.07949251262745988,0.08078054784504139,0.12023761506238802,0.08364026546936783,0.12482413762081752,0.13422560313671486,0.12050490539835128,0.1707376357636334
0.10272775875697081,0.16199969915399332,0.027460421723860446,0.05373656541032551,0.12822729507324096,0.11299902182820432,0.12580495317918125,0.12513394588845136,0.161910338985772
0.041481001048580844,0.04049065572165663,0.1428248752542556,0.24230344666111572,0.11955286418772788,0.09795686904814856,0.07402201060374992,0.11627036349645492,0.12509791397830985
0.03260919000397487,0.02824371083757143,0.15936434570807603,0.03146653830400131,0.13683613025290123,0.14191174638782753,0.11254737138634498,0.12770856019901863,0.2293124069202839
0.18810261520341362,0.06871596073684982,0.09784809344489365,0.11972268595920237,0.07635189184657241,0.1138670824542477,0.11582651553916652,0.12662403434175998,0.09294112047389386
0.03513194133262582,0.01040153511831063,0.3124863910036229,0.09347441676157858,0.16135037424821067,0.10751229456254596,0.07093541738680169,0.1018362138626233,0.10687141572368038
0.16978021704624716,0.18518605362502374,0.028379228200342933,0.0442099258254805,0.17237551198502743,0.11830786668299609,0.1403419355051637,0.0844844822352626,0.056934778894455806
0.03952740067285265,0.19494871398846456,0.19999424919380915,0.07982685694544966,0.07282567418987741,0.09430145799069085,0.12547247715216264,0.11800813434849362,0.0750950355181995
0.049529845623212075,0.1048307163472521,0.1611299888902433,0.14428955485480774,0.05260515163844931,0.10270579325794836,0.12017001870635852,0.11806217006166286,0.1466767606200657
0.17098521371459194,0.049772447552877665,0.1943260164776596,0.09400722103805798,0.08677749236172272,0.10599992506424875,0.11078324551275208,0.09734899927090716,0.08999943900718212
0.03381654420449575,0.20945205558522897,0.19824753449546537,0.0767710617150713,0.09939273711123837,0.09476619709701216,0.11188262901949675,0.11315000780481994,0.06252123296717144
0.04139660034386033,0.15153717550762427,0.21208899695006775,0.04109009935011719,0.08249086073129118,0.10963626182249368,0.12434378411743026,0.10215239333070436,0.13526382784641103
0.04808693538232759,0.04949241249699754,0.19035250155211492,0.0673165784717356,0.12811941204298502,0.13363399812913168,0.11983357351921242,0.13886055648915288,0.12430403191634232
0.12224059194336756,0.06034537517933588,0.26079192526019684,0.12130140566204146,0.0995785522705462,0.09023971503031514,0.10611797272004618,0.08919907797712173,0.050185383957029005
0.032641963319483845,0.11337707463923057,0.3395118698881947,0.06033351700798558,0.10424521369107526,0.11085779145943157,0.09687151633675216,0.08634522376286774,0.055815829894978485
0.06479436695751323,0.05525084886596968,0.3609538178641891,0.0441246985688431,0.047644406305284014,0.09713143769011127,0.10214705630088021,0.08815046720519648,0.13980290024201292
0.1798159641120085,0.03312818180907096,0.14053425811125894,0.24628000263428854,0.06416913499290598,0.09690470537883229,0.09819098747199063,0.08878053734077253,0.05219622814887157
0.09633539157437397,0.04480478499198573,0.18988936766050055,0.0905103697184045,0.09540015192846435,0.11764204462193044,0.14266547029523374,0.13233545304305205,0.09041696616605467
0.26666512038365797,0.061416330439913035,0.14086056615752876,0.04499099848557688,0.09666380266546686,0.10003516785330722,0.11337061714819259,0.08712669335814532,0.0888707035082114
0.1756618012298219,0.0709518902410941,0.06045439522172299,0.08331153398412193,0.12253901363642168,0.10743286964829406,0.1321707475999856,0.1262197133452219,0.1212580350933159
0.1835813848697717,0.14577694357963178,0.37283599562737907,0.023206893760144235,0.028292675751099613,0.060337687825825555,0.07676926668780824,0.0578457498846491,0.05135340201369073
0.06103590389410727,0.20232793714041755,0.048408089751492446,0.2216738319051408,0.07839434184808364,0.0906252278778424,0.12652497901798385,0.09971810627270143,0.07129158229223063
0.048811284498069075,0.23770500916690077,0.127493923048268,0.07550704271546722,0.09892865697565799,0.10546612652634964,0.1180004834611269,0.10546285925291125,0.08262461435524916
0.08633454577506754,0.05359833140499856,0.14901922496294825,0.056802842327842995,0.07210256647636085,0.09646627646217339,0.12812550124083696,0.11485155558093818,0.24269915576883336
0.07538111945961407,0.0327229068426936,0.10287261347584342,0.35339707906679374,0.04947667272788651,0.09197356793034178,0.09272325116136611,0.1256071621898617,0.07584562714559902
0.14692892024921547,0.09783388918019915,0.10556272676943658,0.09208376843227178,0.08341571078166136,0.1159246030167298,0.138029569733323,0.1166764873474478,0.10354432448971507
0.049255792594906145,0.1263670309623134,0.2794545776835997,0.06486307978482096,0.09386651779154764,0.09782982788832555,0.09544618918380672,0.0926838967669662,0.10023308734371361
0.025950529728338764,0.320107329318787,0.11484390889010153,0.05419395535634256,0.08981362760866142,0.07629214731992175,0.11263596967569096,0.10819026215451459,0.09797226994764134
0.0477514535384069,0.05572368507128129,0.15232823530869488,0.18137092168070224,0.10007346671294638,0.10184280608530076,0.13510793668263316,0.11931781598179868,0.10648367893823574
0.030559498559666966,0.0630202021269949,0.4074546834486176,0.030303758108333207,0.04278125338814767,0.0958091643675882,0.08755899710278638,0.08387965474197245,0.15863278815589257
0.05099558481703925,0.2267110577236656,0.08111325493166104,0.07947683527218292,0.13356695421514925,0.0931307961949186,0.13285643220859059,0.08214404561732805,0.12000503901946465
0.0244641297367748,0.07566018423368293,0.31181498241670136,0.1488614243444043,0.0676780153682367,0.07976086124505723,0.09661042940713795,0.08132289726560563,0.11382707598239915
0.01723340997240719,0.023974875827148096,0.16579843010265174,0.153673184830476,0.25422019538357205,0.08649517542510464,0.10572974866104513,0.08393364673267006,0.10894133306492502
0.14702289058555,0.13999267221009218,0.15763259491681622,0.035463305496251825,0.08410285741654355,0.10035572398104457,0.11912081573256696,0.10838552151261426,0.10792361814852047
0.04049872614687913,0.07427960895639214,0.23216363993138064,0.10479137943103371,0.0967343999143339,0.1273308410122097,0.128657032807716,0.12941794997598347,0.06612642182407132
0.05360654316073681,0.24224271864894698,0.24169993123927158,0.041657149037277415,0.06659777434256288,0.09154517087716058,0.10801130797771546,0.08754692551879147,0.06709247919753684
0.20540809654726963,0.021882017313052365,0.09629901691795567,0.20443270439473735,0.08683475258995371,0.09650059555518643,0.10824059009066112,0.07745384420804725,0.10294838238313653
0.03371348195964241,0.13223970718767833,0.16602093001553922,0.1340507265192721,0.08623422848056685,0.10546679668385583,0.11338656062622976,0.07944036431948355,0.14944720420773194
0.047904193866516585,0.018763225601107353,0.26927698617743395,0.11185259139570387,0.09726091981716456,0.10916859092200171,0.10381136936019093,0.11681991114072644,0.12514221171915463
0.04724682325486105,0.09687809537942281,0.21117048929584406,0.06368181359824587,0.11036432872170292,0.12478308081237428,0.12908616766649103,0.11521448380741295,0.10157471746364499
0.062258853069904606,0.05511477654210541,0.20340602527823778,0.05998647224165073,0.15209108945545166,0.13753262708113992,0.13340197044475852,0.10092690585347336,0.09528128003327807
0.08821958518460075,0.047979499652533585,0.17557840153690807,0.06114192542485799,0.06446734827410024,0.12101676788995223,0.16726845083671624,0.13181692059823286,0.142511100602098
0.10105933144570922,0.051057863138281624,0.2944690577227798,0.08074985374945906,0.07140530687517255,0.10019234590540026,0.10687379131742343,0.12067343825387283,0.07351901159190118
0.07963261394816666,0.12925493694454948,0.0882775017698414,0.0455231679865303,0.0995452289833197,0.11455092006264189,0.14168960824407797,0.1254259503163776,0.17610007174449502
0.16747435348245773,0.03045774066660208,0.08480042358739931,0.2563510140949825,0.10311672943088884,0.09939294716032765,0.10098819540595143,0.09917842438871043,0.058240171782679984
0.10395396399402405,0.09913472222775983,0.25179096021739916,0.03499967795563679,0.07519176574667989,0.12035379525643043,0.12023375028149641,0.10877396890502432,0.08556739541554896
0.06788099077200208,0.04896237603873369,0.23694337365367388,0.058068568868901015,0.15339133201867022,0.1230671329043785,0.08940862939613758,0.10324345176867918,0.11903414457882383
0.03916059999961859,0.04023056724233567,0.22483044405790653,0.14059678268882522,0.15058049440307816,0.10815129783626849,0.09241154194874328,0.1095464255298816,0.09449184629334245
0.05743446318953011,0.19544931594267104,0.05440344289208691,0.049209557094135194,0.09438144805456279,0.11222821729268606,0.1440612148120416,0.10934747240336713,0.1834848683189192
0.03768675869872309,0.25130781513097666,0.10359972045193828,0.14729657795333337,0.0458634998565454,0.0955558685477964,0.10024639026233338,0.12620626850369354,0.09223710059465995
0.11301241056808582,0.058552681295743335,0.1475846369185773,0.060693853414932115,0.12781868980839015,0.11169571298768692,0.1356998192571491,0.10654335799393233,0.13839883775550302
0.3437103551183955,0.028547774102496568,0.1554378422603477,0.0772806576715001,0.06309879345046708,0.09175290668580412,0.09543707493425219,0.07451558264864461,0.07021901312809221
0.06586946217114709,0.15274532346022088,0.18230937309925074,0.05706083183823451,0.06523393640578377,0.10578554839566967,0.10252349627985678,0.12636722816584292,0.14210480018399363
0.061055586622292456,0.057770469368528234,0.04926011123039948,0.19409406553926312,0.173742078407536,0.11563224002277335,0.11424181792922565,0.10990881150297527,0.12429481937700641
0.06419485950789515,0.09256918242982061,0.08631920490685087,0.13994051578063335,0.14322687601978532,0.11414446697011231,0.1490130244210965,0.1334789015644756,0.0771129683993303
0.02444896716626561,0.459063716897034,0.06622555795475343,0.04644154859949919,0.06884656314572744,0.08184579688410244,0.08525160333324759,0.09722960979902721,0.07064663622034308
0.07789880040990081,0.09325993789225574,0.09503573512644455,0.127350057270091,0.0716728715619014,0.14027359280699706,0.13608232932049044,0.1581875448340906,0.10023913077782841
0.23535959338040593,0.07925231760199784,0.16931952220789723,0.10375400906023029,0.053657932708109486,0.08772409196990198,0.0950555568167726,0.08754264847866496,0.08833432777601981
0.0331406826633597,0.033370240737527736,0.3706846440379746,0.05564371524525683,0.06102941620282534,0.07915459794265585,0.1346116809956127,0.08234406432993033,0.15002095784485703
0.02345550066584288,0.11818229546760718,0.23996384366584148,0.10251937259268053,0.10799933430333021,0.1061553903909082,0.10490488675727501,0.08794489196175527,0.1088744841947592
0.041175069903701254,0.052387208795426764,0.1460277431976579,0.15393738356427125,0.10029829286521663,0.11350702618802848,0.14490877340977704,0.12301610334503273,0.124742398730888
0.18164642088215419,0.05587452130193671,0.09354039980937745,0.255508676061249,0.059429365995448596,0.08879223393834168,0.09820849786435555,0.08271232696078863,0.08428755718634824
0.1706814528448876,0.044852115463896856,0.2087800986577988,0.05087594635397735,0.07374549009982921,0.1033879596835245,0.11621409428926588,0.1323385360541921,0.09912430655262772
0.16774661540742541,0.13507456630319703,0.14602015594880782,0.029734121807160816,0.07284829647748574,0.09914965496572808,0.12998213904693673,0.10979532785675172,0.10964912218650673
0.16427307244319664,0.07398398850629147,0.13787979217312077,0.0749440900110879,0.09972206773864896,0.116202087282452,0.10382321581603077,0.1321564058856558,0.09701528014351568
0.04968866261667083,0.06362567416637802,0.23777728681454002,0.11599396527661232,0.07637503114325318,0.1077299151311492,0.09943608892385097,0.10367770985836816,0.1456956660691774
0.05441710017397139,0.07485112118865488,0.05337653712501287,0.2070824121432113,0.12002030849222496,0.106353556049837,0.1252997636352982,0.1190199345054782,0.1395792666863112
0.3187680633602465,0.14454138860697463,0.038532708053665723,0.054514624020434825,0.05664575954053743,0.09454023886369817,0.1039286814365958,0.07880701848786652,0.10972151762998049
0.08342869426073073,0.06879909175177802,0.2548837577576023,0.09015591683854056,0.07866610389183885,0.11191128834061655,0.1292590936653926,0.10218852944416185,0.08070752404933859
0.0531894486201245,0.21926722038899485,0.11636178706135125,0.10745429338522788,0.11431781272242851,0.09405289552095432,0.11201183411670702,0.10500916187102732,0.07833554631318439
0.027855061784100993,0.03174448782264853,0.29898080489840756,0.04186397886625906,0.1169040464058938,0.12589011837029826,0.10510553617457359,0.09886336686777562,0.1527925988100425
0.0771525641102142,0.07964023965235287,0.15456319802225915,0.12291283217029532,0.07816137209204312,0.10536273233190535,0.15045615221260425,0.11870859888252128,0.11304231052580449
0.06356315495183101,0.17034855649480463,0.07001439523239683,0.15686900917037802,0.12076050348155899,0.11022406518553195,0.09777759239728227,0.10506334370057085,0.10537937938564547
0.04843434143504572,0.08588126593376426,0.455330833552372,0.0800796005652581,0.0440015917442628,0.07911435142388791,0.08615016174098232,0.06977659352383013,0.05123126008059672
0.04251701567033522,0.04964161045819369,0.0656104689839253,0.1902270661870569,0.16046236965901342,0.11139682366978676,0.11051389294312697,0.12089260842342076,0.14873814400514104
0.08527749531142237,0.1608877756102047,0.1035356399915451,0.061678752787019224,0.10247183584161988,0.11404098465758021,0.13558453692303377,0.12845002869515376,0.10807295018242107
0.09255819180182862,0.0668462606853377,0.18437874014205777,0.03346883807873151,0.13482655584457465,0.1080688504017129,0.12061929919733226,0.10256783522961344,0.15666542861881108
0.05239676161666879,0.03695831377580409,0.3880670543736689,0.06422822797796886,0.06877147252982911,0.09315156762127058,0.10364185246665726,0.09625265175880666,0.09653209787932575
0.160115669049425,0.12031010646065832,0.1622367288672041,0.09454376513168138,0.06285263151885988,0.10720548754509919,0.10254446178875519,0.09825429133920231,0.09193685829911462
0.0609150645222822,0.013368931228686641,0.3031188116752779,0.21521363517409972,0.09309085673110735,0.08523942501395489,0.08779036847131338,0.07903392110267925,0.06222898608059865
0.052614064711116126,0.032344356714373516,0.41665246733833095,0.10992128710041593,0.05166507358581368,0.08282905746789258,0.10259302805009773,0.08954397280461641,0.06183669222734303
0.08978924431273959,0.1036018749128061,0.10705801325311459,0.05134744579416705,0.10550614515217538,0.1268635232045477,0.1531118481024133,0.13359370228973833,0.12912820297829794
0.07051544660357316,0.06805018248117274,0.36268661648709627,0.056403381676055304,0.049108462424153614,0.08395569468652901,0.11494541925554796,0.10544721015201586,0.08888758623385602
0.07196810044779507,0.0564021377790686,0.20789515310503437,0.1199849021839568,0.11314380734621647,0.11068303672024538,0.09944596598777772,0.10667707913150692,0.11379981729839866
0.18466699092220287,0.01895948103492657,0.06079460200619746,0.11468820109050067,0.1222300610507031,0.12713802433859653,0.10205657520077445,0.11333081586211535,0.156135248493983
0.07874882516068271,0.1442243579327559,0.04341497607848103,0.14264525181263918,0.12202987186957097,0.11045063009274281,0.11462295054561585,0.10033637791700135,0.1435267585905102
0.049500277307028044,0.10484733666961334,0.16120826949776057,0.14434330402023368,0.05257872830532092,0.10268001036951808,0.12013266383407245,0.1180237860882607,0.14668562390819226
0.12615295061592546,0.017343718780163803,0.05936796459612892,0.3910100670472369,0.07355516963733959,0.09053879610971051,0.10708221268722651,0.07684951758891256,0.05809960293735574
0.08760017601969551,0.13696942030855422,0.13183965308962323,0.1372240676938621,0.07092901331152571,0.10262971488976823,0.11404392841250306,0.10582337337732857,0.11294065289713943
0.0801816525037181,0.060372490009511885,0.334308040010703,0.06099889281234081,0.11180051284732558,0.1017174252498632,0.1105967198381797,0.09455520992217893,0.04546905680617882
0.06308343493406335,0.2345438328006416,0.1621665559594783,0.04605287699081973,0.06537111329804025,0.11431482729843856,0.09263901849881544,0.10645956489075603,0.11536877532894681
0.03121505631190231,0.0734111052809767,0.07999399681510382,0.12722617821644835,0.14831143635235758,0.11808061209332199,0.11527022992162439,0.11063347048207772,0.19585791452618717
0.08120720094861056,0.04037475623092018,0.2478852643987238,0.21756897884742235,0.06549480871625031,0.09365737258366987,0.1070894755363761,0.09735714011752412,0.04936500262050264
0.08670401129908878,0.03891389093037944,0.1408622705415064,0.09119144122917937,0.05217287232910676,0.1047621210360203,0.1269507006523469,0.10018405936986614,0.25825863261250587
0.032040395444670335,0.03298272795004776,0.27619124866656647,0.15767966858076224,0.11474548113461948,0.08898081656280005,0.1021992922048544,0.08024458392266563,0.11493578553301365
0.030042667709603992,0.050236640666762776,0.4189398177563081,0.04364267013708461,0.0362740485846384,0.08149024595802762,0.10370165787425532,0.06687920339689175,0.16879304791642746
0.05831674095729211,0.10352297757921103,0.14044058800392548,0.07448944435383563,0.10181570057306033,0.1380390895954023,0.09486011420056938,0.10624120344860673,0.18227414128809702
0.1699815637431588,0.1782470291645353,0.06596189062212826,0.029095845818442777,0.12253594949343773,0.11470727821775743,0.14005080434841607,0.09598080154551199,0.08343883704661159
0.1626247102825443,0.039765579936514056,0.14253820415600654,0.11874829283767994,0.09797558881153928,0.10680520545615708,0.12988947860770042,0.1054498482639531,0.09620309164790526
0.13309078169004515,0.038937480616892985,0.04787795025701996,0.303423982475658,0.07358712784039685,0.09512250041681664,0.11548022149490057,0.09815684744607596,0.09432310776219384
0.020761760378027322,0.0997399105287502,0.2262560743537905,0.13090783826161917,0.13130841957050624,0.10864789428765752,0.0864708471910229,0.10278341631578052,0.09312383911284566
0.0345120658009925,0.10586699651995506,0.3475336802882758,0.07790783919303135,0.06061904145092395,0.09095039924418157,0.09764702970575785,0.09591982298590347,0.08904312481097838
0.03844157717187054,0.1046582413126395,0.216052846323297,0.08130488709496676,0.09191558473078108,0.11040491813046426,0.1336245723922086,0.12316470679269127,0.10043266605108102
0.2006114012506313,0.03462390758557937,0.05710224868559519,0.09059495887807721,0.1324874940433928,0.11399308255787687,0.14012308845107344,0.1258335206502447,0.10463029789752919
0.14986794826269675,0.15461701881221737,0.16802231475402588,0.040939598874241236,0.06966089594154445,0.1168290218391696,0.09320392965966266,0.10892267312425535,0.09793659873218674
0.08840957596743938,0.21653727311694979,0.09794007593285527,0.07202392756541766,0.07962449315165053,0.13623544546559754,0.12057387792619305,0.11223239910910643,0.07642293176479029
0.12328728420411288,0.08129724472422474,0.15064609476950008,0.04211145858403754,0.1659669316936394,0.0951415231260299,0.12446321051585457,0.10006959198443299,0.11701666039816778
0.05765745500316229,0.07300417913190894,0.1529777084948239,0.048168462834914404,0.17598745045328304,0.1295819783449862,0.1255957950892135,0.13812930692439473,0.09889766372331306
0.09741570547452304,0.13715203213677507,0.22306999351802406,0.10210560403077885,0.09263690513654371,0.10525426608803473,0.09263245258329746,0.10376087079707595,0.04597217023494716
0.09691990913450334,0.1638160660138798,0.05880693763108421,0.08058721107821938,0.12160481326269941,0.1161686800201458,0.11838781273806255,0.1274340853244225,0.11627448479698298
0.07807391754037646,0.033216428602678684,0.128513898105098,0.08339063697869599,0.12724325279995108,0.1175056815534072,0.139370474288686,0.11382865028020328,0.17885705985090328
0.03590885012257899,0.2326537603682208,0.14177302018493054,0.09318725851863639,0.06061424432176151,0.11067922301057631,0.1380256102329623,0.10445791713572633,0.0827001161046068
0.0705918703875247,0.10948564281066052,0.13030425786176494,0.07156477121876485,0.11552588697930734,0.12203510143868664,0.14660889482076433,0.1279839618036063,0.10589961267892035
0.0450782475197615,0.16626953335505817,0.12728406682555607,0.14430266785827922,0.07847573658994768,0.10744971145036647,0.12367367820168401,0.12551152568103285,0.08195483251831397
0.014333862004161146,0.18803256291663872,0.07245811838580764,0.34451420224894896,0.05822919553152919,0.08235690571187979,0.08912787569084596,0.07891942689903068,0.07202785061115786
0.01687005352416994,0.33417539184776945,0.08313682988576342,0.0664112327228314,0.0800772409813639,0.09568225416380861,0.10512497934096637,0.10167508021908778,0.11684693731423917
0.03914365162158808,0.12721355390040812,0.06373610048489697,0.10951083854813304,0.14918268424243722,0.11953823534239555,0.11007034613074218,0.10567355258650947,0.17593103714288938
0.11653094873214627,0.05300582260189549,0.2666526441824965,0.09365775691043793,0.08758860810350534,0.10015280413546268,0.12887055991185684,0.08121128800376755,0.07232956741843126
0.13000229049241016,0.023381704191578558,0.3101803861701891,0.08442205197414636,0.09619128598513448,0.09276063263507352,0.09395478393849455,0.07688351531607064,0.09222334929690264
0.07740375165481811,0.25027072272546663,0.12094309479653753,0.1271701127948466,0.05441056029756847,0.10545997284774604,0.10169298914129954,0.07817061330951315,0.08447818243220385
0.11480914440776697,0.058317393992098863,0.24988203363098063,0.07172485373218719,0.08653005486225905,0.10464465349578221,0.10441512006548126,0.11670634435894223,0.09297040145450157
0.12897624974024444,0.17290752447514168,0.23454690036800407,0.05560750827353861,0.052281684661476834,0.0901941298128106,0.08582072456994412,0.11280286705344274,0.06686241104539696
0.23344340044921866,0.10232804679647074,0.021498857588164444,0.10973546363138642,0.08540554672246888,0.0953086811265199,0.08883275912765694,0.08573990146660009,0.177707343091514
0.07696387751870597,0.02803258857247387,0.0672564085216641,0.08859620614394155,0.11341417353325045,0.12118337586743567,0.16418194853611764,0.15223105494836617,0.18814036635804451
0.20793356239994473,0.05030841310603521,0.12902666601902224,0.06077125072134789,0.09751693696911372,0.11421977876170741,0.12914397194836758,0.12110765914943546,0.08997176092502572
0.04818635640724909,0.1684830257007444,0.08140910247991746,0.12582887742957075,0.16136236042032515,0.10971534749935753,0.11263518782569952,0.09420596511386559,0.09817377712327051
0.030903367325358793,0.21129311742956566,0.03472501363182568,0.06946477027915904,0.1428030514164074,0.09474911406135093,0.10956202507326888,0.07531693069626909,0.23118261008679453
0.02254148760186323,0.13261026611990698,0.25025360093531185,0.2452460477637254,0.06603790323701907,0.08808065332042148,0.08644721661951293,0.0761878365903544,0.032594987811884656
0.015885926743454057,0.053192560922212855,0.3209346667615574,0.09321848102618907,0.08996815457300743,0.11735702644250129,0.09925112218739929,0.11137685586731173,0.09881520547636684
0.08155010571239339,0.053424424952454676,0.3358082863135035,0.051684649646310886,0.06515415947583646,0.09538073923647816,0.1080132421518893,0.10724496345447121,0.10173942905666233
0.023153189138869695,0.13708532432771517,0.05195509016022596,0.0526340005048918,0.16620599557518223,0.12451002686001506,0.12856209127662607,0.15976232727068534,0.15613195488578857
0.13706578497164568,0.0604511896893587,0.20954374262734787,0.09272324313548332,0.11103714094492645,0.10450839292585357,0.10171549886078335,0.1123886570833131,0.07056634976128798
0.029223997677416225,0.04781032362234808,0.14160907050408636,0.15225018732355258,0.17730294033241348,0.10666812665512011,0.09890357534977667,0.1024997539867724,0.14373202454851408
0.04593621190909575,0.08459641799083024,0.23344150639773353,0.036971804857432046,0.06531910248976279,0.12153897962031261,0.11607420436730782,0.0924097570543504,0.20371201531317473
0.04669935388316463,0.08599201307414271,0.13932333339890604,0.12797969116614102,0.12623977553338825,0.1464441634573719,0.1286797773544436,0.1268783100558204,0.07176358207662142
0.07711394926318312,0.15426962947915915,0.12269550811250583,0.1441198480740929,0.060861247192371244,0.12037332591742327,0.09134776952998862,0.13347228178699413,0.09574644064428185
0.07869317147502063,0.19056000021462294,0.048236198480898246,0.09825926249289373,0.12198074781909736,0.1187536054517539,0.13751701520847642,0.1130330136197366,0.09296698523750029
0.03903555430128359,0.24019954866316337,0.19751025512021622,0.08937393267352423,0.08534842552774498,0.09122176658753582,0.09913421727259825,0.10706580274737527,0.05111049710655832
0.03883718183133758,0.05661370535202343,0.13455804896573897,0.12609689991042097,0.145966654334516,0.11415339094870212,0.10472407789815764,0.12749557053083715,0.15155447022826612
0.36254997866746663,0.16192414153695464,0.04201473177302048,0.027319552816435343,0.04781870104599078,0.08867961081079946,0.08437603005267467,0.09451718344794746,0.09080006984871054
0.14107127852587162,0.11729192265239596,0.2087620574309235,0.04672110402565314,0.07713846626077497,0.09601061663256855,0.11933681136281975,0.11108525841158107,0.08258248469741143
0.06463280155131351,0.29573043395168835,0.037140976329778884,0.036653355534707756,0.08673139351027292,0.0943793625284075,0.11968985901852491,0.104228706014607,0.16081311156069922
0.02563649744996052,0.11311939386272639,0.15757893916842874,0.12103515129567159,0.15659303098911356,0.105506717920476,0.11720486296394673,0.09067100192222456,0.11265440442745196
0.03730414231664838,0.05888730083183246,0.18121644860263145,0.3519056781600079,0.05568176941333541,0.08923639256158857,0.07527927803426847,0.08407532698738769,0.06641366309229967
0.07531030414185341,0.07817193685325087,0.259514567881909,0.04214857793527435,0.10839445440582596,0.11364752621062636,0.08859297121527245,0.10275780588508965,0.131461855470898
0.043040301483430236,0.1473186224426263,0.14077919298161737,0.09840952771885969,0.13705426978435475,0.11144186177778957,0.10716784205187095,0.12571537192631735,0.0890730098331338
0.04631280012704619,0.3777415963432136,0.10651028631201015,0.03287688808675921,0.06055343059904766,0.08900453490496803,0.09715200310042989,0.07439319843562046,0.11545526209090486
0.019687987112508246,0.03336854769654193,0.4143367243476057,0.11378329175336392,0.12203341371537273,0.08226827726190013,0.09850891046965772,0.062336243989412926,0.05367660365363689
0.05266294599762328,0.11403775412441995,0.29893887810955083,0.05647025899136493,0.0715663595330622,0.10796532348609146,0.085099321601856,0.10324437080180027,0.11001478735423108
0.07379526329919427,0.18106423766865945,0.1003778099702437,0.05026903284214665,0.1330993469908902,0.113243044749817,0.11503920975734037,0.13203862518268705,0.10107342953902126
0.1132964270200079,0.06960673346038847,0.2133674907880665,0.04176572238972892,0.09196997122585021,0.12030643322089091,0.13079225990392399,0.11139022998232802,0.10750473200881505
0.10095290755322643,0.03134580704288346,0.0701700604385022,0.2380952167024426,0.0774389108807471,0.10836541572932906,0.13236857203133956,0.1412856434742273,0.09997746614730217
0.13483757937331833,0.07756385903888287,0.08467505305537393,0.06229253164932617,0.13670193751387905,0.12849473578492224,0.12620556403588526,0.12840872439560558,0.12082001515280656
0.057391618538063564,0.06467836608271771,0.2940218587770624,0.03775516163003952,0.08330205672837486,0.10225836768775094,0.12193174106821729,0.10730564205808457,0.1313551874296892
0.08379209108362658,0.11268878924321417,0.07147638712176937,0.08950745934782794,0.09261109011763718,0.11264219599052473,0.11631939089876113,0.09724976906586931,0.22371282713076956
0.09208744584102808,0.03467028874161679,0.09110855102378758,0.06940986177486262,0.07871194471570621,0.15193921061401294,0.14172378193274818,0.15565556475325845,0.18469335060297906
0.09732599158338383,0.2727201947558036,0.020553312963802462,0.11106384520511602,0.0962426096784152,0.09372623600910017,0.1109362598008148,0.10031209091908262,0.09711945908448126
0.0331406826633597,0.033370240737527736,0.3706846440379746,0.05564371524525683,0.06102941620282534,0.07915459794265585,0.1346116809956127,0.08234406432993033,0.15002095784485703
0.15005402307162938,0.06690739927461019,0.0872677478313658,0.11318513668425116,0.10089705168689189,0.11321129858716601,0.1514697943731881,0.10728382786886896,0.10972372062202841
0.24917390393190608,0.038362959595830824,0.06972783654076219,0.1052599775599269,0.09913825911035984,0.11738466797606621,0.11510815308129407,0.1022212144412832,0.10362302776257067
0.09484014642353748,0.08855837765698293,0.12809510456177975,0.08019902134982625,0.09904341484163053,0.11964310300278407,0.12600778546390107,0.1235322105838519,0.14008083611570607
0.07553471955434722,0.06916125928994464,0.16500001711083487,0.18078210186064,0.056841930841874354,0.1108188448080729,0.10258207190458603,0.12905562289678862,0.1102234317329114
0.11993781557114562,0.08672348344903726,0.06648164663923849,0.05775003643341309,0.1191190207435624,0.14668475475768128,0.14967037508435072,0.13568200242090644,0.11795086490066468
0.26372053961378594,0.08645674160584144,0.050157100125103764,0.036564324781394396,0.08948015178543545,0.11743491245873912,0.13126507626464523,0.10711589208773527,0.1178052612773194
0.0669669726422558,0.08993907529837941,0.09468713752213505,0.16177932015784705,0.11613444306912603,0.11874215376323057,0.12163268804304694,0.10839556411211461,0.12172264539186455
0.06317889440151626,0.3780652454950029,0.07020397800921503,0.04800394842297334,0.04310597682864334,0.0899577628120175,0.0965959712908977,0.09600581037600031,0.11488241236373352
0.034083095886931,0.05786317844814662,0.10644782477187437,0.09356170931274443,0.1119657727922524,0.17300480837330232,0.13801687201766036,0.12715533600898177,0.15790140238810674
0.12423111359730166,0.11416277601375747,0.2082345520485707,0.08390819070410689,0.10346803551578942,0.1068951194507224,0.12514565563796218,0.0794053528745831,0.05454920415720612
0.15449029881553564,0.15088159915342392,0.04941048433177475,0.0691817877976285,0.0899931420067085,0.11721613834341665,0.14340615138113724,0.11395340983529771,0.11146698833507711
0.05988938419088171,0.14866316403305024,0.1650357476207028,0.08622862347134481,0.08627551415356871,0.1256056507269099,0.09755370500192455,0.14265674303557743,0.08809146776603978
0.07307591397953472,0.15881422725034355,0.054325882234944174,0.11868692845666234,0.14016340730929824,0.1213775404241627,0.10283700663759655,0.11112277994823007,0.11959631375922768
0.04447118189939899,0.12538559650517897,0.17680276089235455,0.03552363294160437,0.05947104732803309,0.124100452472979,0.15927704019262187,0.090383363634438,0.18458492413339112
