0.09187128540274679,0.05054781491101789,0.07570821557314704,0.17451936021283873,0.12931761712309345,0.1230442925435223,0.1423182675940136,0.09357110533891515,0.11910204130070508
0.1562736238287525,0.2674247070096008,0.07060606613917995,0.10894587721041411,0.09830540171426184,0.029160160054454782,0.11201518148247602,0.07911850580268741,0.07815047675817256
0.16298967741690315,0.2497178038401379,0.14151132651372852,0.09771434170997262,0.08976306484934941,0.017833904876816256,0.08124603426528548,0.060494846239284444,0.09872900028852216
0.11415255195163039,0.2209389245808859,0.06332861076589337,0.09976698060246332,0.09130479755055924,0.03570755640054362,0.13924474921295346,0.149565267783231,0.08599056115183967
0.07091785841605651,0.06202712090313842,0.05038465865075076,0.0804127917830073,0.08121666870942942,0.2162720221715102,0.3367591075977782,0.026773914745702284,0.07523585702262685
0.08796826113664676,0.2475442177571985,0.050938160708371004,0.1413109900046112,0.09991091310116246,0.037906439669543504,0.19865275104487531,0.04741819770132632,0.08835006887626495
0.10815798328689948,0.04006043438632071,0.1187528336720427,0.10691848752189019,0.14005387661461813,0.06601131524909563,0.12952730779947597,0.1036070697759971,0.18691069169366012
0.07718571759309868,0.2363097485198062,0.13984274285433393,0.10267140412481691,0.10834118573111289,0.017376871763440372,0.03258291977924755,0.11986567584142065,0.16582373379272286
0.086152968764107,0.011870163865868503,0.12893577780988258,0.1481872464864403,0.12388405522039898,0.2838409819934801,0.07527256399770278,0.0393755166918083,0.10248072517031147
0.09038007691673423,0.012865572901239327,0.03142080738526666,0.08786520693199357,0.09075449820955635,0.42093976075300715,0.15885091876016075,0.028211300209972714,0.07871185793206932
0.12018223167573501,0.4092502519031392,0.04969536250864249,0.11908984326295256,0.1051295120815065,0.008682594418835062,0.018655025243206783,0.0709150279850148,0.09840015092096771
0.14071550222914642,0.43299915862070626,0.04103183548111273,0.08746633283042744,0.06754009438660585,0.008180122091571304,0.04670119057756807,0.11637231417874523,0.05899344960411665
0.13670027293008105,0.19338033430175638,0.0549344078381562,0.13541365068415392,0.11923201011466782,0.02166838742297957,0.14173258582061918,0.07195425928790346,0.12498409159968231
0.18630226333949884,0.02645697009381287,0.093201923859208,0.11372585093838485,0.11579307443517878,0.23405787568870398,0.016939912024152147,0.0457650403271647,0.16775708929389577
0.10617239509171933,0.055932956355635645,0.09700055189696317,0.11565146016522436,0.12174440885395495,0.22226113076463672,0.11446302437942406,0.04872003827904736,0.1180540342133945
0.10396267348830616,0.07752576290255644,0.05433056563240615,0.11255403334703035,0.1317959770204565,0.10516019305807024,0.24716684495459548,0.05565573337306329,0.11184821622351539
0.133660684282642,0.08823922563021769,0.16217469636267076,0.12429951800973976,0.12721736761993957,0.051907806457022775,0.05531945625757998,0.04783351755546624,0.20934772782472122
0.17370319123012393,0.3011079551869869,0.1079542238493808,0.10770289780857918,0.09016450564011712,0.02306254907907712,0.016435668546377055,0.06662196140146459,0.11324704725789318
0.2277812276515071,0.11927754620679448,0.08544232862868943,0.11841514613646119,0.1293848756004166,0.045023363716155486,0.01127099968078304,0.1318582059969699,0.13154630638222284
0.09568082659408518,0.30217566536503265,0.12597317077663342,0.08026738059017598,0.08572767651065344,0.009746590126900698,0.02556346196732603,0.1597960693837707,0.11506915868542188
0.12003776159454416,0.015358331958002035,0.06823607292249038,0.08398846702535885,0.08945355196120051,0.351164173155466,0.16497336169512414,0.024539732977586135,0.08224854671022773
0.11952612514998162,0.009479690112321143,0.05564305168840558,0.0868522303332816,0.09016674110212335,0.42606551221030425,0.09950011777082131,0.03276957308303755,0.07999695854972365
0.07108615717453436,0.18278101640148514,0.3379602441326784,0.06493535146283443,0.08020060786798326,0.0027739690338329467,0.004738807920971515,0.14756996931229838,0.10795387669338159
0.10383904386874297,0.04447121624039801,0.040537622813679175,0.10325359377089001,0.08814873346516017,0.28101308067485814,0.24349356265557498,0.0317625258304616,0.06348062068023491
0.19669847506087756,0.07956994456265214,0.04196078816280535,0.10866978853921523,0.09491049591178637,0.32936991513256714,0.028297063502915415,0.03566113584313533,0.08486239328404555
0.08493530844114654,0.26489189554233183,0.07424492503998945,0.14971473886698117,0.09707266027887966,0.04879719812764296,0.10627380962396162,0.06371920863408119,0.11035025544498551
0.06745998316251878,0.03002141346931056,0.055937795024001334,0.07448718351453047,0.07254465411892384,0.3897158780280416,0.2193046997544521,0.031028258396730457,0.05950013453149095
0.14218800528426453,0.008670555243348603,0.2083181002481768,0.0717827547263409,0.11771866683875724,0.20377047916919244,0.016072630219229524,0.10602855617399648,0.1254502520966935
0.10141961989268657,0.03504378103227976,0.19244970907771286,0.08633559513878734,0.08882113684230612,0.13455706966680214,0.20354651533280102,0.06526061650670978,0.09256595650991435
0.07990588559451266,0.022215797150106128,0.07088980608242762,0.07631714416036453,0.07306444490295923,0.3005694437628394,0.28924397185900813,0.027956807301637895,0.05983669918614445
0.09489554269703966,0.09960281261255977,0.10782347458976277,0.12369849558036,0.09854283168602058,0.06387866684898678,0.22315112011493768,0.07987224441911177,0.10853481145122101
0.18674280467647816,0.278886271992995,0.16051280185847677,0.08693010708223553,0.09023041556652191,0.004266673935717932,0.013946654717174845,0.0899456466808447,0.08853862348955517
0.08992744340963772,0.011478278628651807,0.045513506365073175,0.09176146792049467,0.08550642684525019,0.4386943810457867,0.07063142170655783,0.08288543610466191,0.08360163797388602
0.1823265775686803,0.11279791311986331,0.10917507982286262,0.09106487818554826,0.11258294855417317,0.07439491213172937,0.008444606434695074,0.20014225398066368,0.10907083020178428
0.10795828597585093,0.03571351281253753,0.04408288636574104,0.16150957986825623,0.12597685282506135,0.25594313044073164,0.010427974160383482,0.09314632953099504,0.16524144802044277
0.10099549416627701,0.10096543732258739,0.13686612538944287,0.14126012380967348,0.10969436584636105,0.15738173266628616,0.11366924231842356,0.03467310959321549,0.10449436888773295
0.10525760678974672,0.0328479959456937,0.03492978642863559,0.1201779025803147,0.09818546081989975,0.4084187650417818,0.03824520183724942,0.05319701958569861,0.10874026097097976
0.11446908853353151,0.29221231918423074,0.014894187421796193,0.09573231981289497,0.09017610677829158,0.05587159748426255,0.08719213740885268,0.1907854876120584,0.05866675576408136
0.09384193804454684,0.04234036052098162,0.05388690005931666,0.1384077647061982,0.10892021674193224,0.19101593425172866,0.21237923284793916,0.05195613803734502,0.10725151479001162
0.08722142791252359,0.29968843932414396,0.06651764239025491,0.08243097677759832,0.10493705287381754,0.0052985791118188305,0.15991722594592395,0.11845480947555125,0.07553384618836767
0.16161759942382006,0.1786137232659822,0.15510534187688252,0.07675750067258082,0.0837708603801306,0.02713387479931116,0.005585969165437226,0.22603024034074423,0.08538489007511119
0.13999879353849728,0.3662879219893405,0.07373252700897279,0.09473185812738176,0.1014231675264096,0.004440328333278391,0.029675035782900094,0.08078830331206055,0.10892206438115899
0.0914131786891441,0.044056941233569284,0.16174133569256227,0.06133645175107009,0.0735663539272343,0.007641476908125618,0.2068550817006185,0.28751903471298074,0.06587014538469507
0.09071903321943793,0.08690417484267278,0.08077453891102854,0.08805281233213391,0.08670731643752538,0.18398933134396003,0.24141980039581645,0.041000280382613066,0.10043271213481185
0.09986374104519635,0.08147833575852488,0.0642398724115124,0.11137848824365014,0.09072979350404459,0.2445323820417131,0.1537472982944116,0.05958174443605957,0.09444834426488735
0.13929134538907248,0.05507051019011718,0.054135076100302305,0.12317077106387624,0.144547394221435,0.1765309511209874,0.06069156235749648,0.08382122257985612,0.16274116697685684
0.16595458079083777,0.32201637819572704,0.061492397100114005,0.08916516311794394,0.08452299893329603,0.045236522987604055,0.024832180473928978,0.12479960449833433,0.08198017390221383
0.15302355698267653,0.032567675459901295,0.07053307684464383,0.10674520735800426,0.12088473318821878,0.20514855709734078,0.0287109527179167,0.16779166933348122,0.1145945710178166
0.1349543659822883,0.1270567464914154,0.11672178965297864,0.12569660862124368,0.1205996722795253,0.08279717006179495,0.07323679651192615,0.0910184887540359,0.12791836164479173
0.08011036284544297,0.0251359912236158,0.1130183084748531,0.12342571173115141,0.08971062612690624,0.2652699808173975,0.1894179769354064,0.02551196444239297,0.08839907740283359
0.10383524248812241,0.033605308548272254,0.02806557702069377,0.10605176915099405,0.09446131903191031,0.24466996721394818,0.23800225334486944,0.043497418457950354,0.10781114474323923
0.14067380399150017,0.13054419862859715,0.027476764085240853,0.11001090405212911,0.10720635447737224,0.21567311789648227,0.055120792574526255,0.130990497058369,0.08230356723578293
0.17190529067867613,0.11753095853607558,0.11405345426890771,0.1221708526848752,0.12716699878734,0.06669346726345028,0.02709199935309678,0.10649538656181139,0.146891591865767
0.10076074464475475,0.09020733294897516,0.11617193519958376,0.07209214524940318,0.09063352337762472,0.01528741669265525,0.0807550468321188,0.33666589204741215,0.09742596300747225
0.0946046636444272,0.03663537352756822,0.050453359453560144,0.11270495987529683,0.11105883544806672,0.19596692900699364,0.25472881420972054,0.052140746603898946,0.0917063182304676
0.10089104441566728,0.24527743422131024,0.09207179950979395,0.07771069411830962,0.08689516531906556,0.0075809175952102565,0.055952927727923395,0.26212233502649934,0.07149768206622047
0.14042394815614342,0.15773289431793228,0.031603041371378794,0.12984576437746964,0.1145458598679641,0.034946988558241646,0.02833898908782144,0.24064968263014883,0.12191283163289975
0.08911702706015545,0.022530488878645016,0.20452288480839165,0.13243824066838328,0.10418387062807453,0.21769754249935747,0.03913597613370618,0.03615453038406041,0.154219438939226
0.15973628268103854,0.16156033458453076,0.16314724613540693,0.09513846148046311,0.09314782075898602,0.032339243334746616,0.009814578445887548,0.1252445511053385,0.159871481473602
0.16695141137363415,0.05949659932298107,0.046797981614013606,0.10457525918768946,0.11132924986099096,0.18332109117237141,0.1484381751769216,0.07456444520490711,0.10452578708649063
0.13688778284284525,0.15192238490354418,0.1712948191291183,0.09512985595575063,0.11095220701429305,0.01004682138537767,0.0476200117284221,0.13511417550578878,0.14103194153486007
0.15740576886903637,0.3280576804145039,0.031253170211471754,0.09569151090714062,0.09131199381499643,0.0936819074604498,0.0887343176697264,0.034409915093489736,0.07945373555918503
0.11838059849990878,0.19726655135473461,0.19398631244158618,0.11949260808463215,0.10153219468151159,0.0308614782132093,0.0836454498392309,0.054679951454730334,0.10015485543045606
0.12848457084063367,0.024190797218911066,0.07282581819843593,0.09593625547751831,0.08174558439787635,0.3585092625240571,0.11222353916566774,0.040823533536794694,0.08526063864010502
0.12131875868424406,0.07580221044641243,0.05342266174468554,0.11806282441937314,0.09246097181559458,0.06285677798115888,0.3313172281690524,0.07533363532305988,0.06942493141641909
0.10041515214817694,0.04912176717637051,0.09418870053453354,0.09934469308585418,0.10555117948414806,0.1105001350960122,0.293625342152698,0.02337133993700287,0.12388169038520373
0.10877232684358829,0.31828597686402565,0.061605061744912766,0.12915439697053702,0.11646333164279878,0.016974564423647556,0.02322251046988069,0.1183935220799132,0.10712830896069601
0.11738393058352158,0.3911891806335915,0.02105634048224751,0.11806181490526019,0.09142170191797394,0.01859043838688419,0.052078447251525085,0.07252105933734836,0.11769708650164779
0.12388039896074587,0.26404233091481394,0.058962043591347296,0.113641106750893,0.0988709610354286,0.024059685283443544,0.09734316548913964,0.12176758839003832,0.0974327195841498
0.08672101279928769,0.34254191385612837,0.06663287144323772,0.11724591138905471,0.08127363302255132,0.03189944370432541,0.15892429911443864,0.042215560151891075,0.07254535451908495
0.10051353365747843,0.09592024383099766,0.02434515626637826,0.14260669948695806,0.12103223240399448,0.18532230900322902,0.154057024616457,0.06743945645171388,0.10876334428279318
0.07410308928883395,0.11597087404857036,0.04740861137896287,0.14633334310177373,0.1038284553107036,0.04237809253497803,0.34627022910275596,0.039661848760667646,0.08404545647275385
0.12831517663804073,0.1840435067577765,0.0965531480729212,0.12782331257999818,0.11306086211851342,0.050271262167688464,0.058625886871950895,0.14876453619855234,0.0925423085945583
0.12908078064809028,0.21677275129469117,0.053853000651487765,0.15191208024739258,0.10660503081572971,0.10535001592726205,0.12084521792696333,0.04298553098705834,0.07259559150132466
0.15411078808997564,0.1517794084484743,0.0933834998169471,0.10532102836277855,0.11638971052565016,0.01436510952381608,0.08832255555315854,0.1319034193706546,0.14442448030854513
0.10044558706024491,0.17434430816455845,0.027507490962645337,0.09605748190539354,0.08502021480635696,0.09569420116565551,0.2766157624121963,0.06178243358575191,0.08253251993719712
0.1387123167024208,0.07046678773544368,0.05299763334498317,0.18126663177988636,0.11851183442959516,0.14693808536326033,0.042221169622115425,0.13449042594078653,0.11439511508150853
0.13013059522977596,0.043382866719924064,0.06111116900462876,0.09874913424341553,0.08389981315592702,0.2524483472650652,0.24469380662029885,0.024674272180729293,0.06090999558023525
0.0849779057214027,0.19292458093727394,0.04011186152262397,0.10344729112723601,0.09034993898517289,0.056937093992232214,0.3147507573216328,0.056349935743428226,0.060150634648997205
0.12952282091469566,0.2340257504934277,0.04086492982182151,0.12586540810089664,0.10306524416072128,0.039001083599448476,0.1487873153240399,0.1093235390895864,0.06954390849536247
0.2071328313584274,0.19257617796009405,0.0688309093259937,0.09601342162695155,0.10210342680598565,0.07646885045957215,0.04375506723296388,0.11221927852717366,0.10090003670283804
0.0494541983156554,0.012223259748090506,0.07408153516022155,0.06662069843120011,0.078385091290861,0.22779613649042782,0.38076371270701975,0.030250209504880804,0.08042515835164303
0.14114692961323982,0.17023378880527018,0.05672824969683719,0.12256856518626258,0.10026925586979539,0.12876764817628716,0.14382191948188724,0.05197764299020149,0.08448600018021897
0.09285700055522104,0.3917757078691306,0.021583528856909572,0.1434633336365194,0.09998398323925134,0.026593114031104908,0.06712687156404712,0.05973522889139852,0.09688123135641757
0.19614814467336275,0.03309947306927397,0.10441120174985112,0.1280226815349497,0.1256118903082488,0.1429054270073947,0.08158922078881897,0.07216361240202944,0.11604834846607043
0.09768466728945163,0.3876891534687131,0.06936705939513825,0.08946449702561433,0.08683645095694252,0.008652158133787538,0.027494472536831346,0.16316497019941414,0.06964657099410711
0.1025658474669424,0.012244494975353815,0.09813553174309823,0.09216220086186187,0.08030489424624018,0.3681971695526493,0.10497133057320474,0.050330395204718846,0.09108813537593059
0.09465550893764911,0.21653566062271365,0.08144917489910265,0.09288869919818708,0.10228781739181679,0.022873097735145842,0.18296770922080055,0.1124256605541832,0.09391667144040121
0.10283561857179384,0.05957031929262408,0.04456754827535755,0.14641600710017286,0.15923440335889982,0.08338240505643936,0.07146251570107183,0.1666518952936437,0.16587928734999702
0.11595410873639199,0.07578543946660878,0.05810949673940016,0.09764824259335303,0.08071464441925423,0.31074096350307906,0.15211851609330504,0.03982142223337112,0.06910716621523667
0.09284323493056024,0.1981229884238078,0.2997196102431223,0.12120314280144356,0.0842241638589154,0.0054474675796663515,0.0279665901518774,0.05832269693754477,0.11215010507306211
0.08724052373059378,0.012488945045682829,0.020640448516614843,0.09534270262733897,0.0837565522427975,0.4220203105333848,0.1131224254719199,0.089933038467225,0.07545505336444243
0.0739759006759326,0.16481400485539488,0.20348572147833233,0.0696378474257593,0.07705699011284627,0.005632330944179656,0.034015610349469934,0.2865916381328704,0.08478995602521451
0.18122445565214454,0.07482000069469817,0.06809820664533765,0.19588747203235027,0.14066428646977738,0.07885520726751971,0.06613307978777888,0.05059255387196465,0.14372473757842866
0.12446050540441429,0.05888397066771479,0.1396832169356761,0.10266437010985102,0.09038716676016023,0.2621842514112944,0.08273399109875108,0.033221727772545624,0.10578079983959249
0.10660515791328862,0.08544349612570414,0.052728669658855226,0.08504319875044719,0.09410175354749002,0.27261775006395267,0.12724533021757953,0.08500452325682668,0.09121012046585587
0.1349472048356178,0.07237748555297782,0.019857554879494223,0.1125890769840278,0.0998365486691628,0.2608089963766823,0.08796828837520014,0.12976247928542126,0.08185236504141585
0.1533055243821592,0.10968587076099524,0.02689171239541101,0.1308533111450627,0.10771401588426215,0.22709005179395506,0.06022286005559315,0.08696189612780199,0.09727475745475943
0.10818172443050574,0.33938072284469545,0.06369462816079775,0.08532280748692132,0.08110725297907262,0.01731521653987774,0.08862019732596145,0.12619920935417683,0.09017824087799103
0.12031402178211793,0.4097035910782865,0.056352005320373495,0.11208379563466286,0.09991077140652811,0.013987850673230643,0.04489797971985134,0.050641333239945595,0.09210865114500333
0.15666419057971617,0.16516845155663862,0.06747149880880397,0.08142574982356192,0.08111026349767146,0.17591375004493082,0.12082231436625783,0.06637692050829573,0.08504686081412353
0.09991448050788702,0.01395476107601609,0.03983963883994523,0.13228136080128608,0.08488011256442413,0.4876152437417405,0.06246039842560842,0.019115119301280608,0.059938884741812005
0.08174598597999823,0.028353746395282108,0.3516299199802484,0.059529205829576444,0.09673365355814954,0.03918470316627754,0.02245963873412911,0.17344476171717868,0.14691838463916
0.15112611653791228,0.010486892047311952,0.08265342259827384,0.07935309932196129,0.0852762551997217,0.35733033476768483,0.05569328095488773,0.08963899634142582,0.08844160223082066
0.21797124749086086,0.07246928874825946,0.11176646849035536,0.1228956382538899,0.14747159387564354,0.07631709424920012,0.04371355268619587,0.1260318937373271,0.08136322246826785
0.14848298880480107,0.007026969695005125,0.0499821364734862,0.07358760892217388,0.09503268381010338,0.4430744852702409,0.018627459809145815,0.06788273504634136,0.09630293216870224
0.07636913262323576,0.2307707760091344,0.04854544840355344,0.09424274996048532,0.09194799473109894,0.018329121875304517,0.2162183707543627,0.15080481067181659,0.07277159497100835
0.13986886446317393,0.10396375881563129,0.06555886063348369,0.1646060447035706,0.10585330047251718,0.16903820392119515,0.12527517571952454,0.040153491786055935,0.08568229948484772
0.12827743853733922,0.04931296886532741,0.04842519681427334,0.1369377216114884,0.12806222566730333,0.2526736502299142,0.07369009567921851,0.05990267244518636,0.12271803014994916
0.11604322144546442,0.06687681084714489,0.054754093395348036,0.09373069998318045,0.07908989080896629,0.3462400070101534,0.1292954477732137,0.032135710567751295,0.08183411816877746
0.10815798328689948,0.04006043438632071,0.1187528336720427,0.10691848752189019,0.14005387661461813,0.06601131524909563,0.12952730779947597,0.1036070697759971,0.18691069169366012
0.10580056346640859,0.4895362394528026,0.02671621484497659,0.11197898076856723,0.08196484097326502,0.008779182918320598,0.016192055933665784,0.10759682711104764,0.051435094530946045
0.11239855008384832,0.14705675768519264,0.03933645381461497,0.1374296815886478,0.09576799742471866,0.21247470216410388,0.12604737822581166,0.03567497373948054,0.09381350527358157
0.07071285292020507,0.07195572229121659,0.21044567583794668,0.10586464899776409,0.0885600470407412,0.09239485441153839,0.2229970350204685,0.045707236828882246,0.09136192665123731
0.1508644979486237,0.23369148172176776,0.034430858424959986,0.11659721582947662,0.10461999155678293,0.08853608115668876,0.1078876632895488,0.07636046307074171,0.08701174700140975
0.21807877443498244,0.09653144563243828,0.09738835561824037,0.12493182163714484,0.10778742243047941,0.13649796662515315,0.04859495136741659,0.0772709164830216,0.09291834577112328
0.16180059327221968,0.04750059534314105,0.13054129580768248,0.12577585157512972,0.1439722608864272,0.13752871485561338,0.06484146308151882,0.08464642480989217,0.1033928003683755
0.10791636278623123,0.03248252130971915,0.09109394145891071,0.09809054318687234,0.09172452907187029,0.22790334863767928,0.1595745386485539,0.08708322387495675,0.10413099102520644
0.11267536009146185,0.0417120822852996,0.27884451536098204,0.06773558084546948,0.092060755884857,0.04375130717983763,0.03479723025120426,0.20517347665134125,0.12324969144954699
0.10177311807468796,0.01791717686401788,0.05133692420218674,0.0742866344278776,0.07567864703941544,0.4346882853055561,0.11170406162517754,0.06091502806362561,0.07170012439745511
0.11128191561904786,0.06583355758507528,0.06932844156028102,0.092567019768401,0.08955796168208484,0.26673185681919065,0.16868885626138874,0.05386067083045568,0.08214971987407499
0.09514089027819729,0.20304630367748264,0.13366057579038917,0.07824545578458593,0.10159397376587355,0.03671991262956097,0.12138825142885405,0.10370851474659315,0.12649612189846327
0.11074282434994114,0.11373655429408115,0.24664876198685656,0.06827825958399969,0.08543194563167804,0.023403427429176293,0.07579823145856425,0.15319205491023874,0.12276794035546418
0.09761778414071387,0.12710514946577126,0.11150788879933919,0.1460052142659858,0.11759196020881173,0.055606584543267105,0.14845405993402525,0.060236239185435775,0.13587511945665007
0.09170592006956184,0.03277832494106521,0.039179310696759576,0.10961089532083805,0.09473617955285218,0.37947957505175106,0.09848920627268169,0.05615057142360529,0.09787001667088512
0.08946316783104756,0.07336146688358093,0.04068489701025795,0.13957649741797695,0.133315721978956,0.14071001298837604,0.14383569173114272,0.08033173509059889,0.15872080906806296
0.14785930387376658,0.1433527231187214,0.04213449288152892,0.09861147714087813,0.08534982438651827,0.1297602343734365,0.22393128318420033,0.0676035935724111,0.06139706746853865
0.13103962528010413,0.36146310222988604,0.030160131986330278,0.09625427569147038,0.07582236755595743,0.043094074877241595,0.17150819536699813,0.03312184023191411,0.057536386780097905
0.08098974834645574,0.19862508893080946,0.15995425665031682,0.08247998363075199,0.10662687194224474,0.005663173844575198,0.047198014681948876,0.16916475868990044,0.14929810328299678
0.11900355874149011,0.13043583743895487,0.033389183323201316,0.09492494241617189,0.08891422551796013,0.22752935668311045,0.14970244885307626,0.06875508396210217,0.08734536306393274
0.11417542136014376,0.02457484845563705,0.06215053772720545,0.08132470240415028,0.1100789195325924,0.32284707139044283,0.1620658571458036,0.032139175796551595,0.09064346618747306
0.17464635749306115,0.08612114743813877,0.26196431775672907,0.06392914400390505,0.08584367602314731,0.029646903395097637,0.002609159686559836,0.2029196054036453,0.09231968879971579
0.05856041943382145,0.2068127843701059,0.21037953353712538,0.05749359656751679,0.08294604643769136,0.00576293455435828,0.032404696478987256,0.20220444602267873,0.143435542597715
0.12468073539906822,0.2856626323265103,0.2300251992992469,0.0817330872598993,0.08276626352151492,0.0060310744541087315,0.006908377480831618,0.09246251343011265,0.08973011682870734
0.06599519511545936,0.05159965730859343,0.28994943831569625,0.06833714901888654,0.07517073880613447,0.035519801003268486,0.13229325963431526,0.1913494241203837,0.08978533667726245
0.17126513065388704,0.0682079417577718,0.11809669220993312,0.10494157451393604,0.12511464124486596,0.09422996897779612,0.05875234890255171,0.14124079088698463,0.11815091085227349
0.08802699661390913,0.1425333270273807,0.23507551054715373,0.10009093116873824,0.10040618286220027,0.017457643590101882,0.10330659737213455,0.09656289959506176,0.11653991122331975
0.1076208551528026,0.3521478031994841,0.08595615756338887,0.1165200737250157,0.10658962549049099,0.007122436422610102,0.05756936951341437,0.06263784080148828,0.10383583813130493
0.1109738338473204,0.09486914994503974,0.1397327068716034,0.12236064514000089,0.1160662124725196,0.06363278182195721,0.130756856140615,0.13090399559641833,0.0907038181645255
0.1974865755075065,0.07738760927658186,0.05005240371398523,0.16854715463195982,0.13507218463012408,0.1672923648869515,0.053398685021525234,0.03399122323167844,0.11677179909968731
0.07479932712213853,0.008296423597945211,0.05492935752759687,0.060561760085831785,0.07435990156241407,0.42051821750130197,0.13206578974340505,0.10934335208863977,0.06512587077072679
0.0907987798975034,0.05568377018823809,0.16952666830896038,0.11083871074184616,0.09646293306264801,0.1746940002846058,0.15212971303778033,0.03269344045129064,0.11717198402712718
0.1428454284400306,0.07119770116126403,0.07091824181615138,0.1305596198635892,0.1197356829257537,0.16893536851668778,0.14640789400958737,0.06037290212577706,0.0890271611411589
0.08728742352424206,0.016845186410651764,0.0435291073611836,0.09444253702871774,0.08817984160075633,0.3939243870282246,0.1623293277769319,0.024365707853491528,0.0890964814158005
0.13358171587838033,0.32211368510743327,0.09435993650940544,0.08440314739877774,0.09045482234444346,0.00919392921540694,0.02158252596083873,0.14560540960495216,0.09870482798036191
0.1233596527171484,0.1369737637025357,0.11955496008952525,0.11047978449299391,0.09923519871637054,0.13969999928538399,0.055905334834693086,0.07978683532971066,0.1350044708316384
0.13303287868317984,0.3120198683710318,0.045824328057331006,0.10477709268403641,0.08220255487513138,0.03563478859017357,0.05437473288661406,0.16752287142208125,0.06461088443042061
0.1361211196875367,0.09702653730873313,0.05566199346365084,0.1389059878982612,0.10635760964114423,0.2074021988164324,0.03856892298331276,0.10035083499956754,0.11960479520136115
0.15164675204875588,0.2802102511399794,0.09447313573071603,0.12871252323909718,0.10567596394292413,0.02578235088516018,0.032935697020091706,0.07508882709728149,0.10547449889599407
0.07753059408815409,0.04768183252285026,0.1429192507953618,0.16871549717211345,0.11940314012535365,0.036613671568922534,0.22575429072394168,0.0323937919337604,0.14898793106954208
0.20348780373283282,0.04978292002726311,0.06867751396456302,0.1088882591746505,0.10170535731602402,0.2662147318720291,0.03546072460775535,0.039477280942366,0.12630540836251616
0.1466329121918528,0.2575656569553696,0.051744834196597915,0.15433023121028241,0.10593382588967683,0.06219486430810872,0.12665134099729128,0.025170756993113424,0.069775577257707
0.10262222049227239,0.036519852005695456,0.08450841317917351,0.14301570187613355,0.12905496331425806,0.2067012783073907,0.06794065317362523,0.07062433541249329,0.15901258223895778
0.10051353365747843,0.09592024383099766,0.02434515626637826,0.14260669948695806,0.12103223240399448,0.18532230900322902,0.154057024616457,0.06743945645171388,0.10876334428279318
0.11230725646558432,0.03634454540544358,0.029551726326791178,0.10880854387162331,0.09472373891108203,0.4074066709229111,0.11233488714119995,0.025635106567416178,0.07288752438794845
0.172686597859421,0.041954014089168656,0.10132739605740948,0.0972403511408821,0.10391602383209075,0.22054483978910674,0.10124259407033376,0.05746074616784715,0.10362743699374043
0.0696510257438281,0.05700276724745421,0.044517483906178414,0.10224374778923194,0.08852194705963838,0.27895895619062827,0.2396533079990183,0.038318750306013234,0.08113201375800921
0.07407568435390417,0.02142390543386306,0.04294986274898133,0.1193926693699689,0.09310689262413085,0.44057317396845824,0.12593054245701105,0.018579716190323513,0.06396755285335885
0.07487253700827436,0.15987812325062536,0.2250976134387753,0.10183459894512382,0.09451758317299026,0.005594276336098352,0.06137148029115924,0.1643454995248241,0.11248828803212922
0.12769487743126287,0.09877337802125992,0.09452539685164461,0.1268898677316865,0.1393090015883152,0.10310101697220335,0.11664000776041356,0.0811461016963788,0.11192035194683518
0.1893816659232956,0.17859472223935424,0.05588219899785551,0.1201290353079828,0.11327962440311691,0.11553270467296793,0.081559380573739,0.035807147021240764,0.10983352086044729
0.10443148919698114,0.371455403603343,0.05357943457433056,0.09372393350041743,0.08695012669418047,0.045878110659196204,0.11127039982534964,0.05083682299449438,0.08187427895170728
0.09468323538855102,0.05537479522903369,0.10019696636021484,0.13694076047606984,0.1049363584140845,0.18144826663913347,0.16785338679362452,0.05450269894036494,0.10406353175892315
0.10478620097301844,0.017848905006522732,0.02641710078851042,0.1028395158367343,0.0943520247069775,0.4644049080349502,0.03591331256859113,0.06747442299252278,0.0859636090921725
0.11294872846242521,0.08892815107723873,0.037454219100707675,0.10587422669442333,0.09681906133073954,0.28867749895171474,0.12843752439985748,0.060960365789922755,0.07990022419297056
0.14232084089697253,0.13451158837680818,0.0441880218399738,0.10482951533864414,0.102725278245263,0.025890203498063345,0.24753379970789577,0.12217558979697685,0.07582516229940238
0.15748098241835587,0.44033079226246485,0.053696392215179765,0.09000881076374294,0.07797735701001225,0.003073114446070629,0.011509682528338542,0.09631376354437919,0.06960910481145595
0.09431897042530375,0.0709568351967525,0.16840039016682265,0.16634774070718877,0.11603317327627478,0.0823055652111065,0.1573420087793085,0.05415215071127374,0.09014316552596874
0.0861831948043912,0.11111595778395573,0.07916166083249764,0.10682065836396303,0.12156394375765352,0.0295771902810808,0.2989878927570697,0.08613352152745714,0.08045597989193119
0.09831023688661798,0.01250504361194342,0.13508039914091807,0.09229372887779164,0.08303860173479756,0.3016398049297471,0.12185475751671372,0.055264333620824495,0.100013093680646
0.11827433363889595,0.05019937482842346,0.061893503813551944,0.11552267787530446,0.10460642108113156,0.2198877316169114,0.192391738559651,0.05897461590033132,0.0782496026857989
0.11861104877913158,0.25497127629314886,0.06438407887031301,0.14052178323874567,0.14322999860000546,0.0359043050743203,0.042069874449067984,0.07046267459478969,0.12984496010047744
0.1417072151854865,0.12479241813310382,0.15533957456621908,0.15304288849376277,0.13143384751417195,0.028874006806844783,0.03695776888839161,0.0622961795033909,0.16555610090862852
0.1139535857609361,0.16413405663751443,0.31512021212364605,0.06170027179585602,0.07014906039279088,0.006093258271478463,0.062452242026633124,0.06680279341999777,0.13959451957114713
0.11392202859611879,0.014836452420926155,0.04195548695489096,0.10903595891351309,0.08126598262210961,0.43062753661368885,0.09213738285236671,0.035687097028437316,0.08053207399794847
0.09781469500421812,0.05118718384976134,0.07067950307102348,0.15262207148588036,0.12247629167593026,0.16995553540038033,0.13366259270104308,0.059142869029722246,0.1424592577820408
0.11399314742539507,0.21102505593116208,0.05373851412473233,0.13376682224245684,0.11072548294708945,0.12003589879180969,0.08779937642800356,0.033840783499828074,0.1350749186095229
0.15344040755883082,0.13751142454945334,0.028452283553573002,0.1653832952858754,0.14676845106869857,0.07738010218810404,0.0760393030770002,0.10903942003218381,0.10598531268628081
0.10183208720720376,0.15544998184434913,0.03711121581861206,0.10187986897493799,0.09983904690305652,0.026808431529799143,0.21669378316729657,0.200988568157384,0.05939701639736086
0.16790356993849073,0.046432671291372796,0.2829026038443803,0.08589974206412847,0.11246386906505747,0.03300404026990625,0.022422558902135185,0.09112740406451474,0.15784354056001415
0.13350147486148756,0.12404217640362288,0.07550968235708973,0.1241244636981635,0.10589935675424476,0.11343665003438042,0.07902061664140494,0.12750575760275973,0.11695982164684653
0.08634933450870562,0.010884012317341707,0.05092512859904783,0.088620994375055,0.07944140263179149,0.3625068734071227,0.21050970188762333,0.03894952536832732,0.07181302690498498
0.11314308663972465,0.3357587974225529,0.07777936774286248,0.10236232424916651,0.08952677133257587,0.03452208451153265,0.11688865110987197,0.06917967151865757,0.06083924547305536
0.0778855153679087,0.14119451608582015,0.08433780996087108,0.08623391871093744,0.10942308725660449,0.00657396342148409,0.16236448270373513,0.2279166668113354,0.10407003968130346
0.16965108243635954,0.08935120074942692,0.03318707982799277,0.10626068393673842,0.08408445301112645,0.2535325937910732,0.12204654176590728,0.047827786463699805,0.0940585780176757
0.11867414859721093,0.03633147030889897,0.12775272474577037,0.07827556574007206,0.08594342362293883,0.2042803589937281,0.24000458872393213,0.036982410221106515,0.07175530904634214
0.12382308505369537,0.03361519710670125,0.14552098737083702,0.11871474329135812,0.11822231562545948,0.11784110907004382,0.17072605008476946,0.058154854995497975,0.11338165740163753
0.10567276413119198,0.11170824013453717,0.04755873166489105,0.15739071000255714,0.11977006857182786,0.07821212993336117,0.1779632520960336,0.08568016121252953,0.11604394225307059
0.11657267684121327,0.3123174759647229,0.017880886654441392,0.1667247491727748,0.1110444127709056,0.0863370327048637,0.11001777410302054,0.023225089351003172,0.05587990243705465
0.10961708650853602,0.0542724747086166,0.013846960108058234,0.11804825918655575,0.09789623490659162,0.39196433555345384,0.08740530018283206,0.04669314712190729,0.08025620172344868
0.0915520221839173,0.010807561093347967,0.0737780948545944,0.1078676659134745,0.11438365461291577,0.2620896452392379,0.08384248551000378,0.14644978273107223,0.10922908786143615
0.09675566212774615,0.11430136253551564,0.11455565412855091,0.0936743504707672,0.09932210931647312,0.02113066056988372,0.32467474443502087,0.044818376668634634,0.09076707974740772
0.08219067096250193,0.00647783094221338,0.04964503206217539,0.06983343539230667,0.0683688990814094,0.5136335308607418,0.12155484320711607,0.018999817470467476,0.06929594002106783
0.1055531026815452,0.09557627648102039,0.14224532012391078,0.11927817418443039,0.11408822993568907,0.07019623578277721,0.14792342204232256,0.04731059646586668,0.15782864230243773
0.14426025351361207,0.027651485970442896,0.02226272766386013,0.10346829439081529,0.09191056007420802,0.37923300269068316,0.10693468694125637,0.0640959904887895,0.060182998266332534
0.11503550006578682,0.1281371462860549,0.03770683788781338,0.1324963558988969,0.1074909742352342,0.1277288167912309,0.11046544268565896,0.13065761868361153,0.1102813074657123
0.06394331207116385,0.0508577462778624,0.04227343001516032,0.098271407365021,0.09438700550825836,0.23276423438359584,0.2870431793400002,0.05123184881004162,0.07922783622889636
0.07990588559451266,0.022215797150106128,0.07088980608242762,0.07631714416036453,0.07306444490295923,0.3005694437628394,0.28924397185900813,0.027956807301637895,0.05983669918614445
0.12368816895583896,0.11518277104386256,0.055117770097036334,0.07575757274168858,0.13159730284898163,0.02026435055345191,0.01763679216693619,0.3074363555312342,0.1533189160609695
0.1509375078262365,0.05501205120594712,0.08764791915093291,0.1562350534541778,0.12569610985779553,0.15070089540521325,0.03742984538732044,0.09779142030950842,0.13854919740286806
0.0791634387351413,0.2201657459638063,0.0789383158523333,0.09647545823911534,0.09488577000334526,0.006464025632345762,0.09628156181756921,0.23817448745802014,0.08945119629832332
0.15012470890908203,0.1420709793517308,0.04482285316238579,0.14254853705492956,0.11521416114988885,0.03074462840563341,0.21989997381083892,0.05441631328326534,0.10015784487224526
0.14573632373230438,0.07306552187270397,0.11297834393393195,0.09856302161384818,0.1191507964716917,0.13627022559434285,0.11182882944702481,0.07768296720605532,0.1247239701280969
0.11624112421797432,0.13685308703716484,0.036187199409443684,0.1250873638879583,0.10644306374716872,0.1206255710561498,0.20214094431474625,0.07394589585403814,0.08247575047535594
0.10211271095307357,0.046961716633051036,0.08472399261960399,0.10021923122234366,0.10403525389118973,0.21889022833066754,0.1743040884692574,0.06433214460668192,0.10442063327413108
0.1764031390985924,0.0637266528729483,0.10694348707477684,0.15173919876054928,0.13260101154062662,0.10290176928722239,0.12427057948909685,0.05262035418945806,0.08879380768672925
0.15837636585652828,0.12280085934399693,0.03923824545109921,0.15889852714244154,0.15747032855584256,0.1260508344204679,0.06718449346807308,0.050698717416404776,0.11928162834514577
0.0929323884264432,0.03761186327454615,0.09023689841643162,0.10817189225325989,0.0948982911139179,0.1149565160000831,0.33517661412299543,0.04047717807467909,0.08553835831764355
0.1107697150546816,0.033405588975636655,0.0493804188609461,0.13144790475882526,0.10680675389765108,0.38114504408479544,0.03200902448997748,0.03956261522515258,0.11547293465233388
0.10536744170452035,0.08529422836564093,0.1378900804716107,0.12334737267259661,0.08988261837645932,0.07317942807075778,0.29320243904624127,0.028562115398154998,0.06327427589401811
0.1568890825824691,0.08205583138929019,0.12161972183022597,0.12823733872992346,0.1456384468934757,0.09314972750606165,0.041602020233106544,0.10907843686527725,0.12172939397017009
0.10546796250364136,0.05398610655119739,0.05054989137237064,0.13468133744009755,0.11758147145211813,0.1499916846684816,0.20429069260042507,0.07164748384979062,0.11180336956187754
0.09875418157681436,0.018837843249780162,0.04153323675043626,0.12863844698112428,0.09156257010282846,0.41713186309417355,0.09128659174112348,0.02482847667780126,0.08742678982591813
0.13016867298124923,0.41501324238196785,0.013019404583209883,0.08348381212468325,0.07041089897356341,0.016809099328207937,0.1208217623006702,0.09540722985620476,0.0548658774702435
0.13556315558100854,0.15362733884204074,0.07988119100782547,0.11899254885105026,0.11927519377231066,0.15351254808851122,0.04428201194079124,0.046975251731863066,0.14789076018459876
0.10844424028406847,0.16699118334345073,0.07498319802999119,0.12731538569206147,0.13310342874246656,0.05371919234873499,0.08063365478313873,0.14689029225043537,0.10791942452565241
0.1397901809418429,0.261075053610863,0.08393055325057075,0.08404099748326799,0.09275580574293041,0.03742033458129843,0.08315187666360008,0.11060581415054933,0.10722938357507712
0.1016961093631743,0.02214738588125631,0.20125235498536034,0.10308123300065986,0.1116825061977214,0.16313605442223686,0.08900686297613802,0.06868066457497844,0.13931682859847455
0.0809969106399594,0.07149830351003128,0.11830202379774386,0.09238449422619843,0.097815235589798,0.08889676385199374,0.3178640524077612,0.04632162580447997,0.08592059017203409
0.11336437377930764,0.039946486045115755,0.0424202785437564,0.09767875898220335,0.09568313359960244,0.18377375841260526,0.2742775718614966,0.07621404336366878,0.0766415954122438
0.17240788033755808,0.030993309217225512,0.09216751186620102,0.0830230364467104,0.10689631644168575,0.13992542568853947,0.058782073393540336,0.14030596188279199,0.1754984847257474
