0.08547190856436238,0.08708211150778226,0.08910249279096803,0.10198885364002125,0.20507099873174708,0.22769463949557944,0.03155353119730999,0.08011652016677157,0.09191894390545798
0.1874706135890308,0.09952389999298272,0.1065234074948716,0.10844854334853138,0.07306901559228968,0.10182783789831552,0.059490486230339146,0.16067095566512576,0.10297524018851334
0.12686181463771004,0.11139507287401895,0.07925732590576126,0.10427694968787338,0.15741292822332667,0.1162448165623528,0.02440083330584761,0.14890063968697684,0.13124961911613253
0.06017221407403251,0.08581288825899254,0.11817158549759348,0.07223484660122705,0.11799109775605154,0.06562247099967292,0.3189698617072287,0.09291080849927918,0.0681142266059221
0.12149122080495556,0.0933040751714711,0.12548893242974682,0.11093873767278095,0.07291350595069299,0.061555950472694604,0.18286395317146012,0.09747755993547678,0.13396606439072112
0.13724249806545472,0.08322158982672723,0.08649884885947005,0.09813048501647481,0.1267743822638984,0.09212786523069089,0.21743352410585312,0.09161568951696004,0.06695511711447073
0.15993977085817565,0.11007434359375012,0.11551445132446408,0.12247246757461432,0.1104951718995139,0.08451821563407362,0.07696974296584728,0.10336226261934127,0.11665357353021982
0.1511231737007974,0.09190580829760671,0.1110496898517294,0.10863664300762176,0.10780855222833878,0.11380388714233519,0.11716629309331572,0.09224994778030286,0.10625600489795232
0.12402631600558751,0.10391506744330381,0.10668722899175609,0.10144691387554577,0.22428496748405782,0.08706768394086788,0.07318632904003881,0.08675944908456375,0.09262604413427857
0.1255469821731345,0.10904431452458967,0.11034233221165374,0.11536591811004852,0.08988941013395767,0.06900981786114807,0.1110861637435595,0.1545041874168082,0.11521087382510027
0.08964974529867964,0.1214930628874293,0.13796078764138972,0.09649985051970163,0.08367944338063504,0.05988439760401846,0.1961908991075019,0.12093620532288052,0.09370560823776379
0.1458549496099766,0.09856811236824857,0.13775909816607254,0.10446344367859811,0.0814214889750677,0.07716151557849003,0.19687330511962128,0.0755827621706533,0.0823153243332719
0.06517429240819027,0.09478081005818072,0.122333480329417,0.08575395756161337,0.1207253214527585,0.1765435022350064,0.1377763091576364,0.09837315199288614,0.09853917480431124
0.1421998619171946,0.09896079473303677,0.09260392692695074,0.09738355288535015,0.12956343312062238,0.05777404749167194,0.07048779417058126,0.19369136247103233,0.11733522628355979
0.1434019982745568,0.09924735208610731,0.09094610118740654,0.10567240570987872,0.09941015594895371,0.10916495655039643,0.10149884079942117,0.13859105569379843,0.11206713374948098
0.16941230957377132,0.10613429140937476,0.11600907261747469,0.12002899283477582,0.1250506530852261,0.0987227663275867,0.05265562428523488,0.09396339948420333,0.11802289038235238
0.14575782820386027,0.09496098616230146,0.08271208032086817,0.09289925083000634,0.1545781765886487,0.06982692585404486,0.11897643485810906,0.14342439532198534,0.09686392186017574
0.08099236592914356,0.11550238766633719,0.09935327959216156,0.10421931108118872,0.18484463176452504,0.13057266006108428,0.024027841536419067,0.13397833783030025,0.12650918453884033
0.13181651552516213,0.11618463241737109,0.13782262878565743,0.10367596003590003,0.0503587684684488,0.09012012333593418,0.1378006459641755,0.10370132411171422,0.12851940135563675
0.11832816784292059,0.10079797106963682,0.14589812125110743,0.11253510481768236,0.13487213365091086,0.06733642889452254,0.10386159040185954,0.09845483274151857,0.11791564932984128
0.12237614043325473,0.10772168097759494,0.13435390843263137,0.11264049567034211,0.09055222093811621,0.12269225398159489,0.053202140366530086,0.09568178909111717,0.16077937010881846
0.15579849292693754,0.10863533966963783,0.08704381160151044,0.0922070871572414,0.13533166562891977,0.11018876735556753,0.07998175602305656,0.1069921781513808,0.1238209014857482
0.12116162577756691,0.11386212804580519,0.10615861247893821,0.10438315568446194,0.0959687950450252,0.1818734775035625,0.03220824645655358,0.10616657172413445,0.13821738728395208
0.08785386339684965,0.09767987422297769,0.1379225442904042,0.08717041222361356,0.05143625836597365,0.10979109151559467,0.23636021536075935,0.09072186249868419,0.10106387812514295
0.14954507893059532,0.10395298369975443,0.1321550561549653,0.10979572913192402,0.12257759400686052,0.07409772430653035,0.02843586548630883,0.1323400962156223,0.147099872067439
0.16447231617875016,0.10501264070927546,0.07965162603756894,0.09774645626046685,0.028553979406132468,0.27014535286666436,0.018118490586415265,0.10307904022222657,0.13322009773250001
0.11693888028224471,0.11291681706057477,0.10683500054774338,0.10552888375725322,0.05420525612337248,0.09231819886114838,0.1744060931271606,0.12172794966399898,0.11512292057650343
0.18673924998042357,0.10362388059209564,0.08714813601185077,0.1112290323992805,0.14410259985702797,0.11488429855729625,0.05924412289996,0.09640863862947747,0.09662004107258786
0.11800516585387699,0.09142400539771249,0.09487448562146689,0.09223161761438294,0.05253811574079945,0.2062106928179005,0.19301125419748336,0.08053769862049993,0.0711669641358774
0.09880791538622817,0.13003192687946658,0.09129171815612917,0.11276530367405475,0.10535585635590498,0.1525281924107457,0.05314413267415108,0.12885156916540982,0.12722338529790975
0.11934252712136895,0.1005520548331978,0.09033525378359743,0.09362797959374965,0.08595438372354304,0.06558546153267948,0.27624375642226867,0.08320402920162866,0.08515455378796627
0.12439387177324808,0.11742032468985224,0.11552877506911981,0.11042624080915936,0.0882225834396731,0.1025184948488953,0.05400481570290466,0.1396784682012872,0.14780642546586023
0.11458577190724316,0.11006852897657494,0.12362141478001952,0.10542588069870266,0.10276384691332756,0.1268448975765735,0.03910054230227855,0.08633931550856953,0.19124980133671046
0.1089576937129866,0.10119045297031914,0.10682053904549503,0.12134396535426765,0.1078210081350996,0.14669150312940757,0.04978287579678839,0.13089059440813067,0.1265013674475054
0.10622902389856942,0.10210991782940425,0.09407205712938015,0.08752239208986574,0.20630345381944645,0.1676392237920841,0.05393730074135276,0.08108186921312638,0.10110476148677083
0.16773556412531096,0.10572341775675466,0.09409893969644754,0.10368804363978629,0.07458636234246363,0.0876602882403349,0.17758381919552,0.10514813968442292,0.08377542531895914
0.14914778662301095,0.10278588765904793,0.08445262294579294,0.1044046249463872,0.13706436270716896,0.06790273064453199,0.05969447158458129,0.11808136175987394,0.17646615112960476
0.19526521365112956,0.10039325793384994,0.07278114313714663,0.09852169977623533,0.12224290726980382,0.1622087042656724,0.02359213854568595,0.12238408959675606,0.10261084582372015
0.13939906764681778,0.09611799215578155,0.10753191203838486,0.10676925265757825,0.10482225265491263,0.09808797531327308,0.10265586125113091,0.14063516720934413,0.10398051907277679
0.12739584611617852,0.10020672778722207,0.118013042773106,0.10941482335508727,0.09817274847799894,0.1256097954144186,0.042558280733096594,0.10486096513429959,0.17376777020859238
0.07964543557077212,0.09872394901082361,0.09036102543339791,0.11183408569746567,0.14873898977934993,0.14220463883524578,0.020486798836071938,0.17109120762297977,0.13691386921389323
0.12180000850864074,0.11047896589911936,0.10645079639974708,0.10162090674060409,0.14836499657891158,0.06999442891673124,0.04659345186661443,0.15599741970879047,0.13869902538084097
0.12704432417769754,0.10334502197024698,0.12559253770147988,0.1281124431724482,0.12440644607930795,0.0805776493154998,0.05568649696751767,0.11274849219454393,0.14248658842125808
0.1258009317147393,0.09385629114418914,0.13583682409513895,0.10782912727350878,0.08252902144192219,0.08302869089019298,0.1294458181679193,0.10177858739270695,0.1398947078796824
0.0842795093050822,0.1093285805846072,0.12147500067769872,0.11655608646789418,0.19587972488992586,0.08639273139288789,0.04943962467099733,0.1139747061600191,0.12267403585088754
0.13226418906679224,0.10464713679998072,0.11386986436821926,0.09947217752132394,0.12327244363335117,0.177642142018784,0.03779942929578691,0.11027417394391047,0.10075844335185132
0.13475548619542965,0.1029239831589591,0.11164938369756694,0.10599510758566148,0.08577981198181327,0.05913857104694315,0.11213561398887369,0.16069932565182266,0.12692271669293
0.12240172272116878,0.09769483245638955,0.10198992925851935,0.11127357419201671,0.14921409962175144,0.07051705454157492,0.12466148868849254,0.12030887005211281,0.10193842846797391
0.14284221316170742,0.12251798211380865,0.11051518706848895,0.10627267211015783,0.06107908349864107,0.16823243661348353,0.050674280504553824,0.12510984979869078,0.11275629513046792
0.11113350061105405,0.10059759324845578,0.13552648420010116,0.09967510550566099,0.06939632969645565,0.07011553688623408,0.17905173759904972,0.1135933177954062,0.12091039445758235
0.0812398280955071,0.073846534489624,0.07877258375699098,0.09315402173419256,0.061803858731751926,0.08659309057813153,0.3107454226881124,0.1281438515643928,0.08570080836129672
0.07988035712413602,0.0965784487464037,0.10697126615562408,0.10177589887541212,0.12578092056047405,0.14751877551059958,0.08537060396894593,0.12789747019329953,0.128226258865105
0.10648939924940844,0.11021481729130972,0.07876032849697856,0.10787321865741333,0.0930927371069022,0.14242080068818544,0.10332997504377538,0.17461270326346914,0.08320602020255789
0.18117251231838113,0.10009835290753188,0.10537918822642733,0.11740538382248117,0.08389406243256824,0.12285233393779911,0.046478806474571706,0.1014122474188494,0.14130711246139013
0.1544949368489036,0.10801851017325899,0.09228971417274566,0.09368810215719785,0.18405993837741372,0.05251643252859134,0.05853527739481155,0.15942492613534312,0.09697216221173416
0.13979888095474577,0.1118707713512903,0.15142454978585548,0.11898964199988855,0.10798068798429622,0.09091717127769337,0.0581127925526197,0.11029636044563595,0.11060914364797474
0.03549403126679543,0.08863649427524899,0.09243717369000927,0.09747010452626044,0.11079065495094838,0.12124464714243506,0.2967657273990015,0.07496238903527097,0.08219877771403
0.09879086769304597,0.1090697677646759,0.18339633693144244,0.11545885142615797,0.04243647176793083,0.18988269494796925,0.07645301626966568,0.08620252379400355,0.09830946940510842
0.16531384659421042,0.1104934794570263,0.11588442300220227,0.1205241203360352,0.1055519053962471,0.06503403824665681,0.02863570084983454,0.1412038419655724,0.14735864415221497
0.14012284912298237,0.10822758829946431,0.12794004119545133,0.10384516863655692,0.12499072783181302,0.05094386187154241,0.07416124910167449,0.14375074296028365,0.12601777098023148
0.0478728625353673,0.10855868955045427,0.054460483124610305,0.0902166222998604,0.11099001592114416,0.23420160289917238,0.18929547721145593,0.09317277105845989,0.07123147539947537
0.17138413611229733,0.09743720081429179,0.1003248818516158,0.11246814410489464,0.10674083088738301,0.14180678923854537,0.024585082802974056,0.12207102184545476,0.12318191234254322
0.10869068849251408,0.09529659469937231,0.08449541234330014,0.09402995505766194,0.060095321531100365,0.1982874814843851,0.02014146819734779,0.18098649391202612,0.15797658428229225
0.11160055119508631,0.11188860667687474,0.1252741248227918,0.09606437809526829,0.16347575117323693,0.06288439508005893,0.1398587362322798,0.0917343079999154,0.09721914872448773
0.16256436390316686,0.11871994250633035,0.13503545644792403,0.12102004819228696,0.07964955237690026,0.09569838034144695,0.031666419525425774,0.16852870570814693,0.08711713099837178
0.13594895984584596,0.10506905871960293,0.12093024358428502,0.10021836896353746,0.13303323307958015,0.12539107610899722,0.08252750658584616,0.09214634087878686,0.10473521223351823
0.12566322928749432,0.10058241410135794,0.1273477757381654,0.13289977341522827,0.07998969668104033,0.13771463475626497,0.01625211246043197,0.12127426113248406,0.15827610242753276
0.17958619957975208,0.09015023275381756,0.1181487960660681,0.10975447113786492,0.09648135865314406,0.12035271997775694,0.046523954157546614,0.09587886706650801,0.14312340060754156
0.06410547356772757,0.10437126505355937,0.12565721644757624,0.11051355581238002,0.17726786112553325,0.07206846021600434,0.08374111404410978,0.1393682903674197,0.12290676336568973
0.12611480632399144,0.10778841284315954,0.1407726257906524,0.10759515959240856,0.11945704632071323,0.0716080226878692,0.12251365829178822,0.11056625191091046,0.09358401623850697
0.13663267000050436,0.10945068696918998,0.13187990454936024,0.10379731145532416,0.14323799782963562,0.05871293458889489,0.04217233936829782,0.12792428183438062,0.14619187340441245
0.10005823040109056,0.10364847901194461,0.15552155339244078,0.10560262676270056,0.08136675772815448,0.10339409630731666,0.14051257692506736,0.10656443713018003,0.10333124234110502
0.09804653221245531,0.14366150092379218,0.04485201588206108,0.07865555109958741,0.01689431111247851,0.07049798003695727,0.33298203993962355,0.1671089848972824,0.04730108389576227
0.1287624081039142,0.11037556357465544,0.1376586045772186,0.13324134551125702,0.08781899343790837,0.09745341480425228,0.032507898017573804,0.11596884480132526,0.15621292717189506
0.1377322452251824,0.12310427111323392,0.17727898091585328,0.1085868346482974,0.041378777817166125,0.1100174142834557,0.03466553497571138,0.17220836126401948,0.09502757975708027
0.15579056422536655,0.09171266085740086,0.1022713224166385,0.10701882331518807,0.13652421663571504,0.05614526747801368,0.06609232740195421,0.15944941641790794,0.12499540125181526
0.18176329112231437,0.11203117880436353,0.11046562592294525,0.10184056238011585,0.06883778495632642,0.11537338017232486,0.06892298584525001,0.11367030762315389,0.12709488317320583
0.10672885810467891,0.08911035102683505,0.22388325078005863,0.1187598050171017,0.033134787211368005,0.07831859753240997,0.1344934240312029,0.13860575415436496,0.07696517214197984
0.14100452012713324,0.10877691042404443,0.07956632847023766,0.10349205060618238,0.1487822774386027,0.08542319319375036,0.054409605462781674,0.13990338011168568,0.1386417341655819
0.13953551308008874,0.10169097052357305,0.11658893437371076,0.11425666233748973,0.07440971343025864,0.07362022685149812,0.12199838257498986,0.14740268195844577,0.11049691486994527
0.12172365958891085,0.10279075728414605,0.10792272096600386,0.09957305285233381,0.22403404898301751,0.08753561654646778,0.07507919734491511,0.08786739948298943,0.09347354695121567
0.15025134669389686,0.10918613775350515,0.14884032844493925,0.12166972056142028,0.04982220539046784,0.0909759548242454,0.050088686065826116,0.11570956221195244,0.16345605805374663
0.13688499505098464,0.10938156494712832,0.13390200039239072,0.11617694441682548,0.10782639211319966,0.11723240783057648,0.0806262319884903,0.09510962460397325,0.10285983865643111
0.1088468126021695,0.10621990822686599,0.08826302958926785,0.07236118345328195,0.04924326749258915,0.08567193003281472,0.2445327943753324,0.14191758633583465,0.10294348789184381
0.15058885235632016,0.10623247344439035,0.10771474901911515,0.10455092094615903,0.07787439999291647,0.15230074190303244,0.06247504167638002,0.1242475068168733,0.11401531384481307
0.14655187189031457,0.10057177860147827,0.1259970970188918,0.09385435680655536,0.055896179903150746,0.09579158473368092,0.20925803564967752,0.05893359857139043,0.11314549682486046
0.13749565312137443,0.1151242580915784,0.1275068665453611,0.10455518499652756,0.0674985020732065,0.09125462373570144,0.12908808010493808,0.09820955803411587,0.12926727329719656
0.16899603045276265,0.12046551688358685,0.12095071769308424,0.1255274912513256,0.07861877247171015,0.08030007718277389,0.03001860056724769,0.14610935069582576,0.12901344280168311
0.11021436639077782,0.1278695600047823,0.14433760551569166,0.10973388624220166,0.09223385883995772,0.09643369303456895,0.07037131217913152,0.13280029541459124,0.11600542237829703
0.1463366841062758,0.09439804059681657,0.09428219129419137,0.10184851094299162,0.13406281174877677,0.1825677783821159,0.051546803446547995,0.0916653473563311,0.10329183212595283
0.1098019045347579,0.07970803107209488,0.09366720360141684,0.08382933698209216,0.11265607813506971,0.06033615661480788,0.24279240125104082,0.1169640979176596,0.10024478989106018
0.15203638099785485,0.1169031217680272,0.12614582260250104,0.1160871984807561,0.054622438613350775,0.07590641319727069,0.10198464645715133,0.12292235739411587,0.13339162048897216
0.11012785930018332,0.11652880848523162,0.10647221404898288,0.10790447875396159,0.0711933809742714,0.07919869476206665,0.1578913785828258,0.15419552460034855,0.09648766049212822
0.14047761925695126,0.11727735985763114,0.15445255108538153,0.10001284823072877,0.08223797149181916,0.06415524396826651,0.07030993714293939,0.12331567443002002,0.14776079453626215
0.12481078060601025,0.09267721405588907,0.0991707865862988,0.09195492225200928,0.1510786045957104,0.04716036444675814,0.1534775262910201,0.12306170521619136,0.11660809595011264
0.13719176105813105,0.11514240206324057,0.07845939225345244,0.09269148266296051,0.11030284702737059,0.09146646853240566,0.17299974213910962,0.07267923304820056,0.12906667121512894
0.07828610373880011,0.09786162249679649,0.08372316656160739,0.09421392460268467,0.21056847563553094,0.09983652929095328,0.049035075854705124,0.1142719906937646,0.1722031111251574
0.1240308046617918,0.10512274923355153,0.09682395721872696,0.10249019769854074,0.14975126462387067,0.15908342844574888,0.06535678819048309,0.09428405128273226,0.10305675864455417
0.1700148078528151,0.09612610683344287,0.10718026216614152,0.12065808735420847,0.10267057695938843,0.07539638139684804,0.10028057003017639,0.11437090091586677,0.11330230649111246
0.14860213275487869,0.11307233741281005,0.14858454232556725,0.11744184700589928,0.08313632058359723,0.07213213591187222,0.07635969957925177,0.10562792468627114,0.13504305973985234
0.121980487664706,0.09836864438661919,0.07686858848143546,0.08612745873515511,0.07421642163962262,0.10191490202443054,0.2406210092451577,0.09390361053529839,0.10599887728757497
0.1277978148096153,0.12474996537189538,0.1448449402669402,0.12366463894491926,0.08428467768043434,0.09104565445973963,0.10449662655802801,0.09228193165206289,0.10683375025636495
0.13971091094367824,0.10549065870066954,0.09882459306795129,0.09666821620223753,0.04057755185348202,0.09114459087471198,0.17226740346456385,0.15427886270726682,0.10103721218543878
0.10832256509739958,0.08505743600604422,0.12842763308478458,0.08137632895824355,0.04636626347081554,0.08815745111336502,0.26893406750451293,0.10923425459119213,0.08412400017364248
0.11682859110011207,0.10572718111959857,0.13452023820797207,0.10086228630043924,0.11293800031035657,0.184751452237336,0.052751734509808586,0.084316972725949,0.1073035434884279
0.12782196689993905,0.11014818154283727,0.16594234263333216,0.1245642103265145,0.0689606535331142,0.07340103468547336,0.10337444991876125,0.1447804051449996,0.08100675531502856
0.08583534156653398,0.10904066267774008,0.10602907562468182,0.10752631635424899,0.24543759324023676,0.12070328478456589,0.07481663783911681,0.09027572373322428,0.06033536417965136
0.11288632648233832,0.09424160738720157,0.09888206944428467,0.10019746419085307,0.14730386649259933,0.12384736143040231,0.07341877086358621,0.12483233280196054,0.1243902009067741
0.13560422544343248,0.10993525222505159,0.14082692476540085,0.11663233634053179,0.09080954528109077,0.08967681068679774,0.1158622382113315,0.08053352170355722,0.12011914534280603
0.11771468681007669,0.10232874653367585,0.10611219512151034,0.11156762619680809,0.17957450722877386,0.1556317268743226,0.04864007225674102,0.08664104581034184,0.09178939316774974
0.10586425426693181,0.09935790900461057,0.11572485572449681,0.10423045851024344,0.08875668035520085,0.09074035725211556,0.1774907865385107,0.12044271060223673,0.09739198774565361
0.07423996539806961,0.11546273841769994,0.1136154705711427,0.10040112354525284,0.17612797432091679,0.07711744841012651,0.12661364876138226,0.11369434038581017,0.10272729018959921
0.11147152685826,0.1045035257228372,0.09624895190320144,0.09465884946437882,0.1378346952513598,0.12238808277240508,0.07419615613439991,0.12689483031651608,0.1318033815766417
0.15773603286700846,0.09483754179234044,0.12105626071232482,0.10646675867917144,0.048164354370734554,0.07707922024512552,0.060862264031262735,0.19758400271079998,0.136213564591232
0.09404673152828653,0.11601344336605418,0.10251990374233565,0.09889121891037327,0.14829566921726914,0.09205080369169057,0.11120140707430191,0.12807596685051992,0.1089048556191688
0.13194679802802547,0.10477574661965237,0.11381260113935703,0.13228204868094795,0.13244642162439935,0.09231503191053687,0.045795555183616034,0.14483659993862677,0.10178919687483808
0.15584645083626744,0.10356371004794658,0.09019930349369848,0.09324876522073898,0.10033531512601561,0.061575200193723555,0.12254240258093867,0.190009005602333,0.08267984689833774
0.1474031674672371,0.12339143387548945,0.11548149121195865,0.10888368814269943,0.09211764015892138,0.12085735817071347,0.07409496702751223,0.08557120981747257,0.13219904412799566
0.15889222807979983,0.10123013642502306,0.09207182231057565,0.0987769906621714,0.21894948883105955,0.08438429203901095,0.05696093106224706,0.07828483434120276,0.11044927624890978
0.13838747879389243,0.12291599739174679,0.1048641488451658,0.11822584045563002,0.08793624802357551,0.09358054299056383,0.10423179122403887,0.11662869342432107,0.11322925885106568
0.1646196582661554,0.08019040462764387,0.06763998314284886,0.09408292257344941,0.13262016524367848,0.1312948955396399,0.06056723228421388,0.08880985919353157,0.1801748791288386
0.12757613817171146,0.13044625643266294,0.12755027552242995,0.12555281071647964,0.04815138732278799,0.09072934175842044,0.03303214367423204,0.19302730134198098,0.12393434505929452
0.14405473263416538,0.11584625962545912,0.09407901990638912,0.09490445523448947,0.08418225432540742,0.05676063894354363,0.18902844242864003,0.1219364961139009,0.09920770078800495
0.18969665169323982,0.1070025810523253,0.1524551500784682,0.1273231303362865,0.07287113306963751,0.09868874019130414,0.0667771564133711,0.09876943805661949,0.08641601910874792
0.06414727835327867,0.10120721016567176,0.08220484097921509,0.0861712318790707,0.09742683079088467,0.22172492677989405,0.134403885328526,0.10227055172433412,0.1104432439991249
0.12327346387637848,0.12005832782801285,0.1589057587801223,0.11408745746728662,0.04254259501253809,0.11019072816861364,0.10333163629788499,0.13814485049404943,0.08946518207511366
0.10630747478551268,0.1355357585483297,0.10850857778297229,0.11350755560678262,0.11011355630639287,0.07454397649117049,0.07460956910653875,0.17027740329598628,0.10659612807631429
0.16137667516217677,0.10892436199992724,0.14213163656274355,0.11950947774257814,0.09360641125665675,0.06634052258432645,0.07981617847124783,0.09947292656678837,0.1288218096535548
0.1370409033845912,0.11098580266099789,0.1101003621038271,0.10158948922250956,0.08165967222540801,0.07811428957079054,0.03769631848958958,0.21750552505427934,0.12530763728800678
0.11750123782380861,0.11189814454971764,0.14024164438839337,0.12591817179849132,0.09728661169723578,0.07232170571962386,0.0909381068056382,0.1065109829030198,0.13738339431407137
0.14786683681793258,0.11322914925279413,0.1286591919373263,0.1076541119068109,0.12662727424294312,0.054273628603561296,0.11148065188845009,0.08539613888335774,0.12481301646682375
0.09061133650944758,0.11621391390250706,0.11363860093993723,0.11220298342306419,0.1514182799635544,0.08761924525686882,0.062288201147463994,0.17457796695504882,0.09142947190210791
0.0974127204898498,0.09500393551242932,0.10892703991889896,0.0920415026154041,0.13810149232151503,0.05853773283519261,0.25297016715329207,0.060731926143393754,0.09627348301002431
0.1424249300240308,0.10000520953421353,0.1411349173444787,0.09172076317684774,0.11172002013969741,0.05907464271445271,0.14228668261002933,0.10742637469431061,0.10420645976193922
0.18276783291534437,0.10066077898990815,0.1243397045954256,0.11059371863715872,0.05736320338668525,0.07435972585784412,0.07833629518615755,0.13929409279221544,0.13228464763926084
0.13277717405826375,0.13807205473626402,0.10499554618973755,0.11308965777569929,0.08679650106017728,0.08810510554185909,0.09287481119316376,0.13001120035755168,0.11327794908728356
0.16530937648864621,0.11050202180743664,0.11589781467167387,0.12053603706378561,0.10561107447000813,0.06503337048437186,0.02864663878699972,0.14116910839363825,0.14729455783343967
0.14444211186917966,0.10313242973646557,0.12138347846997899,0.09507556689345747,0.13102285057463164,0.05503770165463986,0.12410658900403058,0.09409786896541812,0.13170140283219808
0.12789116529755284,0.11018617811869642,0.12879023857566055,0.1198966622510827,0.11819086866656157,0.10271386728964353,0.04541572379619666,0.12357711816009138,0.12333817784451433
0.11354488151911091,0.11002779670920441,0.11395591671009692,0.11113764904318842,0.09091608697962357,0.10440206265538521,0.11808360596332901,0.14375700275928288,0.09417499766077864
0.13350887275378862,0.11265887265159236,0.12132742005258555,0.12005327442735987,0.06915747033876979,0.07556626806247986,0.03446525866979803,0.1777363984615609,0.155526164582065
0.13281754276076999,0.09249734943342051,0.0940997471491002,0.11063962050432458,0.07757138123298944,0.1070662394670331,0.06967756508532912,0.17962261173413616,0.13600794263289695
0.1520896741528517,0.0973955873199388,0.10481987083692068,0.10934217991472456,0.11663028920031576,0.09337456254369686,0.1279805107279414,0.11128578036589433,0.08708154493771593
0.16666237888421306,0.11720866238978721,0.07351571178514782,0.09770686895764051,0.12403594783084253,0.11636938365484768,0.07046279830146503,0.10351305178359582,0.13052519641246033
0.1866202374706525,0.10966732692792812,0.11529316275888102,0.12691784100562184,0.06514098350312522,0.10305630694923051,0.03474235137193104,0.1254875012660632,0.13307428874656654
0.13727147425547023,0.11273312607612566,0.10271088511242003,0.11614769215280817,0.13732169308365003,0.10184845770689653,0.05334486641779677,0.11803016617806071,0.12059163901677199
0.15854817132770108,0.10295637867955697,0.15615564290288764,0.10502398173246885,0.11972534547519272,0.08207674198903293,0.034985660341354384,0.08118507249882022,0.15934300505298518
0.16905483534647892,0.0982492167460096,0.09753277016700827,0.12116671267255115,0.08032673767693754,0.1539806607540718,0.05142394672824458,0.11361737217397529,0.11464774773472296
0.1114381253535286,0.10561055838322209,0.06387431251299051,0.09518795809372538,0.07364184094382233,0.06414762436232617,0.3307689810840649,0.08661722155932229,0.06871337770699783
0.0950677008263201,0.09618414384915165,0.15435163656553155,0.10342255572052868,0.06278558417590306,0.0648451635099911,0.19592088249109915,0.1475606694393208,0.07986166342215395
0.11824816677714227,0.11425671075579476,0.1025128065938365,0.09644724727363997,0.08120896204821226,0.09261668807077289,0.17755687810040754,0.12094996755580208,0.09620257282439171
0.16193963502213002,0.10005508963175298,0.09205852680638477,0.10427985613936723,0.14074242376149762,0.07851410708346994,0.08215858621951477,0.1334086163176313,0.10684315901825138
0.09363029909741492,0.11824161594922589,0.14545871286055015,0.11800228031499128,0.10238834014285951,0.090007940593753,0.11154589938490717,0.10631014143507156,0.11441477022122644
0.10291591121449788,0.10388774843703373,0.10298851330235222,0.11612632392561197,0.1929508174408975,0.0824303992839937,0.051786827498804526,0.09709176826252708,0.14982169063428133
0.15218659117615255,0.10825056960980468,0.12414019140709764,0.1030432615543364,0.14472722099121446,0.07021871488284183,0.034127853000858736,0.08947670666572638,0.17382889071196736
0.0490841561180334,0.09061288100076255,0.12441771783378375,0.10233688896115295,0.1229439820799103,0.17879940606947678,0.05249518726249048,0.09054580892411046,0.18876397175027929
0.15915064250999064,0.09067978624365154,0.0894115096249558,0.0951833507817172,0.023847780084190157,0.15586288535593187,0.14075236809765493,0.12985464202494715,0.1152570352769607
0.06638401793574385,0.11535979335825003,0.10635119421825844,0.10400685312009124,0.12713126624169194,0.1891275197237756,0.05817239812444271,0.09295040616391685,0.1405165511138293
0.13927460755490417,0.11861441846163796,0.1307560155833282,0.10982676279892989,0.0808146519702413,0.11495953128759429,0.07791706927338717,0.13933295735194498,0.08850398571803209
0.14110291947809475,0.11054906838795271,0.10330701659064905,0.09932059251353031,0.10403862609411045,0.07281062437531886,0.09986853857699568,0.1650296910068378,0.10397292297651035
0.15620141231617182,0.10232107923849261,0.0914899858628803,0.11638456584437178,0.10499785848921646,0.09533021436256166,0.09944149713256116,0.1330239091631447,0.10080947759059945
0.08649665500549357,0.12037039303089823,0.10683742102722821,0.10511434140802269,0.13238307412837855,0.08449283595892425,0.045230750117254824,0.14852237812177552,0.1705521512020242
0.16551212858665953,0.08882668918131047,0.07921808660262597,0.11123887614295332,0.026740580597942296,0.0754906174870211,0.17439807401097918,0.12106256335788834,0.1575123840326198
0.1055044794744588,0.11664469264938541,0.11146817580914338,0.11318793027558116,0.07290784289259798,0.09305971445181555,0.11591964898985653,0.1519835473301282,0.11932396812703298
0.1376000895916045,0.10357908554812605,0.13212877177957486,0.11037499178989135,0.09690471728125667,0.0930879414980818,0.08983515932036322,0.0846979781141755,0.15179126507692609
0.17638076331034433,0.1211580833992213,0.0982820250023025,0.1088272913504224,0.03658759452215603,0.1830476870025319,0.046953635440366466,0.1214759895591541,0.10728693041350092
0.15072959734004113,0.10416019430023593,0.13878021063470308,0.11351264850596832,0.055987205368665895,0.07371960927868165,0.1584047789140418,0.12266852501964633,0.08203723063801589
0.15080270945560145,0.09693659358733625,0.12095710242685358,0.10331096398227319,0.09371992893335053,0.05172218486612177,0.12135229650102226,0.09277728067390556,0.16842093957353552
0.11917430497243521,0.09713217938585417,0.07460356126269291,0.10505507943784916,0.06854660873327699,0.05718326064761747,0.2972406463476385,0.10379780738927363,0.077266551823362
0.06107419410100611,0.11118352316085851,0.11276060633582757,0.09439407103683835,0.1523429501714649,0.11564495087373,0.15521516423154263,0.0775957724068824,0.1197887676818495
0.06203365234412641,0.10855651572312164,0.08459044446039236,0.08528492369947753,0.07707867380605476,0.08009554532862749,0.20957674510954738,0.16817264605833182,0.12461085347032069
0.09138335971064927,0.0832920469223042,0.1428603779351991,0.10252554993724385,0.1333229950941864,0.10128459250682571,0.13834537360112945,0.09273582161587841,0.11424988267658355
0.18179521121279732,0.10937007744350047,0.09263918822841517,0.10750174421132723,0.08524539661205481,0.14895098254275338,0.06962134845828519,0.07393324951256912,0.13094280177829726
0.09673422957658183,0.09859045549264438,0.06096868052494983,0.09427495492926809,0.1160164305438013,0.1343161480446736,0.07650265148242062,0.2070972507737573,0.11549919863190301
0.12658981891004925,0.11265846576984774,0.10571215868921302,0.11457877501145271,0.0787008104980668,0.14188262585054126,0.03938033162899585,0.12424982697372206,0.15624718666811124
0.1474360196950383,0.10050206649082498,0.12485476681266246,0.10611670834138193,0.05381081368981725,0.05407654720525523,0.2288880662877102,0.09157099297170816,0.09274401850560143
0.14633095415220998,0.11866007906397681,0.14816393251744545,0.12425150624133179,0.08117844975311049,0.09204353239577685,0.03385646565027466,0.11622615959316561,0.13928892063270837
0.1450731068305051,0.11062700327102204,0.13321310569178754,0.10472851298580203,0.05258080306785947,0.08765021641329092,0.036513627437268124,0.1839435859332881,0.14567003836917664
0.14444355227061098,0.12878651063883348,0.11141533017920847,0.11243580056219797,0.05214903390674403,0.08542378287738912,0.05444732176852154,0.19307787937987853,0.11782078841661586
0.09941772806642218,0.09196455614978082,0.14088625899163223,0.09458139392728343,0.09905307183322369,0.07495178242432887,0.20780489783437192,0.07336530494737382,0.117975005825583
0.14006198544445572,0.08878198584498424,0.07943423950200194,0.09335027381359844,0.23699057371411625,0.09236475492318184,0.11380804709383512,0.06484050380033511,0.09036763586349139
0.13597189219785302,0.11412225044285229,0.11934515769998288,0.12585991422058687,0.10740834337834772,0.09711951774576848,0.027176797743446834,0.14178046840838185,0.1312156581627801
0.14641252980301164,0.11399028700413479,0.13972241393553628,0.104820327162731,0.06600105490691925,0.07881241601955934,0.047380761585870436,0.14740618761693589,0.15545402196530142
0.11432088150969422,0.0984181129282891,0.14083607877862295,0.09797930725219535,0.08188450728186412,0.08497022890200108,0.19363769710881376,0.10113869889698414,0.08681448734153528
0.17416348978373097,0.10968796736919935,0.1279491760347129,0.11365570441120715,0.09911784567640707,0.08942320143695226,0.04216955556052384,0.11423679698063673,0.12959626274662975
0.15844818547875503,0.10596355897247871,0.1323333147286265,0.10967395766407811,0.060635795606816374,0.14513368381947417,0.08212466389397356,0.10375743512811371,0.10192940470768393
0.05244881904521038,0.084935158052791,0.08203354420771493,0.0819395869871933,0.24525011699639557,0.19595156873621664,0.03818516000492046,0.09395188152058497,0.12530416444897266
0.1349592650213796,0.10756688653128704,0.10838475291296613,0.10877225277357337,0.1979555880273581,0.08410955766460049,0.04435454262978466,0.0973805010718372,0.11651665336721345
0.10613602384591049,0.1078012641350047,0.062472312202471146,0.10138885162183107,0.08536114526916222,0.16339464825382413,0.1417920471437891,0.13493180658640783,0.09672190094159937
0.10713458965819271,0.10734242093541073,0.09617786696154836,0.09398878057303779,0.10330563125277904,0.07586902744773243,0.18839187620534117,0.12550074923669838,0.10228905772925938
0.12003505910542378,0.11487991321240539,0.13256475111432908,0.10365190832156608,0.0493470014184537,0.07803983667309934,0.19599919684479108,0.11936401700832229,0.08611831630160925
0.08479367237760325,0.08402521030636351,0.0880819720183938,0.09911390829020661,0.18305100185021858,0.14465231126810216,0.02920961997441675,0.11872465800698027,0.16834764590771514
0.12739584611617852,0.10020672778722207,0.118013042773106,0.10941482335508727,0.09817274847799894,0.1256097954144186,0.042558280733096594,0.10486096513429959,0.17376777020859238
0.16182612902557833,0.103071087579855,0.18517488277176816,0.10913831322305301,0.05916264311685613,0.11828451746190222,0.05686710262068179,0.09412988367410031,0.1123454405262051
0.17975897194087062,0.10464477143329788,0.13535712829627025,0.10134015152964547,0.10829369100597559,0.09381078483259901,0.046852945148133075,0.09585342180374222,0.13408813400946587
0.17528405545544454,0.09150706424702537,0.09612291697645892,0.10226932225873205,0.09852315672496219,0.11209166249442559,0.057526365038212755,0.14853990248834162,0.11813555431639694
0.14618087754989748,0.10568589075663463,0.12801214948561776,0.11067670892945854,0.1078027028925902,0.10448724749855763,0.03634518952066331,0.14106970021520174,0.11973953315137868
0.13039237603686374,0.10012827761906229,0.10033979323537334,0.10178745290512196,0.12077108796953621,0.13818334215098474,0.08856217030856361,0.10791761625155054,0.11191788352294367
0.13550127058062975,0.10266780178788378,0.1276160487023266,0.10852133833651793,0.11701234966488204,0.14014524615034793,0.03275586323435146,0.1205638912493124,0.11521619029374809
0.09345764250090909,0.096956534056776,0.09694033029185005,0.1012091241954826,0.14369462567579203,0.16299907577773118,0.04420602908670008,0.07062489079700597,0.18991174761775306
0.15262694830835263,0.11982703335652428,0.12846713794633466,0.11079212688359846,0.1015363568382958,0.07243867341859546,0.025072472816272454,0.15705261143033145,0.1321866390016946
0.11181514700976274,0.11203487574471142,0.09834076738971294,0.09957602727662725,0.1542673251135684,0.07471969235990222,0.1422565372996045,0.11756746068780427,0.08942216711830626
0.14979434639208705,0.10344860934501848,0.10778478559916803,0.09970568299652044,0.05044342557392854,0.06699215986754171,0.13855464718311133,0.15708728932819163,0.12618905371443287
0.11962446533955584,0.08926610866736391,0.0974009442377224,0.0833200299760677,0.08465853638920286,0.0970543540438129,0.22574174274935985,0.10225846198617955,0.10067535661073496
0.15524794550193197,0.106855715487529,0.11199233813763189,0.11348837466003091,0.1072301219210554,0.12018253819895841,0.09206289415407805,0.10373132330478803,0.08920874863399637
0.16637489962678903,0.11152396694797335,0.12399686661296644,0.10850274554730943,0.12434067228030676,0.07998084112093579,0.03670237485884733,0.12695381860741825,0.12162381439745362
0.13004237234797836,0.12116927350972484,0.1073958679609907,0.10232838851764385,0.031947678224297,0.1185589336156544,0.15806883052477683,0.1133428860615114,0.11714576923742263
0.13560422544343248,0.10993525222505159,0.14082692476540085,0.11663233634053179,0.09080954528109077,0.08967681068679774,0.1158622382113315,0.08053352170355722,0.12011914534280603
0.11994227813644152,0.10602167689320136,0.11161766527719834,0.10408284491903363,0.10196443594032922,0.15922177803358417,0.08728472713061514,0.1043832318708074,0.10548136179878927
0.11852714293784067,0.10651272984479428,0.09753720549149691,0.1046962338670739,0.12446646651356467,0.05260569251700853,0.12448241880307281,0.1550762845734418,0.11609582545170644
0.18501102645557696,0.11344049711100308,0.11580922927504506,0.11883076069202303,0.07006458806676595,0.08056383013564637,0.07956293330132398,0.13195593115712725,0.10476120380548831
0.14979105073118484,0.11131489232730869,0.1327679962904784,0.1067234798805981,0.12485952449222702,0.06300802761437446,0.07578589989917772,0.12824183090269317,0.10750729786195756
0.0820072483434655,0.09585963430707527,0.10429002913733872,0.1119029527589555,0.13546009357407165,0.17918044984148226,0.060673190485471366,0.1022021788455988,0.12842422270654086
0.09323241794265713,0.10239279424417946,0.08961230134058369,0.1085903710336149,0.1778326631249615,0.10007867389039549,0.11838355175642279,0.10435489706395003,0.10552232960323493
0.16098045085916426,0.11955511612163462,0.12408509751985235,0.1125312224814583,0.10376736124015984,0.08425886489127486,0.041300984655776245,0.13405644102923997,0.11946446120143954
0.12371027913665149,0.10479318336406479,0.11797070317509029,0.09949255687261699,0.13526539504537752,0.06642921544032877,0.11832801178674619,0.10004485577204081,0.13396579940708317
0.09421221840139443,0.11690822624591246,0.08334682265723004,0.09921389448634388,0.13793126961782215,0.08375309949512272,0.1298905668677169,0.16098125297752813,0.0937626492509292
0.15751491978961954,0.11014140341426924,0.09868383844125816,0.10144672583297042,0.12018886057565316,0.09998233844667496,0.09318839605335094,0.1025423547616723,0.11631116268453136
0.04894298291794429,0.10931047426148295,0.1203262553853466,0.10695065403371952,0.10001696399324989,0.20856964908352238,0.0507495045296063,0.09059490164725283,0.1645386141478753
0.158610973577161,0.10885885796267654,0.07749256710464486,0.11227775166785654,0.054586868371656445,0.1768764793799651,0.1257615440859357,0.09361714267212268,0.09191781517798113
0.16409209568979344,0.10705952045402833,0.09309476368644988,0.10255096250060013,0.08235979990149424,0.09209737654808871,0.04152252689711799,0.20526039947556116,0.11196255484686611
0.078640465350363,0.11888777411124418,0.06927197118470453,0.09175270268741957,0.07130486014436364,0.1549791237937238,0.12738213832160908,0.14593550286381918,0.14184546154275302
