0.19935732291519462,0.10603027774554652,0.10018898378796358,0.08396651005100002,0.15302538325869666,0.05359908054001559,0.12138086362633844,0.09649393258661298,0.08595764548863154
0.0821726083464746,0.13058892308658893,0.09081456751603721,0.12642551888855125,0.12005698441632362,0.061837684459796816,0.12150985178048584,0.16294132567171063,0.10365253583403113
0.09909799548700786,0.11034460995586239,0.08605583288247103,0.1558016034542595,0.19624391377377823,0.047059490018245144,0.12975840456295354,0.11047341325125891,0.06516473661416354
0.0782773402126732,0.0852361264492794,0.07887970157693053,0.20042993597398576,0.0708998021018514,0.2526459217585901,0.10336429205099547,0.10541709676754864,0.024849783108145562
0.08894433243814757,0.11641191528835813,0.17462124027288753,0.14251046963071312,0.11056401207184378,0.04523951164954811,0.1098528390038596,0.11112007196698502,0.1007356076776571
0.08922905225556421,0.08022287342024848,0.07796000769328257,0.12226321275599894,0.1954179676513562,0.1047324179705223,0.10493558718361169,0.10345451495979119,0.12178436610962445
0.13268111329531043,0.09100603630750022,0.17062765170683683,0.12174297003196115,0.08715463152896914,0.1099190815275396,0.10120610600103258,0.09258033614191173,0.09308207345893825
0.08138195635551779,0.10943249032699104,0.14771678827179413,0.11483336193350017,0.1389821316231689,0.12549046806074618,0.11146329676463555,0.12594716451350932,0.04475234215013696
0.15111973758972716,0.12144348367268061,0.08127641965287927,0.1178542723716088,0.1236436613029575,0.07921466848569277,0.13239245008317013,0.11434639112272686,0.07870891571855697
0.15376410417748662,0.11300129552793751,0.13844419619498183,0.08722807844391108,0.11038092405675637,0.07929324904671192,0.1295149819688021,0.12909447623648596,0.05927869434692657
0.1299554518881208,0.0985335906752726,0.22140242198216908,0.09110119181307023,0.11098225968528459,0.05213465993313776,0.12311236343906246,0.0970372334594013,0.07574082712448114
0.12141787001736243,0.09027556677463283,0.23879776901100805,0.10440096935578082,0.07306823664520616,0.08519317144933765,0.11314836619946593,0.08355151840262103,0.09014653214458507
0.08878977735703886,0.08876168350351697,0.09596247177302535,0.1171379128542102,0.1640246432767459,0.13039396509818182,0.11128888491724742,0.14820327771081962,0.055437383509213956
0.09500606383312866,0.11156163328088704,0.07944807741536178,0.0828303013450321,0.12969001036839886,0.038209111083052104,0.11175369805725142,0.10642800244067648,0.2450731021762115
0.12084926502168362,0.11621713233223546,0.0928584436410085,0.1271088829994277,0.11395061856578259,0.0642482347868127,0.11923554540222843,0.14950687897381168,0.09602499827700915
0.09418097021071108,0.09262043805721219,0.10414579354799354,0.11511079648426246,0.13347108593405424,0.11739016266709769,0.11340722080277876,0.11984671199286169,0.10982682030302826
0.07499628801098333,0.07744954052288151,0.08246267454437038,0.14697520890408866,0.20247042445529004,0.11768189660205723,0.0878402835092618,0.10488454147115693,0.10523914197991013
0.10709651404755945,0.09873317002339295,0.13138015196463837,0.10298797827893495,0.15602024558787309,0.10188475457091369,0.11949696125707533,0.12172021882698358,0.060680005442628505
0.14662543590831578,0.10519074471621992,0.09850542520233119,0.09050350413409469,0.1772081819789257,0.05012075020029541,0.12078923659886766,0.11876279050620815,0.09229393075474146
0.10730570757615494,0.1218397709360125,0.1762690650167099,0.08501439525202163,0.16383440759041332,0.04405910720411885,0.12386651123948524,0.11339939256035958,0.06441164262472403
0.14816969494941093,0.12359512469278498,0.1532474577706047,0.09955623436424388,0.1016158385991797,0.03084599370954318,0.12238778834454056,0.1276576369334101,0.09292423063628201
0.10847724933825094,0.10474018469478953,0.10399850366964812,0.09315860713172486,0.09630910966778557,0.2078637180184765,0.1136389855830907,0.11926411973951374,0.05254952215672002
0.11667008490745044,0.11045396066661566,0.07695060439541507,0.09600099217355529,0.10508019397274197,0.10364110963832367,0.11752823839714188,0.13011336944358873,0.14356144640516724
0.10029479249843638,0.06706468473632854,0.07673935440281794,0.10181685374643579,0.17614349745431104,0.12874438000598834,0.07240118828139186,0.1071296761555502,0.1696655727187398
0.08762738384883288,0.10417376256830008,0.1435863285120894,0.08232880765314247,0.10385362922023995,0.11702356219495195,0.10625330005496121,0.11410614443999077,0.14104708150749115
0.08293841762445857,0.11981628488415874,0.1016971011111359,0.1621549689731173,0.1599029207214464,0.08522520876829469,0.1270206559859997,0.10506361927282627,0.0561808226585624
0.12088277770311555,0.11852093776361046,0.1065791456325416,0.10761612116168251,0.12115877002240998,0.08797476976713246,0.126891924525269,0.1041887846427935,0.10618676878144491
0.130278020118313,0.09485535780743404,0.0993721528130223,0.07129665970424685,0.10534181232067934,0.08264977160676401,0.11133532892154334,0.11452278999163684,0.19034810671636035
0.0997900581991125,0.11061513440243638,0.08838409675052211,0.14541174490414338,0.12378075497092049,0.12146088555704497,0.12510934560086748,0.10213499670999261,0.08331298290496005
0.19940527898545723,0.07378933748958393,0.07201689630482228,0.07871868334416127,0.19534132588642594,0.1310715153515302,0.08723098326361917,0.08236420329011074,0.08006177608428923
0.09472807744125404,0.11182433779482852,0.13602754472075299,0.11277291927016485,0.14244588688958568,0.07723706666767498,0.1192225308611109,0.14075660292347444,0.06498503343115365
0.08610199917456453,0.10895313575292044,0.10104460439759984,0.07375943757565019,0.12235434871995259,0.1167466606930424,0.11030692040569974,0.12346591506224232,0.1572669782183279
0.1777139169019216,0.09882521086849771,0.08484932668943641,0.08259278633087469,0.19090865640562507,0.062483093652312395,0.1141851192575719,0.09211933840050046,0.09632255149325976
0.13304108385790192,0.10063666893066285,0.11365976505567164,0.13558534472250883,0.12334192570514568,0.08411935294302748,0.12801811739696808,0.1275146038511845,0.05408313753692906
0.1305340108644862,0.07698355041068523,0.06796269165793022,0.1314973367549589,0.1945526415684393,0.030774180820436897,0.11294120474348147,0.11854347984792131,0.13621090333166044
0.09234748766772645,0.12045146588551968,0.12984857369597172,0.09850499134394652,0.1722764869536931,0.06658586067750231,0.11117280436695531,0.1370100860409255,0.07180224336775948
0.11399300956777962,0.11841276034089034,0.10637462096337442,0.0972518056442727,0.10917138037636197,0.1334087918062895,0.12828171573499156,0.10605520842619519,0.0870507071398447
0.06739885840529687,0.0951959558251994,0.19674635282875116,0.1759486847300659,0.07800833015953157,0.12288189348078027,0.09919345156844261,0.08318063464735535,0.08144583835457687
0.10680738453712557,0.12950633243370344,0.15328203735271312,0.1264974475298206,0.08721648537269244,0.06456636700583097,0.14046733935257846,0.1342952861594702,0.05736132025606524
0.10939761449751735,0.12569981796119464,0.12771620143831727,0.10377191348914538,0.17267308468334305,0.05124166201537267,0.12385479099057865,0.12941714962920514,0.056227765295325784
0.12116524872459529,0.10141341474396814,0.07669458115241785,0.1235891332121985,0.1606723308142338,0.08531349009633166,0.12854138194699447,0.11487740830321673,0.08773301100604362
0.08159757398747017,0.08651143726868908,0.10534217581114379,0.15827208031207,0.1587362234066706,0.15125471154211764,0.098447030599028,0.09973506937655228,0.060103697696258375
0.07660792633761156,0.08220070887842788,0.15198082486403944,0.12676555883706028,0.1218089341844989,0.10836504021175049,0.08403201777343296,0.10080573360437771,0.1474332553088009
0.12461968090656468,0.09483831962514937,0.1045649940677734,0.1165044045138825,0.12027906074259177,0.1566519612265096,0.11494346133950122,0.12107550758039613,0.04652260999763141
0.15193289167645688,0.09036295403414596,0.08680668023766808,0.12949386735977794,0.15356385381354007,0.08563595604170815,0.11420759156927185,0.132406880650592,0.055589324616839055
0.09250062348544937,0.09902044627911684,0.08919180028207635,0.10930037538276778,0.1393801861031728,0.03657192913002802,0.10176558898853764,0.11342197088502974,0.2188470794638215
0.12452749290459529,0.11044592002400776,0.09018145005386387,0.13119014338863663,0.1040897121601249,0.10538732047824538,0.13464651853574514,0.14819450603012388,0.05133693642465716
0.18300233567738922,0.10061241333604398,0.10850242869011882,0.11409914480999539,0.10276168085683525,0.10047720230434158,0.13650337740936844,0.12404354130925303,0.02999787560665423
0.09323445760796785,0.10769014074898987,0.08350696163691061,0.16513095480733928,0.10546614511611148,0.05555859577188998,0.09977717562926525,0.11924034143059546,0.17039522725093023
0.09248027393211626,0.14978450890271577,0.09173968693735253,0.1321409849224329,0.15678446725560422,0.049077506111922624,0.12724895115317017,0.1201883064214216,0.080555314363264
0.11552274401384816,0.1244531943598244,0.11951617656465031,0.11709558554545273,0.11988116482657614,0.050108749561061226,0.12651179608608273,0.13000017029112174,0.09691041875138262
0.1009515594151092,0.11108980132423278,0.07178691493018322,0.10462949514624655,0.1401821785520265,0.06806346193631795,0.11384282573850302,0.11307296037339261,0.17638080258398817
0.1772826130514483,0.09026634346247019,0.0938708847522584,0.06559362566595221,0.2208680136196087,0.06004053439811425,0.10067949153093891,0.09114713209779245,0.10025136142141668
0.1348198502453307,0.1031209263125628,0.08686408737193659,0.12283802023562373,0.18302039866849948,0.0639968338501392,0.1118259477453543,0.12899447296499245,0.06451946260556073
0.11183624240181221,0.11496994669020288,0.11666699865200734,0.07882256436554368,0.08173083161327893,0.09023336858973006,0.1004909795212963,0.0856387130294381,0.21961035513669044
0.15705925443788107,0.08949905703195804,0.08665549171093906,0.050711678524036095,0.19101319548225007,0.06691249827887187,0.10386192058039194,0.09209367138787072,0.16219323256580107
0.17837096703103694,0.09572372386296364,0.10424183219683968,0.07508309796241451,0.11556234119413837,0.07683668485175528,0.11074414283338696,0.08462770695091787,0.15880950311654668
0.13219579290109343,0.10465219246823403,0.11644682168238622,0.06762212721598208,0.1246705328358501,0.07708578861357075,0.10830755127622506,0.11275067839368551,0.15626851461297284
0.14386437540096678,0.09053134414032853,0.13282004052416063,0.06767572038587762,0.12626847446138087,0.04747674736577484,0.08887798361721877,0.09313124594435289,0.20935406815993915
0.08095605650722636,0.09405932432427692,0.07803235176093933,0.17623720023799883,0.17380642831879234,0.14168736707629015,0.11502061304827788,0.10983538521390272,0.03036527351229554
0.08968863651892718,0.08490378367378566,0.04988907258673634,0.15922311844834333,0.10143244792919848,0.10592136961943961,0.1033248275748768,0.10255171892697802,0.20306502472171453
0.19940527898545723,0.07378933748958393,0.07201689630482228,0.07871868334416127,0.19534132588642594,0.1310715153515302,0.08723098326361917,0.08236420329011074,0.08006177608428923
0.09672849545771776,0.10360868377515008,0.08095268854775922,0.13818417836643582,0.1314289499745623,0.056465651770621565,0.10193921077320885,0.11300596134354984,0.17768617999099448
0.11156170884921575,0.09724020268659417,0.11775681841078829,0.1702251006226091,0.14666950523616107,0.028822716037628943,0.08550742340288547,0.07826795611286551,0.1639485686412516
0.08840555824702417,0.11383665039231868,0.13373385305035854,0.12935141759121083,0.11393352828397989,0.09158990795167209,0.11402744151146194,0.15966669040582007,0.05545495256615377
0.1185038043279562,0.12157435947043278,0.13395451414378798,0.07085634612248445,0.09700081059673649,0.05262415078308299,0.11213262314869817,0.0852247946288649,0.20812859677795606
0.09847356372971845,0.08827388819137094,0.06725522094129675,0.1218931718469128,0.19720087435723577,0.08161305116928001,0.09868003523107205,0.10903210663053871,0.13757808790257453
0.09538350401613178,0.10917710713189059,0.10995914415575157,0.11769775169732329,0.10680101394245578,0.09623715021318134,0.1164930008225467,0.14326774028902797,0.10498358773169104
0.06654605250453573,0.09892708471957208,0.1002313614293802,0.11287758179943225,0.15942551878862132,0.061530971616469,0.09265023043930616,0.10223051361218831,0.20558068509049499
0.14653841725203018,0.10340662676695352,0.08742263690242173,0.11594646151325942,0.1913359670490519,0.03186350115832024,0.12373162583103127,0.14412603003933946,0.055628733487592195
0.09408741968019911,0.13073811363671237,0.09422535903640399,0.08135450218221546,0.11819303121323395,0.025949474677678507,0.10663434168667114,0.08763808745425246,0.26117967043263296
0.09205757880873988,0.09806922390032807,0.1085405175225365,0.14545300425893146,0.1134108794503565,0.12265569032682326,0.09929762187766634,0.11351871279912616,0.10699677105549182
0.1316869175322777,0.12854069650633052,0.14807768910727503,0.1458592687123866,0.10663802033040957,0.029601733537252834,0.14753378283729002,0.10034871930144702,0.06171317213533067
0.08433834742656528,0.1340726293732997,0.14500062924176246,0.12268859724383663,0.1936039264703873,0.044393354434555325,0.11944670999018271,0.10099507548589796,0.055460730333512676
0.07983359450402805,0.10299765278304342,0.12108979366425333,0.18381000615448828,0.16067424496508517,0.07961054876305902,0.11014203528140887,0.11484297375698986,0.0469991501276441
0.0805366371489713,0.08358752132326945,0.08190522563328607,0.15585791301650476,0.17548084382912432,0.15508433611404632,0.10516203208811481,0.09882386768455405,0.06356162316212899
0.11927859496762601,0.12612968571487868,0.1018246093097356,0.17836518281779792,0.08498660370800289,0.0817602895592383,0.1254183625249774,0.12313289719607573,0.05910377420166744
0.10156662979785151,0.10889460707011134,0.13206856617830773,0.12354765998443511,0.09180181521287396,0.09372629355695133,0.11462987583451283,0.1294958950009619,0.10426865736399428
0.08793392645936116,0.09990045102042155,0.17080933185361727,0.12653337041666182,0.1001505339198977,0.12967405016731703,0.11829304890670948,0.10741386928302454,0.0592914179729894
0.10342303877116137,0.10150057024319166,0.10937734807205202,0.09651711137276198,0.1691733567606636,0.08407416062417912,0.11591612860141454,0.12948678888690734,0.0905314966676683
0.11497610278426702,0.13536805331376225,0.13355524930390114,0.1121633571744408,0.11576182970675886,0.07773042162327871,0.13000201884730772,0.13684540532414857,0.04359756192213499
0.11610333455635104,0.12075704153803123,0.09511336240450263,0.09820578215414065,0.12014079947927624,0.06487177284511607,0.11754570784604523,0.10378441824880692,0.16347778092772994
0.09219760940794249,0.10675185459615376,0.1254775946859494,0.10496162748417792,0.0982288780650616,0.19255318861213525,0.1106772090935551,0.12217832301110143,0.04697371504392311
0.09816892028570658,0.11299485452687018,0.10149189338961173,0.11677133373130415,0.18359400334132378,0.056908286896493854,0.12101748747701187,0.15808714478253963,0.0509660755691382
0.11700966704189171,0.09318915957162671,0.0769167859807985,0.10247029618887853,0.09681946432127538,0.1343824064750703,0.11328300602790425,0.100935463743253,0.16499375064930163
0.10579492649345361,0.14049763729247963,0.08464216724973266,0.11657527701011709,0.12148944385505411,0.03691210115939205,0.13348890392619675,0.13467961349391394,0.12591992951966022
0.13282591445059694,0.14063781988093435,0.10586777615731528,0.11223315999801697,0.15232226683491246,0.057457473803252675,0.1289495449315646,0.09896743648221885,0.07073860746118786
0.09288247231429218,0.1252350968343944,0.09141998505021404,0.11193580857330976,0.10187484254819522,0.11783157074869814,0.11436669622288176,0.12135222114337478,0.12310130656463979
0.13552159410407819,0.11350519886479365,0.12148749725222718,0.11814509944044048,0.14615685367789125,0.07577040448340139,0.1240837476079193,0.11915139385103717,0.04617821071821138
0.08544259965612805,0.10446927432406604,0.16591434428037863,0.0743733653392093,0.10997509250125397,0.15645835269761407,0.1061103699593327,0.09176613069262533,0.10549047054939205
0.11024699764995316,0.11961053879283623,0.12815822223969,0.09934207731126925,0.11835830883565446,0.0775004681175394,0.12423214615070706,0.12473073045995975,0.09782051044239055
0.07371500781447776,0.1411427151508849,0.1347576174603569,0.06854941527349735,0.1291440707090742,0.07316998590282942,0.10771725745645344,0.09216090926336884,0.17964302096905724
0.10012754578611177,0.15573203141415345,0.0962170340264747,0.11270030136428659,0.09436006492256044,0.1046398953098573,0.13132047386591766,0.12706902978437573,0.07783362352626227
0.09530211789405803,0.1048201746245387,0.10054361211719952,0.1480372552830871,0.09850120673853509,0.0472367441257277,0.09328214081779791,0.10754756134785459,0.20472918705120133
0.1442811632219355,0.0978838511002015,0.08005668206850973,0.11666224241950547,0.1331116600466352,0.07182264791457248,0.10856012005734912,0.1089554216292352,0.13866621154205583
0.12231803162154209,0.12447224787814896,0.10613233987898428,0.1071827232798397,0.10617063202815487,0.0533006129670816,0.12989067662052145,0.14521630855832693,0.10531642716740008
0.08772242682916798,0.10591172440006336,0.13208642813697644,0.13013123131784363,0.11401455917377586,0.10070631398249129,0.10949478543357359,0.11556747643825245,0.1043650542878554
0.09983337522034685,0.10947561249238752,0.10396271600833835,0.2056844441131732,0.08411367425532719,0.06456585148106674,0.12146320528594605,0.1446832476242278,0.06621787351918633
0.14678823785117834,0.10194127620799993,0.13017113762044982,0.08877325991558688,0.15010784699514795,0.08625256665842784,0.11737303762670055,0.12719535411957827,0.05139728300493047
0.10633156776645201,0.10391492351621683,0.0832109437352207,0.11672061038607384,0.12319883596017302,0.17031500413464631,0.10963866550493169,0.10655208720549536,0.08011736179079015
0.08686142544978759,0.08019314020479247,0.09099406350434186,0.14840860264763986,0.2371785082727672,0.10777704130607861,0.11956485946135957,0.10039444854896089,0.028627910604271844
0.09296262037761716,0.07687831334216018,0.14941016420439068,0.15070548855974106,0.07368260941292369,0.08330382351398473,0.10537419999126625,0.079118109614159,0.1885646709837573
0.15718495034116828,0.11223639267339264,0.07458786248383915,0.09069991983459547,0.12128543512250362,0.045267548019109205,0.11659991298934269,0.09937764168029838,0.18276033685575063
0.1668028862610282,0.13205237473223827,0.12085085410910223,0.10145259283351678,0.11750044477754973,0.050618680448993224,0.12633478269423923,0.11689128162852404,0.06749610251480832
0.10473450595817674,0.08162148378685286,0.09593006471089165,0.16331062698471668,0.1846403731710509,0.08962483594582926,0.1022150614481555,0.11374228866390194,0.06418075933042454
0.10665073265123216,0.09302721206065279,0.15857118121876293,0.12018116890732315,0.1075622639338258,0.13495951832347208,0.13004600472398722,0.12356218271539454,0.025439735465349344
0.16889799756132887,0.10289270344997918,0.1024818365131384,0.09604157226139448,0.1953555519104352,0.025882038576216796,0.12047303470309223,0.13299780633205438,0.05497745869236037
0.1320578430815264,0.11388920934782916,0.10968108097307072,0.11970493947830396,0.13231351870260424,0.06287226029502428,0.13293154131434076,0.14413874552011677,0.05241086128718366
0.11846962048612741,0.0890350428121275,0.10847781284909203,0.09473563680122306,0.24753236996612535,0.06737215384476979,0.1207427358289011,0.12119663134853594,0.0324379960630978
0.13938997374464307,0.0752503251759326,0.07507328749347038,0.1505164475309578,0.14588989082101747,0.07283140424698849,0.12559990321135336,0.18447785507104666,0.03097091270459018
0.11204258255932283,0.10558283701554468,0.10292405688803404,0.11410224923845695,0.17623367201221837,0.07409533952289446,0.10757420178455035,0.09295105694695732,0.11449400403202104
0.10254704030359334,0.1091347836094075,0.08509673940281616,0.11690622224496487,0.16276007743047835,0.08278959255561537,0.12069475569596261,0.12220007375095909,0.09787071500620269
0.19144752427303416,0.08298466470699915,0.12523539580213816,0.08012293040274358,0.1957734805864392,0.07705414614435634,0.11266759945002462,0.09866566914531738,0.036048589488947375
0.09253144376836582,0.10896241924639967,0.09976910494048467,0.1587946049171551,0.11310291132564632,0.0843068859031899,0.11288026022473667,0.12916419329024947,0.10048817638377232
0.09808214722619456,0.12164360667855018,0.0948722676168527,0.10695271577562628,0.27987691359751304,0.027659810342094818,0.10854513806185785,0.08603572259325291,0.07633167810805762
0.07896802776917265,0.10558360790659009,0.13332952114533916,0.09246149679637501,0.0733668788793807,0.10584315801940321,0.09208182398981014,0.08789491234596249,0.2304705731479664
0.16889799756132887,0.10289270344997918,0.1024818365131384,0.09604157226139448,0.1953555519104352,0.025882038576216796,0.12047303470309223,0.13299780633205438,0.05497745869236037
0.17272691394796794,0.10342041920594497,0.07835934393798594,0.10054457577081853,0.18126494307011254,0.047777143717519954,0.12411602230451065,0.1020750311025142,0.08971560694262526
0.07523502655868751,0.13570354318916708,0.1296651791538573,0.07327889848432623,0.11212415057821794,0.03329809889032346,0.1070094303354147,0.12042874569089575,0.21325692711911007
0.13572436781637343,0.10856303829503365,0.09123279453050452,0.15375077158484948,0.09614087576339453,0.08761074696727955,0.1208700239755438,0.11690465538697754,0.08920272568004346
0.09076896278860401,0.08274683695481684,0.06506616682738309,0.2119494157682892,0.17763410879766292,0.09643714249915143,0.10580541307287206,0.08981080710949695,0.07978114618172359
0.0878746563922071,0.10742011086239737,0.07552270870032352,0.12798027239775586,0.1460800792028041,0.13194110055592528,0.09769184851948393,0.09949048307522179,0.1259987402938811
0.0751257901379825,0.11383101456205136,0.1253729981387121,0.14308285010931662,0.14174666362999055,0.09281450161605713,0.10125279189941912,0.10160204790020189,0.10517134200626871
0.11203480482103463,0.10900422716760581,0.08910944512499945,0.15303656636747828,0.14143623505647065,0.07174641106914084,0.10992955018799279,0.13234066804486988,0.08136209216040767
0.10174455817404804,0.14836378662199887,0.12635360061381512,0.11891365063263563,0.10255244891153274,0.06155991754927039,0.1315401709750504,0.12709494229125978,0.08187692423038904
0.0786552543278047,0.08532525253786212,0.1711161667071974,0.12957894009484747,0.09586725734502498,0.1885731187545776,0.10468981908220955,0.10007682882288733,0.046117362327588896
0.0835276014532883,0.10598441413258303,0.0855087935032029,0.1144393040575689,0.09981972714365235,0.14055353513241428,0.10048095834225455,0.1039793722520948,0.16570629398294082
0.12058174989487654,0.10967679088173449,0.08157418862145478,0.13475915899327984,0.09618012695941125,0.12158726555828714,0.11206762781052824,0.11514361862006216,0.10842947266036561
0.09552165339860419,0.12575379121852637,0.19303104111737027,0.11490116289028048,0.12851940504945292,0.04021523026405479,0.12576146091376517,0.12358366359735241,0.052712591550593345
0.11566512975971906,0.10140003440094318,0.10696965467961084,0.1424103603127047,0.16569435509414002,0.10208592095245415,0.12456897078116817,0.11448767060125871,0.02671790341800115
0.0973384290075618,0.11214606086194533,0.13547974441540997,0.09823668312517693,0.11063134561749512,0.06382869882887875,0.11506570464588517,0.13132518784268404,0.1359481456549629
0.11283322410854658,0.09517112106439658,0.13451642125112043,0.09339907997191722,0.16374862294725723,0.04680348909870613,0.09845655523463731,0.07618846677810477,0.17888301954531374
0.10904101654386283,0.11527535579156677,0.1000951378891149,0.1534241632071753,0.13587596554838985,0.09782201901898858,0.11884681964953003,0.1262552565643137,0.04336426578705809
0.1425808433713054,0.09980689994954602,0.07977831880579721,0.10580161623552618,0.17653027350992215,0.07395952633515915,0.13367231406447577,0.1257549525019774,0.06211525522629077
0.09595513175834164,0.10611170098012178,0.07451395311799168,0.16177638853756549,0.12702115096306055,0.13496838357258933,0.12330119394201927,0.11560092533443557,0.060751171793874646
0.1703792567938114,0.10969063532426089,0.16324566884819428,0.07137929904981265,0.13866569856501157,0.03371454431008623,0.10780909108343688,0.10610546718553614,0.09901033883984983
0.11554509590359711,0.10023275942408531,0.13158598005704372,0.0985085039275308,0.14371985582958685,0.07349222964265528,0.1105416105189057,0.13037901649307002,0.09599494820352517
