0.10639260676991757,0.06808979660921503,0.10509857972744473,0.119017014922561,0.1172865516925133,0.1653896374466202,0.09704321837246271,0.12199057740937867,0.09969201704988674
0.11697443229557845,0.12009259600833182,0.1129101132238111,0.11170495384440711,0.1211912763245237,0.09118252458638347,0.1144922718151341,0.1057754796413,0.10567635226053025
0.1337090971517317,0.0879044864347015,0.12068064086435966,0.16860188533720774,0.1373692355981491,0.09467245032432209,0.07954287379799237,0.0889159841875365,0.08860334630399928
0.1261245430755641,0.055206446050617565,0.12406020377182114,0.11608394210854785,0.13847918229210462,0.10678685831312262,0.06215598865051155,0.13817821987437406,0.1329246158633365
0.10486103444030026,0.0901856057492344,0.10512662870178961,0.11486733943331599,0.09585842601046841,0.16495031356206777,0.052199256770780356,0.1722712990070542,0.09968009632498903
0.1078867254255343,0.16356437783893638,0.11654543278009961,0.1278006092603952,0.10970700194019788,0.09626307703032487,0.09273661398571124,0.08145452951250927,0.10404163222629133
0.10437369402099471,0.18181869714419718,0.09711918731606539,0.11363950155688418,0.12045463457621193,0.07123758427220087,0.09946498141354955,0.09932898691268292,0.1125627327872133
0.10371752302578728,0.14670241857758315,0.10263576904514869,0.11336602416688334,0.12951259127717143,0.04694779209364916,0.15494276920783775,0.09927352775971754,0.10290158484622179
0.10162653186259375,0.16011752094037182,0.10317187906508231,0.10567181675137911,0.09915928376107834,0.1415482173114934,0.10873914917980902,0.06671738586583016,0.11324821526236208
0.12154301264264307,0.09173749453434377,0.11341849008678805,0.10763349163299131,0.12410211262109326,0.11529853476741554,0.12734356288039053,0.09197846043274176,0.10694484040159269
0.11713655849646909,0.12470877492456067,0.11603851190063226,0.12636616052014824,0.11486036373567814,0.09061401586386521,0.06623103377151586,0.10591110137456443,0.13813347941256618
0.11598265982001323,0.05617249117821946,0.09766449330499205,0.13142857637601832,0.10446198199683833,0.04833418182978252,0.19417739046369584,0.15720267889009318,0.09457554614034712
0.09446926026107778,0.10567560705167262,0.0958797934988606,0.10170135165297682,0.07586251247202143,0.16149677321808975,0.15863187251752495,0.12284194723940263,0.08344088208837346
0.10926150623648874,0.19101442786013287,0.10695904402683502,0.11259694509111036,0.11019764993542729,0.09111042316632989,0.042011257480505354,0.11889717746850377,0.11795156873466679
0.09847536717084467,0.16853166337483397,0.10755999884195029,0.1169736266244018,0.10845113308183836,0.08070381052264648,0.07767878911025002,0.10791047496196392,0.13371513631127047
0.1330915774027809,0.1322907274197803,0.11640545722508065,0.1146886041063423,0.11777666118228296,0.14461116737334237,0.04149181721679907,0.08576234171264746,0.113881646360944
0.0944961722558149,0.15957921719094328,0.09508881376789147,0.12707463309980013,0.10573593760474487,0.032437972033789786,0.09067703028629541,0.18548845402223943,0.10942176973848083
0.12386823582883387,0.1083707743370006,0.11167430162775456,0.1345075587576971,0.12236399387187417,0.05636800355856375,0.10080672315543633,0.12278458247976687,0.11925582638307275
0.11138824634135296,0.18492296032271516,0.10830323330123966,0.10363938124317858,0.1271824713134436,0.10341838378988728,0.06615237174588873,0.07870007245844297,0.11629287948385103
0.09304532521154128,0.12780715911548282,0.09252212900917865,0.13468072288616165,0.09212247140481304,0.10381298481610979,0.1440603086097779,0.12238614890798799,0.08956275003894683
0.10323506728158928,0.14378768849552137,0.10273701590375404,0.0899545706704614,0.0976606325212076,0.180130234118137,0.05930127093494878,0.12017834621981249,0.103015173854568
0.12861558597089534,0.05362323359931101,0.12246653003695278,0.1284967358981066,0.12121479408309527,0.1652895273469094,0.06011058378766835,0.1052226017525658,0.11496040752449549
0.1172354485536166,0.15219699356674113,0.11550838497381892,0.10575822606386807,0.12989477110262856,0.08631826752634586,0.0881721574418804,0.08747993144683447,0.117435819324266
0.09666635823217129,0.12364727568483698,0.10924108603901816,0.09686320246653936,0.1106219287547816,0.221791814469355,0.03470450744085938,0.09995992638017309,0.10650390053226506
0.10824120226241812,0.08373753026426073,0.11437071297476764,0.12566403137095214,0.12841070713427988,0.1352183319597662,0.12166192952415932,0.07855748886967265,0.10413806563972328
0.105769816012792,0.09647045516529067,0.11377306825373408,0.10743075158077196,0.1252760283865698,0.16436522655936206,0.13174545298234028,0.06823693207715531,0.08693226898198374
0.10525630804434437,0.1281201440654629,0.12008137771608123,0.1241104601413844,0.11798944128327338,0.15928659344814433,0.041656389173449555,0.1069031637134305,0.09659612241442933
0.11150933927338764,0.0761198063368209,0.1001650803982359,0.138377916143242,0.0953487039313503,0.05013165177873907,0.182565086564447,0.16374826888250696,0.08203414669127024
0.13733683000630223,0.14817695081532012,0.11905430588408279,0.11697704273257636,0.12929754010689998,0.07431881688397607,0.07573487277134461,0.07438765974084093,0.12471598105865693
0.11942369482534955,0.03884069510428809,0.10976983943794494,0.1315528865148847,0.12408043533398928,0.15437852016186454,0.1320447134434614,0.08267251244426667,0.10723670273395086
0.0920350527002946,0.19427665080249293,0.09859873665096215,0.09011785035938263,0.10761807856613141,0.116931249808037,0.1659414799527534,0.05610515673385467,0.07837574442609112
0.10470519821538106,0.16575317472653575,0.10384627140631382,0.11200920262255244,0.09334537024191691,0.14449330883690503,0.07094420312397635,0.09991461204938239,0.10498865877703624
0.11629702978756316,0.12716915659550254,0.10683909519937158,0.1270513871692552,0.11160512972137304,0.05935874558849955,0.07244593345441681,0.18197295479879427,0.0972605676852238
0.10544497009772642,0.06051618479386208,0.11206434574076825,0.10921873986995234,0.1265311406925607,0.19202835245279726,0.03564554902783107,0.13286315799536097,0.12568755932914089
0.1070769512702844,0.10834697152693047,0.109010606193792,0.08670418630329757,0.12405426526096208,0.10839145679352374,0.16384688371421102,0.09218607291559804,0.10038260602140063
0.09391029185254722,0.18287524352286103,0.09963981155963232,0.09856746705945285,0.09939560331877785,0.13120504218366288,0.11019277490376973,0.073129439279793,0.11108432631950312
0.08805533204280436,0.05667598173045992,0.095300575697316,0.06748295169214556,0.08859577449147911,0.18039399413687315,0.20827872684612117,0.08656344163596326,0.12865322172683744
0.09904480405402155,0.11773031676274541,0.11364223639971488,0.10704768795510271,0.1098469762413136,0.18602796531270727,0.07054943577795995,0.09034872537707118,0.10576185211936355
0.1420168425190561,0.13979036013053056,0.11325804938952955,0.12687701826785594,0.13728876648185007,0.061025449522231025,0.0569342934570141,0.09992024805021556,0.12288897218171695
0.09953251994069313,0.06334758451848442,0.09814294814843084,0.0985238440611144,0.09092566831016524,0.1142024529005531,0.21265355729568292,0.1301876846412435,0.09248374018363237
0.13167886486875527,0.10627446545653696,0.1129826393573627,0.13233020189568026,0.12650746983865233,0.05095198322051223,0.09963442465236703,0.11588207940527444,0.12375787130485887
0.10274295295413727,0.10029296795407072,0.09027497096091784,0.12239819691357821,0.11073156054894234,0.06165468777767147,0.16376684879172612,0.1434032729654019,0.10473454113355408
0.10985594973431075,0.12450682927414532,0.11235567804312187,0.10212323775639515,0.1120565631908716,0.09472978954691395,0.14647706798564622,0.08918370008753933,0.10871118438105586
0.10777692237701897,0.12918605572902866,0.1083045276981955,0.1084367292881915,0.10982444108227125,0.09534733686789316,0.18473910613997577,0.07877904446975924,0.07760583634766595
0.11388390159829836,0.11347252130520957,0.11523759745456269,0.1079187450967007,0.12599495784173176,0.09986800548694096,0.0944400490546663,0.09746119045566388,0.13172303170622576
0.09731212881897282,0.19632083020905267,0.0941647476155213,0.10696701461288571,0.10781610928330705,0.06578754301626265,0.0443471693318947,0.18152552441177638,0.10575893270032673
0.11027452770881707,0.07710792469800302,0.11527084335374067,0.11833227389547658,0.10613585772166645,0.09175467317987096,0.1007472660760073,0.16709945254810776,0.11327718081831017
0.11108494748695048,0.14606458808497158,0.11185322703626581,0.1380912956107048,0.1305777989233532,0.06192154284397724,0.08860074149024079,0.11360338450483883,0.09820247401869724
0.11582816724138527,0.13128025972780222,0.10238985073168401,0.12305120433956944,0.1388951077463403,0.043596740215613765,0.08560643771235714,0.15468045450247556,0.1046717777827723
0.13205644368490418,0.1993942118626398,0.11169348285484322,0.13232083096200994,0.10590143973925342,0.05627859054854704,0.07060875360749298,0.10310253101614758,0.08864371572416185
0.11320207302162501,0.13184640901281128,0.10131425829706353,0.11602603050824316,0.11588000194562557,0.08545174919740404,0.14668862196085636,0.08807464016585138,0.10151621589051964
0.11138408925879313,0.052230097643963504,0.09867706473199893,0.11390100391008813,0.11100571971752483,0.08964661694795939,0.09868430330102089,0.21073438244054885,0.1137367220481023
0.12024030743105296,0.042646890946495784,0.11827493094769326,0.10311735829136814,0.1332878212044917,0.10415263379992142,0.06436719476564731,0.18848022212053195,0.12543264049279748
0.10664190075621742,0.13217471203266432,0.10157350843746156,0.1068009623076208,0.10528619290745898,0.20212070276936292,0.05726446233787441,0.0777288733776272,0.11040868507371242
0.1140641300584763,0.0948059830798174,0.11774747109072488,0.12509295562867093,0.11587114391308782,0.09533660412839877,0.05265595820082778,0.13944466528663588,0.14498108861336026
0.10680946052955004,0.11060878029237192,0.10439331046507745,0.13520720841184636,0.11073404124906024,0.08372466884529366,0.15050575310953615,0.11411446346007148,0.08390231363719265
0.11151137335219295,0.051032579850080785,0.1178546363542194,0.09153862455136234,0.11859240855455798,0.13055949958260812,0.1390689043434,0.1192923884635691,0.12054958494800933
0.11810474408838634,0.053320579611212525,0.11293040036919381,0.10305535112484128,0.11884589765513688,0.17219874679205802,0.09893141068000927,0.10698055564899044,0.11563231403017153
0.09739576881690985,0.14531091560210774,0.10336227937749125,0.10399673391605002,0.09852446535671039,0.10826601115739691,0.07655020248848342,0.17251483867172268,0.09407878461312784
0.09432776695509543,0.10395819023273822,0.09380849296269585,0.09891663415142571,0.09695241414494515,0.07105328682588158,0.2434985320250264,0.10962780524357184,0.08785687745861971
0.12987458619551612,0.05682235603054773,0.11601521224153417,0.13437782886670235,0.11460480995117073,0.1319707273760463,0.12478942406211481,0.09453635789327275,0.09700869738309494
0.1068712160661865,0.11061780148723005,0.10432665249205707,0.11205708868976903,0.09647249154281261,0.22505230520427602,0.0413696285899369,0.10635874042882658,0.09687407549890518
0.10777446571710629,0.055050023776440554,0.1233589952061291,0.10210653103412494,0.10912557951725478,0.11320866675714143,0.1477507426199679,0.13396613831931628,0.10765885705251878
0.11684253943499039,0.05310126915218214,0.11489013749773254,0.12568367746733508,0.10418913169816084,0.11302562806073586,0.08705984537536397,0.1740983876659352,0.11110938364756406
0.1262556515829467,0.08550102804908406,0.11481499849049721,0.11418832820921908,0.1328494516953004,0.1296145844412949,0.03679484554166123,0.12461378087909074,0.1353673311109057
0.11832564656489374,0.13091819905951885,0.11024363407794009,0.12768260224631237,0.11874375527483484,0.13524822598283573,0.039900082460703895,0.10900535396803823,0.10993250036492225
0.10514112070055098,0.16269986375452725,0.10140297084309145,0.11601450322903827,0.10064041265472673,0.09067255924981148,0.1372888513672068,0.09143368278791257,0.09470603541313453
0.11312892165346382,0.06807823887445492,0.11856907126896239,0.11945591229074794,0.11000084093727436,0.12887725812741255,0.045372449977125424,0.1793553625013602,0.11716194436919843
0.11023205808882312,0.15748247864839604,0.11220867835297149,0.11760590128354993,0.16198005696410067,0.06952032659960715,0.06959100666875805,0.12129557640433682,0.0800839169894567
0.11098685422491118,0.11239852829909791,0.11234764707492967,0.11444997951073259,0.1291289214535711,0.07396008911754101,0.03493406365001736,0.19107895568247243,0.1207149609867268
0.12776008453563248,0.09640282892328965,0.12630069058278984,0.1202262566266143,0.13043538888256803,0.1279492795348001,0.0755450280993631,0.08890294782616982,0.10647749498877268
0.10742826574779311,0.07840848465198122,0.1115918798127374,0.10882294584088713,0.12401331746024807,0.19770388089753377,0.10002820695283747,0.07766296291900725,0.09434005571697458
0.11094783819417468,0.1228526621320518,0.11156318367348007,0.1067371056715319,0.09979741207690655,0.18457412676505744,0.07457173318756395,0.09231620841735068,0.09663972988188296
0.14021729930502191,0.09956243227782524,0.12059186981027008,0.13728206379711752,0.12347751313582567,0.09558675896878943,0.08808882022219465,0.09354733003651867,0.1016459124464368
0.10850979653812028,0.04937076034073854,0.11515084653197466,0.12567637001902723,0.12332901737573655,0.21257105934862416,0.05860028931778142,0.10408686144192815,0.102704999086069
0.09949071834707192,0.11485163565713641,0.09824164691659597,0.10963697514867526,0.09319646519592062,0.05341728477178418,0.17511637488761564,0.16433468510207824,0.09171421397312175
0.10956472157241048,0.097744722225321,0.10963531341527309,0.1255678122164606,0.14094852750084952,0.09526157741029972,0.0741531566284377,0.13663033308304698,0.11049383594790092
0.10918143759753852,0.13982085454565085,0.10876517263075253,0.11756865641616347,0.12546090356160133,0.10639013744182439,0.09161905551159398,0.088197077211295,0.11299670508358
0.13240723553831815,0.08918974300101949,0.11499677437189386,0.10803095494104697,0.11463894538518504,0.13272071920577952,0.1256060165647881,0.07270650370322972,0.10970310728873918
0.1325175203626022,0.09119239679019575,0.1167879410001894,0.1239749333370521,0.13624458876955567,0.07784043960159447,0.10577384091643284,0.10556747724385236,0.11010086197852524
0.11724451371131066,0.18054767663351443,0.11762864456703999,0.10026693032771355,0.1131902561866288,0.07061538486147656,0.0720845687343694,0.10481750716978376,0.12360451780816294
0.0896426338379994,0.18069951559774364,0.10496961101341384,0.08644929936661559,0.0924005547701976,0.12896291199718504,0.16712258684866202,0.060129218709526346,0.0896236678586565
0.10595664780644387,0.18057937919758218,0.10938517811519488,0.11554426656014265,0.12741336620093852,0.07001931434532785,0.07951274146627593,0.11009796616863417,0.10149114013945988
0.11695891646729943,0.09093809450795894,0.11047364089562335,0.10955940404511506,0.10462929901380857,0.10893228087516725,0.09925496183860054,0.16151427679782493,0.09773912555860202
0.11082018444363273,0.07637971413998423,0.10774230827918589,0.08980018923048279,0.10397227814410652,0.0929583137811049,0.0724857431420145,0.22861289403316698,0.11722837480632141
0.11730580877269318,0.0615257615307272,0.11478194539379531,0.11981576397378683,0.1255580410946455,0.161743248069101,0.08747296450067892,0.12378330185217291,0.08801316481239913
0.11896504843461846,0.13501849297459256,0.12092843962938625,0.12799866385149622,0.12132927400887161,0.06780331029825308,0.07546860203785963,0.11385050823828535,0.11863766052663688
0.12545929478177612,0.05502848183893174,0.12140324319995044,0.11051476241512674,0.13822206780921573,0.17088641547511565,0.04866474820363626,0.12093710299440956,0.10888388328183778
0.15390859220066602,0.09450740367368216,0.14064154570093057,0.11067015109446447,0.1315295833357637,0.06471095517656068,0.07323800677643767,0.1075534554717606,0.12324030656973413
0.10624044933057775,0.14854366347580425,0.11013497874068685,0.10641227549772421,0.1220492767095932,0.08367767977702019,0.038820480280843256,0.14217910682856244,0.14194208935918784
0.10730450694073028,0.03672195712174074,0.10857480275956945,0.10092003065252508,0.11864992470375853,0.19751985023743557,0.050493246960945926,0.1436572242031553,0.13615845642013907
0.12073649172746181,0.10212498231419036,0.11697269416573886,0.12720855804359282,0.12723260661827013,0.09183203558585147,0.1158482402127173,0.09805917564605669,0.09998521568612051
0.0918167729209665,0.10371939748745805,0.09059171224483888,0.11886987004419414,0.10813466014292117,0.03181597729378797,0.1983020339980026,0.1775414763376941,0.07920809953013651
0.09888351829179842,0.13962466683355468,0.10502725530947123,0.13391844782099757,0.11189164504607003,0.051956371987037515,0.054147141411859244,0.1793282474678526,0.12522270583135864
0.10835917389942895,0.12792164358822852,0.09284103648692738,0.13342597491495944,0.10902834966832887,0.07495462523173968,0.16528885003263924,0.09243693481526605,0.09574341136248193
0.10635327521072137,0.1330263112768176,0.11144034455533192,0.12043395296837787,0.12408645928102328,0.09298529270604267,0.03758049437063429,0.17123416680290218,0.10285970282814887
0.11111492055590216,0.16980361813303815,0.1085953243334612,0.12049518139707754,0.10074861143762892,0.09614732213777806,0.1013553566599979,0.09843398624777243,0.09330567909734362
0.12392755477150197,0.05706170150595802,0.11222373943195373,0.11707806082962684,0.12028189865352963,0.10881393172965532,0.11207758058062121,0.11925932156243411,0.12927621093471917
0.1124797569984227,0.062145350796759334,0.11089101009426243,0.10405947409575793,0.11876026094025165,0.15554711253472972,0.10482401376539204,0.1227921022792756,0.10850091849514858
0.11411226276652385,0.0690810902938286,0.11617264346595735,0.11512966029932277,0.10259030614977131,0.20535070291444782,0.09900128533974754,0.07378565609806222,0.10477639267233857
0.119233208897411,0.10002171377741549,0.11784606494738281,0.1201468138754026,0.1307134339426478,0.06623480609777269,0.05280986338526631,0.16297242291332228,0.13002167216337893
0.11421344660019483,0.06468713363807126,0.11247192839100273,0.11855299437034512,0.15303150788969577,0.1075093771402454,0.07047305540397192,0.14696149548006743,0.11209906108640551
0.1327989350095039,0.07363425538358037,0.13306595201025637,0.13670610411600811,0.13100169486719934,0.1284622989360012,0.08585648013786705,0.07806064202798149,0.10041363751160208
0.10491750696265695,0.14028607303806603,0.09901829165004589,0.11025544981627049,0.10247272061621086,0.05871759555395715,0.11963733260273297,0.14453722465875962,0.12015780510130002
0.11413758215286625,0.2200768983194384,0.11642199475708843,0.11062572623628454,0.11628223652613401,0.059803415198789005,0.05671191114610604,0.08479614432943137,0.12114409133386195
0.11231268347493366,0.13365605453531668,0.09916854252543787,0.0951474607363705,0.10377900614418684,0.13003174649422797,0.10496251377293726,0.11203320373616384,0.10890878858042545
0.11354990129348404,0.05069013105358974,0.12173912760811313,0.106644612211924,0.10363926265983858,0.1536436377706957,0.08678782469302156,0.15781955727388222,0.10548594543545098
0.09701242822308398,0.0839252010248784,0.10118269615904359,0.1004645583638742,0.10379265365047737,0.13636396327206826,0.09018816905036965,0.18376895423402786,0.10330137602217666
0.12711551267559013,0.058591367215172524,0.11576092767453726,0.12112494841130854,0.12563572203344855,0.1863147724579417,0.05481730648733533,0.09433634387083094,0.11630309917383497
0.10541205039620889,0.17096919526947849,0.10481348533944619,0.0985926969037716,0.11272078199011977,0.14789831897244266,0.052155723911595446,0.1042589912208301,0.10317875599610682
0.13119290604526607,0.07895105383803651,0.1159977783455568,0.13635882413979075,0.11980100290484881,0.1525090615713056,0.04023844492589862,0.12221126901970687,0.10273965920958995
0.11521584993854637,0.11617278454255824,0.1009637511618166,0.0951729033637931,0.11097627330044697,0.07135333201190307,0.10060100822019886,0.17985428196517847,0.10968981549555834
0.11460240308677129,0.18837376622994947,0.1089142698758122,0.11995342097949481,0.12295161393779715,0.07806277834719906,0.029522429683372087,0.13100474130722486,0.10661457655237914
0.1082153413044739,0.0781707299975919,0.11445715090138169,0.12490200975268255,0.10780937180387788,0.17036171876624906,0.10202457154807126,0.09273882918363095,0.10132027674204076
0.09962144125704503,0.02576281665573796,0.10100230508316425,0.09888070966606434,0.10075940317565901,0.045919901841547796,0.27487835226024865,0.14961850049398917,0.10355656956654381
0.13222510879915206,0.13615732145545115,0.10686483658816558,0.12032972202240078,0.1234341939175012,0.0476317432745143,0.12910505861446453,0.1015849331012726,0.10266708222707784
0.12408969846882156,0.07570487833812486,0.12780488504026769,0.12072883790319595,0.1322659192384936,0.14841796770255508,0.05603870441948348,0.09714798873903353,0.11780112015002418
0.1147990588564418,0.06401018334556992,0.09442268612686738,0.12350415287115525,0.11143456015373764,0.03289205847366206,0.22651558186815013,0.13894324134586108,0.09347847695855478
0.11814932315255877,0.0512864489858983,0.11403657430179144,0.12113693621884726,0.12184033714274811,0.1431183368478568,0.041912883540089346,0.16703393243138062,0.12148522737882934
0.12028448411846959,0.1082528215953522,0.10975268957741413,0.08925743650463998,0.11915928907135696,0.08806292440944678,0.16104457345325696,0.08725467936654108,0.11693110190352225
0.11644802801818081,0.2591562530156116,0.10525161977791252,0.10894373637908682,0.1316699173496958,0.06634798756870776,0.030021819086498005,0.08188496832969994,0.10027567047460677
0.10055632819592351,0.1786889502555348,0.09665219553675762,0.11653440081312212,0.1012409966248262,0.06820611079499261,0.1362349122952794,0.09897367091467385,0.10291243456888986
0.11925381900103733,0.0477189519297222,0.11732269340096525,0.1234814603080393,0.13190979721832743,0.0943156542545102,0.14046676999703406,0.12654361045692558,0.09898724343343858
0.1101004655162144,0.1809730284546062,0.11193200034687521,0.1055574485534639,0.13530942600042403,0.11803354304258395,0.05075702759550784,0.08575922634628387,0.1015778341440406
0.11520000867375774,0.10033991196679674,0.10384581461359983,0.11482923270645491,0.12835584570714617,0.0976870997430689,0.13721305743078857,0.09737269081490718,0.10515633834348
0.129202114803803,0.04582405754323108,0.1265526082652134,0.13929604688395392,0.14195912442001943,0.12240476419279707,0.09485316546001472,0.0951762020227126,0.10473191640825479
0.12605611433325392,0.06526659947319842,0.1149464058346689,0.14303134982191168,0.11164025413762442,0.05367432142413192,0.10675901753764176,0.16838834744699538,0.11023758999057366
0.11199291179025733,0.15061120294529992,0.10532605305631303,0.11773046583186579,0.0995728078280585,0.1275567231182453,0.07954813357824551,0.09488321822148789,0.11277848363022686
0.10372277732649117,0.07907204335040237,0.10058826944102167,0.1208396203917279,0.11756907405882148,0.03296915858793394,0.19918425160005704,0.14789357267702144,0.098161232566523
0.10904673420033055,0.08762564247265646,0.10549130403314473,0.12369673355711623,0.12190397976800127,0.0615153596169655,0.17105971387762584,0.11206374731774364,0.10759678515641581
0.1226326542422338,0.07211528787385406,0.10507005528578454,0.12796996589270837,0.11273976030698706,0.06280611957555379,0.10530301975452187,0.1773311246456641,0.11403201242269244
0.11714406380822373,0.11172965282351961,0.11318330477948939,0.1042619511782877,0.11280978268098214,0.1568738199913646,0.08351484376350889,0.06884615174363581,0.1316364292309881
0.1128617711236141,0.19360050956279903,0.10784199006432071,0.11173258085179921,0.13683707833512546,0.09433153205743272,0.04626728614636497,0.07501355248168225,0.12151369937686156
0.09894473859553664,0.07312939000825798,0.09823186500365826,0.10411661102781557,0.10060174676903792,0.06260550740484384,0.07639214103985698,0.29016917398974124,0.09580882616125164
0.11866541701352144,0.09213573309274825,0.11175321049862859,0.13234103282797013,0.13632212599639895,0.09221938186711993,0.10068756120813598,0.11037382367553557,0.10550171381994117
0.13015562766744124,0.10848113866511085,0.11696899643773402,0.1129891289886021,0.1114909302770349,0.07158341311223583,0.0474326991868503,0.17751804132279933,0.12338002434219146
0.11609891870151433,0.08657555832101617,0.12078162591969188,0.10955957101053938,0.137277719366518,0.09790053053178781,0.1281458544813531,0.08112742268313768,0.12253279898444171
0.11721219215830525,0.07729201534586566,0.10039566328993284,0.10464103619641558,0.121504273584003,0.07526715981111964,0.19736480028954287,0.10092129607284749,0.10540156325196766
0.12874150927726916,0.1492099702959447,0.09781896988456423,0.1299625870578189,0.10536223842670474,0.034214283171894094,0.10378649183910511,0.14945711313127963,0.10144683691541945
0.10996171293712047,0.05714250691364157,0.11657927355730553,0.12600252860452527,0.11222220920649922,0.12912041219466033,0.11330168710756887,0.14887667014550335,0.08679299933317532
0.11743328853433271,0.07488224427579226,0.12647698927408513,0.11808350641606306,0.12885797588519002,0.07534775383407892,0.12751262545925893,0.11846860563505683,0.11293701068614213
0.09331693755441751,0.03785563005429223,0.116114926131573,0.10099774357897418,0.09481943604107627,0.1666831688162056,0.12192145158097241,0.13115315184917903,0.13713755439330974
0.10897229010982801,0.21703425839103432,0.1107053490011905,0.09999483437033359,0.11438711702063144,0.10630280398407506,0.05572959551508728,0.07991029572259158,0.10696345588522814
0.0828072820490509,0.05585189643205369,0.10902500804427251,0.06728327214409392,0.07492560920076101,0.11888507760470006,0.29401845739639326,0.07234247833082673,0.1248609187978479
0.1032694741444108,0.09086544558388744,0.11547574154297996,0.12237310961266674,0.1155394577890259,0.2101614992656363,0.07498875830288501,0.07088426931967617,0.09644224443883165
0.09853580401433863,0.06642300042825981,0.10006389748018202,0.10523358804208889,0.10287588312984225,0.1556516797425224,0.044750727176317895,0.21451874206284713,0.11194667792360095
0.10782043025124612,0.08299393025584183,0.08435250221216,0.12308460723397413,0.10572254665304585,0.03251844571993616,0.23568955998984012,0.12930812327068597,0.0985098544132698
0.1004335318261879,0.07025308892833125,0.10030153932976704,0.08698018611275248,0.11010233674419258,0.1751963274215076,0.157808967946951,0.1017309858283099,0.09719303586200022
0.12306480837457286,0.09379937015199842,0.11441466619322749,0.1279900407855199,0.13626686227067653,0.08125580760964184,0.06877394330103177,0.1348640547508344,0.11957044656249687
0.11031994213189965,0.16921144515334538,0.11098773674108227,0.11098991747598029,0.1309618192034687,0.07436576081261896,0.10610899400924508,0.08658246328874591,0.10047192118361387
0.10216980017069305,0.1132753453545916,0.11089239917949735,0.09483446259756105,0.10981854481811065,0.18607686306779977,0.07682588777452432,0.09043630159145588,0.1156703954457663
0.11531490451156463,0.03984014056887958,0.12102099274045401,0.11365184413048447,0.12502456648334884,0.20241436211007505,0.0534132127137923,0.12248384775771498,0.10683612898368611
0.11762295989257392,0.23152447521507188,0.10911106104500663,0.1168104124352512,0.13084528461765893,0.05865857373541464,0.042726443061067536,0.08255982906542039,0.11014096093253495
0.1094838346939946,0.10031305005161627,0.10827199051082703,0.11966109565146872,0.11777889488702925,0.08046685842374916,0.07390317589390864,0.18217532470587192,0.10794577518153438
0.10104653329040048,0.2803955002876243,0.10148602191324833,0.09103575795626086,0.09965183246963306,0.09572406912913195,0.07708971555717113,0.058215397835224926,0.09535517156130498
0.10117841003590371,0.15815805078079095,0.10265483282315041,0.10256224578222946,0.09304240674277708,0.07919750308496024,0.06635685306574711,0.16661798648686088,0.13023171119758006
0.12318404413968682,0.15084303542192842,0.1231059811419057,0.13031433604792542,0.13290489984953935,0.06532649178491763,0.055539501649171735,0.11887359527397817,0.09990811469094678
0.12253832558714728,0.06438019777838917,0.11435411670206265,0.12142037129480204,0.1413265171486814,0.10101232437897974,0.052310595563935657,0.1749324118567587,0.10772513968924323
0.10556033990245851,0.2221653223074996,0.11217834412797184,0.11301678167378575,0.1215614488005629,0.09551215275368537,0.059268356939965156,0.07181777904956829,0.09891947444450255
0.0938703734046238,0.25514624980208706,0.09348143658662729,0.09702657427669838,0.0854657665908215,0.10630474662214034,0.07501583036545263,0.08203531767195449,0.11165370467959453
0.11094176399907936,0.05419464864570345,0.1165577613703848,0.12351544136005917,0.12535188445002182,0.19313750374719296,0.06060342832995178,0.11524335379806501,0.10045421429954156
0.1170094649712266,0.054067197309937004,0.10525267326153488,0.09917773497050682,0.10994775344224117,0.07160637041561926,0.20617071353683813,0.12121879418938623,0.11554929790270992
0.12800730861664472,0.13219715502742632,0.11261422339002593,0.1258572095823922,0.11698773684476065,0.08744403657048955,0.09004163456653329,0.08948227539811293,0.11736842000361436
0.10394977408383949,0.0697850312449703,0.11328564803165904,0.14263374482966493,0.11304814711196624,0.12175214926589378,0.0531228677968591,0.16711050000510985,0.11531213763003721
0.08998104153420489,0.02661028765269051,0.10012940815994227,0.10397772944867707,0.08588460290346785,0.2911175404292721,0.08679305815243864,0.10423525040735439,0.11127108131195229
0.12808894952358377,0.06849160914138876,0.1140389119267557,0.13958734844265697,0.11139174254471991,0.16135923976894048,0.05016790742080072,0.12788761219118183,0.09898667903997184
0.09987439214402809,0.11639040739210711,0.10699437051766485,0.10367216613640899,0.10329786084241997,0.26308794322372053,0.0429350971501209,0.08110484911112321,0.08264291348240643
0.12659737189493367,0.07284000047161442,0.12422698581413688,0.11200112288881388,0.13786197562176486,0.11699447171080994,0.09100675878029695,0.1006336468106525,0.11783766600697687
0.08435676915761747,0.09256044914910837,0.08208965853119965,0.13641062300386542,0.09599988130376153,0.05559887192353741,0.2595154883610671,0.10370949451332732,0.08975876405651584
0.10996017450301453,0.10615949108137578,0.10761218103379185,0.09668561982153358,0.11416066562389937,0.15095784186226513,0.1098242200673782,0.0948833725813533,0.10975643342538828
0.09732101134716747,0.07469821686417524,0.08812045925591212,0.11507501376293418,0.10621350794828181,0.047934488735976166,0.19143966406644372,0.20139001335870485,0.07780762466040446
0.12409147744299825,0.1335848685661233,0.11787899348836588,0.10870637136323617,0.12843708124509948,0.10312256580408252,0.09720173513509787,0.07456487138043834,0.11241203557455814
0.12000742939521412,0.0999395769822889,0.11710362801606534,0.12239165638578414,0.1243474824130185,0.17858121205237834,0.049705664934885825,0.09018214749284886,0.09774120232751593
0.09856862509515325,0.2380492683317417,0.09867195312930888,0.1210598384534551,0.1163066617181655,0.06086380664573429,0.08962869908961868,0.08022368323960537,0.09662746429721712
0.10156622160379292,0.06714581482968039,0.09602680333424833,0.12500533539927242,0.11272245409145086,0.03737146297996087,0.21269749135842883,0.16460575815088155,0.08285865825228379
0.11635234192638981,0.14767827288185906,0.11003068486557621,0.1486015713869193,0.12220669201614807,0.03321342838902874,0.07942618951985866,0.13293575501431817,0.10955506399990199
0.11098551659789037,0.0739856160969545,0.11435780693498791,0.124083376939035,0.11443679647601483,0.10525442081860666,0.0829515384598473,0.18012964348132812,0.09381528419533526
0.11248278921334627,0.07470040630945665,0.11030425470387732,0.09417353906013594,0.10930821309605558,0.1638389771216765,0.09917094334543926,0.13650997876006768,0.09951089838994466
0.11566446031903248,0.0887362688282511,0.12137755199130883,0.1097273854055603,0.11046880763083078,0.06781371088881125,0.07669766752108893,0.20629262456280958,0.10322152285230674
0.11807270542988794,0.09362942155558464,0.11219191726011812,0.14532885602428333,0.11068343187824109,0.0970387054459055,0.1135668166919123,0.10769426214561943,0.1017938835684477
0.11156198621357642,0.06217638998848655,0.10853060351544956,0.1360765410424533,0.11685810511341761,0.10727354999314564,0.08869883596211829,0.16435078518896307,0.10447320298238955
0.11354183322634383,0.05854977010054215,0.09697849852019164,0.11124696825251468,0.0941799251610901,0.16868674035533512,0.09763774966091802,0.14283653574904268,0.11634197897402176
0.10104397456006305,0.0368609827619597,0.10099165255071389,0.09714812825962497,0.09469477652190046,0.2571299482477754,0.11227111731472762,0.08146165386788388,0.11839776591535096
0.09580495046904049,0.10508018531470971,0.0991786615071562,0.11503725940929325,0.09167924223960182,0.12424524414570286,0.15168747150879988,0.12315045821034117,0.09413652719535466
0.1088931542503749,0.15311088004211354,0.10443819557081678,0.08991367814524147,0.11955268980291778,0.11116912102683207,0.11355396468692237,0.08796133383291926,0.11140698264186182
0.1102900651365422,0.2923881117963765,0.10760115868159441,0.08409375122527275,0.10559534976300562,0.045772405371167134,0.054178478989927975,0.09618498240445648,0.10389569663165683
0.10951509405450122,0.11144659622302194,0.11331352366547398,0.1013233536746486,0.11288532500823177,0.15600469219148974,0.1224142204929548,0.0689456554563679,0.10415153923331015
0.10593741047303358,0.06823708732366318,0.1123295730352541,0.10542692386137058,0.11474084842645625,0.12761700048063873,0.04897747658475441,0.1996727807483399,0.11706089906648931
0.09420275090757468,0.19642979183028653,0.10155707432632714,0.12178750034462911,0.09888448439216246,0.13667943569907523,0.07617508870919897,0.07058456104287937,0.10369931274786649
0.1051393572080402,0.0320429072917798,0.10664255451299175,0.09699666796788044,0.10522701013801117,0.24083996602134253,0.04557824556702097,0.15578344264482025,0.11174984864811284
0.10158014425508577,0.16108107415325626,0.10191821436801178,0.13200570902853073,0.09939744894368756,0.12349419700512909,0.12132792162145427,0.06911110385078756,0.09008418677405705
0.10614824988558512,0.2342330645607339,0.1058023364878888,0.11948882513667584,0.12474881154590332,0.061406969885082895,0.03615658995966153,0.10780819641372352,0.1042069561247451
0.10660102281256716,0.06601728903089489,0.11438434787159714,0.11598444845182664,0.1304730995355036,0.16702768234858026,0.04379878644804697,0.13451231646107045,0.12120100703991288
0.10695424946379566,0.1423069153892241,0.10707087498006329,0.1030469691112273,0.11454613032073317,0.11923414781817004,0.12705408007308439,0.07608326594270191,0.10370336690100014
0.10219044862583963,0.20306648031439647,0.10084967733468314,0.10303472233898665,0.11121097253496288,0.08779942414768509,0.11743910911170911,0.06794077981198711,0.10646838577974993
0.1350008673333068,0.06543111877129103,0.12460394796435896,0.14909024543952257,0.125568857301025,0.11430772938971952,0.049990787418349635,0.1106162200024809,0.12539022637994554
0.11916974679907942,0.04387065057144301,0.11920350038553756,0.11196062976147246,0.11333806943962856,0.1637256886410254,0.10300428072934653,0.12323545935852949,0.1024919743139377
0.1162203084970243,0.05931109488681405,0.12113138622893248,0.1208268285419883,0.1372849297109841,0.18245229496557394,0.05979781182106291,0.1043843039022404,0.09859104144537938
0.10737116082189846,0.0331392312540277,0.10088240543213717,0.11149283950519621,0.12397362971413306,0.16088705112140678,0.17553916775427256,0.0818224361545405,0.10489207824238761
0.12104488420632493,0.16703354111323312,0.1211061311961845,0.11639704152993467,0.10721827719668846,0.07362947239696634,0.10285181240274029,0.09077131121861089,0.09994752873931678
0.10833548660189052,0.17685078295791687,0.10601006527605254,0.11957414033294649,0.11685467923943911,0.0463477370184032,0.03242038541818495,0.17655053972260662,0.1170561834325597
0.11913849122346887,0.07635582813699554,0.12858533323452284,0.11875538313752147,0.1384270161191666,0.08066630512350888,0.05827260763220802,0.13697704398336252,0.14282199140924523
0.11575714751621163,0.10453452708574211,0.11813200731277451,0.10417266528231835,0.1152741025270045,0.1479237986372843,0.07713146884418305,0.09971773499708096,0.11735654779740064
0.1171288155015528,0.06741905748978815,0.12163823002940699,0.12049433402703154,0.11500528199598486,0.15266449708554386,0.0978448067303035,0.09645838000687323,0.11134659713351504
0.12094740153271134,0.12860234549230912,0.10466248943325984,0.1265555839265775,0.11776888024305648,0.06256229843147691,0.12139212294600399,0.10567597256849759,0.11183290542610717
0.0920138614475919,0.1576335098256261,0.10253685725205967,0.08837245939700948,0.08057817220113654,0.11497947160488842,0.1809850344427967,0.0905448754395063,0.09235575838938483
0.11556226508159888,0.064756562324918,0.10989510115466712,0.09947308713329162,0.10413417198358303,0.07073844093824662,0.12472621597740456,0.18313991131590357,0.1275742440903865
0.09748969815286024,0.0859267609686648,0.09767881270331956,0.08200628512616569,0.09254327721402122,0.14053530453729612,0.19429212800333814,0.09189073186946366,0.11763700142487066
0.12137482689178812,0.08912725340998202,0.10352353611609698,0.13736569974013538,0.12716535595014034,0.052019050442983,0.17840994821291886,0.10352790258297956,0.08748642665297583
0.1062297834480529,0.16475889258231272,0.10928827878874793,0.10663084801676369,0.1242618038121611,0.0650919895746165,0.09670200719203619,0.11229856707380732,0.11473782951150173
0.10368314213483543,0.12431433874749039,0.10882712691796959,0.1033776932321544,0.12141222004287268,0.06330337032175101,0.06278282624449161,0.18790574013403985,0.12439354222439497
0.1023348160799255,0.18452634218146635,0.10783453435016488,0.10212142425004268,0.1071474212192457,0.12216984809383179,0.0948496626365093,0.08116182069638236,0.09785413049243141
0.10639754234811431,0.12743387620228433,0.10758441482395509,0.11165083340120048,0.09848356248699318,0.06069467783477101,0.16225656554263138,0.1192834573718169,0.10621506998823325
0.1437044803318477,0.03952337234147057,0.1279255166100475,0.12403657941311848,0.13153346315251876,0.14195525523665453,0.03984367589051732,0.1359308247370534,0.11554683228677176
0.10313938040560577,0.11828993703441877,0.11882444493858557,0.08958450850472877,0.1154241036245464,0.10834808850433177,0.16729455173232155,0.07486949761214594,0.10422548764331545
0.12298399601499788,0.036263466680987004,0.11020447442295118,0.11608984981649356,0.12385138668485525,0.056484296381719555,0.09698183431326951,0.21990983903077843,0.11723085665394756
0.10982233987860647,0.1402243076341194,0.09759342147669582,0.10989456963360072,0.11334490851782157,0.07766532571561245,0.11101137523758581,0.11289745411985778,0.12754629778609994
0.11408608969200824,0.023627534467416573,0.11905326584396232,0.1092057608735895,0.13160142864465976,0.12495406483199395,0.16631539664990605,0.0941462945250096,0.117010164471454
0.11852036610266099,0.07609970190828724,0.12627019778747153,0.13099570732321544,0.15719274217487383,0.12178287677730266,0.053282145629637574,0.11797277800115001,0.09788348429540068
0.12064471837259721,0.12318596909723271,0.1016272631292406,0.09393000425777319,0.09054331772853726,0.044648705430526715,0.06948193750575576,0.24892784639883403,0.1070102380795025
0.11650162583262404,0.0729668157358034,0.1171110818993657,0.12776296946680546,0.13271901077902148,0.11305840778030553,0.1502960796868051,0.0726261517413481,0.09695785707792111
0.11980028674571097,0.07179104212346979,0.11666294934537863,0.11228725220592987,0.109607135821438,0.10592518690683306,0.0690633787871764,0.14634223815545802,0.1485205299086052
