0.09529357578596509,0.09035442588239499,0.09152658971911996,0.09457003973157245,0.058012690530250426,0.30485657300294183,0.0985758307265704,0.08547699848587494,0.08133327613530993
0.0804591322829364,0.05814072332489837,0.05113519259561731,0.04207469236201624,0.06615031049686322,0.1786905591154644,0.06680299894830874,0.06094421200507779,0.39560217886881754
0.09924042666184339,0.1425351446886636,0.0841552999102236,0.123876527381819,0.0605838824015382,0.277410904006303,0.08988931762425582,0.05622596942933538,0.066082527896018
0.11748154048804309,0.06898630276589468,0.15566411752303463,0.11915945605910017,0.10050066528032549,0.2025029838227929,0.11118782543553475,0.09719535178669886,0.02732175683857528
0.14813206521345038,0.1244907048004568,0.12989743070144635,0.13044417499038144,0.10177371082654334,0.08518972634462622,0.15170095825633684,0.10072461895434047,0.027646609912418102
0.09467433074226013,0.01973598262969826,0.07167197470507232,0.08225797498258001,0.06434922464718923,0.14589194014324167,0.07966116407122788,0.08616290092296275,0.35559450715576785
0.09088474375941287,0.06287054413206493,0.08763184983500326,0.14041615255075765,0.0732790168446568,0.27932325597259483,0.10186760349578027,0.058352114492392436,0.10537471891733702
0.08333941916683563,0.04373438856023002,0.0667803393841606,0.12275718186451066,0.04766803517335839,0.09949723534455905,0.1029702924328999,0.10260183888573819,0.33065126918770754
0.0929058480060369,0.1549921783562059,0.09232154245548956,0.1029560073019637,0.07432767954312954,0.18664442700291928,0.09413171037907657,0.07570565534928872,0.1260149516058898
0.12395117910710106,0.08493921798160509,0.09448776457683672,0.0863952810122982,0.09790945949005676,0.1573681736687078,0.11499354826586437,0.12325407259750491,0.1167013033000251
0.07344319000440994,0.05658166565548448,0.051727052515857096,0.08528408756779805,0.05717684815447844,0.15428859223741573,0.06229679677896351,0.061944056601624185,0.3972577104839685
0.14443749183131896,0.0942042912021795,0.1263206342760118,0.09862033653444457,0.09455229731227595,0.04261182137567784,0.133513684875166,0.12230217055395513,0.1434372720389702
0.11637436438165609,0.03670734380338176,0.12731641607143238,0.09745292586798354,0.16388733871404917,0.10929280525782714,0.08881340935822955,0.11361277057623327,0.146542625969207
0.14826190649490453,0.06487923679564732,0.11023164262972385,0.08956108857803302,0.08321539351688127,0.11500029862692844,0.1283803354203886,0.11554921344891882,0.1449208844885741
0.1104365205840092,0.06445726634086925,0.11452481324910392,0.15721502701227716,0.07199463408546523,0.19273080472019996,0.10034874171918638,0.09332238595634368,0.09496980633254519
0.09674083975433907,0.0500813341372618,0.11463585570179231,0.134120581298241,0.08230082424344343,0.2174689146450067,0.11698061980268666,0.06434241097778003,0.12332861943944905
0.16875778811591258,0.06370996326859903,0.17112737132558756,0.13775346687295617,0.08330424910751029,0.06092849847464657,0.1325246821045656,0.11825665166731693,0.06363732906290522
0.08586881251158103,0.2975434722110033,0.09931745196604562,0.14479469809863452,0.0635976749821394,0.04352716545221306,0.15236587350489295,0.07472342243361829,0.03826142883987177
0.13854222435602134,0.06933226038295139,0.10680696055119854,0.14836530677209014,0.07808351449590666,0.049806112209819266,0.13429734481804148,0.12044249934267219,0.15432377707129905
0.10236556424912774,0.08172392680798114,0.12121993356086215,0.13316262054436134,0.03836140138694794,0.3447351383977189,0.10596646012279454,0.04372994017832981,0.02873501475187633
0.12986512319877797,0.02332102675606204,0.07684693108024711,0.0971315784729832,0.05626231578387648,0.2584962828645148,0.08809755747434418,0.0690494601534468,0.20092972421574737
0.11804296844911778,0.08694532114809132,0.07236462011946727,0.07909074509167577,0.060330102961028774,0.15882089088890272,0.09361013173946413,0.08824385301145403,0.24255136659079826
0.07988824283246067,0.19881388530629715,0.09446773669592501,0.10409414226416817,0.04765445181405207,0.24161921210306372,0.10233442127239252,0.07215400554797939,0.05897390216366131
0.08678042542267218,0.08944460506423531,0.06224066204460926,0.10567384850274388,0.06567982422616084,0.20511531830137894,0.09367593627088923,0.09513933420676152,0.19625004596054885
0.07964375314672266,0.07040796915693377,0.08863363649238763,0.10221103143330261,0.06333619081225347,0.38453167427866947,0.10414200909116345,0.052815164780180925,0.05427857080838611
0.11126941174714651,0.04146081128516571,0.09594474618130851,0.11489944511898531,0.09661238629013202,0.18409156516986544,0.09547584682548065,0.1353936781547002,0.12485210922721572
0.10068966305743604,0.03625399578484599,0.08704479575001706,0.06722810199217219,0.05820138405686546,0.2346607161429175,0.10239556286869887,0.07226587442785799,0.2412599059191888
0.15877766134964902,0.08546053613311233,0.13010814092225423,0.09416261951535702,0.07601434582478445,0.08542832879382223,0.12846510881714238,0.11354834120929151,0.1280349174345868
0.10889826278986099,0.050007146279326224,0.10492706328731999,0.10752309380052626,0.10546332247643726,0.23985386319021793,0.11389168841747283,0.08665927266524753,0.0827762870935911
0.11262201927602729,0.1716750321990341,0.11334340262446503,0.13357881500926697,0.1204868691788638,0.061662057611262776,0.13599975582971113,0.11856100974133736,0.0320710385300314
0.08519423884678616,0.01976157217045225,0.06655209326401108,0.09634751600595522,0.09985694317761522,0.18770318144334683,0.12526930808609063,0.12050196095532499,0.19881318605041773
0.13945402940477142,0.12426567798736743,0.09946032581632845,0.07895990450095852,0.07187699337317356,0.14640397096021027,0.10318489434931455,0.11420558644091011,0.12218861716696568
0.09612802119591911,0.04834366858919851,0.10473150696114338,0.10577627998303975,0.09693599045855618,0.28455468580979987,0.10780965542746436,0.06136783186499537,0.09435235970988354
0.12800359814157433,0.04557459507168258,0.08533073628406806,0.0833248485805899,0.06073509639426248,0.09998979632886468,0.09337816424667089,0.08361296451537882,0.32005020043690824
0.12315704039345345,0.21953795148796737,0.11285275494087765,0.1399783190843283,0.049282618563094134,0.0645004115209609,0.13775696988456576,0.10850460186854782,0.0444293322562046
0.10388324375606865,0.0758427945538031,0.11933102276546953,0.10860721755149938,0.1704214040526868,0.10829432416901195,0.11584700596700116,0.0988917832075793,0.09888120397688012
0.10360683736518946,0.17836579320638735,0.09960035560669023,0.1291621467692412,0.1126195185744961,0.09383184777277487,0.10890715139863134,0.1186504337517098,0.055255915554879576
0.10784631001543732,0.04259895115639526,0.07260400002078675,0.061883098798760174,0.061652784657499606,0.22618676059244025,0.08979151617132085,0.06720671676761907,0.2702298618197408
0.1663884944134386,0.0182849324863182,0.11302074236233163,0.07245937423567393,0.17170529272757326,0.03702824886479333,0.10497246930312436,0.13423090715143146,0.18190953845531524
0.10806272538640284,0.056092728555146236,0.06699114052545915,0.094972134770463,0.06012970484302824,0.14079125938143028,0.09966755236515808,0.0910712136166757,0.28222154055623655
0.15025922525848232,0.035480362863000124,0.13153482147699247,0.09946548399146093,0.1231576570736354,0.056175763593490885,0.13756087590051588,0.1652658941579425,0.10109991568447951
0.1324532570476873,0.07588232982901867,0.10296504230776192,0.12178518163637468,0.09441509878552355,0.12130207637781511,0.13656766878016388,0.11137040788904089,0.10325893734661405
0.08462959090373996,0.10799788514058496,0.04579773265714434,0.05534505026122183,0.039691547895637086,0.1356355365276415,0.07108539983248496,0.060220872619362535,0.3995963841621828
0.07998408740820849,0.03862584550168149,0.046601192977913715,0.062324081490716554,0.04691566310853485,0.16510862025386905,0.06661864550445026,0.06398638572199068,0.42983547803263494
0.12305523674796741,0.1610719870599804,0.06403410953800197,0.0698689133510022,0.05737057905576821,0.08900619710259026,0.08925813395411124,0.08450960791328237,0.261825235277296
0.11574211505339481,0.12733864020942806,0.0860255656096317,0.09782826953362644,0.10637926677092735,0.18322576828294868,0.11229410615219615,0.07337973078286823,0.09778653760497852
0.11694130943675472,0.0802210146660078,0.08403073062215338,0.10113934465048968,0.07707038902485906,0.14757112608608372,0.11728871142580495,0.16751975050196025,0.10821762358588649
0.10506088891998165,0.02456023996644351,0.09429421897071633,0.07894509365944587,0.11272345063947382,0.15224788540144088,0.08065783122290084,0.09250955974173879,0.2590008314778584
0.14409525830440584,0.013901538949883038,0.14952539492514047,0.12984854094288922,0.09285990445824067,0.054761672863060586,0.14195082109631726,0.10716165227076764,0.16589521618929523
0.15452243560103263,0.04867173727890819,0.15387541005825103,0.17661833841475108,0.06925261898172425,0.047883778092750705,0.16388049756990677,0.1044657679650149,0.08082941603766046
0.14093859886187513,0.07811992004934748,0.13324369582393614,0.11453932728022247,0.06772671916768624,0.23371434065109983,0.10230907763705001,0.07153427639539157,0.057874044133391124
0.10539889676525177,0.08627394358015632,0.0745636410253686,0.06630315219857721,0.07408276913552832,0.1310168109781641,0.08129563913024658,0.10069038534739334,0.28037476183931376
0.19457003790764546,0.09286074511266455,0.1549629844221003,0.11002865480483537,0.051754454315134896,0.05961875945634176,0.1322487689189551,0.09668842872167242,0.10726716634065016
0.0689049360170107,0.07830035317373757,0.04257643684243111,0.05679923039591863,0.04347314309267546,0.1538557409819091,0.06797796955078549,0.06577038092544257,0.4223418090200894
0.08105631325130903,0.1707836443455986,0.0794068208776868,0.09665415936144155,0.04365349239015958,0.23682341539046944,0.08921965760683113,0.052035547091505645,0.15036694968499809
0.1633719636901967,0.05550138099743775,0.10882443128538928,0.09898337079746104,0.0793265569075134,0.020827017431942464,0.11297526093734915,0.12658977281690445,0.2336002451358057
0.1243791783818552,0.1218127120460654,0.18142870165573977,0.13958878650790185,0.07086574529831456,0.12407788305447794,0.11361756696811669,0.08254848042675385,0.04168094566077476
0.06690708021065063,0.1281210052930902,0.059358625709873346,0.07869150463911678,0.050110381446868434,0.27005145224145716,0.08157461543357035,0.03842143044630487,0.22676390457906823
0.1368300217935184,0.06833577068825318,0.1476942554413617,0.090643888199679,0.09079403885721508,0.1714416681681016,0.10741639376064623,0.06314766603438195,0.12369629705684282
0.11523265970804188,0.11997629032147546,0.07466901360288102,0.06980897549688257,0.037215113401766045,0.18086970815976589,0.09603662348911551,0.07888623258978722,0.22730538323028437
0.08315617709019461,0.06874148552122843,0.05056389532637553,0.05353232395491381,0.05789259479011331,0.18626162703114238,0.09047662224667086,0.07555492839654092,0.33382034564282015
0.12295744723214519,0.049077129766999766,0.12334297399261861,0.13007430475642734,0.053997386569107166,0.23779744439990402,0.11912069106149291,0.07280230044412805,0.090830321777177
0.12107352055326277,0.2011416145061958,0.09077548910865456,0.0860121278110395,0.08544281421820014,0.1682852902501979,0.09431423667575888,0.08717209480094357,0.06578281207574693
0.09490952998585543,0.20563443977697146,0.08660009537801272,0.11029983386700587,0.06283996314047179,0.23054091146074662,0.08026261696587479,0.06418204428656923,0.06473056513849214
0.1326225111658371,0.07261426138373141,0.08741646241413527,0.09502369630110082,0.09888790099502694,0.025159865213503278,0.15865685386332873,0.15648186587744262,0.1731365827858938
0.08449294117170636,0.03191484540200638,0.06086709482498346,0.08207799151789541,0.13304849372589095,0.27554037102244444,0.10313232016716849,0.09489188253512178,0.13403405963278267
0.07237237589014843,0.04606683460998856,0.04016361853266697,0.05539597514403386,0.0554621122943075,0.19895950838904675,0.06400785546795935,0.06897597293978759,0.3985957467320609
0.14830081922645522,0.17949702696686676,0.1333866606857629,0.1628520629112413,0.0960649511321879,0.039959524412455545,0.10928351873745351,0.1074717370896761,0.023183698837900713
0.11526508411175009,0.20315661711681435,0.08362631204118538,0.06719723875613227,0.05073212864680212,0.17303208225564004,0.08196847218133581,0.0727990176634183,0.15222304722692157
0.1789673052819383,0.04071210788754504,0.1845122597364328,0.13075373514242492,0.06180524342180425,0.08026881841670024,0.14821327139601773,0.13954494159622352,0.03522231712091329
0.09207601744077569,0.046276556708290395,0.1015071340249874,0.13535263458412286,0.1061131123977788,0.2578445563524776,0.1301295083379362,0.09819328837613739,0.03250719177749367
0.09231364211748651,0.055401616830656863,0.06617091694251102,0.051290015533973644,0.06259405609565458,0.17534299275695223,0.08124011857865249,0.0764404349596914,0.3392062061844212
0.0963319001839776,0.06376949396139332,0.09144634425786402,0.08650898395892719,0.11075592306312337,0.2545759324730029,0.10015617424185969,0.09417426991985012,0.10228097794000175
0.11269039980552475,0.05073453583137499,0.06233210760111069,0.09191398041791421,0.05570533823987824,0.10412012798560388,0.10408731239864506,0.10415379855318885,0.3142623991667593
0.13558122318795363,0.09508602984076342,0.10496773721762746,0.0730647933175561,0.04862796495957151,0.19851857690624353,0.08411937920447456,0.05570067836148595,0.20433361700432384
0.14435453172397025,0.14474989946785324,0.07657347807165894,0.055924810823676674,0.04900934506476223,0.308063237066001,0.08940833835392516,0.07268481363112442,0.05923154579702803
0.09632677437587404,0.1350220428158551,0.11068915686669727,0.14689286141839988,0.06432294351452847,0.18303411882313234,0.10811200722537706,0.06590973059862573,0.08969036436151025
0.08698985359094953,0.11715887062731727,0.07365225864902254,0.09555559209409491,0.0503457712009173,0.3493749989548121,0.07429419199764438,0.04753898497625527,0.10508947790898675
0.12495979534979784,0.10039477521954769,0.1392941781425114,0.12923116034440388,0.06757783651823863,0.1548618494413421,0.10883106616009264,0.1074367041911493,0.06741263463291658
0.1417930569864809,0.1070172748950695,0.12823883643807696,0.08151682452702476,0.07296434926032691,0.11733769629080261,0.14423697250062142,0.10513996360871947,0.10175502549287746
0.10693016412883334,0.11537385335969362,0.10604529285303492,0.0992499558291044,0.06400993789235591,0.2868437837464106,0.10512555408846151,0.06607892917484291,0.05034252892726287
0.08517947013556025,0.14751285798491917,0.10456507944907449,0.09049490731812686,0.06872360966492708,0.3030281660774696,0.10255868950251086,0.05596711628751991,0.04197010357989184
0.12312656030277362,0.1535149657864294,0.1046606040891982,0.051395534312029624,0.04152957590061594,0.25775906579002805,0.09377050068244885,0.06174969797011293,0.11249349516636338
0.1035018263777997,0.07300010042255727,0.06818932039910643,0.05056475404752517,0.07406162589387132,0.19197406409453852,0.07708994378739395,0.0787697492763784,0.28284861570082925
0.13116301187061408,0.13985506965562997,0.1315765676503856,0.1315461738245499,0.055357497209563594,0.14698389274969825,0.14174771808764622,0.10167962770744259,0.020090441244469803
0.12505807092741433,0.09467752197626635,0.17391870276655377,0.11803990655601497,0.11604480713672949,0.08809187648544174,0.1313083903265325,0.09616578643378526,0.0566949373912615
0.11884400233887964,0.11901511295862499,0.11245406731398853,0.09312793378385957,0.06631197756155346,0.21273871748195924,0.11656417721914673,0.09952128064150868,0.061422730700479156
0.18042771880820907,0.058429537963089,0.22454461072924436,0.10270306961844093,0.07931496642765742,0.08813932155737565,0.11982734489720155,0.08750217545497187,0.05911125454381005
0.08642114370863808,0.07783316403011689,0.0590279373518762,0.04774092818643016,0.0673628248350353,0.25972617161094763,0.0671698032894759,0.060335121654476215,0.2743829053330036
0.1246609796820408,0.05979984942438834,0.10863653760088304,0.14156010689593437,0.06362910896348604,0.25393761866356,0.11089958964989828,0.04885941055228286,0.08801679856752626
0.14948641944044586,0.06171427479444388,0.11965252616609767,0.08482461477662157,0.06384311457751345,0.10332131354036549,0.13866985531590495,0.14407431779866037,0.1344135635899468
0.07272829113511016,0.1853554670621693,0.06782645266308669,0.06190449747756371,0.14262696803731606,0.24313009705020341,0.07620948780003714,0.04750939903896923,0.1027093397355443
0.07678062605391202,0.06264674529757802,0.049112399763968806,0.06762774944800747,0.11788753217839358,0.1186170970780186,0.06517901779735591,0.060706680470834946,0.3814421519119307
0.09192406075751307,0.045278980897644594,0.06127032991379194,0.05245858995196187,0.13011890865796275,0.20136889131065597,0.08433255139913735,0.07777310511851858,0.25547458199281387
0.10836684483833232,0.1541248725227983,0.11807909039886295,0.10547664829883974,0.058346040880038336,0.15283111678297753,0.14589532510241002,0.10952008915511117,0.04735997202062964
0.17569373895651663,0.05498429939483729,0.19542322500741963,0.09335231111098125,0.08454572192736669,0.05907397285027896,0.1486464394453913,0.14047459351790773,0.04780569778930052
0.10961970602649074,0.15993472853998403,0.1328603265327003,0.1424318268857159,0.09038736780203856,0.11149522923913252,0.10579210332924094,0.09793028602910675,0.049548425615590204
0.09607187181807779,0.05803019899358197,0.1018174584970838,0.09304543641479562,0.08096010448893264,0.25572162253145597,0.10061872011536228,0.0642604696836205,0.1494741174570894
0.06516119558104715,0.035368665913298764,0.04841913352407027,0.05931647252033658,0.09478423284021309,0.1851469821973211,0.06570838548940831,0.06203865280045471,0.38405627913385
0.12015562569226819,0.058636907605337935,0.1383545042988034,0.18943627223807769,0.12906037197261017,0.07100556462170488,0.13984812922691445,0.10201237844477529,0.05149024589950809
0.11076155824817119,0.2588401106501861,0.09466498519023948,0.07244209421876067,0.1748608276575039,0.055041439512247825,0.12296330141594129,0.07888604876623044,0.0315396343407191
0.12158758173763436,0.07948712081828442,0.09826513914693212,0.09840195341610923,0.06701787362993246,0.0891114827694278,0.14282896936386594,0.18632997958885245,0.11696989952896124
0.12425124041442152,0.06567826614054632,0.12048045948781268,0.16138652484845442,0.09833829364458742,0.10148385425635453,0.139326136956097,0.14057049907318328,0.04848472517854278
0.13751228567706034,0.0540248628648675,0.1671778199212617,0.10979874140239669,0.18702843273378303,0.09215808868117388,0.11529743064803834,0.10113868459449098,0.0358636534769275
0.12645789388955028,0.27917443436680967,0.0871410811251142,0.09850394240201742,0.03372463656584516,0.08057054670545771,0.1507867630884292,0.10279202226623683,0.04084867959053953
0.12494620544703765,0.11912122944194785,0.14207698295137686,0.13449330256007921,0.09241795234916428,0.19381365219966296,0.09988048000744398,0.06798916935984102,0.02526102568344619
0.07319024521035149,0.24027839937368387,0.09936233755098418,0.06876938669658676,0.0792767399887065,0.2904578372816598,0.059162795955974824,0.03426866855214903,0.05523358938990355
0.1183865428307143,0.06526462741938145,0.07845547355555578,0.07611789674211944,0.04915752198275233,0.13926804185444372,0.0970682423755768,0.08014738208956924,0.29613427114988694
0.07801449422231085,0.050720883900339186,0.05400014594156118,0.06458887628550407,0.0688636760274746,0.18120177088821202,0.07330933262342061,0.057314806118891025,0.3719860139922864
0.12169905883911654,0.0572127858185,0.07407933092512874,0.06086132374689482,0.03996908672729766,0.19051442161323942,0.07481038280414802,0.06602906801037724,0.31482454151529754
0.16984505059549812,0.04717347291683153,0.29871321503821013,0.08781921812556041,0.05979854630149976,0.09506677857615609,0.13440554877409913,0.09354806611587234,0.013630103556272479
0.12431383524883542,0.012025576152557149,0.3216897505181778,0.08436556573203818,0.05872985050231668,0.2696110630227843,0.08422675072894009,0.039395421770996204,0.005642186323354166
0.10576160303611067,0.09754556392839232,0.10948701996219884,0.1038660124443535,0.0753403117482734,0.16500823665619055,0.1307344207780892,0.12830531898434827,0.08395151246204323
0.07815595594310558,0.04587551184501512,0.05666354005059853,0.06901478940404819,0.05515749742675761,0.18537106671995626,0.06855010701269659,0.052453455797019766,0.3887580758008023
0.09046455001277974,0.07846358450177555,0.07226351313101828,0.0966704128862782,0.06506989740783041,0.36712602033191977,0.07225817845924493,0.035242171286910984,0.12244167198224216
0.13840633226194773,0.044401964383011826,0.10688190065937858,0.07555523251451919,0.12383858740239234,0.13488718944552244,0.1139964964594841,0.11509036517543651,0.1469419316983073
0.1469810700184415,0.03675295871958643,0.10671187761933114,0.09229028272597385,0.19123610757609008,0.025150687953060687,0.09985296826588434,0.10901336358441566,0.1920106835372165
0.10034016304255151,0.246976504103357,0.07732550067070638,0.10016857106415193,0.03630559803162916,0.24085308801830982,0.11215644588308298,0.05624168271810037,0.029632446468110824
0.07987313474816496,0.07225323685296983,0.05448251623394746,0.06645164358693424,0.03512294738520439,0.28566291526565707,0.08890578541218173,0.07124878093741491,0.24599903957752542
0.11189124062846038,0.0377797395650932,0.10230969722408784,0.07969732829448234,0.10029107384981319,0.18518405171541927,0.11627225784775606,0.11706509842511646,0.14950951244977126
0.15022501667754742,0.08078109826405527,0.18547201674586108,0.1521627601470106,0.08649194759744823,0.05351619308979066,0.15622711720224938,0.10578350948396631,0.029340340792071082
0.21562844582472315,0.09588470106997023,0.12019330876294437,0.08185197174137261,0.06459210310243405,0.06367153607035424,0.14414694632044442,0.14725559732014765,0.06677538978760934
0.07780446077471471,0.05847138158326425,0.04584702165056239,0.08842952102932311,0.04694989329142327,0.167139310069245,0.07290634237109604,0.06264645914772012,0.3798056100826512
0.1448959204052102,0.03136770760946216,0.15098723040303685,0.0929761827657515,0.07620971389585594,0.18164109117979824,0.11297475788001597,0.09517713838163107,0.11377025747923797
0.08153852213502803,0.048371613315252894,0.04012377890143669,0.05445372211969036,0.040797647532882585,0.16407430104895762,0.06686582673862919,0.0609447726731985,0.4428298155349242
0.09078841739995079,0.22033751375694602,0.09472508897234115,0.10265166219310207,0.07993996332810542,0.19337530801751282,0.09618933663540447,0.07781253799155424,0.04418017170508309
0.12024820257162538,0.0435001657805292,0.18613949518586712,0.21374565596446718,0.10755839672632195,0.050800708357146625,0.12258269283674421,0.14122396502836485,0.014200717548933506
0.07916750209834236,0.15754775058407589,0.07807426467618188,0.09972023316299881,0.06092657920327063,0.2836795412768381,0.08157564082618236,0.044715311157970804,0.11459317701413928
0.14476558860096314,0.1217977162520212,0.10470080209884532,0.073830548097087,0.09898501913984066,0.06607194036908114,0.0998887776780349,0.1044956431681567,0.18546396459596992
0.12475518995084602,0.12373726020643754,0.10436903724423567,0.07828935318051188,0.06048890073277755,0.10527622108084363,0.10565828159595375,0.1097538744979153,0.18767188151047856
0.11414835633575156,0.04883072099636934,0.05669190215611305,0.10189109616843967,0.05100659339135572,0.048223919290637705,0.11175454345011433,0.1166897427206683,0.3507631254905503
0.10876964073123947,0.05522048308680296,0.1410926062438342,0.15507890382659947,0.12625286181698517,0.09711044870283414,0.1457438099793862,0.094082585022783,0.07664866058953536
0.16867212623406724,0.031382378664387145,0.2615826177573104,0.12963379031297714,0.05356732969019382,0.09687318556038542,0.14518474404205228,0.09073927021236912,0.02236455752625743
0.13368447831378563,0.016851107897885926,0.07310089369256856,0.1075179211143037,0.05016748020213952,0.05825359178081172,0.11500768609871108,0.11897572882847705,0.3264411120713167
0.1064466462662189,0.008487946875142162,0.34609341550715716,0.09810689019192025,0.05721634634086934,0.24698856086288734,0.08770588763597158,0.0472698111250898,0.001684495194743543
0.0979255723192123,0.1793245393843855,0.14656946020850495,0.12884049446496268,0.10454015343526894,0.09994361449937693,0.1397822768180585,0.08951384548370962,0.01356004338652053
0.06583175181534696,0.0851128686662353,0.11156211898338353,0.18570670569179612,0.15422516743711204,0.18473603363997718,0.10273417931298416,0.0858552500490799,0.02423592440408487
0.125385645720934,0.013974887507838483,0.12568150534887013,0.1089613366070145,0.0672711264319369,0.1966739767168361,0.0949191020968001,0.08612164811511797,0.18101077145465191
0.13390682656736178,0.0904302082353382,0.0912631329084574,0.10678931700292078,0.06657775685152428,0.1003392709898835,0.09663765068605679,0.10484764610870301,0.2092081906497543
0.11470270459680808,0.08033590642537025,0.0823070575283857,0.1032867913270748,0.05388752965635346,0.14437573052566358,0.13594164555229213,0.1138676185850998,0.17129501580295217
0.1152876377562481,0.03839523737257401,0.08272901943425111,0.08133429405637826,0.08167998358023328,0.13620571427347813,0.12358680712239696,0.10370560726918072,0.2370756991352594
0.1160321086196777,0.06351302497855221,0.07680144757415895,0.0661312220239119,0.09879023062056298,0.11402294562987116,0.0817105568119053,0.09092321588006108,0.29207524786129874
0.12898568939988206,0.040347592876038924,0.11173531885425388,0.08053345932894242,0.047266950645134476,0.23850208981554888,0.09029479832825878,0.07713409783942948,0.18520000291251112
0.1270707703549627,0.08341959575069591,0.13594022241126777,0.1264940388188391,0.04633561077522919,0.18938084793739232,0.1463467535505045,0.07054236612160045,0.07446979427950817
0.1448959204052102,0.03136770760946216,0.15098723040303685,0.0929761827657515,0.07620971389585594,0.18164109117979824,0.11297475788001597,0.09517713838163107,0.11377025747923797
0.12524626291102445,0.11103851399944827,0.07992347979778379,0.04949682465373573,0.042509140905313436,0.2256378503361062,0.09674548791136994,0.057319080675733824,0.21208335880948437
0.08467241073508736,0.09918234326467718,0.15396124630793506,0.07380914062322454,0.05476381831756543,0.38159631690380014,0.10020670358872082,0.030723871131424024,0.021084149127565396
0.18117020824712785,0.05720691412256342,0.11448175098546699,0.090636143682389,0.08899211823839447,0.031199041670656038,0.0905613205979579,0.12039573552973709,0.22535676692570727
0.10912273434781417,0.10707087026486255,0.10098664527014399,0.12721710048632806,0.10649031042661157,0.20444707504868254,0.09114545615246662,0.06948459160903776,0.08403521639405286
0.17569373895651663,0.05498429939483729,0.19542322500741963,0.09335231111098125,0.08454572192736669,0.05907397285027896,0.1486464394453913,0.14047459351790773,0.04780569778930052
0.10412842952948191,0.051801979946560904,0.18926800733020502,0.18874461380543595,0.08491272257348136,0.20193682479527053,0.11080737938080627,0.060341857465016274,0.008058185173741805
0.10293043103576462,0.05855054465018059,0.09822322186309686,0.07103842188476601,0.07791879544172524,0.23893036046969265,0.12940825400812453,0.09793895725519046,0.12506101339145903
0.13908380707427084,0.019899167696074454,0.13135780615967477,0.09791355371350607,0.0735153288024998,0.174701353483916,0.0955169160422803,0.08631288872281666,0.18169917830496107
0.10612036680058695,0.11011695962712066,0.09218211153236865,0.12085985616251359,0.059881781939453836,0.16314101163854558,0.12120512675391108,0.10748355285805972,0.11900923268743996
0.1554445635433904,0.20468549472630393,0.13496959251982013,0.1169330266560044,0.07572967572284979,0.04327285861228002,0.1582213542082721,0.09254579631834538,0.01819763769273394
0.09941835076130683,0.08199216932641105,0.0980089979679674,0.11715463116795094,0.058294190011338,0.32950515069930403,0.1134911008932314,0.05682153482118598,0.045313874351304496
0.08867897597011892,0.06515848444751943,0.08431777790334587,0.11939184114053707,0.13129564504442093,0.13682842804679235,0.10255747496213456,0.10812605105087963,0.16364532143425123
0.11729160510508689,0.1154056605187306,0.0731593195506587,0.07882171571508136,0.12787746614359935,0.10764614461948575,0.1126580186990578,0.08539725810241529,0.1817428115458842
0.0773601007823566,0.005648805512657504,0.34537096657821426,0.11449519855546385,0.04276860685236905,0.2572404733984658,0.11133804575984337,0.04506675781021576,0.0007110447504138448
0.11939406357734327,0.027991355376072686,0.1948701229927324,0.09114715345486242,0.05420272225920153,0.3507571234610862,0.08467282299328027,0.04160269301690126,0.03536194286852001
0.15653825023540077,0.06681465360253278,0.13830695225385478,0.09262998367057412,0.05660719687441499,0.07243935652660623,0.1702946598921129,0.12498613308056349,0.1213828138639399
0.14103399491620627,0.05201291257332086,0.10675141736886519,0.08177774304246598,0.13086558287459762,0.10990603913764067,0.12227515485114655,0.1256213884764911,0.12975576675926578
0.11752733481572257,0.05225836787495358,0.09739552592039581,0.11602150293530002,0.0892323590069292,0.13872405651750083,0.12606392966112404,0.13082994918695198,0.13194697408112196
0.08722623541140118,0.06530814184360978,0.07093894587676168,0.05975754983417056,0.09718468343889135,0.23634355550449784,0.06502290929080402,0.05475498606447867,0.26346299273538487
0.13316119162507375,0.03224906155915839,0.1165233120719668,0.10658510264644984,0.19925188652967307,0.03318776265192721,0.11301286229268541,0.12939458719781913,0.13663423342524647
0.0939827209502862,0.13516089429920264,0.0917992450209914,0.1116752363478886,0.13070740536828973,0.07033745103788806,0.12651438861662145,0.12033896071158112,0.11948369764725075
0.11531196572817316,0.06497348509356364,0.056161011250753234,0.06448963715576939,0.06280880716680119,0.14808507107488822,0.07249791769265486,0.05626626425034583,0.3594058405870504
0.15589254891592405,0.10663031639436986,0.11362175275586534,0.09732963672274081,0.12146152137616788,0.06676785186682273,0.12426808013362929,0.17991010384485714,0.0341181879896229
0.1013694204079754,0.1292055041868365,0.08434102280964455,0.10099286782081351,0.07448171427331089,0.13750176044303683,0.09317080636811996,0.10319770756033687,0.17573919612992553
0.1603780835552393,0.03853627488556125,0.19190861448945473,0.14546854531868114,0.05217588676912608,0.08940694203022286,0.15641295965376803,0.09488852326788653,0.07082417003006018
0.0913859054566563,0.10860979697477068,0.07903230319477758,0.08462032553847736,0.041748791768384724,0.35121283647219154,0.11898061087061461,0.07332518691400174,0.051084242810125434
0.14007375279603704,0.09223951195260094,0.09843972458103241,0.09685640280250811,0.09511169632207167,0.05439663704324906,0.12432396192309236,0.1633528681691543,0.13520544441025398
0.11257475054404671,0.05528498989938585,0.08234814349588011,0.0727817558474226,0.06773054477342196,0.20133411793805286,0.0910201295697195,0.07203267329903233,0.24489289463303807
0.11114724557283406,0.14431738913443914,0.11282873732822542,0.11558271266824673,0.10796941665147654,0.21328135493460873,0.08530406676236175,0.07233284149034526,0.03723623545746236
0.17876642423948064,0.02364502639478343,0.20568990832134046,0.13089078252491546,0.08556169740400282,0.0658202219840964,0.13223232513662894,0.1299923386091092,0.04740127538564274
0.13356498500886213,0.06447400957822176,0.10569415762900508,0.07785439421560009,0.16124121490269058,0.06688582683174321,0.13112766343386656,0.11076882080416091,0.1483889275958497
0.11483267373524782,0.12678904460257848,0.1172475301588126,0.1367562793603926,0.0652922394789563,0.21344656232074644,0.09754493165457623,0.07713622288528725,0.05095451580340227
0.1393461435355641,0.024894589337475303,0.10250800239298712,0.07727938965766348,0.13764038301594542,0.050813957580056864,0.124821257382227,0.14336555330559284,0.19933072379248787
0.10005906116653059,0.033224176822084485,0.050827447201402025,0.062317274230318666,0.07982929172145516,0.16985335103837906,0.09275574402536724,0.07693887024261964,0.3341947835518431
0.12429060475399413,0.1675725163946521,0.10090284958393088,0.09649788617580597,0.08269225620880977,0.201298801102039,0.08443824461312693,0.0674233127016642,0.07488352846597693
0.13012954506588192,0.2096252402148223,0.13803529156051725,0.14072074922038694,0.08329077852799908,0.06447786360454548,0.1251062070795316,0.08225004957669452,0.026364275149620923
0.180283447920944,0.05982730320384263,0.1166708073592345,0.07075792943296892,0.09598851144944626,0.07585370925777431,0.11933913239287347,0.13448886455344936,0.14679029442946645
0.10446081945130342,0.05703935321431791,0.0928870396074812,0.11339969162046896,0.12399468010586166,0.05488162961781645,0.1231038067522971,0.13167804969939387,0.19855492993105947
0.11619246458019727,0.22862626068443073,0.12522913461344745,0.09303063892830153,0.10960586790319522,0.07218319073366976,0.12804500491678403,0.10939174039441024,0.017695697245563705
0.08647104795870321,0.09825452701914468,0.08541112384665821,0.11007943227004884,0.12565488437059916,0.29216960342647086,0.07986460958347961,0.06441441706354205,0.05768035446135326
0.09140918627494656,0.03802847975186033,0.10154100371769492,0.11772209187315796,0.10596679197999855,0.299010417137438,0.09633153331360782,0.056130556008073644,0.09385993994322227
0.1462071608380644,0.0692480552191897,0.14345595731324046,0.09513366356335153,0.11380546526496584,0.07880110938513814,0.13666493965234147,0.18205165158784456,0.03463199717586383
0.07008663811706274,0.17742564490580484,0.062388553233235035,0.09186533892530184,0.09914287744355321,0.2229533331030209,0.07593678497435613,0.04978025340409469,0.15042057589357075
0.12790055224033267,0.0896323372229521,0.16120859073940375,0.17325613458062325,0.11361335528028958,0.04776415127372164,0.14956365922630654,0.10759034236013086,0.029470877076239698
0.07735204169125161,0.24756522142533413,0.09162696073632763,0.11763495806165063,0.05397910258928625,0.2495202531818652,0.08705444960152316,0.05006971234031826,0.02519730037244317
0.11098883388825385,0.05140958875806495,0.13569537091994147,0.12369687969327091,0.1341927371358127,0.07979898530515499,0.13524867850441025,0.12844078685581417,0.10052813893927674
0.11806237490415977,0.19856093359950347,0.18411722936343844,0.12154781367972538,0.08983999822519217,0.1061952128792708,0.09077281760632583,0.0721573290786671,0.01874629066371705
0.13806344861185985,0.1362209319967913,0.09093338129771948,0.07999843756516611,0.08300040000373399,0.18386326357377827,0.08549256767999457,0.07105086653863923,0.13137670273231722
0.10827496524300678,0.07396719441261117,0.1319525815692695,0.16855143110835658,0.07145728291682639,0.19922431986848022,0.10554499327894828,0.08557091948306667,0.05545631211943436
0.0854891932019018,0.06552457655422683,0.04454457695950118,0.04684163304584157,0.07410283942107244,0.15613784562733915,0.06147384163636537,0.05386800626252567,0.41201748729122595
0.11340189635912194,0.13909763463292776,0.12734229085224746,0.12377539988651919,0.043702812410624514,0.22135897630968226,0.11591495404945769,0.06964815153698374,0.04575788396243538
0.1696052236568885,0.03945483468367631,0.11977538507103654,0.10648653785703466,0.16304074120068415,0.03536486404002264,0.12410905218289796,0.13075905372027688,0.11140430758748238
0.18230967616589713,0.04133756968930832,0.09080033297613106,0.06253726999660403,0.12696076415515942,0.028811066888933996,0.11843871933121382,0.10783594042232249,0.24096866037442966
0.15035872489396895,0.10452303627460428,0.10401194209732602,0.07148568442685926,0.11154131480235718,0.04881516291589458,0.10987960366192505,0.1177090569699105,0.18167547395715422
0.09987935255659386,0.1449844131449092,0.0859623831870656,0.136225400131856,0.083370190986202,0.1111512246974073,0.13345303306304737,0.13816071546379807,0.06681328676912061
0.10294116798997822,0.08213652711090451,0.08711137396540307,0.09862133336385813,0.10030502775244936,0.2660808282803986,0.09505593474023426,0.08785423389247636,0.07989357290429751
0.16135018681375748,0.03656783632117271,0.1318818163124982,0.10336339366461145,0.10199859032412366,0.028168761297239928,0.14819387466132383,0.1658703613104865,0.12260517929478627
0.11681874625442364,0.09708030163666774,0.18709075266702144,0.09692131254220038,0.05734755651701223,0.19069848554201352,0.13089930223507032,0.11684546973350775,0.006298072872082905
0.07810907542241068,0.04832563567876427,0.055534290859414685,0.0844536522444387,0.06181955721307925,0.207138511590101,0.07644568565751199,0.06722612084821014,0.32094747048606925
0.1435851333178693,0.10497140824073065,0.10017433255799775,0.07159163014534205,0.061420851341271704,0.1554930409657622,0.11263892863195694,0.07665837053915027,0.17346630425991916
0.08333941916683563,0.04373438856023002,0.0667803393841606,0.12275718186451066,0.04766803517335839,0.09949723534455905,0.1029702924328999,0.10260183888573819,0.33065126918770754
0.14952019341805797,0.01809066041556805,0.11794255893978323,0.09825610269202682,0.1308824511956769,0.1404364815824586,0.10630861937159676,0.07695798764878943,0.1616049447360422
0.12052193982695869,0.1387652990937595,0.10424404580895925,0.14258656384720259,0.0706015697165462,0.11824519643781568,0.15927001636412386,0.09779888755006871,0.04796648135456552
0.11954470845411491,0.08219732585864924,0.10441354085459749,0.08424982800874532,0.0799739977138751,0.1818191478051608,0.09307626111391232,0.10209222822384978,0.15263296196709505
0.14192935306020796,0.14085497755706003,0.11022462269515826,0.08989164075938123,0.11408438350251078,0.09016573193161952,0.1039294761434516,0.08966106865618702,0.1192587456944237
0.10295477995101505,0.09414553965808348,0.1092741896596881,0.11924134360660273,0.1423185303416955,0.0480957759673829,0.11870631318600298,0.13321073429688834,0.1320527933326409
0.09442138724614553,0.0572296133933922,0.10289639209791679,0.10361592467528878,0.07695499260393523,0.26852852140048455,0.151875807525949,0.11057925232917581,0.03389810872771201
0.145062421706831,0.1084969123254478,0.14331339540695776,0.14688248790942346,0.08705805576293392,0.10720032323226787,0.1593560567647174,0.067266077015624,0.03536426987579675
0.12906191175489753,0.1636056208902593,0.0853196002070719,0.12911194412836183,0.053177419632151716,0.09454030306583903,0.16566076912988933,0.09533679058860306,0.08418564060292637
0.1504577654267466,0.2080936984107998,0.1943978514622244,0.03833003974352687,0.04142435547920551,0.2548056953173952,0.052142590400972945,0.040437827806097885,0.019910175953030726
0.08839137015932012,0.0670389191778032,0.07282618063463944,0.10724237776603608,0.06036159811845204,0.16711459021649047,0.08369441452979182,0.06778202199243953,0.2855485274050274
0.15955812202621555,0.05894671945597683,0.1473752333023555,0.16267757182363077,0.041600247873632784,0.0416834649643536,0.14756734791697543,0.14910543590696304,0.09148585672989644
0.1323310947467126,0.03828408392641234,0.11932164706907296,0.1206317747597464,0.09209444787783432,0.12457010191737344,0.12701112949420257,0.09725446375065426,0.1485012564579911
0.07686738263152303,0.0530849753464564,0.04114980434579314,0.07286996406578868,0.045128064542271605,0.1408983700324449,0.0604182655339813,0.05173846356682716,0.4578447099349137
0.10838844403054985,0.12359779689529787,0.13371198925948877,0.14605154950419597,0.07372961719498498,0.22626111128046958,0.09426815119310124,0.052612129668975105,0.041379210972936606
0.1596451511208165,0.07845922664458894,0.13150404770949306,0.08663419271096455,0.0648038407873021,0.050732670735354146,0.14003425143292078,0.1446101014274087,0.14357651743115116
0.16783692861471147,0.03318956912834677,0.11652291364129176,0.1271130013222871,0.07671169577318865,0.035966915706493345,0.1433152808179324,0.1324727170391284,0.16687097795662012
