0.07862699155725182,0.08761786703928093,0.08559252130268029,0.01987276530727833,0.13426077252827448,0.3195783560078329,0.0910057602328704,0.07998068279948166,0.10346428322504926
0.07716386896520681,0.09145682004274468,0.08150740571117873,0.06631527237518764,0.07211568678940174,0.2884801452786223,0.1106712668853061,0.09831579697785592,0.11397373697449605
0.15073711420375133,0.1268776204570807,0.09660012977462284,0.01525929354400783,0.11111703719310932,0.1878623904005762,0.09581185926728368,0.09011111216259286,0.12562344299697528
0.1508216387644128,0.09874507130690759,0.13924557101018406,0.042522858515890584,0.1019441895961778,0.08889138886753854,0.1260401170140144,0.12162240404156817,0.13016676088330612
0.11701699625569005,0.11233008201353543,0.12080867705207791,0.0657914578488795,0.13300312041872203,0.09422258988302301,0.13673227421931425,0.10801249349804565,0.11208230881071217
0.09561631110910825,0.1000721955616009,0.13034040307991235,0.04596194051185604,0.10446314167975079,0.18490475209817606,0.11389407125573851,0.09888443531285389,0.12586274939100328
0.09559353536085191,0.08999081165162169,0.12670987708104356,0.15496194369405866,0.14396978308508615,0.025782498628741254,0.11129279900660126,0.1319833007820974,0.1197154507098981
0.18014525798199418,0.06930415114411952,0.0894881326199566,0.05871722095109214,0.07054567451343649,0.2204149575188881,0.09891103254539411,0.10218853944001645,0.1102850332851024
0.148690672484043,0.10344934513658306,0.09779421713137393,0.0656847216624889,0.059182372108475934,0.20321272722195852,0.11040384431472938,0.10178658858049089,0.10979551135985628
0.11337232756722343,0.12830424298388676,0.07504232196902005,0.02852396279297902,0.1489822509885609,0.22843675709420416,0.10020342894205438,0.08681245001964638,0.09032225764242492
0.09152760202281163,0.09076986768797979,0.07877743841718336,0.07664984802828165,0.12522257371235138,0.24954757763665647,0.08898661875025492,0.09297443862369316,0.10554403512078765
0.13345878732845995,0.06552660421017255,0.09845116121657153,0.11485365682179811,0.09587759922783616,0.14987205339423576,0.11554412697672989,0.11026279379109759,0.11615321703309857
0.07689378121779651,0.11494144830597242,0.08570111742591142,0.02934196671999025,0.0792048813394674,0.33729521407636504,0.09861573548189391,0.09377412502207312,0.08423173041052982
0.1664536825274434,0.08603617532846501,0.0899257546689966,0.06661537616054658,0.14068558127175038,0.09484532754834124,0.11902513616984091,0.11656613973699421,0.11984682658762162
0.15720226438686374,0.09419475362610559,0.1018617612535434,0.105953038996887,0.12443540783016006,0.0691413562172379,0.11243309394816874,0.11499746924615144,0.11978085449488203
0.12836120573082152,0.09306719668588054,0.09754567189134639,0.0499344807459206,0.06854072644464164,0.266776426025429,0.09599492438941626,0.08941967008185116,0.11035969800469296
0.20701784279900481,0.07425814800660735,0.06426401027892503,0.006263434852831624,0.3265602468982194,0.11832208084013689,0.07158838056672899,0.06514054358509684,0.06658531217244902
0.12154982500554595,0.08992118599440696,0.06957007752817684,0.024645684733401774,0.2210344452371761,0.175403928039191,0.10203049841698043,0.087017628202484,0.1088267268426369
0.09728083976585487,0.09973235321178932,0.11260944497910857,0.1062027378747426,0.06632143310659559,0.1728916724136178,0.11248380816998814,0.10567266127083458,0.12680504920746852
0.1702560285064999,0.11418778503426719,0.10405413041975835,0.01978853736742797,0.11988554006797887,0.15689533783171003,0.11042811795371471,0.09070818505997758,0.11379633775866545
0.10464934381632977,0.08615431431313943,0.13142036806429794,0.03580102422910665,0.13671432210312623,0.164764048045697,0.10885196733099241,0.10184857028680787,0.12979604181050286
0.09466763168219101,0.10834547671844731,0.2046715634918711,0.08752254239257201,0.17090281931429893,0.03483996896823558,0.10374859611735406,0.09930534862423195,0.09599605269079804
0.16123392654146032,0.07754674189649169,0.11334753981187938,0.21486226666406547,0.08009532732250792,0.0552078638417896,0.09729147169915357,0.10709508372241412,0.09331977850023788
0.15079529410561318,0.08166687121597647,0.059652677430758395,0.16730151010500757,0.04564745576834331,0.24694013270569723,0.08006131022350997,0.08058046679231103,0.08735428165278292
0.08808918719890042,0.1016570728529055,0.1512674066348434,0.038910508261921654,0.0837529081672108,0.23791951109906095,0.11938819355849777,0.08494286947720497,0.0940723427494546
0.10983922951084236,0.10378632775060125,0.08816385233026759,0.07633916693071474,0.055635825808756645,0.2640863763765895,0.10879785937786625,0.10177824029374892,0.09157312162061275
0.17660451950661352,0.07450347987099143,0.13767368758604545,0.04613984918820532,0.14163031391755287,0.1268842131158391,0.10241512471544896,0.10099307851615719,0.09315573358314622
0.1409236785021992,0.0801355175620886,0.08541171884827442,0.08797402789371235,0.13290418550926375,0.13562562834529449,0.11169491108216655,0.11534923351023356,0.1099810987467671
0.14346101136961384,0.05588003808078492,0.2407772822422224,0.031158126856137853,0.1246821940881554,0.0666224379983759,0.10659170211439505,0.11958367383943928,0.11124353341087533
0.12034575482800434,0.09729874887900754,0.08296650953889152,0.25636510038731913,0.0520228541594099,0.09912537023314201,0.08935172207977878,0.09972689275955299,0.1027970471348938
0.11061195010786802,0.10820855405343234,0.07709727132341826,0.08711840315461698,0.1196180771491246,0.17276130883576032,0.11075862273957117,0.10154353165351455,0.11228228098269379
0.1460498313091074,0.07189884998223255,0.07771244484879371,0.1533482436216065,0.06965186666157974,0.1476806299838672,0.11439803970313578,0.10888250289820385,0.11037759099147333
0.1345461647451085,0.06770412533205324,0.07349378042677401,0.05494220319373771,0.25583763027764084,0.10298186040758572,0.10876509902819713,0.11219176446179589,0.08953737212710709
0.16108917691729926,0.14390603060951612,0.10741393984339298,0.12640078967868398,0.07232197389296112,0.04702266129408558,0.10813329706350884,0.11307320956783463,0.12063892113271746
0.12724360464276582,0.07923329576423548,0.08218920680213437,0.13294057424104724,0.14002893834386554,0.1293717773919942,0.1048779769545403,0.10300656391268069,0.10110806194673627
0.1334665871794091,0.136992979568348,0.10726718359180855,0.15820279334435572,0.07513661869435868,0.09941403042814811,0.0956593611195858,0.09394553950065128,0.09991490657333485
0.12630423737679766,0.07104996183534625,0.18754213142801315,0.12551693740003544,0.0472964906217366,0.1507667589503333,0.10595113099759011,0.0943774084515695,0.09119494293857788
0.12872897166606664,0.08947349701724679,0.05952325891046691,0.05427941124985352,0.15157367282843817,0.22855221195892517,0.09166234207214048,0.09111574671985058,0.10509088757701167
0.16204099873554018,0.14180799975732797,0.08789601085555365,0.11709988834668435,0.06485051816905586,0.1203841764490486,0.10228187519060339,0.10045354001023389,0.10318499248595207
0.1336522473148928,0.10754794135910252,0.12983736835259088,0.022024202970315678,0.12010368300166552,0.15798934794604022,0.10821523270012169,0.10261350311557683,0.11801647323969373
0.17349006613316656,0.19962484140478756,0.05526773589489677,0.03282381156910673,0.15453553439102544,0.1475611163746002,0.08552139226855748,0.07370675241232773,0.07746874955153155
0.07410947589636273,0.15710793718774915,0.19582811823982804,0.07252674685772896,0.0728355683214394,0.1609752329262327,0.08481437055861368,0.0885821451160962,0.09322040489594909
0.13305245785664888,0.11076054557246177,0.16095525428258953,0.015180874005277666,0.09210541424540593,0.16592787628388575,0.10917426896807432,0.1179516108826313,0.09489169790302482
0.13141064297593985,0.11227084072876807,0.1787293879106996,0.0707118415228933,0.15013458999810314,0.0741660337383358,0.09805381976651302,0.09524640137101965,0.08927644198772768
0.10896016156394987,0.17035382777790775,0.11167463736175688,0.04740780165616881,0.12994980238442902,0.16488472694988096,0.09752492727505013,0.0847126254811219,0.08453148954973465
0.09844455598517939,0.11782545935685307,0.1348211873520893,0.07488623598077533,0.1297108815357623,0.1309920443403083,0.112729594047147,0.09884118532130377,0.10174885608058155
0.08522435191291743,0.08409824108071144,0.10239840841247716,0.14213708336077263,0.14679624793755375,0.11453109813038748,0.11759159806047866,0.1109010573471818,0.09632191375751974
0.12500653499131198,0.11142924812140302,0.11437538198665996,0.08419540983596306,0.1085417304285115,0.06185829230933205,0.12975738953749058,0.1349157841455986,0.12992022864372932
0.14884630109267807,0.07293310548626207,0.09056898327822403,0.06253805727158561,0.05872960925634039,0.2705865764051523,0.09546870390899977,0.08890575696774534,0.11142290633301234
0.15526923377418525,0.09368225104908183,0.10385275786550617,0.18487426203121368,0.05237603154748378,0.11368078184920649,0.09670070943829075,0.10066386599290551,0.09890010645212662
0.0698681460698953,0.1510668157639344,0.0809538474481485,0.05710729075068178,0.06146370668791907,0.2843962957073731,0.1059658009327477,0.08916865321348542,0.10000944342581458
0.06824578051306589,0.13037705971416894,0.06780419506087287,0.2312005220284968,0.0418823982665438,0.19188047723089233,0.10142611765965077,0.09318413833427147,0.0739993111920371
0.15233613134794885,0.083765522171851,0.1404638458748688,0.01568598049264312,0.06556621078103203,0.24334937755363062,0.10387611044562832,0.0916032324938152,0.10335358883858199
0.1194352355305411,0.08559817880493294,0.11121673434121239,0.09265719571566249,0.1318116909179446,0.13538726888252048,0.11601097103170771,0.10703892022338873,0.10084380455208965
0.14630997236463678,0.10342686782559236,0.06884110620621571,0.06795118302518606,0.09611625196009403,0.2166308281235462,0.1060631787787077,0.09084255138977354,0.10381806032624767
0.09411292930390187,0.10109892758242611,0.19425300819249183,0.09792405757425891,0.10082805067073074,0.10213301270767096,0.10393322196020423,0.10409776725715218,0.10161902475116315
0.13143051111936166,0.1418811408435419,0.06933246258305092,0.12919140243175758,0.13480916295690423,0.1014717726295446,0.09261338335069665,0.10474907365082288,0.0945210904343196
0.09333233274103199,0.10785013918052734,0.32547762522191787,0.020942794347981814,0.054087657862655826,0.04304739115196574,0.11402214924926739,0.10926564107193759,0.13197426917271446
0.12363673883391375,0.09788290817390533,0.06572272300949182,0.16126200449733416,0.13525391788054775,0.12602911269960917,0.0964113013430566,0.09375649190922415,0.10004480165291722
0.10834173286959074,0.11525594519421523,0.0864419265819219,0.1539527555117409,0.10759451767134949,0.0969308401375092,0.11194634297504229,0.10791096449917285,0.11162497455945737
0.1032157275368842,0.0671746898394218,0.09447823790621783,0.15167014203189938,0.09653006239417322,0.1259739106006547,0.11191424676245061,0.11791843282852098,0.1311245500997773
0.10479811116928393,0.1208007709204605,0.06195560410702965,0.20671983211708259,0.11150498561305879,0.05248749102904641,0.11671274794460233,0.12055075659270732,0.10446970050672845
0.1502690996700136,0.09665509597228576,0.08137559142388819,0.23497851809275874,0.07520392788484566,0.04987763097066316,0.09921244406363379,0.10265875680625443,0.10976893511565657
0.10626788764547927,0.057901016082112934,0.08094799161181991,0.27531638939585007,0.08691380902829142,0.0951427121731579,0.09588717333646969,0.10354418741763761,0.09807883330918128
0.13120744522671948,0.07429381175798964,0.1518311106971065,0.06494520618089865,0.17323065661946072,0.16287405889691828,0.0744148177772433,0.08439830404940635,0.08280458879425708
0.15244940594269402,0.08259889062272312,0.16272977273502845,0.0648086926822222,0.06785854230093664,0.07533720441016221,0.11489198488164414,0.12547708327244547,0.15384842315214373
0.09669360509084098,0.09993299471399099,0.07891341077315055,0.041051850623330485,0.18707789434914437,0.16259707549209973,0.11825892500240302,0.1002341194227629,0.11524012453227699
0.10254479470371937,0.14693944954292124,0.09756090137412395,0.04278770624537891,0.10563308617036608,0.18408118543391092,0.11138041555932247,0.09837929187274856,0.11069316909750847
0.09802452578801084,0.11691112421797933,0.11049582883577132,0.04446647462850437,0.11641254046568739,0.15074459183765168,0.1217744577649137,0.11648669402648754,0.12468376243499375
0.09394767388752519,0.11612256780822194,0.06681632631008386,0.1758260020826685,0.07593744679780802,0.19251224309619577,0.09752166021710378,0.09841673476359004,0.08289934503680287
0.08674710539777648,0.11054873738639061,0.22199707628210685,0.024430127077653047,0.04644592701866704,0.12866454208377617,0.10768102231108219,0.11574747614642338,0.15773798629612423
0.1087781571766231,0.10461378513288698,0.09125894656098009,0.1633904258198725,0.09895684468601201,0.08651072470655534,0.12463596603873366,0.11342374682605132,0.10843140305228505
0.13445643749075503,0.09197011533515209,0.11876528945308885,0.0942355964210434,0.0756823599253882,0.13323099067915786,0.11485105858135197,0.1169902896326822,0.11981786248138032
0.20188450132059263,0.06786197886434092,0.06284865103640908,0.03296367336594163,0.14296147231212117,0.20793635117952572,0.09409214426777977,0.09476188889609444,0.09468933875719458
0.13408835098434216,0.035403368865636116,0.1505422012709526,0.3164624204054061,0.03660603036029831,0.02443787043219729,0.09752423190771749,0.10464293216244391,0.100292593611006
0.1158766706019241,0.0797858972122475,0.06108257622540505,0.22868302306940222,0.0868132288982318,0.12316390015805334,0.09851257589645009,0.10713488555526983,0.09894724238301605
0.10293981330558714,0.08132633210693703,0.11048777736728192,0.15099660424741895,0.10733527371077234,0.11107787231984784,0.12053913417003166,0.11015229173329544,0.10514490103882773
0.08501485569451422,0.09788553875734912,0.05454203359230792,0.015455957995616047,0.2656295908565056,0.24278631825882338,0.08058518955449769,0.07001749292703437,0.08808302236335164
0.09487232280979824,0.13995133439060317,0.20187304852799784,0.049704115643850626,0.0660798728861136,0.04853260799161504,0.13694897653935792,0.11962574906605168,0.14241197214461185
0.13157032706140803,0.10900945070887968,0.14772158509523128,0.024824910867763384,0.1486154823879489,0.072409013212458,0.10773375217585039,0.11518440334593345,0.1429310751445269
0.1050483683423273,0.07482542420728257,0.06787574710835943,0.34538507421898856,0.06957158729710575,0.0609987715997084,0.0914945416430008,0.10072861560520673,0.08407186997802041
0.1894250763613302,0.07934628715993203,0.1192612633925701,0.1760703839986069,0.04150175995564246,0.12392087264475976,0.08436438115462712,0.0952569195120755,0.09085305582045605
0.12181230889050321,0.10564273804558129,0.06850577795659944,0.1545192222518336,0.12085452783772044,0.08055793949575975,0.10570837217952052,0.11943292228748503,0.12296619105499686
0.10624060579254678,0.06750921104900523,0.09125354514180666,0.08888175825818356,0.05983183662756203,0.31643621641469477,0.0980177288113836,0.0843930209804294,0.087436076924388
0.1450595640008627,0.14942879924958832,0.07216384528001145,0.1913732763525395,0.09867196491741716,0.06916109989631485,0.09075853995724165,0.09318846298693345,0.09019444735909098
0.14965185679864262,0.09375408372379342,0.17369034585300647,0.060717773537075255,0.12927463424451588,0.04293185500225305,0.11527880378094124,0.11398554332960291,0.12071510373016918
0.19521978842272578,0.08803116159218448,0.12186931199491476,0.06537364867398829,0.06565430822304891,0.17057717016388538,0.09787526145888253,0.09608377809122169,0.09931557137914822
0.11148398082449447,0.13283171236440985,0.2783586416653839,0.0842218052545869,0.07214979024577543,0.04189046597699997,0.10263614914796386,0.09081564150462683,0.08561181301575875
0.1211162941826055,0.0519591480136554,0.08616861466120039,0.17100283798571633,0.058355688037489604,0.23096752004677856,0.092660375767791,0.09203224350120986,0.09573727780355334
0.10668446877671763,0.0675001270360473,0.15693785675453262,0.18842368728427505,0.0669260519831703,0.059780333460629186,0.10994212337693439,0.11852870891398071,0.1252766424137129
0.09894913078890953,0.05660533739685237,0.39013438511514603,0.10107534582821415,0.0388061097625508,0.050149446067102144,0.09540162846876869,0.08702992178711665,0.08184869478533961
0.09874966184747602,0.0995137333587346,0.08223037623084954,0.04655064578736482,0.14832395139580387,0.16750772849314818,0.12004452824033955,0.11329683972468864,0.12378253492159474
0.21733162449787416,0.07073764514487015,0.10256618316361295,0.035030979777357966,0.05890565373406783,0.16422406404680503,0.11793595644713678,0.11369774877500333,0.11957014441327173
0.09410414604436575,0.07096217321273511,0.06508994127307981,0.37998471786140336,0.06799078546521899,0.0328495604938289,0.10272093728379157,0.10493177691018879,0.08136596145538771
0.08977755833587782,0.1039410743997657,0.20048516420039497,0.10180264421406915,0.047838688613373925,0.16066479504394357,0.1149576396263362,0.09197786976202331,0.08855456580421539
0.08667851623734396,0.11365714387061904,0.04053249763987599,0.09390785265365902,0.27451629773490643,0.08466024632630603,0.101540478791966,0.10435532807682242,0.10015163866850112
0.18886403495266801,0.09484281380885833,0.09050442938760618,0.0631301031488423,0.06682562208540016,0.13883278763046064,0.1317988679251283,0.11044134910302117,0.11475999195801496
0.13986613443888787,0.16022283974763898,0.19150445187894763,0.030246128416500016,0.08289265566502195,0.03921074735078648,0.1246007604494959,0.11051576533543513,0.120940516717286
0.2270645590839558,0.14396705885171993,0.14889486259596799,0.01386127048854482,0.06741035461691804,0.0463663547347723,0.1186118363620204,0.12176123713511344,0.11206246613098735
0.09543649015471478,0.10523384365270595,0.1233453226800237,0.04573969590789275,0.14892554977801678,0.1405636871354319,0.11210690079969311,0.10256818513434805,0.12608032475717298
0.10024428588506934,0.09885364656241431,0.08710853094510046,0.0770496387768388,0.12010778898778818,0.18180013463773304,0.10078283497190936,0.10421577049369311,0.12983736873945337
0.10746335198969077,0.10445546551631141,0.10555800296674729,0.09032498842348875,0.16516329329954663,0.08404693204412828,0.13122687085997867,0.11741177311645978,0.09434932178364841
0.0999167206409269,0.1295430550942592,0.09216701515851151,0.06811547486028763,0.19120805591476922,0.1129927781025906,0.1056810320638623,0.10615434135167834,0.09422152681311428
0.09273411754151566,0.0906758036910368,0.08516135555315844,0.2359522824099447,0.08449055972592256,0.0744155690021862,0.10920862164423956,0.11871639438769055,0.10864529604430558
0.07625035787671337,0.0865636160792136,0.061708029797425824,0.10692937150538451,0.05304589805982782,0.28333109883213137,0.10502515597668749,0.1105283821160193,0.11661808975659675
0.129163084107998,0.03963047817255983,0.14772166270478895,0.06960761072440437,0.08041412469165499,0.27771766999595365,0.08951366026003567,0.08082668951026147,0.08540501983234301
0.12476341320749766,0.1045897170210911,0.13628249707736853,0.10923963855560521,0.06372879830403495,0.08064277402971289,0.1274140112946919,0.12186815642248587,0.1314709940875119
0.14301643643431863,0.09241970192036952,0.1050123011011278,0.02980926178074711,0.14056565014842554,0.16745278410760403,0.1175274058627066,0.10633089691215213,0.09786556173254861
0.1531140284293906,0.10552811855502169,0.08299765584814456,0.30734496953356166,0.035062703984904735,0.055433417210798475,0.07897929917868489,0.09033001331655828,0.0912097939429352
0.17780590169607133,0.04979489046818292,0.07498696966764253,0.015938495181060358,0.2025344785502647,0.1806038095595213,0.09194863557248785,0.09525421664438326,0.11113260266038576
0.1267824433672817,0.12578838762326075,0.16872515414846975,0.09219584892978498,0.12384327415218961,0.013594621561426436,0.11112621823999701,0.12500394654517963,0.11294010543241025
0.13356647504291053,0.10423894778752181,0.11314688346197889,0.046315221587369365,0.10543282485409859,0.1718088664926312,0.10166082338549205,0.10460531336438794,0.1192246440236096
0.10136561148606511,0.06378074549995598,0.2702653586469294,0.06440330941732582,0.049077649549850104,0.1346275515487035,0.11649910353149644,0.08712482439292997,0.11285584592674373
0.1152797070995462,0.12385843654892385,0.13538369606590733,0.07711164056091611,0.048906125374992095,0.1049490230675995,0.12141481774476899,0.11901579065645236,0.15408076288089353
0.15905648244454132,0.09866683616098726,0.10137454019341458,0.08044599978941469,0.10718881976790363,0.08041527975717673,0.11908993718464778,0.12740802073496557,0.1263540839669485
0.15528702369601105,0.08326524745020368,0.10209243988260319,0.032439844352996926,0.22090859174987862,0.10235200153596428,0.11226850803418788,0.10029814112358569,0.09108820217456874
0.15910491854394035,0.13164252311808752,0.06915900188112035,0.028032242066013,0.12467403333747056,0.19081342581504498,0.10137532530843542,0.10363231570687231,0.09156621422301553
0.12307085533201007,0.09383038429322754,0.08510575399957403,0.15077094072580813,0.11611773151423414,0.06293675130485475,0.13154782997196438,0.12253760569784337,0.1140821471604837
0.15276460662171729,0.08727201343417312,0.06595669444519352,0.14151224820057726,0.08942803199853737,0.12544953046022833,0.11882311641684477,0.106243392733792,0.11255036568893641
0.1803177774593666,0.07503292280248579,0.09642291105135381,0.18029779485083944,0.06073971466318398,0.08494667207640405,0.10187077322348966,0.11155990514069926,0.10881152873217736
0.1113974347382445,0.1586677418476866,0.0796539258421558,0.19061331882440521,0.10683011686618726,0.042466031755915436,0.09841229726245805,0.10861432899213547,0.10334480387081164
0.157742671161065,0.24177767636012584,0.09638476164582493,0.0698790022325771,0.10646279945150268,0.04587642421987682,0.0956754654546016,0.09173097665946124,0.09447022281496474
0.14555438466646145,0.0886653416325478,0.12852281476315935,0.06369840592343494,0.1182376769490056,0.11454110563158831,0.11603032257404267,0.11580022770576916,0.1089497201539907
0.166841321529181,0.06334554359924545,0.09951464077514462,0.11666668771813653,0.06669437967584062,0.19735956776001604,0.09787882906362384,0.09335363266038117,0.09834539721843082
0.10577592179645116,0.08334466598708001,0.20995972694777662,0.08646087023861615,0.06576194141177853,0.15215610507364735,0.1005430928986195,0.09488978022663565,0.10110789541939501
0.10101780037748122,0.07880906340485117,0.0929260362284909,0.08660777277172144,0.08507344920934518,0.23764945488758693,0.09371093745113591,0.10335546385636381,0.1208500218130234
0.17927069728428738,0.08513258414979814,0.0904236327078788,0.07481571339623662,0.13075316846948504,0.09927143844659662,0.11926149606993423,0.10651711807376275,0.11455415140202037
0.14019438554474603,0.07661380102045436,0.06252675279600685,0.22371220891013022,0.08598692718502583,0.10671591125758141,0.11774596942312747,0.09571729963291409,0.09078674423001375
0.14907338238558013,0.12993359623862474,0.1062520351582726,0.06258255433828995,0.18977082496068398,0.08627029974726075,0.09848967888808811,0.09267551969326353,0.08495210858993629
0.07325672305504688,0.12650542666003564,0.26800628576553615,0.025093377010968487,0.053772596590880656,0.15689250822502462,0.09695787761867591,0.09172721699259671,0.10778798808123491
0.19837279020375329,0.06091825781228991,0.09193250805095082,0.03264000322091339,0.1350925208662772,0.16158832503347587,0.10933529567975714,0.09688786531516753,0.11323243381741481
0.09186956732546246,0.046628839898849916,0.07870549683015082,0.40407936024539187,0.05830914556592002,0.057928276014274256,0.0837003281081235,0.09349239537903174,0.08528659063279541
0.11120940866493355,0.07783326404926116,0.069809141780647,0.05415698199961914,0.1641016325229105,0.25067197865226987,0.09143268545672768,0.10422270314812558,0.07656220372550561
0.11016490950241804,0.10539630101673392,0.07825391145288453,0.07393117071117658,0.11768502177949323,0.14504204214391192,0.12056404535762628,0.11948194756548886,0.1294806504702666
0.09105024127730361,0.07863503138832376,0.07334419727761336,0.1153419865071645,0.09839108923349799,0.23837992553789686,0.1038856222798159,0.09744153595628259,0.1035303705421013
0.11715273932849003,0.06244740392620266,0.18830804335129733,0.27397355252891026,0.04334610936252407,0.09493083390697465,0.07126682846182064,0.0727475568074274,0.07582693232635297
0.12316238575666229,0.09840218955372097,0.10402033430320046,0.1689165358148966,0.11606285847268578,0.07311588050950438,0.10780977241493679,0.11111904963410162,0.09739099354029106
0.1884036435991142,0.18335817951512037,0.10236293300872434,0.07205564404117072,0.08683253951008452,0.05860806057878673,0.10509400390726868,0.10192039918217459,0.10136459665755572
0.08907847895838507,0.05664985027234997,0.39080136098708484,0.026909384741295558,0.08372034750817692,0.10746554867756243,0.0848048543418415,0.0766512774602291,0.0839188970530746
0.14022068552670566,0.11231300699936954,0.1969112661030864,0.025733393327271637,0.1639375103006993,0.06014231133897003,0.10136909145583739,0.11115228314266744,0.08822045180539258
0.17987456950848238,0.0796659432703735,0.08013115159936549,0.17639820052786548,0.06401976163996301,0.07021836206800114,0.10551854645983776,0.12417682689532682,0.11999663803078438
0.15544320795477332,0.11806596267021613,0.17762715134761842,0.021529578905503777,0.043867687146994995,0.11640360543334788,0.11580143737383164,0.11628396311332155,0.13497740605439226
0.22449910209196675,0.09368320427277725,0.09463999020205156,0.025144719720901414,0.08304085575944321,0.14871232003998658,0.11102339913324227,0.11064952270977262,0.10860688606985835
0.15384815499896476,0.09832645037966233,0.06228058685117268,0.2588555551440105,0.05740573718641001,0.08560645193599914,0.0889230626878766,0.10074290854545802,0.09401109227044596
0.0885712552068838,0.04980846170873767,0.2464587530893981,0.10870535892748617,0.04655111611310309,0.11596257369298746,0.11575534395009479,0.11160838075201106,0.11657875655929782
0.14025951680190027,0.09002600796600735,0.08058717919776688,0.20318350598061383,0.05194823089798273,0.13677898060128335,0.10120992192820949,0.10067337170588968,0.09533328492034628
0.16931546385118335,0.11356687593927217,0.05030903917906344,0.17844244248730046,0.08130016187051424,0.1514218731396515,0.07871693470262107,0.08845600608006772,0.0884712027503261
0.17285062001470985,0.09175185635540667,0.10898883075631682,0.1071044010911118,0.05786892259145787,0.17540719249503955,0.09284872072175976,0.09323439138305734,0.09994506459114032
0.12001768082361734,0.08387675250792496,0.09836165490642212,0.12561735036911217,0.1196528408917766,0.15474008182810325,0.09860161074417174,0.10443588888870976,0.09469613904016218
0.1819631242725848,0.09848943455632092,0.08756481244798653,0.04862761051581858,0.17545974303125436,0.13046949293240953,0.08986849201312867,0.09382380528391916,0.0937334849465775
0.1755303655975131,0.06640741361667454,0.05915197737578922,0.03855694291139983,0.1154116256012146,0.2756179401280349,0.0989382425064272,0.08791724004131886,0.08246825222162768
0.08121261614656192,0.09478113323053622,0.09958249678193543,0.11755312563592892,0.18244959395127883,0.10004579651026242,0.10916221612485129,0.10721325423541794,0.10799976738322709
0.16407022339582025,0.06723345399684762,0.06564578461572007,0.2990480552448039,0.03914584328196414,0.0749042290442153,0.093892252856074,0.10076013378130201,0.09530002378325277
0.0999769658165099,0.08401699020900522,0.08533266364266066,0.18191128579466587,0.11728377892540431,0.09219661883126647,0.12024856309823666,0.1060291243269053,0.1130040093553457
0.17806373196472103,0.07470591701745885,0.06441962087937929,0.055835259337002285,0.06940958498982097,0.24730442353444312,0.11105543837417288,0.0904465118199067,0.10875951208309494
0.13998348796978222,0.0984405897234898,0.07238058879526518,0.07314080389101132,0.11047281376137803,0.21656252036212856,0.0946244556705186,0.08899404040771536,0.10540069941871084
0.1381014656938488,0.09299476302399712,0.102803420821032,0.17866638178713157,0.056816402910144975,0.0952254575486249,0.11087309629891208,0.10897428693317673,0.11554472498313195
0.10996625836448866,0.05813053627785145,0.0872315540462812,0.11136168410581902,0.06822583761850647,0.2583225135861896,0.09387081491345524,0.10482372905552693,0.10806707203188141
0.1712512806537566,0.12060639046295574,0.06324770361641235,0.2053689851536912,0.10750319338743815,0.053101811870573536,0.08912147045553832,0.09952131398129788,0.09027785041833608
0.1516961955023994,0.08925124747874214,0.08025579730522697,0.09842484513451429,0.17880288289280255,0.0707507724737195,0.11972112979878284,0.1104516618520089,0.10064546756180347
0.09938389802170865,0.12151971221265978,0.07160930821297261,0.04874944484509969,0.10881333291246494,0.22337492342566245,0.1339149506123318,0.09975982769702657,0.09287460206007354
0.11372820983822086,0.04173528911322191,0.06305403723440274,0.1700357768107763,0.0602268552341955,0.23724412918053375,0.10057283865585166,0.10352379193977972,0.10987907199301757
0.10140257659289383,0.07865340909310244,0.0748493981676073,0.1325736593679619,0.1944779181620211,0.07591806862875135,0.11700000424096747,0.11367116913867946,0.11145379660801512
0.1851161685860656,0.11786927074514537,0.06573956659499758,0.04197607785869522,0.06581387092743081,0.2712001401074593,0.07809768907297986,0.08049039978038919,0.09369681632683706
0.13143877910295712,0.11712417274130899,0.10016865463272434,0.030023126780399367,0.16319471237277447,0.13354807175939104,0.10653367531944458,0.10001107367662454,0.11795773361437549
0.13156918555951136,0.0792460592352456,0.1885058201474448,0.10352523009473465,0.06850252654691065,0.07181688540856514,0.12391914349716393,0.12095876228621978,0.11195638722420409
0.1347330207807841,0.1283025672529581,0.07664699884507446,0.09114183388321735,0.1378182167875128,0.13687042472332486,0.08873223399666937,0.09685224604253943,0.10890245768791951
0.18236805466422934,0.10713732143059017,0.11816351093110194,0.02710294356974517,0.07383732764715352,0.1046948891726367,0.1319013200296069,0.13717877759208078,0.11761585496285547
0.11582899160977911,0.1182682621686228,0.07388779266429064,0.14127733418828062,0.22788415720837718,0.04046490814837852,0.09586621111802418,0.09492074835464775,0.09160159453959921
0.1515062308831498,0.1247282109584072,0.18899344038518037,0.026793340288237575,0.06467044685706802,0.1288001782486852,0.10370371514682768,0.0963591874496849,0.11444524978275926
0.10673645802784924,0.11182757617819171,0.10403849661315602,0.045694227157885174,0.13703635465474875,0.18428762086948405,0.10710436313906098,0.0981836344176555,0.10509126894196856
0.10043433383658841,0.052550873020721006,0.05518045035672914,0.14597364628614193,0.08397593782424835,0.2858383131997306,0.09325839794717922,0.0916653474505123,0.09112270007814899
0.1307938922278454,0.10695697621313789,0.1210051134190242,0.09942327587182642,0.08822717717008159,0.07404471529405145,0.1299760616401934,0.11969063499706827,0.12988215316677135
0.1131983429923807,0.10982902475586698,0.09862368529901211,0.09078142727569466,0.1663064194570947,0.09652592714255775,0.11133439765449914,0.1103777615403786,0.10302301388251549
0.09533155862398046,0.1058719378380093,0.10839259873388106,0.176842138995329,0.070165306491676,0.1278549146794172,0.10916990292365199,0.10264665048181837,0.1037249912322366
0.10252778544496437,0.06668764846857392,0.08261515923741862,0.09037854585149363,0.07908734079597586,0.26202971058030333,0.09609936666157189,0.101530318214428,0.11904412474527039
0.12193907089352836,0.09925264503081725,0.11780621619878866,0.08719684759708823,0.14597743393829543,0.05220473546664026,0.11754425903428316,0.12500725404923063,0.13307153779132805
0.10721574596417831,0.1021674928192378,0.15152558799913673,0.20740126065235695,0.14776723766179087,0.01752103929508995,0.07698120979877242,0.10201979272693164,0.08740063308250541
0.16897288348364947,0.1678432719626433,0.0868146758078947,0.07262450240550068,0.05735336848081688,0.11216649541652142,0.11833706236002937,0.1055814028098102,0.11030633727313392
0.16982714718931222,0.11953745884022697,0.06979083494144679,0.11291089050941876,0.12647757103003587,0.11758591618050614,0.09422904235598316,0.09266954850390503,0.09697159044916509
0.15025176450006694,0.06344387753201462,0.062100400593675616,0.11250585599395667,0.11060000707304878,0.2334227784959418,0.09517397025067327,0.08655546682473143,0.08594587873589081
0.1358900311669057,0.13666125324069164,0.1045851221029308,0.031151731257073587,0.0898986429858905,0.18788630905692202,0.09950026617210285,0.09859689112353022,0.1158297528939527
0.12943878864227928,0.09665668794265415,0.058753518325997144,0.08036698825943162,0.1794803932675831,0.12456592977460501,0.11083715925107934,0.10445450376385473,0.11544603077251558
0.10399868800407237,0.06434937505218931,0.13400981213739246,0.12781006789253077,0.10052481338357015,0.1833649081571216,0.09879882598950716,0.09049495642060941,0.09664855296300671
0.09467871678579654,0.10029444207091597,0.10400885004181093,0.020001745838922842,0.13812293788747415,0.2559467954352555,0.10639846299415238,0.08753109973516014,0.09301694921051155
0.13912480961553583,0.08303233931255825,0.10202973258532129,0.02101148768873379,0.1564230891963592,0.21915991021252879,0.08423451961361421,0.08887666943461377,0.10610744234073484
0.10280281486607228,0.07850847293623205,0.15226833421177474,0.03549652153856656,0.08888891121179536,0.22683242091225778,0.10408202488213371,0.09372838681008826,0.1173921126310793
0.13230476837047067,0.08763357999781791,0.09334321283550923,0.047830324093873444,0.15843235568809463,0.21986684040835572,0.08562038798745474,0.08881912088652112,0.08614940973190259
0.14494145081225485,0.05655724876816554,0.0750605123972024,0.056876312474515,0.07537709497295167,0.3051049074513737,0.09709904519650542,0.09205860011921714,0.0969248278078143
0.12862269631245588,0.1258236585965436,0.11331868243852972,0.14944543094246035,0.04519584624669942,0.15764911016869584,0.09025559737663101,0.09593217608221728,0.09375680183576691
0.1214493845441527,0.06919758081729273,0.2671143510922838,0.08702378262897874,0.07705921726117888,0.06712636348496731,0.10165721109949977,0.10271422189036583,0.10665788718128015
0.1178852644862497,0.08627379910315952,0.08575302426543197,0.18239951620420322,0.07800219938002893,0.130253337763555,0.10491776039507887,0.10578918698275235,0.1087259114195404
0.07465889526852454,0.08740971686622295,0.09243635431392977,0.06813819341097359,0.034092760898805106,0.3294162364452586,0.10774055441079566,0.09858546529394441,0.10752182309154541
0.12010336769769209,0.0679525027112076,0.15930132166768166,0.16535883644393726,0.0928595485528142,0.04165337678179657,0.12541222211974398,0.12291749516090744,0.10444132886421924
0.17328455734802953,0.22686110925281164,0.17438282553389386,0.027952633900007347,0.07852857370982504,0.057880715916708986,0.0809915732935264,0.0864397090164039,0.09367830202879336
0.14724835682030746,0.1290996109315826,0.08975687826375472,0.12218467385349752,0.0872664868278214,0.08082740330324804,0.10959132117072738,0.12240228754771158,0.11162298128134938
0.1571814244260941,0.11132782279945812,0.09940343624572068,0.04013628885591857,0.09782377841493746,0.19294170620227988,0.09836613869684513,0.09751267069742026,0.10530673366132581
0.12451715894837101,0.07136198393101656,0.0763011500492537,0.06486186143406263,0.10314192697171519,0.21412223079042061,0.10443189701794447,0.11934823983117944,0.12191355102603633
0.1280013374388735,0.13401407643950736,0.14942214031363538,0.02894707389580912,0.09259430652573221,0.08696010290769517,0.12207604558772049,0.12147001578502441,0.1365149011060024
0.09950382288613463,0.09133234114499789,0.09451622764052657,0.09660167536732851,0.09599634304653283,0.12987336191512847,0.12493025162987888,0.12730816288392494,0.13993781348554724
0.14539851011792668,0.08791763726800365,0.08475182560510146,0.20215475201436686,0.09717031295773286,0.05738016656999976,0.10996869690139048,0.1074586572670112,0.10779944129846708
0.16182388682623705,0.05237178061823052,0.11383603673436642,0.07769561262939571,0.07559645031444362,0.1928227913364032,0.10918358506705383,0.10787608540849736,0.10879377106537236
0.10789343402848595,0.12523590230596301,0.10087343988877169,0.06479387672818679,0.1954376005117511,0.04367540063703562,0.11554166555468864,0.11360623658934103,0.13294244375577613
0.12495835310911317,0.09987279511486163,0.08466008979228629,0.22519461689327536,0.070002270388642,0.09852113204022023,0.09702264446732513,0.10160205902717649,0.0981660391670997
0.1848428700803436,0.07976449061087072,0.1360372690623613,0.06158955447103117,0.09439686777302227,0.10835523744264547,0.11440245464783622,0.11492856699234456,0.10568268891954465
0.15807531868910876,0.08939520296192356,0.058849739115024446,0.017915887501261715,0.10928739284250395,0.2841766289155085,0.09092540569961327,0.08673122633262115,0.10464319794243475
0.17046430184924324,0.09605766968146505,0.0988226041627619,0.08087920496616614,0.11345983529382896,0.09083404327445165,0.12135522368856332,0.11328442691284006,0.11484269017067972
0.1082038827077707,0.13332990041644247,0.11937043812041426,0.10055116182927469,0.09987734983989334,0.129353515491892,0.11519740312475664,0.09536409050823796,0.09875225796131798
0.12346343076882449,0.056108523573744316,0.1637716632645475,0.06237763941793034,0.04912622517581947,0.21734628487369415,0.09942121791467967,0.10547477320053217,0.1229102418102278
0.11674381130103761,0.05315136911187291,0.05025371738380847,0.0792328433393381,0.18604435404242037,0.21147522469117605,0.11254218790728104,0.09200833235744298,0.09854815986562253
0.15534502449562135,0.08683531200878665,0.05136702504744226,0.06981426010533813,0.09070553020329415,0.265843105615967,0.08787284584783693,0.08683560190716545,0.10538129476854807
0.11753476073892556,0.07933018505197013,0.06709609589672764,0.07047591321486,0.1291899999677951,0.24253523923266088,0.10619386808850613,0.09543972288873744,0.09220421491981705
0.12500325686009345,0.057475286604441435,0.07155918706353137,0.17833427752271533,0.09529789916584082,0.20839708851288427,0.08563466567480894,0.08843552723703652,0.08986281135864783
0.1066713031115269,0.1331060215816967,0.12508463657150373,0.1979494405648243,0.07162356073103582,0.020280938339801324,0.11828334880731366,0.13004345918747093,0.09695729110482669
0.18256310424592706,0.12016716433186343,0.10083045163736154,0.07568757099305852,0.08350998938689114,0.14763536706210198,0.09499294156320158,0.09980085514684343,0.0948125556327513
0.12642074451584268,0.08307538362022283,0.11585661741341767,0.2370103920771324,0.053744264035920024,0.07256538876188583,0.10457817117674244,0.10578348693722119,0.100965551461615
0.18934256739091918,0.04433267540964703,0.08659648718893875,0.03282422595607225,0.06216141037840724,0.30901767630085836,0.08320119161724243,0.10058863323441088,0.09193513252350373
0.07912704264501952,0.17910887311589674,0.25391797531205124,0.12733894819457012,0.04238746844560615,0.07676054760410332,0.08053708111446027,0.08346131650300698,0.0773607470652856
0.2003809509046861,0.05984051944895047,0.05925799323487884,0.07097151917148416,0.12352825232972008,0.15393211998470221,0.12003861582031738,0.10513226775760805,0.10691776134765278
0.14343537939104734,0.17424387682742937,0.10301855060305205,0.0228407191916969,0.1772687551080762,0.04410555003908262,0.11062245626934396,0.11088344213790872,0.11358127043236278
0.18006837618877858,0.08838310291923636,0.06467248652664992,0.07365410309161209,0.10160936387463636,0.17791579580112404,0.09242891046981881,0.1081586918552454,0.11310916927289842
0.14350030875871914,0.08328682884926562,0.10069217558339272,0.02742438191475706,0.10736311276150386,0.1937129089707521,0.10794728790126466,0.10736016484421841,0.12871283041612644
