0.10175443281107892,0.09870558081085486,0.1610436053537018,0.05839996952341803,0.06594404523869786,0.1489066770645399,0.11907721242217133,0.1542447708981057,0.09192370587743161
0.0803888175256466,0.1200547969973552,0.24356494856585895,0.041741594785602985,0.12305007116169908,0.0814284785075176,0.10039926642179553,0.10117529076820003,0.10819673526632397
0.13488859393838382,0.11274947636407802,0.1220123461716806,0.06090193693099868,0.12766599896479117,0.13716442483810198,0.08926711269709764,0.09601825779311547,0.11933185230175268
0.10556805670275345,0.10953088798021689,0.08806155280623378,0.05309712147920146,0.14007900238810397,0.1211456671774165,0.10222492635589313,0.11422111290590707,0.1660716722042737
0.1072017509555902,0.032894589116116806,0.2408385700726019,0.03417402295609908,0.11796355343687175,0.12937248737830295,0.04977459339540601,0.1493691105492246,0.13841132213978677
0.11552914842460821,0.08148353961039963,0.08914621581166725,0.036479433238330285,0.118107090616417,0.18183305913300551,0.10074603530023131,0.10495407851518733,0.17172139935015354
0.0797883716805519,0.19145805849761155,0.17827285941360518,0.02253897246295446,0.10814452667778096,0.14673356017283803,0.06398277894153293,0.06929607129008225,0.1397848008630427
0.07966024178134079,0.2863155819648862,0.11112733403123803,0.05966449708168243,0.08284263596464349,0.08119449472521639,0.1393913331551922,0.06937010747109502,0.0904337738247054
0.14956582455136183,0.13433732056604977,0.13967799243091936,0.08836655161337491,0.03354086530650408,0.08115559913513282,0.09776096138652081,0.09287373303788861,0.1827211519722478
0.07694834428274543,0.1028647820342564,0.1427891904397095,0.15961618417921894,0.06679775437723946,0.10248716255205244,0.10841295778964606,0.09383207360515015,0.1462515507399816
0.14455962025734623,0.04783698529391813,0.18964891906788828,0.02502779614462433,0.1251727116148338,0.14895011616588785,0.06116918619349055,0.0869948849415092,0.17063978032050167
0.09950717776636324,0.14866406188572126,0.10996340360625362,0.11395868814930928,0.03333430002311888,0.19203003864358048,0.07222021650308606,0.10372172518971601,0.12660038823285136
0.08309479921044857,0.21983236356585487,0.11520096683896686,0.054104034174942195,0.030036278720549942,0.23303987893630476,0.044170863352049554,0.11949408877972745,0.10102672642115579
0.1425658747867866,0.060359073112888496,0.15697441724386638,0.05397223787726322,0.08209893230527227,0.11677139183815428,0.09940478060393781,0.11765837129819567,0.17019492093363522
0.07244916466453086,0.14913129610117692,0.05742698011235539,0.24268327099292328,0.09834317000845434,0.07844166250271771,0.12051974828103366,0.16039314567696672,0.020611561659841134
0.12849245261476142,0.08678602291405156,0.22328537346028188,0.021462334430761395,0.14570392694076445,0.06284432041431602,0.1110280555651867,0.05232329025876133,0.16807422340111525
0.11320321748675653,0.11596637110749779,0.074402819636404,0.10592731450966775,0.06542566588278738,0.15973548819689476,0.06592423963807321,0.1347320983175313,0.1646827852243873
0.11282474921650575,0.11460993330966897,0.042889282242810974,0.18042798830161696,0.18497817523111562,0.1046168929156011,0.0732262932378935,0.12402317265318874,0.06240351289159838
0.11847614539118066,0.060834688541677985,0.16415062149856124,0.024781019232843166,0.16912496322515422,0.09312365656559912,0.06294689142911976,0.12290267802544108,0.18365933609042281
0.172453190106879,0.10987117419980648,0.11386530478675871,0.05947429464294751,0.062133703604454305,0.1246641460467557,0.06868597158675926,0.07370849454099758,0.21514372048464145
0.08978599009329409,0.14459273676640708,0.16146413572799437,0.05734766158871039,0.12241340158190357,0.10830703126872421,0.1104886843609243,0.11799408691362194,0.08760627169842002
0.10525327626439752,0.16048258708335178,0.06688236056608506,0.07069320462961563,0.1639163939915401,0.12985847243137436,0.08876440434163135,0.0842735380854611,0.1298757626065431
0.1530120552995751,0.07950619989151148,0.19614104967455193,0.057689316740028494,0.04608457937252175,0.10934914327076384,0.12501283684135409,0.10015143613118817,0.13305338277850517
0.11409289671381796,0.0953138620349595,0.13610385200831912,0.1411835466066054,0.03574674298965083,0.05769718497240973,0.08960720523518974,0.0737128667387265,0.25654184270032115
0.13057175895245668,0.09909966380572525,0.09683014315252342,0.09388213202647762,0.1894134634955629,0.07143249425876001,0.11110953759313237,0.124055279926878,0.08360552678848376
0.1274840857675036,0.1537979082139339,0.14950004923274332,0.02908267176651322,0.023460123519450347,0.22159314949395048,0.13144041299944031,0.09060564980028789,0.07303594920617687
0.10740940645070869,0.11105167054113496,0.1064927270340749,0.12808425687191652,0.026368951185521197,0.18695326029676498,0.0941135055264432,0.10214211616708524,0.13738410592635034
0.09786840863308947,0.062371176220426684,0.09533221837244289,0.08692514374207398,0.13822004673579383,0.15991111092507979,0.07235812839663308,0.21420310819790433,0.07281065877655596
0.058347064893486976,0.11713561224204432,0.09032791979940523,0.16142537193799786,0.2121635176710719,0.04189983716747738,0.13023026521335865,0.12526691191842898,0.06320349915672872
0.10911433607698802,0.04916886752977375,0.13508931329586313,0.04155305092887877,0.12646876150971506,0.11141816342161358,0.13888770910243856,0.12704577652391802,0.16125402161081115
0.05824445925236526,0.20384537652719115,0.12643260943638313,0.13706464159655296,0.05644499050506601,0.1092009755316357,0.13494290786879723,0.14713163802696594,0.026692401255042558
0.08911254413309955,0.12400666289935286,0.037877602761137025,0.10706394601971253,0.20829734829901234,0.07721214784584177,0.08078048040941606,0.06277339128447314,0.2128758763479547
0.09815531732775153,0.21138735083218352,0.1160018339191123,0.05901419728911242,0.03915462288799914,0.17092837845535983,0.09617638306398402,0.11589347800418748,0.09328843822030974
0.1319725970449921,0.11549198119229305,0.0707020558508193,0.10596073134010131,0.04472076764885676,0.0838435985646377,0.04398285526252676,0.084477717050059,0.318847696045714
0.13418282912038124,0.0885191074308887,0.07687372528023262,0.07402049165821245,0.1495890965557207,0.1374947666971033,0.1163026075937344,0.16319282544093353,0.05982455022279307
0.09521653991337825,0.09895068732158996,0.1976038403157531,0.103055511867525,0.04017004029439178,0.18899082777304,0.10430971081756357,0.11165051586313934,0.060052325833619156
0.10069013475412109,0.0873537446008376,0.10195871009493557,0.14160853090409597,0.06869477723713462,0.12103921733181695,0.11198156028243034,0.10549997231996693,0.1611733524746609
0.09477384038289978,0.15334500329540085,0.19916592394315602,0.042632230980621445,0.07753565316667028,0.14966535210348822,0.1113959904341535,0.0993253465685387,0.07216065912507112
0.12111294320774461,0.07576693784981543,0.043024344073842175,0.10341880656290918,0.26265534452586564,0.08587030560885378,0.12459976640510777,0.1086102382066768,0.07494131355918442
0.13485635176425415,0.12845016617639302,0.11837853744541497,0.1262580746521581,0.05577486027890193,0.12684413145878196,0.10699306581439068,0.1298663895694574,0.0725784228402478
0.10489784945690166,0.09314830905949843,0.17232804858296039,0.07173302822241241,0.16432753435048433,0.08201303179913796,0.13506008604339603,0.13680510513747313,0.03968700734773555
0.11870637256781429,0.06145921827977191,0.128241131875792,0.09568251251778298,0.15452775098536017,0.09233585624788497,0.13589142150958594,0.09877130095125726,0.11438443506475053
0.10307629575406214,0.17405218792080676,0.15660187681949142,0.039190985807938346,0.06883337154679935,0.12053216403864193,0.15619017594413098,0.0891334038690803,0.09238953829904879
0.092441638186101,0.19237020945760633,0.06573912664832283,0.16494948166928566,0.061497699642671044,0.12073113243178456,0.08752199114702443,0.07737002355155768,0.1373786972656464
0.11881676402518317,0.09551267721103651,0.05724748634577867,0.1549736801872108,0.11162261465562058,0.06686584391307122,0.10178858405524617,0.09169631713553561,0.20147603247131726
0.09004453043409845,0.17306356613321874,0.172982215775647,0.02210263806503131,0.0456122029947843,0.13285895547820367,0.12750721286917785,0.10153527880719815,0.13429339944264052
0.09934651046122857,0.13721057501943001,0.27061946684764954,0.03958561051797885,0.023104794451868246,0.12145214835434485,0.11762198022679159,0.10480192958669458,0.08625698453401376
0.09680139826324191,0.1543414202016318,0.09681595933398474,0.1334614614480256,0.05524911413116244,0.08944637472404439,0.1274098126921994,0.12850141386353992,0.11797304534216992
0.11458742879125143,0.07302778102155909,0.11544032972545204,0.13060898466459916,0.08639121026845964,0.07403571676812516,0.15068620935542895,0.09045614055992485,0.1647661988451997
0.07580566148284573,0.10796160981255898,0.06569548486253646,0.24220096552945666,0.09070089585672526,0.14527992822847224,0.07451947201287436,0.12851416003961294,0.06932182217491743
0.09995552470467971,0.04162345651219179,0.07162415107100302,0.1725533696677537,0.17917682402840404,0.07555888329705251,0.10033383034097675,0.16778356853797094,0.09139039183996757
0.09944532667581396,0.0774971755286567,0.11495532620303252,0.03913856628477392,0.19758669328636347,0.07836431686402383,0.11517742212983219,0.11500352565020662,0.16283164737729683
0.12118869473624379,0.13327944006103246,0.05998394061998624,0.16346119671701947,0.09021956585946143,0.14838991469251514,0.08696752234647613,0.10720535026868683,0.08930437469857842
0.1732423909813859,0.07220009645968882,0.1289859099255216,0.03376053613122056,0.10524218392404883,0.14346635568638968,0.097046242526329,0.12614229334305413,0.1199139910223614
0.13603251608596212,0.07523189988122815,0.08174324724555143,0.09072488843295173,0.17115429249850211,0.07633761676273265,0.1664063661259008,0.10235462314851307,0.10001454981865787
0.1172316703234584,0.10783400153043142,0.044885985552450665,0.113820267898973,0.03486032827604928,0.13194563672431328,0.11015273154844833,0.0667987691743365,0.272470608971539
0.12772420748280858,0.07367523521349152,0.2814296258149924,0.06157560966377829,0.0655292637934395,0.04661495890112897,0.08326350457464472,0.06732163983818062,0.19286595471753532
0.08815996040711029,0.10743998269790511,0.11361805913817506,0.07325491209593954,0.19763789483425032,0.08236057209509043,0.08706606530632076,0.10205707113336422,0.14840548229184433
0.18015428983951776,0.10917305475184474,0.09979784611574523,0.05618410638265222,0.1384703028360065,0.1112152144582015,0.08151076655708216,0.08602515575140028,0.13746926330754972
0.15284796326947395,0.15796549534631865,0.10367654668609923,0.03285884223808608,0.10113631168050287,0.09552995679652704,0.06786561813829871,0.0790049196755609,0.20911434616913246
0.10327038965632764,0.1440402357522186,0.18073222998590577,0.050737182955608424,0.025914217253564745,0.1439948806288898,0.125959221093545,0.08008937175935713,0.14526227091458285
0.11191018576987959,0.04873749467581708,0.12433390452658431,0.03741172836861826,0.08836398150424203,0.09923738297026889,0.08069200017470869,0.06946054854279728,0.3398527734670839
0.10055760129438167,0.09837894904426965,0.12051259624780954,0.04088881426641144,0.09910642191173842,0.09784499735792562,0.1240280436207381,0.1078378616224796,0.21084471463424595
0.10599753119599532,0.15903105705646844,0.2060621307584474,0.07111901606523778,0.01847153048686478,0.1372431106932987,0.10149587919679602,0.06994771330271111,0.13063203124418044
0.08397222000162761,0.201671046162367,0.05155076974200378,0.19732042784924417,0.04940710382576174,0.16183816407623683,0.09260817335650118,0.10135962840678973,0.060272466579467915
0.17907221825721345,0.16991280575484777,0.056419503066669464,0.12008844134230463,0.05230413268995909,0.12500754874052844,0.06069741390111518,0.07909916778419261,0.15739876846316933
0.0868874385024699,0.09584609972775664,0.06429663230846248,0.10025674415713877,0.21122396036650537,0.05088586644653692,0.1735454523994864,0.07982469517329148,0.13723311091835197
0.11724579978103318,0.09248393459230568,0.106547887762988,0.1635350284786452,0.12437679497090603,0.10215788510219716,0.09683028386852426,0.10551227534737845,0.09131011009602209
0.07868637713649725,0.21351832710530946,0.06336049001537203,0.047538088211507956,0.10956873481720647,0.22513117941927785,0.11656427074423141,0.08244044275005714,0.06319208980054032
0.08449597229913479,0.08022358120070223,0.13206270654886024,0.05466981629719967,0.17606998795073095,0.128139588362178,0.1268626804271713,0.12545124895554552,0.09202441795847739
0.20030793831041552,0.05584829942296305,0.15685441692886384,0.040720635036399784,0.021125695774622272,0.17309596855568718,0.09963600274551122,0.0937123654927215,0.15869867773281557
0.061360592633256106,0.3305612003323946,0.05960365114219804,0.07465206538509701,0.1131385460391821,0.08118475542012259,0.07097687817871502,0.06765572642201073,0.14086658444702377
0.11113990305191886,0.11510680137195455,0.2869048575301667,0.04933853426804349,0.04938592013338807,0.07788716283719668,0.12407350946355922,0.058328929422846565,0.12783438192092578
0.0988922488333449,0.10609220811295521,0.1478548462468202,0.10258293602322867,0.0693650610359562,0.09103581034479363,0.15139482674433036,0.09613943134797791,0.1366426313105929
0.15390755300681813,0.0450477615817535,0.21165493815001088,0.06477561544629312,0.07528418020147874,0.1407284961791965,0.09092321402639632,0.123002050239907,0.09467619116814581
0.07508912932877872,0.09646541757241833,0.097483232659344,0.16435335726506412,0.10372237244636091,0.11012940050184251,0.14884249965763677,0.11918882658254028,0.08472576398601428
0.09614700073621651,0.21534777302264765,0.054275352906765474,0.04505284136577611,0.14998747389830092,0.08741614854838113,0.11684672832833216,0.08541477901527135,0.14951190217830873
0.14210382713419256,0.13946138361591084,0.10801086330923615,0.0846742896078251,0.031500454501419,0.12408965546195731,0.063703967785624,0.1311416141673063,0.1753139444165287
0.07540193529284232,0.10219108192371755,0.04758241145744174,0.28803108045385883,0.0535769433168512,0.09648268183284485,0.13440116391017612,0.07234365808069416,0.12998904373157327
0.07980425253584715,0.23084718736525148,0.05894959752966961,0.21324442532174678,0.07044207669211282,0.07309337013039559,0.13005490695817412,0.07066099973009589,0.07290318373670661
0.1221068761288459,0.0849401968161686,0.10974332924304753,0.12006763265988933,0.1484526865173233,0.07402754741655142,0.13735239998844762,0.1170590494999079,0.08625028172981852
0.10397748181753717,0.20623873491784858,0.061768157359252916,0.0845421123909504,0.08055111624298372,0.15741892158322165,0.12056747325436767,0.0743266050492396,0.11060939738459834
0.15793837883535425,0.06535112035192603,0.15649574526670704,0.08031291974471198,0.008578046321969736,0.15639281139513106,0.06642470838372454,0.07601717671940221,0.23248909298107323
0.09346754061138923,0.052839322568752616,0.09265713249189757,0.16306679951075528,0.2081679639702445,0.07457619823672039,0.11486481798003478,0.13910862509735775,0.06125159953284789
0.09173460867101069,0.0891045720912688,0.2529642265691481,0.05853977104660433,0.11734957223776228,0.06045660349168184,0.16131017200784722,0.07765717187454448,0.09088330201013228
0.15112109899223855,0.035339293393692246,0.09823552378781131,0.133183774834243,0.06659762481987382,0.1220025549113204,0.09041851661938828,0.11450572907017963,0.18859588357125281
0.08697229849018023,0.06959427211990411,0.14776075070815906,0.06107885238907396,0.035983356074875926,0.12976040881282783,0.07992365372186848,0.09132876229934979,0.29759764538376055
0.0875436460254226,0.09482656255805318,0.07664072481571997,0.10854212420482977,0.19216220034088963,0.058174688464377546,0.23060773262274634,0.09992912574821726,0.051573195219743746
0.11649589903650186,0.07589724732604625,0.28112227960629427,0.0702046213144939,0.025389798220996088,0.15512022534872025,0.09523309753951388,0.09463489703584742,0.08590193457158603
0.1458378125579138,0.1103350263133643,0.17688904071374978,0.09756568870827598,0.030415729865819224,0.1792468755829442,0.07752895067309064,0.07017495288771057,0.11200592269713154
0.08417964863175764,0.18282183244633854,0.07304897904708556,0.11909129818887376,0.10045171909592793,0.07163085921364526,0.14219379258541853,0.10168337814943158,0.12489849264152135
0.09079154235560112,0.0829394147924093,0.2278371933182224,0.06387464657965745,0.06264023059939304,0.14249848411719304,0.1216976279885061,0.15054690869372642,0.05717395155529109
0.08407798097110643,0.10048395533214767,0.16591782266699964,0.03747504821723777,0.037243041009881246,0.19031731038750774,0.04561762045776425,0.10411200876036221,0.23475521219699305
0.12169794300794194,0.08839025559693892,0.08178828505155404,0.09148716372043575,0.11835912941898748,0.20370943883841094,0.06899002929005194,0.14712231654957672,0.07845543852610225
0.09581803994141996,0.08906491131835786,0.19270164649754296,0.058123704445672,0.2019052273590611,0.07777039147194599,0.11005284122955623,0.09506998566398824,0.0794932520724555
0.17395701321763166,0.10526449001606651,0.04529786781744113,0.08332548794322199,0.12253556555538665,0.14705545288976563,0.07269213244150488,0.11988468873049786,0.12998730138848372
0.09750449391135374,0.06903923007126328,0.03221485528957886,0.403661397965424,0.05362058890745213,0.07776766044956405,0.06632455021498009,0.07573275722985758,0.1241344659605263
0.134962815510386,0.051180990390444416,0.16084099941438482,0.04316058248530138,0.12567085924977336,0.13300984607722036,0.12591263873730546,0.18214930115405611,0.043111966981128104
0.12977253240685246,0.05130932467704866,0.10474375489141963,0.028760558487794182,0.06854205852636212,0.12070620814366688,0.08085007320135358,0.07520433690537763,0.3401111527601248
0.09922401474473073,0.1105374646263347,0.05730763021554224,0.07598983125001778,0.17187473165133657,0.12536839401486888,0.11588138026073362,0.12431595960311831,0.11950059363331711
0.13726510749407658,0.07978735130485984,0.19468434126902434,0.06028328030835272,0.09488297521345908,0.11083282688309785,0.12356376963717851,0.08907520736669251,0.10962514052325852
0.13865958178681748,0.05578215309904092,0.09610911515028515,0.16141750052192969,0.10839249196266199,0.09200436390721528,0.12027902555815877,0.12394442644673831,0.10341134156715233
0.09299576003159184,0.08092997199057232,0.08811182911679925,0.07015374659390385,0.126746871141011,0.0809948726770326,0.13707967723039047,0.10735142157773386,0.2156358496409649
0.12010322459892546,0.10772032922503334,0.07453586057245759,0.09549040392578319,0.03423631980117268,0.21113412210160376,0.06833474328839823,0.12243777922011796,0.1660072172665079
0.10214090461222138,0.02356978825211189,0.11794807615812186,0.07799997216504234,0.23406808351548833,0.04571101508486861,0.19062245510444864,0.1383102199873983,0.06962948512029864
0.1569331489243862,0.14240469492455746,0.1442881056161958,0.08945609165370855,0.025305063250572926,0.0993329149418542,0.06487433348603273,0.06768286775069775,0.20972277945199438
0.08606003884112053,0.11592130604456015,0.29094928894129996,0.031297514833620345,0.04251677299163273,0.04356209698692557,0.08170464148408896,0.05535419339157973,0.25263414648517196
0.11869593821820613,0.14064669879674915,0.2621758502624959,0.02959108920363132,0.014748325926846342,0.08346012420289987,0.10095052421805113,0.06338097940734935,0.18635046976377082
0.1307133085091595,0.17879308274977146,0.21663624137619916,0.03369600176207063,0.033578449061001645,0.07359939001517707,0.06327778257793722,0.0692004715932563,0.20050527235542706
0.10892366159022283,0.09262698787541435,0.11545854105499466,0.04546651382993425,0.15783698795105422,0.1542895332436086,0.07426634170709082,0.1464661461560297,0.10466528659165049
0.13480493111466094,0.08186136547915043,0.0799317833159104,0.09533231150383063,0.2014618240633997,0.10602974536393626,0.12445920401179689,0.10060880141919852,0.07551003372811622
0.092976311548432,0.13203887226499922,0.02859670237536952,0.27484329971225624,0.0920779541100083,0.11047675020336771,0.07627241579006801,0.07874377209308293,0.11397392190241608
