0.13615931541326198,0.16024082418876437,0.10055992384958062,0.11645204725148835,0.10752676631943524,0.1464484211851557,0.030877634770553258,0.10878594803372961,0.09294911898803092
0.1213394790033539,0.10123007662407689,0.0828635331106394,0.12990047540641136,0.10959564529493915,0.13671938256953578,0.0417444987525355,0.1583275139653945,0.11827939527311354
0.07622356348604563,0.10674590461362954,0.17068358951519425,0.11413056310154533,0.11955669623224748,0.09103451088556273,0.11924363664159104,0.0990727952641478,0.10330874026003622
0.09929792920527171,0.03885706159251811,0.04073797459162481,0.10919102267621295,0.06425070473959939,0.050383273649638106,0.4344505140120263,0.07617733405202677,0.0866541854810819
0.08127823409694572,0.06558770525812589,0.11453994035941056,0.09090272712101627,0.11911429736352196,0.1188172843035694,0.17999868500836178,0.08865263200210638,0.14110849448694202
0.08788983810377508,0.12138658530601555,0.1731082025445723,0.09380028043021356,0.12716617679289813,0.17588963243920075,0.019511378271514727,0.086440725247185,0.11480718086462494
0.10255033606507712,0.17933555633534906,0.077362070166417,0.10380665035565717,0.11282920539124197,0.20515901590655508,0.014303376818335491,0.08104051284405586,0.12361327611731125
0.1426969614287523,0.08765442254180238,0.14131635002842793,0.08990471563212021,0.09991714142848762,0.11832357401548747,0.10454469887343325,0.12376553586360921,0.09187660018787953
0.10221296872915957,0.08207480943843808,0.09583777759025491,0.09312346861737782,0.11348220337722291,0.14185605636789678,0.14265340859411044,0.10534473004594896,0.12341457723959055
0.11946684656222269,0.07847789775493762,0.11566083098389189,0.10251179425080707,0.09898726091533365,0.17956375999572893,0.09470767786528321,0.10500709461758594,0.10561683705420892
0.11202489433050045,0.11032241911435477,0.09312033096436313,0.1267684216294945,0.1065483459680397,0.11334298263836251,0.07694225858615215,0.1407549639913941,0.12017538277733857
0.09054574889559903,0.06372956956107347,0.1267062237119585,0.11290576752312602,0.10005354588665445,0.11150689462162551,0.12230773036547128,0.14211637364729193,0.13012814578719983
0.16495269159072048,0.18925168766684863,0.12218428065277302,0.08778552938824086,0.09490640031837384,0.15200730850277924,0.01824481319892541,0.08881827178254431,0.08184901689879427
0.10689453903816215,0.052794972346233544,0.13155421353630015,0.07018099360788517,0.08423821690190945,0.07243969053751269,0.24119191993823316,0.11936575250827448,0.12133970158548919
0.08681523303100558,0.10454594628600034,0.12734548660941128,0.11868879267973714,0.11264552679188593,0.1613199689350946,0.01599865698409149,0.15065210050444874,0.12198828817832486
0.11919077327666112,0.07585222083410958,0.17835550553851373,0.10687067586352039,0.10200537848050949,0.10570476434081992,0.07186744938364929,0.14453865549942194,0.09561457678279446
0.11945725595189804,0.2076437593160337,0.1392843041065213,0.09070136111157924,0.09536636635365914,0.17336796917555286,0.005352106983010211,0.08425201949203232,0.08457485750971316
0.10830822492056087,0.22424323535320845,0.14119995123397158,0.08539375560540675,0.11672606092127669,0.13085388335189155,0.009125641854729182,0.08393135794300662,0.10021788881594824
0.15866032549593526,0.09822649768237479,0.18942770017931013,0.06858977981960097,0.09597616336021662,0.10944013684307048,0.06919984185682843,0.12395258847947295,0.08652696628319034
0.1171877501591102,0.05024906718325441,0.11891443193630448,0.10060077997330906,0.08436472166158197,0.11157570750722086,0.17650789605690417,0.1347768207201257,0.10582282480218917
0.1090665291423006,0.06435625396833201,0.08361245551911367,0.13843886804870978,0.0861546332052512,0.11570771524713673,0.16511884854460654,0.11696277014973566,0.1205819261748138
0.08836775722678107,0.05775076933932869,0.07117788025075768,0.14263601978543664,0.08953843006518551,0.17545309375816243,0.0909405511413061,0.1677984892140408,0.1163370092190011
0.08746438047650966,0.08721733217415946,0.06661271956351217,0.11376154007082206,0.10411698908917712,0.15683082171905824,0.1376742193265632,0.11029755092192528,0.13602444665827285
0.08705630881974673,0.07722734707568996,0.09453794626873514,0.1185754098184556,0.08233722308987589,0.05998870966004183,0.3160158840053436,0.08778962983213016,0.0764715414299811
0.07573878612569372,0.05482423745413165,0.09121873951338566,0.11983793871792904,0.09189920285040153,0.09475995355032751,0.23963041626530793,0.11454208426216426,0.11754864126065871
0.1261452719675442,0.10319328443156699,0.17006452227423066,0.10310627706725539,0.09372622538220443,0.08763039388732119,0.058157552442889,0.16717156391053636,0.09080490863645178
0.06550605370210055,0.055877500943622975,0.11404821400416744,0.10714878319118619,0.10324729385805435,0.14253718070573285,0.10813789184230782,0.11483564671385797,0.1886614350389699
0.09052527902093634,0.10695086661333242,0.1549720314047384,0.0948328978404631,0.12915355011592844,0.15865215683624517,0.023188866477926565,0.12860998792163417,0.1131143637687954
0.07611321785915887,0.10016625925438306,0.1760444767968868,0.11025570085269519,0.12910873861781075,0.13038497818810332,0.028106729346413766,0.11092202207204195,0.13889787701250622
0.10771526106737887,0.09518635027118877,0.08636816433856555,0.1332813480388325,0.11221081287493978,0.18718624580730303,0.04932753599232467,0.11096224701086776,0.11776203459859906
0.13249503274449287,0.1393937796945209,0.11998468481118978,0.09590792201312089,0.10700829123335176,0.12569597855494674,0.061874528446919146,0.10636689645740405,0.11127288604405379
0.09978502188194567,0.09686588039280608,0.14870214330600875,0.08069041648595353,0.12899126436509736,0.14036613256237115,0.06616241806110613,0.1064136629577725,0.13202305998693878
0.08876867727770021,0.055917550498529846,0.08369086704939936,0.08228333575724908,0.09007104538257205,0.08451724092167297,0.31765602873688836,0.07997177731632667,0.11712347705966147
0.08568688577378486,0.12071682637258173,0.08675740715862194,0.14287555960942316,0.12258747079965897,0.16951049660953163,0.029323400273132585,0.10309415722555361,0.1394477961777115
0.1280574467356867,0.12331814530266272,0.10203233849154768,0.1452611994244997,0.08768232355554152,0.11139614240899805,0.0374514123564301,0.1640732203910143,0.10072777133361928
0.11201243352479957,0.11849145505513259,0.12407490504114373,0.11757053587786297,0.12451608875318448,0.12052375298379663,0.05082229641796055,0.09640534462451437,0.13558318772160508
0.09333865089720066,0.10228881046428077,0.1094098717180247,0.15305968290222097,0.10537971831537489,0.11436757391693676,0.07771268846014051,0.1462904631576952,0.09815254016812554
0.1462183664184136,0.1339283063691489,0.14875819932094306,0.06642272105265173,0.10719850262226864,0.08731438701562373,0.11910498770183732,0.10424886293637775,0.08680566656273524
0.0815303914294886,0.06359026092631644,0.1318475676293119,0.09604590224637721,0.11369037941104505,0.11817253359184214,0.15820112675312065,0.10982916731526449,0.12709267069723343
0.10021309780281296,0.16467980478593877,0.11270596199299564,0.1094205663548327,0.12894254656798854,0.10083568325655339,0.06510141778137031,0.10686655029096359,0.11123437116654422
0.062291924105057545,0.06263310674228317,0.08417409031506906,0.1221386117613505,0.11732584845639855,0.1475434690979481,0.08166292466166707,0.12308967904616401,0.19914034581406204
0.07778448095610946,0.07865959661641968,0.24700961631213994,0.06734904685401928,0.14518883935941013,0.10183875388123557,0.053900736599837,0.07677692082224512,0.15149200859858378
0.12255028038326228,0.05938221678638586,0.07758727474200212,0.12581167395515588,0.09301808974140523,0.12320594711630328,0.16036608365290436,0.11281058982606275,0.12526784379651823
0.08342260642036847,0.06030874094194974,0.08197357387096582,0.1160156399856443,0.10988769127848841,0.10832795275299707,0.17607415730084983,0.10553325761233368,0.1584563798364027
0.12223504018882138,0.11115345630826758,0.17420775411140307,0.08159729994628385,0.11134801564532266,0.09955332739370455,0.0954031376271387,0.08965881043887942,0.11484315834017882
0.08499288197349696,0.08228657148704242,0.12797755306921743,0.11294341791831712,0.11686780506256944,0.1072724164027068,0.07329989240338261,0.14989856013600722,0.14446090154726
0.09733646014838558,0.07274372969493624,0.10783891396122618,0.10211332244303628,0.11361382939851263,0.06949759995172033,0.1828310098836308,0.13548600314662418,0.11853913137192784
0.04871939523415853,0.08072775024530554,0.024354474065114495,0.19970485851685701,0.11566470164146651,0.16836820191259552,0.05097483539140301,0.15020494359640923,0.16128083939669016
0.10843347748842663,0.1170542609190144,0.1324439457709651,0.09540587053428763,0.10548518221965852,0.06514819345163618,0.14776306272935116,0.09964343864256542,0.128622568244095
0.08937221261010807,0.17638019600595134,0.10174143170766348,0.0809437369704241,0.10715662492727224,0.18958049013840328,0.005977527041800456,0.1266815839217735,0.1221661966766036
0.11591654695909763,0.08159563046785215,0.12872808874096,0.10986374671095311,0.10725994374649182,0.14298286279349035,0.08676348257150827,0.11226565410785594,0.11462404390179082
0.11096928611513825,0.08043205419759146,0.10736865702027869,0.11099951372072601,0.10854085504251916,0.15465930132485425,0.08349361779266229,0.1242546078180473,0.11928210696818249
0.13024056713158963,0.1184635839275676,0.08742022717727482,0.13634910305763684,0.10350153848149124,0.13389070419410745,0.06989868654612212,0.11790277448133892,0.10233281500287128
0.10423053873256229,0.0599645809936337,0.10776553270738802,0.1164551615198296,0.08715752495572769,0.0658290389579096,0.16356695127324974,0.18407646021280666,0.11095421064689266
0.12550279261667144,0.07479291915580726,0.09534739554549569,0.14072281705287984,0.08498556006697226,0.08815126581371728,0.20999837783840028,0.0855301383548871,0.09496873355516877
0.06871188294577667,0.10121312170291806,0.06974215159607279,0.20047732585374767,0.10592797706516406,0.16216009052033042,0.049095721648527525,0.09420523254784806,0.1484664961196147
0.08143021344504237,0.1121785243521531,0.1461480478240276,0.08702777738600792,0.12574278665108388,0.09384092900993439,0.1599327881823054,0.0855725376420785,0.10812639550736687
0.06641321856667058,0.03968425011547869,0.0944777682572648,0.12235974160269185,0.08037166691359689,0.06337134757652425,0.23411237690195505,0.15571866508329177,0.14349096498252611
0.09987763233800562,0.10256431363617124,0.15919379482471208,0.09685446979909089,0.11093844978637975,0.16840095109715,0.025521678169157597,0.12371516048052196,0.11293354986881084
0.107732343577385,0.10687665314395993,0.14125126915147898,0.11571879792948343,0.11434759132175903,0.0970189713184778,0.06768403002250342,0.13293558630734423,0.11643475722760817
0.06665199944579236,0.09690718768483318,0.08527801784656308,0.15088857954690185,0.1190878272885083,0.14356311094827834,0.02607154932559806,0.13467527649366517,0.17687645141985964
0.10430458519751458,0.06440031134234045,0.11778611489587743,0.12559559567866654,0.08052360260679489,0.15294706956254844,0.08444634886693791,0.18318215962831338,0.08681421222100644
0.07413913839126544,0.11655611657996003,0.0852374902752888,0.15993294377104647,0.1161292956303754,0.14542343256804344,0.04264085434430067,0.13580225203698243,0.12413847640273734
0.0945268667398897,0.1749078436342132,0.09824504630070034,0.12846802325853016,0.12822810155076228,0.1283799656029413,0.03901410787023057,0.0761826878035425,0.13204735723918995
0.09666754301989293,0.14904250795397822,0.10620976960520413,0.1296390488398128,0.10385993127223213,0.17895033738595953,0.016143769342292752,0.10635742193064357,0.11312967064998393
0.11426003492484997,0.07224264868990926,0.16537240917174212,0.12511865227781566,0.08334702582542185,0.09964027664208684,0.0785633442682995,0.1654366277351461,0.09601898046472875
0.08786094572529692,0.06904428272290629,0.1265734185276405,0.08897114785017075,0.108483704499863,0.10106032819085527,0.18028921466249667,0.1466131356806005,0.09110382214016999
0.07353188207866167,0.08067291827843644,0.06863820484819852,0.16039218320097992,0.11062176700464638,0.1365043837250278,0.07002603534195713,0.12092113943597403,0.17869148608611815
0.07299743375242661,0.08664601772199411,0.12921218537254023,0.12161861051207745,0.12052723472265758,0.14572137944787808,0.041413807319490736,0.12679038108079999,0.15507295007013522
0.07974485971302152,0.07730378356469768,0.09184598693501711,0.14762151073806665,0.10704852452401477,0.12656630432866348,0.0773287402323835,0.1358432188937637,0.15669707107037167
0.09378477691906345,0.127411540646831,0.14283761000401018,0.10072447548107231,0.12090845559924317,0.14816607035741433,0.02017743383288679,0.10816760329924317,0.13782203386023556
0.1569260170633655,0.1547277417676268,0.08028461894156068,0.1098971726964032,0.09450737347072469,0.11341709384901032,0.09608835534496803,0.08946487674162702,0.10468675012471369
0.06964280915641564,0.04952834455521257,0.11922703532291505,0.11452311748440441,0.08177381240563704,0.06300486908657833,0.24177287221341173,0.15164769323622687,0.10887944653919829
0.08106562855117626,0.1202046708600763,0.08656955933041154,0.11103640297349847,0.1361519756835349,0.1361021485027096,0.05480340924953083,0.11267405193171619,0.16139215291734588
0.08175891463009231,0.08318513466796543,0.13499964786119464,0.10651821367470361,0.11961127482266515,0.13805225387899311,0.09801023352805126,0.10442918895735943,0.13343513797897502
0.13222635162371188,0.1055565949966591,0.17177020567956525,0.11530950265787802,0.10272331359446102,0.10200858015597726,0.05213922859575414,0.11139189877952939,0.10687432391646391
0.11797465429787234,0.12591342637088984,0.15878128972859618,0.07619687437810256,0.11261508859434784,0.16493443061877813,0.045785985836319355,0.09094633069452583,0.10685191948056792
0.10002805603100752,0.07701431089719188,0.08420734110115309,0.20381400840663735,0.0853000824025102,0.0995175505158213,0.09987252183429975,0.14984740111190153,0.1003987276994774
0.10551404004119501,0.12368074890810947,0.1969631261824019,0.07858885903693147,0.1127491751971275,0.10518667852500528,0.057605261373372796,0.11298294875998795,0.10672916197586853
0.07957440068846083,0.05874640121440747,0.15330115271037292,0.09335041881873303,0.10527722263902768,0.1610429204303592,0.09774152195675419,0.12277957213657174,0.12818638940531288
0.12999158743111958,0.07201211324317068,0.10296478126702939,0.09941817773732207,0.09743834984943224,0.11376459861231059,0.1474781554046284,0.1406882996605272,0.09624393679445988
0.08969447264608499,0.11314312972527422,0.14614217486920808,0.09333529748289038,0.10742402677259888,0.2025419311333064,0.016482191367259594,0.11915257685705012,0.11208419914632732
0.07617082216707617,0.054175238903367555,0.07650159294836885,0.1045176274821475,0.09439469374714522,0.08324429353673378,0.281894493590946,0.11669805609695198,0.11240318152726296
0.07717343175208576,0.0461351203073942,0.0909943079396286,0.12199082464109796,0.06937194990107345,0.07299056185167484,0.26854787824120074,0.1449589383782737,0.10783698698757076
0.10432504781083213,0.1573459905868327,0.1512014466687245,0.08416691665252589,0.11198829023170875,0.18641752079889193,0.01099463536324929,0.08872509667631752,0.10483505521091725
0.07513962661562551,0.14476699509770888,0.09730821632098659,0.21727876289239853,0.07610020744833922,0.09336646492408766,0.012096170935650968,0.18570253887548957,0.0982410168897131
0.10529441448808102,0.10397672017821147,0.10102721304955174,0.0926870680226161,0.10524168439979807,0.0680435811347071,0.22296907040546987,0.12400211193176146,0.07675813638980324
0.08666000081601426,0.09557922300862608,0.0968710073729168,0.1213169717217134,0.12819176278898192,0.17210533397428973,0.03814895868701423,0.12096628592144305,0.1401604557090005
0.1322333757336678,0.08061125845459104,0.07251050338879768,0.13098255359129732,0.08747868863814395,0.10888480649570498,0.15865929306032714,0.13112309177196982,0.09751642886550033
0.1019820351520913,0.08183311235060009,0.09541048898795561,0.16671915058940265,0.10296996548728861,0.09010183247792063,0.13362221839803923,0.11157754422448822,0.11578365233221362
0.07858017314895185,0.08981484443984918,0.12057790810986818,0.12991716402746786,0.12856787096786937,0.11743973487516568,0.059448191939240835,0.11896080953137399,0.1566933029602131
0.11037061777516695,0.06347913628579147,0.13894878869635408,0.10109024737843735,0.07920241452867889,0.06119541485714566,0.19619515411228042,0.1594660263155581,0.09005220005058705
0.1470321719818286,0.10723420011554168,0.11361411156406165,0.09984248721538096,0.08937576888463981,0.09212120296771516,0.16164176631338475,0.10454106027545795,0.08459723068198939
0.09438651045523415,0.08498286027200781,0.08119745150713838,0.12973540975929365,0.10330479811997112,0.15808449969532953,0.04216158264767115,0.16763238415273518,0.1385145033906189
0.08960899185836778,0.10118613442878825,0.21480328156875186,0.0833895293914833,0.11946084002885221,0.1677561511949621,0.013664895175087762,0.0856769558901924,0.12445322046351444
0.0937434043076058,0.1432112423440687,0.12217733085104115,0.11511469812899285,0.14535153250327884,0.13121682016721434,0.029664151013086892,0.10485803460110603,0.11466278608360536
0.10595143280897414,0.14574917601976736,0.13918567250048397,0.09134339439813949,0.12057130728020367,0.10661459177547662,0.04192108499959052,0.11506206696365977,0.13360127325370444
0.1347487468740501,0.06809417270856835,0.07599521206558395,0.09349650495395855,0.07768417298562123,0.0672302986526057,0.2960873571053721,0.11421674313266945,0.07244679152157055
0.05385767029307668,0.08998256777456555,0.054354616163312434,0.2410528436866247,0.09928992337222375,0.11462092025774347,0.040686771278292365,0.1783220568612848,0.12783263031287642
0.09595595438450244,0.09161967579269148,0.12141791143569791,0.10111583951953029,0.12838724924821712,0.10140407307182552,0.1519497796236614,0.1069883902945306,0.10116112662934328
0.13167703007458467,0.0627504795172537,0.07201689740313914,0.11421816714693421,0.07622211782439776,0.05414471588957622,0.3055206786570786,0.09122464590811492,0.0922252675789208
0.0977657393941029,0.07076478433089188,0.09502958898085034,0.09904303168837018,0.09025270724575285,0.08567827778468036,0.2562434076284531,0.0966536449147617,0.10856881803213674
0.11744176605571427,0.10382583711192143,0.19695459523508477,0.0754124743552698,0.13370725770873373,0.1062989694295156,0.05462410299228702,0.06218818170097822,0.14954681541049514
0.12640781670691606,0.10189157540886319,0.1700100664585499,0.08252195895336345,0.11282566644446497,0.1014578909615253,0.08915549943832408,0.09455067894385506,0.12117884668413785
0.08363476320108548,0.09508560755368879,0.12425637013335487,0.11387890551314901,0.12458343067909115,0.14662793305407187,0.06590641298381199,0.09316128132301771,0.15286529555872916
0.07249933735388263,0.04650673815945871,0.047027008726536146,0.141752596591292,0.08976856393011245,0.087853412608823,0.2676742060163208,0.09016985768878322,0.15674827892479096
0.09740429562351614,0.08514575767590947,0.11522913621527235,0.11007977733011158,0.120101826918717,0.11734109213123577,0.07020334378335708,0.12498842324217752,0.15950634707970307
0.16950147718470976,0.11200637013705918,0.11078355159063824,0.12736824812111222,0.09894542263024085,0.10690352180997227,0.04848603456059942,0.14550851499273404,0.08049685897293413
0.09179536912390818,0.10905766254773104,0.11154799478994365,0.12666405796746663,0.11720030098396866,0.14178149843392487,0.04483027911635373,0.12405766467250857,0.13306517236419466
0.09192267328141028,0.07014553646635004,0.043395957172953435,0.1684480816349518,0.1102713145535033,0.0938023030424433,0.19359741431871882,0.08417097782513622,0.14424574170453283
0.1191461075410191,0.09809585334008016,0.1503292001179615,0.11744681378377549,0.11375612465002982,0.10301980543345439,0.03906786492047306,0.1357263943541557,0.12341183585905076
0.08368217535120637,0.07154001780669654,0.15531040922711664,0.1135362581757034,0.11140134911294668,0.15621289075520922,0.0735763083989431,0.1206203194440565,0.11412027172812152
0.09820018661388107,0.0959966518885768,0.08444973081992091,0.12706572742920244,0.10927028017992065,0.11396514645901258,0.12783255286647768,0.12236764795578081,0.12085207578722706
0.1381643687539927,0.19653046629926374,0.07941690728148926,0.1286054390817619,0.10373032530347892,0.11821201652529433,0.04564910788131154,0.11460335995129994,0.07508800892210775
0.10187265110749277,0.09218102839033593,0.11873235217449894,0.09281524608282415,0.11946095512420402,0.12347124094543616,0.11864670109968696,0.11564979743257688,0.11717002764294417
0.08115784369554253,0.06498708123930223,0.16165606479487707,0.10943674348408346,0.10867869716933393,0.12004622096031271,0.08915900529421873,0.12708022623727774,0.1377981171250516
