0.12222060054560115,0.0836105757398362,0.10647760358375591,0.11220383424377932,0.1227334005191409,0.1752954523979617,0.14533619708795456,0.02531485275180549,0.10680748313016471
0.10127981835572629,0.09873867344382231,0.03475423702914033,0.14917076948009442,0.13868423461922672,0.22980007751393072,0.0768035277286238,0.02505927180569727,0.14570939002373814
0.12936160819337858,0.15036845630465737,0.1430854170112111,0.09431463729711352,0.14163693477826375,0.04356837161483849,0.0920186355247406,0.07131124028629107,0.13433469898950548
0.07894980158598602,0.10296951194336566,0.013022512117004316,0.1385139848550025,0.09513948592301931,0.16108790829135006,0.1226257787385419,0.1807072496627653,0.10698376688296495
0.08026259949093704,0.13902716040827826,0.013566016263000594,0.12418737333235967,0.1044676500237866,0.24804213335066674,0.10450214354132888,0.07410841712301046,0.11183650646663183
0.09266080654251518,0.13117075875121778,0.01976147963716748,0.12420547926383979,0.0967979660326073,0.07155650779016991,0.2956804272617822,0.041838421916974816,0.1263281528037256
0.11903355104441937,0.10229071394672555,0.10666388779449609,0.104529841967407,0.13294611859470948,0.11429176967384698,0.08766207927954212,0.11518536707565648,0.11739667062319696
0.12402740212937173,0.07047301479353564,0.21532644988351915,0.06638893182634012,0.0753449874738132,0.024693642900381296,0.13234182073522371,0.22113945467489904,0.0702642955829161
0.1094103708516758,0.13352960496669183,0.034839479054978716,0.12068482742267089,0.123771497388608,0.12535251148932153,0.200668606601603,0.03174909332734613,0.1199940088971041
0.06479474950309401,0.06667131793807259,0.012836998606678187,0.09576667609861556,0.08930276910234221,0.46135577064188515,0.10213023330114131,0.01631189404861287,0.0908295907595581
0.1422500974055486,0.14362993357325593,0.10743618923364318,0.09882798975811075,0.16075194882251395,0.03672885513196664,0.06112802899224786,0.10267305880560078,0.14657389827711229
0.08454452475675624,0.2302505214862354,0.022444323306767364,0.1150914071612996,0.1407716199563108,0.03996549272697927,0.07108236350862081,0.1614015324647229,0.13444821463230758
0.13624932097506962,0.15916933219742713,0.04739434429814495,0.12444682804512065,0.1469554154492724,0.0389086848044127,0.1113777812422242,0.10602665612685497,0.12947163686147342
0.08047292499302727,0.07251162884435085,0.12540053820891683,0.12524630002408896,0.1230540705675412,0.12487857393169344,0.1363227046741174,0.08167121933236642,0.13044203942389768
0.10703605888276768,0.09228416099071901,0.03748202056919595,0.13798239514673474,0.10200674227578109,0.20154134172573404,0.1023390821346386,0.11312370430267958,0.10620449397174929
0.11383968532333466,0.1083349389575794,0.04674932506266388,0.098761836297052,0.12466256889918326,0.15478338108031148,0.15691758180882384,0.08602975975912934,0.10992092281192219
0.09797944479904601,0.09365112279646577,0.10826567990300735,0.11453849650132952,0.16146398590356312,0.13538943113953006,0.12553568077190905,0.0430660064675303,0.12011015171761891
0.07295567641084849,0.15468708142696838,0.08232094619924064,0.14779852835324078,0.1412029546069696,0.06222773488002914,0.04103050537476652,0.18293664244845995,0.11483993029947646
0.14539605454728152,0.20608005088483294,0.0593750692898497,0.08562258326147755,0.11811125157620321,0.0350095585401228,0.11697473274414001,0.1173223998093812,0.11610829934671106
0.14188569436698056,0.10133446939116153,0.10355307623473466,0.17073697155342651,0.13974872751456072,0.08244283164845907,0.07897388561827298,0.09091750363753405,0.0904068400348698
0.0897067082912747,0.08096216332412136,0.02786852026219046,0.14715553758412694,0.1301800100000316,0.2762284103536734,0.12082590864718096,0.02610850955959136,0.1009642319778092
0.08635485147849925,0.05011524634186113,0.1786720974075556,0.06975628678817604,0.0902111504039506,0.34182486674832196,0.07089232371903338,0.018141787517686945,0.09403138959491501
0.0787222981501982,0.16913997084532653,0.06848275050906448,0.05197327323735749,0.076440709644539,0.012408702974182506,0.025035684809672932,0.43195327950930357,0.08584333032035525
0.10877869809648182,0.10734611423857388,0.0218788299069563,0.12578693720715603,0.10331077807112506,0.16674975467743577,0.17259945231901927,0.07083669896379745,0.12271273651945436
0.06672225635756583,0.06337507899484236,0.009668055156075613,0.13114593304615516,0.10550980056030572,0.4133668950434593,0.08072160780423578,0.024974623131874665,0.10451574990548558
0.10086351473325122,0.15870611149774846,0.029690848447195523,0.12757590679116756,0.12054646765132804,0.13593819658801323,0.13224463958039273,0.054487050799685716,0.1399472639112176
0.08352355380083117,0.09733956385030923,0.024227644269385677,0.09391208627134333,0.09482381435305083,0.24581239235802324,0.23843184928983333,0.010787900200127223,0.11114119560709596
0.05689935668185287,0.07166230879108278,0.08909613598007893,0.05967310379069236,0.07682889489632488,0.1276912164726101,0.05203575890035491,0.3737766464537846,0.09233657803321854
0.09231826744005638,0.07631325400250207,0.04589276765323457,0.11568299456123422,0.09697928624397145,0.1426800014361268,0.08724720546896288,0.24634553409641824,0.09654068909749346
0.07295677556357509,0.07784436482701333,0.03382763405793557,0.07562729384514444,0.09739850815095608,0.3908954443555492,0.10748190131118966,0.02838997398533642,0.11557810390330027
0.12503744177204512,0.14462737147319557,0.05105754694606924,0.10459563499103887,0.10332300851482289,0.03920102354355908,0.19104906255361034,0.11971630040695543,0.12139260979870342
0.12252341141405161,0.12250848725122206,0.04086857905085941,0.13121523920778574,0.11421768262342218,0.02780014984045222,0.04635885057875721,0.2871587400461533,0.10734885998729615
0.06319555910372585,0.048652450179603964,0.023085130682982707,0.10746678783248702,0.08279436019688964,0.43069491536674215,0.12106021467719773,0.033131728853558175,0.08991885310681276
0.09598130182822191,0.13025216138125487,0.09944736342456706,0.059071269483449707,0.07330741638158732,0.015097539120417723,0.050800393599869216,0.39013179624123034,0.08591075853940182
0.10168195741725661,0.08720192279061743,0.08115653991411602,0.07631543617539327,0.09194713471677439,0.19876044975382046,0.12928780056520192,0.1269210337655581,0.10672772490126174
0.10349991614252407,0.09011529967835978,0.05425381094835893,0.1045918611657088,0.0998172926883912,0.1716896688008942,0.1803665822462562,0.07191675955666342,0.12374880877284339
0.06307767826881286,0.07667795243020391,0.019718853013253258,0.0850757009669904,0.08472891016063921,0.4335439532079248,0.10091563122648951,0.03544334663509705,0.10081797409058897
0.07768645218554299,0.09109985771739317,0.008434859605565797,0.15058587820497207,0.0937946729506156,0.2706234420061079,0.152896649572547,0.04290205107391414,0.11197613668334135
0.11309726450615336,0.10993430349712548,0.030624322201213815,0.1343551952259296,0.11222354939873606,0.21511589847908744,0.13627887912213735,0.053661183558177956,0.0947094040114389
0.1285907597641458,0.24893937669468102,0.05553585823551791,0.09585303620537339,0.11594222609820386,0.01136847376075023,0.17371041061028988,0.029993254485259146,0.1400666041457789
0.12394664495443931,0.12457737462648323,0.08813514663257173,0.06221632933784893,0.07634831790180614,0.029339684871731785,0.021014861210869578,0.3861941069807295,0.0882275334835199
0.1218101514227455,0.17037508960580475,0.23687790218494345,0.07844296295015736,0.10801576946312053,0.012802061756095738,0.09150665278910465,0.053028589413051004,0.12714082041497696
0.11464854176472977,0.09385758042937965,0.21451879164330678,0.10920364025078873,0.16318005609573125,0.07577814814537265,0.07401980415739859,0.04891501594871139,0.10587842156458116
0.08334900757346697,0.07608742698752445,0.026535148153241983,0.12098534397060068,0.10369297577852125,0.24842668958969236,0.1182234416800101,0.11323198283296236,0.10946798343397997
0.08635482603982948,0.0798064644166641,0.029024251662245527,0.09223748933646929,0.10469306473133676,0.3843609758087954,0.09813951664687441,0.008784193879126477,0.11659921747865858
0.10757283568458716,0.07865139627711111,0.05008935699163578,0.1340512929296465,0.1251117055979133,0.2283377897167089,0.08675549351419991,0.09211481296319779,0.09731531632499958
0.0925734279158504,0.13365898301962564,0.024993919250799166,0.14548601860422428,0.10146520667174075,0.08080880250340972,0.11640055378537989,0.189356312007556,0.11525677624141416
0.05256209247729435,0.06453744339747293,0.01865249431654727,0.09650838556692116,0.08182423578339353,0.1774673592458765,0.09671503519477624,0.3221483497411702,0.08958460427654785
0.1009837814516673,0.17596401860658575,0.04985655216533579,0.11737985423238421,0.13599875352714338,0.08894963774422866,0.14275322080473907,0.06539121206312529,0.12272296940479056
0.07164605966217423,0.05761859028431998,0.032808944722905964,0.13366073102985074,0.10914728351192364,0.33854874922565054,0.12238904523544121,0.032616582957633374,0.1015640133701003
0.06999875187232758,0.08713881561930348,0.02448667164609075,0.09176731198777038,0.10109747671984193,0.3239031883160284,0.15417584655465105,0.01630978067417133,0.1311221566098151
0.07237430841133255,0.054640187927524446,0.014286609634109902,0.15571571505687012,0.09103601537920163,0.2679643949138621,0.167606808798199,0.0759514408392127,0.10042451903968748
0.07506455484566192,0.08927957368899808,0.0398641523309241,0.12446355663618702,0.10467840489678587,0.11723288388440999,0.06059313415212544,0.27221228636202816,0.11661145320287945
0.11121418812390389,0.1113091211573315,0.06376614532209397,0.10144115838217332,0.09585696997873144,0.037094469662153434,0.07286762332643877,0.3124331102544256,0.09401721379274806
0.07727996363377551,0.1277183900718631,0.047618367656919604,0.17211005943556676,0.13768818853041964,0.11071159902389503,0.1332859905046431,0.04246587891025496,0.1511215622326623
0.18016102151343313,0.21160959390000553,0.0968300429579607,0.11146859538970127,0.12769599357772554,0.023385368959056668,0.07444590379006903,0.06682305936078076,0.10758042055126742
0.09203685531402113,0.13581389509432426,0.012484176411808634,0.10911380739251751,0.07922173626991415,0.023989948628387242,0.14897297345557114,0.3062168082809283,0.09214979915252765
0.07195863987322107,0.09103955659484714,0.08383417413717416,0.09541641325905752,0.10408823641882296,0.12599513854006217,0.11875526490596228,0.19264639511676915,0.11626618115408353
0.11608333344524524,0.11802531972269707,0.11293713437056592,0.08393024593943708,0.10490701406476989,0.04192191319677887,0.07232484334633965,0.22929235588226285,0.12057784003190342
0.10366206800611505,0.16040590852739464,0.028268976562214457,0.08675341176721285,0.11560441265370351,0.19614481001568382,0.16270481104068044,0.03508236475372562,0.1113732366732697
0.15510589264106941,0.12719215637385187,0.1755982497401526,0.10726871484704999,0.14560227980969365,0.022090575691746047,0.05220620865115431,0.11606807933005762,0.09886784291522459
0.1255278169880252,0.18151321327001302,0.05848017785189399,0.09046181181446733,0.10829517202291288,0.12030132397410222,0.1543437200046882,0.04969903574330926,0.11137772833058789
0.09650461447916693,0.09622916380064572,0.09495413752304875,0.1131584455544573,0.09252941818234124,0.04671957681971713,0.09860220700270232,0.2580480329657429,0.1032544036721778
0.07441078203542398,0.06181567042664984,0.06298613985947304,0.10001438662730766,0.10872854224001582,0.32418136957922056,0.13595321636846291,0.02654969165406973,0.10536020120937646
0.07569532051051399,0.1092532593375395,0.016817670123352044,0.10319691767867678,0.10807350133003585,0.2274158981664697,0.14059558114849116,0.0733272376999675,0.14562461400495344
0.06009207822196588,0.2090288746479516,0.04008039052205651,0.07937622068953261,0.1579874429074011,0.12431837187071339,0.07529222285029635,0.0641312951533162,0.18969310313676635
0.10706958108202048,0.14199517835726636,0.046758638317243584,0.1548223361152983,0.12432814510792196,0.11051698781913599,0.07547203620333687,0.10976210703083045,0.12927498996694609
0.11823535967362685,0.15240485262745315,0.10310696107873575,0.1266719150752386,0.1222212763141436,0.06301449400925367,0.0937546443543006,0.08924544323518775,0.13134505363205998
0.09999716176766228,0.15457826601189947,0.058843195170573015,0.12258921154850688,0.10331127047828866,0.03223080907340558,0.0977867405219476,0.2103590077799761,0.12030433764774044
0.08802821403348826,0.17942060205668228,0.0828210452455607,0.12206548910750896,0.11445177241096456,0.035560930161535324,0.17836193330970537,0.041914965732164494,0.1573750479423901
0.10018273830037194,0.10251041629901898,0.05864843617573834,0.1388797776772744,0.1286764533195397,0.18597682642819588,0.08033868909738748,0.0827148488642621,0.12207181383821115
0.10880756430798759,0.11369612160347853,0.0583550851142692,0.15774937814928525,0.13285975131730876,0.100594467369212,0.12917410861990214,0.07682543079170127,0.1219380927268553
0.12413897569938814,0.09178914163593649,0.09688441917362173,0.11751483132595429,0.1142296624438172,0.14027906832242196,0.08986997894302735,0.10714637798623551,0.11814754446959728
0.0953588145657615,0.12216501273138876,0.04072450438611815,0.14628201179907604,0.1171259277314494,0.2064842492158494,0.07547978855372924,0.07329928481461798,0.12308040620200955
0.10788586104376602,0.12117784036468165,0.06142311281178233,0.0846894966375469,0.08367994163230186,0.03461657337259117,0.15845344118589075,0.2634140510185749,0.08465968193286444
0.08269160946167857,0.08057704331669148,0.00806003699141263,0.0939842571926004,0.08729045336720319,0.25596334570050566,0.17429966154855578,0.11328007201765171,0.10385352040370059
0.09022430182798784,0.09770761051434547,0.07114240064674068,0.11836448987601289,0.0964547064887788,0.17041227912986898,0.07750421966240155,0.17769803609408874,0.10049195575977511
0.06783600185845559,0.12104792758443572,0.013629329064311996,0.10319187963785272,0.09995278736131286,0.35857153000620423,0.09028700061346519,0.030683252439717024,0.1148002914342447
0.10312635906888175,0.20104867410058735,0.014912067569202698,0.13997465762889438,0.11754675350900147,0.07450294610405604,0.1818581256438435,0.03493407946394354,0.1320963369115894
0.11896671775963145,0.1476874512060988,0.021950250378767976,0.1436225066487543,0.14060876747200501,0.1398269575709392,0.0807611038146486,0.08985278593052615,0.11672345921862859
0.09929840115933176,0.17375006082405678,0.029849901185784414,0.11066411971017488,0.13265210367169347,0.09922520193397988,0.07319688010880655,0.12298502683116141,0.1583783045750107
0.07338497840749643,0.09084240318933855,0.024531405923502725,0.10478995013932434,0.09815659480889094,0.34449745793219905,0.10740938475918364,0.0311843629455332,0.12520346189453121
0.09154860680290801,0.07915680492650247,0.036726745289425496,0.15886789295216966,0.11899481204755613,0.22702073033784953,0.0743417152760459,0.11685166903465667,0.0964910233328861
0.1295344765796402,0.14214915638695755,0.0951280544691865,0.10763697707190913,0.11404515522303671,0.061645801012519465,0.20969652494266275,0.025921610322831117,0.11424224399125664
0.09628006206699817,0.22136204794963457,0.03180102417525465,0.1106714276437321,0.12669040180840951,0.07484805207829287,0.13328388969976623,0.05457012744091987,0.15049296713699198
0.11081168669624485,0.15250587678540792,0.04458278034464893,0.08920175187557944,0.09283595617976376,0.014605717443713999,0.10784412350174528,0.2704511839816694,0.11716092319122641
0.0854547371519583,0.06287060787882706,0.08266379459576516,0.10236453939066115,0.11182322700373311,0.28070852888152764,0.14502977363177838,0.02588484805561408,0.10319994341013505
0.13459611924842343,0.15064581141160668,0.1024853083377264,0.10343565149495282,0.1261878735897923,0.05177640479282867,0.17118341877898757,0.03299166735589903,0.12669774498978306
0.09077025841600556,0.10898617548262646,0.17540878239693836,0.10111562524150762,0.1069581791816614,0.1026046942413143,0.12865846916993043,0.06566063144515447,0.1198371844248614
0.08341707332854792,0.10748987239531145,0.012516117413783478,0.14281941097425122,0.10649724964795654,0.22406325052653978,0.178227564878398,0.029013801290127924,0.11595565954508365
0.12177283248084969,0.15939195658549177,0.18288362170440275,0.07613234830267603,0.11858983619237161,0.013257860640237809,0.10184566895943035,0.09709083216604343,0.12903504296849647
0.05659217635178463,0.05490542105893766,0.01906082409849735,0.09105863763606487,0.08085437040493353,0.4958179001440965,0.07531205597786288,0.03883887593104121,0.08755973839678126
0.10725324624101625,0.1372135117592638,0.18523263111990718,0.09361890209184782,0.10203947497774675,0.015367239983168371,0.07920066924995459,0.17480777906087022,0.10526654551622495
0.08527528570004576,0.15599452578671263,0.024459539094304168,0.09171762676718409,0.12876459954497646,0.26367108581715276,0.06786807997944137,0.04306195904607301,0.13918729826410975
0.08643961429483904,0.06167351168042498,0.030154297116963963,0.1139512375274927,0.10458934125398937,0.19289937448709935,0.08612964692147378,0.2296373807953603,0.09452559592235643
0.08380188599012837,0.07648359383452756,0.06144365025917047,0.11405692817757261,0.0955264001846609,0.22913687962521978,0.20413551096117574,0.014622230247855347,0.12079292071968928
0.08275328150594151,0.08099188810477596,0.028435160023691525,0.11058345206516858,0.11005600504043851,0.2790319855797581,0.16513326974185769,0.02144382249234777,0.12157113544602043
0.099870681363326,0.1006724484401079,0.06868368332323976,0.11892065224509889,0.11485891339119375,0.12968540808061646,0.23160149096878727,0.014017283925088631,0.12168943826254125
0.12985834398094467,0.10106977884305914,0.02227377388553216,0.22001540320590726,0.17593880989781374,0.10565415908839902,0.06390499296875685,0.07098897478392763,0.11029576334565959
0.15265647818490982,0.23204125523895036,0.0817155405256788,0.13548343602243104,0.15313167045360362,0.01720635002559981,0.10456037212461268,0.023588910195148128,0.09961598722906573
0.09185761940462983,0.10222478814092573,0.022260574486547845,0.13648257701638458,0.12421458272962264,0.22340839802525822,0.12432413268690473,0.01567636288312163,0.1595509646266048
0.10707218034937066,0.08785833833159623,0.035861136041480675,0.07844870803418681,0.09468467142714047,0.23891913447588534,0.17985202747084525,0.06949539567929758,0.10780840819019695
0.10119701090129335,0.09296213011404501,0.05464235546434985,0.07411588275000867,0.08232210673373429,0.09560549078009024,0.08299034222912201,0.32520635587959495,0.09095832514776157
0.12060961494379678,0.08814526031074489,0.09271117331721711,0.08711548315990618,0.10000840507692417,0.19688335518681366,0.17611119596585664,0.02890879885370476,0.10950671318503592
0.11760589303621637,0.24344675537759766,0.0477404758586204,0.09563857412497732,0.13427073413912413,0.052310047822976276,0.1106967594895036,0.04205154449281854,0.1562392156581657
0.11915084374219927,0.09538702334685989,0.039954495695971405,0.10096402483138565,0.12255250827443298,0.2712554460523723,0.09213443911679547,0.045031923188056155,0.11356929575192688
0.10088672336769243,0.174721874056754,0.06565141073856258,0.09031129727254372,0.09711433077396557,0.033963969199999354,0.1748285118921865,0.12079978043315237,0.14172210226514356
0.0944879031746385,0.09833660952475183,0.02126314759356389,0.12703789260687726,0.10268961449684094,0.17134839797628398,0.2056736659250469,0.050540839476288256,0.1286219292257084
0.06934771638708523,0.08307507256422468,0.02345313284511491,0.12881362625067536,0.1542632459342494,0.33395248234496916,0.03567095086464236,0.0521489778752026,0.1192747949338363
0.07008289157733487,0.08136001796641305,0.014209695897488538,0.14173852137607448,0.09817510575743964,0.32187161165966865,0.11065591161836767,0.036100831311822894,0.12580541283539023
0.11903355104441937,0.10229071394672555,0.10666388779449609,0.104529841967407,0.13294611859470948,0.11429176967384698,0.08766207927954212,0.11518536707565648,0.11739667062319696
0.1342534825495166,0.2085016519747898,0.13661902516513494,0.1222191878172233,0.15238639160978967,0.021648969787394463,0.04084883825907404,0.02594417133791159,0.1575782814991655
0.10496135295067018,0.11076084727033975,0.023650549553548672,0.1372283896342039,0.10565460033990166,0.16177987504149408,0.12628283756796058,0.11461283268270783,0.11506871495917335
0.10470549994598011,0.10891419120820149,0.07850115851072459,0.10727810936421507,0.12498364830575774,0.13168206224098197,0.1627444487976559,0.047264824631328695,0.1339260569951544
0.12429344375675193,0.12963574804016467,0.0282692571212504,0.1134814160065772,0.10750616882478764,0.04245466339474577,0.28554399416904014,0.040723371220012065,0.12809193746667005
0.09904960330830287,0.0953520368137557,0.046781966575841986,0.12243586440250187,0.12931863997253762,0.23480425645969283,0.12000142628198011,0.033275597922676335,0.11898060826271069
0.09422193964942499,0.13630190737262807,0.044182173499615944,0.14417143716970593,0.1720140307182407,0.1385422525735283,0.0474135864462854,0.11228709423149123,0.11086557833907947
0.10294206939674945,0.1050489522662989,0.0494627726672979,0.13574947395422712,0.11777863319832377,0.19630452780960297,0.13389380295977021,0.051296814944960765,0.10752295280276897
0.15291826229131397,0.16469331553862318,0.17103729578822527,0.061266134350510586,0.11620016326220821,0.014111583720171498,0.0675570571405791,0.14611026335808672,0.10610592455028155
0.06276415542706114,0.04908203811630483,0.022678783256047857,0.0742597706313483,0.08192417262378225,0.4378211348063459,0.13661923160186884,0.032379308398436425,0.10247140513880444
0.11849986196335549,0.08126846952895554,0.08490338546926131,0.15244221484953557,0.12230843673287824,0.1490497523592389,0.13316918512689885,0.053339507076787196,0.10501918689308891
0.10006361721520492,0.14551480897117194,0.03508733431258176,0.12690674452373743,0.11441703823874554,0.09224628192307267,0.15107542241396799,0.113621376328901,0.12106737607261671
0.06607961887226937,0.08884851774533904,0.05204006114827004,0.09635758954214409,0.10580997756976429,0.05664861808864746,0.07030365506442021,0.3612393977958213,0.102672564173324
0.07832422975122505,0.0912919322916802,0.11576461076504163,0.13814979479392117,0.12910988720494634,0.14422729242055898,0.1214543364575393,0.06405168071252752,0.11762623560255987
0.07459017501028638,0.044623521406753595,0.021973601467547663,0.09775289727885954,0.08820334966282824,0.3466670565116427,0.06826664394030753,0.17142088156939336,0.08650187315238107
0.10386547364242436,0.1074959189790048,0.10776105188540785,0.08124613773804418,0.1125129739830711,0.12482699474333753,0.18148647676956084,0.03719129791434833,0.14361367434480105
0.08416317378580124,0.1363093953010439,0.013336420123218133,0.12888892111749206,0.09644166134213966,0.14560169571983683,0.2200783297795829,0.04270336248101386,0.13247704034987143
0.08013596883565695,0.19070113428199087,0.025125425786623842,0.1305561204623501,0.12721061575853418,0.06977606530164504,0.17500078923805007,0.04953696670813559,0.15195691362701336
0.09494163348052849,0.07173251013117228,0.3342486263334363,0.06133112355520298,0.07755057112105385,0.0114205939129408,0.019261601020369307,0.2595653801673829,0.06994796027791304
0.0668411557322046,0.11468137253672005,0.018785016085325238,0.13622829880198198,0.11716602244704503,0.2532263551800682,0.06776652362875353,0.09671897043961042,0.12858628514829087
0.11892706869574295,0.11638692832461539,0.05924134898437087,0.08749862322432082,0.11261283121800408,0.23009031617129092,0.1331724780224907,0.028962990424593136,0.11310741493457126
0.11465675119233754,0.08883830340385346,0.10435085544701961,0.06210667706916798,0.09499633530883178,0.018181063652809897,0.019306683099985903,0.40563512916767736,0.09192820165831646
0.10358622516553341,0.11423372365344668,0.28684818942379303,0.08188403421771134,0.0915468355469267,0.006612710043445926,0.04459883846913313,0.1777260325875738,0.09296341089243594
0.17364468914155454,0.2710518582377024,0.1500960553653033,0.05174808178984088,0.10280651366633677,0.0067032899789181526,0.05407431260542104,0.09027865353552567,0.09959654567939723
0.11353821870293825,0.10685194011152865,0.031482656937546864,0.1451091668230666,0.09875855873322859,0.05486567305179794,0.11811314247907777,0.2244317241052148,0.10684891905560052
0.10835663674953801,0.10757755727253336,0.05477585958965162,0.14701783732797183,0.11574477283406459,0.08975124835482769,0.0760766779658661,0.18258515147379142,0.11811425843175534
0.1379451523404319,0.13508215840495724,0.16072772335470187,0.08619022497084124,0.11321532912838955,0.0222246298283152,0.1202817978997384,0.13057249990442565,0.09376048416819897
0.04741333733831574,0.2612959589318444,0.041346700062698104,0.08822934587427637,0.13355883047734132,0.02958448703748592,0.03912495302786094,0.2250524065322945,0.13439398071788278
0.1239402044089572,0.10600012032622524,0.03035900838499331,0.0971254798094411,0.08406373718422556,0.04495540562869873,0.2282270055517502,0.1721911851982262,0.11313785350748244
0.08222303336906725,0.0770868140942917,0.07465743518031798,0.10150649048023315,0.11985541195544847,0.25913553790284877,0.13771783584741357,0.02181261677772409,0.1260048243926551
0.08462923766094922,0.06833437346966557,0.021274783994086943,0.09844611860648973,0.09144622479423155,0.3584685992442819,0.15472299938014727,0.025245744545353787,0.09743191830479403
0.08808332585310137,0.07098049486704305,0.05789995969069848,0.1198728421981919,0.10383167801109251,0.2205728486553128,0.0715893339844434,0.17057258343256132,0.09659693330755519
0.11323797626898897,0.12538491410455344,0.017229975716766405,0.10616738432594952,0.11187094690635975,0.15710907216320666,0.1401546088431291,0.12872528980041914,0.100119831870627
0.061378256602421334,0.08281724009494869,0.01576887135612574,0.13385014623471111,0.10855759406460797,0.32850274309407596,0.12275807193039094,0.03207470965962592,0.11429236696309225
0.13222160549555842,0.158000841006158,0.19590727644603279,0.07424299767611559,0.12909717557234823,0.023917924650775083,0.05940080671177849,0.0933283643334884,0.13388300810774492
0.09236082042953499,0.0895555184039342,0.026505117772427037,0.14523282018510417,0.10141771966019668,0.18299911530709367,0.08370254632628817,0.17531716189653657,0.10290918001888454
0.09488971262627004,0.1259769395893142,0.017648772740028306,0.1968631567853031,0.1058918634234937,0.04658388108019679,0.05197847254761068,0.26737529191946446,0.09279190928831882
0.08492017603265274,0.07878378629742312,0.053416483859242685,0.12109664334258252,0.10571991495703165,0.1985124481414453,0.1550125352003145,0.08560282472184498,0.11693518744746245
0.09528421639441964,0.1515265792863508,0.013430190264045155,0.12123963069919678,0.09040557527277755,0.02965095967521787,0.2686620205536072,0.0999507215669664,0.12985010628741858
0.12265625338302354,0.12301005270706371,0.07294308320540076,0.09353578609847864,0.13697307945478956,0.09598891810912857,0.1659041616411998,0.07224996053958342,0.11673870486133199
0.10753199431298226,0.11807912882818884,0.05328158219485126,0.09797520491804175,0.11634735638447218,0.16750398459369517,0.07573961083518264,0.15223933265448808,0.11130180527809781
0.13153176915794343,0.15225523205380545,0.04545482744542021,0.1284976400006321,0.11551271295412997,0.05914815458717198,0.18762922625468806,0.05881954556582373,0.12115089198038502
0.10296211028094482,0.08034442822068695,0.12063915699497296,0.118376407952189,0.13603928421232417,0.1795064416341886,0.0768234296637718,0.06274433842815906,0.12256440261276265
0.10018273830037194,0.10251041629901898,0.05864843617573834,0.1388797776772744,0.1286764533195397,0.18597682642819588,0.08033868909738748,0.0827148488642621,0.12207181383821115
0.07238750593815435,0.12382605500934235,0.008298843436809842,0.1823648040685316,0.10060372053508927,0.2535171065028318,0.11952888593949378,0.036887517045707426,0.1025855615240396
0.09978427484605452,0.08731664371254673,0.03371253405256394,0.15272640967094078,0.11472504230139546,0.15435730716960014,0.09306617703436025,0.1581120238249697,0.10619958738756848
0.09716765991468305,0.07071473500623528,0.07334829693651514,0.11854863853873855,0.10422810968722696,0.2264087781134679,0.15978101712319426,0.05722602319673048,0.09257674148320844
0.07651233415935838,0.06291103488893093,0.03367115537295001,0.09523223929206125,0.08423610500144652,0.34194200859570884,0.15609999438665476,0.05759995738091674,0.09179517092197258
0.10308227558253864,0.14080559682419047,0.19753653011914143,0.08131188175398095,0.10621593176774247,0.03331635932863041,0.0384014523994095,0.20368805812328442,0.09564191410108168
0.11331207131010361,0.11400807280097187,0.03600455404939836,0.11513575090193479,0.14519910369200012,0.1543519747276624,0.10510926505066885,0.061291721009212534,0.1555874864580475
0.09010019240819189,0.1267558423305846,0.01497941062317619,0.10416609448373848,0.132931384523717,0.22373052268496577,0.11611990917215016,0.0504590590303886,0.14075758474308728
0.08014622292552705,0.16557569189599297,0.06828359357359594,0.12388423779745061,0.13787392843262214,0.0799949134784896,0.15345166087224868,0.05881846263507288,0.13197128838900016
0.09684384553939525,0.07284151632827501,0.09528360912144353,0.11504530621109672,0.11262804051823416,0.22497952822377507,0.10762433707969549,0.06204959312742381,0.11270422385066105
0.06574030478451778,0.049512029485753735,0.05995411808324989,0.09548116828741027,0.09263041945501554,0.37996341880065604,0.11519428267828254,0.0410765151492603,0.10044774327585393
0.09382421105709166,0.07586808274730224,0.04669825384951878,0.09910274111266627,0.1010251672713997,0.33229379972509365,0.10705934293681331,0.036714672493689766,0.10741372880642462
0.0999350684466511,0.14248942034021772,0.024365373199743395,0.12545269689129088,0.13578874976632135,0.14439413557420222,0.07037630683014909,0.10625126607045617,0.1509469828809681
0.08168181692241198,0.2178496767390555,0.04822845117651039,0.128532030305014,0.12993342641064762,0.035805716229169636,0.03546709575889163,0.1877772448540925,0.1347245416042068
0.0813634555833953,0.05727428334144563,0.0645735677830561,0.11072844411022474,0.0911812035842225,0.21505698552372485,0.1324037667010515,0.14420297391325668,0.10321531945962259
0.11310952357276609,0.14628332818923276,0.020152965944211707,0.15075839954880146,0.11808775836167167,0.04250495290166655,0.1703083870301316,0.12049852525258321,0.11829615919893495
0.08384763788180456,0.06552653701444859,0.07646272470334571,0.08832826571729065,0.09455754461569094,0.31252644965490073,0.1384305299685634,0.04257964238571459,0.09774066805824078
0.08063167357071865,0.08665036558748739,0.04814465123625301,0.10448865262856459,0.09964723221015974,0.29388782026883015,0.1260192987775591,0.027136666969006868,0.1333936387514205
0.09967702244771137,0.12251125087360815,0.07804372484170152,0.09347101417076582,0.10550682604869792,0.020076490490899695,0.08025143422665511,0.29088629953112366,0.10957593736883682
0.09556435181885396,0.1724978455128365,0.12285546508071016,0.08418917445501593,0.10434702930998778,0.016622712997707848,0.1571751573377421,0.11757918172865396,0.12916908175849184
0.10848920442426756,0.14761821716205195,0.1241937150956725,0.10882821392309122,0.13995242512808131,0.020336686938208483,0.07113843023405712,0.14580870160493706,0.13363440548963282
0.0855466541142867,0.06387247235323008,0.04543032403255143,0.08642491721115292,0.0943092698036367,0.2494025110503988,0.27785186738871076,0.008065929740863462,0.0890960543051692
0.08985215327302808,0.08363932912199203,0.03767188831210581,0.11682646654706648,0.10967471435171866,0.15802588311080082,0.2005820141253428,0.07492884838878373,0.1287987027691616
0.156120377176479,0.11659081933752802,0.06681207689051695,0.13480124111364256,0.1249790229634995,0.06755539723967295,0.16397942226228865,0.06118237792147202,0.10797926509490043
0.09725485542634034,0.11287148318011835,0.015863348968012118,0.12701931181061954,0.10551679145062863,0.1914987542060623,0.20937860739835834,0.02955991928185263,0.11103692827800775
0.09697861104722404,0.11331881966714537,0.022079970122481876,0.13872371438879136,0.12613037285774498,0.17363572051554801,0.15144350743766757,0.03759085440941623,0.14009842955398052
0.19215561251726662,0.18580959385339857,0.18322756481583502,0.07585247206335748,0.14265639740238645,0.034879528634728645,0.05428320323701743,0.033017163845498715,0.09811846363051117
0.11932877479054156,0.10698552434138535,0.062061315229958745,0.10802700794335296,0.12177753413903536,0.16487641015976742,0.12667350763485694,0.0588794953045626,0.13139043045653911
0.10197238460444248,0.10843272829864169,0.0500099100251045,0.11527952550490644,0.10802837294929805,0.21391936205944484,0.16610562405436546,0.024568441036414868,0.1116836514673818
0.09560092548068887,0.1630366507550304,0.03219784433143898,0.10286673273755294,0.08749901559753807,0.03503162773902476,0.07960799719469827,0.30549289376925287,0.09866631239477486
0.11012088543431568,0.099428240022486,0.27271010307150895,0.08318943859631468,0.10031903380732708,0.021864894414121743,0.08277297277534058,0.13628061997813898,0.09331381190044624
0.08255988761620918,0.07031238378525874,0.044525661606350464,0.11978503733500728,0.10060616003418033,0.301979767914537,0.08976833166952149,0.09583000977355767,0.09463276026537774
0.08379155040091035,0.22752369507023218,0.02211726265005416,0.0863845351880031,0.11976449003654403,0.060913423468209625,0.22600101284803878,0.033101652941012034,0.14040237739699565
0.11305640609734276,0.11895624996064584,0.00790279480004815,0.08209316481861319,0.08119160557604174,0.11309123002001503,0.16386125019838735,0.2259480511689453,0.09389924735996062
0.09129848552221642,0.05598891233381705,0.08364592171039974,0.1378044731625552,0.10276715838244325,0.2931025103371362,0.06467986428227078,0.09086306134839421,0.0798496129207671
0.09565185750322402,0.1459989190109773,0.02490532069133258,0.1690562812463504,0.10739792398571857,0.08633968064624768,0.17965441151243458,0.03411044980870779,0.15688515559500713
0.0750774002739101,0.0813648538432591,0.013653131940601351,0.11787021469886634,0.10681448995676102,0.37313328528727974,0.08938383528820232,0.02047033934345641,0.12223244936766364
0.13005835468424942,0.09111741362867319,0.0631078114780097,0.10545146028342817,0.1140466657670552,0.10881496277563146,0.11963384311270416,0.14764593121907457,0.12012355705117411
0.1197978069374835,0.16524475884990253,0.09761091760481849,0.12149739376951163,0.12705946028290738,0.04873797177077214,0.14722018642561976,0.046002785402123415,0.1268287189568612
0.05788870475972968,0.052935570797798266,0.01237579771952133,0.08775733858858954,0.07676970835393786,0.46804551906974595,0.15017390543090414,0.009188602436084275,0.08486485284368905
0.10069397918575569,0.0762467422930772,0.028257627717070365,0.1021416045678639,0.11886158229586154,0.21003837309042137,0.1975113646872865,0.05798535540169251,0.10826337076097094
0.06477590861343725,0.048925801984972726,0.023902095652369285,0.1086436821168783,0.08750061954566353,0.4011447026051886,0.15864960111987217,0.014605181669990794,0.09185240669162735
0.11860863873859251,0.0914824834937837,0.03706550233767735,0.12209162206201658,0.12578868328448925,0.23294807043000978,0.09713727699790152,0.0763351063894469,0.0985426162660824
0.06797900961287365,0.05336459902775111,0.014166144748298378,0.11476515616353643,0.08096735215978397,0.3291765522994451,0.14918503200218128,0.09150328058232281,0.09889287340380726
0.07295677556357509,0.07784436482701333,0.03382763405793557,0.07562729384514444,0.09739850815095608,0.3908954443555492,0.10748190131118966,0.02838997398533642,0.11557810390330027
0.09944540330653791,0.11842954234982317,0.1927636329684237,0.05752219822476643,0.09062692100761131,0.0471736444490942,0.06007672877956751,0.2403272721912514,0.0936346567229243
0.08397434655761253,0.07156438399052018,0.05801176096135027,0.1474340032933688,0.118917337325864,0.24941016891025655,0.0907265340883615,0.050653799001360494,0.12930766587130568
0.108431789846887,0.09836918636922166,0.2786775222855648,0.07368522467857892,0.08945233203019137,0.05700307617675942,0.1501852172174618,0.04081022738153069,0.10338542401380434
0.11054379190700118,0.11519536344465137,0.031211498800416487,0.12409625486372221,0.11120331731623156,0.08353429300920878,0.2017408187861265,0.09222846709602789,0.13024619477661395
0.13717893833773412,0.11770702664842954,0.030220825044384208,0.13426001237998744,0.1329869886290361,0.12163797499890538,0.11933095489140012,0.08508685596729164,0.12159042310283141
0.059536488250442,0.06843342957674013,0.010646085704462153,0.12022986254751723,0.09329320571543959,0.4201103309029645,0.0689893084074014,0.05235772278497198,0.10640356611006097
0.10274416113130587,0.09537484168544082,0.026346998476824788,0.09548855410726746,0.10106597318367232,0.16992103376608272,0.2715967764369452,0.030590526474791723,0.10687113473766914
0.08995323629581366,0.1095582641146189,0.10289342020863575,0.10548806796441007,0.13816413123279395,0.13988747815520428,0.08468248852632493,0.09204374195889797,0.13732917154330052
0.10819909090410522,0.15655315692727986,0.0709799479574856,0.1389215577015128,0.11501518074247385,0.04938088796636094,0.11138088889977373,0.10789061350074687,0.1416786754002611
0.10749190364993848,0.1260787445721698,0.023535158746373297,0.1510801255318053,0.12133907400366777,0.13471705633365325,0.20634494967090977,0.021050800572529633,0.1083621869189527
0.08301382581125993,0.07108482407413709,0.025759887592941205,0.12061004745872095,0.1090801226311947,0.3599776518102833,0.08418440766606415,0.02228849047523214,0.12400074248016656
0.09382539280777209,0.10390569217749633,0.02643628228389659,0.16875843320737816,0.11134609460127402,0.10271898039245753,0.17118116075062614,0.08840723002638395,0.13342073375271515
0.142291729006207,0.1486271572529951,0.12654545731877287,0.10151538339922667,0.13674712362518562,0.05299638406799856,0.10544351422537131,0.05909753503005938,0.12673571607418352
0.0869191577912084,0.09710117377953885,0.018124779036635435,0.09138688486155959,0.08018370954353994,0.11730745610025055,0.18149324753548499,0.23818447421065714,0.08929911714112511
0.07794047157595492,0.07644989273228027,0.07332942863497406,0.08159935218679136,0.09039599015734766,0.20756807593579887,0.2683683507759859,0.013966764263815422,0.11038167373705159
0.12909904996676438,0.15426715270494348,0.03723070352974268,0.13493617551084325,0.14108284684809397,0.09629537638686714,0.14036670380864688,0.041734332606624715,0.12498765863747356
0.10130800142567116,0.07097441200675338,0.01459469682759284,0.09769190926280592,0.07482109987146325,0.053327749475206465,0.12850333325974703,0.378306525389652,0.08047227248110793
0.08748680363525642,0.19841576681356876,0.03704859240331729,0.10341019262319957,0.12328335584814298,0.08063848583753515,0.10539142476789488,0.07765456704682505,0.18667081102425986
0.11042391726955576,0.12740248796718665,0.2020071990416127,0.08605945849644751,0.09744096235365302,0.017440066352492855,0.13082774824037482,0.1233664312359302,0.10503172904274649
0.11286516582125035,0.07203872083827899,0.282506877930238,0.07619126401593176,0.09929788114839604,0.0414754576041153,0.16533895301587706,0.05531990522881889,0.09496577439709365
0.08368864207714882,0.10528830480358531,0.0315689755977042,0.17325792799765094,0.1018333519647346,0.09021370126224065,0.14759075610068892,0.1289200840014819,0.13763825619476464
0.0926752853368124,0.0784138774417424,0.019611535271688373,0.0741113101089134,0.11011648576802201,0.348083910577915,0.1607658730077344,0.010449443722246541,0.10577227876492545
0.08012849122791067,0.07604105402689976,0.02957825215456381,0.11692790276453169,0.10820891407178435,0.10443430302578914,0.1238941157958267,0.2622663939362711,0.0985205729964228
0.10069397918575569,0.0762467422930772,0.028257627717070365,0.1021416045678639,0.11886158229586154,0.21003837309042137,0.1975113646872865,0.05798535540169251,0.10826337076097094
