0.0868289450819311,0.04922516138721844,0.11944672934726525,0.1911207788816964,0.22015550247725849,0.06038799856310791,0.17907409005896716,0.06221605256709153,0.03154474163546376
0.0794051509794648,0.09358894453765122,0.07036015441061537,0.40284755873371664,0.0260112910552017,0.0963708211499384,0.030942639282568313,0.08187463102281688,0.1185988088280266
0.028499961800220363,0.15261762299251286,0.4766708127953769,0.07608583950728012,0.020201922273622486,0.0399526884850016,0.09179090472417999,0.06292418734153778,0.05125606008026796
0.2962679026223139,0.10717015221782188,0.30388550114339125,0.013916341895674396,0.026642483250029204,0.023844606919290866,0.05512941331746462,0.08755136471414689,0.08559223391986694
0.10315020607803149,0.07949197638598197,0.21038451180746712,0.16260840449079747,0.018634147322244207,0.2044054879861453,0.06611554043959005,0.13357823438657299,0.021631491103169382
0.08177321461696425,0.11561270628852315,0.24163406481228514,0.019465720740107606,0.10873238824297204,0.04953457773531409,0.15566709364992012,0.07211563827837236,0.15546459563554116
0.18422140623541838,0.3081760972758682,0.14634275920675313,0.01562943024186173,0.04697711923422492,0.043672742459167996,0.05519440816216437,0.14490168735554923,0.054884349828992096
0.021809222661940502,0.3960619667106153,0.0838252582842644,0.11639371880355374,0.11850819515808401,0.060163196638812144,0.05599245447490975,0.11437976538660082,0.032866221881219376
0.3254416325889458,0.134134396323408,0.1516271596691844,0.09460363466323694,0.0840711665211935,0.05686684313745787,0.07195380596519746,0.05780206315531294,0.02349929797606304
0.048195829221724794,0.29059456013341506,0.12808157042999793,0.07423549242194755,0.09070627205514636,0.15201567420674975,0.11229694033119918,0.08403911005073322,0.019834551149086117
0.04874391580773216,0.03917681934495373,0.14127856410401662,0.043089795328129545,0.16233198802121757,0.08611909035035366,0.07277055981927234,0.10208627283715843,0.30440299438716595
0.1952948188509848,0.07753773945631175,0.12928428904027936,0.07383608185965788,0.22026373327475993,0.20611511254354764,0.0286467686375865,0.044900819471275916,0.024120636865596273
0.05671464362644946,0.0721095677455249,0.3378494188144295,0.03588246777850485,0.010781152426306144,0.12110740529466353,0.13574879988917402,0.0690560258803291,0.16075051854461844
0.24197132824136255,0.052698035503668916,0.13175232251470528,0.08535180597073451,0.010501695755010941,0.28409746893272964,0.09891131335943144,0.04959154457331947,0.04512448514903721
0.25168362502147335,0.04083706854439997,0.20584892158170606,0.046409108136878825,0.10566310662189975,0.039450794367734104,0.08803693659864353,0.09399419631737305,0.12807624280989147
0.43877974917039975,0.15532182906473765,0.04578903174524529,0.022004401037409017,0.025725419573950508,0.09036309740649438,0.05128188730208396,0.1277129096989881,0.04302167500069132
0.3235913507340091,0.025678197770163762,0.059530553228173154,0.058162879559427144,0.023549769900482756,0.12154706381903745,0.2077433394570742,0.09904177196236913,0.08115507356926346
0.2086537651883279,0.051579265096058056,0.16228534244355816,0.056616110410406706,0.036917452110614396,0.17969856243167706,0.03566410294097661,0.09010369590182167,0.17848170347655948
0.15382652340208494,0.10401291840797784,0.09051120054820343,0.06095044528685581,0.15663681837007018,0.12433794811524225,0.04388495503761174,0.24619022005439373,0.019648970777560084
0.10998217525387265,0.05733277402720873,0.11243834342208325,0.031996455517495186,0.4078140064198708,0.0643904247491602,0.11400478855041574,0.062078972484655215,0.0399620595752383
0.0234638616824793,0.054943379061969,0.10278132313269571,0.04320986658357517,0.3384359407534296,0.11636605338048149,0.09984509889713332,0.1479374462799101,0.07301703022832635
0.19857813652482004,0.054670764612845445,0.19476794155667596,0.22567730208022482,0.0060394714747775005,0.15621345260269937,0.025758649356511676,0.10768079980016311,0.030613481991282165
0.028728157634557855,0.0507132264035634,0.06485251473080082,0.12299032158001659,0.018435439898888187,0.038756838741460846,0.0629647612529778,0.21609705249530942,0.3964616872624251
0.04003908166930286,0.09630576798312444,0.14164062275385225,0.2434083113639588,0.028143665105948647,0.14233549300205395,0.14568849880851642,0.12648849651642183,0.035950062796820906
0.04995562221490329,0.060002829667726,0.14667043289982548,0.11221948818295109,0.10041166264171576,0.2849588610859569,0.052789069093353014,0.10399966862762584,0.08899236558594259
0.06453509315380904,0.15317236968469383,0.09952687781977197,0.1557886830742011,0.17526759721607657,0.051752813489221096,0.22329377043102028,0.054912614102583523,0.021750181028622525
0.20395092033109852,0.05955869690730242,0.10621708077027857,0.16143842168858105,0.2046199385175402,0.051173795157254315,0.027143143356738276,0.1775894426920317,0.008308560579174907
0.0750003001896175,0.09054820555180192,0.06007268181615921,0.09546070308785026,0.07497118592740003,0.035519008144186605,0.2334764673318385,0.07387625504461211,0.2610751929065338
0.04414513070651746,0.2343993681592437,0.057192440834583906,0.1115422724026437,0.061365321071744396,0.09982753595533833,0.16476617368826615,0.18188789252582283,0.04487386465583957
0.3244967823014239,0.06453108840421105,0.1311274296253967,0.13237094798688462,0.014482464576135749,0.024927092127743588,0.1270772017114432,0.10790144838969445,0.07308554487706674
0.060235357166673074,0.05848073941276871,0.07678361803381985,0.1071657151369375,0.07771322307863247,0.08193629703397944,0.38702434029689137,0.08030149041217786,0.0703592194281197
0.09154567102563882,0.141750683410722,0.19404068097641206,0.15674651234666245,0.11429911686366367,0.04321480165021696,0.11497951112350667,0.06857370527802482,0.07484931732515245
0.08443559259031691,0.18636849678604206,0.16090206894640358,0.04990463085329549,0.11066111234215376,0.07828879602540771,0.13454589749871756,0.14744161924519797,0.04745178571246498
0.3714471083132141,0.04360440019469187,0.05155079652287229,0.013625705792950596,0.0786838952365329,0.0404476373404789,0.20605195579295968,0.15377351134357545,0.040814989462724105
0.04683847792709705,0.15303257213057345,0.46838668617609475,0.024440588107128458,0.0068196548826340705,0.028837468636179604,0.0869900502651378,0.1145031939808248,0.07015130789432998
0.09090197397129209,0.05484388142643199,0.13746321320796195,0.11822964354005605,0.2947732741068622,0.0394332554052103,0.09143570286638518,0.11497528307279453,0.05794377240300568
0.05374752658295789,0.22379298260957184,0.4094027788596975,0.03343856866210435,0.019669418725076288,0.11955630608609197,0.020573357004020517,0.07362775903189568,0.04619130243858386
0.2636879595092965,0.18926337363757026,0.09337879294602398,0.030392730165490895,0.025288574863334343,0.04552185633479522,0.1366579005436878,0.16182987845301425,0.053978933546786685
