0.02853261184993519,0.05835647373311905,0.055061989261027317,0.05798947151308864,0.1536789451407783,0.06163165822390635,0.06480104373798543,0.03761462655508637,0.48233317998507336
0.03187683322376031,0.1535258547741198,0.03576112087690139,0.2714583915225375,0.16770813470408596,0.05916844983987931,0.03153809478220568,0.20951541551803884,0.039447704758471085
0.039271484671107075,0.041232446953754436,0.18108354095850335,0.16148171922242013,0.03118708169808422,0.09596402726439952,0.10373788352795948,0.1836333242332779,0.16240849147049388
0.12127535332667805,0.08511388796510645,0.041514696357785,0.14482011765281358,0.31876087855409935,0.14251618964951906,0.037347291440679234,0.08273215739080968,0.02591942766250968
0.1765638319591729,0.3153436487135075,0.021863310000263925,0.1500823458479867,0.0700633964683543,0.15543695100769153,0.061637980995905284,0.01277466068981471,0.036233874317302996
0.040417315132636106,0.1388279325764347,0.08964983972892632,0.11435435179388094,0.21755044965032697,0.12134595235500177,0.046602363302497146,0.13142252235324922,0.09982927310704687
0.05131832058683855,0.1426221389519344,0.08808621559438368,0.03928317402209518,0.3491967192486125,0.04448171444106273,0.018129087360886205,0.21534593600882648,0.05153669378536013
0.01750619819181709,0.2095763633106171,0.021051950982643258,0.03608838724662052,0.05829497261630558,0.04511177585895269,0.04131364330863993,0.030793086524244947,0.5402636219601589
0.013079494410129044,0.09413969861986166,0.007163617187967375,0.0438879043080145,0.3150527747392204,0.06038318008835906,0.11248866844460575,0.29509498643779336,0.05870967576404886
0.011301416594042423,0.08630411837679836,0.41285939751577033,0.02727951701639573,0.1982520812277464,0.072507031365118,0.032554340163008885,0.046436318743791276,0.1125057789973286
0.042262015253360354,0.07127145541497493,0.13308304868164897,0.013542565135858818,0.35809118323748795,0.05553317432137716,0.051783572496048424,0.15564829970503896,0.11878468575420457
0.04849063713927754,0.13322751030234867,0.010785804420818815,0.03846276214901422,0.11304719484573794,0.0626041908647041,0.045594812420976794,0.05705984197718192,0.49072724587993993
0.019218530856379045,0.06330108193315591,0.07008264552275696,0.042848097887732195,0.29301745302370535,0.12061950708281112,0.06777063429211809,0.02128121268618625,0.3018608367151551
0.038763021034530186,0.2566071424614625,0.006664203308529511,0.03985481719550508,0.5180512671991019,0.05950634664381029,0.0385335467096133,0.02959626170426513,0.012423393743182116
0.011387512378449613,0.1865706802923225,0.30514393725138195,0.02090068645128001,0.05575621972338538,0.06282786050238166,0.26331484571764485,0.06317755745922912,0.03092070022392478
0.060624423311956166,0.005848085297888884,0.025127659930023527,0.010228960637654256,0.16822839442837637,0.13003472505325672,0.026559550522659268,0.5012353341569218,0.07211286666126299
0.09745839265423377,0.13837910050739244,0.03503626881507766,0.0669840977598609,0.1104773925709316,0.09649525404519577,0.31563255684043673,0.09081560344266038,0.048721333364210716
0.0947347731043132,0.12959595346265138,0.05608217734110409,0.06721744014628127,0.22198716509467534,0.15645536292182613,0.052909434541047816,0.08604067422125099,0.13497701916684982
0.003920607306956924,0.09140989053562622,0.07837507916653634,0.0887178290581223,0.2947724050686423,0.048521178749832444,0.051720912953790166,0.009834763536821141,0.3327273336236722
0.017118427424083524,0.30687749499134487,0.2997388069297487,0.02335103211681522,0.01951123219231662,0.05672249568739065,0.06422183372116992,0.16883206949582244,0.04362660744130805
0.14860602291759048,0.08174854851256473,0.01624843790747911,0.21292491672075267,0.256957810687042,0.0950633318914625,0.022533646002437614,0.11882264597965482,0.04709463938101613
0.10744593010088133,0.19036060752334186,0.004012571053631151,0.028090285108578552,0.44602545268158195,0.060740188912152555,0.06343941304590926,0.023989056726667745,0.0758964948472556
0.02841178125928405,0.40582147681549924,0.16649766891248582,0.07800593165608881,0.009998693276600705,0.07693268074621513,0.10348922671685117,0.09025739625805894,0.04058514435891619
0.06862153509330766,0.07723357422899961,0.037875317237354156,0.0867209593968205,0.09983476687873322,0.10840138113677285,0.07126266126610926,0.07884836019967448,0.37120144456222826
0.05001816826171021,0.053686847433551795,0.04600565989087959,0.170424087371685,0.3639483176987311,0.1098161012864462,0.05064811960466864,0.10631632295587369,0.04913637549645375
0.1625531160671463,0.15358968755460498,0.00725732445501927,0.028635971454247653,0.2144083361175619,0.0931478025265343,0.29794926199849375,0.0034361287808312643,0.03902237104556066
0.09217865187504952,0.18447398390686906,0.06457224465865724,0.032238125375418696,0.4011423533635216,0.07239250694572512,0.05256749402322817,0.022223280844281056,0.0782113590072495
0.3069075375896177,0.20559061634321743,0.02206541554192427,0.03477098086473221,0.1741513846416216,0.07283682309058694,0.06906338988381874,0.07375893314241688,0.040854918902064295
0.1450971758648654,0.012930149854917186,0.07469387465779033,0.05754122987055921,0.3866961150440817,0.0832782984513628,0.060383911981958305,0.15051869434053874,0.028860549933926272
0.17680332791470757,0.0320285191032891,0.1390900188393743,0.06485114448346002,0.029778184851149164,0.07621418786518781,0.025009788232027333,0.42443241284392536,0.0317924158668794
0.08580809975471221,0.42555254688246474,0.014306663651938131,0.0756425590115177,0.042606062045954955,0.08510618530584568,0.025788735293854337,0.0404627322777717,0.2047264157759405
0.07516566233225629,0.012384805221879713,0.032044891455265796,0.08763411582248731,0.14977022050671848,0.08043230123947263,0.4990453930301917,0.03472847786282544,0.02879413252890276
0.07501579162006526,0.46040677266917046,0.02209360159343927,0.05083968310979136,0.14065857911878973,0.09490378966002129,0.03880918800396442,0.04067810965663251,0.07659448456812572
0.11328658182313038,0.035637679543373546,0.01964573799607242,0.041307115595779,0.4885613374535828,0.1608835949741344,0.025731494122236326,0.057582689723624424,0.057363768768066696
0.10237336406167546,0.1897392098365859,0.10930561392789633,0.03359931532842267,0.015735746629959694,0.1177652108407065,0.05617955310450814,0.3672883774895881,0.008013608780657204
0.028609303146040165,0.0794860736132715,0.05115744823213075,0.05950726751619806,0.4251620637069143,0.12608249525998708,0.06610162847557138,0.08985471573268335,0.07403900431720337
0.03419249093032914,0.0680631957500669,0.008486347321706252,0.045174126802702476,0.2187300262573206,0.07295866763200226,0.1519293937809089,0.18266066357947672,0.2178050879454867
0.05461788661167417,0.2449939069644531,0.07464325338546722,0.05614617570749705,0.3087138197923418,0.11196494137655709,0.06747381157314102,0.0477442051122328,0.033701999476635845
0.08169037681880785,0.11546338019903375,0.0699752844067998,0.044914550932105717,0.10195111448670795,0.07859547582733671,0.05739861765557938,0.020916643515877947,0.429094556157751
0.19561633407652942,0.2387321850721118,0.06168335395145672,0.013683785498723747,0.21138730864908314,0.07295555391022444,0.17261578902415511,0.011536975395186486,0.021788714422529155
0.1251807461817923,0.06304410681408397,0.03918989050935328,0.07886937742231509,0.4673716618718384,0.05447418571037285,0.08719247717273863,0.03328629628933698,0.0513912580281685
0.007574973862402023,0.14545313885118846,0.012819640274011085,0.059994652157542315,0.25625660437067843,0.06535788996768428,0.11202798456707264,0.051626840239255394,0.28888827571016534
0.061921196887969265,0.23807268477479426,0.009181845911013654,0.019875086914219766,0.06904293695621926,0.07109405284436383,0.060410915415362,0.011296805137650696,0.4591044751584073
0.018775197429070616,0.11852338843385611,0.03704111139579677,0.0716451034913566,0.25312511890202044,0.22158547125891437,0.09519236385166148,0.07899294604949599,0.10511929918782775
0.04714853558951274,0.1058211345499009,0.16964061809343356,0.049804462740137966,0.11743945917070171,0.14480539392774175,0.0754102276181492,0.22031749472515985,0.06961267358526231
0.009150167251038217,0.10236719239335672,0.035449587965174806,0.036941981860147695,0.13600596406219476,0.07949284104708929,0.10254963450175326,0.006432158880925622,0.49161047203831965
0.021493483295416435,0.06747797889495581,0.04484884067658192,0.07663530335592611,0.5131982847773582,0.10526045287206824,0.04889879354222498,0.11228162120539557,0.009905241380072751
0.027692352762299196,0.07562824163251182,0.039375557629042796,0.05770261623481417,0.4257971632862985,0.08758318478648609,0.2010487552552465,0.05580371002713758,0.0293684183861633
0.2759465019126321,0.04888495673952375,0.026240957361477347,0.06308949923490814,0.3798952901642863,0.06726821658610492,0.026182218576040316,0.10309612820421234,0.0093962312208148
0.05783444405096121,0.16375479002164986,0.1206255366080391,0.07637340730279993,0.06845564729676937,0.08393424741364897,0.1474227944620844,0.061291081188069606,0.22030805165597758
0.11076937022659868,0.3109506767709158,0.11114644729993535,0.04945485027957042,0.21835950876333318,0.07966233757382934,0.0768298860581555,0.006207108941240495,0.03661981408642124
0.11394699991659389,0.04420748464057809,0.0074887607032272955,0.03081936223306103,0.10768419566852183,0.07600978101544109,0.042740632985118814,0.03763147654149848,0.5394713062959595
0.07507231400895135,0.13875874398648566,0.05733835623972346,0.016115959595026003,0.3908290047513872,0.10579640708439715,0.05083647054153284,0.09690049299963359,0.06835225079286276
0.26266617835931644,0.20081654434039162,0.008012490530757168,0.034665209232694054,0.23372486439972737,0.08959167639907596,0.057251540106562304,0.08198931978235646,0.03128217684911861
0.16274046267333764,0.11218106750808571,0.104474215688676,0.14230946104032394,0.04888488320845291,0.08396641951415744,0.0844124650498248,0.13828166886046686,0.12274935645667473
0.20600775690368445,0.2504261727720449,0.015872996459517133,0.05105074653729954,0.2176937279858097,0.05444617671518223,0.04594159707727063,0.026646184552417695,0.13191464099677383
0.11931108573617703,0.026149143597185388,0.07759025997035152,0.06459754256542118,0.3020342746582748,0.10741181609115213,0.11186435105876924,0.12355370859680337,0.06748781772586539
0.08520072592114432,0.33123116811347614,0.0587973324168413,0.1594287182447118,0.03860367966217452,0.06519855949348821,0.08013615051152485,0.048604184603710014,0.1327994810329289
0.14510369577526425,0.135936558817813,0.1425188305577906,0.043545757979709644,0.20971907837307913,0.08701187653619481,0.026582644466315326,0.14822326413547984,0.06135829335835343
0.09727686920822072,0.15785213648243757,0.14418126835746337,0.15709679208036628,0.17086754565157888,0.11151180796035613,0.10389830543022248,0.018226644111190005,0.03908863071816455
0.07971636874859907,0.17497795856220666,0.1355090733129298,0.05554303437201117,0.35392283532471563,0.05955124088517046,0.09560047584188165,0.009952400850881773,0.03522661210160371
0.1188750367767893,0.0500964885828804,0.025705457488508054,0.11488449549149356,0.28437044715538934,0.17269114332618038,0.09523787724318038,0.10993253262806496,0.02820652130751365
0.018975621467917984,0.24290711060190048,0.034326938588143424,0.006783991057804174,0.2794996537185846,0.07617788467154817,0.21146385634486342,0.09727914669968497,0.032585796849552755
0.2624347296937089,0.08861635069931607,0.03023274811283894,0.04175547878646476,0.25081809845783615,0.08891368651966725,0.1257416283575686,0.02743880949613405,0.08404846987646523
0.036720243991640956,0.12019280836711621,0.13755743970669967,0.15101974722873085,0.020180189325132967,0.26045320075593487,0.2056149981062733,0.04325135442405267,0.025010018094418437
0.17381033827703055,0.0614277201455339,0.03574657980812787,0.09521305578658379,0.29653483454781443,0.11266130717693483,0.07103582459974915,0.12651153564250375,0.027058804015721794
0.15012764456754885,0.08306238125141012,0.4223762070419233,0.04021566518682428,0.03356012832850747,0.05994198381923666,0.07856742188234163,0.11018463281799645,0.021963935104211223
0.02106599623576721,0.4340146224903177,0.016839749685673217,0.03233608665112952,0.12417105801058448,0.06493784244284583,0.08191690970020031,0.023094050888834428,0.20162368389464727
0.05237862641298857,0.10854453722463038,0.03114703740033357,0.15217270684266715,0.058032038605788656,0.08988124927163542,0.3706301489465733,0.038466484604750106,0.09874717069063288
0.06998045296574444,0.09112209420446436,0.26645491049342224,0.04885248209361387,0.09700328689933306,0.14346710004485289,0.06267655393640743,0.1713979610174687,0.04904515834469308
0.10408416852420244,0.09120776984058217,0.10368759948441847,0.09853699740914124,0.3156665576060318,0.07849313251530533,0.04265234798070457,0.11154509673382074,0.05412632990579334
0.0355524269535424,0.06602343784184257,0.008637286565392914,0.09023664134023417,0.562050420294582,0.08756420414602835,0.03515259446444274,0.06752422930439352,0.04725875908954136
0.09195789788082216,0.3469786881917661,0.038800872222495626,0.06283860698696168,0.13618340126981243,0.1253293902607887,0.08602080138500506,0.0744451650760547,0.037445176726293466
0.008677088936749839,0.04103232832999474,0.040436635196866244,0.1050933899791628,0.2804969387381755,0.04046015310057202,0.08026002058673067,0.025225101843365932,0.37831834328838226
0.04254740984414576,0.21897512154059243,0.41462607738408064,0.01716492986379213,0.09871763587982492,0.08745962106445448,0.0686740405521635,0.006582025919977977,0.04525313795096822
0.07024902934745726,0.20803130423834948,0.19392913466718228,0.05508366996041475,0.19290346727921256,0.05355869551395767,0.023977830808961074,0.17027497105951853,0.03199189712494644
0.08221144419634206,0.27798657025457735,0.05022233946829783,0.17933064102497973,0.19413908775902336,0.08013277653473817,0.03925915208371641,0.02624241938780733,0.0704755692905178
0.0643993281531101,0.018622914670432197,0.11093718651160449,0.21119605143125844,0.22575651918717318,0.17337180241634967,0.09507451075762591,0.07481352323430449,0.025828163638141517
0.014809779533886921,0.07976902159045413,0.5284431710128875,0.03486994293547915,0.0330545224280101,0.05145459010697804,0.10317851740479467,0.07221554225715346,0.08220491273035606
0.13625741707809258,0.3874990909733764,0.02993558855122272,0.03251982894109482,0.12473725565634201,0.15633354992929088,0.08029002202054931,0.01097476503720629,0.041452481812824946
0.08593461619425691,0.07967823053941547,0.09678910907396145,0.03348620555305682,0.2144133795806109,0.06391752418627088,0.20259324897661232,0.1242252611991328,0.0989624246966825
0.0959617100907304,0.09429075147646439,0.025002750187039752,0.04610157873582588,0.4181729571035205,0.07992648453444696,0.06610949315093223,0.12956883373489805,0.04486544098614187
0.021593639469727154,0.21846091871499207,0.015480802897084527,0.0978248345857542,0.042770793269420466,0.045207071293999306,0.12850523572556985,0.03775823028098981,0.39239847376246256
0.02284585931203686,0.018736226682867778,0.49203826877955326,0.05222381264483352,0.10812375941222607,0.08996625999673517,0.08055198973979706,0.11829773856553344,0.01721608486641678
0.11216715400846501,0.09870515987850409,0.14616704507851178,0.05703225677567673,0.27463332990330175,0.06614278500057276,0.054804284150845047,0.15619915733256431,0.03414882787155861
0.12552812606498162,0.23256534185785646,0.00806464743508762,0.1578913635005452,0.10879374296998039,0.13424290179009504,0.09141205555791594,0.08859424259360749,0.05290757822993031
0.07600459578923602,0.06329799512596672,0.25651837237328107,0.08070643304200842,0.031669042665512466,0.09928429143834609,0.08074464161176494,0.2882478409612687,0.02352678699261558
0.04257807404577509,0.11018872797040986,0.032567426593070256,0.07701870568598629,0.2925077098696298,0.056338001049612785,0.12920220992056006,0.014909703864702388,0.24468944100025336
0.04324289026072515,0.11552921027474074,0.24893989039824724,0.08364887750237864,0.20491185387013297,0.10026722722996019,0.05696325124715315,0.03295340276658022,0.1135433964500817
0.029169824656843202,0.09829992367490782,0.08398931878357073,0.06645396428523102,0.11197471316787289,0.12180147256770556,0.053035451105487,0.05142418854750166,0.38385114321088015
0.06635344865583903,0.35293477781577515,0.030267947399195097,0.016776265388579927,0.31174138309883054,0.062470136491951524,0.05604208166177497,0.06526086442389671,0.03815309506415712
0.03766440695884077,0.2778150915502137,0.08957173718616517,0.029395194660716852,0.04245688062570571,0.06488929889604095,0.06810981081643384,0.055705292037050935,0.334392287268832
