0.048728784064679974,0.0343975576384609,0.06573560966829813,0.019778903832012813,0.3426688147692826,0.3057441278699468,0.08803531877536175,0.040770850077166694,0.05414003330479031
0.030011496087999242,0.052290761513496965,0.06199054486862491,0.15938458436843791,0.34703217624472416,0.17207770346650805,0.06997356776522524,0.03808055544012164,0.06915861024486193
0.14170678692553426,0.01710155566453216,0.04527688621151241,0.07370794083897057,0.13025451523368925,0.2396867024752273,0.06141437122628047,0.20620750917682926,0.08464373224742433
0.026553705007192906,0.07075206059797075,0.08620488070479722,0.06993446146031777,0.13806252365672875,0.09273618637086166,0.3331359157386333,0.11044999404787592,0.07217027241562157
0.022609449627308344,0.02200465285147875,0.0761897377608886,0.14698049208778693,0.03555778830211483,0.1569711247737618,0.0438836962355335,0.045526580842579246,0.4502764775185481
0.039549881365766114,0.17107029722709252,0.0842307979154282,0.13202663178808685,0.06494842657663018,0.08511626602645794,0.06109857398055368,0.2696102355538867,0.09234888956609782
0.03008951670835239,0.0936167247393314,0.060204049028166166,0.04628982510629303,0.25498364498314785,0.31223245223830864,0.06517045083615693,0.057913314159155994,0.07950002220108758
0.06201550015468312,0.06960214216693318,0.06189468359800989,0.3527203200320246,0.16105205061372138,0.019235597159085186,0.05370015932873928,0.17033998434182418,0.0494395626049792
0.12441288593244715,0.10939646177170474,0.052820011656078976,0.3180584950453496,0.03595921225550116,0.03323181596307837,0.18398563705356866,0.07505526019937132,0.06708022012289998
0.23104103296799292,0.06616661472747347,0.07331574799241798,0.023771508847654513,0.11327350153686037,0.26354851666390117,0.06532615753985539,0.06516162605032334,0.09839529367352079
0.09270282929083927,0.01896447742578956,0.07678906485661219,0.5282538845971104,0.061086125513132035,0.022799881654659584,0.10588026498269305,0.03210002476353712,0.06142344691562678
0.04832586375539846,0.043896629528123475,0.0691510744852452,0.4511875926056961,0.11477405432255237,0.05922011275557291,0.06989518679069075,0.07642573323146612,0.06712375252525468
0.013210906541949929,0.10137608922414494,0.15617997054028285,0.042905968944957774,0.05161339046722269,0.2275635288872996,0.015357373448734765,0.22210714002213114,0.16968563192327626
0.17677738074768334,0.11483543564463354,0.11783940169477547,0.08904568421147185,0.07054360223488144,0.15057573249626732,0.057853509983573886,0.12425848516775678,0.09827076781895644
0.15382247765607115,0.027421261092276578,0.06128539469439518,0.05272369022319917,0.32390491767715046,0.21213222314623434,0.04879220082059179,0.03639517564541995,0.08352265904466145
0.04195020762825211,0.0970183807686002,0.08374490120179445,0.167869406847902,0.12446766934437681,0.12447061574830338,0.22938563581759275,0.0640042451613525,0.06708893748182577
0.024202692832367353,0.0896462867353585,0.07608994544917587,0.009661318173003882,0.1930492364411223,0.3527862318746977,0.02964080516426929,0.08846382775142132,0.13645965557858367
0.07883812530731282,0.0749272310781902,0.24667552757953767,0.06447610027819141,0.2385248663901035,0.04222255098706651,0.036667563860796976,0.14803341860621536,0.06963461591258548
0.1568512904095363,0.13270675143190303,0.07725895085062516,0.22972977500488997,0.11104247146650624,0.08685730387509011,0.0512745566858685,0.05733615548763324,0.0969427447879475
0.25781202733389796,0.053192309710590545,0.1483743745053668,0.0572784290857003,0.08869371300715519,0.13398503674737736,0.12976078140229516,0.07496044739581494,0.05594288081180171
0.35552539791742377,0.026315429460297718,0.12164050986642615,0.13186309676228783,0.15577390883340425,0.03124263123502705,0.13131614968283759,0.02285389714869034,0.023468979093605305
0.018797430747835058,0.1703289704432928,0.06790623488821136,0.035480109465227054,0.1353905170161119,0.17074210818771737,0.2985870935799273,0.029113460037728203,0.07365407563394892
0.030159863988277275,0.07074026783633293,0.1651085839794497,0.13775747084759113,0.39411369060663287,0.04399758415823158,0.09076140801415726,0.01577577088019615,0.051585359689131076
0.07958858691162629,0.04854995819632876,0.04073644858692073,0.13802513373590528,0.37159509472968094,0.025876409026220352,0.19084521864700768,0.038314971045228206,0.06646817912108156
0.017809558202381687,0.07927183054798521,0.05246641528554719,0.1920564989179129,0.15283345010098892,0.14454413348720552,0.20009232481253644,0.06681382630735898,0.09411196233808321
0.29008529731982735,0.014786507162813095,0.19380154927141788,0.22179919799182127,0.013771063927877766,0.08653296674174478,0.04200067487205119,0.027367341557840763,0.10985540115460596
0.07315375162054379,0.0628502358844395,0.0514956104508793,0.06777958496746088,0.2783584811524961,0.05624467211056458,0.3413656931914268,0.009658571842277341,0.0590933987799117
0.09546854623123609,0.06114345976185618,0.1647358946530522,0.2493456460376746,0.10335960555627605,0.10988634626218342,0.06840417159193819,0.06668352777071013,0.0809728021350732
0.06870070913751024,0.11600241271763383,0.10195988166812005,0.14171363999789688,0.21940306118795413,0.14937297566741117,0.046389301863254406,0.11249571178897712,0.04396230597124209
0.07201743404711056,0.06079315770098051,0.10112424579199857,0.2953331725571957,0.029617378552457625,0.01653946508950181,0.12258128682101156,0.07344159024823378,0.22855226919150984
0.021885611404491436,0.14881525642703317,0.08073282901138244,0.3709401075616378,0.11184755685012919,0.04410929854393164,0.04668260833856711,0.10717110969290229,0.06781562216992491
0.026607263289938492,0.21673483462058382,0.12849844387928233,0.06728603609886956,0.31147898132175694,0.04102232632887571,0.10525717119318401,0.02318877918944431,0.07992616407806476
0.1217604633142344,0.0481899757303279,0.09373543702347387,0.06561023931188388,0.36924609688233473,0.1029869015386839,0.011880434445403272,0.0841969114235181,0.10239354033014002
0.1522953070273915,0.049506138777838736,0.1748308215937726,0.18091429130687864,0.01652720844978069,0.0603133770291104,0.10150634698300015,0.10530607774500435,0.15880043108722283
0.036512750845252455,0.1049007329744809,0.07655326881983752,0.02144569617352311,0.4477894615421327,0.02229534104094343,0.14337282871960752,0.09883830452278847,0.04829161536143386
0.26873278843910636,0.04656640484069229,0.07594363808052047,0.17322863237571054,0.00925921629233685,0.02196374710741492,0.0867421033339113,0.1684680785036304,0.14909539102667682
0.04277942026720416,0.12172155030947518,0.08947276693636062,0.23840214419271463,0.10903179597387058,0.044918710107262116,0.11510521117999079,0.12284941180287923,0.11571898923024267
0.04856661982375021,0.02632121386750025,0.11382135770200304,0.19167109306972488,0.08876000865473872,0.034159826290682975,0.05021675747103247,0.29035658374240914,0.15612653937815824
0.260957944729795,0.10061581657427128,0.13343465225867432,0.039256512074577095,0.14514160042680557,0.02285979545129385,0.21952688988528926,0.037043323408667214,0.041163465190626324
0.11919263116150942,0.13228014445899838,0.20651922206627105,0.04616681765397596,0.022994443600693717,0.034977187441787266,0.1542713422672837,0.096868819004077,0.1867293923454035
0.1883482164930869,0.08632656360336628,0.21599390537846733,0.0649347869820893,0.10886100974444134,0.09872925850982456,0.14332966080671913,0.03438085358052529,0.05909574490147986
0.07523949456000718,0.014503559444517021,0.18448282394502416,0.4426675012212686,0.010820175050147922,0.018445037724290465,0.11882441828801667,0.029431396580911668,0.10558559318581624
0.0664020654979828,0.020865894130271654,0.09657021021024902,0.08871036232255525,0.16881945500838147,0.10352640057133485,0.37392202474661645,0.02915491904522002,0.05202866846738843
0.03644326850819526,0.028637165108584495,0.074742923857772,0.3259760611370403,0.06331348953611611,0.06166135708552356,0.30905217228127074,0.04023217178134531,0.05994139070415221
0.0694467500647473,0.28473896705131935,0.11872217116413702,0.06855002135363418,0.08573224819390506,0.09636465940200335,0.07064319193610952,0.16452564368250575,0.04127634715163856
0.27308941135132153,0.026255230358584836,0.19119103996483125,0.03889816071846865,0.08268678542443278,0.015765784903807607,0.061468567341729036,0.12483659037807288,0.18580842955875143
0.3032074890678702,0.11556186810583517,0.05238799937782094,0.025004603916995532,0.1724631873625432,0.19235154807613034,0.027868511704581423,0.046002386121409916,0.06515240626681329
0.14633100901424922,0.26206448676312494,0.08458615848776789,0.04488035653748823,0.05812884143375819,0.05855333071503149,0.1817767666507587,0.10140857650729006,0.06227047389053123
0.058845607774513954,0.16564457987575842,0.12142641220360643,0.2011532257562411,0.0298688027983767,0.02344228736002857,0.033594783464667245,0.2874360386876818,0.0785882620791258
0.03633272795231581,0.13079435287576577,0.10111901502871466,0.04609044263706943,0.044822534353661965,0.03107151732342037,0.01794480756926144,0.3310587396656281,0.26076586259416246
0.0700381120210284,0.02529722421764573,0.06851001266446995,0.14958622369688987,0.24742852551206052,0.036112508041763046,0.12967164443345133,0.18961241237556206,0.08374333703712912
0.1217855986414657,0.02498153682688034,0.04450718748540824,0.43076687561515925,0.08459941170991499,0.10608788672018814,0.13246286458803735,0.0250755684988828,0.02973306991406322
0.036560330195961575,0.0951064129645056,0.125479732674129,0.07740110697761092,0.02157471377846035,0.0694295983163457,0.04362740283204478,0.2302721255310345,0.30054857672990765
0.1610966924064381,0.02647996357138452,0.03757104751444249,0.06995476276742886,0.19991255252042017,0.169687672881652,0.24980995628677896,0.05940854557835196,0.026078806473102956
0.41747143093825256,0.102406369345039,0.0390291326178406,0.026420946194832363,0.24121623235016224,0.03413089532723817,0.06920909694221213,0.027293898700118793,0.04282199758430422
0.2138556566694262,0.03280369461013355,0.08006396377082657,0.08554694132360306,0.08017078328125628,0.187811283388205,0.02547303838206985,0.21495938070896278,0.07931525786551673
0.21374348326406123,0.045255581963098125,0.25184091490648486,0.138473021105928,0.06294134984533208,0.09079810998300318,0.027402470318437424,0.04150876738482962,0.12803630122882545
0.07350982993768872,0.002893973226371747,0.06755324916654178,0.18715863342493355,0.18516950970153312,0.015061405747716907,0.3248299472691614,0.049882513333059784,0.09394093819299291
0.09045358008494901,0.08049472131022516,0.06461351563464719,0.36722297540507326,0.17500238624271014,0.03362550742354269,0.028242527171215434,0.0975695014177682,0.06277528530986885
0.3701996825372229,0.12828418645120052,0.14834403038953664,0.04545419865686509,0.03943842942883036,0.022055424490928777,0.14950705054984015,0.04185495016680644,0.054862047328769155
0.18512964190364392,0.02934921921480844,0.03855728407098148,0.05736007776533811,0.18290621790352257,0.16386870148622948,0.13976445576810434,0.14131284985331297,0.061751552034058715
0.11644138768680236,0.015291834077068522,0.0876346995234581,0.119224514733326,0.0936920107950791,0.06627179708801902,0.37489836117084024,0.0465427001195531,0.08000269480585354
0.10830082266093954,0.09222105150536435,0.0985258677199355,0.0935704927303475,0.14918358463421644,0.2851955780226929,0.06798112272905281,0.026793042067255513,0.07822843793019542
0.06547426813438656,0.2710357241152291,0.07108748725074517,0.014933388054489821,0.14171814767703142,0.1746954116782973,0.021569986417636824,0.16937023208841553,0.07011535458376823
0.09043336255344563,0.08236381170986164,0.04596169637641347,0.045007264091726375,0.09160843684163894,0.48805687858868546,0.03574214126903441,0.08634329682616591,0.03448311174302813
0.04410705361396102,0.04788790677642965,0.04533134990734979,0.09150323709355239,0.05695880983735822,0.45907025082702174,0.07357141272291574,0.12349542465031997,0.0580745545710915
0.0887203809150453,0.027017405043446435,0.08174979724613972,0.1543913694359645,0.08033460163074835,0.03940392824520378,0.12909694332536847,0.14448602600149266,0.2547995481565908
0.3818434799717057,0.021318185347372186,0.20954501251557853,0.10064496432709596,0.08952148488695905,0.00745098516452829,0.013667067567581589,0.02859463141126764,0.14741418880791093
0.1406616004726665,0.03562711955158963,0.12414211798627238,0.02246108914360583,0.04251101283182759,0.027626301340030232,0.04186573564664661,0.14855015289832849,0.41655487012903275
0.19276173006195116,0.03200536985774536,0.05151885547395177,0.37535921222928287,0.07651447673913643,0.08251793040846067,0.03947580952500233,0.07815847034357755,0.07168814536089184
0.16388790798027175,0.0698443926742234,0.08393236712934664,0.06638785884790867,0.009394615829579804,0.03643716123116764,0.061472737348674034,0.12155940117514363,0.3870835577836845
0.05950048196277904,0.177912581271318,0.12137439646756422,0.06017480321226384,0.011600652622220894,0.03629772604659174,0.026845985537906115,0.06395848215351307,0.4423348907258431
0.11896930367600221,0.039379937585196347,0.09397648676964893,0.08562287266709177,0.14067465229492973,0.06863066377296324,0.22833479657718062,0.10805750975206996,0.11635377690491712
0.052241720867208956,0.02965148946017071,0.14589404566344336,0.046032324999762335,0.00920157145558443,0.0368273411794695,0.12311363671796736,0.2864476313233817,0.2705902383330117
0.029311825284831738,0.023633185959214802,0.09054727068087172,0.13656294137384975,0.07518825319681703,0.44196860729348075,0.061917163797192365,0.07027524844636784,0.07059550396737398
0.12063591451577033,0.07081864791623908,0.14003562772080982,0.1528724756160054,0.045908499865682045,0.12537579190297932,0.05075645501631593,0.20317995712335205,0.09041663032284608
0.024273269628622227,0.01892204497770612,0.07080178752540878,0.06240368572453447,0.05240735720259173,0.02153790442135531,0.03316554322484655,0.435814159851771,0.28067424744316377
0.23705346434423277,0.011806004246865768,0.04214724280600887,0.06123815834228192,0.3968730216772573,0.060387102363547905,0.05168458139069659,0.06628406446484486,0.07252636036426398
0.1422285402839825,0.32356720078267825,0.14722227871945714,0.07393877392873853,0.04858681053787247,0.05848734307634381,0.11715442434614881,0.038877887262858284,0.04993674106192012
0.1375358797376772,0.09735911507392363,0.073787864715794,0.04988256208888126,0.3315502857744637,0.12549713579103897,0.11839495934304795,0.02134331615009589,0.04464888132507741
0.06948194322994518,0.330670565310008,0.07122680146125827,0.03394443843435376,0.08552198057222575,0.07475981672283566,0.15072975984210465,0.11146229225596942,0.07220240217129927
0.05261295316539214,0.04051860881077047,0.07097390887169874,0.1542883508784987,0.4511644644188235,0.056886280794890214,0.03684491837977702,0.07836279588793811,0.05834771879221116
0.2245481111747574,0.020534105367082063,0.03791959137685549,0.08538613569704194,0.27503472618074115,0.05686969430937558,0.17912607975764824,0.08829572722907984,0.032285828907418324
0.04379716340895649,0.0419575069985062,0.048462634510715676,0.012418103254739429,0.03281911996325635,0.3288384080337426,0.28692803411108153,0.14400605257352375,0.06077297714547797
0.31938636811947424,0.07841159217990049,0.22539682903121397,0.05471776097505598,0.09369546340618522,0.07263513650762542,0.024727959827403962,0.048691742442131064,0.08233714751100957
0.23562272999517278,0.24905932316594862,0.09180684952271034,0.04123343280399953,0.018607266349192398,0.005953518432934825,0.056183035956336065,0.20766115198786883,0.09387269178583667
0.04450677760608764,0.10648009323071263,0.08473397023301653,0.07143593164720706,0.5114550237379751,0.04274264205805343,0.037239930141110635,0.018315460132355896,0.08309017121348113
0.0868014127714802,0.012293867233732825,0.04704052772578745,0.35122615265773155,0.17361881519569936,0.07011901683352054,0.06194638751145479,0.16840923719778414,0.028544582872809213
0.14640884305583982,0.05620352537096279,0.07355579269882645,0.31124009658587176,0.013384585313155508,0.05176383386968981,0.29862756171426097,0.017629787822738694,0.03118597356865421
0.200524985294574,0.1388181971581514,0.08969623998411232,0.016441935748957654,0.06288673032131813,0.27568217154229546,0.17783647710678527,0.015097593338281382,0.023015669505524364
0.23031867783519364,0.04304943755621185,0.0783231442937604,0.3535505639913836,0.121910359410164,0.02736605409830974,0.04360725113913469,0.04545066346685541,0.05642384820898666
0.09375275008868637,0.0155144154330175,0.11321696891874151,0.2167327334634467,0.06338059058782282,0.024604763984824335,0.20435594179201902,0.1490036378793647,0.11943819785207693
0.4247166312171933,0.03643771114656942,0.05453980495828631,0.10945952181326045,0.020387193110183287,0.06195715457931287,0.24699231373056194,0.015682543350783947,0.029827126093848497
0.21090641173782995,0.11586945908520856,0.05713879657688178,0.1082504178762305,0.22709213390087787,0.14120203942709608,0.03556708816244713,0.03134735589596248,0.07262629733746569
0.01527940313999492,0.11699672319783228,0.1134853351350017,0.028463441620656508,0.5168114940917125,0.09128570154566344,0.017098228939993052,0.053219017688414715,0.047360654640730936
0.0423845208265927,0.07550790125256908,0.10106626280903093,0.3808857529804006,0.06370272134040453,0.13263604799524834,0.06975757910405024,0.05460070735890558,0.07945850633279798
0.18963092763443826,0.08344863694217214,0.07699785297141208,0.10468444236951024,0.18866356871517498,0.05056465116087999,0.04408521061150213,0.13770262989291865,0.1242220797019915
0.13290709196415618,0.12232156047345928,0.028322202813380066,0.01888262971809971,0.15600465098883898,0.360197731009458,0.12618898328981437,0.01850796016378175,0.03666718957901156
0.0930965206835034,0.07956574805450464,0.08318136848586449,0.07791407594169894,0.1851375391985767,0.1414546478901165,0.2057969152133373,0.043136746131552384,0.0907164384008456
0.29041616129626097,0.021864165664895106,0.06171345466425029,0.1684117454543098,0.08421847185084623,0.03215454821452016,0.17761762643369347,0.05509857845932131,0.10850524796190268
0.0411659959130885,0.0731544101204872,0.05162585844460177,0.05565384307559255,0.13434619624504732,0.08390294268940213,0.42961830850572774,0.06747432506273529,0.06305811994331746
0.04601807012653287,0.03434524289685636,0.05458700208844309,0.0698188089532051,0.361339045413412,0.23967842684061544,0.11280295804163581,0.03682843208828003,0.04458201355101945
0.18722296156926288,0.10571539577215198,0.3666154611761348,0.08247153884443449,0.02014106538638061,0.0633239685237998,0.004111886129186689,0.10191069914822494,0.06848702345042391
0.21981801549677793,0.1051824603409003,0.06881092202707155,0.2296872571876296,0.07413357739994905,0.04143678657969599,0.07076120973131621,0.03256425252687207,0.15760551870978734
0.07386541549140095,0.22433414555372613,0.10633215179758103,0.07554695130825383,0.042423982275435757,0.17784118172194663,0.04702435636583771,0.0788788994480764,0.1737529160377416
0.4818920766936982,0.022228959377079086,0.10462087187420455,0.12186683617341894,0.029649483487297585,0.017675968473274007,0.15143253878571528,0.035869372476601755,0.03476389265871061
0.2639061204534246,0.043767767929480644,0.08634041504914508,0.05873822349332747,0.11852841937749907,0.10962205197983481,0.21404272550222347,0.07486756808130149,0.03018670813376341
0.035833425408926665,0.08136544207849557,0.07875149280805598,0.39309765575372596,0.08522611037190897,0.05519712912970664,0.14393742079394092,0.053739412544611675,0.0728519111106277
0.027434654389593065,0.05998198914158847,0.04821972359024271,0.14420311807736344,0.43454412663123376,0.05422314351447671,0.10480534940336005,0.058641135575985305,0.06794675967615638
0.12495913405984223,0.0352072002109706,0.05122307038494584,0.15474089089975554,0.013187070566385834,0.06802776369575263,0.4711714734883472,0.011877510759451223,0.06960588593454893
0.02469047099089165,0.035651865485700075,0.07075074343617015,0.09232733703818423,0.43121134458540844,0.09247341382934904,0.12248186202710536,0.08423329363901794,0.04617966896817318
0.17249613303625022,0.19900584522965414,0.08235475802368691,0.11779437155704776,0.03498447881806014,0.05628799868813252,0.1667710399835065,0.06118162009494005,0.10912375456872174
0.06104589037096827,0.020077367406719254,0.10726931148233722,0.2315766815392818,0.1360136312808885,0.1173890954304669,0.07117406927423163,0.09384369196918833,0.16161026124591812
0.31640698112060234,0.042204616539636836,0.0715582793557914,0.1806585049077499,0.03297869472763967,0.04005339736018306,0.20885634108438186,0.024912272551519385,0.08237091235249555
0.1315539941547321,0.06475475375828606,0.27747503332796075,0.020171654124321366,0.31450173178423707,0.08831124426880027,0.02046437711382307,0.04598249237747192,0.03678471909036732
0.0587995954096574,0.0915309900552022,0.07752094512827919,0.06711858945908117,0.22432898759622652,0.2173372201935888,0.09205044106002414,0.08173810223032545,0.0895751288676152
