0.01649846442190225,0.11419446577651982,0.23796912432450004,0.039444385194619735,0.05131696736813807,0.23554287018538608,0.08224947797902644,0.19232799789725652,0.03045624685265103
0.023303838711581423,0.08302725724504427,0.2224831291845261,0.21875602833943364,0.20283058727260828,0.010498693171148038,0.06836194637262132,0.08891928054439924,0.08181923915863777
0.14585497104584982,0.09896434172849551,0.08583934918163744,0.0952822957264537,0.2110182151008552,0.05113207824162666,0.11908577420529116,0.10592758785553454,0.08689538691425602
0.024113430855951853,0.025800744619406093,0.26289750570678366,0.37056948991772964,0.04598547491832052,0.03526081852023938,0.13260837299984013,0.06918915046309339,0.03357501199863534
0.025151299532504754,0.0202749486986035,0.48102350095016844,0.18615376651551338,0.05656462467077309,0.03789191410499481,0.12751380537644713,0.044589903859423956,0.02083623629157107
0.024285729790650825,0.13329987743110597,0.24033194215116802,0.07384145793085954,0.028928389466000678,0.03225390760833637,0.31426694620247453,0.10918625261769473,0.04360549680170939
0.0736176341419303,0.15779180006321258,0.08271038048224279,0.36452634530652683,0.024737598764193736,0.022904607557749975,0.12408227984400837,0.08939139688335891,0.06023795695677651
0.02995825433871227,0.05192430085217405,0.5477583606530202,0.09680482939334935,0.06288591171878916,0.021609592360220507,0.12190086105855939,0.053355629538450834,0.013802260086724296
0.08660656248223514,0.2291170634763117,0.11802990925215273,0.017224987343520737,0.05530949347345689,0.2424344970161373,0.0946766211730789,0.11335036203887698,0.04325050374422971
0.04861710046785064,0.0830992000118387,0.1138205163318341,0.12149522457711139,0.01143173631907568,0.09571090541503914,0.2902325840247757,0.08518863203067173,0.15040410082180297
0.09953745928788899,0.05245844771889968,0.2578701166569129,0.05985502747397484,0.08936541358494698,0.028860304757882177,0.30607023464491206,0.07315617183130521,0.032826824043277275
0.03674308412096949,0.05821961289680644,0.1108960842484182,0.25869814054542967,0.051319265259281745,0.24591064947822305,0.055741216472649895,0.11868866112487324,0.06378328585334825
0.010821711270273211,0.21723910339537814,0.11963276445168454,0.2191931432051185,0.1258736255722396,0.0727511665498931,0.087520176172442,0.116148375361762,0.030819934021208962
0.136503971738321,0.0470216513659956,0.08896259573403952,0.0471541195716646,0.01215938945794351,0.19589573535076,0.04557109120021762,0.16924483616080832,0.25748660942024976
0.05162364708508229,0.09716546132698933,0.31008837030772224,0.029707182912928804,0.015345313573875965,0.022982702052244935,0.31044483375653176,0.0657067218431374,0.09693576714148733
0.11031946268654717,0.048307408017199426,0.22742612977261775,0.05896621174166236,0.14975500169059824,0.23028256048430415,0.07559306501749292,0.0864351944271927,0.01291496616238525
0.09492540855275154,0.043153123926476626,0.1290354710893343,0.437458747593973,0.03399136097062839,0.04479557600146867,0.11037349080382115,0.06387015708009881,0.04239666398144737
0.10739208340248285,0.19667996759913878,0.19425999517149842,0.011845056138999319,0.0454060620258678,0.12625125588575348,0.0799960543255356,0.13136510740108207,0.10680441804964175
0.0669495688975452,0.09681656210589691,0.30558719580060884,0.11737889630170319,0.04891962586361933,0.11934914057498382,0.12583937900902373,0.0888685757369474,0.03029105570967156
0.030435523958117567,0.04860100998373598,0.5220206788422566,0.10758654331137658,0.0574123291298754,0.07217503302668761,0.05540488959209291,0.08987534513246405,0.0164886470233933
0.09191607271253739,0.07145809046767497,0.4286213298394708,0.05041347295030121,0.09015200143686375,0.051535855814085686,0.1170542056109553,0.08053056436176022,0.01831840680635064
0.02553039388169602,0.0634725512658758,0.29703123170826545,0.06018744007191037,0.28223317483377147,0.04468312918226391,0.020697536107719607,0.08894185347806623,0.11722268947043103
0.017067567235887916,0.06673533117026875,0.16849910227402512,0.08015814851096667,0.1624704352030409,0.05836917970310503,0.1649892733636079,0.16049028756654263,0.121220674972555
0.435382894995571,0.027194819273645348,0.013431000052751904,0.06954094533613571,0.008802079908643328,0.11362956309982619,0.22089046759465322,0.08949666317200744,0.0216315665667659
0.08597242333958971,0.040940298833136456,0.2772577951070443,0.13982026544568613,0.0557756451593668,0.12058541996573112,0.15629985816703781,0.09481614471468104,0.02853214926772671
0.011681709221090427,0.00982146937655558,0.26436638282891983,0.3395545727067614,0.018321827232807262,0.015135055935618974,0.2886790326384608,0.03959852425737976,0.01284142580240591
0.044609418977659,0.05747058822708571,0.07250255683433839,0.04889489159184349,0.28604353307702873,0.12001092418047837,0.12889757212264777,0.14779863753641123,0.09377187745250737
0.11211433937646115,0.10641146670208958,0.33788270936127285,0.04499471163067965,0.047239371287217974,0.22548918112870775,0.028144979824568938,0.062122301337294676,0.03560093935170749
0.054276115347014174,0.12936070727233445,0.3017216923121863,0.049393183541535775,0.23092989965617017,0.02922997225179844,0.08837361626996242,0.08931411916309921,0.02740069418589902
0.038285460910057544,0.04042389653248052,0.1986796067221451,0.27744805247683074,0.06841441128935553,0.17723457535741158,0.024462609909331995,0.1036787703639993,0.07137261643838776
0.03278673007699567,0.09265819032951111,0.4833248523932853,0.06859998822610339,0.03891175850999926,0.05611704938040138,0.12561018678558358,0.06583706492932843,0.0361541793687919
0.09557367238396242,0.09059182423223348,0.06823459504648466,0.041116895214534384,0.24007695884043412,0.02404569274655925,0.15008212632398168,0.15604684744513247,0.13423138776667748
0.04748208888494825,0.03440748814508726,0.3458122706845326,0.2200906107063861,0.10772590778447812,0.024623633750120003,0.15383740497724718,0.06193159545063511,0.0040889996165654
0.047641791221727764,0.05861996177301757,0.4403027981206716,0.0768462573518503,0.10395067564197973,0.022055699373028273,0.07860177995203992,0.0645200939229189,0.107460942642766
0.058289961500706006,0.2067469149029302,0.031995562841937296,0.12703228792748342,0.04734103609473361,0.011704910585311147,0.27485211618148836,0.07129569751696167,0.17074151244844826
0.07507988432232215,0.09506500447773984,0.0476270952319241,0.12000453417852926,0.17093376424737503,0.10884963212917988,0.06642407479013891,0.14501567410037525,0.17100033652241556
0.053356362244629425,0.024510480110437046,0.1313972336316717,0.34282222294308706,0.1869225387616975,0.018416357039026523,0.14764555719928127,0.08359015490279774,0.011339093167371741
0.07123534359214721,0.24979019539205657,0.3352506287806872,0.06822699580146915,0.020462668095166715,0.041890269437102896,0.0811302792885895,0.09478560299840927,0.03722801661437147
0.11144316488849194,0.025853070846191154,0.21553622002979003,0.037730660366726,0.023744220663170102,0.1892440909887159,0.24566147269339292,0.06164333874595294,0.08914376077756903
0.02071626794397292,0.050819192128216915,0.40292291764576893,0.08935713988437666,0.022322435760115052,0.026537341434790224,0.3173499380430639,0.06294964536781363,0.007025121791881869
0.09287143707560769,0.024503939837785677,0.07918241755081257,0.4285005519711471,0.013658760930894057,0.03429174172132778,0.20531458655310145,0.11650005931952769,0.005176505039795945
0.0640734207205242,0.027309737442125743,0.30643078762708964,0.3733991475996672,0.022034730711377154,0.06134491130483497,0.05709253892860766,0.0766432699705223,0.011671455695251104
0.07569382087793505,0.05525677682693866,0.17494203353355955,0.19097876265805622,0.11277720340611458,0.024818170810832454,0.24346177468442617,0.08011223011302375,0.041959227089113656
0.15314971293973678,0.11765639787079757,0.10730457752499878,0.08215245016439672,0.006951436366743217,0.12862042716987923,0.25812648798303894,0.08428185908527941,0.06175665089512939
0.06022850746294112,0.049749489453859576,0.18751571639380957,0.2528854606509024,0.04481921379776654,0.04307782492443557,0.26265595152350835,0.08064627283231444,0.01842156296046243
0.08213156141590015,0.0439541354705431,0.4668286484838957,0.05908856076370009,0.04169752044443028,0.04280437564804807,0.15798885031561788,0.06437107523254511,0.04113527222531962
0.04700007822610239,0.02328443092635447,0.37509012885229537,0.013355172638621451,0.020240055853746868,0.027072528716948225,0.32285773275812346,0.0698543794468537,0.10124549258095406
0.37351261842895317,0.116687224831447,0.05890811830710072,0.12686333043149509,0.01907135005589335,0.015301554304738736,0.10888585508563081,0.08441944183569311,0.09635050671904799
0.035189504709061105,0.08128476971231748,0.1776030969336622,0.23447646833434477,0.019517313033675127,0.15040688654257395,0.1039315845308846,0.12168986665174338,0.07590050955173734
0.1650709789385557,0.04945858510095752,0.15198479554154024,0.11350000589510152,0.07862633474757659,0.07946100859537952,0.2677242249975618,0.08515056615769985,0.009023500025627131
0.03743583650741087,0.07861385098960122,0.18751998034273268,0.22148165168982417,0.04232711316770645,0.10356614771622884,0.1271735289977935,0.08998029634100822,0.11190159424769408
0.031635675482361986,0.03504980463814898,0.0759855104647305,0.07401850530384117,0.16622204509696284,0.46118117381095974,0.06710908887101592,0.06624916680180683,0.022549029530172005
0.05929623326537533,0.22601502996496378,0.20844521106960176,0.09529319623851433,0.01746029716615085,0.06020606494700057,0.1671729573509857,0.14175695504718047,0.02435405495022737
0.15016042168491886,0.035974304022215374,0.015876892540667275,0.15051300402682818,0.28895913528979406,0.038134152351950064,0.05810400397711383,0.10733706266519288,0.1549410234413194
0.08162078725855469,0.020874902552120263,0.0842504099615508,0.15893300762865106,0.12014627107266714,0.16817381060061984,0.22371461808910675,0.10090581700378316,0.04138037583294636
0.1274108189633066,0.03726144338626852,0.26855083687322484,0.27303615587743807,0.02638181058105464,0.03948533684206213,0.15115965596858913,0.06713341530913126,0.009580526198924832
0.02548526119567651,0.034894920688412844,0.06464985871000879,0.012425641844743209,0.151186006816846,0.24523991485407137,0.07477148678459451,0.067807908207505,0.32353900089814175
0.043128358459394174,0.042624356320984984,0.5073135033909609,0.1316637725423228,0.003866334210280298,0.04880859872229854,0.10101775888451163,0.056154687889627054,0.06542262957961949
0.022302615153480573,0.031701737222602465,0.15360255764873015,0.4788751421113169,0.03331865052309436,0.020027514256716634,0.12003647403813533,0.11701256854378077,0.023122740502142858
0.06464512949802718,0.04736482246207493,0.18460576468223033,0.029668096677807506,0.11089083122390735,0.011752020824687674,0.41370497690068814,0.09026669347681572,0.0471016642537612
0.01376195092147719,0.05670660829488871,0.17471008333732277,0.23159254716319858,0.03701154134464884,0.3397758342276378,0.03974314336547774,0.08862071492778151,0.01807757641756691
0.026242687594292286,0.1172300638156143,0.35420282126600283,0.22654724205892296,0.020762087361827438,0.07271134792284618,0.0322600350374627,0.09890995498694329,0.05113375995608791
0.025507569744180104,0.13475455436051542,0.16693816455778043,0.027045935114362336,0.27205993387815913,0.18161877891635028,0.04112492432017035,0.08342602419663724,0.0675241149118447
0.07815650579242393,0.01101857965439011,0.47028806132501283,0.004103538537300358,0.03686548829057416,0.10342316888830806,0.20564952497229724,0.054976382979511275,0.03551874956018203
0.049520836309382775,0.12588900780131992,0.18767711581080881,0.086087904499814,0.1117809407169592,0.017289747712573886,0.30957281885308,0.0696727197663195,0.0425089085297419
0.03391577449411413,0.029453397986243607,0.5171489759859261,0.14718362222680045,0.02523467315510745,0.015471100246904035,0.1624683377040591,0.05690796329843779,0.012216154902407293
0.10585078525814505,0.05597655069344467,0.2909580701374619,0.11386134500936258,0.05034651635950455,0.16888324949878472,0.07509970837783807,0.0958532465534433,0.04317052811201511
0.012765196232688826,0.039105084396400425,0.17988610994564283,0.22044759374015624,0.036051998818019244,0.14937842556705613,0.15238166869997102,0.17728693671115794,0.032696985888907355
0.04552382524756334,0.12639061880891436,0.021849997974226962,0.3643719800198622,0.0144623701628177,0.041803547055027555,0.07438417298450202,0.07858772443087708,0.23262576331620868
0.015102919092293375,0.10469329133383058,0.1308192100845593,0.11535536504155582,0.1898140979526296,0.19361621572511564,0.08412620045506747,0.12244131504434702,0.04403138527060122
0.08861867396108135,0.02114732187480728,0.5620821676558544,0.08444698483772245,0.04150761109991929,0.010233569613644229,0.10997078258964012,0.06002167332073827,0.02197121504659258
0.05659802263404798,0.11367195384814116,0.38275047073029644,0.08361041843013872,0.06530737835831492,0.08024271792553013,0.03755593231228708,0.08803259398563253,0.09223051177561103
0.14609886127626034,0.26769785691644943,0.13395279730182016,0.018851081518470803,0.06609436784553961,0.12374955793453635,0.040771569678663105,0.08022252901381195,0.12256137851444827
0.05264450168002901,0.06722557237602324,0.12056688817717416,0.03399129672678136,0.011896836552685197,0.2496106585162743,0.07971718291428699,0.08037812486686437,0.3039689381898814
0.08418328635267575,0.0351856210883386,0.23440449155796053,0.1632441995320807,0.14554591119882737,0.07938403724756135,0.1412271581306883,0.0802163330878121,0.036608961804055325
0.12860791284668097,0.10564851251807272,0.29718548088353575,0.11159692285719904,0.015621707552658284,0.03579678138896351,0.11209931611797569,0.08996232903816066,0.1034810367967533
0.10529521113249685,0.12845301946634727,0.2384477403487207,0.16025194190350342,0.03297732052362454,0.06307426530411321,0.04361773681996097,0.12199175464011432,0.10589100986111867
0.04273831379716558,0.03226978260468044,0.5217101317481504,0.08794889918073541,0.03569407225720688,0.018406592254240864,0.1906593062664047,0.05844391028332798,0.012128991608087619
0.048489666556931765,0.028407663304090423,0.18159448868094305,0.3318778716563084,0.05804956403392092,0.11686527478314174,0.11009160468738148,0.11142277183303782,0.013201094464244433
0.11989304024251575,0.03668269097157486,0.29518934774954625,0.2285725639475045,0.013703020965902387,0.02972400263885148,0.1828137349355579,0.057680306381255673,0.03574129216729129
0.09049828353312413,0.2148616644968198,0.11677346229938641,0.01672126877661671,0.05353961853157289,0.2539501819835362,0.0890833508146629,0.12632841207451614,0.0382437574897648
0.07024965455184294,0.035155646121919945,0.3101376871192388,0.050889648211947996,0.013761063687004272,0.10000266713720148,0.2649792319983322,0.09094321823289266,0.06388118293961982
0.009276962056213743,0.051289128785171806,0.21765929020307495,0.05135367768815278,0.07915521427820447,0.06948010443543358,0.2500467007196216,0.1115635817319438,0.16017534010218323
0.08773016601631374,0.24509311987898644,0.26160353120638286,0.030650321710445114,0.04029320257812835,0.09243323774111496,0.05939288317282649,0.12407130347180784,0.058732234223994206
0.007044231117636797,0.03237556798024767,0.4749107202937018,0.049318186657929815,0.06388588404546221,0.007112678077170006,0.26625855843911095,0.0790054217309955,0.020088751657745197
0.0735661619172409,0.1858004345979519,0.3256971293200453,0.10185570107903674,0.008390858273664722,0.09201660161263987,0.1220375201283348,0.0730535741593667,0.01758201891171918
0.15031720422131437,0.015105234645948887,0.06642023141353111,0.0637493879747962,0.26211531589824105,0.08468214380285048,0.25501880883468614,0.08015827384909761,0.022433399359534045
0.08569125699685264,0.012889332205961645,0.29317715010297096,0.15788474681742184,0.02708536319733475,0.05793239426776617,0.17360261397777274,0.11401416215333322,0.07772298028058604
0.032291798969135845,0.06167516724801598,0.2227947121736683,0.28265530279805917,0.11787384430821268,0.05301317142379253,0.08206910024707606,0.08014123945212305,0.06748566337991628
0.19709617499236057,0.06092955369388864,0.24319339019830455,0.1238327693804855,0.003973674312449486,0.033209917791475085,0.2702056620725894,0.05883467173585135,0.00872418582259547
0.019119985647015916,0.07352342195216342,0.5002197969467678,0.11322966010175806,0.024451087298411656,0.032982830543517146,0.1178601565738514,0.06752253349948158,0.05109052743703304
0.06410595710488011,0.059800576033872226,0.20749750909414932,0.038502453942883645,0.2402906688477491,0.0159522413336877,0.2671069520035856,0.09618981028055291,0.010553831358639345
0.016553173254971017,0.03938582470587652,0.4140921468908014,0.09280965059370448,0.308830766744729,0.024327038750693673,0.025837853849798417,0.05913284125663584,0.019030703952789663
0.21976349884035098,0.14855048601566714,0.15520240596359708,0.14471954729749528,0.05056604198166898,0.10729912461775093,0.04163458498963637,0.0876308214804885,0.044633488813344724
0.04406873570890749,0.05727905860586937,0.0887572138808451,0.34854704573422063,0.03655711452788335,0.10908125827364461,0.1711579703375852,0.08578400539676816,0.05876759753427604
0.06157872353799174,0.037676980687156934,0.22857969652100352,0.2452664043934866,0.029526982562992115,0.11942139152461904,0.19806511318252315,0.07422410899275136,0.005660598597475555
0.0786530744061707,0.025729930996722678,0.043804643062983394,0.09190561750863412,0.3364612979003856,0.12180516316530672,0.04090366439869752,0.19381360971516162,0.06692299884593754
0.0123369617479902,0.0373877190792127,0.11024256053274661,0.09553617485185785,0.3592730328176333,0.041833552177503015,0.23192305429996352,0.07515332301971141,0.0363136214733814
0.040022839686460504,0.28906523099333853,0.03408200913407156,0.05207676681739274,0.042754682663692395,0.15189594383270577,0.23143173655743876,0.11163594265940074,0.047034847655499014
0.014426098152414043,0.0299357015832859,0.3600435215285622,0.2721573292064976,0.005674202302846269,0.08445535935355943,0.09159481240413701,0.09492535085319938,0.046787624615498125
0.04159074573294841,0.18188099009319936,0.35580263053499595,0.06980443871490387,0.12076234114054485,0.06624434991769741,0.03519040790873467,0.08867200458718338,0.04005209136979216
0.039723744457160884,0.2072648442523648,0.1349648716991098,0.08063299222778413,0.17467978532310466,0.14787458901611175,0.0895987054952333,0.0826414204404984,0.0426190470886324
0.05070713223063855,0.07314081750211056,0.4855143542191079,0.08370888797984972,0.13068513023969405,0.0581459152121754,0.029507195834202568,0.06196312972351431,0.026627437058706932
0.014596921504331936,0.06189525396242252,0.3637357791738569,0.1251431400826218,0.04387455127441339,0.06812555129269506,0.18740155949915546,0.0683332672862435,0.06689397592425943
0.054655919994048285,0.13914825880275497,0.26834936300114953,0.09764479851063361,0.1724649811286669,0.02849177502296775,0.06313014795011508,0.16245279018994113,0.013661965399722848
0.08849242890515412,0.016962029246512772,0.5274480008680716,0.01138269826716147,0.010910005694483645,0.039852833368266664,0.13421312225963553,0.046958270143696856,0.12378061124701734
0.03730278038420087,0.04653134881830855,0.5331919143065532,0.05750223872959387,0.047889123186177794,0.015447799829105416,0.10657371486477579,0.0849410047148393,0.0706200751664451
0.04531683322307759,0.05462210341853881,0.16456438919622154,0.1903111860566915,0.10064939835393923,0.0802687731483613,0.11976539463718607,0.1404572825688419,0.10404463939714208
0.009052691737394897,0.09860766121626956,0.4102034207389382,0.016151961328503713,0.09176949815437972,0.05507437736375157,0.15210867402550995,0.07222649373812877,0.09480522169712369
0.01147458701127396,0.2725325768867379,0.2765655686527621,0.04088362655021293,0.13996673663204826,0.08689723017423605,0.032328874317671404,0.08717734903729124,0.052173450737766136
0.15281282495349946,0.10359655561006902,0.30725274488169824,0.05589641002272474,0.08403948749894115,0.07888243470622716,0.049506780099215275,0.13582945546958958,0.03218330675803546
0.0850298106088203,0.011938200487559905,0.04011640770582647,0.11931544315470093,0.10386469295974239,0.17341943173535682,0.3265262947507453,0.08894087242023939,0.050848846177008515
0.008830069189503303,0.014498077497497637,0.4444716821645005,0.2208081148366555,0.012379518372354658,0.03193276153553417,0.1393204520761802,0.055060313563831544,0.07269901076394257
0.014726007703025611,0.033369138565232506,0.22693512919213088,0.1913639732724067,0.01882753329568419,0.09449177357788847,0.3016626860699632,0.08450883841571373,0.03411491990795461
0.1476284958257109,0.013904366920460015,0.2842881487051892,0.2386493865733913,0.018905931540929368,0.05535301536012846,0.16677015232010875,0.05994016010054421,0.01456034265353783
0.024181369637498798,0.03242833498372713,0.37740490028955104,0.33103428576652866,0.04814552182536525,0.01633374934334778,0.10163579660088423,0.06015790774303512,0.00867813381006194
0.00497591516399574,0.029254532117211417,0.3929986527710627,0.0331632679781434,0.058660974957997096,0.13478875096127288,0.14788803184673727,0.1187134484584237,0.07955642574515577
0.4156321199492588,0.062101490148692484,0.04965685015939537,0.11466252327510736,0.019321247717138192,0.055174072845570736,0.12437946812153373,0.08216129964918559,0.0769109281341178
0.04212900524815999,0.044156407608453185,0.34256870321374894,0.21621316243359204,0.11694793102328155,0.044929543382470134,0.06306471206666814,0.11421505397680469,0.0157754810468214
0.04197845061563083,0.11267113799521129,0.275828513748179,0.08773591042082078,0.007529099674604737,0.0913457442207058,0.23799924735093156,0.09713891426531168,0.047772981708604216
0.06427002005173298,0.1364382009070166,0.02654283012145962,0.1158884495851152,0.16311588547926872,0.10655177965243251,0.05925918857473914,0.22783916553260605,0.10009448009562916
0.14598093012780028,0.04379513734209928,0.03091814971218668,0.07273646029068732,0.17362037654931914,0.24681330902398302,0.1330521403582614,0.09316615341658598,0.059917343179076876
0.03595652730095592,0.026461642062778432,0.23405170091851424,0.25773352508342184,0.03350528589493853,0.024777469096783272,0.25539067964258844,0.07118786093247477,0.060935309067544574
0.061279220513125565,0.05089800963663835,0.6357829342552489,0.013659181536014038,0.03493016392162587,0.022548055362231062,0.08985040626566214,0.0819258431171004,0.009126185392353587
0.02505516754528124,0.15415357965518672,0.05845783982375564,0.020693631798865644,0.10116428768580682,0.19723964249147663,0.2787570405666886,0.12992763869623186,0.03455117173670694
0.32741329137240593,0.02239763108556417,0.12524032123921827,0.25373202657291405,0.0025392778352615894,0.08453038872516695,0.032691932932179986,0.05203479168826663,0.09942033854902245
0.18806579355658273,0.07239925486112303,0.19544174673547055,0.19023751842730272,0.026631172681716622,0.0501596487565893,0.142758636051437,0.07078010743186537,0.06352612149791263
0.06893421067774227,0.011862223197035275,0.5121153134155784,0.09728954565870862,0.05354162331658202,0.01415929565652431,0.06955679841145061,0.06297377825941612,0.10956721140696245
0.02777272831909999,0.04277654478898966,0.16427705199514175,0.22297182800003457,0.018748889730853157,0.06341070106054196,0.3226884680558717,0.08107216539488799,0.05628162265457929
0.05063055708248701,0.018546137896409014,0.4242254095499239,0.04332961412947767,0.01865864321608367,0.03154042462507235,0.3312572559739708,0.05955872972481852,0.02225322780175708
0.02337815356905376,0.05210898833716937,0.19060003443481657,0.15192570145834136,0.027021492721893386,0.09052477704253675,0.20709880589136387,0.14783796260776003,0.1095040839370649
0.003659951341094607,0.08754209809402601,0.3669661231398525,0.035548521645976106,0.015875301445234788,0.3098202035168211,0.061303610862878576,0.06485206666280928,0.05443212329130695
0.0700285600687466,0.15948592809320858,0.2770502898484272,0.05350008892608655,0.09982423100292537,0.06650819823780692,0.13400832338067636,0.10050422230204382,0.039090158140078594
0.0917031698892928,0.04238962261557827,0.43129847409004035,0.07550115319338034,0.03839149872289841,0.05595751282026606,0.16453622089738962,0.0691437810318158,0.031078566739338277
0.2576977860908625,0.030866255181440216,0.3944573815561519,0.019190374377677184,0.016804572166640185,0.05319128693124937,0.09578067558317654,0.05998082252160906,0.07203084559119298
0.1554013835056537,0.017907560524331664,0.056254012596456425,0.47041610211076,0.036993891389137855,0.04084818773131651,0.046633214076835426,0.07183989114466326,0.1037057569208452
0.02225857036889904,0.031672539585000624,0.1536590035855366,0.47894515650452246,0.03330300978919088,0.02000260960457061,0.12001249755298943,0.11703583748479963,0.02311077552449076
0.006115177896884029,0.2080712605340115,0.40938671071221605,0.09945420684132396,0.07670867437001107,0.04671195328362795,0.08229692724424109,0.05952812439280738,0.01172696472487691
0.04132515055720914,0.10884003816658516,0.15198378588697525,0.024662152998900653,0.18350024378099897,0.13278353486558986,0.060272550231041076,0.12395316124123767,0.1726793822714622
0.10343382009506542,0.025383365315810896,0.1953687620533983,0.15201239220268842,0.23756089157817187,0.06601166660961566,0.09260608229252483,0.10069911298834099,0.02692390686438362
0.06569447634107707,0.25463064423171955,0.20681681981899894,0.051631439989908025,0.0761953069730195,0.04393728064582395,0.01991077154191592,0.1660774262789049,0.11510583417863211
0.019833154882834197,0.06589851524755129,0.059679360027614044,0.18196926865070762,0.06028442061261805,0.05228239072650914,0.017039885335634455,0.07158861424311819,0.471424390273413
0.01265392494859465,0.1973341468619835,0.2155003841483709,0.07518083862075263,0.09964027692469585,0.0767315844557528,0.2010785422365593,0.10497546167762117,0.016904840125669267
0.13186506385335398,0.062198355762157355,0.32475413257985253,0.16809290444327118,0.06203593292470683,0.029833525886832298,0.06884274065760995,0.09561796163765013,0.05675938225456579
0.17034565833412355,0.021621408230184307,0.31632240337176554,0.18278516450185692,0.017487583232355587,0.025559196243786022,0.14992031996986066,0.07432232162057623,0.04163594449549113
0.03679005599192418,0.09193158929237917,0.3638243113037966,0.1340431775522701,0.050162692324869355,0.011073554588555396,0.19513902577333345,0.09852961590946911,0.01850597726340261
0.18269216144391223,0.028246680896487075,0.07953312166618887,0.08121251578548513,0.2341427663368468,0.050774559718860655,0.24398450525021678,0.08370794191272002,0.015705746989282492
0.10413214235329711,0.022879863004482776,0.06777397555471525,0.08724385335213143,0.1185408061397869,0.33174657799413926,0.05710135174566026,0.19724275450302606,0.01333867535276099
0.07040387351026411,0.017776839403936366,0.19315787797215797,0.2710457330406117,0.03294345734608175,0.040346953933666725,0.2590816804710892,0.08753250390188384,0.02771108042030837
0.21686945912842823,0.060681646969050096,0.06906407921105827,0.13036930069347305,0.12371854725128911,0.0864465115078495,0.17845459505027703,0.0886852897920684,0.04571057039650639
0.04555997770684724,0.05600083818764853,0.22257400323988105,0.021263013643263124,0.3365545607670823,0.08591916447470355,0.08239422756856402,0.11241261966516188,0.037321594746848354
0.0374466450141818,0.07628968948036284,0.3409401767122726,0.06456582953428004,0.01538883110915501,0.05013346172394432,0.31787394172212685,0.06230848847418199,0.03505293622949451
0.09250197394417052,0.012748965385860123,0.48454116457632357,0.06825734201168739,0.01603922272276107,0.02565369729517003,0.10490964097152466,0.06585203025510401,0.1294959628373986
0.005299832217539754,0.10755641928651183,0.17515918690349017,0.16340801427621973,0.12375718065337804,0.26605745512079687,0.02568027303316968,0.07987952156795308,0.05320211694094085
0.3968148103179172,0.019592064376173224,0.10323516814385103,0.09044637895685415,0.05241666684387889,0.08309467216881515,0.1526233102753979,0.07574399652618297,0.02603293239092934
0.11263775703407275,0.13513081386896295,0.007747287088317318,0.1308844846081549,0.019089448949922278,0.2396309631762096,0.06692577783948585,0.08131526148874355,0.20663820594613083
0.041037562472461465,0.0655587214917534,0.1114972683363038,0.5340336109229914,0.030839860776289085,0.020941544598732705,0.05368334721741924,0.12873478572672967,0.013673298457319164
0.030825762595726253,0.03906995503921093,0.21271138916169452,0.162792871977016,0.02880771799915702,0.0782060093756558,0.017799812099779048,0.07207073747162268,0.35771574428013775
0.033293930832828535,0.16950831505866693,0.17838796267421708,0.10879324846408167,0.033601609546504214,0.08785330126761626,0.1036372597376578,0.17601523141898032,0.10890914099944714
0.01417943584572407,0.013036725789567273,0.0692069004289984,0.18120637803272657,0.2908009932435388,0.18982756020084648,0.1394857201652452,0.09755799116820595,0.004698295125147251
0.164755937561297,0.11324302832413417,0.10617591889396895,0.018644652501339676,0.010885882499924867,0.09501642877550842,0.07318640421750747,0.10181076928056676,0.3162809779457527
0.023088023897393065,0.13857001145004644,0.06614410941532738,0.2342047490786515,0.15304121836653947,0.18838361810961168,0.046955412071447045,0.11875062278248583,0.030862234828497596
0.04229569382543649,0.1112401488676472,0.23003776614708119,0.07157559536284397,0.06581547602579711,0.12241502815694146,0.23978133016635214,0.07098005256717417,0.04585890888072627
0.011135217980965464,0.2908768448786327,0.11049943391563732,0.09778257586251989,0.053396553316172934,0.15855330873800286,0.1968107467254839,0.06327439054936089,0.017670928033224145
0.01978218399022227,0.024582438082051915,0.05260633405135164,0.4118300012752107,0.04459969296741804,0.022304140383245147,0.3323828473891135,0.06690213984262906,0.025010222018757727
0.08468576766227172,0.20216154056373203,0.11340480225545535,0.08909794685910316,0.01874781745948401,0.05356426730098832,0.029348826185901396,0.10672896906341274,0.30226006264965116
0.03827566928105861,0.022201662100955893,0.13930487947865244,0.06876918402144051,0.06105350038025958,0.2231023559884088,0.17827597191464165,0.07692730429664264,0.19208947253793995
0.1120974729217608,0.02000131273110398,0.4998003469362178,0.07282109933139197,0.019525851449525605,0.045705292053330536,0.13625214880704184,0.05630075995906517,0.03749571581056231
0.09265547510889945,0.08305042038181427,0.2784348872556859,0.04665834120120597,0.0766556187874603,0.1198163424873544,0.20503693680637988,0.0772442311780909,0.020447746793108974
0.007518444952795279,0.08672531314344852,0.33813790044010156,0.23021413584070274,0.0274791024920228,0.08471357397051345,0.13615575569483976,0.06987750657592058,0.019178266889655324
0.020155096746720932,0.030148361468490356,0.33226013903985824,0.3013838712155475,0.022489975478738777,0.0330626406378056,0.13379775603163288,0.05992014188887241,0.06678201749233319
0.04062495579805192,0.03773916363568549,0.4576975902020303,0.022753365345291213,0.05281089360611121,0.05140406091331196,0.26085261066525484,0.06100896504160014,0.015108394792662919
0.23652282697599547,0.03337858683580607,0.09637279597059556,0.1707331048208733,0.1181388732132674,0.015997750425720093,0.07839292318255063,0.07138165214977422,0.17908148642541724
0.007684578017322069,0.12301099197857446,0.03494241051160376,0.18405921908273473,0.0671971768040339,0.08813482062892909,0.13490579060360067,0.10671139419261876,0.2533536181805825
0.006842550648972027,0.09815195504629835,0.40661702601640143,0.061817412274641624,0.030160426430516796,0.020165352845506863,0.2108265027301084,0.07230681807985413,0.09311195592770038
0.19180570263494331,0.028321350102122434,0.05924475661937337,0.08877176527500276,0.08122105932735564,0.024857913794477077,0.42190897888297685,0.07513315436869694,0.028735318995051693
0.0918339604141941,0.15339285996664045,0.04901905645341396,0.28941363493160777,0.0383627995596189,0.1087887594094092,0.06940650531933534,0.1328996353437931,0.06688278860198717
0.12476124544095217,0.01047600007830242,0.15078743497937286,0.18914053562141694,0.02115712541250059,0.07406907257402051,0.286353106958084,0.10607666342782866,0.03717881550752181
0.042421975778422244,0.014530951019779808,0.2726204413951302,0.048118752793744744,0.030806422197725544,0.050936695992965346,0.17248438554607537,0.0495434734829123,0.31853690179324445
0.09202017346298642,0.034342917909466794,0.5722304702225792,0.04114553831692718,0.014285612596310551,0.06264724134749436,0.02130728885683315,0.05783097046183842,0.1041897868255639
0.21622981729769755,0.041197976593248364,0.026984182386871045,0.11633080335459366,0.01404912099877891,0.03360580739883318,0.03760426216970236,0.059509215111692125,0.4544888146885828
0.03312745875584271,0.19287796939690516,0.09159578465138751,0.18165589259636838,0.12030804336076377,0.24114575695779958,0.012355705225777896,0.07681346209124136,0.05011992696391369
0.028721450145649512,0.12775072749675506,0.3719968187556368,0.11653450600429931,0.11566122704824194,0.03637667459229462,0.05845240544135632,0.08884669680892769,0.0556594937068387
0.09752709338833303,0.04904652955052239,0.09981414754133665,0.1291286626519009,0.0054230161636455,0.02303596684748943,0.07291661751020286,0.08097195355512339,0.4421360127914458
0.026515187835916013,0.011339678179103148,0.17123512943424446,0.16486802574236123,0.12587029927360105,0.014402144150089868,0.39029476003522,0.07553321807464114,0.019941557274823118
0.0022467108414345005,0.056516217758074534,0.1152795611930882,0.12400519571953834,0.044016349648371894,0.2400451936892218,0.22815451559249988,0.14720633786520543,0.0425299176925654
0.08772552407073637,0.032675526995481013,0.30112062268885964,0.10732117381450428,0.01834417810151043,0.05560446925496052,0.15024611712756986,0.07844750153610941,0.16851488641026843
0.10299516708451516,0.09301868073344748,0.2448424167968284,0.19997946107079845,0.01625867994019384,0.17501118225551393,0.0226620856799892,0.09300188307884338,0.05223044335987024
0.04849482426924876,0.2712380259099003,0.029350308964774228,0.09790563438017946,0.26836856497988215,0.07206795235657777,0.06718656479487349,0.08731130901960166,0.05807681532496214
0.09122795005764901,0.12618220433607027,0.19860043925173967,0.08915177855331763,0.1273520877649332,0.06135655556675231,0.1550429900328957,0.10810461723875187,0.04298137719789025
0.31447574989856747,0.20486067268075905,0.17689570513901298,0.07924271127519565,0.011325292184737263,0.0539307517692094,0.05776797970686353,0.0717934616617887,0.02970767568386598
0.03256761029599209,0.10737065347865694,0.06468198691580106,0.16003859364917827,0.10442932283286432,0.25867064970280557,0.03993468389965337,0.10076849315012275,0.13153800607492563
0.02071626794397292,0.050819192128216915,0.40292291764576893,0.08935713988437666,0.022322435760115052,0.026537341434790224,0.3173499380430639,0.06294964536781363,0.007025121791881869
0.02778000640146402,0.015269986057903875,0.22225069538082395,0.4882015384222506,0.04826066504540738,0.058048866431363644,0.06172258423580317,0.06977041550793163,0.008695242517051813
0.02287632137808475,0.05426717187144852,0.5580181435588502,0.025141266163633314,0.04466291070073474,0.008069965136610943,0.1574259693477793,0.07865834282618257,0.05087990901667574
0.08788729729925777,0.14543365721645413,0.09111349171709145,0.20691466358963131,0.028919182256638514,0.051477155570137656,0.09199165865061654,0.19987019889860416,0.09639269480156847
0.1997140694289983,0.02494287127314281,0.2782322461244271,0.13585241848827265,0.001927500481434175,0.030066241840063842,0.21059204072162296,0.059459617486021465,0.0592129941560167
0.017470211042760513,0.022433811220043665,0.3458902691332318,0.1980502206420096,0.16567227287626654,0.06953523769403859,0.06538885301842796,0.09937587452563812,0.0161832498475832
0.05119271764534952,0.053702409448980803,0.21310579941500274,0.1990529834743311,0.1360385901128726,0.07510668231047744,0.13970409373046963,0.12240291013681441,0.009693813725701815
0.0063654678314134195,0.11306345187704586,0.2515753908081643,0.2421743378630399,0.01831169500273949,0.06501230727551023,0.18476355885346177,0.06395373430983205,0.054780056178792946
0.05403417488702089,0.053964479910104335,0.15268048753191069,0.4151757780207696,0.04422781641978035,0.02233825279799646,0.16520663778160202,0.08595512805113979,0.006417244599675867
0.12850466139541347,0.050415126063405404,0.16950555306403237,0.2387577846114849,0.12468186217716593,0.05087184408938739,0.13998742263618474,0.08449271708802802,0.012783028874897762
0.15274277750038326,0.0888104595985229,0.16233097372685026,0.26622028393552005,0.008185330818051359,0.10398315019924069,0.06090190001866763,0.10643928344326585,0.05038584075949801
0.05238967364015571,0.07225766626638584,0.2194878146130631,0.3212213431780852,0.11092525415128869,0.01748058661836429,0.049625565126210046,0.07996720686903229,0.07664488953741481
0.0859825541386144,0.12027198981350667,0.2809758843035926,0.11730483223986243,0.05890854775900323,0.05044067251270671,0.08089454764590352,0.12055524382853644,0.08466572775827387
0.08075192967399776,0.17330336001183635,0.17026655596691195,0.12059319620783641,0.040662984831614866,0.02098998021159165,0.2685396996917621,0.09694964024938883,0.02794265315506007
0.02388594496474238,0.04106860038109991,0.4854761972311524,0.0877714591919881,0.06912577425575514,0.08553294786343434,0.11571190794081143,0.06838438422147697,0.023042783949539302
0.009052691737394897,0.09860766121626956,0.4102034207389382,0.016151961328503713,0.09176949815437972,0.05507437736375157,0.15210867402550995,0.07222649373812877,0.09480522169712369
0.1453191324012503,0.2180256914243656,0.12107866929636031,0.12957171356146727,0.017995085178382164,0.030830836341243506,0.010460935070480223,0.1592888114508953,0.16742912527555529
0.13082564519593531,0.05957869822489694,0.15947506948783952,0.04651648566638445,0.08888316098794165,0.22892656439543577,0.10628124588589992,0.0923007363813081,0.08721239377435841
0.2969930797199248,0.02054497612622618,0.0937366373341717,0.12712494117725875,0.012038461457267351,0.03682018795997003,0.038999428632001586,0.056048902604475044,0.3176933849887045
0.04997617653316657,0.05534899840816878,0.23608846941215803,0.21577010941870856,0.08520825517061242,0.028911079649312776,0.2234834575928083,0.07381407197874713,0.03139938183631746
0.0274737265101176,0.021708265173184485,0.42369431792096846,0.13140647869091884,0.00656012934656443,0.0057488571753359025,0.240166314958667,0.0800931052725448,0.06314880495169857
0.08491230875310159,0.04816564790526664,0.5022883548549735,0.008979236042220432,0.04236748654400879,0.027169523132494457,0.06006912019168429,0.08492602421363453,0.14112229836261575
0.017689951557947253,0.2358986174268778,0.061878504324894675,0.11124549215781776,0.16216268512113458,0.08882208368330813,0.13048606718094588,0.11386624936899448,0.07795034917807943
0.1301773230639304,0.01449460691210241,0.3552051820647728,0.23657122151480028,0.02046229889161723,0.06100207066067734,0.10767907577586233,0.05920942535690791,0.015198795759329265
0.07017831624276574,0.2738146493183274,0.3138701696732177,0.022800524581064022,0.013924451481516881,0.16625646862107146,0.02877388832708588,0.07221499076287592,0.038166540992075025
0.13032396789664388,0.024253458015319324,0.5044703634006872,0.022975219523558188,0.010912725662202057,0.04929721856280508,0.08869431158516784,0.06665470876551684,0.10241802658809966
0.01845344002915855,0.016259715091436294,0.08688722518559348,0.12410875904860462,0.18174854389890657,0.4005027329747907,0.009962537003273722,0.08439908748728935,0.07767795928094673
0.0156850350999484,0.28776237852537906,0.18287823507645928,0.24216252512141426,0.022738618085314216,0.07802092120152686,0.04978291627440861,0.0800611849688444,0.040908185646705
