0.10716289251515944,0.3287377984373279,0.03141508134749241,0.1580702364864759,0.0789524321985564,0.04899388126449276,0.08003572424314141,0.061366330274830704,0.10526562323252305
0.4138775885517874,0.18652181619369376,0.027657014927272575,0.012135439965503177,0.06861462582316159,0.02600444450500855,0.07421110412274476,0.048944075106015124,0.1420338908048131
0.2390613730218155,0.06709806462146263,0.10247743322987744,0.05775847477997754,0.013255518036108633,0.017614688982392688,0.06559435428901951,0.4306229324415171,0.006517160597828905
0.29847105926691664,0.016745003581821294,0.29249604609016794,0.11130805191257508,0.09378507108174632,0.016531937631715756,0.031211656039141156,0.11453786083503477,0.024913313560881074
0.0342303162122933,0.019110806147612406,0.30662638099054834,0.026947945735592116,0.0635425536978683,0.014498036141681006,0.13103469288601405,0.046714872624003874,0.35729439556438664
0.02252092933897042,0.004845947043566133,0.03434696047284277,0.23405835983097645,0.05008780842915014,0.2912834722085698,0.03875794372566967,0.17020620635191938,0.1538923725983353
0.05820919240191772,0.05523715313837716,0.03411219225583407,0.3149294792248887,0.043686262429771215,0.2634578695115529,0.04953951140815265,0.08667149665470474,0.09415684297480087
0.16660205488106358,0.1220425476780929,0.2152466181634752,0.028457831461851688,0.0212463812556017,0.06888462351464776,0.1594682334342114,0.02605133123690694,0.19200037837414885
0.0618820320290653,0.00940692182484183,0.03173204596594971,0.3362924375652108,0.030550566822339503,0.35271424128037143,0.015410039452534158,0.067390614189047,0.09462110087064012
0.04009367421902961,0.03847593564416114,0.03172534943458988,0.05355587037160486,0.14105738224275238,0.437175924488904,0.036140825473640226,0.04786530257608671,0.17390973554923117
0.07382140766857195,0.017068207355062537,0.022718281332947742,0.20836535024615044,0.07852226921933923,0.40849415223287106,0.1390701350567637,0.043856767866244144,0.008083429022049164
0.03682964122534158,0.02799910335048089,0.38806612090220743,0.10878364276618946,0.1155864468978502,0.11479241119321353,0.013867144722045116,0.17089567703337236,0.02317981190929938
0.21990932735786117,0.037089526461021226,0.3312732386652291,0.018165939768906444,0.08149841887333571,0.028367152055585876,0.01658109005870637,0.08447121737005864,0.18264408938929536
0.1321261578971887,0.04930710362823149,0.04301086536029338,0.03968491537884265,0.040043484203032394,0.5458400674524571,0.018482465149788716,0.03826279749381429,0.09324214343635136
0.1166921222694144,0.01957078383627894,0.036644997400109645,0.023399907719327276,0.5744631221630089,0.11545181120929315,0.04671260251394468,0.034434785656940935,0.03262986723168205
0.051777135681174556,0.10236024743596632,0.3438780115406219,0.0660619524666078,0.14504625625839082,0.08906820646053515,0.049840743231436106,0.019396961805261088,0.13257048512000627
0.08081967978642539,0.07563822666067237,0.18404646610499567,0.053473478955047594,0.05732772794282052,0.014521338996852678,0.24563898857038882,0.2574009609586375,0.031133132024159432
0.08806336735787497,0.03392842581136725,0.10951687992660425,0.11295714391418844,0.28481462813390696,0.04862098944793153,0.0639422344827978,0.17306544816339975,0.08509088276192907
0.08557840289437864,0.004980777953584706,0.1374897676990613,0.16866138809539932,0.006972075605646614,0.5007769350800113,0.021513203430588324,0.03573935086535141,0.03828809837597837
0.07442679090637577,0.04599900530825204,0.16725012531752892,0.07175434782148811,0.01366296112848406,0.07830362913161325,0.07844772928941983,0.42777180264331854,0.04238360845351948
0.1408382312612886,0.5336798043561007,0.09860664653884772,0.02504541920409602,0.02394135429218272,0.04429859598642369,0.053921760808628504,0.053578996890467946,0.02608919066196402
0.04111552413674498,0.272316884201992,0.16958476631920727,0.05562989787744111,0.1118108349547225,0.12211978006019271,0.022105281705946073,0.056083231643364644,0.14923379910038861
0.2064321507400607,0.10903605838043073,0.03518173307402515,0.018088716044367927,0.1465146109413192,0.04715951022699592,0.30566098863994584,0.02504111138491505,0.10688512056793946
0.23134730269597623,0.11832048272352151,0.222289925205138,0.054467987958576956,0.015828118528993244,0.04983310196307183,0.17640826287372594,0.04962991337057591,0.08187490468042047
0.2611698982119048,0.03329578894726342,0.18180141217470905,0.029057077767411604,0.06576361626803261,0.043994617546164926,0.060201304879831885,0.09171728420934838,0.23299899999533333
0.4604365233398103,0.13895243024767057,0.02932192318056275,0.022876146877495954,0.043281442054532514,0.0769846541691076,0.09668251433300741,0.07610895387592077,0.05535541192189222
0.2187593744426821,0.04897965535016527,0.2506358416997892,0.11044835000976339,0.04355162711572944,0.06552786001233378,0.1087187240120545,0.02384512336221145,0.1295334439952708
0.09789637554645787,0.09273912905897168,0.050571110789147444,0.023416297625071563,0.04555165239648789,0.020247810810714317,0.03555474298971053,0.5997971951879577,0.03422568559548108
0.05114887019460231,0.044445168777391374,0.028595907373816648,0.14926493856268758,0.008592518036831127,0.463295221590144,0.22765274494835352,0.02421187220297095,0.002792758313202512
0.10478414490023656,0.04368736211176346,0.10566866148663302,0.08238913130755722,0.2890171757148335,0.1465531202557213,0.10122219734389552,0.040283958350612215,0.08639424852874729
0.09081738749555442,0.36691875117680456,0.22715075845839738,0.023462619394234593,0.08075857280397135,0.033028728710869364,0.07767408097953682,0.02737380520719303,0.0728152957734386
0.18129962959862614,0.41611688971682154,0.12992438745936255,0.021145629062572512,0.03759708351112014,0.0324220041376515,0.05791705852102951,0.05330500790565895,0.07027231008715713
0.26122921351860456,0.022169627085921833,0.012103723439161983,0.03475722030523271,0.005378288066625776,0.03195122992919745,0.31512155865388985,0.18694849587187276,0.13034064312949306
0.3626021238840451,0.23036453725640735,0.08102872727983586,0.007348172921414098,0.04333426615692554,0.06066387661017426,0.17297398456988125,0.03824975221576319,0.0034345591055532534
0.07458431000044304,0.04013916497704523,0.14732917389385478,0.05697385333034669,0.15753060041843692,0.08217387886592736,0.12621442734183283,0.12963663334116002,0.18541795783095308
0.03730985435272142,0.02491936604303066,0.02333475334782198,0.30181910711762544,0.10451212799730968,0.21789713374734376,0.11801344579738356,0.10745015862921425,0.06474405296754916
0.03409020110461727,0.08941672280809337,0.17745178462511532,0.033991283661984444,0.06163909854987134,0.3742290297334148,0.1279216194817554,0.07911213148356036,0.022148128551587584
0.24837398590662577,0.022785045586976124,0.041498773898857394,0.020180611120257274,0.11576181672110486,0.0737282367522177,0.37216128230108686,0.03260017460257698,0.07291007311029714
0.11798532161003711,0.24661585792520388,0.05507105298175866,0.022575398096213072,0.05963231990828707,0.050543860402396425,0.02674776840038674,0.18129313796369306,0.23953528271202407
0.3280316314751499,0.18386684372760442,0.1647735940277739,0.011919126609824632,0.06013304192273882,0.04082392269926332,0.10168920545124242,0.07339394038814875,0.03536869369825383
0.22490982353255282,0.04589081211904802,0.08412719767830902,0.058071857098912195,0.08745184637568822,0.1365887051728473,0.05271543123244259,0.08242710690389948,0.2278172198863004
0.19310244527381096,0.06069753138793201,0.01956381932708082,0.02377461947018755,0.16033888505248184,0.03691606522835875,0.3546958483925799,0.021777966815327832,0.12913281905224036
0.13499332591356925,0.012822543668341077,0.0861248120497225,0.03532311745598132,0.013372861125875206,0.0397000968203484,0.14970263225186897,0.40973781339081045,0.11822279732348286
0.14009749392157408,0.054189987742867984,0.1142437884891792,0.062370448995012186,0.0038205537179108726,0.037404142204998575,0.40314114958176156,0.0540333722910579,0.13069906305563772
0.16934908940008606,0.05053443116239975,0.2228467317739328,0.04313932772637422,0.023747429855677144,0.3797556657463568,0.027507960488948772,0.060318890239763286,0.022800473606461192
0.049620069080990176,0.5566597743808104,0.10288846986840845,0.017400779353271428,0.015753803540477354,0.014525968702886966,0.05934798429317218,0.06294197635780173,0.12086117442218121
0.034681403884407026,0.287052786822818,0.15249384336198601,0.012612620344831951,0.003763375088607312,0.02250609210714209,0.14790663192699047,0.3315075845100333,0.007475661953183915
0.0914904993668136,0.4263314375907173,0.014325778626518635,0.015959553991809677,0.08057605845920142,0.05567736517765307,0.03388364852311119,0.04050817117628732,0.2412474870878877
0.16387825390571784,0.037149198841140325,0.01381643926133356,0.21996959004743655,0.08609433215466245,0.133960149752833,0.15099496224471592,0.1711552196294895,0.022981854162670918
0.1515606459310172,0.05645702147157514,0.02058783281969577,0.10613307102220089,0.00632482202942945,0.009870991985561023,0.05655779199031835,0.21667042413875767,0.3758373986114445
0.20985882365580444,0.07997986769285671,0.05936839719419132,0.030210938528831967,0.025719482469855826,0.006761110465581907,0.007778345975609523,0.44611654603648115,0.13420648798078713
0.08980596608945023,0.09519799821562296,0.07630847013588726,0.07018107000719388,0.46334879158667186,0.03136760573001266,0.09158661590448108,0.052718867743864424,0.029484614586815557
0.039989859363932366,0.27469984879897674,0.22890730607994866,0.15279694431716664,0.1195272872205763,0.014981679157218986,0.05402108880967147,0.08622835655630923,0.02884762969619965
0.10176048943584325,0.041229101823155964,0.3606716189076791,0.029246395011543757,0.06958103723775044,0.025597792484762728,0.2746983560715746,0.05909333813120282,0.03812187089648725
0.20609327032032876,0.2318884879003097,0.14072954610318159,0.045473438683864144,0.06202494878318001,0.06547304258907971,0.05144987285847278,0.05239722042520306,0.14447017233638035
0.11530347019855287,0.06785921727185795,0.18599604949437346,0.05223729352410476,0.09931109470277921,0.21339643957569185,0.2043746786190135,0.011989751747172058,0.049532004866454225
0.11616829986081513,0.1928107099408156,0.13668766296190096,0.025696456678149734,0.304484389641646,0.0448912956192589,0.10476351079309747,0.056945838689582855,0.017551835814733446
0.16308558453444685,0.055434589315337374,0.10179066902469684,0.026141477643785656,0.08170014694703748,0.05121760806588462,0.2305747579302567,0.05035460222258362,0.23970056431597087
0.01687171258539231,0.0677280467070391,0.4147163909607389,0.1819846948815089,0.005640757253622393,0.08140769345928887,0.026702599025322998,0.19882932917069038,0.006118775956396215
0.27646633883786387,0.10964210153661808,0.01858456846674951,0.049353755540864776,0.3187068727540134,0.023142250617182236,0.15756392878331152,0.015167869794233837,0.03137231366916279
0.18163170324849884,0.015539596978417237,0.07846095148969574,0.007327951811816475,0.1433851233405903,0.05511397657649111,0.023305749633303258,0.07446604121398527,0.4207689057072017
0.08205975538562911,0.29060364359475,0.054260442032431355,0.03880679459175588,0.20548893232107604,0.05563212021807112,0.12692658625838996,0.05288901220350423,0.09333271339439227
0.058428906069870855,0.5249365286749071,0.06422647826995705,0.08890324547708105,0.04490073159486165,0.029456986847537298,0.048664427468383266,0.06122644921489234,0.07925624638250955
0.23063323276434033,0.14789623421426712,0.09399118614473574,0.03544750648661121,0.1265354614584919,0.06667813018716266,0.19106284479312027,0.013775289040379635,0.09398011491089105
0.07453288172142962,0.350918492569445,0.30194073823441386,0.012983027169731957,0.09346771591037754,0.021213105064794683,0.017247562049975056,0.11486749810331971,0.012828979176512512
0.027252179644327593,0.05873414679473638,0.2590580408482114,0.43995247646509567,0.0904431584027785,0.04251240278557008,0.012992708830400398,0.050452930302326754,0.01860195592655328
0.27914541450685976,0.01980807783917606,0.03684997728786726,0.040984905679291736,0.009415564037060951,0.045202344527025484,0.170120602529924,0.3787786455109419,0.019694468081852896
0.11647174076963746,0.030611453212208525,0.14794747731518063,0.07462736751774973,0.0788445393670868,0.07346759554562794,0.09308667114453738,0.0668603545096228,0.31808280061834876
0.07582530651537468,0.010293378437359973,0.011914666350661386,0.08266167338407726,0.15993050215006818,0.5785468234289474,0.03965795620793365,0.022578641113843223,0.01859105241173428
0.09016160064550544,0.02523757659722314,0.015419151536917017,0.05879123798004257,0.05509146213586868,0.3360881524784369,0.2126857112804131,0.050738630850362225,0.15578647649523095
0.2652656411420074,0.06334889483841956,0.22107494827316176,0.03650959463358531,0.08320096923603214,0.04850544675714488,0.09119107218960082,0.15251229093865534,0.038391141991392874
0.034646909100485325,0.007004689183543723,0.06374105112364092,0.2016532060808762,0.05126192774347658,0.33905015617733064,0.17867765977671377,0.11774555668680804,0.006218844127124791
0.11652557859242617,0.18613284478378156,0.2962743685276474,0.16981669814390501,0.04322343565613499,0.041977352159177826,0.02044075901427496,0.04505245755170401,0.08055650557094819
0.04902309957366726,0.10191177362831678,0.042194097707639495,0.06632225440674507,0.31531824349934284,0.21068276353097146,0.1375099141103666,0.03212875602917265,0.04490909751377794
0.01848979640547759,0.014265505329096843,0.35822269979185384,0.01070674857925276,0.04680710490894067,0.031000071124139064,0.04057304361926492,0.16852296015162183,0.3114120700903525
0.3883071404789751,0.12193154185946926,0.037853813249185984,0.027163157099868728,0.23250225487083473,0.03709106154254396,0.09451213840992968,0.01161862460126671,0.04902026788792587
0.143546348410079,0.0928755913403334,0.2543280804156274,0.05476639899621677,0.06866655725918429,0.06217223168013023,0.024628738135752535,0.02888536527094625,0.2701306884917302
0.17187964134096043,0.10160127000405013,0.08196479543844737,0.07774963157710166,0.10617330705387856,0.20960296713958768,0.04078572370871538,0.11282359450320552,0.09741906923405332
0.12774072443311363,0.04570742503265912,0.054004752077119106,0.06881428748173642,0.09191024153139932,0.06752826704359148,0.03720674210052907,0.3145962816584829,0.19249127864136903
0.03910443451159595,0.008046456828359244,0.15661731985208993,0.1818240019613202,0.028747707316277602,0.09370440845181927,0.43164398391435216,0.054997004879991714,0.005314682284193802
0.06021962183141016,0.327406463063961,0.061195769507054576,0.018343584856726512,0.0339727323695093,0.05818704771374592,0.1643936137311122,0.06509097253864074,0.2111901943878396
0.062147257478689426,0.018981416851266808,0.20350938264729765,0.05880380376644128,0.31278646852462166,0.2655466129764407,0.008598761179408646,0.02995036685989061,0.03967592971594322
0.17375579895725926,0.15902072780198526,0.07401557501841183,0.08936357577555278,0.057384145291938415,0.04213328281423667,0.2662648457202144,0.02705328312587643,0.1110087654945248
0.15806760855906854,0.17629335845354474,0.013346503110675994,0.062201823304332104,0.023709270974517277,0.02606206814217213,0.11654009838727253,0.3832146496749161,0.04056461939350068
0.08280807855751883,0.01808299595868827,0.13498484360197696,0.41913312082531506,0.13714233309956256,0.13053991448046556,0.008877280712202043,0.056583560412804546,0.011847872351466138
0.15469111446492137,0.07979371407536355,0.048587774932404106,0.02702724960301289,0.08182886042347691,0.014023566122900814,0.024213012247951218,0.5070374522650095,0.06279725586495964
0.24995783104407818,0.008245880351144,0.03624028771410397,0.042871892508151044,0.029061452569789883,0.08518158223047394,0.12919430823951814,0.022922805135018386,0.3963239602077226
0.26564918854317154,0.16811446116631443,0.09721435616806566,0.015527673979571761,0.04944650501295048,0.04684142191097651,0.026043949940845173,0.06097855185540638,0.27018389142269794
0.31437044687771354,0.18020249912321765,0.04634959830664707,0.02733484067249449,0.08115083891031692,0.020748384662576152,0.22111006106226175,0.053986715092815545,0.05474661529195693
0.08118682164110937,0.05929765865043498,0.04739219854046709,0.040497574641421445,0.13353415912896258,0.48078665743981125,0.01142531937598681,0.07244189352922202,0.07343771705258446
0.23655375585687607,0.028727526634292445,0.06491405437273615,0.037387046118393275,0.022331641404877773,0.024995127075468165,0.1811609988837463,0.3496050294818564,0.05432482017175356
0.03960123853180567,0.05944951731303585,0.04989466879372657,0.3037659530185666,0.20390807970187533,0.1205330125499473,0.0436521361436956,0.12671935743579052,0.05247603651155649
0.04244051073413843,0.01277777223932052,0.21654716758762213,0.07607005516114874,0.05941882408622601,0.03630689295901569,0.29204900208894274,0.2022521077753905,0.06213766736819523
0.16784790687097959,0.11348021440762902,0.06296732169692508,0.07163178924362568,0.04239026905578367,0.05285223600065956,0.17062766781948566,0.297687635214706,0.020514959690205673
0.13635903532814267,0.010153683324057602,0.05800078831221415,0.023590696189581473,0.32006111245446184,0.03499932074611379,0.0750551184685415,0.02260940889785526,0.31917083627903176
0.06680814196745972,0.03979594335444484,0.0717944175029836,0.31289505089636444,0.04112751906201404,0.26536256212369036,0.14301451856147684,0.028677577465882714,0.030524269065683406
0.10065260759670203,0.03351947628984591,0.00938896367605138,0.03560825286647497,0.10339070114846759,0.031601151934028605,0.5148875019025604,0.0318448158223503,0.13910652876351878
0.06097517932389737,0.2901682166064797,0.02108113079213005,0.013251178509893338,0.07641935218552308,0.01704733851857455,0.47950180643630097,0.020217285400177646,0.021338512227023345
0.3488929035376775,0.09482899873050192,0.013126861076277377,0.007218071368145739,0.20595870230008137,0.03259786061283802,0.2286628203188642,0.05535584919752214,0.013357932858091783
0.07204210885716368,0.020075592298784018,0.27455397842381046,0.011296910675288152,0.1255335641890923,0.06226682956450469,0.08991329713677093,0.04528955648388577,0.29902816237070007
0.09447420432739699,0.08392562677273048,0.04403267698471821,0.05218760496325093,0.11184025985388085,0.10370607669285226,0.190853138170641,0.10895691208760966,0.2100235001469196
0.03370473241506014,0.047231210635799346,0.36070555869788273,0.09122418224099997,0.013711399590444082,0.23281891995343226,0.10667698564123573,0.0921846969451111,0.021742313880034586
0.16967310971370617,0.061409212912805045,0.15094276558832756,0.19189672030990665,0.08045596445858912,0.08347915622521866,0.10687838942287796,0.05016291983938975,0.10510176152917915
0.1804071850902469,0.05512075045360773,0.4281952928705062,0.07036776921112552,0.08414171386839327,0.045739221042808254,0.043704256875987,0.028624923136834624,0.06369888745049053
0.4618953985931984,0.20891223730331362,0.032187361892498705,0.0151696304387679,0.04102673497480883,0.01895459222282247,0.07985010293356445,0.1200250821932546,0.021978859447770924
0.18897595815857846,0.09697426372201705,0.11591373202177141,0.06907001891601089,0.06894278349032726,0.06678415077039006,0.07811775043779448,0.20436070346066468,0.1108606390224457
0.02068773144218106,0.00877166177406018,0.047366359531219704,0.3298538423615032,0.0063586179695139826,0.4935234391228607,0.024187091917695133,0.039743176336996706,0.029508079543969435
0.0605544573418683,0.12443126852067292,0.3870786596050282,0.04991661030171372,0.07189914906651779,0.03748910762642448,0.020943927771130477,0.1780339310115555,0.06965288875508864
0.07672513863870335,0.010516830822225126,0.0963164226806927,0.024378206226874605,0.1299869323004983,0.021048397379937345,0.09293461383353474,0.0762882185540079,0.47180523956352594
0.24148999360718804,0.02460139346299818,0.03498344359977588,0.20049384099701076,0.015403216064187158,0.3455927419550786,0.0717024843940805,0.03573209692577132,0.030000788993909577
0.2312819728998646,0.038945534351471134,0.17586250290888497,0.03406840910435805,0.34463329055165587,0.041033567320910756,0.015499947657784506,0.06374095093719749,0.05493382426787263
0.0935700694335324,0.014232904132644518,0.5398143552190351,0.07830929312077621,0.16244038111063244,0.006348150307136911,0.018657727955745985,0.04801123025150847,0.03861588846898786
0.06596453539160736,0.012200983541181182,0.04483175108908991,0.07139081376477378,0.06645241327509438,0.025821238708305133,0.21919310617771673,0.47099537406118364,0.02314978399104788
0.3345226037945949,0.06279580061708419,0.028665646115085968,0.13135588327821104,0.03507417970633499,0.11449662896516603,0.09862091069169575,0.025990535774142204,0.16847781105768497
0.15947904928775566,0.1305398452248955,0.23837309137714704,0.03446914654696194,0.10276556772479206,0.030615368155415584,0.11031775167731828,0.044694967490498096,0.1487452125152158
0.19304446229007943,0.2081969910266042,0.012582533963153777,0.053705044136042886,0.014222898451658148,0.03329454635212024,0.3139635762932657,0.07622241030328843,0.09476753718378716
0.011364807164335888,0.010776142787338154,0.1149032387968812,0.12033011333280379,0.028677512702988975,0.12648085374928877,0.39108627604695373,0.19095738889330463,0.005423666526104799
0.3836104598207637,0.06457917161717479,0.09745320828602409,0.030393455666421907,0.12691726059242167,0.18395379126029435,0.0630643434409947,0.03618708249736021,0.013841226818544725
0.1535370305402133,0.28708611897961095,0.06421839894502822,0.08030528616549405,0.005968190001516299,0.021375786482240467,0.045366722025133116,0.07039915675379654,0.27174331010696706
0.10735346801563299,0.09004665206868734,0.022767503648055114,0.08342515992352906,0.05955604358967891,0.019956245308305566,0.026896883617931123,0.536100000595679,0.05389804323250086
0.19929215514462073,0.08723269170711484,0.24813103666416514,0.04028626551764759,0.07756680228669538,0.01507285984257827,0.17326183958558128,0.03769014433391857,0.12146620491767833
0.34590067021408083,0.07178873805906902,0.041225354860092676,0.04164329633665697,0.03835977907843494,0.03419772047247704,0.24574682621077107,0.12194808939758944,0.059189525370827945
0.18112527115695087,0.12898397803516964,0.04197853323574597,0.08189130488435098,0.10927166251277881,0.009464107605266364,0.030230903967986666,0.3991842653406061,0.017869973261144565
0.20672793645987395,0.13564614571438058,0.01812075197832906,0.09693737165738907,0.2353346418564314,0.1363407354051255,0.0591338018109183,0.10355168726738723,0.008206927850164827
0.05870861050043293,0.005040086264011939,0.27380262264789795,0.014630186751408853,0.1912057639494029,0.023460700398448286,0.046385061089030066,0.07971608704271776,0.3070508813566493
0.06781693921410004,0.2895506458849851,0.10287242038015097,0.07535067782339622,0.05156155126157247,0.0911432515363948,0.03321338023613611,0.04513397214241444,0.24335716152084994
0.1762396597194468,0.004665670825666743,0.024243729860860225,0.023094007405733346,0.12693897621372388,0.07948133033025431,0.06822403209692426,0.05935581037392682,0.4377567831734636
0.15738038123253076,0.01241047764745203,0.03612157604061997,0.04596496289292928,0.02875512914940932,0.042780484091595315,0.018554984017695297,0.5242911307978096,0.13374087412995847
0.07615886671415184,0.049625658720383416,0.2546191944091747,0.11070797625783961,0.1661744318680898,0.04237271671280804,0.13690298478556345,0.05594556612558182,0.1074926044064074
0.038721686393306864,0.009317137230359743,0.11882513688683645,0.19267101228190842,0.015813704654026543,0.24572733341944772,0.3162364508082821,0.05085906237833454,0.01182847594749766
0.2677584102102872,0.09460243334073605,0.017853154897717362,0.023800468482097867,0.09476667619291701,0.020323907773544026,0.013181318985844981,0.2267965097600634,0.240917120356792
0.049062956716063665,0.04851308401074966,0.35419895506745486,0.08063510211770951,0.04011979886234331,0.07646347413896303,0.04819373999002117,0.04107022446114778,0.26174266463554713
0.08295658408188049,0.06613102343660766,0.22463721746185636,0.026753731438688793,0.08218469988766984,0.021901690296072612,0.40396001717927293,0.04688174860139954,0.04459328761655173
0.13053743579779584,0.0453599953216623,0.2554073194979776,0.042664518858655305,0.1553888532029217,0.0760627323675304,0.16081429164708522,0.05320348629311126,0.08056136701326043
0.15341731145864043,0.004590075263557755,0.10026734455511288,0.05694685121731243,0.14030445139553172,0.35151408707745624,0.09215132678143818,0.04677535665573918,0.05403319559521119
0.15913722408106298,0.024448934279748858,0.05069829962948689,0.1978113741211144,0.054992853153161915,0.33199083285400205,0.0275437675507479,0.053418535498783275,0.09995817883189168
0.07683107236842851,0.22027404342982182,0.12858575698230768,0.05546702537305143,0.10972847167156215,0.35433739776164713,0.020188216589657706,0.021399174982207617,0.013188840841316022
0.12179911273917805,0.030314096551788437,0.05882064314258375,0.10358501284759558,0.20568594306060736,0.020345084098938575,0.29674105266773265,0.047911332339939404,0.11479772255163627
0.08187314333479684,0.006901721495849544,0.16385115537914763,0.04938998138546682,0.045759810130785804,0.04699638504892454,0.4104881113154111,0.06755182690218213,0.12718786500743565
0.1800771888495407,0.23621507481108464,0.019433350183645767,0.015223020152080484,0.0431436672481691,0.04222474550995877,0.2279545549149142,0.048117868614134994,0.18761052971647132
0.07440331486459827,0.022212093067442693,0.05197137132855802,0.0648246834029348,0.020163185099827962,0.16425156221447626,0.3419498599088448,0.18085990680947503,0.07936402330384221
0.04556307051584094,0.06787240336156995,0.2943407432870311,0.16849525063789292,0.02222053641302657,0.04484626626616184,0.06710197120234217,0.2142894116574936,0.07527034665864105
0.2766192653330874,0.03070902257360335,0.06839667863768188,0.03487917353314524,0.07595478555921105,0.09831053904389786,0.30856175982946826,0.06043367612591555,0.046135099363989414
0.3139090334412695,0.10335178649995629,0.052170427640024275,0.035460182807149444,0.019777386192815036,0.0173516413517818,0.07248794484511005,0.30802683096195627,0.07746476625993727
0.08651352168970722,0.0502192985410068,0.2223004359802374,0.014879277765396158,0.04948108847910395,0.05919761318487058,0.1935627537171104,0.05334319076275066,0.2705028198798168
0.04277186412978091,0.07875306841934708,0.08650563335545582,0.023891663640991004,0.10588178101770167,0.057984987002658805,0.38593008946261564,0.13827719302156424,0.08000371994988488
0.12693153192757092,0.22207297481350596,0.08717506210950315,0.020934267580679025,0.24139512241794736,0.023835243547334874,0.2551854868102028,0.009282900098422042,0.01318741069483381
0.10637658557618139,0.19614628442855644,0.05786037415211375,0.04818159240148758,0.15843920537189674,0.03809445922056265,0.1935565834011245,0.058256991080263165,0.14308792436781378
0.12879946781059506,0.1910022484486759,0.2897497178562632,0.0519773555078962,0.10600682846001376,0.05744951140995175,0.08156203674842705,0.03110455087854618,0.0623482828796308
0.27164170368844337,0.029902984713585944,0.04953298488026276,0.13534078373234823,0.008539563382789297,0.020502124406902824,0.2514955414439574,0.09884505996328487,0.13419925378842526
0.1643148976129333,0.19259959096834822,0.12355847550156895,0.05114338346635755,0.22634069536862436,0.048825959721075674,0.07151197866128542,0.06342676767912221,0.058278251020684325
0.16394631139479218,0.021345250411122604,0.11059865487050398,0.0121481977062127,0.07075396695726749,0.010838215438898402,0.03027706011945952,0.5325305656208523,0.0475617774808908
0.05057520822207375,0.09536169837798902,0.12598740920489113,0.15867257027090573,0.05581270551928311,0.15474357344253295,0.26010884883168445,0.04066069083286622,0.058077295297773716
0.10456200891959437,0.16384340996060362,0.4143522937375655,0.015595007171825803,0.10602762088309643,0.051044504269819414,0.05565986713027838,0.009004799787726607,0.07991048813948988
0.07557688986077832,0.045766866992736265,0.16636617644478705,0.2937078886014102,0.211454674484531,0.035752936981636785,0.021916075700778224,0.02140395192969628,0.1280545390036459
0.07091559884029161,0.01014532544319609,0.08040835716185635,0.24756235073811184,0.005663675593288286,0.36487433389165297,0.1124481280267104,0.06614088476137625,0.04184134554351609
0.3789349063221505,0.11663109465004216,0.029150594298784378,0.01979924934237053,0.11724542498603978,0.04739330823142871,0.21816212322895612,0.02930122150476078,0.043382077435467126
0.01973616541807575,0.027277355784220855,0.08853304219749596,0.15121450830871108,0.08209945477274726,0.059907047371414744,0.4318505700401228,0.11043775505349003,0.028944101053721475
0.042770792150863275,0.019535508232030246,0.2635007980927196,0.1048301453511456,0.0252401528883851,0.04595660217768018,0.14883400320041754,0.10294043511428731,0.24639156279247118
0.1181407292094373,0.013112471167013001,0.03774985589916074,0.05656416721669655,0.02153041364994321,0.45024557049336544,0.2171999778445891,0.03187432107731304,0.053582493442481616
0.2495276628810903,0.04096289100177293,0.14442763780175524,0.153707393753246,0.019364032417057888,0.05594879783291392,0.01838479986183998,0.24525286089360324,0.07242392355672052
0.15166794555131866,0.39251191597008545,0.1972837357651044,0.0172916817972922,0.032544309288614244,0.022900232012650807,0.02340461434555613,0.029413701567441764,0.1329818637019362
0.12337350386729444,0.06187907093088082,0.16850799365093208,0.0721354535071067,0.04039653309130469,0.021653478051379838,0.33263641891657,0.15207548483824995,0.027342063146281532
0.10843877821802099,0.030572381460019716,0.18288185405202564,0.09908746565332176,0.1203376698904895,0.3172678171612762,0.012745918971476172,0.08926003660906119,0.03940807798430878
