0.07329272421731957,0.2724402167569092,0.10212930557589343,0.04418784375845939,0.017096210224338767,0.38266295778608544,0.0482871529014875,0.011669638470501877,0.04823395030900484
0.044057731253460186,0.020579052469184494,0.03612563063049381,0.018604774663056507,0.05810068097077368,0.008420546001917552,0.046015004587210646,0.13282454989056544,0.6352720295333376
0.09491011181366482,0.09088350151188995,0.27570184526928876,0.05098593130063928,0.06223106114931812,0.34037621663748263,0.03890431950335015,0.019222038122917107,0.02678497469144916
0.06962958954253216,0.19205981335991673,0.1115534969093613,0.019062026645334962,0.13223304196131608,0.38070623207539717,0.07748027750487738,0.004564513354865389,0.012711008646398847
0.2066905249598392,0.2606953604911215,0.1487638575155612,0.12656264141602377,0.052717058959856844,0.09042666858857328,0.056859269131253415,0.023448112097756494,0.033836506840014345
0.12426616730619948,0.002844257005123226,0.05303231859554127,0.03899844520851276,0.07066871001594467,0.3084595575342141,0.18747358186637642,0.0889556339451414,0.12530132852294665
0.03536847178505172,0.08747252895733487,0.3587892614351837,0.1506584393008242,0.06444016836945017,0.2438486552541733,0.02770468433874171,0.013453468911812747,0.018264321647427594
0.11746886672866336,0.037943273343556405,0.0242797200864218,0.04709124685420709,0.30124221959665226,0.045382554748679006,0.04943223751457409,0.05130515051572889,0.3258547306115171
0.10936182172440577,0.09423671120655099,0.019732419347120018,0.21837481216831345,0.1723276116367781,0.23196046128694903,0.04977914930503243,0.012143434989003268,0.0920835783358469
0.08945997357973072,0.027345369049028446,0.02101627346562017,0.036055533121373336,0.06733194846112957,0.12998065515381027,0.10521404975687243,0.16056018444002942,0.3630360129724057
0.08973031368956634,0.030218025477016353,0.02535118192426104,0.016323903258014468,0.31294350257625264,0.023990491069196828,0.03375575247425678,0.04396428104882014,0.4237225484826153
0.3493029166894608,0.0034373548862473707,0.11276162642145844,0.06520499229797479,0.07971351207301022,0.16294489107183144,0.10943611497983603,0.05378384562020395,0.06341474595997704
0.24969941438763701,0.04331566818383242,0.18400630807596796,0.011223271928757756,0.13672570650811067,0.13151941873842465,0.11392399367812944,0.04491181532843531,0.08467440317070474
0.4427329311003165,0.015516467270620919,0.036998547966977054,0.039982683295606,0.044100834560292373,0.14905859369690863,0.05882215593940424,0.1833815949982417,0.02940619117163257
0.03169934568825273,0.4170016452277117,0.16108989822230307,0.13072133809093756,0.050252987824272115,0.06938980340520978,0.046579553468105946,0.0322513625115898,0.0610140655616172
0.14703433742923694,0.03464754602873963,0.05075801177899946,0.4589183557763459,0.0056568528446817425,0.1967114511837682,0.06854427752355327,0.01087297834823991,0.026856189086435046
0.18234624847802103,0.052349471400110766,0.02649344144273282,0.44857938241919904,0.027717658586759102,0.1694513613126937,0.0440684208171405,0.02732378116714176,0.021670234376201327
0.02103128281121334,0.3755350446705729,0.011836312296208297,0.23288523818919538,0.07029286469603106,0.12978533196081296,0.03215829430329757,0.011171571994136069,0.11530405907853246
0.2853310963831176,0.009634428987009419,0.03597843802211397,0.03332498007804372,0.013191989918094437,0.17008448886240776,0.2649697899104949,0.09493638060361746,0.0925484072351007
0.05094348963428391,0.14979329880934264,0.06804147293441697,0.03498388439500499,0.012095482828142554,0.4947517570599207,0.13513759821697854,0.030780317991602347,0.023472698130307265
0.11667972684699085,0.06960599036327302,0.32090833808932656,0.006888560217988524,0.21695837874916213,0.013445217872993446,0.032711214779642006,0.030917532947253273,0.19188504013337024
0.15419435356337882,0.10985464816614661,0.042045001053829446,0.15986658955256366,0.05497913020128437,0.10820424554286723,0.09795500049649251,0.10430746096070033,0.16859357046273712
0.03839411001193857,0.04819152499880231,0.04977103744882366,0.5617562590666388,0.010081174981116877,0.06618695337454074,0.16731961422465855,0.03279467005849083,0.025504655834989617
0.07786107331268406,0.08251870991259448,0.09503164997531326,0.10059453956152281,0.12118197150419702,0.028481827402696645,0.19132334998918302,0.03485043462632157,0.2681564437154872
0.059120106685478076,0.026797478251459932,0.01968285276009153,0.35991762437911173,0.026461275179507818,0.13665490516929693,0.26118829884457767,0.06795450344620153,0.042222955284274784
0.17806693339545432,0.013047102415144764,0.05945210916520366,0.03680796165217091,0.04330928103107429,0.16205956704073357,0.17982267021281353,0.2449204578752422,0.08251391721216268
0.09267602038823815,0.04156494440879855,0.04242969027195171,0.07961493773115234,0.03716312505621215,0.16587280480667996,0.0660703692851235,0.25717569426520925,0.21743241378663436
0.24202086678467594,0.0133839439273259,0.02847582291218458,0.11688225961386618,0.028094699111720047,0.27993902692760325,0.08652407117142023,0.140994236803164,0.06368507274803992
0.09721660648670205,0.2873437596691691,0.3544866060109381,0.03148167231069001,0.09346202559174181,0.049972123936862234,0.047169357742022355,0.015964698482917792,0.02290314976895654
0.08732839888063461,0.23835527094306364,0.14578336215828347,0.07895578741737486,0.07113386191406242,0.19369659688111732,0.09989672016632523,0.058411008265396386,0.026438993373742104
0.07152288757469806,0.01538964896961745,0.17344661389294083,0.007744978380004142,0.23236908952816104,0.012465546827956642,0.16115162015790127,0.013532311957252102,0.31237730271146846
0.31602985642919923,0.017340301202304745,0.013780118584134334,0.1768373613732669,0.0525455828737594,0.1295181518674157,0.1809766546919552,0.03752646823564313,0.07544550474232133
0.07315153769926952,0.041111967773113975,0.48681877428522347,0.05815154193016928,0.050767870689512384,0.21064086400024595,0.042563142778535956,0.015269467915193605,0.021524832928735787
0.1866773010961993,0.018957846324170104,0.14929795256689635,0.12603887466507493,0.09736141066938471,0.1789255463784998,0.12910391150835265,0.05557218512800191,0.0580649716634202
0.059579348961577995,0.1050485845213281,0.07686570732079374,0.3235332733484363,0.04690533831645932,0.1502057927606865,0.1231022380978745,0.03678537161493057,0.07797434505791291
0.3931105774125496,0.028697524798613386,0.058858117090068274,0.05204161959988138,0.047176413631430485,0.03104098846503896,0.14624652333456842,0.1566968130253443,0.08613142264250513
0.2162396946542123,0.3305604359702741,0.05097026755006381,0.09079423763351473,0.021542770454043864,0.11760357911255936,0.051324930665757836,0.07234981234873268,0.04861427161084125
0.1494486154032096,0.03350467604028373,0.04954756331488767,0.0409629981057107,0.11011811607649756,0.19112530992543952,0.066657944469494,0.2455438686889304,0.11309090797554684
0.2133227156434526,0.005675735637331372,0.010980912604560862,0.09554577447759817,0.0198082269931323,0.2788598043768004,0.10507909245698697,0.16116624681180547,0.1095614909983319
0.12208179754633026,0.2433059340403053,0.038559552084084306,0.06469788614895526,0.1287158699858072,0.012928746940312222,0.11421056823338682,0.17147416184338524,0.10402548317743343
0.22783638806341347,0.015100186271341924,0.06662734634073482,0.16817262904481667,0.03418104743054294,0.07344240042046175,0.07319665919575503,0.30148838649123644,0.03995495674169697
0.33524159380967306,0.1727752319130428,0.16445603650605722,0.009896568144212416,0.028596432252812748,0.0907586342895203,0.14621837441320987,0.009165207812124343,0.04289192085934725
0.04303519184165577,0.05944559004237038,0.023308026597487857,0.07885593902624466,0.14638145115865092,0.011741252454893264,0.038554123590275186,0.05877015839560711,0.5399082668928149
0.07872874563878782,0.13982296288716597,0.028082438722323248,0.0250250130063867,0.1996960144134763,0.014443185309425182,0.059152904535259,0.1188142785914512,0.33623445689572456
0.059063816490759924,0.1663228010469619,0.04482698649577994,0.01740266630414802,0.38515969435195374,0.005240186380644149,0.0900662839376115,0.07858223259726048,0.15333533239488037
0.052831192422722835,0.3402799293404237,0.19432124172666154,0.13587791291513265,0.09617379952903145,0.05793948116935712,0.09220224160390685,0.00908054798562393,0.021293653307139924
0.13759544902577645,0.030936626170708886,0.03837278483701184,0.0173410136974749,0.150003013914456,0.22392936815768305,0.25059982910599043,0.06492232232206634,0.08629959276883203
0.14903319802383838,0.03401915843677792,0.17270706613171807,0.009652593157780213,0.19885859561749622,0.009279996856126254,0.0997852604514668,0.04597670764156949,0.28068742368322663
0.25235557512475604,0.047787891434335504,0.03050089309531497,0.05885968952832265,0.09712962174890216,0.022249625590140223,0.18772515651356167,0.12235076819407414,0.1810407787705927
0.30197112328467446,0.01720288523892673,0.037205861383301585,0.14076466701260223,0.16865395797810545,0.023385498753620337,0.0619500346099669,0.07036726752580354,0.1784987042129987
0.1338029195439905,0.1323760472900546,0.08680612543763723,0.21439967657752748,0.09979967137510819,0.22699703262837803,0.07134607922859976,0.01941014009903135,0.015062307819672884
0.08068234804376033,0.07113928705898707,0.023006142156479236,0.04796282803590216,0.31792607052621097,0.036306516086825245,0.19318023317377078,0.07901453053396923,0.1507820443840949
0.19507628856441217,0.04313834130694901,0.012457414058579213,0.09466877960741714,0.10609584267574536,0.021690972454139857,0.09537578612924201,0.30067757811527246,0.13081899708824285
0.09203239950106683,0.0050871575924923765,0.010079614406044823,0.09230459926045438,0.15683092575882931,0.048539747499966306,0.04383455776542267,0.20800362853089538,0.3432873696848279
0.13136457964774564,0.23426348730564936,0.02656431550960792,0.2206539324710893,0.05486892792749185,0.08286804515130168,0.08738860715803314,0.0893016111155812,0.0727264937134999
0.3751568237738776,0.04213508492996809,0.08636687808502812,0.06312056394110996,0.02969740274441175,0.03771440247521227,0.05661118777968613,0.2349064348062797,0.07429122146442639
0.0945051872356955,0.03448477929988112,0.01719156134820098,0.12698350238373746,0.01785245563494522,0.590695350087158,0.039132641125998825,0.04746906155818167,0.031685461326201356
0.04955588320202223,0.1269327067212824,0.024503478073414065,0.35697863436247385,0.12115511802546923,0.06946083621984525,0.04505828289743332,0.029594424448656165,0.17676063604940362
0.1660099322607952,0.32135465039516364,0.04266580581575478,0.1881050575394144,0.0691726597003843,0.07562908298531282,0.0661240405620154,0.05326393188201798,0.017674838859141496
0.2504968380512771,0.023526313191252937,0.08925694613304742,0.008061956595982328,0.35563781170174785,0.03057279288641369,0.045016631622758534,0.012217786848036783,0.1852129229694834
0.17205351476298822,0.06586199535213581,0.007127410889835965,0.05105933570501953,0.11603515406026983,0.07634985863937965,0.08087010216609174,0.1681748612307056,0.26246776719357356
0.04280246396372361,0.19908999847952744,0.33697749805796784,0.08781753101542333,0.04959447536232497,0.1528645612307639,0.06788094754563695,0.012560908320397393,0.05041161602423466
0.07184108537605495,0.3232954397982011,0.06810754241304902,0.01972948074903855,0.010516267911086742,0.3475906826226674,0.09621753264863131,0.0238910318737226,0.03881093660754827
0.03684080484333225,0.05362423390114133,0.021162432504169174,0.560003345357781,0.03391895655460489,0.1315692755543461,0.09022757468413965,0.009018070073920692,0.06363530652656478
0.24644127156479478,0.01235069324755421,0.014140566993811403,0.0309438960767992,0.280597727912443,0.0045935465867391456,0.07759358145917296,0.07560665827402048,0.25773205788466486
0.1339413462415033,0.0035743751265643847,0.033617315473413914,0.045202943349994994,0.01668787050092182,0.34019409822378677,0.12160944656659523,0.26159402700322903,0.04357857751399056
0.05799639013951641,0.04290643714042377,0.010758986343856206,0.02132554492417932,0.13010331656342655,0.008797607280303744,0.05125758205337603,0.09505661789630153,0.5817975176586164
0.08209090454771403,0.14002064972676595,0.1585267847514301,0.24330537538009503,0.062270636026858985,0.21947894585733374,0.07628433230577898,0.0031747872837132683,0.014847584120309865
0.09486300195451279,0.2942380316107633,0.06894717229854916,0.06904719934034004,0.03759687941165644,0.15425944132762606,0.08117630720525836,0.14423854135983427,0.05563342549145961
0.23984819591190867,0.04652166216573847,0.24084372668282594,0.03902463530704788,0.24926150818556683,0.017347418391466436,0.08086919257252997,0.04329062606332873,0.04299303471958701
0.09531646093648304,0.07139480819879414,0.12499864680016665,0.13826824620762654,0.0205517458879584,0.22662598476738982,0.24545077497707768,0.026991541315641247,0.05040179090886241
0.3944934720917796,0.013697277091762876,0.0269769097788996,0.057349530979095405,0.12752656703812265,0.034807607813771804,0.08745862088858641,0.20075340727814542,0.05693660703983627
0.05553311247703968,0.23440804578449034,0.08065896143509811,0.10377812320507128,0.06364257343781805,0.049101045830771795,0.29514864154216186,0.028973818308580646,0.08875567797896837
0.09048601555328023,0.08084191584897055,0.0168810380956996,0.06056420987816211,0.1101087563322277,0.057039160899238245,0.08985434453782222,0.11325499423582948,0.3809695646187699
0.11313191090353114,0.016109047984917763,0.40416231592896507,0.0554142564143551,0.17200356779385204,0.034655057022518705,0.060285458413209,0.053737622918478035,0.0905007626201732
0.4450463169933137,0.14001196194165866,0.031150584355017677,0.03808823097148098,0.011447913868919227,0.12013077007975557,0.06405147945178662,0.11823240323127492,0.031840339106792646
0.047502866990502206,0.2647434192892695,0.326012344906932,0.1147984086575714,0.013263041961687183,0.1001516702107111,0.07020341140222783,0.04103791171897051,0.022286924862128393
0.02836105424547505,0.02551413421974291,0.030490519907724695,0.34028434112447176,0.018623907529487053,0.41710643574882256,0.09295616791571737,0.010358054989422417,0.036305384319136276
0.08044305216112059,0.03728959376998046,0.07564076566107876,0.22584524534270836,0.050589825694361525,0.38750337430149356,0.07083068525018696,0.01328576569238072,0.058571692126689064
0.3177251024701196,0.23272866799321867,0.07291422782487844,0.014276948240830917,0.14644135089981522,0.057647318770363616,0.03719473303255862,0.03398692766630901,0.0870847231019058
0.047656217764781454,0.32574941666890916,0.01928506862550709,0.014870778466075598,0.011008102962725592,0.43511970744127826,0.07167599199578883,0.04885335970903756,0.025781356365896412
0.12459303344839612,0.12671958817722898,0.10378308752507587,0.2843058141015971,0.035277420381434346,0.22014724792367799,0.07841868768834144,0.014594207834744669,0.012160912919503455
0.3758428029181962,0.005127845620084924,0.017660920499472134,0.057365594113625844,0.006963487449329919,0.22563939936147356,0.059418261235776926,0.20645623215078826,0.045525456651252204
0.054159650924686144,0.021797145311252774,0.01112133140608148,0.09308548836129023,0.23302816311290533,0.05933769902888835,0.03502121245180106,0.09495467552684667,0.39749463387624795
0.09536846414433621,0.33994709007822393,0.07122101905742864,0.07619248709122275,0.08660955116226897,0.022683721236475926,0.14841729771303036,0.011389782184941364,0.14817058733207192
0.05908717041380801,0.39066202051711646,0.16450834805433462,0.060761155340542994,0.09983537475871397,0.0861663262901717,0.057822474141230214,0.025908100525260224,0.055249029958821756
0.13597455421451476,0.039904041163977555,0.03808318691517753,0.31138591394718024,0.1278196020130197,0.12994682983161135,0.14223370303820018,0.0203696874162879,0.05428248146003073
0.23464248377318184,0.11689184613682463,0.3062529679553752,0.03079828018946057,0.14741238755374694,0.02500344172946556,0.06604565407255948,0.02787710989295682,0.045075828696428934
0.13696946663258366,0.023262546540559852,0.06399219654898579,0.11348345437804346,0.1693523593171111,0.09520608074226539,0.0831074740648694,0.12788768331979794,0.18673873845578334
0.05690076858386147,0.04962649241744685,0.5760528814003367,0.07648978656388433,0.05214944980091757,0.06995318551268409,0.09888632126329783,0.008624944311588976,0.011316170145982194
0.3620024749093062,0.005527590015513333,0.08883301437838897,0.011285470350453514,0.004237461819738784,0.32413810673692417,0.1474257225368358,0.04039571340257934,0.016154445850259876
0.04243061813846074,0.2280644014376084,0.024130997631491336,0.2723624065854079,0.046234995712019195,0.2745916636664913,0.07154971776144525,0.015421947704355192,0.02521325136272066
0.04207304411690473,0.05005959279352515,0.008899446918089996,0.03993107618627353,0.23215838695324656,0.018312123228121185,0.03694384963204006,0.04932139550233309,0.5223010846694657
0.13955804346731046,0.017004398486568425,0.01939289884794942,0.05371235881483874,0.10530651707423488,0.39999507846046606,0.09059405531538389,0.10511825464468878,0.06931839488855936
0.11075308382167282,0.06186930358527049,0.07467944488505594,0.12075372039913303,0.02291769682598645,0.43580543642046593,0.11019099779766993,0.050339714746166865,0.012690601518578482
0.5613486689805827,0.0142234719509117,0.02461934461691904,0.05397213682523094,0.04534024597275205,0.14355544609144077,0.061454853278766486,0.049937004856202886,0.04554882742719351
0.07278133103170416,0.10979353228236592,0.22274547572386993,0.16905168074126128,0.07912237220173989,0.24593595269394597,0.06158491757089663,0.020603942364357267,0.01838079538985903
0.09374521906057752,0.08757611443898239,0.01767774117693142,0.32153981052285846,0.008340961521337668,0.34103254924922316,0.06697034014218853,0.028909838434939772,0.03420742545296108
0.04031109239800235,0.0202440826039437,0.008417244159085421,0.04190560134977822,0.27884954142415946,0.02298429391529176,0.02903296711182257,0.03800476665714348,0.520250410380773
0.09177731103702712,0.08817979214037246,0.03612211122948631,0.39956624975876215,0.0864395500716279,0.1205155577428248,0.05849493830988947,0.07582102576541823,0.043083463944591505
0.17536529850445073,0.21418993022581845,0.11888669092389346,0.02140215457680235,0.1403196782709518,0.09272554653679009,0.16678660167311907,0.024256402932696926,0.046067696355477215
0.08679261890261468,0.26974099284530456,0.14409051888688548,0.0841214651997687,0.09067259437310114,0.031644148331325415,0.11150801452209448,0.0967668552461551,0.08466279169275039
0.034123783515002,0.04051451731500658,0.03797556696069289,0.4850186371346939,0.010079624951283282,0.25239568417493574,0.06438549349120744,0.04973670463286641,0.025769987824311835
0.044053569097111174,0.1646568082360236,0.06961228108313668,0.21096812749768712,0.058487019917789644,0.07169684748609005,0.31651109555314605,0.03248596333863819,0.031528287790377536
0.1098872389595983,0.1489579108201034,0.054743924641222526,0.23460157671216705,0.049854715460532294,0.20986683895112426,0.10829986674269887,0.037950096071005496,0.045837831641547845
0.06906970033282749,0.1258357850173704,0.25550850509410766,0.11230183595385614,0.1080746317637652,0.06148208836044214,0.22062025064404586,0.03623758682425044,0.01086961600933467
0.016793349336098624,0.104517156982752,0.016838661017651132,0.22193474825379975,0.018495171229629986,0.547023047985363,0.023798016267895766,0.04334475514139275,0.0072550937854169995
0.19932543633609512,0.07521576992429059,0.07507109781832809,0.03610465829154099,0.05032188601661513,0.024823274475713974,0.16116617024021782,0.1712430069509958,0.2067286999462025
0.10229497802658666,0.07237112989553324,0.026440193994962308,0.0677202813601299,0.07897345865110236,0.00900242303525491,0.04697815230694618,0.0731556575354379,0.5230637251940465
0.41461687601393016,0.0006047895825195944,0.027260345255052682,0.017937913740652112,0.057212046119138556,0.11324418216781622,0.09830425732131147,0.04932157472193349,0.22149801507764563
0.24253582831008746,0.18327538731740622,0.15707515751471027,0.01315065338114095,0.11390622991245157,0.08384422618760994,0.054133845552799285,0.10647930439751933,0.04559936742627499
0.10497557468552217,0.033594271460964574,0.03690358813814693,0.11413444859264639,0.5094284840256381,0.07219181316307649,0.04033241367973694,0.052943533650112784,0.0354958726041555
0.04656399847898543,0.2629501187390586,0.022988574498816135,0.07605104144156476,0.05919215923911042,0.2625522743008633,0.1541651043744653,0.05428694231816944,0.06124978660896665
0.07679432416514068,0.01578411212098282,0.028698734915677787,0.045243243928118605,0.06783881293545062,0.1131864038999944,0.03709205104433822,0.10353552250461073,0.5118267944856861
0.02952779912952695,0.13187451073007472,0.1108945669039146,0.23281143738644894,0.10859296167083632,0.21047217845298508,0.03149529278161233,0.019389387201337368,0.12494186574326366
0.30114079209596706,0.0052275773364035645,0.01637037455797911,0.13262490386404766,0.01770627518546315,0.04155406105339035,0.284129975851346,0.07782040317724702,0.12342563687815604
0.0797645936926555,0.02581957900500652,0.19640911868704614,0.008068925515972122,0.43949219477514306,0.010713641204495208,0.07140703089478505,0.040507688988384805,0.12781722723651162
0.0715604149018288,0.1815987408094414,0.05028736079904817,0.3033083462594367,0.03098648183012134,0.21952817329905147,0.0906040535938598,0.01915786566685738,0.032968562840354966
0.09220059194988373,0.20060899661976248,0.044699505220282744,0.11009157509469687,0.05625159769724269,0.08460585300292728,0.08678276420325719,0.12069448575788018,0.20406463045406675
0.22669812231904604,0.020597575502835728,0.09032542980386105,0.033687831002865105,0.0753946299492337,0.19406043881197635,0.22597261850867056,0.09401144884403079,0.03925190525748072
0.029910963590700196,0.21786112619802256,0.035633735903742275,0.3609388452810072,0.061126886478777925,0.01131150398995688,0.21423626710780455,0.009419988321957376,0.059560683128031026
0.2467660051760668,0.054934901950445224,0.044160456249741825,0.019246615868198133,0.10328150089211725,0.052835830686566165,0.16508481344403947,0.2560315673750669,0.057658308357758196
0.04284557925575174,0.021283001851791578,0.05197457631701955,0.023065153008961687,0.19832365854859932,0.005446683786429776,0.03555614196635531,0.06774729864095076,0.5537579066241403
0.21741053397515708,0.0487210749889185,0.08579268528955646,0.10051434124081027,0.08617630615300098,0.05525111753431389,0.2312219945357958,0.09587058237508823,0.07904136390735883
0.0719971771687321,0.10137173912503385,0.08067606564696404,0.05947621381640272,0.338245078280315,0.00643236681915465,0.06623399322743145,0.1004041025277021,0.17516326338826413
0.07267378002402956,0.18876387110566192,0.022011513695407436,0.2692409867147039,0.03404399632039526,0.22830817302380577,0.12247229834718483,0.021182768527407816,0.04130261224140347
0.10194526273595407,0.04207921571087284,0.0823732072806875,0.34509095351980873,0.036659860484627105,0.264737075625031,0.07927793098233132,0.024210001921148232,0.02362649173953918
0.07194234104767112,0.017608582822320553,0.20251964305111447,0.16431052944997143,0.2326220666877138,0.23814681774674532,0.03188597310307429,0.03149118923383901,0.009472856857549986
0.29496331022675504,0.00597491651837663,0.01647846484699461,0.07580856117041361,0.025658673505823935,0.17052357588003128,0.04639186023208062,0.32872147213237435,0.03547916548714989
0.49132238090412156,0.007199030547736701,0.01830664528466834,0.02319104268321734,0.09172062656639378,0.045457468506978904,0.11777455423299461,0.04603792702468467,0.15899032424920412
0.05480603410688099,0.005964800121957686,0.010127830801781208,0.13775185125418493,0.31186062860226205,0.005362397020324078,0.10128043198925857,0.03746066753084513,0.33538535857250545
0.01945421003512355,0.18893944894453762,0.4225337157299143,0.12684789298827573,0.021472743760154414,0.15937837629328414,0.04459812815320852,0.009815003241348695,0.0069604808541530215
0.2379198828398633,0.0737277612720844,0.07979195449020408,0.020109200426801473,0.39663681629500963,0.019951872115681172,0.08003420022903185,0.00937878949929587,0.08244952283202811
0.14614311497534327,0.08193332877761074,0.275010197668536,0.007373146572222158,0.0283811411217179,0.022993309403138113,0.049104686503911116,0.09723936918087588,0.2918217057966448
0.11744477168520727,0.17458617889131522,0.18489110064524053,0.13733884927230128,0.06661643131244925,0.08797466867648367,0.1473723853388726,0.033557785278426,0.05021782889970413
0.07662129627418511,0.36294659189067335,0.09156945272638432,0.0369709005314612,0.022822933078625086,0.19743633853755962,0.18796787699224096,0.013970955389984436,0.009693654578885907
0.014157989207036046,0.2964879066940073,0.02367734369153633,0.48446042801694533,0.011061074671709708,0.046304526322318885,0.03523451100325636,0.07389251064030274,0.014723709752887346
0.16824490702622222,0.018901090911178472,0.2819718837287476,0.03635374406436701,0.3108590012254527,0.021789708635955123,0.06828136041019464,0.053932929190055934,0.039665374807826385
0.09504454323971305,0.1089730215930077,0.05483989960517068,0.03150618754559128,0.0770812013108297,0.051689074803891503,0.08564205709907351,0.06247877064011015,0.43274524416261245
0.11663383930119879,0.08602947768071621,0.06445047882986628,0.13393243678003872,0.04834485910651489,0.23036946440387154,0.12779232416643907,0.0951178829808692,0.09732923675048527
0.35851785282601956,0.022012302341980854,0.010834684835713607,0.038594871819458636,0.04351706893639463,0.2687124163943421,0.048646123959928005,0.1905280437466831,0.018636635139479468
0.18428881423205748,0.1882835692541093,0.02151024951369909,0.02735442435690517,0.04640909871319682,0.011403395868205476,0.052321725930977274,0.20824180409968873,0.2601869180311607
0.2102974012510804,0.07275261186417609,0.32188963938765636,0.018483195332462555,0.11226802764131984,0.06320199937048465,0.06528692471589609,0.0882614059377262,0.04755879449919783
0.02936446460020008,0.19930050305495162,0.3402277593821865,0.135673397163257,0.13557906494367825,0.08758583223278495,0.041110354619930005,0.01694722759245793,0.01421139641055356
0.21741053397515708,0.0487210749889185,0.08579268528955646,0.10051434124081027,0.08617630615300098,0.05525111753431389,0.2312219945357958,0.09587058237508823,0.07904136390735883
0.3617522007079885,0.012902788715334894,0.019919938757246663,0.08444345668186864,0.01716413543828393,0.0669519139329509,0.2092670111508034,0.1019515755564618,0.12564697905906136
0.09067766220417471,0.14598046326873734,0.03767082445033881,0.35341551628956686,0.01759248754841495,0.17722684376509434,0.056109692929137485,0.05348801285318378,0.06783849669135172
0.09343369550035967,0.08951122287223538,0.26543694562179454,0.019674188853607555,0.30356390599263217,0.018048105943162234,0.053180402049349984,0.06136836970830948,0.09578316345854902
0.10225197900041727,0.14092944509596558,0.028412140677218773,0.41461906574285096,0.023830612505960413,0.08759924881288365,0.10896819022461231,0.018938370365315968,0.07445094757477513
0.5613486689805827,0.0142234719509117,0.02461934461691904,0.05397213682523094,0.04534024597275205,0.14355544609144077,0.061454853278766486,0.049937004856202886,0.04554882742719351
0.13798442081987064,0.2235905107989052,0.02526727458474161,0.1438999636568821,0.010972117835321865,0.3744770896102942,0.059735592346130434,0.0144392036750789,0.009633826672775132
0.4180067570903326,0.013686241827673475,0.008014034494658644,0.11421489016541253,0.15706619188865928,0.06848492225172655,0.08878537803349973,0.061362178328599325,0.07037940591943793
0.04594895365223581,0.02671054667904274,0.3287471458282327,0.039746927163228835,0.3743508930855614,0.009769906054954992,0.045835802829377804,0.044970789854317454,0.08391903485304825
0.11815513474131285,0.1403378736857436,0.3416586016653609,0.04482359588784956,0.10140953240962619,0.03457080202973545,0.049131919311257044,0.11982775473129774,0.0500847855378167
0.09655495232463367,0.25092055573798205,0.23217342593577403,0.08270567962990955,0.14099121590550276,0.11002293461576658,0.056061749517788195,0.006416274487347628,0.02415321184529551
0.1788829325454345,0.023748150283573563,0.029812391443650537,0.28520577406745534,0.0028139082207708833,0.3341370027404717,0.07736989064077907,0.021619937129029588,0.046410012928834815
0.0892956447977284,0.06798954501094612,0.015819572731679745,0.03861354244272685,0.3077675711409135,0.010886010422281373,0.03448276338925659,0.04256297317378066,0.39258237689068665
0.4878097903341135,0.012184552541556481,0.06203668602212368,0.05684668129064013,0.032376835970304975,0.16381964218987102,0.10345686564241648,0.03830573957436533,0.043163206434608296
0.043879316796454404,0.20325151726344393,0.028949475729015708,0.14898758481905522,0.11485799946413354,0.3280219382082099,0.055004076098541736,0.03499403354095577,0.04205405808018984
0.1461697296506221,0.05124876764855283,0.14443315972639825,0.13973842216541066,0.13420657729472044,0.28729060463336137,0.040783706475822974,0.024827464281520408,0.03130156812359103
0.36773306985036064,0.050448955705001554,0.10338058011627378,0.04529484036391662,0.06692670621055243,0.1031492361067637,0.10369791233198827,0.11785907588988641,0.04150962342525665
0.40389275457373747,0.09507641753514268,0.015538637633765196,0.07711920017682215,0.04460836319997084,0.057244215055136057,0.10576430479735704,0.12864253743287324,0.0721135695951953
0.11384299224735848,0.36187685278184195,0.013568705757990964,0.06138626617051207,0.14906162902465456,0.03942543312930757,0.16113011765790095,0.03738692636309621,0.06232107686733723
0.07433485077238501,0.004771534167013051,0.16680881273914047,0.02273341154424192,0.2939172226819054,0.02385559201636588,0.03920519272909916,0.030531201013484482,0.3438421823363646
0.09654603675477692,0.07971520160321054,0.08613544026345066,0.019407454620363,0.5002101694098645,0.008679863066863455,0.03912877430032453,0.12677194942534606,0.043405110555800354
0.10498409065133363,0.06854132094796651,0.049703902052374994,0.06549161031695283,0.17533587626607575,0.036024644816999254,0.12175210084342747,0.09983498405757422,0.27833147004729525
0.4370156221745816,0.0023978941649561753,0.034056035826824024,0.04744865567288989,0.03219125829712782,0.05301522838926054,0.04787449144469647,0.25335448591206133,0.09264632811760208
0.37879065131419765,0.056574022699849895,0.03533456822791573,0.05523136877836615,0.08325718287115404,0.10018660487274396,0.17701141108500695,0.086147708185068,0.027466481965697637
0.12633153150231732,0.029200021471128962,0.03038404966809811,0.3432189849518594,0.19259795320083453,0.08070673742232387,0.04245941905261829,0.10446173493770712,0.050639567793112496
0.28453507525362687,0.015600046476107432,0.06595877199114797,0.04854983262347989,0.09359256312876807,0.06481456217614211,0.24297073378312795,0.1209858667461674,0.06299254782143233
0.03383151028943516,0.10549976796969414,0.08672899743919382,0.22389614214469142,0.03836800168488647,0.2879193210750324,0.11371202738862662,0.0783212956600876,0.03172293634835247
0.16814782473950282,0.07283916940498868,0.04602225306563398,0.0386028801511118,0.07399490585926394,0.3207441175036043,0.1653128118414454,0.04431171436563835,0.0700243230688108
0.35913571156047946,0.011158491370229626,0.01705399682649652,0.1285074907193687,0.004816393215504739,0.30731183389664274,0.027791019161043897,0.07631961269553862,0.06790545055469563
0.10515350830312838,0.024352560575131414,0.0771754309274958,0.3003280003341616,0.03845746942403374,0.28644344369232444,0.06730160715250288,0.014276156884697537,0.08651182270652423
0.16152193386318855,0.019989148763340122,0.014457426439326975,0.09897303929304913,0.043570340927284144,0.20420497672813506,0.20900649539699764,0.12166856789012048,0.1266080706985578
0.07484063442880261,0.007560658585642322,0.05640474896104438,0.07058710044906247,0.10978596751012148,0.11589448464135461,0.16892144486031438,0.34739619764421265,0.048608762919445096
0.061866039321160755,0.11128597581185479,0.22788700166437845,0.14975486834333873,0.036983257425037136,0.3814924818065924,0.0226154323904406,0.005851066058806679,0.002263877178390513
0.17814308932453493,0.00944776128709623,0.01848098200821688,0.11167284202699253,0.11894073156109326,0.07560673497906119,0.21883628565652055,0.23681413481623445,0.03205743834024999
0.0706939269428948,0.11544391037156725,0.022731231318144696,0.03818807867726726,0.14531340925419967,0.014861623422898004,0.04325193521950758,0.062165650215184165,0.48735023457833665
0.09933539020182854,0.15045306815942383,0.13313244589113843,0.25316009280129276,0.04216715733586366,0.22291610566744488,0.0521953818194431,0.012464102350937728,0.03417625577262701
0.05623791395317874,0.29185551919353186,0.0869583263565263,0.24641026411739073,0.11205898984304101,0.09724222201320502,0.06392466408128934,0.010396887937269892,0.03491521250456717
0.265700877451239,0.002864891527738519,0.01484701697059442,0.023853021499625815,0.05240891195495906,0.2757055139431752,0.09037711119490849,0.25546159221379616,0.018781063243963298
0.1704976395812643,0.21755176306899984,0.13343527023668217,0.029682515435144274,0.07278742604011623,0.006964231666754947,0.07600050904016135,0.13819319932822924,0.15488744560264767
0.07987628275073436,0.10088409148565458,0.14998909326763754,0.3306256529571645,0.0039709317290690565,0.18565808132187658,0.08685596852554021,0.058060092890657534,0.004079805071665544
0.019747781183506268,0.22583358040038135,0.09988394798080275,0.05316986481535108,0.05044041109063996,0.2950209212716369,0.20762150221576622,0.034806169737176346,0.01347582130473908
0.05873068361923764,0.18626165719717794,0.007099347249654037,0.18182803141894252,0.034246431162104705,0.45344394408910665,0.03330701067472378,0.02021545520697292,0.024867439382079914
0.11876682895288915,0.1301350462717679,0.09785330940537677,0.14748380205590042,0.03977568358734862,0.06739728253723527,0.2767318546244005,0.08110267462069515,0.04075351794438619
0.05110012454323359,0.05152876010725657,0.13277117633016697,0.13690069005746605,0.03817798838017528,0.3422955523981018,0.12063627831343027,0.036219257885246915,0.09037017198492263
0.13654217709661795,0.1664177284112847,0.07155186362721856,0.29540080120573625,0.041490916134682414,0.0821681292048322,0.17434283108583606,0.01581509621406345,0.016270457019728405
0.014017865205980105,0.3130829844319923,0.14326618639860358,0.09924259290108069,0.06042746730904105,0.2820345266658883,0.06217222920940028,0.008361575445448929,0.0173945724325648
0.0844455173947598,0.012453040313457083,0.436022640222214,0.023598838265624696,0.1193123660805655,0.004456466787034282,0.05730894457746741,0.12971000816301964,0.13269217819585755
0.028207079462390875,0.07956677513801745,0.0993714551782866,0.1665784874002163,0.14092718591877115,0.4052164801611056,0.04456025773079053,0.014254318033175324,0.021317960977246114
0.14374522522457273,0.10995690402437112,0.03987267350701775,0.07575115892040017,0.010475951772434535,0.306472092288608,0.09113020211617777,0.19721668674060797,0.02537910540580997
0.11097201649709315,0.17380997982343738,0.06446158181001233,0.22459976566181886,0.03335876074434099,0.15452407567923213,0.10825319237395913,0.010729887321596054,0.11929074008851002
0.040745723804181656,0.019883143824449924,0.006834610909854997,0.055684277905052516,0.051537319941641235,0.012256584140358009,0.02888517211696266,0.26336823364700374,0.5208049337104952
0.024937657191242423,0.24020726393104827,0.04821414937568241,0.15450935195688684,0.039188953833130695,0.37761773322229647,0.05595970053094765,0.007553104466996576,0.0518120854917688
0.06049851253288635,0.06128687249645201,0.12579458284693426,0.025672877942218664,0.21059076468759166,0.01907160614277339,0.1578656053400763,0.1365406111261274,0.20267856688493993
0.26878589989301627,0.09391080530206526,0.07330139467188397,0.006204802652676453,0.25878142506983154,0.011028517334963817,0.04837408374016313,0.08770082034016917,0.15191225099523045
0.297147241931596,0.026196149561252737,0.034058707517214896,0.10741629117586704,0.06068181822918043,0.06932885504338819,0.09909095734531477,0.08365929893687761,0.22242068025930836
0.026042387887022816,0.5068980453698798,0.013565252033839329,0.08429898502686961,0.08293427135883205,0.12771455345071883,0.10122873285330164,0.021574204684280156,0.03574356733525569
0.07039500138700282,0.2923763128638654,0.13385015611755416,0.08725106947691193,0.14672116868419782,0.07209314193798577,0.07215438962359368,0.060800671329905576,0.06435808857898291
0.11861020362521008,0.012999469455760198,0.01150791179946418,0.10513153464066739,0.1257998871740091,0.026136748282188964,0.3436017737753532,0.16752577523033416,0.08868669601701268
0.043451803729344006,0.12998352462053545,0.08213218099058663,0.17727787819128682,0.11426224933977754,0.3001059167836521,0.09612577282868072,0.04510442466085449,0.011556248855282255
0.095624325377641,0.017453754861597285,0.027729704930132163,0.04359581616047517,0.10101374038405712,0.11149649720174591,0.054324657633192504,0.11412463510437192,0.43463686834678694
0.3340976066498453,0.013926910355722527,0.013800551689791218,0.047239847646742154,0.0240408356502088,0.17344020605092828,0.20973506553943264,0.08077220796850536,0.10294676844882378
0.11746886672866336,0.037943273343556405,0.0242797200864218,0.04709124685420709,0.30124221959665226,0.045382554748679006,0.04943223751457409,0.05130515051572889,0.3258547306115171
0.16221997763826201,0.01963824647799414,0.33934583465438156,0.017138498213721043,0.2543363856653042,0.01644797843949394,0.08686700083599103,0.019567776393786315,0.08443830168106581
0.06021216672203398,0.14684726766638967,0.36466359198681647,0.042257032826513774,0.009231688381328094,0.25237715454446696,0.07204127716650528,0.03888818214407672,0.01348163856186893
0.06126118287678834,0.08173431257420295,0.026308375440928133,0.10048056453014893,0.2918003104582974,0.020975387503469504,0.06884323826731277,0.022076169008253863,0.3265204593405981
0.25313594782105087,0.013956842590400587,0.040979218838400895,0.15277937438273306,0.07046617578164416,0.06666205115822053,0.1015312713571756,0.21268969828106524,0.08779941978930907
0.15028304826679695,0.02080126033462443,0.07886991345230288,0.033689869442315605,0.5492042912186964,0.03184901989196561,0.03162516981829418,0.052777374838547,0.050900052736456904
0.13874350095190355,0.07100181292820225,0.046649961087216,0.33999043493228304,0.041386892161533344,0.10333044201533768,0.19223123628998454,0.04619333410598885,0.020472385527550718
0.07352367556355321,0.3520749225897204,0.05576401999252567,0.2136758437090113,0.03684770231895201,0.1227976558675835,0.0500552113255539,0.08609062961970256,0.009170339013397566
0.06887628354740728,0.13209775474495614,0.03601844154623996,0.11909926576861875,0.03263726464240271,0.3830705138452801,0.17190149417074388,0.014132270672935038,0.04216671106141615
0.14999549889652952,0.17010191594381782,0.12032395217573172,0.1604128996965361,0.01652376097717357,0.2836612902821134,0.052660481381825226,0.0331744249776209,0.013145775668651632
0.03371777831692581,0.0697589186146738,0.004479695321301807,0.46833719169824795,0.031116913686918657,0.17569462874144726,0.029009867436565136,0.08830444255687249,0.09958056362704716
0.3468715002948399,0.03660107518759592,0.14929731429392043,0.2842840596047434,0.040188892468237127,0.042374813075906514,0.04669494658411046,0.01910981101303427,0.03457758747761201
0.11133937877218897,0.20694556590362354,0.16680105593570327,0.048970305363423415,0.10156556498289519,0.0875211919890075,0.11139060790221063,0.08341567156523498,0.08205065758571255
0.14877524641042872,0.005456270437396399,0.0066437691769008584,0.041755510087366055,0.26513021713943774,0.010737367804209681,0.03146451915697878,0.046736364378700816,0.44330073540858095
0.055017864667496676,0.3338149770140289,0.13235317419402862,0.14827039814278167,0.009657292521350867,0.1244180469343556,0.0967338154775495,0.07332108524683922,0.026413345801568833
