0.4002146659582029,0.04009376668517471,0.11383896271740697,0.18896977394667036,0.027863115244188552,0.07922310072296551,0.08037551375717258,0.03015542917447353,0.03926567179374485
0.2622217212413616,0.1308519193022935,0.08006925941183025,0.12309509775961043,0.08620026340456217,0.20119117688767577,0.030560959003822025,0.0392550139023845,0.04655458908645962
0.05096004088936512,0.12759716925585732,0.09091876660524184,0.009038819566777696,0.25200805920668495,0.09022860272787099,0.32413067226575026,0.02466330454026189,0.030454564942189927
0.1498998391835286,0.2590730734228491,0.04283417547943661,0.1980016774584293,0.02373108202629633,0.10847713567209107,0.11284245637225342,0.01135475522634924,0.09378580515876637
0.1876602451929268,0.10202605889228672,0.1689812017156864,0.07277248547879181,0.028382960622738596,0.0503017446792729,0.28790448905309723,0.03944468898438799,0.0625261253808115
0.2652806508925671,0.10369323647572426,0.2287216477159446,0.08538291576922298,0.07675301760752999,0.02176713717308394,0.08727872925555169,0.04656780195692182,0.0845548631534536
0.07470797679419659,0.06620837781964516,0.06565610713491017,0.09240920409349518,0.0049822990297016785,0.24445983393844242,0.23315097051341516,0.04181606350273013,0.17660916717346345
0.2040685859280966,0.12083728054590614,0.083018768889252,0.045176892882309215,0.018385757229935365,0.06961469210546918,0.333648060339226,0.027910582434792813,0.09733937964501271
0.3643464370939637,0.07328619632143309,0.06253473580915575,0.0440188103777025,0.050615100502122055,0.02182730212295078,0.30668747184819317,0.021842722502393584,0.054841223422085285
0.07601015239137376,0.13123550793261118,0.18620484154636563,0.14441922206052224,0.026061917646042987,0.28531314386569834,0.0062665227468837814,0.030481707993600074,0.11400698381690198
0.19094791259338798,0.049450593585913756,0.04108747777381733,0.10516377065060596,0.13952305360031717,0.025577464967732333,0.3115573975023757,0.04459878699428132,0.09209354233156851
0.24342058563672211,0.12064865732976195,0.08809962611104323,0.10448672913885565,0.1741330674980548,0.09652166369833946,0.07945215577239256,0.07363073758202447,0.019606777232805756
0.12287384960561477,0.06325661446040562,0.18609728060676725,0.021119916423737863,0.13975030241285763,0.09848607037637806,0.28342041018172665,0.028927129575694866,0.05606842635681721
0.050342593226501114,0.108828081994668,0.11878221279799006,0.01640040557832873,0.07628202631885977,0.10141319713443502,0.10098475299571934,0.2535436071060611,0.1734231228474369
0.08819194062865199,0.08411125365452195,0.083230812889073,0.2722751179826273,0.06056981887476851,0.10943116837244975,0.04749122562590436,0.21457817555424133,0.04012048641776185
0.0863866760394012,0.21755937896670793,0.06591416343263963,0.04678476830121806,0.03085901295219193,0.3154934144935036,0.07754735124106014,0.02261392467038076,0.13684130990289672
0.3324511315460974,0.159035877758772,0.0508816162348509,0.05557066913967826,0.004943600261075258,0.04892996465576984,0.08457840134845655,0.13529911761759247,0.12830962143770738
0.33896255877347503,0.18499311149599518,0.11242987956697868,0.025419582094936156,0.04532382512655738,0.12743254389233286,0.03417542031391193,0.08069835159573442,0.050564727140078286
0.12337192126764233,0.15663670579369127,0.10280576110918581,0.25062173687757944,0.024981609656507347,0.12373360978583847,0.03742993916018217,0.01476224447634937,0.16565647187302376
0.1678083121961075,0.10146125484863248,0.06043769883737371,0.19115774125084192,0.004844388864497004,0.04871943409913332,0.04889619166121543,0.11629255928337774,0.2603824189588208
0.08770368681952702,0.18065040950846625,0.06259683506109066,0.20858805636212044,0.10707572573635059,0.05099242545012863,0.17779010073075704,0.09348073424132258,0.03112202609023676
0.08061240161344496,0.1922633282957373,0.030121990847481798,0.1342561005450941,0.06237904674691325,0.05314415968069622,0.1463135571766502,0.23856690489271593,0.06234251020126629
0.3531873039680109,0.10388401074388336,0.06405405297591503,0.07518197136280726,0.040206945762535425,0.05114811184108221,0.04680819893176083,0.19892333553727312,0.06660606887673183
0.07462976657113361,0.03592364102032247,0.11198094149195019,0.0587215942801145,0.12710582596559236,0.1261085909572969,0.11331011414160687,0.30922002477776966,0.04299950079421346
0.13597342601908738,0.10063999977475611,0.11054913296803508,0.21625012545912084,0.10903571755516994,0.05814757837436546,0.0976097869508107,0.08440507521864087,0.08738915768001371
0.28359469902729334,0.12639593270703375,0.09527074372824092,0.17242360931538325,0.07837753112327284,0.10137650263418725,0.051528579552464614,0.05539834361299988,0.03563405829912409
0.16285517298012622,0.050644142109081636,0.04654514251418695,0.09286491550594993,0.03831911372676442,0.06633195327212947,0.2062064112589123,0.018990230867327058,0.317242917765522
0.0702601281279074,0.10893904927244642,0.16647745373161713,0.02786260998556289,0.01603213716582703,0.16058185870466693,0.34130188397461686,0.03149565538317727,0.07704922365417803
0.029270194685346546,0.27079849045009746,0.08239863775760319,0.151827613109786,0.2689576259070532,0.02163906677980691,0.017840517107391957,0.09876690702694095,0.05850094717597374
0.05577780247070451,0.216515214071854,0.08908957801306801,0.056687944884874795,0.07757799059109521,0.07778301195405295,0.11858136921898364,0.13347966810880765,0.1745074206865592
0.24672708531514856,0.019306315520872613,0.048496956341365,0.2091852786759445,0.17906496637112168,0.01485796284782269,0.069492671006884,0.16004492929794945,0.05282383462289144
0.06065777061219992,0.22476175858795389,0.04867570315762815,0.031865818008480824,0.05590080919882193,0.048714472223252786,0.061157221862932355,0.35435665611850253,0.11390979023022761
0.034305008624494,0.06648595758727904,0.0795921873677065,0.02773425739387007,0.24029493446286565,0.1396779748719559,0.23884224473504814,0.04696738533852202,0.1261000496182587
0.19159418320865018,0.04484174663327024,0.09111362268999512,0.047669588165768384,0.38493192500768497,0.04475310384789998,0.11440232787499931,0.0634601932610518,0.017233309310680015
0.0701381845305008,0.07024497393417532,0.1636897621704775,0.025472269239154174,0.09654597089308392,0.0546527950725244,0.21769837536350858,0.027309135318048388,0.2742485334785269
0.5119439967374945,0.03645111137834966,0.06113276244458198,0.057465245967403676,0.09740602836268293,0.04054200436745196,0.1381052379421225,0.022385664188960142,0.03456794861095253
0.39007547745019355,0.039083353441147876,0.045758929478242345,0.10682138765410619,0.0596750573476059,0.057555360088429736,0.22630368904691212,0.023249833977382218,0.05147691151598008
0.2783896162335596,0.04368797802150728,0.06485309848372116,0.18084310780727217,0.01451399064623154,0.08352116936615578,0.20100049684125665,0.07734193168954995,0.05584861091074581
0.12727452837892944,0.09830684763419828,0.11821989196139386,0.08121362451631257,0.03417986359690759,0.17883055920027377,0.10774854990063698,0.0364388048345872,0.21778732997676023
0.0387263505050259,0.09324898440817779,0.0637476849335518,0.3816829938083714,0.11605635807128412,0.059562996932337575,0.014014103631735475,0.09632222990758965,0.13663829780192635
0.33714529568226764,0.1018444308433152,0.050035348059922484,0.046701206014807206,0.02418558034492314,0.1669770257139694,0.09419646871170989,0.048880479017886135,0.13003416561119888
0.3650414293560693,0.06223252289883501,0.07444489740678549,0.04457847250877037,0.04768169596764801,0.03196647880173934,0.28162243221115707,0.050026268602386396,0.04240580224660903
0.1857130178425496,0.06481891458501055,0.08048905742485678,0.019099344852742506,0.26624257067497464,0.22389362647578334,0.010687112209847381,0.05965194628644621,0.089404409647789
0.16439588512766956,0.11989259913595877,0.11493431567059272,0.05678597849723552,0.03235263246038713,0.039726805790613696,0.05284707083906206,0.26196431577920376,0.15710039669927678
0.09924414371769308,0.31858253786987384,0.07811779163766623,0.030514541011503537,0.1849662661619422,0.06607079323883037,0.10188929810704572,0.05006867314063656,0.07054595511480848
0.21171534908984055,0.13623339037291918,0.27538890547319195,0.08301037003116017,0.03343138983685443,0.05219057249135839,0.08439510239060836,0.059810158750704556,0.06382476156336242
0.29857258537191567,0.14409517972935318,0.07919981666995832,0.017779280796284175,0.05346305442319451,0.10072261062123429,0.05029936965084389,0.15235422990798883,0.1035138728292272
0.17838548536400212,0.053302022368252704,0.10310754108078812,0.07951065536623168,0.06824884401332225,0.041561007720524866,0.34106493720133696,0.05387636990138761,0.08094313698415369
0.09863761089064378,0.17775804046485402,0.0458756143157091,0.0880198422706915,0.07158794501340018,0.038610212555610805,0.15585558217148432,0.06465914538590452,0.25899600693170177
0.4068413717829753,0.03134580667423813,0.024374779651923847,0.009276465372256942,0.1357930130431628,0.21679548355139347,0.015130413681300971,0.04425935824950799,0.11618330799324057
0.17084174566685215,0.06700597363706016,0.09468443115476148,0.13613334487513973,0.09977490050953479,0.052335058162225584,0.04524257501890467,0.016019543969557678,0.3179624270059638
0.10684338432066261,0.07378645133649125,0.1308456511199655,0.004436578797959488,0.029250240970480613,0.19115657532748057,0.25778958909731314,0.05219421226071355,0.15369731676893325
0.12062316643660005,0.08946529013851674,0.10070859427444023,0.2852647041049267,0.02978796404384899,0.055981100188132994,0.015886258034897436,0.20308283955130302,0.0992000832273337
0.1966367104421715,0.2370185444162686,0.05936652235494835,0.043740125254423605,0.02053166457853023,0.21887764707517385,0.04517861059419163,0.14346939586158572,0.03518077942270649
0.26477735731032737,0.18316311451177947,0.05197987874421819,0.025845556624918577,0.102965866122859,0.03502520840128946,0.2756791733354064,0.021996129402731292,0.03856771554647023
0.5154637000919576,0.033526717286041556,0.07457096017664756,0.0860124282543346,0.07238268498802956,0.026452896338623466,0.09226996322261437,0.04002589807177349,0.059294751569977856
0.08991827454074368,0.07102086547226957,0.07952446069754714,0.25290743648473546,0.04498494911209643,0.12738826072931245,0.10297625752158009,0.022515946869571857,0.2087635485721433
0.23576106392480808,0.04897074179880684,0.09113634422869847,0.20991150432216973,0.1455424520936381,0.03415540077575265,0.14663557223513415,0.054009836458758786,0.03387708416223325
0.15166451212022689,0.2300446332456101,0.13114031289195646,0.11352748229433683,0.1137899296994671,0.09198255913039122,0.06710933463345838,0.01646502605458532,0.0842762099299678
0.30305024680867904,0.19944463481312402,0.07232771293827299,0.053461130645690864,0.13438878650783959,0.030176753412958515,0.058108658244416696,0.10241082469471093,0.046631251934307456
0.08070131914756908,0.29053007405984205,0.046325071761958374,0.005810338245016756,0.06166313083828307,0.13994017875524745,0.01836855722751492,0.3202686052971789,0.03639272466738933
0.06367569985603906,0.08436641983874656,0.11892142458540576,0.04202099074973457,0.34009049192140695,0.058957927700819146,0.023581284747941283,0.04498669174249228,0.22339906885741442
0.13907491785992607,0.13859788500732617,0.06006549300082917,0.11998108603734674,0.0710749627927597,0.04051078200938558,0.27290734119767796,0.008922058696350411,0.1488654733983982
0.1434529551782652,0.1883096483165736,0.14916143841235394,0.06887370937065347,0.22696565445690478,0.03569968620140135,0.04325269444099835,0.062225236628956015,0.08205897699389321
0.1628111098760017,0.21427405707575764,0.057299874485341525,0.13352436597916764,0.13027209822787367,0.04889121323136092,0.08109604083079898,0.09056359640685556,0.08126764388684243
0.34326191309831994,0.04513266528588598,0.03770083088606205,0.2721848253137249,0.025841878950136076,0.047006585806369634,0.07734452431332275,0.08233129719977879,0.0691954791463998
0.1075437661885803,0.1476334866133678,0.0673751969173594,0.14745097001387322,0.22348473249149958,0.1094326489625334,0.026590627511558645,0.10861696557672489,0.06187160572450271
0.056789207533927764,0.12396467822620123,0.11907257192947336,0.032147709968908415,0.22030588450819724,0.07167004047281732,0.3075940401704034,0.05058197519503061,0.017873891995040584
0.25619429753525247,0.09647325880613057,0.074490429771312,0.12442954194762244,0.00596297242501375,0.13773105540926153,0.18070291281673057,0.09043163172401586,0.03358389956466082
0.10211724741818973,0.33053128032314444,0.07643772711002918,0.02272984119162438,0.3003813496188616,0.028689881313421466,0.04826576927720397,0.018593183010492363,0.07225372073703286
0.089098023329881,0.0793290648036127,0.05926431299426271,0.1464346167949986,0.14749750401473252,0.11047543778252462,0.09295280320564286,0.1087952856843653,0.16615295138997974
0.22289784690973966,0.07211574828959431,0.08797375433418624,0.2998774395315303,0.036386516614546,0.07266379226434438,0.020530421020966083,0.09538275414946078,0.09217172688563223
0.22723783149659169,0.07366430972808591,0.19034341409341182,0.31243903400072853,0.002875994458209199,0.06323676158800111,0.042075755408178504,0.04503636019029535,0.04309053903649788
0.3613002985502351,0.09765344082183647,0.07538614253138005,0.024789389317605538,0.04011503293752703,0.025975205332313404,0.2407581726253009,0.028630732764513302,0.10539158511928821
0.04287991969244958,0.21538844819907443,0.20868638332019177,0.007018238551694283,0.22925683415603948,0.11498053959719197,0.047175039023287436,0.10404787347059723,0.030566723989473864
0.13376341372652614,0.2153906265128576,0.07200861750941273,0.10864286928427051,0.12496521876754169,0.038566369989453946,0.03518040950671145,0.22698547317136109,0.044497001531864845
0.4032509630769476,0.02155461281824982,0.09741675386073761,0.02319730570292229,0.029525603929313565,0.0540531660723586,0.21672421287266885,0.04792780019732504,0.10634958146947666
0.029662283024911428,0.1004164364105105,0.12345220392531293,0.038220373871471126,0.23735054176151707,0.1054687921475105,0.07806034015915138,0.18157585807359947,0.1057931706260155
0.47740663850929305,0.0653845128377391,0.09743490355065669,0.11215203106773149,0.05765211661746533,0.02458919616785371,0.0048327166255320965,0.052037163226161136,0.10851072139756739
0.3241551311785815,0.16903410017126977,0.07874592942759488,0.15333160338738067,0.054259173963736106,0.024713096526163585,0.10138216819631239,0.011956278678003114,0.08242251847095798
0.0651232526381708,0.039124376655927544,0.04865285634637698,0.49313738757982434,0.05968774349562734,0.04133056868962864,0.015189701739380848,0.012398153398966416,0.22535595945609702
0.2411068768898644,0.023763179029959614,0.07116065008519597,0.07448287978741361,0.049289562427121625,0.02744642231795112,0.23301871471894164,0.03809394928041775,0.2416377654631343
0.33494519399909534,0.04989635005505061,0.08827684745541076,0.17378400795658758,0.1846491475049894,0.0401098976161695,0.05439170702308851,0.014597654154533833,0.059349194235074454
0.3149674031862098,0.08651225474156887,0.05369284181669919,0.10387139986192928,0.07349551203462758,0.2072569132694133,0.09517596850437315,0.03245253518388318,0.03257517140129567
0.07221583407386244,0.2495028069352352,0.2196142802167829,0.005793625270047805,0.04202682800663049,0.17087685140795617,0.11849189981482731,0.10060874056624602,0.020869133708411675
0.20123731689070748,0.1494820498034403,0.10494118652366956,0.0929701287292481,0.04996386853257487,0.096986201903973,0.21174321185032652,0.07340430348634351,0.019271732279716673
0.0941902977706665,0.14112072441703732,0.12864246278655356,0.011538799871796429,0.13256347093943072,0.25035565783949526,0.18572918992994658,0.019022159744491576,0.03683723670058204
0.062300282420313984,0.2033328025662685,0.19092501148179916,0.010321313563482794,0.16396659799881363,0.183932507039684,0.1098236409810429,0.03023986418093219,0.045157979767662816
0.29812305555800717,0.10712430608504701,0.06490277501190435,0.31368219229945615,0.024476420895036505,0.08163407418197409,0.02840661420221154,0.027317243598070428,0.05433331816829277
0.20976142691191943,0.09423024037611133,0.10280849601717978,0.042300873484205,0.01967577693616936,0.1820170080678459,0.029670119933741485,0.03491943965380113,0.2846166186190265
0.205475629552028,0.07385636055912635,0.12399367075334211,0.22938844811181494,0.021150762036604015,0.03678973362694152,0.18003259379463754,0.022195733137144662,0.10711706842836087
0.07945389722569891,0.13696229732440499,0.2039275972268888,0.011443679896217897,0.2692660665062803,0.049993885604077894,0.09264973506055958,0.12620195407501225,0.030100887080859295
0.1872595860095767,0.05501568044197804,0.13079764231942803,0.07831856624560081,0.1651845682705111,0.11427572553661404,0.02181532133855807,0.06934444829154975,0.17798846154618345
0.050994962939299615,0.2851445351083184,0.043614004485892484,0.3742386248620033,0.11117371011362769,0.06050628246837064,0.008437830522317459,0.026298318003150325,0.03959173149702012
0.14032737304931356,0.19876857946928048,0.047321515864459596,0.049217051975162886,0.2919875332497539,0.03106971894788212,0.0430974820306276,0.09716573873086297,0.10104500668265685
0.2587560928941714,0.07045570689798325,0.17529801794452204,0.08147999957871922,0.021794719586634783,0.07006871183968501,0.19746995769610468,0.04943400491629779,0.0752427886458818
0.18119179487659506,0.14771379106689275,0.20290899954918853,0.09020754391661985,0.05544233607886604,0.10307952107165207,0.050578248525418396,0.13047413790922469,0.03840362700554262
0.2169315049822964,0.03905850703375997,0.057435690766212834,0.1740067286452778,0.10188258999177648,0.08972346991168884,0.0885769637276871,0.029588238960774064,0.20279630598052645
0.21056803055728254,0.196595897812652,0.08695834181564682,0.05472207097141633,0.07530453904183282,0.09472349299389293,0.16254533573917385,0.051373067852212906,0.06720922321588983
0.055638286368573736,0.13641689892341805,0.08617573561717584,0.036911225426867034,0.2830013408436862,0.1215004374503242,0.15401350005943515,0.10627602501277533,0.02006655029774442
0.34177612963726295,0.06002299662063765,0.10593092336584702,0.02635198554525837,0.05073341222241027,0.07838328518281977,0.13220243837552267,0.1310399544409613,0.07355887460928001
0.20682137149283772,0.3405317302102211,0.083378553311459,0.1823467062836723,0.044587849860757985,0.06330629980776674,0.019248137788135628,0.03817181857674994,0.02160753266839957
0.25183094551383756,0.0892970354106809,0.03561946508770048,0.04617625796321614,0.10227787532758148,0.06863115474104127,0.2101046842668651,0.007843459357682932,0.18821912233139407
0.2734528822813059,0.19550130239407718,0.10762137802929406,0.03186550184294167,0.022717937811616875,0.06993264696113219,0.040783010575830496,0.14769339367218257,0.11043194643161906
0.1466050192217291,0.15302792934317896,0.10582904328925184,0.0342050993546549,0.2817232398402593,0.06483747399767882,0.07179230280323129,0.1150698380127924,0.02691005413722331
0.20993395119175542,0.041380577919120004,0.060210995089541,0.0899827066630892,0.03306142801022121,0.053502476659824307,0.37729975192792903,0.00748408766951623,0.12714402486900359
0.05053394231695038,0.2706070054728248,0.19985158151571292,0.043786447633882196,0.1334574070796718,0.026422168790164152,0.02129358526065309,0.1785826630871239,0.07546519884301672
0.13990882740134006,0.06678681541509218,0.11136646572743876,0.09145153469226663,0.26061293326413365,0.027603555838205156,0.23371832008595853,0.019528896391928462,0.04902265118363656
0.025850196485805343,0.24312761595300356,0.0979179661984454,0.04993100448824911,0.06581484322842217,0.08467180726873391,0.08348509769050312,0.08159354492926701,0.2676079237575704
0.19885515824103192,0.03538258107507836,0.07445231910705835,0.09235263197295512,0.04965226468240635,0.07099923320272557,0.30550277479406424,0.055849083963888886,0.11695395296079121
0.24557148631550665,0.17759232587692333,0.05299625754404744,0.05557145321761207,0.11120092968591903,0.07636417483502735,0.16817771125035288,0.012180150976617031,0.10034551029799409
0.3924325818379118,0.01083187851278663,0.08367389341419085,0.004030109102066756,0.02643399659238016,0.282143242073376,0.04048183908812402,0.13048212635083864,0.02949033302832506
0.038975874295258096,0.273246379219072,0.10067280914145964,0.1320944001587582,0.02102694894380563,0.15386890590113544,0.15489998078187925,0.09706154383080401,0.028153157727827716
0.17271883077130287,0.21174135815608106,0.0978833433109048,0.04415002504302488,0.12008144837283352,0.025712684051604883,0.16451539232912132,0.06376659856724369,0.09943031939788305
0.24973846120601575,0.04050100120980863,0.08737027255999581,0.13759110799384666,0.022588090131681976,0.07000477443018321,0.14497288747039727,0.15319443594090468,0.09403896905716606
0.27404998073096554,0.02405416232804758,0.06269197363329032,0.15457453790156903,0.19830830204776254,0.008760399070095026,0.01733333226343869,0.008890922286367,0.25133638973846434
0.15998138126321812,0.23491053346612498,0.13929834833175334,0.05487583839960314,0.11223993202451928,0.10799700541062403,0.04517944712547383,0.03366126755042894,0.11185624642825436
0.23747766075108245,0.037032475274874216,0.11251698086725093,0.0774380853843656,0.2724466938041791,0.13578630086253973,0.053483566307437114,0.015747347441905132,0.058070889306365746
0.0652782613419758,0.23090579083580956,0.21000618013629327,0.040107475461118126,0.06320532395679283,0.19613561537732757,0.03277028789237743,0.12250698489315515,0.03908408010515032
0.15551024041320316,0.07190345766300715,0.07568018855480653,0.14616568566420787,0.06886580186769442,0.05840206783334534,0.06674464789409174,0.26073667275493667,0.09599123735470706
0.07258746628351977,0.2461034532074083,0.13965195046663767,0.024808526226944266,0.21832315703487506,0.12030811076798742,0.11098423127391366,0.04239046286852946,0.02484264187018423
0.11480987310944361,0.025354515350465956,0.11987325957802492,0.09842727993555435,0.06504353609420936,0.4169224797795013,0.019592791888044848,0.05080075718829332,0.08917550707646242
0.3072925711411994,0.08324935582598948,0.13168202562538797,0.0853792560683916,0.011138120195944685,0.10878360230900196,0.16224245850458316,0.028407998854473458,0.08182461147502813
0.2247461009674756,0.31236431833632566,0.1006172500946086,0.023256734845990622,0.02928645018797264,0.0515035579092826,0.07515377978928882,0.09953383142518417,0.08353797644387133
0.17186055300384948,0.10067924878353786,0.07102291548958538,0.25325115448817115,0.2112607464511248,0.07373388345480607,0.04682314216298605,0.055862919926315015,0.01550543623962431
0.17198500298055708,0.03859851909052646,0.08991169880495543,0.0944144213202247,0.07388240831576241,0.11007923098343854,0.23804446601542698,0.009456207485357556,0.17362804500375076
0.06528985539063954,0.2286995859369625,0.09344067544107154,0.023855779393228915,0.14665042393519376,0.09853750679439964,0.01164968285734251,0.23024648611286327,0.10163000413829831
0.1289750045670739,0.16236142792641514,0.05986023514626799,0.02457220949541411,0.13408039314224393,0.042155070730944356,0.29479021277337164,0.1261190534781915,0.027086392740077462
0.09896138872842551,0.15480667899297754,0.10897040398051434,0.06976359023405102,0.17037698207788435,0.0480323353959029,0.0610161659130842,0.08401311142423784,0.20405934325292227
0.2601416862587081,0.11996314087935918,0.09521656525199357,0.02806555657694106,0.033638967836437945,0.18590316801533846,0.08778467889721338,0.018247252620503862,0.17103898366350445
0.1461426789135493,0.09347576772326212,0.08610287561511343,0.19524810362395226,0.08927362978648323,0.1314071746516804,0.09189307144092723,0.050426379170971404,0.11603031907406064
0.040687055971694745,0.16346377113435237,0.03835868016395626,0.3125422863904028,0.05660405405828342,0.2283082441122545,0.0533926494048114,0.08452663932045752,0.022116619443786876
0.0682362348318115,0.14574633577248156,0.11628247984815997,0.02393440998618347,0.36319624349475177,0.04753352554883492,0.06408189759821104,0.10506407909984665,0.06592479381971905
0.2065789834724686,0.12359690619689534,0.14784439505405236,0.027698286911113822,0.02597953828059606,0.2036364342471649,0.044041093822164395,0.16160350326534553,0.05902085875019897
0.23650594975750439,0.061631363604235184,0.0487110933712502,0.08316161270920301,0.010808287755705174,0.017697398237435265,0.24046558421083866,0.1952601338939759,0.10575857645985216
0.08355514887097076,0.05957258165268425,0.07454660206353377,0.1739544111961728,0.026076111211698536,0.08275035699291272,0.03288898258535585,0.12966233913288425,0.3369934662937872
0.1686385849665354,0.053539882055050135,0.15660318188039155,0.21542287901244364,0.015179469098539641,0.06597490653199276,0.04517513247578412,0.0834729453869082,0.1959930185923546
0.044795486815256226,0.12363821135985871,0.12991259136875496,0.21576048224481403,0.2621537479894728,0.09980508271040363,0.06346630371935388,0.040157295341121176,0.02031079845096447
0.17655448690927,0.24992048431307542,0.0673648558222199,0.13060444899399673,0.06945185133331426,0.08891205142463852,0.10951121582186918,0.05568771519973997,0.05199289018187597
0.19108829249295012,0.03766981765166677,0.07891641187423837,0.2103902956014558,0.06383209027515066,0.02502954372696113,0.02286699124575983,0.08397708441861546,0.286229472713202
0.0684880706621689,0.18500907510527112,0.14764742775584613,0.020287930320924557,0.2871120024745104,0.05110594037487027,0.07358355426991905,0.15907168811395045,0.007694310922539006
0.25801174068178484,0.11016027888573397,0.1561374172184436,0.10176883748266706,0.03624168843516361,0.08034306037307008,0.14624476516647142,0.06107086322114752,0.050021348535517894
0.3594904268069031,0.03228033450224727,0.06083557492678902,0.26162163897177815,0.07187964002452342,0.03472633725042653,0.0976396890298266,0.05669577466064952,0.024830583826856312
0.09213542268029479,0.15442032153124255,0.14876017584041526,0.16615852992835675,0.12478614045275245,0.053440058256483076,0.14311167429500246,0.07542448570060267,0.04176319131485007
0.2565322339228849,0.05577765678147378,0.07700223436447946,0.08524590504556186,0.08229856180512994,0.034107093199318754,0.04681515626255784,0.272190512717636,0.09003064590095751
0.04066127065910723,0.18067882201592514,0.12822549261617458,0.015211750330049942,0.06732606960035213,0.1491096728991164,0.1874988812485627,0.17674538971542156,0.05454265091529035
0.13786850933326036,0.06602358859730846,0.08918241815887527,0.0416542692650936,0.054767760269455575,0.18139620419041988,0.08488488025502189,0.10287094958698732,0.24135142034357768
0.2881655859227148,0.1035388396895871,0.08459071011511145,0.11662316989358458,0.21992709419784776,0.013657703709761134,0.06772589495661996,0.0742794715272177,0.03149152998755549
0.045468633673927006,0.310092691704048,0.08720415942834046,0.01106848188051971,0.025980775052346663,0.17478406835382843,0.2736931368467967,0.01859210389945288,0.05311594916074006
0.052751137864024696,0.15587292731988708,0.06836631927483958,0.03401876786845336,0.03645870039410885,0.3423312113865981,0.21613290179779462,0.06434908919038239,0.029718944903911373
0.3896429634189542,0.04213150972212724,0.05732941670275565,0.16977138915309245,0.08156906438311483,0.027963274800511362,0.17443728630975355,0.018667433376756862,0.038487662132933774
0.1957541550386952,0.07402953182292944,0.08458078581584023,0.14498049012620182,0.0238016266222434,0.08121911086731595,0.2854753902079105,0.006157150599664235,0.10400175889919921
0.07439175499921523,0.1826732776002397,0.17649663851206296,0.017535310247861327,0.35002076428201945,0.0645779746166066,0.024168984785979997,0.09520911037546825,0.014926184580546438
0.33220789258916356,0.05251586050999535,0.15354760210906862,0.05331596273171635,0.28009933222753736,0.04894704452087551,0.016305712022709844,0.02260810200808409,0.040452491280849344
0.05503226702019095,0.10150265711309164,0.11081810679366506,0.02327780141755036,0.025458978665393806,0.2969430887113889,0.31134846004210237,0.049579131298505906,0.02603950893811094
0.12550748485701205,0.07281665760694496,0.05341997775194829,0.033157874087482914,0.28605828352708035,0.20030904815632952,0.10444096517371008,0.03414755875926267,0.09014215008022909
0.07244859459146498,0.08011729171959665,0.17626074831765412,0.013613481015186932,0.4026000390148492,0.1854055748013861,0.01472702634887693,0.021269942449097783,0.03355730174188733
0.08718909779513191,0.13361261544235944,0.2594480852782975,0.05998518837706355,0.19640737377184284,0.12971667148722368,0.10684511649139601,0.017151368236402034,0.009644483120283017
0.07247732151632737,0.05140737503619445,0.1693110178128561,0.02068148947565658,0.32466370596166727,0.2438348600743758,0.016886312814097023,0.07299088689750895,0.02774703041131646
0.13389071826487695,0.09557907837628281,0.1435003015539799,0.20301038565097473,0.05769982897276391,0.0668612094586607,0.14100794777512105,0.031074462578167605,0.1273760673691723
0.07670081094063393,0.22500468788499803,0.04828699832450516,0.40130066082910826,0.016821635275899798,0.06667578127775609,0.05704407579308929,0.05651602335073793,0.05164932632327148
0.16716352484108923,0.09613607978942214,0.1444736545545092,0.06518651134769803,0.08048517979941383,0.04096549693523224,0.15314654549778695,0.21245753131347148,0.039985475921376905
0.03432950062268287,0.06060828266986309,0.20673830597151932,0.011744911531816943,0.03916572220705703,0.06280476277464056,0.22620926805814298,0.2157791508833682,0.14262009528090888
0.06952963446972628,0.1918778607641495,0.13641101123803853,0.03859584130224344,0.05273746956202594,0.2562298331362265,0.10760141895941146,0.03229667991766979,0.1147202506505086
0.11579845681919337,0.19534225873175382,0.22855391246406584,0.14665597950960915,0.01917497158067685,0.12253784792668158,0.07846274151456833,0.06349351859675116,0.02998031285669989
0.13891716159513587,0.07843045019189378,0.11493188353767399,0.03811459465274409,0.026711205014762308,0.19853107816859691,0.3600460810612218,0.016975356314868014,0.027342189463103295
0.08233526069702722,0.11599494467689449,0.07902428054841625,0.01339777016019345,0.22948116347492054,0.10900946180400695,0.21608154121198897,0.09336087989698622,0.061314697529566
0.0774448752041506,0.1131227350806453,0.23211706581993993,0.09507300892827802,0.2571535122355896,0.07796165041743618,0.042088283156810145,0.034452107848145445,0.07058676130900482
0.05434751437187842,0.18552353262006052,0.0564320424543109,0.2714770121879169,0.12446662369482984,0.02720123910984969,0.18665433552853358,0.02298391195752625,0.07091378807509387
0.12901387232878034,0.11464914870064946,0.10627736467003358,0.044737050964965504,0.1185630539559145,0.13474064662275592,0.12487129475435339,0.18504823909158216,0.04209932891096513
0.35028994151621107,0.09503142525812469,0.05163723574365911,0.09236082229484742,0.07843112378067646,0.05749423863438854,0.16420109927204574,0.022270219893411186,0.08828389360663585
0.1221543171981333,0.12093615566485705,0.22022719073938757,0.03841263123742836,0.29251794785918095,0.09911428886500995,0.04803862106232359,0.03436245206651999,0.024236395307159198
0.06751714552649114,0.18519743494766602,0.05526596089887093,0.07591759277656664,0.02643632014650586,0.0822127824508785,0.02749540025629181,0.39562449044516595,0.08433287255156323
0.352894362833789,0.1307173362675121,0.07233410725387455,0.07082118980146422,0.08407564270684137,0.05427666069115605,0.044663707346085386,0.16296918724994203,0.027247805849335185
0.14589814709193702,0.07022277622191749,0.070488496069127,0.20321324862725465,0.21540815654762632,0.06113283366573365,0.013800149517663604,0.05012219826513814,0.16971399399360218
0.06671281162131097,0.2560637052925801,0.055315584035971845,0.20992048120927922,0.038445385219667,0.043284544322872404,0.0804152459850861,0.15947057198891115,0.09037167032432118
0.1502534897848998,0.1433533683769649,0.1023253704146294,0.024523402157033674,0.025218955496690645,0.05018096780752773,0.3079179184809301,0.1559409243774703,0.040285603103853485
0.12045767659695723,0.2650600523609745,0.12945273464290127,0.03966360304357643,0.08100278125571335,0.12199963814914905,0.12860458904671884,0.0640167998409007,0.04974212506310863
0.05098792478826978,0.1642591131548384,0.11999341068316251,0.046218216860039595,0.03595410292349147,0.29901476865681503,0.2042780340781506,0.058803429855940115,0.020490998999292482
0.16172399878774515,0.09374975123132871,0.045067084533076375,0.1370157911014308,0.017470232254177653,0.08712478766541391,0.034782625890071944,0.10547675394664231,0.3175889745901132
0.2458169979388981,0.2392130235244617,0.10491867963810214,0.037414801686503074,0.045805584714916754,0.07684127586046352,0.04755483699930702,0.0217711822892067,0.180663617348141
0.19955739948719617,0.02771610244566909,0.07786957095944992,0.07887634289471478,0.06993993393230018,0.12204019104253638,0.2868014790335813,0.03476151988262418,0.10243746032192813
0.0623297446270488,0.17304353184264745,0.08799395967882345,0.1479101044003824,0.10384943016629238,0.11555308092065414,0.17085421497033546,0.048315404340424334,0.09015052905339155
0.05356076010426103,0.060983142183464345,0.07387927409353427,0.10919032618841773,0.24397802060160886,0.13028518917261742,0.18378545738287863,0.11743672081829494,0.026901109454922842
0.043830150253181495,0.3210031213346722,0.07254281596325583,0.11304160357644959,0.08533727109629029,0.06463584429694491,0.02047369848301246,0.24809178826391828,0.03104370673227506
0.06822297293056369,0.11151123053081964,0.14602944015498456,0.06234537261713748,0.10792937690547906,0.13532613305453145,0.1648538494994205,0.1179793353623943,0.08580228894466935
0.037327776323337745,0.15233296169648888,0.1395759727229793,0.06326610507273218,0.059277304388733,0.03752305637809302,0.37794548671419176,0.11990063100378416,0.01285070569966001
0.25987026706951705,0.15666144237615912,0.0780040620602493,0.06323240893450456,0.23090002990466055,0.11423062587905741,0.025563490571675226,0.043193098142500025,0.028344575061676803
0.08014152747206643,0.20568678296892817,0.1800727709831225,0.01036851015738402,0.19686360757387433,0.09215663716597729,0.11683566947804691,0.05195454579706383,0.06591994840353656
0.4002266129990104,0.07470503947787088,0.05740758340692822,0.05308411870132294,0.03399479681491147,0.049467855383235414,0.020156722912823798,0.26667669365765223,0.04428057664624451
0.15527838200032815,0.1053776953089437,0.06741728490394984,0.04758286009992579,0.16053405795364692,0.06272052698841118,0.018657551468913926,0.22478428815599272,0.1576473531198878
0.07097109075923164,0.22615798506180185,0.028441916620419252,0.026586891941823444,0.215542990053014,0.030669276683207278,0.3058254173244251,0.06852567814541269,0.027278753410664797
0.11851582573525188,0.10690195472606184,0.06178270573974395,0.19809555555359834,0.05536407878882876,0.10121050746156067,0.23786677436059814,0.06198645965372159,0.058276137980634767
0.04441673332115578,0.20251391452532444,0.07835184948020169,0.05425253222040447,0.2839016476817745,0.0456297553500547,0.1287974955382721,0.1368416238960847,0.025294447986727548
0.24875197444467786,0.07527306578821007,0.12415126498364575,0.022372343727577387,0.10059748902312259,0.01608453094374364,0.25478693512678385,0.08934749222477827,0.06863490373746059
0.06315553314350271,0.03191710017454354,0.052612380380541564,0.028243771509915295,0.4232270129813062,0.056463780350340866,0.24581476401789093,0.010029567373107602,0.08853609006885131
0.2554285469420747,0.16302376658910997,0.08330534935142618,0.1083859618955307,0.012240717000689794,0.06077778588388528,0.07644449365917667,0.051517916608585096,0.18887546206952163
0.1875283995241339,0.05027127015335974,0.05849883177514357,0.13671784699089726,0.015353369232164113,0.132168300841775,0.07410951061413212,0.28254484655949885,0.06280762430889544
0.20989106155233017,0.2032491172097818,0.08460513642899413,0.13174086003255261,0.03380795145274003,0.17098358385647094,0.02063156794703265,0.10128607443821125,0.04380464708188625
0.30471391321110874,0.11005290009345121,0.12536797682725678,0.0579058900301996,0.14989125944557471,0.09535060484321434,0.018315016978447538,0.10083260236157006,0.037569836209177115
0.1523000055466614,0.041181280870202584,0.0685005446919993,0.09565691161285701,0.3565160480720501,0.11227505763353168,0.10696483812344225,0.030766214115645275,0.0358390993336103
0.17322228795971586,0.1369108201981092,0.11175975036115798,0.06125005312456203,0.10097011046617904,0.08879713613345007,0.2049199669292967,0.08662362509587833,0.03554624973165076
0.08629298653036693,0.1775338955320048,0.09137718905919671,0.0555876229617035,0.03979850940409349,0.32498094394442617,0.12197240258101998,0.08241913515128887,0.020037314835899572
0.10714591738897801,0.07537074043420876,0.0912079093716978,0.02242806266925013,0.053167882656217164,0.05150411945183589,0.04048171824414844,0.13747762820003365,0.4212160215836302
0.08848128133761017,0.1606791464691425,0.09544454888445715,0.052381909701611606,0.24343177909639954,0.2366380429682,0.06823348290292251,0.00525716277328248,0.04945264586637405
0.40405622035921057,0.05358583626710737,0.10239257853251825,0.11404327685682586,0.05061560043947838,0.033632197878744226,0.10837097266776664,0.05696395891349443,0.07633935808485433
0.18180215697288774,0.12801391927172998,0.06726875406652373,0.060141912020395934,0.05056620490814164,0.23073270951782296,0.11703248623528244,0.032456034795833595,0.1319858222113819
0.3471592402731127,0.1363880735327479,0.04895692123689,0.2536335299915013,0.013556060838044013,0.05066928962151449,0.07264170607123414,0.028206780572025247,0.04878839786293026
0.13050925603769323,0.13950889481360026,0.16265317300494042,0.21251452907079046,0.06048189944079599,0.15285636167861397,0.025057150169073908,0.043589314322382965,0.07282942146210881
0.04657598214785295,0.13043245885361107,0.12896727288434054,0.07820643482349321,0.37005682797019146,0.04433820441012617,0.047781594810938556,0.10085506522219571,0.05278615887725041
0.10941671443177182,0.10956509672010611,0.11794558510593638,0.12043071063633826,0.2711658719722579,0.1388561002048754,0.02881636886016135,0.05106202654207362,0.052741525526479184
0.05664951129115078,0.07434686798651984,0.154524599651681,0.2431038423498888,0.16675174822741975,0.1735957225424757,0.02021549637041056,0.0854032926531712,0.025408918927282354
0.12027456810648597,0.35399248480340667,0.07226874410700078,0.025485092485218453,0.06218391795999112,0.06809722568649385,0.0838731953902581,0.19456022250868013,0.019264548952464954
0.05018667035254617,0.1691130012515054,0.04189694282957399,0.5219875742081714,0.021454629185788592,0.036750935880431775,0.040904583109359245,0.027830081758946416,0.08987558142367702
0.3480528808983347,0.09899807177746504,0.07000994466693068,0.13058629675900665,0.07746862667194156,0.03127996517737936,0.16449586633072674,0.04276113228024975,0.03634721543796556
0.42173075210996913,0.05341380951998976,0.225900125989256,0.02005882725120013,0.08430816121671214,0.1146925861453598,0.004939376285392812,0.0030026452992609524,0.07195371618285933
0.17017374507271532,0.05669385879067717,0.23610162369143972,0.04062331338094794,0.17388037036452117,0.1121440521013712,0.09975637921595522,0.05931188169956054,0.05131477568281173
0.3236776577516681,0.05679352692341056,0.033625668735563115,0.021220823526020546,0.24992690539432869,0.06094213931632383,0.12275009735771526,0.046514791256930456,0.08454838973803945
0.182238522511697,0.12506449986694576,0.07180758770311575,0.20963832369095156,0.14969877841914261,0.05882373159781842,0.047077313679752035,0.08573308055551893,0.06991816197505797
0.05263749568022293,0.12427843364347908,0.14520642743703374,0.044198824088329376,0.039361547456658035,0.24876108837614427,0.13606163438424865,0.10522526912711815,0.10426927980676581
0.06732320222523076,0.02440869490693788,0.0756602541808432,0.07943282379117599,0.16239514481237907,0.0308009284707086,0.0565510723299378,0.01647073254888043,0.4869571467339062
