0.007717943621926488,0.026813512052149383,0.1686169192659418,0.24323187859785722,0.18628212148958714,0.0708038403141397,0.02269409462624114,0.012330155659266989,0.2615095343728901
0.15710701780630057,0.19616753161215142,0.03782545288778691,0.20871785255862474,0.03580256046697055,0.03272579104875271,0.24171124103016983,0.04781507078934139,0.04212748179990181
0.0018845478315446783,0.03042827947891789,0.025311412879623203,0.0854609876435052,0.4772205273159828,0.2645266577552119,0.0419394321989148,0.019743276989427235,0.053484877906872334
0.028017096904958946,0.07328313377415872,0.15565404717511735,0.07876957328105132,0.1410885479911901,0.05466045622268539,0.15969467602383638,0.02539113828215919,0.2834413303448425
0.5766441205219054,0.08134419475109624,0.021849382801209998,0.11488517115016882,0.033120461585836716,0.05540896133831005,0.034362904378729985,0.05241509085289106,0.02996971261985172
0.572489808949777,0.039907080394242296,0.022477667273235597,0.0997436113110226,0.13645783730092614,0.08040042526673065,0.021132159860748224,0.010693934073244942,0.016697475570072562
0.010865150179795514,0.17024994198052848,0.0567725401615739,0.14810430802494393,0.2017301428172841,0.025844752227505135,0.061665173613604345,0.17043139553440015,0.1543365954603644
0.02098708889053207,0.16628726113639078,0.038788634075926705,0.12854158558887538,0.009154007355392443,0.032544999670719915,0.09266490018451139,0.4969373259354996,0.014094197162151711
0.010642565973113518,0.12197854944038729,0.052372420837639176,0.11838871369955901,0.20472046842079109,0.0514142925053415,0.2371481221122342,0.14945215888428404,0.053882708126650185
0.0772339565203557,0.18276350004278064,0.02442866334870587,0.07426222878406018,0.22639541773809382,0.22629840159115233,0.011932856642281962,0.06538577729572069,0.11129919803684889
0.5270922088008853,0.057603605828785875,0.01699887779502069,0.18433608608200025,0.0989298708973676,0.057119416035240206,0.03907158690123614,0.010179143595299036,0.008669204064164873
0.07336311822018145,0.13590448602750504,0.01565129304813466,0.13141365819295062,0.056551038376009756,0.2808752042078022,0.08945077599837277,0.03541060262253328,0.18137982330651026
0.11884537438827929,0.06127528174817876,0.06469802759206617,0.2028583822421934,0.16182576245099914,0.24895698028889568,0.0817742753267115,0.009683739384889986,0.05008217657778601
0.4571510017530594,0.11722895881306261,0.05024854450804109,0.04218930630777982,0.01763838877239714,0.11341950590382421,0.11446634110053237,0.042749497417276495,0.04490845542402686
0.05594571138947154,0.15023187218771397,0.08864380985395566,0.09943977697306211,0.0799956676635414,0.10270299081317436,0.321127325998779,0.029905637760537302,0.07200720735976458
0.20156031337160576,0.11694066104979188,0.10290546047402309,0.17428532397776786,0.08966813910580218,0.09064229735898834,0.10919956508417757,0.08670947238349015,0.028088767194353114
0.5651885658995907,0.021878149007107394,0.027316229636233685,0.12311308089186714,0.06313624796800592,0.030272794694867367,0.021888628771018857,0.02446455226014735,0.12274175087116158
0.04533053433990078,0.05782228544307585,0.056477937382773485,0.08213935173712587,0.15505173775384354,0.10521366426085577,0.08618903931179868,0.01335198275948382,0.39842346701114223
0.014592237338092387,0.07077224110844026,0.021086285764434703,0.16961613674016174,0.4064373896238789,0.09423866277957817,0.017409844895284774,0.007364465609779593,0.19848273614034953
0.0073621450578443826,0.18089779916741264,0.03569182955771925,0.05520428568454522,0.3387493443388541,0.27745976806532924,0.02031065960007118,0.009874845573972611,0.07444932295425137
0.15650581473410197,0.05265024298310376,0.03310981661619466,0.11929973623112745,0.4130863100309879,0.017436699967861357,0.02712990986803979,0.10480128571265829,0.07598018385592481
0.14704697468283265,0.15042827631028402,0.01398543520416308,0.0675647671557949,0.4855046996056889,0.03570368381426403,0.03447070589307707,0.017370347228985256,0.047925110104910205
0.008621008337344837,0.0748222124716406,0.07458290157263492,0.07671381955173467,0.16182061253566352,0.45857088401727036,0.06319494400264851,0.005325122521471129,0.07634849498959143
0.006376616136610295,0.09537389512212523,0.2143714847403613,0.05230396359079321,0.02218761752443031,0.0037084399063758446,0.0864567450066535,0.0895897640974499,0.42963147387520045
0.028178754079612647,0.052049621178148896,0.05620390104226463,0.16864742185515993,0.09215190998751928,0.30623605031184536,0.03939063889203498,0.1582244875316696,0.09891721512174466
0.02314677467383865,0.28392596582703705,0.1215528347206889,0.09149840484432244,0.030555005646690805,0.10350583258243791,0.24795800082919953,0.024640861215634385,0.07321631966015023
0.11163264494789597,0.1740551019930562,0.08448403245570639,0.10885607395531278,0.08898842703944426,0.14229178485152918,0.09459208329210178,0.01541703313541338,0.17968281832954006
0.01079515082040281,0.07058520496079868,0.16231460164074862,0.16866072763579598,0.1572540709594587,0.3077392179584443,0.05064528243172806,0.020606625101541067,0.0513991184910818
0.14906759935387112,0.035009276129873264,0.04944259135323174,0.04680517134628509,0.10895471841445144,0.0031299807421984946,0.06469432505291894,0.5256368989909249,0.017259438616245043
0.015840499384493334,0.02536320877831866,0.1225062809158069,0.15226780446582663,0.07867920255959435,0.2925754251899401,0.06866149091591463,0.18366282454590063,0.06044326324420483
0.007012914405320702,0.014306817226508105,0.04342709361277149,0.12816017738173258,0.128675463080502,0.028397112073190917,0.1680094739870064,0.0047811105451938595,0.47722983768777394
0.01610354920003775,0.03676392190683916,0.04221859113892204,0.29621979926247405,0.3038907042673472,0.10909933376926084,0.08370691406066295,0.008139196367080206,0.10385799002737574
0.6081922893958637,0.09380236814280618,0.019582832796969506,0.07637975512276907,0.03596520980015989,0.013169734236725234,0.04342391023657155,0.09608184179997452,0.013402058468160234
0.5285603028310983,0.1089752198808982,0.07294447071963206,0.09270352949212961,0.07537472040095396,0.017535807340529338,0.0334844536872827,0.04952887698893214,0.02089261865854368
0.14666941806180234,0.1481354886827674,0.04160768810017631,0.13848588851567858,0.30970687503754596,0.03485905447902024,0.013532397424629158,0.10857641483800624,0.05842677486037389
0.2440619843479378,0.14798547770976914,0.03288332099102787,0.13519679598219916,0.1184649640647739,0.09315837940728022,0.12335692041772332,0.050758677700433706,0.05413347937885494
0.10949498405896756,0.032449944077149226,0.031022971014923323,0.4012907725423209,0.11896683385755141,0.02486258948994881,0.01935067782188522,0.02386033521903742,0.2387008919182161
0.07637025287194292,0.18043910184665365,0.14237578674756954,0.17315857583518446,0.017628601764912755,0.3052503203805929,0.06329815086833002,0.009781252570572637,0.031697957114241095
0.009569175814050035,0.08384380667752467,0.07477585995224985,0.10449455821635723,0.038857031069623675,0.03020177540792407,0.09333718519973803,0.12886627429811512,0.43605433336441735
0.532183059168076,0.0909614295013465,0.03063007676645142,0.08535004314658347,0.09862325340017879,0.03919673424055576,0.015384450798789884,0.06384750582962773,0.04382344714839051
0.012270353777726728,0.20401647993050898,0.23864583748575738,0.05819466802295098,0.020540406097589125,0.06620326004834592,0.16035446604372885,0.19133011497782726,0.048444413615564764
0.1262365461917945,0.06743291616573392,0.1199062177155699,0.08604117034887195,0.16555517590109228,0.22087955318255884,0.1327384768129551,0.028798772184106525,0.05241117149731702
0.22485130061797642,0.09773163883109369,0.08309094219384586,0.1330378523806253,0.10848567378248984,0.11381793661089296,0.08932828444217439,0.08264756041514125,0.06700881072576033
0.3955902911961104,0.11014011541718012,0.148443323522428,0.1530572166695399,0.01614941248519478,0.07382401271496992,0.07667712423946717,0.015318412227663926,0.010800091527445939
0.05701895384719815,0.20874261330596386,0.15851211462300432,0.03370180542356851,0.018877900928154907,0.02751054137464147,0.08382766641036865,0.3082855956780995,0.10352280840900067
0.17442909746640445,0.061426945158486956,0.04216221819946612,0.087253895532316,0.27625439663266754,0.27722844319379586,0.0246982079399706,0.022220227376463886,0.03432656850042864
