0.15197131062926947,0.13484778859508034,0.09714428748741544,0.13673930686208238,0.08907537464284969,0.14693169542347304,0.1213482397885316,0.028542955321492203,0.09339904124980586
0.1684164328847668,0.11248480838147185,0.08372192742429686,0.10634868223417081,0.10004721044337656,0.10613495277175572,0.15534622407157556,0.0773117161482453,0.0901880456403406
0.1531988533050296,0.13818951163036178,0.08270058876403606,0.0952452587508981,0.10614064536243717,0.10958005891734211,0.12456833354971693,0.0945421140385393,0.09583463568163897
0.06493964765158823,0.08398013412496357,0.06045472610906499,0.17947088583220974,0.0865090414622453,0.06647230275011917,0.09793636287480283,0.26344136214835745,0.09679553704664873
0.09087094450400117,0.14569700737313304,0.12251261568313436,0.16293446863409386,0.09927401522322109,0.17026478711799028,0.08199431798565156,0.01657297582642665,0.1098788676523481
0.10400029226581697,0.15689437612093152,0.10054463532110931,0.16889611721282705,0.09282636279199308,0.1469023875485814,0.09008193883048643,0.03365868928332497,0.10619520062492926
0.10873950871308082,0.12217010495958618,0.08248022084539718,0.18217259793161963,0.09591382946113207,0.10279625391990636,0.10789818355674292,0.09333394297711971,0.10449535763541512
0.18621739339789153,0.13846753881094076,0.09001379085096355,0.11087077195388202,0.09463871561982014,0.12725187502062874,0.1265048068305311,0.0364552472445097,0.08957986027083242
0.16586121357722614,0.20406456673446086,0.0865361769052461,0.10229029559691999,0.0875367107483328,0.1498467613157771,0.08636592843267345,0.027287092371235125,0.09021125431812844
0.08829644808860569,0.05019596503715337,0.14322515708293132,0.07302228085354655,0.13555588626793683,0.08267626110231378,0.14694841983136034,0.16640930515966623,0.11367027657648589
0.1755205013994172,0.16728110981701086,0.08811213582327694,0.11006368215657268,0.09631309827519581,0.1295374001385161,0.10234118230328798,0.038245571346095436,0.09258531874062703
0.11780766397693321,0.06800602052948612,0.09203582879012241,0.1035626792290597,0.11323386356319454,0.08280022197529745,0.16396064141704014,0.1642356605319496,0.09435741998691675
0.17594801044900046,0.11198453763593684,0.09562365903649205,0.12997800318275154,0.09459479563769763,0.12608291166483623,0.13982498288000442,0.03499634424503038,0.09096675526825053
0.0756420003811637,0.13282359866191554,0.10689238980338045,0.0464513109523474,0.13109468660761056,0.13333802889098303,0.07970372312056011,0.15478606165772715,0.13926819992431202
0.15372876203223862,0.0682739277390123,0.10248657805362978,0.12376118410891003,0.1145318887296966,0.09519304497110802,0.16035260254164482,0.08703994693089177,0.09463206489286807
0.05267099742229423,0.15644890648541618,0.12284300053035165,0.04319444803093889,0.14531628913663122,0.15562693442814193,0.05397062727738353,0.11107695340814878,0.15885184328069343
0.1416341525570963,0.09087097306144215,0.10090339323556918,0.09384679518100784,0.12102758048782088,0.09904371379906246,0.14073184721854512,0.11268940730191605,0.09925213715754005
0.16244380705547434,0.10510422329490095,0.08691639090941301,0.11288528482282385,0.10435662849684117,0.10294257088917931,0.15011767296382283,0.08273189784111044,0.09250152372643405
0.05582681773328294,0.24114519782135277,0.07871824297511022,0.16651643314885164,0.07719585676129319,0.14660318954197604,0.0644782615368197,0.04881863447543184,0.12069736600588164
0.08629522103778291,0.24659094951470303,0.06510528523133277,0.07713407861669563,0.09966703416789806,0.13014128211790302,0.06315601695519062,0.12332178406080774,0.10858834829768622
0.032395545958927456,0.08254807883624471,0.07907760058077558,0.3001281195690318,0.08076048360073267,0.09180857984510753,0.07849459022256187,0.12623490345327887,0.1285520979333396
0.05237266641912347,0.0451263917312232,0.164574267060673,0.054302126395791704,0.13886740383563576,0.07995040798377558,0.11450421784665028,0.21006773591901498,0.14023478280811208
0.11029666461050273,0.06075814163463202,0.24138751855018384,0.03409206713471977,0.1449987497737277,0.1354881403107813,0.09439415700101773,0.033449863189026985,0.1451346977954078
0.09519477747963817,0.03636706188909498,0.09303439613084848,0.1681711607774734,0.10571769112617602,0.07375218417776117,0.1657390107397365,0.16723359958826198,0.09479011809100935
0.2130306754451793,0.150504503051497,0.09478317985752298,0.07349650597084609,0.1022349036037588,0.13156591321592692,0.11650598976761238,0.03141850646478502,0.08645982262287145
0.16350929786418644,0.19971023321638037,0.08236114999055348,0.08073112873282128,0.10375991794424579,0.13316860664825014,0.08593436309611492,0.05549032842112577,0.09533497408632181
0.0653018408730421,0.09591229862187643,0.07963290394178141,0.2416935126275712,0.08822251161580218,0.09338404981471095,0.09937572305372931,0.12489966764428584,0.11157749180720061
0.14517853375498616,0.19957110359805205,0.07875101595706056,0.10475825513346677,0.10021342060575417,0.12396358136603858,0.08442766173379627,0.06530719345733638,0.09782923439350905
0.16003876983792645,0.09648767990696444,0.08993219985067552,0.14151875566411043,0.09633107031208472,0.11123604630224966,0.15420615556467257,0.057534223527022144,0.09271509903429405
0.0959332441214626,0.13733992451107357,0.08498784972397598,0.06936296839409994,0.11769653674094192,0.1114131714366678,0.09607518916347439,0.17418964674920848,0.11300146915909524
0.023257033521490698,0.030016710223948626,0.2739142365678023,0.008111155330093937,0.11847763938375956,0.1809566327255041,0.03559025581129921,0.07279359846590557,0.256882737970196
0.12051217517627592,0.0839908959285131,0.0813785327804565,0.11521296631306395,0.10624663731632937,0.08554562861445396,0.15249815128971594,0.1607701634580702,0.09384484912312109
0.11958395034920782,0.12129726264722017,0.07894245398163617,0.14346730032656954,0.10428715305078522,0.09632752764980164,0.10948136348741482,0.12579075456400624,0.10082223394335833
0.08899591275724734,0.1417742774597405,0.08593395899381973,0.1961682610472351,0.08997447727147728,0.11934062851697967,0.09631451332271325,0.07191650363258716,0.10958146699819993
0.17947163835304034,0.17077150664635132,0.0930376579346866,0.10847512993490797,0.09313752247604878,0.14028038353650782,0.09804426739718987,0.026313501215373434,0.09046839250589382
0.16503793931383043,0.07701185591191757,0.11943236820901604,0.07662712242997442,0.12212745274663568,0.10162509599666121,0.16493347288527516,0.07742023624345722,0.09578445626323233
0.1246667231533453,0.12066191060089031,0.08905692997016358,0.17330823448450058,0.098035772599956,0.11075527293156336,0.1122367527710585,0.06837681704304194,0.10290158644548046
0.22204743340151858,0.11606530510471787,0.1092386884605524,0.06793225567012379,0.10876687756629155,0.12451610595491747,0.1351927618161615,0.02997063712561429,0.08626993490010249
0.12646028664776823,0.05799231163743768,0.0895590267887737,0.058066907320510286,0.0980162371160494,0.08224093934327646,0.22896703652517778,0.1712588534889059,0.08743840113210066
0.08181752001119498,0.1292038964764856,0.07795000021481446,0.20617583114599172,0.08987523074816313,0.09978728718204366,0.09595064150106158,0.11008273983030159,0.1091568528899433
0.12032995077037713,0.14822000657134612,0.08176879185253916,0.11286502329107691,0.11330066078389878,0.10701692549545112,0.09136197690861388,0.12160432434875167,0.10353233997794525
0.17157576941305033,0.11188848961787634,0.08809671514149213,0.12217499363532014,0.0991959028663182,0.11120705616642612,0.1451332679924684,0.058881220772133896,0.09184658439491433
0.051649316934011265,0.16133597831196694,0.07982699409193872,0.22284416560034848,0.08212979082007575,0.1189322941122597,0.07788279006680925,0.08229595174309996,0.12310271831949
0.0862457881071681,0.09577889341992372,0.07101439110800482,0.16672570737557632,0.09957939620937845,0.080047810869655,0.101562692923877,0.1982744892708395,0.10077083071557709
0.1293823858814432,0.1628092626562784,0.07588914270286541,0.13496129691100275,0.093913782372535,0.11113044126010697,0.10379851738097212,0.08889144717475021,0.099223723660046
0.10012392712400087,0.14527663253000153,0.08755657366269953,0.18392977195987212,0.0908794253622842,0.12320801013391831,0.09865987398520265,0.06328439825127162,0.10708138699074916
0.14199544098766914,0.2066031627802382,0.08415944878929986,0.11688038518356263,0.08507924326167828,0.14989668870371875,0.08649484264328676,0.03431029824855784,0.09458048940198861
0.08877430030097012,0.22822817711530882,0.06810695106877983,0.14428814679771404,0.08677256219552493,0.11364411034532844,0.07226908190447058,0.09219712954615088,0.1057195407257524
0.09280034694170403,0.2309043895518238,0.08665049822298322,0.14291766018285457,0.08408060399433749,0.15149555145832475,0.07071199434763091,0.0346760081194447,0.1057629471808965
0.07716436630931257,0.09065227352270437,0.07363463703361862,0.21372776776273503,0.09154828321032504,0.08181139182078033,0.10463733353923804,0.16180723443224265,0.10501671236904325
0.04860482470212033,0.06961513289791278,0.21268231800898021,0.03384412838926365,0.1539959889924952,0.1360249202079046,0.06302854080545495,0.09745209354033317,0.18475205245553508
0.12292113545132122,0.05199824179934862,0.08764902087656558,0.16566708848067283,0.09597471965767328,0.08817749623823025,0.1885046326650708,0.10804376243941212,0.09106390239170536
0.02500104364216676,0.043636487490912944,0.2622594365341791,0.015286084151904357,0.1354070435238063,0.1528137823472281,0.03915108988945119,0.07893345952686427,0.2475115728934869
0.15319133389312192,0.1351906707379021,0.09161437630418917,0.09287309086340796,0.11591871586312634,0.11285605073480064,0.11123208343452051,0.08747563348012018,0.09964804468881117
0.16514716894730783,0.09685251807197788,0.11045766530081291,0.06713433663773037,0.11927700985952289,0.10921262204841013,0.1552808118115873,0.0792823775260363,0.09735548979661442
0.13838931953945596,0.20107959978009626,0.10034275834625234,0.11877232767726793,0.08936806878222907,0.16204871810425822,0.07687275324022014,0.018506289919594732,0.09462016461062539
0.07510413566759921,0.0970403441420048,0.19606368405743568,0.02918903237385824,0.14701690109127066,0.1643134416712237,0.06638878569773074,0.0561170923145105,0.16876658298436642
0.034062682205635665,0.03720151058936721,0.30214682898378903,0.014334675012087081,0.14145104332198047,0.15391898307288546,0.03805949133106981,0.02545518074707161,0.2533696047361138
0.12022634209695333,0.13620933649574254,0.10253705916351857,0.16099821801367187,0.09222063557856187,0.15017984842396134,0.10570590471380636,0.030618173420077204,0.10130448209370695
0.18365489857611575,0.10328757035566867,0.09538239545583471,0.09293719480810325,0.1082766954277024,0.108041808039769,0.15459018635275784,0.06344659224229177,0.0903826587417566
0.07986944396763772,0.16330681711543849,0.055189201741653114,0.09621290583273871,0.08280381875292968,0.09274071423697394,0.09597934840732665,0.2346247178415417,0.09927303210376008
0.058076102692315335,0.07155141774210612,0.11985223893367129,0.033088766541225584,0.1209616977084166,0.1063612895429288,0.13404615419289123,0.2065817315929127,0.14948060105353225
0.05838898446004379,0.17671162477170052,0.1012103513567625,0.1862876288949972,0.08994090567205258,0.15780384923333826,0.0728888004105686,0.03243536354323212,0.12433249165730448
0.0914905190662552,0.08739805144011535,0.11640222808839483,0.07975400280572564,0.13894240108760794,0.10269830810181078,0.09863393009348663,0.16669168727913322,0.1179888720374704
0.17777469492548512,0.09668887996972446,0.09429484265000367,0.10320621236599094,0.10744032287667216,0.10504392595266998,0.15745854861525813,0.06731089383524892,0.09078167880894665
0.04069886647687355,0.08354673475200813,0.21491174109557162,0.017307664373296405,0.13631630212965248,0.18142476850174613,0.04862145980688668,0.061300193947732895,0.21587226891623215
0.047219943074353066,0.06481572510038153,0.25113423462136747,0.02207004738902159,0.14721374956228014,0.16132515704495173,0.053061544738603826,0.046831418380724986,0.20632818008831577
0.05387764815093876,0.07126363545440562,0.1586523414235327,0.03178260770521112,0.13505879600879536,0.12420854223993705,0.09644202780579013,0.15918878572335357,0.1695256154880357
0.0795264505734303,0.11046922355445159,0.08809655203862776,0.22551704043134094,0.09352682591756778,0.10608712618827022,0.09887036463954503,0.08609199664461942,0.11181442001214693
0.1158081111558178,0.21025658809336886,0.07127219524498256,0.1186672678869231,0.09484015299276653,0.11676250236999575,0.07952100293206106,0.0915824115065265,0.1012897678175579
0.027763923934774268,0.014548288761622133,0.35163180188182497,0.0033700398025373526,0.1116938672815384,0.21326367623813489,0.023219556225197332,0.005994046854943411,0.24851479901942727
0.2051806312668615,0.12265208930567029,0.0990956804810878,0.10418461715028708,0.09754590243743781,0.1286247291292685,0.1298393484788224,0.025805896011741557,0.087071105738823
0.1486334634037008,0.1142146869236682,0.09825080894740823,0.1571229597550391,0.09904703700249214,0.12170263319647823,0.11979921504125239,0.042487519840005566,0.09874167588995546
0.19433936322174097,0.10157555920664792,0.1031563406176027,0.09253247857390574,0.11184216938842025,0.1113558604807363,0.14442289137741046,0.049735218439237984,0.09104011869429766
0.025279220784461206,0.06458975620371178,0.1730075152372231,0.04338832868848303,0.1524675294535032,0.10763855397940962,0.0456178220474032,0.2040074147628914,0.18400385884291348
0.15740826505302477,0.09131671602174991,0.09561954714574174,0.06789309645501847,0.10903293878520222,0.10061117231684309,0.18396072550760426,0.10237452711812216,0.09178301159669323
0.1138973339156789,0.0887755398035976,0.08681174625173803,0.1885105557248934,0.09430898440174058,0.10326761923359888,0.13750742236838928,0.08605355341086356,0.10086724488949965
0.12208373190887835,0.19638350248484873,0.07775253398653757,0.1331287762034787,0.08254259080390908,0.14038987565285244,0.0942506112575086,0.054648008379782446,0.0988203693222041
0.08434238613102908,0.09415913487846576,0.14239796418713827,0.05283343539914275,0.14575339676898366,0.12252055303637681,0.09052208311591266,0.12990927575721847,0.13756177072573253
0.19351439431159112,0.13989755814268676,0.0912129519300701,0.1042877060897401,0.09646358725543243,0.127031581311018,0.12412058196396843,0.034604069322088864,0.08886756967340426
0.09002332361243047,0.14436033671386136,0.06954673693937743,0.17064882366463618,0.09019196059324928,0.09369026914641308,0.09451419187605181,0.1429487870500007,0.10407557040397981
0.19707712597536906,0.16403757995826937,0.09192691231435901,0.09524077065550007,0.08971952259925882,0.14481091290308679,0.10927185053003281,0.02247614057020945,0.08543918449391469
0.1617295569157626,0.15499246198919314,0.09989540988201305,0.12787399721234585,0.09401787058981705,0.1428792235355599,0.09973268776675089,0.024870128511253396,0.09400866359730414
0.1563887392688256,0.08855899723422724,0.10935788708680298,0.15704095947226038,0.09953189169311898,0.12756971946638204,0.1356077416699115,0.030232645329197106,0.09571141877927423
0.06282818269759936,0.07038592113599121,0.15453860904204667,0.06236868362200105,0.15213762561234215,0.10501338247210427,0.08116293194565526,0.17050259911127633,0.1410620643609837
0.14417727049296472,0.10695021446849395,0.11028889798365536,0.0722866452850386,0.12674435317010121,0.11210419936885184,0.12605557617247135,0.09636197553535948,0.10503086752306341
0.19107475880135572,0.09542329166790038,0.11003366993192142,0.12589744581901116,0.09914500722254899,0.12933789324974973,0.13715472583670416,0.02236816273548406,0.08956504473532444
0.0877195011650111,0.09295637927612717,0.1803808895998326,0.0467378035575271,0.15567947540862107,0.1393287912316008,0.07562737948181866,0.07577886677178049,0.14579091350768106
0.06641790076918545,0.15043591806430714,0.09751738969851233,0.2107335840138004,0.09218565231558636,0.13501309424300867,0.08173079043248697,0.04696174190878138,0.11900392855433123
0.11645861780827065,0.0999402809591411,0.07710361670651915,0.1416131315646096,0.10185048807688925,0.08906646427366766,0.12886180603159827,0.14773739694494517,0.09736819763435924
0.043997610562173516,0.12481966085390546,0.11739025255364781,0.21879385487609937,0.09967402539889005,0.15506588526942952,0.0739586253015304,0.028453107817475277,0.13784697736684862
0.10133099990850636,0.08754486771513652,0.15068267176736141,0.05261591664318682,0.14410601930384045,0.12035092828904555,0.10575952326177775,0.106725249577813,0.1308838235333322
0.05505377280744992,0.04822189566229842,0.2712803239700166,0.02762439023607712,0.1493084796203946,0.13302629090672913,0.0706979054507705,0.05077893774230565,0.1940080036039581
0.07136440500449258,0.07125697018299917,0.14190517621308316,0.05473185526064034,0.14146265959008805,0.10218984972208495,0.10536441734735336,0.1756324578818931,0.13609220879736525
0.13644538378334914,0.10033801419943782,0.10134514850343673,0.0824918041512502,0.12257037342211137,0.10320371122278581,0.133761126881952,0.11768222067664284,0.10216221715903412
0.08342859064614731,0.0750089936968026,0.10252137212262523,0.234072871656302,0.0976481139522305,0.11497059096637863,0.11836038639361113,0.06442942271655626,0.10955965784934639
0.08697243371164415,0.10039745591870368,0.06510789260050924,0.14212774874030373,0.09273480127466031,0.07725027127915697,0.11506724022810683,0.2245273940286023,0.09581476221831287
0.1372359207626442,0.1206579974945614,0.08170313334008611,0.13326396257687753,0.10364527613270062,0.10083253404313318,0.12174785354657598,0.10276095418874898,0.09815236791467202
0.13605576312668088,0.10573053004565242,0.08270269821662989,0.15500857710251034,0.09444079646825358,0.10508370116761222,0.14178796469119495,0.08282451871812456,0.09636545046334107
0.16026246536121652,0.10282327939909047,0.09003189738193058,0.10199092963249186,0.10915677958292085,0.10179511148901717,0.14981974620449962,0.0907033635942774,0.0934164273545555
0.12195929092151366,0.14477680063518447,0.07319219737731544,0.14333946828727784,0.09036457444354917,0.10556720642177327,0.11689533525623942,0.10560614433096858,0.09829898232617808
0.0904386908809876,0.11843988801311404,0.1492225834612966,0.04138315094286838,0.1448960424624178,0.14910157721198494,0.07683192025339758,0.08490027600245387,0.1447858707714792
0.13088811164894554,0.15482345192900446,0.10833898443864975,0.14854323200058003,0.09650395051862388,0.14927358049424858,0.0890473181529551,0.02252222232818056,0.10005914848881216
0.16873381400828036,0.10002625818425155,0.09156129711494833,0.11885645800880751,0.10583750870455089,0.10489691652822153,0.14753260813381575,0.06950924340363056,0.09304589591349353
0.06812107644729172,0.1421360185296644,0.10518921516644551,0.2026009909351687,0.09439858528996443,0.14884599311774324,0.0834712709705161,0.0364282430987665,0.11880860644443945
0.12547631760888353,0.20244796956690983,0.07579188380943816,0.12107867024383424,0.09799032050737992,0.11803749404351589,0.08083137135542325,0.07752665642720596,0.10081931643740939
0.060166282123111044,0.09971651794199576,0.10993038333844563,0.0487483743753386,0.13212231642318809,0.11413475739761568,0.08337130877493663,0.2099690911468076,0.14184096847856104
0.1598470467596464,0.26123962433168607,0.06926812439275644,0.06535825736597979,0.08303353050143158,0.1627567979312834,0.07155609534553696,0.038619819779012236,0.08832070359266715
0.11976296080211934,0.1083726641565667,0.09471625901148036,0.1071983692698994,0.12491624558405728,0.10257516295673487,0.10313489044982056,0.1338443398216552,0.10547910794766631
0.11418470131585055,0.11505371078756214,0.0786757126858559,0.16664856531676595,0.0974337089238052,0.09642429936212842,0.11582413638242368,0.11443140832905598,0.10132375689655225
0.08543731056935105,0.06901088912985291,0.17295628559447684,0.05472197002802657,0.150168461994497,0.11083152072314088,0.10299904899486939,0.11628781559427065,0.13758669737151472
0.15751336919009298,0.05853304280286528,0.09919263908629616,0.11316323871252547,0.10653688385000533,0.09112153639428118,0.19656255319392577,0.08994220086651228,0.08743453590349566
0.09942509530206732,0.18646967947047943,0.0758824228968998,0.1604749271485252,0.08668966702491644,0.11885047640969004,0.0874071067055055,0.07941638999176386,0.10538423505015242
0.2333710837883369,0.1284222627957413,0.10542866333837847,0.05419977235508489,0.10133912857665194,0.135235287320243,0.13658444183207888,0.02375224656452324,0.0816671134289615
0.11835638594812255,0.10197659027800214,0.15015487681072537,0.046119435777558226,0.14025273001180585,0.13428209444864372,0.10244089466686719,0.0778423248410257,0.12857466721724928
0.08597981197124666,0.09360436705718585,0.1850011246473492,0.03727108012692258,0.1497604235521807,0.14807649188431385,0.07721219468527794,0.06911770617682937,0.1539767998986938
0.14877151264560778,0.0918501885597472,0.11769633879979391,0.04365910308882143,0.11567964434435533,0.11581529272870232,0.17520588300793183,0.0861027374412157,0.1052192993838245
0.1944418685193147,0.1076500266790859,0.09785388872259798,0.11557229516332486,0.09713368629072079,0.12343385252226836,0.14411930639789575,0.03155841894523811,0.08823665675955354
0.08993858978122887,0.1457015189335477,0.07952375343284825,0.07345674893460134,0.11451614777855153,0.10988187293007912,0.08883244829557668,0.18597633796844018,0.11217258194512625
0.17762418838672653,0.146635361444963,0.08494145920063799,0.07388007984774901,0.10311875293644841,0.12077651695105733,0.13340688546199253,0.06809610229089254,0.09152065347953252
0.056966228183848444,0.062401063182262385,0.15266183594641222,0.05355193590861842,0.14405354562910058,0.0973551482792704,0.09336995162336988,0.19506936553907703,0.14457092570804056
0.06458221384131137,0.07128466874153669,0.08807084304612393,0.25674071097473866,0.09136151261763105,0.09604660513907297,0.11012728104960441,0.11046650852452022,0.11131965606546064
0.11570917946628116,0.14553297750600827,0.08682354191371915,0.1710438450945412,0.09366748610714337,0.11844484726866984,0.10119798601817791,0.06341524521466503,0.104164891410794
0.12863278213386284,0.13464255802921102,0.09314584155172127,0.1663864719672097,0.09641513626724918,0.12233704998784116,0.10590430510350718,0.05017707617843056,0.10235877878096712
0.136435457512887,0.1823677348273511,0.09191153009723585,0.139833879222686,0.0949184457393838,0.13289144661905933,0.0853121991864369,0.03652710445876484,0.09980220233619518
0.06018961898822631,0.10358461591320918,0.09675788528192215,0.2500333531183918,0.09411254182670654,0.11661868344685679,0.09096432016136907,0.0685629682916503,0.11917601297166781
0.1557071405259491,0.1293461546941109,0.11205989203951773,0.07262301839214493,0.1291300227156457,0.12446825979444921,0.10109276480087515,0.0701662818033242,0.10540646523398307
0.13881192247274834,0.15436909366725113,0.07526371514225484,0.09957341833524251,0.1003337431502389,0.10901629225191738,0.11568491947207682,0.11033180513645184,0.0966150903718183
0.10244726012371506,0.12854819037923354,0.08852717442210367,0.19340520113907403,0.09561940706841116,0.11164502834018293,0.10048880544443879,0.07183430524153667,0.10748462784130418
0.07290437241939683,0.2537424556695517,0.08766485691026521,0.12061224011276576,0.07581414661070095,0.19284787338072,0.062029226414222975,0.02335241212553522,0.11103241635684129
0.053376428678252284,0.12339391515360033,0.11951163982537039,0.2154922303147171,0.1012315297438006,0.15331786448930598,0.07811471068555903,0.02691641834570375,0.1286452627636905
0.09991470387748776,0.14424087366282806,0.0756337250395139,0.14395732896374777,0.06974363397276565,0.17018911656029667,0.14565612255642948,0.05293996752288029,0.09772452784405046
0.10008722341479943,0.12611406716341128,0.0689415338810219,0.16539219402472496,0.0833618143119757,0.09927181030403025,0.12511573031431134,0.13280614203401775,0.09890948455170727
0.07144441171836283,0.11908754051809263,0.11894792824981021,0.04363818825666341,0.13583108440629474,0.13402537026656453,0.07975678831973794,0.1510874719408958,0.14618121632357797
0.19517640971751124,0.10992352641003243,0.10275902840984863,0.0938477102570039,0.1124035529982752,0.11408295145674759,0.1330617534573119,0.04667564101008497,0.0920694262831842
0.10215338225210706,0.10452822842745119,0.08431882368192926,0.10003305510426878,0.1165776765172008,0.09327171000920764,0.10999084715236146,0.18564508384401368,0.1034811930114602
0.1093715330984135,0.13270977509310733,0.07607541773247163,0.1152720628278953,0.10759299785965322,0.09728341757932583,0.10096244082326518,0.15913791338864555,0.10159444159722243
0.019878513217687185,0.041971521606849325,0.23439386562432107,0.017830464092523788,0.13160938153666565,0.13152627390438654,0.040175395379843264,0.14354258392994754,0.23907200070777568
0.1469396312801489,0.09865844983993703,0.1366354597418872,0.05919188173019649,0.13518603286299688,0.12143682049945759,0.11873542076220854,0.07174610776709404,0.11147019551607329
0.1491148910976602,0.18143411271542453,0.0796002856098723,0.120249781977666,0.09044615834542773,0.128031237492102,0.1008752220150846,0.05477847105253775,0.09546983969422489
0.15050147695412147,0.09487469398038083,0.08684177340870199,0.10991173749443754,0.10680819043062761,0.09669519957530474,0.15663906803791358,0.10491297880141713,0.09281488131709505
0.09582554440624247,0.1473784596372277,0.09094841139411296,0.18851348453206662,0.09220973391834257,0.12588147431750632,0.09382974153823916,0.05661565300886633,0.10879749724739589
0.07580370500481116,0.08618863840201489,0.18902587424249032,0.03253122906707768,0.1461056905879546,0.14842754858767107,0.0797635195354891,0.07770999155724129,0.16444380301524988
0.1043690118576508,0.09476834887678424,0.12040395879931325,0.19601916486966017,0.10327609878929876,0.14114229803043163,0.10570300606714093,0.0278559288601974,0.10646218384952282
0.15149110844380523,0.09864299139281718,0.1076778556195603,0.08253480121912034,0.12418545786925765,0.10648477836321173,0.13474413009047534,0.09341638094396572,0.10082249605778659
0.15929491163314105,0.14830549739024068,0.09614819393712372,0.08456553133553613,0.11925065675332207,0.1215017725226748,0.0989238752072563,0.0713006188059158,0.1007089424147894
0.10616658516035767,0.1460792168798569,0.09636066321079555,0.17369158158152978,0.09165354964142473,0.14055114819558015,0.09833425791902987,0.04160523301678331,0.10555776439464203
0.16618608377356267,0.16031374169663012,0.08879596334797628,0.12049323108395316,0.09128589141518632,0.13517995633551436,0.10928363443175752,0.035814302930637476,0.09264719498478215
0.14108629426252828,0.11804284166585872,0.1378246468063602,0.06039136657332781,0.14116686550429938,0.13407671019671377,0.08997989881725972,0.06203223029772189,0.11539914587593018
0.11115290182421701,0.11587638271672233,0.07895495105576132,0.16984639019054784,0.09861179706688322,0.09565889697025337,0.11084729391298222,0.11664285878955767,0.1024085274730751
0.0816826444527012,0.10804084243130159,0.16180220819207272,0.04143276824949595,0.14975884473234255,0.1472250833686182,0.07335757227714451,0.0859069634125977,0.1507930728837256
0.08963229262726846,0.15065187304988792,0.09281408170876893,0.19450560025535313,0.09324483774910391,0.12567817270557127,0.08884921863849311,0.05376274804014438,0.11086117522540888
0.07553466394935827,0.10028061004766968,0.06211981521356425,0.16463336981698173,0.08768735276601591,0.07369222267388886,0.1040442064781512,0.23465843637880213,0.09734932267556802
0.14432588032387914,0.16039768716926414,0.09860584382875227,0.13774794423076317,0.092719336133604,0.1449154921587027,0.0964740987382957,0.027846764370332604,0.09696695304640628
0.11610902571210156,0.24439575738621064,0.06954217555735386,0.0914310420720741,0.09660376543582176,0.13043758386234625,0.06928111895208787,0.08155184563733954,0.10064768538466444
0.10741530205023953,0.10760670038534359,0.08256329576674638,0.1872853481950105,0.09316574498988822,0.1028237944477094,0.12109048651439487,0.09504576098397914,0.10300356666668838
0.029687289059097163,0.0840179511696139,0.1848273529719364,0.018518212249239697,0.13282981870101815,0.16488980087606128,0.045939944123869425,0.11818033056028032,0.22110930028888362
0.1079725411083091,0.11562515041532734,0.1008445394599533,0.08356873784878317,0.1306832755917377,0.10979889043676509,0.09612834787156159,0.1434137634081367,0.11196475385942599
0.13152616203038925,0.13658173437300083,0.07385434633168814,0.12829149432044132,0.0945027731904295,0.10246878684309883,0.1250782141540926,0.1116157776681037,0.09608071108875597
0.15371828409953645,0.1340085715934631,0.09971004593065486,0.07684726346003441,0.12149352105710291,0.1190417327496849,0.10988728278571347,0.08295505112516423,0.10233824719864575
0.11433054482657808,0.1588620464976503,0.07102541039623533,0.13238510208484658,0.09481182969078672,0.10227844058800455,0.10051549690772277,0.12565589932985777,0.10013522967831812
0.11694065570859569,0.09770801819741727,0.08462990583728934,0.18090181674587727,0.0933080333745271,0.10460098707755024,0.1352019970605948,0.08642621139863939,0.10028237459950877
0.12668562850437523,0.1584887817622093,0.09415845918117897,0.07611194630843852,0.12379714347110989,0.12510969235901667,0.08679891718107764,0.10024596875845034,0.10860346247414338
0.13614697847573135,0.11845724016529206,0.09153933681089206,0.10546842084252372,0.11887288267187017,0.10490365570646669,0.11092326639275622,0.11178314188101841,0.10190507705344919
0.15269251428115224,0.13085470766195795,0.07485333478511237,0.11385825154788631,0.09186262579058484,0.1080731668892112,0.14763239024790614,0.0893003203210106,0.09087268847517842
0.189917052664805,0.15673232849610616,0.10052991099112517,0.10763695596206246,0.09631854417299078,0.14003670882393462,0.09849985878770556,0.020755095137865987,0.08957354496340424
0.09208117622242634,0.05588604366535599,0.061230734546540606,0.1259494631323795,0.08064437436282516,0.06494969406863106,0.19848090981638264,0.24144547172741296,0.07933213245804566
0.08343862847370813,0.07992134394055385,0.15654586013972718,0.048365339157688335,0.1449529230749134,0.11771884384366771,0.10257947531595991,0.1259087642806856,0.14056882177309585
0.1186052707038918,0.20357868408332083,0.09119875904516665,0.13527574838512244,0.08703093515516941,0.15316433312849073,0.08025056294361178,0.030759736117216958,0.10013597043800938
0.1838413939175786,0.1049605425148512,0.09329095327577841,0.1221607969335977,0.09417147681274397,0.12190796088570666,0.1535425960620255,0.037714048982000106,0.08841023061571794
0.17002766918694737,0.14139785537628333,0.08907659386682225,0.0905738888979773,0.10930739652418353,0.11603204351918765,0.11839567649309364,0.06993086010673284,0.09525801602877211
0.06933087803247194,0.1439515607571908,0.08636742834128185,0.21642902178853374,0.08871703793380019,0.11867079162365206,0.0871337008695362,0.07359823842147727,0.11580134223205589
0.10945500372181916,0.10583922820137619,0.0824693183230857,0.10044333228384479,0.11303764548375872,0.09286188730751362,0.11940814373190638,0.17555674659912757,0.10092869434756781
0.02983475127544014,0.03938397772530352,0.29027919809464153,0.013269019424063907,0.1381940125161383,0.1607490855965256,0.03630388266834856,0.03634692585379864,0.25563914684573985
0.10634379879482014,0.23216165557401616,0.10073697401857551,0.11600659745289316,0.08487883934102249,0.1795601758860996,0.06562243089508389,0.015375502298585449,0.09931402573890356
0.047645126740986386,0.07377691462919801,0.2098993241582474,0.02742741332287398,0.14736988715073665,0.14941226497984963,0.06164695313626876,0.08935678000858133,0.19346533587325776
0.12833301016296414,0.1345989827301589,0.08710286626877119,0.16296749622112447,0.09489092738246414,0.11644261732700056,0.11102254068090395,0.06320879665240546,0.10143276257420712
0.18782457755091417,0.14943497999913954,0.08997106852586652,0.08313499139443069,0.10563099232923824,0.12302250720064094,0.11788955022571608,0.051407974232218025,0.09168335854183585
0.0943673429218274,0.18904302544441243,0.06695807442474883,0.09061015965772139,0.10016085546748704,0.11053601441315025,0.08000148738577596,0.16330197782126407,0.10502106246361269
0.036034549354587296,0.07096215559504311,0.2225601838686656,0.02343658104212912,0.1465945859617438,0.15484961739645653,0.04918087471948829,0.08367671066642252,0.21270474139546372
0.18048231206475832,0.059494540632748484,0.11325136321325069,0.09769254985934517,0.11087904201390404,0.0974228209190207,0.19223036018126513,0.061543266024959555,0.08700374509074789
0.12309490935747554,0.12375539472012263,0.09048064954421485,0.16981004096030836,0.09137203062973531,0.12592044532496394,0.12042898775972521,0.05421055400631399,0.10092698769714015
0.11882080672890084,0.19916349703439706,0.07300703940503939,0.12672324764730986,0.09405700699624668,0.11543960697970605,0.08403068324099296,0.08760055747739574,0.10115755449001151
0.11707559143738572,0.10338785930234613,0.0801645967370935,0.17133954009366825,0.09471294744832147,0.09807835844270114,0.13035605978720421,0.1052041361785092,0.09968091057277025
0.09480800393081606,0.17914471817904573,0.06727761236290816,0.11804665011262638,0.09847067245027087,0.1023889741133232,0.08089699228583075,0.15560692249064176,0.10335945407453706
0.1061619868096927,0.08062662219021509,0.0871016433375593,0.19724797407326844,0.09113938035399481,0.10569513362388083,0.14618852005805946,0.0853953476056905,0.10044339194763884
0.08281632746983066,0.13229113028915643,0.07277999922705355,0.19396844115206477,0.09098299968611041,0.09209534183465536,0.0927843177806219,0.1353297595816457,0.1069516829788613
0.14831702628988544,0.0953636091345272,0.11003354234290584,0.07938895314615689,0.12516088705109166,0.1057770051109201,0.13766499907367682,0.09669985558845123,0.10159412226238485
0.16186270540938905,0.11838778439457032,0.15644929122807336,0.03616387151319064,0.12931498434200903,0.15627925809562343,0.09257271665376404,0.0332039309862522,0.11576545737712791
0.13422941309020564,0.11684411967364006,0.17218735550877498,0.03523856172133016,0.13863051443842653,0.1623108676602362,0.0770792613867286,0.03471527219106232,0.12876463432959545
0.022506602144252454,0.03473057740887032,0.2610481020953324,0.007652546535015836,0.11593203057989553,0.18931334803607228,0.03567812412294369,0.0813780129485344,0.2517606561290831
0.05664009576164659,0.2199239818904415,0.08711178796741703,0.17559139005995275,0.08226361619642715,0.14817363280119034,0.066719009640617,0.04127249444168185,0.1223039912406258
0.12965199161616206,0.12394344625858462,0.09110543764043984,0.16233483839261173,0.090267637869902,0.13026876018428493,0.12487924137853672,0.04863807504575862,0.09891057161371951
0.06273129400485367,0.19786308853325374,0.06569847511332254,0.18557712004102825,0.07928503366903716,0.1030014618794108,0.07473512082498063,0.11843893812264655,0.11266946781146658
0.17870257056130942,0.08174754837245282,0.10794544434945597,0.09805158117405703,0.1160611929571878,0.10319284967975577,0.15735769439751277,0.06428566095974299,0.09265545754852544
0.13950444028618822,0.150315467022715,0.10573793963681218,0.07064068883497164,0.12922194357041594,0.130587572084216,0.08721710215033403,0.07788733559807963,0.10888751081626741
0.16910869553993776,0.15172675365048752,0.0933522523538931,0.1249206989862167,0.09698231107435108,0.12919982752311085,0.10518578455818521,0.03507802774100093,0.0944456485728169
0.08085885370423952,0.06832875390243705,0.203201605113565,0.05082588496829327,0.15825564176745546,0.12107107005418179,0.08421641745181235,0.08560055691383883,0.14764121612417677
0.08047300336116213,0.1552002593407328,0.10556612710555789,0.037012986030590785,0.12547124003457888,0.15212369254264102,0.07626266298883629,0.12339606485825193,0.14449396373764836
0.1372109402211713,0.10365934948592796,0.10611665715585446,0.07684069650973352,0.1255931515938102,0.10758356450078273,0.12814355599804347,0.11026661150331259,0.10458547303136378
0.13570655752692753,0.06183997018760287,0.1520353814163709,0.07000897539428354,0.13584976747025523,0.09922360983692143,0.15159117448061768,0.08646166698673037,0.1072828967002904
0.1607321352970307,0.08019280994869821,0.09151458807954986,0.12228222359412001,0.10466201516023803,0.09794632630585948,0.16971840044892142,0.08204391098826679,0.09090759017731549
0.11833150437171265,0.0689195149612274,0.0899110063000408,0.10454730845572735,0.11152626836265127,0.08247202290288903,0.16568695116659016,0.16505000298470365,0.09355542049445768
0.1337718769678835,0.10187086258779103,0.09921810057943588,0.09613612407990708,0.12378895876287214,0.10259818648036266,0.12110439347744956,0.11870741961537752,0.10280407744892063
0.19325457164101523,0.10563965174537175,0.10291905898811626,0.07899915823022262,0.1119305972243323,0.11276076280161891,0.14978045843041965,0.054131627786038854,0.09058411315286453
0.1527137801370271,0.107539878753602,0.10124101287793374,0.15646285958853473,0.10014786707267838,0.12209800006981646,0.12251604306327353,0.03911637252756164,0.09816418590957249
0.15001680387185878,0.06186581630700916,0.12743363589862508,0.0879741835084427,0.12650097452384404,0.09508370463872716,0.16497930526650248,0.08849869874171563,0.09764687724327503
0.1590672704381268,0.1566648042837381,0.09169745232135128,0.13099238950745537,0.09645379538866851,0.12826478490070248,0.1018171865511653,0.03879613261106333,0.09624618399772877
0.06977026869474223,0.15155852968538794,0.061493064283676686,0.1151662656505585,0.0966980542156994,0.08905846363073783,0.0752345439035061,0.23735061268141275,0.1036701972542786
0.15016304550906268,0.17716530523961146,0.07724686532980211,0.11435624971934578,0.09295773184318741,0.12180685725599148,0.10427943107709475,0.06665680409028245,0.0953677099356219
0.12186085810003593,0.10684414831636214,0.15687688803434616,0.0461209187083097,0.14321871754014837,0.14071103019603048,0.0913848876768976,0.06432138934504479,0.12866116208282477
0.07368899141728029,0.1850968473078677,0.10878731355026398,0.16673595544381412,0.09323393225722963,0.162355793869035,0.07191593772270126,0.022177897248879048,0.11600733118292894
0.10259439471068944,0.19385194544708803,0.08764469096821499,0.15571813258398623,0.08740512038737082,0.14137514184316438,0.08258876081549571,0.043545538546918734,0.10527627469707174
0.03028528398774938,0.1331627074088787,0.09104791560103913,0.24559541532616483,0.0846102991475194,0.13476878855919072,0.066810354580729,0.061389420588995935,0.15232981479973295
0.1866005195170819,0.14433139172499876,0.11970592728309148,0.04881553243933367,0.12038187488954366,0.1449993428291351,0.09823436991160166,0.037021805517185695,0.09990923588802803
0.1370589984905397,0.17765643038682474,0.09151556598163797,0.13529777035492627,0.08939893261235854,0.14473435640880358,0.09315728134683872,0.03358285056682137,0.0975978138512491
0.1446548977095851,0.11166274316414498,0.08538340945775613,0.14942794439861154,0.08903489211631717,0.12057930964717782,0.14807325457329382,0.05733189699478808,0.09385165193832538
0.09126612600372641,0.10434587161801245,0.17045708943654792,0.03595161424384597,0.1452259043557254,0.15272141033938522,0.07901818823679853,0.07018330843091732,0.1508304873350407
0.10677597894644442,0.20853107737307597,0.06904826060351592,0.12873196492813183,0.09059211004266965,0.113776251092281,0.08058913701345884,0.09971390272318346,0.10224131727723895
0.11885309446573068,0.08426062679418646,0.11434437508285027,0.08999864070604374,0.1337414528615127,0.10071104002584515,0.11856706134149858,0.1311497021625934,0.10837400655973906
0.13891163982306912,0.08071896237851554,0.08588159251960377,0.12928235208134367,0.10496522103148709,0.09127189238651578,0.16052241808770695,0.115326413221439,0.09311950847031902
0.13635649619896492,0.21388592077740434,0.07742465348466814,0.1170029815195789,0.09070865112689964,0.13052920607225119,0.08233081117657466,0.054249494151613585,0.09751178549204466
