0.10889110926707612,0.16352076974981664,0.08740600952998029,0.049580267376641264,0.11258895595236945,0.1266108739078344,0.06011836825652264,0.20803111855724143,0.0832525274025177
0.12191921099714968,0.03435676280369866,0.14344623740961293,0.07578712640232897,0.1483093219874484,0.0959892588003326,0.21192011590890591,0.10311257202083256,0.06515939366969026
0.10977373810882259,0.1391349522788434,0.11497144090988455,0.15480719185250671,0.11634131103581218,0.08253253384490107,0.039789388071167324,0.08637887179908228,0.15627057209898
0.11934769336517152,0.15797712493348795,0.11454763302734738,0.08198328246513241,0.11812792812872157,0.11917781655053428,0.056695866349887936,0.09898166449743441,0.1331609906822826
0.12203813059715758,0.11352153512895367,0.1470144488112264,0.07272393961902122,0.12883989501585857,0.13037539587676336,0.0434090001957167,0.17105741000062724,0.07102024475467529
0.10672279073713438,0.08834314253116694,0.10382163372045766,0.18609909455989992,0.11743611758411669,0.06140489614228175,0.0892411736794948,0.06604058101581488,0.18089057002963296
0.10457423498287753,0.18708645979803593,0.08117035013699257,0.04576967949712232,0.10568701515580398,0.13880163644187252,0.03414782113439586,0.22339485184640864,0.07936795100649055
0.11719281632804783,0.15516196317459133,0.10177946800307884,0.07861230298006591,0.11689420829775055,0.13195656402005748,0.0621978798183058,0.10260998311940332,0.13359481425869896
0.11894794241378748,0.07100221204596041,0.08707193710107546,0.057373231620824916,0.13496599050156977,0.16383674593842593,0.11667661941034989,0.177496541566176,0.07262877940183013
0.1216150041009722,0.15898391587933883,0.10651100894233768,0.06222767490308812,0.12428645687813576,0.14065119604821255,0.040977663077098214,0.1528795803740707,0.09186749979674587
0.1178845986660592,0.10232184881267298,0.10608525152528919,0.18416682738907678,0.12858586486968407,0.0750362021481201,0.05339141112932724,0.08390007853671778,0.14862791692305266
0.11518337539335173,0.08859193964089879,0.1435937307751405,0.13869415985637015,0.12503248969345757,0.07711290096858435,0.09672214701770403,0.08262279204247915,0.13244646461201368
0.1168448639016532,0.16207321796367033,0.14225596332835014,0.0895995069897391,0.11418888330043293,0.11414452019837402,0.03027723740909878,0.12532290247277622,0.10529290443590522
0.10740460407609559,0.03702405748631738,0.08776959263181298,0.21462469942175053,0.1371243801200299,0.05910519749396995,0.18129236266652504,0.0680794140917888,0.10757569201170987
0.11852842668196632,0.08098062217189693,0.09404301474355753,0.05662748301837695,0.13217405933298598,0.13290886764342366,0.14057163884717472,0.16767908849117463,0.07648679906944326
0.10894210510033453,0.042666454250800755,0.13062394809463612,0.06097989714129689,0.12956797551835783,0.08741859464416014,0.2649468326440209,0.10056388496919828,0.0742903076371945
0.10375714595423004,0.14093217493045532,0.1579479359351148,0.10873140524419002,0.10588385436766364,0.07979043135115849,0.06820296360267374,0.07683644092974429,0.15791764768476968
0.11649231102350548,0.13854681959222476,0.10843483958320181,0.16081542384477768,0.12029708876864531,0.08613234409669591,0.03106579796940386,0.09287479129903158,0.1453405838225136
0.10970185928379289,0.14866011061813664,0.16632906809139375,0.07192239042575459,0.11145988790315303,0.1183595910733788,0.04348114504739987,0.13690465023171416,0.09318129732527625
0.10294766872633994,0.20224905306692112,0.12062506723865342,0.1158156483809936,0.09969960052995026,0.09134250118132264,0.022913991301950685,0.08606515311603126,0.15834131645783703
0.04416442899509579,0.00464670162225217,0.02440549628546836,0.038303823104388776,0.06091397038406068,0.13788139005524727,0.1586500214731002,0.5047199849861786,0.0263141830942081
0.09466316688256587,0.02626221244949516,0.14387052102720846,0.05571045904279145,0.11986378160574856,0.06607048302038541,0.3511357491916605,0.07897527854894339,0.0634483482312011
0.09548105705664357,0.2110162642353338,0.0775351197428409,0.1541632404774424,0.10122958412617451,0.1032251275814528,0.00919475213523796,0.10319202819956279,0.14496282644531136
0.11212745232573125,0.1299389134213194,0.1666974465598858,0.06539287074925774,0.11781078648672201,0.10083610028605172,0.08420364795169676,0.12118584729929587,0.10180693492003949
0.11390785565727264,0.07763663473638079,0.08735442630212964,0.2083612453651158,0.14162662562297682,0.08331773708965001,0.06358536712102751,0.11627658958318772,0.10793351852225906
0.0900254546435072,0.09568934310423044,0.0590643023145691,0.044206733833525524,0.09458343745855159,0.12846628505710855,0.0536866908683114,0.37492295863493835,0.05935479408525784
0.10651420320590876,0.04000101333244694,0.08136758703732574,0.07851485875999507,0.12073212933160227,0.16828153814934102,0.2256607961694109,0.08582931997068227,0.09309855404328699
0.11331335727237579,0.21085556314009968,0.11436017137356143,0.07996256122856132,0.10655306604140974,0.11393710400908856,0.02692039752790221,0.10100044648964573,0.1330973329173555
0.11322383984482624,0.1457115730498565,0.14038066043237388,0.11269950624808012,0.11224344853617342,0.08296069351002418,0.05452818732358319,0.0799479601808852,0.15830413087419729
0.11006048850160428,0.20538347466315243,0.10226345378284074,0.05302158969573439,0.10860383092807736,0.13240409800849365,0.030751554405860162,0.1652577655844343,0.09225374442980276
0.09113347905995177,0.12997906349051022,0.06209076767078169,0.041553840799818616,0.09332871371633848,0.13603474704256044,0.038042238449333084,0.34740879391099316,0.06042835585971257
0.10932140331886649,0.03619828855186499,0.11822669998562935,0.06270518285230701,0.13106837327459128,0.09576032724785478,0.2798693811075519,0.09489023791351407,0.07196010574782023
0.10678150299045297,0.04183582695180358,0.13409425629664418,0.10656425679379648,0.12015622592427759,0.0737026264211301,0.23698422653989873,0.05973673594268856,0.1201443421393078
0.11011090394152,0.15604817241808733,0.10423655341501607,0.15984299981524933,0.11251802348955116,0.07944916558975308,0.02875784711917018,0.08124179105572497,0.16779454315592787
0.10288993877076191,0.0562618420453746,0.1052161375671709,0.05098098258717243,0.12046784982779057,0.08457709707707102,0.2643264179549211,0.14748779917737223,0.0677919349923653
0.0774544643341218,0.08283214526618568,0.0833803859528217,0.16943744381731976,0.10411231476577802,0.07299523651315591,0.22162541810884873,0.06216151005386534,0.12600108118790299
0.12382446375600686,0.13534201863127834,0.12256636991730212,0.06655646614638236,0.128550455397174,0.1255924369131848,0.06344185158553124,0.1381195593205221,0.09600637833261816
0.09743059748761823,0.0644847036742071,0.15839688912486974,0.10821934424622599,0.1061074532676587,0.060515619421612384,0.2016935367488525,0.05730412625165332,0.14584772977730207
0.11335655067438721,0.16974788154564793,0.13717007947930274,0.10241182954539023,0.1098303150427788,0.09139981982024592,0.04019643181590186,0.0872388434389943,0.14864824863735102
0.11360554082969969,0.05925686990865803,0.11480842194206602,0.11208751133264565,0.12180521643852815,0.10047728305986987,0.17260398601567453,0.06798400047828287,0.13737116999457513
0.13110029055911424,0.10306493028138908,0.13475836783820322,0.08711979811173763,0.13685286761775664,0.12182979717978253,0.07195057596322418,0.11291737920575713,0.1004059932430354
0.11813777799234408,0.034008983665940684,0.10328740440437705,0.18722173631963815,0.14420353052236812,0.06436628300047827,0.17968739268700043,0.07563502096600673,0.09345187044184648
0.0744964590228021,0.049902906042070684,0.06232060326921524,0.0319581416193446,0.08845798350168611,0.10401856035546957,0.23069605966986684,0.32097843211732563,0.03717085440221915
0.11090087532500496,0.04168738801039353,0.08207379323242789,0.05353972729519726,0.13152180020052498,0.1463028588246266,0.21574826889755527,0.15605684236221135,0.062168445852058246
0.07098065824327084,0.015444066866710572,0.04343775767988008,0.04414235397136145,0.08564653232900805,0.1686621168940854,0.206158821326809,0.3226789849028731,0.04284870778600149
0.10999507824413586,0.12847207715808426,0.07975599174260838,0.04921557129795954,0.11733167365186964,0.15278841126005396,0.04441374892528108,0.24573514597436252,0.0722923017456448
0.10355791691626788,0.034626152385179264,0.07625636112936529,0.056570415450452945,0.12279568508328277,0.15032097425055976,0.265993518534131,0.12450221075625106,0.06537676549451009
0.12897255838630908,0.06409328405624304,0.12093175478560715,0.06133938803442084,0.15102428759777328,0.13469843756319852,0.09783795736448818,0.1817561134177652,0.05934621879419467
0.12439145157499115,0.09026717538070045,0.1474937403890337,0.11980062249203809,0.13001865500444834,0.08635106634149668,0.08941645675425625,0.08538274805011305,0.1268780840129223
0.09576368967045772,0.03841217350082723,0.17977574530773302,0.07589038816518433,0.11312899823347002,0.061824717499443044,0.28492861309457745,0.060800301756407875,0.08947537277189938
0.11017092145314134,0.03361455017124853,0.08102545374927282,0.052036373097263104,0.1341392181906759,0.14861099389246493,0.2282422128235098,0.1556581982204288,0.05650207840199478
0.12151595329930603,0.12291612195742152,0.14137055576080657,0.11499562953250804,0.12207886166733284,0.089882110151745,0.061108165323042606,0.08607816846219117,0.14005443384564623
0.10442319769514165,0.04116700764917014,0.0938904328281011,0.05635904264047404,0.12362974930521775,0.09883122300656899,0.2949241582117185,0.11812650222942755,0.0686486864341803
0.06962383571094179,0.06630803680853213,0.16922666802020667,0.02744153372452403,0.0901306368388828,0.11679068861210991,0.24611471981155897,0.1773143502826987,0.03704953019054495
0.09212267979447986,0.1441603849800301,0.0723324929957411,0.2134720644139858,0.1066772921550763,0.059858469462330734,0.03087629297633243,0.07019393468772679,0.21030638853429698
0.12454040908494679,0.07968113612272583,0.1224127581913438,0.07013242110632299,0.13688001613748577,0.12037419192939841,0.13709195232820656,0.11758897336347214,0.09129814173609768
0.11643536124659835,0.13065182213257012,0.16047741168776478,0.09663384311729038,0.11815067789110682,0.09246000132012962,0.06233390215865148,0.09652344992629976,0.1263335305195887
0.11150229542276259,0.05264163283612877,0.1266277698941951,0.14344804748438233,0.12271723541393648,0.06776073687926933,0.17246433095392075,0.0609891682679146,0.14184878284749003
0.10805483229387321,0.19799473247157315,0.08904329792112188,0.05326348821609328,0.10797375013369875,0.12446787404682451,0.04691626859131525,0.17273610131309228,0.09954965501240765
0.09837706968762144,0.05393201009047246,0.08132682526391784,0.04735612431974204,0.11491758965146776,0.08723157620288262,0.2703435842653981,0.18592814185679943,0.06058707866169822
0.11286016584040676,0.2123018422749494,0.11867262538661187,0.07459679598951373,0.10589605102389106,0.12457323600229205,0.019430121725528486,0.12368106662032563,0.10798809513648099
0.10105543533957434,0.021364716575954772,0.07137380350710401,0.059518138575592204,0.12434084269851424,0.18198362447996375,0.27596110867905566,0.10531497005904149,0.059087360085199596
0.10413122049831713,0.1123815002331204,0.07521710622235213,0.05523974789638921,0.1109433876721476,0.13838481375783088,0.1087782517200671,0.20821068913943078,0.08671328286034484
0.12090957093986267,0.05600828338224345,0.12420766703250252,0.16366534983344652,0.13628954994149048,0.0708214796117871,0.1327430336383734,0.07545964007316029,0.11989542554713357
0.09233719161459908,0.19019217150927026,0.07124556894528876,0.15676973622480714,0.10614377492728448,0.12006811127375251,0.008970104359212406,0.13185621930296978,0.12241712184281554
0.1231355539557818,0.12947791955567048,0.14672596171839733,0.10377463169266245,0.12347306944173252,0.09914159596795528,0.05134789947563236,0.10199226912679704,0.1209310990653707
0.12292131312344268,0.08499777587941339,0.130676274171249,0.07865209481482112,0.13236221219110975,0.11059772360041047,0.1338519326515167,0.09970452083417543,0.10623615273386143
0.1142910434438655,0.10700722580383117,0.15944207004821057,0.08418215749832215,0.1198269618497048,0.08552512148379947,0.11449338084641413,0.08752404529261769,0.12770799373323455
0.12701777601039113,0.10270924330867093,0.12564256666603213,0.08724381205999404,0.132155564398989,0.1221062106573546,0.09031140768554313,0.09799786308286533,0.1148155561301597
0.10323838096534493,0.09474663830987295,0.07360725153025406,0.056007017992321516,0.11156615659962921,0.14748850053015647,0.12684967688144277,0.20232762199648358,0.08416875519449452
0.11698094745808992,0.16853256009764905,0.13086040331471616,0.0753971693962464,0.11437300391072187,0.13258345856071582,0.02328007718933378,0.1524113336161347,0.08558104645639235
0.09897917635538028,0.05655354728487522,0.17243974730662645,0.08078618253892768,0.11134525832684672,0.06486990574153216,0.23637898737892452,0.06488378753874363,0.11376340752814339
0.1288863409926586,0.11467458774440276,0.11926863926637445,0.07067182972619716,0.136272753808373,0.13696108234200544,0.0656568222267679,0.1377078617744868,0.08990008211873389
0.13114105577567234,0.10051765862475552,0.13782772262528067,0.09297980545952794,0.13633548935438566,0.1165177564428969,0.07333464917619852,0.10705687707699636,0.10428898546428605
0.11447061577451968,0.14026782107856905,0.13641981374458056,0.12424721989643135,0.11457749745181256,0.08290472790613573,0.04995657217445432,0.08190826950034728,0.15524746247314944
0.09643407335923937,0.11723108827448304,0.07334715475317527,0.22900409145034314,0.11346437779226215,0.057601762792342935,0.04275638468984239,0.07023428926671303,0.19992677762159872
0.11332911382894832,0.10913317037801812,0.0925332589651661,0.20276786207391248,0.12696210502379054,0.07193124768935329,0.04348104635371986,0.08219888045001121,0.15766331523708005
0.11219537874677231,0.025765331581512573,0.09899967821563233,0.059356711417981156,0.14006717160000778,0.12337087541165777,0.27835334850867083,0.10429070124804511,0.057600803269720106
0.1287284131964309,0.10444133241923763,0.1273846913689867,0.08789536137510794,0.13364972473980205,0.12355193810840147,0.08171727726948567,0.1013450508456714,0.11128621067687632
0.12431233952100106,0.06959260573986788,0.1294533795612438,0.07870072860812853,0.1368287173499937,0.11429260072177123,0.15054565938136788,0.0990499878335324,0.09722398128309358
0.11625618394201831,0.06487180705487666,0.11854731055505931,0.08664821391965559,0.12674588341860127,0.10942758551636587,0.1820736191068634,0.08119990932861648,0.11422948715794305
0.09728848404611408,0.0367124407635466,0.07010899815500647,0.059209263308237975,0.1134304476016819,0.15984006417712027,0.26904752149331695,0.1230532552639368,0.07130952519103895
0.1097677891683807,0.15385215111840408,0.11744421553441374,0.14093361028362802,0.11392960724700418,0.09331492161028042,0.03036374314898385,0.09862486585406194,0.14176909603484308
0.12849232004276853,0.06920268784035465,0.12506730625084936,0.07047330449930193,0.14425461562530653,0.12629774051076445,0.12954779582444853,0.12596906858104087,0.08069516082516524
0.11899774433122073,0.1495084003213461,0.12842958414248848,0.060819853787906386,0.1225183002727806,0.13514039590935994,0.03702556649495573,0.1691948825785298,0.07836527216141227
0.06998216344469464,0.013213384482212133,0.04313265050499637,0.04135276946616538,0.08526026938958307,0.1437107636421636,0.21377849952255798,0.3508639916762489,0.038705507871378074
0.11971030419577748,0.13220435296107072,0.10894267372079004,0.06657623767778442,0.12457032403440528,0.12208556638955026,0.09101439209903162,0.1286003803687437,0.1062957685528465
0.117412346602617,0.16758072168468963,0.128724455101393,0.07370289272246992,0.11672349938613434,0.10981740666216755,0.05382278403770959,0.11065654582186124,0.12155934798095767
0.10171101987260799,0.023312132092726593,0.10081575208151443,0.07882828755029402,0.1226145235893254,0.1042718275390745,0.3251109383073549,0.06390506985028915,0.07943044911681307
0.11868213097918899,0.0456969709017066,0.15215643859727576,0.10142149048762251,0.13499095381509618,0.08008413699539522,0.19397948824840214,0.07529472190335497,0.09769366807195762
0.10921930669275542,0.17088377466071022,0.10575403299118842,0.14361861068565607,0.11111518623533424,0.09714920895221424,0.020442230574042677,0.10278461663746515,0.13903303257063349
0.11807460361703404,0.0799489566289897,0.09517000608424168,0.05592457767473838,0.13200579063054155,0.12814374765054895,0.14603678939705683,0.16932287113604802,0.07537265718080091
0.11286452162691346,0.11320359402357981,0.12408554083179857,0.13832126987710028,0.12388596700439287,0.10609501098405572,0.04532692184833221,0.13256839403880027,0.1036487797650268
0.11073246932177751,0.19304223134785156,0.13151494579211695,0.09760904295602552,0.10521781537616459,0.09593961089301282,0.02991564643992073,0.09079678943516624,0.14523144843796418
0.0997909176918706,0.025242213514352713,0.1474730120201368,0.0643727937530531,0.12512331714980973,0.0694395664454024,0.32969651644254855,0.07107186831557223,0.06778979466725384
0.12112397398861141,0.046383995522305134,0.15983809432843035,0.08249045952835748,0.1411501090270936,0.08750642479885577,0.18579844743592486,0.09612069949662212,0.07958779587379929
0.04374581949250383,0.008726628969967768,0.023664833325226623,0.0392310016682674,0.05718318567119058,0.09441479462779512,0.06482963704637483,0.6441599513267712,0.024044147871902607
0.12766123585846204,0.0908950818880011,0.14521993222790908,0.12484617282628818,0.1343710033021119,0.09344398312578021,0.06906284459980884,0.10800665282414028,0.10649309334749833
0.12250162449369993,0.06125215354133259,0.13330065573471644,0.14954626114668307,0.13525361332931732,0.07448932532182921,0.125691080469395,0.07730540192933359,0.12065988403369281
0.10938997351495013,0.093484382870039,0.083991846740889,0.06714129682083027,0.11754840195528775,0.139828401691559,0.1579895560963184,0.12830246631916206,0.10232367399096441
0.11478850462957597,0.16551874354329474,0.14117122402509735,0.09511259567402873,0.1119413359911507,0.1111329347243712,0.02899644832261049,0.12053765360823727,0.11080055948163353
0.11785878547998997,0.05223970753008622,0.15587499940448504,0.09496636577270699,0.13252100828779598,0.0814802703614631,0.18583189888924778,0.077227098039531,0.10199986623469381
0.12472752918503925,0.10791330415054216,0.15722155157669251,0.09450617008036988,0.12926931019160412,0.09945803451226531,0.071103950824507,0.10741678920670462,0.10838336027227506
0.06939364300288975,0.028501864622191463,0.03981009460242891,0.04443988280732527,0.07773407589114416,0.141086105000186,0.09259688339464346,0.46105990313711187,0.04537754754207914
0.10387078772006769,0.11221694765593142,0.07291665617907532,0.05339700910170584,0.11035687917229071,0.15886494507352608,0.06967936999904464,0.23522330481316667,0.0834741002851916
0.09420895611773746,0.16691056964975715,0.07023581942213632,0.06529666173412366,0.09480032115324927,0.14848521669964804,0.07007272089164852,0.1566284504440504,0.13336128388764915
0.1290158193810328,0.09164493641393218,0.11017237252679736,0.06306527597345658,0.14292595984788126,0.14559638559197044,0.07868255650186208,0.16467860836608583,0.07421808539698145
0.11890334533591929,0.08219843850224967,0.10430651896118798,0.18615615523993287,0.1381170799249111,0.08250144008533128,0.06600846915080484,0.10766433693984585,0.11414421585981716
0.08658698407199888,0.062381850577473676,0.19362372616835702,0.07604043132309368,0.09844634917026945,0.08010013946315088,0.24985648441681574,0.07209096575091022,0.08087306905793054
0.11276123734777277,0.027825174557688594,0.09936459450446888,0.18507425661535362,0.1376986708677219,0.0614372381426661,0.2166096187297566,0.06114582741326701,0.09808338182130456
0.12880526136787696,0.08581767877729407,0.11282188803153033,0.06708902260919751,0.14195628280499942,0.1407540164177687,0.10029253128437304,0.14045501364453997,0.08200830506241989
0.12266514648604178,0.1099100921178955,0.1508518491367621,0.07979178651709722,0.1285258993242175,0.10193554214096058,0.09030218276258212,0.1064905432073121,0.10952695830713095
0.11725802857143969,0.11670833630569472,0.12609009020188888,0.11354857517908422,0.12097962084670333,0.12731719938248595,0.0286267371273813,0.17272038088016464,0.07675103150515729
0.08839162969098185,0.05998546783211872,0.05680152599618826,0.04642125526182772,0.0968765920459921,0.1323459067126382,0.08962765993272724,0.3724018017228817,0.05714816080464416
0.12063761111251485,0.06947073499649385,0.131845859269925,0.09344699053542165,0.13014643944091478,0.10261464278079306,0.15401565390663186,0.08041232209383616,0.1174097458634688
0.11337751567524446,0.15179250378687695,0.10557841452609035,0.15481201726106142,0.11708699253036235,0.09279218082927522,0.02462468305629513,0.10142822376578602,0.13850746856900809
0.12031537694604473,0.17895992041136674,0.11897576328196396,0.07421401187298347,0.11747303910163696,0.12716417610835154,0.03179718520460647,0.12315944651654594,0.10794108055650013
0.10256585453687245,0.18480703212499558,0.11940507340613811,0.10457206247768049,0.09875784813174245,0.0770722873382244,0.048817580285469675,0.07373278261775376,0.19026947908112316
0.10382182987813693,0.19304290444621294,0.12917321889572192,0.10297983946750715,0.09955512807335078,0.08080598833030166,0.03873092233889213,0.07634754418568272,0.1755426243841938
0.09666323229709468,0.023516352424016795,0.06907762263489134,0.0452880071778435,0.12033922849332851,0.13558024420573486,0.2874565141159593,0.17436174563398774,0.04771705301714329
0.11819573569489765,0.13810267990108596,0.10057581463250546,0.05329262166063592,0.12513788132782308,0.13449741639848886,0.061454793785989274,0.18942188836394394,0.07932116823462987
