0.13708246411444192,0.14624237060541026,0.05077354101716163,0.1098243342277354,0.11053670781669978,0.10730816655106747,0.07530438813934213,0.1307311319666006,0.13219689556154077
0.20400199698010754,0.16993284007475304,0.047368971751352074,0.06853730654527336,0.07511525454833969,0.06863347808163607,0.024149477589567345,0.1706556025392406,0.17160507188973032
0.15493291566886294,0.12312462254370711,0.05036696438084611,0.09035680782618745,0.10569714818908334,0.09412903567828514,0.08132450474460065,0.15618888176702486,0.1438791192014024
0.11484949174208851,0.15323325642371263,0.11930502940772299,0.1364193283843276,0.11797187776916575,0.1027873681330425,0.08522104707028305,0.10641941348814847,0.06379318758150856
0.14758802471573176,0.1041364689252094,0.07473083353371832,0.08201054017875918,0.12338463086938896,0.14252518802514427,0.01814225186618564,0.1069352299815824,0.2005468319042801
0.10561529474249041,0.1491665311228544,0.10786134749571141,0.13514670867477202,0.13199519528113313,0.14600045510487916,0.04562836377899101,0.08697492205090214,0.09161118174826623
0.13524978686621206,0.11478823928292083,0.06146352213723552,0.09801526163069972,0.1260205730311402,0.13878727641851027,0.046323719861739415,0.11111525638614862,0.16823636438539338
0.1806652267063055,0.0028652539993383134,0.696388823847072,0.0010935530010099403,0.004799613801320646,0.047387623234479266,0.013470184274684863,0.010106245382936864,0.04322347575285259
0.09019036648279742,0.12866402259024584,0.18344626324989818,0.15725187812058014,0.12414659646828911,0.10805377729653226,0.09818465395839765,0.06557039063396118,0.04449205119929823
0.20880864142432146,0.19952642591746353,0.04016075248483073,0.06203901255553327,0.06008918424375301,0.052671489549900495,0.0312708381763453,0.19598402930230516,0.14944962634554712
0.09388064015131319,0.12656018695472468,0.16504100312282446,0.15303591136065856,0.1125530349786719,0.08664010618913713,0.14634277092830186,0.07726629813156731,0.03868004818280086
0.18684455953973866,0.10685045843419298,0.037176521319803084,0.06407614502694585,0.08548723523203927,0.08786200962772767,0.05191851857550737,0.16359142836268162,0.21619312388136344
0.07731693769252841,0.08524680347327636,0.23750385934530116,0.15922073748374002,0.13205734389245102,0.09443119606917745,0.13181510017198841,0.043639013074968674,0.03876900879656849
0.17946140991476478,0.1096661651512741,0.049736189626320156,0.07011640788702743,0.09324957231025932,0.0714445962130015,0.08921056439298149,0.1999070876171879,0.1372080068871833
0.13061223082410542,0.18541412487532102,0.0644958154638494,0.12483483599573979,0.10928317005826571,0.1020590660667074,0.060200877344983666,0.12361088423091898,0.09948899514010863
0.1530434138313108,0.12913790730356492,0.04181739724353222,0.0919908820827786,0.1003743277368297,0.09683506109288244,0.07939497853447265,0.14674479790217135,0.16066123427245738
0.1594622467670912,0.14872719370275736,0.05278205167564082,0.09391666685181342,0.10454574013574076,0.1002843423995136,0.04497338194256497,0.14010203412064548,0.1552063424042324
0.22532965317009848,0.11617339841454494,0.035073930779188155,0.041199162417295966,0.060695651349290225,0.06577499284716791,0.018948893262764426,0.19391637234992953,0.24288794540972036
0.22990298095655134,0.11988639812457869,0.039501671149706305,0.044000663896178606,0.06384358898601504,0.05717016857277498,0.03240256909134224,0.22142316171652177,0.191868797506331
0.09120996925480264,0.07415957492842672,0.1288820627238321,0.1204914678805817,0.12800964791273645,0.11310770657008522,0.19789039325113933,0.08196784783320182,0.06428132964519401
0.19126008267429925,0.13222236876549562,0.04985972904421482,0.07171544320823028,0.08990263440803048,0.07810656262348152,0.04367378564415031,0.17618409921379108,0.16707529441830662
0.08278296755315952,0.12054397879935579,0.24251178732342948,0.17297714414330212,0.12489830717353918,0.08711881997516768,0.08746959218724433,0.04987584560353214,0.031821557241269664
0.18289131853425256,0.14187706800157654,0.05504796571266388,0.07812746451145124,0.09143200634855277,0.07158196011103825,0.0602808265144899,0.18613716073473255,0.13262422953124234
0.08923937666257703,0.09352409716638442,0.15394011522435558,0.13747681227012015,0.13653469085017275,0.13337297314722185,0.1242374719851755,0.06744021069222722,0.06423425200176551
0.09361222401128548,0.12898719191784513,0.1303078307770251,0.15187578640658214,0.12745579363870527,0.12248408531260929,0.10899357136811792,0.07729752527902027,0.058985991288809415
0.18487663097931903,0.10737771056044643,0.03365185816441265,0.06409588152217298,0.08073352166446107,0.0783266180633971,0.0759619701052354,0.1779327141332304,0.19704309480732496
0.16511399367978438,0.19912601569739377,0.050686607507435026,0.09723259317947276,0.08766866224795052,0.07410356737878993,0.049524430328027606,0.1581148983945907,0.11842923158655531
0.16164820179165873,0.15211476591087894,0.04716555049005636,0.09278664890635713,0.09937896981466417,0.09514913235194426,0.05020225957700603,0.144219090100441,0.1573353810569933
0.1782989244154356,0.24820603168647518,0.04362918932303245,0.08715678406162249,0.06697588927682555,0.05553805120286734,0.03901798160871462,0.16937527715007186,0.11180187127495483
0.1900816620586778,0.15118968365397464,0.04851093713337026,0.07515058547944915,0.08734309978028974,0.0823319683921538,0.029496824040375545,0.15813262099523093,0.1777626184664781
0.18679033629010142,0.11550505978340604,0.039806541334084365,0.06754852778124616,0.08732093792422013,0.0851800534716007,0.05119807469288134,0.16740568342417958,0.19924478529828027
0.08458310691588496,0.053515071559096496,0.16371439703997104,0.10530026560647572,0.12766071682751304,0.107065369410994,0.2280367400842843,0.06869867702159692,0.06142565553418342
0.06720122336061106,0.09418959337432692,0.2672851369758045,0.1960510844201552,0.13098158331167342,0.07246287882384293,0.10671595487362183,0.033869246892153114,0.03124329796781101
0.13360385725478643,0.08963085855099867,0.04810392881351252,0.08704254541881613,0.12045932128868046,0.13423924995358205,0.0789631611294903,0.11725734537123104,0.19069973221890243
0.10325524353969447,0.11439647142429839,0.07231044610653244,0.13136770359808594,0.12679140084049256,0.12683757282421904,0.13389608951144572,0.10035976368096927,0.0907853084742621
0.1972716130928528,0.13594643718451024,0.051746395127574764,0.06832420816496422,0.08470629835908151,0.06622454640024028,0.053401354131810595,0.19843272370248663,0.14394642383647888
0.17061472963334554,0.07377740380233137,0.05333014785686833,0.06149184053397234,0.10553254139406028,0.08564307748599209,0.09748051170661776,0.18755954241243886,0.16457020517437349
0.17192537992674137,0.09180385425067132,0.06583515185615359,0.07074924837599503,0.11386354567907257,0.11324447692208044,0.03130488179416977,0.1395000863624731,0.20177337483264277
0.08482410626164978,0.11206671765085087,0.20732620942354885,0.15682383858912172,0.13055673261082118,0.11380177005326168,0.09471384697642647,0.055090232617442225,0.0447965458168772
0.18700101132796118,0.13014772456278234,0.039060145276703394,0.07066941933995242,0.0840011489474599,0.07808880178492095,0.05620967745273076,0.17486610295190821,0.17995596835558078
0.19444334319725978,0.07271939654339475,0.04026527002729941,0.04864664406539968,0.08716443295868141,0.07912246030917491,0.07077251127026044,0.1970571019541668,0.20980883967436278
0.12562695907810106,0.1088213917007033,0.0693691441086951,0.10415846842521627,0.13259468147423054,0.1434056083995535,0.06086434824349185,0.1078470428784668,0.14731235569154158
0.21443422665188763,0.08293281260106199,0.03488940463813081,0.041046977925727236,0.07125688822308876,0.07766738107188303,0.03249537888403371,0.18768149700393733,0.2575954330002495
0.06904340782488776,0.10171845138009923,0.21063971636367448,0.18106509707263305,0.12955507931194413,0.09924851583917042,0.1330387131701275,0.038215621721521764,0.03747539731594165
0.08360523331540483,0.10435824129859163,0.1207337124672956,0.15045149799072302,0.13527314242024552,0.14208826240775027,0.13102455786199282,0.06460561849544624,0.06785973374254997
0.14565510717602892,0.1676353263169553,0.04399302278247521,0.1075181369252489,0.09831250135151541,0.09196938362959724,0.07359209198771384,0.1410507401865666,0.13027368964389863
0.10335262324673639,0.08199502349562497,0.07886414442002648,0.10738868816067691,0.14363362532784693,0.16395405479469008,0.10258489363396901,0.08737812932153494,0.1308488175988943
0.11993901852047416,0.11797184163350434,0.05485925010149536,0.1106724104363244,0.12738896108005418,0.1464851646749286,0.06642127233081892,0.10101823286552154,0.15524384835687846
0.14125888252838115,0.12052725099471283,0.053985614294690044,0.09805456623964769,0.10602129717882203,0.08711215458181683,0.1227168149040948,0.16014158185527336,0.11018183742256123
0.20348393491228745,0.09476954935473801,0.035197885026453,0.05082278420315579,0.07658573190900846,0.0798018446353193,0.04451174125115994,0.18082490093571824,0.2340016277721598
0.0738773817108114,0.06661406114782842,0.20773012378331837,0.1275918280737365,0.15172690051858664,0.1660109970564637,0.09314572902412703,0.038831683559960445,0.07447129512516755
0.1255921805314425,0.15756502496257405,0.09646191584417806,0.12063332985864428,0.12333099812120189,0.1219243102730135,0.042578983018084667,0.11047531882389615,0.10143793856696497
0.15838871694546208,0.21735844160099338,0.058369056015928435,0.10399041813096972,0.08945692338591334,0.07571672252585783,0.04100529830949418,0.14823215504752366,0.10748226803785743
0.09494665213751312,0.10369580250883108,0.05892255783788616,0.13251395222024245,0.12607722426974535,0.13527835512997852,0.1565002419683227,0.09163100693832295,0.10043420698915762
0.11524820721564384,0.24967087894730264,0.12018013149554801,0.14510780469038717,0.09197733405754747,0.07555688657197686,0.04674179955001815,0.10788769088458312,0.04762926658699276
0.18854627504645893,0.009043977195003642,0.6421013938266533,0.009058961889567925,0.012477405251104691,0.03975407817004615,0.0499345992743517,0.013600410254302128,0.03548289909251146
0.087233640333792,0.08665637333794617,0.1405211534725884,0.13399202203976115,0.10689386741520053,0.07824447239727322,0.2425038545119326,0.08378590593180357,0.04016871055970241
0.16028825758968834,0.19319020635185769,0.0434625691910429,0.09963477309612362,0.08724371805031633,0.07688841512710394,0.05946317130720791,0.15470949822603897,0.1251193910606203
0.16158824242001515,0.12664275442105208,0.04654266681986067,0.08567026296015934,0.10398845525303968,0.10768132432869598,0.04559431382830933,0.1353561916611877,0.18693578830768018
0.10070366973854838,0.09789651051958843,0.17309232083847392,0.11872280366055366,0.1426871127790292,0.15392890080706345,0.05293664735170856,0.0754050500870579,0.08462698421797654
0.09737912837934376,0.15601907585255556,0.11211992404818127,0.15416154156269143,0.12590103234800296,0.12867852024142723,0.07737258666851222,0.08204120934214515,0.06632698155714047
0.0855266521254653,0.12307244037387484,0.1708336719622281,0.15700295513782048,0.13274821608285373,0.13200996596195955,0.0845279730073577,0.059860767981213515,0.05441735736722675
0.18176143140173026,0.09388448897129704,0.03145333111977872,0.0603804021325138,0.07883036260506039,0.07521471564742958,0.09984996565062686,0.18403071728205933,0.19459458518950398
0.11489577173014602,0.10253710031929901,0.0869472106781969,0.1150989873731217,0.11969106387862499,0.10003328461408788,0.15909243181754393,0.12438139018499865,0.07732275940398092
0.09450201390817754,0.11542386885403466,0.0946708711362101,0.14176584720363805,0.13434716029978896,0.14304991562884595,0.11312807089285183,0.08099560710514632,0.0821166449713066
0.13438113423254583,0.14769718479877347,0.06698809483720347,0.11373709639154721,0.11764685462077874,0.11123869359835098,0.06578361984023758,0.12669468288518485,0.11583263879537786
0.19076760593567685,0.025675362924953222,0.5305451353900462,0.053149927412895794,0.03701932452783537,0.03185111883006184,0.07981500507282017,0.023488437403630217,0.027688082502080314
0.07547525783043485,0.073973872462907,0.2248900673985984,0.14653963206744883,0.1375901595324033,0.11205583456946439,0.13900382304358025,0.04223159657066331,0.048239756524499654
0.16161550877628805,0.1683103728365327,0.04799345084039409,0.09603822725540441,0.09513015544004653,0.08499459251111556,0.056806546753082256,0.15322515875580067,0.13588598683133576
0.17175582986416127,0.1278646835657449,0.052727947351997345,0.07849726670269429,0.1020514996485894,0.11293788879369089,0.020342683506616024,0.12435263278948565,0.2094695677770202
0.18626297344239776,0.14262450916714978,0.046653692126052644,0.07578055844729542,0.08905748364529618,0.08077744901464091,0.04230690868048,0.16702107557639587,0.16951534990029146
0.08095497358925055,0.08961950994863634,0.2719559547028179,0.16321311455573873,0.1316509255401549,0.08292313562370664,0.10035101407447505,0.045180562341294805,0.03415080962392506
0.1557363449753932,0.18966468105265397,0.057909974474756425,0.10403551685519052,0.09731031567878408,0.08468163789816259,0.04783978097703553,0.14641844271550952,0.1164033053725142
0.20860064204212728,0.15854403001199507,0.04151325114378417,0.062682455066113,0.07117822385500787,0.06534091720549227,0.030647898318571735,0.18399063344253597,0.17750194891437263
0.08961495952709621,0.1349507650397978,0.16393226999128946,0.15871528235374635,0.1264498428561118,0.1187395308896881,0.09062017068736501,0.06694929679676631,0.05002788185813895
0.1835200291749299,0.22892365545517665,0.048233218219849716,0.0842163307851127,0.07178475189621385,0.06035576105810784,0.032333059953738814,0.16719114367921292,0.12344204977765771
0.1448007629925743,0.16105173828304944,0.06629999385141358,0.1087052400884778,0.1102994234089023,0.0987729536762284,0.05767753275742893,0.1376210954922049,0.11477125944972033
0.1867017425297285,0.07600364112522268,0.03624748027715174,0.05192346483193155,0.08605909172402763,0.09321727871548331,0.05763192095073797,0.1649731215218647,0.24724225832385197
0.14633632980980568,0.2031651615720815,0.045206229442575935,0.11220884775241759,0.09009310322171483,0.07857397961765933,0.07067588863970076,0.1468664725996666,0.1068739873443777
0.16129425951566276,0.10260102933922838,0.035142967358540056,0.07442781308152387,0.08688341027939224,0.07408001702353632,0.13349673823149372,0.1835909393625951,0.1484828258080276
0.19417914440236053,0.12669514728775036,0.030672997325376945,0.061527193048477584,0.07040471032809967,0.06707920559519154,0.07353311568466754,0.19219398919083205,0.18371449713724372
0.16082859151427675,0.08976427936713427,0.040730467489218276,0.07159015091018661,0.10142947773204014,0.10573413009004429,0.07394833212044223,0.14637958507929363,0.2095949856973638
0.21051251478931396,0.14632100895318698,0.04026290932617709,0.05972765234543709,0.07159522372615316,0.07189730654613281,0.023258670226212117,0.17105487374605463,0.2053698403413322
0.17415035238632207,0.04931598399539421,0.036316956231445235,0.04103971482828756,0.08957867206779903,0.09112834164932711,0.0977021182204012,0.17631951174186375,0.24444834887915975
0.0891803676877423,0.11910242398857052,0.061203341058761684,0.14996651138104586,0.11583764584551041,0.11489388871429444,0.18521209840933128,0.09142224519080437,0.07318147772393917
0.09652925589936096,0.10329416850724144,0.20481370936267831,0.12655481803489166,0.13838055759268975,0.1430459442169296,0.05030622728854798,0.06878051298662743,0.06829480611103286
0.07400279664512212,0.08046725665275824,0.13977082605348157,0.14644733533025056,0.1371036774243467,0.14186001343276855,0.1638499751118969,0.05066983155444497,0.06582828779493037
0.16160142332538313,0.23294987114452023,0.05838667444844456,0.1007242623474751,0.08578522204068935,0.07622683604612776,0.02659790639532665,0.14118946809099636,0.11653833616103683
0.09170819517818933,0.09511180538428192,0.2196671396391907,0.11414733201872457,0.14128576029025394,0.16612407589193764,0.02603946644562796,0.06311061344544655,0.08280561170634747
0.11651279127894398,0.06341673792899746,0.04116781426623092,0.0775036541779609,0.11871642079608065,0.14391768565691268,0.12348870338296576,0.10415009540827984,0.21112609710362787
0.1081597983728726,0.12566484520236876,0.11862386274093921,0.1263207381876889,0.13681846319256205,0.14696787420111623,0.05385831461427552,0.0891969391565325,0.09438916433164422
0.09058768769702565,0.13063642020474223,0.09491230113234896,0.15563036743136657,0.12665271474931705,0.1290996937440092,0.1259008714783218,0.07922538599674389,0.06735455756612461
0.10494660077361768,0.14557369862341862,0.05697764037612307,0.1412334164852741,0.10939356617466467,0.10108831677434148,0.15046971383664576,0.11335208548215532,0.0769649614737593
0.07490015840809337,0.07582848712798806,0.19243221166554467,0.14110002646542094,0.14318481091766627,0.1423371699990986,0.12449748695570069,0.04358268539491635,0.06213696306557098
0.1697006609639208,0.14479105942189116,0.04944279599039262,0.08618649501585325,0.09904233771150535,0.09553972506448442,0.04044825145226722,0.14559803259835377,0.1692506417813313
0.16529759072664238,0.040028135124584294,0.46396253946381855,0.10560010389554464,0.06805588731736877,0.032207283423972284,0.0701264797583447,0.025734040496068214,0.02898793979365616
0.10378912810270537,0.14490910363281,0.14947326400581265,0.13179256434827227,0.1305910622903036,0.14129139994092918,0.03521147396582361,0.08330589399862583,0.0796361097147175
0.09352890354287964,0.08160185342199965,0.13430278298053736,0.11552730367212571,0.1505214647729649,0.17525614922835633,0.07880577013714597,0.06829786064511785,0.10215791159887255
0.1304306874661446,0.04725048019768382,0.45142657204767955,0.12780573161108078,0.08233862392644724,0.033240595883283194,0.06983471617144665,0.028783557661682932,0.028889035034551175
0.1011398231328217,0.0712441297864843,0.04173075128625922,0.09673009869145643,0.12205044162824223,0.14646857008002437,0.15577543913152717,0.09349799772595117,0.17136274853723332
0.07927662998590079,0.10759169070681207,0.16393380978573674,0.16050365180345139,0.13123693396005337,0.12456343189785468,0.12698335918991277,0.05457993408043169,0.051330558589846524
0.1428104405203933,0.20809886370961084,0.0589569885334032,0.1160998082842693,0.09931378901329992,0.0902786425845048,0.045806912884304024,0.13225131921014274,0.10638323526007186
0.17494151999406374,0.0961299053263918,0.04118282370156072,0.06725039325619782,0.0961341040157896,0.10140685156698122,0.052200053435725306,0.14968450913964784,0.22106983956364193
0.11245755178463956,0.07765918774539969,0.07448750154578027,0.09495344049113223,0.1434862927070835,0.16675816541710878,0.07875752618455467,0.09264136105670967,0.1587989730675916
0.10533301289784824,0.08499039306787164,0.04243715105546306,0.10674663784441914,0.11487054837592535,0.11995955804329729,0.1801840603990481,0.11197755782570958,0.13350108049041756
0.18604913613538032,0.02789851199469946,0.49894608865585294,0.07251197161440194,0.05000007415349519,0.03217647172859407,0.08069628193983393,0.02121135439470161,0.030510109383040485
0.16756795708420094,0.12289917203422814,0.046981611177244746,0.08121089669830832,0.1021565166496262,0.10507571972970746,0.04201968318727319,0.13917094090897106,0.19291750253043993
0.08013663999056397,0.12755562691434172,0.22996381471212549,0.17418079968690806,0.12814210760495473,0.10245255124039232,0.07321113795330549,0.048321580973324306,0.03603574092408388
0.11640665703988023,0.12530487591100334,0.05578261137289104,0.12146881463582604,0.11596758026407938,0.10963431483640723,0.13026723875516025,0.12251133714805325,0.10265657003669927
0.15400175730115995,0.13136451535647245,0.049342323888980126,0.09205547740980546,0.10856014039642625,0.11190334660096037,0.04765913448090242,0.13075335907816651,0.17435994548712644
0.1432945746476426,0.09776224684759603,0.04279642935346969,0.08503370842916141,0.11054792524962499,0.12031432483044646,0.07759833398793138,0.1272531860843844,0.19539927056974307
0.14837883213952233,0.10679593407157732,0.041155272963978036,0.08664906050733852,0.10195400786246978,0.09576703761937279,0.10673914938170659,0.15305907307387598,0.1595016323801587
0.16242374256084843,0.16046505999892036,0.05969282346634053,0.09349051839243827,0.10398794905618187,0.10056809131417817,0.03001191514011554,0.13526805252439966,0.15409184754657715
0.0926175413623747,0.16503027910344234,0.2312999209680675,0.1604330220158777,0.11314631973576449,0.09124119429512405,0.04546300844974351,0.06725617447287928,0.033512539596726475
0.06728132568778245,0.05585398652658808,0.38424956997953674,0.1669729420771131,0.1316948463009409,0.05744962891313676,0.06819095464350715,0.02746278169181465,0.04084396417958016
0.1492026590456629,0.25382451976592785,0.050577986370490303,0.11243762437946597,0.07714991589678048,0.06061265074912484,0.061501231705898274,0.15399888515988433,0.0806945269267651
0.14253908795315592,0.08080623984383228,0.06144918106223988,0.07593452333538427,0.1268682632919951,0.1497612591163224,0.036154770035829155,0.1070759995478013,0.21941067581343973
0.2031387306688006,0.1382697073386198,0.034206047299883295,0.060119271433825554,0.07076483996642371,0.06981457707681786,0.042739787355548065,0.1836457781167465,0.19730126074333462
0.1082369309908758,0.07308742816417796,0.04538035503482011,0.09209549945007345,0.12605097162380924,0.15142155062859705,0.12592422407799717,0.09644478537715202,0.18135825465249722
0.13959765383034897,0.10381863408262958,0.04528921525624265,0.09110269391836735,0.11312118133753919,0.11842125290994522,0.08391077286682536,0.12896272896855857,0.17577586682954305
0.14085406903667522,0.15284229131603466,0.046121540266291484,0.10808971803600194,0.10189382811997916,0.09277834492756654,0.09076788059068142,0.14390477010505118,0.12274755760171836
0.11161679953669268,0.14819615820997015,0.07644767583892063,0.13715747591893748,0.11778228767572285,0.10895578469036603,0.11053083671212512,0.11108817972145069,0.0782248016958144
0.10372736932113796,0.03988033397938478,0.4366524744627895,0.1299051159033482,0.08672101105293684,0.03191367271421383,0.11403354698734164,0.029934125382522114,0.027232350196325153
0.10555596504181163,0.09710749267405046,0.18145249114459164,0.1067023328238955,0.14100976698512266,0.15814384735752365,0.03074736168690641,0.08022720769953025,0.0990535345865678
0.09427797700692055,0.09161516952544459,0.13127098299645035,0.12678428838207417,0.14354408071540412,0.1540830493684195,0.10028821898950242,0.07336784323014443,0.0847683897856399
0.0845507495469453,0.09935226325887403,0.10993514319298836,0.1437915067818023,0.1398857346584325,0.15597251881437138,0.12187612903805456,0.06498244267277475,0.07965351203575677
0.11597820499703648,0.06903485967569659,0.048459409304956125,0.08517210278318499,0.12444029358587666,0.13589936214044995,0.13632138635670676,0.11280662761097034,0.17188775354512206
0.10589743283686508,0.13122203845253413,0.17930287869422287,0.12489627354344938,0.13021999265875744,0.13503204355556273,0.03424227895992946,0.08423299095925656,0.07495407033942236
0.1338329968049221,0.19890455420315345,0.07372983567590731,0.12155730964307322,0.10823256006997345,0.10223526744493645,0.039913839196519835,0.12091274676209551,0.10068089019941869
0.1042432072842711,0.11546714444396777,0.10073032500835072,0.13235387879292146,0.13184055411432416,0.1299935057978225,0.10970872139758008,0.0942805917745893,0.08138207138617293
0.10958076548093314,0.10024111967323594,0.07208489873267476,0.11342560371148043,0.13824167248798938,0.155340854500415,0.08580314284059531,0.09444079527474787,0.13084114729792812
0.1114421682698084,0.11898526837328914,0.06364965335311887,0.12220355203909465,0.12984851101089775,0.14045085108928837,0.09178887549639436,0.10113640932741247,0.12049471104069602
0.12132336722824033,0.18089617792451249,0.06357306217320742,0.13405028753574702,0.1092166500908857,0.10057476876425664,0.08357638854878152,0.12035740941056683,0.08643188832380207
0.08544219002148958,0.10994655515839609,0.23539364371958205,0.15277794028924954,0.13407868747775442,0.11827663800455017,0.06591885698425352,0.052909155929543324,0.045256332415181226
0.18076982616568546,0.07026367514090866,0.03951923195297725,0.05271164885857386,0.0922657150176297,0.09149193369382631,0.07276893071452416,0.17377155232973007,0.22643748612614456
0.07085845487390034,0.07232728413179723,0.37620393530046775,0.18113520930723323,0.11975497707692885,0.04642544947908126,0.0695906366665227,0.03298014524502155,0.030723907919047045
0.1922425049401596,0.03043135997102592,0.5205142701843699,0.06191612229053018,0.052200764649969644,0.03626167843923189,0.04552062956577441,0.02195821971524045,0.03895445024369794
0.22192860039065243,0.11123564489571376,0.033697651577383976,0.04265787948102324,0.0634713416817599,0.0630656967517219,0.035047299608961274,0.21214779354433225,0.21674809206845125
0.0939322639749871,0.15119929068579763,0.1297217821534132,0.15272009829838376,0.1302883637566219,0.1406026354830648,0.0595532906741964,0.07402328349039648,0.06795899148313866
0.172976526126589,0.10792831767902426,0.04643330625799071,0.07367910069901219,0.0968684586412707,0.08185458911229965,0.08271720372603801,0.18083865667829732,0.15670384107947818
0.09008086268295963,0.12033890966312537,0.17352103468158483,0.1517242301231626,0.130240845760177,0.122560031207076,0.09309399002308366,0.06577615416729883,0.05266394169153213
0.15181055539213537,0.1293670884025929,0.06725362329556996,0.09257588999500582,0.11773113541222152,0.12080575465981296,0.0313495564414892,0.12371305640633963,0.16539333999483263
0.09700602209983834,0.12871712572390112,0.12287783658000279,0.14873363106316642,0.12227353846375046,0.11038685338362049,0.1280538304372448,0.08577493922100565,0.05617622302746994
0.08455116404349645,0.07604486185524398,0.1553141513586425,0.12221811723178061,0.15018210055202388,0.17226762695986278,0.09549809140730454,0.05635240649812173,0.08757148009352357
0.14696752400252677,0.19312714789303853,0.07399385874539395,0.10946978032022182,0.10463914779647708,0.09552439794910399,0.03337779207296246,0.13106229698876723,0.11183805423150818
0.0739887132547238,0.08232609978775104,0.2870842409569853,0.1733940800410906,0.13360263607786482,0.07545890319650098,0.10187168280228155,0.038528060436645334,0.03374558344615645
0.17117006224715045,0.20970002132803497,0.05458937449158909,0.09362497262369392,0.08384041070943012,0.06900010994905285,0.04133063420519768,0.1615390458515251,0.11520536859432588
0.1397765139892889,0.12979870299359236,0.06419300137045551,0.10248496483157066,0.12140075500827067,0.12272656760877161,0.051171304789238516,0.12253447363542862,0.14591371577338322
0.11860224483606552,0.17765657719773623,0.10525972951380418,0.12691808915811725,0.1203888674818188,0.12413724283426013,0.03154009348867332,0.10198465515076212,0.09351250033876252
0.09933817281702056,0.17185705244676006,0.13462666315687197,0.15533824063390203,0.11960634588271783,0.11512297126992488,0.06538661173683111,0.08281536037113259,0.05590858168483894
0.09242942031542335,0.11195297845278289,0.24902855921297398,0.13818973127704312,0.13174998525777062,0.12135026450244328,0.044200430279152346,0.061911109535858246,0.049187521166552145
0.189430422369305,0.14010512033260644,0.051564420271349054,0.07392372933305981,0.09125488551682222,0.08850337714003666,0.025352344534325968,0.15167447137699516,0.1881912291254997
0.12600963833874748,0.19060126936713248,0.06593251827244372,0.13038482110611407,0.10902511802136865,0.10174614615416021,0.06411885861977183,0.12026103228084878,0.09192059783941281
0.16202213206289698,0.09379800283409685,0.03558868153107248,0.07212941025131979,0.09348332341870798,0.09671544041478262,0.08875592788019289,0.15169678199683415,0.2058102996100963
0.11848640758668018,0.1404847921433754,0.06104824646926932,0.12553689273454244,0.11971878740024759,0.11813896304807649,0.09511240579604764,0.115286667548818,0.10618683727294302
0.07965614052500623,0.1118780624519939,0.23893808022432292,0.13676616503500744,0.13804617620471019,0.15978682622978854,0.021914225047935193,0.050672724689592,0.06234159959164363
0.08452163350556348,0.06708653799067815,0.18719869852684937,0.10678097233451182,0.06649215591968696,0.03216464617146834,0.34530902636683214,0.09383932213216155,0.016607007052248206
0.13767819345757623,0.14823398367328564,0.05869915076581217,0.11095455987472641,0.11285909230483611,0.10512658242839511,0.07306455285475207,0.1332622366942984,0.12012164794631791
0.10144751815979298,0.08001802601821009,0.06352672646484754,0.10882448783770998,0.13265435742341358,0.14108588192820656,0.15455877585807845,0.09761402995047956,0.12027019635926124
0.07295149803423794,0.07071579312550114,0.2065389513341406,0.13942992713821736,0.14539446678983706,0.14260498131295712,0.12061406749862498,0.03953954874950707,0.06221076601697673
0.14378706875447328,0.15346549661321826,0.05322266265253908,0.10619808649665323,0.10975818921852061,0.10726808595200159,0.05680114731676536,0.13055572803331847,0.13894353496251013
0.19081477849252382,0.16826205563405194,0.05171591902827461,0.07618747070849506,0.08457818763093623,0.08342170621587484,0.017919168362559634,0.1460690875331302,0.18103162639415368
0.18914954859522007,0.008641704368340839,0.649598767866109,0.007487264020919835,0.01306062727184476,0.04020287650639399,0.038140724477628736,0.01348190763343952,0.040236579260103135
0.08780422572524565,0.09754320219416117,0.15432820425543167,0.14219092671825437,0.13501209243709747,0.13098694939644914,0.1250260357787865,0.06586526944630693,0.06124309404826703
0.08551826599536101,0.09737918529632239,0.08292194466602804,0.14304576248408232,0.12870113860250512,0.13313587433749544,0.17584566245626143,0.07727963533842591,0.0761725308235182
0.19331997050856212,0.13095890631184204,0.044231781563040945,0.06902327928217451,0.08616403192077593,0.08079118108658302,0.039104777999302065,0.16931560620391906,0.18709046512380026
0.13616266812051445,0.09437227258253043,0.043442273058044815,0.08889182975707187,0.11063745927271158,0.11002139020195432,0.11431476441394296,0.13763628319398846,0.16452105939924103
0.09331803822167871,0.08588715001593493,0.0961167329309341,0.12412343540622328,0.1400362808436646,0.15017359653920645,0.13746384085693447,0.07955165983483342,0.09332926535059001
0.08884677832265396,0.06680463984164274,0.1340314137317367,0.11353639156613848,0.14283387338473288,0.1465756612992655,0.15396150134489153,0.06943706892965745,0.08397267157928077
0.19856493295679348,0.06850699652605867,0.03630596602795535,0.043134921100452854,0.08066596406295781,0.09367962438661427,0.03815965541910793,0.1645024082175856,0.2764795313024741
0.1290269476495059,0.13747542981820407,0.1001723816475157,0.1181912469287471,0.11165383828948301,0.0868061406536187,0.11189894301234969,0.1354165141240626,0.0693585578765132
0.12979486914950158,0.05036282730242376,0.09955558799195359,0.05482122377317062,0.09585684602564319,0.05512622655237085,0.2581491097602419,0.19487481539569404,0.06145849404900039
0.13126326579635572,0.18712367529096405,0.08402985674179086,0.1238235514787338,0.11122595722811501,0.10134123770882497,0.048800167639286025,0.12184281047480276,0.09054947764112674
0.18044152789985746,0.13649527342547352,0.06228957690128443,0.07958026180735794,0.1006134045193414,0.09210435065183582,0.02901433593245531,0.1516240661331909,0.1678372027292032
0.0861493881601797,0.09444952421202231,0.26011725726772494,0.1381857233813805,0.13970638179010492,0.12866508211072158,0.049436936301888834,0.052140467423652755,0.05114923935232444
0.18268857780603906,0.058980852204073196,0.03333391320774795,0.04369891664049815,0.08358812734521387,0.10104094468779623,0.061082995207409556,0.15433031647291914,0.2812553564283029
0.2175888803671191,0.09631922027720036,0.041705881055411474,0.047851695623386946,0.0764427013421436,0.06850071971648877,0.04139016652191923,0.20686592645669602,0.20333480863963457
0.102580974587466,0.10621068407480726,0.174373524092209,0.11187240487501855,0.13998739129961632,0.16182542587225116,0.027509441230094984,0.07755361645256041,0.09808653751597628
0.13522625868857047,0.12892986365094627,0.037934287466183374,0.10330629746576302,0.09551569995127973,0.08570389859360315,0.13851850298964097,0.15131286318986756,0.12355232800414549
0.12785955913144567,0.2916325076734481,0.08716837401038426,0.13391356684131897,0.07658991810566416,0.05844936292620743,0.04661236027145679,0.12702061738288858,0.05075373365718596
0.17624221669915432,0.10083892018331324,0.04069988934205551,0.0683428952616931,0.0946749680401295,0.09880945216476862,0.052178346854687474,0.15155108137294984,0.21666223008124832
0.1541747040811756,0.15262328479580142,0.048341527531121524,0.09813627208118587,0.1030324949465093,0.09937738563852856,0.054567860270003675,0.139210864668509,0.15053560598716506
0.2169389078591248,0.09305637077834426,0.03789767515277321,0.044513153813356555,0.07199660036999625,0.07916497877368979,0.023016686151461088,0.1763133656075672,0.25710226149368687
0.1336251161982516,0.1114462630978238,0.03673596437134811,0.09838703486633939,0.09948225094518726,0.09630193348761569,0.13519856223703378,0.14139088548680123,0.1474319893095992
0.19871881173205255,0.053127754125705216,0.027457371349276147,0.03232190134524176,0.06855348380199622,0.077950769525007,0.08645600217079513,0.18884191031783115,0.2665719956320948
0.09950872885566626,0.10012409877540167,0.21917568766349874,0.13471243830054366,0.12448269047141854,0.09776508647977611,0.10768529189707887,0.07214977275485757,0.0443962048017586
0.11496926638546234,0.11321175233636187,0.06534006040809535,0.11593609890859824,0.13166181999835425,0.1426566272060205,0.08454256342399474,0.10292410058686406,0.12875771074624867
0.10767186909858352,0.08127894015382671,0.06054531720187384,0.10303663046417914,0.13373252761932955,0.14624461842122408,0.12829628356183845,0.10046889294072225,0.1387249205384223
0.14877058029541146,0.11470841334911808,0.06654932624268288,0.09369552802867241,0.11827827326861955,0.10602737945113962,0.07131364283999829,0.14445879948163193,0.1361980570427259
0.11939022057336733,0.2197424582158917,0.09331172027325618,0.1356577743010627,0.10735887840260262,0.10285716653461179,0.03642999691006097,0.10781613375380034,0.07743565103534635
0.1184785568192918,0.07927122840415991,0.09480337610672296,0.098487660139861,0.1331123508962793,0.11983199160127334,0.13460745833332885,0.11905231979401798,0.10235505790506488
0.08069712119591144,0.08667528737372265,0.2357247159787813,0.14604653125675812,0.1412610579990172,0.12570918029102865,0.08714176117147714,0.04598326025185089,0.050761084481452674
0.06885901039154109,0.049524677428842846,0.21349914126698755,0.1289718845137057,0.09872211788954126,0.051186661720958336,0.31142147469342873,0.04916918331281924,0.028645848782175302
0.14545903421072018,0.10560020032953499,0.07028736186419206,0.09284006150051054,0.11986681837506223,0.10342836609512725,0.08802975267538177,0.14818306064083717,0.12630534430863374
0.1454373305612456,0.14054933425597785,0.09184526891031286,0.10262216565410433,0.11969102020021923,0.1089980006777053,0.04140032077630628,0.13066774854171073,0.11878881042241778
0.08940971031814304,0.07673605562210754,0.1524645850598414,0.12588699950739038,0.12181348593159229,0.0990143505830547,0.20537705503708248,0.07741698471464324,0.051880773226144955
0.1208361115192987,0.13018778455816596,0.12462752746960926,0.11507273936838763,0.13177786475449915,0.13373566888419292,0.04005344032883894,0.10252778030962102,0.10118108280738637
0.11594708764086094,0.12851566310914372,0.07863236279436603,0.12556690669614323,0.12480760640849194,0.11855270947979057,0.10244805526738658,0.11282098773322032,0.09270862087059671
0.07910030807271519,0.07861062716022427,0.2483851798815003,0.14740007505037098,0.14036675243354066,0.11167806431025067,0.10475647260413752,0.043285542055699566,0.046416978431560806
0.06916301586675659,0.050416197253782345,0.3611471617900818,0.16373772827029776,0.11725348942735209,0.043465095854581824,0.13244162607710985,0.030882065359342376,0.03149362010069534
0.12122141950103327,0.1289156145425898,0.08710967474291469,0.11966245153148432,0.12908226020923794,0.1265337437242937,0.07298314311689642,0.11117050025066351,0.10332119238088634
0.14550653643121647,0.06441062859069487,0.03718554642758172,0.06373919331923998,0.10136850283990079,0.10687110598716144,0.12135829764150342,0.14456399455480073,0.21499619420790053
0.12819255565369334,0.1675007745942728,0.054687487244594234,0.12361720137054923,0.10879374666586779,0.10204173908836311,0.08323461607759834,0.12698928247241278,0.10494259683264835
0.079896132452506,0.07543617076281821,0.20555141669989205,0.13274946049676628,0.14539319639007425,0.14578032805003652,0.10344686320257479,0.047251544118272,0.0644948878270599
0.07124110461067294,0.09275598174254207,0.23337530016819566,0.17760581853953683,0.12953890076142224,0.08661363801469453,0.1357040923295125,0.038624209942747866,0.034540953890675366
0.10074124940215064,0.07920805498743759,0.060994563585927954,0.10738622896296464,0.13491514057208576,0.15106822567267766,0.14079815890433256,0.09255854899105459,0.1323298289213686
0.07213749011547345,0.10050921752359872,0.25861444959103214,0.1778717490876948,0.1392540994298711,0.1050150028656484,0.06968866942325945,0.03771696253052249,0.03919235943289952
0.21530995646897397,0.08056593639257653,0.0367942454754663,0.04071752756973834,0.07233334193696744,0.08197777499062538,0.024505608754814806,0.17658946174197507,0.27120614666886217
0.07596987696900888,0.05787981777157942,0.22333217203961034,0.11415913870243118,0.15356953376249097,0.1664273647554686,0.09056324838766999,0.03944417074968951,0.07865467686205106
0.12049130279919956,0.15525703255431653,0.13333153577057746,0.10853423449229477,0.12128153259868608,0.133803673591453,0.014233371894893203,0.09950815732620888,0.11355915897237052
0.17512795903594935,0.15426173909996485,0.041685024882781425,0.08357554178608205,0.08842681023904514,0.08241012302798813,0.051971425057332064,0.1595630253127018,0.16297835155815513
