0.3435660914782032,0.11542159259104758,0.06076726715224445,0.09554749062454304,0.0836343966393241,0.13524583956359262,0.04497158072039101,0.0671039369087039,0.05374180432195
0.037959235227169826,0.10145383141706465,0.1198017813160409,0.11013196306846045,0.11690936005936547,0.10558567115444256,0.1281503394041951,0.1307718646355176,0.14923595371774345
0.09920102636999846,0.12287902339078786,0.1140532941762561,0.11786799435629079,0.10370718515486728,0.12783537055158337,0.11138432826439922,0.13692897532610587,0.06614280240971114
0.03378949841250745,0.15241976634825372,0.13490720526654043,0.12049253217291127,0.1054207044663273,0.11580817173619623,0.14119400157829584,0.1404021846429722,0.05556593537599558
0.009195952462980097,0.11992745127644781,0.15802162018826055,0.13235434430802542,0.16024686846505962,0.0923488813022273,0.16235278918354898,0.09024823044383501,0.07530386236961524
0.1214485309848437,0.13928398981892212,0.09975394841080322,0.11483441355454849,0.10417825521075957,0.13472341642543795,0.09873080560682902,0.1268516970917766,0.060194942896079295
0.02058961259601767,0.10817353714440847,0.16922814898208627,0.12515302829666913,0.13452737521711647,0.09298394013839513,0.1581227541164731,0.11561750870850712,0.07560409480032666
0.17822615354052754,0.13868028412878403,0.08628189516329006,0.1120388732554114,0.09718319497932748,0.1402718678939082,0.08107685545033648,0.11241532384381155,0.05382555174460326
0.35304397684855954,0.11130624065031706,0.06143325831575772,0.09310523089279331,0.08925866631316098,0.12889467553001063,0.04786007392969264,0.0692428881577637,0.045854989361944376
0.15394963269037057,0.13067944979326343,0.09732552895722942,0.11388379056860966,0.10197257392615078,0.13363757430447543,0.09345223096334583,0.1227233213142539,0.05237589748230099
0.16451547176377943,0.11506685979987287,0.10602709553465438,0.11648194096876008,0.09595844458980417,0.13048609915225592,0.09606767898889694,0.12724411160818871,0.04815229759378748
0.04027806207675047,0.15021894907230451,0.13115227178802527,0.11973265030082525,0.10699857154234375,0.11822572048147163,0.1364322054299999,0.1404041046365405,0.056557464671738666
0.20785988813562098,0.13971172008235003,0.09011996410753594,0.1087070076584269,0.09975101572331796,0.13157900237647177,0.08221019324706676,0.10852098670622923,0.03154022196298037
0.16145712604507031,0.10243105762589015,0.0729141780481559,0.10323239559768793,0.0965237946826946,0.13354759982128964,0.070520490509835,0.10206584853800578,0.15730750913137062
0.11570443949594467,0.12867223849118456,0.09783976404927586,0.11602858245327093,0.10068915074308511,0.13604082943277498,0.09826757416595278,0.12999584859775462,0.0767615725707564
0.21509799270050015,0.13982993918484413,0.08600351502314306,0.10941646361330264,0.09556151551060106,0.135479834061879,0.07796475856877762,0.10663028185541974,0.03401569948153267
0.008413891400087936,0.11800321062873953,0.14647618062300646,0.14626259865263208,0.20892516343506015,0.10745685144184995,0.13489672237979788,0.06296308855529383,0.06660229288353216
0.04499751041680636,0.14064130654140192,0.1499251086591061,0.1217945412669151,0.11171677925804974,0.11094011727342816,0.14293761711494582,0.1369322506825664,0.040114768786780365
0.05268827314584041,0.1417398027736654,0.13239220643006652,0.11914726636099986,0.11152844082676601,0.11789693491623476,0.13289916332212845,0.13860037965920727,0.053107532565091285
0.2250608986274455,0.14031225530427563,0.08540324749902058,0.10709634402217559,0.09792234401364619,0.1326637519874391,0.07687670094873356,0.10338143038396684,0.03128302721329704
0.16006349317486773,0.11967109241740193,0.08524053589425122,0.1088293004138771,0.10394784900605612,0.13417230163895313,0.08346052960837234,0.11358248398895954,0.09103241385726091
0.1488042615403723,0.1405980373376437,0.10821070257231365,0.11313400386498229,0.10625782836594773,0.12664270723743098,0.10077151419090091,0.1225417917191584,0.03303915317124998
0.0734177091457265,0.11551154182129557,0.13280232640503675,0.11573769024337877,0.11859462858181202,0.11207985447808992,0.12665402128875267,0.13239307741604298,0.07280915061986495
0.024872913429915062,0.08190210630055561,0.1242611330056143,0.10548440520071183,0.12515271612777792,0.09071321837385526,0.1316084381819618,0.11723809991069312,0.19876696946891506
0.21211488927032307,0.1073613198481324,0.07162221407230374,0.10435006245033046,0.09463927908923424,0.13731094653732567,0.06579098902788051,0.09672059019902914,0.11008970950544078
0.43996732615390394,0.10332946939862424,0.05279059260031532,0.08428274299766053,0.08164170539176335,0.12024353704355646,0.03644064484064232,0.052404028069001095,0.028899953504532696
0.4846333096246462,0.09940797908889841,0.0473654289413922,0.07891272652957293,0.07287156155816349,0.11911630671009428,0.026170083041182915,0.03791628127550473,0.03360632323054485
0.00813034481178859,0.10187347393557357,0.1470348182617588,0.1269570830503676,0.16547795682730884,0.08865182493571117,0.15593016116974792,0.08687779954742951,0.11906653746031397
0.07767770396419814,0.12238174269198332,0.11378867995519816,0.11549881162352028,0.10988842371485193,0.12347085110955976,0.11596628833823404,0.13606473319607304,0.08526276540638122
0.13290309937568043,0.14549918540112175,0.09821071060959798,0.11460249704948468,0.10229705887345829,0.13622804043362025,0.09553416039342776,0.12398155621090622,0.05074369165270275
0.008444331134769213,0.12222558794657538,0.15302573785127674,0.12955358481099274,0.15461945895844603,0.09132621670628867,0.16417758017444217,0.09274481575255962,0.08388268666464947
0.05283124973763942,0.09785318785160352,0.12370608302646469,0.10965858955654484,0.12177043498057581,0.10454510476066266,0.12515376783108403,0.12753616091207817,0.13694542134334683
0.35367892955618946,0.1098373639898219,0.06339392663666558,0.09420244973456826,0.09000532175168179,0.1263414509534912,0.05166577850970775,0.07392182212566382,0.036952956742210157
0.08975647789946713,0.15614417406036485,0.11477123621801368,0.1188070763761625,0.10043752474088737,0.13167729348020984,0.11241534262732217,0.13551201250286235,0.040478862094710126
0.03033879254549088,0.13084788489244004,0.12837215558892592,0.1175001830747074,0.11092707962080255,0.11233728717768247,0.13948571937524443,0.13845697149263658,0.09173392623206979
0.040227724477647366,0.11632638919327175,0.12954479023569332,0.1164752753373718,0.11360936872345771,0.11148052544625107,0.13469338481036228,0.13783197936918268,0.09981056240676202
0.16305706578951976,0.13496897429000856,0.08832850640871161,0.1122019872320759,0.10010051555241391,0.13875888369193917,0.08477866418525688,0.11583293631432212,0.06197246653575211
0.06642604139561266,0.1346634492885888,0.1161565397309222,0.1169139644237596,0.10905392567917373,0.12481248839958481,0.1199832231505487,0.1379676957702977,0.0740226721615118
0.048909456023211596,0.13716772539490632,0.1222604972615579,0.11842150192203633,0.10700931888518465,0.12180660679095506,0.12841608294725473,0.14130291390032124,0.07470589687457212
0.019697353771272217,0.12496685280028913,0.1780276199247864,0.1289310299882419,0.12696160418594407,0.09486937062998534,0.16311290280035137,0.11673577046876786,0.046697495430361634
0.2974665869225997,0.11978693997443514,0.07775880237695619,0.10136041227220123,0.09371363206204963,0.12497177401937214,0.06758650973142226,0.09211670437675483,0.02523863826420883
0.018928657126938794,0.11820944950806041,0.1514432465681928,0.12141102338819842,0.12200155402732941,0.0986080033728165,0.15673434240603135,0.12661304717882602,0.08605067642360635
0.04385996110729442,0.10763630897658107,0.12905371758494902,0.11331412305091552,0.12092696741528837,0.10651736130966775,0.13222854417489302,0.1314547969630473,0.11500821941736354
0.04281079554039922,0.15353039896411844,0.13359388929737193,0.12078520560120716,0.10398517507123121,0.11923456156830758,0.1362269642015744,0.14145534025964077,0.048377669496149266
0.31642473104643043,0.13244482920313883,0.07072008376645934,0.09878609441047914,0.08899530057177119,0.12896485123632115,0.05852262477058053,0.08199408143433824,0.023147403560481044
0.01753686063618011,0.0960843988945216,0.14308613848927573,0.11542424192458017,0.1342807699443078,0.0905875839426971,0.14907027548975,0.11469386339625949,0.13923586728242807
0.518865836904062,0.10183106254573325,0.04474396813218364,0.07571026989746317,0.07056558231139912,0.11269879303295958,0.024331442446968447,0.03440803107311484,0.016845013656115952
0.07617279272244885,0.1609763567247988,0.1298401693932845,0.11819781652798184,0.10663483641300771,0.1217750772996579,0.12372912373892826,0.13391387275561514,0.028759954424276993
0.015357626574180987,0.08934835089146115,0.13795231586337467,0.11283850264073088,0.13816265409909334,0.08696260404557943,0.14616188321095866,0.1085498327543651,0.16466622992025584
0.007293323950287826,0.11984113208415215,0.1483046210191652,0.12742429357883123,0.1454186459177531,0.09126298130023158,0.16505844525354949,0.09425984308944951,0.10113671380657992
0.0492543752115455,0.13579645694097023,0.1405696971593241,0.12051548374666025,0.11139133368090626,0.11456810360566688,0.13764662765995536,0.13911515336426036,0.051142768630711176
0.506398383259767,0.08771468534765066,0.04469666746872716,0.07528163240993437,0.07178996293732223,0.11636854342963547,0.022871544921943918,0.03306361627959837,0.04181496394542066
0.10026163367738415,0.13216292039178987,0.10019767381220517,0.11572888113630002,0.10307835005226845,0.134366930252697,0.1022838047498103,0.1316707826856418,0.08024902324190326
0.025415526872220453,0.12928713471420436,0.15296645957507837,0.1222090097807353,0.11822923342057713,0.10314937913363498,0.15391564203510974,0.13191394628616696,0.06291366818227269
0.025510170147837335,0.10279810585639047,0.14039099136150557,0.11487847967386912,0.12966250403024185,0.09636289349087333,0.14473839521380752,0.12298756228670575,0.12267089793876895
0.1699084653763423,0.11245057520048811,0.09183411405953168,0.10675491338072259,0.11027185501358468,0.12431234770966737,0.08898219254007032,0.11384489194114981,0.08164064477844318
0.08218278168923325,0.13434985534847252,0.1204831807937488,0.11842932012140846,0.10674270405542136,0.12546662577195947,0.11869166287124751,0.138048955253749,0.05560491409475971
0.008704708341781806,0.11142182270775584,0.15240621958604142,0.13440140222796362,0.18066954643759273,0.0930279857337054,0.15401790559030756,0.08016100567558293,0.08518940369926864
0.031840816262258535,0.0903919198840621,0.1287782590688159,0.10858274401850003,0.12743016032303753,0.09522891807664606,0.13319518969947652,0.1211503868677919,0.16340160579941143
0.15513377351962507,0.13630943740653123,0.1059183256142912,0.11332725029096596,0.10463107248546312,0.1278383489313993,0.09871629230794575,0.12250593780211542,0.03561956164166295
0.04483749054042994,0.09741753315554898,0.10137157618486574,0.10716216923465229,0.10373177320472544,0.11279924750817209,0.11290879917390033,0.13215030776917122,0.18762110322853395
0.13290309937568043,0.14549918540112175,0.09821071060959798,0.11460249704948468,0.10229705887345829,0.13622804043362025,0.09553416039342776,0.12398155621090622,0.05074369165270275
0.017688840021851098,0.11547176095575533,0.15374404337562528,0.12171930124440482,0.1376682975994786,0.09361292712210274,0.1577847707996032,0.11582713283237012,0.08648292604880876
0.012875943216023039,0.09754378443479139,0.14948267624971132,0.12101479383479737,0.15424271151208488,0.08696081967860685,0.15413129579677112,0.09970198838480848,0.12404598689240558
0.047230652402107075,0.12398313558175285,0.11980309775120494,0.11582600756433081,0.11089388081324376,0.11786821260875276,0.12731372344058714,0.13874251624823966,0.09833877358978098
0.0029706161889045614,0.11928301533668013,0.11183822897912665,0.14227814491156968,0.22946880201794337,0.11889079070742592,0.10353395157001737,0.037866583943385275,0.133869866344947
0.06106488203984713,0.11432556958657368,0.13526872484832222,0.1166519677592723,0.11739395430082515,0.11122558698433521,0.13066441986055938,0.13461222841225032,0.07879266620801467
0.20898681056339918,0.13771693809643124,0.0785991971132024,0.10857496359900165,0.09490669891425484,0.14200185567212212,0.07061967839456912,0.1007124292272582,0.05788142841976124
0.026177592863047678,0.07766876479342293,0.13507953938261386,0.10716624950624043,0.13652996132016673,0.08620336909689347,0.134309982308614,0.10958227992006293,0.18728226080893792
0.047589355060465265,0.14444057827727566,0.1347769922227644,0.11939510213824588,0.11202313320988999,0.1163518457828937,0.13582141608493026,0.13818816095716163,0.051413416266373246
0.03366330585004333,0.0922250522105702,0.12771624841771248,0.10873122404908946,0.12669740355894868,0.09667181184823315,0.13239229959036838,0.12239297452665178,0.15950967994838258
0.03187873664851779,0.09958069373306326,0.14690156481889188,0.11548888810810036,0.13347111047066096,0.09518638700046533,0.14338762276993852,0.1208104816087399,0.11329451484162197
0.036859073791499,0.09439607388571898,0.13358318264900174,0.11081980368326831,0.12724113008310103,0.09756952535206671,0.13441711991678465,0.12360326116204906,0.14151082947651042
0.00471023487104709,0.1657363875128467,0.1357966762741381,0.15496898096649103,0.18324640211891255,0.1244528317554503,0.13165419894761934,0.05163775928952164,0.04779652826397329
0.12356929103101048,0.12969026925857774,0.10746188132082705,0.1152026076320659,0.10635432407370017,0.12890591291066145,0.10426194878872623,0.12934497336690026,0.05520879161753065
0.07124561163441735,0.13822307244917761,0.12305952762064677,0.11956276176250967,0.10493932100591023,0.1254282410898525,0.12230826313965143,0.1405092418096131,0.05472395948822134
0.16302867922976091,0.11797446308429388,0.08947616510455426,0.10964900567896052,0.10507306754092967,0.13137080035498225,0.08737125631381182,0.11649763359943709,0.07955892909326955
0.08419835437247036,0.11936634940247297,0.1247580443160114,0.1145322036843273,0.11801239508973438,0.11554959051455527,0.12088298296028484,0.13127347301610048,0.07142660664404289
0.4049941676505371,0.10137142588088516,0.05604737037490726,0.08779845702440771,0.08592657814896666,0.12298899717639562,0.041686350707034386,0.06024073739635143,0.038945915640514694
0.3626722830562879,0.12670618340700304,0.06327532020899147,0.09341530082355863,0.08556360325839774,0.1265983910659422,0.049025659135824205,0.06963001677488038,0.023113242269114345
0.28712665951132715,0.12054160471245008,0.0695246474672506,0.10397659037339346,0.08705784427357026,0.13831520206365613,0.058757529416390654,0.08719447640540058,0.04750544577656101
0.175770279193686,0.12320128539963081,0.08584488530913097,0.11055138620896786,0.10069710969371415,0.13630537726578454,0.08254629014201853,0.11373905539214935,0.07134433139491786
0.11352541472916873,0.14336652351209303,0.10413316235324561,0.1172860554732106,0.1006442349151269,0.1354101250227896,0.10240654474785647,0.13111543801542813,0.05211250123108082
0.10561234531348161,0.1695869682058707,0.1051414370800995,0.11766177431644205,0.09596821584922853,0.13755532578524285,0.10178459714424788,0.12899583614546506,0.03769350015992187
0.009285310626923747,0.1097036898213412,0.15624962065361817,0.133551287231238,0.1729452287186831,0.09251596118592131,0.15602251105451362,0.0841552150551461,0.08557117565261481
0.02290412699087771,0.09647519624718458,0.1446420984032332,0.11517506897497258,0.13148106996334263,0.09299893738006633,0.1462895886243594,0.11917456613446226,0.13085934728150128
0.00463998675169403,0.13116277682037114,0.13472089895874614,0.1471038842954695,0.1918202899304892,0.11301731696867029,0.136821899849069,0.05730733619002159,0.08340561023546904
0.008758407536260301,0.1081998516265571,0.15305647680643292,0.13328164108739218,0.176678191489238,0.09235562776253553,0.15453248486957183,0.08194515456976643,0.09119216425224576
0.2803601157235199,0.1380501704979206,0.07342051991622667,0.10229974148087607,0.0909810377189546,0.13444080834604716,0.06189161080663527,0.08740030980784434,0.031155685701975494
0.19326797411565677,0.12614983555275724,0.07726589028931968,0.1081408603712234,0.09642839146834248,0.14170461611729815,0.07114818915663253,0.10232499142119263,0.08356925150757712
0.35380098409068106,0.11725260802581905,0.06372540627621501,0.0940428825961312,0.0891399680661591,0.1269794664094852,0.050924681427154304,0.07253067268251924,0.03160333042583579
0.10557974435431083,0.10764763145365279,0.09254144393276076,0.10779842420120189,0.10836951390413413,0.12437588073549989,0.09604244331662397,0.12286657915913739,0.13477833894267846
0.024735521090819616,0.10904265560872332,0.14286813443116012,0.11696963620865712,0.1265076705518347,0.09856856886512255,0.14762536646601548,0.12615446782665904,0.10752797895100802
0.009477896854403351,0.10090431366939683,0.14765019890634176,0.12305392747443235,0.15198080645438294,0.08778164738048373,0.15762956325492647,0.09645177442035513,0.12506987158527752
0.01935945589769844,0.12088857980759465,0.13658759062473644,0.1170009086774979,0.12211083705125832,0.10044163662869766,0.15007820829820384,0.12749250080569022,0.10604028220862254
0.022099973657172978,0.0975868186224368,0.13317536813284114,0.11243543060309681,0.1229080503627454,0.09601220713245795,0.14201972475238878,0.12423734080546771,0.14952508593139238
0.007403905229251374,0.12879768245167797,0.15201969257626707,0.1309966431342374,0.1512498043995707,0.09261759272561416,0.16571329014921377,0.09041442576829518,0.08078696356587237
0.10914267095651274,0.14419539838055526,0.10392041707445816,0.11641538296240604,0.10301133675648493,0.1345120796319789,0.10311428579032604,0.13045845598338426,0.05522997246389363
0.1515308911324392,0.16079258362699203,0.09744756336826395,0.114215347807002,0.09662762247495081,0.13723885663939925,0.0909218728608333,0.11895665693873114,0.03226860515138826
0.01740934661394922,0.12235755046982093,0.17999489093063428,0.1310477681086376,0.1351134564479306,0.09327021392532238,0.16341011273539754,0.10908860780923586,0.0483080529590717
0.09494360140774909,0.14716859937687038,0.111584891653622,0.11780835069810523,0.10330737439144082,0.131569293416043,0.11039386613684034,0.1344832195530083,0.048740803366320924
0.01967337467899286,0.07278133318203102,0.10442367803737707,0.09741666751943158,0.11430822591645885,0.08750385847627724,0.12033950145162464,0.11375579046684996,0.2697975702709568
0.09115948910028863,0.11260292452202408,0.13282729496854254,0.11411006235167871,0.12092092833645961,0.1100516291279618,0.122593715149361,0.12765105639963117,0.06808290004405236
0.32566501250243296,0.13216004339015933,0.0669956500584896,0.0983060346384363,0.08606518056823105,0.13226372498268638,0.05350382450403914,0.07694028027330412,0.02810024908222109
0.061388845063836434,0.16360269325005364,0.13693357516489787,0.12029711114074824,0.10245699065515419,0.12005236021888092,0.13028470116750931,0.13732328914885872,0.02766043419006069
0.3137817000635299,0.14297126114993639,0.06920849033435181,0.09940511925591529,0.08508951895476018,0.13262365315523286,0.0552189272891517,0.07866559500560223,0.023035734791519654
0.045498313621973326,0.13607533656078957,0.1496973088450661,0.12179003540482569,0.11197189029229669,0.11094126718167031,0.14259476677722008,0.13752492410075592,0.043906157215402274
0.010332399342775106,0.12293679108466844,0.156519055665132,0.12712187839423078,0.14153522872207494,0.09195662037990189,0.16587520606139347,0.10363521109649965,0.08008760925332367
0.026031336496405554,0.1231666535660153,0.13999101945933742,0.11911970876399507,0.11533801411920412,0.10596073632341795,0.1474875977699376,0.13520931676364292,0.08769561673804398
0.06853052627012664,0.13672338281281146,0.14535292036099656,0.11909924816815438,0.1170205029827296,0.11128872006572897,0.1337877752130038,0.13196625192367567,0.036230672202772984
0.0972348866507922,0.10346134167167277,0.10602178072516211,0.11005985127957578,0.11102821705601905,0.11855683015435003,0.10665627333552506,0.1284321394898758,0.11854867963702714
0.1566511679502545,0.12793793435544448,0.08730538373245315,0.11193407423069972,0.10055734516129426,0.1382345566421483,0.0849938127048482,0.1168212769413941,0.07556444828146325
0.14083636125412138,0.1599234327578125,0.10329970383061797,0.11617474262700626,0.09505717575056126,0.13576410291416438,0.09603924490632748,0.12384906537232387,0.029056170587064892
0.36352011285202074,0.12855993298342597,0.06381518270299162,0.09340625325203473,0.08507235343219342,0.12562456041833783,0.04963549710653407,0.07012633376859433,0.020239773483867293
0.037255171076186644,0.058019446900907636,0.11061668376630053,0.09537339716776287,0.1294128858218267,0.0840307824205373,0.1132030022338726,0.10668930183839083,0.26539932877421485
0.036085636938517206,0.08674471784936193,0.1073014172925759,0.10315224771736643,0.1133282485879974,0.10069442199063118,0.11842982231918808,0.12481284898112259,0.2094506383232393
0.045498313621973326,0.13607533656078957,0.1496973088450661,0.12179003540482569,0.11197189029229669,0.11094126718167031,0.14259476677722008,0.13752492410075592,0.043906157215402274
0.1729685991993639,0.12797154518115236,0.09169011662172454,0.11032462014266214,0.10477461341007892,0.13219052354377828,0.08772121941891671,0.11558530324825862,0.05677345923406454
0.029331996371413597,0.09403720237424244,0.11462924444979072,0.10670214749207248,0.11505503987381943,0.1007645215436309,0.12706049100052302,0.12709209344336922,0.18532726345113823
0.17393494578071414,0.1323800016629167,0.09725559753359557,0.11150038488721366,0.10380460933751272,0.13025819012748321,0.09138208784067892,0.11771874779156037,0.04176543503832474
0.0007802174441151562,0.2049348044540015,0.14359730415222213,0.12734116204754012,0.25020824858247387,0.2352122274203801,0.003441655423040662,0.0005277760370783769,0.03395660443914803
0.009837711289465293,0.1217243440425716,0.15965646588561586,0.13112982943885565,0.154381363802594,0.09201040406317133,0.16407951420560288,0.09450877332566665,0.07267159394645673
0.003403439977240369,0.10892108985301903,0.11942500438547103,0.13000879564390813,0.18862117037710804,0.09618270712599343,0.13519338905787823,0.05668188181592604,0.1615625217634557
0.01879397783708659,0.1292789156527202,0.15514912726190067,0.12287668017310498,0.1273058155402584,0.09765319994329325,0.15956066095331048,0.12265827567393267,0.06672334696439272
0.41075297176744363,0.10759528263948182,0.05339016509014476,0.08646181250932011,0.07471885485356149,0.13027419471212032,0.03039193535273382,0.04520700749802911,0.061207775577165
0.33847527239406205,0.1238694235433246,0.0698510811829022,0.09555661635549662,0.09146279792410413,0.12292400796917784,0.05795722494141035,0.07941030096205455,0.020493274727467616
0.017997541676926066,0.10551750308698893,0.16339856217087878,0.1308007502006543,0.18216741388409705,0.08881358589311977,0.15024291171242046,0.08792960125005611,0.07313213012485852
0.09443263606685852,0.11254757979133574,0.11555591702738967,0.11411722946277016,0.11109549553289104,0.12014684939894686,0.11332755755698239,0.13284062768039184,0.0859361074824337
0.013902397152368696,0.11290379856410743,0.15193774696231963,0.12205670726141764,0.13731427600017507,0.0922067825523526,0.15987205956440434,0.11253118157559437,0.09727505036726035
0.02726720976297296,0.17224635126241392,0.14420783179453459,0.12123043038382501,0.10353486662480688,0.11047288214015676,0.14836687764790718,0.1350003607574981,0.03767318962588464
0.016114214829885034,0.09110325279560953,0.15294961914132432,0.11898982884797589,0.14675491573695068,0.08685847571579147,0.15081716943983345,0.10420570078200275,0.1322068227106268
0.00965310964006428,0.09703821609633112,0.14436282554301746,0.12263871375001188,0.16534940672673035,0.08588766140972408,0.15322437148564716,0.09003442166515085,0.1318112736833229
0.10840590559095427,0.12487787390882306,0.120806379543482,0.11633799372371219,0.10933093940042087,0.12214336807707134,0.11396879257918598,0.13251592139826476,0.05161282577808548
0.09635742682586836,0.1166088322103223,0.11218742940468925,0.1142988123551983,0.11031633896425681,0.12275555467520331,0.11136965528014214,0.13275358542635313,0.08335236485796625
0.37480018137243537,0.11614457946451151,0.06096755809661064,0.09191221090196743,0.08660504602266099,0.12585542210494402,0.04704998864506787,0.0673397428112858,0.0293252705805163
0.07597023222949514,0.12742266700165797,0.11643529590612374,0.11635663098870587,0.11019482454317951,0.12364580741676412,0.11804775722625156,0.13668361617722782,0.0752431685105942
0.10196453700768543,0.13215351636344666,0.10083410493190864,0.11549156008017931,0.10401578880501171,0.13366104174308518,0.10259093611710524,0.131282806312819,0.07800570863875887
