0.05830508660068859,0.12190528444337212,0.10731206357502467,0.09691439246371363,0.07227527418032931,0.13978692708896232,0.12154377896315005,0.21185429623365418,0.07010289645110514
0.18466362363969058,0.07465552142852223,0.10981783798716238,0.09775244684699763,0.1620364217704063,0.08295082889415702,0.10848518048421485,0.04674838550955737,0.13288975343929163
0.1811000840728696,0.05459400647084123,0.0951629298863102,0.1669791870673809,0.11887254904929723,0.07034942975816244,0.07415181448248993,0.04359812747053876,0.1951918717421097
0.11092406379386571,0.07067180431192575,0.1294255412680659,0.11785329495540374,0.15664197606514021,0.09709984413383764,0.10544041788665837,0.08377939855450696,0.1281636590305957
0.11008471758506078,0.08386539340206191,0.13271069996581633,0.08264717949418908,0.17640073084312913,0.09115827790048976,0.13161593583660025,0.09294040084272837,0.09857666412992448
0.07568068226925674,0.11057645663849756,0.12901328974638704,0.07871425506692811,0.1260100646294143,0.1615292182769218,0.13191123372728084,0.1055716827860289,0.08099311685928474
0.10179744980805254,0.08002023381657021,0.13803031428574383,0.0912281999774734,0.17619028863216538,0.09345154833795184,0.12001225464198784,0.07744751346733919,0.12182219703271578
0.29432918625182664,0.06024006803046855,0.0867833446262945,0.1090616970667652,0.13137318843202558,0.051975122126661076,0.08941086132675047,0.036601694816655726,0.14022483732255225
0.06820560686010112,0.08910205503298337,0.125639650480139,0.12268159484377028,0.1113204336486708,0.14554082051713513,0.1084039999486927,0.10769407055219009,0.12141176811631756
0.09306600901214962,0.10343401985423871,0.13224572930713044,0.07885304770071809,0.15243321542439361,0.13696922623598712,0.13189305906284457,0.07520441746947248,0.0959012759330653
0.07221305216521912,0.10306691859843975,0.13441946169301758,0.08202720460840078,0.13273162669498528,0.14627495997722928,0.1303450719985807,0.11272033478825268,0.08620136947587494
0.05182989178397172,0.14852786978587862,0.13219785884442217,0.06125296614115209,0.11115860270924398,0.09511506878346698,0.1563200545445892,0.1608750983599939,0.08272258904728126
0.05069495375125413,0.10817689231405307,0.1299849269628692,0.08242110523109548,0.1035527451564192,0.11337294469269273,0.13218550830431372,0.20253449282765004,0.07707643075965238
0.3924325214023468,0.047367892398820305,0.06054127891079233,0.1190033235463248,0.08136638760127247,0.0354686886930008,0.061203763821767586,0.015616905955481613,0.1869992376701933
0.1921460628174312,0.054027468907128916,0.10022747908622194,0.1549790898245685,0.13321512266202654,0.057747333933062056,0.07934850310822034,0.051277737398088864,0.17703120226325164
0.04789914649875788,0.08982435215672978,0.13989911333558913,0.09009298054373178,0.12054419842419496,0.09791443256384084,0.12684217556990185,0.20332222314358295,0.08366137776367093
0.06705043567009077,0.08062112833710464,0.14728465624115125,0.0899343905745875,0.15924605439510267,0.09709824831193266,0.12471505153932423,0.13507228460700857,0.09897775032369767
0.055282618581637605,0.08486966973911926,0.15165230731464804,0.08698278966128975,0.1526051660439662,0.09082706251276908,0.12724894651245733,0.14905260289883734,0.10147883673527536
0.05948696147314639,0.09063661029926244,0.1400733119550475,0.07097291895139139,0.14209302442024574,0.09237157558025827,0.1379869442777699,0.18649030756954954,0.07988834547332875
0.06373063484683944,0.13114407755076654,0.10285471740725294,0.12810324782069515,0.06622444582670646,0.0720588033221425,0.11404579025753903,0.22547249920830584,0.09636578375975213
0.16494560610484124,0.0756943396607833,0.11048017952516746,0.11076082898169042,0.1429733189459941,0.10845747555515721,0.10091201477439704,0.050765325180716254,0.13501091127125295
0.051627055494259645,0.14755092240750922,0.12737778710704908,0.06922479402438718,0.09855377043584584,0.10064313964038037,0.14663199522075696,0.17408725368363362,0.08430328198617809
0.1336567616336887,0.08146905739256605,0.1255408276853658,0.09200788038044157,0.17083275226448824,0.09721104786704271,0.1193133744534383,0.063792433330542,0.11617586499242659
0.22914286250837154,0.0734613298919664,0.09837648799146147,0.10297893719681757,0.14029688514342584,0.08930605912216576,0.101138295858106,0.042300098970884555,0.1229990433168009
0.08654197195885786,0.09915265216314074,0.13629344857036552,0.07839981220369112,0.15684604745928812,0.12504164114810135,0.13468911300784975,0.09132546670568387,0.09170984678302169
0.38912504602849296,0.04515560617546771,0.06181002038718405,0.12350051671690725,0.08419404352501896,0.028772082129004454,0.060531006017822186,0.016591372406522906,0.19032030661357954
0.2979128324452545,0.055238082143135435,0.08194662024684003,0.12003481818998148,0.1195511085754191,0.05000600129702478,0.07753576547295589,0.029933435206923847,0.16784133642246493
0.0605777438694625,0.10203538071250097,0.14222534103885173,0.08745611882687913,0.1334166654186053,0.11916999547066147,0.12689832273390422,0.1158994544733223,0.11232097745581242
0.21390126011859942,0.061368170820290446,0.09581973622691593,0.11885889148225988,0.1387615886874547,0.0669099706961328,0.0855875941280606,0.03659095336613003,0.18220183447415628
0.05180978425671906,0.11167572512134015,0.14014302828704436,0.07403307739020115,0.12353124072680473,0.112151247503453,0.13987500390500493,0.1634284214568474,0.08335247135258533
0.18857714337714393,0.1826105839664823,0.08394999606286685,0.10794946712282488,0.03881522882513814,0.044409804631453366,0.0942843708537997,0.16879704776891394,0.0906063573913769
0.08260697352613834,0.11340198482710645,0.1367810705808639,0.06833914228370284,0.1658812363102453,0.11395878884126438,0.14896369280665353,0.078618251807919,0.09144885901610628
0.14230599872960806,0.07620184428171574,0.11866473308024313,0.09653243037146757,0.16409326017979534,0.09114079661944037,0.10690872187699711,0.049595795020885014,0.15455641983984764
0.14970740203890776,0.06222919899058643,0.12076561486173824,0.11871574945010412,0.17010662121203443,0.06394209018350559,0.09911480674582891,0.06689842115073016,0.14852009536656433
0.0599152177769308,0.1388105922065023,0.11701368263305563,0.07768363863238868,0.08232373849690337,0.07437195760328848,0.1364394551583235,0.23161813149100507,0.08182358600160215
0.060450126151505613,0.09544125520110473,0.14770970196638308,0.07473810536430651,0.15387610673973143,0.10228917333070064,0.13788133693926596,0.13829109739188056,0.08932309691512148
0.05540361439781172,0.12048700766510334,0.13631576231439035,0.08273615451536392,0.11641493346415066,0.12685212254071376,0.1325819048894612,0.12472762482679585,0.10448087538620925
0.18422040802733342,0.06822487417897757,0.11124034229042194,0.1112013970119508,0.15490457531821014,0.08111270721670792,0.1012601701675726,0.05707422856989527,0.13076129721893034
0.05759498787207535,0.11156343132135661,0.14422885570570101,0.07408428515666764,0.13671981334044234,0.11898671629210518,0.13884765823715095,0.12400906828032628,0.09396518379417475
0.14204027218217555,0.08299328302267539,0.12209076480425403,0.09034720767336647,0.16995587620209518,0.09744249090976853,0.11960997197052232,0.05734987350763757,0.1181702597275049
0.07271162831757236,0.14837391015230425,0.11971068854970805,0.06534992738198249,0.11326116143694483,0.1800256504648571,0.1447566257728309,0.08205221348835366,0.0737581944354463
0.35479532048118684,0.04967020600099662,0.07058526122737846,0.11993315417006796,0.10202996718387138,0.03562714941445287,0.06901721448835743,0.022486528097078767,0.17585519893660972
0.05941903869509235,0.08057658225707777,0.13708537247840144,0.11801131480503894,0.12653294548962976,0.11203495932878695,0.11248736570047128,0.14174548330452566,0.11210693794097586
0.09417204379747444,0.08652141535623581,0.13800651008777975,0.08454141110267127,0.16875040966202323,0.10524858280153154,0.12893989231029723,0.09513087404975733,0.09868886083222943
0.2177514421820789,0.09038433103926624,0.09265974138657697,0.0942218919801528,0.12308137278202753,0.1335857944531935,0.10440078732329298,0.03504668723890958,0.10886795161450141
0.062075990391888165,0.07560544477758771,0.14735452103816818,0.08793392081880431,0.15850931799474086,0.08680402432430466,0.12458090562528085,0.16517165226064745,0.09196422276857785
0.20068399823750327,0.1660044066071881,0.06368471688121037,0.2034161549860254,0.01572255328142789,0.014927680292094877,0.05660754131258628,0.08887269532091978,0.19008025308104404
0.08888826686149665,0.15486867565657605,0.10577409374898532,0.0655573859326441,0.07252797098188517,0.07785900909594136,0.13823350910569163,0.2237771107036588,0.07251397791312096
0.05912431182377778,0.18111365155173878,0.11873746077874586,0.06339265541042559,0.09096553751847199,0.10234518133893876,0.1523152566178216,0.14661332478146635,0.08539262017861321
0.09875721855684755,0.075147067858426,0.12857960954609904,0.11565829747102048,0.14664700698955294,0.10845476698651392,0.10235289637459262,0.07314031678649525,0.15126281943045225
0.04863141275909369,0.12392503931471914,0.13313741101460436,0.08731202527481173,0.10513101340722915,0.1069339119970305,0.133145965459081,0.16084496017998132,0.10093826059344914
0.2979630963893202,0.04779840348461647,0.07620478801015085,0.1405535180763392,0.10568022396019672,0.037955258316110144,0.06532500002540038,0.026457775557100414,0.2020619361807656
0.04377389746108281,0.09506589768882145,0.12039093633926413,0.13573327027304063,0.08754020766198099,0.08515175707802752,0.11265118484358383,0.21973852993238738,0.09995431872181125
0.07211283479289221,0.09247731325667978,0.14626657954371758,0.07882289190779934,0.16351133016192224,0.10634374599186847,0.13373318433921397,0.10943479179128017,0.09729732821462633
0.13411186054478447,0.08146304276975554,0.12605662430023754,0.08910076932282986,0.17712354140822864,0.09056739623466602,0.12137383241519167,0.06101944826631946,0.11918348473798686
0.11874466680143192,0.0946577045146515,0.12656769492060302,0.0778150218940266,0.17544985968629356,0.09429833559636756,0.14045386821011183,0.07420750363598026,0.09780534474053375
0.21583291509519506,0.06246268676214006,0.10333968943456538,0.11473442389854005,0.1515768696169386,0.06381636986972516,0.09414849893089998,0.04822051646693718,0.14586802992505857
0.24685278242375355,0.06642852436572137,0.09616314934253091,0.0971880221987595,0.15868547591785578,0.053568542589387196,0.10330466894943886,0.03944812920326674,0.13836070500928602
0.06682414926622979,0.10007997387564034,0.1443345594161,0.07873451058036185,0.14871930714302986,0.12016056123700754,0.13367030933448207,0.11099226840485597,0.09648436074229257
0.3837093888423186,0.045497657013942455,0.06184228623836027,0.1248621666187164,0.08263651287354808,0.0317142587722474,0.05972043936329594,0.01644656844376013,0.19357072183381074
0.08553045422073667,0.12872214479639935,0.09809255685067574,0.12297541211640861,0.06032635368844569,0.054914593628421125,0.11030370246948418,0.24950593613322072,0.08962884609620796
0.1437100941036091,0.06317825155519982,0.11822593963758089,0.1330153726800602,0.15130215380407544,0.08098504929691668,0.09550187717363179,0.07213727800995888,0.1419439837389672
0.06154194792869804,0.09889653738939203,0.14187340054517947,0.0844191190041762,0.13571054001851632,0.12494972903758006,0.13012988230258718,0.12881962114897366,0.09365922262489705
0.3293134469752355,0.051014622331119884,0.07467901345477604,0.1246791784927727,0.10565571392021866,0.04210811031517713,0.0701561063568636,0.025175480141525892,0.1772183280123105
0.09265102258942737,0.19322166249111264,0.09923246623393629,0.08186672698871846,0.06289032942872426,0.08462838846879152,0.1275729324867649,0.16976980608948467,0.08816666522303991
0.054377294359324334,0.08615625187585553,0.1349089800153028,0.107397048544679,0.11696263688233981,0.12003276955399726,0.11818804035347845,0.17079763863833544,0.09117933977668734
0.19650340901121643,0.06224472003364803,0.09464240190814759,0.11508963775066361,0.13654070468486554,0.07213052219795646,0.0834050428810405,0.033986439067270655,0.20545712246519124
0.053482575061875294,0.11248616230718257,0.1346301625459149,0.07275167814659551,0.11620389420603516,0.11563195761455225,0.13971473470889897,0.17763352063436086,0.07746531477458451
0.25659897828207395,0.054569100684477845,0.0801128291920195,0.12669857090201175,0.11406611495540124,0.0573215071569085,0.07132139095659933,0.026432406171332367,0.21287910169917557
0.05452442352243209,0.09738656258094451,0.14033924436194037,0.08064136737239808,0.12809116430934384,0.11303182984254716,0.13277959920701682,0.170527228966849,0.08267857983652811
0.049381452379105635,0.09947148141987755,0.12334823902763821,0.10287037117283569,0.09254071115358142,0.11724424757306362,0.12142292611461043,0.2151934905706949,0.07852708058859252
0.06430639406200776,0.1428913735629517,0.11106154365147441,0.08719587575098642,0.0747685662189667,0.07786924020115388,0.1302294338536786,0.22840907534545699,0.08326849735332346
0.09206306771008954,0.07995688513370332,0.1273386919848687,0.11872517408507897,0.13340706430630214,0.1342272333394131,0.10594969003044885,0.08564513042240574,0.12268706298768961
0.0738203976322132,0.06064142857580013,0.13162152816753295,0.14502893154732313,0.13832183727425879,0.08987136364171718,0.09900836112687535,0.14526709331251622,0.11641905872176299
0.07700735506982474,0.0935855627640606,0.14453976363946655,0.07236367789820526,0.17748025969644773,0.09131427661698016,0.14286566866115688,0.1070164419983863,0.0938269936554717
0.19176605599589322,0.06972872682729994,0.1103186617755304,0.10232540514738235,0.16360870915259876,0.07351955191633293,0.10584672736552987,0.05211188857746765,0.1307742732419649
0.1662622151938183,0.07353906292886024,0.11775428001488497,0.09259991601308094,0.1809372539455997,0.0702633375943316,0.11590322386672854,0.05462240617600339,0.12811830426669227
0.18572132081451734,0.06372785110997575,0.10769217125445975,0.12119621286838239,0.15036895685181287,0.07288550213738824,0.09335358411721138,0.05029941774949723,0.15475498309675503
0.053087798112229245,0.13889720796898009,0.11749442892237504,0.0898962703754382,0.0830465063124702,0.11343157429345758,0.1314442592176604,0.1876670211523247,0.0850349336450645
0.05348929336075122,0.1556971567713299,0.13127720184554983,0.06106914015766004,0.11240050966528996,0.10900535181402315,0.15685351708749054,0.1371189376740279,0.08308889162387746
0.09118535882117525,0.1143262050545699,0.13086426587121658,0.06691514526569653,0.17437183171435697,0.0903494028563468,0.1594391794212917,0.07828051999833469,0.09426809099701162
0.3853862698521475,0.04881073788647384,0.061543683679614124,0.1281013602175792,0.07382493373234962,0.04734025238167395,0.06017965375003911,0.016273373674670088,0.17853973482545257
0.1307760905495336,0.08877631857920083,0.12520795300190296,0.08367348567383288,0.17508840294372194,0.09837225723805433,0.12861980554326666,0.06062059284383017,0.10886509362665663
0.2575602927834076,0.055860112868219035,0.08927306715835585,0.12148328069835695,0.13359198172503178,0.05020164549863102,0.08068797694849812,0.03446199883934697,0.17687964348015264
0.08733950628232812,0.0832278996744635,0.08240826230415815,0.2024416793560774,0.04654064192437565,0.04368760369347738,0.08421495437366096,0.2468737665616525,0.1232656858298063
0.06678862138961701,0.09550067896967047,0.13638494115577862,0.09988689523945139,0.12926038405436222,0.12331061275531835,0.11731266662681128,0.1036487624480768,0.1279064373609138
0.059577550415600596,0.13043375722328593,0.13816067284553044,0.06691066108882872,0.1298996499535949,0.13184117253931196,0.1463062513857777,0.10896123986554374,0.08790904468252604
0.20019632881621394,0.06549975994386258,0.10770896489313254,0.11058161689387198,0.15686176348654543,0.06982518178609869,0.09901775470650642,0.05179994895961798,0.13850868051415047
0.06293256003313082,0.10726574066185113,0.1414181385840503,0.07864610787743342,0.13617942002652186,0.13004544059741288,0.13402154553511614,0.11457478359644134,0.09491626308804214
0.07183630936361927,0.1096103408081082,0.13199582090379175,0.06860513381923783,0.1378084787436716,0.11905255889029669,0.1459527487335621,0.13613402520133203,0.07900458353638055
0.13742647931099222,0.06874851814208888,0.11147029820577437,0.12395764142447112,0.13943018885246464,0.09884335081017338,0.09054957179000685,0.04959076640484719,0.1799831850591814
0.053026746493186803,0.14457989160303855,0.12198796855348114,0.08458457919334672,0.09089041115095231,0.1281941849520666,0.13432004105391282,0.14959534816283893,0.09282082883717603
0.1597403422260169,0.1725670884211065,0.08734869008667068,0.11206061564237686,0.04597219604504558,0.045034706096911355,0.09802098023388683,0.17903177224395583,0.10022360900402956
0.14006465230526563,0.0637304393501556,0.10343537550169674,0.15372227263656768,0.11961266466933464,0.10735354091582676,0.08146126903927912,0.04935558201608492,0.18126420356578898
0.1549927779086179,0.07416395722403808,0.12073418581617461,0.09786446663492658,0.17165874666181502,0.08285126148716439,0.11347881120918803,0.06292765252444295,0.12132814053363244
0.07105300779301049,0.17044830722039891,0.08902204176150631,0.09457374243127752,0.05321534335769337,0.1971178291375525,0.11699269179600075,0.14017084373747082,0.0674061927650894
0.10842887587097744,0.11095712038205145,0.1236623803912143,0.07550084207500982,0.1529106267163545,0.13845313120424826,0.1371083087261901,0.06203283367384075,0.0909458809601134
0.10985093652817945,0.08481942899605027,0.12822351413360636,0.09884791987251607,0.1516535918578445,0.12400958348942474,0.1142675100949437,0.0711078542097448,0.11721966081769018
0.38858061343471023,0.043895343111702484,0.05956770129785147,0.12576860890156674,0.07879595254146031,0.029056526222724154,0.0570097058742249,0.015018908042927081,0.20230664057283268
0.19635813118344247,0.06308177714599937,0.10898376353879702,0.10876769669552877,0.14651748567294265,0.07707403185265939,0.10095099355422611,0.08639189125300036,0.11187422910340379
0.050954058838251604,0.11218085545315971,0.11593722971371567,0.10712266259050307,0.07990055179615513,0.08057244969341089,0.12210774764397503,0.248544390042679,0.0826800542281499
0.07918046457583414,0.09954065593582313,0.14169755246790908,0.07767984739523705,0.1590458815990289,0.12023754584581907,0.1330242492696472,0.08752660381434764,0.10206719909635366
0.16459921520073703,0.06415458454813928,0.11865339286268228,0.1100481984620396,0.17257116309184173,0.06407804709862587,0.10305613119125993,0.0647411869830926,0.13809808056158177
0.05170154461099758,0.1166079268705113,0.13790519180719793,0.06972884646318288,0.12071727174300852,0.10816770166745726,0.14381836036331375,0.17140815275876278,0.07994500371556797
0.26973280439841224,0.05989495422961725,0.08460699139368684,0.11390553433181162,0.12470816518898153,0.06171281465539824,0.08153735308090573,0.02939670410910895,0.17450467861207755
0.30269268170126656,0.052775512409917645,0.08111503579398523,0.12716305375086073,0.11488916791523336,0.04647996238841979,0.07437926767609217,0.030695914362013545,0.16980940400221098
0.06752194601131482,0.19014323530366148,0.0950424238573251,0.07640114996451558,0.06208112694202176,0.19983436757013687,0.1276565612175234,0.11203455780212113,0.06928463133137987
0.05312449091151456,0.13344511291923358,0.12468141925694838,0.0728529569738433,0.0948952035898779,0.10675971714232597,0.14097807284471134,0.19637796307805996,0.076885063283485
0.12986324007066094,0.20675249968476006,0.0936067231979118,0.06777029191485384,0.056283747566640036,0.080136596929631,0.13004443317000988,0.16246802759523057,0.07307443987030192
0.10250933139245005,0.10031831212959369,0.12456951636813296,0.08767244897844456,0.13758244077293438,0.15742625260642273,0.12158233908666771,0.07176113432267704,0.09657822434267684
0.24084167895670658,0.0680396977862547,0.09723753249586108,0.11041210461132243,0.13383735624985996,0.0850686055253554,0.09557016761995897,0.04716192101682479,0.12183093573785608
0.05250290080584805,0.10425467385465033,0.1443278973153123,0.0692922173813388,0.13764236492050316,0.09777154489349084,0.1433184214732588,0.16862345977701232,0.0822665195785854
0.06580149977783308,0.13221929762677773,0.09962744556413894,0.14303096656695918,0.06429347147778991,0.06304553476971558,0.10805991588869923,0.21141668382306444,0.11250518450502185
0.10780035428041544,0.06401769587615995,0.11700153174383683,0.15879103778988715,0.12518431547630804,0.11254685817514841,0.09102286582870724,0.088924522748347,0.13471081808118987
0.05584159944141646,0.09914472663365577,0.14270209552566618,0.08220600746946327,0.13223248007153485,0.11613011706943292,0.13241728026927094,0.15051587416998724,0.08880981934957237
0.205857800917721,0.060680303421285324,0.09899423998705414,0.1312659434635011,0.13495759603346855,0.07173076108179643,0.08512609811115528,0.04308664492003517,0.16830061206398303
0.0879934393580147,0.10276807211964754,0.13720967066429288,0.07191162129355823,0.1727413615528973,0.10416331305145915,0.14555619410058915,0.08450953842474057,0.09314678943480054
0.0829433202444612,0.08066308863090633,0.12860595330669378,0.11876132869792332,0.12808975886316978,0.13951741890415914,0.10836384304217637,0.1048379588293346,0.10821732948117557
0.36435567924891865,0.04869727624153158,0.06543089200049265,0.1159066137121117,0.0952621467253541,0.03549815760554954,0.06493990470319085,0.01843055184758696,0.19147877791526402
0.05253504812393086,0.11139758904820528,0.14607357097798684,0.07382866783434185,0.13439350135489248,0.10770718485202996,0.1397982600702497,0.13988517206092302,0.09438100567744002
0.06048416405511962,0.09493550548629577,0.1394878453241883,0.09567347259643684,0.1285061955274074,0.12591636889513028,0.12331030734089153,0.12961389795217476,0.10207224282235539
0.12266853452932273,0.08059516637103992,0.12879681260844897,0.09456983569489553,0.1687785826992053,0.10016221355732002,0.11726110386260673,0.0676688176164283,0.11949893306073257
0.05972862221121376,0.14828515919468957,0.1107738429380478,0.09902850707175596,0.07574086935146496,0.07383379047748205,0.1264332513088507,0.20311277955897475,0.10306317788752055
0.06234720642297472,0.05955481948397954,0.10298031783395244,0.184548727892604,0.07966615596392802,0.14026664023001859,0.08488668492060197,0.1610912183271632,0.12465822892477756
0.059420905623792576,0.12990697290257905,0.12129222343235586,0.06714506656313543,0.09495026151915124,0.10466219035918395,0.14287843985184628,0.20771888379078315,0.07202505595717237
0.06818194233946581,0.11252559924088042,0.13562834090419051,0.07194625355877572,0.136237748352909,0.13596490452177404,0.14120225829748223,0.11686240405645744,0.08145054872806486
0.05170442527540148,0.1092807130454066,0.14081805889667692,0.07807909396022639,0.1232991183170724,0.11382581189791015,0.13674417697884025,0.15930645925761677,0.08694214237084912
0.11397379436039305,0.13687773886024882,0.09033353938201837,0.14292675779752118,0.05231606754040196,0.040887982472141246,0.0970555958123408,0.21465377683126197,0.11097474694367264
0.08354854360234103,0.15123652461436146,0.10731827033387938,0.0734891507924398,0.07168045324317995,0.06447821685412143,0.13321874222913352,0.23575594404493475,0.07927415428560862
0.047986244588938486,0.10125152501183717,0.13204502882195276,0.11236168841396854,0.10535649246032654,0.10066458169127168,0.11984340932187433,0.16963909674402267,0.11085193294580774
0.0855042999664204,0.0912333014904567,0.1401917753405679,0.0793707043554642,0.1675680688312675,0.10669262591061662,0.13429837636582595,0.10070396426975177,0.09443688346962902
0.06382891521692372,0.11218388718686866,0.13073460227461198,0.07620466146396383,0.11872970477242505,0.14794358501595276,0.1353207328854812,0.1376520496441609,0.07740186153961198
0.0603179378321557,0.0988277321552959,0.14816847280377174,0.07301496270198642,0.15446826444903583,0.10340086811654774,0.1398257284980671,0.13171912206037564,0.09025691138276393
0.27238897870731793,0.06264196062196299,0.09129416120725105,0.11054953962047148,0.13368596805351485,0.0631562670408221,0.09120625482999299,0.040135478789303174,0.13494139112936346
0.4105945523556817,0.049776953427258026,0.05819900373681175,0.12721488833351755,0.06442206685483286,0.05240497033997509,0.05954881680528268,0.014476115176034593,0.16336263297060583
0.06269788617487333,0.07915333357338385,0.11098866070027553,0.1546966922595808,0.08656615051815546,0.16709246897192087,0.0983881942516942,0.14057567818819375,0.09984093536192225
0.08206696154395964,0.11681471087941518,0.12833398992512504,0.07465447844251334,0.13338085551918108,0.16179914008296362,0.13535424880878183,0.08366978203068155,0.08392583276737864
0.05194455900375224,0.1284254648362671,0.1389696113024158,0.06617636648399898,0.12317261081643804,0.11027142192838864,0.14903076127148818,0.14855544783488386,0.08345375652236714
0.18771317912431207,0.18725399566213416,0.08171101534763044,0.12639487150915887,0.03533744538393214,0.051014395078684334,0.09004869643608393,0.14580867639502013,0.09471772506304395
0.05421471876689201,0.13064364083312616,0.12580611366442132,0.07139474261026084,0.09915237571582021,0.11935776002645704,0.14148795011682566,0.18284135106688912,0.07510134719930778
0.08175818998078134,0.09307818551183607,0.1436595408847277,0.07834404304433819,0.17032648859086033,0.10597811438832679,0.13375502951919885,0.0915707183022823,0.10152968977764847
0.06442249901915177,0.07811727772798173,0.13935470002715125,0.10988659742128498,0.136480905496819,0.1120758894021265,0.11494323462629458,0.14295612180888218,0.10176277447030813
0.15638960680082237,0.07239129373838311,0.11855229599067929,0.10641752025759166,0.16092858171136756,0.08972340043467485,0.10705819445206395,0.06263423514297504,0.12590487147144214
0.07258816041526601,0.08892297269167088,0.13532096153287868,0.10434094540879267,0.13234564083011,0.1326056316597607,0.11544344506789085,0.10257954361725213,0.11585269877637812
0.0588966759491081,0.10910444219673887,0.1418376824828325,0.07074931173559314,0.13856267421949453,0.11628261716776656,0.1427804032061516,0.13833590567123044,0.08345028737108423
0.053383721812596624,0.15080347026132526,0.12616859966462454,0.0658728653788803,0.09808279112085128,0.09484962474031612,0.1496872559693841,0.17910385290810557,0.08204781814391625
0.20488678932871138,0.06581304854403387,0.10626971857381756,0.10746354245258523,0.15885997530180654,0.06706915172245557,0.0995635198204881,0.04801191525125829,0.14206233900484355
0.05703117931332503,0.131096810796852,0.13003329057155608,0.06458254688739197,0.1136797125790789,0.11532291455250593,0.14999502132296771,0.16254529941013365,0.07571322456618874
0.05455072935500462,0.11404354700828195,0.12853402789318857,0.09010707634817923,0.10290164641133646,0.1431733216653128,0.12834730029717956,0.1523866966796677,0.08595565434184915
0.31908404333288454,0.05083158580083363,0.07386572567768714,0.13398890800732519,0.09769744860625292,0.04880187475842593,0.06707303873155433,0.024553467227293003,0.18410390785774333
0.10363839862688846,0.09474721637515644,0.1327291941964884,0.0798883541636519,0.16871416475648382,0.11164780786869237,0.13404336337084882,0.07720182456141372,0.09738967608037602
0.12015557109670359,0.07597543389166127,0.12419815411934006,0.10346680171709081,0.15727305338915237,0.09980897766684989,0.10413596400868806,0.05785454806362442,0.15713149604688956
0.0786826395510195,0.08695422612028192,0.13647480562427286,0.10113760164050846,0.14112671265907398,0.12816959640269532,0.11623897965431157,0.09634935617829894,0.11486608216953743
0.27756633233436556,0.058035444564166074,0.08751589525341702,0.11588608085923367,0.13051085427268802,0.05372489280718582,0.08350073259967754,0.03393661968610203,0.15932314762316438
0.10247975877608469,0.07183140246937891,0.1351261451421101,0.10692387068717846,0.16904937650454765,0.08672443845499002,0.10810442628040194,0.0777422214369535,0.1420183602483546
0.05727591789508411,0.14739609135385537,0.1095508039251719,0.10438979029936961,0.07389986736624189,0.09895598080759438,0.1248301653940157,0.18826066914040618,0.09544071381826097
0.08062696320393384,0.0981011753933199,0.1396958550207036,0.07561686305620066,0.16191033664114,0.11375865258927602,0.1385105947356636,0.10121601907555455,0.09056354028420786
0.04511023461928712,0.0799742319150966,0.11145449933111046,0.16971320814071625,0.08215394114940332,0.07722632163366756,0.09838431671276547,0.21395376465027893,0.12202948184767425
0.1183892126575853,0.1939899466985773,0.09674665814962057,0.06999136336248575,0.05969490403095656,0.07278142356316093,0.12952367297102738,0.18210120969985796,0.0767816088667282
0.09699458646326291,0.10305218473638598,0.12854928473915986,0.08241085518203568,0.14441528627019096,0.14783705321126436,0.12467388364104498,0.06671975524166242,0.1053471105149929
0.08211571993122445,0.08115930606871845,0.12568031098800528,0.1244062052814598,0.12382193141912616,0.1353455483865009,0.1031083688905594,0.08717060434850599,0.13719200468589957
0.1529804157724894,0.1759361708775381,0.09257126596275005,0.07454733703245447,0.052717790624485644,0.049336981275884075,0.11584706852142967,0.20672162210068112,0.07934134783228744
0.10625765562823053,0.18516635363756548,0.09760654355047733,0.08530206435678173,0.06104940584502949,0.06607956961635647,0.12198514367513565,0.18198275312156306,0.0945705105688603
0.060641988695507,0.1432808167937116,0.12410680409491492,0.06790627510953397,0.10497600066125705,0.1587028230122605,0.14385179593222394,0.1214080402941125,0.07512545540647857
