0.1676637321735799,0.01865931224976214,0.19709466724374347,0.07575599476302951,0.07129699883134506,0.023885815541334492,0.14834869343658133,0.16601632613183678,0.13127845962878734
0.06753154989809969,0.10749709868708228,0.08320116799144729,0.19580737429191922,0.06900369914830529,0.08351472633943874,0.15484098369333874,0.09911418973243541,0.13948921021793348
0.14000654447125824,0.0888697469493956,0.12591142147034964,0.030312196934527982,0.2070057043364021,0.023086866470262812,0.22658985254130184,0.10702921649514631,0.051188450331355495
0.08948998679774416,0.11291796551184534,0.01951016761457782,0.03329582388114571,0.04064515294542404,0.5256732555250968,0.03190863962771761,0.05739498121718584,0.08916402687926261
0.040663960446132595,0.08104308528916777,0.06936514703327962,0.09651549778546457,0.30510269506088444,0.03420254306143656,0.06112458180212222,0.12837487983014914,0.18360760969136303
0.10612781584573151,0.518111110376512,0.07639309339905538,0.02994787333554427,0.04219049498285327,0.037024609670267834,0.0666403479814246,0.08712728550726069,0.03643736890135035
0.1086516856668421,0.09822285446446206,0.05040766261593487,0.1233794118484526,0.20252639271218684,0.025951848155522417,0.05636658808027862,0.2991493729024062,0.03534418355391433
0.06550151605566802,0.052166282768483285,0.15061314398194,0.02278186214655443,0.04805864611166549,0.5203446198743237,0.05025915443844411,0.02696147119119965,0.06331330343172138
0.06604824631752884,0.022608936331703595,0.07879396843537408,0.022272355590483236,0.13475369792477662,0.12683965467044636,0.1159131650554011,0.4015033082021149,0.0312666674721713
0.06315256491954566,0.08905190106037837,0.09048743643097025,0.14229501321683002,0.045921649681581016,0.43314049463452226,0.04522353914519021,0.04093891103028914,0.0497884898806931
0.07529290993063996,0.12012042171464672,0.10032768478951243,0.025238545156460925,0.21495206406657755,0.00804994625476457,0.13877063647479781,0.21384570027872116,0.10340209133387883
0.041185588355933646,0.23030647956284586,0.08238240485981545,0.0509247570952564,0.17966285837369114,0.030239049248697594,0.15163519815427903,0.09038308422557288,0.14328058012390796
0.09988973368343564,0.46534392838112226,0.040291373073217056,0.017313669103218573,0.14667157865756347,0.06105746807250634,0.051647481681157875,0.027828493879919772,0.08995627346785905
0.071673849225827,0.04844303262354305,0.060194589799932696,0.1264045671590404,0.054205276601182156,0.41669802342490386,0.11560210359686636,0.05360906319057041,0.05316949437813412
0.027265645175510517,0.15619932624217228,0.1413274250173471,0.03233687291567263,0.06661375568001913,0.018465401364902916,0.1023970578439406,0.2993197885810255,0.15607472717940932
0.12827942715990445,0.015705551979761607,0.06668579619852928,0.03434949428830653,0.20517947746184204,0.3384765560925129,0.026225557700010046,0.07522051302568956,0.10987762609344354
0.03476575897480783,0.045855308880073574,0.22123435817295792,0.08383548529646968,0.3774602923754203,0.09535902925138078,0.03337208109619176,0.08266642744217483,0.025451258510523295
0.010090600256150668,0.42421875559641764,0.05942278380925765,0.035061366424077735,0.03263148709372862,0.040247237441482946,0.28590346665739824,0.02899672434986929,0.08342757837161731
0.29240813324030857,0.2668865932245122,0.03320998214811024,0.01493977268446628,0.08170709232119701,0.02656062164535421,0.15242807987554474,0.05962504775226316,0.07223467710824358
0.5260056219921107,0.06845824416909278,0.02822105778141742,0.036033509107366184,0.05262623011609043,0.06046408230675365,0.019323347067282937,0.0475962890749544,0.16127161838493165
0.02853574297797579,0.08312036424682616,0.12440528906534899,0.04484763346609765,0.23863995470497756,0.013250592609618464,0.05528640719632771,0.09148085593737708,0.3204331597954506
0.041595769236569935,0.34252329661006325,0.03657131865473728,0.05544613400004491,0.06502618931276749,0.019666191474691504,0.27558728374946434,0.06964605750873164,0.0939377594529297
0.03116135857445067,0.10289299945546898,0.2268402204712552,0.341343743074687,0.12918135575888665,0.07858931490906379,0.03062750096639588,0.035311444229495455,0.024052062560296388
0.04994793412052961,0.05278498498191745,0.12975647068502338,0.12072209200654556,0.06614752473465701,0.013422247770206723,0.061336270257778956,0.10884662044330186,0.3970358550000394
0.02189256903130457,0.05057381530031998,0.05407460576704356,0.029762059741342536,0.05994236973318556,0.008523038521935188,0.1521719863642919,0.5191556855701852,0.10390386997039149
0.36188082072947303,0.059011166670196756,0.02140757471739514,0.08101820183390072,0.15085321227562917,0.16827368697169173,0.01621209073948845,0.033946275535829816,0.1073969705263953
0.2752938050051034,0.06749074105883128,0.09980612050553085,0.040264157270308715,0.05510297086886215,0.04389502104305887,0.00888776528562498,0.3358477834587685,0.07341163550391135
0.020294421245515032,0.08477353602168998,0.09226595367109706,0.12221779187685111,0.22644672687385684,0.08030907124937951,0.04097321282449892,0.1428778676639341,0.1898414185731775
0.030967943022012407,0.3452961378082806,0.02227425657743974,0.17788480352493674,0.07348361376178446,0.18513885814734307,0.04004529973588762,0.07059943426145625,0.05430965316085919
0.04217416525238163,0.09627646864160148,0.10899072314569323,0.04242911611072526,0.31752657953146635,0.022853901538201257,0.14608081085200605,0.16121764645863976,0.06245058846928501
0.05753569517525525,0.07864010959475436,0.03174213302268972,0.38295043858320205,0.18420866759611076,0.08088196822339519,0.0638258679305411,0.033615647636171975,0.08659947223787962
0.0613967392423506,0.2338247162719591,0.24180570570527493,0.0666164488870784,0.11005816331504949,0.0472702420764576,0.06648788071773493,0.07374191023876671,0.09879819354532822
0.1253527858257588,0.00699367502345704,0.1961770539633362,0.05469060516633329,0.09652581717120508,0.15970776202022854,0.06336781429826827,0.23105760061107541,0.06612688592033736
0.0558533828908755,0.02009677529121373,0.13918211577038261,0.045597402547285726,0.0855332491907251,0.5051156085058236,0.0326662251008572,0.06393829181524514,0.05201694888759143
0.0176788351705317,0.4879868888581706,0.01119861091862455,0.02769436434184031,0.14822423923094621,0.05340709893521719,0.16549552856181435,0.047458409935519384,0.04085602404733562
0.09234691337782529,0.13274565314193987,0.040718757016759595,0.11668804694435951,0.11001839944832674,0.021775813927600543,0.25446244045216065,0.0650258540818776,0.1662181216091503
0.01777916950379761,0.09112791450877661,0.08304522585940659,0.042942927754100524,0.0886465765746136,0.011653584815918647,0.2546305218528326,0.11950484161793039,0.29066923751262347
0.33227634772023656,0.15814276403448366,0.037358306965182025,0.016220815884235115,0.06036074321001228,0.02986726009641977,0.12487246213510596,0.08545273427233475,0.1554485656819898
0.08562210231502594,0.14940000133360123,0.05100972987351796,0.21931897801484537,0.09547262017956315,0.1773099858714744,0.051565836055916914,0.05095311967726895,0.11934762667878605
0.07235862388755118,0.11677626751049695,0.07401672058318938,0.10858365059597308,0.17574479084699654,0.014866451284105126,0.09645034703707007,0.16418815742830192,0.17701499082631578
0.0657836806873885,0.14080325823446568,0.05078854679748259,0.04284186415702834,0.37685297231973874,0.020464600867253224,0.12868929178191704,0.13868387775971666,0.03509190739500915
0.11886751405993856,0.13114600427888745,0.11709290613027178,0.06315040124842049,0.0694680693020125,0.021420755829723803,0.07760502266618008,0.25270416893266184,0.14854515755190342
0.0789134859248405,0.02099000099394709,0.1729487475309126,0.07616116099969227,0.2062799849093663,0.0890170220977478,0.07121186957320821,0.13191114561237194,0.1525665823579133
0.11385823086025525,0.255794344961692,0.041836809466457646,0.03680752941441823,0.061818746272216694,0.05742870866007793,0.24592597593724586,0.13086263768825482,0.05566701673938149
0.027330199736420462,0.16119542694864533,0.062395290399167996,0.11276184636787101,0.0643705068083477,0.045466452202392,0.4166519002069497,0.08314838257922823,0.026679994750977595
0.08336486448542003,0.043045284687765424,0.10591905139528013,0.17221893763381566,0.23309713027392723,0.0865722217634961,0.056502005052895515,0.03272949926469188,0.18655100544270806
0.350564689397854,0.19625611683414204,0.04241684372034631,0.1418128990739806,0.035769897168901124,0.14572278278695955,0.025087441392788044,0.04326805433514541,0.019101275289882893
0.47498298653708,0.02441011327058673,0.09340083003373746,0.05708050498743009,0.11461678370924555,0.1344118387590247,0.02890451371469431,0.029145301292538606,0.04304712769566252
0.07994869480367722,0.07259245137775139,0.18604677617450016,0.07742905714998997,0.2469215359405216,0.12710898240869642,0.03408115429430128,0.08619453561123508,0.08967681223932689
0.10204924135065156,0.0580208394871542,0.05578087351728637,0.12500912990345195,0.28964676070469936,0.0740834032302899,0.08882445258374087,0.08550127266971809,0.12108402655300761
0.03637537865425626,0.175370608067677,0.041816992646637914,0.23791127367308681,0.0530189831284105,0.30423225937544773,0.045592412034895426,0.055963285180667184,0.049718807238921144
0.3540896583138688,0.10690275410292087,0.018627412931964966,0.05531553791967261,0.06466590303561981,0.04538590124934332,0.10298329412438667,0.08128428729414666,0.17074525102807633
0.058338586019075954,0.09071375337756099,0.15262094528289116,0.03412306697471009,0.26099073321169936,0.010110232468342285,0.08851882926746502,0.15843331955353035,0.14615053384472484
0.084007985313644,0.06369501458042602,0.11362800552449988,0.07179606148842493,0.1946985777882649,0.07013090392231534,0.22466373215542212,0.054680564793559004,0.12269915443344372
0.04338407863224228,0.1062283800103992,0.1419504499844495,0.03333386942275221,0.26065155660416267,0.03835861050192545,0.10183461321541913,0.1323193621373551,0.14193907949129447
0.1297348069162344,0.03521310752825612,0.2612611961191755,0.035291773832094725,0.1983195047894284,0.07318286686724086,0.025459102061221445,0.13423281251318372,0.10730482937316477
0.06967815480536543,0.19630073555091507,0.04110158543562743,0.04316499527308102,0.2270151897559768,0.02916036208974392,0.24015487365590138,0.06714738752973821,0.08627671590365078
0.033904353346900624,0.0980479179218021,0.07950922412315174,0.12647797175704467,0.23823977615796924,0.033770169040763055,0.04519472210721071,0.26274324533569565,0.08211262020946221
0.018802436434111943,0.2825511088723616,0.20021100627614127,0.03246594023501304,0.1569672409683775,0.04041316569032021,0.11554106387102876,0.050061487776378144,0.10298654987626743
0.041320327757641176,0.24680846243313118,0.008020756275725299,0.013362689009512235,0.03650542211128644,0.04638382850586154,0.25744170432864333,0.30480621497350635,0.045350594604692464
0.021529082236031092,0.10046118649562776,0.054512363651218254,0.06267529054796207,0.0697919680629787,0.018442239850440453,0.39601012566978594,0.20558464984629432,0.07099309363966148
0.04217416525238163,0.09627646864160148,0.10899072314569323,0.04242911611072526,0.31752657953146635,0.022853901538201257,0.14608081085200605,0.16121764645863976,0.06245058846928501
0.019626558277637703,0.34110704931412833,0.08137725161956451,0.0747477933489594,0.1933487118206739,0.02244322567169242,0.1196303823856011,0.06932410381828306,0.07839492374345963
0.07404231782777301,0.04176664442581979,0.11104328876764842,0.08464750114284314,0.44567132873811,0.055456963883605596,0.030291229256756813,0.041587055843927474,0.11549367011351579
0.036463163795593646,0.016365726766490122,0.1280459671014194,0.4287987585779534,0.07925974760940095,0.047897465840912264,0.04218127316559497,0.015615947108762069,0.20537195003387318
0.08577286190842308,0.10834753311553269,0.02934298390235272,0.3179349162471546,0.11787972997617868,0.04855113054221424,0.04069696404238211,0.10077899346985116,0.15069488679591075
0.023004317506450864,0.3291144626824773,0.02921716596972199,0.028255525779849477,0.20617761018871028,0.020540668762719993,0.1853724505483699,0.09654444719656152,0.08177335136513873
0.037740116972186634,0.047595918852784025,0.30012750081021444,0.08766416576535296,0.18034486521089335,0.062249595462320194,0.0230470719482645,0.06480516550309744,0.19642559947488655
0.12343334857218329,0.04016121411655957,0.10964193390206307,0.06419466176156312,0.07892228344224764,0.031829763369688756,0.06290171296445644,0.3465414598665642,0.142373622004674
0.05378177273105029,0.0823430578721301,0.04873704803518867,0.03604513311947275,0.03072042659596329,0.1673072439563076,0.38498904871030204,0.17139697935317047,0.024679289626414812
0.027077939650202536,0.07927150510885027,0.10400842299931068,0.27454402781315806,0.2765630743991859,0.04375557593163624,0.014930338180287396,0.08320667825441562,0.09664243766295329
0.02097460012358574,0.208700270227544,0.19574315088735647,0.030037253300322725,0.35937415143087154,0.02040388690977332,0.04467770565563071,0.07407483740169568,0.04601414406321979
0.11745255290143652,0.10791475648842923,0.11654282040482578,0.18853735841648747,0.10067452336879647,0.11391184450178547,0.0738338911775774,0.13142658470177845,0.04970566803888315
0.027647110695716667,0.24416867979295032,0.07451665745786061,0.08163322844746,0.22842011640530702,0.011372242902803595,0.19215591953709774,0.07803703144542173,0.06204901331538241
0.0660882922180199,0.02013814212387058,0.07942243239479242,0.04993552292176071,0.1073154578896101,0.43514547209646154,0.039348984381723795,0.06807303224997795,0.134532663723783
0.07038618353403307,0.5174845475604747,0.07247676644642286,0.03359349526135386,0.1531495299629035,0.0303877223822303,0.06530484041428378,0.017483323654783788,0.03973359078351412
0.2025496792277499,0.022110141809368957,0.08524373132219426,0.04251011613374498,0.1829129895666203,0.08478268291202344,0.07568729517281285,0.2827894079700357,0.021413955885449653
0.06042638366484388,0.08575287023936257,0.14298854694378854,0.03401145227979404,0.22558250244309294,0.022369520031546786,0.0466323281755224,0.21706414822956233,0.16517224799248648
0.048313113262219855,0.06054358123112461,0.10107330131121328,0.12018872703727672,0.12326062592092746,0.3837851160578736,0.04893408755588324,0.03525487451177591,0.07864657311170542
0.267225950204711,0.23953639811966065,0.02424238656717644,0.18484154603221828,0.07919578023005046,0.04439969539514623,0.07447626149672107,0.018928666112678228,0.06715331584163768
0.14018271592421802,0.10208639676439424,0.02644226091425085,0.10493609231582139,0.20859698170531146,0.0318311688522116,0.27859965173246876,0.06536648374125634,0.041958248050067336
0.09940737608410029,0.08744397609482242,0.0618839429163944,0.07006308909360932,0.06986695075224165,0.03004398414122744,0.3495822281264018,0.09731708577415231,0.13439136701705037
0.13960532713522586,0.016940002987599578,0.10115984731555376,0.049800461432612665,0.06897790511483559,0.4574092059108039,0.038195953287727215,0.11176497142698871,0.01614632538865272
0.05412493933682516,0.11406092150744351,0.039109463428598244,0.08597077024161161,0.1339324084585952,0.4290577569692176,0.03970994003591732,0.06565794239389655,0.03837585762789486
0.05597102411517648,0.05674155542929146,0.023186710949720208,0.04261735700602002,0.23367724090390748,0.018647498969027308,0.21890888360440908,0.2907587315455555,0.05949099747689245
0.09649848564860895,0.020267754182712847,0.08226199434887303,0.09012675230012872,0.07348303020685008,0.2874281802865129,0.13075077212871833,0.14766661756945834,0.07151641332813675
0.04232595997134591,0.07066312080420502,0.06754791422583545,0.061730248646981206,0.46858169377040126,0.11839749127960282,0.05867535331536384,0.06798884317050552,0.044089374815758954
0.0694794327239263,0.1347155214756103,0.028191620099183162,0.23008529595567198,0.18192101539588124,0.045591593419641585,0.039544454814768426,0.14074455208814463,0.1297265140271724
0.485721195404472,0.12810427681365782,0.03861345813427008,0.007805523206147733,0.07503076063558205,0.07570919128793835,0.07586828000519304,0.04478348275817357,0.06836383175456527
0.15394543787313633,0.2002859843124171,0.0459070881215301,0.04152006332302677,0.04305768168564091,0.1397575443833256,0.10129236301870252,0.10499120834769698,0.1692426289345237
0.4811360906580493,0.037250412339653455,0.024165397436517768,0.03209390623529503,0.04027580295422312,0.19660170872736712,0.01843813054747218,0.09536979532014782,0.07466875578127431
0.04618129321412321,0.10990677901501034,0.1910445266274099,0.05073739996837329,0.11484004627103149,0.06650539097199806,0.1305494246348083,0.2531105100824544,0.03712462921479102
0.04491909243153596,0.2401563661777403,0.12242188950954865,0.04549755977034022,0.19939327163806975,0.038087635873130764,0.11155912712947542,0.16077488438596235,0.03719017308419661
0.03304189525150466,0.027653765319928414,0.11168807785846462,0.06800884519034363,0.4176078538638251,0.028577780192327967,0.08289758465678108,0.07354998128047956,0.15697421638634498
0.04954168251321758,0.09230861882512303,0.23266323225582472,0.12104246360627413,0.09081367615138326,0.10226056138429467,0.1278202904076321,0.05595548750367619,0.12759398735257435
0.044656698028129216,0.04351296389292045,0.07158051108389799,0.042802566778169536,0.1287379487114608,0.059303235261590405,0.11168097490749312,0.4131367381174327,0.08458836321890582
0.03146758703457231,0.02918250735848807,0.06551302707206172,0.2781399484618021,0.13351058326432338,0.10787347051129274,0.21898984112563355,0.08102531033516318,0.054297724836663
0.409212118920603,0.02599413078676999,0.048143364568379955,0.060450538581174336,0.08625903932831265,0.15940509712576031,0.07401894512779851,0.06451734506741952,0.07199942049378179
0.04914407404420688,0.0513161993627592,0.048125698940589545,0.05397405065986061,0.054644471778010024,0.4742662582810628,0.03803063646106183,0.19426777379522733,0.03623083667722173
0.07726996885700975,0.0713136793509226,0.09027546638390259,0.07774618192143445,0.09192675996901352,0.03535347322533104,0.17175315116621973,0.1992863019102367,0.18507501721592967
0.059278630815333334,0.30457994446462866,0.028324738896786283,0.015958373829445625,0.14376535132800514,0.09541889015007221,0.3082624939447752,0.025272662899348434,0.019138913671605196
0.06736154313418963,0.04155671862767027,0.07096129216203312,0.07899269960164503,0.06092189355326016,0.12073666707192099,0.03899692019132888,0.10718373618405308,0.4132885294738989
0.058474216363336086,0.20968838041603668,0.04233895142873544,0.053134297651621164,0.1393554535971271,0.04469837178983574,0.04942289001355072,0.2483215934085823,0.15456584533117476
0.4394696775470517,0.08572538199035519,0.05627963549662071,0.15772173082826801,0.038211717955925505,0.02236640238539214,0.08441403647494851,0.08687860578810606,0.02893281153333215
0.20404089125136418,0.3808136441959206,0.01883121495044501,0.039493147102145146,0.05044217642186107,0.09219454298058348,0.08011356335388124,0.08637600606616475,0.047694813677634486
0.4734774053480433,0.15816008334885212,0.024533423099835135,0.034909736607712016,0.07309898745717798,0.04401538246424768,0.1428589286671426,0.009573893010663472,0.03937215999632567
0.013902197378065194,0.4614633422326029,0.05031298358153049,0.1144526031591671,0.09697701569589796,0.023708879803759252,0.16823703563592007,0.04855869333973927,0.022387249173317896
0.07275251853601238,0.04150593886913854,0.06160756894837855,0.0504027186280997,0.19044874786016597,0.2879304090715811,0.055811526836495866,0.10555193539956509,0.1339886358505629
0.022462180520923736,0.3403357950479739,0.06444812975918186,0.1478278130132076,0.13331351259729204,0.02566713576904725,0.11412225209154636,0.10275375475123048,0.04906942644959681
0.026248728911755104,0.47873733508483335,0.03453941438750769,0.07367119189363303,0.2309588264604611,0.024163676981465963,0.07829546105113659,0.02569538443543265,0.02768998079377455
0.09969733855129399,0.019369474335970065,0.03997945683205412,0.06541325160778172,0.2084877878112897,0.07842963199478109,0.05985459384443608,0.24888821239157322,0.17988025263081997
0.1172467522339135,0.027436225397555664,0.10379330420254278,0.15848835201013353,0.11271282705104435,0.16494047557016947,0.05116938007445785,0.14055047046683108,0.12366221299335174
0.05676668798437016,0.32316436179321933,0.04829608138644984,0.054250508301943674,0.04518215057939767,0.0296235409190836,0.2541637092823273,0.1324918212159857,0.056061138537222686
0.5534539544614859,0.07729517299025622,0.05488626656876914,0.017075709918029033,0.04494535832238281,0.11279818343171567,0.04705280969822032,0.05352579490053342,0.03896674970860755
0.02416341016353667,0.11039517403367756,0.16817100880626334,0.09568158228473234,0.11567990208827957,0.18871681306333052,0.17103993750643395,0.0938584335127396,0.03229373854100645
0.03485689075658103,0.0278089366675086,0.5722738388225892,0.06674787252884963,0.06126136301969326,0.07087873875539148,0.04677279844806259,0.09131742033047352,0.028082140670850752
0.013902197378065194,0.4614633422326029,0.05031298358153049,0.1144526031591671,0.09697701569589796,0.023708879803759252,0.16823703563592007,0.04855869333973927,0.022387249173317896
0.04271100258928597,0.08893982799280868,0.035731931455359356,0.06710964633206672,0.16408976118027238,0.05163321514386119,0.35780564081548927,0.15952506483031795,0.03245390966053854
0.04382619359015261,0.1260132885154637,0.07350490628943261,0.32421800832494374,0.05050042942465266,0.0512010034593313,0.12545738930748204,0.10840766763110445,0.09687111345743682
0.09504894621228244,0.15305295422457263,0.041800416312366605,0.17025047674100083,0.1644317605436204,0.037189816810035935,0.12804385921538422,0.07035458103343907,0.13982718890729787
0.06135742353523277,0.093568341249678,0.43208955562027845,0.05781841928137258,0.19774887701722332,0.03389204089189837,0.026630797906430706,0.02858813420045685,0.068306410297429
0.08339845054474211,0.02351264564567512,0.183929462399027,0.10895200548762979,0.3606618805871817,0.016465465323858234,0.05630161115856568,0.06496205612432264,0.10181642272899787
0.0697556706108589,0.10512192358878543,0.06825449220509523,0.05490996218817742,0.18060116044430544,0.0855249576294218,0.07571523583732785,0.17174509142895167,0.1883715060670763
0.05631279354170841,0.24218522847144527,0.07186151578357025,0.02266762724526541,0.3938173802908247,0.0069408618653578,0.12618025170682035,0.04391343590218388,0.036120905192823884
0.06738084109001968,0.05834470788461867,0.08983577986804502,0.18272430006379467,0.15076421468741089,0.05946825424046104,0.13066166495409562,0.15335481695593603,0.10746542025561832
0.22511817917030794,0.3384527399679653,0.04091669300422545,0.2316940649602516,0.050406725587847985,0.023265259152898708,0.020639516706541575,0.026815444104247025,0.042691377345714356
0.13208070294045945,0.057469257782837714,0.07298532409998647,0.15369552860270785,0.15472187227617148,0.008224838292717916,0.03832565112109698,0.14485667293085186,0.23764015195317026
0.013639235956211235,0.42808384855113174,0.024327896928610693,0.14018709347145644,0.09775706501135221,0.0320247817852173,0.0603096041729981,0.0976791766568375,0.10599129746618495
0.05601775986084941,0.10920393146593899,0.09516864816706906,0.03379848354256775,0.1832114712500967,0.04815195386716487,0.16068471906804027,0.2079347573151535,0.10582827546311947
0.1103842033160815,0.05900499715156924,0.15996606976169903,0.01526875482406853,0.10852276662228755,0.4058137909398101,0.09330198653055259,0.024895388295396618,0.02284204255853473
0.03725711949188682,0.13703359996636658,0.13774377720458042,0.03153518727639283,0.23188701995912575,0.024908735088241683,0.12606438324369848,0.23903259098611362,0.03453758678359384
0.022233738295180747,0.09634074950655182,0.2342666526661994,0.02177185798399052,0.1490560059201432,0.11766825599074625,0.11642890142769663,0.17831169947616018,0.06392213873333137
0.018382448738169008,0.2040070334427777,0.02830533434586155,0.0352091093992861,0.17951001744933182,0.062114713501954265,0.12682455533074807,0.30772614457355335,0.037920643218318194
0.0932309386039823,0.1545948882271942,0.016790291085274866,0.43315683638273117,0.11588084757319095,0.08556488380517423,0.03009382389769628,0.03465636307167977,0.03603112735307618
0.4894959710192431,0.01998562002752572,0.04721964995438279,0.05958055962965194,0.05560327511242605,0.11025090551175377,0.03261925450682973,0.11403593891427023,0.0712088253239166
0.05107577792090905,0.019103429354230567,0.029698642500541345,0.20792865051799173,0.19962926943584924,0.05391039101417939,0.07478428477271488,0.07921214442574347,0.28465741005784045
0.020807114086669184,0.036759306647505714,0.0629336220925746,0.12719897817536105,0.12956686402183118,0.2373135224684648,0.11203116225718242,0.14696952205410888,0.12641990819630217
