0.027538485747017366,0.26311899991792553,0.016332310989893396,0.015190692718671696,0.04504752994314562,0.3882844395306324,0.027435080566864334,0.144053188314581,0.07299927227126878
0.08059672942385787,0.019487071380688902,0.10296567488839921,0.07167406870738084,0.3866631112745435,0.14932313619597604,0.05101493007834399,0.0871725369791808,0.051102741071628786
0.0398444578172911,0.034616867465412315,0.03173256801288025,0.12391981116080818,0.11471803434859805,0.0601350642804672,0.40284592989433293,0.0766026625378237,0.11558460448238632
0.020385495942218973,0.018125901526564063,0.011165621199869557,0.027595604680773225,0.02415250115340549,0.4343541212292341,0.42368824398547494,0.004418885634723729,0.03611362464773587
0.04648667853274896,0.04851110126937486,0.028453698616838607,0.05698817845023919,0.014083258873951907,0.06362470345079296,0.13101640082973473,0.056996069704626555,0.5538399102716923
0.02808101126517265,0.11100788144288316,0.1647793015632737,0.12594386813950695,0.04189033542563931,0.13135108004236087,0.051344176412692226,0.196457923959051,0.1491444217494201
0.04883886283353097,0.17522405453527393,0.04769980560730141,0.024068965171082396,0.01716494901673657,0.1235432088169504,0.011015098800762166,0.3782498935172116,0.17419516170115057
0.04786456958604509,0.037062899995541965,0.04431067223912318,0.49021469006298823,0.07871163727732428,0.066793086438521,0.17265918013513817,0.04384601694843888,0.018537247316879214
0.04799693694232756,0.19975025422485018,0.09359472422101789,0.19474596869548375,0.07176112157407467,0.06333010389555058,0.17011422108302413,0.07759320200711226,0.08111346735655904
0.033477157804942335,0.045306989141400154,0.04806875604232717,0.015506429424211899,0.09418298733742124,0.4105391479607552,0.08084525615643744,0.1772538874498313,0.0948193886826733
0.0620145923780992,0.04332233220854668,0.032396789489805546,0.5268967354777266,0.09050131751768888,0.1379898213008605,0.08183079362614896,0.00866326980963482,0.016384348191488707
0.0837949517703938,0.029439270846508703,0.0219383548037981,0.62556653880162,0.06445578524213673,0.07315312936498303,0.018409289547170016,0.0555873854827886,0.027655294140601024
0.029953332508122526,0.3224059759542853,0.05149673506416499,0.02252675991512119,0.007590162764661301,0.07124130343240191,0.05441215411050537,0.2663960325959773,0.17397754365476026
0.20437191391320453,0.011966387686515206,0.13045465721668317,0.05123588759854982,0.1261395437529842,0.20811830553057675,0.16320820106403372,0.08142200372505269,0.023083099512399934
0.027264821248647278,0.028253482588005637,0.02694030214807021,0.07382014696339544,0.29918600792115607,0.08801452677168042,0.25641515344490795,0.10491292613318925,0.09519263278094765
0.054980399716350443,0.07907303471525541,0.08867916973618091,0.4655266140065737,0.04170029948507801,0.08408882892603996,0.14993787405741324,0.017100327859875697,0.018913451497232708
0.00655308710345556,0.22413255000348167,0.1861729462231058,0.013333703512916678,0.04374317317052285,0.24462227233739145,0.08713788589454234,0.11274964444801601,0.08155473730656765
0.08289400083331515,0.14699667233241212,0.17967095335388497,0.0384532450632945,0.047677465100766404,0.06042895885632752,0.1261892747135621,0.10404094221357596,0.21364848753286125
0.17275011017782815,0.09017175626924818,0.08975496163573982,0.07260177280280317,0.10986292965018012,0.14268019159942902,0.039668813246250635,0.19851376472992585,0.08399569988859505
0.2203015589781058,0.025984476953431365,0.06290839693108811,0.06565589109859449,0.04548780051755621,0.18283967714887295,0.02364244342916196,0.30696621192110934,0.06621354302207981
0.37989966137730274,0.021222985931583577,0.06860088124454254,0.040651001116016335,0.1454456886959062,0.17944544036930335,0.07956189470907989,0.06647066058138486,0.018701785974880557
0.004733566198840407,0.034596286285098816,0.06604798563545189,0.02810825884136726,0.062264557642333684,0.14655498320502483,0.4071669383023393,0.14094676143599938,0.10958066245354448
0.017884830308571898,0.2584908925293058,0.07693353220402449,0.19810386089357934,0.18392622698572003,0.05588787942198451,0.08316335414279763,0.02831872195733708,0.09729070155667933
0.011956993405136599,0.028162626274234954,0.013662825857537475,0.14279770838859843,0.513724412035138,0.07181403962418013,0.16988026919763055,0.016982236007729346,0.031018889209814392
0.018263660340271274,0.01083750957695366,0.021118779033550156,0.1249508005433778,0.060369164846610056,0.09723290007156181,0.5385685021228722,0.05768687379935745,0.07097180966544553
0.09960185919038524,0.08006107622929226,0.20206342588775747,0.2202914512990338,0.021740231325707807,0.021822915540037468,0.06395734211004613,0.1437558938712078,0.14670580454653206
0.0191292537644831,0.06172931520401762,0.0388486308991031,0.08454891471391279,0.07599061093034572,0.2978006600254113,0.3407328697956258,0.020213040847459285,0.061006703819641316
0.054976264569102505,0.10685005753403187,0.009048254112199151,0.31064926686625344,0.2732895162429278,0.027963151221346485,0.12534169781533158,0.04305732014629724,0.04882447149250993
0.11323988673077402,0.022816989817907845,0.16577943866436284,0.29128647963219406,0.20125823636218776,0.06962250070355092,0.019616172895456224,0.0676167472588093,0.04876354793475695
0.12347308390407548,0.19024857019598973,0.12054577127950923,0.1396813899819563,0.060857366620246295,0.05194101877855406,0.03308695098865152,0.1821216639734963,0.098044184277521
0.023048999949775068,0.16432261398137746,0.06057538940488135,0.2630116957016508,0.021671028078409555,0.2084865256367335,0.045774790907789076,0.13758951965032418,0.07551943668905912
0.15509126079100377,0.17362635558763148,0.019922502222861113,0.09425121466590534,0.1667334078652967,0.12114852517538638,0.1298443732167527,0.09212962714120632,0.04725273333395615
0.23322559849666644,0.05393497134064643,0.25632986425883625,0.025206653845889024,0.054552645077177796,0.10951158078958063,0.07701770698915598,0.0944404413632232,0.09578053783882427
0.06855342401033677,0.04601926233768069,0.32984078953935964,0.0472407983855169,0.11869018068378191,0.021257541669433656,0.06666732028810525,0.17087828622082482,0.13085239686496034
0.02583151055310269,0.1735624676580828,0.35888129337025115,0.021266907797227105,0.1059342409063978,0.02003760181612765,0.02468958233417209,0.23506194490855414,0.034734450656084596
0.14025968028328173,0.13824553196742784,0.0835424246887561,0.08432953940126793,0.040044304542234926,0.0200961062518801,0.07009834929596888,0.07491623668553209,0.3484678268836503
0.04064434809826408,0.146212717316089,0.14413438682750515,0.17653807292872756,0.034690634634019564,0.24725595136049097,0.04509275818484925,0.06589579398978244,0.09953533666027202
0.217847887818121,0.05353760730959146,0.16480932516264887,0.10047719839131634,0.03818228875345886,0.12270413510644695,0.029457666184071234,0.17279536579346944,0.10018852548087583
0.18858122686700476,0.02866106048839238,0.062466219004977834,0.15537465393920108,0.05471160317261645,0.2754225409737158,0.10085772822884242,0.06459127673251841,0.06933369059273085
0.3223499904573294,0.0224379418784502,0.2039108219412764,0.05691537904146887,0.04267455639999087,0.15384748822286085,0.04194757161700103,0.07971715204327555,0.07619909839834686
0.4890886272512122,0.013285804223583471,0.025043199939659724,0.036233898243636674,0.1274497276089601,0.16870132600240847,0.017589806567858062,0.04598750204314022,0.07662010811954108
0.11033268950288916,0.008987267406626611,0.4838293865028473,0.09217772102641512,0.052007526573610574,0.053468141840359536,0.04281043824663396,0.06105159647375355,0.09533523242686422
0.04580102275575854,0.020196102100228833,0.019414097120152643,0.02975798867053762,0.1541773412795975,0.0847803034852393,0.507055695980689,0.0853970537887378,0.053420394819058824
0.04683878687860885,0.015931473239914982,0.02144983278568639,0.12613847176777876,0.05492941684835192,0.158175370404646,0.48440904320848216,0.01690035324609705,0.07522725162043396
0.09542029487246802,0.1355589191670137,0.04955678229336017,0.16804974714610907,0.09351867056758928,0.09434739611250925,0.24771908928398578,0.07985074068824188,0.03597835986872288
0.35608893124881885,0.05720994134295861,0.2548684363173211,0.039194314163640914,0.056760914697694176,0.03008198044463854,0.02852030336448896,0.09928232885883925,0.07799284956159955
0.07285172229801708,0.24844062610898077,0.047767271849851724,0.046135244556632704,0.18648402793891714,0.0730181665550319,0.10663151496263734,0.06475090655949049,0.1539205191704409
0.035892259451212445,0.2839907462000647,0.3113483126843781,0.02270765519492472,0.007821871912085337,0.03379250217045459,0.04610697309959454,0.14198327388607493,0.11635640540121055
0.33172622027614923,0.06054267456452899,0.12696360887085667,0.01889190232089048,0.07088543269472301,0.06599475161781422,0.060514758281829305,0.1752874877843388,0.08919316358886926
0.04351430932159794,0.2173521120565378,0.2222095608588425,0.059482990332678794,0.02966595961117827,0.06699440850458434,0.048485649187215464,0.08980513854924577,0.22248987157811903
0.20561659009249167,0.04835812553789703,0.02553801902477588,0.3449467482031654,0.10937149331478689,0.04549161057152545,0.042656090886984965,0.0999821614028455,0.07803916096552728
0.04071859361375147,0.042527172818898874,0.10473387264194732,0.539628169135449,0.022023235317959036,0.08719506913035169,0.08064789804211804,0.0286926593162381,0.053833329983286556
0.028981495319572333,0.10060130882122705,0.041051807958140056,0.02942720917099227,0.024453776824866668,0.07690963196273169,0.024893793517818258,0.15161160826612385,0.5220693681585278
0.08262897995162313,0.017620039838714227,0.029535299392800866,0.13861181378039628,0.018324289929719895,0.11594773850599392,0.509468810877881,0.07195591409816021,0.015907113624710548
0.516940191797994,0.08700527789482139,0.06394908689282029,0.04404891241127235,0.06709861441170893,0.03611082238321948,0.03823149297751293,0.06454585429922371,0.08206974693142684
0.03259467133533321,0.0746288823110848,0.025979066200151738,0.01926478939908499,0.12238067583533181,0.42688537231591567,0.021407012873515163,0.09575010601305915,0.1811094237165235
0.21934451776754382,0.02132638752998821,0.34203809714341693,0.04888775740088785,0.016803463206015747,0.018758835366538315,0.0409926158363037,0.09362222903641094,0.1982260967128945
0.033864258068081986,0.005889428052650505,0.005361187040434842,0.23595693735116807,0.061764963282675826,0.14320733404243205,0.4373595696663308,0.031321862483839225,0.04527446001238666
0.006908804443810787,0.03691042521741184,0.06372379396794826,0.25801519733724504,0.40595004680815877,0.05594159949530436,0.01680646687729323,0.03802938672280521,0.1177142791300224
0.5075549564125915,0.028586405215331206,0.14415054263283852,0.053963684085015784,0.06611002896827634,0.07310278546734976,0.08390402197118994,0.01474566271433495,0.027881912533072026
0.20491016709767287,0.0572723313751265,0.06060879727505347,0.12651033055991406,0.10579676439972253,0.07636675408500646,0.15097592541146265,0.13342495392440543,0.08413397587163601
0.021519517930319036,0.024232989464083098,0.02492991158836677,0.14919951656244568,0.048515755477872236,0.08826446581763352,0.5190361273823405,0.06192923119197938,0.062372484584959774
0.018051502326759696,0.06598879569130722,0.05853052222424084,0.02942687469266474,0.034421027036105306,0.3918948770561257,0.12880244198604138,0.17856712656480314,0.09431683242195203
0.19186725850034558,0.06613764237838975,0.10952355904250737,0.04231539671529668,0.10679884562511772,0.25196256765841896,0.13010461661624975,0.05168209762259383,0.049608015841080266
0.05622744793877546,0.15754900093329158,0.008555808492111473,0.010281249461254754,0.018095527676060486,0.48179201274917877,0.06434121648263443,0.09809157875599939,0.10506615751069363
0.049720582490383934,0.03881663133691419,0.15937531175827482,0.04815016583443151,0.0471874376101022,0.15604817211380834,0.05878886833388741,0.18147875866218485,0.2604340718600128
0.06891658066177576,0.0717670067333892,0.13125874715471833,0.15007146068960134,0.09195960764914764,0.11191747267335232,0.05110723565933014,0.06885341452490874,0.25414847425377657
0.6687905414923415,0.05501778409709921,0.03915029092145716,0.05328471631064834,0.05728818075006827,0.012529483222002653,0.022934144107385552,0.04968375952007472,0.04132109957892268
0.2089950537448422,0.10215065732249717,0.09413795276897174,0.060940744744452074,0.05628083298590306,0.018842915516010156,0.05923084589131839,0.22953295518209882,0.1698880418439063
0.05151387212670869,0.052781614405403875,0.06564692709050549,0.5324891742545735,0.07805022472385749,0.06173756683253572,0.05675478476682058,0.049948292889033456,0.0510775429105611
0.034862845023507276,0.19022445541804814,0.25864272151424633,0.11678355130688255,0.03799674249403089,0.12278164582944556,0.08001291631579789,0.07285931939544794,0.0858358027025935
0.018103290501227637,0.1488149029815077,0.13542487608273474,0.02414304657589088,0.008131487981811921,0.022478514401685922,0.047135384499061184,0.13144676826661073,0.4643217287094692
0.02199735521348846,0.09002548992381637,0.01159004792671558,0.009943691790261116,0.034139868183919064,0.09581388601561013,0.5079512745097121,0.09349332491764713,0.13504506151883008
0.03791046536495641,0.15761910458281544,0.07801552099315014,0.007588977607647013,0.09056025580477396,0.3000428959768604,0.11113788947075014,0.12067157012827319,0.09645332007077333
0.03917786238326761,0.06481024654422059,0.025370820132991783,0.05339933147877166,0.053030076414285976,0.5121610738884155,0.08850681342635187,0.08013790282017859,0.08340587291151635
0.10963826608404827,0.3127305529304098,0.09552079293539752,0.11054490972833686,0.048303532129993186,0.08052025640201785,0.08102284836972025,0.05458216584663034,0.1071366755734461
0.034805322218402567,0.14423265956694364,0.22552917651151125,0.03624799553373769,0.021720315302730737,0.03400164634818717,0.038398840113830386,0.3845700251119835,0.08049401929267307
0.04476142894669499,0.0332779039183416,0.033200865705438586,0.05579436201501509,0.49430802490111264,0.10313609803334073,0.04720177738111211,0.0667284837292081,0.1215910553697362
0.14754265039189235,0.17457056895828996,0.2736975922472679,0.06644200520317776,0.053945167584428765,0.05550925554585983,0.1401030724933643,0.05290923957629547,0.03528044799942368
0.02981043769804631,0.20050543722603756,0.054841969766651545,0.0642253585925898,0.07576150857317722,0.2550035563096246,0.03311276398642515,0.19630966512879733,0.09042930271865048
0.023880132715363434,0.2719091113976185,0.1039358368880237,0.11461870647897192,0.03792111647486457,0.19609475397772527,0.09773729177532454,0.06649048667362084,0.08741256361848722
0.03165909229905264,0.18216799955747062,0.03985555525843391,0.03564182057345606,0.3123154044115675,0.22347235602737567,0.04029469002704566,0.09488675545752469,0.039706326388073206
0.3072071219419612,0.01978250433617772,0.0063747017868176666,0.0514421199856781,0.18709901144967078,0.016347489752534795,0.3589045886076931,0.03722818402664196,0.015614278112824615
0.11832399212361237,0.035306230897853695,0.02203580223350973,0.1841904542891528,0.066657942293531,0.22487014307402517,0.14195326240107994,0.1792829533799205,0.027379219307314868
0.5681615977547785,0.013550699956263719,0.10974392582157398,0.04059921332564136,0.033354188430301905,0.039419601665793204,0.07076821159395712,0.07903112093703396,0.04537144051465636
0.4264303709795179,0.05137228386338813,0.27290235984604316,0.028272597558793532,0.03950513932169092,0.03188938008556669,0.03497797504676391,0.08096187747143264,0.033688015826802996
0.16950866667771594,0.01558556118360465,0.045893710420363165,0.17647198981750542,0.4204670602256541,0.05252329969488743,0.09112488361469435,0.012839333133569412,0.015585495232005525
0.07058081522846456,0.02780809372469505,0.14524030693904336,0.40259834258332816,0.03789342654900539,0.19569836517842912,0.0064357746885430845,0.07702674994164886,0.03671812516684237
0.18663268395074648,0.10457823839436557,0.058010603052975895,0.06655847774172548,0.05667847549554537,0.1868859929694365,0.29270095753932457,0.013242519558034876,0.03471205129784522
0.026550908839201037,0.04158750429635583,0.0294490428395193,0.036979296620782115,0.14736438817653022,0.10900337965937408,0.3646975970404987,0.17060292423603088,0.0737649582917078
0.2565784756834975,0.02350017984399568,0.04739084554362016,0.4289346128773091,0.0855541983254184,0.06008927973120459,0.018887961968876626,0.02558135850667971,0.05348308751939824
0.03257367564093606,0.1673141734054657,0.026394890697286094,0.547071124018613,0.05275331866678059,0.012437358181022271,0.07983438462119474,0.05166980398797868,0.029951270780722877
0.40925419305116423,0.028068225449072854,0.06454250194277229,0.07447687286033654,0.03638612968997996,0.18957910660530794,0.17789461870120774,0.007073598791887851,0.012724752908270609
0.03169326115442375,0.09983763773839227,0.0652296414479955,0.2952630358604824,0.05000291258885461,0.2859569905963587,0.01632965806812479,0.09367198240468899,0.062014880140678956
0.04997086535719089,0.17867887654515102,0.061332201534446656,0.01908150893573264,0.32829696789191687,0.15796683615280366,0.03287026754658756,0.11938777895786555,0.052414697078305206
0.11494052318986808,0.11870985189220762,0.11072394013543381,0.2605957544682446,0.09837398893762646,0.08186961412713585,0.06698256894876242,0.0914886126392746,0.05631514566144654
0.07185332337219985,0.14730524686157423,0.17727063617277347,0.05154266585370438,0.18734491904464298,0.15158628022371107,0.0451516015954333,0.06693309534787735,0.10101223152808332
0.05558258088917872,0.41110977822232647,0.011556902142996163,0.08774370763638166,0.12782123942872697,0.11691486044330728,0.05172570532130432,0.01797969553880743,0.11956553037697108
0.024005162153250367,0.18763077689060423,0.03046425180565714,0.12447440966075825,0.06886485138881776,0.35773902759022674,0.11817435131641885,0.03736462454844447,0.051282544645822194
0.13027685309259482,0.03211058008499712,0.028936650287748125,0.07595243574501719,0.15743557314195514,0.08588974725579218,0.37266855116775055,0.024172685728742264,0.09255692349540268
0.11083862764842423,0.030248845353634906,0.015841974352976126,0.02973909867507653,0.16565037737738045,0.1883824352136927,0.37919888562172877,0.022477310445488962,0.057622445311597346
0.05642750799763709,0.03381086308030924,0.07545739086256252,0.02767652337116097,0.587225744687036,0.0360169530918913,0.13181080046250224,0.03232796320474057,0.019246253242159988
0.1585633595519688,0.07141869621800435,0.24299362629826082,0.11663841724831703,0.02744999236234172,0.04789116113629003,0.029050901736796104,0.15896499510629733,0.14702885034172378
0.0707220444298558,0.17323792051881878,0.14805568325255905,0.049821521346988834,0.0865861488688046,0.04728525152896204,0.0862017371923427,0.16826034602338727,0.169829346838281
0.05481099264876561,0.09123838132714783,0.13986111793815748,0.08187946426703713,0.058047985413323205,0.10658814449072933,0.07550894338069349,0.07699367223519392,0.315071298298952
0.5496525440856238,0.031118518415382657,0.1404315963478804,0.08142380403767586,0.029860298546950857,0.03454261315161459,0.04054402587927081,0.055411290240973625,0.03701530929462723
0.22820809591367933,0.02085503886704783,0.024192200873750912,0.10146269983534233,0.022120346059292265,0.07726579609192381,0.1487727794457301,0.2133621762111008,0.1637608667021326
0.06921336919020847,0.1265545405030431,0.07387373937826111,0.2600808091972248,0.05771908514873333,0.16601254616378402,0.04048080323872973,0.15240018474862357,0.053664922431391864
0.06080175191347662,0.09940685152752897,0.08916466324218013,0.15075164542605737,0.2841396834185237,0.020998711222312925,0.07880956751014367,0.04460800823855035,0.1713191175012263
0.03344791472567624,0.02577524504421214,0.0357174059116932,0.3020260832809499,0.12018600037535049,0.09775384069125448,0.30560544764884723,0.019877352924746083,0.05961070939727028
0.15403967551979394,0.02723654232884058,0.10261106469083996,0.09826216068950482,0.3665934995484974,0.10583777489741797,0.113968059920743,0.014400931590602043,0.017050290813760346
0.16069870468730182,0.06514674336898917,0.08604476489732821,0.3868513933813286,0.015259146056457784,0.08845989275123604,0.04413651878702792,0.07645269184854486,0.07695014422178556
0.06896547059966572,0.06990858260926801,0.0809435754318424,0.43520995643149857,0.06075842636071807,0.07959715841237253,0.041965294731710755,0.10628487786289177,0.05636665756003223
0.13787115290076415,0.1001759563175408,0.07041742339585542,0.3574008599798772,0.0676557065587086,0.1799985017608401,0.021962406112981142,0.03571677606843466,0.0288012169049978
0.05199589678272106,0.051890910061557584,0.4407923080084532,0.0604249209757472,0.0445419995275285,0.03530803884260685,0.038065467840677665,0.19209597613144128,0.08488448182926667
0.027541153677193963,0.0697674091100304,0.05111358974411349,0.043671593080338945,0.2780637540971093,0.06936603598483233,0.326319068197582,0.06825400922796748,0.06590338688083204
