0.036707132101460954,0.06993573757528143,0.17010487488696938,0.07938955777139356,0.17430278966278745,0.256260110400417,0.055375491828975436,0.06121665682694893,0.0967076489457659
0.21456138268679711,0.06656497018819363,0.11956038689410842,0.03951627095760344,0.054825501145490986,0.1790799691302916,0.03665281244102348,0.08404986818677092,0.20518883836972043
0.10328309830642773,0.09821211488477587,0.06509736909868043,0.1269072083726406,0.19393590785323514,0.16473306739895677,0.04833760930246383,0.10248259533995839,0.09701102944286127
0.05553272907966749,0.041431491941265115,0.08080578043047133,0.18420897246875553,0.5160382676571654,0.006185285369054293,0.041486830372494156,0.06813378466741389,0.006176858013712733
0.1416322104903254,0.040067361938387204,0.14125279859126774,0.1479289391451738,0.025991880819849687,0.08711798317007073,0.05333905519114487,0.318769182574213,0.04390058807956753
0.017626882065404473,0.2165710316262648,0.05470550579120215,0.20007487853014838,0.39416033426101843,0.035189036103952694,0.021895854839357586,0.03523828178063455,0.024538195002016972
0.0068068986958357836,0.028848484338622107,0.502936914573833,0.1304973044347378,0.015769454884872178,0.021539596266788665,0.06662857553997698,0.04814652905156843,0.1788262422137651
0.03546409602038233,0.22308101032023972,0.3057813418732471,0.15869991817832416,0.08559329412786713,0.029218965143009076,0.056283834033828195,0.08083758867034524,0.02503995163275696
0.12259749329598169,0.05570432582680848,0.26187102210224306,0.08461390116740775,0.08964724626147146,0.11413354355922696,0.09641800589237647,0.0716958680274361,0.10331859386704804
0.17161639656064256,0.05611356605362156,0.03871486666937212,0.06323183169684705,0.051614576365094235,0.32264408752786256,0.029801720027048822,0.2404922809329715,0.02577067416653958
0.19571391189248988,0.11514375779252632,0.045227795508696246,0.08204534401240872,0.040609573437609785,0.2811107463687927,0.04662787045676605,0.06497034729439057,0.12855065323631978
0.10877153532630786,0.23134624390583639,0.1537245866905285,0.09586746561864919,0.25569132513088616,0.025967803100819965,0.04270523604757245,0.06649801230851536,0.01942779187088418
0.015535822408496956,0.11800622930360886,0.06174242427306837,0.17848712136970912,0.12273597742341284,0.024842229962297974,0.1747111939780469,0.07556553164352495,0.22837346963783398
0.08273324761187698,0.1286360520302863,0.19674940583633194,0.09764230426561588,0.02594499983800655,0.08489161248559,0.045779998504599566,0.10551094558434597,0.2321114338433469
0.01300970898416435,0.13513337606928866,0.1419944734856117,0.27109256173733787,0.09717726169520519,0.030946630672556628,0.049436606881766654,0.23334800219382898,0.02786137828024002
0.035857796848761954,0.09666128120799171,0.08759787210865361,0.14447737317734874,0.06410294872333383,0.22726581973435747,0.1558795085151739,0.14735896165078785,0.04079843803359099
0.07932686222779527,0.0750881227709575,0.05705811915561385,0.059984794604195,0.0951492377881613,0.41316919920817896,0.02675626882485031,0.08270308081353603,0.11076431460671181
0.01233769069540934,0.4589692979042567,0.037953898730931336,0.07232993165084216,0.2263488212792871,0.02377496613618396,0.10383871135414117,0.04779958859160945,0.01664709365733878
0.16038660572747987,0.1932183842134224,0.15560068731251486,0.10444451699541278,0.039381911039546476,0.10949518687563516,0.08952260167260055,0.07762584140635295,0.07032426475703496
0.009940305854256377,0.12057729565862124,0.11998733738820744,0.13223208850128162,0.05741783685925739,0.03993446814430569,0.3620983337089037,0.06245139640134475,0.09536093748382174
0.10783317826663767,0.05274180300007619,0.10004227033672974,0.07674229419228018,0.3011549714243376,0.15466587438728782,0.023711788020144328,0.04066885899061161,0.14243896138189494
0.24183107765001846,0.13686608959805752,0.0419635833979137,0.17464258462627594,0.07351941287097018,0.06835130929411336,0.04721784207061682,0.18461326975251324,0.03099483073952074
0.07213700181856124,0.09552317596388789,0.18455292073358862,0.07851056686568912,0.05302803091499986,0.19770651676167908,0.1095198635189097,0.10292602872478536,0.10609589469789919
0.12457738659058853,0.07932443510030536,0.22222180777999515,0.08741508109073132,0.14577196195532674,0.10767997737881756,0.11739661087430275,0.08649260845849877,0.02912013077143384
0.02305644787008036,0.08195295120673061,0.11764778281597583,0.10317409564477986,0.1085536752634834,0.059953794363928135,0.16946586169146194,0.08552558766638657,0.25066980347717327
0.13880612628797162,0.06775590694595973,0.0673655513613917,0.10560463113530849,0.11964471429768075,0.07410787989526689,0.042429802708439074,0.10608233315601512,0.27820305421196656
0.4906053410834568,0.1668559482888787,0.03259087239793449,0.04954049837978719,0.005846384011673832,0.030707435890512266,0.09027933090949458,0.04667303267753189,0.08690115636073026
0.008249682836108689,0.051723577746020315,0.26478446690086016,0.07383538350927592,0.09236575100202897,0.14018332930855412,0.2420242613955258,0.059420629992566865,0.06741291730905918
0.08980021563144358,0.4102118730343986,0.23140106333699573,0.15240431492824663,0.03652904096799577,0.017134306030873635,0.02576454681536508,0.03213738708467242,0.004617252170008604
0.10988655239118987,0.03687342177192642,0.027206955824035012,0.18852022195372417,0.31963200030597005,0.019155921444565235,0.028934664048758035,0.1959845528724625,0.07380570938736863
0.1463540584311931,0.04754004745995747,0.11764118492863973,0.10776397341495263,0.20371749995998215,0.1877795771381472,0.03831423225099237,0.1222585892651572,0.028630837150978083
0.17687584225927178,0.06568471770457475,0.11278545897318511,0.10848306517326074,0.10844916676124884,0.04287851575636543,0.07249065516672411,0.14125855124457656,0.17109402696079276
0.23290013992419092,0.06132724514877713,0.05045326558148319,0.11812277077054227,0.21129380340250603,0.0157473607264022,0.04790556613437699,0.1244251459586132,0.13782470235310806
0.061509060060864124,0.08706928106507987,0.07494100784829287,0.12677673508771317,0.24122808705810173,0.10899346600609967,0.08766343568087342,0.113019350538473,0.09879957665450208
0.23362075633599177,0.11932115666847998,0.22272799445268984,0.06672688247486742,0.01168362821604506,0.20900083790933485,0.0693978594818188,0.05565106333086851,0.011869821129903748
0.25080782939886714,0.06071395883426844,0.13638354553008983,0.08881678901855923,0.11736942102684987,0.07820945369121403,0.14225087458866623,0.10234887605330596,0.023099251858179345
0.16123637352260778,0.194359394988204,0.20566098286749854,0.14458352929822127,0.13818661472345325,0.04401860077102763,0.0322494462227146,0.044049528034306694,0.03565552957196625
0.23108623646658075,0.054289455224265835,0.05880913386345655,0.08908735244344317,0.2598948017666767,0.047628271743193916,0.03793060964904598,0.1280986930042972,0.09317544583903992
0.07179961689458979,0.05675759061098429,0.13545317466558696,0.21621432516375075,0.10355830634721985,0.058018336908841485,0.04954397396529248,0.29252143209423037,0.016133243349504195
0.09542337243639236,0.09659507933971245,0.0541198661564434,0.09669412167528368,0.27233940978315924,0.06286432976200457,0.21413785280963984,0.07697285251310255,0.03085311552426197
0.043424215568898146,0.321320196101863,0.05341416368847295,0.20327882262552963,0.0790201420174272,0.0466118056102533,0.04745512962614363,0.13079309317752544,0.0746824315838867
0.09143789418849507,0.043746210647996636,0.04092062943891081,0.07942081394604593,0.1895468491786271,0.042948154180449595,0.043385202043312115,0.08222009226443056,0.3863741541117321
0.10372862494394064,0.06950554701252444,0.05739991676797492,0.10363331665185072,0.19261030973246804,0.18037018844459374,0.03127286347405784,0.07699205718155012,0.18448717579103957
0.30727521948675984,0.08161982041586724,0.07445056073973685,0.10782629292087498,0.15907174492378526,0.08293120911102748,0.052947553370334265,0.07815351335143501,0.05572408568017906
0.052645864575283585,0.09672345503171698,0.04633275690423902,0.4136637750880398,0.0787066538969967,0.0018728423685529687,0.05397614218816241,0.21250089425175614,0.04357761569525248
0.061912114952637126,0.2556834338706316,0.1201402430932454,0.13491822773226217,0.2312449475915104,0.028247912058266683,0.09615830477960663,0.042388208253962195,0.029306607667877838
0.16960192240574165,0.033906818053597784,0.14423259785364853,0.0826522471138409,0.02589185005900051,0.1058604203002272,0.039656906710242114,0.38969414638894234,0.00850309111475898
0.06825773168702186,0.014883992678865058,0.3309915724855029,0.10676218168153177,0.19318175468248064,0.013977111758521994,0.05906377750941563,0.16755189838240328,0.045329979134256855
0.0647814616997583,0.0456414560032474,0.47114642267115964,0.09341179580384322,0.06250513161246506,0.04679104726730393,0.11389547515779828,0.03950999362939513,0.06231721615502908
0.06519133560834195,0.17748233194363736,0.17094571228010313,0.09130289107183603,0.031311612347131514,0.023696212384306845,0.26315318231984497,0.07212430478547578,0.10479241725932249
0.015259046550195042,0.07569950479050631,0.2725349804563841,0.24812158652529118,0.13224916981135118,0.02632751604877094,0.1404289588594254,0.048642054606313656,0.04073718235176214
0.1106823132028793,0.01032474993766427,0.2924415567230896,0.20952785664309106,0.009113704565674344,0.040376383336804246,0.02481101924459553,0.18632633860399014,0.11639607774221149
0.08668065091848842,0.08498846350402584,0.06026880737208377,0.16040406834958668,0.10399385760673742,0.2572235033300287,0.05777194783305725,0.08565112829928095,0.10301757278671092
0.09556637439906202,0.10828977041320219,0.15319192474483445,0.0742229140511446,0.061883202219214666,0.04539698557402958,0.13659629994377862,0.13928055771784123,0.18557197093689262
0.10946195145533484,0.09242555759195353,0.11729048789959219,0.14518747483838831,0.16938016224050811,0.06124897638518286,0.13580611011341023,0.10704867229105404,0.0621506071845759
0.04851237552823303,0.09261052738061869,0.16879300789040075,0.16788855701958658,0.17655270303647475,0.06423524231171897,0.06888443128938039,0.1403045686908387,0.07221858685274814
0.13907933989902668,0.13601706276369863,0.076449830686732,0.06649098913218697,0.099797802640626,0.082456175747448,0.3032828442538208,0.04775893413849399,0.04866702073796685
0.14120591337598612,0.07776557117637757,0.05661754889999637,0.14823771544222944,0.1412507172335137,0.03416411891297609,0.1016276707011997,0.07896318386679896,0.22016756039092203
0.07113356513295294,0.04713228034738928,0.058039313445793765,0.07847330889649325,0.06974533489082645,0.33714898482483285,0.03403801272318524,0.28289574386441324,0.021393455874113024
0.02868287237937393,0.052080834546153754,0.18919261860911932,0.09027117727927562,0.2791390845071278,0.13472695492754594,0.1068021904348055,0.07575740960890476,0.0433468577076932
0.07147886005025789,0.06980580682567282,0.045259697718091026,0.10622925174377251,0.09232169709716216,0.07894180692488047,0.037680305768105764,0.06507755043684087,0.4332050234352165
0.0933577339354802,0.11561492820904913,0.1396045352263058,0.06827797747588188,0.05746515024195583,0.21268176426304727,0.05688253959805192,0.117362113529488,0.13875325752073994
0.15624307123019385,0.14036643298461896,0.188090238470538,0.08992288861885228,0.09806242731359337,0.15520013858568615,0.032846221515879376,0.04699095851735923,0.09227762276327879
0.21803958490190678,0.06890231864591723,0.16864041326162835,0.13920437853502957,0.145410718209128,0.049582829306576696,0.05165407446651443,0.1411992400708128,0.017366442602486248
0.07484239411741529,0.08645502443706725,0.09956706654789733,0.1599330375978878,0.08387429619529298,0.1778384670846458,0.08875205218360342,0.1106111690420553,0.11812649279413483
0.029894513544656318,0.03947460454343185,0.029227250129869976,0.2298091320648877,0.2629440292438143,0.00892521728041133,0.03423356657150475,0.31646919852404404,0.04902248809737966
0.011269995632378833,0.308231025120578,0.1208945415324957,0.08737850542104854,0.17909782292393475,0.034025980374306874,0.09615175762464238,0.09667981467106711,0.06627055669954778
0.08986428761619662,0.034819561417961754,0.3694093470814845,0.08925824624506966,0.09185756570632737,0.03500721528628023,0.08943841097851546,0.174350799778481,0.025994565889683362
0.24521573376757813,0.06300224788835114,0.04447111960317365,0.11686123464253202,0.1415803316977532,0.16925219258154436,0.038018021956779016,0.12022230707001029,0.06137681079227822
0.08131661583090262,0.061960227785931805,0.1287831778649106,0.16095017546953286,0.13052507620634954,0.04479318406901792,0.111418180678949,0.17241419430027602,0.10783916779412965
0.05792730640370904,0.1110071167904609,0.10690523647154455,0.2066825132695745,0.1066894351650101,0.05926589723553272,0.11190048914489059,0.1605554221740558,0.07906658334522172
0.13874084629700428,0.16669998637499864,0.0836418293380215,0.09637371245052188,0.0328919248746034,0.14639966007576974,0.0727726788765942,0.09198110777117292,0.17049825394131354
0.023804461717259955,0.3254205818683252,0.10453366050722641,0.1546423894800363,0.20943785380235455,0.026545675616897482,0.04660641251316591,0.056830734586408395,0.05217822990832575
0.05959413630349276,0.08325911005340762,0.1331663820856325,0.08908973435991042,0.12394426332905527,0.00932661237644075,0.44227738374742914,0.03377734540081209,0.025565032343819388
0.14941232927319503,0.17967960170168665,0.06066207688928815,0.11352199183454982,0.07939840691064042,0.047722788349063065,0.1475912925203445,0.10409314788698625,0.11791836463424604
0.011738148352029602,0.20204099320804078,0.10435932380451625,0.2011182595963662,0.3171399588638341,0.009696749199314994,0.03957713591828653,0.09589362090773183,0.01843581014987972
0.27530054145500465,0.06429766677481324,0.06640657506307865,0.10654264802986475,0.015639383536590536,0.07424529276842155,0.046241114847405874,0.3499683802860685,0.0013583972387522373
0.1346618624694931,0.2790256047240938,0.020357868743140505,0.1451174295041737,0.061412642576598064,0.019160713554854412,0.04806169067843769,0.09066433487608294,0.20153785287312576
0.4507950709280417,0.08184540271841845,0.041741912022036566,0.0685782250187752,0.03669445252172809,0.12251559506004801,0.0295330499977102,0.1451760021114869,0.0231202896217548
0.2251866149960263,0.16520113322216715,0.05505922374825536,0.1472443728059765,0.21623704769167693,0.008655860363237915,0.04198974936019347,0.12556017868332994,0.014865819129136412
0.04162866778552262,0.17895334206024163,0.12046688275887589,0.14436560038713428,0.28264569713087034,0.02890372516759009,0.04637391460438981,0.14526584591471878,0.011396324190656568
0.01512534036615324,0.053723525333743825,0.2886391807464554,0.0659705372128271,0.08180577794373502,0.04504776535526358,0.30450769799007926,0.06918317903675798,0.07599699601498465
0.035209709660212724,0.06705576608598118,0.04824010718036173,0.18763937185892507,0.39443269037602474,0.0103339888465846,0.03249476748033657,0.1953843320399701,0.029209266471603292
0.03009338018715246,0.08384572892421739,0.06178492346680672,0.13936965168738982,0.47094684230640266,0.06074687713821245,0.06674497241391968,0.07563474209348263,0.010832881782416356
0.27352679408617203,0.09313601218868944,0.06003517470857781,0.0854773413038944,0.16966822218795385,0.06536879425781653,0.03653793763539215,0.0923812978410935,0.12386842579041026
0.1982993778253217,0.07519071247975286,0.19171555426289158,0.09401598635531265,0.021115109897798426,0.029006586758913183,0.05529248886257693,0.3111369577352345,0.024227225822198255
0.05826123625815247,0.04821654135460962,0.04729462876605909,0.08839217665936455,0.3634181740878483,0.03230619693058064,0.033990790043250146,0.10278185942787031,0.22533839647226486
0.19256298853765733,0.037091696195474255,0.05598179884562279,0.15358862716746668,0.025792085750724197,0.0638171180394002,0.06936511546067538,0.39944230595571667,0.002358264047262608
0.2938387783667899,0.06032380003742079,0.05347989084521928,0.100497978699842,0.1707991984507051,0.06081181016954245,0.0955285525779897,0.03225682763171075,0.13246316322078014
0.06472965331392888,0.05364005985945841,0.15516415525781246,0.11446959238915173,0.11373934791822264,0.031065405755492815,0.07760513188717222,0.08061030620676173,0.30897634741199903
0.02002143262957178,0.1448622070482101,0.11386251741862717,0.06626394536814735,0.016506820318442764,0.025514660301484388,0.43718372029314745,0.038054740301256516,0.1377299563211124
0.18703317642497605,0.09733304397126157,0.07121077154061058,0.15353368704834838,0.07079790837711249,0.07929621787374803,0.07179053993031742,0.23718812138495396,0.03181653344867149
0.16708965011454738,0.06043369982144625,0.06668122671878463,0.19448442377124664,0.04034781282426111,0.014913336950257988,0.05817677742941385,0.21836894464011095,0.17950412772993118
0.1247940360539435,0.042187317620021626,0.09278066004155451,0.08014945325400673,0.12449699314395797,0.2514672561830474,0.05238704201510381,0.1486951834450572,0.08304205824330721
0.15691971792854006,0.05814483871775409,0.12131308728476936,0.09177918586092648,0.27023699153492275,0.04532889923122905,0.035363335807063405,0.09297531850047604,0.12793862513431872
0.18363150482609206,0.12922810759148387,0.08096640684303057,0.09372495463892344,0.16451050927345925,0.10218999173955201,0.06604228202492418,0.09991421085833156,0.07979203220420307
0.08109515389730564,0.06694354219088539,0.09429325179675462,0.1866937141568703,0.11347318596237349,0.09862538205778038,0.05017531029178073,0.2528052573286159,0.055895202317633536
0.3171774355623593,0.07252084177532692,0.15884587645466955,0.09016313375061506,0.05028011574443414,0.03148334901310645,0.04219867737252155,0.20738991462451306,0.029940655702454005
0.2913216924303102,0.0849189085568814,0.05717184617416573,0.08781396767263687,0.13376928764954552,0.17992320475774212,0.04646322882845694,0.09051889850193447,0.028098965428326683
0.17553039154706532,0.0573391255781111,0.23184457623773172,0.15640986076214902,0.05360510485093428,0.041971305359536665,0.038654475884121534,0.11072006373350995,0.13392509604684041
0.006976295192603194,0.044175188343526635,0.12018418583328816,0.10042104349781755,0.09071787705523023,0.4396510005992826,0.043978687703903764,0.12274339637965453,0.03115232539469326
0.05444117217504621,0.09047472271524032,0.13778022498295853,0.15010885825886533,0.14698490860602986,0.18921604273174997,0.04959491883616732,0.08767920776100642,0.0937199439329361
0.12671152320690243,0.10582576776148982,0.07708060526799114,0.1763228086214932,0.1982352614338777,0.04405149625298199,0.05728560044607561,0.09250063850359554,0.12198629850559262
0.4603493035206852,0.057911781635023085,0.027001792199713257,0.0958878538766887,0.04625522409442021,0.07419557191418875,0.018590883997761945,0.07812019138500832,0.1416873973765105
0.2764522992534096,0.11093830153841039,0.0881732897129816,0.08860538009404921,0.058016814499761794,0.272405210278351,0.025037481824064598,0.04631564598215895,0.03405557681681281
0.04252358042119222,0.03233140053820689,0.22903743481268757,0.16435768596925351,0.14757633834436742,0.10125663240689002,0.17139618910680354,0.04967254100952289,0.061848197391076
0.041067327522235186,0.07137928677286942,0.03545892250600798,0.14954038865366515,0.17500367709284792,0.06298876074164694,0.2549400983313755,0.0730564384572628,0.13656509992208918
0.04415891927098975,0.06607217308820783,0.07496997958885639,0.2079638548846391,0.1309482427090114,0.03567925876785083,0.17791658675806185,0.09951106000235567,0.16277992493002721
0.05630261971520561,0.06254719038518984,0.3633471221808251,0.08239963695806503,0.008524426232159625,0.25538343425641047,0.05971030614522846,0.09456083535134696,0.01722442877556891
0.27128135890183724,0.05421870187936003,0.042613850032113855,0.0949183421245944,0.10534625424825184,0.018544695954584776,0.07602083287574479,0.2479778382989787,0.08907812568453433
0.03361123829167586,0.10120741770351042,0.046570634123425735,0.2686969462443705,0.1054616109072899,0.12284851160640886,0.07691638454144924,0.21772726456819447,0.026959992013674997
0.2107461811974766,0.10549348622951192,0.2171117243356715,0.10915631965413143,0.0424487544117696,0.06943526168471663,0.04770563157154079,0.05856902267519454,0.13933361823998694
0.05008237642774906,0.046231107140263815,0.039406905998642765,0.13300667187582604,0.41997024364796043,0.03651189027014138,0.06693625920767766,0.15785984922359628,0.04999469620814248
0.17379608227979562,0.06895397602198744,0.06131675654014249,0.09415885321149786,0.03382224616428104,0.3845677266199841,0.02843192166075821,0.10173563904770348,0.05321679845384964
0.12625532883013504,0.11487237416454256,0.08263695088945237,0.1054435958906082,0.12500101623253213,0.14198563335021244,0.06320516369074151,0.12852219180878208,0.11207774514299366
0.17364873455230068,0.023267203582891582,0.37030420681181747,0.06984091561301427,0.11275459232210765,0.013664984888614005,0.12693572917763266,0.10355515975746134,0.006028473294160285
0.5333606074149628,0.06075444130897795,0.04008405483421589,0.06557742679222905,0.048151884598238,0.09444028376170444,0.023365547391057857,0.0984192137788152,0.035846540119798743
0.029855324448877372,0.13176271683393423,0.263311404863897,0.10672234911741046,0.09124520598930308,0.06664442979962151,0.10751763110316907,0.07583780150986646,0.1271031363339207
0.030327988861233935,0.11108679873804916,0.15896447752481183,0.10620293747760412,0.06738256666668756,0.047313492198085345,0.3983383642033072,0.04464938846845377,0.035733985861767105
0.04904608116999806,0.04429689435442647,0.041935132036417945,0.08760586090134152,0.18448447763749923,0.34468062211620437,0.03570656620922295,0.15937707216271083,0.05286729341217861
0.11848043503382512,0.13590994074126783,0.05720208909068728,0.14303079945851863,0.023333930720047524,0.25686217962983154,0.04357966134667416,0.19224633163627178,0.029354632342876153
0.1955947801409055,0.054874329117496935,0.03550505537096967,0.18778562042696464,0.06781202977190694,0.07573860067063126,0.02724497404496165,0.11828889307757978,0.23715571737858354
0.21937145276210712,0.07629050710374059,0.10845403365561208,0.0675606142138676,0.2948742156083692,0.0458264490255779,0.04996505948746651,0.1252281319597857,0.012429536183473285
0.12313487497146115,0.25439124959131004,0.08633881119405667,0.3246186176378281,0.023957702680974427,0.003310203471865638,0.09994035853556889,0.06288959420598424,0.021418587710950798
0.09022073829190962,0.045570424466478236,0.2617032613222146,0.08383298784420821,0.013400006332122122,0.13942778575280504,0.052224694391857396,0.2120107497711171,0.10160935182728774
0.16747748142560337,0.27890298272319375,0.039864929441594185,0.19959946322013403,0.008546226889987154,0.04287248268308012,0.07056441229429436,0.08496404205214063,0.10720797926997244
0.43520623981529766,0.028505284817915078,0.22556803056248578,0.07466811479639447,0.08163018427523515,0.049741758676834114,0.029033268338439947,0.05718500008799371,0.01846211862940395
0.06517534525928163,0.06872098140831213,0.12916117950823391,0.21927665356852222,0.2812126238117952,0.04769773674065919,0.05074528801059839,0.06508201865363404,0.07292817303896332
0.07649814954022416,0.08559766684223834,0.31203578739598004,0.15929621130604027,0.020537703942859517,0.14596272131410695,0.06585131185671146,0.07449235085996235,0.05972809694187692
0.26967851379370517,0.02177844932399182,0.041417151310379846,0.11636701275124599,0.15836217182307477,0.037347142454799566,0.03994789528119383,0.1695738595068442,0.14552780375476487
0.025640899403273756,0.05831529666426774,0.046600330756550366,0.05918004147596232,0.17163028315620255,0.28053603567071855,0.03511054362968289,0.06684768097386189,0.25613888826947995
0.08304037494848711,0.030717181190585068,0.26589339763308123,0.157870822196347,0.023394360650728446,0.1389198004993429,0.02675206312379862,0.27248985901181927,0.0009221407458104759
0.04878264040864159,0.2563171402271533,0.10098803987853318,0.06854615302935646,0.09046885008335653,0.04858362175602549,0.32173352769906427,0.03949430332330093,0.025085723594568177
0.024810463298952243,0.08300741412442743,0.18011661106989932,0.08156041749700668,0.030917587571819987,0.11828280993955125,0.3052252075056117,0.04907465915347468,0.12700482983925654
0.27510973713901465,0.05735850933694778,0.22367577293878252,0.09070808961380196,0.10686152169803975,0.0918713668515948,0.06890948200981005,0.05353340095722375,0.03197211945478474
0.03744518551510436,0.06641133484332513,0.12393728589626196,0.13870528842798577,0.2158121269918507,0.06965062826013325,0.14255866756612087,0.09133756732059911,0.11414191517861882
0.017103787840761563,0.19142874580525907,0.3891537477755567,0.15263675269005464,0.06565541794112643,0.012553514736997078,0.05476606794836255,0.09009287276279525,0.026609092499086672
0.044634212837791815,0.03048553791082979,0.12389858478928517,0.063465196973202,0.10147105301804125,0.476700639820513,0.017480009576943897,0.12188213009889559,0.01998263497449754
0.09682002245815702,0.10868096428668904,0.10032882873817679,0.2307320577972891,0.02121097322166075,0.056845324963755495,0.06374300845057897,0.23875546677764267,0.08288335330605022
