0.2983873233863197,0.05233803244545757,0.017732350844975073,0.12080242543142834,0.10509922824336765,0.07834227598606719,0.05315928025761051,0.1283807279951052,0.14575835540966883
0.03150251651871718,0.12334429680315812,0.08809682427240961,0.11076872513921437,0.2137518809892768,0.05882891511477368,0.14425836595135536,0.14015931701636453,0.08928915819473031
0.07799006694162443,0.06857789706153937,0.18429477653111023,0.33663222015250366,0.0349789160300481,0.023287204239990995,0.06352400475662569,0.12336582724503238,0.08734908704152504
0.03149320664574698,0.4266471787294674,0.07279603383096371,0.12647536205494428,0.004648632574991847,0.10694651352953706,0.0824128839701007,0.10493479342598633,0.04364539523826164
0.006383240625974523,0.06320654256446308,0.09523751280578248,0.1942939163772798,0.21462398406868136,0.02420820763864905,0.16943132604391956,0.10296219988817869,0.1296530699870714
0.1948378761101165,0.26672412904527065,0.058374045461189995,0.09160331410309668,0.053601210806666,0.10666151819774328,0.04572366094977085,0.14444739646090052,0.038026848865245495
0.04216363760306068,0.05897084539520119,0.38372108065032445,0.03117861385115282,0.0273578097423412,0.0015289057358276084,0.3425770010644764,0.08753989441078358,0.024962211546832005
0.17656343729075188,0.07886479669550933,0.11904397473696489,0.05569879837372716,0.017324413627016668,0.2795042681098998,0.0891400972361772,0.14568225716265704,0.03817795676729608
0.10852271068719728,0.13810457291360959,0.059953166920952504,0.10128953285118007,0.02192367330934428,0.33208369256621256,0.06664276976018259,0.1313008553438281,0.04017902564749306
0.13934839470992835,0.06223783685345787,0.10885399285097351,0.0639773769618314,0.05173868550155963,0.3024584543550752,0.03685775704743219,0.16054949702428156,0.07397800469546038
0.1636721895519323,0.16218381614951982,0.2206723894623345,0.0749863460293306,0.07349179821618156,0.03049110196216823,0.06055488430038389,0.14819432652627715,0.06575314780187196
0.0286705028405432,0.1087187735384409,0.06225334975089087,0.08026743220695841,0.1002863756648555,0.24848174466563297,0.16251873238857104,0.1330842630109206,0.07571882593318649
0.23000378761574466,0.1890991078832238,0.06205820153967372,0.09984610549040808,0.08757749443875447,0.15959559719468594,0.02637658439861301,0.11869958476490579,0.026743536673990428
0.018138829308426353,0.0374406502727223,0.023575391556429248,0.12605603329088075,0.006530751379215376,0.5728718318422654,0.07789412379588724,0.0790187884064857,0.05847360014768766
0.1874245809471885,0.11845792575795318,0.06627158405336935,0.07450969287611875,0.061792301308793963,0.12526065105626627,0.08280257201905843,0.1571200503119989,0.12636064166925268
0.17497018827547647,0.06316009650685916,0.08565001443639987,0.053484526095972894,0.024455546127076348,0.29159382296194253,0.08711478449618136,0.1434710123134649,0.07610000878662647
0.0038052531944457782,0.12539017113979253,0.09687004243962816,0.02816259299057439,0.4250881388758496,0.03761587919838683,0.043486811344606836,0.07929209903622926,0.16028901178048657
0.017840213881284747,0.1117038199721133,0.06214217262317177,0.17086283872157024,0.010025826024575732,0.10188137584359376,0.343494980780706,0.09296311720908985,0.08908565494389457
0.0996089545090479,0.2090777222401373,0.041758112927339525,0.0914507076220963,0.10150943446140805,0.06570305763970342,0.07762520846597205,0.16138678080921984,0.1518800213250757
0.2465805435615971,0.08803078661662085,0.07344554362095691,0.13400933783924485,0.11342010010099617,0.07731700995870427,0.06359601000612158,0.15534651825794568,0.048254150037812575
0.1944550438581192,0.07144185585195481,0.18451059803253025,0.05770713962726287,0.027720536813821108,0.09667386134594506,0.10757328898643935,0.17473663593715802,0.08518103954676942
0.12947788736372995,0.0854104416375121,0.031342039515860516,0.21689515228375614,0.032347507101301666,0.06310553116971807,0.15111057208877143,0.14599433635042147,0.14431653248892873
0.08702789941374982,0.07818006827561191,0.3935064541811839,0.09895252972333497,0.02735736344390664,0.0466713131473532,0.086768575689648,0.13167782603387926,0.049857970091332304
0.010844528027941705,0.03618730163352121,0.09691513168621217,0.10380627962703291,0.1383291638588637,0.1308923333627682,0.12251575980618283,0.13438062495468117,0.22612887704279613
0.13280441594650266,0.12249125335775651,0.17486356367670466,0.03491626280424926,0.00857810702387971,0.025288383632476735,0.1962802668119805,0.140728010229726,0.16404973651672403
0.42543807003817413,0.04042003370128316,0.036937507324182876,0.06626377080863369,0.020139111849399163,0.08113145656828291,0.03498926872340798,0.12851007352147695,0.16617070746515925
0.4895256392378647,0.04857530218196606,0.03036732411068384,0.06635832610481564,0.016217029315460207,0.09769522899987389,0.044529157439302386,0.12716185675175815,0.07957013585827517
0.01938864876133196,0.10476179770252446,0.10493181563371438,0.3770976758478947,0.05139759994844532,0.02286740061254275,0.05539536107065856,0.11491721304851876,0.14924248737436915
0.056476698552020754,0.10526736240540624,0.10392494353114372,0.12767507190887606,0.039548643967830255,0.26238374214970434,0.03833602206535827,0.16745847379486611,0.09892904162479425
0.04508801455285074,0.0478605505113388,0.08829724536849716,0.03765791445131235,0.0304230926259406,0.44669624341715464,0.149048383733927,0.10988018970264603,0.04504836563633275
0.011621163550944535,0.12937970718248107,0.028239612000789446,0.43442562200201545,0.14022630719540682,0.01726336037623405,0.08206400823466913,0.08827686385384183,0.06850335560361775
0.09368367747197619,0.0711511002884554,0.10470784137298512,0.09428832659273001,0.2697533453832781,0.060694480884402435,0.042760033551661136,0.13706991030410098,0.1258912841504107
0.16034941731024785,0.04793490697521665,0.04269354549215742,0.31431343773186476,0.013726143541668812,0.12094104667170107,0.1208803170572461,0.11998039788927428,0.059180787330623076
0.09757774411732402,0.27683616188357657,0.1611234044626982,0.07658935586911197,0.10101052466216644,0.1283636713136742,0.014849462522377089,0.12041610270821208,0.02323357246085941
0.00304990343583925,0.14210901078820423,0.04905217468726023,0.013722878110006007,0.018012693710693962,0.3525673832496367,0.27641305626438945,0.0736812018833364,0.07139169787063382
0.0024804528102759225,0.07798864874264377,0.009182339106232831,0.03805630345454219,0.0986902529658835,0.4091876914544376,0.17771052397031964,0.062000282551052534,0.12470350494461202
0.156169961006994,0.06824571647143178,0.2391184192466247,0.054833909336594655,0.12170485352240724,0.055566600763100715,0.049382761141252424,0.15495677904756858,0.10002099946402591
0.1479155705322157,0.150680284624197,0.05195438199998562,0.17810644645691498,0.0992682769080513,0.07777378974615719,0.0435665906173802,0.14380491596010006,0.10692974315499797
0.09484743094019545,0.0981038116231646,0.13034802986319263,0.1805415437760491,0.08489358703764328,0.13206787778276374,0.05860170620809043,0.14224715627382764,0.07834885649507305
0.011692810646559706,0.2252055330691359,0.022353633137901282,0.30668942955588435,0.025035696675464455,0.011921553315086417,0.1789124046204714,0.09740913287346953,0.12077980610602705
0.2294861901078528,0.15309447416320474,0.13404958909751058,0.04801447620596443,0.09170994522714278,0.04339937526104271,0.10662343497697159,0.13407337889448098,0.05954913606582942
0.008090400128660906,0.14574278238261515,0.04665916170002188,0.06559631585405963,0.11567373583559137,0.1605350545709933,0.2513232687721457,0.1339436406172456,0.07243564013866644
0.018035112123855293,0.09018434976175159,0.5262923565604334,0.034661616976608904,0.04003451442573266,0.04952605372860618,0.05624243182666077,0.12240859982008472,0.06261496477626644
0.11044856287898623,0.13754628550792533,0.1490197859771228,0.16469810541232568,0.06247092001289881,0.04950937743237687,0.08220956951041454,0.16634801343648756,0.07774937983146218
0.16959906716825635,0.19754971681825695,0.03479025662811803,0.13496638596834007,0.012526976767186095,0.12280229637214897,0.13938096926840898,0.12179090135880226,0.06659342965048226
0.0038811951227138227,0.18203663616455668,0.21767538031791575,0.07905876485856932,0.40860358063499175,0.01216648213147004,0.01188294210455889,0.05795832364294657,0.026736695022277213
0.43203431808921383,0.047289204633084614,0.11331656381365769,0.10502572426092739,0.015503222613882504,0.0806851636640888,0.03562213148173633,0.11224998895668814,0.05827368248672073
0.16413169171168393,0.1210825678108259,0.13232803326279527,0.17463443688277813,0.12884431500968746,0.03893237532136826,0.0758704009223759,0.13245744593291328,0.031718733145571894
0.06311686958242545,0.08507104079179877,0.3753697489293422,0.09793497439370395,0.04391872276420295,0.02252951027336862,0.07808980962741381,0.14481047019818258,0.08915885343956154
0.0031507843451974503,0.23127681423517388,0.1961448975874924,0.11981675622105747,0.26746109867842244,0.019015442863728093,0.05957884693182793,0.08265346976060046,0.020901889376499932
0.016044294863959817,0.30228119115909274,0.019112770170065376,0.1501343076686061,0.029347656029807958,0.21533457282901494,0.10465255004770642,0.10537094886861247,0.05772170836313421
0.47640271094733483,0.031693999891202924,0.012396623202590102,0.10111166503356751,0.018026917547029158,0.08572332109210863,0.05823014391875462,0.11159554981727847,0.10481906855013379
0.05391209556123491,0.11342824888286308,0.06384826430954764,0.09831842859950905,0.02320867672034041,0.2631633589262031,0.11249889039821238,0.1246745559962331,0.14694748060585636
0.045090683157599565,0.0942326887309662,0.15150072496127243,0.06528637384567139,0.27160683536193975,0.08247863441251414,0.0981594373575741,0.13979910797750816,0.0518455141949542
0.007251728911317051,0.31569647027136827,0.08003444548740916,0.04226889700123093,0.05298540894163323,0.19598405629515012,0.10236949672831115,0.09436504309426562,0.10904445326931449
0.12352554297681244,0.16647037641403403,0.14028430698272007,0.2091635169405888,0.12894548084950394,0.0587436516253231,0.017347627312102442,0.12293454176237133,0.032584955136543865
0.09585463999439292,0.08555834553402447,0.036878503676839675,0.07042994737042492,0.08931793944976402,0.13269062723936662,0.2281732131542805,0.13420258146637018,0.12689420211453684
0.0016530231348102031,0.30334256903524687,0.1664292494956546,0.020866130879374167,0.09258943309530361,0.17157353657963173,0.07310532552302211,0.08970572589409774,0.08073500636285898
0.05189599747707521,0.03267910397690704,0.4232077412238966,0.0242688000073935,0.013317987376374971,0.05855648599900726,0.26571768102200327,0.10513952007893972,0.025216682838402452
0.22475021353018698,0.10580562660273753,0.17982517842361326,0.02172842984953807,0.08684774144487827,0.029250864572670288,0.17309742199670172,0.13159314502327127,0.04710137855640258
0.12984240110356338,0.1027622601739202,0.030883817429648686,0.09513178614369887,0.09483223629751791,0.0393352184278653,0.12994114644083263,0.15129420740382285,0.22597692657913024
0.04508801455285074,0.0478605505113388,0.08829724536849716,0.03765791445131235,0.0304230926259406,0.44669624341715464,0.149048383733927,0.10988018970264603,0.04504836563633275
0.02996020699913877,0.08076163024826762,0.046984446972425375,0.05782481603178658,0.387662166144257,0.026046817978342292,0.15744289409714088,0.1286718757561455,0.08464514577249597
0.009024000648404308,0.1069217554185727,0.16788241481210267,0.04233055385757034,0.48530695493688886,0.010194942454591828,0.020290655030045495,0.09245945885769453,0.06558926398412937
0.059276003994978455,0.06640105945387777,0.0464202256134611,0.3787324426389014,0.05506535429562579,0.0400549755177259,0.1433137656815219,0.13694275749942417,0.07379341530448348
0.001578212950841755,0.1169803475563131,0.0505779995995804,0.20505110687142358,0.37208945468983373,0.0047592958351969665,0.04556903975355706,0.0831795228847726,0.12021501985848071
0.05491910820613389,0.10949427642317766,0.029926564287138024,0.1903226449355222,0.15816992033804508,0.0192521968383707,0.22608440771261493,0.11829221834268344,0.09353866291631413
0.2534761057530883,0.06502794226446044,0.08856671917053276,0.13189132982289076,0.02275115522649793,0.15017130723437513,0.06526239457072859,0.16399980104276024,0.058853244914665835
0.01123392233704819,0.03193255512937076,0.1985805458574342,0.22233323764787571,0.22962214497994315,0.11852715877838121,0.03207355089244268,0.09456858064944813,0.061128303728056
0.0308360255914171,0.24032654834066167,0.11070607455917604,0.2600289654775241,0.048296463821047,0.0573754617646445,0.04047528838317476,0.13292599634350663,0.07902917571884813
0.08306483890605189,0.08461404809130857,0.1432071971945929,0.10791704814666227,0.08688103874450448,0.07382992567870973,0.19418682390002115,0.15365822273314264,0.0726408566050064
0.015637862328335122,0.05182696309185772,0.6677021410696051,0.02317144849635795,0.06564812785315273,0.008177641323700836,0.043081770384882874,0.08487370463876102,0.03988034081334666
0.02765835256671766,0.0788895474506051,0.10761877831202803,0.23851960795730023,0.1726522730297632,0.006590814516756391,0.11348580802427877,0.1128823649912251,0.1417024531513256
0.0039482385068205115,0.12065088275151074,0.0831215988536984,0.3087056547704202,0.04735221628621836,0.002423612263724499,0.2774765432927253,0.08265190794201203,0.07366934533287
0.05852803124068253,0.10670918798515976,0.06321463837396216,0.05605330701397376,0.02499279188413644,0.29419177732212554,0.12230300056893771,0.1167565508794352,0.15725071473158694
0.04215700936899614,0.08842079227789311,0.06723765876739006,0.06819780268280469,0.03940433822655387,0.49262588726011663,0.046970595733692326,0.10916045037472151,0.04582546530783168
0.34217089852557353,0.1278285422785852,0.16972562038788375,0.10316861480540603,0.032961911146803365,0.023512457033631817,0.031120626839664337,0.12563246512923257,0.04387886385321938
0.09089022589404767,0.03962209222705416,0.021015171363393242,0.07427063070745306,0.19951727164569943,0.25596100492009244,0.044429789869063284,0.13311402796828667,0.14117978540491002
0.19198040600962676,0.025669157509852648,0.04973530027662599,0.0341355486527607,0.008094104691594677,0.463836358479558,0.050545365738880334,0.10942635759076728,0.06657740105033359
0.435427761809678,0.0719313614808882,0.07539380128657026,0.11069274846597266,0.0304561230769336,0.03419154914565517,0.04931595273648535,0.13301849299899632,0.059572208998820424
0.24587395953934066,0.06402868314014068,0.014637507338915787,0.11186052156955452,0.04517539764030049,0.1660296364346773,0.08202797647603935,0.12737659987949257,0.14298971798153862
0.07552606038992696,0.1283987952763237,0.10083334869356199,0.05763994472459238,0.01877694456085263,0.10742052761981297,0.2744078076684344,0.13918315033629133,0.09781342073020362
0.18149361354242874,0.11532437569842253,0.11999331285772626,0.0806927962826627,0.055628589709447306,0.1387685920312677,0.07389900409682727,0.15745263627900596,0.07674707950221153
0.20038469872046116,0.08319582896155002,0.07085259665251253,0.08931620193321362,0.1228462246841248,0.229050845471914,0.04617455580929625,0.13441749534503153,0.023761552421895957
0.00842961032629238,0.07329388816162337,0.28634071707634345,0.20751892138010042,0.1956576164849173,0.01641680287256987,0.06982074894074762,0.09339730477192253,0.049124389985483075
0.015175951926281817,0.18343768130513208,0.07076251901385555,0.04178568906223184,0.48475153506802005,0.02989847472142811,0.035907122923558674,0.08928002208859505,0.049001003890896816
0.0018685433756033762,0.06590004987942381,0.17209530418261063,0.04692172170424774,0.44374766982187214,0.059279655455233594,0.10582991457149553,0.07847993584279533,0.02587720516671783
0.004450899304577494,0.2698129491428375,0.253707203543954,0.1388706079275812,0.02837668542734389,0.03875233420999919,0.0813442925822221,0.1018495889308061,0.08283543893067861
0.3225700144834386,0.08775846568640193,0.05872015251512771,0.1750868130360366,0.05136420384825711,0.04694332044527615,0.04046404607768956,0.1324322317955405,0.0846607521122319
0.09899180794173883,0.12101605811148365,0.047988116674870705,0.3793615215068234,0.01276229649367506,0.06970045329295523,0.07228867747680208,0.12439567902734984,0.07349538947430123
0.26372878432396935,0.07930418840565764,0.07099183881693738,0.04522975610262875,0.02391843667821292,0.13029062744510972,0.18205186641133644,0.13405140374935667,0.0704330980667911
0.07759867912532536,0.1908178270054115,0.1798598076273207,0.05335714915320541,0.027112505966417788,0.23641994993651227,0.06775860242890835,0.13711928799223871,0.02995619076465987
0.020761412511356762,0.2091012540785584,0.19317279563740677,0.04184643371343416,0.07358760677181815,0.02798141204174868,0.12424689012192947,0.14235290550859994,0.16694928961514766
0.005707453472870966,0.14259493508408838,0.06327351265562396,0.2830272025675438,0.09246446890522093,0.07518059421720395,0.07117658101510323,0.12866539232620314,0.13790985975614165
0.004806279804843297,0.12191554834828704,0.06193941648566812,0.24447998041795715,0.12194560010552681,0.10077620985212853,0.21142215194078806,0.09803711658906084,0.034677696455740224
0.0028591155136852005,0.090140349937279,0.037639606797560704,0.05551588371586159,0.019138470893583476,0.17764204704091968,0.32760024484222466,0.08728361144807646,0.2021806698108092
0.009329011187532424,0.06406828643336335,0.045367344260248604,0.34798851561113203,0.37258244049781,0.033882624797699164,0.026423688243610455,0.07279115948975216,0.027566929478851882
0.2124119087492893,0.08441689611852726,0.06541429475319786,0.232821719635579,0.0370057376734054,0.08383592122836536,0.07425774232420053,0.13617887686639382,0.07365690265104136
0.22867746208851145,0.08207307658137,0.08989671172865199,0.14444708918569435,0.1009887069419678,0.11479086105645202,0.06496886414327557,0.13365750732700263,0.04049972094707419
0.00710984473387855,0.05738286675814897,0.5260794934370239,0.22962689010153672,0.010800880509292628,0.008985584424951799,0.057645391657318024,0.06605882622865067,0.0363102221491989
0.1318787853945539,0.12428806004636767,0.11262014602940466,0.1133889378847157,0.10618342929343323,0.20047349221648633,0.045774451320989944,0.13588770288155197,0.029504994932496698
0.02209096042730198,0.03811820243310062,0.1190856536303423,0.16545203141046527,0.021649967850128012,0.05316941771607216,0.043258158487427645,0.09074386412578934,0.4464317439193726
0.1297484769848755,0.0942241648940098,0.03496417421433729,0.15727674333510006,0.09226694752776925,0.035018479884739884,0.11334245988916496,0.14455704831540647,0.1986015049545969
0.39342196693344195,0.05791343039956476,0.028688098633460588,0.13818878280174743,0.032341125061972655,0.08481589247745742,0.0868994500852515,0.12556184284229807,0.052169410764805614
0.11958268935000398,0.13296301534157673,0.12746133865916381,0.21322168556838236,0.03993372925971179,0.07003048371993387,0.08747625483955257,0.14176697975503688,0.06756382350663802
0.3197903853634519,0.07732495254130355,0.07157135263741839,0.08458708853900203,0.06118826715694687,0.16170089764060028,0.043682695053662235,0.1377537570135096,0.042400604054105125
0.025937797029543287,0.30835222030283566,0.22840728265449636,0.041172549083607866,0.03001978766991165,0.03596474340619335,0.17910922821465433,0.12393957957828576,0.02709681206047169
0.007197097327789132,0.09974898597710674,0.017142434242650145,0.303587242930153,0.4389103262337298,0.01044023914339911,0.008369313827888096,0.06467420967053726,0.04993015064674672
0.006297246114729561,0.19166493481108046,0.11798805130124661,0.07097560310714061,0.04630587228957032,0.30467484178764653,0.08349062622538657,0.12774606765185134,0.05085675671134791
0.19669105025312159,0.15163087230077785,0.0901031754260243,0.06279190394366312,0.04249019852236994,0.05050443784648462,0.17287511929895252,0.1796826045742688,0.05323063783433718
0.23780804409582898,0.10697842448005523,0.04341545154658758,0.12266231633916341,0.11781445558710285,0.04535657999946605,0.040594415391014736,0.1442097811002271,0.1411605314605541
0.15402714574650456,0.05991601925379932,0.12705596342235292,0.22175247678294166,0.1318115181110839,0.031722923562028424,0.028197833693126926,0.12903518878146786,0.11648093064669436
0.2113830593952738,0.1855665499121991,0.107155588871356,0.04725868322475011,0.045169865873068066,0.07260402943318237,0.1581154956976932,0.1307057790979425,0.04204094849453487
0.40644574796743144,0.0741354137515046,0.08192593794890345,0.07451083049356637,0.03258790921271386,0.06612044248469735,0.0617825690303197,0.14112067482064772,0.061370474290215506
0.0459286974190882,0.028999635696317264,0.3080266131208505,0.044826564876146925,0.012683898154461323,0.008081618371690058,0.3788520845856113,0.07961368777007233,0.09298720000576206
0.07100021033513519,0.07156822182839306,0.1534032277019585,0.1509691630470449,0.08199811648705883,0.1646700595632158,0.05392624310074526,0.1514570723811718,0.10100768555527662
0.025937797029543287,0.30835222030283566,0.22840728265449636,0.041172549083607866,0.03001978766991165,0.03596474340619335,0.17910922821465433,0.12393957957828576,0.02709681206047169
0.11614954092510772,0.1181519418428989,0.13598018408008483,0.04654232292976119,0.03003463427851194,0.08143447973833184,0.20653248304341446,0.1567490605251158,0.10842535263677323
0.02248828908500056,0.152491600410362,0.014053137930489144,0.3032556686291104,0.05445825275115181,0.08406919293404098,0.1252462051324784,0.11252274395684135,0.13141490917052542
0.1240225431900623,0.08920972222140573,0.3818856771109235,0.05086606894842644,0.02821565741029762,0.01840517326402608,0.0672774597574972,0.1326870388702753,0.10743065922708589
0.0011633322974678036,0.07362092422251612,0.1922984622019893,0.034913163498977044,0.21449720461444247,0.006873006426414525,0.3493811081304321,0.04111988267149178,0.08613291593626883
0.013802833709864468,0.06584466007639332,0.14737867098241428,0.08839420577079442,0.37602807566960134,0.05399678090541913,0.10858429850041694,0.1036467624924764,0.042323711892619686
0.0015618470525281625,0.25612939168229937,0.04043197154573382,0.14659812290598723,0.06752445455384791,0.0275936061503973,0.12954112285638356,0.07755624053360133,0.25306324271922137
0.03595756001775185,0.12084434006067772,0.1074623308539337,0.11383645645366709,0.1579628782804177,0.033553074273962306,0.2259621077968105,0.12755894497016618,0.07686230729261294
0.19287125485958523,0.04178384976968447,0.03145747099352655,0.25137692659453204,0.017757638402882265,0.20121539661994348,0.06024946784610182,0.12346276648024762,0.0798252284334966
0.29388030542663585,0.0841355525854815,0.1298790709323645,0.08497018713914128,0.016738607704423838,0.10596292321350657,0.04186217989144289,0.15461640800891538,0.08795476509808814
0.009389352402201553,0.3214592379570474,0.01705637104181096,0.07574839246889971,0.002826909132059305,0.013675493591619561,0.4022831621973215,0.05219244576289544,0.10536863544614457
0.06896941776701343,0.10503388635924814,0.04513953363723303,0.12239017867320474,0.0655400718225752,0.18332583170202335,0.16170371165630254,0.1562286018039276,0.09166876657847195
0.008535929868152556,0.03367598743330347,0.05690305591309016,0.3111369539032734,0.07504353190276283,0.008766882431983704,0.22325142416185706,0.07944500436334999,0.2032412300222268
0.007981290448862281,0.2071053343497037,0.06069127365640047,0.2789253909130445,0.029727582532269665,0.2999500332683787,0.011162409094441767,0.08388157656272809,0.020575109174170835
0.011182497564385932,0.21975390174042828,0.34582852216832505,0.05910387493512422,0.07845475686665333,0.007263890101685363,0.07081520491547942,0.10244498631854293,0.10515236538937549
0.013004567303658447,0.09105932729883641,0.35286923378011587,0.041896794157229515,0.3004908869856123,0.05097365584196969,0.025964391329980855,0.08529728733200997,0.03844385597058693
0.2434525741640283,0.1263621107141583,0.09571473553062014,0.029809543710532908,0.12284630126051312,0.03108187334534268,0.186456553721145,0.11579934699284337,0.048476960560816164
0.1424432474673744,0.0989583043099319,0.06772787466099847,0.08249783607277049,0.024569920868338407,0.3564314072806667,0.04527520729677798,0.13688820664683804,0.04520799539630361
0.4081237534248449,0.045737111583732594,0.03590089106570759,0.08087255976188051,0.024903494930422987,0.16214084226900657,0.05804781612603696,0.11808640105902131,0.06618712977934664
0.04920710091717876,0.0921430734591826,0.05206913252883816,0.19238161630184777,0.10468978247019096,0.08685376785598148,0.08097075435954788,0.165362380319839,0.17632239178739342
0.0665874374821037,0.2236486839413221,0.028285382505578955,0.30956570379436427,0.02306332100807242,0.07561976020247808,0.07369147185540843,0.12017831695058913,0.07935992226008293
