0.03107975086059465,0.5039934320128072,0.04151448134386051,0.014946786658100989,0.13453029945610595,0.049374898249499775,0.04863470361839454,0.1262157788113768,0.04970986898925956
0.30914903069264016,0.13287605237405353,0.08831318732257637,0.015307634275323468,0.09308070575958272,0.09062216447537452,0.09879339141997567,0.04407688819315422,0.12778094548731933
0.17786052934661614,0.0371146600294253,0.09879952889763427,0.10575754289748962,0.13459027195094386,0.018130938826627474,0.14957092805170552,0.06469560312583568,0.21347999687372213
0.0986307467037801,0.03774365338369969,0.15254385255263844,0.139679595460412,0.16757671772027916,0.028224061040514937,0.13425530859112167,0.05846564969154026,0.1828804148560137
0.056601798577792795,0.1477720552712847,0.09329074852469478,0.1028998677646727,0.1309798701820377,0.07518086905750561,0.1828421354481957,0.03878175544873195,0.17165089972508404
0.22868475548577352,0.23333706205295937,0.08157344283280511,0.05240450891700715,0.09127747761869841,0.08091034070721892,0.05328384193492002,0.07426725479456414,0.10426131565605327
0.06895842080736124,0.09677108546994184,0.09051801090461321,0.1203720403861117,0.12195071252962832,0.12917678019488035,0.21023614610247643,0.05084274795325966,0.11117405565172715
0.11473377950983986,0.12571780608595987,0.09143789385394917,0.015548762027043877,0.10141952107081181,0.081163693879706,0.12459387614550661,0.09013476355146628,0.2552499038757165
0.008867330437340669,0.05755741834047983,0.03282614370358405,0.16501521900153007,0.10328410930418667,0.33328267017995256,0.1135363416540972,0.11993303455891251,0.06569773281991649
0.0766552218136654,0.18727517443345695,0.10167917847124536,0.032350123424152326,0.11012766111419363,0.23885125194288026,0.08338694883196524,0.07886640247514035,0.0908080374933005
0.20350952755621146,0.20499981045745472,0.07616137586463198,0.035437232211021186,0.09555693790483055,0.15896171676604584,0.07091275207255592,0.08628797624443323,0.06817267092281516
0.005197917160754833,0.10740805915491236,0.06366295577044907,0.2578176749156698,0.11195050884779834,0.14384858315310786,0.16624408334465024,0.04981504323810304,0.09405517441455447
0.003176435237741445,0.060437040830843246,0.264058740027262,0.12162228544110164,0.14170813823369485,0.08390915699792316,0.1593868587751477,0.07567606258719846,0.09002528186908759
0.22689978445046832,0.08849323992987951,0.12499694724457942,0.019840531117827007,0.1329294972649957,0.09484954833133903,0.15302342954588777,0.03297695469720394,0.12599006741781926
0.20576787627229745,0.0928331015492398,0.09392095191150777,0.05164481787701419,0.16098772696091512,0.03251873958336043,0.13286078581049746,0.06834064784408435,0.16112535219108345
0.13749280017714768,0.07818870454524869,0.17729685386481173,0.1324566534726517,0.09596416691833248,0.032903796920362716,0.11056557403773563,0.15422183737368322,0.0809096126900262
0.029181310550421464,0.04214766892731553,0.20076075190977707,0.04769590313250866,0.10339385820032854,0.02913030746347303,0.12882813849872596,0.26121048710414496,0.15765157421330475
0.01595322438997702,0.20228885737151206,0.04466377813873087,0.020873093295934567,0.20145233685711408,0.15654669811291402,0.11130414076353541,0.1658900849877022,0.08102778608257982
0.04405177607029633,0.1502132011367576,0.03786821102016188,0.04720986342406525,0.1481466570987965,0.292728394301746,0.15160058061129386,0.05103363732556467,0.0771476790113178
0.014249147746498098,0.0510730405813881,0.10742655821937551,0.07189383851856329,0.09347020642186915,0.043688978994029314,0.09676742319884572,0.42852234658110677,0.09290845973832416
0.15208396119868461,0.31880412114283213,0.0690857928825453,0.028588578636181746,0.2131018796143075,0.05771418271682186,0.07867525133991889,0.028662953588104348,0.05328327888060356
0.0024499940717695244,0.09846844867228055,0.08881217108390638,0.08455612439621803,0.066452926333838,0.41020004076073363,0.053331972328469444,0.03453117517196141,0.16119714718082304
0.22012800367738758,0.16593701069433386,0.05807346676145265,0.04740979862657362,0.11666781150375594,0.0712807868461605,0.11700180674668788,0.04467309945127334,0.1588282156923746
0.2614150448606703,0.08091719229548694,0.07568414597900423,0.026066637887282695,0.12721044955901936,0.08272465376201825,0.12461341580243364,0.07145837540546801,0.14991008444861667
0.07111692915776203,0.17748408522730322,0.09026388685913685,0.031143278538967766,0.1320858762013802,0.1606784540463595,0.12430111412943902,0.04898587273287195,0.16394050310677935
0.3990664031030077,0.099530557165178,0.07371021653887701,0.010873200801740035,0.08923023053493513,0.07835169320321024,0.10568089108405004,0.023198070352155566,0.12035873721684616
0.09766832108706458,0.06569677463768897,0.13625760144689755,0.0322573569569728,0.1684699149667553,0.04001184155572076,0.21693216525556946,0.04575747749450609,0.19694854659882452
0.03629318331411644,0.08426557823210946,0.12912005732375728,0.1018451705193868,0.10252569389481281,0.08346443763460375,0.11306939956958323,0.21481177150260908,0.13460470800902113
0.010444538029147354,0.012567599308942601,0.03775782665245381,0.11130457845556112,0.08646845657106124,0.5267023118927915,0.1330689671765778,0.027718103203659843,0.05396761870980471
0.032424088492549186,0.05634309222101763,0.08590041562650956,0.0704684866080663,0.12106231328922616,0.11107521387219516,0.1864759013866236,0.23067097050975485,0.10557951799405756
0.0014062707931300864,0.28228681148070833,0.047002102653447765,0.013020024068466633,0.05528857601896852,0.09933901766478603,0.15700367145897032,0.29203637101124746,0.05261715485027483
0.3421413705955431,0.08929633142162463,0.08637079147936577,0.02581519601830923,0.07390210690647984,0.05988730086611249,0.1867068497041181,0.04497861024771498,0.0909014427607318
0.15667844767765451,0.07576541799658147,0.10597529840015414,0.03549934352735235,0.12457698505731733,0.06959702817997446,0.11359750766729004,0.16860523769543947,0.14970473379823612
0.06668409888190513,0.21238667145812484,0.04481272707790577,0.05808377116985109,0.25345374164190365,0.1148401478426101,0.08126956481888702,0.10392580625166548,0.06454347085714694
0.0705992303061308,0.09365569794662704,0.0901550624189224,0.06098784120528957,0.0972992784073754,0.08576420685501755,0.1110429441797533,0.3138994551438896,0.07659628353699423
0.022754573689601352,0.014730423540118076,0.062158982670271305,0.26429455408092073,0.12743891621276407,0.18210587145284182,0.12074702229819262,0.08034059732758138,0.12542905872770868
0.0051467679660669625,0.020391337007886163,0.03521128387967371,0.06951870107932047,0.09008129884568998,0.45487165671792007,0.10472420079031293,0.14102875984223498,0.07902599387089476
0.20154335342161503,0.14622107381464047,0.0935490243855337,0.02770720492101887,0.12091615970927327,0.11553680067471118,0.11965244535282997,0.036621006520421495,0.13825293119995594
0.04746842996777632,0.1000517015318007,0.1181445321199416,0.03168069037036742,0.10986082369214394,0.0865448853706531,0.126723672861465,0.26647930914694284,0.113045954938909
0.229326815610877,0.140818086502068,0.09025936588213623,0.048279677290193584,0.1047061338087548,0.08455107887147789,0.11147718065036838,0.035343571209735504,0.1552380901743886
0.1640125106776419,0.2106101870781342,0.062370888266190784,0.03135021540735084,0.08655908947138763,0.09735550817167328,0.1744053148692192,0.10711916441513318,0.06621712164326886
0.2724988688682042,0.06575839363412253,0.07834963475783671,0.02460144283692998,0.1344006124612708,0.07208060957412489,0.13536743608381338,0.04642016088294354,0.1705228409007539
0.09141742458555928,0.06813436658389899,0.1719430907791575,0.06469453873081348,0.13045621341623428,0.03791291017705145,0.10450499885003388,0.10961686439870329,0.22131959247854785
0.12545954393033076,0.19924491381941037,0.098755655347053,0.058461592028739,0.10052889749938924,0.0951331253240212,0.2072343231451007,0.026449468297832807,0.0887324806081229
0.006556834304017034,0.03575450180555242,0.034702075649363,0.026760195393442487,0.10598667824334819,0.5263189624401956,0.1309167687881397,0.04058063798531608,0.09242334539062547
0.00518587170457849,0.1935794976745405,0.054207352117656094,0.012130954633103022,0.25344141923857194,0.031168237212047204,0.15313821921161389,0.20358430541775432,0.09356414279013454
0.0032082523211266352,0.12681886745016951,0.07596477425305691,0.04208287760836484,0.045971036159203595,0.1940382994620284,0.053198516383243875,0.4216374409333072,0.03707993542949913
0.06928977380276712,0.4594511721310755,0.03764683334009305,0.04196083935064621,0.10559379028167776,0.12705173282947188,0.07036357279419037,0.04871987021287927,0.03992241525719881
0.13687899362927639,0.2112583175627661,0.07133372151991638,0.04874900500038438,0.07018829131668143,0.03852793166419271,0.13040030377765097,0.13744139523078114,0.15522204029835046
0.09175519013604101,0.09795968010544498,0.2135916786038683,0.08446632570293455,0.10895854826971885,0.061834869772752876,0.09073688612876026,0.1024580042227405,0.1482388170577387
0.0221877608704024,0.15623103270433739,0.26788457383076675,0.02447034568455868,0.09784085105010261,0.05302383930939839,0.10434872786624032,0.16224083925123284,0.11177202943296083
0.05982593097065809,0.20634673817742896,0.08709634094234248,0.07887259491511052,0.18825076134472266,0.06443470865710556,0.1446267012319666,0.029348735777662643,0.14119748798300247
0.06518027955844226,0.053090039054447195,0.21031639789980802,0.28414557961738346,0.0646009222580135,0.019249796548554392,0.12067302259425709,0.10316503857502124,0.07957892389407283
0.22027800066798178,0.086655779927835,0.0642196621631838,0.06166538602136314,0.13538800974115178,0.0754148183286214,0.08557349192752169,0.10047772259289568,0.17032712862944574
0.07587327125047456,0.134500884200049,0.10050191998674592,0.05628983165473631,0.1320987358175635,0.12364298050514098,0.1694331797931996,0.03676959324184242,0.17088960355024763
0.18829723828608882,0.2759367453751416,0.05383999183841857,0.03259154447494598,0.16280446813522928,0.05236334852904362,0.08731449222790964,0.03982250111861717,0.10702967001460524
0.09673619308820207,0.1143883151904345,0.14606134204708573,0.04309988739489545,0.145037431185011,0.07927863982666115,0.1918630329785959,0.04655316693720133,0.1369819913519128
0.25943069908992616,0.10597163370736379,0.09610487162113572,0.019764385791076474,0.12321425410212901,0.058148015749549975,0.12141195319335474,0.05605691145850797,0.1598972752869562
0.026863644154365818,0.06766807154885038,0.11638389473698563,0.08158664083708785,0.13286457696317988,0.12328074343393454,0.1366908405229935,0.1696983859106671,0.14496320189193534
0.20625159226080006,0.05885821872866361,0.09060449360586231,0.037771106003197184,0.18152909978714193,0.08444948764100041,0.17075412508801088,0.016294637375058013,0.15348723951026563
0.004219714182091345,0.156938613860443,0.23156254508092,0.09352983546250264,0.0769740325255266,0.07059941012574038,0.0679256318027008,0.22915529176705482,0.06909492519302042
0.0241580277551299,0.2340605674974591,0.05436085139853098,0.09303835893133498,0.16157970304247368,0.28743313013847965,0.06027351177032116,0.0338003086145165,0.05129554085175394
0.0027278830261550577,0.029930336949621505,0.02719288764650768,0.010434855673970058,0.08041107759118175,0.3745074069880867,0.14012547065468886,0.23955171006393897,0.09511837140584944
0.265770523297077,0.07611407243127685,0.0790951249638145,0.031547542812949095,0.14374140557382734,0.07882219068765728,0.13050035544459948,0.03185547214150065,0.16255331264729778
0.026990166260717836,0.1424685891891022,0.3314093151789669,0.062463064307381216,0.06326888274425772,0.025915393746007584,0.10434301648731802,0.18149540421750218,0.06164616786874629
0.0216079318132978,0.015404010056181685,0.09235651977167571,0.48654920789910533,0.11032570581568402,0.06123031650383032,0.07936516199753205,0.026665122899903342,0.10649602324278971
0.16252736492722863,0.05809049872564064,0.17353412414499636,0.03460215126324998,0.12624449404585222,0.045605482931874226,0.13635513900174992,0.1170227524440703,0.14601799251533762
0.06360805332766192,0.08926319533149489,0.1248161442143043,0.06819584547822002,0.1708092373777953,0.04621712021252004,0.18452715227798425,0.1471912052492609,0.10537204653075838
0.0051414489008817935,0.11129877900717199,0.057245081326252,0.026110558706433296,0.1442737125849253,0.49722307155895457,0.07390827044013587,0.019680267397811466,0.0651188100774337
0.1609678528563759,0.18043554102771833,0.04862638612284875,0.024004628854360666,0.09818882255550004,0.15061726925862465,0.050907410336871184,0.22048738919071317,0.06576469979698722
0.13263712753641235,0.058957407167721965,0.11922731156277981,0.16042988739921557,0.08798995002430916,0.0292891742065764,0.11288871259565199,0.14558083382634524,0.15299959568098742
0.07047948729740898,0.023698224978510127,0.030297857079629367,0.2505494440554315,0.06650381999110323,0.14448001655226453,0.1835992388930557,0.18497946906690912,0.045412442085687454
0.14787649886289966,0.07040121554821226,0.11236481168962942,0.12140570514599557,0.12204630804009849,0.05450134029929723,0.14866203082629192,0.11282380216383765,0.10991828742373777
0.02813687031451398,0.0971319726929575,0.10414067729937089,0.03305213350873748,0.20949306620104288,0.025977020608071704,0.10043784155298578,0.2569589957307976,0.14467142209152214
0.03626737089470644,0.054752264120184725,0.17685440162930477,0.028793785416023673,0.1112633589382253,0.09710109290738456,0.11846840384721641,0.1903918509134758,0.18610747133347835
0.2693492513927182,0.11488159659731012,0.07543536049521053,0.03960367269845677,0.10346757043548475,0.08757279243580822,0.08839804517718508,0.032442202020702124,0.18884950874712417
0.18538208936731604,0.039089100973701205,0.06810112305205981,0.12869662276776228,0.11506221566661627,0.07167580418757669,0.17665191767444122,0.02284970044183615,0.19249142586869028
0.30070325936628145,0.0487029851187673,0.05185785597152168,0.03914594050039519,0.11467625331515642,0.06090750675303528,0.16463405161582356,0.057137935112066295,0.16223421224695284
0.056085026420744116,0.09384073699974049,0.11685014935654275,0.056963062169285594,0.1080619487673861,0.05772447514401108,0.17044452643727614,0.22110661566905065,0.11892345903596313
0.014743421646544424,0.16565976475757996,0.050579353435559915,0.2543200115227788,0.07885709337488733,0.26610406153645877,0.0997900011916974,0.027667098498915372,0.042279194035578005
0.08251508223220934,0.1100358552892045,0.05446329681918025,0.02301498030028445,0.10656130303029814,0.19321483445141965,0.16072442729603117,0.0546032642772627,0.21486695630410982
0.11621893175931582,0.11928939838685475,0.07803386884395164,0.01562058647678941,0.12509494250372963,0.23344209406241204,0.1555285838545533,0.03888463914310717,0.11788695496928618
0.1731980031212711,0.11894615447553869,0.07533349264068466,0.041539441359265045,0.10835612828246788,0.2558647777134397,0.0676650566807283,0.03255229953500317,0.12654464619160147
0.06487663039631918,0.0677078875290566,0.14703897768183283,0.06751828821213618,0.15798343891399078,0.03831711614724893,0.18937202420109822,0.08354594996287369,0.18363968695544367
0.03282873790254701,0.04038670128222386,0.1036948715540426,0.37383260666535273,0.10313635164801442,0.05716451731829663,0.1402008606815499,0.03549057700252834,0.11326477594544447
0.07103860533461791,0.11418310170025203,0.12231059560393863,0.10727424083553876,0.09673751460445161,0.021883820086939957,0.10432144071346401,0.23387962752077343,0.12837105360002368
0.12429106138014219,0.13235231975859865,0.0863946898488724,0.047493106493831344,0.09408257115655409,0.12576342868341087,0.1148990296803261,0.17854396192317198,0.09617983107509231
0.14189657429991662,0.08904716864437341,0.08898933901183637,0.019625632864316758,0.1615817795972254,0.09751586426799862,0.18980495023229196,0.028075597497066705,0.18346309358497417
0.09783728293155507,0.13826863206540826,0.12011766391490009,0.04061183973778116,0.10546369415194261,0.06317408225723449,0.21099028994140448,0.08869050726151706,0.13484600773825675
0.1626617152849099,0.14947649662698684,0.047927934877276035,0.07755272553594167,0.09690564781870915,0.22922993756156165,0.0567985992372658,0.06149442197774965,0.11795252107959923
0.2859900570210379,0.05065677539298682,0.11758441365321748,0.04738678633798848,0.08964675684457872,0.032726140463951565,0.08080444186952422,0.1501166985214075,0.14508792989530736
0.023924468216530378,0.03813134290008927,0.06567363823690808,0.1394968372025937,0.12639110234695106,0.0879055578339485,0.08272938067169526,0.35370409332399183,0.08204357926729204
0.02192354900505607,0.13811267743642577,0.058243075949376145,0.2058468257589583,0.0804501996171511,0.07383672779957993,0.12424267419232589,0.24582105996018008,0.051523210280946696
0.2396824985894005,0.06339942562140624,0.12358137805001758,0.054891839406414476,0.12221782148280262,0.06453918974038268,0.09491672270772455,0.06389837296762689,0.17287275143422445
0.16566686674545503,0.07348809127289681,0.15373961142167322,0.028662590577685162,0.13517422032055412,0.08159071149426671,0.14342881381241002,0.06001233637949666,0.15823675797556228
0.1038914389051452,0.08344386120917192,0.08893951658060723,0.19092747659343468,0.10366372645421129,0.06563061539443307,0.08421094885870328,0.2090764576785178,0.07021595832577553
0.20303686306108368,0.1276988100446478,0.05391850583689268,0.08779898849786083,0.09774956677295145,0.14184286220850373,0.11950679122383971,0.04777535858769549,0.12067225376652464
0.15534218387311144,0.1711031271900918,0.07020771509253547,0.0471853317329902,0.11783170908433423,0.15564221247391,0.11403730102821813,0.042534129364620775,0.12611629016018797
0.1126824824051615,0.08963579866794368,0.08841132912467502,0.04074923696989258,0.1972906815080264,0.14343804474296765,0.14927454839994192,0.02875341038177348,0.14976446779961775
0.02792555326716951,0.10358427762529121,0.14250495517601186,0.041974656189621186,0.24190499378781172,0.06852944926213417,0.16460801563402486,0.019898135091616986,0.18906996396631848
0.01006262556181966,0.07903191854044754,0.0716143637784664,0.04573941782523402,0.14794388434180253,0.1298494098285176,0.09215523165959665,0.35558173519704434,0.06802141326707128
0.006837852508669517,0.03385080323661831,0.0584392318506152,0.09511946230129938,0.10859720028611185,0.32400119145907985,0.21013755915810287,0.07289956003050359,0.09011713916899934
0.06541369244796967,0.04312453862120997,0.10220534052928443,0.06763560016978822,0.1665588800081147,0.11875382783324624,0.23544470883683188,0.06910308094654356,0.1317603306070113
0.2854091588993584,0.06363462588104349,0.05702690291467378,0.04841786359163098,0.11525322305278951,0.08284951505764165,0.13580210104611665,0.146834099740882,0.06477250981586354
0.26417592986038163,0.09492809865928527,0.08503185221673558,0.0600273648376213,0.12760429765669723,0.07163601946643403,0.12321984211534638,0.053996397798264005,0.11938019738923462
0.24945458253288458,0.05861597647092362,0.10308625139347605,0.030535549971328502,0.13306768528015459,0.05069265523791771,0.11104358971102217,0.051387976112938445,0.2121157332893544
0.10799721373833752,0.08492978509895872,0.05002415234344376,0.12829147006197164,0.08129887702651682,0.19466523905237518,0.11018398375167611,0.18898834268243983,0.05362093624428044
0.059088506668565834,0.06938088932046242,0.10594716230059104,0.12692091189493585,0.11687815250029199,0.02091022124597956,0.20355272026043378,0.18311505043623155,0.114206385372508
0.016423549150125404,0.0608892045187126,0.09794065555368638,0.2333849715693345,0.18291434622066285,0.06639549689384033,0.14671283904118734,0.06489776475536942,0.13044117229708105
0.1357707788180926,0.15556367185959685,0.07203170643677927,0.07374037206596855,0.14874161723240795,0.16346017772353985,0.11621335058659198,0.03358219395673392,0.10089613132028911
0.40783712123134164,0.11241109477897415,0.039422496991461047,0.05566834834452544,0.09960710402388974,0.057644035821108254,0.10568090550917482,0.02831234780833682,0.0934165454911881
0.05921214940344593,0.029637101225606283,0.22835614736549983,0.12823606223764586,0.11331501085665534,0.07041866573202056,0.15778304386496247,0.07719072998367515,0.13585108933048853
0.006217417419219683,0.03158906500694409,0.07788298807925376,0.10141392420910951,0.05786681738660404,0.10897681681364019,0.10323302255862021,0.4199021726734407,0.09291777585316781
0.03799684571607565,0.0972751188535823,0.07600867702416068,0.09540821515561342,0.21965544851458774,0.06403836565143257,0.11305826006246121,0.14345759989472426,0.15310146912736214
0.05450301969019711,0.1720403167761395,0.05749080631379761,0.06174573981012233,0.12043610019846263,0.17420587471163354,0.19016546246540844,0.03102855872390829,0.1383841213103304
0.1046398460566436,0.05601494408390443,0.15165974021909787,0.10727191334390575,0.1755680832996147,0.03425420396563631,0.1526577668993686,0.05268617626681275,0.16524732586501598
0.024268370296163962,0.04123946430355183,0.11921702545187396,0.06705659822229097,0.19511279830212833,0.14921662659238732,0.1965590534978833,0.09146208944284294,0.11586797389087744
0.13875805043271597,0.13455980530674969,0.06036676730611923,0.05216934122611857,0.1713331058767118,0.15214732421180568,0.07023303364036824,0.13947469228863563,0.08095787971077523
0.4733508672075717,0.03806726668646499,0.056665232536203626,0.03457306055007778,0.0887335708567339,0.06255026537888808,0.06443013520554745,0.040827630584885005,0.14080197099362754
0.01758571001636719,0.03126532473607873,0.10835610200487962,0.037636433124581564,0.10584922438102022,0.044668736392634655,0.12972534579188577,0.42332381240806743,0.10158931114448484
0.2902518191443026,0.07491313087931083,0.07891501375922559,0.10092253894196941,0.09779865892153818,0.06009463934265094,0.12358016836735507,0.06987919495599922,0.10364483568764819
0.2225701271434101,0.06655454808743161,0.08162408437713554,0.05404372849476862,0.08847601819758427,0.16533394800695786,0.10091919209910599,0.07706091804359626,0.14341743555000974
0.009326357115128756,0.036486989038597935,0.045260663493108026,0.11878819079327564,0.08517774475130312,0.0753716388870817,0.1022247700913979,0.46304929595401356,0.06431434987609329
0.033050558776428395,0.3139541073430921,0.043595185259060844,0.28508620927283795,0.13847051958751988,0.03698155187662253,0.06094187383829472,0.022899292907701638,0.06502070113844179
0.022090861370296328,0.07633470385526177,0.1045267628635031,0.10098672603510495,0.10549510408415393,0.15208527902695498,0.15535463927578777,0.1531246950305156,0.13000122845842163
0.16349024105452606,0.042933318165998206,0.08252771045724143,0.16146015845964198,0.11550109455003625,0.01637971535033674,0.20051109324941263,0.06424920424726661,0.15294746446554014
0.02203114906679764,0.08919036413240204,0.07024196348843344,0.058570557051902984,0.12276969880668537,0.1250413911448985,0.2539007743006814,0.13785051104173518,0.12040359096646351
0.014140839489812493,0.047540321551996834,0.07601897829407032,0.131769466118686,0.06915057677115743,0.035266577195821776,0.09711821267509176,0.45094312058067415,0.07805190732268928
0.01652946795666726,0.09213543122509642,0.12315474688258171,0.2775175090465496,0.17509521816294252,0.03352204603316388,0.08958277555185264,0.10952427352860539,0.08293853161254063
0.07659703400315529,0.17785142405210097,0.055216762630010546,0.18163221024660062,0.10489515388390118,0.08714362888085823,0.11524361045922138,0.1459996260562079,0.055420549787943925
0.12020765644491278,0.1512144425651871,0.0678897622237294,0.052389788187879406,0.09762246821524771,0.24020862409675658,0.10586282746393123,0.04667544622260441,0.11792898457975132
0.20835141323434245,0.11986495754941018,0.04593762527049572,0.14824733810636068,0.08989432072764947,0.16796695458618172,0.10575817514745572,0.036076736948983536,0.07790247842912054
0.0442082224830399,0.11240449232116984,0.08513492787580501,0.03089063959968055,0.13174090053681412,0.10971108496058025,0.16897732232777796,0.2347277996731306,0.08220461022200178
0.22240647711391473,0.08632229356963633,0.050989058923540026,0.08165767888903015,0.10806679334756782,0.14583019862039792,0.1383532845229599,0.03559348279498939,0.13078073221796369
0.06435114808616312,0.163574633123722,0.11084917548481105,0.03833141603216382,0.21035377386201473,0.0568642043986812,0.1952084250761594,0.017612967138285286,0.14285425679799946
0.2539080441326687,0.05100019340005222,0.028765634871442847,0.2151090430476389,0.036022614431684606,0.21295062118937394,0.018542206882467393,0.11719041474131027,0.0665112273033611
0.1609829974434664,0.26422325263991786,0.050912491121963784,0.05707205991478934,0.10414205768944973,0.14460428979772602,0.07935619851787017,0.053620172139736404,0.0850864807350803
0.23456819224576486,0.17569005811963548,0.06811917505851779,0.05207272522952152,0.1230123074299277,0.04068818126383943,0.059832836464892375,0.15157839669724377,0.09443812749065701
0.11315922430632752,0.1910212202372983,0.07641223075636194,0.20104809860358097,0.0634930992368833,0.06779064907892833,0.13836281480368745,0.06848415385918483,0.08022850911774729
0.21387068051329736,0.2008195730940158,0.07019500302455457,0.040369214103286644,0.08139124855195883,0.13290764027305002,0.09784487993526546,0.07309248713725391,0.08950927336731751
0.017458898514258556,0.05185305894837774,0.0739516993023391,0.06825632067228316,0.12404028405110719,0.28732382559065556,0.14869085857275707,0.12447245069939021,0.10395260364883142
0.028575949533013095,0.06805335890943254,0.09699150898896754,0.30447334453696073,0.12196782695737525,0.0710818436782307,0.15449430224826893,0.038406081831179904,0.1159557833165713
0.2122281461339294,0.15748376499954417,0.04570101289077222,0.0372220308783906,0.11630541051252936,0.13082169049841308,0.11339596323875945,0.06539217621426384,0.12144980463339794
0.04966926246371663,0.07572752977728743,0.10095613959452426,0.035264947041329604,0.12264000511856898,0.09316143692642981,0.1119185260176311,0.28181052218895175,0.12885163087156046
0.0419284214825702,0.08194187550317127,0.16566278587259384,0.04791339463942001,0.13506067518463816,0.08138722397627496,0.13510271106767505,0.19377611844722933,0.11722679382642719
0.0064939582065990376,0.09586652707146776,0.04575217339627671,0.04258042674463088,0.06163245230085557,0.22349112683375172,0.1149877546115836,0.36023880844458417,0.04895677239025061
0.2736294800061771,0.06880046290592039,0.10834812779742992,0.022027921881034616,0.10089427845982361,0.09387739407681406,0.1186039816020692,0.10841882278367522,0.10539953048705586
0.1287677757895958,0.12565886856632322,0.061410183055651,0.02921154439692838,0.09420162370818426,0.0698317123839155,0.23368533722378024,0.10643105971282274,0.15080189516279882
0.10527623828398676,0.1955091239162231,0.044795274847169365,0.07051014571672148,0.11387116674803453,0.12073583049829957,0.060260362654907064,0.15493047452089645,0.13411138281376175
0.19414739736414113,0.0524019022515389,0.1453668644170734,0.05955963898953637,0.14826797386826918,0.07492737882432453,0.11427569726668742,0.04414972432296956,0.16690342269545963
0.2885093923808531,0.16413499578397675,0.07537480111456131,0.01919016404078053,0.1085278720586834,0.06376423270349274,0.14895434283137107,0.016730935242118754,0.1148132638441622
0.15529606206871738,0.06306614351409552,0.15731703633483432,0.048319463591380486,0.10486364161797045,0.062372076304214576,0.15065517204269807,0.09435408932082062,0.1637563152052686
0.025487436912080958,0.051610402821999656,0.1581098780550838,0.10125311435049937,0.12179565029090156,0.058055885334462376,0.14507142367560563,0.1922897059675066,0.14632650259186006
0.06299837169605285,0.09784016637766198,0.0830543655289857,0.15546922051191917,0.13803146040201167,0.14343745390570217,0.17431716151349197,0.019554480824741285,0.12529731923943313
0.08413957977189791,0.09512675349973794,0.16442959356693804,0.1120966587091841,0.1784263508486911,0.036010974067897654,0.15434156828963927,0.051858810622822334,0.12356971062319165
0.023346419859522943,0.13832868968656845,0.06556714006197815,0.2078098691159532,0.1165777373658281,0.10447929980069176,0.11819465298836929,0.15317664217459354,0.07251954894649468
0.2967907577619834,0.16870298257692684,0.09254101927797942,0.012543667242897462,0.0778858934603196,0.09172622611276689,0.09005873304396568,0.07364242638396286,0.09610829413919787
0.0071930067157439945,0.14717208580398414,0.07388493829182298,0.11318124465518938,0.2312310385102155,0.06432111682490393,0.09071543515619784,0.1959920517405811,0.07630908230136109
0.016212582977875253,0.12546911829113547,0.07542233932810592,0.09653270043954598,0.10694774671776625,0.11138071857434341,0.2333888257796782,0.11823722648492163,0.11640874140662798
0.042015924997763465,0.12311237038601919,0.0989832880549355,0.05258009304977682,0.10755443476930655,0.19656708343307316,0.1465606437716231,0.13769055293840926,0.09493560859909302
0.06494045910859642,0.051005027117042336,0.10345741715051271,0.10242105996634077,0.12606417853618324,0.05005502465984298,0.13174947324316078,0.2245510639599948,0.14575629625832603
0.024835727792075768,0.13644951981177914,0.09130182982831177,0.03830650278731248,0.1058476091384148,0.18771957433179617,0.08237063981793684,0.239395373796263,0.09377322269610994
0.05558901418905527,0.09915274259936258,0.04886110828127469,0.14151009135119644,0.05965972898506567,0.03215308180238156,0.16912976354969966,0.34395293903680285,0.04999153020516128
0.2953115208044734,0.1046112335227553,0.035428072095892514,0.12471587697705577,0.07340389779826335,0.1101987424642531,0.0542100686775121,0.1345041065211658,0.06761648113862866
