0.05791883058723633,0.017640691462931,0.14982646000270167,0.16055251349039812,0.17036555420808694,0.15809367415396303,0.06934430852506611,0.08598667168981437,0.13027129587980243
0.11989779555560369,0.18811392658222256,0.02192777230622944,0.1978861529702393,0.15359507619381027,0.11305732839151976,0.034627121395948375,0.14865999983505448,0.02223482676937218
0.02633390564036231,0.014483962302256318,0.0405307307684281,0.18981443589348532,0.11913657549989938,0.3025406850063576,0.2642552178385453,0.0065495296370045334,0.036354957413661286
0.01867729782076072,0.16038091207956554,0.02604520791819384,0.09742986783778491,0.27037291566695165,0.13231555510048848,0.07447200567973239,0.04966264346536555,0.17064359443115695
0.5428794864334513,0.08161024702176067,0.026834140735462756,0.08119202417082143,0.042706913100556944,0.06373825021001096,0.03791998628540136,0.08177061526693562,0.04134833677559907
0.153110065355164,0.13564621314065026,0.16243101154673464,0.06798584468066954,0.003629804899728121,0.021175409025169362,0.22583336663846157,0.2169373820497725,0.013250902663649998
0.11697731187845589,0.05600700177359754,0.3918725915294759,0.08344368787963652,0.12921854658903045,0.081274168996347,0.03883859829193498,0.05750828552436782,0.0448598075371539
0.07636483511550855,0.08922693864954383,0.07333191911707497,0.05503473416923368,0.1117329134917981,0.048369197071902424,0.03765558711078489,0.4757543592263455,0.03252951604780804
0.20114221940586374,0.0824904720217588,0.0424058844867467,0.1856603812448466,0.13396153690342114,0.18404856280119883,0.07811653859739254,0.047973949750780544,0.04420045478799111
0.04676907533683702,0.036954764645344376,0.06832592457851429,0.07247863461109277,0.4267879427499858,0.1411974143834793,0.04862923728540844,0.10917598600399396,0.049681020405344105
0.33324651510317155,0.11698094472618491,0.019340717400531303,0.1032437320150389,0.058508692446582994,0.07500595561867222,0.10025201092136633,0.17248889689028382,0.02093253487816794
0.08976077495960849,0.05893819992784893,0.07675363354684578,0.14565255432254834,0.34536112628963417,0.13680754856321556,0.057242632431964084,0.051342219077131566,0.03814131088120301
0.12020706606850841,0.12783250687490869,0.11963777347252309,0.20065866010200115,0.09470428006011966,0.16986141765411797,0.04381820215032826,0.02213450265875459,0.10114559095873804
0.566312611719126,0.04586301958416822,0.009344544013584343,0.08043525073966586,0.03414875555689382,0.03228704589592193,0.1505787796862338,0.058969468791083446,0.022060524013322733
0.15109354605774283,0.10341888000426581,0.035290132637942756,0.17906502754038892,0.12401838080169549,0.16208688288856146,0.12693530681648468,0.021184417504830383,0.0969074257480876
0.07538242293517801,0.27475694325847755,0.043526842640694674,0.12314647986472171,0.04145702572879581,0.05211610988281946,0.29025573549059586,0.034443856253270635,0.06491458394544633
0.18442783874517832,0.16067021675750023,0.08450120776410326,0.07096492759847757,0.014904124543463024,0.04661106096657247,0.10362037337672937,0.32337281253375316,0.010927437714222573
0.01952110222450593,0.06146486494438736,0.006442978704756348,0.204084800931254,0.2626745023391266,0.15575128889910106,0.1314954043774558,0.03578997022207547,0.12277508735733737
0.14904150102351554,0.01027337354061879,0.018691037885707674,0.0998301695717672,0.35272149069091263,0.17443855021633814,0.15384121642444723,0.0033236067027788293,0.03783905394391397
0.012572219400307982,0.015205107167984844,0.06662737800162873,0.056598188210904544,0.36307153399454756,0.14048314710598933,0.14856104015419538,0.12542135813821095,0.07146002782623066
0.1036856999233688,0.030402848514820696,0.04555279540090142,0.17909871830575974,0.23548192096513373,0.08851090688871195,0.019705956942728555,0.2453985249968703,0.05216262806170489
0.09699882931019695,0.04376983529787983,0.03757542034148379,0.14069029798027963,0.2983161542724531,0.15033534589459988,0.05688381381675454,0.07193609698090868,0.1034942061054437
0.013522846906257414,0.06373077971302006,0.04417297381024926,0.12689314019592568,0.26720010294791247,0.16257349231716203,0.044428180513900406,0.02315005619282841,0.25432842740274436
0.05522090218571394,0.09237111430539657,0.036691032713504663,0.06998329169522433,0.1806552185808973,0.041307944848090854,0.05061232146548022,0.04005408336977775,0.4331040908359142
0.3944113012805132,0.08586859263818876,0.033603993942010815,0.1191701788741787,0.04476535251921423,0.12127438096970194,0.1617307865636591,0.012979662358527705,0.026195750854005512
0.08723080322631227,0.15127725892131136,0.3240678138384255,0.0843789673790608,0.09744445140069312,0.0765616389978147,0.025047062546776324,0.07950377905803409,0.074488224631572
0.0907908221998861,0.08130574116022357,0.13216760772760003,0.13762484457681315,0.24550808270680013,0.11052946166131707,0.0516245334506413,0.07861251096578516,0.0718363955509335
0.08897065388425861,0.43654300465324675,0.03898004300974137,0.07746198044468794,0.19671498350114436,0.09424972634436286,0.0174003002124018,0.013054327226520895,0.036624980723635424
0.12830757255941141,0.02509069777706885,0.06450748632423232,0.07472394381086178,0.036499020712219,0.0806362597854801,0.11572131881583099,0.4510966373023939,0.023417062912501705
0.04357061489226493,0.027418426264894002,0.03692033784493284,0.06933345767581783,0.38422096279043694,0.15334362720701122,0.048614453838935145,0.16202134467251994,0.07455677481318723
0.04481622691228248,0.015784997757633642,0.06412110752307018,0.15864985375289378,0.16321223323814035,0.39278082731967207,0.09156833099280602,0.036529106920225214,0.03253731558327627
0.04117005130217115,0.02185071162385963,0.054711211111257374,0.1377661303424639,0.2854114353378356,0.31294123440151295,0.036573771021442124,0.008561491415562774,0.10101396344389453
0.2825748331141202,0.08784220181360229,0.08939871175251583,0.09301126886408895,0.08137493271463006,0.12799318090193568,0.06695304499294862,0.10989995303039979,0.060951872815758625
0.2976340456308631,0.034720947854785855,0.18850282961899614,0.07433984526082062,0.06699729506128481,0.14446802868077513,0.032291943912816805,0.10598932594428061,0.05505573803537694
0.1498943526063429,0.04121160418115199,0.04914589416943534,0.1486448157145178,0.24360506833551057,0.18789878218911416,0.03040939329509509,0.07744328570782444,0.07174680380100772
0.07031667807759563,0.04515891935081456,0.06105359433364806,0.13580457397438325,0.41056222532099973,0.1085698962530317,0.02885001981520335,0.09179835770418539,0.04788573517013831
0.02677951083908581,0.03550828706479517,0.09072859237513166,0.1586861925000765,0.17240988822519468,0.04337340968455002,0.04989701018383938,0.20078241911629066,0.2218346900110361
0.19921822916079748,0.06185619918401462,0.09264397396725348,0.1462489275679463,0.10476187252978182,0.23816900406369837,0.04343745938046159,0.06822844520589434,0.04543588894015196
0.04039009415347321,0.06093382391955754,0.07178301365677207,0.056904753624012226,0.27622789163334655,0.17181044030969642,0.10058493752268789,0.14238084178194013,0.07898420339851395
0.21557966989002342,0.08030891167279909,0.17297875252143544,0.053032592200373964,0.013282651238819833,0.03928099184123677,0.11995903664912677,0.2907758867318638,0.014801507254320938
0.14543449998053684,0.12112612379641995,0.09992991045182824,0.0729908513133864,0.04578114461898213,0.12398218890683825,0.2909274271195848,0.06256002890930312,0.03726782490312018
0.1736968355178035,0.0983841037919968,0.08061718393392121,0.12056674788228765,0.13734253799321353,0.13054222529431242,0.07100666649006006,0.14648335791258152,0.04136034118382333
0.10582849896683721,0.17036227044083677,0.06887018354016253,0.12841726963818215,0.22744939942909206,0.10615911342617475,0.031934915425262216,0.11589658133334024,0.045081767800112
0.14278927069992056,0.1877578303200017,0.10626793357078308,0.10086298521565651,0.060920115961585586,0.09996094763170833,0.04749638024095432,0.21512663396051912,0.038817902398870764
0.09052286827385138,0.10667913095652208,0.05162280145849801,0.10946359061263662,0.11447336107560806,0.03461875769915087,0.059574566940624046,0.386576725837756,0.04646819714535291
0.1346547102887803,0.030265870700193,0.07822292555587268,0.13055109649564134,0.2918486902290363,0.19116589690368632,0.0414995808282699,0.04915521852421076,0.052636010474309415
