0.053461949959261894,0.46168786015006297,0.10290281384360105,0.054860556976930513,0.030258338195951667,0.1039412949164988,0.09924342341642417,0.05986608073510327,0.0337776818061656
0.09926523580153361,0.04823684118304694,0.16062489771732155,0.17296517233789288,0.08893098997669391,0.08844534836377466,0.17132030296738146,0.09993038962692773,0.0702808220254273
0.13584985242155442,0.2292398719051785,0.09257019138185169,0.03310985156041068,0.049519447889951225,0.01752444876017462,0.09728610067319558,0.045824961608902225,0.299075273798781
0.09496432641413081,0.037846413829373725,0.06282688576899938,0.0203370116026055,0.3742947228141174,0.14448134626747974,0.10778922689896793,0.10013278309944351,0.05732728330488201
0.027087908513067808,0.2754168164751675,0.10620429698925028,0.09286059571005346,0.060538377118700214,0.05062204705604673,0.12682031494828502,0.11024256268576989,0.15020708050365908
0.08487363672825306,0.47506461777958336,0.0744994787066295,0.05089937345903541,0.04168969185810344,0.05224638350813179,0.09350655563274857,0.09166611331491294,0.03555414901260177
0.06404499694796233,0.21259791982230547,0.13784147067968533,0.09214490401299041,0.06265950549042669,0.04169848686494689,0.1378444229680732,0.14992814346582536,0.10124014974778443
0.3931596603173107,0.037919870306184746,0.07445224913876101,0.10589618994477262,0.062455150859092846,0.08244264063830946,0.10754049652642617,0.09991468730164066,0.03621905496750179
0.2302504697065485,0.13337672035507506,0.16753719630996025,0.100191575437444,0.05449004657764781,0.07359482892763732,0.12559344712965634,0.060783350802199626,0.05418236475383107
0.11248085119974349,0.06677347887347045,0.2636630454029165,0.12148821537293676,0.05116229402196981,0.0724224252201004,0.1314941140347966,0.11277519358966846,0.0677403822843975
0.2423667106352938,0.04413730548541408,0.15591666535470636,0.19136082417626699,0.055443221755383014,0.10860337989071282,0.11331770319113871,0.05492963326193081,0.03392455624915346
0.25022815767908674,0.015217735239817716,0.06328898576639058,0.028631123854613277,0.03152831235380002,0.08223052498774149,0.09797649139087554,0.2477348674042733,0.18316380132340138
0.14604343115360793,0.07741502597600004,0.13093101202312246,0.08284746531244314,0.04983912503256844,0.2497202708685986,0.13485726588416072,0.08247836957195769,0.045868034177540935
0.0908565402890563,0.4668377214018313,0.07895401245725879,0.033696801870536544,0.03190282951818665,0.03223793251606684,0.08152286788163318,0.08338288718382168,0.10060840688160876
0.2189872725502494,0.06156421798373598,0.1350885495918457,0.26807917637759643,0.041979516310269326,0.052218352360017456,0.1259971240538874,0.038989134214480636,0.05709665655791766
0.37625736763465856,0.22185652444855863,0.058580630012599194,0.024618448082407558,0.0294798471043466,0.023363758600323775,0.08771023876918198,0.10684593003240583,0.07128725531551795
0.005732673064662903,0.08271410660288105,0.11646622972130828,0.09470095499748277,0.0693322940694794,0.051211841263470094,0.1188952836183026,0.04371431495000313,0.41723230171240977
0.16756864612033637,0.06624476713451542,0.07610477508363724,0.04876915839000474,0.17806068062690059,0.014319826186740749,0.11495585250805601,0.2722738967196073,0.061702397230201655
0.026181119332353286,0.4576331298106857,0.0724966478029045,0.03958129577415595,0.033117791423447375,0.16107236466263067,0.10217758811179527,0.07655331666796161,0.031186746414065592
0.03428605370829424,0.008364147242278295,0.06835407684955978,0.1246055771338252,0.04535299223934395,0.048183401770082866,0.07979144265291453,0.5556462970052185,0.035416011398482584
0.14039017897243375,0.03708683014434413,0.22996844372779393,0.11080774061434652,0.05029961480401893,0.10280245169898194,0.13564402296736142,0.04900284220279865,0.14399787486792073
0.06027408706375636,0.5378619904000382,0.08362364993797039,0.04761399327523482,0.041284809401404755,0.03945517951403914,0.09352340470756719,0.04318627321429603,0.05317661248569309
0.17042409504316644,0.03225046258156721,0.24016802433465786,0.1347370922186674,0.06667744973055985,0.029027626794409178,0.14762568298281123,0.14889229457613887,0.030197271738021864
0.023234093478334647,0.029992974867266885,0.1928496391469449,0.07676551299618918,0.04419339770883288,0.07007295167621592,0.10631223244097006,0.048723848079688596,0.40785534960555697
0.04276671048551073,0.029147345289367316,0.07704219658269276,0.07423772436672631,0.44319272334715953,0.09711820478627646,0.09721110833732076,0.08124014954934554,0.058043837255600646
0.015391069775424322,0.5295953091875307,0.05471159029202527,0.034163163570585006,0.0351074770828431,0.16900763434040988,0.09016828035193325,0.033741950272028476,0.03811352512722005
0.2157110561940204,0.05614376681253897,0.16050312292687077,0.15292128064413016,0.056231232711395546,0.039003719313944286,0.14401940043379832,0.06927150224731148,0.10619491871599006
0.0539739100921619,0.19571511356084823,0.18032917866322137,0.08869659246716438,0.050628493727113706,0.09161328605200414,0.13393785157846166,0.07778444847847507,0.1273211253805495
0.016877810591411954,0.0989530171784641,0.22308638615293533,0.07758668318473454,0.03451006479704361,0.04496868713718008,0.09595083088456707,0.07673386282311222,0.3313326572505512
0.10458116013651153,0.2178007387344322,0.10279795783869683,0.1040646454704548,0.0614671508616253,0.028349395898190643,0.10393858553254716,0.24211568215347348,0.034884683374068096
0.1367711488668367,0.15044275164980503,0.1799383372148389,0.08512394693351898,0.06593688323435602,0.10171205227169677,0.1405178449495131,0.0454032146159857,0.09415382026344875
0.018096498339869014,0.5089105782853715,0.09400418796071114,0.04474890152897099,0.03324944307316537,0.10938315850223908,0.09606571988286568,0.04568193521380173,0.04985957721300557
0.10875324075736359,0.03796167749280108,0.08179350945235339,0.05348543237393335,0.09984566964376183,0.28047790352269875,0.12995205818032943,0.14871819601229322,0.059012312564465375
0.06641026550184458,0.29608457691604134,0.189089766494712,0.07913211210419857,0.043899299253989964,0.055117343407314334,0.12315263227410922,0.05192939368093776,0.09518461036685218
0.2175049070000663,0.1531813981205268,0.17312269363352548,0.0716514313881027,0.07979980816017851,0.04056380415570914,0.12248755871104781,0.09182566808683139,0.04986273074401184
0.032511899110526536,0.5689192092292564,0.06581808888072262,0.05753513257678636,0.03292899535443238,0.07148007834829724,0.0885017937255238,0.044319814933777034,0.03798498784067763
0.1743420029313496,0.0017483813556748932,0.06939186108815966,0.2659279664991017,0.04486866147853497,0.024200175535061475,0.11633653457746446,0.0670602930313806,0.2361241235032727
0.06700854430414176,0.04126980451518441,0.22525356560215906,0.06108540651151078,0.04458242254200353,0.1203543688062763,0.12092050954602689,0.09472842083261979,0.2247969573400774
0.14497808493232434,0.07504599533173949,0.1319318209961625,0.10238167937247433,0.05124512661290481,0.17847381627624867,0.14563299532986798,0.0698629666210716,0.10044751452720625
0.06114971425045437,0.282749575377631,0.12347642542521294,0.14633661910756146,0.052319200009891174,0.03572870729952982,0.12647266364827373,0.04241366914883587,0.1293534257326096
0.352260455910387,0.05931509642063892,0.09847160663688796,0.0543051403931473,0.15174546379810394,0.031353871104704965,0.11338438094249581,0.0896732667797715,0.04949071801386257
0.13748392098614595,0.024927512769579246,0.0941900984063025,0.0394778471028133,0.07838022138360015,0.020762317465483533,0.10465409925187857,0.34149557784365087,0.15862840479054582
0.23891100674509125,0.16101047261495863,0.09318731806121651,0.041166109904330554,0.09148932961158414,0.013069646865181339,0.10615791035097787,0.11688871226735274,0.138119493579307
0.1891018131551814,0.09467445733728785,0.20186338888647162,0.24318205010899885,0.04668349601452978,0.04225358007523152,0.11639455631513133,0.03095855651774082,0.03488810158942681
0.1866073091352933,0.05412365768419481,0.07983780485474216,0.0402298356061546,0.029520131198501876,0.030077740193004045,0.10956650895787075,0.19276038618031277,0.2772766261899256
0.0868894645503181,0.1081802315594305,0.09729885190528771,0.07643838433624998,0.1892675641013329,0.14085342530189815,0.1384359071321052,0.09461663109701614,0.06801954001636133
0.035491313741597134,0.48548204991473803,0.15549341079669896,0.045615496721163024,0.031673016791401894,0.0780828810813897,0.09074643293266814,0.05191776230056352,0.02549763571977957
0.2704897869124708,0.01574021463198157,0.06622327201529297,0.11500826040493582,0.05002236972628438,0.06294133673991296,0.11568551048060231,0.11895111516395253,0.1849381339245667
0.33798674940979895,0.13619011193189923,0.1275562789588276,0.04366035989169673,0.05437102315589362,0.044244772678064315,0.10518126544778672,0.024491725475204364,0.1263177130508286
0.36703129216454844,0.0071754375120127506,0.07239931694760614,0.05030449162603679,0.09393926237611343,0.09992727884545184,0.11691155130067048,0.0612353374337371,0.13107603179382307
0.21388357756876764,0.28562934177940796,0.10131451018516165,0.08424432017263407,0.05042537160324317,0.0467008552928539,0.10684506830283196,0.07012900714941467,0.04082794794568499
0.04834196188537395,0.07708773857789321,0.08655738398859186,0.1185077038169049,0.047494012167804356,0.036996250196004464,0.10704667453229239,0.4097853666629916,0.06818290817214319
0.33333003988855103,0.06585804452646055,0.140556702524007,0.1118780888908975,0.07101369779061248,0.02480955457217751,0.10992516728720096,0.035083461995214595,0.10754524252487839
0.021605789184181767,0.5813376577086941,0.07198053243085453,0.04885560011127679,0.03196085821477484,0.07902412707858218,0.08666513291495963,0.05263196676856727,0.025938335588109002
0.018896322643219773,0.5124386754860006,0.07522593996933276,0.08403485210656625,0.0433968716573002,0.072731522816041,0.08988804325806397,0.06911051148341368,0.03427726058006175
0.14805717718477435,0.07248924722942995,0.10846301100286204,0.1390051577172919,0.0764108010386071,0.08034937391236908,0.17275804776544187,0.10359398496967896,0.09887319917954474
0.3718015849468424,0.04751677565428524,0.09348593692406908,0.1511255247471262,0.05676850938894921,0.08167311412507554,0.11303289015455432,0.04175479084373346,0.042840873215364596
0.1718265843199748,0.19507910594599417,0.09985215877902519,0.11885814278890121,0.04139897122875821,0.028815680454103394,0.11972603371484848,0.1372907925155797,0.08715253025281489
0.05256172067470149,0.02675214962263488,0.10519184729528368,0.27194526701108335,0.04113302690381857,0.13496198035832216,0.13925708845462417,0.07679137846563527,0.15140554121389638
0.07414286205750781,0.16670266081154006,0.1260587603868195,0.15716221672934635,0.058751245951638525,0.14877734760950845,0.13729372671906764,0.06758346487105305,0.06352771486351862
0.09246407690627195,0.03521583981242717,0.1484894441387438,0.19003141681178504,0.08174594255807585,0.11609319938884079,0.14721668802188725,0.1258075787706743,0.06293581359129387
0.034616027618756755,0.3905226323865951,0.10702531655874493,0.11797047633481156,0.04303177217394527,0.07076051867746926,0.10865447891533642,0.06883295760485109,0.05858581972948962
0.049278808981298376,0.5335016517159171,0.07848649631315703,0.06167268476081273,0.04584032078340749,0.051440819458626434,0.0963900826660636,0.05084007314139367,0.03254906217932355
0.1934861418628667,0.013556577087042743,0.1435897343610302,0.08808973453087234,0.033937567711996484,0.090304216314833,0.10351624371146557,0.06672085370440112,0.26679893071549193
0.012806746636822844,0.5802142710758732,0.07369650487586948,0.06576587424773582,0.041605159582608575,0.08801665298175859,0.08224876109838135,0.033873242808025485,0.021772786692924716
0.03671928913166659,0.030503235025758958,0.11877632269899101,0.1519955763223878,0.03208703390961692,0.06446523301426561,0.11873179112016119,0.08318032965572061,0.36354118912143135
0.2565030124065431,0.06826692519681975,0.1309647778360166,0.11283841611912952,0.05280570136352907,0.06718386700238745,0.1287276409120977,0.11591824642875144,0.06679141273472532
0.13895048022332004,0.07547063547165353,0.14281688574696702,0.07741571591909058,0.05484049418175232,0.127137318883796,0.17567393659239008,0.07726072388763983,0.13043380909339045
0.005266928749892113,0.026747381303754786,0.10641432852082437,0.06639493452432106,0.34448721488076384,0.06292769337640632,0.10351494265281319,0.12618950927216208,0.1580570667190622
0.011548689618894195,0.46274478630448995,0.06578534850362432,0.045264808970902785,0.042354692114410675,0.20230372742644606,0.08892075796265231,0.03753023789699851,0.043546951201581245
0.11365953217578895,0.06494403892794891,0.16907603100169818,0.11512757514494781,0.05558210567394822,0.04898959381877906,0.13008562568122026,0.11160974862005447,0.19092574895561412
0.03664967503346763,0.3767675878930743,0.2226053121713714,0.05294339761633651,0.06326565730879637,0.04146177598877773,0.10013221094844181,0.04010002566984796,0.06607435736988636
0.2501294861516373,0.04434744762436261,0.235370865270735,0.18239522737626748,0.06015704980299017,0.03468260292925434,0.10639446292352421,0.050423571708944355,0.0360992862122845
0.1676807974420944,0.037916934738694646,0.1380004473094159,0.16061752610181,0.0692324407516537,0.12178002508042185,0.12969203852263148,0.09481895343092821,0.08026083662234983
0.024656119310692292,0.15002399189592533,0.17519038904475656,0.08409669910431321,0.04661088555500773,0.05248666691494838,0.1115822755830644,0.07407942643701647,0.2812735461542755
0.1864652838518109,0.038590046710144384,0.13234486005103632,0.09646304871945828,0.07832000911626696,0.11724110188194968,0.1476726415662371,0.09168295868714245,0.11122004941595394
0.03784367169811337,0.35304947617026433,0.0872183154915309,0.09968106665275848,0.034547901369897605,0.11463494616893662,0.11839166176251194,0.04865575545207564,0.10597720523391106
0.18774327843592112,0.06287438079353919,0.20654522993659455,0.16960489938287562,0.048356046776454276,0.054999253247238665,0.15359766491241647,0.07885806190451002,0.03742118461045007
0.12067482623647409,0.12748721731875856,0.2063277066078275,0.1323203362991261,0.07194576103812984,0.05467565488773285,0.14572515044467974,0.08230543154225088,0.05853791562502042
0.08276543795059835,0.11197221978489273,0.06815299712168009,0.07017598641855212,0.4674864474037192,0.02332241818577549,0.0891159207426525,0.04648284256633984,0.040525729825789655
0.13210367344377924,0.10044049342488576,0.15868612644394828,0.12884873947326028,0.05404606781610161,0.06461402450848876,0.14075802921768524,0.1797044891154933,0.04079835655635761
0.060387980760955584,0.017570614043774645,0.24291670491126638,0.10036795852090596,0.10773693149641472,0.029451184468264415,0.13087046146434825,0.047376351975920085,0.26332181235814994
0.013818451278510738,0.26392513591884786,0.12352391227013519,0.10356711695345742,0.05008654002771534,0.2370897190381196,0.09997081217601773,0.0419156138284878,0.06610269850870833
0.1431088031229948,0.25769766390679555,0.1022352245579623,0.09431022566439277,0.048630696110415074,0.03304627218664739,0.11380506458865969,0.044555011918027854,0.16261103794410456
0.15855383396385486,0.27204862596785234,0.09952033069449572,0.06472140455360437,0.08076384764801327,0.08789948564537658,0.1280600840120487,0.03510363355024541,0.07332875396450882
0.3636536932648203,0.02423261839361143,0.08683360689122549,0.060700748518860294,0.07726620959155896,0.062274350173370074,0.10615790522431102,0.06342276537678619,0.15545810256545622
0.06193456576629871,0.1784559383535993,0.18235746022014676,0.1252740791230522,0.07039302542194219,0.05230244814818891,0.1392282019077461,0.06331324502220406,0.12674103603682177
0.05062159382712589,0.047879733172970375,0.06965725050998058,0.08447503516208434,0.04623947918765958,0.04912458512712354,0.10212778491622258,0.4719960872920697,0.07787845080476334
0.3285650469784363,0.07842206012945475,0.14851237013847865,0.06680029591655652,0.07549245044485921,0.04191628156121995,0.12334824022670499,0.07980304319815133,0.057140211406138286
0.06345746549370213,0.43697480343151635,0.10669375999060393,0.060370531587179976,0.037301517336126154,0.07243453287382702,0.11616047017321268,0.06919818375417436,0.03740873535965741
0.016452599881809943,0.08794387904662378,0.0819959039390885,0.22806066028233327,0.036470452947846864,0.13169831540392915,0.10645658739772608,0.21191402774606616,0.09900757335457629
0.03486365996150497,0.028144079117441156,0.06596089505408863,0.04201610972451298,0.04364904624928245,0.09540728857885973,0.08641013104915297,0.5726162440628128,0.030932546202344303
0.41524606198948577,0.044741796658300914,0.21141632988193534,0.050829784651884515,0.08979342007768741,0.021262127246970297,0.09363060091387469,0.04771833851638269,0.025361540063478332
0.19273257688126333,0.06405339295612685,0.10355861829215864,0.15195684963760892,0.04629760471994585,0.06557520538544873,0.11166374368515526,0.13979389565742803,0.12436811278486447
0.1794976326415941,0.057966158206150274,0.16169160725811202,0.16118407530995324,0.04768804104696996,0.09130487655143275,0.14473616859346364,0.09628722986983718,0.0596442105224868
0.04126348897654941,0.52559058071561,0.11039259304130106,0.08488354553044249,0.03271775636440295,0.03303508448731068,0.08995474248760371,0.054458894557664506,0.027703313839115253
0.07332756203221584,0.09499803974106809,0.23185367605173954,0.07024839431672052,0.073021828471917,0.2228523650289198,0.13526907933509777,0.0449758461984057,0.053453208823915764
0.10567453103391211,0.01949705690038756,0.26107816460400685,0.08936129328316567,0.04609680164284092,0.0440044530019619,0.14492886986056977,0.07534949776511594,0.21400933190803936
0.0889822341970725,0.094830426970349,0.1324825346528152,0.1369921307388509,0.08623642974166436,0.10917425170943977,0.1525041886174804,0.1182930674636361,0.08050473590869181
0.11503232971387413,0.07156431853190842,0.14135215121545702,0.19856904731319935,0.056706239643304235,0.0644655925884171,0.1366550466393457,0.04517648138488733,0.1704787929696067
0.03900383459360173,0.2563501296537091,0.11550688652008616,0.15767359834184927,0.06205663666198304,0.05939241169399726,0.12380903703537872,0.08117645836664424,0.10503100713275056
0.04794015449343577,0.05352415491328274,0.2597032023486598,0.07232134151419066,0.050109447805021155,0.08045771224332905,0.11331254542098786,0.04879361975669543,0.27383782150439767
0.2565715694473307,0.06921045756080439,0.11733623096101076,0.08743610830704668,0.07772184645520026,0.08125520448672625,0.13038326273371162,0.05624505649575647,0.1238402635524128
0.07031260473881586,0.1881231170642175,0.11943426371306738,0.03308910836378367,0.04388681369619191,0.046997681272090086,0.10283656435080252,0.3131482158013721,0.08217163099965903
0.06204813264297609,0.1271272784509589,0.16548590451354472,0.14789913782326167,0.10125078687410356,0.06762905312182955,0.13504394263731967,0.08091507742425406,0.11260068651175181
0.00918386881789643,0.038921135990223545,0.08441860943979318,0.12025477495035226,0.03153409674355969,0.09167229328750465,0.08280836255075148,0.11249362608604073,0.42871323213387796
0.14189703238484763,0.2597037941867392,0.21296057950799205,0.08829851702766985,0.04450551766140786,0.061065773008720625,0.10241576032067384,0.04766360712988308,0.04148941877206578
0.09443088688041128,0.18267407922607778,0.15025342173828926,0.11135097752425267,0.10928470549215907,0.0883529553882534,0.14222774294094678,0.05378100209458168,0.06764422871502805
0.21969357807610915,0.07964261516810903,0.23806181378159721,0.05675317145277142,0.062416728432759576,0.08307884187020063,0.14106537716324835,0.051666799311524646,0.06762107474367994
0.13001960323559933,0.045438065155154944,0.25407132246834524,0.14934361071372734,0.07385273589247576,0.03363096878226577,0.1279743078582896,0.09457932896268038,0.09109005693146172
0.016171393611884893,0.050265847628467974,0.09814512103458169,0.039280870662497316,0.04349086722529668,0.08142586321620231,0.08303437438683027,0.10569806502615886,0.48248759720808004
0.027843728438698246,0.13425101105928458,0.11428847285018191,0.06218782372023005,0.0421842391560614,0.06756065594709228,0.1179645140207262,0.3491808343634279,0.08453872044429757
0.05487567232125098,0.055377345665638567,0.1066840966687187,0.036697454671894746,0.09586601267158702,0.09098951222005697,0.08660346073506998,0.4286503613995514,0.04425608364623163
0.047627080859807026,0.10838553297193136,0.2175772275309679,0.194455157635935,0.05857169041660711,0.03825028056111345,0.12993460006793472,0.039976825456803505,0.16522160449889997
0.04428932217679724,0.4013467877898445,0.16182261592070044,0.056048088811277604,0.03432028543055532,0.1274719029409218,0.09603924010176496,0.0548118688394284,0.023849887988709757
0.27104003567952534,0.011244799182334682,0.08414543147709684,0.20201712246691417,0.05874740048920515,0.04043381470177821,0.1579018990478133,0.10879388583173581,0.06567561112359648
0.03041048928326584,0.5843351620337618,0.07928654873901904,0.053881728072276446,0.036571563439716646,0.05489252293301292,0.08448150099892793,0.05393929658979337,0.022201187910226156
0.18460317522515554,0.007721351642786138,0.18003495209040463,0.19153604702679783,0.08121912425940257,0.0678199727314127,0.14754681654580976,0.0557522593871215,0.08376630109110923
0.1743308247349101,0.044514795226790915,0.12636803825124487,0.17067021245718958,0.17638735564598154,0.045021909306213116,0.12238088931474296,0.02485934122598049,0.11546663383694637
0.07701943204251652,0.05369360442233822,0.08858649964349485,0.03303750301620034,0.025673114100357483,0.1598615185798649,0.1079446934471165,0.10614923073576193,0.34803440401234925
0.1570476884537624,0.02228396584506921,0.08310274746318663,0.07050954680994732,0.03550636363017024,0.06845466266776332,0.1466073064497387,0.19996744361766364,0.21652027506269844
0.020722370347698863,0.4859453821836676,0.0979550040167263,0.05277911245531344,0.03347574981549301,0.07811545556574191,0.08678689499310775,0.08808715806689575,0.05613287255535545
0.04667463474731865,0.012919542570801435,0.06594868078836534,0.18202509082713111,0.03692157520392416,0.116933903714897,0.09574027752068477,0.4136520983105199,0.02918419631635748
0.1649176329405965,0.030187977725987507,0.07703757781273092,0.04260070976380707,0.2572464535826547,0.03960247440927577,0.10477540422735702,0.11057830543674381,0.17305346410084674
0.04294348251145972,0.4758749075957094,0.06929014551653319,0.07329998816003021,0.02767428993728564,0.023452099774244492,0.09937619992632941,0.11655600886728401,0.07153287771112397
0.21351954952410682,0.008658901691127804,0.10160257668215174,0.21962355836058986,0.06883893904693918,0.04060006153871208,0.12368823283466324,0.12922955100557276,0.09423862931613651
0.026541977206777447,0.02910243737384034,0.18249724367097728,0.132765836153668,0.05193717823716662,0.14508891250593547,0.13576305893656715,0.08958942701985871,0.20671392889520904
0.06703168304019975,0.04842213572763005,0.2202250344014555,0.10549462976739159,0.055372491694881516,0.04463370445293305,0.12543827373316307,0.12236966982208658,0.21101237736025893
0.021502471976244556,0.05272150340533727,0.1808905948473214,0.0642675708575723,0.08837485914691856,0.13649109579676622,0.1380015975755632,0.10454234252354831,0.21320796387072813
0.13705918081870208,0.08954290459253027,0.11958751141476236,0.19199651686511662,0.06272840912721502,0.0640017160678039,0.1610170725500586,0.07866731289814728,0.09539937566566388
0.0228509877474783,0.04443281303349909,0.13181634104750617,0.07023363776509278,0.05155825885914578,0.1925708989305385,0.12117376050314728,0.12510377984063312,0.24025952227295888
0.02818636754300736,0.038699218999322965,0.21324400343712932,0.07704383106615646,0.06256189370008736,0.1860877050117377,0.12659669080072972,0.056566986075589465,0.2110133033662396
0.06821570648622044,0.1967285906137938,0.17675098400129896,0.11731279264358034,0.042188693190359706,0.19330553104995618,0.1065712890432235,0.06639202577194225,0.03253438719962482
0.07916235020413964,0.1510706775395784,0.11311991726984472,0.0997752141580903,0.05570437326413488,0.044241934322888456,0.1434249001564788,0.17969094855700107,0.13380968452784361
0.03206450290451147,0.025764080075253628,0.08020332653070122,0.13349234191556716,0.07336777823449135,0.03965427000375949,0.12310029816450412,0.27944500361712604,0.2129083985540856
0.06875182941722542,0.023920008991971997,0.2201674942440238,0.16164029813547187,0.040777580970220086,0.06713563758855721,0.1370061833685741,0.071841776426562,0.2087591908573935
0.13274238572940764,0.08398054859525399,0.1722661046261773,0.17606728856264095,0.053504181739872814,0.08638677051510062,0.14253442365716631,0.054961890846571715,0.09755640572780865
0.005954727022260225,0.04798036698291989,0.1296023126176196,0.14215481599400326,0.07622878661805564,0.15649409611549212,0.11836633881320081,0.11265234740671677,0.21056620842973164
0.33329114273944976,0.21496926630359225,0.09640229148987496,0.06698236163918661,0.03738231290264727,0.02588966590109972,0.0980691484451779,0.0886662930861409,0.03834751749283067
0.1423135542441342,0.057816453248269166,0.22254752957074542,0.25507251382800766,0.05773033403620816,0.04804689432640036,0.1311036948082619,0.05256959769471198,0.03279942824326108
0.12788545958764275,0.10185787452652517,0.266869705304176,0.1715982366296356,0.05279381579219711,0.03811007776256184,0.1260426575252693,0.03186421564910469,0.08297795722288767
0.032545870178189086,0.41640839435516147,0.14480105280756955,0.05147642497178939,0.023342580071951974,0.17041730993799944,0.0869901816479141,0.048689966805981144,0.02532821922344396
0.045586565158137325,0.2123017708096042,0.18969370983782005,0.11591707478931207,0.08412716064619034,0.030033110196525253,0.13966277365821367,0.13052234196277965,0.052155492941417525
0.03743179829727525,0.24034180934134527,0.2335823217173838,0.08763374675988998,0.05229515879150396,0.19183189839873768,0.09831651016031483,0.034557223829049376,0.024009532704499934
0.40325367798233164,0.04956462659591696,0.10376026773774798,0.0864446846541815,0.05025667923950742,0.028102226860921425,0.11850261620347043,0.1246903533034503,0.03542486742247241
0.14567907695360652,0.20240936925757347,0.21880224886922497,0.1692092655245507,0.043547798559366524,0.03597418187023959,0.10970268001305422,0.04309319285830917,0.03158218609407487
0.4330113876455079,0.015230345934318143,0.0668762324429284,0.1505613605715793,0.07632379050221329,0.04952858941570909,0.11822045650587382,0.04623135731967306,0.04401647966219693
0.14609923684011897,0.24633755164160512,0.08219714353153322,0.09445554784144235,0.03495467363556917,0.051378057128353034,0.130118453624863,0.12950549335624298,0.0849538424002721
0.3994539042440269,0.08391237296341665,0.11571507670798019,0.07556498245786092,0.05822781955327802,0.049403161207359776,0.1305624845938456,0.041234361325478315,0.0459258369467537
0.07027081895832109,0.056480428519506465,0.1220155113872398,0.23004127521392628,0.07949872264248663,0.16847545452448576,0.15024661422416996,0.046058456424431016,0.07691271810543303
0.12307501069156764,0.1413881586426974,0.10174894792262913,0.14293693784183928,0.07905693060552049,0.13923814396203815,0.15325477977780466,0.07042858870411745,0.04887250185178573
0.05039508250678898,0.5123741422841265,0.10326318129707689,0.06953037204512062,0.03882561855450828,0.0471423908318749,0.08677310689275351,0.06600263829553045,0.025693467292219885
0.4863016899712062,0.00762730646293087,0.0651643362640098,0.09317730399226792,0.06674228594381129,0.04447621805411781,0.10362081080800283,0.09466114602856068,0.03822890247509255
0.06311738716561069,0.1261223168493438,0.21837397276091516,0.09435272831755041,0.05205521434026799,0.11667921773086103,0.12914022105383519,0.07746152805762511,0.12269741372399061
0.11625231638512525,0.015607151440750304,0.1799980912639367,0.17575231770661004,0.03781183663289193,0.07104567607718022,0.1127361636897089,0.06705889320573429,0.22373755359806247
0.23415515371318793,0.11446556293792616,0.13005897888158066,0.0395534132763676,0.07768833914757829,0.01904564340607453,0.10155304288359601,0.2202910870728475,0.06318877868084127
0.361708845458181,0.03675519505758454,0.10343376155994129,0.1714501930668568,0.06970544951022206,0.022597669253298373,0.10193435410009305,0.05342466208787335,0.07898986990594947
0.017664684024160743,0.14594738282251488,0.08317969193949686,0.05038067446742018,0.03660832942044589,0.0752534617179518,0.0949418707906412,0.4511718404086141,0.04485206440875438
0.0570978168949966,0.06206489360542608,0.13109084489278938,0.3282341779937486,0.08611072590644486,0.07981306770156656,0.1445869917223793,0.053718576711410226,0.05728290457123845
0.0225848504470855,0.5798766900470194,0.13651853776135353,0.04940834229027039,0.03187593752421391,0.0513229730621882,0.07758736072399232,0.03514891303267894,0.01567639511119781
0.3812536690003386,0.10335904653176109,0.11658343360576824,0.07237936624876491,0.06362062791619057,0.0577693513034002,0.10887003418403986,0.07809486726655768,0.018069603943178827
0.15102174672695456,0.090134991208213,0.09970597137821295,0.07199046832289616,0.03810683188707428,0.08484149984186391,0.1219819433894566,0.05835987845460697,0.2838566687907216
0.037444755722537984,0.1436314358323799,0.1891511602582444,0.24781685680763824,0.0351166757924469,0.08802029928410655,0.10947877215608685,0.09614408703496136,0.05319595711159782
0.10492326981067142,0.2147263224902598,0.16120375419075703,0.05116236552945703,0.05778046429042125,0.033656972445599884,0.1340491638753016,0.07758920505679827,0.1649084823107337
0.06667154475717474,0.1317817436196291,0.08580701733410057,0.08145694693520576,0.06406835326583464,0.30644380575691216,0.12766296718875625,0.06695524412049823,0.06915237702188849
0.023166636795558374,0.04287369872199704,0.09522170480234422,0.07304151638079905,0.05069304639661253,0.04948210011332138,0.10844644631358018,0.45819591204404836,0.09887893843173902
0.05339494186849678,0.03995990347550248,0.20570560699969742,0.07192763249967749,0.09274170229573177,0.27884973062941226,0.14500845953522146,0.03552875465332945,0.07688326804293082
0.18796935224179498,0.06747282478699264,0.10501700561065556,0.08137846599111377,0.04480674375859554,0.0992757251684452,0.1424781841668301,0.21195953012264304,0.059642168152929144
0.4512344832113803,0.04117816871275257,0.0699510370120684,0.07945663651635719,0.06915969045236502,0.021549652327560637,0.12393886117055751,0.11881387892129075,0.024717591675667675
0.07647984538195257,0.03114145759544251,0.07125457046722351,0.05492907450429255,0.2988794070885234,0.17001493217380148,0.1196729134913399,0.06422256013772276,0.11340523915970126
0.03963841754268427,0.349653999463579,0.12544646344778063,0.0855815435996899,0.0947559591177443,0.062263038704239694,0.12150152040034227,0.06305908955328465,0.05809996817065524
0.04351475933756157,0.28672596869903344,0.19589416527313885,0.08237556695941145,0.05121756239787523,0.02274186372284232,0.11150983582775725,0.07342812865894233,0.13259214912343756
0.10342074488790316,0.1988404078598618,0.1354300300411659,0.12570566125182203,0.03331585912170283,0.028747070138827855,0.13084882999890268,0.08706549025932318,0.15662590644049046
0.26049794535349696,0.016025033960853443,0.07673571977754881,0.044493129178972274,0.0485755997515209,0.17757773774562638,0.14460334228937155,0.11210969745613858,0.11938179448647125
0.11546962246532905,0.12227955493505067,0.12921907821525705,0.1591514132332947,0.11549791268224914,0.12532060814355803,0.1474770062053996,0.048367969578463225,0.03721683454139857
0.2732745790674829,0.17603640911789675,0.1855512097800971,0.07010971741214049,0.054773592181242,0.03121164149411788,0.10937373685560488,0.06869382188883143,0.030975292202586487
0.14755535259564737,0.1314971404306946,0.07708318489428671,0.09186573695120594,0.04242905095862165,0.16046400258255533,0.12723044883878387,0.15930433425655335,0.06257074849165113
0.203748568159705,0.27641757715155374,0.08084806542223438,0.14077720002680308,0.03227290353803778,0.03726493719737569,0.09879697409284242,0.09253701024717222,0.03733676416427565
0.0237634738659645,0.10320861623606248,0.20073961860506842,0.1117692145090211,0.0680112005636902,0.1787086065593678,0.13489816832425994,0.10627818582839622,0.07262291550816938
0.39465839171526684,0.07113478987905571,0.21100821408403062,0.04647409708856762,0.060776877430525234,0.026871355079979686,0.0955422234460993,0.07477991605581213,0.01875413522066285
0.07897575288401697,0.04922696574465484,0.10225986906861739,0.06407734638278066,0.0850091179281703,0.06749629203987788,0.16522901944690235,0.11427353406701736,0.27345210243796236
0.10232218829325936,0.20237721958450394,0.21993275755647304,0.08184811929497542,0.04954372920631774,0.08275501408617601,0.1124778562226015,0.0546034663937337,0.09413964936195936
0.06277304668635465,0.1268538697859549,0.21998639140436516,0.09936157088810749,0.21894748984957912,0.09685869499817738,0.12301212191558093,0.03521753974880835,0.016989274723072104
0.03541984116666669,0.00475187974286766,0.1045880335890204,0.3132796567443998,0.06539442569197264,0.09741725975837341,0.11162219299976905,0.06578751172995266,0.20173919857697772
0.09320371634289341,0.03346042802262459,0.19822354347764362,0.04114756501276383,0.16282089770469826,0.08458160606920262,0.17808768667655728,0.15163686029142934,0.05683769640218709
0.056415979375775784,0.054594556883354316,0.1876361884421377,0.050395591341032275,0.10835641545711046,0.11358016316812565,0.12876225109693493,0.10458375709783212,0.1956750971376968
0.12229875357024532,0.0357712001624124,0.14110374441358411,0.08818608906127932,0.05578986507761283,0.22508738053805807,0.1305648243472854,0.13679920084935715,0.06439894198016537
0.04763910058414842,0.23557771551911988,0.10923753666737279,0.057888778184071656,0.05997702994152767,0.08004600830408976,0.12104636026886502,0.11882613805214397,0.1697613324786608
0.02512172987576278,0.5228284288422825,0.11234895462056153,0.04159761978785217,0.04225327843581287,0.05197915315140416,0.09011882468253739,0.05158497079413637,0.062167039809650236
0.10270884426101012,0.22249795741828926,0.17901167374170704,0.1551514055441732,0.05366875284020717,0.03680198287803932,0.13297830982411776,0.04388221293975466,0.07329886055270153
0.17084898674443705,0.2457076181469914,0.14011697000332354,0.07812103446693087,0.035297034452167815,0.13268371467015197,0.10657892953857588,0.06742938302181385,0.023216328955607584
0.10546593511853004,0.052262956531939055,0.180430348340011,0.19730965629842376,0.03252323783716035,0.06239951524863211,0.11143270949722334,0.03597314636429503,0.22220249476378529
0.08352792786238727,0.07231983157261365,0.07500515785396775,0.11721055336712542,0.03436825529017439,0.051047583768631825,0.09552220664498101,0.4423861370982258,0.028612346541892958
0.06109548998907046,0.4800848246928225,0.17489195020926487,0.047395580201073706,0.03819985754666803,0.05011101912175973,0.07999822737302843,0.04697660022764707,0.021246450638665242
0.23732089005376647,0.011200165408833935,0.08273461613333342,0.08424353633427384,0.13800991821081124,0.10971107826469534,0.1634889370783437,0.0526945191206851,0.12059633939525698
0.08919903004475611,0.10210110777498466,0.15013868071770864,0.09768927858335084,0.05778890175779198,0.0668861289691637,0.16796040832236073,0.07875701796812679,0.18947944586175658
0.2068640267639207,0.1255080168033628,0.12451548914545836,0.09996233173357355,0.07573137184821287,0.10654007098978253,0.1361058682919083,0.07368901221823398,0.05108381220554691
0.24483271132322912,0.04145233402845427,0.1651018779672267,0.0831744742476188,0.05132322025853439,0.05816894859322122,0.12376076318545408,0.04076316768677949,0.19142250270948194
0.20690642977858265,0.04654780500272713,0.11684602755118645,0.1354778598140758,0.0749779341156113,0.06888879964747872,0.1421078157771962,0.12347210569399136,0.0847752226191504
0.1611372587501052,0.05823951551623624,0.15932252948270076,0.10586081881905655,0.044177010379270354,0.04774959810820384,0.14372585608548138,0.08967309396945207,0.1901143188894936
0.16071542545924897,0.00518945657912339,0.06119037309135542,0.0775057933102605,0.08545934291847812,0.11079737210415076,0.11592897501285214,0.07240375146497745,0.3108095100595533
0.05639540504434909,0.4361361616477289,0.09201388176664971,0.0877582106621394,0.03916190782050876,0.044354068250237765,0.10648325506238134,0.07991494542183582,0.05778216432416916
0.2207796859532876,0.022021301571917732,0.07543884969612033,0.09003484467601931,0.0384799732953204,0.1382800859555419,0.14324789799831786,0.12898705097483573,0.14273030987863902
0.13048962402717354,0.10379339339776462,0.25840850273183075,0.18683059389004028,0.058894627580306225,0.06205970930448018,0.1381420236082079,0.0377962009470337,0.02358532451316281
0.09007698963749484,0.0263100169958382,0.26464082486371,0.19760124542949484,0.06059324767251911,0.04410667001735463,0.14888719206494694,0.07548171343162764,0.09230209988701382
0.17112111145735218,0.02644544307698486,0.17499113041230574,0.08419439471587481,0.03882337147054888,0.19992464157005627,0.14013646811066127,0.07166057742369995,0.09270286176251608
0.021955709857807777,0.01946579088517943,0.072436681799108,0.19154779456820867,0.07489414368343103,0.06635037327175748,0.0979953049667258,0.4268624013282755,0.028491799639506304
0.05098540479957841,0.023464605129549832,0.2318730861106334,0.22127048233163596,0.07788718933256403,0.07030563809597694,0.15042873328359843,0.07452947930634836,0.0992553816101146
0.10380518671567913,0.07489763051040661,0.16406894555278168,0.1583761869881822,0.07981000422219088,0.0648493786983861,0.14710029682760908,0.09332801691456538,0.11376435357019891
0.08648210959180395,0.05727992631671642,0.09860981814107787,0.035944632236256394,0.08765849279760997,0.07169276625199415,0.14926744071875672,0.1704525024248298,0.24261231152095472
0.3383642652086158,0.0020270872322624405,0.21220148859817378,0.04319304659943194,0.07393782251038415,0.07047794183863636,0.12064670625842493,0.05506402990218492,0.08408761185188567
0.08704164118554192,0.07609705187142331,0.11861026886548387,0.0838309762488453,0.051847210318543537,0.30495196638784056,0.12128503451754352,0.09728595167155303,0.05904989893322495
0.17898920748304747,0.09511020446154461,0.22243896105711092,0.07463039732929605,0.08370521238484885,0.021996692644639177,0.11613614566457992,0.0731910429579885,0.13380213601694455
0.17063516265935563,0.04719910117304967,0.2640514126702829,0.1341718796022674,0.06434033562083999,0.04354277376786723,0.11831926108176664,0.10289607397492613,0.05484399944964446
0.1916276316795408,0.12308275964506894,0.08473540080682614,0.05398860096300398,0.24956517007804735,0.04546597895452866,0.10192052632555444,0.08840169721264486,0.06121223433478471
0.16603892832660305,0.2066061336782996,0.19100963545234287,0.05501689574589913,0.09407356380068106,0.026901601276899032,0.12249317802580732,0.054407389995479984,0.08345267369798798
0.33899967739519604,0.04087045718952393,0.08864801898034708,0.14562067777911936,0.0663695005991246,0.06833281308742568,0.12300711681319171,0.06793779147297359,0.060213946683097964
0.045886133662365595,0.5655018962091973,0.06899283001576513,0.03786587295227973,0.038518841067069744,0.07423969306621712,0.0942972394349579,0.046711752445071836,0.027985741147075655
0.050342296040095796,0.20231764581380016,0.13835338931383778,0.15066445344176704,0.08334740011733204,0.06992514699104134,0.1328072937273409,0.07801912109324423,0.0942232534615408
0.08460039136203452,0.044997843765701956,0.09003173604780228,0.04322597008189993,0.12931274160606024,0.03494460835225859,0.11196908464094096,0.4178074136387117,0.04311021050458988
0.021178256018795017,0.09003572530531322,0.12831488505698221,0.08251075789924212,0.0683872060931454,0.04868179790909505,0.11923131452491322,0.12602133982274913,0.3156387173697647
