0.05050072385174423,0.05927150019426958,0.1116640691342382,0.1140496101651877,0.30364922830673136,0.10983052704543872,0.03478236636711892,0.11948929443601904,0.09676268049925217
0.042412290672665144,0.10108970733859235,0.11534873209537484,0.07926643750195196,0.09954835763907084,0.10816798045986831,0.04680157427081628,0.13301642183544707,0.2743484981862132
0.02581218796942974,0.060980741870415,0.06184391452568702,0.054285375074019065,0.4227077207308099,0.09291226135275095,0.08421246443812495,0.07800757970053183,0.11923775433823149
0.14914956827685796,0.10744207730675774,0.11503977593371993,0.1983430099691692,0.04803255953954649,0.13273529231392636,0.044049322056431285,0.18031906688642763,0.02488932771716332
0.04652420022776487,0.08031841755993466,0.0999953403567786,0.07642335560546476,0.1415044795581766,0.16690336561048094,0.032540781787296406,0.1638827720800233,0.19190728721407987
0.06439804733760716,0.06639750479289505,0.12340303717154726,0.08104358683866979,0.24609137318150207,0.052778430408383405,0.2662387580511938,0.07998841316150658,0.01966084905669494
0.04071152651405512,0.053228121474350076,0.10657209153843095,0.057796866625976245,0.1162827906927064,0.13741441982578984,0.23719223592416872,0.06905000525391664,0.18175194215060608
0.043574064796972733,0.17424664996483888,0.10629827145675524,0.1451819445244744,0.13984350308090532,0.15068740786909396,0.04708098090668814,0.14908397958245492,0.044003197817816364
0.05447723053179749,0.03394713980096365,0.11293774009185092,0.06950835629326978,0.19075552661144354,0.2888922209993065,0.07256877296377083,0.07953293017733283,0.09738008253026438
0.18448883101201274,0.040817221866323104,0.09956371769505679,0.13514216819608396,0.05840434839197255,0.05693665193709361,0.04520661540167944,0.1994382958126061,0.18000214968717176
0.0670756116937427,0.04022484228256949,0.06682752149052038,0.07063274272145277,0.29433001561302446,0.30933432684320783,0.04631101712728419,0.05670375318137557,0.04856016904682273
0.1235887685427877,0.13858774815804437,0.11111465017975965,0.08411663250470806,0.15792293781832323,0.12613330993063945,0.0476645708755839,0.1544094691809006,0.056461912809253036
0.014292048752342376,0.028624898513796335,0.0959471480384052,0.12607798179327467,0.13367614906786526,0.13725679780075817,0.08194850622402132,0.1239870191141557,0.25818945069538096
0.057721370375998005,0.040543701390622675,0.09162124455951998,0.08801778717813731,0.05947299586442398,0.06242688928613432,0.10262542784246735,0.07968549192019841,0.41788509158249804
0.04234668786648723,0.1989701018637612,0.17751502145714215,0.09246459287989317,0.08726723037355794,0.13317453363339907,0.024548225559490534,0.20365160987133524,0.04006199649493346
0.055486834227417285,0.02652823628378237,0.06734658155133344,0.05983907245982529,0.23408432867963666,0.2083248725531789,0.021810998640172868,0.055275295097169254,0.271303780507484
0.046457585627447735,0.14761301141552108,0.12559321992594552,0.10718183153976409,0.1429525630869211,0.18828411637298959,0.04835759444724996,0.1424261138102982,0.051133963773862694
0.07392015741815584,0.5381133980686356,0.0763772796119794,0.0903258972853827,0.02197274312802991,0.027104030816968706,0.036116317459996,0.05979972429164856,0.07627045191920327
0.09389748948188681,0.0473435135012033,0.10135934694379752,0.13380528090871247,0.10239866663967545,0.0687896513620909,0.05436373236683109,0.08518912877324247,0.31285319002255996
0.07937333935328995,0.022295391905629822,0.10053917923653803,0.09222003048604,0.07329586021990714,0.11979242590335219,0.4010706705705323,0.05685070539877274,0.05456239692593782
0.021697603700805493,0.033339997658351626,0.07579407923903876,0.09284064900543089,0.33762451292099954,0.21059782643824465,0.026055346556561904,0.07262067338425057,0.12942931109631658
0.10774932251352047,0.05894670594564999,0.12111028975809246,0.20138122236685252,0.07676596529623048,0.12265735231051271,0.04680399045490479,0.20890464653271282,0.05568050482152379
0.19848189909061487,0.08219033758258572,0.12451818818359972,0.1064627075081601,0.19017216439650708,0.06572636483000997,0.03673572846493514,0.10062772031262475,0.09508488963096251
0.07409312691609239,0.13923183647678958,0.11710724024483875,0.17448386884847836,0.270241231239164,0.05814786345557932,0.050531580872290455,0.08306214308601578,0.03310110886075138
0.06663910266740168,0.06736019025773894,0.10662032542311535,0.13997516611900393,0.1621953421741469,0.14891791437951954,0.08388544219585987,0.10954186981229941,0.11486464697091425
0.09866402276630991,0.06840089122999092,0.08274309431551213,0.047678550748793826,0.04023229524749952,0.13492395781515557,0.03598301913318989,0.10577864648494072,0.38559552225860755
0.31075465890319004,0.07839392281696313,0.09499581826390752,0.1079729553873277,0.03686377353187751,0.09361464745466946,0.05987510649639832,0.13950431402062022,0.07802480312504613
0.07265379083888816,0.028838968269172847,0.05839188987928116,0.04897595311645353,0.3976302381891655,0.03766183251859651,0.2234420685269903,0.05321058089637396,0.079194677765078
0.14877255978516532,0.03383964698903216,0.11408779876107449,0.22446111363134916,0.17792735780556176,0.09207130313778174,0.04171905056723783,0.11906645758299043,0.048054711739807056
0.039966388640453765,0.012450892723103126,0.06733209963531653,0.12741597128186063,0.3354621837901013,0.048161388093026426,0.04673224942602142,0.0475538255766502,0.27492500083346655
0.08917358063285835,0.08673832057024071,0.11434657961031662,0.11119639868137432,0.09125905096022964,0.13240214809316922,0.04245905685904947,0.1999004119361613,0.13252445265660043
0.4192520243464603,0.16050235638288315,0.08242381817426835,0.07039074469260438,0.03221842926651879,0.03369886587166218,0.0361819800618504,0.14677581887089283,0.018555962332859534
0.15061898347874525,0.06978747866921785,0.11127022741668917,0.16947689727227958,0.21831548946623405,0.06926248057631341,0.05247697069763965,0.11832246116752532,0.04046901125535569
0.09198513730047637,0.062217137382159705,0.12173539524888981,0.23243321502728967,0.11328242566597607,0.15507638443061625,0.04248421630856645,0.11578939009369844,0.06499669854232716
0.08697649046711765,0.0134414941377545,0.14825615291027347,0.20534590554077084,0.06937448895900157,0.10895101452549345,0.04033190716389789,0.053250343078433605,0.27407220321725706
0.0953493090314969,0.013174888943135088,0.062267437081336315,0.08687239579804175,0.41175375512298423,0.08664985803618726,0.11057755528970685,0.03767534425487031,0.09567945644224118
0.06668284036761069,0.24580742523406193,0.1002530276675253,0.21032907992625471,0.12541102322268985,0.0792848104882856,0.03938234926670004,0.11185355981074852,0.02099588401612355
0.058699134116146724,0.12756397719655246,0.17730153508241794,0.06662185051885504,0.037580580362242426,0.12486007836234203,0.023752880461823434,0.3351055817444006,0.04851438215521934
0.0854048422706823,0.045494695939756934,0.11239794212181825,0.22902813179699444,0.15565358142369243,0.08145171364255789,0.04075345243665091,0.19622190137453477,0.05359373899331201
0.06033686364556055,0.3139042132680512,0.09069821773672244,0.12779432989016584,0.06099103832019332,0.06927982708547824,0.04387361564320563,0.14094732204238905,0.09217457236823372
0.05285724989402044,0.1259970586672173,0.11364983017871953,0.19621277575205784,0.07764057056759521,0.07051534794324248,0.04101982322430858,0.16166392702890145,0.16044341674393717
0.026923066058338597,0.1587410455400805,0.10048858402079341,0.04589103403724867,0.0813957062664676,0.1134724197902286,0.025976793947016814,0.0868623251887245,0.3602490251511013
0.027615331052528527,0.05090930936080288,0.09390278008224388,0.07849962367056904,0.13478531046815814,0.08081372512782302,0.03025230985223512,0.09871178476130944,0.40450982562432997
0.12778603758571833,0.11012114270255131,0.09793716835103577,0.07377469327478588,0.08842958575972965,0.08366375608599552,0.030039527881194978,0.19956475335888457,0.18868333500010392
0.32208595891870956,0.1473486375359313,0.10502585821448736,0.11366081759839773,0.052199522438042954,0.02247340679711415,0.047452676302773465,0.15620977935157446,0.03354334284296905
0.06747722647869792,0.03552803658057209,0.13067225896188692,0.17960340775592978,0.09831236564417427,0.1909501550616937,0.05484345961634237,0.12063964567559626,0.1219734442251067
0.06344185456259208,0.05895573404533025,0.1545734359153413,0.10519331935667771,0.10168636187516485,0.10752088753962878,0.03163317734335708,0.2930530113474141,0.08394221801449377
0.06849814100127578,0.11188942749947488,0.10943798853686366,0.12855868684080649,0.13386064686170138,0.0689656814676648,0.05101636474328539,0.1995103242425789,0.12826273880634873
0.028036946907453605,0.1371764758769535,0.13150075004341089,0.0615738301361811,0.08321247725646537,0.11328825720332235,0.1779679369122011,0.1039732008070134,0.16327012485699868
0.03900893506823352,0.4243492860867359,0.08243968264925833,0.10186349151713754,0.0454837122436098,0.0961597433585879,0.06262960048318911,0.08806018336756634,0.06000536522568164
0.03701118000037147,0.45266753302750606,0.07471830271829442,0.19265002766093797,0.07465560281861401,0.05058654649274728,0.027591450722445354,0.05723601508517226,0.032883341473911115
0.09080755845753752,0.1836599093579094,0.11299265145448463,0.11702424948964037,0.06304289506320088,0.10091127360338424,0.038259776813066325,0.18885742186073698,0.10444426390003969
0.05839111815124078,0.08601310122046076,0.10055062739029691,0.05021426556316333,0.19030797528053678,0.11070638001953058,0.02885484098815463,0.17381597665696089,0.20114571472965528
0.11716884966689745,0.059103468022392185,0.1157821513933185,0.06476196106515891,0.09390975841672293,0.24901617570979814,0.062321500575917364,0.09135866194285987,0.14657747320693473
0.14123438717095413,0.19108431695455264,0.12881323868724906,0.12594548100542718,0.09424585444447371,0.0591203135084716,0.04756090483102784,0.1688994177937028,0.04309608560414107
0.10303872047807998,0.06062923276226408,0.12381020784723147,0.12583575587036802,0.23395226420136206,0.11965622797875453,0.05375345216133245,0.10972380503856992,0.06960033366203751
0.05515128473687938,0.3960338913608063,0.0777853694857814,0.13534984156041155,0.0501331122965557,0.0399897192075478,0.02811604554500154,0.06937691814852298,0.14806381765849344
0.040043370341307054,0.031436693042565696,0.06950715713846205,0.07522420197034017,0.20618767297378635,0.26072095058844175,0.07428732728486813,0.06059748332048361,0.18199514333974512
0.03591245086065544,0.0607446696951112,0.13767434059418782,0.11875954822200036,0.31358464082838655,0.09481816914434123,0.04699996403336826,0.07509419902464409,0.11641201759730509
0.020683876192819164,0.04694994704524955,0.1006448973990634,0.11477027095432224,0.10496271413009577,0.3409781664400771,0.09564555778160688,0.1397681677421054,0.03559640231466039
0.021469486118180534,0.06172970739855014,0.0902821248538949,0.08412269783746167,0.12085338771195236,0.09595914105612097,0.036473485657205214,0.07016186404117157,0.4189481053254626
0.027495509379834106,0.07614643072762582,0.1615401685664231,0.12684543396003387,0.1686661746990169,0.15459181116675452,0.03974505263749774,0.1770909127206267,0.06787850614218723
0.01913700068397599,0.04052416625194311,0.11032797896422357,0.12124418932869933,0.10286898398961929,0.06815105516206271,0.02800889505795753,0.11305155509709724,0.39668617546442125
0.03591938642368525,0.012389233171120404,0.09993361510833991,0.19440570994032036,0.16797221825736178,0.14838347784680486,0.02606834231920914,0.05990411813074579,0.2550238988024125
0.04538430352881448,0.02710193621590998,0.09001146970497449,0.07151135446471053,0.18710829531022943,0.17726927745848328,0.08251804387399461,0.06363545867325422,0.25545986076962907
0.16505902103994027,0.09940423049100193,0.12785837048966353,0.13587875499271504,0.096357776770106,0.08816608331079702,0.038537646934662245,0.2140652407099839,0.03467287526112995
0.05479388345660766,0.5277566955216697,0.07503545087374174,0.041243030166221425,0.08301119200766531,0.027640562347863402,0.04313843030458258,0.055268089433889445,0.09211266588775867
0.07997638764314358,0.11637796006839052,0.16538255560463022,0.17932828708037307,0.10547654454889527,0.07745454860580643,0.0332733193445979,0.1721510185320323,0.07057937857213066
0.03251715726979714,0.06314483758368915,0.1312853736723039,0.10683145370356806,0.17820416278544438,0.14399668412621114,0.0289138434466312,0.20827043622134103,0.10683605119101414
0.12973817680409624,0.08593719285862476,0.11884947870126783,0.09153250909527287,0.1672947319984093,0.18956166373188313,0.043347851927752167,0.12690137748104283,0.04683701740165083
0.03978408271459904,0.11585406781388873,0.14435540937810706,0.0985759119849211,0.11832923359462445,0.08529932066196498,0.05337002211465974,0.21947796960604907,0.12495398213118587
0.01747859776509444,0.0225589075208749,0.06867752972621786,0.0417426779888711,0.1253364565121725,0.31454841782164755,0.048968022388161093,0.055282616897284094,0.3054067733796764
0.042825913602622535,0.04664993142453333,0.08923570443500443,0.0724841091849446,0.10360595368931301,0.09405234671550533,0.2011788355686462,0.08106487232461297,0.2689023330548176
0.04202336451213092,0.48184418103961235,0.08629391140509231,0.16721568156120847,0.03511861699533592,0.04366590132468642,0.028257042982103946,0.0694149860787384,0.04616631410109132
0.020654704473959656,0.10952020903944974,0.08380620217225458,0.12474032121934876,0.2364354924458952,0.02406396462817174,0.026957388470444255,0.05897145628590058,0.31485026126457544
0.1673586963059811,0.11015344017716666,0.1451124065139614,0.19939237369875895,0.0887902361098712,0.08230165830304029,0.0472205338963095,0.13082701074249842,0.028843644252412547
0.023948383542390688,0.19738509085946906,0.15197799900632256,0.13169149671993444,0.09267917500374866,0.16809665556199524,0.05137208587105002,0.12728375508676265,0.05556535834832669
0.018182203663313124,0.03747812109030646,0.07968161975067757,0.22521584094920433,0.12614580679138782,0.015526092004599831,0.08347966897161517,0.06619006410918966,0.3481005826697061
0.027568189870897514,0.03630257286378513,0.09031622025417341,0.23146290705960668,0.14336291138888393,0.034991635110614074,0.05336458826872729,0.05743260708820292,0.32519836809510916
0.08126479271124164,0.16887986726046908,0.14398712222045554,0.12706807535263828,0.12751030620561207,0.15795091326666155,0.036166355137818594,0.12958750595191376,0.027585061893189527
0.07076318864066175,0.07408394671611515,0.12458851741829176,0.22151430916537493,0.08477215739664214,0.12904457007523015,0.04830556402218067,0.14505096154797695,0.10187678501752662
0.0854558220593517,0.044349720455715745,0.06697197390914156,0.06872892259893665,0.2685281443335634,0.12679639671100879,0.22401015823946335,0.046533507845719434,0.06862535384709938
0.2896891455417845,0.043942675209318216,0.09790324651376392,0.08669069673850816,0.11772218213166942,0.11997113569846328,0.034155413652458305,0.1377600000761401,0.07216550443789406
0.059867276492797945,0.041718568764150386,0.10812345814868529,0.07777120666599023,0.08360460394788276,0.16679495174237782,0.24390934712588005,0.14568381940409994,0.07252676770813561
0.44690500283942464,0.06322835715457682,0.1019582252371472,0.0959337290377724,0.0368365187509232,0.06977434836232045,0.04301039953081012,0.10490884135686267,0.03744457773016253
0.10800840051996534,0.15056836355952072,0.11998607686404134,0.08877891160965094,0.0992846157161432,0.11013524193436475,0.03249763826971364,0.16710722159287042,0.12363352993372952
0.11167750829604044,0.11062066170360739,0.12298145338056043,0.05119157509632988,0.09045839578583459,0.09811501307777093,0.04106547424822305,0.18891792307702474,0.18497199533460862
0.2187353277079274,0.1305640639868523,0.1440268678318627,0.1553339730614353,0.08261595229277492,0.05599642711679479,0.046873873923450014,0.1064538284799852,0.05939968559891736
0.2624224323789384,0.11708231177707258,0.10009858286644502,0.12466825003009441,0.033135792692349,0.15822178353928953,0.027328864965629265,0.0851600884939681,0.0918818932562136
0.08662049387524189,0.1573569442665758,0.13159322117347336,0.10675074067106687,0.07139757910893464,0.10092618788767531,0.06135065102699591,0.13331608066763315,0.15068810132240312
0.05700283970762702,0.035790741372732894,0.0915007855599297,0.08845171697954886,0.1652134783660091,0.0372342746975362,0.3463137453322962,0.041760032472047105,0.13673238551227287
0.032243017372330714,0.07263060664526673,0.13934757529057723,0.11613895110092316,0.20282739242785766,0.1175568123283585,0.03747650470299682,0.1964528919277985,0.08532624820389063
0.09911407666662514,0.11776565375279807,0.12094101008642737,0.11113766864455017,0.15823289789899112,0.11866328883670785,0.04990496069104095,0.14919525549324095,0.07504518792961841
0.04867302900591881,0.13046485303868727,0.13683919689831311,0.10198333705822919,0.1679744586362614,0.12506396767827357,0.04465348475741257,0.13120186138352394,0.11314581154338012
0.07821446802633601,0.08437482957323456,0.11817468317641637,0.11785479307597545,0.2190778132160738,0.069479207528572,0.050270867117758376,0.1965439622228727,0.06600937606276076
0.027334696970929582,0.010606345464071567,0.09208724208502274,0.10975606764130931,0.11542797796777227,0.21175259911258637,0.07857528105301718,0.06403982290878035,0.29041996679651055
0.18740710563576116,0.10669550222156128,0.16485541316181837,0.05772931327850466,0.07833732516285834,0.03672908801406126,0.040681757144438946,0.22465197373762621,0.10291252164336974
0.07333154735027604,0.07239784403420366,0.11076809678189693,0.194405272343008,0.17859962886439504,0.12492043377685053,0.049529144169968974,0.16747852182076994,0.028569510858630843
0.16391037993699484,0.09961612769776755,0.1068871253331471,0.11895094197881971,0.07071185914447624,0.0817559205232714,0.04337736213590956,0.2109438590517575,0.10384642419785628
0.05819992838387542,0.23137380411105357,0.1018968436264639,0.050558807917103876,0.06750074071638489,0.055142512779181384,0.03262593695950283,0.2002431920569847,0.20245823344944935
0.061330354713143985,0.18421700522310544,0.10132430077401033,0.08029239808145981,0.10859189419466307,0.2196827582650914,0.04021865920068544,0.09454461230679467,0.10979801724104597
0.13573880120576845,0.2633634936641431,0.13513975494276567,0.09215207499806044,0.021094803548909535,0.0748350620041435,0.05497093291661398,0.17410569700324863,0.048599379716346765
0.07495188350938563,0.09312948828860168,0.11727456736772741,0.14100982427447795,0.07811954202601289,0.12977221248725654,0.05411211395806088,0.24573095255862187,0.06589941552985518
0.043728798685161385,0.04917910702194541,0.06251283141699333,0.24328665831384613,0.07937465666057784,0.011251579998027441,0.16959625439683412,0.04634903001804871,0.2947210834885656
0.2764400730933258,0.11204905791175372,0.07120027875237535,0.13443485095526328,0.025885246664642782,0.09810971147849994,0.03777566938857788,0.19710575337519198,0.04699935838036937
0.10132603268537733,0.11735710106479602,0.12054678204858221,0.17272033618854718,0.1794303809146419,0.08866009117322271,0.04054034163429656,0.1113743274596758,0.06804460683086026
0.04292105306218871,0.02021148996542207,0.07549219027046349,0.05312761746554264,0.09371865460645236,0.31275397611265054,0.0914791961564243,0.04859745622801489,0.2616983661328409
0.03285275242655996,0.02436271528572666,0.15710227988837824,0.11787715448843263,0.08742529774662411,0.22637305583777853,0.18764675653948157,0.0640548016659589,0.10230518612105942
0.036347119138318264,0.1561280126499691,0.11928449922959643,0.13778637442309136,0.11990639379190231,0.16121720230899014,0.04104518845437243,0.1448685341470678,0.0834166758566922
0.1204984850280529,0.054902940516229654,0.11402468443738205,0.07717075835141597,0.37255794331974257,0.05065848691113727,0.035699454870375395,0.11654505950379063,0.05794218706187359
0.0885594072630967,0.06405832261012535,0.12648880506768292,0.16133026365250017,0.11108440957662181,0.07937400332842501,0.051919957262825535,0.25915890481686943,0.05802592642185306
0.045966810990046174,0.05347206532697732,0.1807828196486085,0.08137547396490367,0.048303103054160745,0.2763757261597198,0.08241342896603761,0.10909734370801301,0.12221322818153314
0.028625385954788224,0.08255201126178284,0.12769662787789984,0.05818329827931066,0.12580881954028658,0.16009780873322407,0.04836484012234454,0.1688302086493673,0.19984099958099596
0.06584376560401595,0.059354538466895895,0.13339815073313824,0.08704246320766812,0.2703814592716304,0.08535767057342196,0.06327091739721212,0.11838478734470516,0.11696624740131223
0.04556775426704057,0.053338640447737624,0.08776830607736096,0.07991550237428237,0.34905980175617213,0.14246029867547308,0.02912422249862549,0.07146131172128074,0.14130416218202693
0.2174917926184353,0.05338892774799639,0.10849733899541437,0.13868529274079627,0.02425766348565141,0.2726784665857654,0.030580875524431218,0.14094835900316763,0.013471283298341977
0.2086059079482709,0.19230685158264915,0.12877391682443204,0.08985416427349628,0.0652336685864281,0.04166129676131223,0.04806860619967507,0.13449787439644115,0.09099771342729514
0.08899147395633604,0.049220761006996704,0.09857311085178443,0.08001596654282926,0.23674181974847397,0.09156966846477999,0.16381621739854613,0.06645730166105374,0.1246136803691998
0.055029008508904124,0.02451140814315164,0.1104568362879222,0.15581150654749007,0.1157030516443987,0.03666850817867656,0.3185284880701515,0.0639396125063097,0.11935158011299545
0.0633705541593949,0.1938678772400452,0.12579398768838695,0.13100080592902713,0.1275084902462237,0.10900116118603242,0.05126611908306963,0.10840163870679202,0.08978936576102803
0.04838567568042754,0.02168723115505962,0.07256882598251023,0.10573733204591172,0.23191039456222629,0.18086528661945775,0.02570468325704836,0.06569833205451729,0.2474422386428412
0.01407671662734719,0.018381677555327876,0.07943576501438127,0.17888456235412656,0.33407076943616215,0.027097646287470606,0.04840449193159141,0.04223511578352502,0.25741325501006806
0.13716899177932032,0.08205649448286034,0.0780477505124223,0.08242045027847945,0.017616197883864745,0.17823526008427695,0.02660946163717391,0.1790354166891673,0.21880997665243462
0.12565310525042564,0.10993837641753511,0.1274479873496387,0.23796117243935141,0.06657816350226366,0.12873759319078706,0.033942129721546345,0.1226676835441355,0.04707378858431655
0.0358098813506846,0.035852563420539364,0.06566857939291154,0.0798568577083426,0.28073282573336505,0.07727781690041491,0.05896725135399463,0.05597294038797657,0.30986128375177074
0.05868451098192101,0.02646183701623638,0.06070568108446306,0.040988708465249046,0.2564314744061255,0.22983069498709477,0.08060956716409583,0.07174370036184934,0.17454382553296507
0.19069817640654277,0.07204542131174041,0.10137473828897163,0.07185761340523877,0.0371217684650319,0.16896767878489172,0.02968210758624437,0.2855853799621845,0.042667115789153935
0.0915239145222778,0.07596166172956549,0.12425160254231842,0.10810402365189346,0.24987502949698515,0.13480573474703614,0.05103954844641922,0.12352170533691248,0.04091677952659176
0.02745137405989011,0.05080364591134654,0.10766724281990198,0.13291461014536632,0.1503681990184723,0.0670197516832191,0.29456448670801655,0.07059475973909764,0.09861592991468948
0.14199257100268312,0.30063757561316246,0.10125567002168388,0.15229861789031643,0.025321643400499652,0.09843479065859768,0.05586134168025909,0.07214856369313012,0.052049226039667544
0.08530478336658646,0.20323397448856947,0.12373212654593889,0.09234719338070863,0.07115249984427326,0.08464532255039954,0.03350660171378262,0.08811484984675187,0.21796264826298925
0.19302094381632404,0.04792961953171463,0.10894998806601193,0.11277535193160752,0.04161389927705711,0.13166546390821285,0.03246464039842268,0.26491992864456954,0.06666016442607973
0.15785822353612358,0.5000760090043156,0.06010519753704899,0.14040909138036606,0.01617011762887254,0.021239224630694647,0.04018976818488416,0.043970172508637904,0.019982195589056492
0.039532540677889916,0.0244999386004843,0.08833770485054576,0.09707820097396613,0.26195122276386584,0.07888915098479493,0.15526859143647007,0.05483448861216802,0.19960816109981513
0.04709955021349558,0.03201926635327434,0.1361510537348789,0.13968730848780525,0.053532366302842714,0.3774220431538116,0.028874000459264162,0.16759817693583598,0.01761623435879151
0.07389841537727035,0.05935897971331408,0.12904026515394484,0.11319328797741035,0.20282384965310754,0.07883180314776231,0.12820721903905952,0.07302387065972293,0.1416223092784081
0.07213304836858507,0.16755887221393895,0.11511828079483966,0.1334342957885056,0.17928427872313746,0.11696184676403847,0.055215535941177125,0.10795172551287784,0.052342115892899915
0.0633357571727683,0.07979395923707724,0.0946582477141152,0.0810105650146673,0.2915836648507027,0.14966749454813533,0.030548130492869776,0.10369149511254588,0.10571068585711824
0.028244092241958882,0.04998752592378897,0.06513483255641184,0.051345329190199164,0.17376253708654085,0.21844128332754717,0.02990945961599159,0.0705287344734436,0.312646205584118
