0.0808189048213283,0.0294392089440767,0.056958056866988356,0.06382654761724364,0.061480317844647504,0.09879326238988902,0.17152897232474149,0.18750565691854404,0.24964907227254096
0.030196540216626443,0.04374735032474816,0.0838753424974299,0.16045007555380877,0.2481206424178195,0.09381567670032949,0.11050328636609354,0.1470653941767228,0.08222569174642137
0.11542275697072685,0.015109847627297926,0.04939081421811128,0.015842704619914705,0.2823113976259211,0.129161033112459,0.13845095254602047,0.11806646313409137,0.13624403014545725
0.02893160009032358,0.0573482723347394,0.20148768405232173,0.06848667116952913,0.22087755727131006,0.1012929405386573,0.16741981055967167,0.12118373989626523,0.03297172408718185
0.009408937437795825,0.02344368567139891,0.17561905185241913,0.12750535624094061,0.22569077299124027,0.0662572036678773,0.10312750443582365,0.0682211997831293,0.20072628791937505
0.063088396137851,0.0400422398307655,0.08077831802335762,0.2808147739407349,0.1257698015638406,0.11532326922249381,0.10523414986324438,0.11880012506800845,0.07014892634970371
0.45499419756198217,0.01472416165020044,0.01799452733338065,0.18700047943433926,0.03244639148187286,0.13981968567448125,0.05362113776482922,0.08209345626175228,0.017305962837162
0.03507943395826688,0.04475450080689256,0.2132661466932426,0.17187766187290288,0.0800939771213069,0.0934874685434875,0.15092613238055866,0.10364224989345243,0.1068724287298896
0.07924127214260647,0.2918954533486168,0.03254518274446438,0.01038209023165708,0.09388586383555438,0.10011641062505938,0.10844471172294916,0.09368502264114247,0.1898039927079499
0.1368556026417351,0.06696205290071773,0.035450128910049505,0.05763895622936749,0.04154321301461734,0.13411018687298623,0.19613297945482125,0.15213494993884005,0.17917193003686535
0.056688416816679965,0.09330793054045185,0.041221425207068875,0.11532483927497829,0.03889451112331387,0.10978674289268098,0.13347216704181494,0.15752084191296264,0.25378312519004853
0.06999090163245618,0.12521249631493422,0.054994066895778536,0.10264375763640711,0.02115289807616605,0.08613549529417493,0.18047634938430476,0.19265328926489136,0.16674074550088677
0.10261584086968416,0.06322559323896919,0.046652995242435706,0.05291445419673676,0.08738394990077954,0.12269200728055425,0.19606347371636304,0.1849883446478412,0.14346334090663618
0.07400077136356314,0.21316592549033198,0.04354616815511871,0.06308844520402103,0.0655938698005688,0.11652092378353927,0.1501645125586671,0.1645660670992416,0.10935331654494836
0.05666346669300706,0.37815919316539387,0.04607101773880564,0.06808783933473662,0.029394651343781063,0.1418364069874051,0.12116748996640565,0.1065125294724441,0.05210740529802086
0.07427040470849905,0.19266915631421,0.07407337154949825,0.06565416256859334,0.10898333123330166,0.1302041826880809,0.12770671400631495,0.16972051380159422,0.05671816312990765
0.06477323881129392,0.3071465515121306,0.05224887376461971,0.027141804231421623,0.08024825428566568,0.14788400206127553,0.13322781267351458,0.12195187199318401,0.06537759066689423
0.04368903541406075,0.04461005233423942,0.3887913546923909,0.030206639838196755,0.015171363004804074,0.058202125076535084,0.12113875022707714,0.09106967567144712,0.20712100374124878
0.25203210139523935,0.03601781453397257,0.045880327206100656,0.10171191632555544,0.053587765526393605,0.12713709790120428,0.07100140924162784,0.09499634262696553,0.21763522524294068
0.016845166115037166,0.06902169886759425,0.0874456180166982,0.327917953987628,0.19881056093476665,0.06749350230914945,0.10213829107591145,0.0840615092589806,0.04626569943423418
0.03313579973927386,0.019035553387983413,0.1434545592451536,0.044421999643256695,0.3732249678317318,0.10908922791696553,0.12883643474428352,0.09646208772070035,0.052339369770651255
0.26755657195152266,0.14429696137533068,0.06224444367559464,0.053681572031686296,0.011040032176543771,0.1834881298846369,0.14578233270032917,0.09838213812187617,0.03352781808247978
0.09322791601035067,0.2286584090314692,0.07120132882654089,0.04788167769168028,0.0758675328202198,0.10516173991761008,0.14475855333806806,0.13288508550238123,0.1003577568616798
0.09034545420509038,0.09213711498406162,0.062315879975686994,0.08428487191512052,0.022724556666288854,0.180733269901563,0.12737050942561293,0.13241068240490958,0.20767766052166614
0.026315253205896814,0.014138239107821984,0.1329762090193263,0.13992046645548464,0.20169750135489303,0.08630075356844956,0.11013226247652368,0.10239444556602567,0.18612486924557828
0.04307770619187862,0.12126387936892648,0.17985875969849166,0.10588981334434767,0.13648645794466485,0.0830670867717545,0.12698696542432328,0.12002791694154136,0.0833414143140716
0.0484970565068678,0.22676039610254414,0.05579888917698681,0.09818754188618108,0.05065616004080104,0.10709744576345999,0.14919738837075627,0.15240633703754705,0.11139878511485572
0.018068599809097457,0.036708410922041294,0.07735887619105652,0.17359969905298409,0.374284919514879,0.08492700882233996,0.0968721621605718,0.08950504393074503,0.048675279596284794
0.014623814384744083,0.03555802816897044,0.18479120038567462,0.061652769842411144,0.40953569403464557,0.0883925137547766,0.0934925599973266,0.0773952620473889,0.03455815738406209
0.22847036596322526,0.09913201369660223,0.06377785563372997,0.014246518331326508,0.024872483849534718,0.12395007380800627,0.08466963642341378,0.0788651520534382,0.282015900240723
0.018211188867470984,0.09729259031342037,0.1479091606159141,0.11811539322717846,0.03863682008065906,0.10233220513134635,0.13919734152875618,0.14869985147752346,0.189605448757731
0.015938565293614104,0.1581364642257056,0.07069890428935156,0.10393319310589788,0.24999819760532418,0.11284861720883393,0.10068168692516881,0.10545718619626239,0.08230718514984163
0.029373050611175334,0.08871166109573163,0.08584009088385448,0.06203348614936762,0.3645895476810395,0.090335829257299,0.11862747281096749,0.11083306585612063,0.04965579565444438
0.04942482052942148,0.07170848456924052,0.11844917175507115,0.08173591589464312,0.22699368099768913,0.14213014669272364,0.13964525971863997,0.12800458784179986,0.04190793200077123
0.3953325879487706,0.1287661283854554,0.03296366384597103,0.1517746023270331,0.11336248488675817,0.039279209460187,0.053730812206727784,0.07537609086321063,0.009414420075886365
0.039833514123792914,0.12431495439591349,0.08560558505033984,0.08415073527996013,0.11915024416059933,0.16162264528048179,0.14272430806203537,0.14986416261143012,0.09273385103544701
0.13881542093675772,0.02869578976332125,0.2961669057828377,0.08636385619384819,0.10282595277644939,0.057118098998658356,0.07160472347083492,0.08023702732167316,0.13817222475561927
0.23297813054745364,0.051560207135468085,0.13043118764202707,0.1594757213363808,0.08537749057955539,0.08825159403927929,0.09995633019551668,0.11754630753379681,0.03442303099052225
0.08482834374204042,0.0243444991876386,0.4447570900665467,0.04929728257201336,0.038209899265711965,0.03768502899346197,0.07740665291269931,0.0540218687999924,0.18944933445989529
0.09582391339917272,0.08060037385350138,0.08207439737476939,0.05974818149618294,0.017716873339587786,0.12532228171882628,0.1643159418684836,0.18462659007885632,0.18977144687061953
0.024431777142797678,0.09817079597673829,0.07161695814677246,0.31007334789775176,0.07025291406585271,0.12976223394830325,0.1073263804686856,0.14377680334507392,0.044588789008024377
0.16999486680661757,0.06332628434950704,0.2654499725874195,0.024395551425472017,0.09389286077269265,0.060620572376825575,0.11024976966348006,0.09796054247474499,0.11410957954324052
0.3309769195753323,0.10866002650263835,0.027762802054491623,0.09953255041922404,0.11498667079242438,0.06401302581977712,0.07722442613077035,0.12320890860281626,0.053634670102525504
0.1387919880383973,0.11600020972678976,0.01675459151271553,0.04723220397616559,0.03685167368731911,0.17541637395160048,0.12346732139284748,0.1669486968790679,0.17853694083509683
0.03722004059728385,0.014553912038210682,0.07131311144685522,0.07485181309654569,0.27562543948220314,0.10693634833571215,0.14507596453709434,0.21267650167824126,0.06174686878785379
0.06544366822680094,0.0073345227086768555,0.5329453986380345,0.018786467197097433,0.012288034996924671,0.06799572257776554,0.06642825668902294,0.05645448892357798,0.1723234400420992
0.024721259902418885,0.03172615096569832,0.08841256154600537,0.19136718217737272,0.13462879580847606,0.14215355429950713,0.13016343568012995,0.15837623538070894,0.09845082423968254
0.3438093992807379,0.08653642215489223,0.09130805438478411,0.013354322846663528,0.009931444836252695,0.13839528749086652,0.07159617265137581,0.06235098102347677,0.18271791533095047
0.07831550854666014,0.21180742092247584,0.05122310645725148,0.06859237239144701,0.01833976598636741,0.04578763400571567,0.11432074444672968,0.12415764520468821,0.28745580203866455
0.11561971012250712,0.08836598046216981,0.056463689522267914,0.12250403467732278,0.0890136706591939,0.16606670294628845,0.13165570046456657,0.1617221664482042,0.06858834469747929
0.03398920433094007,0.10475961390016646,0.10452510942458576,0.22578882179964976,0.11550494261683064,0.11574524919804652,0.1195986535996153,0.12915107139677537,0.050937333733390135
0.07705388384929639,0.2252370189676062,0.07429981457030001,0.08638223975003555,0.06128813946830455,0.1122509688476636,0.12932292183991836,0.17204269784462892,0.06212231486224651
0.10010698348944168,0.17443580157910757,0.034195595065398064,0.08045021664878839,0.04915955495386667,0.08320276366805464,0.1380261718005571,0.19804880128363003,0.14237411151115584
0.059562437341893,0.045845426197732735,0.09168248011407139,0.05693819678842043,0.04569422533324968,0.12237552091329618,0.1098971715344466,0.11609485617246902,0.351909685604421
0.04512231996174674,0.14819195839833588,0.07575061619362183,0.0732305949575019,0.1575751291837841,0.10887346130363189,0.1369780639031909,0.164227344535807,0.09005051156237975
0.04980249992937357,0.021346935987229945,0.09457195344439695,0.10647388871839063,0.241911443803603,0.15947701139609163,0.12470800031556169,0.17528919728968953,0.02641906911566301
0.05580139870301452,0.06174335514006973,0.10392378008671806,0.10719012750029361,0.15504096929066682,0.10761184076883963,0.13536997763532546,0.1766884127627608,0.09663013811231132
0.018376495325434148,0.010714086062110979,0.10968665962868153,0.12454223137430702,0.03305662353782654,0.06464862594965355,0.09119941972170742,0.06828983204114847,0.4794860263591303
0.08383398435479827,0.24185573279023895,0.04559556909957574,0.09616381999502222,0.01811061134984504,0.19790805583954754,0.11438810574515468,0.14287048431640115,0.05927363650941644
0.04119713830615982,0.07141639250988177,0.06549740615509628,0.34300769012912896,0.010599593393180333,0.07731966382518468,0.11351056669034214,0.12374783813216861,0.15370371085885737
0.07862116131375482,0.08967383302880083,0.09393020349482446,0.16255332982853107,0.031265560332185506,0.10936892336413641,0.1618292876464035,0.18181866973169392,0.09093903125966939
0.1339411893889587,0.08095993507206052,0.08815259085499882,0.2642377258384571,0.11707850855467221,0.07706636817554423,0.09849498111354503,0.09751294565407283,0.04255575534769066
0.07529472028439828,0.04738369418857419,0.0584275744583723,0.12825146305134852,0.06031046456247502,0.13860667120002082,0.14692564702077696,0.1487003173560949,0.19609944787793898
0.15585523842364293,0.03400915773093562,0.5257092379337799,0.027481271925726383,0.010804997474237707,0.04273486252243444,0.06868722581072934,0.06247244048401555,0.07224556769449815
0.046915412403291494,0.028252070754168506,0.13449987993858942,0.07083275811527658,0.31483305446096804,0.12061557309899391,0.12425577512872556,0.11364107274295655,0.046154403357030034
0.012330460542825666,0.02146503525501293,0.24098911878951826,0.16648569209686095,0.18709860389735078,0.0658766184785995,0.11043293651985735,0.09759465556790903,0.0977268788520655
0.13248302361604133,0.3448216013109726,0.05711358846959244,0.023596435021902343,0.06055517804326843,0.09415955690817017,0.13311649859545735,0.08209476999270661,0.07205934804188865
0.030736860535618544,0.2522727674513536,0.07023747787025612,0.16823482054756822,0.06652653264888231,0.09434511012761666,0.14740610985097977,0.12905992647068668,0.04118039449703817
0.10071611810420589,0.46788287401269146,0.016978127458887403,0.022009309878331326,0.009597300102675866,0.11756511016045147,0.06702461090102295,0.11040468419116561,0.0878218651905681
0.04926101087982371,0.3168935502743014,0.026152839792412327,0.0541340981619704,0.06810350071782938,0.12613299135600145,0.10955108906795281,0.14298826458049882,0.10678265516920978
0.012049425309779442,0.013357332611321425,0.21686664494701893,0.1960043370814,0.13788668481202615,0.05541543811602837,0.09648642373126833,0.0746383049909447,0.19729540840021262
0.4185604497407039,0.10275989254772717,0.022937031694568535,0.1625508804493362,0.04681169991557619,0.05907978683757065,0.07330898038838198,0.09095691092362611,0.023034367502509232
0.0670015248609737,0.079580280514939,0.1720978825684264,0.040230937430250746,0.04118332848765475,0.11418242628754462,0.10786419057505549,0.1118111398785524,0.2660482893966029
0.14746806171918633,0.05005564035166199,0.0652112956752292,0.01953051889333283,0.014445078078418688,0.05002687882880277,0.09839381853699351,0.10062045560734369,0.45424825230903093
0.5004560195436453,0.04924994909545738,0.024978357686313846,0.16041330219313943,0.061490755378534885,0.04326492437911239,0.06111439945697377,0.0860637218183883,0.012968570448434589
0.08957077527107553,0.21699812347719696,0.06358455121223533,0.0738792224367418,0.04072152044819585,0.08355711815770382,0.1391412504135475,0.1812570295941419,0.11129040898916127
0.2471526589372839,0.17869168848646763,0.050231377220673994,0.1041421217520565,0.00999786786194771,0.10362076784024087,0.13551053923505726,0.13243567749157617,0.038217301174695885
0.020332595589664777,0.09172266980356288,0.1367376291558382,0.19927909431220892,0.14976977774175879,0.08185348376718116,0.12568797544401342,0.1425998307113623,0.05201694347440947
0.06309136505570691,0.11496773787092207,0.05983106731417918,0.341012608233567,0.03174678563316866,0.08646484879108295,0.13028386285375312,0.12992015254573164,0.04268157170188852
0.04167542619797307,0.21146082671417585,0.10606450374378418,0.04153768587996382,0.14881035005404858,0.14430421448121522,0.13147759698653425,0.12221526509975138,0.052454130842553605
0.08605766887639654,0.2886032063011161,0.03243433528791032,0.010144682199635418,0.07640479914791777,0.09480747831191731,0.11196336321434908,0.09413994403031146,0.20544452263044602
0.016548622910666357,0.021790117920694255,0.25332135303408615,0.14868248222380023,0.10924789212100199,0.0864345473141372,0.1111363949263842,0.08194944905996487,0.1708891404892647
0.06784691100528215,0.12512476839404174,0.0916278925116933,0.13373319623904167,0.06929083525427117,0.1081174455802461,0.1451370942435074,0.16567568535590835,0.09344617141600815
0.11760712501998218,0.10571020821511164,0.120733626405045,0.07312665844585381,0.037035667839997455,0.10244204251456092,0.13265887926536207,0.13777807674361847,0.1729077155504685
0.027146154154777658,0.09378180235217508,0.11243218334268894,0.06780336114163697,0.26440878796235473,0.06826151853413605,0.17693167875166083,0.14376834706399305,0.04546616669657667
0.032332027910028836,0.11949264875736522,0.24317128235452645,0.09626091088008105,0.17097682048384608,0.06233993015251741,0.10166618915383996,0.10959973777448105,0.06416045253331391
0.09695798437635224,0.07716247777443458,0.08297035528843626,0.030527591065600726,0.09497892999199176,0.17248829598945123,0.12386433954727817,0.11337789341504018,0.20767213255141492
0.05483459965990484,0.2274548422074549,0.0713220457248685,0.0972898574478057,0.08843899800446302,0.13076995698776803,0.13782768066804782,0.13341636815080427,0.05864565114888288
0.027674286072771725,0.0275539595827612,0.13748822914964076,0.31357963496089775,0.1238340047280691,0.06021298320548405,0.09465835594850437,0.0804510651656513,0.13454748118621984
0.04309353958541984,0.08671395988367044,0.04857264523027175,0.027807365570411923,0.011098470436608,0.09649162406122726,0.11168073140525336,0.17617700776508527,0.3983646560620522
0.08488062309419335,0.08344331575014287,0.08593427463740055,0.23284571055271241,0.0915526760661393,0.12223517740290385,0.1276425427785041,0.13635567995962405,0.035109999758379536
0.0581398793497605,0.2659456884949933,0.08246667503015015,0.032032939724009835,0.0719488163689859,0.04706890163474655,0.11816217921385781,0.17292513836090415,0.1513097818225918
0.06669089715192783,0.03600649359135886,0.4582737640756787,0.05585151061502707,0.04089683281497603,0.0822984121786921,0.08517499011651036,0.08599150047795774,0.08881559897787121
0.19573102478353296,0.05842260047104592,0.2156707395824594,0.03139765910899347,0.05494472406590054,0.16096674343068798,0.08651851338882917,0.10104616669913014,0.09530182846942055
0.08020249985102662,0.1396631950970723,0.13272919856074825,0.17727738094015658,0.04484464027488904,0.08631954373087493,0.1545589823984486,0.15131924480327588,0.033085314343507755
0.04119372392287238,0.3761908951109659,0.1153432132243889,0.032292732712456564,0.042482457510690595,0.06970940494626104,0.13203299599112195,0.13975152226038678,0.05100305432085581
0.09978640396745077,0.1523387837107001,0.06625667912394424,0.08349418807045822,0.15816599678406482,0.08924885758398471,0.139152660737241,0.14396356124702847,0.0675928687751277
0.03481701754485827,0.037200709457855724,0.12404026519983267,0.1645413601435386,0.20497444573334364,0.11929310249358664,0.1231557259950559,0.14580418603893017,0.04617318739299848
0.059344362376710154,0.11608344865990872,0.07656748842884688,0.06932397656142962,0.20143524849949931,0.06939389715599696,0.1447129188696118,0.1527360523973692,0.11040260705062736
0.03891348061649698,0.04691754254540668,0.06937046278287747,0.3343067734889418,0.11962846976261764,0.1063597976636324,0.12501317346105612,0.11455012516884801,0.04494017451012298
0.13027835928476286,0.08902002855683795,0.15783887520831408,0.05984671654934628,0.010538266165215844,0.084176701434452,0.11968263019488133,0.1298204460348075,0.2187979765713822
0.07608828138702757,0.12930834191936608,0.17408172760915053,0.07861456901043408,0.06616106829985019,0.09274167431005594,0.1235807057374483,0.1208189701745709,0.13860466155209636
0.03200464963852163,0.016837778667217446,0.21131770401104044,0.11999652994638017,0.15091194709918276,0.09287058927739694,0.10778791215521988,0.09636955138149932,0.17190333782354142
0.08091031945818748,0.14576667993889364,0.08550301976836867,0.03328586660381964,0.2107431157300704,0.10648492529444901,0.12174936463763536,0.15479631123539098,0.06076039733318478
0.036067736711654995,0.07792040601783286,0.07740742813140357,0.15827474635855437,0.20224029746480365,0.11810018436860137,0.13054978309934104,0.13407088664699998,0.06536853120080821
0.04321521674749251,0.027378038082976286,0.4549734052356571,0.01709367976018007,0.009185880112311728,0.07015322037040611,0.05694940615987826,0.043922957555828396,0.27712819597526955
0.05018341459133113,0.052164520485146526,0.09749298954887864,0.09943298455949047,0.2855505835256072,0.11135444949680717,0.1549421562049289,0.11155223695527859,0.037326664632531315
0.06286771111312037,0.13841305068953372,0.055879369175111736,0.05198122214825979,0.10729806850882735,0.14377995730054186,0.14072673851876266,0.19272520611988922,0.10632867642595327
0.017989052219806623,0.029781027396795723,0.21785318664467868,0.15381859056214062,0.1543422603023706,0.055093442512230716,0.11757711229360933,0.08356527439902417,0.16998005366934357
0.025481284370993573,0.026466069533619102,0.11406463211128136,0.0561296197061231,0.10855125257330667,0.0765821355774932,0.11545189709330746,0.08192331239478452,0.39534979663909103
0.0943766766618967,0.013731284734105646,0.34867572033399846,0.11953538940136528,0.001283488304970544,0.06037191069358783,0.07740333083653711,0.08172525469018056,0.20289694434335784
0.07469730005913,0.14955841093585795,0.0859339397113577,0.1534705800033915,0.09480860978901173,0.10968756261300033,0.1448896049132283,0.13542086593489974,0.051533126040122744
0.08885384368388,0.09258525023784385,0.5345598901143345,0.029097350036430533,0.0014963830976065658,0.07536161720281086,0.06172130630420214,0.05790499700186619,0.058419362321025486
0.09568814234614592,0.18896448689155054,0.06433557346274153,0.10650711761039784,0.020695040191190426,0.11770707381918626,0.14614857772862053,0.16201795986307496,0.09793602808709195
0.06425644746314678,0.021814582205513865,0.3209453546998324,0.20745783333197512,0.011964088092794062,0.051917269501351705,0.09559862512468605,0.08142673892687513,0.1446190606538249
0.04569272112467951,0.04605740540208697,0.10179746563482989,0.14099206146254165,0.15030384823956322,0.14699010620887934,0.14992484347214524,0.15622413522702397,0.06201741322825024
0.02500705154231081,0.05841509178277654,0.08996233857965334,0.057074713749895124,0.41416077061399975,0.08088941533699168,0.11048005665175537,0.09792577160337433,0.06608479013924312
0.11349022737211845,0.04587096844588259,0.15549797894873182,0.04474881219937915,0.08426789358011257,0.15191517850529115,0.1283008268887639,0.1422526994265376,0.13365541463318267
0.012915723445949587,0.03840244811713209,0.105177095386781,0.09592009935667355,0.44996962662145057,0.07213504653655341,0.09852541981736673,0.09758871090636984,0.029365829811723306
0.18307937729695004,0.1670129098403966,0.08360869288811057,0.2082830742047166,0.02104593776997286,0.09797344829021314,0.09787398371492041,0.12543937029565902,0.015683205699060804
0.06943366939433593,0.14836422101114857,0.061525940643761524,0.01743066874789893,0.044896314788849256,0.12446621440727183,0.16096039745336302,0.1712381840545906,0.20168438949878031
0.4372328617903097,0.015376310253993247,0.01946129866868855,0.15606642509187982,0.14386929233647083,0.09527563542410449,0.04991646264162417,0.06828175811813796,0.014519955674791201
0.09683201119476781,0.04550801373236411,0.09246856796020232,0.07150083705133466,0.08385173928621494,0.134493006290181,0.1846799143798635,0.1966017556206058,0.09406415448446594
0.0054843995222973695,0.011003376709796798,0.24599795776415048,0.182193534848367,0.08633741415249373,0.10497747648204037,0.08202238721239175,0.06931728158933224,0.21266617171913013
0.13027448464957922,0.05564952399065376,0.09334523487596828,0.11238381085322809,0.09675559161476287,0.09067303424655233,0.16207618555294204,0.15586256499744167,0.10297956921887173
0.14840708955185164,0.09577147244660728,0.024644645784227506,0.01933899500017058,0.0019010246701733615,0.08085108964680059,0.08976171458164046,0.06855104904510052,0.47077291927342807
0.03424920131877762,0.09390282347151147,0.19247169832526945,0.1413333308559407,0.28998015910541514,0.06805335000051388,0.06783886328753626,0.07794924202785186,0.034221331607183665
0.05697541437498894,0.01577203695093661,0.3012667276704147,0.013535578422470088,0.03489975238362127,0.0682470683262568,0.07821281437414988,0.08479728110875119,0.34629332638841065
0.11422284921071575,0.12468994038713062,0.12387307370159162,0.18243445893745913,0.026239215509849385,0.11284919800271347,0.13065411866345478,0.14509699497429737,0.039940150612787835
0.08192994872202629,0.07411710158758167,0.09156899254708288,0.0872815225979618,0.11529523227362752,0.15021212774032844,0.16053664136972437,0.1670311891803921,0.07202724398127501
0.03650763006118918,0.05162689908715173,0.09471379627335579,0.2324196215568952,0.1373113990428708,0.129422632733475,0.1224197915907589,0.15936645195640706,0.03621177769789641
0.04434985417681106,0.21190693114233303,0.0713063528585879,0.04658286031177387,0.22140611893828321,0.13397285673174517,0.10903902567879138,0.13078913812268078,0.03064686203899358
0.05032474552288962,0.040202884543904645,0.2869372496419869,0.027724390950563577,0.07635321979152944,0.09774583801334798,0.08769910106866041,0.07077969805793294,0.2622328724091845
0.030277332477644997,0.01821587842889516,0.32940557432041967,0.13555677897903556,0.08490703342044442,0.09951627763172653,0.11531929985131234,0.09089233502084282,0.09590948986967844
0.09769252952225653,0.13045029792536214,0.04666868083460393,0.20443915468526805,0.04939598074717655,0.17783124196750907,0.11796758298392711,0.14338421065829668,0.0321703206756
0.12905000166244282,0.15495747098629492,0.10291086424900643,0.12111480780206137,0.04051491234724967,0.12512039446163997,0.1625857748674814,0.12158147335642504,0.04216430026739836
0.0838741709842513,0.2420828648156438,0.045520571955062976,0.0961332343515418,0.018028015359491157,0.197928389600775,0.1143196327025755,0.1428402143850623,0.059272905845596
0.02577875462292663,0.040184485547470165,0.12053698691021453,0.12116277977410268,0.3828316878984806,0.08465489708716734,0.09007604277331764,0.08400369504252951,0.0507706703437909
0.044388363130744755,0.044680598435174336,0.05320448708923631,0.11346081341871976,0.3516029141016473,0.1139853093451584,0.09964511753621251,0.118615711177169,0.06041668576593767
0.0294684393804797,0.06058104288139984,0.08013919363492547,0.3723970713133092,0.07026073830377806,0.10223004390308998,0.11437734941508092,0.1362790677823791,0.034267053385557716
0.19925052348901504,0.1468455790585422,0.02194883568152593,0.01984705768670054,0.07340106640159372,0.11524088999343318,0.12574639242018626,0.09702122580285989,0.20069842946614314
0.03568739712396152,0.11602336626942578,0.1306432986560182,0.01207011433475337,0.04432057857796065,0.06915142112526805,0.06916111398189206,0.05965637748203895,0.4632863324486814
0.019544065787379418,0.03746364445780979,0.19455517725095361,0.09703420833191208,0.20079531901070388,0.08294008657063424,0.11996089510065268,0.09807238399906659,0.14963421949088768
0.0624761247767491,0.15262111913858267,0.06658760617287929,0.07268917545451746,0.2979671288257225,0.06983406901087696,0.11264493088617318,0.12233014678585441,0.04284969894864446
0.06048974171766829,0.11301412686984114,0.084303997816443,0.10900012086291344,0.13669235765883606,0.14633881880166333,0.13174037522066817,0.14231678985719032,0.07610367119477622
0.09234550945238229,0.011552014987203443,0.16808044556325455,0.1601014069323993,0.058856158288156324,0.10500039463683358,0.15233604386038666,0.17708673331072874,0.07464129296865503
0.15585851273485415,0.15976424605449965,0.04999763416961959,0.016920390543369756,0.06028257908176119,0.08978053848654649,0.16768780167809746,0.17275307833689676,0.126955218914355
0.046146386031730165,0.01278329565919596,0.06175776697730969,0.14217393873338444,0.06988623880585124,0.15285495869742344,0.1540941481128892,0.24549416879720512,0.11480909818501073
0.03410336945197968,0.04105174064474829,0.48203302276334464,0.11094721509334138,0.026772015326410714,0.06286967272056321,0.0753969143202929,0.09298065980292326,0.07384538987639598
0.05914077226958899,0.19934309235879144,0.14064954963045528,0.05969353249749687,0.10133644659180596,0.08629118448602469,0.11131620499279087,0.16525753026341275,0.07697168690963316
0.1618092918866629,0.20792104636811426,0.029218823273326765,0.025051814914261436,0.043481330169429865,0.07663457057124629,0.17349376494322674,0.0966144920196319,0.18577486585409983
0.019794449589811757,0.03842703036724352,0.3235874698385018,0.13881769976891575,0.0930546090070259,0.0858942695886263,0.1102416533134543,0.08309830734713661,0.10708451117928414
0.018753177966391282,0.018314360184123482,0.1952238184186438,0.33915106425613173,0.11336157498699646,0.0849045138155084,0.10247318923436384,0.08243525232724966,0.0453830488105914
0.035795036225037276,0.0780023904417068,0.09234446680451452,0.16692917253702966,0.08981450392469527,0.16738503935804494,0.14670115674828202,0.15055742842138223,0.07247080553930729
0.15928879701981216,0.19227425463712333,0.10136972564862762,0.07139175843468705,0.022095718530038357,0.07664894982538005,0.0981618164019285,0.09664456345545595,0.18212441604694704
0.10903237806048198,0.3082451152708598,0.036008021009988615,0.07023510021134856,0.02365137226296649,0.10136032820012357,0.14019426940432794,0.099933135013473,0.11134028056642992
0.04360938213393628,0.11480010492401799,0.07214050097624085,0.3045270258572757,0.10178971083049193,0.08302047536695321,0.09760832378356205,0.153238760175361,0.029265715952161025
0.12062249485160319,0.15404685485495673,0.04572463482178124,0.024738614373191702,0.02588587428830284,0.1494079198743031,0.1273123411903713,0.14959839003217026,0.20266287571331956
0.09656836798688895,0.10958019303640536,0.08679862198340471,0.07833584064090567,0.14511061394296398,0.10293275335448537,0.13653719331636893,0.16046517528376258,0.08367124045481444
0.19294887565370558,0.05694163498720256,0.047868824604139416,0.32267688812039014,0.08886682324984706,0.07239432106049005,0.07702713862387241,0.1250259885467541,0.016249505153598676
0.10185526842030822,0.05335287147603169,0.08982971874630637,0.02367317494705262,0.034657132720866575,0.08511312588667176,0.07700434997007946,0.08401285190063841,0.4505015059320449
0.024886898490161954,0.2437835369528291,0.06359226233691688,0.12833766177718628,0.1411457663808188,0.11205316744313894,0.1064640704615603,0.12013822853016215,0.05959840762722559
0.07461655084223866,0.23957661661500437,0.04621995012435038,0.01814892346853462,0.20202144286437906,0.0668659726796786,0.10368649510410534,0.08521234505716824,0.1636517032445407
0.05749178474388358,0.15229963659141482,0.09238362761493908,0.10981267190320193,0.061815847878116996,0.12468959556838537,0.1745048259468602,0.1698786244144184,0.05712338533877968
0.026040313306876565,0.07786118484901232,0.06193872343711073,0.35698375642767927,0.13519330006904337,0.07812986865133122,0.09383569670574961,0.1340650544991525,0.035952102054044366
0.05918079975266082,0.5568361111822099,0.029568715540195033,0.026472196853338875,0.037947539650717406,0.059125348630533876,0.08175226215824155,0.08982191014383084,0.059295116088271725
0.073864147047936,0.059652473210818534,0.1352599375295103,0.12439863384107373,0.12236628617284247,0.10264759591038763,0.13172605727016642,0.17237765176348752,0.07770721725377742
0.30512942488653677,0.09899318208198378,0.05422261245110832,0.005509300499853142,0.03546953689173963,0.07657859480863985,0.14347935272038911,0.09964231778272682,0.18097567787702262
0.31686197645007347,0.12253166381997266,0.03168243494933401,0.28456974000230056,0.01767547748367833,0.040551284563588884,0.07907347719770187,0.07738001581189609,0.02967392972145412
0.05949185698743864,0.06483706608300592,0.14087008013163596,0.12693426931209387,0.15197259681154085,0.14758271375072704,0.1385705537364055,0.1183431664660285,0.05139769672112365
0.029502633128936057,0.1864062377232695,0.0796558677070678,0.18701808310217286,0.19355901803299527,0.09160522016866357,0.10549815676959771,0.10329585181405425,0.023458931553242968
0.012535560118949277,0.031177931812928102,0.17533493967538283,0.11648527647567582,0.28757306145704625,0.12239715960673053,0.11594094606154014,0.0668724344966849,0.07168269029506219
0.5540174365239351,0.019510655339204926,0.02329644018059227,0.033703288990351916,0.036094705469013416,0.1250286557083126,0.06843565382816041,0.056447642541688624,0.08346552141874071
0.059079923400896316,0.01965368526231717,0.07906583517765486,0.027432354497917134,0.04499344071371401,0.06976296902459701,0.09424834822433024,0.08155993338637274,0.5242035103122004
0.03947193250911862,0.018298321515708805,0.13828427470972873,0.09443526943262902,0.26742066185485686,0.08044374233516066,0.14377526933869755,0.09818333981360274,0.11968718849049698
0.1414022375304577,0.08311417683484294,0.04950604871873049,0.06294685183728588,0.17329297863024684,0.09994154918659744,0.15998015795389312,0.14228214354406302,0.08753385576388255
0.06458986867963194,0.13987883176802673,0.0698966839694791,0.23284433807722407,0.00404283383136687,0.13526706565885507,0.10175234368536619,0.16278208012917741,0.08894595420087255
0.09283389034893656,0.026340800961161415,0.13251308883445992,0.04735931124908339,0.12442501868625384,0.10167564536609901,0.15615123987380206,0.1729100348429561,0.1457909698372477
0.13346094786822468,0.10030873398586605,0.16840522394102952,0.04333347410489533,0.10780986416369083,0.13807540118573947,0.07814107671449508,0.10878393003810878,0.12168134799795034
0.02465622569423782,0.0556023630277575,0.2653253546369441,0.0858123689753205,0.1310470845071736,0.06327126404674362,0.11365305109243101,0.10752646901229053,0.15310581900710132
0.207522917198929,0.03885712552269879,0.027910040504980776,0.012999173922923985,0.005426433793991404,0.12550044630730595,0.06743156717022213,0.0590143899870387,0.4553379055919093
0.07499062665172505,0.17291213900942382,0.0650618210981705,0.14258727084304304,0.06732242153361777,0.13372357642678714,0.13941688486557058,0.15917704300952587,0.04480821656213619
0.01874760324830288,0.040605912025129025,0.11507519969438311,0.0884364096030935,0.31772986486434546,0.11222520933642761,0.12556147805796175,0.1232353235031296,0.05838299966722712
0.13995557574863182,0.05168977449757297,0.06301620696142804,0.03450552490060741,0.00800661051661544,0.0980178386241174,0.08255389180183047,0.08966273518724721,0.4325918417619492
0.08497298501723742,0.11841091709188951,0.11141671880016697,0.07904916296645387,0.033497573068493144,0.0874640454134063,0.18426210403482532,0.20236254441414273,0.09856394919338468
0.08068156517075083,0.04788651225124841,0.07883638368387137,0.09309799182629537,0.03303265003847155,0.13829490369531083,0.16694679700970125,0.2495112936436981,0.11171190268065227
0.026180674310039547,0.3434714538435301,0.053909542591149585,0.02776306324581898,0.2674813922717076,0.054824614014367216,0.08621730021727352,0.07180049085481655,0.068351468651297
0.03737040107761438,0.07162954900140876,0.25364578275217614,0.011163826442025356,0.04854471815993857,0.12806116904599382,0.08056317206478569,0.06773432770005154,0.3012870537560058
0.05302864637107276,0.1693844741826218,0.06778310768860753,0.10769279691516005,0.017523014687259395,0.07721244791123809,0.12934386224636601,0.1714198420882733,0.20661180790940104
0.12208246456063739,0.30580207382621455,0.07074701653999284,0.03876086190620564,0.04304699784293927,0.08841158199162702,0.12446797723919766,0.09921550299470554,0.10746552309848008
0.11972862110872444,0.22883276736155922,0.05699618382981786,0.017790425966143438,0.045767487659893434,0.08328412417573426,0.10320285709379788,0.10727752974386828,0.2371200030604613
0.03505728633840657,0.15285787635132264,0.0760988466524701,0.11339914952710174,0.11705612282053401,0.16619579296596912,0.14239019306200643,0.15016056786294676,0.046784164419242526
0.09582391339917272,0.08060037385350138,0.08207439737476939,0.05974818149618294,0.017716873339587786,0.12532228171882628,0.1643159418684836,0.18462659007885632,0.18977144687061953
0.03316371622156948,0.17219193046337933,0.11855930703536881,0.09188349864936723,0.21505669245022171,0.06882813748103689,0.12123510646028908,0.12000988831134789,0.05907172292741961
0.030959315722104253,0.03231748938826248,0.2315150975284247,0.11666827318271993,0.20509757539920967,0.0916311497890052,0.13571443654649262,0.09602829281046217,0.060068369633318984
0.06831320598613246,0.0989233825535512,0.052414424078073625,0.21171258888279398,0.07115860420821553,0.10846112700689393,0.12050859678427239,0.19184251630788451,0.07666555419218239
0.056335558547198426,0.2875809455902072,0.05213388560249841,0.054579042854580505,0.008945134500322565,0.08886493004887296,0.1126236017505612,0.1439436518205992,0.19499324928515951
0.026113770360432522,0.07082375968984506,0.14545115851942378,0.07414219098194985,0.23065746060899503,0.10418154741238579,0.13362294496319083,0.10272722348390573,0.11227994397987141
0.05448253903893754,0.05940184012072216,0.11152980065813246,0.231637296503353,0.10709652132733899,0.10787043178459156,0.14596457798404153,0.14800367936174885,0.03401331322113391
0.06682322782077306,0.2997077487742687,0.07136827250086313,0.14276188316508678,0.037560902495342406,0.07036980343895112,0.11764615781027689,0.14431033226619627,0.049451671728241636
0.03640074874731711,0.012308030852196535,0.09711620849003184,0.23686789821661336,0.17020074097123494,0.13628611264460452,0.12337274450325635,0.14367626880162299,0.04377124677312233
0.03259446681271123,0.03269895546624473,0.12089572090342852,0.2469601047375363,0.14156441864030755,0.09029014453648689,0.12759783354633478,0.14313259238289744,0.06426576297405248
0.07483916699814716,0.020131863403603928,0.06027430361221542,0.07411329790197407,0.07575304613923116,0.14559438310875475,0.16234364658953768,0.20414457809143974,0.18280571415509614
0.06618990589782697,0.022636241010223445,0.1572999177962837,0.06096591585359732,0.10166392582487775,0.09151421503884562,0.1735206689463462,0.11926617492994912,0.20694303470204986
0.0163833818195145,0.08554315910172312,0.08522203493981652,0.15565365842094922,0.2925170826200188,0.0808446213584607,0.1174576034752593,0.12835125367712835,0.038027204587129486
0.1611690964746303,0.08775226666691789,0.0552662520572216,0.09288661293466033,0.041087387992915565,0.11131683467146715,0.14164347482842476,0.12615065667781486,0.18272741769594744
0.03708609727025316,0.015103230284008244,0.09496761830343763,0.047731598264538516,0.3820675297740334,0.10325919604072997,0.10261645228160791,0.09436377031980142,0.12280450746158977
0.017989052219806623,0.029781027396795723,0.21785318664467868,0.15381859056214062,0.1543422603023706,0.055093442512230716,0.11757711229360933,0.08356527439902417,0.16998005366934357
0.13566914732539123,0.09953897439816356,0.10122271939687859,0.01902672903591873,0.0120032171015997,0.08871858948966806,0.09024819025200694,0.09498474818893492,0.3585876848114382
0.3894707789975202,0.03802570947737055,0.028320606127352443,0.05263068340302526,0.10892762127850318,0.08195231822127817,0.09418544449543063,0.10118891293317955,0.10529792506633995
0.13755366752255221,0.09507234073157972,0.304829128391129,0.01460624601551988,0.008413579728651052,0.05758151423865989,0.0636635229365297,0.06353367355309486,0.25474632688228366
0.21897610623351238,0.016109525019017752,0.08055585679720177,0.0733761652324985,0.032908685541183195,0.16496661561032044,0.1904078962813438,0.16222596747050397,0.06047318181441819
0.024299398885207265,0.10203177023696712,0.06440790747993824,0.22715613872414978,0.22391347120705096,0.07264825198704704,0.12251413858363068,0.14168319562197904,0.021345727274029908
0.08809915398646394,0.043153892554559016,0.25482783580957546,0.04916954476172138,0.08696831645571103,0.0811142590563334,0.10162703524495272,0.08276970949693058,0.21227025263375246
0.029041992219612112,0.21979518795543537,0.07980296368330629,0.20519912864892711,0.06914577684606095,0.09476252112899881,0.1081477075190535,0.14979946759241428,0.04430525440619152
0.19894134051859394,0.2344737511754396,0.04262143880301451,0.007455629117374518,0.044683538152433706,0.08359338759000183,0.1315173611960957,0.10400675592489338,0.15270679752215288
0.13599337921803611,0.26928599516803275,0.04680958606247677,0.029976486269919,0.12293657654222352,0.10942024147502245,0.12365653725864094,0.10267326611465155,0.05924793189099689
0.03382537573553102,0.017546463534356422,0.4939153433907359,0.05039473554278754,0.012570312702900266,0.07508692817620673,0.06524567185472886,0.06588672598012407,0.18552844308262914
0.11521329129187098,0.1368288929420827,0.07720719179508957,0.036935168223442255,0.1189261092315244,0.14193576266495092,0.1596371814656731,0.14496395192193828,0.06835245046342785
0.04178635753509772,0.21142402074667407,0.0794538132144132,0.04729712034797905,0.1684945862906745,0.1279271700769317,0.13468208567939746,0.14932593199988461,0.039608914108947665
0.043072944806144216,0.17125411767984908,0.09475423892823454,0.022970850555390665,0.00489732623975165,0.13346589091221978,0.09720082269319215,0.09520038785115474,0.3371834203340631
