0.09022532177160784,0.13714645953028184,0.029010159184029483,0.2993047146191626,0.11086662950016113,0.06382010297266423,0.1104456773876652,0.11901200968739646,0.04016892534703125
0.11536474783675583,0.0808282985477785,0.09182793494694937,0.011059793534784321,0.049174122510192375,0.22761117982053203,0.2428718475785904,0.048076079816088635,0.13318599540832846
0.09446878198014282,0.07008903844957663,0.1258765184996023,0.2860358093367225,0.1306433015798543,0.0747014497516511,0.06867428961574366,0.10750289687159402,0.04200791391511268
0.1980600215695422,0.11811102790272272,0.02967966027149212,0.04516033441200432,0.0627580709059861,0.06304894210995653,0.07208987897988116,0.21889872787133,0.19219333597708488
0.12221762247009889,0.1518807712003135,0.029439421021173598,0.11386563584176508,0.07957827573458208,0.10086994088072943,0.0912150137086527,0.2951727279606113,0.01576059118207338
0.08438208669286405,0.07874219778843464,0.05698297326353128,0.34150245823496866,0.1752640278479998,0.0949055440960096,0.04827298747509323,0.11512057024646571,0.004827154354632966
0.06604912502704795,0.13256324546759682,0.013848162295801705,0.2712049914561983,0.3953625505063991,0.04776255772722191,0.040934776775253395,0.029102875314566682,0.003171715429914096
0.08039464140133726,0.11171108987628964,0.24759228672436273,0.011832478351793295,0.10653823694024171,0.032157248354821054,0.03858855984971521,0.23378110465197754,0.13740435384946156
0.12699703252484987,0.050302305853227154,0.044216759884399444,0.0505034662382167,0.10603215275452922,0.0854617708213,0.2842181255224184,0.23444624020547652,0.017822146195582745
0.22688261904312382,0.02632004840862673,0.16051221929510717,0.04037588123399535,0.05528265835782406,0.037120972431229214,0.13507151447822618,0.09982255894711123,0.21861152780475626
0.1075941036408407,0.21169018469989623,0.02558647146884985,0.2970366882620039,0.04497658183635946,0.0618833044442075,0.08300712620379434,0.12181915393723276,0.04640638550681527
0.08075644795472711,0.2501438217025576,0.055806017281531305,0.16239328823433608,0.010095880132465944,0.0674235498914334,0.15987243402729934,0.07104836939447405,0.14246019138117524
0.20261699228143207,0.0776702569433038,0.023437188263907116,0.4525669217201929,0.07134773225767718,0.04278393655070092,0.0886662329134016,0.03688454977324251,0.0040261892961417365
0.13826468237519415,0.1449706300578335,0.032200191883706285,0.17373637059603506,0.0798602717223728,0.18119486241461094,0.07973245359753162,0.07100844562172028,0.09903209173099535
0.06466704966155264,0.03255322349154594,0.014038419983288891,0.038910172435836804,0.5519387528497783,0.09357780859516414,0.053906802764886734,0.09866980186643852,0.05173796835150818
0.06893680119730423,0.17207834998723356,0.06622274718167796,0.035976902798159925,0.04347310093824108,0.06929385924171454,0.39040025905816833,0.09263205454149452,0.060985925056005884
0.07891424672525098,0.08593948410196128,0.2856854429028513,0.17255112842137832,0.06819433497892226,0.04335980413001275,0.07990292164364875,0.15600975244848297,0.029442884647491462
0.11023576309312033,0.11573600239556849,0.01058160535545366,0.03935350375932913,0.09952868875798952,0.17025046160211652,0.12958432272917028,0.05816740127789446,0.26656225102935766
0.10675104603880554,0.09779480058336086,0.2933158662504542,0.1124637835052165,0.06087564971943518,0.025114022506532236,0.06072282937891558,0.10492433595893565,0.13803766605834425
0.08250561856702919,0.059072849669647536,0.13548375708819357,0.09621235472296885,0.10825398377787782,0.1176967581021026,0.08786351928686004,0.04898040845550211,0.2639307503298183
0.10508926236889483,0.045939701706656184,0.09615706401653368,0.05603163244351713,0.02796459472192865,0.2791474098990558,0.30944739730788756,0.06185267184132734,0.018370265694198754
0.07847099174759375,0.10774891366373286,0.05726334988382984,0.06700731755364593,0.06616510469036606,0.0443120632799071,0.35857176256790685,0.11011049214370476,0.11035000446931285
0.06492616650960528,0.1350115594451846,0.20736906698354973,0.0835721592005821,0.01700953625489775,0.04118379257703712,0.10645259120294946,0.15410760318502015,0.19036752464117387
0.12279922461370978,0.14034180630645163,0.03767426763701152,0.15701837991853998,0.03892400362238113,0.16212121366425072,0.09751174283619705,0.12190392473021389,0.12170543667124432
0.07204330999877478,0.042264856032659455,0.28163068826478593,0.134955744146487,0.036173063081123676,0.021409220311935928,0.056519948123803156,0.09053773079068862,0.2644654392497414
0.05235484224366526,0.11461510991334838,0.017935310127254033,0.11104617473360519,0.5784021180599016,0.034696834219771495,0.03126085333177265,0.045228819373619326,0.014459937997062038
0.1309117882570708,0.08571684085589605,0.054649888860844244,0.025853547536863208,0.08324420204740517,0.07621534805180105,0.29913788024484966,0.18543553576410252,0.05883496838116726
0.0650084975348796,0.14902656583914775,0.05426503837300075,0.09072623213890796,0.03222873204637663,0.07888622127525259,0.27589926466955145,0.12208720458386203,0.13187224353902124
0.09946172473630256,0.1048400774171178,0.024337495232453914,0.4269720587476867,0.10513429229898592,0.09054993700372654,0.0410002293460674,0.08300943043321803,0.024694754784441133
0.09696086711373934,0.07765124465177276,0.016024060297320845,0.33880011461186815,0.3550716957636381,0.035486677288031926,0.05694000448401216,0.02246327014437584,0.0006020656452408898
0.07636834629359521,0.2889763949363197,0.030468098433086177,0.10572456615307213,0.22312060794960517,0.05074041454325437,0.11997976814215838,0.06396649499115102,0.04065530855775787
0.06982229670009442,0.17032155151578557,0.06165251705794881,0.04913128803039213,0.02810566418025485,0.0566251131785202,0.19892477795517624,0.07432312769280718,0.2910936636890206
0.12703215095524792,0.0888854030316113,0.04973948638560799,0.11451270371703759,0.16229539218217487,0.07861290472860405,0.2339755185762534,0.08828801811168098,0.056658422311781864
0.0779019595055417,0.11281006372780218,0.17300099889592305,0.029710898756454867,0.02833583279064465,0.036489787868800805,0.08020389194269484,0.1790886463369181,0.2824579201752198
0.2006158067720074,0.03917967999101766,0.12558440429950923,0.11785786261097282,0.039769858425704754,0.16834990782400297,0.07724426645125744,0.15588714653916083,0.07551106708636683
0.1085980942483218,0.05756586547027692,0.06700880366487352,0.24246505703056354,0.040140013210271754,0.06407419109842946,0.05901859386449878,0.1606391737571381,0.20049020765562617
0.08078144691424298,0.09282651272142141,0.06496083393927843,0.0764818095039721,0.37725225429733095,0.034628910996245245,0.09774209003397973,0.08614403304902979,0.0891821085444993
0.14376923612366263,0.22260800183738838,0.03196165336224871,0.03862648807801634,0.027162875262901374,0.09149446904622649,0.16417552284844764,0.08172927921285661,0.19847247422825187
0.10816355062293154,0.07493438422689212,0.029776148990324103,0.1412137702494278,0.14889117598142745,0.1425035674231447,0.0601066708401356,0.14205828543763901,0.15235244622807761
0.09687604375393695,0.07168256955041392,0.09010644673122388,0.035483645257541746,0.12596100238045385,0.28934955184224925,0.0840142009346802,0.04757978778591999,0.1589467517635802
0.11024718251336063,0.09356349926427827,0.036325635869776364,0.4162974895009341,0.04641710958229076,0.07905635781626004,0.11624594198727327,0.09099929261727024,0.010847490848556435
0.13749881986945936,0.0425225975010867,0.054269925499018455,0.09863232907326742,0.03198700732623696,0.07322830027636275,0.4306247784925474,0.10267536459473996,0.028560877367281037
0.0979267042593298,0.051611496295123536,0.3547921599722337,0.01910647980767071,0.02676910430927915,0.1431593455175686,0.037320770515928484,0.14739828958613688,0.12191564973672919
0.10032425258015286,0.11088860669408603,0.03225414595072185,0.01752346829682735,0.03835852857874839,0.10339991634417257,0.3409819224382074,0.12736325923797756,0.12890589987910592
0.0693800273315694,0.08876311312430607,0.01976885225072209,0.008249372715435644,0.029033258864630773,0.04360391343656186,0.4451257776483253,0.12448205084600823,0.1715936337824406
0.18739628513266735,0.05272847853577784,0.16182114371372133,0.0433651839438438,0.03916664192558778,0.1624788875591827,0.10642038246719641,0.20287887781746636,0.043744118904556484
0.1773651463183419,0.032249252415747075,0.07173830228697607,0.029027709571705394,0.041311683024922476,0.01743357890743339,0.3031849181114859,0.08722421211388905,0.24046519724949875
0.10389555858764526,0.15438123560501396,0.037506719146153784,0.11038342287681198,0.11036601660031842,0.1050524937532115,0.08031626180360323,0.2852479395078726,0.012850352119369338
0.06218681621398684,0.04927213944291437,0.07294247553213296,0.02212911989772756,0.016139910060287543,0.12898362603728183,0.29883630892722907,0.0724217562508656,0.2770878476375741
0.16508755992921909,0.0435866513412633,0.10587097429439234,0.1719560228959438,0.10985083040491757,0.05737723494692857,0.14201338324957027,0.03986065684683431,0.16439668609093083
0.07974172152064006,0.10897174110862579,0.057997750291274484,0.04905787369779611,0.008008138072181504,0.03595993874776172,0.43095652151972,0.22292567464049898,0.006380640401501304
0.07808430816061851,0.19419033438437228,0.06782694769116472,0.24291438684201735,0.13489294797901588,0.14742297518931613,0.03186690971500345,0.08095632576620139,0.0218448642722902
0.08955812029085591,0.08578715948985206,0.0470537468195072,0.032301526284780176,0.02406125510948608,0.07818797497583281,0.35997198585984397,0.13003352567171636,0.15304470549812543
0.07428153942116385,0.11338839248894274,0.35085242071844974,0.039262950070750334,0.01846533197198866,0.0967069733273647,0.044815688612258486,0.2318723676479406,0.03035433574114084
0.06492772670334541,0.1018375057261224,0.16242283239248845,0.2590536750603148,0.061201929202818695,0.03099332388359491,0.058449384331457334,0.12097383410465579,0.1401397885952022
0.09168622804837841,0.03994763282246772,0.0310776148372733,0.028237336445146366,0.033821993892745345,0.06816078230786203,0.41388763865203976,0.22595354325348593,0.06722722974060108
0.06223137885064325,0.048646860924722264,0.3169069796099323,0.11543225319217983,0.0350369573817445,0.024070026961907565,0.10566748349082984,0.09736892339810772,0.1946391361899327
0.11333997347420481,0.15046250086166266,0.07316961466840113,0.08762035629301933,0.018526159466459025,0.05818547914251702,0.3452356096613814,0.09403061822725393,0.05942968820510072
0.060815638035889,0.18074797584151425,0.030004580741916753,0.07338177647118542,0.5286598520147591,0.05208156260196715,0.022723466608069485,0.04180135849045156,0.009783789194247177
0.042117257812074316,0.13021813504368987,0.05560462880786753,0.04692814255918173,0.01840746627608046,0.14498736496446465,0.3681752967802297,0.15505700895736244,0.0385046987990493
0.18623749393318934,0.2430227381705121,0.05021429902200051,0.1212392353314344,0.056560802244868036,0.02711594691922753,0.0698302515825517,0.08701959319857451,0.1587596395976418
0.11366592701140273,0.09389439455877384,0.23321521946946303,0.10735938426200571,0.052531240107078936,0.03791599266188612,0.09584987922227861,0.22979857200863443,0.035769390698476476
0.08432305070769737,0.2077882573216223,0.02700360321340879,0.04761778798364958,0.07787084407103768,0.2044329217092873,0.1884921748840084,0.15515555012014667,0.007315809989141758
0.22346999051065686,0.09511758872351228,0.06077131381594231,0.042268008799491524,0.09954762260586915,0.056132754280321495,0.2090153402168972,0.09409848904466604,0.11957889200264316
0.060108310680830834,0.09138831494950785,0.3144103385816705,0.08309964701871315,0.0783621126297586,0.02391214725148913,0.0903471225737044,0.14804055436249544,0.11033145195183001
0.07545000301649875,0.0876245762493756,0.021315202980720854,0.04558065179964538,0.08665652773837923,0.049083447015625524,0.3187702345670869,0.06808504567430952,0.2474343109583582
0.07255510704901351,0.22445155026624522,0.038679417687228164,0.061146818604327836,0.02432758933472898,0.04738167911324618,0.27435462247317594,0.0872657485733797,0.16983746689865434
0.09304270426768102,0.09133592427014141,0.16281589471228933,0.20232387088529732,0.047687947635183504,0.03806167522909145,0.07475103380756376,0.2527198846601851,0.03726106453256715
0.07531562168355221,0.10852446626790806,0.07468098436352606,0.03145596707760757,0.06521324182751072,0.055892887332036144,0.22877203783439395,0.11546244141608164,0.24468235219738363
0.1379969649281432,0.13821744170527164,0.03244559063863392,0.04371913873327787,0.11373687306976814,0.1421358361698438,0.23813673617181427,0.13877106805395992,0.014840350529287219
0.06184037661176656,0.2453945102123447,0.026757094515862362,0.027025486103022675,0.03975557882564124,0.3454140200855033,0.09163074015819904,0.11657152610464198,0.045610667383018035
0.11794586300044019,0.11994181372435304,0.0161659059386627,0.41628904205304035,0.10292717614346981,0.08456141414355932,0.0424263871914863,0.07237163587611072,0.027370761928877534
0.15148153712205822,0.023596149731039368,0.04886116504515157,0.1287627286276671,0.04052648874155233,0.07168125398156909,0.09141398219581348,0.07513921409257965,0.3685374804625691
0.24379893093173335,0.0695085643667666,0.25668024643317205,0.0959723920164083,0.10523528073759279,0.09187124691016461,0.03196758953356657,0.09887223067539254,0.006093518395203283
0.09217528591849371,0.04919252808818658,0.051784457018116015,0.0411145366260277,0.1343596613290066,0.07394713849397262,0.12096341225303613,0.1596401732012989,0.27682280707186174
0.08691645030679183,0.2028892944960092,0.06856857507141617,0.10568912958259269,0.02607668446016483,0.11045587561989627,0.13686201291715264,0.1222717926051245,0.14027018494085186
0.14503202894863548,0.20684303362536485,0.03046049123106108,0.24379579013514927,0.05022644502510668,0.06950455383254063,0.05575511572867011,0.17408895099231225,0.024293590481159588
0.10576445177149692,0.12148772038301918,0.02224716977107134,0.08686031927861497,0.04916296234022525,0.044552492485811564,0.3948737202537189,0.07081610431030921,0.10423505940573273
0.19266466499242507,0.03742120814983451,0.1624116301507582,0.09015763365636109,0.13598927989503098,0.041117314747743494,0.11228106557176794,0.20446980813746282,0.02348739469861594
0.09060761146873236,0.10119289912312106,0.12162305446125311,0.02441566400996102,0.05445118416737169,0.16417499002051403,0.26059666171023493,0.05528487978146477,0.12765305525734696
0.14852558090068202,0.1506825696397848,0.02451267056878349,0.043116089421799585,0.04040819839204548,0.045254030412063904,0.3291742950290925,0.13722085147692667,0.08110571415882166
0.06668439591825379,0.06661473911425704,0.0746848953318519,0.012182568236238304,0.062047760664241385,0.1735308551533149,0.40873742357598997,0.05635461799193109,0.07916274401392165
0.12536002871668073,0.05266887302956317,0.31351815626080376,0.09952012946163209,0.04050161213646957,0.047872858498145626,0.0861805521258238,0.11693423305599955,0.11744355671488167
0.13284242627487336,0.10812722997034378,0.06183173945775924,0.11235476713314009,0.05510968470043539,0.21932342852942618,0.08122938288609845,0.10870543950440587,0.12047590154351767
0.05233452404135728,0.07720705181901895,0.018372149113362653,0.06777213327334976,0.564561676279607,0.04760675123127527,0.03857324540612974,0.11188649506709776,0.021685973768801565
0.09612725650410085,0.14182317932955366,0.015591515430929239,0.01679033338371319,0.0789606556488389,0.038855229029059274,0.35957667733450016,0.1115716053763579,0.14070354796294682
0.09108543379727506,0.047857800372511757,0.05874223594684711,0.21229667461439217,0.4454720939343657,0.048659491212658744,0.02547298663097777,0.06441905317667332,0.005994230314298367
0.09813150423521555,0.08328679835242851,0.03604924108919576,0.11023633886429489,0.3961473032844575,0.12250123886734066,0.025740837281952613,0.10809391335414266,0.01981282467097189
0.07310173565517396,0.09346178508870705,0.02695199559290873,0.03774278337570657,0.0063030606854649375,0.12506245966816706,0.45173198658962826,0.18330396550218378,0.0023402278420596614
0.13475470463351968,0.061029673970788435,0.03328092861166719,0.03932156312929951,0.032196915746598075,0.03630040710137253,0.17042971339073762,0.24880569262318986,0.2438804007928271
0.07327219618659439,0.2606604021678027,0.22419406878461492,0.03679844124490222,0.024621949118148717,0.06594790451487208,0.16155862093290319,0.10987432225780365,0.04307209479235822
0.08900643181992907,0.12914329416234124,0.17386579802778424,0.06274014902764286,0.1807819033668517,0.034523686670741766,0.08176035042790163,0.21408570898527382,0.03409267751153378
0.0881738868481976,0.08366758785502854,0.015099139321212854,0.0673732265404881,0.014357831251574025,0.11669861230023333,0.2098478488981174,0.07441074603429206,0.33037112095085613
0.11473474801521226,0.05654773553668813,0.03167027125919705,0.40056811584685126,0.11926074917921514,0.08936773557028459,0.13240632232586122,0.04529251265604305,0.010151809610647286
0.08456210462663961,0.07260276258617461,0.02362522213062117,0.15783577787839514,0.044714615593547176,0.044146185143507495,0.2394314960024794,0.06685141077305055,0.2662304252655848
0.13921359899579366,0.036756570040520346,0.02668824857761039,0.045457292897305775,0.01836880647330411,0.03996695881396361,0.26475139403258346,0.028901732244675654,0.39989539792424295
0.10655185701476892,0.1642011426997746,0.028959717684059038,0.06259000019087124,0.09452359866849376,0.15752364020668655,0.2231789386719347,0.133406434400996,0.029064670462415093
0.09572451551512266,0.262697419508273,0.05895373214182739,0.07506087057582035,0.014506198730717306,0.1894049294949911,0.14254905657088923,0.10835797922814205,0.05274529823421681
0.08725018570417901,0.14144994299469407,0.01665044324874063,0.10669749624114226,0.037348151412754514,0.030278630195936924,0.1444740620616258,0.06360107584840664,0.37225001229252014
0.047505435031745924,0.16335411160197322,0.0491506090123181,0.06730727593031798,0.016045833283909388,0.02378123987826702,0.46043801782508886,0.09646089947244162,0.07595657796393789
0.1398275082374025,0.0981656967889673,0.06615556984383548,0.1406151410571598,0.1681283338460728,0.09751358502985082,0.08326423484524444,0.09165695731109404,0.11467297304037283
0.1027670454437045,0.0250724257889499,0.4503637350328405,0.03982245516125576,0.016007415778062892,0.12264403668590894,0.02808196087226074,0.10332420622892236,0.11191671900809425
0.07907735911738518,0.03663254743539455,0.04599657904299554,0.22216593158172912,0.09828212869644974,0.16535237360418373,0.054308011208381024,0.13911503659377686,0.1590700327197044
0.10499426550684528,0.10840214847246199,0.030598845642190467,0.02819540212423873,0.02277450216173549,0.058881997247847484,0.47012818304700477,0.12022254885539507,0.05580210694228078
0.05693041653066979,0.12626135131745486,0.19109717738105317,0.0679427356073939,0.07729613704397627,0.023104857129855213,0.10643946915934244,0.3363882291807651,0.014539626649489261
0.052087744991220715,0.0613272827840092,0.1238760489750347,0.0019926691110979827,0.02049291809755034,0.11749359914987238,0.3603180163075495,0.2612177120385905,0.0011940085450746483
0.13489005233331605,0.06366580117601409,0.03518241856895083,0.08786100927982787,0.08828910205441891,0.2979902697458108,0.06208825663558113,0.19789862412680084,0.032134466079279514
0.0996737162726093,0.05037374790844407,0.05781258068392072,0.18326886304117743,0.012675565190143664,0.0740470591215689,0.0464675696321083,0.3166713661389607,0.1590095320110669
0.11962823187357012,0.10398686731272093,0.21202828271348886,0.04659796322616866,0.03273739340794415,0.03728708645588769,0.05768147022686792,0.2507511610080915,0.13930154377526013
0.1327385494105052,0.1008356635822425,0.06965715245773046,0.10630755402553711,0.23012951866271836,0.15647194839970818,0.096481710371148,0.05483706527197605,0.05254083781843414
0.07255895214602164,0.15721872283999333,0.04315221168189112,0.05893456395295221,0.07131307492488015,0.11887126926355968,0.3416322718008091,0.04340972780635707,0.09290920558353573
0.09340647628334942,0.1313538828903502,0.06734671439349794,0.056016772227462396,0.060284078628638445,0.04135571824498018,0.17279016238144407,0.3635774337874563,0.013868761162821076
0.07781261822808953,0.09534896917446782,0.066323421379215,0.07191894611630321,0.01720096229173719,0.24133349045893515,0.03190703620629008,0.2053281505522678,0.19282640559269434
0.045311873343177635,0.15878539423571572,0.03798431331626511,0.062255373981319105,0.5350155925872814,0.09793194161944667,0.027398649517377357,0.029998871750433125,0.0053179896489837465
0.16779293843915447,0.09672432147322758,0.02418581904852812,0.11815153317086163,0.1618851934596561,0.03543036153972949,0.18064545702063114,0.12694280333995514,0.08824157250825633
0.13943547321862745,0.10312503437734204,0.10105449664866184,0.13062707026907897,0.02690178322529692,0.19179062798815905,0.059379336014753564,0.1875412196409727,0.06014495861710754
0.14795543850690437,0.048598415666420425,0.08683909560270182,0.10717961067844722,0.026502893176936864,0.10290169063780706,0.05438203900542136,0.2047292541653373,0.22091156256002353
0.04890925762156744,0.3868685106705967,0.05283890824693426,0.07032303285649026,0.03647667058487023,0.15734974345239564,0.07846002504305553,0.024287808357525736,0.14448604316656424
0.04849886534713437,0.1366267781943216,0.17624343719189337,0.10924214013719423,0.03665669746086471,0.028249038703598794,0.07464356132316496,0.2222320669355583,0.1676074147062696
0.08498655209367668,0.10124243806835946,0.014853749525573655,0.11591708200136253,0.0525824346895535,0.0762009920263421,0.38504396785851375,0.10631082894576194,0.06286195479085654
0.10474089522565881,0.31536734196865884,0.05661825254959415,0.020804053917556218,0.023862121036452234,0.12678933143009954,0.06343582542370951,0.149495926974511,0.13888625147375963
