0.10549998144214999,0.06316880907029758,0.12378693635019088,0.03900011422319637,0.008574517456628362,0.13655063691580083,0.15248537605930643,0.016584220521851132,0.3543494079605784
0.10061393715023888,0.019553797468399397,0.10922182801168397,0.035590696136401236,0.0342356989209291,0.13655796572883214,0.13985746456230286,0.1672254812362323,0.25714313078498013
0.09642860673202958,0.05885296566572268,0.17801322905533942,0.01585280809632153,0.22024299668733568,0.10787455002739775,0.06968530625763623,0.12615233658822844,0.1268972008899889
0.07878011525991753,0.04619167366465358,0.0888991164633678,0.011195942514399364,0.04589629251000351,0.11923940393097626,0.11362774532407811,0.3265579119924394,0.1696117983401644
0.133096830370517,0.025007366331368196,0.0937723958053815,0.02500493762157315,0.12653052080340052,0.10167541778929856,0.2617186599153885,0.12068222210149178,0.11251164926158075
0.1218013627544202,0.05697440502507541,0.14027548332044912,0.12464457418338505,0.08257131109769715,0.1177334110713056,0.07712463615903596,0.19745015925141685,0.08142465713721463
0.10086017031054939,0.039088574583132536,0.12011546802074842,0.02209875296220688,0.06586038683570446,0.12340622176383188,0.23245861259818001,0.025140456782166674,0.2709713561434798
0.08241459185689097,0.18838644033289698,0.14559075407803077,0.018527960335761845,0.028926731406923162,0.08852155999992141,0.18241564617915762,0.013953404951762777,0.25126291085865443
0.10850100784085985,0.11661253100521159,0.15508886222271057,0.18800566765073054,0.09117655676136022,0.1415209004123966,0.07843379323912875,0.04817357108047981,0.0724871097871221
0.14825272138949994,0.03458094015473111,0.06653932469675931,0.11211628277064645,0.336453140392208,0.08676948270988549,0.05042624189287096,0.0999055818705042,0.06495628412289454
0.09867768614661633,0.08369594617085728,0.21574807955829098,0.01818234723645705,0.20833424749405557,0.0617766138327529,0.055490272230918826,0.0723078425754412,0.1857869647546098
0.12157430543067556,0.05036504604618299,0.14594451349901036,0.41148630947993353,0.04791070716759006,0.09177427848619372,0.040637524514471245,0.0437803352503324,0.046526980125610164
0.1294281720939208,0.3283255602713761,0.13271866860859824,0.0024695342109628733,0.01883013075225572,0.1385136525555945,0.16288983066587784,0.05864137356002578,0.02818307728138818
0.19668723051804152,0.1677916475077257,0.16301761203538057,0.14507374649315277,0.044029498321316536,0.11222614633752383,0.08335664106041128,0.03534962977330898,0.05246784795313882
0.07695628347730711,0.5564986540301008,0.08537050187104563,0.06736074735849568,0.027406417485034543,0.07201284867661002,0.03270028914299263,0.02301828948202755,0.05867596847638599
0.08886081126720141,0.059263800513570365,0.13186595088172212,0.035036754487937034,0.027220277154690015,0.10037785513918189,0.029745229768948982,0.03222957306477529,0.4953997477219729
0.06437541666872999,0.011301035839765028,0.05533678551369053,0.007591780125496816,0.12310129489881556,0.06797909095783876,0.07615533312343821,0.1776477585903169,0.41651150428190825
0.07144849268209456,0.1528515013967998,0.10310904700261536,0.00760199079363541,0.018812825439770257,0.09274273340894347,0.12942811079763752,0.05281057321558432,0.37119472526291936
0.06894715132268729,0.05926078290857656,0.11162030591666876,0.03293420465561106,0.013340151830582623,0.07054958845655006,0.2968883927233806,0.12058709720045468,0.22587232498548848
0.162888206683321,0.16728836142144543,0.12232316096517136,0.07004953057080686,0.11985561457966949,0.13418331904734984,0.06729090583973907,0.05044383046183331,0.10567707043066366
0.07105582752866581,0.10695863279031041,0.0986838203730351,0.015137702243988102,0.012508783316695348,0.10759497002098557,0.12492350314719945,0.11766746834469077,0.3454692922344294
0.10458494597516034,0.10194706158122001,0.08911568443571377,0.35486858249721354,0.013604971438981697,0.08503952397769447,0.10209355867529468,0.0623790687805873,0.08636660263813427
0.09880000426900493,0.07129081574158154,0.09320692094310638,0.4687137429382317,0.0473815710152411,0.09173675567030763,0.055826634410168184,0.048165151300058544,0.02487840371230012
0.10059071092963195,0.12136838487974695,0.15082940899321437,0.01441221280918104,0.08143322115018815,0.07934531324357481,0.10459179024986719,0.03768036999076235,0.3097485877538331
0.08882077868965903,0.1658804386595193,0.10674360786044658,0.34080592959285144,0.012407327479673718,0.11258439242696443,0.057516929212283054,0.07725687305936542,0.03798372301923688
0.09418522254033068,0.03367755898480645,0.07747141911502618,0.06152568998017238,0.3536418759683384,0.0819575633007753,0.05890964525530017,0.16861648217395794,0.07001454268129254
0.11805652266127935,0.0422886278558961,0.10798695000169084,0.012907292739284685,0.0826789831929558,0.11866104039264362,0.33356303483599486,0.042172085121181126,0.14168546319907357
0.11648163643317067,0.20302427057152483,0.1134679608225176,0.03433807558554492,0.04525236297091469,0.10997577139500896,0.11875417483215402,0.1876436900772633,0.0710620573119011
0.11100559457421356,0.030957346805489838,0.1554466994446281,0.25728820635493116,0.06326492087119907,0.18608094845651083,0.10596171216448591,0.07006872229748175,0.019925849031059647
0.13806883415664786,0.25925263650679475,0.16900559617579222,0.11377283835809399,0.04002441685705441,0.10178628411086606,0.06213625388425268,0.04398026867649411,0.07197287127400392
0.1630133342981978,0.04343695070313796,0.1296833497653359,0.10640027232093345,0.029741733340231603,0.14828580852328646,0.11937989788653917,0.1451229620285711,0.11493569113376652
0.12931041960819892,0.08633454269690537,0.10428868654750173,0.039985518151453674,0.10140633625160274,0.08597152212695287,0.06933781060945347,0.07341959881517647,0.3099455651927547
0.12337469579780856,0.03879137955705184,0.06990070348280315,0.006686074641064333,0.05190752685202915,0.13065259786077163,0.23438817370009116,0.17014238697748743,0.17415646113089267
0.11250608515586698,0.07279128150870058,0.11248993733865613,0.15351179545773339,0.07514645158703713,0.13531958552546905,0.07639810570975791,0.15353899888651482,0.10829775883026405
0.13613026772986694,0.08673193343311657,0.14720407057121548,0.29449555604245603,0.04082740781206741,0.13757836280133293,0.09159126302279375,0.040439862124773795,0.025001276462377167
0.1318026460065909,0.12365806956452241,0.09761349003270366,0.022149180802574414,0.31967271204267383,0.10175378140377221,0.050794361171587026,0.10391402402514449,0.048641734950431025
0.10349217731260336,0.14948321319937913,0.15818440201925213,0.14367039877346835,0.020804459939097217,0.158417258558199,0.06647484289628612,0.15540535267050085,0.04406789463121378
0.11607109283603818,0.07589869164094697,0.13255629292395668,0.1702481909571336,0.06460167457109761,0.12969610538300136,0.08365309433699773,0.19029444444659113,0.0369804129042368
0.07706945486316731,0.3916897931450635,0.0746417759188922,0.2226997868588572,0.022517179085409778,0.05950553222299679,0.0753194679940532,0.026505648239499385,0.05005136167206065
0.22644704080456743,0.09263202873232201,0.11276598015998414,0.023795636413988186,0.09308327085955104,0.16945952165620207,0.08931042675342664,0.1729097409110085,0.01959635370894996
0.11681600236343571,0.028407069456642148,0.18915431041976072,0.024212360870281547,0.17959782660099,0.13859766657919595,0.1758983252466877,0.11137237199747886,0.03594406646552739
0.11397806499009844,0.1935483332618464,0.11740031527847937,0.01630160524073082,0.09295346051678466,0.1370642445009924,0.05882541144027572,0.09509256011782409,0.17483600465296809
0.10437844062995028,0.03691827472625666,0.1285152516466269,0.04671535834681546,0.023471599872200252,0.18395441416172895,0.28490693748694623,0.07161221002509453,0.11952751310438064
0.11380946306653367,0.06285586015181403,0.09554825592493403,0.021927344055170953,0.09787256253681358,0.07320809097128633,0.23398837989572333,0.12072596356382449,0.18006407983389958
0.11178466794558788,0.17442031304172914,0.10901166181972356,0.017152120452100236,0.018447343485544717,0.14016388932287635,0.11807938508531611,0.034387148623436066,0.2765534702236859
0.13254676294580714,0.08485384164307268,0.14727696638715596,0.2211487887477108,0.08902266476119607,0.15768450142002274,0.08815813703558249,0.030125130785185056,0.04918320627426722
0.11955341275615754,0.06836723548939083,0.1655251777948784,0.023116665226202548,0.14554852487881254,0.13444976419063823,0.1349850992375859,0.0645441062233632,0.14391001420297075
0.12378501072476229,0.2198743507557028,0.0984315277450022,0.004903299855246187,0.16623039359410868,0.10622021688491719,0.1488404645524585,0.07515453571278509,0.056560200175017096
0.14166264882930102,0.23265798806195673,0.09726270954984283,0.0504981726099664,0.052022589644509065,0.09786435258298698,0.0903777017260024,0.13978011515985211,0.09787372183558252
0.06951336807625824,0.23766595315436911,0.08858176347721243,0.3634810542309954,0.01192122380692722,0.06403038047593665,0.03560371597815146,0.01186308715701947,0.11733945364312996
0.09208824508224696,0.09166216405335474,0.11772395096864004,0.010491149444958674,0.0675845065716778,0.1269386611971918,0.09278064282425347,0.043679166231319566,0.35705151362635695
0.10985834823193052,0.03364808583963038,0.14221909832739868,0.01225857715530925,0.1639992617744349,0.18023793411011554,0.06391031907206413,0.10219749944030294,0.19167087604881358
0.07152035316255391,0.02638658229471369,0.1140995106147679,0.023851718202139466,0.03274631589399892,0.13663649749242737,0.02568890047134037,0.21422395936743635,0.354846162500622
0.12778557099017687,0.05956699467022991,0.08648084929700524,0.009369390924494224,0.26639145078728704,0.08646950545707745,0.21608465854494482,0.056145067857927534,0.09170651147085675
0.0946493017095706,0.24688812073722963,0.14878244348159272,0.016592226919294774,0.07811854755783006,0.0975984158527217,0.167261522369307,0.05327091168052048,0.09683850969193301
0.07909000923707835,0.0762994110101441,0.10740490261493814,0.15537330040790687,0.013963504053445276,0.08534604175836924,0.04385394371498567,0.17790591408523837,0.260762973117894
0.10105357868045461,0.11486724974785152,0.15766913091897414,0.07034757657354125,0.3206809523858352,0.10893462336984712,0.04497362412725938,0.023682896402885085,0.05779036779335169
0.16471150643453292,0.11826601801918524,0.13938024655915648,0.03457962033895542,0.09066262561447373,0.1200692010745202,0.15802751132182685,0.08830024750113598,0.08600302313621316
0.093183899995905,0.21781895084140315,0.13488673858426922,0.07856079966963743,0.03304786240589724,0.09465853760284648,0.0969286757827746,0.04009605837392436,0.21081847674334253
0.13148525465251668,0.1090929130773341,0.146336870714691,0.10622475536328368,0.20846096770922207,0.09155430428382762,0.055650319358972605,0.11468812883089141,0.03650648600926079
0.07494526425139374,0.0452462397444898,0.09213871023839065,0.00621910458331926,0.011087829265711988,0.11642379800954512,0.1990702288497034,0.12840846711664358,0.32646035794080247
0.09632689925342387,0.16947021840176255,0.12192708259251178,0.01193246107799166,0.2581562214038369,0.09912863055503462,0.06201655075609977,0.0774965336048963,0.10354540235444254
0.10379878168453745,0.02817564391318114,0.08220604125582544,0.010045008485847459,0.1817327594343651,0.07136969451139136,0.2830074496480069,0.05769561724849431,0.1819690038183508
0.1339872169405482,0.013631659734128531,0.10390714577065119,0.10406891051417784,0.115309121955063,0.15105117857377587,0.2239948510287718,0.05614140193260685,0.09790851355027669
0.08763079487553384,0.051565077483961934,0.12599194655012894,0.10916364896925025,0.015106747948455998,0.09527355049181256,0.0688353366844156,0.0997103185618506,0.34672257843459026
0.09145954601756036,0.051019779397979546,0.07162551871146057,0.020154589862648627,0.011033954897421476,0.1025468362126692,0.2215108946573583,0.05973528654056324,0.3709135937023387
0.10896496749591855,0.10797973029226686,0.1032214049089527,0.03446090525441853,0.35424012171414243,0.08934329981978174,0.050458602880653895,0.08733807065998168,0.06399289697388355
0.15941294030596637,0.15981164893794592,0.10267694110699921,0.03882808637255464,0.19135883660958572,0.11308456316541522,0.07482248126816994,0.1319864443587382,0.02801805787462475
0.0973378097457519,0.042383814713983274,0.11436315491418847,0.0069222559102009975,0.09237037870668642,0.13468758737549083,0.2332748556347163,0.09069294771151937,0.18796719528746242
0.12036294451428071,0.05314894151190442,0.10594521023433438,0.010655984121142012,0.19648761795211903,0.13525602156102426,0.11647251618918857,0.20612806699355293,0.05554269692245368
0.07472272640533,0.010784253331063242,0.11154236191327598,0.002605022995683595,0.050764208583654595,0.17152210676830093,0.1163009100627926,0.03033543979855964,0.4314229701413394
0.08580054874129243,0.05168479545056579,0.07545555982663833,0.00631113710549461,0.24275329397321518,0.07384653852004054,0.03109980862707969,0.02418303643300825,0.4088652813226652
0.09145257387079316,0.4033177888787051,0.07769348387510104,0.20879171493249626,0.05635018745962259,0.08346479102666286,0.040397041523204384,0.024489397762864334,0.014043020670550318
0.1699558119691119,0.12026017376147254,0.1690909398616219,0.10308399434646999,0.10906404159169432,0.12703283480144925,0.052747759992362454,0.07014800091905017,0.07861644275676755
0.10328170136311342,0.08912335190948445,0.1190635362546606,0.3964889732205312,0.029208688820220013,0.10594244840804541,0.08582531007287297,0.038650680779946996,0.03241530917112497
0.09879346345370833,0.07218438788319946,0.1411828469357962,0.028265643866511685,0.10156317884537651,0.08954393372246644,0.14200751323041527,0.2683793938135351,0.058079638248991004
0.13285512494894638,0.038277041589120736,0.15574366444870055,0.025987136599855593,0.07928372209102182,0.1400974574256919,0.20951776379865725,0.11767843570661367,0.10055965339139218
0.09386589114235555,0.09308342801467823,0.07807290658480803,0.004059766783134874,0.2448504060432418,0.06752092461228433,0.043347668506011156,0.08746556116971867,0.2877334471437674
0.09120105269797735,0.025045183436417123,0.14512918775177533,0.01940937520818549,0.16897179100318416,0.08971928247612206,0.06320619293975942,0.32900447524243787,0.06831345924414121
0.07683166421532502,0.18832328597008854,0.12250992978498398,0.004138693406309658,0.03074471312251884,0.1078261850549293,0.028711921415682563,0.03821279522535722,0.4027008118048048
0.09865393790745275,0.0881434428156984,0.09301297047130719,0.06532029997160753,0.059896351473434674,0.09076557778338301,0.10658534705802443,0.2062897764676642,0.19133229605142776
0.08498978930964957,0.35280397559855214,0.08809629294000325,0.19284409560348661,0.01992675091003113,0.07567026191952737,0.09899799415963821,0.06628986172911065,0.020380977830001035
0.09987717784875982,0.32082401562527957,0.09125411635810571,0.19703876723172178,0.04807232538148057,0.0959387329230383,0.05233143129060192,0.031714309243327896,0.06294912409768434
0.09211191412174968,0.05320394583504378,0.09872964896853582,0.03744498727094333,0.019927976930640544,0.19275589132843982,0.16934779481308515,0.01961486610129484,0.3168629746302672
0.0759424507322066,0.057745199638940085,0.11074225698131013,0.027533524054052322,0.05968293726319993,0.11489315594845695,0.06843628892725367,0.12888666966063825,0.35613751679394207
0.0808994223892564,0.0686684780790519,0.09172000841888639,0.4403825014031885,0.010901981360769324,0.09711975164721497,0.08379527853586022,0.09146102544747951,0.03505155271829277
0.06081480411169669,0.38627673243230126,0.0966462232860067,0.2896130457585411,0.007021424701093157,0.060149858253259025,0.04325247364930764,0.007512228201251497,0.048713209606543136
0.1082445167591179,0.068294393089732,0.12466140477359898,0.22905036171702212,0.055664196711083434,0.12154150301607398,0.07550507918009473,0.14382778509470728,0.07321075965856962
0.10164384892010382,0.09081286110966293,0.1259539829636265,0.3061006293315633,0.07518535037300102,0.1118910305018344,0.054358632689073795,0.06937341614252064,0.06468024796861356
0.11212364561538135,0.0737308456759041,0.1581981128000188,0.23293335784571814,0.061107604531478045,0.1610992629912171,0.08913191820668682,0.06323838757595802,0.04843686475763769
0.1080472305003742,0.11521087900293604,0.24323911983421273,0.03492027205329965,0.0792823244488707,0.11250697137925132,0.09373736423447014,0.172659484803481,0.040396353743104164
0.16010210847520198,0.05137399071570456,0.0950718550658252,0.03665608968286337,0.08061083210538544,0.11563352070959311,0.055430492802217034,0.2691951970385234,0.135925913404686
0.08665305981868539,0.08622109400955691,0.11767789822548363,0.05709275417035697,0.07856829326256144,0.11664191755120336,0.07542929504189173,0.11625589025054593,0.26545979766971467
0.08917986208414301,0.022867844941061758,0.11315278448480348,0.04522646994289986,0.23063368784906393,0.08122175496841201,0.15150127757047496,0.09237444062235582,0.17384187753678518
0.12584014968841642,0.05983300339114961,0.20219618308253473,0.03474341894847283,0.2120679472048408,0.12837572530119415,0.1190247714014595,0.0458502311876584,0.0720685697942736
0.11116967476118045,0.22464826742741084,0.12558192810062643,0.01534931173466275,0.021740898670494252,0.0981336748454991,0.11973328216761037,0.174807738957962,0.10883522333455385
0.09482113768468013,0.025280271851918928,0.0821800381606328,0.003944776187459421,0.40828211794670183,0.07205717913180414,0.03876376828070999,0.0625499247859498,0.21212078597014292
0.0736468910410999,0.01612573860700264,0.09666719777989363,0.10902409998859924,0.03912599975408972,0.1304122268548901,0.0482409018435051,0.43711603037648156,0.04964091375443811
0.08213529602709323,0.13523419556628613,0.07247881628798848,0.008087861749609822,0.032617876919099086,0.08518509877631676,0.26618670840878833,0.06970422672077049,0.24836991954404772
0.10336044079361824,0.03464825434434773,0.08932770261889696,0.015392600743375154,0.3001584554126598,0.10162991304868922,0.06880463945216576,0.21057227617221433,0.07610571741403287
0.08165035289059792,0.09008594266045376,0.1006298956171745,0.023169857402486282,0.4037424621744529,0.06713135741565884,0.04392056033166037,0.038616844029840655,0.15105272747767468
0.12682487192136468,0.10616545323967752,0.18884130119838574,0.01492855983767547,0.09994759705899754,0.1223544781776094,0.15918190043994615,0.16336460725495083,0.01839123087139259
0.12458516272789866,0.10820572078347518,0.1346605173810402,0.016667276242112748,0.10868175666332815,0.09750841222572593,0.21490064775078843,0.04749422623883693,0.14729627998679373
0.14248287399119575,0.17960893573040626,0.1350857632452567,0.12652913088394258,0.10377289437351232,0.15296657817547007,0.06876763772017554,0.051794537281738655,0.03899164859830217
0.14703735355865186,0.1059284861909464,0.14412826485894684,0.08451107636049736,0.047429889200005994,0.15577102851297556,0.14281076672305276,0.06194253537906804,0.11044059921585515
0.09258660854965022,0.16227667020044992,0.09105389076075183,0.1926704058042532,0.033442733020229674,0.09543878663560841,0.09986174663752019,0.04811769778625228,0.18455146060528427
0.13497761262474284,0.1271713546443535,0.1605942870903666,0.013876777549432166,0.1576039238381225,0.11655933495147663,0.18003716789059623,0.037798057756067295,0.07138148365484223
0.08204712801450753,0.02187747032167059,0.1530126113052019,0.015361775193128655,0.04420834201265342,0.10206853265159965,0.19592348135896084,0.05347400658781246,0.3320266525544649
0.08946653497274865,0.049875113318521236,0.1480003071918432,0.026053461530142555,0.0216612123354516,0.0953624919093123,0.3401840143178725,0.16480299288536782,0.06459387153874015
0.11663834608293551,0.04546305294722034,0.08047005074363615,0.020976655398357316,0.33058709002035297,0.09527533222152439,0.07796911561015817,0.04085245207751622,0.19176790489829884
0.09672015531896445,0.137631207095846,0.13493732496358812,0.010216181002922544,0.04864293255879798,0.10319103623726855,0.1247860084654502,0.07421595839443472,0.2696591959627275
0.18189081233321827,0.08933034044520982,0.1248216214279157,0.027482453875674984,0.025484961983021217,0.13715279061709967,0.20262177134627626,0.041338588297447035,0.169876659674137
0.11045450538666572,0.16077207940293703,0.11866149890708083,0.004405715423909249,0.04193031684258499,0.07088301150017075,0.07285514605332166,0.32372288127999976,0.0963148452033299
0.11416586197072937,0.08422621825846267,0.12795457814394426,0.024654565461833183,0.11009564093018855,0.0867937310756232,0.14949730724261073,0.10930836879314083,0.1933037281234673
0.0921866597992968,0.03542673627784849,0.15452665912333438,0.022097321327790558,0.09401046714639293,0.11365593735487335,0.18539180017680315,0.12785758882610518,0.1748468299675551
0.13931075539067006,0.23078042328398332,0.10907660973844276,0.03238104476601363,0.19971565740575303,0.09438400417290427,0.09425211857705472,0.06504022712587149,0.03505915953930666
0.10226968454054348,0.22292960405805817,0.12080739726460148,0.10639602290797164,0.14497114366732247,0.1508376608964087,0.11117974931106887,0.019382495903726496,0.021226241450298625
0.09658083423722363,0.028321228201892684,0.0904699232028142,0.01377133965652536,0.136522892169436,0.09736034641611341,0.20866589675635105,0.20743392207893016,0.12087361728071348
0.11533408316941855,0.03432049001037064,0.12413320434308557,0.19003886756478472,0.07695633943582333,0.15991639976752145,0.06933186916009858,0.054475032559325225,0.175493713989572
0.10895707630017855,0.033369987118345365,0.07829037215644503,0.05103846023344544,0.13999665600782654,0.0728197791479642,0.3488453580821567,0.06571174906726247,0.10097056188637578
0.09245139625278308,0.05663883473210509,0.06944528654942862,0.011006519785718627,0.12729947875094608,0.07569445213955864,0.08277423847879503,0.273377177218805,0.21131261609185972
0.053470059756600415,0.07932828453654056,0.056306832013220474,0.23733421625309234,0.4052118005280952,0.05935356090718371,0.0835472836479323,0.009044257061138268,0.01640370529619666
0.13810669327000447,0.12249004750316057,0.1290386397221591,0.020473837922745583,0.055424554332809656,0.13993196677505199,0.13626378260162117,0.06232464478604144,0.19594583308640612
0.12163817582764641,0.1654858461148501,0.09540369142179418,0.21921805804313596,0.12183577410099455,0.10964252062401175,0.07276156708244615,0.016074854659645435,0.07793951212547544
0.14263058423546726,0.09460246251877884,0.14029437197281802,0.016499910517052605,0.03957131403613292,0.1440813249698044,0.13177064486335463,0.12167947113334099,0.1688699157532503
0.1403171122546525,0.15285205086205214,0.1600412888321453,0.20134392300161363,0.07490876347320104,0.14987119358402554,0.06071585528406148,0.025687296069766205,0.034262516638482204
0.11987356637762443,0.09228630335911962,0.14093089955006918,0.14841358635660631,0.08289589315388653,0.12808468613670893,0.1135481580526559,0.022964671600545227,0.15100223541278388
0.11956514138704112,0.2958483534854581,0.12157391763035774,0.09839222332928112,0.10819874060408678,0.12379139881814982,0.053934551382554485,0.02376950325283721,0.05492617011023356
0.0956575159178476,0.22918848671927686,0.1287681236307144,0.025544880038181794,0.11046271731565398,0.0846732866659543,0.05021052890427422,0.24070281715595798,0.03479164365213889
0.08015823714594186,0.10590314829218243,0.18355688099103804,0.031002292548735336,0.004508970127857086,0.13285524859661246,0.20966594897155313,0.04167100322854819,0.2106782700975315
0.10454491276845905,0.2978407216647829,0.10083229692694556,0.033031715026656895,0.209008092045344,0.10137203861989408,0.04450065973118004,0.06545053988452171,0.04341902333221578
0.10507092281558483,0.03907041041025765,0.11816109425115746,0.47414418461557784,0.04594988370271121,0.11875858966204207,0.04550795802445013,0.023051645249817492,0.030285311268401397
0.1199577228056669,0.1227992814694312,0.20143015088125363,0.11652302771644545,0.06372461320344384,0.14853946206179278,0.04965063020359444,0.05830661420137259,0.11906849745699917
0.07425465776297098,0.018115146198658495,0.08679155767910168,0.014160968849868007,0.13862977313001779,0.07602701319561399,0.10816293587108006,0.03700777454409663,0.44685017276859235
0.1841653625045597,0.029104556761008555,0.16216161584101244,0.06485082626694373,0.10502005865773147,0.13472691422165503,0.229821415319955,0.017527077390510227,0.07262217303662387
0.10476152850669307,0.029948607013780854,0.09051676066942012,0.03204981534507209,0.16977839135260045,0.08177105732425786,0.17704699345384997,0.17242047678303063,0.14170636955129498
0.10891973164036407,0.06232323976483783,0.09060760653194617,0.007144960484485767,0.2333161210199202,0.12495488007867285,0.0378973674924459,0.05765621593457563,0.27717987705275143
0.10065804236459021,0.35298112609948057,0.09421310529017679,0.1985889432933071,0.011313904050713175,0.0724566581257059,0.13123037880905314,0.02430200258924856,0.014255839377724594
0.11165384951367045,0.031840243289861375,0.18268473367285795,0.2574470343865736,0.09594623794208067,0.16592873432546876,0.09597349612001212,0.03400474647058243,0.024520924278892534
0.1142343676602637,0.09496252939543093,0.1357283837946248,0.004134511917353786,0.11844313576622605,0.15054833506644072,0.062197081594149405,0.040769166048138246,0.27898248875737247
0.08940191579775558,0.09766268355608658,0.10281932106229243,0.40444110891824825,0.037932340290531955,0.09395130502190964,0.05725671257912743,0.09056988301921694,0.025964729754831165
0.09191715512690547,0.28112798022441315,0.10228618045241451,0.05965080560358902,0.008865221223895667,0.10332113193947128,0.11093560265157854,0.2074574437897981,0.03443847898793425
0.11167426610900844,0.049355380940529825,0.09568130052365366,0.06391496989361156,0.0544402734391354,0.13411945403037107,0.13478590720429887,0.15030881529137283,0.2057196325680183
0.19511598212837866,0.1822413871865416,0.11566955035818856,0.22987358687243623,0.05419025791004441,0.10366494901880235,0.07768422321986829,0.03093759115235645,0.0106224721533835
0.10079469500548445,0.0801775427029961,0.14008887260893585,0.03289061905803715,0.005756443350239181,0.14595082067082585,0.14243586350699688,0.009663214383262961,0.3422419287132216
0.20286949914625652,0.03466835406915098,0.1587070207213233,0.2013736645597717,0.0499249601681982,0.11519500656655259,0.07574562850488512,0.11252271107527234,0.048993155188589266
0.09009751073034149,0.4604909430976569,0.09595043910898926,0.05917946277438343,0.060855012953372124,0.08827075246151628,0.07932100649873651,0.031386474555017786,0.034448397819986196
0.09982103778831715,0.11668640931158396,0.14907200684352573,0.3124608997260804,0.03188844696493757,0.1191307434621054,0.04385334440370094,0.07707787475211826,0.05000923674763061
0.12017653825942036,0.0714462808239202,0.11951029876396557,0.022455844022847966,0.33802410291553014,0.14203473365734398,0.032688028373161995,0.03471751401539532,0.1189466591684144
0.10578989700452286,0.11107020863276425,0.15191477417737015,0.08288341093878472,0.2714882172473037,0.11940853303208364,0.062229515118252664,0.06819372418331367,0.027021719665604283
0.10950955584671078,0.11001305123038956,0.16166829976235547,0.009812021107008512,0.06985130173116759,0.09975158284319345,0.3246035191985219,0.031953713310541636,0.08283695497011116
0.12277733161465247,0.2537880539197255,0.14035042100714315,0.14557363403869328,0.03783114695527988,0.12150852173035835,0.0954307735371908,0.022428657222074544,0.060311459974882055
0.09703655180616026,0.40681209936320156,0.10193990350483285,0.17933663890224574,0.01314972726864029,0.09141940444458152,0.05579001340195963,0.01880657780768493,0.035709083500693226
0.1317314737680195,0.051228542535973816,0.09568465610776374,0.011085315014467667,0.08768516732534881,0.21051407806474606,0.13792784536051575,0.10578772774731604,0.16835519407584854
0.10962408816405006,0.19158934617480972,0.1606966093553201,0.04062626887832659,0.08001748120146523,0.14875022368986626,0.13810189018702676,0.06844464157120334,0.062149450777931964
0.0857605320757035,0.02130694984774967,0.19526620742127943,0.02791998625351196,0.20796970324888342,0.08512919866358996,0.09673594660596292,0.11380727776142525,0.1661041981218939
0.13505445947148842,0.20888270173035794,0.11399774731781064,0.08977306016452978,0.13349925429265316,0.15355159853020195,0.04874906788058453,0.07693255003989728,0.03955956057247637
0.13620820059917818,0.08485634577625382,0.18826608911684004,0.12155319716244857,0.05122074101379399,0.16537184631858723,0.12101297894841832,0.07330028664664383,0.058210314417836036
0.11157067282331855,0.14032292217967451,0.09312541188370323,0.018498107898736415,0.15820736835532753,0.12158512285210654,0.0455607492270881,0.033776609419614335,0.2773530353604308
0.11383275230848067,0.12477688447345435,0.1388536212557433,0.1624861371231541,0.01964680290990591,0.1580994820290144,0.06725763390143576,0.13402932906681092,0.08101735693200057
0.0813351072414455,0.44760927659214556,0.08263711832615737,0.15489243107636844,0.029960455224223123,0.09936619263613765,0.06267107024712136,0.015710192246835456,0.025818156409565446
0.09327960435608669,0.03311817302142478,0.16964631639393832,0.06329778301397467,0.11938583046019906,0.09022355124355282,0.09154843599059419,0.24516939400329837,0.09433091151693118
0.10989009478471147,0.09418713618443926,0.1392721241940462,0.3146685370091737,0.029960738067865426,0.15329487086826268,0.09025889388657776,0.033110165899808114,0.035357439105115414
0.10569521264467245,0.052396919199519276,0.18831166590795934,0.10015817789316506,0.08994886125467878,0.11223167395827179,0.08773553255155613,0.09376480452069859,0.1697571520694786
0.143994000154705,0.1844755293433984,0.1538477245987955,0.018266431730673705,0.04888669977080375,0.2259203905587269,0.10755212920114554,0.0738728314921502,0.04318426314960098
0.12029033239549847,0.06966467145732243,0.15888546585335087,0.024519239355468934,0.047634465878665905,0.12029241462412132,0.09074145746653078,0.0630665624280078,0.3049053905410335
0.0786163270713588,0.17689039955259211,0.15737413525649155,0.022842034368682634,0.29244207620540547,0.07293350244877118,0.0848487386116078,0.09269272760904129,0.021360058876049148
0.11527757796309569,0.07592682659983728,0.15179813656671018,0.02383829149767259,0.015441707010794711,0.11821424825713837,0.08353430837925119,0.13339787020784813,0.28257103351765184
0.09412558267159866,0.30929791421779945,0.07665758761616508,0.016103846837271535,0.3072495757581634,0.05439369637649973,0.07541881937818407,0.02632319664425772,0.04042978050006025
0.10142069229562045,0.0403572940275917,0.1904932375943582,0.06687340233545941,0.07246090959003229,0.10565379660952486,0.1923907920159972,0.2021492656862556,0.028200609845160266
0.16369284313653484,0.09057221855957052,0.13116407617349982,0.0165050627798295,0.09829110311482399,0.186854773557921,0.10004061102714369,0.02372215371568404,0.18915715793499258
0.11863446811364232,0.03150478662496247,0.09291062874422697,0.06791873607414237,0.271829569592382,0.08599472010303506,0.05297581089401485,0.010642780657085892,0.26758849919650796
0.10071944702883384,0.2899590822997282,0.10272226139624747,0.08835915730340156,0.006970722139621265,0.1711547103096567,0.1233107637200951,0.03899760145819364,0.07780625434422221
0.14071084118884536,0.09405657779536408,0.1578475920565033,0.12856715699372565,0.08274885764209856,0.14877456130885933,0.12138301090160575,0.04577403432514791,0.08013736778784998
0.08678301109839298,0.1796112572467153,0.0915988228280366,0.288961651141897,0.14278568222779883,0.1285164172861468,0.060210959416833264,0.011678058645227363,0.009854140108951892
0.06852043464370051,0.44539075634281916,0.12040505115389782,0.017096380238164365,0.016412632207185463,0.12806668612183833,0.08972514987638673,0.05601053894703991,0.05837237046896774
0.0902238067227994,0.08015440041614906,0.08265000193911015,0.006198902771643981,0.3172920509520602,0.0951149169290933,0.1492734146943517,0.15979378718693507,0.019298718387857235
0.1690958576543232,0.14834471731048274,0.08303571390077559,0.13444891280526186,0.016786565845798188,0.08258659513650826,0.2721014595658343,0.04681237065174892,0.04678780712926695
0.08480307098541712,0.3326600921075266,0.09119646806616076,0.07922991713370038,0.05014966964065639,0.10797924080474149,0.08294925762800366,0.08898129312937318,0.08205099050442037
0.07292894393188228,0.38933118056398536,0.08550148076451798,0.1503310153889759,0.005240544605988384,0.0770380667320829,0.041482899808966335,0.05196240896049584,0.12618345924310506
0.1011075191086054,0.21048784960281353,0.12207822609286645,0.02837832441415228,0.10122810702167852,0.2002033814620149,0.11737628163618623,0.10187543831371626,0.01726487234796643
0.11155336435652359,0.041996648501737115,0.10851950563137358,0.056046238793451,0.019475160821126103,0.14365568201191767,0.29109853690771276,0.09822222134466503,0.12943264163149307
0.08769194961730427,0.20990925438631095,0.12493456040856539,0.06477678842396468,0.007609464127414316,0.08345420925548636,0.14225744389793377,0.021707787779791876,0.25765854210322847
0.10078508758745532,0.11758456835802955,0.1214873357815666,0.28280750190767096,0.02146293282915841,0.110499718864345,0.05642829786175304,0.07687679539477568,0.11206776141524542
0.13809152224729615,0.16899842377256902,0.18356508421693682,0.010396304037347993,0.03739353039849722,0.1971225815540022,0.09698810585355623,0.13823724005203902,0.02920720786775534
0.0925354234981206,0.05612242623322088,0.12465557214332751,0.09645459769670282,0.04571746811393044,0.15580062440589118,0.08155726461098944,0.03618246692497248,0.3109741563728447
0.06866229430895482,0.03360498518400565,0.0768335507061476,0.02021924958509731,0.07487770277205258,0.0739039107691406,0.15590738210122565,0.43753352390370054,0.05845740066967531
0.07327860390546319,0.10436233970149557,0.0843998403293744,0.007348618279182011,0.011316799364634885,0.11804726982688696,0.25103210462455233,0.05667606020029161,0.293538363768119
0.0759553589858288,0.025840239194704077,0.10117773501229521,0.027564984862670006,0.1914311417704014,0.08297383636226145,0.16413662605837756,0.0627784935688419,0.2681415841846197
0.10223473642896759,0.09634414717651658,0.08667002530883106,0.03625114498884471,0.005308012378224721,0.11318913806085877,0.07606191243671462,0.0673912838460734,0.41654959937496855
0.09543658895203166,0.14411148835455237,0.11595373943473337,0.2949475254741695,0.12911361036221666,0.0831108918120601,0.0667912699439193,0.022170347269827872,0.048364538396489104
0.10224296383451122,0.07595649419637586,0.14209270707448216,0.01878882535229331,0.0887078713970529,0.09827793464329622,0.09732561350508305,0.1705834018318875,0.20602418816501777
0.09340683109870936,0.09744008096456223,0.11145651967284538,0.1429925636337873,0.10567913160545882,0.13503518628794123,0.15854435801866323,0.07442960758075264,0.08101572113727977
0.16141753418778984,0.10594009603916149,0.111167702337808,0.030955885485250172,0.1754261042059886,0.10716648632004272,0.0739936041677839,0.07636860628192084,0.15756398097425448
0.08000870113305135,0.10172578400533461,0.09414510060153049,0.03781494571136882,0.053562532610677026,0.170876890514164,0.09471127029567668,0.13659693064293832,0.23055784448525884
0.13985964342005514,0.24188683989102666,0.1887856048554074,0.037222411282881444,0.047586680403730174,0.14461367420389135,0.09784801680765705,0.054844660844134356,0.04735246829121637
0.12198345635111311,0.1478074786429826,0.06937022749897924,0.015412683540174131,0.11612646499982264,0.09110261529246055,0.2241162676588825,0.19169155391272377,0.022389252102861388
0.12250031187595622,0.07148274487512941,0.27230426897468335,0.06965334993614475,0.09810238425485292,0.11653571132822749,0.07757664493554854,0.062094110489630365,0.10975047332982694
0.1267823853243962,0.11112599550523561,0.09566669588142111,0.016003514706695445,0.168719690621052,0.0853932817056014,0.09261551805976041,0.18291540831278374,0.12077750988305398
0.12932861187979872,0.06032111944640713,0.15846384393416726,0.020508446000856523,0.18316627453251164,0.10807389175465126,0.12499527436795492,0.11794758009019746,0.09719495799345514
0.10861699308214623,0.06173998904895417,0.10239381474870059,0.1250771235153004,0.2256922779794032,0.08875154800819367,0.052894243601320994,0.05613654897929284,0.1786974610366879
0.10763808729130588,0.05655337935995116,0.0956893446324873,0.32830964155016956,0.02366387982392307,0.11850251905598103,0.08729764309907867,0.1506258653798513,0.03171963980725203
0.12014571628397502,0.08380448790396934,0.11491078625892603,0.013153580378200663,0.3211064541936943,0.10464808662131349,0.06272472251925379,0.05830311198783392,0.1212030538528334
0.10421195440848652,0.1327063599515975,0.11522549190938346,0.0357389313204398,0.07864310018169654,0.10343150944206221,0.11958593175224737,0.11966202343498362,0.19079469759910292
0.10949510818077657,0.03647773062089138,0.13746089857649038,0.1438456598406893,0.012436917564979168,0.199762342386559,0.10444522806277018,0.024313677813192398,0.2317624369536516
0.08603757105621207,0.033721384677350634,0.08183035870210394,0.005352865358205532,0.0227505811941877,0.11602740875874573,0.0907359886690922,0.06117865508428912,0.5023651864998131
0.11990334007443386,0.12448963810580282,0.10788155535328774,0.10595836809995766,0.06924168944006649,0.10987762426413293,0.11151968514247557,0.15517663542362273,0.09595146409622023
0.11176089703545354,0.05093969274200972,0.20121407999494012,0.17898411747661283,0.0768982389299498,0.16028628217797156,0.1489380742921731,0.022097288592084763,0.04888132875880452
0.09744523219338815,0.15975604891018225,0.1976309779932924,0.015147974819725234,0.05327086984501835,0.14109872200438558,0.21275639085406484,0.08172608770384708,0.04116769567609625
0.10525652229183467,0.08672241023342923,0.08830073246605934,0.006968661379206119,0.1272368562110753,0.07564357449389637,0.14573661238952426,0.12949453019865484,0.23464010033631985
0.09101468781073337,0.07008115830546098,0.13131038148224386,0.028979291817076546,0.07581701095558004,0.1315569832631014,0.09259499117278219,0.02264184343200494,0.3560036517610167
0.11280946808742422,0.135335300526708,0.10518494168018981,0.13038840613686578,0.013141978163807175,0.11849130429092287,0.08450176561171822,0.18453395037865872,0.1156128851237052
0.10561466816664367,0.1595793748200334,0.10636376797822807,0.04602284671963661,0.027435164387800266,0.1116363154060257,0.17135952564990034,0.026985383418803122,0.2450029534529288
0.19921444430152938,0.03929275245718358,0.17023266340901108,0.09853047920044611,0.12275850755679028,0.15086227170545416,0.08117882065082123,0.041281660813313505,0.09664839990545064
0.11590250784344652,0.08364465562214335,0.15399783268666653,0.12404774264194955,0.12688355967339204,0.16161071541719155,0.09971825038271105,0.028746069818338913,0.10544866591416048
0.1280557125009633,0.26508582271339426,0.12536097705050336,0.014818750745789843,0.10112096293611782,0.10994492732495391,0.04857841105776195,0.04494288399583405,0.1620915516746815
0.0886923766947277,0.039556993793448965,0.0932929111488477,0.010855727050233459,0.11970579520527241,0.10465975572853066,0.07697086792051336,0.0412121890708139,0.42505338338761184
0.1422653051966906,0.0263339577056876,0.10123472922893746,0.08544368595302558,0.045986727941896725,0.1008660289897824,0.0858142248418398,0.22151435126881425,0.19054098887332563
0.10533810255452163,0.09321837313825664,0.09539876059186486,0.12059018895711289,0.14855443108859326,0.10446988898496641,0.06165089856605662,0.038999308687174376,0.2317800474314534
0.08118484830449055,0.08243275411118478,0.09051694125375805,0.008354524231733223,0.031880383874355246,0.10520439144087827,0.11188813206659952,0.027012644786614595,0.4615253799303858
0.14688959143335015,0.11446531716773957,0.14929732733878257,0.07202488958430146,0.10623826236784577,0.148760975112027,0.07738497578102353,0.03536689568548017,0.1495717655294498
