0.09512063311614626,0.045097262041371794,0.03394063622980298,0.028778709384499095,0.06697788656077759,0.5681734179903152,0.08528267925864948,0.0391049882285133,0.0375237871899243
0.08810740632829939,0.037141864593714394,0.06430380377413834,0.06589384286139748,0.2019883618194438,0.05226542747810157,0.06707022184494298,0.3124493038134279,0.11077976748653416
0.24691584644228812,0.08504731970172064,0.018908384201597947,0.3674634705492917,0.05340521140713125,0.0516595252924115,0.03838682173035845,0.09245709605894796,0.04575632461625236
0.21721959390476886,0.18073864728971425,0.12894825789898265,0.04701745574312052,0.04895447279597207,0.04053261551796769,0.21724560760649717,0.09399492010207844,0.02534842914089841
0.27969332247478845,0.020282778849038303,0.22986023596751862,0.026382955250041192,0.1189338106400462,0.053348828016487874,0.05672144928217355,0.12830048097300098,0.08647613854690489
0.08697896706098636,0.04286570905123208,0.02233309594204627,0.09057369645146597,0.08760080669480248,0.4365632631321808,0.14237622652108328,0.04072962653988416,0.04997860860631858
0.154821724566113,0.028973299714487116,0.2752843899667521,0.01482375117938786,0.032485603956005374,0.07062001390502813,0.025459147025627737,0.10191456807917983,0.2956175016074189
0.18615540522846372,0.02171930354900878,0.02259530512707904,0.13645406975755514,0.06775160571776138,0.035393598478661345,0.040155381595062004,0.2133852501329048,0.2763900804135038
0.10510811117895447,0.025040349676031276,0.038459643317678045,0.031846570030329445,0.03272036726547229,0.20646734397405045,0.08057419631859054,0.05985478634040755,0.4199286318984859
0.057655144362331386,0.10063293430865737,0.039012313163554586,0.3554620763089675,0.04276233661480311,0.05152095024776421,0.015543838451886663,0.26421174239571327,0.07319866414632188
0.08143841695076963,0.1330289558452846,0.06895200588100424,0.19104133505715748,0.04926485631930926,0.15744463479400217,0.1628943786031057,0.037632725950230976,0.11830269059913597
0.1666210450300708,0.07489358777486417,0.08989919858980783,0.12129237803838078,0.11532633724730196,0.20522816617153516,0.12618367787008064,0.056312544027229315,0.04424306525072937
0.048916458490848524,0.05478037746655884,0.11144496075399467,0.06716041642716974,0.15427461886029828,0.0817153853755296,0.04157799028447457,0.33374075427300914,0.10638903806811663
0.32364881017250097,0.05696479636198117,0.030939042436911163,0.0360391921321905,0.05443920781418294,0.043375554697037466,0.05733991156112032,0.3336113989319815,0.06364208589209407
0.1730110064717312,0.06407560204855563,0.018490724679082294,0.050328203257666355,0.1235690420447232,0.0060850453590549055,0.035118161491912235,0.5180341456037655,0.011288069043508674
0.42214954835728324,0.08509165927743273,0.03841931636668699,0.05158700042966522,0.05551512921344226,0.03791442240862412,0.011336776596703726,0.23116357159998838,0.0668225757501733
0.2266993705451453,0.06365567289922337,0.28118962791792856,0.09058219492553653,0.05517047735660141,0.11196546460382827,0.07128363907391701,0.021188130224604366,0.07826542245321526
0.03530217247971611,0.06344537080472588,0.0072047883447934,0.3451026684095997,0.21870931540263042,0.1254227727931387,0.029168312369011875,0.09384438825221826,0.08180021114416562
0.31679999911605466,0.04181416491904543,0.2405661359716751,0.1795579584754512,0.029684843068555355,0.08171653263951466,0.03098810240757333,0.05737109613663771,0.021501167265492536
0.14682860622464539,0.056438275059450295,0.4078940520771754,0.08502826872883083,0.02351052138819856,0.029031921722808173,0.11755701697478464,0.0758741057378977,0.05783723208620898
0.19069751556068537,0.07418346740035614,0.28642334661040897,0.2337483351043589,0.025121344334744704,0.10313308583070618,0.025304908209383872,0.04570810005026569,0.015679896899090173
0.12042551157122505,0.04447960364620393,0.3063903551276435,0.06500172072561157,0.12270747029572882,0.14305678871031727,0.10033115738839456,0.0647731720055183,0.03283422052935704
0.12659380605443213,0.10826534939689673,0.16840063400941027,0.10049041093564892,0.1004360150701955,0.053021266766230125,0.15888072727808378,0.08508697907340866,0.09882481141569392
0.09225006575859131,0.0612142588228077,0.036722511000592546,0.019320986146358698,0.32923881530254034,0.011525713735817221,0.2338577940523384,0.016860947137039613,0.19900890804391405
0.08757834236986012,0.07559364188200178,0.07487663594178473,0.21087162108599058,0.0826544186782816,0.056880209606243536,0.17636688103961093,0.10373568289971502,0.13144256649651173
0.07438120672266663,0.10858655783179405,0.16357074461870588,0.1447491633242425,0.1128811408640703,0.059209544841650696,0.01245042077392971,0.08233512734989142,0.2418360936730489
0.18104574963460707,0.13657529049743422,0.08146716804622343,0.18141559544492103,0.16477320279629507,0.08269101140424436,0.03150562598030076,0.05491861546449412,0.08560774073147999
0.07842708945680134,0.05293672199661607,0.2952919275734736,0.13241020687820948,0.09432765951566795,0.022877053221229838,0.02712142085105368,0.024270741459019547,0.2723371790479285
0.01939342856359652,0.09513312930938694,0.01899764133767165,0.4328176043199588,0.04028214800667936,0.04489090046893133,0.02859180517770805,0.2925064976839679,0.02738684513209938
0.08119587472206495,0.02530638002660791,0.10350901630423788,0.050544571574736984,0.06239841197700907,0.08776405694098845,0.0514393462164443,0.048626499399224844,0.48921584283868563
0.20918687878325984,0.013849612049057504,0.032505940870621385,0.12989409358696133,0.10921005869958507,0.012142407628151887,0.0049481313836523605,0.45661857332548506,0.03164430367322548
0.24388004353018058,0.16461723841154882,0.0993415862711421,0.09089386255337324,0.19576382139066986,0.03982824007751915,0.07495662223369665,0.07148095872637898,0.01923762680549056
0.06751143330270852,0.1324768618528345,0.13607184348197993,0.08873034544116636,0.06773694692826078,0.1396802647001593,0.1431905170024746,0.2062437113995689,0.018358075890847064
0.09165087919311755,0.0661787651064385,0.009351723777911072,0.20755207150385627,0.17615961171410768,0.017829291319670523,0.038321030989710875,0.1910019775294561,0.20195464886573133
0.05533726025251404,0.11796228898798666,0.008515529002037052,0.251518954532548,0.049816990695617326,0.025065517644373758,0.27787359900964875,0.1931688693308287,0.020740990544445743
0.1704546713906789,0.01727849592150897,0.4123921718606233,0.04201233716504138,0.12637874229388854,0.0333833312932074,0.03466842225878027,0.12995526970229954,0.033476558113971794
0.1137950766657664,0.23990230097643858,0.04509605040130901,0.0930269635531265,0.09116402588481128,0.11588353813342456,0.12089506637008078,0.10152042662752973,0.07871655138751314
0.15416879129955927,0.14140283031905124,0.034012644596188225,0.3306410638161585,0.040619334592044365,0.15442572689149697,0.07884308500899535,0.03110724553392037,0.034779277942585674
0.21955066338196927,0.07693777399662342,0.04807754174056284,0.33247382958053123,0.10339557870011275,0.05545738606583337,0.039857549173535234,0.08003809642638077,0.0442115809344511
0.07106643560514644,0.15103546869525616,0.10690449785307966,0.48673547358037944,0.03672513076582609,0.020338802834458557,0.04946769930786909,0.06841682909010209,0.00930966226788247
0.17582120542637072,0.09581207444463391,0.21225284015749388,0.0744973004892015,0.07703454087974292,0.12319625880788097,0.08479045443488963,0.04898621478546339,0.10760911057432315
0.04430408011633444,0.1313644186141308,0.1123537360579177,0.048367196562380754,0.11584006288919753,0.13443841407795723,0.2580709852377752,0.06636874019915016,0.08889236624515622
0.022011369690542848,0.20316138010259166,0.15399929773321971,0.1531795551060319,0.07904865092083933,0.20720868889227942,0.08292335899427551,0.05248413097425153,0.045983567585967944
0.27127882678950704,0.13892463056630996,0.11764467614069492,0.11319313631059562,0.06637988017658893,0.0490176905823582,0.06036371873657187,0.04125105993166327,0.14194638076571026
0.029645294786580248,0.21278712818765336,0.20814886937103902,0.1501204717805326,0.13287886004559016,0.16118243230082172,0.0381755308273509,0.04128799922559153,0.025773413474840468
0.36619643926180107,0.030864327594967832,0.0963344313671934,0.08440953716663661,0.05247024724769439,0.1452939285206122,0.05111380818070141,0.12514325530984607,0.04817402535054702
0.14561985530827684,0.11848097132303048,0.031836526270950634,0.07684905993940026,0.06029637066414753,0.030310038972133177,0.20740955892698873,0.03968948112759988,0.28950813746747234
0.2508556646498824,0.14625279710482034,0.04433795701620513,0.05309385577468009,0.05784647668170992,0.08613971760974846,0.13370309802408695,0.08439376326580038,0.14337666987306633
0.030963536865441815,0.11708823774376242,0.010886761607386308,0.4980433758255269,0.028106540410666347,0.028663525488911813,0.06394079069486519,0.08235127913345501,0.13995595222998428
0.031769248091927264,0.06436775628880458,0.0395062276991828,0.5799571898292578,0.043707903900842254,0.05463158385790468,0.02923698174564955,0.08731410109865327,0.06950900748777777
0.1174561113184867,0.1705342901369171,0.06326424240179128,0.2606317094376651,0.03419485370310057,0.06554397983736923,0.05748231256282321,0.10617329340288706,0.12471920719895979
0.37166982053700254,0.05089698404888795,0.0324240506221715,0.14491713073987098,0.05384211953686561,0.05510864432976558,0.03514978568748886,0.16063136450844104,0.09536009998950612
0.12257770187800605,0.04421658762963304,0.05554270170441377,0.055584552528165486,0.04560846747454255,0.15285006234870954,0.23658512666738582,0.1403553927529166,0.14667940701622714
0.34619492713666555,0.06333309324970075,0.02377031668650136,0.14016094206883054,0.11472316724835312,0.0431814002174127,0.019529388455249045,0.22247440972987464,0.02663235520741232
0.2836673498625563,0.08390470593148924,0.04085976214230902,0.10457158707625029,0.08370036476287139,0.08107144292696027,0.08258498307222228,0.05331605124493716,0.18632375298040404
0.041942543980791204,0.25473658468897664,0.07774668238742595,0.07761691755434723,0.029799397549818918,0.01950930112677925,0.05091303318849866,0.08133687894895705,0.366398660574405
0.11738971510697334,0.08493661415995328,0.023778234691255163,0.12869203277078642,0.06060197525975882,0.10745495156019436,0.028264218966520215,0.31812600525508244,0.130756252229476
0.10600523972320221,0.23725795145869588,0.1585550047176201,0.07533743889236148,0.13997293804750788,0.05330912611196501,0.05283468498542097,0.07549344677148598,0.10123416929174045
0.33497263554250156,0.13955723228005462,0.0497911559780242,0.14476563506428544,0.06985072282762819,0.08671343486618477,0.051480715437283914,0.05048088094967601,0.07238758705436128
0.12781999752226264,0.024589960298097208,0.04799710617647431,0.022384282779337145,0.11226037588712771,0.09589283029930486,0.015786889901083914,0.0500285757428503,0.5032399813934619
0.37185671942721416,0.11835424666341625,0.1792607783383032,0.027411767439549848,0.05684597794536892,0.07326729541409159,0.061956089100497734,0.0524886045575382,0.05855852111402012
0.2188264707729394,0.0529822714835535,0.20408899001869749,0.08193796309375291,0.018675202957896864,0.08017685782035093,0.09360308254163806,0.02050039759205477,0.22920876371911603
0.0184091125654687,0.0879069482770131,0.45488253414076674,0.04076984337020325,0.06946771976922732,0.2203493697259711,0.011843139632882792,0.05503992065855675,0.041331411859910176
0.17352522314853466,0.05234822171761156,0.4040016432534473,0.024499636142239486,0.020975642563230562,0.018596911897017194,0.05050602059728474,0.059556735595126774,0.1959899650855078
0.2808235690709437,0.05779331362163886,0.04476169170642366,0.37134032653133847,0.08133163997045971,0.024359105580141763,0.03271162606629985,0.06170984534770574,0.04516888210504822
0.12998250486044874,0.09223662271918061,0.08188523901278065,0.08951754121356166,0.10523613133035777,0.25607236789947524,0.08738189954474583,0.01362749640826756,0.14406019701118186
0.058384744393884275,0.0385554866858153,0.061510931553816185,0.06052113016979104,0.02547381499428794,0.1224764611961588,0.4530320042419768,0.07032115114978749,0.10972427561448224
0.10935375068094795,0.04222000055112971,0.5460125321161565,0.031810431509184736,0.036613677916164905,0.013679510848823184,0.07241534987428312,0.0955845378838857,0.05231020861942409
0.035713162210344644,0.06054343285251152,0.2950489010614231,0.015982733289273306,0.0842879252236605,0.2530538884772,0.0530915087690634,0.07830694588284971,0.12397150223367376
0.06671542874980806,0.02156284359653911,0.09876161411757416,0.21214567137258578,0.1895484932089572,0.10966714616684674,0.013404209129604642,0.07688816757687221,0.21130642608121208
0.05735237827205659,0.08396238904449572,0.08309933750644205,0.10334703668868205,0.03987377860381452,0.5439632854963614,0.046231208412074565,0.006462289224487443,0.03570829675158569
0.1695512579067956,0.07271255888303198,0.40996507898903883,0.015875768355204736,0.04907150492549461,0.06680959172957514,0.018969654751071513,0.06262812184660844,0.13441646261317908
0.11478322472775704,0.05277068090481302,0.07846529894227583,0.051548422841200627,0.022625642437484234,0.27164617228944005,0.05895386287917511,0.09167872113705615,0.25752797384079806
0.025606284265836016,0.11777168394472198,0.12114600931262513,0.042881353527355566,0.12614472107228336,0.2216526098244925,0.07023299908865531,0.13624634540853683,0.13831799355549332
0.19554787509960792,0.14509341913446405,0.15241910818654247,0.026314782361469113,0.056052458072192834,0.17454943204580234,0.10860425410652859,0.11350039976632753,0.027918271227065233
0.09899310942785776,0.044317186985433236,0.2897355929610074,0.050659662695079266,0.10993864034719654,0.05798390255764176,0.03416360996026183,0.2787761983322253,0.03543209673329687
0.13454772545637822,0.11771965998996557,0.04545113679394788,0.08109326622632988,0.1585793576918956,0.01597637397588921,0.2962306035884208,0.07583051524997696,0.07457136102719587
0.13753166414766557,0.08593571802527467,0.1044105718858555,0.15727190739928187,0.04019356611764503,0.042191126356749264,0.021782033833095737,0.10254610849932173,0.30813730373511056
0.009525661664117295,0.060364535234795964,0.03684980507802784,0.642317854737319,0.015594354933028335,0.05192741916783166,0.03071903132120857,0.06889970499123169,0.08380163287243969
0.0501701531381204,0.10687645828555187,0.05827566013700388,0.3840463958891885,0.09591368037290415,0.18426645450364595,0.013076596834413165,0.07869443798350297,0.02868016285566911
0.23634400483700904,0.11276566801557485,0.04510141094018443,0.020024327877769938,0.13185229997462294,0.05676175845363951,0.041231976787121156,0.27671964773760777,0.07919890537647024
0.21450296771229568,0.10704146900077066,0.1139467944734454,0.05799367161243684,0.03186848178752984,0.03062709353019441,0.23308365960588884,0.10721713998794578,0.10371872228949253
0.2873880706721516,0.13104239969198825,0.019936088937108822,0.07900518158827324,0.1212812356784659,0.03207095629693335,0.07471277247714624,0.14417290840468558,0.11039038625324694
0.4214143276238582,0.07251582344743511,0.014917820089653748,0.041930069785772996,0.1352862959649115,0.023648775967431413,0.017808463583906073,0.21303975710968728,0.0594386664273436
0.044669513464535626,0.03571397360447969,0.44968744499452445,0.03636549528696779,0.07045061029652436,0.07103978712721006,0.043676133618017775,0.08667502245821208,0.16172201914952813
0.1259262040123772,0.2905358187223215,0.06776192301991617,0.015794220766508292,0.05557189309563965,0.23822715210970302,0.0576973977241356,0.02649733158299597,0.12198805896640252
0.16309932686996428,0.05018926467945073,0.3209720377268082,0.09613066071172272,0.03724253854409265,0.18856042719373853,0.020564084715439388,0.06471095665404479,0.05853070290473869
0.49795248148349147,0.07339806657993986,0.06508852413426337,0.023697713247124913,0.048897133953569254,0.05244959296168351,0.026852623596662614,0.1465153690926221,0.06514849495064291
0.09247021424294712,0.05720306638410031,0.2817735971797442,0.06445266427397454,0.05203979290441004,0.09186502653217571,0.057414773457287134,0.24103136776148873,0.061749497263872216
0.09337529390469679,0.03268563345223532,0.4179075885830928,0.028420804711044512,0.07163453192197315,0.04912787733829318,0.034834880458353236,0.12910549797393825,0.14290789165637277
0.18239185081551124,0.05311560100651238,0.02798286697560597,0.09853578214935323,0.025755117278420152,0.01795826439903982,0.09268938371480122,0.08176386650305095,0.4198072671577051
0.2666333290749357,0.09133844168330911,0.14503335544424606,0.2099726225391004,0.035673636087653594,0.09031874733238467,0.06727059984301308,0.04661466478923144,0.04714460320612603
0.2515114005053472,0.06165047607081094,0.35092860476868754,0.04774987975487649,0.03848082369529402,0.021615538715897303,0.0841624619245089,0.044786835457757045,0.09911397910682063
0.1996743539051055,0.06419834745902452,0.03717481170741712,0.034845897997860774,0.09524278057386354,0.08053424765857665,0.09859230299076834,0.24801377502595245,0.14172348268143112
0.2026933694660813,0.04892564803776319,0.15659174267869322,0.05982209963081534,0.2108893516627476,0.07520721052680221,0.025997957091903386,0.16039813137639938,0.05947448952879425
0.49397391168444105,0.046982213004863965,0.06706893773356663,0.07172891294957097,0.03478762852028206,0.07763311197517275,0.08491674292327345,0.0977281481316168,0.025180393077212315
0.061398303272247844,0.0604693410358634,0.007804436459208638,0.4932853586158308,0.0792764551738326,0.022913683500847364,0.028061065599552442,0.10685682439021445,0.13993453195240257
0.32800187176066053,0.14519355040709261,0.029005464863712582,0.06132551827677827,0.17028844004709284,0.1608140545552976,0.019600451195597713,0.07816812177673081,0.007602527117037021
0.08923295673581265,0.1214423872877103,0.24703039840230492,0.07207971311902259,0.08450573546066707,0.15367716506763449,0.07167517890975511,0.04058307752906935,0.11977338748802353
0.021380772155873338,0.07371026516096289,0.028466764709857418,0.32329153512649383,0.13462545273921536,0.03559741676951394,0.11575111157422598,0.21675274653120855,0.050423935232648764
0.16121827055423066,0.08036445011269559,0.07194368726909268,0.08273460546194143,0.14921905840556327,0.03381279189723672,0.11294573418806979,0.25389956744094994,0.053861834670220064
0.09019969006194634,0.08493816537065972,0.05863212750810635,0.12183796759021466,0.10914318288861756,0.04704781258945188,0.0798563576395991,0.264661074872706,0.14368362147869837
0.04935230833982577,0.02774923510212469,0.03814277591205622,0.09268698013965666,0.030034221039922936,0.510317325237393,0.11560776942431578,0.08709748804132104,0.049011896763383855
0.04955326873680952,0.060356917382800836,0.07759329417511224,0.07549214239508098,0.04158802188612443,0.42745150874068033,0.08985449853169565,0.030300676525155956,0.14780967162654013
0.07678777656400396,0.027650284779473542,0.02731414905426362,0.264044732199068,0.10668259486801174,0.10767476140159137,0.19229635410547039,0.19641519505480656,0.0011341519733108203
0.15911010296585867,0.040517153169600424,0.3243639435814985,0.050996471969582985,0.05038250183016169,0.03865944537463887,0.09707683094334907,0.040138658808277244,0.19875489135703253
0.06846187593494636,0.02881076660815654,0.2610151548406565,0.1451526222211433,0.017384463133612606,0.0960294817961745,0.09135344214492541,0.21160441570417907,0.08018777761620573
0.5288140860229463,0.07039986684703554,0.0634721192060534,0.07723628169585488,0.0313058389109677,0.06950137180518874,0.019888299694567943,0.12035351700167472,0.01902861881571059
0.06467186783279665,0.03723690438098078,0.06841359371491539,0.036794854403262335,0.14399649911169699,0.4289011755439665,0.09535688753854106,0.08124851821287911,0.04337969926096116
0.1565407323882624,0.02586931065839244,0.35395354539606405,0.13768486223490986,0.02462683328754144,0.03767465665768531,0.0808070838151038,0.1319620650987894,0.05088091046325113
0.07964031509133705,0.05291376398202736,0.12661094284507232,0.18862148792390432,0.23552062554332118,0.048999805930493405,0.061524867488410136,0.04600582700863024,0.16016236418680405
0.02176416155512667,0.03000513205210952,0.040877686939184615,0.6120809927102776,0.06646694402772486,0.11329551019625768,0.027062198398538673,0.052910914171715874,0.03553645994906448
