0.08588779469297221,0.17624072523858772,0.25932271827625014,0.024443990907629793,0.05231476721002156,0.2694568592689693,0.062000683044880524,0.0113120556135528,0.05902040574713588
0.13399707728402532,0.12149892931750451,0.08211355177625417,0.07520099303243037,0.16538829042912365,0.1150108905361152,0.11523374164113293,0.15940796718300093,0.03214855880041293
0.18984853095739473,0.07918400255931006,0.03398774177145692,0.1409650346868067,0.07941717936452446,0.0007923443936391546,0.09501848574363485,0.06922247261592022,0.31156420790731293
0.11126421131483012,0.04408373019466876,0.03240526137532132,0.10141870743509497,0.30823060441430933,0.004035628550787975,0.24138556215247564,0.09995722969840203,0.0572190648641099
0.09298281223456022,0.01431106823359365,0.04421567724379907,0.18628043359443555,0.054248057618115936,0.17807329903524335,0.038889268649690036,0.05508669983201606,0.33591268355854603
0.09969269648333696,0.5395388650515891,0.08447132030566135,0.06807526338570351,0.06940356152092697,0.02805834033686229,0.06273368060594411,0.02616067523965772,0.021865597070317933
0.10019209789778581,0.01752062584420379,0.1547512324671666,0.3011856642745423,0.07828409193497302,0.0549474984203406,0.10163185051226986,0.07569327609524906,0.11579366255346892
0.0916588390130673,0.1994826403978973,0.09140152582691663,0.038711212333362485,0.05103050677389109,0.1328196707994402,0.08137902299862051,0.032962552335892174,0.28055402952091235
0.1660841616715152,0.06031068306681219,0.0584087761387316,0.03318810085657842,0.03646559860008149,0.14670103153142952,0.3270920961890878,0.061663367822575366,0.11008618412318837
0.11177710400403867,0.2304405096627384,0.11377705392605181,0.24744468501405592,0.05153379998473786,0.0808252749222791,0.06056810904836831,0.0631796466194417,0.04045381681828827
0.14542207833579376,0.16605645015176562,0.03559490368021378,0.09306957404077361,0.09954897861677921,0.04416691612900431,0.12038280954082903,0.10718084917885184,0.1885774403259888
0.1530216306654322,0.05589315070438442,0.03352580213775045,0.028454320245721115,0.14809956455835174,0.12207377017512866,0.056932162940615295,0.12101084592797055,0.28098875264464557
0.06969486551019831,0.03961506902957282,0.027672805544187936,0.028570688267788125,0.0234709545402521,0.5881358947994618,0.07361875425371779,0.10226502997890595,0.04695593807591531
0.16921897416807433,0.0934989298566527,0.1271646255152789,0.07405555020907051,0.1602058906963859,0.08755277672119337,0.0858753240617432,0.1055412176989471,0.09688671107265394
0.07408381438015825,0.06932589327825729,0.2962900272970705,0.18318159317764693,0.02269835487779455,0.09464486250627065,0.18012606661332264,0.017916651907705403,0.061732735961773845
0.19560140324339584,0.07208249067372204,0.0918381116322768,0.16565607183374226,0.23220574317195875,0.009184005477946818,0.10183617495643259,0.09802996298885491,0.03356603602166991
0.12841024407610516,0.14971368440849875,0.1065328744687396,0.11741658296398128,0.14302976155918123,0.033841077279209875,0.08871599096958142,0.041860865519750046,0.1904789187549526
0.13931613137009183,0.03695465361052072,0.10880444992060906,0.18860454025191695,0.19548769534800706,0.038766281919961815,0.06403365309239985,0.05211116025070465,0.1759214342357881
0.11264936389425241,0.4883209980135299,0.13404309385390675,0.052988275344546365,0.09820621710267563,0.04661077305596755,0.03278782967142846,0.02378945497713496,0.010603994086557994
0.07900657992676836,0.14907881441182913,0.04024705791713631,0.06358643082222935,0.04750878471229537,0.1627974839085034,0.025574774750232482,0.4062876107127695,0.025912462838236144
0.09576874510116203,0.005352575262249218,0.04194543330537751,0.007414802223512987,0.031508783286784414,0.5439723278765787,0.05669144261310266,0.13151847327324884,0.08582741705798369
0.13884241225640562,0.31123273131563484,0.08345314915253253,0.09362547636588188,0.092652529683795,0.045873454599019085,0.0434161394570641,0.013395056814556534,0.17750905035511033
0.11235372319635965,0.14863640957250965,0.04170656678628689,0.2448131272174587,0.07076404481471767,0.03383234154065622,0.15602874018545257,0.07323788681232733,0.1186271598742314
0.08750866919394433,0.030455218021369482,0.1347388438473354,0.01465811022922763,0.09146809573232018,0.11559954066459928,0.03708775987552312,0.09344654106925164,0.3950372213664289
0.09221937252080871,0.10427612033551543,0.028388209412649204,0.13846626777264673,0.3770925583583056,0.06966400514341771,0.100893133065817,0.04448544355664825,0.04451488983419144
0.07684630797207119,0.4943009061844396,0.1158981603060578,0.0902788612415103,0.05559052108356704,0.010680818697778547,0.05848897140593342,0.021788402959893993,0.07612705014874808
0.07929663684973241,0.026749351579205605,0.08857311246448761,0.5772194566304361,0.043039236467655624,0.021091115501678363,0.06529495490459107,0.05173702826192892,0.04699910734028432
0.11914226268785416,0.02758415897815655,0.07566957186716113,0.07347556223018183,0.048625810474591045,0.09828729391627933,0.0869450057862689,0.05945293329401961,0.41081740076548745
0.10197101513277403,0.08438764188023735,0.08833658466880329,0.07035985207687333,0.4301586464687371,0.03273506109315961,0.07317376077304949,0.08972119184591343,0.029156246060452324
0.09756753918308375,0.0834414620628164,0.05747625641179834,0.05606030576331031,0.0416449684057754,0.40351346874425836,0.06381224918238505,0.06462717412379178,0.13185657612278065
0.10714520148358579,0.035129175775331783,0.03244881707746059,0.08714899491256378,0.052811272941979015,0.4271474528455809,0.08873957961804768,0.037123920955425646,0.13230558439002485
0.11863189553172408,0.2712480304594533,0.05869668812265729,0.15075133980961816,0.03278059487001195,0.04654190457899946,0.108983305605521,0.021348790828375777,0.19101745019363894
0.11024374039606129,0.06998750258920049,0.042435631337670414,0.03745952752055589,0.11449368912382978,0.3486302926199423,0.05158970325690438,0.05706075395424742,0.16809915920158805
0.0718147104892959,0.0716629480210023,0.42745196749748776,0.1300634940547288,0.08548682296841668,0.09054065281044721,0.05410873432575194,0.06160620574065784,0.007264464092211563
0.15356652610142005,0.021468763624603426,0.0749711559727632,0.1683127980132354,0.2604409014207906,0.03110635143016213,0.2033358076880836,0.07548743733042501,0.01131025841851649
0.15006368700090256,0.08827054336187361,0.07206957979421803,0.10317436913114901,0.09209079403988736,0.18019416149506004,0.05752075789010464,0.07998101144362335,0.17663509584318146
0.14800584565104838,0.037619271503602024,0.07078411729408071,0.1319254606782255,0.1746604600030195,0.0094554204203501,0.168798305290092,0.05594854341852273,0.2028025757410592
0.12542895962888764,0.025744781434944814,0.039243453082180156,0.05291696578668845,0.032811430661605856,0.06497601898071077,0.06295695251132515,0.05428020453582962,0.5416412333778275
0.23512955982093164,0.0257449517327967,0.024796638138514612,0.09464717369761072,0.10923846789511775,0.20113918295601432,0.021703869315139835,0.16265130680424525,0.12494884963962923
0.08938135655198781,0.056452629620385664,0.15600967171064226,0.39266966868102965,0.02389511950568868,0.08816079049100121,0.0962330656737322,0.040878366767543466,0.05631933099798906
0.12722649472584488,0.07866342669537246,0.37260843083147144,0.01623331612309088,0.05268817351222168,0.13241989665703735,0.03318687605334696,0.03206108111490861,0.15491230428670577
0.1330698507715091,0.00904301915005622,0.03101251799681262,0.03642540308251944,0.04513575386195928,0.015332548858775207,0.07206627028809377,0.5777919290177839,0.08012270697249047
0.09371293474338345,0.3360353351278267,0.13012800393893975,0.12841646181976277,0.10142946064912522,0.016448221688168674,0.031228752231036935,0.05879007219758456,0.10381075760417187
0.13917178750003978,0.08931400868044238,0.16814819413581703,0.05630709249106688,0.08703175289779902,0.11631272315379078,0.06908707708069867,0.09427958095870781,0.18034778310163765
0.1045223703883439,0.10343445798097983,0.1188419877920413,0.038966469410893746,0.07808992421460943,0.2846286072094358,0.08223344102462973,0.047738011482676534,0.1415447304963897
0.10821872761670859,0.07433429921728348,0.014047766359467417,0.40943919372264287,0.08949597200263097,0.1257304707328718,0.098629585937127,0.04947523904286575,0.030628745368402165
0.09318840636457604,0.3419608203096316,0.08559993248783009,0.04630570929043166,0.056322631846261906,0.02718278306087211,0.2461079368153053,0.06285950673789938,0.04047227308719193
0.14212417895043347,0.008322778815313575,0.0584509270480905,0.104994275345822,0.04855268404687225,0.09113446781887137,0.20599272056841342,0.026850163260883755,0.3135778041452996
0.16246235467322448,0.10561312755233809,0.16097682435710833,0.11942122207053292,0.14300552511254205,0.06724120531154586,0.023616987231595412,0.10702637720292124,0.11063637648819163
0.12921850604450194,0.2217780859059186,0.04553072185487141,0.019986331115304016,0.19023567210619782,0.07974465778599917,0.19090345824112243,0.048582380411055635,0.07402018653502901
0.13503585854530134,0.025351076336476024,0.11294947973160718,0.08291036976086584,0.07225765312477556,0.16449859251533694,0.3021868851415512,0.06837059597459795,0.03643948886948803
0.1004005935474034,0.20739436154296878,0.02728341799714602,0.019163012935278972,0.029019807228611746,0.013099827557893564,0.01700019896853953,0.4263609762267784,0.16027780399537964
0.14070288353179872,0.023010059014434425,0.032759173866388575,0.07001539135123892,0.3516196485541461,0.05139916242186252,0.025644918040649722,0.2516197527304329,0.0532290104890481
0.10232422291412537,0.279288954534849,0.037696478831504,0.14687626107646606,0.03815139616588834,0.014759777307595097,0.0864819891997628,0.0196239493927506,0.2747969705770588
0.11922417967375727,0.07903554883152403,0.444214498859599,0.03106660961700795,0.0219979508448892,0.21453166591835285,0.04410993158099835,0.023931959472270687,0.02188765520160063
0.1216462738793188,0.055220464769312784,0.14010991909527717,0.25569892507445413,0.13120214662320548,0.02253166169497899,0.039510046743529786,0.1430353316131909,0.09104523050673195
0.22084441472005875,0.04150882301663604,0.1507297673027483,0.025576016312622973,0.03503966967233741,0.15856051140271074,0.22627743265129877,0.09808268315859725,0.04338068176298979
0.06294853997146677,0.033652447297928385,0.06312461132565787,0.15891649348980186,0.0483961471644194,0.3444101168380282,0.17723563525517425,0.050677984980192846,0.060638023677330476
0.16510097394327308,0.10359398982524347,0.1398619752312952,0.014845133233643754,0.12351200800316296,0.06349278705242799,0.14880143510317384,0.10332775195289316,0.13746394565488654
0.13187834231520548,0.0521129130276655,0.13885318452757797,0.16381440947226647,0.1081616175893101,0.06669001444371596,0.08885085973598854,0.12101965778364161,0.12861900110462837
0.1342160538927434,0.023339659242599797,0.043613248209693235,0.32569252119712433,0.07128612761458548,0.19481170215297192,0.1224744368406252,0.023968852161879776,0.0605973986877768
0.07965877733535721,0.5088975869288986,0.16711352197504978,0.0020559138091172766,0.046218099703726756,0.09764504211648052,0.03371942360517339,0.05156398855266494,0.013127645973531407
0.08694166907680617,0.29773617179569,0.0835534438398346,0.047370106784052096,0.03724611362981693,0.1600171371059235,0.06217670465402142,0.039602026804758536,0.18535662630909674
0.07387506307990443,0.03208223361758648,0.030045294390581036,0.04196303477750537,0.04256433077969326,0.5326904625805716,0.08005165912460871,0.06908699876737417,0.097640922882175
0.07457081531166193,0.43111899624059036,0.06206363513113713,0.0931474670159263,0.12247213327212275,0.028396514176944415,0.08076999956846777,0.026636123202289835,0.08082431608085948
0.11080844883663125,0.008648991941101731,0.4239502557967998,0.0990129449848824,0.061297932918728426,0.005730998158351709,0.052017493368619945,0.07413263163190591,0.16440030236297884
0.16878874764611818,0.08967670545852136,0.054564899045274756,0.21586626827039282,0.07479424581757653,0.05963948300656761,0.2805105920722714,0.03971938424838103,0.016439674434896325
0.13495359747921684,0.08284787138968523,0.033206480153020995,0.03379700823445256,0.06921303173260546,0.1156560766641123,0.05034264877611483,0.10329554366389404,0.37668774190689774
0.1204603194434271,0.04452765501512659,0.024791878779451947,0.09893100310125473,0.22995893755533195,0.0022462175550172878,0.2032940272214907,0.09525101241970628,0.18053894890919334
0.07304160520456819,0.4537815626661892,0.25025327907749273,0.04724962849127587,0.06115379663359131,0.008878950065761405,0.05852283633260024,0.009224520313141514,0.03789382121537962
0.07353061122849323,0.15690858348915052,0.11368688838491998,0.2768180501257511,0.023822365206461787,0.22305047665207386,0.0776061080631399,0.024146166106526385,0.03043075074348307
0.07042834747571826,0.06083428838616719,0.11900579537045673,0.005508886918148104,0.04158918988114932,0.36762283119750433,0.07616103913977848,0.041959486237417326,0.21689013539366028
0.07826607889314559,0.005698135625776757,0.1189555478626902,0.2772648057562998,0.02262023425331512,0.09640368389229853,0.06900140997736999,0.08840875337247538,0.24338135036662856
0.13724648397209052,0.1059834866203566,0.07196457949636535,0.022319501050804047,0.06372947158262444,0.17175401700390835,0.32636211406144094,0.047633537890223066,0.05300680832218672
0.13871453006697446,0.12976290831262427,0.1369761922260061,0.13732625286175465,0.14922884756386348,0.06497691783170575,0.15171756434704134,0.06898496025993152,0.022311826530098337
0.07535668822757573,0.0830131400143007,0.03491833665313439,0.05566707399741703,0.07047959129479522,0.5073293926974585,0.0899710791841634,0.04105266905804422,0.042212028873110756
0.07642622893226887,0.3636936907087591,0.25654878621612576,0.0461447239129972,0.10526265059651378,0.003254822497114883,0.009805562147914375,0.02434731848305058,0.11451621650525545
0.1066743759450063,0.06721920762873128,0.20105133883538784,0.34765022175168414,0.02961817805476398,0.016736851454957163,0.07121586716460838,0.05934341037622067,0.10049054878864037
0.10415018982895152,0.04189675458191599,0.11986499255378268,0.3122718566839094,0.07627505758821897,0.10548125743062946,0.0819945767661447,0.08806578584710788,0.0699995287193394
0.15313638039255487,0.042688174326974825,0.06755961039026182,0.14254804989483583,0.16985430426870798,0.108868981769969,0.08320992333239699,0.14419850266401715,0.08793607296028157
0.0862218369442556,0.01792754280613156,0.24609560633946917,0.2203728405543303,0.05634338907632883,0.05915654659606506,0.138312492270227,0.0621920909014764,0.11337765451171611
0.07115998846450546,0.15494723023778356,0.018893247016287973,0.07943763116601774,0.03507387084796076,0.22524245960622968,0.04143383375303843,0.033057402462135475,0.34075433644604103
0.09749409357448428,0.30095038007165903,0.09090404382022842,0.024504372511759145,0.08865842282863141,0.054660771833389195,0.18068578168828933,0.0840064093793683,0.0781357242921909
0.13127891249155677,0.03768555097600814,0.08953760223627527,0.11062354590478178,0.08817973069301265,0.09149633201972773,0.15437261235013913,0.06592035075979161,0.23090536256870697
0.14917339306768698,0.038169695706341655,0.017332118000862668,0.15035750880755347,0.21872673632978892,0.1178575840481451,0.11566153052042623,0.12955282627265877,0.06316860724653618
0.14921192561906493,0.05232883354049902,0.06019283531250882,0.19994375383681992,0.0352442321490711,0.20140489100302514,0.11673641925381606,0.042425980637334514,0.1425111286478605
0.1148695544351211,0.06742700441329748,0.05703880183309697,0.2146701212609087,0.07320476583250735,0.0730524452970014,0.1643320715051946,0.12421628765701366,0.11118894776585875
0.08426380815849073,0.24047423068542925,0.17099966074178752,0.09952440224519339,0.12291364285879025,0.15043254167173678,0.05574187472272474,0.05083014566510898,0.024819693250738375
0.08695397272527554,0.039212540421158175,0.11676381946951653,0.42364810566549904,0.08184368182976705,0.007184487272364919,0.16597710435948373,0.02773809636172514,0.050678191895209855
0.05046725807531587,0.4193611504759862,0.2510234073243809,0.006790253285788316,0.03936433699614904,0.04293550350598014,0.11232850622091795,0.0076603969935657166,0.0700691871219159
0.12454632630093838,0.0391396338665495,0.034385229132595924,0.018332544335564322,0.12018167091351888,0.16877167616537458,0.04336744352262766,0.0677640046643105,0.3835114710985202
0.08462912856260245,0.08202100597972024,0.05618124879146186,0.06903225830251868,0.03914281307742292,0.05402674939209224,0.14095154059593906,0.4551236162402248,0.018891639058017762
0.11366271150766179,0.03201341376973812,0.028092270287751533,0.3761655695378778,0.05439248570344849,0.009105166006552786,0.16852611284855457,0.05112191234666414,0.16692035799175087
0.15254340744538267,0.218055633737074,0.0984204626311836,0.031492528311532555,0.10624828072781489,0.06883468213669734,0.09778271902386722,0.1012513338461855,0.12537095214026214
0.0898958455187806,0.057521337947140705,0.26711026880690186,0.17644332650733072,0.042960828070415936,0.1389864137545865,0.08835192884111248,0.1159213201485408,0.022808730405190353
0.07967570937775764,0.23435470246231202,0.1546240806453863,0.01035992127090909,0.0465276288696637,0.10653022570274513,0.09042025794082721,0.014077521483036792,0.2634299522473621
0.196803312102154,0.0270370322022839,0.1752427671062031,0.14648900570979526,0.038028712707855745,0.24433089401035013,0.0878778516757067,0.04465840576978362,0.03953201871586751
0.11314960580933613,0.05031269948802631,0.38313675584938656,0.0654338464084484,0.04538137032799532,0.04531074456833977,0.14174360213639234,0.050509882222715095,0.10502149318936009
0.08229554843884114,0.1639626273774365,0.02344919677521828,0.06957464840561818,0.14335537303871468,0.029530558230288193,0.04985837056182083,0.4200834840049959,0.01789019316706633
0.21457325290466278,0.09892610529760976,0.04014937194743831,0.11856470327744535,0.030436698183427254,0.24934306250502294,0.0510210687055088,0.06710407944440894,0.12988165773447588
0.10962039693210181,0.16156090159569278,0.050595618389985365,0.0680971237325615,0.15331281857753462,0.027679796410362167,0.025773323055951463,0.03573257136029377,0.36762744994551655
0.09215181339552025,0.046273448957744566,0.02568273850723127,0.026095688738464712,0.06198488253061767,0.43919110478027856,0.09684395323197918,0.0687212701214555,0.1430550997367083
0.1441445797446201,0.08590472912283999,0.06672907074282079,0.23455318913639522,0.057515420344513624,0.08132239167136286,0.0920649400091984,0.05601808236352069,0.1817475968647283
0.10889935326440288,0.29644284128762305,0.05526903394274352,0.2185784440308892,0.055895007379162864,0.01947957709528678,0.11129500986528229,0.09489621728781522,0.03924451584679427
0.11854644064357324,0.16943430145604566,0.2727504741987031,0.057259716127956724,0.15604654731724757,0.08177301751570265,0.04615750458514023,0.06093613779345883,0.037095860362172
0.22678629910804318,0.05785588698438631,0.1361498381275983,0.08435803937302129,0.09013302923872363,0.03772995730155799,0.26592443535683935,0.07275402639156427,0.02830848811826565
0.07808198564988274,0.01265213058678584,0.21464606574421663,0.044273024825599396,0.018701759921850743,0.28196152440190536,0.1570536627784531,0.024195631222010194,0.168434214869296
0.10835206365921173,0.011448873737601853,0.09156787375610033,0.03675180357933688,0.10511828866602485,0.20513200639861065,0.14872808444444727,0.13760512489721644,0.15529588086144996
0.12177609163778114,0.09284460309765989,0.13766141341574734,0.09742711803809471,0.035546830466366745,0.16065134455248747,0.05961642161454158,0.1530330620745638,0.14144311510275723
0.07499072483430276,0.07646681863437509,0.36878810601308815,0.21931446712270494,0.030059218285886036,0.14440155947865307,0.04412228738824491,0.018168801088558104,0.0236880171541869
0.1048554090591371,0.18633634364263463,0.05249825032681344,0.029407015935180945,0.0485666951563106,0.1592984098545354,0.0516596715831337,0.13952328039498094,0.22785492404727326
0.11406820259936175,0.004257897906266625,0.04510278498174879,0.09713282178144039,0.06165985920592148,0.11178334923954562,0.06418744866696968,0.38334515773797695,0.11846247788076868
0.0830983189959161,0.2170229905435541,0.09716628251172553,0.2623516114422406,0.08687102881903007,0.15148320158568904,0.07411525948836872,0.019091354404558007,0.008799952208917779
0.10983336845826207,0.13057683262162736,0.07497498723949797,0.14930069273343635,0.07433444490044039,0.09767646133434553,0.0371703431281361,0.15258341429309327,0.17354945529116098
0.09257410514948729,0.2088374012900023,0.040305326303250004,0.08376875944933433,0.015825111761974958,0.07736727932442528,0.03004913275113777,0.06196241248447912,0.38931047148590897
0.2636988348276092,0.034385329270548194,0.28429438937823354,0.0327445147872952,0.06427329863320334,0.04908218360510383,0.11574857157720998,0.026575689998542915,0.12919718792225382
0.10415415234581722,0.5994814601565605,0.024001576263200153,0.01967489862037357,0.02649961581896032,0.06057704283726906,0.041231065273228826,0.02602456521739373,0.09835562346719674
0.12959112922787194,0.05146159312239162,0.13206837149290215,0.0399301488983655,0.14741805209115819,0.11199668718712175,0.1974821657316389,0.06082498117545235,0.1292268710730976
0.13087754796143256,0.05761249585463205,0.023538587049218226,0.018332386070902363,0.17263223876983158,0.17587860792647633,0.09606977276050643,0.21048878597798226,0.11456957762901815
0.11266339340485598,0.1694426253135908,0.04757774095816028,0.028782296615834677,0.10105806207862529,0.20025423136899756,0.16529759885840842,0.15135791809491464,0.023566133306612353
0.13439162063107823,0.13064885053043165,0.10912160367818947,0.03856571557384733,0.23499842155858638,0.01542930251755935,0.10384158576321882,0.11220839591585796,0.12079450383123082
0.11330825673229812,0.3247971323418619,0.09579586250206397,0.03975916349668872,0.0946188684430581,0.08845174367918507,0.11292059283790275,0.08706726230201345,0.04328111766492789
0.16386918414191967,0.15957896017340414,0.035855530655688854,0.12252008750513421,0.05003224526160597,0.02159334106686035,0.07480867382568189,0.2973216827062819,0.07442029466342313
0.1250777349545017,0.12251133288337877,0.07466864527952638,0.04962963653438072,0.11899958365880085,0.2530715745815263,0.10626048035161183,0.06115165334630823,0.08862935840996526
0.10787819908471212,0.29315739891005305,0.02087474967906024,0.1567417946563554,0.13271344701105578,0.09964365048099542,0.08927625741740601,0.06643785354488053,0.03327664921548144
0.25435909446369825,0.14260659584702653,0.12008213771096493,0.03205012013358977,0.13327319800094964,0.03172289359273978,0.1640500448543082,0.073250722067364,0.048605193329358885
0.15590971829230937,0.09659395705796413,0.07195816562508227,0.04911480796865662,0.11549575910786503,0.16986001370332623,0.05143396913100348,0.14338513330189226,0.14624847581190073
0.09071033453467019,0.009828583938084626,0.15585334245875307,0.23089776075110402,0.09928036050164195,0.0018389630122866063,0.09762184871316422,0.04265522262345826,0.27131358346683704
0.11249461622040584,0.08536458626306696,0.046523401534359,0.18265189992522765,0.040070711230279964,0.03036435072153963,0.05879460641586556,0.014463894704707792,0.42927193298454763
0.0718155799957452,0.02478514931284428,0.2750383924848778,0.41767085967524215,0.014903694404730279,0.021428605335855753,0.08961227816509922,0.0187876000443582,0.06595784058124705
0.1362263072001111,0.027616976524204737,0.09017865129564133,0.1945827012217609,0.1676700335527216,0.06333766528588528,0.07696660928681669,0.09796879778808343,0.14545225784477492
0.14918539624999486,0.05600424088127962,0.11093794755779716,0.01664121676596587,0.09616950234982259,0.19256798109364848,0.26027684863208606,0.07841287555834964,0.03980399091105567
0.10239623642556578,0.12737628632591033,0.24718807285495617,0.03226903202635969,0.0745453604264002,0.21324442384916512,0.091794131582646,0.05164580631854051,0.05954065019045621
0.14928715848472873,0.025273142696529496,0.07981788020537019,0.0639744686841378,0.2866244892939669,0.007754339252452394,0.052305486857904905,0.06113394756519658,0.2738290869597131
0.25436005316655014,0.02161050481958889,0.06289356909657404,0.04291609304119551,0.13636661108052092,0.1437805121506596,0.13281251873430847,0.15819753061342368,0.04706260729717878
0.0931566814527713,0.10390676353992052,0.05007513972727374,0.04786275607736911,0.17842009430392128,0.22734030514585346,0.04448720035776673,0.06491700791051809,0.18983405148460578
0.12921046764282046,0.013278716926991544,0.10360410740017424,0.051669334399784,0.02976793062025872,0.20004974016798746,0.38149394952754906,0.01456114354182316,0.07636460977261136
0.08626257216741595,0.03176665535543876,0.1222844281703312,0.11841582455533733,0.06264789243601264,0.024116555129584567,0.06538565419278355,0.0419644955103149,0.4471559224827811
0.22699523826876788,0.17390761485310915,0.03945365507072881,0.11066259537958602,0.09727434166066969,0.03090449142582306,0.22763106043180348,0.05240023362715976,0.04077076928235207
0.06881437275102552,0.1197323035746033,0.05793375122239192,0.47075094785745364,0.03903067571534746,0.005896571388539614,0.10193244903488874,0.04306342322356182,0.092845505232188
0.16025076138732633,0.09414573665849764,0.04595844769432888,0.061834044612405936,0.09141162413911137,0.08956274212990208,0.1147994131593388,0.13372805182865147,0.20830917839043753
0.07296171373819056,0.39597696332021076,0.07066589207888956,0.04848302143583893,0.048022061808225956,0.23293050312724103,0.024153887772887128,0.02088301627916736,0.08592294043934874
0.18344779995146332,0.11032392102920598,0.28144557255386354,0.10633634046534512,0.07932077892202112,0.0101309941711354,0.06700698474277227,0.10881559479977988,0.05317201336441335
0.08828925218875072,0.14396803736383035,0.1062004076320342,0.10323733443975525,0.05490602114172344,0.036752061484511156,0.05331286056298253,0.059131220162635355,0.35420280502377705
0.0854640325112207,0.08708203145743555,0.1640727346968597,0.08865594622951423,0.033742825351032964,0.33665096136166794,0.13816356698868235,0.028680521928607566,0.03748737947497899
0.13664510176506084,0.13783181987116858,0.2980332515856654,0.0869936380070237,0.028464931431954218,0.13923964309438738,0.049421208350388914,0.0838568337707322,0.039513572123618786
0.1530065610385871,0.13073341501970487,0.182877155671063,0.09393265586194217,0.17284168059182695,0.10849992637774843,0.055127416696354375,0.03983649183152876,0.0631446969112443
0.14175078279930917,0.01829161176951648,0.06030844558338752,0.14696513210484013,0.10510925724444042,0.09033973933542144,0.030567620996834712,0.07874430979565257,0.3279231003705976
0.25379918508790844,0.01831339297692923,0.048020979006519054,0.26192410805187377,0.19336239789715873,0.11865335863696769,0.027160858481429146,0.04284099581431355,0.03592472404690033
0.18813061415923024,0.146643412021908,0.053679297802741464,0.042227104061752695,0.17334171430552128,0.04940317354444854,0.09273352454189869,0.10750052996787834,0.14634062959462074
0.08411476989964613,0.12508661198884016,0.0625603135153552,0.024977798091345777,0.09098390428678198,0.4401087560910099,0.11269447690137131,0.044410422781248425,0.015062946444401093
0.11642405797288298,0.33002650585765914,0.12056746182685689,0.07817941961173963,0.06767909480544991,0.0338849382625416,0.053596872362615955,0.07197335764538847,0.12766829165486548
0.08794089490315621,0.06044261990862292,0.08170407986875187,0.06014633136846045,0.03775939037182991,0.4716528009196015,0.0674491192401747,0.08800902310986147,0.04489574030954096
0.24171403473611078,0.11408106244804035,0.05491839949098561,0.18234340485619885,0.13762433836152846,0.06592083373555735,0.03822838307776146,0.09251440857938013,0.07265513471443694
0.09811810889083294,0.10677130949170799,0.25086828501988956,0.1285756175811581,0.059359266811094075,0.21873135747410632,0.04107713550119537,0.022808907538619014,0.07369001169139663
0.11991619876947394,0.06270630875068821,0.1645901757108391,0.22267565968010405,0.07309801291108313,0.042587241217812564,0.1907462430065554,0.04372633084833161,0.07995382910511208
0.1943544149807609,0.017137367820417304,0.05370975175794088,0.08446098239520383,0.20658076399607014,0.23735753945513938,0.10162102052425093,0.07038888627290098,0.03438927279731557
0.09712033914006808,0.043989314482547566,0.01935523539941295,0.003593129183706052,0.021321146300404593,0.026836390592228365,0.04903375099027161,0.5690260437080094,0.1697246502033514
0.06078439050425816,0.06506554033275158,0.09098678066547176,0.4238720343553119,0.019586270663431233,0.16825620247042125,0.08134163321946214,0.044088214504055194,0.046018933284836853
0.07114273629921683,0.3752028684870401,0.04827299661653404,0.09223848572399296,0.025891236694654762,0.10002605991055252,0.17793140630675483,0.02678265640373473,0.08251155355751925
0.10105195297762685,0.08001233519350914,0.18798363244709929,0.27492355579359967,0.025038852406583312,0.04683456650436465,0.07441858488045527,0.045381501793636266,0.1643550180031256
0.17309468673636016,0.16058746842743377,0.029426666017462133,0.04673515084935492,0.052353753994380386,0.05174355479950008,0.24415154319542412,0.18595699913164468,0.05595017684843975
0.08980149257802816,0.36646805792828374,0.04824942193563486,0.18168757788229126,0.03481837009708751,0.05956092129870686,0.026751636931142356,0.04798850285976327,0.14467401848906206
0.10603749749610018,0.07042734350371795,0.07519311955968959,0.28265178561899557,0.09567896968122887,0.08376315330444274,0.10096207138495598,0.13067852839254515,0.05460753105832395
0.11944309287102291,0.008200769906733015,0.10688718084452893,0.07525435614972391,0.03850466385086907,0.24960340420911398,0.05324255902650963,0.18860780703967364,0.16025616610182494
0.09223502334674609,0.03465108626310481,0.01798158710196147,0.03607407654948571,0.05858923188038837,0.21325685423653343,0.03841401470000697,0.46041573947437703,0.04838238644739617
0.0640825826972821,0.045685123973727475,0.2794614034586137,0.025059229150476703,0.009597070518736782,0.1810492661744433,0.02861421258304975,0.06903963948693785,0.2974114719567324
0.1535867603236166,0.018340634607613943,0.06813031653143979,0.013745649039355642,0.0842454938711769,0.14574553292711015,0.17523203439757587,0.08387381932053917,0.25709975898157195
0.22267298910425873,0.01791739630216153,0.06784799364497579,0.11113752681560336,0.11112727869137602,0.012081935477380514,0.18386695931536123,0.10578022096343058,0.1675676996854523
0.10045658113370919,0.0096391058054441,0.061582935214823775,0.11589214251517599,0.05489326060391714,0.3229273552989795,0.15146686992786548,0.08975640302409342,0.09338534647599141
0.07207437756125364,0.4609132030179864,0.03212183000738376,0.01574894283565075,0.06081017380903766,0.18249970775361576,0.06004974611707734,0.0419232384665831,0.07385878043141163
0.23685916873634802,0.12954940272835389,0.042824638716437685,0.0559728823241096,0.0385698848873105,0.02596865904713093,0.2526737143738036,0.14802710143079892,0.0695545477557068
0.1616692656528909,0.10850519853912079,0.09486437399294934,0.16838670385802015,0.1135184807213409,0.037956280882052953,0.08327191406256752,0.08983548535823467,0.14199229693282275
0.1147194295859199,0.2265417188601929,0.1636319760353594,0.14861832811481643,0.041394855404883746,0.1011784888938625,0.0658970556717025,0.035741769567484184,0.10227637786577848
0.20297205585864161,0.07293390783524102,0.0650649935161262,0.04750974676549089,0.12703023226741178,0.10770454243675964,0.10467304401268988,0.09822785707612157,0.1738836202315174
0.2019899091908112,0.2208532352086232,0.15307428848217752,0.011486083957195414,0.0980374012052389,0.04426934232649626,0.11817542807148691,0.0912442221381074,0.06087008941986324
0.13927937532615173,0.04025960062449703,0.028788814685946545,0.13592239843325996,0.04663155206584326,0.13430768685197328,0.08241816092019633,0.08797965852266165,0.3044127525694702
0.25365846356446903,0.05657923829478768,0.11326912499186621,0.21387772315532086,0.08175415109123634,0.03966013458419257,0.07669746944948892,0.10696898081576268,0.057534714052875746
0.08130807331399525,0.16614093424790652,0.14620689065226491,0.09823345055964039,0.07161480281407072,0.00496235022724614,0.19164534465440516,0.10421931893013087,0.13566883460034007
0.07345946502805323,0.053010658737681814,0.08122359975272003,0.44093554214674285,0.026855846396156628,0.014453738726666924,0.05039056859178918,0.0432201276977028,0.21645045292248657
0.17757724855944804,0.02097684117435952,0.09821192599458656,0.0778682700889533,0.19776945285712724,0.026573492377000896,0.08014921743995274,0.14199802112376703,0.17887553038480455
0.07814931673374509,0.020192753414333253,0.1972815451774038,0.031051676102424097,0.08136384545272153,0.2643298069263118,0.23232849571195432,0.026086690655022393,0.06921586982608378
0.05080611160260259,0.0450724536184127,0.032673887281310106,0.4553459180178096,0.11794680249955612,0.007719867118871522,0.08090124535002609,0.204769698284595,0.00476401622681628
0.08331754432363069,0.05211508308248016,0.05021956881980838,0.021231072268173817,0.10799293442154563,0.03983846977631441,0.08366145980080891,0.020467097946321174,0.5411567695609169
0.13566009851541835,0.019193285653705826,0.05547605825713555,0.22266609438438087,0.07531107925290843,0.023422634875874287,0.11174165453513556,0.10394037102978433,0.2525887234956568
0.12342915059475074,0.028289381576199892,0.017363197015280715,0.14289971808323346,0.1290416173693173,0.03181102436655888,0.18565315538757018,0.0894533923226336,0.2520593632844553
0.09820497582760722,0.038116547807378394,0.02873551214204645,0.29084394476776865,0.0788634291523052,0.31675814279665143,0.07186276725043973,0.06605291807041068,0.010561762185392289
0.12309582021599881,0.11978935376085496,0.1205734562619332,0.08903660594545894,0.11391131374021712,0.2915655328821541,0.04446274402607986,0.048602830373535626,0.0489623427937674
0.11096346461755806,0.43298131571973575,0.053110663360501714,0.07153622820244958,0.035507817053664154,0.04913655250594454,0.05867693034620414,0.03742734470002633,0.15065968349391576
0.08895283675917075,0.09821885569565532,0.13675953169368082,0.1489549706541878,0.020576980743024737,0.2833360515090957,0.13999711992910294,0.07291159843685488,0.010292054579227022
0.08268554567493121,0.4066430525692621,0.05758503193935465,0.011114568705220653,0.12185406148381235,0.04947181335470766,0.07533770042686239,0.019699142352493967,0.1756090834933551
0.16059809063211714,0.04672097747602417,0.08238921546649751,0.12481946141331363,0.06840035515954372,0.03591710488579255,0.10893509876014788,0.3611455759012907,0.011074120305272639
0.1773298162326938,0.024179379801789035,0.07324993757637552,0.012959630675478668,0.16310174166125857,0.0541291147154896,0.08839008497230656,0.2378472610301234,0.16881303333448486
0.09114062050182785,0.39918880680173313,0.08969895778502256,0.11092977679430575,0.036491405143147054,0.04532678205011529,0.07814410926279514,0.0652047294521114,0.08387481220894187
0.20803341385027685,0.018228023524053553,0.19415508010192353,0.041174261787909866,0.24250756475704327,0.09230191573544703,0.09391970901960732,0.03971932921497149,0.06996070200876693
0.16025104120856037,0.08738190102868847,0.0945852723061477,0.03092143742155433,0.16492600602423635,0.14289227459749695,0.12707588050185348,0.09807834195004778,0.09388784496141463
0.12297009853362333,0.03654644104614899,0.032891363450631816,0.19701997525106654,0.07977928624110385,0.32923478370702847,0.06243803132726295,0.05897882170363048,0.08014119873950346
0.07378314954798994,0.01921099821297168,0.03430532256761554,0.5744197968474104,0.03567915222169054,0.0959719217834406,0.057925851107009006,0.051423323688852635,0.05728048402301961
0.1299512010374622,0.07609670466570835,0.0853294812888369,0.329012920684014,0.09804183736850762,0.03417870406721207,0.09450657927804555,0.06785787916340169,0.08502469244681161
0.06953675695085,0.0677479107014606,0.16583501645024049,0.41142454865615075,0.016631957910915603,0.03482883590265395,0.12298894419744755,0.03373750753951835,0.07726852169076276
0.1343995570241755,0.047535674197953355,0.03968351402077925,0.04296617359519463,0.06357777269762425,0.031026143163251852,0.06396374260335363,0.13136345916305173,0.4454839635346158
0.11699200193065862,0.1821288898850365,0.05656487668618953,0.0028812486786129674,0.028421961781888282,0.3642295559069551,0.04826756596181258,0.04547848103916121,0.1550354181296853
0.07262310348762087,0.01693339131801508,0.026037694175091598,0.13586993723664575,0.07593211212074041,0.43557820791040913,0.11633309839242918,0.0180879574505519,0.10260449790849617
0.08004795638910406,0.031249701212061703,0.05821447956689896,0.35415313501545204,0.16002713914056113,0.06674738961946859,0.04218428965401933,0.041929331219321575,0.16544657818311256
0.07010801728107463,0.07325250185937346,0.07511310638892249,0.43164070844113755,0.15354559111669916,0.01733614214457169,0.11985257358567596,0.04627462898702985,0.012876730195515237
0.08853909409893009,0.06595184793878686,0.1394567655520493,0.16598984049068172,0.038308523390162975,0.3267046360919374,0.06120631751634389,0.07229026895311529,0.0415527059679926
0.14041879519692382,0.10304051473725521,0.02196592842332579,0.08566604771001896,0.2361581673595435,0.050902155202113185,0.11314345363939797,0.08167743788648747,0.16702749984493412
0.10287227216334789,0.027613068598656445,0.05654936996401555,0.16465794625921104,0.04217852389761987,0.2316866085327753,0.3069328546450119,0.04002448608175659,0.02748486985760547
0.1405324499951998,0.14110578592159526,0.2697178043817411,0.03546672517963851,0.13085455295480006,0.014015648849489816,0.09060733396533038,0.05496925026787003,0.12273044848433505
0.15531910959662426,0.14875038826778278,0.08845523249442795,0.06897179110852936,0.359009656768192,0.006819674042228993,0.05962122647747583,0.09216517662328345,0.02088774462145528
0.1269616729738984,0.12490755263066733,0.21826565792795538,0.05589629918674921,0.1517101865696656,0.05911117707904918,0.05834712119033103,0.06853771977752714,0.13626261266415673
0.07252868386992263,0.042626597900809034,0.29124589142426305,0.010357606412915991,0.017011629919579132,0.2779494083986693,0.22928604183586068,0.03773748812225899,0.021256652115721298
0.1277679442159408,0.08482686471168034,0.09591120873511731,0.169412533906017,0.2059369594378031,0.04155179884217789,0.0838035770434838,0.031046570416671988,0.15974254269110771
0.08541069782604183,0.018137756620951958,0.2465124335490456,0.4041170262874741,0.05125622192341903,0.028619819994188334,0.041182814849683794,0.028322210397490822,0.09644101855170456
0.1496012993351363,0.22180020337844594,0.16955126487362052,0.012434444515411999,0.0805890876865608,0.044365889418600264,0.08993056018130176,0.11213721953160387,0.11959003107931854
0.19838874980195664,0.21977026163711988,0.07474530112325956,0.03360544935083842,0.10080263597392743,0.076144294328914,0.17960739529035233,0.03867801080466373,0.07825790168896804
0.1634824896220751,0.0772084671129951,0.07731995173675786,0.03523841316059451,0.19630303583499842,0.017273970697835327,0.10313375056725942,0.2707828679101141,0.059257053357370214
0.1320497304951007,0.4047432825556205,0.09169702387116152,0.058889274081771935,0.07900314361066338,0.10573451742687594,0.053858724042740135,0.052037230255949495,0.021987073660116555
0.09550731294585897,0.034477425553674154,0.2971992521689888,0.2639192923177441,0.021056923600075706,0.09963002731112787,0.07213898274384563,0.04737925385714401,0.06869152950154074
0.08656296544964405,0.008023142680508884,0.026354484170747164,0.14050141649883155,0.04396876147068527,0.035318714776862124,0.03428281934715879,0.49640841606604874,0.12857927953951345
0.17021927184749644,0.09859126888727665,0.06526451571990599,0.1638924038596232,0.08849041544949691,0.20113985397030965,0.10855521378876067,0.06700639850286998,0.03684065797426043
