0.05963583105987679,0.03710872644523503,0.13065496590343337,0.181492592903202,0.24182122282782093,0.16792796851842948,0.011760030796164342,0.09149213294391978,0.07810652860191834
0.2290481571368378,0.21264081335315996,0.08504771933412485,0.16526763254716426,0.1040810366222899,0.0630265377001945,0.0666978702371167,0.0472965614766066,0.026893671592505556
0.006385205727994419,0.0822340670624202,0.03120985771495997,0.06530514685448817,0.14117083848715878,0.10986771322119183,0.15270640800390245,0.060374394768134165,0.35074636815975
0.038646883212752135,0.2813420681085241,0.15363312078094132,0.03447674370759538,0.11196375288408056,0.09653556587269192,0.11182819905446362,0.02209475191656879,0.14947891446238223
0.2868183132172461,0.03628352927458439,0.041010199671252294,0.0520061132063121,0.06490934657637716,0.10804439480588673,0.005706273714147346,0.3330389279725076,0.07218290156168626
0.5100267501782706,0.06001313163425683,0.027738647381029952,0.0670961570946544,0.049977861267970984,0.1152303353131886,0.08279465365601571,0.041666492551197774,0.04545597092341519
0.08282478717972255,0.1032603529268891,0.25849572631038037,0.13677296525749247,0.1310262690937237,0.10372751780354013,0.03485863083026738,0.07225692474314109,0.07677682585484329
0.021918841397185796,0.07708146067592635,0.09729246527187314,0.029756384774511827,0.010664782321562488,0.059374606445071455,0.11505928271791159,0.5393868697127054,0.049465306683251935
0.01834687183268686,0.22846786386287732,0.12963814150083355,0.1098923313988443,0.07389315997339427,0.08345962853928211,0.19258550430942126,0.08820125846665504,0.07551524011600534
0.027579777574743336,0.04433268618321001,0.07527974613045131,0.2692790844514647,0.20688595423641484,0.04183753042765373,0.040478888656479105,0.03778808329642196,0.25653824904316097
0.3821810914494567,0.07285587543295392,0.04711622967185069,0.0749802610441826,0.14095527188111226,0.04603949415075014,0.1373412909056038,0.051176187216106415,0.04735429824798354
0.060623923632550904,0.10180079708590573,0.04491859757244663,0.07890949284592691,0.13765158599760619,0.0734076685986213,0.1967266371257342,0.1563516301788903,0.1496096669623178
0.08678969437347149,0.04101948907053566,0.007994776127982944,0.08369611697529505,0.07776825893098002,0.21653622856543694,0.3338387433972259,0.021337681287472116,0.13101901127159976
0.22595937747570785,0.05081953930183692,0.07831348573287371,0.06471163705294151,0.06966806255673015,0.35356151059976143,0.007327774997812751,0.10414065005301983,0.04549796222931581
0.12506086431106203,0.24437033930322682,0.07513569051579007,0.08617836068760089,0.04660765334842664,0.07384135312431628,0.057694736612514834,0.06528002141778022,0.22583098067928212
0.011526456173609761,0.436322135575409,0.08343200685974123,0.13909847914359036,0.03375146630864256,0.05443921590787363,0.21183744704065963,0.008505678059457485,0.021087114931016334
0.4407559267416465,0.086731643740882,0.01501434881007408,0.050502154463328924,0.20990404957236253,0.03851583855334382,0.053992629613871086,0.05446885601743251,0.05011455248705859
0.0702658565641855,0.27072533658803116,0.038495183120822445,0.1598127909123152,0.031035842879442613,0.12024399955930276,0.03102003051922875,0.08941278797437074,0.18898817188230085
0.04284214224545294,0.11013079022929421,0.011444080998540752,0.09453962025709495,0.2459428688287392,0.30161383892092436,0.02510219247030664,0.029486196025544295,0.13889827002410268
0.048589717646000986,0.19210088341260248,0.06149705808796644,0.05670403229799259,0.31162710252731785,0.0900743186697241,0.0410468823190309,0.11042944320962556,0.08793056182973909
0.07664992105717122,0.05053890976439229,0.014955625548412175,0.0884092399955217,0.3718108650303047,0.21438716155443474,0.12428547324376756,0.01359516824589673,0.04536763556009885
0.043451655964059144,0.19765001948901836,0.18299870939087667,0.08750198308610364,0.22768566324525827,0.07069883467681377,0.11512254625450384,0.04557271233831456,0.02931787555505169
0.07828588215452713,0.13379812626319684,0.02269800917090985,0.14081547606103537,0.07393840235828206,0.12404559763181423,0.13503102656092525,0.02629316534329194,0.26509431445601733
0.08184431247133316,0.05636600804482172,0.046178149393164857,0.0678486477426019,0.25066904574129306,0.04081198018779299,0.08581728544380955,0.04031708436639727,0.33014748660878546
0.07294296183301077,0.20027083072191343,0.08313903346191007,0.17386300025889492,0.06084026150404551,0.16108828042364765,0.06174295084059333,0.12892601152060254,0.057186669435381726
0.025026321313063944,0.2346743257266439,0.07198958338373813,0.11642957203138815,0.021916289443266717,0.05424420283102276,0.23054532103581474,0.049716167640459934,0.19545821659460172
0.0892695383173609,0.1615192802936917,0.023926372382398902,0.3208451536209092,0.1718532962134425,0.04909229832275482,0.05643292823030761,0.019158108499921122,0.10790302411921326
0.0943418604378995,0.09854244884119762,0.05570949501672228,0.18416917880117545,0.0957291277800994,0.2991284367921437,0.06559341684621411,0.023966394283336467,0.08281964120121149
0.012420417212234294,0.05659713403421221,0.04885648649289881,0.11751277737551191,0.06629841602436702,0.026017739312832158,0.20071125477342386,0.4265296298250856,0.0450561449494342
0.05809818085898668,0.19978064485464056,0.091221334015516,0.08557854669409966,0.05728532314780382,0.22724845981030675,0.13675723680491467,0.06492490546589218,0.0791053683478397
0.05508109459718156,0.04362454765978523,0.007360510672575936,0.20142263109336622,0.35515690322365007,0.05827980376967586,0.03932040757536152,0.08609450355958104,0.1536595978488227
0.019646186291528273,0.0720438042438216,0.03482549839394255,0.2611815029726358,0.18885251356866428,0.20989462952426785,0.02517632232236085,0.041354189013317645,0.1470253536694611
0.5120817150416929,0.04684913406777707,0.0736599989396572,0.03252352717048058,0.1351952831136947,0.028092092886038127,0.11349587422918887,0.04615595443032183,0.011946420121148783
0.5210038600556778,0.1123300819021365,0.029846867120989884,0.07833410657960785,0.03146491339744036,0.033663309086714714,0.16004485264287957,0.022037136260672757,0.011274872953880537
0.10244879360490884,0.04942219433214579,0.03890804188971301,0.13895688944682028,0.20174438939607112,0.056955455776133534,0.06712809582600804,0.22142518009390577,0.12301095963429359
0.27947475080714684,0.16547547835094253,0.021387957880745916,0.03276655195529118,0.03885474689845387,0.08807146329710834,0.02306666977304925,0.08965258166526936,0.26124979937199266
0.09022664930981966,0.11328432527165555,0.08280661448714054,0.2428242651342285,0.03724171353666091,0.09787360725115297,0.1336826597734473,0.04084200300713474,0.16121816222875984
0.07332896691942806,0.08911285889535402,0.035287039276844005,0.4197672059009978,0.025042169487062216,0.12361826348578508,0.1699713628166342,0.007955489160876366,0.05591664405701824
0.1494574571558671,0.2308594753115264,0.030429928223528625,0.08094092904276579,0.23532149573367636,0.1316977839165744,0.05238529116837728,0.026910409694623758,0.06199722975306027
0.46075161731998454,0.08908029628491389,0.007080889346604125,0.12070816608325075,0.023242421930918244,0.18369814569133805,0.013803810609765354,0.03902708873150477,0.06260756400172028
0.20240070848456204,0.12624961176868008,0.050061577127086226,0.1036002969794022,0.07960041439407013,0.12622585921191642,0.16287902122649858,0.07645807598242514,0.07252443482535907
0.050616988146454635,0.09957674535704426,0.031996023320605055,0.18618094614539726,0.26895864721585666,0.07509642990302118,0.07099782413730042,0.06606344663047235,0.15051294914384813
0.282244725642282,0.2566330499150781,0.03334684183578803,0.060458271622525935,0.11093085059952035,0.039936851420141466,0.014407261055575984,0.12880120747982463,0.07324094042926353
0.43403329027074017,0.12523831859404333,0.06401110924074334,0.14423565557824,0.04345127002621089,0.023123665325526403,0.054362599987788696,0.08931735634780343,0.022226734628903705
0.017802042936892776,0.054681139625199084,0.0572823974642045,0.04249068343451021,0.11704076618778066,0.03671086382875253,0.08986379420812897,0.5400703232232542,0.04405798909127709
0.034599298660282475,0.10564282442241495,0.044936992988512475,0.059311069832206624,0.1829253350096538,0.22203179812618132,0.043739651525410504,0.1799747002615485,0.12683832917378934
