0.028274001803636723,0.02812583939589854,0.13229922849046175,0.15037967490688572,0.1576406472278312,0.060329275729260834,0.20703203848503415,0.07391845359706521,0.1620008403639258
0.02657775563354404,0.4137583740011708,0.2919589204463396,0.012661633334076874,0.08661749553570532,0.019981437061271784,0.07666247086872931,0.035808915738148595,0.03597299738101372
0.25903091270008904,0.026165055707516205,0.12966780984825543,0.13472170809375988,0.08348295266655646,0.12005415343190529,0.08402072404853511,0.12621057235538372,0.03664611114799882
0.02348254621577284,0.033802354690134935,0.17278138980216806,0.012155742520040385,0.49458233814153535,0.045921467220055516,0.09630602127123085,0.07209355839582172,0.048874581743240386
0.0832550288652542,0.05044867677065635,0.2593435310804801,0.02986764548915703,0.30110834468351483,0.03610669371037215,0.14941953844171038,0.06302529495332827,0.027425246005526805
0.00839481148486445,0.20682725808341998,0.31877461084245756,0.04308651123099901,0.10867619618094904,0.023442874422828972,0.1667357610815923,0.07711102542864709,0.046950951244241534
0.09021867422388198,0.021266126003995314,0.16705429591551776,0.18275348484967557,0.17571973821313458,0.03480255315183852,0.12013712852592974,0.04528261163816,0.16276538747786662
0.028443708694765448,0.028477853886521975,0.09320111358533927,0.149582670552491,0.3745925889849768,0.053249399979361546,0.08045222251796628,0.05377428550243002,0.13822615629614765
0.11420405445796733,0.0714706470522626,0.13494971158930158,0.09118020114643084,0.1830130527535003,0.09443080319456267,0.19022007349029324,0.09436980340089429,0.026161652914787153
0.10307608459955937,0.048717207723892035,0.26498552744239723,0.1351907810360705,0.14439876068752278,0.034194532708686935,0.14105606668950546,0.08807212289238757,0.04030891621997803
0.03515221141571225,0.07201973853800915,0.2698268096054584,0.015991916330632013,0.3688010138117386,0.04746757315227373,0.0786043658485848,0.08408738152885498,0.028048989768736026
0.08677950271838532,0.04664337421893854,0.2050111619134971,0.15148280001374512,0.19733860466791864,0.011202990216143545,0.14576086538355304,0.12001883519819097,0.03576186566962782
0.021304948547422212,0.02452974910839299,0.22944296195950495,0.10388693181732772,0.24569797930086437,0.061488361193482666,0.1551792205446041,0.09131170402833684,0.06715814350006416
0.05860285114289434,0.028077229131962356,0.1844757894781409,0.14191224214704456,0.2159836577910447,0.08983446640760796,0.15453143646726883,0.05822374111787121,0.06835858631616516
0.07145509918022794,0.07678719707074312,0.17058402981610657,0.2547816598975147,0.039550953407644106,0.07716364842546837,0.14549649518386726,0.08844880603530164,0.07573211098312634
0.05399406001141599,0.01965043388977734,0.11083872079438133,0.05953338632987396,0.11642984009406926,0.13223182611733839,0.16649183280963484,0.15531508929302892,0.1855148106604799
0.06471367003528329,0.0344573905581426,0.1517483932753111,0.04844326331002206,0.20476435689899816,0.21240877399179506,0.17923309227014608,0.06166610114397911,0.04256495851632253
0.09592189311731898,0.04581493048892237,0.2759310761176952,0.03899168947269472,0.10629535154707832,0.1147473562687818,0.08940319442506123,0.11280621850441948,0.12008829005802794
0.009115432758027958,0.41225412068434036,0.09160973170049146,0.01574406853334749,0.05268325996537942,0.06515710571885074,0.19471566053325093,0.09892378098859471,0.05979683911771697
0.07684958060388893,0.032289659900341834,0.2835073198710472,0.05776443174387729,0.05818017945104844,0.17978836926166789,0.1294847012799898,0.12625943919455207,0.05587631869358654
0.28413162618790594,0.018697628873832955,0.08357803264730794,0.030989805204746562,0.06663713128718109,0.02306324318058699,0.1252021666256425,0.07677530034283912,0.2909250656499569
0.019687278295319795,0.17001080903334312,0.2973520600063177,0.006422861462314314,0.13515778577935456,0.15141147454799858,0.13737057865898505,0.06556826393155374,0.017018888284813145
0.04187674795016105,0.10956646291614976,0.20618112062590885,0.022185795798978118,0.08689010395133456,0.16826128577368604,0.14426333225564433,0.17531443883030792,0.04546071189782944
0.0471866781792905,0.05472475757683671,0.23752917710383056,0.061834357512210426,0.3388966409570739,0.0735651059481759,0.0845350774929459,0.044964124196949874,0.05676408103268623
0.021380740958652097,0.24365397811252634,0.27878333835319813,0.059006865970649504,0.16905388898156137,0.021917403492200577,0.07436172070486455,0.06073962397433915,0.07110243945200832
0.05243422172497141,0.03382104827511925,0.1451212689022935,0.03623244700808848,0.30255369028681595,0.1162925827934943,0.12254553072609174,0.06695740047187829,0.12404180981124707
0.08538730791977966,0.012013224354891919,0.18014682540626825,0.13401012751322994,0.14942924520160558,0.08688862928059633,0.09498997501863611,0.14931375687730464,0.10782090842768761
0.044423429800331427,0.12688179113811057,0.1675104896126025,0.019243584521770125,0.27850417271393396,0.13476759482460263,0.09059115000464564,0.07470925997725135,0.06336852740675171
0.010341809050999996,0.018930730194803527,0.26714785892475423,0.02396731434665272,0.2289909854719757,0.08681453773269839,0.23785355127561555,0.0989766686151297,0.026976544387370262
0.028648746930494944,0.18377357608397524,0.23606522599157068,0.024194851417054433,0.1201419607613025,0.15814412024533334,0.13593904031092885,0.05113060717337999,0.061961871085960046
0.03640282690305039,0.12793129525514998,0.19281077184779505,0.020769328155826463,0.2665404893242287,0.08883918906840516,0.20812099573223294,0.04870660028686979,0.009878503426441577
0.06173986189748502,0.2581876858070749,0.26146164635455144,0.017762793519552966,0.08250915049348204,0.02196341607400514,0.19219596322487711,0.07728946210179431,0.026890020527177077
0.18422717339974595,0.0339490622312934,0.09373059306322029,0.041690399082086826,0.17366118068018177,0.202124293219239,0.08591595775838157,0.1685071821538819,0.016194158411969275
0.05665843831638395,0.2149568757742246,0.19032923785847874,0.0345335724968162,0.06511135357633127,0.05109272010232524,0.12510860249872538,0.15848393074277806,0.10372526863393657
0.04557046477035667,0.07695870585401791,0.16466341774704008,0.14483626529518345,0.06466041238213663,0.05943473386658211,0.18999174755491186,0.0909802058391213,0.16290404669064995
0.046675803672012676,0.07216558604383892,0.12426066004458247,0.12902400646548384,0.03346052804541187,0.07798349815123669,0.15135151811087968,0.14919384919555365,0.21588455027100015
0.1350994999349414,0.059246710541701754,0.1485053804577068,0.04123054175493956,0.2642644069215247,0.03785916706428564,0.16166706397596486,0.05891466198181261,0.09321256736712259
0.09396809219750422,0.11773821212497985,0.21505584015400403,0.10706686127013686,0.09569130140617683,0.09204577327485557,0.09780995399198888,0.11716651134378979,0.06345745423656395
0.18011492623289335,0.14281383191420374,0.17458455862710212,0.12204030628371469,0.118355918898525,0.016484196217058694,0.11018890036032987,0.10105796019035822,0.03435940127581441
0.027981921457752055,0.019793614246201727,0.1535812904828037,0.17057706982519502,0.0926350713996631,0.2096741391019145,0.04821631171667174,0.1876548145475997,0.08988576722219839
0.12367552674419917,0.03999617667719876,0.0684415097749143,0.12932847241437875,0.24872077727618716,0.10611106016010706,0.09607740742367614,0.11565334359055268,0.071995725938786
0.07596478499805497,0.10328261471923823,0.20763315709939864,0.14750821887093538,0.06764665286577516,0.10320140802105016,0.08277591841274239,0.19169795790719787,0.020289287105607245
0.04580066067583909,0.04896690907323601,0.2950131700405562,0.06447130544566902,0.1497019930041034,0.04905779542789893,0.15266094290902682,0.08496276084635368,0.10936446257731684
0.10347915956275044,0.13918424147073125,0.12338841317282435,0.1637770992872605,0.07095225149895806,0.02180692955259726,0.14843784496194992,0.11100572342277341,0.11796833707015479
0.12679856641389664,0.1485660131037181,0.21278947657143876,0.03835375862635406,0.11450001745505867,0.06324554522388892,0.09209269053549063,0.19417473368601068,0.009479198384143515
0.026306087219413795,0.10761035118391615,0.26264961005924453,0.04035475130709206,0.2313627417437029,0.05008141911186479,0.148744890073868,0.0981925295848564,0.03469761971604136
0.008517603697470568,0.10607090110829341,0.2269345446241242,0.012752743968099107,0.15638829144900854,0.04698177836284318,0.19412580686863212,0.0841795116751871,0.16404881824634188
0.06901372426224625,0.1787093715630104,0.20676448143017803,0.06748106638550008,0.032900890334815046,0.0707743991507959,0.2727071644722198,0.07346508117405752,0.028183821227177008
0.08949546101297623,0.017140440937257962,0.08047924157250674,0.03296907787654091,0.17884611736904818,0.28739742568709054,0.11251939496873624,0.07803152841735753,0.12312131215848578
0.026794800809118835,0.1768897624645049,0.08334745636726199,0.10202838361814899,0.24570561747411465,0.06872379747918927,0.10653803210591462,0.15692624005445874,0.033045909627288046
0.08619666330488988,0.010856233402526642,0.1208408735044884,0.016892952607822777,0.52667607862936,0.03143192448651095,0.09707759787752569,0.08602576130447859,0.02400191488239715
0.06621325587897803,0.03460421347940389,0.3273429884448162,0.0863893880002564,0.15786340222179743,0.07553235873253573,0.10510536664543597,0.09749003215539546,0.04945899444138096
0.019759273246900983,0.11737316980355099,0.10967118174699973,0.07569641158965597,0.037835033422286966,0.2082834089975922,0.05955679974292428,0.20771542869430804,0.1641092927557808
0.432115338067506,0.07122812715441292,0.10449116435978455,0.01636873376415633,0.09371830026029414,0.028641451822070202,0.04490213506665491,0.08932056328030498,0.11921418622481579
0.1371473779638792,0.016120340188671426,0.1368384249707591,0.1533111667921566,0.11841774190069232,0.08409236996980218,0.2280834414211899,0.10591854245371464,0.02007059433913463
0.05295083299648937,0.35187242329858676,0.12933670163466823,0.1640482657674083,0.04635188465401655,0.07167573181388524,0.08343742189536774,0.06664791173268786,0.03367882620688987
0.03336909369980806,0.04570273226295973,0.14619376455983027,0.02541557817685869,0.38931922850110245,0.017894989007247782,0.06000385992200713,0.06892603519670447,0.21317471867348145
0.34830344231682525,0.0338503461539507,0.22769715058509477,0.022632690689941257,0.16235629459016476,0.03819675072155811,0.07049902034962964,0.08767989335146563,0.008784411241369893
0.03595973244779845,0.012787018951795919,0.26203460762585434,0.033280829091355026,0.3839230158233878,0.08474438743217172,0.11642351052993515,0.04303227868381266,0.027814619413889047
0.014761527367068691,0.21214520299281855,0.16956212181380823,0.1962694668672207,0.0488950623661689,0.05172207245724266,0.0455598455633511,0.14439570823427542,0.11668899233804582
0.03196694824658367,0.0917044122468408,0.1279628191448702,0.11508381049458903,0.1541905520732878,0.09498005098053112,0.16148374310018732,0.12753927075434793,0.09508839295876215
0.06191897892108891,0.025037548966419382,0.16545813703937495,0.05721639145793638,0.1847937010607966,0.16380344281726955,0.1563075103824977,0.11731894278500365,0.06814534656961284
0.044197896628515365,0.060043279249392116,0.27564109745856313,0.03789142875809659,0.03179787716391964,0.04703145247766948,0.2766444534414814,0.17527619455408386,0.0514763202682784
0.037747464895446343,0.14332198916113195,0.09468354389328115,0.021522895872103796,0.12359020758063505,0.32716528902696157,0.0809672162176461,0.043253623917921064,0.12774776943487295
0.014887143097898098,0.1306716840234931,0.08190689293432886,0.023593970308589424,0.10502143066182355,0.18987529122301294,0.09898337316915444,0.2307809746680339,0.12427923991366563
0.048308654772684645,0.10365071382572293,0.12683217469961505,0.06151621908896956,0.30960695421002865,0.028794115213369154,0.18747237569392408,0.04583849077462308,0.08798030172106282
0.049770686293609236,0.006463488385904534,0.08593213430379903,0.06280571148595064,0.5614857850399647,0.03330285685640508,0.06665569692533056,0.10382500392361171,0.02975863678542452
0.016943428816806026,0.051566008680835655,0.2836585534250459,0.0713730501715838,0.12222500952013943,0.052713170001236966,0.2603651919892166,0.10326393322660488,0.03789165416853082
0.027847778296970372,0.09218905235085834,0.1803744941163825,0.10403715209243604,0.2869831938093184,0.08733245652093807,0.12112639933753215,0.06318639786751803,0.03692307560804608
0.35216865822151483,0.020897915884253253,0.08087340643116785,0.08330760702849417,0.07118636610290656,0.15889014718596695,0.11700252144863359,0.060977304558159334,0.05469607313890348
0.05959829746042793,0.06697842340371911,0.13451516225916693,0.1031893060454514,0.04611414137972495,0.1021708912284438,0.06029660761568482,0.11012482170021305,0.317012348907168
0.02788690536865203,0.07319118421363062,0.22366803290941392,0.06769062169430014,0.09798966321172813,0.10385812038854621,0.11121837502825954,0.2473625238902908,0.04713457329517856
0.020044715735655676,0.10884670056134634,0.2352068754758947,0.1783560197295226,0.16642579281377542,0.08245117684652337,0.14864318011544161,0.049383481566790864,0.010642057155049414
0.029542647397929844,0.015761122453227253,0.13766906928704414,0.03526478548312079,0.07020947771291433,0.4571690680736706,0.0988224983960061,0.10412183759927152,0.05143949359681532
0.12329355393563875,0.26342021842483554,0.24751959311297633,0.06346645115050698,0.052073327214233,0.018741626462886934,0.10233975200015137,0.09467051086796568,0.03447496683080543
0.06218976144829194,0.04227954890259237,0.16368854010416498,0.05893894749196793,0.14945253409300496,0.1855667763061133,0.08733423513847068,0.058227124570216754,0.19232253194517712
0.055273758227743136,0.013261761730963264,0.14355718303541842,0.03932837806959781,0.11148122938626019,0.1999329653059414,0.05093840047859765,0.02464234015522267,0.3615839836102555
0.04653826257651875,0.034806375719842304,0.19203989704462612,0.049343014466457454,0.08443058137248609,0.07587177241996307,0.17647581597749698,0.10879338922045804,0.2317008912021512
0.024438665480662425,0.057266146658958315,0.2600611678425499,0.0844511336604784,0.22319478680093296,0.07237943124782158,0.1123057790964388,0.12894429735811574,0.03695859185404197
0.05123673971930784,0.034059404585661444,0.14218851433585852,0.0660457530508248,0.4085337081534539,0.04448617688125459,0.04887858825555433,0.16474345650797273,0.03982765851011184
0.16188757892523675,0.08186976000170033,0.13375602940753165,0.11126597491825957,0.19874054120027126,0.06083110167264782,0.14783159373725674,0.0815218630235993,0.022295557113496612
0.1098627185416781,0.02269013412160432,0.07782081054341004,0.0608907646106307,0.17736498679003176,0.021858783603348197,0.07956882449767173,0.06082869328745296,0.3891142840041721
0.0688852648380066,0.012075436814525895,0.20761257717725035,0.20525158578629607,0.06513128097963104,0.0913741740715609,0.2286667870336694,0.08459859624693074,0.0364042970521291
0.08502630657862247,0.02939001731307043,0.10377377210343863,0.27282039283512644,0.10483515135317524,0.04830984828982676,0.1447079879703969,0.09267394273308432,0.11846258082325878
0.10126137687796134,0.04176721150735246,0.14091788645584571,0.06458536388336084,0.181379160999262,0.16631880885182812,0.11662515990025606,0.07878252708140106,0.10836250444273242
0.020998276603837573,0.018278011234380914,0.23552607644896772,0.03875317247110354,0.32948265029428875,0.12128209856981238,0.07048734311025717,0.08283562429220641,0.08235674697514549
0.07088301296386001,0.06353001844614577,0.2641565134116035,0.07486378016334307,0.13852611648426114,0.04851497492638229,0.15948742638809685,0.08939122996561365,0.09064692725069373
0.04458858934211433,0.013031162722868509,0.18259019065649743,0.03022899244855678,0.20710526623565376,0.040254471408599814,0.06882685513445728,0.11657159601065553,0.2968028760405965
0.02444276738790838,0.09700973904027421,0.26964125841472303,0.07911358673307779,0.025818187276432564,0.0837291707673336,0.2175969780752479,0.12663361629720812,0.07601469600779442
0.023383693750876445,0.03044348526813258,0.22961184898400666,0.07116509513488299,0.20960025834840765,0.08373065048317409,0.1833906185396207,0.1465154273852609,0.022158922105638024
0.032825726351370106,0.06185617286976502,0.17359517649075284,0.19113207908063848,0.34752782277695066,0.019235429297302407,0.06180470958379399,0.09791649449397229,0.014106389055454268
0.025270422684341695,0.06889938141523022,0.35809382640240023,0.04095140034460965,0.09201598586889546,0.12674594111143322,0.19046492337078677,0.08745981260579555,0.010098306196507265
0.05597645816092852,0.016460943112452997,0.14219083230467508,0.031513719651263684,0.2704413738698823,0.10693027176005672,0.19132562137821343,0.11509889848197419,0.07006188128055309
0.07389478159048733,0.3877269567686688,0.11932174502316034,0.08754527862604604,0.12747957581482441,0.0331367513513856,0.10224705042125493,0.06138446356965449,0.007263396834518071
0.08150992561131369,0.010660488635291595,0.23652499834924665,0.08870442923979953,0.35613789461308865,0.03331357443386821,0.08952881832097496,0.06901495616978547,0.034604914626631324
0.01899406294994994,0.06725223858462744,0.21606224007810793,0.04634155309774767,0.35395132379774696,0.03525855095720912,0.05949980307163625,0.0990265420445488,0.10361368541842601
0.030125383870551692,0.046405698705049854,0.33791614083103344,0.027521381862386427,0.29447406809805465,0.035240311882937414,0.09864478361880562,0.0939542040266696,0.03571802710451118
0.028335889996863206,0.032904108383869715,0.3066101324430578,0.0067097372117403175,0.3825818944877833,0.03595356425755136,0.12346281781251219,0.0499691086901294,0.03347274671649265
0.054154197190678884,0.16973763118604945,0.11751650802923724,0.041620314477837206,0.1740710011863201,0.09875388466338364,0.17408958243766712,0.12064494176780782,0.049411939061018574
0.03962683005869851,0.035634458892010605,0.11503069632596301,0.08541375020581543,0.07939404113817378,0.11373730151436284,0.2428666817629709,0.11123097552593392,0.17706526457607105
0.06119403809483587,0.032406900458147786,0.15443621011246084,0.034195893073880046,0.21978734687506243,0.28516203640488563,0.09409332629733254,0.07453189366807601,0.04419235501531884
0.06214241945078835,0.06290026558532492,0.29300382743958736,0.0538853297382402,0.048615139776483844,0.05789760585276257,0.2651861359835202,0.10018732004133252,0.056181956131959976
0.04837317621826864,0.004924658660783063,0.0961925141471595,0.05811872828505729,0.3438846229874077,0.02088821588810677,0.1476896041076928,0.07726405442629795,0.20266442527922632
0.033171977986100935,0.15444547806252765,0.2593134894525816,0.05255288823928509,0.24746254434080828,0.01752677532112484,0.12237166184093695,0.056101156661645814,0.05705402809498885
0.0220872089258814,0.12330129108108041,0.19206786327579575,0.07727520291254675,0.30341746284191956,0.054744837928530465,0.096400657837077,0.10519527184722861,0.025510203349939992
0.06546577994406387,0.08731634393597104,0.15450250892027764,0.01804126620301692,0.2456931981872337,0.1585145598709328,0.1125082274387974,0.11791828383919128,0.04003983166051529
0.053802043925016724,0.08367787638907019,0.22828448511604674,0.09312243845780345,0.14731367094088643,0.12432247778828089,0.08602032304206042,0.10365650285857438,0.07980018148226074
0.04430741054392923,0.018464683714109087,0.19594179749296767,0.011193693263576138,0.3804801253932543,0.11723541747640291,0.1608454095164662,0.047016217950363565,0.024515244648930856
0.09082996275705023,0.16326110243025915,0.1253193708641186,0.15449708291021697,0.1112784834333795,0.05292051254472555,0.14741236157940427,0.12868647094952132,0.025794652531324427
0.03364754674141305,0.03101421554085107,0.11939688604816572,0.058085658776742634,0.08983879220071762,0.13735508616292744,0.2239204404324656,0.13281081221174054,0.17393056188497638
0.10217811923788493,0.15902508571727494,0.12025247524589684,0.0943650321689556,0.11525691673767495,0.18391698040579962,0.07283792098051405,0.13705472714149247,0.015112742364506465
0.1525286670625523,0.04249860735510914,0.1470439335600757,0.16260398961580844,0.13168161382200674,0.021691104239225347,0.18148172078968913,0.08997733130131845,0.0704930322542147
0.05739306784105145,0.06433853227354407,0.22563577548581404,0.009621449824128738,0.1942604584670565,0.030073527935600003,0.11565092934101283,0.13391010188401054,0.16911615694778181
0.023621661559545745,0.18091775929921305,0.1368609405407677,0.08299138763506532,0.06106307631024899,0.12632803894042596,0.10272397801559839,0.11744455247286428,0.1680486052262706
0.016649435734090497,0.13549995813214824,0.2405898104271258,0.04814411989945592,0.20431163881848155,0.09274457655192396,0.14226524426645068,0.07008396901386725,0.04971124715645606
0.15896423162445814,0.03894526651096642,0.18546995233447428,0.07946893145693669,0.10573001622066948,0.07468505659830045,0.20212689938078435,0.08957074181541547,0.06503890405799471
0.06175121490912123,0.013932483328024903,0.2854874119782266,0.04905805455903284,0.1844837878542205,0.11240471877758879,0.16295374352956135,0.05886204213380655,0.07106654293041725
0.04432466491605197,0.05985920750632669,0.15887341936092883,0.03532719915553992,0.4229108814582944,0.030694492274497512,0.10446524248933405,0.11415846674979498,0.029386426089231643
0.011167223251827847,0.09307980751474382,0.16993294681642887,0.006199085520999269,0.29917998160349346,0.019492616367901203,0.25750701198838377,0.1305899006251975,0.01285142631102427
0.01913895419736569,0.05222625762074438,0.34754244976041077,0.028629832823586897,0.20610975547364332,0.02485764755436834,0.23652610419630352,0.060067899424782634,0.02490109894879437
0.01575351239821879,0.011513156910561003,0.32732633189930066,0.12558674309320975,0.18057027070628254,0.05228120820514579,0.07283332417161371,0.1054557547496154,0.10867969786605235
0.02656436570856396,0.0575767105556129,0.17939562196685488,0.15380807391296306,0.06458423827283301,0.06200604442249164,0.2549910006623128,0.05841120054236373,0.14266274395600406
0.03714590014644553,0.38441869828217873,0.13588283399295156,0.12917975872242027,0.0798885310454072,0.029478903098913573,0.1307052314876944,0.061703740533843886,0.011596402690144938
0.054799016879562255,0.03154905568161339,0.41127167942741266,0.010315027654246576,0.22237286251748953,0.022412664904442284,0.05678099124983202,0.090481272519976,0.10001742916542533
0.014641322175460542,0.17808541747945006,0.15354444471082476,0.0668381580788418,0.2423989259537301,0.021658941099682767,0.08649276708496201,0.15410073611900177,0.08223928729804621
0.017711407347826738,0.05533718445034853,0.18303560908748387,0.12171056100348726,0.1034552030157116,0.09979128018376326,0.14651526187622899,0.1909518174166638,0.08149167561848596
0.048714032041584754,0.013409924565586333,0.2018925139467739,0.08842162875129662,0.39074152800214207,0.034347869515140246,0.03391976349757711,0.03293171453333641,0.15562102514656254
0.03986557243313873,0.3019385383793755,0.22385122255174528,0.024994754421165527,0.045781669956753625,0.12554712211519484,0.10105157816173853,0.06669403972594358,0.07027550225494446
0.0070167817730932116,0.03890316926232313,0.25388710616411164,0.00609841391333388,0.4684992404140269,0.05063631400753942,0.11164659288039012,0.049190160203535865,0.014122221381645856
0.037009596796653686,0.2025091256479712,0.24845903984334683,0.06910652085060827,0.17273803208881144,0.05285174397163428,0.0976693983630355,0.05533046320436052,0.06432607923357822
0.03127617079994007,0.07368122349915257,0.1351632054751596,0.16500337322383082,0.053481547114529675,0.150675620372643,0.09824814216151301,0.13501794641590628,0.15745277093732493
0.05950137200995618,0.03183796410041088,0.2856039622483887,0.2715434332747852,0.13640647600114808,0.02554955243215522,0.12581877647076442,0.05441937527578592,0.00931908818660544
0.09500216612979638,0.04061809300026187,0.2668049588591219,0.013197208537768831,0.06984359684032257,0.15703126651340152,0.20246509216979258,0.09985014600133707,0.055187471948197266
0.10771114414606105,0.011544788585662389,0.27785720504513267,0.041654807310237116,0.08672671013141653,0.11708996379231347,0.14621511728152162,0.1256414895311779,0.08555877417647721
0.03296133548465093,0.16952921532079493,0.18947805434620024,0.05467218695462286,0.2680034812949616,0.01544071716096574,0.1711619283031357,0.0616700351127332,0.037083046021934775
0.020777637871232657,0.14736709038407436,0.07622999209022585,0.05735642980156975,0.15555289414706397,0.07286283282499363,0.10017898565389288,0.14550855025726853,0.22416558696967834
0.018784861402987442,0.2899614989316495,0.20888672258662952,0.01714943225856398,0.04384523685600519,0.048721004949975534,0.1627725218913073,0.1296345475719381,0.0802441735509433
0.012848794261221779,0.21446414482238374,0.1512187640540996,0.08440178354535953,0.04732198255083295,0.06345126932029578,0.23632740221922485,0.14911775104078087,0.04084810818580083
0.08007376876632082,0.042140610802988206,0.2616290296631774,0.05434538605848871,0.3645719490815529,0.01390967544314207,0.05685457825852889,0.10731353533170583,0.019161466594095306
0.02651720883123286,0.08593904237801227,0.056493580065530624,0.019528184512670015,0.5292535012825602,0.015176660232831143,0.07090438524722825,0.10848877175342443,0.08769866569651018
0.04258751887890855,0.026112338000278363,0.2135534203441539,0.043557388274818275,0.21965526404515656,0.11930842652505759,0.17117582774532805,0.11266161829997806,0.051388197886320645
0.04328181410856643,0.025452161353190856,0.3829762071345259,0.011041552079406805,0.1493154283143748,0.10713205579434652,0.13405009247115404,0.10114554431816325,0.04560514442627139
0.1277334456533339,0.08214788363121607,0.26983052792161066,0.015476485225358513,0.12493489132440627,0.07105469780099045,0.1351624465756651,0.06599546194267862,0.10766415992474039
0.024707000449824084,0.006544821290972932,0.1417582099458572,0.12409221715310147,0.3487215494627504,0.04957691400640587,0.12101876509963266,0.11779990069832313,0.06578062189313223
0.02937077997189182,0.03268551452188894,0.27497964708475564,0.10869484729394452,0.16333740387165063,0.0818578316653318,0.17399481438957143,0.10839037603754735,0.02668878516341784
0.06606747241701233,0.06664574153784503,0.3153853587439988,0.09449307562108562,0.18670770127223738,0.027291621632198296,0.11598604583005097,0.06850619497952494,0.05891678796604651
0.031098137341495132,0.06940088434089264,0.11514000379237978,0.03614870336300507,0.4709113464332537,0.05366189933990336,0.12600283566628917,0.07805286105649585,0.019583328666285427
0.24498587569399202,0.16192274737074422,0.23243311821515925,0.023482199145449772,0.057195172849300056,0.06065650560140041,0.10090924773207353,0.07774235780804513,0.040672775583835655
0.029173719525368763,0.17687452879424745,0.177958653849385,0.07190730504042933,0.06346388793655196,0.14632029070817906,0.12586830506190558,0.18677799120254704,0.02165531788138592
0.0401516235187546,0.028275354107501326,0.23258372727898916,0.05539443602931077,0.07279939278694707,0.07845101261263764,0.2854814073913558,0.09505993504589465,0.11180311122860902
0.02089226784776913,0.07530476142107682,0.10213504864211757,0.029064271135847863,0.48794332742896823,0.05628050246519833,0.06992385908996358,0.03536027518066096,0.12309568678839751
0.03803269069156808,0.13235843660150404,0.16398689356078036,0.18692555037161748,0.20993618278653284,0.0121564715036067,0.11429100900842955,0.05139428106390309,0.09091848441205776
0.13229948516089526,0.029663139279060433,0.21222519876875445,0.04508153931445322,0.3136968252510557,0.03950781717809088,0.13687583040738988,0.0736915451906034,0.016958619449696764
0.01968043914182099,0.03566714490066996,0.27949322369831936,0.02990463357599422,0.336191950496747,0.04254364072108993,0.14764830519698155,0.052835229274906054,0.05603543299347083
0.06597164102846903,0.008240521137678673,0.34673081765279434,0.0368308346551897,0.27023052316862756,0.08280221487677923,0.11176193885565917,0.059550770759772616,0.017880737865029656
0.028561880092374106,0.1730700320252049,0.23663381595050037,0.043813404899546944,0.2849740534201696,0.03399741035493154,0.08309550060560389,0.07864270063590516,0.0372112020157633
0.08460425376204289,0.1043944719435768,0.16125395623982888,0.09400419073565143,0.06775712751518972,0.036835769798813284,0.17129116943458192,0.11097642672847685,0.16888263384183833
0.033283874117951605,0.029257557063439465,0.2965515736673181,0.028304237242353692,0.25395467045497705,0.044293800464168455,0.17915248284511323,0.044241562422057255,0.0909602417226212
0.03560959250436741,0.07605739205017796,0.13593816374370143,0.05239015434173681,0.15345490741150655,0.04580411785706714,0.27571023687292007,0.15792913641669917,0.06710629880182348
0.047338451956567884,0.06855887028007185,0.3964281983348245,0.03803598604007158,0.17030007333248842,0.04762757618035827,0.09035896133867267,0.08898725802065695,0.05236462451628787
0.034492917736743664,0.07267485557995806,0.24736905042617327,0.015695536255433247,0.35046972602689724,0.07872718056013878,0.05448812985190102,0.05749963061772686,0.08858297294502783
0.05709150156271404,0.201131203793379,0.21371353154314635,0.07827187615362047,0.1253160977764479,0.03666537387519347,0.1960561997036344,0.0633084239569117,0.02844579163495266
0.031672533501090304,0.021646437295747695,0.055269928475442744,0.025853381157533523,0.1738136840495436,0.15452926709927553,0.07807624510387319,0.10495588562709791,0.35418263769039554
0.03301275125849816,0.1152375865309123,0.1344028813923358,0.03196459845803196,0.17684855632042604,0.06432900912298238,0.18950489071913834,0.12030027714454417,0.13439944905313086
0.4746563426162996,0.048460193884612236,0.12048642014146689,0.040072205961285697,0.06507012216181365,0.013729804616465507,0.08470587886850744,0.07665812914340092,0.07616090260614808
0.016028052834978962,0.36383576728283523,0.12394502397564183,0.016735003058471448,0.06346498308037672,0.2905226108480817,0.05343688300655353,0.0623063073702135,0.009725368542847163
0.017109846212779653,0.023648750116599577,0.1574351942161806,0.03529469728161957,0.07409677217601988,0.201743822929789,0.1637129679836663,0.24787898738369785,0.07907896169964755
0.042376847895775456,0.018210448683827332,0.1528412650015957,0.01608601472924896,0.45152124630458906,0.08549889400485622,0.08664862050941942,0.12728942240038177,0.01952724047030602
0.03864768406919094,0.04430096843025962,0.1926331191319498,0.04785061846235947,0.30583645950726424,0.036336673434000016,0.17764549577267097,0.04972934431720436,0.10701963687510051
0.04856526620220477,0.2820119269398622,0.12957334362469455,0.016696296290468895,0.1814382314501195,0.07708882740195057,0.09836747650219647,0.14576817671260492,0.020490454875898113
