0.0761668564717838,0.06481002004503966,0.08693044449708955,0.14622683318676544,0.11620403055494345,0.1144573060886714,0.1211724450538414,0.1331656220350975,0.1408664420667677
0.11941846502858927,0.09657898926752202,0.11664139054367668,0.08234646027451341,0.11279948438046883,0.09107025105649041,0.12147258722556036,0.11225810992797404,0.14741426229520502
0.14056590457131093,0.07715310280353584,0.06590090754183629,0.11969884709522068,0.09303053290833402,0.10128590607764006,0.10694410246575596,0.10551645845066403,0.1899042380857021
0.09221489201678289,0.11097807966885165,0.08051989644384384,0.11882120843138033,0.13690419181791585,0.1192068399943191,0.11169358605191447,0.11684069772695001,0.11282060784804189
0.07651521876853647,0.1059298920912634,0.08417913254503152,0.14188896074927607,0.10953804047348498,0.1240652270348767,0.12226326913439294,0.12720392722675714,0.1084163319763809
0.19056001362110556,0.0197600313577404,0.11004087406965868,0.1254505564621459,0.016280589052728434,0.10192472760720711,0.0973947168911042,0.14710790972612045,0.19148058121218928
0.12164921928152879,0.10533267522714013,0.11974203000604237,0.0822984044759116,0.1033058882545061,0.08984218610675541,0.12189837900265553,0.11038704833895525,0.1455441693065048
0.08426023355867872,0.1609579173900826,0.08273752437357758,0.11121678916634042,0.12345756404000853,0.12039726394921951,0.1087793331061563,0.11126628788866116,0.09692708652727511
0.11598538834510386,0.11726075286583554,0.11003065292059538,0.08049064048496314,0.11567036759622233,0.09469502447411605,0.11902207638957428,0.11234322807248937,0.13450186885110002
0.09998093781699115,0.12854210431458954,0.0814519487096073,0.10993928841144925,0.12431942761472352,0.12127048791285411,0.10945871941618195,0.11194694948393415,0.11309013631966902
0.111898316941389,0.12928876336623513,0.1050791363972247,0.08113665687103642,0.11869277247163189,0.0980943313771457,0.116936503216352,0.11218917579106479,0.12668434356792052
0.053233772651315826,0.02436893797035528,0.19387219924132812,0.16395191377945276,0.04937825381744957,0.1062943396769177,0.07896001455272544,0.12900201338637557,0.20093855492407972
0.02940751227784248,0.033200466036879435,0.14581961381780312,0.14920620763996126,0.020088764152426702,0.20528777942125656,0.1707213303490064,0.22134647637464258,0.024921849930181438
0.12739259807302697,0.041608492088457405,0.12802154107158023,0.13520208185381108,0.09922020894078998,0.07533519073365717,0.09465171536464713,0.10116968623590183,0.19739848563812823
0.08413797395038003,0.09938240015215477,0.08088667283636537,0.13085942384042717,0.13130150668371382,0.12011767518028223,0.11403140847701572,0.12158315834749922,0.11769978053216158
0.10437869933130632,0.14455599113517711,0.09825061081161895,0.08431473953881981,0.12277613015782486,0.10353154165112945,0.11434809010551765,0.11161869176310886,0.11622550550549705
0.08672044172985642,0.09041467574274918,0.06968552981020833,0.21308036773472663,0.06391504536920035,0.12852203004722532,0.13409131876786304,0.14589732960273472,0.06767326119543599
0.0619960395219176,0.03991535439925089,0.08569785178277028,0.2035891275492582,0.029275818416943832,0.14397532722387224,0.1888041796455394,0.19445730387025342,0.052288997590194175
0.08574146167912454,0.1558238242781417,0.08328540568260301,0.11033756373069405,0.1257635520588344,0.1195545410035454,0.1090658437690392,0.11207045213672838,0.09835735566128938
0.08717552896223961,0.16169681393991056,0.08457839604607653,0.10560192821979202,0.12458183418826448,0.11799587696727137,0.10893477650284959,0.11073841859071926,0.09869642658287658
0.20519672223098828,0.07419417606135968,0.11353484118761951,0.15171508278811804,0.01961010631607475,0.05938206334683227,0.08615807873131698,0.12060392133793636,0.16960500799975428
0.11411883879518563,0.1225280521197684,0.08546880513228283,0.09557939105503938,0.12722593221276968,0.11325185698403127,0.1120691813914154,0.11200654326610561,0.11775139904340182
0.17664302057294498,0.0554137155866076,0.08978720230846637,0.09931030128480245,0.07933646343369449,0.13245766705439874,0.0906091995504636,0.08139121991892811,0.19505121028969366
0.0698197758602969,0.04760814288674426,0.0947125719734589,0.16042489381202316,0.09443843025657785,0.11618921052095703,0.12085774991340092,0.13758318996657903,0.15836603480996192
0.09515526371529633,0.11632732828148135,0.08098615342005447,0.11490681651492923,0.134221218981064,0.11939960353466479,0.11113324644142758,0.11529212165339375,0.11257824745768852
0.12169419239590178,0.06332410012622751,0.1412210659011636,0.10628459957507928,0.07798650232627996,0.08563855864182356,0.12529830011083928,0.10312481372055766,0.17542786720212744
0.05536534578051138,0.07158548087825682,0.07359578887107641,0.21032802183889984,0.05650310669351263,0.1480489404609782,0.14730646141651252,0.18005181791298308,0.05721503614726912
0.11165203820299567,0.1175659381645431,0.08565708837264652,0.0957350236198216,0.13344626693517656,0.11136838467298064,0.11342581268811613,0.11344589202602766,0.1177035553176921
0.09123680495446451,0.12935409138797918,0.08064215451652876,0.1186168149945293,0.12141608297867224,0.1239120397901544,0.10941154067882101,0.11359728781822435,0.11181318288062629
0.06673467849422572,0.07202796837203092,0.22327092699477624,0.09216661077828492,0.06528279203735858,0.1224226626962542,0.13035769402902964,0.13767324072572926,0.09006342587231055
0.10900154163494939,0.05950571650015834,0.16103482617148632,0.1194661355194198,0.1218057924398077,0.10033392834903741,0.09814325091731542,0.09626520897953145,0.13444359948829412
0.033582458493723384,0.027900883811620366,0.11508693281246186,0.14643667826594972,0.018794915993223586,0.13723985347288783,0.21454284583304872,0.23267836734470881,0.07373706397237571
0.16165310240168126,0.09954167324424278,0.08617419376275959,0.08046021823298267,0.10228708354311634,0.09976051177271524,0.11753613230334652,0.10817153583702781,0.14441554890212782
0.12217702775325538,0.09500021092580792,0.12243533338591517,0.08411764269064737,0.10264113285881325,0.08883158885581732,0.12305693342640123,0.1103490027804067,0.15139112732293566
0.10502978137055878,0.0379222430131524,0.05132055569778598,0.21523515097402593,0.04073248872261854,0.0852946172829422,0.09885121185674074,0.10769429602890711,0.2579196550532684
0.08877426049909859,0.07812347167924101,0.19280656163829893,0.08808331764125434,0.0917257235596547,0.1487090589072703,0.10771186337280451,0.11123959881681107,0.09282614388556655
0.11856589520728363,0.12341433125719471,0.0873053089426142,0.09087812316683751,0.12477636835900245,0.11095949522184821,0.11326023650797978,0.11140573911639319,0.11943450222084635
0.10177916956158066,0.1444006375665958,0.09575611705676863,0.08689485868133051,0.1261575614827263,0.10542681612369764,0.11380979149941813,0.11210097066788445,0.11367407735999784
