0.12298330608960752,0.10846571330939019,0.05641651233501185,0.12892918233607248,0.10206195843352324,0.1058048347431232,0.11350430775526761,0.16782825209994132,0.09400593289806254
0.09765304146873638,0.11162541094749323,0.09999682102103796,0.10495171813250272,0.11360479219545806,0.11979168100747346,0.1405615549913956,0.1000261896652165,0.11178879057068598
0.11366278996909966,0.13097935434833433,0.06144984328333699,0.1174581488495882,0.09703398922029531,0.1282942050832272,0.12557799612773285,0.09657358777321938,0.12897008534516605
0.09930122851565522,0.11231363896256076,0.09368532704483835,0.10499483188853749,0.12313292766893487,0.12622749285065374,0.11757722363040213,0.12791644127492055,0.09485088816349685
0.0966808343074166,0.13130257827855937,0.08049745106619903,0.1142886263837935,0.1094923869438462,0.1284678982851787,0.1088213793383472,0.10046834011408869,0.12998050528257057
0.12125238736462883,0.12382300647257062,0.06376126987607601,0.11627561036806251,0.10175602220216633,0.11740044752443564,0.12178520839780298,0.12539670134343764,0.10854934645081943
0.10059414814228307,0.06504045093391933,0.05897496752965282,0.129162755775686,0.10901729829665863,0.12855233039321792,0.07656621811321601,0.2597165166474757,0.07237531416789052
0.12269577349715366,0.10885728767593054,0.05713594804053875,0.1284794590420739,0.10065630294609103,0.10826607823771141,0.1171778794229572,0.16260485792662707,0.09412641321091642
0.09471894549326136,0.1112286418546821,0.09326242566566016,0.11031140664911283,0.10866436598410756,0.12378995852976832,0.10933825084966765,0.13013413015265177,0.11855187482108825
0.12465695040578932,0.11732267408097848,0.044426619307836555,0.12210795196811886,0.10711224380706834,0.10424820349161949,0.1241763614492778,0.1252065405605535,0.1307424549287578
0.09747678077474514,0.11374913188836445,0.09440038966497116,0.10651964462243026,0.12054264414390752,0.12649897636072702,0.11453385538989369,0.12959978747753048,0.09667878967743022
0.09480399951381435,0.1115098904410265,0.09310136348534735,0.10995341313742757,0.1100550161077487,0.12430099381256547,0.11083337942663196,0.13060030899674116,0.11484163507869695
0.11749336434298668,0.12723355274446338,0.06580686322825714,0.1212001181421616,0.10127662199560165,0.1219034677637828,0.11260228525909603,0.12865270788657493,0.10383101863707579
0.09629848365875765,0.12535455496809514,0.07239366717866581,0.10938676795858877,0.11887018963756035,0.1300133014467512,0.12829967950026783,0.10200668773487731,0.11737666791643585
0.11829626743686361,0.132647192188984,0.04997689220143232,0.11093837123659438,0.10601351965080602,0.12509915520150805,0.13161575535861628,0.09644436880403585,0.12896847792115948
0.09783237973094287,0.11275413161151009,0.13034867656652224,0.11238788308335322,0.09146458130445373,0.11508194761739272,0.11310973058310465,0.09579320352115867,0.13122746598156182
0.09053740457004456,0.11737468261308559,0.09972888637016492,0.11349140997026382,0.10784750629520833,0.12636690520125626,0.09653501141831655,0.12951071160094238,0.11860748196071759
0.13808540990079532,0.1744721654236403,0.10100305045583825,0.12646236243385459,0.11228984678407138,0.187913912925888,0.050805005853132475,0.06485824868590179,0.044109997536877936
0.09501451165799657,0.11526003916660095,0.09539943832488622,0.10873595182295147,0.11691963623452478,0.12734076002864797,0.110012528181428,0.1312448060138274,0.10007232856913666
0.1209073622798873,0.12950114804154417,0.04914786840330496,0.10835539558284461,0.10692332566423425,0.12070856859821782,0.13769540471174432,0.09567669957492357,0.13108422714329906
0.12839326240090576,0.12577214142350893,0.0638279534489731,0.11073040456662997,0.10779670644347639,0.11349173984729007,0.12487425193017375,0.12138008228482737,0.10373345765421459
0.08693516112037498,0.05618640508025587,0.35890303239966537,0.09482992215457663,0.046632729286509224,0.060979303407220097,0.13033365261144195,0.06523140940351767,0.0999683845364382
0.1180696553181132,0.12174382862921646,0.06547213447313478,0.11757519814881101,0.09944992324409097,0.11950008109921362,0.12109437171726374,0.12498084235837063,0.11211396501178561
0.10036450614800835,0.11269736869891928,0.09508324263891543,0.10331153256545762,0.1287262087872686,0.13001368034421473,0.1149603658223358,0.1246636443400011,0.09017945065487909
0.09118374810851025,0.06189661127180953,0.2684159746311457,0.08466762787060977,0.0705335611435645,0.06781040589639468,0.16867499542048184,0.07259693998091976,0.11422013567656401
0.125136596759969,0.1261963754571093,0.060957357607736774,0.12216367672803374,0.1028723334038472,0.11429978948194913,0.11257072944427204,0.13626024082754276,0.09954290028954009
0.09520951076687091,0.13607637940895823,0.0686584440896289,0.1128077565078711,0.11908928319995708,0.13347228676074277,0.12540832456624582,0.08880288015219674,0.12047513454752845
0.11797232458943145,0.13348831221189436,0.04979522717398277,0.11156121034217074,0.10591577986961175,0.12601273387256817,0.13013812276748524,0.09635947958253055,0.1287568095903249
0.10079802561167121,0.12250869591266773,0.07138699874957742,0.10236188830439008,0.13712618006115226,0.12855206411077522,0.13440470862601528,0.10185280115846956,0.10100863746528131
0.09617039067566276,0.12812080597136014,0.07662182514405975,0.11260245409028558,0.11152109851510994,0.12924026575363898,0.11677264981905616,0.10115772471546404,0.12779278531536262
0.10831786483922012,0.1439937820674479,0.04431155501808934,0.11231720602242473,0.10984545960375262,0.14582046254666794,0.1240717736114297,0.07610951412225388,0.13521238216871376
0.09400564665557797,0.11267979465964621,0.09408032934027688,0.11042794104459737,0.110353874726983,0.1251834797508443,0.10877875082241195,0.1308534972383063,0.11363668576135594
0.09818190599119243,0.11349132435270663,0.09437539607741006,0.1058114478063747,0.12204773444768248,0.12666485650173837,0.1152494142211626,0.12885407898916118,0.0953238416125715
0.1254771756121661,0.04472603321355723,0.2746749875552922,0.13002238953456446,0.07887589877077657,0.06691283612022601,0.06251497306192795,0.12332420029936492,0.0934715058321246
0.09847282185484967,0.1155194742966051,0.09657416119804972,0.1043498262887078,0.12743688263032268,0.13028428569279668,0.11052120888441103,0.12664135680307867,0.09019998235117871
0.1397612311141355,0.1390493828176433,0.06945681937188751,0.14050696734576335,0.11221507379194627,0.16552823279952214,0.0634853029138031,0.11101543049546869,0.058981559349830036
0.09658863560865684,0.11864507323866236,0.08584943516268394,0.1082462801032222,0.11373599402982022,0.12510493428595065,0.13221211677973768,0.10243358985469488,0.11718394093657114
0.09745922542227324,0.10896109581269953,0.09772361430063593,0.09783128216074104,0.1595296996261037,0.16379208813583654,0.09178796954244757,0.10446436518152684,0.0784506598177356
0.12176776725449519,0.11058319874974415,0.05776404751031353,0.12887982863488848,0.10101924621312199,0.10941134681143755,0.11501303121452659,0.16187240022351082,0.09368913338796174
0.10956240727513626,0.11208426495821734,0.06849031101266108,0.11917376777161072,0.1838697031541705,0.17209639042437908,0.09872577257652192,0.04197213420890763,0.09402524861839545
0.10023148557253513,0.1132202550315408,0.09695144994410526,0.10082828567307656,0.1382220258102392,0.1390232441364702,0.10708325446492302,0.11903903949455452,0.08540095987255536
0.08581535153843733,0.054058815964878874,0.3492714392875305,0.10038533344125304,0.05383320117978671,0.0694694120014322,0.11689671412517962,0.07936864895777458,0.09090108350372711
0.12415214930823232,0.10901554099775461,0.056620101587346865,0.12753562352030462,0.10034416036403322,0.10707372409375167,0.11938040885984741,0.1601071802120184,0.09577111105671099
0.10777583364238576,0.11491509034613963,0.07887211511839572,0.11281438625022276,0.08692184841190242,0.1278940657190727,0.13992496201227386,0.07365281271545933,0.15722888578414781
0.12991310064055284,0.12485772919205464,0.06282213434697666,0.11086640703375206,0.10717304476381222,0.11236503092083054,0.12668155929469158,0.12120696033921452,0.104114033468115
0.16377064887109302,0.10901083787924663,0.03871848526565543,0.10491872522824224,0.13221399507546164,0.08403104995440779,0.120132882958129,0.10194947572253349,0.1452538990452308
0.11782637886262627,0.1262626473490767,0.06612616916447889,0.1184597943954636,0.10180901734407977,0.12125691953519509,0.11586596627909647,0.12604002629439054,0.10635308077559268
0.2085417259234322,0.07441703517992188,0.29176129573172876,0.1138833177836595,0.10611439580410648,0.1181506512604419,0.03306841786840195,0.02846506365691906,0.025598096791388348
0.09019425862250957,0.11809981820399391,0.09943195189210897,0.11327146801032872,0.10967903516595782,0.12826003848107229,0.09788681759091283,0.130919893280354,0.11225671875276194
0.11405082848435426,0.18481090468737105,0.13598964614417688,0.13531534108880625,0.11165617667930901,0.1878904043343055,0.048231397732161674,0.04089234403491754,0.041162956814597806
0.1291226558919465,0.10787917829921319,0.05452547172169762,0.1255614318039968,0.10078018408880977,0.10166375385720572,0.12239432264610885,0.15878706982316515,0.09928593186785638
0.12108630136505548,0.12364951893493255,0.06432016950045268,0.1151133657800371,0.10232671391388126,0.11743929544448968,0.12282166868474477,0.124226850283033,0.10901611609337353
0.11510829218959921,0.11110596729453642,0.06729404924394584,0.13538267804658013,0.10358970321995042,0.13189052179803082,0.09389213574700227,0.16571738738673103,0.07601926507362387
0.09396379977721847,0.113811003418379,0.09789822953458026,0.1126042411486946,0.10522460706051322,0.12237941509119958,0.09847117674277378,0.12703354272036668,0.12861398450627448
0.09806277530755515,0.09418304499957553,0.1879432098345288,0.11348124223990698,0.06665043420626864,0.10701760185318265,0.11888589656198632,0.07110187084187385,0.14267392415512217
0.09730023199181281,0.11166919645323224,0.09933836861747274,0.10601317716022023,0.11037875241738442,0.11968977796882051,0.13884890424253257,0.1012073510559804,0.11555424009254406
0.12316254918022053,0.019834724480913026,0.279720038407533,0.0984886992353838,0.08455725676821114,0.03232365535058989,0.052112360557853316,0.15921947165437575,0.15058124436491957
0.12263223638261966,0.0970298354906801,0.046792523624601345,0.12542377412265093,0.10749340806522316,0.0855716872835524,0.1212630688136156,0.1393127515087069,0.15448071470834998
0.11971736422852486,0.12363817147947835,0.06433864471359564,0.11728815095898355,0.10097141776751835,0.1186057468888166,0.12054139716761747,0.12583465113319323,0.10906445566227192
0.12292555182063086,0.12520851004861042,0.06361006654559452,0.11550978436807015,0.10321679295955181,0.11656766047429235,0.12109666907133161,0.12521545714237997,0.10664950756953834
0.16212645733841938,0.1569853003418561,0.07080234392345551,0.14034456319810065,0.11109578862015203,0.16009637492487766,0.058411977309378915,0.08233207556862289,0.05780511877513677
0.09934900244571344,0.07057461162381717,0.0675425259720678,0.11146171502176387,0.09992927437322091,0.10083455603028757,0.1166734403719954,0.09583679678590092,0.23779807737523292
0.1073365323956627,0.11802190717364319,0.08071571311270216,0.11449949065826955,0.08736771519896926,0.12897948223612452,0.13530902958081273,0.07459324569629905,0.1531768839475169
0.11311930977413798,0.11025973977686289,0.06525460618423026,0.13495146377848466,0.10359704305965972,0.1269479027508286,0.09588264502499111,0.17113535619180342,0.07885193345900128
0.12576416752760577,0.12513745355868158,0.06321558801342103,0.11335399119791345,0.10487181704802488,0.11453480884850435,0.12357828599291537,0.12361620053480991,0.1059276872781238
0.12277327654384064,0.14319560840816611,0.09982177733764076,0.12827357245601842,0.10671224704363484,0.15433455449979405,0.0705935069300217,0.10436267951202238,0.06993277726886109
0.11229727473243604,0.10719797717751807,0.15575380330534191,0.12243763275167958,0.07218198172701384,0.10595585901462394,0.10928063426271968,0.08858454529104891,0.12631029173761804
0.09798816208427243,0.12460706817488833,0.07164556513381413,0.10613226915163088,0.12724892901460894,0.12881253529478728,0.13185886111566483,0.10299013578405995,0.10871647424627319
0.09233994683027306,0.11478883102464876,0.09764137526288501,0.112711505064937,0.10712934759749011,0.1250546167327555,0.10008311209529669,0.1290120333687991,0.12123923202291476
0.09410269787247864,0.11213338275061781,0.0939687996563933,0.11062464069482013,0.10908009834873922,0.1245070250393761,0.10807125364761945,0.13038750614678754,0.11712459584316774
0.22418842550554896,0.09948662084515313,0.08753334199714702,0.13806284875852629,0.12735005129838217,0.1456596429028113,0.04101013812205245,0.08585421080121837,0.05085471976916032
0.1119413241528975,0.14445444544357536,0.05574148293669586,0.121984117061387,0.10285469100270013,0.1360000326349326,0.1130205889889348,0.09792596028817702,0.11607735749069974
0.08977080445963509,0.0813751158012591,0.2520134659064363,0.10029665762057349,0.06902784439403502,0.08713031772918617,0.13353816296048993,0.07272754090772769,0.11412009022065724
0.10962123748735912,0.06863444555929389,0.06591597059481706,0.12932737566180744,0.11127553698934296,0.14216087947515932,0.06799405259792297,0.23803665599057203,0.0670338456437252
0.1333171400422681,0.1250541789663587,0.06291396592581516,0.10859313146721432,0.10995740921809653,0.11150099760054677,0.12775979826155784,0.1190503506499595,0.10185302786818302
0.11737592462108261,0.12562687658990926,0.06596926289222271,0.1189674982131511,0.10114645487493608,0.12112503264021379,0.11577295230799635,0.12665985667313814,0.10735614118734992
0.11725786732963521,0.12370555994251613,0.06595162627363294,0.11932365329357499,0.09987332162110707,0.12074294545422659,0.11736235512361066,0.12646186409377363,0.10932080686792278
0.09968201382295429,0.11294025374179428,0.09458522426876752,0.10414242557083546,0.12608430259954032,0.12801031677284674,0.11575471773327638,0.126588678786854,0.092212066703131
0.08935402008584488,0.024180614194168115,0.43437471671611555,0.10699660229188361,0.06022545271842577,0.11021817278187722,0.06715084376944241,0.04517022252708097,0.062329354915161485
0.09716690744949692,0.12307904718591729,0.07255303244579393,0.10784996354668706,0.12068561676249108,0.12838611663117408,0.13089157947481558,0.10428045613378507,0.11510728036983886
0.111145875324143,0.1533000813942401,0.05937797285767088,0.12312935859063236,0.10226423272779946,0.14115120557405245,0.11338280563255286,0.07765920383627407,0.11858926406263488
0.11052741376399848,0.07906383108610845,0.048534314555000624,0.13910286279929435,0.12005950772095524,0.09969581673523525,0.08585307901595655,0.23037080443778,0.08679236988567103
0.14391514163204125,0.1087310506696769,0.05180415582415824,0.1200179523619061,0.10372864648574513,0.09452932260371376,0.1254222242305074,0.14754335550763695,0.10430815068461415
0.09906478235670439,0.05744318213890803,0.3321881618519471,0.10336462238914117,0.041080356826303205,0.056483907172103644,0.09797016810743985,0.07504607917794982,0.13735873997950274
0.09238967770101343,0.117803923537864,0.10237751651011225,0.11395620245588205,0.10518334423684499,0.12191508805224212,0.09141902171930294,0.12539151843571864,0.1295637073510196
0.08309541736461788,0.020519257555142844,0.05950780676271794,0.1493162813982808,0.14183371630457128,0.12593909880792833,0.04587363584516151,0.31910449153452486,0.054810294427054464
0.09643998770478408,0.11231762327239148,0.09308830485959879,0.10799090900668623,0.11572484819856754,0.1250379731984417,0.11523676915201285,0.13069066656359388,0.10347291804392345
0.0962658507018197,0.11346125925614643,0.09398702172132067,0.10787312841632589,0.1171451941252784,0.12595160855911144,0.11377909869798147,0.13069141387708663,0.10084542464492935
0.09435702751687373,0.11233749060917562,0.09369162096243903,0.1101355312496367,0.11066457860170709,0.12498562833760452,0.1099147947879182,0.1308669525253527,0.11304637540929241
0.095707804980338,0.11470727902813689,0.09528060618148991,0.10850699204740034,0.11739306392354516,0.12743066366605368,0.11150565389530413,0.13054687598106035,0.09892106029667148
0.09780713970948067,0.11421028045139602,0.09491775561258102,0.10597522052453319,0.12225322327324295,0.12721756052688693,0.1138416238748509,0.12899433887297274,0.09478285715405559
0.0967043008930955,0.1126852400177728,0.09338183726801985,0.10763435510021052,0.1169283372562196,0.12533955299440028,0.11526589503362693,0.1305114954428151,0.10154898599383937
0.09079382856104855,0.06938950531988115,0.3362036725177544,0.10011312236731429,0.0580195235717777,0.07436013061509306,0.12095559476369833,0.05915349191299746,0.09101113037043503
0.09406520234582293,0.11222889072166421,0.0939978938052806,0.11060982119018047,0.10925766421953097,0.12462287733462518,0.10814104505608581,0.13046388481799362,0.11661272050881628
0.09281271504756262,0.11452469943226799,0.09564464846682298,0.11117847334151652,0.11075698276185479,0.1265402842412557,0.10561397221170393,0.13120359840777898,0.11172462608923643
0.09592039831551534,0.1258885559846379,0.07331281832553507,0.10947605514245105,0.11905553878901466,0.13022730733149313,0.1260544733876622,0.10329826489771055,0.11676658782598015
0.19056868826103815,0.0390319407958434,0.05534206267309585,0.1198497471864237,0.14216534264835276,0.1223827214583106,0.04224659903660438,0.23197057044718494,0.05644232749314617
0.12324858433505138,0.1211711146045182,0.06296409128866032,0.11398155980895848,0.10160327786008787,0.11525357866375892,0.12809380819795915,0.1230364471048163,0.11064753813618933
0.10014924500588045,0.11259875798309672,0.09455824331246088,0.10365489208693741,0.12726756339764247,0.12853003491855497,0.11595424196241218,0.12579432623532036,0.09149269509769463
0.083703591167675,0.06476115950409624,0.24553363536058695,0.09364551311775826,0.06255854877829692,0.09815922048694425,0.13635608693059825,0.05879374935769987,0.15648849529634423
0.1728413869985643,0.02362543348072706,0.03835032302178845,0.12180766833106625,0.1705818772335231,0.05127838741630044,0.04711807040677163,0.3102472589240022,0.06414959418725664
0.09459910069093032,0.11227204935924891,0.09350448789131123,0.10987560132110374,0.11123469500709589,0.12499623771790419,0.11079930809764811,0.13094666003461122,0.11177185988014628
0.09737265052424045,0.11703665138366907,0.09769796706459292,0.1056137184440628,0.12560990088250815,0.1308623810413134,0.10814877535750937,0.1275633583101743,0.0900945969919296
0.11606232528428645,0.15678962799718196,0.057427446660233666,0.13091907392019106,0.10501290065312059,0.13977544140913256,0.10028111365819677,0.09608089554615849,0.09765117487149855
0.12498003213886788,0.14526321780493487,0.10407140659335866,0.12821117448226324,0.10851344230872813,0.16332736311192467,0.06503648515350502,0.09893631399770701,0.061660564408710504
0.10182814852342763,0.11019897383076384,0.09564834343170697,0.09989543951044304,0.14133452981885455,0.1419296500947187,0.10848631242427154,0.11600056776283006,0.08467803460298362
0.09485757480554714,0.1296413621764824,0.0767995170916607,0.11271992636505342,0.11346592048527109,0.13105923202516698,0.11589967198767363,0.10201576861905066,0.12354102644409393
0.11435048993035286,0.1351388604224338,0.05179062422072617,0.11513063266912826,0.10291504281119385,0.13049069132775215,0.12636649474365233,0.09707388990362538,0.1267432739711352
0.11798647505869926,0.12224106694666903,0.04849582092992932,0.13170357222128534,0.10660855761619663,0.11761342466864548,0.113839192551304,0.1331682314380079,0.10834365856926298
0.08835439246704936,0.06639887816061338,0.25344117316527043,0.0888156878277973,0.07619211057313695,0.07594636139391754,0.17605163255956977,0.06350682974802108,0.11129293410462428
0.09508736269962359,0.13281562604313282,0.07881207263140834,0.11421593162860659,0.1117307904858849,0.13079211280561356,0.11063351703990461,0.10006412633853151,0.1258484603272941
0.1251483687879831,0.11574007656548947,0.04424733693198004,0.1213526211243136,0.10527425404619022,0.10440035712459438,0.1290189432470929,0.12331999492179462,0.1314980472505618
0.09436364805735387,0.11190120500007217,0.09495496095912216,0.11131365405105394,0.10638746931873773,0.12285883300326313,0.10402367456542756,0.12876074743747706,0.12543580760749237
0.11801244062593073,0.04240287757128383,0.0504440711338267,0.12605942456788036,0.12776738208241664,0.11595622714997639,0.0574736080151926,0.29397612252767313,0.06790784632581955
0.09426807752112831,0.11205162042595389,0.09514204934912429,0.11157580498490483,0.10664219912063468,0.12357847996834899,0.10456177424020478,0.1287909852675153,0.12338900912218499
0.09324580458096558,0.11388966698969936,0.09507542638025175,0.110881103909236,0.11072531924259636,0.12609759944771237,0.10681938699295905,0.13111521965679626,0.11215047279978323
