0.11024299913235934,0.1142510439578069,0.09264988736130035,0.10766925345259785,0.12833040368820092,0.1104850778557142,0.1139448678797832,0.1507286876276905,0.07169777904454677
0.22352028355861212,0.054415748386758445,0.09319040387970902,0.1254601157002803,0.06629112014142352,0.08284640311415463,0.1371028593219982,0.12052123361434723,0.09665183228271655
0.1288506432057821,0.07961767001870394,0.09571088660893316,0.10970327334164197,0.1383522598404675,0.11950285643056684,0.11799600963547692,0.15012134145332787,0.060145059465099716
0.0936943051371194,0.07861991464332563,0.0742005281606562,0.10611116985043789,0.12843335368707176,0.1498155109390681,0.11872459149624019,0.1168844668493176,0.13351615923676322
0.17149046649716504,0.06574489503311685,0.08201833720387956,0.11817672968043352,0.07821574971484879,0.11095547295407426,0.13656944274529784,0.12397423379285773,0.1128546723783264
0.09300509594760929,0.11109153712689972,0.09330886819364281,0.10934865487894563,0.14760908978124251,0.11116463303729324,0.11156803754674116,0.11839678751384243,0.10450729597378317
0.23336114039188927,0.07981471499298505,0.29926154306733627,0.13998888699271886,0.016436486045214256,0.0004801269748605577,0.057787936279713036,0.001897001051379848,0.17097216420390282
0.06375962706251039,0.2656610323104494,0.06680512921122651,0.07305914990190854,0.030536880630157023,3.3988749182762384e-05,0.05141494843636784,0.0003618254000248956,0.44836741829817256
0.08527813536896996,0.10666840237347275,0.07292492790590586,0.10458505521331916,0.12711482040729105,0.13915101430390137,0.11822680893407782,0.1141557145691277,0.13189512092393443
0.07210837721264253,0.16318752646892995,0.11909617722083932,0.11058697266173811,0.1124201485972009,0.1104431002549388,0.09991416875672865,0.10755722868713502,0.10468630013984677
0.06846384311853354,0.19095257741581673,0.09222650709278446,0.098976166511223,0.13673502897844556,0.11498642976732877,0.09943338348571058,0.1362634362125129,0.06196262741764441
0.0707593935950601,0.13914448842400826,0.08157858872571004,0.09991143832639171,0.1757721210538271,0.11884322191598141,0.10472134485432948,0.11835885323021884,0.09091054987447304
0.0838602642333524,0.10434880515846867,0.08685756415665669,0.11055978084243123,0.12737013875551983,0.11420014622959344,0.10799744407341953,0.09189531562130622,0.17291054092925193
0.1589586857400653,0.0973154665706198,0.18648048605751377,0.12555331539451223,0.012661411273778808,0.04972553723884354,0.09411240158587657,0.028568535743694713,0.2466241603950953
0.12604228894622446,0.07672583054286845,0.08922321865620049,0.10922069661758828,0.15018609658115314,0.10981341633334922,0.12092280089084977,0.15035277363155752,0.06751287780020869
0.19753680984665115,0.06487360395826632,0.093328750362351,0.1230496977204652,0.06720004701667828,0.09410258090318664,0.13494616069186818,0.13379816436413167,0.09116418513640152
0.15349833423988365,0.07931531760046166,0.09423206157110409,0.11581522919263713,0.10815933866140633,0.09939240289988434,0.12441124924109463,0.14346667880231534,0.08170938779121284
0.056167729213334065,0.19799823663158522,0.14786437611013747,0.10218957071961692,0.1360437946059668,0.09986311904615285,0.08807006924273054,0.11348912326408178,0.05831398116639447
0.099223854829855,0.11832081851439559,0.09246663646067,0.1043231394933513,0.15525277725916195,0.10646932773935831,0.10878446560742072,0.14631016512944384,0.06884881496634333
0.0733855822528655,0.16325638414200286,0.09247927274606466,0.09879643321209441,0.16472252019925784,0.1078719801618153,0.09969020363218704,0.13708635638917102,0.06271126726454138
0.09879369063211657,0.08831226577406955,0.0932950022094043,0.10238719820889038,0.19972326363126103,0.10473910920849973,0.10735673562562459,0.14385275461920113,0.06153998009093273
0.13166822267250014,0.0605592611355839,0.06788004593890831,0.11048671282296592,0.08296551657387541,0.13261241164596335,0.1353854669932298,0.09848403451191019,0.17995832770506295
0.14658947230853905,0.07508874764807795,0.08237838843277091,0.11438271472861906,0.10086635051941095,0.11488280622077592,0.13005792016974393,0.12933151650127941,0.1064220834707828
0.09475964198987412,0.08351740303436793,0.08167756580283729,0.10373179076828139,0.1775118167279759,0.1259953318441719,0.11225337594694651,0.12905634586183548,0.09149672802370956
0.12000486131323629,0.11317804169104723,0.09230378631970983,0.11044184032649464,0.10183774273411077,0.11518520026377048,0.11858374896588768,0.1544295740437509,0.07403520434199219
0.09216054435022537,0.05783231460586041,0.0727174052603488,0.08981774082454724,0.3399301271798579,0.07000253919468587,0.09424647474440362,0.09161762106168249,0.0916752327783882
0.051766327556349016,0.09001438550780332,0.0669786997245704,0.09312927188581221,0.27899572425058966,0.08916679695597197,0.09479002597716162,0.06407716304401977,0.17108160509772208
0.062554232063797,0.2567189804174426,0.07371917287994818,0.07346781350926439,0.06669871452695421,3.654660178291926e-05,0.05467650324175968,0.0004566972315323111,0.41167133952751866
0.12433282017709762,0.08059471202552226,0.07311251341221862,0.1109924096985649,0.08542739472158999,0.13741093251591086,0.13188513906083046,0.11852182234937027,0.13772225603889504
0.1409798182492917,0.05987813840438858,0.09321855266605246,0.11445310306912053,0.0004426161500583568,4.643353205864996e-05,0.09947124180938872,0.00013335727610361116,0.49137673884353744
0.15770303824794782,0.07007842280387118,0.08211171635132009,0.11609580950074361,0.0915079113330574,0.11294837099183652,0.1330298784980433,0.12656059985384535,0.10996425241933482
0.09539239606415506,0.07771645229807238,0.07383864489069632,0.10651112006774006,0.12258500610801974,0.15153308222374692,0.11992461149882855,0.11703416134115956,0.1354645255075814
0.06602211977009441,0.15974796824477402,0.08273382448920173,0.1004237910308758,0.15635426614956915,0.12341210963986764,0.10423725438629024,0.11660092075732283,0.0904677455320042
0.0810656197609161,0.21850336574856,0.055115257621214386,0.08129864803481125,0.010119403278943893,1.0633035039851896e-05,0.07530542078375346,9.464256092661748e-05,0.47848700917583437
0.13791406762271327,0.09675462894333298,0.0930794855422844,0.1139417962826303,0.09469571954744986,0.11041124654126726,0.12318338952057928,0.1517945205643835,0.07822514543535918
0.16080460332636584,0.06416695318448838,0.09733381446103721,0.11553506846551498,0.1311016491688129,0.1120529486168022,0.12233266289433616,0.1087322396455207,0.08794006023712163
0.055461133256964466,0.3357979343193061,0.15245315050492353,0.08374319582386391,0.011026993837783156,0.007946202078405289,0.05759469406866635,0.013242338563616347,0.2827343575464709
0.08912365532758397,0.11592066949200293,0.09896835957119954,0.10456801921185543,0.1452407894920461,0.12341614488278142,0.10843157135487569,0.15361158453310622,0.060719206134548655
0.19527914101750046,0.04778039020547481,0.06896137350099628,0.11289691326488377,0.12766531668629708,0.08001054959930666,0.15115723114250196,0.09866913746001217,0.11757994712302672
0.13132711583598913,0.22263991520061646,0.2935943423410198,0.11373088452958169,0.011673866229268704,0.0091649954151649,0.07385815906163593,0.013676350294605817,0.13033437109211765
0.08620302650936013,0.2702315409741257,0.06031183030133954,0.08509343442590674,0.07196401406341836,0.009697543535904712,0.08446343782840561,0.02024127196252262,0.3117939003990166
0.0645493611040757,0.1649359062509019,0.11791816208907153,0.10123484257833341,0.14999685113208366,0.11544463204295101,0.09505929760873434,0.1334680773063992,0.057392869887449294
0.18883499678746066,0.09818538248306992,0.24735158076050348,0.12652548844735978,0.022382058729675927,0.021674211451401065,0.09147382136976752,0.021514005151628407,0.18205845481913321
0.23018651514246144,0.07377204978340536,0.24550215606094583,0.12645179408223495,0.020298309812287602,0.10152659036975713,0.10453090284354609,0.07142954088391093,0.026302141021450672
0.2230575710253256,0.05407853298437872,0.09357044620055836,0.12531722386778843,0.06984005922305787,0.0814018291568883,0.13652191086458407,0.11971844810001502,0.0964939785774036
0.12799997157858664,0.09921889520541098,0.09330337525794379,0.11153758408625687,0.11416826728560708,0.10811302639450886,0.11930665265049294,0.1504090153568639,0.07594321218432896
0.08297766457075803,0.14453783862117908,0.09217987981643581,0.1008794895653702,0.1599000527851806,0.10849258865146895,0.10347468456300025,0.1426591869855853,0.06489861444102178
0.06063889191791749,0.2787393779033725,0.06802288363857513,0.07323189975153784,0.09301451546210017,0.0001755255456208537,0.06123342100266299,0.0017959174901515977,0.3631475672880615
0.15452569355746126,0.0839836557760112,0.08494382334784399,0.10959728302149274,0.20269629031170786,0.048221311100066555,0.12680718273481875,0.10214823871190594,0.08707652143869171
0.08171826866091857,0.15830566053299036,0.12829063308191627,0.10346840464282402,0.18823490733614123,0.06735575293899938,0.09445678418233307,0.1085350792232278,0.06963450940064923
0.07902005652861133,0.16136561878187575,0.09162241527115227,0.10067412546310055,0.1419791771277549,0.11427905258925335,0.10324973906597863,0.14370643637436267,0.06410337879791055
0.06635732568200801,0.2557519867975721,0.06338115804260427,0.07517980060276802,0.08797895117359851,9.704631659715555e-05,0.0629400852545586,0.0010641532486097877,0.38724949288168364
0.0766984914860921,0.15395394746926877,0.09210790543799248,0.09924795918908176,0.16668200919660114,0.1079778488678883,0.10076988958752592,0.13914553107015112,0.06341641769539834
0.1472064531574008,0.08732160674327849,0.09369406958233395,0.11535051603764486,0.09803713685901949,0.10536561046744948,0.12455165633902182,0.14812398524210277,0.08034896557174832
0.08361119390612504,0.22082662760121233,0.05858874700176996,0.08123075642433776,0.007987500635117361,1.0538317472811066e-05,0.07025656159299196,0.00010041828277172185,0.47738765623820106
0.0704141625894922,0.11693990713150837,0.07332731568104249,0.10199671016464412,0.15682961309208632,0.13171063928262852,0.1112033079633935,0.10356125613640506,0.1340170879587995
0.277549198543148,0.04220771726223769,0.09035323156978613,0.1293835598619588,0.04958903893755046,0.06564446841383424,0.142223202310487,0.09494658685619768,0.10810299624479995
0.0593390834145523,0.27948544417328225,0.2153772916586381,0.07218806110210142,0.008149866847712215,0.00010970051473767734,0.029640589680426332,0.0007087668420892376,0.3350011957664605
0.10116320766629656,0.06255915675119811,0.06734147658257308,0.10635344722275268,0.09741122019123542,0.1564237630098191,0.12439908701224385,0.10061068057462576,0.1837379609892554
0.2477333975117005,0.021864651466080947,0.36897717629009885,0.16344488212282823,3.606912785692353e-05,0.0007552332127951756,0.05165960053000227,0.0008303115068944699,0.14469867823174265
0.13869256455202547,0.08960315444313464,0.0937882950245761,0.11339463352487195,0.11264257898012738,0.10423683941113347,0.12152425742266319,0.14772169009875646,0.0783959865427113
0.05668491556581126,0.2923237085740677,0.13946486259091906,0.07238371801989125,0.011748350325800282,0.00046478831388236785,0.040353128213214955,0.001841311270176408,0.38473521712623676
0.40016864411403025,0.037284474249956776,0.14963637875995475,0.17485560471418585,0.00472027918182836,0.03206257233741712,0.12433846849868906,0.03822674539343177,0.03870683275050602
0.13954841610899463,0.06788633666369064,0.08657056815902085,0.11022104768780616,0.15566536548579288,0.10192288296943071,0.12379622466608947,0.14438662425853757,0.07000253400063712
0.07189134261159422,0.13601765668959717,0.10994926022968078,0.10078719482362186,0.17417906636216804,0.11301096929672584,0.09764571103593173,0.13880541558143575,0.05771338336924466
0.05139833265371397,0.057820306372659926,0.06425781311993874,0.1032387387510067,0.083457558897937,0.08829232398546571,0.10593272938460051,0.03890393315719084,0.4066982636774867
0.16907543704293337,0.07767159252155365,0.09352362556523536,0.1192299436207603,0.07842365451615467,0.10265869197739458,0.13013641569855658,0.1441559422674994,0.08512469678991219
0.09146229242530383,0.0680919651372677,0.06565433604172605,0.10338508210033626,0.1439670743087697,0.1275262201684448,0.12057267350386137,0.0904800093502716,0.18886034696401863
0.08421530193662019,0.11992085159696265,0.08036534107615212,0.102347974897685,0.15830650558257453,0.12365046208587356,0.1105824844371896,0.1270218103281393,0.09358926805880301
0.08609305821162512,0.13391799235385368,0.08079942452223259,0.10413463247604954,0.12223805903729908,0.133183953908218,0.11372840080458359,0.13317191760350042,0.09273256108263798
0.063151566877951,0.25990869704670994,0.05998668120305802,0.071719352476054,0.04207658046739279,0.0003120509303451689,0.05021403837667921,0.0014434917925341979,0.45118754082927565
0.1754670203668397,0.05739130913193369,0.08181085121359484,0.11706913641751154,0.10510621883735201,0.09909644575790966,0.13371602612320632,0.11472655313374343,0.11561643901790876
0.0949506896078622,0.08777854029480407,0.08290180336632791,0.10494174129390214,0.16022905920952768,0.13164658480237612,0.11390578855903231,0.13322550822758739,0.09042028463858026
0.1203749605924989,0.04591876675302733,0.06292166290657551,0.1048198284115867,0.09737282076572436,0.11690736233489014,0.12456254070172301,0.06659907232119243,0.26052298521278155
0.13032052149427972,0.09771626387753375,0.09357295071903136,0.11207292796287009,0.11293238197542776,0.10709192527815252,0.11993421316373852,0.14990954384915667,0.0764492716798096
0.11086380491463964,0.2802295384217299,0.17767469325723775,0.09974805449230222,0.08052567170087066,0.007615318938268347,0.08619494949982927,0.025481622473094143,0.13166634630202814
0.13319899885530764,0.09951949559478945,0.09304395957167755,0.11297458899964237,0.09949875134970022,0.11074077565330676,0.12177198761092074,0.15210053936678206,0.07715090299787315
0.14165856069744145,0.06340929782225711,0.07266389445770792,0.10785117594635424,0.17651860536319244,0.08726049410923929,0.13045885209878652,0.1071831742700952,0.11299594523492584
0.13955551325842852,0.06425847190439297,0.06930852341994563,0.10485589999226663,0.2018946701876585,0.06951325101551932,0.12776672862727959,0.09070751992301489,0.13213942167149387
0.13234884998418436,0.06560400149937451,0.07731026556282372,0.11020517350310656,0.12954819726136005,0.1256675609161638,0.12900338396642883,0.13204576920636327,0.09826679810019491
0.11108362183614313,0.10345183798847572,0.08136755651943757,0.1088747512287754,0.11112745006081264,0.1276464275012239,0.12196632148111584,0.1357566994422308,0.09872533394178497
0.07682185857532879,0.23813062108674155,0.1274182063201711,0.10892011270768305,0.08418964091051372,0.061242001794952004,0.09365810466003399,0.07752294874765087,0.13209650519692498
0.17113146022199757,0.07117324210674099,0.09437230761933396,0.1187052017246681,0.09659563748133075,0.09546990476426066,0.12813522567097949,0.13883061069605698,0.0855864097146315
0.07922996802945824,0.21214299368392162,0.05130486170238777,0.0785437412739333,0.009511699036558918,1.2479417892080649e-05,0.07555660595291498,9.394943504781478e-05,0.4936037014678853
0.14383481172715448,0.057268092808416056,0.09405644512968699,0.11511588124324723,0.0004385180098568675,4.639036486299143e-05,0.09950290979392408,0.0001344055757718563,0.4896025453470794
0.10829033551056627,0.11128498077190474,0.09278818680876359,0.10671773436537856,0.1418486655135076,0.10725168776150736,0.11229497595465276,0.14837972854952336,0.07114370476419574
0.07724005572705438,0.19602239230235782,0.16812219911118398,0.10635748542023044,0.13048506376205576,0.04809127901680003,0.08652874801218939,0.06098618074502656,0.1261665959031016
0.22438215333060277,0.055971170409353184,0.09252586706939497,0.12594699109090393,0.05728629964018247,0.08590795928182561,0.1386823109734756,0.1225542925630913,0.09674295564117019
0.0800502616334383,0.11845274378195682,0.10294622261859611,0.10142107396851856,0.17926352876362353,0.11356428415104536,0.10152924845540819,0.14402921506875005,0.05874342155866305
0.061274968269305626,0.17571356079115322,0.17474351804661448,0.0982566560782563,0.12999777985101485,0.12475365769662161,0.08543944776002427,0.10685229733623025,0.04296811417077937
0.08093040712424614,0.15283767792271294,0.0918172301493645,0.10075678919240598,0.15051377003713054,0.11180424843091556,0.1033896305980948,0.14344245139678838,0.06450779514834118
0.10279831642396048,0.09302828820385034,0.0939495566245873,0.10546270062539498,0.16377786362472688,0.11438443382248414,0.11225854028725686,0.15139023726874914,0.06295006311898982
0.06294570869227613,0.11011153048887963,0.0963692727585096,0.09786443389191707,0.24039584859628257,0.1058524458141618,0.09237735022664957,0.10389752370934735,0.09018588582197634
0.10963208669286743,0.11606778850841543,0.09254978443856221,0.10763930610267829,0.1259259850015411,0.11141127987745492,0.11398808516057583,0.1512263704443515,0.07155931377355335
0.10685883280894005,0.07722626966104583,0.0797945569335466,0.106219039021321,0.1563685099202524,0.12864207534878225,0.11864477283257875,0.1321015916181318,0.09414435185540138
0.07285303271778036,0.25723348363776516,0.06333956445921866,0.07806145906257196,0.10146243936969039,0.00025073863791267513,0.07017838748349597,0.00238587412300353,0.35423502050856115
0.10733225037439877,0.1701285295883137,0.30993685245143016,0.12132401122845919,0.005907877547563456,0.038734680491824554,0.08031239098886621,0.02181875996180423,0.14450464736733973
0.18451827588990863,0.07243231037735748,0.09292560039975112,0.12161970324134223,0.06472416298864467,0.1009552767132464,0.13387006685989056,0.1406208143743888,0.08833378915547019
0.09912244159816014,0.06613477104640472,0.06645418171652313,0.10414977932638159,0.14555414657604562,0.1251776965087419,0.12203257288056928,0.09382295977590649,0.17755145057126723
0.13013492065330626,0.05000904536640022,0.0649133292279208,0.10802677040347648,0.08526887402882705,0.1473143309663193,0.13467770715962296,0.09752217144222171,0.1821328507519052
0.11007613219971175,0.11782009005924966,0.09241085262060435,0.10792096930258094,0.12044314795267007,0.1129094046528331,0.11455109780775206,0.15219114862632754,0.07167715677827051
0.39956895798072717,0.048505626655764966,0.14925708662990325,0.18583988930545658,0.002044614454051335,0.025044238452056347,0.12238295759213963,0.02478300334138303,0.04257362558851758
0.10068463648055354,0.08833019614903274,0.082548751427633,0.10706930874735421,0.1343138023824625,0.13889868572213515,0.11848263259898097,0.1381917852368272,0.09148020125502067
0.04050521858211472,0.3639687564925714,0.24394468127788482,0.07792813066827776,0.011348350189696708,0.003462558750787158,0.04490905448406971,0.008396451730214742,0.20553679782438286
0.1596910275523474,0.08117951614766701,0.09372527176136243,0.11760331890000077,0.0876542822825208,0.10350315586701649,0.12769674623523847,0.1458364414446999,0.08311023980914663
0.11391093390215061,0.21570077621561237,0.07625826122186706,0.0960588959861595,0.18485349596163278,0.018044258884910288,0.10561304533399675,0.06086499499507925,0.12869533749859136
0.12674005581948974,0.0766859661237528,0.08920645645423146,0.10945554466129925,0.1479809344386399,0.11022694750863926,0.12135107717073529,0.1506778871607377,0.06767513066247459
0.21353134975920954,0.056962328331853884,0.09360784845024146,0.12436120749567636,0.07176970245974675,0.08527051548058313,0.13556480026637283,0.12435790474841642,0.09457434300789962
0.04316962591379366,0.3256607101243772,0.11379757648881877,0.07670192785633033,0.004790333125969482,0.005777266288965491,0.048026567586593925,0.008631012182980437,0.3734449804321707
0.06902955812192135,0.14371254737205788,0.1124885606755755,0.10060827269966043,0.1708063888072767,0.11293626075989922,0.09635151821026093,0.1366258368715608,0.05744105648178718
0.30932511871524987,0.01736067259344767,0.1624257998967312,0.17270115808086972,0.00012937950401797462,0.013882645135802727,0.08836615866379414,0.0027644583556498477,0.23304460905443683
0.086047162736966,0.12996237722521495,0.08085589847036771,0.10386413404384677,0.13072458508022386,0.13056955760683864,0.11314705648512385,0.13183878597689971,0.09299044237451844
