0.10451281514195038,0.256018582786443,0.08347299417700176,0.08775229415093926,0.08928154853809578,0.128411405188732,0.05837077623613838,0.0901003121610711,0.10207927161962838
0.15247539797819895,0.03056236238599257,0.12127917689704766,0.10277290117975164,0.13560413384204983,0.10020429235871035,0.06443965038566833,0.2223125793741714,0.07034950559840922
0.08602129606723492,0.11502611455701521,0.09442664472725526,0.18966665635400518,0.14337888776424754,0.06039981252625379,0.058760466783279154,0.11309229402053012,0.13922782720017887
0.09689960323579072,0.06362135420474059,0.1083654925937994,0.09804233165153294,0.11770938219507016,0.11120330372655213,0.15646148222167564,0.12798089840256396,0.11971615176827448
0.13623045617757595,0.30454107271909997,0.08670316736965313,0.08541690378395239,0.08241500472002818,0.12210123791761768,0.036750559748089266,0.08185613831370286,0.06398545925028055
0.09872169236402432,0.07342602718985515,0.10307976015382976,0.09823028866766927,0.11950713094287907,0.1107584493426355,0.1459302464881466,0.12347474388197245,0.12687166096898783
0.10411158917306522,0.1626862610233917,0.1263072167321714,0.11019472329851371,0.09196800796965977,0.0918103712046467,0.14879523151020094,0.09466395637634493,0.06946264271200567
0.10276159722764001,0.16352309625819964,0.08625526209144417,0.09436449710272772,0.10996123262904305,0.10549113821141114,0.09786084072113548,0.10378932231473333,0.13599301344366546
0.10537562790485289,0.17221661191026286,0.08333335091348203,0.09395166632193376,0.11087872270598387,0.10527543706048041,0.08706570338020773,0.10310729658008273,0.13879558322271382
0.2013633282958799,0.04661442791757475,0.2591626350060548,0.10524726275238117,0.08762752269729446,0.15931794889539827,0.06371795070656237,0.03501110655528466,0.0419378171735696
0.0974671753388479,0.08924608878421825,0.10489488576908275,0.09767569153142162,0.1088608061980794,0.13373755783735938,0.12334294108873527,0.12667980070054763,0.11809505275170784
0.09712742571936257,0.06699313092846838,0.10726469736258887,0.09799976626443559,0.11787089722274456,0.1094175112978598,0.15675216472143066,0.1257184463371376,0.1208559601459719
0.09997373360416069,0.07234032143434235,0.10245905853981963,0.09861860078474799,0.12094558270295615,0.11495730756104727,0.1360432736885726,0.1258166602611417,0.1288454614232116
0.08421539572603243,0.07317899768656903,0.12483520183615193,0.11582010478291734,0.10924218383247468,0.0771855392991438,0.20699965474834978,0.10047777835378346,0.10804514373457753
0.10074054382245602,0.09418766672274216,0.09657523814242197,0.09751868911103738,0.1199221647193499,0.1014205370915401,0.14374040546216374,0.114096644411581,0.13179811051670773
0.19016322207622902,0.3114109668077349,0.08622021103274928,0.08397359619419975,0.08274222064531826,0.09951152266042403,0.025389787874410208,0.07855195867784454,0.0420365140310899
0.10930411826663362,0.13318776271857263,0.08594816255932798,0.09644481613511484,0.12316004580364386,0.09319058298757382,0.11423303539929787,0.10584046669236392,0.13869100943747148
0.10176837521780964,0.09398794803635041,0.09609346523599786,0.0978701050847496,0.1210587637738123,0.10328434016870562,0.13703059668020745,0.11529750203306248,0.1336089037693046
0.10204496666742396,0.08986800499050991,0.09675682626081966,0.09823642704643192,0.12178800579590181,0.10654142840909553,0.13278513785201085,0.11768518210800154,0.13429402086980483
0.23811362070261458,0.16538660116230455,0.014885780969326958,0.0801917528980261,0.09402033528547031,0.3254155170773734,0.0013751943423960672,0.03818196175169368,0.04242923581079447
0.10995420501495067,0.13208030412949034,0.08584702113001337,0.09668482832068777,0.12390141490129336,0.09410509191007732,0.11085264603848871,0.10669575783898189,0.1398787307160166
0.2009948419888639,0.07717607360835442,0.25158161100102167,0.12292442299145577,0.09851181915659334,0.10091695582037026,0.047435089030248644,0.031436082110407666,0.06902310429268442
0.11261867156620775,0.14192465898211912,0.08327191313480475,0.09623637940026862,0.12459395647047826,0.09253035110509673,0.10278542863974995,0.10508288469549493,0.14095575600577992
0.11199525893403234,0.09522227177983293,0.11455219206012489,0.12612203052272566,0.11735637575709455,0.07967277464802087,0.1582024333348501,0.1316977626990801,0.06517890026423857
0.1008742365792204,0.14999179048627334,0.10654293768058669,0.1251164623310971,0.12340747808519624,0.07629174243631541,0.10678465645817503,0.07246074951143099,0.13852994643170483
0.18578989483844113,0.05735322294341439,0.2522278955915767,0.114977228228195,0.11624663392436618,0.0867719070873288,0.0741269145725771,0.057920774693231876,0.0545855281208687
0.1440269713194485,0.03194042656787666,0.11833321290208,0.10243535227742302,0.1356866295764668,0.108036097999534,0.06591930425945264,0.2162837999443847,0.07733820515333369
0.09675970484901442,0.15214889802228382,0.09828810490911001,0.09455422322647546,0.09901736360804414,0.13377592802402558,0.10268164391004571,0.11028926715826315,0.11248486629273774
0.11570352332701998,0.16690321935179442,0.07841432865258029,0.09421043132359495,0.12268932638208507,0.08750934876905113,0.09809622001022363,0.09892701841798564,0.13754658376566486
0.1088378770517323,0.10190870385874477,0.09070469414292914,0.09865171883077113,0.12691574332756847,0.10926083989438984,0.10237639983977542,0.11791135796667111,0.14343266508741775
0.0978122433336555,0.05349578637084451,0.11451476887834226,0.0985493311797793,0.11814355106344542,0.11423987847752139,0.15298233707716166,0.13802371406113817,0.11223838955811187
0.10949537874877628,0.1209206209455425,0.08810517834661626,0.09758911368721539,0.125147915973463,0.09820295450947429,0.10921626978435235,0.11052455222704984,0.14079801577751017
0.14064925834811848,0.24455230344767653,0.17446811850052457,0.0819934547938041,0.05663132672770917,0.1730033726521283,0.04823201898565671,0.03213602424741918,0.04833412229696291
0.11414954011557436,0.14631264438173233,0.08199346767454126,0.09604045614301966,0.12508761777664842,0.09205398065436433,0.09810347959070713,0.10455027339388857,0.14170854026952387
0.12659024900370777,0.048626966223168255,0.11960932394788996,0.1046895722669589,0.11986048875032833,0.12291939941295427,0.08805056885432593,0.1883433765854627,0.08131005495520391
0.10927632254264587,0.041254826098537055,0.12450138539075462,0.10123406732076572,0.12476002740946152,0.11600865447504556,0.1179631309246972,0.16798546326423106,0.09701612257386132
0.10699255870304353,0.11032747481679943,0.09046229544744683,0.09792794081059236,0.12430370122066996,0.10127911164720375,0.11577460625900675,0.11275958015044109,0.1401727309447963
0.09773997465650819,0.07461386201217247,0.10387289645455626,0.09783516386205755,0.11825721941990923,0.10683273160020407,0.154985272961743,0.12137508606839686,0.12448779296445235
0.11060942146198212,0.2094891840587789,0.07617379469962107,0.09169075504137657,0.10991153650715561,0.09234761901837678,0.07590280316066055,0.0958500366806863,0.1380248493713622
0.09608350955972761,0.043370066299513184,0.12620397200797492,0.11735434198498924,0.12986037682694318,0.08101613827543669,0.1859132001108995,0.12469667321157746,0.09550172172293829
0.10421040862691733,0.23446110473211443,0.0791408258135315,0.08955821469750726,0.09791522468678704,0.1083840358706744,0.06808590606775629,0.09281089949212663,0.12543338001258506
0.0884093884609506,0.05953110802088422,0.12526156157094245,0.11501207235057398,0.11777231222712527,0.08064995327558544,0.2033387319238301,0.09414309622782606,0.11588177594228179
0.09802500279254527,0.07693674381090719,0.10869624420871031,0.09832313973014416,0.10940274436531151,0.13520013816088425,0.12693330221098884,0.13363311448761506,0.11284957023289337
0.10737863839053376,0.12081738721681363,0.08918149049822481,0.0971753640917405,0.12324436859084209,0.09609491168978773,0.11955088631232598,0.10894739720451672,0.13760955600521474
0.13069172087642522,0.04595212868831807,0.12332782414357364,0.10569655683539209,0.12068977671756036,0.11213625411776106,0.09146660215584516,0.19369033171298403,0.07634880475214036
0.10156454377636621,0.08651671794845332,0.11006678044022372,0.09912760379012953,0.10648344971040025,0.14374715146354275,0.1111873789626124,0.13718856803851376,0.1041178058697581
0.08300314291291216,0.07183595676590714,0.12309309788839452,0.12152711438351073,0.11991737214086083,0.07439277859815331,0.19255347138020582,0.0887773116540921,0.12489975427596345
0.10021771275411166,0.062220057783716164,0.10538924085533967,0.09887006655684139,0.12140309593034554,0.12365702844258697,0.128772152168433,0.133891838448301,0.12557880706032468
0.09485385619510737,0.04138168362837232,0.1241350249037747,0.11403312183411009,0.1264770748288184,0.08087308536994918,0.1994296321233041,0.12793832867231328,0.09087819244425051
0.0870513940137886,0.15650578057689266,0.10965458722647425,0.14541436149966222,0.13454633948370032,0.0714807322934234,0.0681380441554821,0.07503868764415819,0.15217007310641828
0.10113848281652006,0.09799831302783703,0.09605541760506704,0.09734068627237613,0.1198870391516516,0.09949661173008777,0.1441059741263276,0.11272495056803916,0.13125252470209367
0.09561870327337091,0.09745691564968605,0.10309127839830122,0.09688505763572453,0.10775903815024719,0.12462326906619688,0.13412114935549183,0.12010806028350611,0.1203365281874753
0.09676275585368006,0.08723598895337141,0.10788802952391928,0.09780647544012272,0.10720530923537486,0.13136305358341338,0.13101912122055595,0.1278309873605178,0.1128882788290445
0.11918548921778806,0.049153156614086056,0.12326573309590731,0.1040713571194139,0.1177459148574939,0.11884183069019032,0.10466992424083305,0.17954773021745404,0.08351886394683346
0.15835258074552347,0.0823196603956835,0.11646378407676093,0.10930771813364049,0.10993023955888474,0.10775688405392049,0.07517669473735598,0.18200755790043957,0.05868488039779087
0.10265753817378605,0.16364575850199936,0.08632521682958472,0.09434211748597594,0.10972932332355573,0.10625398216854298,0.09726606978414666,0.10389675037205627,0.13588324336035223
0.09748321529235197,0.1377415266451085,0.10153532761025624,0.09563982237008477,0.09966890000403224,0.13879188952378443,0.1046950705659967,0.11555901463576616,0.108885233352619
0.1061043544904695,0.057295420264112946,0.12011117390459676,0.10131422870175412,0.11234599833674819,0.12630686088911694,0.1251162721123284,0.1575442901310248,0.0938614011698483
0.12471041251540989,0.1817705609883741,0.07296621759783281,0.09331626509813373,0.12575513975103983,0.08747820561805557,0.07412986747898415,0.09850510238446403,0.14136822856770595
0.1930858617158238,0.2238356398495922,0.17182147094575193,0.04071554183092387,0.0660401901188536,0.2479533908053092,0.0018909525027156124,0.032424800429128015,0.022232151801901762
0.09558374922067077,0.1450160298039315,0.10120100304408146,0.09494963798243183,0.09886482064448138,0.12885204338994147,0.11430671608143805,0.11104988131175071,0.1101761185212728
0.10213852595305707,0.04722237056474706,0.11794082681224453,0.0996916973438906,0.12135809989784625,0.12015827196449869,0.1326759907527153,0.1511786030264541,0.1076356136845464
0.09682202570111292,0.07527057612816244,0.10364711349485363,0.09743338005031306,0.11718249546726667,0.1049746120819177,0.1610909083498895,0.11975666073734843,0.12382222798913566
0.12288786257162983,0.18564411997200034,0.07303316029251532,0.09292186575440521,0.12390860588455921,0.08636613503641637,0.07956673751085112,0.09665822581767358,0.13901328715994907
0.1242331982230353,0.23717051025544747,0.09852831338759034,0.09229483188429027,0.08818591447039242,0.1336162786147054,0.054140567652134375,0.10470543094153872,0.0671249545708657
0.09352139031257263,0.08845378126124541,0.11709342876797872,0.11669130568292367,0.11645689061784499,0.08121033973040807,0.1781477755131555,0.08148365847013939,0.12694142964373162
0.11441297592525011,0.08371087652913395,0.11604913140175373,0.10297486255046741,0.10656606789425142,0.13747305508549784,0.10016816560516918,0.15404651278768125,0.0845983522207951
0.12963855658573217,0.04757822462288087,0.12007918291912033,0.10516512729411631,0.12058319690742463,0.11959663096703732,0.08625470623481248,0.19203321892608782,0.07907115554278808
0.09811171742252478,0.12760962069871476,0.10392765054788755,0.09645709942779568,0.10028060080239425,0.14057156479212174,0.10719244455579251,0.11949017655873952,0.1063591251940292
0.1172212292283535,0.07824701756266354,0.19157881111640784,0.1208576714866791,0.10501003746794163,0.0919775213914375,0.13438980826390456,0.06484384517128748,0.09587405831132483
0.09919405159536297,0.07284700285609517,0.10292118525267664,0.09839773073491027,0.12006791045898,0.112417386276845,0.1420996802626409,0.12447677881304715,0.12757827374944194
0.09731401968326574,0.06076382914037737,0.10961437363862274,0.09827191931712122,0.11815193656017782,0.11334256514143089,0.15308699604678044,0.130887246349461,0.11856711412276277
0.09872689678348325,0.07964076340587678,0.10693190837270278,0.0982437340384802,0.10956240496940954,0.13967252054217413,0.11916883663221517,0.13344246438271778,0.1146104708729403
0.1615831559282121,0.25499964366431377,0.20946446896342072,0.07192390053384529,0.051651755308360685,0.1768021684545521,0.029918249221433862,0.024419935102443474,0.019236722823418113
0.28989220467157334,0.19472505317451297,0.03970422238324741,0.08872257406836907,0.09140821569969533,0.11999332522389929,0.026986537494739598,0.13231061149475537,0.016257255789207576
0.11419663888835933,0.15030409927331093,0.08142009138350016,0.09567447002895484,0.1244649268041154,0.09087104353877307,0.09913961723870697,0.10328359316074377,0.14064551968353559
0.10148888422637575,0.09371742837247138,0.09629756866761925,0.0978041196043689,0.12078889983142564,0.10296887742614003,0.13866104476122,0.11513447593129784,0.13313870117908122
0.10181374843842968,0.12283323126286849,0.09109331271768593,0.09584012706395356,0.11127152234212383,0.1346540089183822,0.090884565889432,0.11617086833612389,0.13543861503100035
0.09797575183702284,0.07872537744157232,0.10826731993181134,0.09825223013277253,0.10906486259464428,0.13576004999807217,0.12595531292691595,0.13288653876029305,0.11311255637689555
0.1058061730585238,0.20173026830182952,0.09704828556283007,0.09262376280446571,0.0920750815476828,0.14487220406716336,0.06967397244787797,0.10686389087755988,0.08930636133206683
0.09715931402328576,0.15367319766055473,0.0976392013977978,0.09446300276549667,0.09908860219748251,0.13520731416539333,0.09962252581299919,0.11026938275952952,0.11287745921746055
0.10156340917831264,0.0811691671707682,0.09965432926712814,0.09864871155601364,0.12203459551176342,0.11112306339855482,0.13181755120292374,0.12203683463489405,0.13195233807964143
0.09895830514193309,0.06393246014719461,0.10656000918791751,0.09865495290020176,0.12005597841433396,0.11733247061622205,0.14028822080399353,0.13072266893333462,0.12349493385486882
0.10846582987306531,0.04205651752713549,0.12326258372761197,0.1010451752232905,0.1246520154250702,0.117969560270713,0.11763761157503345,0.16596590603100203,0.09894480034707803
0.09861570702058688,0.08292979772799226,0.10109240590917244,0.09761554809402888,0.1186108728699269,0.10345183022786784,0.15339344257409163,0.11751091204585755,0.12677948353047566
0.10542204777593461,0.06474840225293407,0.11125443040112504,0.09993552982652844,0.11277428061889078,0.1469467987709305,0.10285086499268065,0.15179026965080847,0.10427737571016753
0.11773788898577554,0.3179135951908152,0.0671937140910721,0.08321071529324497,0.08787098522503116,0.097334218051088,0.041672385125068656,0.07685040678499815,0.11021609125290627
0.10347539904612557,0.10075891130314123,0.09390086001344622,0.09784528191559315,0.12206413672866445,0.10192354776741756,0.13032739284598488,0.11380708827800456,0.13589738210162236
0.11422512588961449,0.11704285107452028,0.1847885256779531,0.14521989130929636,0.12223642569145919,0.07228306276538925,0.07544865252400658,0.05186102937118648,0.1168944356965743
0.1303819699561669,0.14145068305463093,0.10879360595448145,0.10171618152684282,0.09977084262690412,0.13677366181565356,0.07054433942817302,0.1412313429470975,0.06933737269004969
0.12286352118204687,0.04979931554401799,0.12135896288593116,0.10452838949389942,0.11834774043809893,0.12149890035701648,0.09594872711576612,0.18339226868515646,0.08226217429806663
0.10340522717007654,0.10601197320996641,0.10928591714495696,0.09901298655969155,0.10251121067356526,0.1461137431151521,0.10307677899143637,0.13325671006209136,0.09732545307306346
0.10699574603916691,0.10915555874663145,0.09062645023754766,0.09801254998631405,0.12445542935681836,0.10196850301880268,0.1151468247262915,0.11325414176030142,0.14038479612812593
0.08771018586696712,0.10953417508733303,0.12323822717575983,0.12217624141664396,0.11069839081158006,0.08501902162690474,0.14248828149548262,0.08603239125385344,0.13310308526547518
0.10883811754704466,0.04160098899168862,0.12243326962009242,0.10101615277555037,0.12483083861231559,0.1193475842603533,0.11537940993776004,0.16735413010339936,0.09919950815179558
0.1434553685074211,0.06027031127243008,0.2650319500649647,0.13097802168342812,0.1297395681129473,0.07915298824782216,0.06231652375470201,0.04864709918148683,0.08040816917479765
0.1018311080249296,0.15482994446282516,0.08843364850174705,0.0946059121250749,0.10838172937643625,0.11895105197948419,0.0914326556304933,0.10760589560314059,0.1339280542958689
0.10124858508814454,0.0748160554638418,0.100648164346341,0.09878815804861431,0.1221586277276983,0.11660921179388957,0.12830395176257056,0.125681616790784,0.131745628978116
0.09659348734727242,0.0835478237391463,0.10714912350136763,0.09776426320428049,0.10836105633622799,0.13100997118840133,0.13226437131677182,0.1281865088061921,0.11512339456034003
0.11088836060426256,0.13298512807201937,0.08568578686786095,0.09679837484134274,0.12458575821699475,0.0942916348741053,0.10763550476369403,0.10708316784067251,0.14004628391904775
0.20118764558934984,0.18049071905230518,0.1929566543469532,0.05129728655967888,0.08180241838919473,0.23390189853919405,0.0021354156528464187,0.03438844639284127,0.021839515477636472
0.09791691507946025,0.06972951490829772,0.11288082968286932,0.09869835678091965,0.10884166541876517,0.13006394285586012,0.13745585190890167,0.13777872763278473,0.10663419573214135
0.11638046959853311,0.2618120540092998,0.06826279601991019,0.08776336110598225,0.10323132043665628,0.08561168793586414,0.05817270388282433,0.08714700941649856,0.13161859759443142
0.10287996531516079,0.09633862211614475,0.09502766716106702,0.09801558539197595,0.12196550028635615,0.10369745345435429,0.1314314183384268,0.11529598198606368,0.13534780595045057
0.09088090249912789,0.054087673930651246,0.12827370644217803,0.1173572013593579,0.12304689740185863,0.0810456562877055,0.18989655863741448,0.10131185660749953,0.11409954683420688
0.0864442299719043,0.11808645954325463,0.12507062234775257,0.12169415904158713,0.10756917983571218,0.08249454031389329,0.14782319003214944,0.08067011863633299,0.1301475002774135
0.10305613430667178,0.23479546875535184,0.08854409673591161,0.08943447479364881,0.09037355440116783,0.134503188969522,0.06450675462526788,0.09538096666112099,0.09940536075133731
0.09368787666245089,0.08030836297539036,0.12280639535031168,0.11899027043867706,0.11842083510534784,0.08169510758861065,0.17429349685063686,0.08275263540669968,0.127045019621875
0.19042495197860845,0.24357782755020832,0.03217302233923239,0.03531412310859242,0.0754885693830888,0.3402838345049008,0.002712567385649197,0.04102407004864404,0.03900103370107549
0.09915628043569713,0.07772613567378107,0.10147782837327514,0.09813889697218199,0.11971833866494885,0.10888779036536202,0.14511949610415173,0.12127010140324952,0.12850513200735256
0.09864280760583573,0.09922328975929345,0.1173180030958297,0.11945555098822554,0.11839076357821747,0.0812878508481974,0.157340950888991,0.07785654056905024,0.13048424266635952
0.10649093262481223,0.11851480998981,0.08991705879873226,0.0971612535350994,0.12272655897553081,0.09622056214053133,0.1230672694804384,0.10910307202216006,0.13679848243288542
0.10294434375380135,0.06642584790389805,0.11104973525983473,0.09954394968083674,0.11182603737112129,0.1438953237559796,0.11060969866128934,0.14719720098755737,0.10650786262568153
0.09870348155370023,0.056930010923596175,0.1116778010114499,0.09879197438742993,0.1194602515658284,0.11693286994289886,0.1446889741045245,0.13621245781039978,0.1166021787001722
0.19042495197860845,0.24357782755020832,0.03217302233923239,0.03531412310859242,0.0754885693830888,0.3402838345049008,0.002712567385649197,0.04102407004864404,0.03900103370107549
0.09894854216862041,0.07979571241131478,0.10154194108659338,0.09795420430791706,0.11928343936501763,0.10636951748554381,0.14884421334806192,0.11974104326927067,0.12752138655766035
0.09668537600502979,0.11553344935987771,0.09792791394158995,0.09620053355112623,0.10819670582493501,0.11999705059363508,0.12513846842716933,0.11405084163916664,0.12626966065747028
0.09959766067042193,0.08391156310093752,0.10007032102213341,0.09790524640134383,0.1196655890870188,0.10508302093417636,0.14661516088334514,0.11815897018613448,0.12899246771448844
0.13160412296546478,0.20097980145447145,0.06739200076417608,0.09112107441370977,0.1251759006750512,0.08589952467707036,0.062180798569634786,0.09484910031130188,0.14079767616911973
0.10015161319420929,0.07057331658814849,0.10286517500897983,0.09871866959763641,0.1212109147486915,0.116809396755501,0.13376654661123735,0.12728173315581107,0.12862263433978502
0.19661914377593467,0.09221511200533529,0.2594638052678886,0.11017956801102236,0.08733150950558766,0.1645324343122533,0.013836991503899151,0.025431567927274166,0.05038986769080476
0.10122738096150952,0.09612695212181442,0.0959278616474446,0.09752720964700923,0.12023423164277723,0.10110219311879536,0.14165816873046116,0.11368605715776946,0.132509944972419
0.10145162088124067,0.09641093226303371,0.09632163964162553,0.09758581989149219,0.12040943394239827,0.10077265913088351,0.1414566039868095,0.11380563368682177,0.13178565657569485
0.10221543784631038,0.07806218522433497,0.09901285682481058,0.09883693528217186,0.12294487326885072,0.11646966318913428,0.12374632887413528,0.12466324165577954,0.13404847783447246
0.13179440345372856,0.20535321121521333,0.06681623323536949,0.09073552582984223,0.12435096530748767,0.0853918101795464,0.06254595274972627,0.09367433777410927,0.13933756025497682
0.10250847819865394,0.06647517240380325,0.10163514710671272,0.09902102719535046,0.12361651999889534,0.12788585075520684,0.1145589852747745,0.13319357198463058,0.1311052470819724
0.11694430637125545,0.07960739228177952,0.11857189514834908,0.1039869958101544,0.10716986430087316,0.13047268960923747,0.10388545560371736,0.15826016024313708,0.0811012406314966
0.11324974787217401,0.13633560506839135,0.0837255344514854,0.09680099341721544,0.1259634140936662,0.09499272415241822,0.09831528032998371,0.10735677246472082,0.14325992814994482
0.10094947864018304,0.06778393382482738,0.10374903059238079,0.09898695470513726,0.12209425716724263,0.12026970252994935,0.1279004040681002,0.13032038289867834,0.127945855573501
0.0964914294302085,0.054091415426004895,0.1149639412887053,0.09807794970541524,0.11668547081499214,0.11054366989590551,0.162894131331661,0.13529235413580845,0.11095963797129893
0.11429758805025982,0.07748766468888817,0.23391270881230716,0.140639098022058,0.12709458482917982,0.07225030503788897,0.08203997785240551,0.051901730038564686,0.10037634266844782
0.10621887602386591,0.11536795281502021,0.11378650758820859,0.12114321214796402,0.12046477052890181,0.08144826629563826,0.13227370792562726,0.07499967722795149,0.13429702944682245
0.14443144550884732,0.03192686083879324,0.12342051070476352,0.10321455359562871,0.13473255241391766,0.10263345514623014,0.0700331645600617,0.21533697325025383,0.07427048398150378
0.09215008649990848,0.04501668958877453,0.1230272038562291,0.12279277349479566,0.1389404258901321,0.07751626823275576,0.17000758503974958,0.13065147547489894,0.09989749192275582
0.11207139937530523,0.08786740765905003,0.16136965110593773,0.11742735951313026,0.10144618092318514,0.10759342311237156,0.14127303403440616,0.0797762675944753,0.0911752766821386
0.0845354261201175,0.0749411714712508,0.1753768655256798,0.1606429609134922,0.15120117956681556,0.06602929711050975,0.09459846158559933,0.07526144756563885,0.11741319014089618
0.09616145755389467,0.10063865910509735,0.10176162732855804,0.09684567801597777,0.10811662062696005,0.12572957585151656,0.12914263492334088,0.1194581422039052,0.12214560439074944
0.09666903167821593,0.10267728693123035,0.10136602423669705,0.09689181440774147,0.1084862913427091,0.12564058222161528,0.12634318200316577,0.11920447310660665,0.1227213140720184
0.11371021552060452,0.3006252605032311,0.07166518799147148,0.08400114501517057,0.08782255053706733,0.11225552461030781,0.04319090181126014,0.08078876547223797,0.10594044853864905
0.10319868650595641,0.14913424571708436,0.08705716448503303,0.09482993369621344,0.11055203002377306,0.12075399683119842,0.08764145423187523,0.10897939051816474,0.13785309799070136
0.09506440754479718,0.08445519012150303,0.12047529304032034,0.11914867397829208,0.11907578738978286,0.08221822113236306,0.16758262767095577,0.08265639560945241,0.1293234035125332
0.09825705821997666,0.18257729601023398,0.0910910348426478,0.09261423402414436,0.09828798434823273,0.12802738841900027,0.0881083042798922,0.10303247340848964,0.11800422644738241
0.10751952485952561,0.04236680816852356,0.1218883258081948,0.10078886055438918,0.12418034474046609,0.11960064063467125,0.11854637775384524,0.16459383099647054,0.10051528648391377
0.09716443064836017,0.07175892244100301,0.10468882568787026,0.09777715307860897,0.11779720510411541,0.10781294518507807,0.15690399930936882,0.12249436605431115,0.12360215249128413
0.1019427824733996,0.19044102107599717,0.12146070660399981,0.15348691714264298,0.11088733921670134,0.1277200971856404,0.04232880898306274,0.07695498781763792,0.07477733950091804
0.10050496194978005,0.07338840455048522,0.10241608129252838,0.09874229359969393,0.1214266674424465,0.11460684684360008,0.13421376468712987,0.125742529653979,0.1289584499803569
0.1521074024815761,0.08506335501571549,0.2454862351055611,0.11201139354027463,0.09163347815951635,0.14801715626442777,0.057095024199399325,0.03767678923158015,0.07090916600194895
0.10746635832764417,0.11918769199728314,0.0893648817195621,0.09733962114368412,0.1235572869576873,0.0969298605816694,0.11835561472238558,0.10964013970530699,0.13815854484477716
0.09899210608184228,0.07705973964450609,0.10756488438233387,0.09838949679532409,0.11000805304421286,0.13969921853773323,0.11937866160025505,0.13496844847214415,0.11393939144164837
0.12892452773406746,0.04773951438285393,0.12019176645336953,0.10509376328361504,0.12041356916970729,0.11990279680020827,0.08705938280622084,0.19122102173684855,0.07945365763310915
0.09930845896453995,0.062388743585333105,0.1077143655797617,0.09881710808729405,0.12037882546282264,0.11800921727840795,0.13882065350881764,0.13241238359333718,0.12215024393968577
0.09733557948981157,0.06087856150137116,0.11019128035660757,0.09828796431041535,0.11811296313550035,0.11236214764266371,0.15431240657959291,0.1307457879290109,0.11777330905502659
0.10201388927572029,0.09544097039706884,0.09567181941989072,0.0978344122811514,0.12115809407996515,0.1028008316985845,0.13630558043893778,0.11484416690854427,0.13393023550013702
0.10106380315666368,0.08724318248305245,0.09867300407712438,0.09815846223320522,0.12095788026564276,0.10555854559306192,0.13910109759674316,0.11802459891941484,0.1312194256750914
0.10477920064412517,0.11147876706185368,0.11377129662099761,0.12085459264316256,0.1207422886139727,0.08188416196980791,0.135151433459606,0.0765368221235765,0.13480143686289778
0.09802335248217586,0.07718794552971193,0.10319823653641445,0.09778333756063314,0.11838050062293214,0.10553214825925118,0.15484015510052587,0.12011955457416142,0.124934769334194
0.1141650677542877,0.03859147764993793,0.12670951487054719,0.10203921455856595,0.1264069862892823,0.11235251676166687,0.11046908650213431,0.17777605005198718,0.09149008556159066
0.11062586149674175,0.12398058798849006,0.08701454077906055,0.09750887258049597,0.12568300846054253,0.09791392671555632,0.1052000873211089,0.11015503386024518,0.14191808079775872
0.09460928389658065,0.08651869281123829,0.10756214997761064,0.0971292791240339,0.1069123552893672,0.12276320659770627,0.14653940979663924,0.12375816488260023,0.11420745762422367
0.1345329400601788,0.03368355395407579,0.12723983276731113,0.1035876334459782,0.13252459100151207,0.10401653634496415,0.08123414824079349,0.20494111494454767,0.07823964924063874
0.09918596949388121,0.07289715976948795,0.10291119517774318,0.09839320524712354,0.1200562986361362,0.11236010394954908,0.1421867820532938,0.12443241572804896,0.12757686994473613
0.12579752874994313,0.07798786230710207,0.11234354574221368,0.10403299422675634,0.11010398718530719,0.14352819630675606,0.0787964564988042,0.1672338841957184,0.0801755447873989
0.17828986718692894,0.2577450721869669,0.1356123653559039,0.08504471037346482,0.06933229084904641,0.12870519577216874,0.052478661032508804,0.061225994122368003,0.03156584312064343
0.09746455652841966,0.15581509821697737,0.09692218378570396,0.09431622939863399,0.09909375702564303,0.13604971059931034,0.09703879833192858,0.10995983148153365,0.11333983463184942
0.09173271230568632,0.08000437364353156,0.19991231450250693,0.15024879892247636,0.13703709844351664,0.06926982843612121,0.09108422924867599,0.06326687945362049,0.11744376504386456
0.20332212318435064,0.24604455809174075,0.008032000935013163,0.029399226047045715,0.07808951600163999,0.35333442942471893,0.001562664281319759,0.03927104667370508,0.04094443536046594
0.10249515697073465,0.09375819787549682,0.09573134086539031,0.09809544508177076,0.12185135606937118,0.10471352647398989,0.13229957498056252,0.11616882588931347,0.1348865757933705
0.2101935814201271,0.024614575183808135,0.27323862831158924,0.10508722802297914,0.10903967233802907,0.1695760566701557,0.03607569475804954,0.037947490583837125,0.03422707271142519
0.09769681754919796,0.12533512648649717,0.09533195481824659,0.09587230258515889,0.10857701653786916,0.11765410152873895,0.118931408731159,0.11161744625745441,0.1289838255056778
0.10651922816468588,0.05835247557339431,0.11791938431383442,0.10117938186279934,0.11288489891743136,0.13201189441123576,0.11740615409535353,0.15757347887758652,0.09615310378367882
0.09780713231995704,0.05752603424975635,0.11129106196886475,0.09849954134346345,0.11856124902271481,0.11527434084887887,0.149962589357996,0.13439475536167195,0.11668329552669682
0.10771366004437281,0.24774629040770835,0.07460433463992884,0.08800943288092784,0.09746879970735456,0.10980026838512441,0.05696170720751722,0.09109307117620742,0.1266024355508585
0.09738530982436176,0.16634926649922363,0.09539969264660451,0.0937239308025704,0.09866240413967058,0.13080038073238853,0.09623143241472965,0.1068746443392189,0.11457293860123202
0.10130044513687524,0.08619063448870913,0.09798777998693203,0.09826858293256487,0.12135786740074357,0.10766409405444997,0.1353642801742445,0.1188531642732535,0.13301315155222707
0.2036589101537166,0.04398133836980798,0.2774135456816684,0.10372919757895362,0.10638343845280851,0.16413698743529906,0.02403720795843506,0.02927631163254306,0.047383062736767644
0.084589324934302,0.0738722568199171,0.12404147049336693,0.12392630972220608,0.12280521116784678,0.07491149857421649,0.17756237567864663,0.08914691175199517,0.12914464085750277
0.22668949455627996,0.04467113444944109,0.25991995176589033,0.10665979341251182,0.08789678514456638,0.13341499828122352,0.06677791590658928,0.041007462258902776,0.03296246422459479
0.0980267603647945,0.1285559288006838,0.1052812261380961,0.09657787679555158,0.09951365967481081,0.1386467733565416,0.11017619431721376,0.11951295740603736,0.10370862314627045
0.0949759581507789,0.07270148771107186,0.06543940741650182,0.22352765660656668,0.19483268649020616,0.0744899453200098,0.028715386624427425,0.1359201811413797,0.10939729053905771
0.09800602903218747,0.06507176945074329,0.10683342469559336,0.09835994093083357,0.11898606606010176,0.11381895308204214,0.1479848775384606,0.12848027542087923,0.12245866378915853
0.11286136507166594,0.27421283687078063,0.06933928168310473,0.08651755336553713,0.09689354373161256,0.09528681136927981,0.05186376214949845,0.08591120212543979,0.1271136436330809
0.10096900077723547,0.05511353577935212,0.10988609033659004,0.09919224966971707,0.12174725462069609,0.1259626558574742,0.12657977852716926,0.1413552405899946,0.1191941938417711
0.09824978561759863,0.1885834441619816,0.0908990066560133,0.09239071296223729,0.09787547215093965,0.12396428711682285,0.08896695164837798,0.10156296248990217,0.11750737719612646
0.10214197715712847,0.06544302915898781,0.11248526512492828,0.09960939951960468,0.11160736271529074,0.1394764584218898,0.11707532891166254,0.14651342473671894,0.10564775425378874
0.10322250308452889,0.23327870207290458,0.08021585240130912,0.08989653122156249,0.09797578439883649,0.10432094166180335,0.07371859962535456,0.09236944323055503,0.12500164230314545
0.10480392724808922,0.10212570416439486,0.11820325162081124,0.1230561505669681,0.1226912867849509,0.0831249805179005,0.1313944370127861,0.07802755026201512,0.136572711822084
0.09310901740680659,0.08090875300446947,0.12186748698380552,0.11826021801959463,0.1176392918643286,0.0814324222244557,0.1778918547807827,0.08256839177250441,0.12632256394325234
0.12295257645576242,0.1743086902192927,0.07443630490125193,0.09397242661203303,0.12610302066011947,0.08851104126969138,0.07687267551803913,0.09999604428845339,0.14284722007535658
0.09990286579892908,0.08361091680584616,0.10000797199884025,0.09802979638971664,0.12003279916639198,0.10586587901307175,0.14440256207377444,0.11869068194589345,0.1294565268075363
0.09100163687757645,0.1609688991460358,0.12897333202867134,0.11490287072701962,0.09404861023073662,0.1086228461714474,0.11525654304503248,0.07702638805115135,0.10919887372232907
0.10345612579170378,0.1471972375987963,0.11582260078044378,0.11612458143454245,0.1044327682522922,0.0952865137266864,0.114303814815781,0.07191750489075875,0.1314588527089954
0.12413131421814831,0.3023044578550595,0.08040292567830053,0.084081909159467,0.08348896829700903,0.12995007748132614,0.037868489481489055,0.0814167448782115,0.07635511295098897
0.09544135277662824,0.10555286623074123,0.1011001509974923,0.09643493038766998,0.10750121570260494,0.12055583635169444,0.13461208795792026,0.11643736695814688,0.12236419263710178
0.09084900963163793,0.11303186094932459,0.11972684993208103,0.11250056861989889,0.1023225859596401,0.09075481229076066,0.1710261555678636,0.07844764119695256,0.12134051585184069
0.09635487456769783,0.1058450979953016,0.10022367394021937,0.09662285133605887,0.10827953941170798,0.12368587864137455,0.12757666891122993,0.11737489640630283,0.12403651879010702
0.08852695228714828,0.1019326135759923,0.0764752236267142,0.23432945973321484,0.17803170460290096,0.07359191081267073,0.025445049014611015,0.10064319351102391,0.12102389283572373
