0.22037948258786388,0.1482444612186659,0.10628699249472208,0.11075927868324058,0.08761572083861535,0.10629449189395436,0.020870492194648902,0.10301065768369798,0.09653842240459103
0.15178003205802082,0.13121843349365062,0.12177927974672252,0.1268703980060794,0.09166475074040596,0.12137337764412914,0.024840209949204422,0.11982210890089103,0.11065140946089612
0.09656015754319906,0.1857565847932865,0.10638741486320924,0.1203748673523576,0.08398175317040711,0.11068040578988303,0.06111428735879502,0.11997955944799672,0.11516496968086576
0.16078416185984634,0.08234555627323963,0.1467181542036011,0.10283405393458876,0.10697741453985483,0.12410836508782291,0.014024924169725774,0.11918854513735255,0.1430188247939681
0.1186192709669623,0.17456977583602643,0.11401887519551669,0.1472750594944498,0.10291641163258512,0.10356851778950223,0.023547358281073887,0.09689164953651845,0.11859308126736524
0.10094144224975626,0.12814608538119845,0.10899496053844349,0.16204415824008667,0.09427520690477893,0.12001761174735558,0.06485805680546641,0.11099553674085832,0.1097269413920557
0.10263362065482906,0.1111331208540171,0.12929618456483916,0.11528197174037279,0.10721155231716302,0.12020458945288437,0.04647271891788638,0.11132629417755173,0.15643994732045652
0.13031773111962305,0.18770755142220252,0.120239792848183,0.10229162329027165,0.09031490154387563,0.12113902672238247,0.05148853028476691,0.11421544126589077,0.08228540150280399
0.06347131830350301,0.07404233144702096,0.1334084509786069,0.1272712600213454,0.1301617995974019,0.12853341808579694,0.10232845046669775,0.11417974094276806,0.12660323015685906
0.06897967954872913,0.19368910530378605,0.11694743786791108,0.10017860541306223,0.09517867880167352,0.12318869259540306,0.057534780507243845,0.13494338201282943,0.10935963794936165
0.16845993380213944,0.09846612182958793,0.11321883915082544,0.10170109175241916,0.09282027389225993,0.12187018460030608,0.08688016453885339,0.118406569504151,0.09817682092945766
0.08637254865148879,0.08668078597071903,0.11986009498865575,0.14913884190824359,0.11217995607188654,0.11214844236580483,0.11338684760859898,0.10526659419141253,0.11496588824318994
0.056132063359567524,0.05344516079672851,0.11407130863696002,0.11117662864631457,0.1190765981578457,0.13947657647590264,0.19431662176280914,0.09687241349380797,0.11543262867006389
0.19099507601150334,0.15296521922476614,0.10224133071287649,0.13525041505059762,0.09192340435417168,0.11916453662087934,0.025029165559162084,0.09399765345766216,0.08843319900838115
0.1702226967540581,0.15598406720702987,0.12329775276510858,0.10232486966911976,0.08383154469648592,0.09993358308407808,0.03248138544720019,0.12470061452447123,0.10722348585244816
0.07126560082659822,0.09328865024959439,0.138762247525984,0.10753286733702709,0.11432522127656565,0.16297975699252046,0.027498084201067693,0.13684861331240586,0.14749895827823659
0.09310039260139653,0.16850895142853306,0.10451162497117028,0.12008658430986592,0.11076448311713738,0.12516218727607575,0.056846596295171775,0.11106173287795974,0.10995744712268957
0.11621871113955562,0.11680320922386789,0.08955269683221682,0.12403274979334611,0.10863621990439841,0.11216654713467539,0.12009764521598494,0.11107995101723582,0.10141226973871902
0.11836078901198209,0.23786489984614376,0.10485856428170309,0.12091636093347884,0.08018878329788415,0.09654562701510451,0.06643730048216244,0.097246112560654,0.0775815625708872
0.08482708961023627,0.12239198983382694,0.11535711690305277,0.11977250374740717,0.12460741807982896,0.1223328735306937,0.10125660247040302,0.10515370911500878,0.10430069670954241
0.0964516302945414,0.22842555051051253,0.11116241263321625,0.10525153707307174,0.08860691993368265,0.1203058391585559,0.011789488159359306,0.12066489452980167,0.11734172770725852
0.09273411511102853,0.1277874219925752,0.11891849904439204,0.1152486436365816,0.105524939258427,0.12136272142328336,0.0794672782287721,0.12396138396812617,0.11499499733681395
0.10479607241716833,0.16266777868010954,0.10723361393594799,0.11362279686762279,0.10198790377358702,0.0974716089701377,0.11088691135838447,0.10355170253080916,0.09778161146623295
0.1250862104924651,0.07496229153683802,0.12344938737787219,0.11111205011595311,0.11319092453063075,0.12620155087816406,0.10376088764226814,0.1044326399402728,0.11780405748553584
0.059259506741700545,0.10156950084045158,0.13304907530126256,0.11982949468652067,0.10103879459987015,0.13589394542183608,0.07847535822136122,0.11752202664470245,0.15336229754229472
0.0695472871831922,0.10366577414665575,0.12858145857297235,0.0946318917747273,0.1115368567886192,0.13227414195351292,0.07291237026310343,0.14105085752424276,0.14579936179297415
0.2730039755205274,0.11723651040566796,0.09058416154490316,0.1263429692429545,0.08687448766984841,0.08696459899988063,0.07107280226945617,0.08631599441017022,0.061604499936591554
0.0691771640478689,0.18053887199361265,0.112303019933227,0.10923216187103896,0.13266953863017988,0.12001420277126891,0.09147803624510287,0.09379858287353947,0.09078842163416138
0.10874264592963791,0.2129339140040403,0.09872016287866735,0.09206264022199884,0.10771783535270908,0.0953069657924238,0.11941182537232826,0.09635346994376588,0.06875054050442853
0.04568611294599221,0.15119558906380362,0.1359203758658956,0.11527450402284721,0.08682658915861467,0.13045349760161085,0.044587013777166735,0.12738100301635094,0.16267531454771814
0.06564883197718122,0.09492564948055643,0.14133001902435852,0.1148284048920084,0.09217358172540395,0.14887284455025462,0.028899412210675407,0.13039868655235723,0.1829225695872042
0.0638495557224364,0.1478474434925773,0.13530077475606261,0.1037484153323797,0.09342004578994567,0.1385354291065334,0.05902025854727194,0.13559411448111983,0.12268396277167308
0.08673887562884876,0.09452506118324949,0.15740864366875035,0.12243192242474621,0.13079349877210228,0.09767600058779093,0.04182778391206698,0.10828269016556617,0.16031552365687876
0.16017022148020557,0.11889213836223543,0.10089057284850471,0.12397790968326466,0.08209348561670764,0.10404259032221334,0.06219402769048817,0.12077252720876323,0.12696652678761733
0.11025387560185174,0.12786621315180044,0.10243894846684864,0.17016869216594335,0.08837230870575861,0.08742182210749798,0.0939397444027835,0.10516286881890824,0.11437552657860744
0.09513610715856628,0.15941074733585325,0.11727198906454184,0.13398260790166625,0.09104424710014847,0.126931742340903,0.02020253543511852,0.11837255916322247,0.13764746449997992
0.1180793364513472,0.14331452298394715,0.11173718364428649,0.09920771527349088,0.1503054305219135,0.10311643177039555,0.07571110049202547,0.09832877190599905,0.10019950695659463
0.13280303843071858,0.09627576758693973,0.11952193006236773,0.1302892659857585,0.10705280455025086,0.11424717792179462,0.01211097238222542,0.1489474399167768,0.1387516031631678
0.05208899929021216,0.11340679739091154,0.1282389188000223,0.11007747525675064,0.07876344981994099,0.12610113944405762,0.15283021879986777,0.1221969767084456,0.1162960244897913
0.17798884524845904,0.10431125346290333,0.11145572888667636,0.10765165649494857,0.09628368353234124,0.10204667854003306,0.12127001725666571,0.09924527360077746,0.07974686297719515
0.05973511300900519,0.09283513787094984,0.11169511178758255,0.11651355616596455,0.10118515507455411,0.12185771258207274,0.15190163742937643,0.10695222385767215,0.13732435222282244
0.04285542669566806,0.05194959162313429,0.12683062097433656,0.1019765303442231,0.09636128445889537,0.15301846330185456,0.15464881781173104,0.1344478003434906,0.13791146444666638
0.08701761889451483,0.12355774674469666,0.1279068326816192,0.11288911872206091,0.107958504692768,0.14199834180881432,0.026575086246716773,0.13219920310303881,0.13989754710577063
0.13575194557598555,0.11379204893244688,0.11880068532370079,0.12583662108011293,0.10684603262673276,0.11707956209706528,0.02220755510663513,0.1161305618418043,0.1435549874155164
0.10108935031258837,0.10237423652984945,0.110623183758556,0.11998485472767169,0.11353563201820681,0.11388431689478042,0.03207573153034341,0.13900442338737704,0.16742827084062684
0.15736284816230026,0.09686541675696435,0.1167253248188866,0.14513449199889875,0.09031255189403851,0.13692778884200738,0.04089868566866781,0.11924305712904264,0.0965298347291937
0.22084954006138094,0.1804452889731252,0.09261719806362599,0.10117829335319944,0.07916583449981629,0.09117238051507354,0.03471180329857732,0.1216826152263459,0.0781770460088554
0.2054617827934907,0.14409274015823637,0.11089829403250136,0.10086255945347695,0.09361604638941073,0.10556042122298791,0.015443540744467889,0.11262419363868376,0.11144042156674432
0.07104758470040522,0.12379806557104768,0.12624946133522777,0.12350071785386706,0.10159931901190161,0.1066251578435334,0.10709198082234396,0.1108355994071691,0.12925211345450413
0.1275448021334229,0.15834213097368655,0.10041499308173803,0.11194583553871906,0.10977243682848649,0.10737968058301721,0.11336053875407381,0.09823729997980353,0.0730022821270524
0.13662005167594918,0.1309946671943891,0.12639636350517455,0.1053098549743965,0.09785287954717027,0.10677579079726374,0.09774835404893195,0.10851569193944545,0.0897863463172792
0.11273268649026764,0.1445887339245332,0.1251089641508546,0.10880556883049351,0.10394402895134898,0.11832044636389401,0.053652265756951645,0.12047148772066145,0.11237581781099491
0.08674118433294914,0.04811584375871302,0.1158108088894232,0.08277756472641369,0.0918778939932015,0.09754361955970647,0.23872169796580126,0.12446519190344522,0.11394619487034645
0.06408091131957476,0.1614120601542306,0.11086406190694077,0.12929352714500997,0.11139515111909061,0.1184678982163257,0.03439917527459365,0.1121671061417903,0.1579201087224437
0.08988992450683375,0.13372907563821423,0.12122973009166231,0.1257490029467289,0.10982046184069809,0.13629908431492377,0.059865418760887246,0.10911879543023927,0.11429850646981247
0.12410076423391676,0.11388873899046172,0.13616695544576643,0.15865647824791274,0.08878397797381073,0.12876485989580147,0.023019431246596205,0.11882752244090156,0.10779127152483238
0.1662926898093888,0.1651416817980633,0.10449149456144328,0.10699281970130292,0.10069521696907953,0.08724765305759265,0.09874393754063586,0.09508387318552601,0.07531063337696771
0.03562347323668798,0.10436154269924819,0.12777742385090118,0.14287413890988646,0.08821573581625693,0.19380128390694795,0.02421509360949232,0.12423800076213577,0.15889330720844325
0.1503215479964488,0.10024385453458022,0.11326873836616885,0.10715453064972319,0.12050617457883579,0.12756436884690617,0.06214939443421461,0.10985689271897113,0.10893449787415117
0.13465540762484568,0.10788794117249734,0.10946540569138892,0.11930464881396546,0.1126668653127519,0.12041180460876699,0.08010629760156507,0.11328167315972604,0.10221995601449257
0.05786187997570172,0.06254266130324983,0.14567777269412763,0.09702890500992062,0.11926639510168698,0.13470879332664976,0.08358345939525351,0.12869528986178183,0.17063484333162804
0.12965508481528185,0.20152700677166133,0.10826621160805168,0.10098704219704868,0.10380857196950814,0.10953473486099168,0.04365061949285381,0.11140641472604133,0.09116431355856153
0.11935164196110032,0.17932151047092357,0.11801639589404962,0.11166417784323329,0.09291069714471194,0.11948964878719749,0.024010021031962533,0.12351965686431766,0.11171625000250363
0.07855656520933885,0.14437568166619763,0.1428803427200909,0.10670473993151319,0.09499175489867599,0.15077876130666173,0.01784619988789608,0.12602513595702877,0.13784081842259688
0.07427445354956806,0.1255247486272376,0.11121529152259668,0.11836713413963067,0.08930173883967472,0.12215843941870469,0.1050960058534479,0.12858008446373478,0.1254821035854049
0.08319694606240426,0.12903491846512882,0.14198624139212457,0.12920278289216322,0.11324771905288362,0.12856316317074235,0.025204006191019448,0.11593383570327159,0.13363038707026206
0.12526184981855373,0.15442527580031226,0.11539429236938155,0.12950439243248213,0.11446573957391593,0.11625199169370466,0.04565492969585999,0.09787802917426923,0.10116349944152055
0.11041025867803951,0.09642835519971925,0.1136839656972488,0.16755985317541053,0.12279623834186894,0.11013775739370935,0.02943632736078287,0.1097275680834031,0.13981967606981782
0.1448824970331209,0.17952464376719826,0.12611214724978256,0.10169068169279338,0.0997244613545313,0.11719489793485509,0.0244550412869954,0.11479038478649752,0.09162524489422552
0.13228532925418615,0.12050376014737123,0.11972612853658904,0.12862888944720188,0.1133914486517474,0.13597273270574342,0.022892569338449787,0.11330032478162227,0.11329881713708878
0.14628701829452642,0.11834393051354208,0.11780186655555329,0.13778967472704862,0.10040904747932211,0.10099694568302743,0.022232910110321514,0.11399476852165512,0.1421438381150035
0.1414232425426597,0.0942566037518416,0.1306318739075094,0.13917212451525376,0.08917586534569262,0.14226184676728904,0.031531968477287904,0.11788053290739291,0.113665941785073
0.028571787596386993,0.1771805448029062,0.10734449987534282,0.10274333131940543,0.10148352605118423,0.12107995823392685,0.1492197737586606,0.10954351516740417,0.10283306319478273
0.10259681207165143,0.1537604765201627,0.090341506800394,0.09270888442551772,0.13803269395916967,0.09522408235038894,0.144077266615825,0.10396981422773115,0.07928846302915944
0.07273831733783014,0.09272205989518649,0.12150708260254602,0.12831970270772478,0.10552175960812005,0.13631932766043967,0.08240088179237189,0.12449740405143905,0.1359734643443419
0.1620672574586429,0.11728301304736344,0.13070984521561588,0.12266506300172204,0.08682984863278694,0.10441284115597993,0.03756575532811359,0.11957634633810706,0.11889002982166823
0.23199279628857727,0.12060975076907049,0.09232453075386711,0.10854756742775473,0.14483091339031715,0.0954908850043556,0.05789967009307345,0.083922565796743,0.06438132047624118
0.05865754184484304,0.06642692625919895,0.13705532529536404,0.10996728334307415,0.10648006163728856,0.15965303470275663,0.03999170121367584,0.1269669463910671,0.19480117931273158
0.06696616815053873,0.15587503544803658,0.12712232100770526,0.11756728708664606,0.09374354391097388,0.13734512659728515,0.06480827798255383,0.13210939822997564,0.10446284158628488
0.06824717300890144,0.16232056701046227,0.09796163140921477,0.14392674019471965,0.12313692537154623,0.10287228273117878,0.030856797811748205,0.10813537077230755,0.16254251168992104
0.16463816910683102,0.14317985670302247,0.11317694128383504,0.1462330216445218,0.09808841143530712,0.09950105848746575,0.033874492808893424,0.11254705741704314,0.08876099111308015
0.10666679539242703,0.05754726417268602,0.11586142101111356,0.13474621034312015,0.0946149286491963,0.13762598391156824,0.12866186153601902,0.10742129354877716,0.11685424143509245
0.1015723188395326,0.08010385199019333,0.12535096941607268,0.14407683681053304,0.10552536274086971,0.12981860487631336,0.049033412403606265,0.11257188224855054,0.15194676067432844
0.1294328245089796,0.10463861124420677,0.10475522037600815,0.12312146461500756,0.10563609255611452,0.11876699804909951,0.03907026441803504,0.1215561554017774,0.15302236883077144
0.10057065477918585,0.09091746327935081,0.1184412868597451,0.14177670853196236,0.09749453592300399,0.15765637796738474,0.04248436755105939,0.11504773140214773,0.13561087370616007
0.10164617714833517,0.16981177955535232,0.12364680084956496,0.1342006341518102,0.1149296516954224,0.12690907552018574,0.029731322264437334,0.10602158388127518,0.09310297493361673
0.06283988675684107,0.23443596130442454,0.13862190484916506,0.09902547776050291,0.07810071506034678,0.1269248576756229,0.009610111721425308,0.12216921774946982,0.1282718671222016
0.057093842174174826,0.08710936181959965,0.093526739561911,0.08078602118660408,0.11243113741124827,0.1006900346686715,0.3107232120759176,0.08769149627220318,0.06994815482966991
0.1094264407410127,0.08725660162204453,0.09337777402336363,0.11180866783966066,0.1184089883880864,0.09660090500194009,0.2224893153941673,0.08659537034215631,0.07403593664756829
0.07531467046511865,0.19880463556680872,0.1187690776147977,0.10767793882047895,0.08491454300087264,0.11269931106593212,0.06347974870207795,0.12070867023890741,0.11763140452500592
0.07477043548927807,0.11932175671548563,0.09896348942237106,0.1189194409647844,0.11383985849976958,0.11859481860734479,0.18250207465812626,0.09967546106891739,0.07341266457392277
0.07254727530241989,0.21242982849284697,0.09247556399506489,0.07849910348150829,0.16710938721839394,0.10492091007374904,0.03664755353177998,0.10134407255998563,0.13402630534425133
0.04539537541192587,0.06399089138534936,0.12074324087024307,0.10092204299405383,0.1353064946933417,0.11224487704042817,0.1557557504689285,0.0985122625447115,0.16712906459101806
0.0826662032791931,0.07242155842781675,0.11510284462556426,0.13296577409888694,0.10058245338694426,0.08655875600886966,0.18702161576981893,0.1105464815927284,0.11213431281017772
0.09053670291811634,0.13151875905816615,0.14178850289108083,0.1271122082751791,0.08973894235726472,0.12865181872042017,0.025486150509009625,0.12037509509492199,0.14479182017584097
0.10967730156510869,0.11348258017846352,0.11261078607647657,0.14780420608014253,0.09109575657136317,0.1546136664721931,0.056163749092215186,0.1148316311833506,0.09972032278068664
0.11425556911036237,0.10375159734424004,0.1419233569543068,0.13924431919789618,0.0924455165674799,0.13913692716397885,0.04114140109650522,0.11371432276825579,0.11438698979697486
0.1312101328555176,0.13916947436337454,0.12588023679448088,0.09430783904401861,0.11453724060904236,0.11347607406584515,0.049213363678601685,0.12306593906520773,0.10913969952391135
0.17741593052598192,0.13250675118459773,0.12650709931802487,0.08617804015943759,0.12248294775766637,0.10627149438431727,0.03400887492688081,0.11894109390705014,0.09568776783604331
0.09898436708349188,0.05834862761398262,0.13461813664780986,0.11547413938960978,0.1083493364424189,0.13414380056524006,0.10670680484416595,0.12975174560977862,0.1136230418035023
0.1502887065532137,0.09871225597635351,0.1201859692453744,0.10440158428397321,0.12066176046979742,0.13149504467803289,0.056633502137701575,0.11240519902695105,0.10521597762860226
0.07248602300453459,0.08024512136431756,0.12453266682216262,0.09867443782218432,0.12240658311502822,0.11485437314313457,0.10897073411242204,0.11597062925407857,0.1618594313621375
0.10353507441547001,0.08735052725315025,0.1114981513982779,0.10153418561609066,0.12021974893353571,0.11671059756394965,0.03628738297826015,0.13980932962594325,0.18305500221532242
0.13355604679331531,0.13255615808910626,0.11473172195375626,0.09822998915323793,0.1077309822348826,0.09088845545044642,0.09619135980902134,0.11762742932939006,0.10848785718684369
0.16432502732539292,0.15750361001161345,0.12611898373605476,0.11484616822412491,0.1010515546321687,0.08507440467011256,0.05987523679074769,0.09564724551346133,0.09555776909632364
0.09369367697015984,0.12776204030001628,0.12678710560712972,0.13614066962672047,0.10881047115305131,0.1160476026921462,0.0862246701865746,0.11297119321262704,0.09156257025157448
0.10580404110022056,0.08859440359655885,0.13016714067061583,0.1307344439872519,0.11059342360964149,0.11424963986260601,0.05259094904789782,0.12342772594994351,0.14383823217526406
0.09296929027997286,0.10207009535641905,0.13509977252664432,0.11279384419360479,0.09709778522911246,0.13212483462356653,0.03242912298747563,0.13089795182125133,0.16451730298195302
0.24784917438484255,0.09838783002847777,0.08893094189169119,0.10700503909014764,0.10434313283213482,0.07932600907708835,0.13192597676621273,0.0848571426224,0.05737475330700495
0.11407063008523859,0.07276597620261993,0.15716315759725794,0.10078835296194844,0.11332574482174534,0.12064687292130614,0.07379779554368472,0.11811574410796233,0.12932572575823661
0.07466068502002514,0.08354990163810294,0.11831037483742916,0.11712386520987068,0.14010756966797558,0.11478428427796351,0.05192626868003941,0.12411363814338654,0.1754234125252071
0.1552992312579682,0.15560732414367773,0.1235541668127369,0.10579594422930126,0.09838726048863683,0.12913777278447983,0.01401773229921544,0.12317847346626186,0.09502209451772191
0.08548031450381145,0.1396261993644716,0.12562229213119774,0.12739705623866515,0.10610416819608293,0.11642236629194584,0.030147863924369706,0.12179674969275693,0.14740298965669865
0.08711064077808145,0.10423067300508672,0.11246430871204523,0.11847411995531047,0.09944570386991118,0.1295671330148577,0.13557193910166032,0.11553445698417031,0.09760102457887669
0.09128904679462446,0.10100427606110719,0.11759965039747566,0.15628586545971113,0.11274090141569167,0.1267732747594149,0.049748380818327685,0.1366174141626489,0.10794119013099841
0.16509913023241204,0.14255379051628148,0.128819265892374,0.1460758334648715,0.08844567111811708,0.1078579008041702,0.014044852392006734,0.11711784209741209,0.08998571348235494
0.10112292619714909,0.15464722125397354,0.12540820507183528,0.14061047109023425,0.09237856596561445,0.12040486929977771,0.031208097315356894,0.1127097172634119,0.12150992654264685
0.12753188337782456,0.07022097165747569,0.11943918828626647,0.12583105467660363,0.11630711759305838,0.09923513809684165,0.12829073493090554,0.10332690537296739,0.1098170060080567
0.06830391069161178,0.09313228724389044,0.08592427016917818,0.10328257254623448,0.09918643024261765,0.10008970115105899,0.28875950419523533,0.08349521068089884,0.07782611307927426
0.17068216576018483,0.10552927652247397,0.11255173708041345,0.1134532569980195,0.09446291628748534,0.10760013870863612,0.10106771750284826,0.11304715777279663,0.08160563336714188
0.1623548597617471,0.10012318077823325,0.14609087138885876,0.12408782771452298,0.10774974417527043,0.13071452064825878,0.021486540415013727,0.10683438744682433,0.10055806767127069
0.0749358254621834,0.13054275887795544,0.12311618114360608,0.09342802935017715,0.09346773557288185,0.10219792483168848,0.05897503847402524,0.1529743178326742,0.1703621884548082
0.10774893874067204,0.10842680838770158,0.12602953483401022,0.10500897956375448,0.10423499499512034,0.11757734902999623,0.08200889008544554,0.12250764104932127,0.12645686331397832
0.1695800341246166,0.1551670021978989,0.09151212529216053,0.1099927730806766,0.12942206344345733,0.0848869504184207,0.06718940812219464,0.10188081904592443,0.09036882427465036
0.22104154362577474,0.11215587067180266,0.11784511354838671,0.13100605669823512,0.08407580136280157,0.11254330898516345,0.03404566550151075,0.1036650323047601,0.08362160730156498
0.06538976991476546,0.15103808151588893,0.10344434267403968,0.1566283332820325,0.1076212096720202,0.10798259397648519,0.07243600355823421,0.10116505489453775,0.13429461051199623
0.20539743099068872,0.18724740823820826,0.09686270547723179,0.09447109844279832,0.10531501511489266,0.09919763716265319,0.04112356436908035,0.09970421427581312,0.0706809259286336
0.07038047812660506,0.1554813697480222,0.12590691270005108,0.12306831017228141,0.08088737691410804,0.10055300410758618,0.08441661576989713,0.13446848940812317,0.12483744305332567
0.14469615484957074,0.09918942470684483,0.09746679746224078,0.12783199328271325,0.09991963608283594,0.092604191404839,0.15274246015777282,0.09531182036214148,0.09023752169104109
0.08602149958730743,0.12348776684457656,0.09789314769229446,0.128420322084227,0.09615869962194833,0.09427921907771365,0.18377501740968458,0.08824531782160883,0.10171900986063924
0.10273913641058112,0.10979505820963105,0.12131625318459881,0.13797895643611444,0.10466442724654028,0.1246547639627132,0.06753127284382027,0.1232213710446165,0.10809876066138437
0.23289021253612985,0.07483448021407542,0.09640422925239701,0.09375138751520036,0.12402280048616936,0.10001719149052163,0.1338704634291222,0.08363715323652242,0.060572081839861736
0.11662266864382625,0.17192628332458856,0.10248091120002512,0.0791021662482432,0.12925115975280574,0.0937039226593997,0.16100215639279314,0.08785444334496606,0.0580562884333523
0.07663805022220804,0.09857028714076053,0.13517177855798776,0.1217671050751094,0.10475383868920345,0.11916756347902369,0.10844669082114089,0.10286016937588809,0.13262451663867816
0.20302724401214411,0.160497038220045,0.09826208871770165,0.10656905215928052,0.10954661393284865,0.1034348245895757,0.037196910367795176,0.10351860172541011,0.07794762627519915
0.10486069549943171,0.15333336670537503,0.11766576865095152,0.1637002657638665,0.08072585076281376,0.11016424365273902,0.04906448747643926,0.12957068763810498,0.09091463385027826
0.07839904984771402,0.13646352977375986,0.12452493449204538,0.12256033508984727,0.11135310718048015,0.1040474582212304,0.06818429644708375,0.10107535615746999,0.15339193279036903
0.06981605995977658,0.1401311509379458,0.10289694252964154,0.1375771364213267,0.09925843846600742,0.11490016429861437,0.16649016123598195,0.0892104984613515,0.07971944768935411
0.11546424265814333,0.09506318775868251,0.12210781911191615,0.12798686490836256,0.113285745371695,0.1455273662857007,0.024103475385470984,0.11779896492750451,0.13866233359252422
