0.034831125757094565,0.3228596741219274,0.28079804853143325,0.0684377011575864,0.0752742568690813,0.0849475637676021,0.05170463247034912,0.05950165218297907,0.02164534514194677
0.06500573428168392,0.010352178171234863,0.015856752909674518,0.19182798838658144,0.09387522689262122,0.1578312265189971,0.15932073499583196,0.12391333537321166,0.18201682247016326
0.11553492225416746,0.12391406015380808,0.12262052217341514,0.1325189671669494,0.06547286633149203,0.10495701602925299,0.12284448668411628,0.1280481891470586,0.08408897005974007
0.06001798239394925,0.09460133385228746,0.29661064685973343,0.05764380494031249,0.05391444435025963,0.22401061254989277,0.07689497434247686,0.08651860330822196,0.049787597402866035
0.11607922138401607,0.056116126947482636,0.16764234187975482,0.0921809320369199,0.04251544626693753,0.15190347939018084,0.09161139535820195,0.09930519052052646,0.18264586621597978
0.0971720159499253,0.06792006849338372,0.08600341247318684,0.09287153866465496,0.15486240462053558,0.19790837652334378,0.09239816777265293,0.10288181286944437,0.10798220263287256
0.09408516188253808,0.11691200250625793,0.10370894376335586,0.13264708775014963,0.036942283972058024,0.21273247723587815,0.15651966225309652,0.12566639597554527,0.020785984661120624
0.05281670148244824,0.35311891895857106,0.09455295127558548,0.0662915883714597,0.05452320612415488,0.048029582342638134,0.10098357517307803,0.08593069979138812,0.14375277648067633
0.12157612923444988,0.05681871752280158,0.08455924194525967,0.08258117755270324,0.02347987213602654,0.17972106730464565,0.1258722567735355,0.10565114798123725,0.21974038954934064
0.08787255718176079,0.06120408676731815,0.18146057589807207,0.16061656626945595,0.04061318920255283,0.14570469934330402,0.11493045702621257,0.11588601422687154,0.09171185408445215
0.09186502057336537,0.020764956280948158,0.12954378498514393,0.19806179210487382,0.09066042654241968,0.11960792393124385,0.1365439271196975,0.17673352828397473,0.036218640178333046
0.05757215448855136,0.2322715006581548,0.1535259475950461,0.12818483755760798,0.06382075348654899,0.049023447901241045,0.09472411727977449,0.09623434177825485,0.1246428992548204
0.10733068990845068,0.010864621446358082,0.05472462294693644,0.138404148835546,0.11330510817853867,0.11347555967287992,0.13205353502355024,0.1190050086439212,0.2108367053438187
0.11777203067492815,0.045133876659514245,0.06345147432426972,0.11282214981767806,0.17191986897529876,0.0900892242289351,0.13062954721576184,0.15650368365593378,0.11167814444768037
0.05941552923084486,0.28345922946397645,0.06468348991794728,0.0863869773237486,0.18288170915225233,0.06721290933839905,0.09129421573539986,0.10075866803058293,0.06390727180684867
0.08575804803053928,0.033214509045531686,0.43099082337999345,0.07641172070980584,0.038247767492035865,0.09728226545999925,0.08125147994053623,0.11668192121261756,0.04016146472894085
0.07165177567056939,0.23348046544291168,0.26787444823935375,0.061321939256192746,0.040871781184124725,0.061208303335525495,0.06900746993604792,0.07892472358451147,0.1156590933507628
0.09969786232464416,0.0725814846195158,0.06317953421082469,0.09004803268670354,0.07822269221625229,0.193111726993865,0.13351072300819103,0.11736202453191551,0.15228591940808794
0.09405608635714391,0.07337301300676038,0.06258780898425086,0.10875244904061365,0.1086491094762199,0.10156920914629912,0.12550978403121904,0.13887071661348713,0.18663182334400596
0.07754793266393308,0.02746312416778184,0.08012038794145769,0.19588944760755425,0.04871821058205881,0.29834863698406355,0.11364130326020909,0.12169925421057763,0.03657170258236405
0.1426698549987371,0.03840352469534392,0.40546221634097535,0.07261758916375591,0.04997116898401744,0.06360358301768193,0.055175488022929896,0.0732683991065256,0.09882817567003281
0.08198044564382119,0.13135272583361104,0.10143246327756765,0.11222363362204495,0.11403938953654913,0.1926140458152462,0.10704031719348073,0.09848621096398356,0.06083076811369553
0.09250971493163902,0.03965306204110959,0.27113432146588634,0.11692223280689168,0.07358363823047438,0.1004452330232366,0.11434402210664618,0.1288265182021906,0.06258125719192546
0.08973369833616786,0.03240408287379581,0.14937217767613784,0.1461554447834663,0.09421373963579556,0.22339736934298782,0.11684118521076292,0.11650585396370934,0.03137644817717659
0.09424253811348911,0.45217585580134795,0.06949208577960087,0.04482535340064823,0.07847078581213789,0.03176572915534825,0.07943709446671181,0.06941204681624247,0.08017851065447344
0.06686420854303629,0.015523871714310938,0.33221093383319594,0.0876067646701952,0.04330620938467797,0.16231833194946224,0.0822781116854112,0.08879829421421925,0.12109327400549087
0.06175545211170327,0.01352792610899386,0.04219658404803845,0.15008253687292392,0.06359904817116002,0.3520284977789492,0.1497763974455951,0.11513248238199568,0.051901075080640575
0.0688521144339923,0.03104411697044832,0.17115627934896296,0.07285697864700409,0.04563138467355319,0.23789765766643153,0.10512886466159312,0.08486471921828125,0.18256788437973323
0.04053942296352137,0.4749493743386674,0.04590752662342525,0.0902196761688519,0.02864550233160044,0.09325249297255166,0.07080947488879569,0.08146348242958147,0.07421304728300478
0.05436210840432956,0.023953439491718725,0.06637112352328677,0.21220423318764414,0.04987682739234889,0.27267849425141577,0.13038189449138413,0.12925128555991053,0.06092059369796158
0.08521007458477498,0.04892920241951212,0.33304876931663946,0.09505242159495464,0.04625299957251453,0.05722583716512908,0.10128481004337525,0.10713726417301954,0.12585862113008037
0.14422463167139357,0.05294829707818125,0.1877359030039385,0.1012278340076191,0.10651091415922552,0.0652406155571253,0.09997799156151231,0.10704286719282165,0.13509094576818279
0.09563824999972897,0.02207329492604358,0.392163595659563,0.08127372569964937,0.07839941235458289,0.10484983849799895,0.07107391625046298,0.08897858837994145,0.06554937823202885
0.10663040300486563,0.0747378167289522,0.09766336223447701,0.13439437498299192,0.0655693151913297,0.11224251625220301,0.11664342711751503,0.13322217693158808,0.1588966075560774
0.04629417908445779,0.03283103583986219,0.06718570369798323,0.1459664736099369,0.057638957370757894,0.4433355838114765,0.11019101806884835,0.08167861835934241,0.014878430157334713
0.05630129113654636,0.04717531470134623,0.10903292273144945,0.11593716707359893,0.10335664367872249,0.25483586838961325,0.13215627383764098,0.15386603058399995,0.027338487867082418
0.08665694977821677,0.03032523805525937,0.053288647046727526,0.12536060499611887,0.23363089305776674,0.16958312093102648,0.13426554754388273,0.1448004794101563,0.02208851918084509
0.09845402709747335,0.13486639504369108,0.1616298399209671,0.09966415468163077,0.15135213732449304,0.056623118666845294,0.0881216908538585,0.11989989809552813,0.08938873831551271
0.1215202890387818,0.11862687289121365,0.18850075629504182,0.08106647446911643,0.1102995927308389,0.06424527706946713,0.07874044386861759,0.0988517955146388,0.1381484981222839
0.05261310331230329,0.027728326388344934,0.11718276375326496,0.1400584568319169,0.07004962948694182,0.23146082122917702,0.13304965083494724,0.14044384865840806,0.08741339950469577
0.13698144346898608,0.21437747073181776,0.02657833848029348,0.08866633010783576,0.04571356302328105,0.04867404611635764,0.10102774655443292,0.10138181461936852,0.23659924689762687
0.27167168284052184,0.03852665416857647,0.06324613611815058,0.08222676907375794,0.11955287899650302,0.06172205974473611,0.12217398745442842,0.11887268536899616,0.12200714623432933
0.07112338174481535,0.036543138119677014,0.04310366605191956,0.13167215814473107,0.1700621915060586,0.15645693040387912,0.11004430934946414,0.12150601527828954,0.15948820940116562
0.05680257158278881,0.06585013120697371,0.2440688453476557,0.15185310717855893,0.07195244276907113,0.1286121941013008,0.12843567123224922,0.0944374207214733,0.0579876158599284
0.06323135081690492,0.04308260315873425,0.08810073860970415,0.18451067959756615,0.06697686506878338,0.20660285994459926,0.1446081697918968,0.15122066067985326,0.051666072331957774
0.051162830700608064,0.04040951205290492,0.019583385709015383,0.10864357598795354,0.2519964629372304,0.2467329705957522,0.11928819487292215,0.12266147662987865,0.03952159051373479
0.05966030916601667,0.08352564104922748,0.19519912138697001,0.07176403738115376,0.1288933877424215,0.23029980699612693,0.1047248164935804,0.08632193301374612,0.03961094677075711
0.07986788831698209,0.025729371755773837,0.04976378624844616,0.19759866854248442,0.14179153558516375,0.13568275028185864,0.15052462479723575,0.15284665510715145,0.06619471936490395
0.1071949153659139,0.2828237989636015,0.09108756744563172,0.06622188450833659,0.10689873609311884,0.054939358957940755,0.13960632607002232,0.09688573958508662,0.054341673010347806
0.07702042211453156,0.028823475543698494,0.03888870823399577,0.1363198293380981,0.20369471977509002,0.07547232298375998,0.15657557587621884,0.12074165359812916,0.16246329253647804
0.08260859463149607,0.07075044557941416,0.38426198283384555,0.05404941457759208,0.021971885464443203,0.04119552805029417,0.04393265182343853,0.08009284955343096,0.22113664748604525
0.07063701828034584,0.2590723947983035,0.05864705275763769,0.07362244430737898,0.23225365201843162,0.0797661358296018,0.07775400694491265,0.09107303387983735,0.05717426118355046
0.13251874922066895,0.03712025009920652,0.21531686636070782,0.13419482911319078,0.12148326195230942,0.09866605749129892,0.07345652969651698,0.1098600453698172,0.07738341069628342
0.08042832886633011,0.02795368795679995,0.2968393592568688,0.12845890821230865,0.1563159246392637,0.06970026518178513,0.10518135643124495,0.10987237691999518,0.025249792535403517
0.055636060673054925,0.0809583087716542,0.3733115520948971,0.09941163486469036,0.041234587460844165,0.10311193090488768,0.09499149004378978,0.08341221848795376,0.067932216698228
0.1045972544627808,0.09383642538131694,0.09039982433484166,0.07880844560129031,0.19431260045614693,0.07628822471260237,0.16178595740560195,0.11399225047297945,0.08597901717243955
0.1945270269304686,0.027091461031629654,0.10536965408313075,0.1098954778812005,0.151605242190245,0.07014507250356462,0.10341664162125176,0.1139191460338238,0.12403027772468528
0.09622872344989203,0.05651552135532565,0.0865722584399682,0.12252879048698406,0.18937189579553917,0.162823469108204,0.10500577197366136,0.11276369166552634,0.06818987772489923
0.07427760173055943,0.09114205801430415,0.10995137604376852,0.08858681174173862,0.12623285172328855,0.09064162852499201,0.11682958502186502,0.14305881850446125,0.15927926869502243
0.0735304483850913,0.07389225738110536,0.26371513431050175,0.09542896007625433,0.04278568169276525,0.18407343124088948,0.09500295598891544,0.09489509464987733,0.07667603627459983
0.065197127837953,0.30785837104481945,0.18333876857142353,0.07502052044352285,0.031438772041118744,0.09663469783727442,0.07010887256405793,0.08784354696353845,0.0825593226962916
0.05501382116641409,0.06896588070069731,0.3661003955887823,0.12890524649412652,0.05266879098941609,0.0869702126347038,0.09326195517852394,0.10298804533034245,0.045125651916993414
0.1728338117569479,0.05154453430708499,0.24603944663417035,0.07653270093059716,0.08732600092174718,0.03078730160610005,0.06974878128326663,0.0852875918983406,0.1798998306617452
0.13862024883156396,0.14526120773948348,0.25769731998630474,0.06537174660666668,0.03634443852041705,0.17030868082046266,0.058504648604582175,0.08147307290663651,0.046418635983882656
0.05673089521237398,0.09444576036266399,0.1212070563338468,0.11189073144824373,0.07128201621629204,0.1652709765065916,0.10658505568138325,0.10194061146852011,0.17064689677008452
0.05681596311131202,0.35155398528503995,0.12586310394035946,0.047902263314722617,0.07626161968049755,0.04977068690603503,0.1091239591366678,0.06948988646884836,0.11321853215651728
0.061654964473078444,0.03839014273486593,0.14882114211131625,0.12036312779583436,0.14225165411209914,0.2753099285778105,0.0962339594483691,0.0971220794968502,0.019853001249776073
0.07865562595035717,0.012612879711216609,0.15392656706889016,0.11761815921335539,0.023495728033153775,0.3509986836868806,0.1270233365845739,0.11329462007867597,0.022374399672896412
0.05543343577361878,0.012112552756618647,0.28649168062244584,0.09582837452789382,0.046557491488486695,0.15474270491583345,0.07083352501348887,0.09615702703337003,0.1818432078682439
0.03810882058024174,0.02224099087405813,0.34359205560562,0.11819614721587564,0.04248855546123251,0.20426475652984358,0.08211819042228484,0.08011716729304218,0.0688733160178014
0.06703687918195518,0.16271803134658366,0.08012725513389495,0.08614449753193776,0.26068652324082625,0.06271904160392854,0.13237801344959232,0.10757050896695704,0.04061924954432424
0.1074012459557237,0.0679487186452149,0.11832928570443002,0.11424383770989903,0.04302700564306231,0.052067538926662944,0.09812388989405683,0.09749241929982184,0.3013660582211284
0.10992053627753758,0.029573612018917617,0.07111386870948243,0.1817421667639412,0.06797808100958118,0.25582518913731117,0.11872683363745758,0.13449257363467143,0.030627138811099724
0.06930348479639047,0.054288340642335786,0.015420852993133996,0.169779609488105,0.2300600718016718,0.05395322579970385,0.10969389791056898,0.11579137025402432,0.18170914631406587
0.0716612194263456,0.029463208768028316,0.059793063703672426,0.30761675133992467,0.08164294091664386,0.12155094846035736,0.12898124116973728,0.14609974109063606,0.0531908851246545
0.16098546646618989,0.20228541746359363,0.07826427843583164,0.07792796557235095,0.1408181822307132,0.05134541666592213,0.13429018666086026,0.11919636395330253,0.03488672255123578
0.18029577644134054,0.05513409146805223,0.18178170318275044,0.0915735595110891,0.12958009386946354,0.06996516633161957,0.10034629600856858,0.09081422764488495,0.10050908554223108
0.06734871177163022,0.012011527967071662,0.07402877990865497,0.13252752110196278,0.05847660516951092,0.3452438565848486,0.1437725134838291,0.10997314272080701,0.05661734129168472
0.11762250830905231,0.022736652569938173,0.08210780455932015,0.187259342927385,0.12705735021754264,0.09346045875103613,0.14992707704277417,0.13875719349561844,0.08107161212733299
0.0921195596681285,0.06611081892672349,0.08461064720345084,0.1420249844377073,0.061297813073251085,0.25826095242907937,0.10719889320455223,0.11822753188357558,0.07014879917353163
0.15356056459668513,0.16605060743110941,0.08056074628938577,0.13161326216943814,0.04538328585941211,0.06110434035549863,0.1234498719877362,0.1484223789498281,0.08985494236090656
0.11514888397814087,0.10019667122235776,0.0888762732169024,0.1261108911398056,0.16536784558237674,0.10125963788102203,0.08660599180693747,0.14730583999906308,0.06912796517339408
0.07210197044964428,0.026734886576225563,0.02902186607965038,0.13703005079322703,0.18206104838983486,0.2894573159085085,0.12454003368091948,0.10809363349416039,0.03095919462782955
0.08252837188468737,0.008617076106258122,0.052655175591737796,0.16172193759891929,0.15541628501521174,0.07278392602766348,0.1352178581943624,0.1478309612934993,0.18322840828766052
0.06246156827007362,0.34278587098326657,0.03160535831004125,0.12355206539159513,0.0791951891261798,0.042837788988572954,0.10807727516918764,0.11149262714732495,0.09799225661375806
0.07455523844192008,0.015088397786345666,0.08262607254704268,0.15143751070287673,0.08701296765564899,0.24961022699442958,0.19607134278681182,0.11665641513262219,0.026941827952302336
0.05929189378461227,0.5160256777366112,0.08897794346302296,0.07055839234044696,0.06214990330406301,0.028937003196638684,0.05936833560008381,0.07360570677040855,0.041085143804112594
0.05857261185021754,0.08124055411703529,0.4317279631877975,0.07326691899221052,0.052478960522062114,0.10693456686288712,0.07124562216230933,0.0893342870966823,0.03519851520879823
0.03636399516115066,0.35666154526275956,0.2578681219390433,0.06133069379655747,0.03958251000550279,0.05890354782419969,0.05955004602795864,0.06991490548845103,0.05982463449437686
0.08539670848144996,0.026552152690518277,0.07732978935668808,0.2327155004010745,0.06600008983152246,0.13847723941397422,0.13260634210327807,0.13741476000009775,0.10350741772139656
0.0953023194201057,0.01470109921487391,0.04472720625573288,0.1559442866171535,0.14860911179104141,0.1631682004073085,0.13735279873861175,0.1300724257637186,0.1101225517914537
0.11924370465524037,0.01872849192105609,0.06179909330273303,0.12464684609814618,0.2153410837530837,0.10579396154753044,0.12468303046244167,0.13702203716956574,0.09274175109020279
0.10000278111822426,0.19157666145640348,0.08693676417188112,0.08047691159204888,0.03557612279865103,0.09219468025618405,0.09214932411850418,0.10791234484039199,0.21317440964771106
0.08973275858142049,0.11953889948179734,0.19626454318399875,0.1043456421082446,0.07138828703640791,0.14545439479861347,0.09610686260514835,0.11164725466196845,0.06552135754240074
0.06780134732377824,0.03178566329128414,0.12939111395151515,0.1306608283347663,0.2561108206456691,0.16346248465839888,0.09387608226452315,0.10262528759899525,0.024286371931069736
0.14265186120413068,0.08519790761707946,0.07101128705400493,0.13240331628525215,0.14213593673434713,0.06659194692095943,0.14186120009299644,0.13612082915486876,0.08202571493636097
0.08215704290149405,0.2151897515809366,0.08098616851155181,0.09977339098670146,0.08592452096051573,0.08981993069129313,0.10613921337382493,0.11509034610094833,0.12491963489273401
0.09515288148632729,0.36001861824495235,0.0429091332648491,0.09573946412774993,0.013510149156864265,0.22697228162883498,0.041893253820934895,0.07106094098053008,0.052743277288956954
0.0493641379496656,0.059877766687356004,0.17981216140353595,0.11278569937841658,0.028564680208967144,0.2303728212058682,0.09148553124878478,0.10778278519020461,0.1399544167272012
0.13940202924189174,0.12139186862568684,0.19749386645684017,0.08799748087880303,0.04901312130916671,0.185522780914955,0.07922663829647152,0.09298493828191358,0.04696727599427137
0.17620012305678898,0.04175615960669284,0.039911727834182655,0.20559595510830608,0.0841178299550407,0.11749453465546693,0.1315492745562796,0.16019611413071788,0.04317828109652432
0.10108211542395286,0.11777284800496851,0.3164056915081283,0.06937102188033861,0.04159023535663318,0.04375943289603033,0.0942406700886198,0.08742302891716706,0.12835495592416138
0.13213795911215095,0.27551201468938435,0.3116528793377132,0.042577140087564046,0.03598606973901663,0.043553716647718975,0.06219622814290393,0.06899579171553673,0.027388200528011244
0.06569973428975996,0.04353545779976719,0.24115107828325963,0.14416497975479928,0.04628552198061316,0.14311581279403038,0.11259196830784596,0.15745719054609364,0.04599825624383088
0.0927795466544567,0.057161814927257824,0.017999968614249302,0.15900300652420138,0.22381552375699268,0.06872687138137655,0.1023191034875911,0.12964739180881138,0.1485467728450631
0.08930503596130995,0.025188896695645033,0.10574133659082093,0.12226114575850729,0.14729847676756483,0.08610017073946592,0.09748416208670725,0.12344834951889867,0.2031724258810801
0.08987971555726038,0.09852042340777922,0.1347811643821076,0.13495725261002436,0.07297299605539058,0.2040148027760976,0.08848214246007167,0.11024153555404399,0.06614996719722455
0.11544200168116214,0.04480581560343342,0.10559499019056956,0.0936589554966432,0.12902681679292313,0.08555453484606058,0.13866492589629623,0.14469497757044278,0.1425569819224689
0.05633552300712083,0.01134067568899381,0.06666671289820557,0.1458399905995167,0.26127905261013,0.16323510151699563,0.16091646521066813,0.12799879443476564,0.006387684033603788
0.18309437365326584,0.06353139215028457,0.07978188976140892,0.10386494574624199,0.08215244209230814,0.07481920285376582,0.08182182836734818,0.11434740560070343,0.21658651977467314
0.1443071295789172,0.1990473023132556,0.16634104018604043,0.11382837921352233,0.09557396729691446,0.06919138890797807,0.0803876891069253,0.10197112103317912,0.029351982363267578
0.08085022410746942,0.1286243350869671,0.03723028487729206,0.10906269041762118,0.10166029767381218,0.2138562998316935,0.1167549086619571,0.10348843743092857,0.1084725219122588
0.050948115187363474,0.022283743073929607,0.14648510221583058,0.13935587730742655,0.16044296520988308,0.23739357891989243,0.08858245506378708,0.11035265163870865,0.04415551138317858
0.0709228271501018,0.022372462743347313,0.05651942611747111,0.13144302882658807,0.25681722394301937,0.09561049061783555,0.14338924201134065,0.14110339750947593,0.0818219010808201
0.1282625943061549,0.07744114527768248,0.1577502586357199,0.11024742740135884,0.09936348063540262,0.0676775387853939,0.10610675663130771,0.12916425090140768,0.12398654742557196
0.08065898403670478,0.07410274794869888,0.2962615910120621,0.048091683228769326,0.02093514916565967,0.2419167433456039,0.10468633700821761,0.09611927008194664,0.03722749417233706
0.09175548308541742,0.1873087499577216,0.04248729268225338,0.12111374970835549,0.046855359773235676,0.08771885544411799,0.1037835742570618,0.09194147879161907,0.22703545630021763
0.16226999749006413,0.057215663000166346,0.15789338423611687,0.104967796416941,0.09168730780439717,0.1364710340447495,0.1109509201153502,0.13324944118276838,0.04529445570944637
0.07123533141084731,0.0983971528240866,0.13355369808355086,0.1066209013296241,0.07200183119888054,0.13785555052046375,0.14161063813717467,0.11533687918981932,0.12338801730555289
0.11571813352523068,0.01949313683734441,0.03124241668456056,0.19798255285163435,0.0496829236881206,0.22841574701962344,0.13923682448673233,0.15783502694439347,0.06039323796236018
0.20314509804178169,0.03477006947422139,0.05019642952367432,0.1595289637442884,0.060515712571966335,0.12127816828215814,0.11858366285353213,0.1226682800907596,0.129313615417618
0.10530641278307196,0.35403531306379127,0.07261025022526248,0.09460881785258553,0.030443168130396173,0.05698902852619416,0.08129643283524458,0.09421071241859909,0.11049986416485474
0.04456751924921385,0.28665668599290983,0.057707730336935666,0.06263771517722916,0.19836092569644645,0.09183009403333371,0.08153940456403243,0.07240000051490018,0.10429992443499879
0.05380523283494878,0.05382519243867299,0.18695696152150587,0.11375055805924116,0.13259053629939602,0.25695339312164084,0.08388980999834843,0.08453075778357562,0.03369755794267023
0.12152112757427182,0.13725076755971324,0.1057756363126891,0.07832492886970341,0.05533782938996525,0.2217441025165591,0.08399028625160086,0.10310462441576602,0.09295069710973124
0.09139021149798539,0.07901604244831315,0.21682101065067902,0.08607937424735435,0.08096805380668574,0.0543168511510748,0.07559319772185216,0.13151160013375032,0.1843036583423052
0.05012765736126775,0.027433181417649864,0.27807212190020514,0.07892772219710946,0.08282867691096606,0.24197899168858816,0.08237477418858781,0.09616894841114755,0.06208792592447815
0.06604498017135564,0.059168144345623834,0.08669691334272832,0.1562961641244085,0.06351557728950187,0.13075136523168207,0.14305050389553262,0.12222016767261705,0.1722561839265501
0.10838740065133569,0.009478067599075164,0.08295511623503778,0.15186128331729262,0.11547259159987806,0.1747300773067342,0.16836156597786156,0.13059756535426081,0.05815633195852408
0.04689568887869011,0.12786026212511073,0.4531814066988679,0.06198127194705488,0.032884074038905475,0.05430851465380022,0.09678346793048116,0.06445551747091244,0.06164979625617706
0.08736179365511258,0.3327040437002236,0.07988782002463667,0.09083910101319119,0.13586333847703322,0.025461399434711263,0.105114675739218,0.08244715695228462,0.06032067100358881
0.09530729444010451,0.06924701788770475,0.0538846595228401,0.08701009152451866,0.04795286296843448,0.027461954850121595,0.0965422139330921,0.07845775293322999,0.4441361519399538
0.059006099146267026,0.013109257648362077,0.039605803272724234,0.17238363108390778,0.06232793461600103,0.3436065771682068,0.13066762688856146,0.1329960812255436,0.04629698895042603
0.07263958101869762,0.026473072158793128,0.04059539446990013,0.16021198785483157,0.1095707304900961,0.2721553784670915,0.14543029609679747,0.1297862977522342,0.04313726169155837
0.066905152633589,0.011103590712676569,0.20987216990293003,0.17562211152682558,0.13056250776452738,0.12192255404185626,0.1200310257556914,0.13534956541439472,0.028631322247509125
0.07071159097648329,0.0929236149289221,0.0570098588405788,0.07983869364188541,0.0427811097017273,0.23591133710336176,0.08232273241542469,0.10776447451208926,0.23073658787952742
0.06499357449069532,0.15890137875173702,0.049705487147367784,0.11919301841087952,0.0655092112899514,0.07609658112658917,0.10707328383481503,0.0848721709814449,0.27365529396651983
0.1042936062281052,0.10629718775580808,0.051300636045710384,0.1900926092396631,0.09642494820141194,0.05518246883625159,0.1270600908387606,0.1349430948147917,0.13440535803949738
0.10961761723087625,0.054278897893135114,0.08903314145683892,0.12806888887078488,0.07135331675902624,0.267142752761842,0.11177465224013337,0.10694907580044088,0.06178165698692232
0.06660930252301711,0.03255400913060108,0.15671096795261993,0.14703098247238408,0.02883255109994808,0.23465458193107303,0.1552695426303641,0.1356253297100292,0.04271273254996339
0.08313492762917082,0.05109616785682167,0.22027834988103287,0.10284448604506509,0.027494291019168685,0.19074830240210813,0.10766078697294547,0.11036381574626003,0.10637887244742728
0.10391971483580387,0.4373375615103308,0.02964191997946314,0.07941817219737689,0.12597821505105836,0.045861609602082125,0.06080756500582215,0.08250953611215102,0.03452570570591162
0.08145563629684441,0.01883514753598574,0.07299400359206959,0.11126929238402528,0.13982547713020377,0.09552981627300577,0.10638246882678577,0.11693815670499423,0.25677000125608546
0.1012648747045954,0.21950628075293652,0.11254621726164915,0.07393123372985316,0.0721366766622269,0.0544562103888267,0.10294196674226498,0.1277443965697059,0.1354721431879412
0.07220792025241908,0.05872896604299651,0.2646356139609187,0.1064839626997624,0.07482467411965531,0.12071495720641516,0.10014080263910173,0.1275656363009502,0.07469746677778089
0.17483205225655163,0.014140375293597166,0.0158594071205205,0.1399447811840033,0.10988625479300425,0.06289388859787476,0.14309021779051537,0.10764811771024609,0.23170490525368692
0.07465959617866597,0.10989405393852546,0.12206462649115428,0.09831500787330018,0.08018506220794792,0.24051343424244576,0.10064760868897503,0.12268312299981392,0.05103748737917161
0.10853596803811554,0.07425874994886714,0.12787670937823256,0.15808404639249002,0.06824031974502218,0.1266102404151327,0.11040228866077995,0.10311396102772054,0.12287771639363936
0.14915525030316,0.0669944720443063,0.0793728096616551,0.10294808635234119,0.07183732809150965,0.13630150277484523,0.14842555789352066,0.1192536075846186,0.1257113852940433
0.08658925940428092,0.0381632159353627,0.04441260561057819,0.20822421998074406,0.06178719465411977,0.09247819519797636,0.14331184140290332,0.15155037627909937,0.17348309153493532
0.09491999512274059,0.09177567044268398,0.03456810660811718,0.16471198762527953,0.07862755505142524,0.15167114552116875,0.17984053840224742,0.16271920751689836,0.04116579370943899
0.12774040630920344,0.07085820186357113,0.08982063563684578,0.12105217702562006,0.150782937763896,0.12954133282660454,0.09154316900373093,0.09806969906080815,0.12059144050971993
0.10844818873948571,0.1470622604100444,0.08946605550831765,0.10025684465736047,0.0791745683965971,0.11416503267118938,0.10276876215628089,0.10749660842218393,0.1511616790385405
0.0497027983852682,0.025378599970928423,0.18182561172711362,0.13708941411749184,0.035099778289656124,0.3248401709158116,0.09786314461166991,0.09964474526670086,0.0485557367153595
0.14637470503791847,0.06996799477058542,0.19216887555500328,0.11552399288951232,0.04737632857861627,0.1283286882362825,0.10318304137684342,0.09787024587475644,0.09920612768048198
0.08411267919606337,0.20072618419608815,0.30643491032373094,0.06807212259643713,0.014801536896016617,0.15293156337377128,0.07786717601929523,0.0782901307383675,0.016763696660229723
0.15299753487635978,0.04051620086520643,0.063573119226894,0.2199921269737378,0.07975968842330877,0.09139034770726866,0.13601506832068883,0.13648341755594792,0.07927249605058789
0.09789962875887052,0.010744197781386517,0.11541410632742359,0.0960649571088049,0.16272334732258834,0.2910057381781776,0.09257026973080118,0.10381106812857734,0.02976668666337008
0.11921466393226332,0.12556446224095133,0.13227266474513624,0.07441713759022113,0.042610170191913294,0.10772418915228373,0.10089072574901463,0.10781999695563316,0.18948598944258319
0.07715948143966393,0.012132771292525426,0.015041876271802685,0.16781000578506822,0.2978919154459079,0.07653414081009081,0.11186508566375737,0.1504576770811765,0.09110704621000716
0.07558423392739862,0.07625286926104075,0.10074393339021816,0.11017128217249415,0.04132489300775147,0.23871321931527903,0.20238901167765233,0.13100390073209064,0.02381665651607481
0.06460770512216243,0.03206551751884673,0.028361293743693866,0.18495615223185632,0.07559946883311897,0.1268878984178962,0.20968353656792596,0.17890357404506685,0.09893485351943275
0.12244752181107348,0.024068698403286997,0.0933513357921834,0.17482150245746797,0.07264316449950033,0.05545121114794585,0.11724957057223213,0.13319239359004578,0.20677460172626402
0.11216657886955365,0.11665787199623932,0.08903613846778309,0.1369589227852736,0.07589567003457502,0.14482998816444606,0.1270875238513146,0.14147389939037702,0.05589340644043758
0.08224415095401698,0.044902669202084515,0.10958046444019458,0.09993657655744864,0.2900818431595746,0.06193400900070697,0.11719203116796112,0.11894787157508896,0.07518038394292369
0.06352795158027963,0.03767854738954555,0.06241326018501827,0.1347581776931286,0.08797206482869431,0.23128357829327376,0.1221791584813604,0.11728422995708436,0.1429030315916152
0.06100937322327274,0.03934283356119341,0.09001899129561182,0.1117307531072191,0.11565620998794801,0.27287450423907356,0.11148297522214586,0.12650522370064923,0.07137913566288624
0.06358631488706716,0.014027915451791426,0.20058975400523169,0.11624594078920136,0.04517876964414517,0.2280517839490408,0.1396200930215785,0.10709466837277454,0.08560475987916943
0.15461895814661156,0.05377955931696058,0.2540335826240275,0.12024085853246708,0.0628306306754093,0.0659518459758389,0.10754579470606072,0.11607389641080995,0.06492487361181445
0.07743935477279835,0.010733639380294329,0.061812837181007885,0.08013658922103374,0.041342081826174,0.28855312497630925,0.13137747225969817,0.11447036285493961,0.1941345375277446
0.12940663857236276,0.01620213345017853,0.10312297395667125,0.11071172994995353,0.10979074053649888,0.09420477208246135,0.11769421364688366,0.12080749257882507,0.19805930522616486
0.044908028640583686,0.04964242407989905,0.0431721179834608,0.1079524907524614,0.07451706588195052,0.285796712166598,0.11314394056036263,0.11193355670505693,0.168933663229627
0.16669768125091863,0.0933364139872002,0.08260971435734905,0.13518067019375635,0.10943009046164415,0.06452844077532123,0.0961022445114344,0.13913079875565965,0.11298394570671637
0.0801948042588484,0.030292958669199035,0.2557759010377238,0.07649631643674312,0.14754502260195765,0.14083738288635297,0.12092272767505095,0.11784655721693904,0.030088329217185118
0.1311463780420881,0.31684431694613313,0.07859847932413955,0.11014699785470249,0.062460678025334594,0.06054841658456894,0.08398002651303398,0.08742527960659663,0.0688494271034026
0.0846583348716992,0.01896926900350843,0.21325385777393016,0.09858141126450419,0.06806631437691472,0.23016916712416502,0.10898633186309721,0.1229537937931376,0.054361519929043395
0.08447507399624733,0.08258354552534257,0.0758831880416519,0.14639097560987477,0.07404440943190792,0.22830665005030903,0.1329491543786347,0.10589625044944972,0.06947075251658212
0.05693160644399342,0.06805921783754644,0.1408004391134743,0.08587799884359748,0.10587378960642141,0.20802772623691648,0.16359365642892618,0.133728257829831,0.03710730765929331
0.05985810533509426,0.04924154870003827,0.12707831485030077,0.12029815210559404,0.02956937718398958,0.332552234662767,0.11033200264475891,0.09745401306271427,0.07361625145474299
0.09079746563055975,0.1191564490022144,0.05319729009834819,0.10879419532190447,0.1857950180617228,0.18561837919031823,0.10693342004105139,0.1016905161219881,0.04801726653189268
0.09603844454937623,0.10851415333954523,0.09884031820027277,0.11820492727723524,0.0470830554664449,0.04792957925792312,0.09963283206251305,0.09386560581057694,0.28989108403611263
0.07593133649731158,0.03371408179553328,0.12556397953833498,0.08193569370666622,0.07296674839072817,0.31929055629491354,0.13381052923549627,0.1050700314206049,0.05171704312041109
0.14231598833577572,0.07657288750864488,0.1857548096409248,0.07759717488042518,0.07492876375475231,0.09398986802461438,0.08656104205978647,0.09862920067389264,0.16365026512118366
0.061959971569871576,0.027789524293494124,0.0784091969066875,0.12735501126129273,0.02757927155452575,0.2915396894743075,0.1103891005298313,0.10302762981222315,0.17195060459776637
0.0758682822324964,0.1586826464771528,0.3619182905511709,0.05795582667870939,0.018273173436785917,0.1037985460355507,0.05707546189252899,0.08294725515511113,0.0834805175404937
0.16423619265187514,0.05960052170475655,0.09345997091808965,0.09337005230577711,0.12176761629700535,0.1025714744187111,0.1276194347900764,0.11684401882325259,0.12053071809045612
0.08847532532809267,0.0685762839118813,0.31544674869910877,0.07537968191198129,0.04112148437878707,0.09835213234293505,0.10218365805376632,0.10662827667172338,0.10383640870172421
0.08847928119129501,0.015368383529421797,0.08598069850612249,0.10826029978718354,0.0809041011473346,0.06865243260953265,0.11489251417730484,0.12507542797311635,0.3123868610786887
0.0748200285587398,0.08833617739043986,0.2820124772350107,0.09654289997056109,0.033166698507623896,0.05659440858026097,0.11145385431381961,0.1039368073138703,0.15313664812967367
0.0639862251486566,0.015390257253473727,0.05420356164188552,0.16405040244555488,0.017147134183012096,0.34661857051726885,0.11365779761738622,0.11901369592353707,0.10593235526922508
0.10251932749255133,0.07724612020751322,0.02213673333283558,0.1115947917690578,0.17695728932277802,0.10675479030778252,0.10952893302488508,0.09676069393723542,0.19650132060536088
0.10211393793686148,0.03967519622941543,0.08055030960091654,0.14697959820695072,0.17572053500967436,0.05613270866349732,0.12497601636257331,0.15465269872262774,0.11919899926748312
0.11241124555642863,0.16767422192170733,0.21027688760217358,0.07539059092925016,0.05713739189603783,0.1220482963259758,0.06954435458706995,0.0950053524948546,0.09051165868650211
0.0531784740782815,0.43008571624991393,0.06933612043920646,0.050938100381802555,0.07215641401245128,0.1686907174763553,0.07632477628953556,0.0646928740929148,0.014596806979538718
0.06123315435462534,0.085130676708555,0.3459793434732361,0.06534044854479669,0.028379288844541883,0.1617524267381368,0.11168156032508664,0.08331128550146165,0.05719181550955988
0.06476011494865916,0.08725951913241912,0.3361220902085457,0.10959544834741897,0.04144231284202699,0.1376498978633578,0.09342040728773683,0.09191957710617477,0.03783063226366052
