0.06537080757084042,0.09795768002877436,0.28882191841650684,0.12087991990489032,0.08502532583015711,0.05240620012859574,0.08432258957236194,0.07683969979926347,0.12837585874860977
0.12048890194199507,0.06915483750222624,0.03869707958572746,0.11854419128653892,0.07010796083736265,0.11799743938970453,0.06532330438741703,0.2771859873174872,0.12250029775154092
0.09093457138616105,0.12855903083079126,0.0622872338279886,0.13309349122585087,0.13334237908646898,0.10695706067496362,0.10447020997120011,0.11308649003117983,0.12726953296539564
0.11874437367642443,0.080955422866385,0.08936670351554488,0.13259034237753314,0.09443599120391122,0.1452185745317748,0.08357072585963199,0.17079205940775063,0.08432580656104399
0.2435975801337428,0.19236228541746184,0.1505230174268386,0.10019126815024153,0.07546996895824674,0.051516199576402494,0.034158254548780326,0.0477169718347244,0.10446445395356126
0.11843378126007083,0.1215920816636974,0.08021168164348147,0.11215871760841106,0.14897439187479644,0.039489700333739,0.05146716799530989,0.21342522789877183,0.11424724972172201
0.11313513419742655,0.09719043860728276,0.08688882138205171,0.16683849086753885,0.1262221061083759,0.09303606069707682,0.10526961708892402,0.10278492465060977,0.10863440640071372
0.15117575906657837,0.0823468333388781,0.17565341408469368,0.10338070151507772,0.12555699146274044,0.13709744011689998,0.10871208346331668,0.03126687104750378,0.0848099059043113
0.10159855933356791,0.13992744515523414,0.04578643782310621,0.14965239066043146,0.12204339506410149,0.10828899830814344,0.10680922239726771,0.10498940272368196,0.12090414853446567
0.09099087483319875,0.1290198289783385,0.04483564513391736,0.10036476101042846,0.08189376349657929,0.1252513522004162,0.052692534313239996,0.281982604679735,0.09296863535414639
0.11139925287147157,0.129221397769011,0.04365622423899557,0.11040381184104885,0.12084966691485566,0.10705096116807689,0.1166109446170472,0.12731677368225616,0.13349096689723702
0.09065461926415341,0.15480373037421172,0.08967341501094506,0.12483912084271549,0.08550372124413073,0.12245377327178887,0.09132540342716917,0.12030110001463686,0.12044511655024868
0.0776271675755364,0.07976787088063042,0.16380661098291413,0.10984018298456642,0.13574421774188247,0.09994479027237636,0.17323652265637882,0.03902650209183504,0.12100613481387994
0.09103620731888724,0.19129507380317837,0.06535582049692734,0.08126206047990608,0.14288137218271016,0.09073806265854319,0.0595307219204935,0.14777257235837013,0.13012810878098394
0.08613774750008725,0.11351030853567323,0.04231320104691965,0.1709522901732942,0.10401783539339156,0.09011443967315563,0.09438812310685901,0.19156530261844354,0.10700075195217586
0.1072563523228676,0.08681613208211954,0.07303347595886793,0.2016548317965153,0.10908010226163174,0.11361566709639655,0.11798298146207276,0.08048520152754918,0.11007525549197943
0.13306804857190918,0.13315160904075624,0.048970876093363785,0.12284862226246936,0.12654059962008612,0.08417302348807622,0.08688979540494483,0.13949889420275705,0.12485853131563719
0.10627015116102699,0.12326720540420107,0.08230160053065468,0.07703581112940162,0.08974431104464074,0.11764915094431296,0.04198031038756731,0.24677971245216312,0.11497174694603157
0.18193509024106788,0.09385739866717317,0.029496369476698526,0.10318829681017457,0.07684644667259755,0.15119423504438914,0.0636891205734025,0.1950764239061049,0.10471661860839176
0.11848225246960258,0.08515488314611856,0.10583083255347936,0.10099029244429808,0.11970892904667542,0.13335518342936017,0.19360184166075145,0.0338484710051369,0.10902731424457746
0.17887523354384338,0.12891394136322,0.1374259197282616,0.16228490243204594,0.0632315524860732,0.09169548967689983,0.04387535673658551,0.12018183856093616,0.07351576547213455
0.1076319404554354,0.0682917837914899,0.19019302701191687,0.1299993119981007,0.08977349977635292,0.13292129963246915,0.10970945358436712,0.021418071533873467,0.15006161221599446
0.08671343751569022,0.1462536194476509,0.1123228532469519,0.10333306402946706,0.06604692389990638,0.15375895575509377,0.07353639664492058,0.17314839796104473,0.08488635149927455
0.12437429552394597,0.09747689929863827,0.08376096606754346,0.0901733400698464,0.18561516973534672,0.07150215857855825,0.10249000641469112,0.09085678352927916,0.15375038078215073
0.10571250072133913,0.13985360324687363,0.1435212143899608,0.11177106085179901,0.08211288306687031,0.14415424979249292,0.09176152822710411,0.0849585318602844,0.0961544278432757
0.07762121069837706,0.13896810410120988,0.03908403957552933,0.1153423099454078,0.07322418916150482,0.12782897619112532,0.09917514975143592,0.2199336999599807,0.10882232061542928
0.09108002438705942,0.08531237814023827,0.08590958778900622,0.1259937344381202,0.10159382343514593,0.07185190848600458,0.08026512290368712,0.2472796959643032,0.11071372445643501
0.11331236099898152,0.12189117919441884,0.03924974876010732,0.09575495261270228,0.09899727214070221,0.1101107631003199,0.08981003346841192,0.2126239683696229,0.1182497213547331
0.0828213348534106,0.11165092435252334,0.06804840671451966,0.09616628454212421,0.10525113634309723,0.11848674703277828,0.05142696662638596,0.2478509504073653,0.11829724912779545
0.20006986727225118,0.11334387490500308,0.15298895167237023,0.08300890508286875,0.10206038061788299,0.08964706483917072,0.04986189797797234,0.1124867079069252,0.09653234972555551
0.10971768987489235,0.10086606417563009,0.07464773661201217,0.1363813953155347,0.10309420845994184,0.07860747522553681,0.11414397193640137,0.1519962282560993,0.1305452301439515
0.1055990002355166,0.08726333873638108,0.07910602271400019,0.12227871690352603,0.1369287893450312,0.11975739571090438,0.18980497049068312,0.052421123326249236,0.10684064253770809
0.10849598671292286,0.08303125125451932,0.10905716112439934,0.1419742482233112,0.09384187352177209,0.13698199112243245,0.1076632886100175,0.10759882242298724,0.11135537700763803
0.10019187646713139,0.08635655578508884,0.05840155204379247,0.11389880448165045,0.09454885050010776,0.17024544548031453,0.09875448856290979,0.16054848680875186,0.11705393987025287
0.13218499459537467,0.10605949863072407,0.04405261801829802,0.12157631402940176,0.11866456796129216,0.0658105913140453,0.11109190050851155,0.18684075355530202,0.11371876138705046
0.1791799278811628,0.18914881920908896,0.11782861868458255,0.08625072630504627,0.05782691169657347,0.11018162857675894,0.04212718109762776,0.12856549480971047,0.08889069173944876
0.07718159473580793,0.0845748427793449,0.30647211032818267,0.08916933888455585,0.07737009526114327,0.06103347762564191,0.0941373799846863,0.11836364399555403,0.091697516405083
0.11421939161100962,0.08023532878811944,0.2278104339703073,0.11971869160195164,0.10198878017357922,0.08489956689848155,0.045486886839909445,0.15666716986752194,0.06897375024911985
0.11097995739988936,0.07696938339768455,0.0849195627704175,0.1395204702742843,0.09937267952743234,0.1465623994342142,0.17064025656510942,0.08519206273031675,0.0858432279006515
0.15028777782771785,0.1448061921500625,0.11958471072891629,0.09172702323816344,0.09134160156241171,0.1319587549052279,0.08042694855049037,0.1022858463816877,0.08758114465532223
0.05981101314128857,0.12576969044127514,0.04458267895759762,0.07576869731110168,0.17711271337805246,0.15851570921779912,0.09278731414147294,0.16416678958955885,0.10148539382185363
0.09964117840209326,0.18124414055141422,0.06773748311616835,0.15309921343728206,0.08952178857408298,0.08391229388740691,0.07391662293335362,0.14596232662189612,0.10496495247630261
0.07067820112195394,0.14927729994903613,0.20083209828933624,0.12756067412364427,0.07021389926374982,0.08349757686166843,0.067863345107134,0.11971346309808122,0.11036344218539594
0.10888084391170526,0.09219466853537119,0.0462152767042992,0.12111368681503959,0.10130300549093742,0.12165487770523813,0.14204052844224144,0.15812580675096483,0.10847130564420293
0.10069018162711833,0.11060498262621273,0.03092200384680562,0.11778607134687946,0.11550209902639287,0.1317587238842962,0.16249798731059112,0.09890772547024977,0.1313302248614539
0.12331786280035788,0.11278075920070003,0.0840677463609439,0.09000684123454243,0.1328591887787943,0.0905890627206874,0.08769222859095101,0.15716521811410203,0.12152109219892115
0.1209873590465721,0.13357910564554457,0.04014758286318238,0.12354869502971266,0.09052070531240812,0.15339605214570892,0.09423262155272871,0.1102976069025317,0.13329027150161085
0.08037345219083587,0.14477382218318488,0.04505409124756823,0.10115535228308149,0.11722939596366556,0.15783683547306962,0.07344949992107147,0.14525601888443934,0.1348715318530835
0.13992350743782075,0.11708564951696694,0.17586060322636443,0.13462008900861133,0.09768563931020953,0.09075727729709653,0.07879153988955408,0.0640282678159443,0.10124742649743212
0.17833251980593035,0.09517212995189239,0.030474893736779474,0.0967757046625849,0.119307587878049,0.15593815598437782,0.08156708162311715,0.15357503028615946,0.0888568960711096
0.0878229726542417,0.0900051045987789,0.2692808495672917,0.11223108962819635,0.10150583228437245,0.06906513438988694,0.18605234793489675,0.015338521760344781,0.0686981471819903
0.15140553655715105,0.06716606921223653,0.24977798934932305,0.1106602401471628,0.08034081921171166,0.08973598796323691,0.08160177594239161,0.07199822279512037,0.09731335882166599
0.1395500956490118,0.14595943379255835,0.04486272011773416,0.09061286267040147,0.08125967977719424,0.05366991961824626,0.05322315874257869,0.26447140569791183,0.12639072393436326
0.12576322695113526,0.07536291632330137,0.07653631861195616,0.12146570170281841,0.11263472014845977,0.08727109638795956,0.1662024357830984,0.10990471131427348,0.12485887277699763
0.12325819898459846,0.12278756245844182,0.07549664792915972,0.1088913318684283,0.057398415707820505,0.19161137159498734,0.0718398311382273,0.17664701354538304,0.07206962677295349
0.17237041629538788,0.0690425429015006,0.16890820340582716,0.09526157507501935,0.11245877290894263,0.0944870528046463,0.13799617485592097,0.050791581583045385,0.09868368016970978
0.08627713154499371,0.08228574555498808,0.15443429460378166,0.10555075360180999,0.12471722866930916,0.09046938509922721,0.22617465377582527,0.028170812866291892,0.10191999428377302
0.10753477132564278,0.09205599861801765,0.11542736612386174,0.11447873540801183,0.13680732465500212,0.047047628623268604,0.07013796829619894,0.21146278173060962,0.1050474252193868
0.19164057579964736,0.12331250544922505,0.04609373118287732,0.1150610517331553,0.07064864797553673,0.06369955533879623,0.053768775802952216,0.20375599000895825,0.13201916670885153
0.12017070989780937,0.0749889076088321,0.25754753011420745,0.08561433922174534,0.0762651976977532,0.07634706846529875,0.047903795423669966,0.1677233842765775,0.09343906729410635
0.07983413163437798,0.11481911372471337,0.11384230679871499,0.10598587591114171,0.0801799784674481,0.21189655675216068,0.1447866523255176,0.042412205335878556,0.106243179050047
0.1525473953116273,0.12948327606670407,0.09702210808008145,0.14231345821672803,0.10974893540256904,0.07415886068458712,0.08992088580270523,0.07094985695096612,0.13385522348403164
0.12044199993230063,0.1432037749143774,0.026418241004006342,0.12221065985921176,0.10811164209650036,0.1638984572813558,0.1262184529243818,0.08584770824799422,0.1036490637398717
0.08202134591457722,0.11422882993028503,0.14990517905304113,0.14409948004714832,0.15585596704759652,0.072734368767885,0.12269423997824054,0.03440573143088637,0.12405485783033993
0.09187874193675401,0.13262658744504316,0.11913917963697324,0.12606371518800513,0.0743990118900589,0.10476654759212826,0.17619269616514,0.03852617091469978,0.13640734923119757
0.1258548131818572,0.13073906700215965,0.043381339298055384,0.11935675779820122,0.10094068098058466,0.11369342635544753,0.09366414809039052,0.1674303370166745,0.10493943027662934
0.16147741039741625,0.06680058997059168,0.2494178435934764,0.08775470560811915,0.07677405802335652,0.11092906227041784,0.09400486456705799,0.06318482106977487,0.08965664449978933
0.14303047820532042,0.07547111651667394,0.12577699996861147,0.10418721114890646,0.12752286946180688,0.15249204078980574,0.14128435199288167,0.031009602263641984,0.09922532965235144
0.1459037217294897,0.1061607039710909,0.08174138574473544,0.09657910823170678,0.08034408157873982,0.16181503035729508,0.08276225980312589,0.14782675304088125,0.09686695554293505
0.13576774539388892,0.072930473870526,0.09299722531113135,0.14909161561162732,0.0878748872439371,0.09339207498870057,0.04435033828583449,0.2280775993937569,0.09551803990059728
0.1644911921861608,0.09015328687148912,0.0766063416579849,0.0779198905300356,0.0916785301314831,0.1632732797175321,0.08623754659091214,0.162343093552332,0.08729683876207023
0.15004288753560222,0.07624126242412281,0.09063866403902066,0.14410307037329576,0.1380029350070918,0.1404580122603289,0.13854494643431414,0.028272586818232904,0.0936956351079909
0.09827151552734466,0.11121789720266463,0.11774876531110673,0.11908157595639735,0.10395435081233607,0.0839823211133372,0.07821722727939888,0.1836152570039842,0.10391108979343026
0.0919465702823158,0.10191085720193367,0.04871744847043322,0.142620765233478,0.09434029234710338,0.14389938817863634,0.07663712689693063,0.2093457745391262,0.09058177685004278
0.09418476848626191,0.07421631548104772,0.14212173007607468,0.11356633165825115,0.10299181239313286,0.15198062023395634,0.1482081700384772,0.05241741519228945,0.12031283644050872
0.11551859656539022,0.10306176944623312,0.07614986518794002,0.0908450116000336,0.10088766452107684,0.11075988080609005,0.056310288576593405,0.22536449045065962,0.12110243284598314
0.10459728022058208,0.0906845787090718,0.13283017156712404,0.1240868805121121,0.10886662895165676,0.11603919176840272,0.10729878232243271,0.08556916134798857,0.1300273246006293
0.1398519815283604,0.15843342392341495,0.04217801945571196,0.10022061613388876,0.09317543920282799,0.1205948981153269,0.13826449998463242,0.06785704620162579,0.13942407545421084
0.06983865287890285,0.1729119832861987,0.05761444798435739,0.11444599925949499,0.12709288716987316,0.05914618869590808,0.0497153761871213,0.229691204854941,0.11954325968320255
0.10092954157151197,0.14356794227728373,0.04139974668956926,0.10085778907587821,0.0796411023980639,0.15271006925874892,0.08624700263170464,0.20383443575628743,0.09081237034095187
0.09896420125200894,0.09202973771773106,0.040455539970014213,0.10105116682496544,0.09049989064042425,0.16133256062768367,0.1466594248304153,0.15525377119515485,0.11375370694160225
0.15225609322799946,0.080670833015713,0.02070903000618916,0.10451593546158137,0.1072998171483754,0.184706099440718,0.10467667399651237,0.15123680283933913,0.09392871486357218
0.21600260683813519,0.09568664320592866,0.17787430910991242,0.08570553874521807,0.08421180554367723,0.04614529766907338,0.04854591427363943,0.08390567903661672,0.16192220557779904
0.168225098931826,0.10449170912871185,0.06196978689094399,0.11049410294734696,0.10711314904239155,0.10582228289602942,0.11996682366317418,0.08890302341995197,0.13301402307962415
0.09486548026756397,0.10673135783662295,0.02318093196577302,0.11374185940883312,0.11329392173812465,0.1090901373487494,0.1648085252647105,0.17266106334787465,0.1016267228217478
0.11546522607824977,0.06473663639920135,0.042327136429113406,0.10963049195385026,0.16657042668663868,0.2243927863788595,0.09203300006643104,0.0898196832813401,0.0950246127263159
0.14150431145868358,0.07946766214276549,0.05099526504804286,0.102313591277205,0.15946405436899921,0.09720701876668497,0.19586762966208535,0.04281932392618635,0.13036114334934715
0.19443181882576654,0.13360503470078886,0.22314280199023395,0.13573907277726618,0.055730968879110054,0.04380414336727009,0.04165323046665096,0.05034336473212301,0.12154956426079037
0.17810989139215028,0.13053713386607768,0.05903115298959647,0.14614359731983276,0.09034356570845291,0.06812944597029794,0.08866997464379439,0.1055925462660468,0.1334426918437508
0.09634766165331975,0.1679669209364917,0.04073670646699473,0.12757339907553888,0.12606502925264665,0.08630761235537315,0.10894688770151036,0.08485274566750371,0.16120303689062102
0.09617938288218601,0.22463051260337533,0.17489405282264522,0.10057710429385502,0.08646399369316622,0.08457832092159866,0.08027207751706722,0.038212907003729375,0.11419164826237689
0.11195586820906805,0.16076661026563868,0.1544151353327314,0.08528714368495231,0.09887369233423655,0.11408832400341047,0.1352651363698745,0.039855626998226354,0.09949246280186168
0.09306371847848911,0.09702497428704356,0.04424023619946273,0.14813144332161501,0.12081948948884536,0.11596292679546295,0.18898522290394437,0.09327332171247599,0.09849866681266091
0.1555762143282049,0.0902996549900401,0.07587653602842344,0.1728513767833478,0.12397823443829686,0.07160120914279698,0.1536167452618111,0.025261582752811887,0.1309384462742669
0.12559382683571996,0.07876614541591029,0.16861404586169593,0.08054453305054754,0.08596365698151294,0.09789834845635008,0.07354286945447293,0.2036724009810109,0.08540417296277943
0.11747024567937041,0.07172501085582855,0.09551694637328977,0.09525729902931812,0.17116616834900475,0.13118459468269375,0.1260517399921683,0.08513761795189549,0.1064903770864309
0.19200175929584642,0.05706599408378845,0.363204112612074,0.0799017775914636,0.05919882082768862,0.09322006724439909,0.06764243610659108,0.021097190656342257,0.06666784158180655
0.11333502676562125,0.0807898465513664,0.15977827426858812,0.11125858274224969,0.1046593425178345,0.11278613200088533,0.12892592017843735,0.0832782601505656,0.10518861482445178
0.2065256741568621,0.06206196405627886,0.1088124452277437,0.11097902931583824,0.1425595195106588,0.09075517121100324,0.07718398087419061,0.07792267915797348,0.12319953648945099
0.07852413203247095,0.11265686372316502,0.03033894227398729,0.12219993956370871,0.09306154188815408,0.06857467137343967,0.20587106666578184,0.1380627776607388,0.15071006481855365
0.0797527928173753,0.07367078346963611,0.07249478127694449,0.13045254356988287,0.12905114696776193,0.15881181267326072,0.19948195232650698,0.06430632058271113,0.09197786631592049
0.1576110324614156,0.1187967542400954,0.13006028234387276,0.15139700487231741,0.11319790308824652,0.0942938058341863,0.09952690125301421,0.05030873055017567,0.0848075853566761
0.10623886349737292,0.08193958362782504,0.17134033583071936,0.10419424621853496,0.1051198407239994,0.1351611871206643,0.09292412066161164,0.10796266469829045,0.09511915762098193
0.13033114190810324,0.19434196696271636,0.056282719881837716,0.10077229823237262,0.1263621456612999,0.15074012969673464,0.0796625705749763,0.051475267048848555,0.11003176003311065
0.25065434162514283,0.0987714845764696,0.08531789403243728,0.10674642059056448,0.11667852412382844,0.09716290605556556,0.11722183838560145,0.04607774478664506,0.08136884582374532
0.15651736815957695,0.06908883860367214,0.21070459544362696,0.08831221140481244,0.08781680975941024,0.10950191047217257,0.13241142970685507,0.030327143490362047,0.11531969295951162
0.10263421874023347,0.20543513247897846,0.06134211465222727,0.1052164697754513,0.08220300321050311,0.14320215157873142,0.08256366203420674,0.0893035824619647,0.12809966506770357
0.057795996000289195,0.15611574827571775,0.04703797808972782,0.13242957258242632,0.06591149266416607,0.09875649447821495,0.06302729869337777,0.2724608863981461,0.10646453281793399
0.11356874039975255,0.14769783867594105,0.03149559462683441,0.1423973013533741,0.08107502539347182,0.06492878997314332,0.12165355504018505,0.16724083087222144,0.1299423236650763
0.062335031613982905,0.11175585915985116,0.15918266377497864,0.09012482067652228,0.08519015932074803,0.04691737833540191,0.07234443317931302,0.245724745889055,0.12642490805014708
0.06121023093886799,0.16162937614362946,0.08040353524369671,0.12389613630253953,0.0876439752726823,0.0765893009095102,0.13705966389431345,0.14177794069006552,0.1297898406046948
0.15538011953060832,0.06893246919273403,0.06643939477143718,0.09266334454131271,0.11453261996895105,0.14273969022596472,0.10537511305577113,0.12965447832420626,0.12428277038901454
0.1264600704540627,0.10046677152952377,0.039549708596976284,0.07556068098395795,0.13111532779261964,0.16627675602590383,0.055482940728918316,0.19925597763473848,0.10583176625329897
0.2689982278946885,0.07570316238448278,0.10959331382729443,0.13527118652776557,0.09270040926276003,0.10359295555440336,0.04973008381149926,0.07771462237975214,0.08669603835735389
0.0840849555128773,0.10575603853692599,0.06483963523757888,0.10529752373531513,0.13513808159450721,0.16855291138985065,0.08195569763981031,0.15425875401335737,0.10011640233977716
0.06969746902812479,0.1134601058222753,0.1325752909544066,0.09554165192731046,0.08813053788486891,0.10842773011093632,0.07288570673669505,0.22415052159038296,0.09513098594499952
0.06603231073797404,0.0947762844291884,0.27161136237757516,0.08809172906992269,0.10096918163947237,0.08917948232492608,0.061565253776520036,0.10519307500704317,0.12258132063737807
0.09698006273441155,0.08208097998512975,0.09701769475415935,0.13823663724876095,0.07445337274980639,0.13330377538527394,0.0746027909834328,0.20356437279970238,0.09976031335932285
0.10323758259980055,0.08742437422036968,0.01966119121429539,0.0894537319730034,0.10939741144440925,0.08479348749302294,0.0943117117981125,0.2991297458307162,0.11259076342627007
0.101970015935532,0.17110772054417012,0.040498773171988016,0.11589816680154275,0.0746841107050608,0.15520230931760995,0.10051951677061388,0.14314630707044906,0.09697307968303341
0.0953769727803792,0.22810481767403482,0.05422113886645197,0.10900973092359213,0.11884426369872754,0.08099567001642609,0.0653492756781026,0.13647409975400407,0.11162403060828154
0.12179455525746034,0.09864567951937082,0.15410193722172796,0.10740040302706415,0.08204894168317158,0.13048683360167915,0.10895178671397861,0.06836287213168349,0.12820699084386386
0.14870876148179987,0.10181887358469599,0.1892949372848789,0.11545733700528861,0.08971055964729376,0.0874500746247137,0.10102109294624466,0.05909013319174287,0.10744823023334166
0.1393147060543818,0.10097320727001986,0.149746501953825,0.11402385469166927,0.10329377272914729,0.08231131052215705,0.05415596028619012,0.1300185608711247,0.12616212562148485
0.10759012794793217,0.1000922337581545,0.13716275027668723,0.10989794421079789,0.09811949122969128,0.1316846375553157,0.09589294235899291,0.1266963740305865,0.09286349863184185
0.07215799927193459,0.07217355126794256,0.15543523052369415,0.17494141283804066,0.08187456025585804,0.1412695707835879,0.13449403679835104,0.0669112710921221,0.10074236716846897
0.10896155357232025,0.12833644889007745,0.12274810816455671,0.08740405341459358,0.15328259869674155,0.08063429069816906,0.14219952054847076,0.06124784113237538,0.11518558488269533
0.1396617121435945,0.1111383033657077,0.17057702814738163,0.09272483121773417,0.11410039436235851,0.11605703282156914,0.06727492473840929,0.06656037020279315,0.12190540300045193
0.22416948459784658,0.0996620445566014,0.15327567638581616,0.09912122862664424,0.07144334572853783,0.13552713735274555,0.06866257159183493,0.05389713266314711,0.09424137849682619
0.15787530585792786,0.06758998384026471,0.07782101952878573,0.11434904927487695,0.14516021563655251,0.11551417377988604,0.12534918592727404,0.06947224336528598,0.1268688227891462
0.10611673499646945,0.08914352748919703,0.16753072185993342,0.09473525416028215,0.06986303280998951,0.1918612115908753,0.09298801496391108,0.10729455701383561,0.08046694511550646
0.11663386817880007,0.06562974680882948,0.05579873153545434,0.1105576454097711,0.21149152008200053,0.0827771129322926,0.11999710692797377,0.10756416876361759,0.1295500993612605
0.210343304434095,0.10122821723359017,0.05051456550686906,0.11722885850114412,0.09017567148652054,0.11541574812996241,0.09927838629586444,0.09029800641496216,0.12551724199699213
0.16811628028659922,0.08703584955491207,0.1652773251771634,0.12872836307236926,0.08798962714119056,0.08458877361378542,0.052168555580826,0.11566533556435017,0.11042989000880384
0.10461946700823822,0.10575822333426314,0.07913066439196477,0.10774289639219405,0.10502665765245589,0.10754479710068554,0.11743556022610781,0.1670251736364906,0.10571656025760003
0.1490026990759241,0.06889720361466566,0.09712993772614893,0.10533878665002015,0.13026121028616314,0.12204628530510962,0.09918049472151015,0.12521576460575248,0.10292761801470572
0.14293261433442994,0.06573652372057938,0.2623639002439127,0.06897722912622185,0.08591719974187222,0.15278836746881183,0.05588225106882629,0.08296572518288027,0.08243618911246553
0.08031270809592986,0.14081582287374436,0.06010930638756636,0.1081891417177195,0.06896849666304133,0.07560363277967767,0.05208855524273228,0.28792603903584274,0.12598629720374585
0.23287297265472698,0.05285679356150682,0.16809876865330672,0.09606913207175316,0.09072174743977579,0.1630381771426652,0.07261233370149407,0.028741202001356502,0.09498887277341471
0.21148117296273927,0.15442504275721072,0.09567910749172544,0.09989731501679344,0.06983753081183303,0.12102964926591613,0.060507133929940636,0.05977726556644523,0.12736578219739622
0.20217994711992435,0.1103323399926553,0.055797122461685354,0.17870854682356044,0.10215461404892696,0.08600827804757212,0.14422444180849173,0.01624397021554099,0.10435073948164264
0.18085517208078228,0.09475376267310831,0.10554654195804007,0.09061020277262412,0.06842160723242209,0.16627546507018962,0.06371673911736193,0.1040551031291501,0.12576540596632135
0.07595223738498262,0.13076843267289184,0.04551743229669166,0.09383065068278072,0.14545674967075364,0.10358977376908855,0.09607561969761914,0.17323305692646726,0.13557604689872457
0.11624764684900547,0.1684107915812744,0.08653099382808216,0.08813843863537374,0.12043071478833577,0.07784853349090204,0.13611256181834916,0.07776386425209386,0.12851645475658346
0.18720110075519805,0.08039973161928904,0.1276854961321534,0.09266308409675511,0.10898071790444082,0.04045650779965012,0.04289991610782722,0.20792036537841785,0.11179308020626837
0.1032386722499895,0.11380209379726546,0.04420780027342125,0.11839876649370691,0.16159874667200624,0.11526094768649492,0.15897680996529198,0.08069215061354616,0.10382401224827754
0.14273347446449333,0.08006041509830918,0.039455721779482825,0.10764556064228085,0.06368000667793262,0.1356369223132258,0.05483370327462936,0.2726652461405967,0.10328894960904937
0.09956910755256372,0.1812034450281108,0.08122094196543223,0.16075342472819729,0.0913949236433955,0.08923401346855397,0.06571216625238167,0.11952381438818586,0.11138816297317905
0.17574251641510072,0.08145732972715007,0.11039362037358413,0.1575970792401849,0.12128616163824901,0.08711241215152382,0.0837333973416104,0.07183267096900119,0.1108448121435958
0.13828537669834692,0.08551616177115608,0.2347898963855017,0.08547822604305833,0.07790793413141141,0.11321914696786135,0.09243300053896077,0.05434251071139681,0.11802774675230665
0.12643179270933036,0.09180932648112888,0.21919546389110947,0.08994283022035382,0.0873771000747607,0.12833831776285667,0.07719555681450953,0.07909266262927835,0.10061694941667221
0.23126409428211722,0.11210738279309945,0.0721079222761118,0.10491148523726823,0.060885606263639834,0.19015266855943777,0.057155017135156604,0.061515395026071285,0.1099004284270978
0.09776218676871988,0.052268304757769474,0.17606969412348752,0.22775860600968953,0.08469833293970251,0.11197620252948559,0.09225753684404998,0.07721799275174045,0.07999114327535504
0.08044344181806203,0.086457119366783,0.11084070133199446,0.19093483792007063,0.115782012547824,0.08296000211838256,0.1487107104498156,0.05951721459847098,0.12435395984859676
0.18825718824922202,0.12176185359251966,0.08422414661085299,0.07913326360511168,0.08840165302897918,0.09608207903646322,0.12364065459054502,0.07880538983994294,0.13969377144636325
0.10435618127767769,0.07264835348578356,0.08040051279619953,0.11862479609694605,0.19746209365434805,0.13628816331331156,0.09954408133549664,0.0726367043445078,0.11803911369572902
0.15795865710037418,0.09536889885653364,0.05125653384602141,0.12055045147881305,0.1510727088688625,0.11632309261692787,0.15131606280095242,0.051541294780790614,0.10461229965072423
0.10683952568559478,0.13040933587236464,0.07190666461093313,0.11884822093280883,0.09623625854066704,0.12675140863729178,0.10738932464136954,0.12755962726983744,0.11405963380913282
0.11929193255657732,0.06718327725602154,0.23328878672026676,0.10400599612260016,0.11943155683911484,0.11007884961022762,0.12930703480392378,0.03662797224758161,0.08078459384368632
0.11131783653250836,0.09010563400078203,0.14268449669180785,0.11993327075034288,0.11560847213949053,0.16219446234342963,0.1436765380015149,0.014136884424971302,0.10034240511515254
0.08686346677736327,0.15902620467889084,0.10662674903580892,0.11183180912700781,0.08660846917874238,0.11266564548414432,0.08801330723962954,0.1266909710949452,0.12167337738346774
0.22558483294326473,0.08895302355832395,0.08411817943152906,0.10348653632262582,0.061117744335805226,0.11453339610328467,0.03165008799065489,0.19868762145936167,0.09186857785515001
0.13176618851436264,0.0722778738937893,0.1610142569494783,0.0965474097515494,0.08818559625682654,0.12185908160371002,0.18866410456931546,0.04787220056825947,0.09181328789270882
0.10704524336137122,0.09791322873861336,0.10108675411133784,0.1278962760023392,0.1320027914645323,0.11524949747615985,0.1334208804082245,0.0963830625315331,0.08900226590588874
0.12802843501400182,0.1540224366237888,0.05124799846766182,0.1059981982660048,0.12217685412837986,0.10604212474253473,0.1524424829371673,0.0552401247571623,0.12480134506329855
0.08669201064000197,0.16416254650084286,0.2425646707250663,0.08372818173285941,0.0790892290364053,0.12005158670831746,0.046433621439900735,0.08834685524099589,0.08893129797561007
0.12815798616617086,0.08663383721516556,0.04648966606522383,0.09016978040707631,0.13602077463810733,0.12610925564740458,0.12119729581251003,0.17038706735466336,0.09483433669367809
0.1076711325196062,0.12071036028980676,0.062074818508315865,0.10554139033711411,0.07778108467901211,0.2074838854625148,0.13063478462943492,0.09528707954774052,0.09281546402645467
0.1343540960813159,0.14702133780192206,0.0504072911667471,0.09503727345989595,0.14861183359851468,0.11294035148319503,0.08900326096562827,0.09913457456382924,0.12348998087895185
0.0914285660537275,0.10836640051125246,0.07434485312142838,0.10624496450391353,0.0721416630303544,0.09053147970216686,0.07750525986697346,0.24663084990263903,0.13280596330754446
0.10489626689238905,0.13127742396070743,0.09256381077777483,0.1439264388895826,0.0881287989970852,0.1832240124041604,0.08986962141665668,0.08423939230431647,0.08187423435732742
0.14223827821861212,0.07602261946233892,0.04407144612411318,0.11331802589729628,0.14686346503411485,0.13217724190732064,0.1474368143498331,0.07508515052958604,0.12278695847678485
0.15092952768273518,0.11426629384011672,0.04839245889180962,0.11036227292651724,0.09254269538443656,0.13869988769974675,0.1005336155819141,0.14667081463965356,0.09760243335307024
0.17876774026362452,0.10415857399304296,0.14314823118183434,0.10906150404295455,0.07339567631095913,0.11542305999669648,0.03391117157323973,0.1388535775333987,0.10328046510424964
0.06805543158835133,0.08437040723232554,0.33106301949154754,0.08878632273139582,0.09219764912187885,0.05770037919436122,0.0885421644628603,0.03787639774404874,0.15140822843323057
0.07747370139903176,0.08531546909959614,0.22363889501843026,0.19350900203205582,0.07117533310541767,0.10922029711184422,0.08656106950796709,0.06874581518176968,0.08436041754388733
0.08317099261393111,0.1059885986950377,0.10997593274929841,0.10591023239327106,0.07657158865251355,0.1399714178063396,0.051597215212189546,0.2315014143469657,0.09531260753045333
0.12146794438053167,0.1690138875990704,0.13507201253439136,0.09900281843016943,0.11220513880864262,0.10734355304572048,0.058421052179038147,0.10889417018333619,0.0885794228390997
0.06063428188879525,0.11264439129792164,0.04751268057230602,0.08831871603984708,0.11777487038711483,0.07135275345834458,0.07221774506423552,0.2842803677221492,0.1452641935692859
0.12932304917275939,0.11660344325674238,0.14359150772331017,0.14344828245460842,0.08260149758317481,0.10141015432006543,0.06882362156202528,0.12574319404074774,0.08845524988656639
0.14613667160160487,0.16467625489027085,0.061853322151205294,0.13758632984997857,0.09963101360071196,0.11948172799254035,0.0911518025274745,0.06930618886618156,0.11017668852003204
0.12132701529046487,0.12982962850387664,0.18664370395834054,0.11011999949187905,0.0860722723114174,0.09604458625182992,0.08696132584437372,0.07096837698652846,0.11203309136128943
0.1630749179256662,0.1952618887987787,0.09854120732728174,0.08418208519018723,0.09214000978455111,0.09315792352478013,0.059042864741375295,0.111361742369649,0.10323736033773058
0.0937295717466613,0.10274145062130204,0.043721771363064814,0.1370067636564784,0.08030374002927405,0.1165590715805541,0.1107325799598713,0.21301018505311795,0.10219486598967602
0.07954913378475359,0.0919512798305135,0.031915538962471464,0.18568602432763284,0.09675350481837847,0.13417679759567502,0.1194143849983369,0.1513931077725613,0.10916022790967685
0.15203153699314062,0.08993387680087983,0.08495597095274716,0.15467984623858597,0.096836955089678,0.10920202627329355,0.09744767593545277,0.1265626761136515,0.08834943560257054
0.0838088533591651,0.14515859569502362,0.2038912592774624,0.09498955649802575,0.09541748543941349,0.11488586973088881,0.07912568159633117,0.08541344395199514,0.0973092544516946
0.0598508479959285,0.07361024949842239,0.047507254586928366,0.0876587178678498,0.18051662140437963,0.08329070196993073,0.10954344932980908,0.2359637659215318,0.12205839142521975
0.1151251194211627,0.09880375059831152,0.08337787602422404,0.11942339158267345,0.13166854923597948,0.07104297042355032,0.09258691030677217,0.15881313254947574,0.12915829985785054
0.17770576485448997,0.09222706897371963,0.18500170015233905,0.08807266477045798,0.09012196719144087,0.07721853920690454,0.09464632229525716,0.10121122194136818,0.09379475061402263
0.17704044123939267,0.0811278424978527,0.046005858042551716,0.20686911169184716,0.10542693399130543,0.09307286028634998,0.12129088528166827,0.08044141522692952,0.08872465174210249
0.15025241864026517,0.08084043771651088,0.15177505593788485,0.09009824008140803,0.08248802956859709,0.12004672057199123,0.11686334173473435,0.0815197436417031,0.12611601210690518
0.11127585481247126,0.08456386886806022,0.057049628649457396,0.10371542282420744,0.16501121139492078,0.09917818203097767,0.2307011595986428,0.04660085892469688,0.10190381289656554
0.15253103431125345,0.10933133031363496,0.26218313932973797,0.09450739428182381,0.06869172075020495,0.11360446388476242,0.06966445093590608,0.037953132531534074,0.0915333336611423
0.08481216343986135,0.0962697824232747,0.3139075050420966,0.10645584705732465,0.07421254668858668,0.130794998940352,0.053000300884544445,0.06311891164343728,0.0774279438805223
0.09267486987834628,0.11427857964897858,0.07351772404592996,0.1449109084654632,0.08330437919816297,0.0790602374113734,0.18037084165437492,0.09001024016102364,0.14187221953634702
0.1579987945021117,0.122168966047912,0.1313093988680545,0.06950530260670758,0.12942564831830247,0.18657041183774123,0.04462498144713744,0.0622292366939596,0.0961672596780735
0.1093584811855345,0.07864303361754708,0.1208803873798568,0.13819127475374507,0.09154717676242163,0.0845909842370337,0.1148721090326622,0.15576914687838925,0.10614740615280972
0.13716433575297368,0.07807054716863289,0.04554802183092355,0.13648231054664903,0.12669436846412518,0.142532153074762,0.18006006149050333,0.05105923100331424,0.1023889706681161
0.16975045485494186,0.1205154730942004,0.05561400336664459,0.08962026326972765,0.12484692336026189,0.152960357063513,0.1374345663655098,0.04443100714629888,0.10482695147890203
0.20388790755431985,0.08751724630454212,0.041105929604060724,0.14726780378178048,0.10626653930925896,0.06233742340820328,0.1294955833615715,0.09031101938564347,0.13181054729061958
0.08832343305623856,0.12561673027188067,0.10698940718100147,0.11161845447517105,0.13624460367720587,0.12188111513892415,0.11196076321577103,0.07561876231873199,0.12174673066507524
0.11044757657328826,0.09327799849912109,0.0576690061237806,0.0970227398005961,0.1081298543308385,0.11969451969840093,0.09469003641970729,0.21791142083353177,0.10115684772073542
0.08025392090303496,0.0661563304912708,0.048030660311630335,0.07618535283072086,0.1959041394794339,0.15150962403133506,0.1490420340654874,0.13081640815362272,0.10210152973346398
0.13878140269507802,0.1514865037760635,0.050982624146394456,0.09958585520574864,0.09985732525566175,0.07519134118157499,0.11791506851661943,0.14890206183490093,0.11729781738795826
0.13097489746734747,0.05907296385539388,0.17116983045116044,0.11155480515453127,0.08622620099462802,0.12616985552344165,0.17783178744563277,0.03170348337162035,0.10529617573624407
0.0944618917201696,0.07945889975219711,0.09889373464137702,0.09958077859705754,0.07748476719561899,0.10059049936116715,0.10764850034700385,0.2247831793358859,0.11709774904952286
0.0991533351494613,0.06802247314780917,0.14556838379339473,0.10732714566090062,0.08207991984434476,0.2013200564525457,0.06964737326605397,0.14683022743422475,0.08005108525126503
0.15057600206678287,0.0836049875043332,0.06358549902939979,0.1459110856260246,0.12719522349019086,0.14923624158159587,0.16078955670954448,0.025914646733494074,0.09318675725863425
0.3222144859453921,0.04681462846763692,0.2512783726604939,0.08051726173888056,0.059139661524289205,0.12291120109570634,0.027769308759368366,0.027440505620335027,0.061914574187897635
0.08182249943442989,0.11090284945941593,0.1608039896226078,0.08794085213824654,0.07026349588500407,0.12707048502127072,0.09197630497668476,0.15032114913514802,0.1188983743271923
