0.010933693639598339,0.19331446601328903,0.20087115450081072,0.032156421561278535,0.03177684498869395,0.048508462566679234,0.0062887857700756776,0.004244062574157249,0.4719061083854174
0.06532531506912596,0.08430019764765274,0.029752085760915075,0.1327434954237735,0.4112743721900367,0.06838323648005872,0.03530212289962643,0.04284478842163322,0.13007438610717761
0.014426690906038186,0.2556255443332866,0.03160741829938813,0.07020379281980621,0.15178232095456104,0.13120379971384197,0.10652079160891452,0.1423595733858128,0.09627006797835048
0.0175343372451835,0.32808205405262486,0.03355121756791785,0.019199847895937077,0.4257428574725173,0.09450022292997262,0.025313412947443294,0.02999192816245397,0.02608412172594958
0.10608517404703499,0.4105290194613371,0.018177004188413486,0.07755712891442261,0.23167240296246186,0.04478557470796116,0.0415027876206819,0.011049714998419684,0.05864119309926724
0.022541638906160986,0.09369716261429846,0.01511565867434915,0.029016781479213244,0.5327011395479214,0.08816902846838008,0.003442121678705865,0.02451359858433406,0.19080287004663685
0.02446993345035291,0.35356906358853707,0.11134359219542189,0.01280824359359919,0.4081404158576432,0.02504699212039072,0.0014834205367870344,0.03901851153601819,0.024119827121249757
0.007749023862402396,0.21754521559603077,0.15416743785764067,0.033273249278158196,0.01099647078734694,0.06190578958095213,0.03958595446610036,0.007329191545089666,0.4674476670262789
0.03713210160938824,0.22577572155821288,0.008827843705326986,0.03326114404532222,0.4017391790863026,0.04347668597235871,0.023844519149737,0.1912946714022646,0.03464813347108681
0.003972594457124256,0.386167872367903,0.138169969808662,0.019474912201071285,0.34402247266578967,0.03396885252180589,0.0021559000714258037,0.02012269237020708,0.051944733536010874
0.015476757440105243,0.09529693954455454,0.017454677247990626,0.038286695393403396,0.5719974357646099,0.14293590177824825,0.022942558998893043,0.0502807955404706,0.04532823829172437
0.00312919390664451,0.3727826235199529,0.02257267206238904,0.025270021808180994,0.11560764052851519,0.04349133383977217,0.013709880620678488,0.009345321915109254,0.39409131179875745
0.038262562164528446,0.1274037071426695,0.036479092048168106,0.04668731984189908,0.054090774942777586,0.07179268498345327,0.0316575087804526,0.02884490435062057,0.5647814457454308
0.06899123291843069,0.18125486531702525,0.014022703874543777,0.03507694893061782,0.5539257657657454,0.04820752958574073,0.005414585597696714,0.03333709860817021,0.059769269402029285
0.01520984014512857,0.3774131615293523,0.2408658461541048,0.029108195848830565,0.15132228998645494,0.08406276184505969,0.028315189733656213,0.04072652871208681,0.0329761860453262
0.08367044315655764,0.00602331731695295,0.025919912141751062,0.0483525356743399,0.15464483785083413,0.13665960887725687,0.0037213181002766385,0.5063364737630506,0.03467155311898038
0.03153366322590025,0.09416618450442715,0.030096845047213883,0.09699924580623376,0.14026961406506458,0.12328011980143998,0.4152179961252284,0.01456927466936031,0.053867056755131676
0.10932953998536965,0.1755845185229777,0.1081877915896697,0.17494801781292116,0.11223478475593925,0.16324129361720532,0.06756528912868831,0.02354476648155669,0.06536399810567235
0.0025441495361218243,0.18523633544504658,0.11093409136932336,0.02261901672037632,0.11017140180054841,0.04680071837083335,0.0183414964995433,0.015876702732373436,0.48747608752583343
0.00842558624556287,0.16721759578611725,0.5075800951993092,0.07760239413061598,0.01362507764909804,0.039001343116971905,0.0014319705218570546,0.04570918305639061,0.1394067542940771
0.037233720002709546,0.06975939994552446,0.03218910342726949,0.186003014811104,0.3058899669219242,0.06968687648699033,0.004089007826912989,0.11185014833327421,0.18329876224429067
0.07193556778815158,0.22804290092927282,0.011905488345927596,0.03955507381721775,0.424796886884731,0.07505392988126834,0.009292541850947614,0.02977050986065964,0.10964710064182377
0.0021052267890114846,0.1304753182079086,0.09999910822407791,0.0431243562230722,0.23450760109848087,0.027866227983968202,0.0014369654156679923,0.01628025975674145,0.4442049363010712
0.013627121781745646,0.2410542637726135,0.019466507555650315,0.02344745888659591,0.24969374538114023,0.0651497916552007,0.023282754759696822,0.03192842691394964,0.3323499292934073
0.03748561085401969,0.11330519768156176,0.02206887835203064,0.0988225001278799,0.40603056955444056,0.15076334906435943,0.00602341538477032,0.11547499468671163,0.05002548429422602
0.054030691165394655,0.3650094528314967,0.012307282508914297,0.020342646924111977,0.12246615001830863,0.05829441443048348,0.2957647562423748,0.006943307376529956,0.06484129850238551
0.10596926591415767,0.15098899000160423,0.04891727637903522,0.044861855299207866,0.3690567304601562,0.0674864961344226,0.02919021663203748,0.07979786355851941,0.10373130562085936
0.2439328830172567,0.13641733443059947,0.022517566936051937,0.02309569050807533,0.4674192933111292,0.04900751184845098,0.0036747916389506564,0.027811021700194977,0.026123906609290717
0.09033220085234707,0.262505025305001,0.019847900356396848,0.10572610776061087,0.27961430946661264,0.11441844899293696,0.017295773566599712,0.08559742222904922,0.024662811470445675
0.03567203308728105,0.07076751659635087,0.04437926827517502,0.09037655017585446,0.11643897892167021,0.20396642757016428,0.017627212266081025,0.3833316795853237,0.037440333522099335
0.06363629946966874,0.27804221181158356,0.054907392283949384,0.09446305281112206,0.04873354345063436,0.06700014609220717,0.21307063291410525,0.14186111759907996,0.03828560356764945
0.0787019236935144,0.3063621072398007,0.014903429200661192,0.06292855227049453,0.11101068564203193,0.048412318700519735,0.3307010399470007,0.011177361557050227,0.035802581748926615
0.015670488162672632,0.3360977126620548,0.01052461723348245,0.04693724579450304,0.41262050064282435,0.07364411379238883,0.0032562512461183223,0.04143764590194158,0.059811424564014025
0.05258213950521229,0.25944334491865695,0.006590695612471721,0.035990517189072764,0.4248728231271867,0.05276436949284664,0.003249470933395245,0.08828791089669598,0.07621872832446176
0.10565513057361868,0.17314065580705937,0.17554892320377347,0.03299732368671455,0.013159531585022964,0.11776113510436598,0.014032517532717536,0.33788248097156054,0.02982230153516686
0.013200412581476298,0.16348614386180255,0.02883987413714553,0.12708206575842151,0.30060586649934623,0.1042688071931878,0.039370830712957695,0.1120422926302171,0.11110370662544537
0.02007608110389927,0.12437408843942865,0.024710294055490137,0.02654964692680079,0.4232065628699335,0.14337552752943766,0.03505005503015694,0.01604198362377167,0.1866157604210814
0.0429919477299161,0.42630666317369564,0.21895742223249473,0.038002374776449716,0.03800586067189234,0.0824951169670836,0.03660613116227634,0.04973898956480763,0.06689549372138387
0.030758064244940844,0.26804968527455864,0.01628507978614664,0.04544711694903125,0.05419039842118776,0.04456692600458595,0.012948331074231994,0.025722857075180006,0.5020315411701369
0.030870124098843803,0.30728541186059083,0.016583165102103947,0.149317693911969,0.2904465915259213,0.08472109818869344,0.028539180566796232,0.028165446370627928,0.06407128837445354
0.043371272312911095,0.10984328044041725,0.026103064430642708,0.054999565165293564,0.5881775286145028,0.028388715545502725,0.00720724260787643,0.08504192965562712,0.05686740122722627
0.0054041876237272595,0.2421960706335227,0.010731606540562285,0.036550284310879574,0.10516001228351234,0.03953134886448232,0.046456761093390316,0.020817978357893684,0.4931517502920295
0.04842470258229615,0.47101814237656187,0.01947977673550284,0.07670753288414577,0.04460700112162538,0.05047118727121708,0.05699604545442177,0.015778637343548247,0.21651697423068095
0.04914460392214412,0.05258403514305027,0.027634171231354008,0.3617562518348126,0.17451135267677584,0.15480012232291337,0.013150047478660734,0.06784237842383468,0.09857703696645438
0.15412219438493216,0.05919874180829726,0.06411901045543052,0.03450527904936577,0.13469065434555014,0.24649117935987475,0.058297620163694254,0.13432095706303912,0.11425436336981602
0.0011398602734085364,0.3397824668038439,0.011978707294727678,0.07084053990424541,0.058187869125227575,0.030868901671687862,0.024436798097398595,0.012667097703653886,0.45009775912580646
0.08315918673058514,0.13476725404209025,0.0174594320395533,0.06029261821746019,0.47914174800496645,0.05179669623704247,0.001109851356154545,0.0879718789884086,0.08430133438373909
0.008532827306060189,0.11590698578148802,0.040042258776986146,0.10740152569339968,0.5872052341410264,0.044614081515445984,0.010780214209741895,0.03169616763841688,0.05382070493743483
0.021641451063542847,0.03216540490480064,0.13184618833185066,0.03848889225344859,0.6560426295028275,0.07626537451436828,0.004093550799782256,0.020937103450792652,0.018519405178586506
0.07657141791671886,0.30660690725337086,0.2272906819921705,0.05131508298645931,0.05354760792767025,0.15069931618746188,0.07972093159201926,0.03294248214321832,0.021305572000910784
0.006797314819714896,0.5028021784336655,0.07162864036767115,0.015810852752655383,0.2971766029895735,0.039460795816449776,0.016876585166612015,0.022655221409969478,0.026791808243688302
0.02536686522982554,0.15668094556500753,0.024732307994504446,0.04816155635103237,0.09820633023803865,0.0856040453979837,0.020567446123297865,0.0197028228724631,0.5209776802278469
0.013133239186319328,0.1558144154693538,0.01567496100690295,0.038220969277070756,0.5300690041444299,0.12291896677464138,0.012051420375024482,0.041688659977989984,0.07042836378826743
0.21050271985237637,0.051049594091920114,0.03319073135868849,0.04948011326938012,0.39837006391665186,0.09795680668899842,0.07181075467651088,0.057840274551504665,0.029798941593969164
0.1037051021258703,0.07219266357479247,0.06716553128913672,0.3574667805951744,0.05635388639999799,0.06782198394098092,0.09774549557479646,0.0917708601999635,0.08577769629928716
0.2249721710812448,0.36577327635921025,0.01572197225782714,0.038341800594272966,0.1561337189610247,0.058174594294284336,0.016029792250576495,0.03324707785649129,0.09160559634506805
0.04270744827757045,0.1033031101515089,0.04295762572772008,0.06837270949910544,0.42061623693434896,0.027086229053085286,0.22027622546046668,0.04317973661617775,0.031500678280016334
0.19074303618672492,0.1788135678479372,0.02482560640781163,0.0529288320352044,0.4021744628043389,0.05003394582248235,0.011544113004168082,0.037619314279732245,0.05131712161160037
0.06787146123651182,0.29198664232338417,0.28879009452501786,0.028916705844784448,0.1972574206253923,0.07042691566594363,0.009258282143582167,0.023422039381227763,0.02207043825415585
0.39401176088099127,0.0793552548597882,0.050964513081638664,0.1048459176069486,0.06662113904297129,0.1595933981936095,0.027321051318659167,0.06784484528023749,0.04944211973515584
0.011620208861465316,0.2527852043998114,0.020403489523185252,0.1210537743890528,0.4318837858715135,0.028991393472321807,0.017813802702464406,0.07964833063011778,0.03580001015006762
0.23862192950168973,0.033493524872220744,0.03271942703738088,0.0527428700778165,0.3463094951273871,0.1477482895663341,0.01009269706590417,0.08779277098470356,0.05047899576656323
0.013223123466581615,0.20842068971297953,0.010537813969325528,0.01787955406580136,0.5779427916543489,0.06226323662947425,0.017094737747770424,0.013178180197594433,0.07945987255612397
0.15071745394261524,0.08743075866807391,0.023802410316507584,0.08856492429682077,0.37910830746733826,0.054590863629475316,0.14376808193218332,0.038145157171946484,0.033872042575039195
0.00597835236347051,0.014067509254167469,0.038253174773911165,0.14341864950465755,0.014922012755452208,0.24660984695231788,0.24690678504392718,0.03470239141428987,0.2551412779378061
0.11836065097047448,0.2516353491528807,0.010522404400131358,0.09945197987770538,0.35214940811161527,0.06803505057260238,0.001652943606628479,0.029839324720217313,0.06835288858774455
0.026044151386069216,0.25447656844531835,0.49356076473134375,0.04670291700743632,0.043474528423881,0.038817612791049276,0.0038492184436903047,0.04954540887902964,0.04352882989218209
0.009341558954908477,0.42605178624320034,0.016816564058027682,0.053632296556431376,0.31302495745725245,0.04089518350865953,0.058850592122451306,0.024513143905028425,0.0568739171940404
0.015964013055023662,0.24603067235492082,0.0217584896672616,0.1371283674342337,0.03711391007142281,0.06702034303688784,0.43631622522679603,0.01857558319059223,0.020092395962861376
0.09258399993342387,0.14187382948289082,0.14127004718434097,0.02465941856098088,0.169480753578007,0.12209453258977544,0.005155084415600013,0.23266668716977534,0.07021564708520578
0.037384378534734086,0.3013858933964301,0.28360954326584426,0.04099806020532064,0.17160667697812085,0.05593616782067785,0.013199408392643025,0.07741919904997244,0.018460672356256747
0.054327937908804275,0.08135311252996735,0.01730891561537934,0.09093381787924736,0.5044731432742711,0.05387294436183915,0.0022885334119501955,0.051507556129593964,0.14393403888894732
0.18626527985754435,0.07963014790084187,0.06600011103833438,0.10952273863223803,0.26726023407637883,0.15857145531592973,0.053499580495935874,0.02659659189682422,0.05265386078597268
0.005803166802794193,0.15647281040686012,0.17974420784799064,0.02052040449238368,0.035614491184686285,0.06831803946177974,0.010879488088922319,0.00468851385152165,0.5179588778630613
0.052545714735022175,0.15214200631394853,0.5342306197975552,0.031564010078163805,0.11485478334028336,0.03651117365298856,0.041671356605548666,0.012197625073635357,0.024282710402854346
0.019004862602947165,0.47577380859288904,0.20793819206171363,0.04841698867829571,0.13487340818574778,0.05191803268051747,0.002467827892288567,0.024929175921330215,0.034677703384270446
0.04784341802101414,0.509501835979974,0.16515311771133104,0.027510147565913533,0.13695943926149015,0.06825828560100565,0.004741032680549053,0.006550134800048055,0.033482588378674356
0.01642575265875447,0.12394780467854771,0.017523785100850085,0.10386369234011562,0.2957582705860384,0.0981387111443283,0.15614045899574014,0.1634113501913964,0.024790174304228935
0.04626435752835282,0.07456247064852799,0.5176728604424027,0.11730496091401055,0.025275054391050808,0.04787938563262967,0.024790039156920393,0.07616543922366087,0.07008543206244423
0.10358764073707265,0.5100262451237397,0.020990814404249807,0.034732268590627925,0.0848083346518161,0.08301087572523654,0.047019535351338924,0.10193984469372885,0.013884440722189473
0.13704714351875738,0.35000446985742184,0.007943631207659617,0.03686178426697778,0.29810319967995075,0.020506886273564093,0.08698626231414917,0.03749816572363887,0.02504845715788036
0.015246848962560561,0.1553437084337478,0.04151172900127626,0.03677436605162901,0.5880160160949749,0.08563960191614445,0.009756288274266237,0.008688097351650327,0.059023343913750415
0.006845746443367187,0.1105421979583796,0.033759558534776246,0.034885015853933526,0.10147994035780138,0.03921024966343002,0.0505255687531905,0.029083366522540562,0.5936683559125809
0.019291944181525713,0.08848123943678793,0.5859500193846906,0.05623874239634751,0.04653954429637194,0.04609671693001068,0.023322574924378975,0.0795789443026365,0.054500274147250206
0.03541393167637384,0.21010143228477005,0.06798653474252984,0.03956871259664614,0.22261030359611045,0.1435129052171276,0.13263099654441246,0.08074540331362198,0.06742978002840773
0.021819895894252567,0.04955721503360263,0.02888122757203751,0.1250727892489114,0.49735907936947665,0.177692737877712,0.008511373289861844,0.0266687126122786,0.0644369691018667
0.08692846015109963,0.12287936954586913,0.130898816365632,0.0996978018631935,0.25374323741869825,0.06623770624132819,0.03129069364370648,0.16809073844325148,0.04023317632722131
0.06837121665580122,0.3549281874844347,0.031029243916206355,0.10681630218204674,0.2029517652639625,0.05946946312133485,0.11741345032240387,0.016234368393692356,0.04278600266011739
0.11544247367365328,0.04519138425643241,0.021082274860831016,0.03272278987428127,0.617206871329153,0.07215857059516465,0.004441125591842297,0.013377628274257971,0.07837688154438417
0.02550424367424541,0.2120162556024735,0.1660031306746245,0.010736259639914375,0.02936895969746393,0.07867853844263717,0.04612871753514137,0.022276095606653726,0.409287799126846
0.06980831469767729,0.11902508095707932,0.10667407825143715,0.012505466802940254,0.4432716933006308,0.07975329068780473,0.12709753388312703,0.02209234261651516,0.019772198802788108
0.012290655489142327,0.2924378681956055,0.1490284496378408,0.01969599396066737,0.025497825557776476,0.042642814717281596,0.08069199019498258,0.009739914654908158,0.367974487591795
