0.16374205208560202,0.058084884492932524,0.14553384460003013,0.12590700715190617,0.17303541216538884,0.1525454563210332,0.04710088482780566,0.05227219793994925,0.0817782604153521
0.0383984329376994,0.024907304611866837,0.09425937950995077,0.31474349557750037,0.06558786135617947,0.08828401986220147,0.04917142534767752,0.19625810559453896,0.12838997520238518
0.12990507430162554,0.24929954225520967,0.08690005700936725,0.06781319961909481,0.17142086858819658,0.08683327749960122,0.09770952926241577,0.06441779146774497,0.045700659996744164
0.045024198016168415,0.16722607767864858,0.02767258702945423,0.13928263265394303,0.038675735996546556,0.23090821028821862,0.03772797675450139,0.2564020376152722,0.05708054396724691
0.013501489560922376,0.22095544869905925,0.04499167813742266,0.06555206291199822,0.573630221711805,0.02414224295451956,0.018021664961319107,0.02158076764170223,0.017624423421251506
0.05754622336406697,0.35059704088987037,0.036029591682748024,0.1375133783243491,0.05205394958991224,0.02731708817796019,0.15876473489576326,0.06619270978268502,0.11398528329264494
0.009835134257672433,0.04893570187932902,0.05981512702157312,0.13589021222900852,0.08813710238542882,0.04760515594990288,0.024147534786689035,0.5370593121243806,0.04857471936601554
0.2806830518279096,0.07096409751784777,0.056308446087217856,0.06613165224304689,0.06215189588950045,0.14787448341457296,0.03484453636864023,0.20543577767183865,0.07560605897942559
0.35354542895828067,0.1515627651535759,0.11522176206547809,0.03363756436221745,0.10465646450815695,0.03200963936971148,0.1378684463870975,0.0053457611891079585,0.06615216800637395
0.09117768151769108,0.08332202703472753,0.10129961484649457,0.18191854877250913,0.1198386523850135,0.24075571912401572,0.07266744802258987,0.04663075116667025,0.06238955713028832
0.08166838322276387,0.11553936683595571,0.08672900814804135,0.09913905135548588,0.23593371386291917,0.02463209667905998,0.17701000372796835,0.11948496337322019,0.05986341279458549
0.05050552622256194,0.08733209439058774,0.034059034935263924,0.08782592929984677,0.04737482881371279,0.18814473887443015,0.3130478450115598,0.07421886972817707,0.1174911327238598
0.11431638811804874,0.35047321201898307,0.1550677241450591,0.046626786679516176,0.10948115164515786,0.10439047964841881,0.0398689751240233,0.05061282716101287,0.029162455459780096
0.06532404717887845,0.24236424583942975,0.015320945969805743,0.10764955083855321,0.0775272345918386,0.10087925305060243,0.058807237328571314,0.2286043807332155,0.103523104469105
0.06272235124898629,0.14415615363825368,0.034821364497613035,0.06733591271698625,0.055544732702241084,0.04315142104766262,0.1378832057737767,0.2911282258015923,0.16325663257288806
0.06680150191988077,0.0380738081348221,0.06330164140326137,0.08842623589718916,0.08517988389042473,0.2510370469931401,0.06507185388617763,0.1737918847987097,0.16831614307639445
0.021126723048775397,0.15313288712829018,0.16444657973634866,0.06276496810803475,0.5166895217919508,0.016581748826630733,0.003880079009559284,0.02958023074569355,0.03179726160471661
0.04860572997507647,0.2220417259644385,0.02142233134376185,0.16554369481263462,0.06863237288583073,0.09722481899759007,0.11311271819135538,0.18304688662307037,0.08036972120624196
0.13973099847892886,0.34171795521340115,0.040589194464465427,0.022441146050555014,0.23245355089289652,0.03342225783894397,0.025661173939756688,0.10895270627750209,0.055031016843550384
0.23318989362160214,0.07005757360382092,0.0815872213038207,0.06754141451898979,0.03903956327687059,0.047436354390758995,0.020849791560848156,0.14895059238100342,0.29134759534228527
0.10759620247066788,0.0887989706171884,0.16865053344901682,0.014801426977617943,0.10308256144454987,0.01308024719127643,0.036168937390674456,0.1404345145808651,0.3273866058781431
0.044504577456736,0.5797469296984742,0.019015435735648126,0.03536652481395822,0.13675821011183817,0.037600481540649704,0.04972242839927149,0.02487695053886274,0.07240846170456149
0.043220705972697025,0.044313323918457194,0.5739181512309196,0.07171815254891162,0.0856303295548529,0.08919882369614536,0.015362452338909338,0.02206273616609147,0.05457532457301543
0.021439690763412192,0.05380538684217117,0.0540220227798274,0.21850038929786428,0.05570104654150814,0.08192756504112693,0.11549910962125574,0.110618452370891,0.2884863367419432
0.11120465141387799,0.07989104963180581,0.061544029940697416,0.03574623983206877,0.11121887604612686,0.035076981929361845,0.22204787426807412,0.10456606284000454,0.23870423409798266
0.5150459328833357,0.038081208495218156,0.028575927934786638,0.08446019171249654,0.0564912479000285,0.0845683621796315,0.056535401485364074,0.031125938092274295,0.10511578931686473
0.27829536430964125,0.07497547711215241,0.09748104979149669,0.05378613144942058,0.049223781422350676,0.05299377665305968,0.012303704547243985,0.028696063625737487,0.3522446510888973
0.027085982974675238,0.05807541391024793,0.15950324565014276,0.3269285743260215,0.03027694485544674,0.028311326742840797,0.05010414662772606,0.2563850887513527,0.06332927616154625
0.09452263563032814,0.17824198485792886,0.03127757579429504,0.24494965518579093,0.09434856608539172,0.19970057182868362,0.03184727161786371,0.044273748068534007,0.08083799093118396
0.06980932840811759,0.28591494914793786,0.11324761294528252,0.019598256576875372,0.2158780190128695,0.13111150178485384,0.12357571374145788,0.026269471668061872,0.014595146714543565
0.0357545501546905,0.021235246014091703,0.22261065140924774,0.32073805700681696,0.07515090675405715,0.032174000626641684,0.08479721712441757,0.11022669889792802,0.09731267201210869
0.025778051069795273,0.14828313770536358,0.2682814871172127,0.04594444454580027,0.15041927678314163,0.029128784299693716,0.05962528534077913,0.040852821399099626,0.23168671173911404
0.19711341204182745,0.0852196415239986,0.22882068424023716,0.11787295557788889,0.0862559640749045,0.06566450920700839,0.0636671272755265,0.1149388031968297,0.0404469028617788
0.15523995404637855,0.11643325251003311,0.07141298418680865,0.109328416737272,0.059431263544552325,0.08961288058176357,0.04957789357110554,0.19550166646566833,0.15346168835641794
0.03458968818302749,0.25294558637151227,0.049605217252516265,0.03400419766112502,0.08074384456381573,0.4625513499761358,0.05619255173381274,0.0228312582030543,0.006536306055000357
0.0063695919715178176,0.13114882879449377,0.036475991816786374,0.09442915124450917,0.07516923741858586,0.0651396964588755,0.4029662657403996,0.15076678227019658,0.03753445428463528
0.1953355245087837,0.19659411775654134,0.10637474607639806,0.05013614305775568,0.12435123244579295,0.014762904093930647,0.0312641736547246,0.16815465621337913,0.11302650219269393
0.21863007593086037,0.29035616555593324,0.06133461186000353,0.02499309133397834,0.16405122258525542,0.03807005245680384,0.10991312904184719,0.043014573824609124,0.04963707741070885
0.08269610310272758,0.049137847436926264,0.08095960575143507,0.13814217640636225,0.06352914623813948,0.2036951179899088,0.04867649170741669,0.2982003531021316,0.03496315826495222
0.000898915200983623,0.027519506220659306,0.18119363219494833,0.16530372699628867,0.022853928714344232,0.011346740538425286,0.1387917883872945,0.3124277952701536,0.13966396647690246
0.10238034914648064,0.13138576932598225,0.03124792003492342,0.08300536087493961,0.14134876620700365,0.05612838745252454,0.032415637380662714,0.3732802672173499,0.0488075423601332
0.04119480326383212,0.052618881240940996,0.08895796861552989,0.07554711390983872,0.031169628725468152,0.032969466275607595,0.07915329722350933,0.5010847581891206,0.0973040825561526
0.05794733210988135,0.04978405446691376,0.4269200569828883,0.04853181803664584,0.0548949190260769,0.13932050827803474,0.11598211246894112,0.06273340410074343,0.04388579452987451
0.08441614426448285,0.21756560979566666,0.03965071260626008,0.06815795995570229,0.022695446060680677,0.05635529906142663,0.34045618072685313,0.12151284119634144,0.0491898063325863
0.08836737009677921,0.08849134788119,0.023823343368202198,0.14468336729260547,0.15401534023815866,0.19984600677480036,0.06941709823172748,0.1634085486748982,0.06794757744163842
0.10960478997009852,0.15419665661279555,0.17329161306843524,0.06482100469624034,0.4122862897744393,0.013223121295436619,0.03578572611806619,0.0071396588450680296,0.029651139619420133
0.4876068255779514,0.09291648618397826,0.10038095830201806,0.061065662322856866,0.032077450141398456,0.11851591299778058,0.025886898745241648,0.04320515428681008,0.038344651441964715
0.46916195930451066,0.04952012775605948,0.10923866220056062,0.08895453058977676,0.0303274361103617,0.044521752714658115,0.03364364860392811,0.057488921060935415,0.11714296165920911
0.007433840879102358,0.2592225474248426,0.3381681294554251,0.03666122726044915,0.08096059349595197,0.01671603442288957,0.016527866844373997,0.01695493037356607,0.2273548298433992
0.02207237233487532,0.3488239143388219,0.0447423428081787,0.060335001592139025,0.4260077254354817,0.013563932989569422,0.014967703427459164,0.007556847669051704,0.06193015940442298
0.03057022343888959,0.10266506434050753,0.023392432042362004,0.4356975139439861,0.08040513243476886,0.1795534781347353,0.03494629001838514,0.03919977252792057,0.07357009311844495
0.3046723050864842,0.08216355710489871,0.03899596585011636,0.0813785725971335,0.06509973563352005,0.09889169819324194,0.044401309710659,0.019046267631300007,0.2653505881926463
0.052641623081422124,0.40838055778617566,0.14714094940304423,0.06709062735137929,0.16817911707338415,0.02394048462265276,0.05556052695506572,0.06363877910008031,0.013427334626795746
0.03111409407616934,0.16830375013480167,0.40843102167196305,0.032029226337114115,0.1316761986559962,0.03578097449930054,0.06215199982980207,0.06402970116134553,0.06648303363350758
0.040824231007665114,0.2380640424232421,0.023380046535568893,0.12193266856802769,0.07368109312509706,0.06661119604414313,0.2796544276803996,0.05709402190692789,0.09875827270892856
0.09589591663288632,0.08505047084435317,0.09463940145455607,0.11567067384060314,0.4763393955435715,0.051334282576585566,0.016340025563686984,0.03484185710818046,0.02988797643557695
0.0889669680233876,0.086606289872587,0.0127934499693819,0.054248801201716934,0.04730969059231916,0.10660095882286998,0.35908837108432706,0.2173549617871844,0.02703050864622591
0.060147207722402674,0.14572483136393996,0.1472635640093529,0.028259004089394538,0.44939194840757496,0.013829883067891605,0.02509325839107372,0.027673782903334446,0.1026165200450352
0.048126788173725,0.13593760736682073,0.5132914753475614,0.018745974398423425,0.16500060890960447,0.028900058037148114,0.05406390335550199,0.006446924650001853,0.02948665976121322
0.08782215040746749,0.1794622952803452,0.01113017452130429,0.03732574847916766,0.1002785279274226,0.04915924462213508,0.18195287726874854,0.2906900859471706,0.0621788955462386
0.04502319015458755,0.21329667230582453,0.15630426406411385,0.05085498363019628,0.05238246392218526,0.02130905225436987,0.1948635985505995,0.10835287979277246,0.15761289532535067
0.06980932840811759,0.28591494914793786,0.11324761294528252,0.019598256576875372,0.2158780190128695,0.13111150178485384,0.12357571374145788,0.026269471668061872,0.014595146714543565
0.022728564564547072,0.298263592858719,0.06818835052370094,0.02864886528179872,0.4114891187866711,0.007412863472394602,0.0376899216323739,0.0385984717480663,0.08698025113172846
0.03824437802506198,0.14152070869863473,0.31043377484064894,0.023386446107754835,0.3395071601814812,0.027035801007343725,0.015346812502164459,0.024161950294097845,0.08036296834281233
0.029785388777518965,0.036704788179007984,0.08212530913001902,0.3078449549918556,0.06313594065289382,0.07308892335922958,0.06342283814205224,0.04345413731100802,0.3004377194564148
0.0040127122284130635,0.04029902755968682,0.10386747932870187,0.47934889102014683,0.03872888489641877,0.04192832419731,0.11533002956710874,0.058276663710455555,0.11820798749175841
0.08585093143938288,0.06095570734530258,0.026198536215238957,0.05589216022622038,0.05896889191590484,0.12044509785951629,0.33617659740019484,0.19294878651777045,0.06256329108046878
0.036705359592587604,0.08695516235295941,0.31545010184631656,0.05636036926395082,0.1117910877639387,0.07036792664709819,0.027112869443557407,0.06387661544233769,0.23138050764725362
0.023879692810896497,0.04201447900990372,0.03230586328884942,0.23850356516034033,0.046557870667550925,0.03599398566956628,0.015908457821319874,0.23183921712720598,0.33299686844436693
0.01969798397346349,0.13449336678418633,0.12556328584614132,0.12077417193358773,0.04645297006267238,0.07093263974496797,0.16706801543713848,0.1609113286671204,0.15410623755072184
0.030018107990752597,0.12503420287540534,0.07921263329886606,0.0830561218270343,0.5150191090550242,0.06683081901687256,0.04720652413327794,0.017833352527972173,0.03578912927479482
0.05620832796744076,0.0980729882382098,0.6557792051050678,0.018037236475902742,0.06436637632209337,0.011912146117660833,0.07181032689086804,0.00541449198716414,0.01839890089559253
0.027466810991672214,0.06594562692331267,0.22635293374855828,0.16116208243509245,0.0857429101251002,0.034715882052187584,0.04515915012271147,0.1730503016048115,0.18040430199655366
0.007240306514338675,0.1818649688384307,0.07246622109755037,0.215668071706411,0.02910852641822459,0.00818193558516075,0.32360127389712345,0.10094340644760808,0.06092528949515241
0.25048196721354604,0.07114990497488234,0.09589906055646123,0.13904529470906882,0.07061699274655782,0.24059970252430263,0.038846373958535046,0.056896115591531515,0.03646458772511461
0.1581326763956994,0.16294352730171344,0.09937592756775267,0.06468792369573265,0.06535623676349578,0.12133341442924872,0.1743818953631147,0.08621127395509594,0.06757712452814667
0.12491456815908292,0.06549020202660258,0.16734390509731148,0.09426727641861671,0.17955715890838442,0.059482987072477685,0.011364715216911061,0.22770661360536146,0.06987257349525171
0.06978313459061947,0.09335650631078184,0.35015028091058076,0.03387675948817694,0.3103154466259688,0.05613931712378036,0.02899581217270264,0.037034139721376876,0.020348603056012285
0.13464350177961884,0.0782205530470801,0.042996986349936955,0.08887398844481376,0.12649109736151457,0.39680041165332297,0.04029564249196211,0.023258046032394133,0.06841977283935659
0.4412550963330344,0.12067299088982898,0.0514508227419296,0.092082699583915,0.03052133972394562,0.05461252719921341,0.035820973761589,0.09455832215652404,0.07902522761002
0.15534531611036648,0.29592529483473223,0.028570001546643544,0.07455277771791703,0.14562864262033445,0.09421829857690406,0.12477081308719361,0.045434898122328,0.03555395738358053
0.08797388327090454,0.2603212911767741,0.058786856353053196,0.0902562573027142,0.08255513882914385,0.08635389665625925,0.14239366549162166,0.15385805313369982,0.037500957785829396
0.10504580997003928,0.026951851702789954,0.033921868036911045,0.03408037249152774,0.043707005792179655,0.5472227146989926,0.012146187715665275,0.16471776285620876,0.03220642673568558
0.18871505803944033,0.06722623188806663,0.01907459724603646,0.0677473362001561,0.057907102939957204,0.22556853564245985,0.08161005986265513,0.2016340279087049,0.09051705027252333
0.005087476353537898,0.0961380995789155,0.4569202509946897,0.050336479660243884,0.06813168152054476,0.009558441625803049,0.05006146267243288,0.052152359384712715,0.2116137482091196
0.01833783604825588,0.04279591406302047,0.3083812435485222,0.22121727465024643,0.08979052416854477,0.0493668220389978,0.12394880668062302,0.09490809643062842,0.051253482371161015
0.005241826572404935,0.19625919486548163,0.053095860932414085,0.032834660209438815,0.5810511698860679,0.05626809687327409,0.008527427264881857,0.052573058217013045,0.014148705179023719
0.0071441689539017686,0.0744252947914502,0.18304418787714685,0.17873231608878923,0.02203660230066522,0.07035971079900087,0.31282601931173787,0.12436698821541027,0.027064711661897677
0.6012702299573783,0.06744607365278266,0.04445304701677061,0.04909509743585269,0.027063870514843002,0.02790537213417263,0.08287195127800066,0.0061166631808290475,0.09377769482937047
0.20871860565607014,0.15853707206223955,0.021759881462220798,0.09318836004902444,0.03213832985829105,0.12152455409551388,0.23186685256447712,0.05601761889672106,0.07624872535544198
0.4156486964755323,0.05508403221526964,0.08835409629782282,0.03409196791124958,0.030960845436282265,0.11973994213540362,0.09694268091996545,0.13026810137461667,0.02890963723385766
0.21336405813484316,0.1444943772615673,0.3000928130362106,0.016917862532764713,0.15765898632937517,0.07836299388680759,0.05894079520460923,0.010082936206329322,0.020085177407492775
0.036815459248883915,0.15124962311198695,0.4308910596203865,0.04155719539100124,0.06702178790856127,0.01888988176171929,0.045359880715990473,0.16765837123504257,0.04055674100642789
0.007940130026496494,0.24887715286480172,0.050958525283656686,0.1539475221030443,0.4451948190752509,0.030375619019150313,0.0149972379638151,0.030823219839398994,0.016885773824385487
0.04674186669869699,0.25378959409842416,0.09136277474789535,0.04630915984738102,0.42796947687808,0.03716560509330368,0.05396018088864235,0.024615010357192695,0.018086331390383764
0.027387750309366212,0.04394633212104405,0.05252286698496034,0.07292858758376514,0.060214729574647304,0.03695884382159236,0.26152488323181583,0.25768363685433626,0.18683236951847249
0.018760926913912197,0.02477170763805253,0.11064399216600244,0.401841612034501,0.030299606729994284,0.0866110269309376,0.14341515305847924,0.05940754006395066,0.12424843446417004
0.13473658296636895,0.19404703428319467,0.07962910953003642,0.057899382281257926,0.11702987985044133,0.0955439844077084,0.016486091263303197,0.19240411403079774,0.11222382138689131
0.29154971035990035,0.03594912446560664,0.03790863849676007,0.02575637742554455,0.08768627835796394,0.11832882591964322,0.05312995921502644,0.31071191170273826,0.0389791740568165
0.01253614189101423,0.039859656015764765,0.08127660846642402,0.09052546853943966,0.05282916986763201,0.04042920174813216,0.42963366704306466,0.17948833471359746,0.07342175171493114
0.09647720674866005,0.3328454396563738,0.04570679439129464,0.07068066572597008,0.05664447602878162,0.06548150490243954,0.18781878753220363,0.0964213730015372,0.04792375201273937
0.021207860777612622,0.029021555468570336,0.20348207523666362,0.28844578783787417,0.06482757083104683,0.06743833264012729,0.06954882548787468,0.06545861333895979,0.19056937838127075
0.008565919056259185,0.06749297339120264,0.06425259661410092,0.053427126869868447,0.04828351809426992,0.02754942458234265,0.09526203787585323,0.55663911661097,0.07852728690513296
0.4792535104209141,0.09554771945850078,0.048031494684010766,0.09930522180277283,0.04851212563404422,0.0632618928776926,0.06477101177543536,0.02902427285993846,0.07229275048669097
0.04083341202125675,0.18218785763731926,0.022298518413781596,0.23193224957350234,0.028799628778372315,0.0750346212233838,0.18926324544390236,0.18319713102837296,0.0464533358801088
0.55055784362292,0.0747091413610143,0.023124884448259154,0.07103767664486811,0.036421177095252805,0.0412254542665225,0.07682987754080946,0.09817785350342034,0.027916091516933306
0.01648726681739133,0.27412010469509845,0.28587099889266737,0.054751289572760466,0.14293781364570038,0.09165371351818152,0.10578907560906581,0.018472330839904978,0.009917406409229695
0.05484211850185216,0.10928971642939812,0.09473507202352922,0.04931868644702784,0.4625864586106235,0.04300717382898119,0.021525222604508103,0.144089672815661,0.020605878738418806
0.014155955517199734,0.18225140711602725,0.0915247806781548,0.21104284552516148,0.0378208363451426,0.08063067868429079,0.10497241864757462,0.17447069030327875,0.10313038718317004
0.03427985667090479,0.3182602916788404,0.20729534016268578,0.11839352742219718,0.141045433634891,0.031086266861635157,0.05429806926506638,0.03142940939776435,0.06391180490601493
0.08115172771472084,0.03317623805179299,0.10248653512984544,0.13415204194151928,0.04025149737069975,0.14207310316593472,0.02286632257350127,0.15351085715965837,0.29033167689232736
0.09751735712679556,0.034518050542255936,0.12203827454810341,0.16869242565451592,0.13281668330890903,0.10379263497861328,0.020605228836681744,0.17607682247942913,0.143942522524696
0.20849459063052786,0.1423873089081573,0.017067277288962398,0.0835250821739666,0.06719544570096937,0.08814017438345062,0.0848885245944121,0.26115398389798755,0.04714761242156621
0.5658434761882499,0.03905751659891716,0.14691785404163732,0.04398994293553631,0.02827414695838129,0.04276789129571526,0.06619503280719906,0.022028021802529055,0.044926117371834474
0.030637665539548165,0.18300164498063753,0.08942593344598226,0.20451819451066888,0.0732377904566332,0.08580379709685006,0.23605328658426028,0.014052013528719575,0.08326967385670002
0.06480598989177354,0.029646021008075913,0.47256389258398707,0.14078660548266253,0.062298790584504826,0.1276500174822561,0.027834582756088393,0.051882080879291935,0.02253201933135966
0.01648726681739133,0.27412010469509845,0.28587099889266737,0.054751289572760466,0.14293781364570038,0.09165371351818152,0.10578907560906581,0.018472330839904978,0.009917406409229695
0.058046548721946256,0.1504131659800778,0.020535276748027586,0.05791122806821288,0.059551154290100904,0.0945577630629223,0.3622455409264224,0.039882355308784756,0.15685696689350506
0.015207267502662486,0.03740005455780852,0.04857283701755142,0.2510749726478143,0.05133317550695741,0.08926381171069225,0.11578962688742549,0.2762192123480355,0.11513904182105265
0.043049717866952324,0.04956589700140988,0.04396699737811232,0.05637293279733099,0.09444421720474767,0.059560384519231485,0.08197768397867812,0.5316694042259514,0.0393927650275856
0.061594428490665876,0.04986296820432382,0.4620276327812429,0.016064305147874117,0.18452899544377832,0.033435662511677684,0.017713662324181135,0.03045185903613586,0.14432048606012016
0.022680730255330465,0.18367775360097738,0.02765717570512702,0.040987967415214564,0.6338538333134738,0.04231800839168473,0.011410862496503244,0.0123516325791359,0.02506203624255292
0.009481731093345255,0.2788270880629261,0.02597361894505365,0.003923171896118886,0.2497472696698325,0.07175677636188972,0.17793619824823725,0.16170256543918418,0.020651580283412463
0.07339541460425159,0.31442010088983374,0.06906076694531833,0.03184302792240825,0.2755656928209605,0.0898710977450612,0.0798022539877558,0.05655716128117951,0.009484483803231105
0.033033143374053636,0.07796855301867085,0.08694125424373189,0.22807602761226517,0.15306625217572276,0.13637219080645357,0.040092634777726135,0.16367671651881943,0.08077322747255657
0.2603449873160461,0.1320241013074461,0.1788471595340543,0.06768721324427367,0.04016025019408236,0.07768168334754132,0.01750433142046801,0.07833475784612409,0.147415515789964
0.01670951562508766,0.027661734296616197,0.09851185409761824,0.06953029012320437,0.045776182460899505,0.04797401649639626,0.19840299885739224,0.2860810068273134,0.20935240121547213
0.018543681474698148,0.12361462383484743,0.11274660009815003,0.10702900738299105,0.08925435994296645,0.1897764937704098,0.13508008177428668,0.07780346039343407,0.1461516913282164
0.06799324260001101,0.18622963923580524,0.12918153834574825,0.07255192810742918,0.1287746037040842,0.030469732504072432,0.1809220680216352,0.07034002010432472,0.13353722737688975
0.15400578827455927,0.3900956269401796,0.10389991722558613,0.02204933461662828,0.12489593795377225,0.08808882765482225,0.01130983885396849,0.06128511267734867,0.04436961580313511
0.05913810341392223,0.31408831488901146,0.20399669247678331,0.016458848400873888,0.28420507422835134,0.015570453943368855,0.0431137666136275,0.04023875836818575,0.023189987665875655
0.04336611321721225,0.18049407318548236,0.5564490340134473,0.01365554279302058,0.11310412494757054,0.01094080147174662,0.02786963736285278,0.014563878183830294,0.03955679482483745
0.0708603873215289,0.0668679060981968,0.030262158344881118,0.06309192627767496,0.11417225007588667,0.02049910962105413,0.027440054036460045,0.4972040806329125,0.10960212759140492
0.19574562574725551,0.09409701484741832,0.04417157962169782,0.1942323555626535,0.0774197909787614,0.13860160770957577,0.026910206710600373,0.1883241995496714,0.040497619272365885
0.5248663579227562,0.05529890557625042,0.02636392269151964,0.043648396633188515,0.054151995468902155,0.08567693121653924,0.05586993432389079,0.12287596935542378,0.0312475868115293
0.05168316605008914,0.049304911984233125,0.12432624086862003,0.229354959041292,0.1072788690454023,0.09626639604633024,0.09862071123983328,0.12591266674031593,0.11725207898388396
0.11295549967760958,0.05434993454501653,0.025721593378592724,0.17089362472773506,0.056392851245412594,0.14044273577520375,0.0303307445784871,0.3197058926803432,0.08920712339159942
