0.027083398398523886,0.2666595226416545,0.15413776841023363,0.039221603624976585,0.0697859591523362,0.2131004020716781,0.043255146859197235,0.02425444903012433,0.16250174981127555
0.03312209428300875,0.025019273593313046,0.034494454161627074,0.02666272600262512,0.06060327251003341,0.06083419121452338,0.022573453950880493,0.048164353313116526,0.6885261809708721
0.07085262341714466,0.09517633519474983,0.21377348029005114,0.07542451729644697,0.03733617111747472,0.37503815009127983,0.04526695514868032,0.011414249889676598,0.07571751755449595
0.09135727020462232,0.0917420591605686,0.5537771074711421,0.07794884801497233,0.08215275546224315,0.050971613355190126,0.013092589763367815,0.02430544151590179,0.014652315051991724
0.11379767957514868,0.23630863048480047,0.15151033813541895,0.20016538755725308,0.137597431700345,0.03498363040406024,0.03472592698344492,0.03355259109367772,0.05735838406585106
0.11703100907792395,0.004562115776626568,0.0886253605228247,0.1075258386905142,0.01141246025379057,0.2258898593995289,0.06868378462758633,0.09426050446427037,0.2820090671869344
0.15244702517618453,0.04529582379619393,0.5183933167408571,0.025025193420644725,0.06753916070462614,0.13536499333953939,0.008930639283227852,0.012978414935413804,0.03402543260331261
0.017270005586744776,0.07525700735795697,0.02618041501749056,0.04139195313205094,0.16837486181755792,0.030004756075461297,0.05707190111830592,0.03930168615613371,0.5451474137382979
0.061692070811854904,0.09091186401246021,0.0902501338089196,0.1543118401883394,0.14417309938091527,0.16467763891785145,0.052395117004669096,0.05915808917083115,0.18243014670415905
0.06585351143389,0.17102967852697382,0.06696973208816821,0.03467535721004398,0.0796178429389815,0.0709272818982562,0.05602075428255082,0.0405724655204866,0.41433337610064896
0.05641538069902572,0.03295818590288624,0.09305276072726397,0.049160168959437124,0.21999741474923531,0.06533581250613214,0.02287949019223547,0.022874827316921472,0.43732595894686255
0.340947594114351,0.008102400117164203,0.05393386113235882,0.019752093102662623,0.03679448556646156,0.09747124728657264,0.2840511406982745,0.04965739034427715,0.10928978763787756
0.10110165221525096,0.019908592062704976,0.36959249249298315,0.03748059287570512,0.1284755056796933,0.03584174513246511,0.09916950601336866,0.023194074479013893,0.185235839048815
0.5263460303863677,0.015410026903529946,0.02497115715869483,0.05572674139657515,0.010855887092875986,0.16014374380920268,0.06016680305015123,0.08500593880842372,0.061373671394178674
0.04132031554786409,0.11182053624388205,0.20109207620531633,0.03506894191164325,0.09429506125064087,0.043881007185261646,0.06645106961847295,0.3558019173332298,0.050269074703688944
0.3320708203224579,0.051328258821993294,0.035310013472178464,0.18093152610246319,0.008245751048784817,0.18144647895291036,0.12463855785410997,0.025200563419928296,0.06082803000517371
0.12098201835045473,0.03042066221234015,0.1562406814503275,0.503848035006509,0.010996554990743231,0.06874984937111447,0.03761558996273792,0.027629613435224177,0.04351699522054869
0.1117127138654988,0.26496996079057905,0.025970941541996615,0.058127183552913346,0.1509376726025745,0.04473635324520129,0.028481799698730593,0.017359642766371017,0.2977037319361347
0.36423237413365595,0.007732335933733355,0.026040779595266614,0.08351275069172942,0.019129882787496368,0.2922613101096248,0.08125695100617035,0.07031834290792881,0.05551527283439426
0.19267801769667056,0.08322869954913588,0.06844772996262244,0.02212919108714495,0.003400268563450166,0.4308925931629239,0.10515538525858177,0.04872699991499054,0.04534111480447994
0.07665103586784265,0.03919627586701171,0.23685123830797405,0.029190151127195325,0.4331599432910937,0.012230937582400597,0.022211658742542117,0.024983565063063578,0.1255251941508763
0.13944881216902394,0.09247743427786616,0.039926534641419584,0.21827861625935444,0.04265125885857093,0.20611483128462013,0.02388319827587183,0.03377163340332504,0.2034476808299479
0.062105130765066574,0.17777022664482733,0.014781757502245222,0.2204675494993911,0.030006058309987056,0.3217277920856438,0.06150191614350087,0.06520314791022186,0.04643642113911619
0.009515714187360332,0.20180509397988,0.09300395151071428,0.04931716511849782,0.04596441480400019,0.23033981206021129,0.1323382749745882,0.02917213294179993,0.208543440422948
0.0898069869396937,0.04490608894242717,0.03902785867791149,0.3538941457155384,0.012942338870327648,0.23178120456006976,0.05929111803115267,0.04419305848165692,0.12415719978122226
0.0886427460971992,0.006984540546143209,0.06884529002464294,0.1266598900495847,0.05801059525192354,0.25001084086508113,0.13339918350106786,0.06679976390664172,0.2006471497577157
0.04149227438144184,0.05472763712207388,0.04293972830602028,0.10459516718573837,0.06300323823043903,0.1257411834518434,0.11001020093467014,0.047568589235250064,0.409921981152523
0.5268185515875161,0.0068594701325094985,0.022310776795319773,0.1565477521963656,0.021841079102771558,0.06443820755968349,0.10013807281295801,0.06743969125907384,0.03360639855380218
0.05876520511236633,0.054001589200559925,0.5172476557994353,0.022102262187954955,0.08527027622763657,0.14585792004540238,0.04475171775932888,0.05260167410718034,0.019401699560135276
0.07274129519468042,0.11360388500834269,0.4603774291175707,0.06433024308251041,0.01942864425630533,0.0537488866347176,0.0825374377440344,0.03774392068511329,0.0954882582767251
0.08678001491240793,0.03634458906974119,0.32519241245776875,0.03261393648908508,0.18041125792548504,0.04165705143599765,0.1243538061647611,0.03205018288382578,0.14059674866092753
0.46580292560398684,0.026451160980865206,0.039657352812253174,0.11681145348049767,0.020472065103557133,0.09213615751994163,0.11591251954344066,0.04806536868453182,0.07469099627092583
0.20263162516754973,0.045452179706689244,0.5199498536093864,0.07424570419879836,0.05608054585933945,0.04363401021793651,0.012113354879321631,0.009361780002138631,0.036530946358840105
0.3374931401061312,0.020878807241237363,0.057753851376607684,0.13363363196359604,0.02524262624370328,0.15104275544302934,0.13499739751752904,0.04684566850607722,0.09211212160208893
0.019383887378308998,0.27279477420058534,0.05038162435108456,0.06146770654832582,0.15908056581222493,0.07249476187938653,0.2548927624748172,0.04657322557972663,0.06293069177554
0.10325616322128119,0.04687867133350901,0.06848309467324261,0.11529210535417696,0.04961711558206785,0.1342430242595708,0.05766629557620561,0.1352521877951123,0.2893113422048337
0.09654233782748645,0.05786812540124448,0.11692242398835184,0.3012485524544591,0.027518582834883534,0.1703174720701456,0.06314546882123373,0.03891129634479454,0.12752574025740074
0.304269838059942,0.007374933058721801,0.05212403236395885,0.06545282357843518,0.11888108845443075,0.14929103651937262,0.11142667812539976,0.08147124728766418,0.10970832255207474
0.3689135329414139,0.0008197028800996739,0.025698234495481934,0.058154177428736416,0.006433638662188354,0.15886707553820703,0.2053817609322548,0.111687957655256,0.06404391946636183
0.07411100239393027,0.15278463003799536,0.08092737656907902,0.11570752482993663,0.19445492426374425,0.03047087687339579,0.07458298035010207,0.06826955686746035,0.2086911278143562
0.2965848881646969,0.028569611516650283,0.04821875008253448,0.10973160963181876,0.024357583587576295,0.11097110468315108,0.20055386806485828,0.1348227443168393,0.046189839951874645
0.036119816349331924,0.02531346082850792,0.7065490808890424,0.01987662079515933,0.016845137590556013,0.06258866976953324,0.06392789116108127,0.03595494100987153,0.032824381606916385
0.03308961817534639,0.02478297077936646,0.019167396548581257,0.03185081678965167,0.13044635106188462,0.025196419450101554,0.04730787108006133,0.030695352778541962,0.6574632033364647
0.08830268290637772,0.022461581523056825,0.01917135691971443,0.015550955129302295,0.11383710848406937,0.3630762907129137,0.14550024816753515,0.02766844827392147,0.20443132788310903
0.1480088711487549,0.2923545471032453,0.02753997238556495,0.02188527092292448,0.21422666174054206,0.04253945541782367,0.03530055260902909,0.03208356472294372,0.18606110394917189
0.0935441327295277,0.11412872124991964,0.18390355178684617,0.12459952089838755,0.13147891329668657,0.19929835034553542,0.05320378663762334,0.010665996383365859,0.08917702667210771
0.09910569716840101,0.04813933181142425,0.045048243547651516,0.12185108295167617,0.13761114195280202,0.26685153526521216,0.16788030531770382,0.07530856783432617,0.03820409415080281
0.1198258259199827,0.027233356224428063,0.2623105173282379,0.01992388007091593,0.305898156156433,0.06375211567215695,0.026509130051718663,0.03383394366906136,0.1407130749070653
0.1159550718050626,0.029326092243740304,0.024232617262451062,0.12251154919219653,0.030587355091056825,0.0755298308886514,0.42093164718582093,0.02640886755282869,0.15451696877819154
0.19590434017952205,0.0623227159150078,0.035388150225726105,0.29714960880549496,0.12408353868552434,0.019001854241321857,0.0795685834359312,0.057959941708318335,0.12862126680315333
0.20594832287234985,0.06401374213559986,0.2653935014208999,0.04478022795265225,0.1613755415828886,0.17941335493885543,0.03807913451315555,0.02717406615074629,0.01382210843285242
0.06393253645763737,0.04692827118973348,0.04101527044545767,0.14356969046670184,0.08547566642278914,0.09875437975944791,0.08923112326779359,0.08506671456519165,0.34602634742524724
0.5912184164419976,0.07176588863534555,0.018619234382068358,0.08020306190873226,0.033156828038221925,0.02202165295688656,0.04002548077720053,0.05963723547063359,0.08335220138891374
0.06585814582723683,0.020275737401496952,0.034577704219920985,0.10864940586642118,0.06421934049510586,0.05853974844926587,0.022777179999912783,0.06311153026497092,0.5619912074756687
0.019601763923517035,0.5582219880358291,0.017226775456813424,0.09117744006449678,0.024315010077199675,0.05841615385790386,0.15968721356035023,0.019118486079251387,0.05223516894463851
0.631086214680794,0.016492737435600615,0.024256427472033548,0.14111685835654744,0.031121639469650898,0.014586582848324314,0.05434710020160238,0.057111317763033596,0.02988112177241331
0.11353055476438141,0.015530210575365987,0.04280191834073364,0.17380235424333615,0.009320654743886136,0.16386048793218352,0.22933760533707326,0.032415546492204204,0.21940066757083584
0.05318267521565262,0.034156660875674684,0.020030103086329104,0.06044650833124154,0.028829469007604542,0.23050305329501142,0.026145124565296957,0.016141645051515892,0.5305647605716732
0.15149495158549967,0.0706696906367556,0.14120366073613635,0.21667946515255873,0.039154729466576776,0.22098309654396686,0.04267338092551475,0.08309782143023317,0.034043203522758116
0.1520840574916095,0.035147723460961545,0.0647952281058474,0.00776149732395071,0.40543591705409465,0.06213771225951766,0.020869471419399332,0.02577782050392838,0.22599057238069095
0.03165648245455959,0.1121995209359452,0.02451054573043752,0.07525416813315014,0.1293613461284402,0.15711149467929228,0.1119403965397679,0.09666120453237227,0.261304840866035
0.09914105529585233,0.17829333236013525,0.3275125363287294,0.03020976471864757,0.04691422389418809,0.15651839392632264,0.060537746695981616,0.02008970151615483,0.08078324526398827
0.07157824804910683,0.4947140148766369,0.06068382062463964,0.06239369022879998,0.017154033911796828,0.12230643783271615,0.03141685884146058,0.056552070722490654,0.08320082491235252
0.053599520316803616,0.13478752977115463,0.019159664822199118,0.3573833842709692,0.018849576212787215,0.2740296413427477,0.026684411453886708,0.04137379824533516,0.07413247356411666
0.23134559953209408,0.01965728072935403,0.02148601094561269,0.052363077073662945,0.06408020988802612,0.03836011398425919,0.41144705911962637,0.05489440277686213,0.10636624595050252
0.11706682504889565,0.01120097964624408,0.03626873391205541,0.17461903434346404,0.011441474257658013,0.3530472212352893,0.07942511389722794,0.14366841420468066,0.07326220345448499
0.03447819347643128,0.05429305781029442,0.019814358392703048,0.026365796324753995,0.1035583099857683,0.016285580760622816,0.028170413490466135,0.044588064577961946,0.6724462251809978
0.39764224450501406,0.17114500594547347,0.14347307233162007,0.12345745178367513,0.053868708744243564,0.039557563290608534,0.025051728327737416,0.02013129877686597,0.025672926294761905
0.054151056691657824,0.16002825475734028,0.03532153162231203,0.03817986192975046,0.040071412545807296,0.2609503072187333,0.17191442816275238,0.034229643610818775,0.2051535034608276
0.34341860288871984,0.1265131070223373,0.21668157759908335,0.07472237915874687,0.08815220131155614,0.02293205448980055,0.04060398606796144,0.030547883260831632,0.0564282082009629
0.1263304733484905,0.08943794839549439,0.04689506595031406,0.018747226124618113,0.01799026609220476,0.42981264774834055,0.2251130630660367,0.011205429346553256,0.03446787992794771
0.219325959596243,0.00475347645714308,0.02375186599522175,0.08225283644620442,0.1199855240697769,0.261563457560347,0.07930076285476327,0.10009187987542871,0.10897423714487187
0.011504434338519267,0.1318544164103748,0.05482362491549855,0.10818091639731314,0.07886563793032263,0.4125400225507874,0.11418983965635911,0.021986358331836837,0.06605474946898825
0.03260345861713863,0.031184189211238996,0.05245418298754264,0.12187050835299162,0.023234451375201467,0.12394313259536897,0.17422494598672192,0.08414324959737578,0.35634188127642
0.09186471530994866,0.04033406143809128,0.43190921520706804,0.02207342700867398,0.14116341753451,0.17680855070525495,0.027329412704274636,0.030881747330710325,0.03763545276146801
0.3191024630542641,0.19170750474749845,0.01567977248941314,0.1905768270981404,0.02743785081519791,0.05237868930485997,0.019918740423391226,0.1572661898608772,0.025931962206357614
0.08133596814017917,0.12775124359766712,0.358408884535329,0.02754275874672782,0.023616784073633153,0.1039976089638494,0.09159804042510376,0.03049908641303371,0.15524962510447696
0.09650791921609218,0.13666574526092912,0.16708197694714308,0.11305313471677908,0.022764987149419824,0.18423064143550272,0.04319466826861834,0.03240825626494318,0.2040926707405725
0.0574031415235415,0.017225252715716344,0.06305321941716953,0.48883131881619857,0.016449204824211677,0.21897918168911226,0.02092270756188801,0.020303051913917302,0.0968329215382448
0.4454957113248714,0.09312373262210422,0.14392420782780904,0.01828868729710964,0.1628130301334173,0.023630458933665343,0.02515764375044792,0.024612343448366224,0.06295418466220887
0.04264443337990584,0.276150448367922,0.06257862110989364,0.05118891141346113,0.00989174247514706,0.43643110833150667,0.03961565636946076,0.02271054497624989,0.05878853357645302
0.0638480420094734,0.23360566866281773,0.05364484348818349,0.08718512180668393,0.037777957494660466,0.30060929639669115,0.09766481102733986,0.04238215548730697,0.08328210362684307
0.5528457682189648,0.003206976575556349,0.024042993417795824,0.10059011222600493,0.004177341961758206,0.11822207560202208,0.06623141022205238,0.06682509382059905,0.06385822795524641
0.05256265106581547,0.016926800402358468,0.018391493670477845,0.06054984425729709,0.12213264335794316,0.11004205998611816,0.05562171905365169,0.05517597793084109,0.5085968102754971
0.11269127779957629,0.1615757586186738,0.15612311856016245,0.06203722755741146,0.17811001435814755,0.05991184454336004,0.1103312275223494,0.047364129284517185,0.11185540175580182
0.16971728820070955,0.07456028956434695,0.32848207467442814,0.11664573668659621,0.2195033518291988,0.025365028878154654,0.022498859885587225,0.015775315045935448,0.02745205523504309
0.21938808473520008,0.11870232192355391,0.03311314042716388,0.12037868245954247,0.04105372825909143,0.3154049491804637,0.0527772870054567,0.01568188089505195,0.0834999251144758
0.2807731074963054,0.23782436060899573,0.17627833509158752,0.03999199035987457,0.19794007963676516,0.009180020467229499,0.012180015705745595,0.01845542776745962,0.02737666286603684
0.09018917277866362,0.05521744712200827,0.04054517530438248,0.02298302264922193,0.04420597944979415,0.267464511812611,0.16449877071394806,0.10393760954823901,0.21095831062113143
0.044953008676492275,0.04901235576216389,0.6341780063394536,0.04310410987671267,0.06350794357686212,0.06609872917324672,0.030220302274022757,0.02067398579123787,0.04825155852980805
0.6104817807404151,0.027320554153365484,0.03709527946862279,0.06092837641930681,0.00699723922555479,0.05162554907465037,0.1274162869795543,0.053951729421608564,0.0241832045169218
0.18475419990182154,0.05159790338722144,0.07631786397468442,0.3881690899247525,0.09124466866329063,0.13069834408110184,0.02927713807703269,0.023037253881907,0.024903538108187923
0.07277737612014576,0.025470287546052548,0.014836429856809651,0.026398228272276888,0.11675626300690356,0.017758226495023895,0.03677311791143493,0.06371974427064063,0.6255103265207121
0.26679172991636,0.01132020660085282,0.026619925340958694,0.0653641628569228,0.08141567856707516,0.2808297128092221,0.08944390773258942,0.08825915453014439,0.08995552164587454
0.17639088760792368,0.11472860873947406,0.06250276106137419,0.059043910116330145,0.0280163579682919,0.2977086624078648,0.19312380774601215,0.039480809990593196,0.029004194362135954
0.4570243851618773,0.026631185377198358,0.04971803655389213,0.09459321434082751,0.02266461152550008,0.026737316284216345,0.1260018183861911,0.06349758237433177,0.13313184999596542
0.023310857151013855,0.041290092520727475,0.19766301136365128,0.07826539108860914,0.03697242122038991,0.24478371823613862,0.2765927702283793,0.03849519141274093,0.06262654677834956
0.07713430195295845,0.01961423222697849,0.06351649291242183,0.30197719606555246,0.010187897453030495,0.25898994353943267,0.08187641888024576,0.028235997717527522,0.1584675192518523
0.03991215697653853,0.03430375005803743,0.02091132007032206,0.023492360067401786,0.17098789096292652,0.02946589811773261,0.015214147990179006,0.03652733262428871,0.6291851431325733
0.0842818314655619,0.1315390805493102,0.04148541942180861,0.35194235729070295,0.03489210755668776,0.13195344142745236,0.1376774199485623,0.05257823600519992,0.033650106334713985
0.057437854495726325,0.3374667382829697,0.19866340965821927,0.046457129286418014,0.07312296228413839,0.04449382544180138,0.07512128474975348,0.04398725406536488,0.12324954173560852
0.1578573833501268,0.07020594319859186,0.05080857094991475,0.05956884686090628,0.0348465872125927,0.1929652720565497,0.34540495623453427,0.043217352385937075,0.045125087750846504
0.2116660381616491,0.08533196649688411,0.09228059565593011,0.12535280982650043,0.05695110146096335,0.13321597559217768,0.11116951913206335,0.051269305255331445,0.13276268841850047
0.08717351909552072,0.06301479923424651,0.2962158231350172,0.18706399675349653,0.037494298492475646,0.07879946932714933,0.05399885171894242,0.027712624863490066,0.16852661737966157
0.07969405745552945,0.22737470095448753,0.04878316567370169,0.08820601641703729,0.028915755458084728,0.15915275202821375,0.21841600516035029,0.06364763980188608,0.08580990705070919
0.06278733213396091,0.12164064597929503,0.3463010405619334,0.06559035879465967,0.25460885471151795,0.05894766534750615,0.05024909099203273,0.017504596403383057,0.022370415075711168
0.01835352377588372,0.08648024012056783,0.1918174667280386,0.054882710648103426,0.014268972551910557,0.4708395836429899,0.035745046937305874,0.024018430577468858,0.10359402501773125
0.10398531487652175,0.1015498878501262,0.07138781992163905,0.18446053375597551,0.024877303689036373,0.18741154696962958,0.19233426288928623,0.05011589603409678,0.08387743401368845
0.03960652283265809,0.012409881736318162,0.029479424110327713,0.07515898058828371,0.17860842243548536,0.06372670079510666,0.029775266536352166,0.041027183563127075,0.5302076174023411
0.4934079240416858,0.008524337763997546,0.018031782820420294,0.04405510214461809,0.04040666273063307,0.19642581236402926,0.02468734777146386,0.07868725030670048,0.09577378005645158
0.26508991245572033,0.12034503829254635,0.15757921198088862,0.09697625518140707,0.1802088223003692,0.01856121389845827,0.06906588760381617,0.03039083142907803,0.06178282685771592
0.23838572809736355,0.18254746522082063,0.1024410518272713,0.031340184952186836,0.18004727124580658,0.02184609561640578,0.19234288771353994,0.018193633404380894,0.03285568192222454
0.03278653461014692,0.06498335406493687,0.06709446614046527,0.23972455064086529,0.07438911845803348,0.19196091507189017,0.07739174549384088,0.059269878645927566,0.19239943687389358
0.05553245951980703,0.01247858845938177,0.024463432257721046,0.121091364472376,0.0669874471921922,0.17271242944256215,0.04216493591000295,0.018092599585572244,0.4864767431603847
0.06363283141640845,0.06910094427643025,0.18608277369155435,0.07137332295384534,0.3596599500654694,0.11970395805280243,0.012633706632081255,0.011418232576903867,0.10639428033450467
0.44346692094838885,0.0016654286185592514,0.02537534974542552,0.24024339852052132,0.016170089900764153,0.15706871279308735,0.061727863095538314,0.03818202663916583,0.016100209738549493
0.20442860539503127,0.03387631293820193,0.06318818201853038,0.01198942924160872,0.5178646491803858,0.018949584797655586,0.009412847394507144,0.013389330964068214,0.1269010580700109
0.032957574041485034,0.29175424403446537,0.03714164008703114,0.12752969165391329,0.04264074397133951,0.18003962904984427,0.15265581206247258,0.048796851251815876,0.08648381384763293
0.04032330406965436,0.18163829166792167,0.043007349844079994,0.06827362332258295,0.06348520193329665,0.18831258997113776,0.04497875258782486,0.05744851325028871,0.31253237335321304
0.07574365397326793,0.04077667479598003,0.08000566383171893,0.10350627171213794,0.041612794584308034,0.24833705057450836,0.11960535073043599,0.06973718738969596,0.2206753524079468
0.08136774782264848,0.24646660565638323,0.051944841958580436,0.1733033244480741,0.04539985449325173,0.018961125175835244,0.0862625110368365,0.04891030985909437,0.24738367954929605
0.22783140260708432,0.04106138273907801,0.07386829815583106,0.05409160237463264,0.044834058114330146,0.12347650404846745,0.24476556912298972,0.11388550564377986,0.07618567719380678
0.035138121191867495,0.018692020434857497,0.05285386214668727,0.03300276963394779,0.26583760906525866,0.016427892016641795,0.027473308063442812,0.016009350217357905,0.5345650672299388
0.34122297883343156,0.02043685397445531,0.02125039430476627,0.2620416866233124,0.06653020673295414,0.046329647639888866,0.17860219847524147,0.029705042667154877,0.03388099074879511
0.20932379246996846,0.15311587828561726,0.03485452085011179,0.012171420847278144,0.2629969841550974,0.021379711123916945,0.020816002450538332,0.014473879950148217,0.27086780986732345
0.09776858057527216,0.10776936548752547,0.038078277065326675,0.4741702252031786,0.048951715094424614,0.05371327107989501,0.0877976021330838,0.023995257642158846,0.06775570571913496
0.16114691673553974,0.08196344225899803,0.1271419494025208,0.30858452985102497,0.04162403703830835,0.17044235368161878,0.05192348073866271,0.03573048746700671,0.021442802826319954
0.03925350001147652,0.032943476562864525,0.1452792837343834,0.09436469144183605,0.35573326798027866,0.2621920975743841,0.0031644181951506474,0.02286105352572451,0.04420821097390163
0.49039231268579014,0.05033168440936404,0.02540289842752103,0.153480164581809,0.01591483689809824,0.03442460977711125,0.06252193642651281,0.12442822151049841,0.043103335283295095
0.3239682545057899,0.021863235614663492,0.03546224546549686,0.05305175491401604,0.026218066519998404,0.20965515799640025,0.14886349711857064,0.06497607109936275,0.1159417167657016
0.05526617949780344,0.07050494107033513,0.02328813837849834,0.10672485048738116,0.13845707525821127,0.023439470401493263,0.0872960421066754,0.029271116881826927,0.46575218591777506
0.03129390389186829,0.13470434791496655,0.5302763975085573,0.03666856316169071,0.05425226187957174,0.03679040735448336,0.0932988412001131,0.02563137597624134,0.05708390111250766
0.14935710298881583,0.10285063384701693,0.20500757101631417,0.024425318523282034,0.3852229466764923,0.032510999883457466,0.05218289053750347,0.026361090910547984,0.022081445616569717
0.15850959192616024,0.08492901986769963,0.25056979269261664,0.041204660718431325,0.12833340458368425,0.026365713364658944,0.05403075076294192,0.053244546194852825,0.20281251988895424
0.1867465638013783,0.07834651269389427,0.12343071236097769,0.17726148461190858,0.02131114248067507,0.22405124997698475,0.1385552130370322,0.029980394742354585,0.02031672629479454
0.17009234547409688,0.242035942553691,0.2110379898140782,0.22604460605709212,0.04025050070818965,0.042376158531189555,0.035113870705647136,0.010162711628195402,0.022885874527819997
0.02075682130578816,0.29268774286359633,0.040360391399361116,0.13249529971989424,0.09146029878311207,0.06116141746686243,0.06065905264174004,0.05046009902523487,0.24995887679441076
0.10347271106286782,0.017735347265631213,0.28878700004942814,0.024276073744171126,0.361115795979742,0.04122285633580959,0.056124320071665984,0.03046146274994672,0.07680443274073741
0.045916671661588644,0.03628691124610206,0.0535567822179018,0.11435316172441047,0.04806679786197827,0.18802952205083714,0.04414772454957686,0.06787978221388118,0.40176264647372356
0.06750760618036947,0.08752298119934356,0.07980197104432252,0.3197809625921025,0.04528165054556368,0.225401648486612,0.08197828690651589,0.0364344986604773,0.056290394384693056
0.47092051413170316,0.005376235809579251,0.024266814131932973,0.19017109522444967,0.016270233196712714,0.08180240591015335,0.07665554325768527,0.0780661526415416,0.05647100569624199
0.11583160204106308,0.07796310156285935,0.0486744217639772,0.08810392772423427,0.04297723468343421,0.06473288243217486,0.15327703044692362,0.07503181660868975,0.33340798273664357
0.08355712842578102,0.09147182047468999,0.13052354060001076,0.1284241747006657,0.07038331435403804,0.14691677147618407,0.1286241171978285,0.04871661793115745,0.17138251483964442
0.13878236138883895,0.08682195515402978,0.5766854920984988,0.039690378064450374,0.027498847411320183,0.09044635206530112,0.006870922151186736,0.011807640470064565,0.021396051196309426
0.34122297883343156,0.02043685397445531,0.02125039430476627,0.2620416866233124,0.06653020673295414,0.046329647639888866,0.17860219847524147,0.029705042667154877,0.03388099074879511
0.5121687371900222,0.023305005181309183,0.01943563461452466,0.06307120887761465,0.013904703441803964,0.053685994050004175,0.12593475328481182,0.07955537562387577,0.10893858773603358
0.10965303847228856,0.1485821588827391,0.14250638566334847,0.1803616105613742,0.022973926315146134,0.2028009694293593,0.05367972896707223,0.0295096350486678,0.10993254666000428
0.12292567925157656,0.1408337609762541,0.30033708911884577,0.013423998853785526,0.31465877643604134,0.01669624643599636,0.003980255295087974,0.030000255113604223,0.05714393851880817
0.14987479927948477,0.06749381118165386,0.038652247981983114,0.31367852539456564,0.012771643716785344,0.10479831852387678,0.07221198923621376,0.03264874481207227,0.20786991987336437
0.4570243851618773,0.026631185377198358,0.04971803655389213,0.09459321434082751,0.02266461152550008,0.026737316284216345,0.1260018183861911,0.06349758237433177,0.13313184999596542
0.13580294490420242,0.09405328628935268,0.09023121369326063,0.12249564829109516,0.005477434484322116,0.2150927057253429,0.26473033745942737,0.03893984270896484,0.033176586444031896
0.3428926633028391,0.017463595113913145,0.014571328575733254,0.25857841502971723,0.022621818420660068,0.08387792522979894,0.04871131932320497,0.056396144556682314,0.154886790447451
0.05714132173629322,0.030247772966139314,0.40809478187473025,0.017710329879034346,0.3054081519567738,0.04679266893286427,0.017086527677314892,0.015293366777073047,0.10222507819977678
0.1496249395185638,0.13915010181160456,0.22388310519835097,0.05111286292431355,0.2517508793504644,0.08644142798816469,0.018084949410731323,0.028125458990721525,0.05182627480708518
0.14167432413001715,0.1967612537294016,0.2897935509760585,0.023967131386354677,0.16649941367356358,0.10429415682489036,0.04153079523257392,0.015174147765325623,0.02030522628181459
0.42759172103107823,0.01957360958298074,0.05301467905668054,0.19252403813950814,0.010722513768203467,0.16072187063622606,0.04171913215207026,0.042565115943312755,0.05156731968993982
0.11692504286521478,0.10808109094031014,0.0774469377184948,0.051376422847193785,0.1675548460414268,0.008997921536184618,0.02780090130486876,0.025128817126071058,0.41668801962023533
0.5897000004465417,0.04370471750831484,0.01669728735423989,0.0213364017066424,0.07706843172964054,0.02696483988903872,0.05532849458620701,0.05539952571710328,0.11380030106227168
0.046725173440818925,0.5154919580901152,0.045314862827689185,0.09339774295521702,0.11969364106077822,0.03161812186133378,0.018565888486823164,0.03556378609361747,0.09362882518360703
0.08129405960550479,0.006644687511248494,0.36201662454809785,0.02082697322611029,0.3004476159348374,0.16585576101038602,0.011591664796191267,0.015280425258278685,0.036042188109345105
0.0981066416398223,0.08130679285282344,0.04623154086876367,0.050341921105645164,0.03130722594528874,0.1473806370972613,0.3669428870390066,0.05496136804474706,0.12342098540664163
0.47820062383638423,0.011032394843762507,0.024394120074927556,0.08933278382198506,0.026668985315867297,0.028387588216524418,0.2361206750473176,0.09695720431369947,0.008905624529531963
0.13456011641650603,0.05007093230582654,0.04840938863799077,0.14941928882347313,0.037614407184136604,0.07394085265826596,0.1874085689434538,0.04906018687513856,0.2695162581552085
0.1413839151559209,0.03701629396971094,0.07413681070543587,0.008965888288656248,0.2965248408453558,0.05544687529919714,0.010791966671486172,0.00849062583073896,0.36724278323349796
0.24066129640182274,0.033331575831102155,0.04601819972266303,0.012689099853115858,0.5345120274527814,0.042509064140776744,0.014004383161266702,0.026216892785797852,0.05005746065067346
0.036011952190954676,0.10323412241669105,0.06062763640075496,0.12571637412959272,0.07589193153053397,0.11077150289041408,0.07476225351716119,0.07941016503350266,0.3335740618903946
0.48414977032818207,0.006038300521820357,0.020233455902243572,0.112232834481279,0.021185237654327633,0.05895344324929169,0.01521659373163922,0.12373114455629891,0.15825921957491754
0.16711833893919595,0.09264645806009954,0.09047134624493212,0.18484267054040218,0.04452981852245145,0.18624487491872366,0.10915090638572407,0.0798426906169505,0.04515289577152049
0.05400214133458381,0.013111574511860584,0.030750545184921232,0.3410967056455772,0.059030203226965706,0.17610935994517782,0.029509709956741584,0.0826162810560125,0.2137734791381595
0.2506385562662807,0.12300196806752661,0.029307451589539818,0.05166275644521571,0.0947037798290855,0.06237938855723196,0.20770175291372048,0.07775863594944364,0.1028457103819556
0.029737715205431153,0.24143700180893524,0.045484350700802846,0.05039486969443302,0.023014353264636467,0.43876911172102995,0.0259854587783355,0.02065669335377333,0.12452044547262246
0.1281684640261946,0.044233721553795645,0.07145380694131359,0.08417521167370283,0.06901353841221457,0.17057142711830242,0.273053212986939,0.0545356118785383,0.104795005408999
0.4450461325578497,0.0050437613107999525,0.009197566221940904,0.142244622189972,0.010539635382893361,0.07030694857417599,0.2529492107245727,0.0503728266647595,0.014299296373035827
0.16979047697204405,0.08883957361107174,0.14234046681372714,0.27587888500592933,0.021548086292480475,0.18942941422365622,0.06685192024930046,0.021723327502731468,0.023597849329059145
0.3525028744393281,0.020452087709689874,0.027882310808500593,0.06092117113390077,0.05729448858907993,0.19672600202759014,0.09931325804741349,0.09139361791642055,0.09351418932807652
0.343292586617503,0.021576617409560267,0.05168810032148166,0.17395825248083505,0.01711650933640766,0.05668378566350094,0.06926395887586557,0.2065582209468363,0.05986196834800967
0.08942181929764952,0.05743819266275504,0.46013444714222795,0.08945419705474135,0.15135551523128266,0.08712412839491013,0.014856496411736421,0.007313810971568695,0.04290139283312819
0.26728792956976316,0.0016633453341569659,0.018270304829175698,0.12223817563436866,0.01357109523957932,0.07174979741530753,0.28055342891290075,0.20812579029208367,0.016540132772664317
0.06733619968093796,0.01738564180494717,0.03224567556390693,0.03790691640028942,0.07900015092629376,0.055126959408624616,0.0250903171481828,0.02970976220960922,0.6561983768572082
0.12137636301754655,0.1387556663581355,0.18316886311357528,0.0613486816935579,0.18613989380961568,0.14333681537945867,0.015099959999073988,0.01104587739784392,0.13972787923119248
0.06375938426167116,0.2908183540674993,0.20639162009885,0.08193282819101641,0.13475904817395268,0.03215808078986818,0.03812369995431051,0.012452679729314617,0.13960430473351723
0.32404020242612525,0.0029491852422921902,0.04647284325878473,0.022882189131249193,0.02761263712336634,0.08600283644018615,0.23818875659520158,0.201336380770222,0.05051496901257244
0.109085173708245,0.1867135550058575,0.07505109613685929,0.09391585916458235,0.14683553617384648,0.03317882752878657,0.08903856249837178,0.10860470482021885,0.15757668496323213
0.07146301008956817,0.29425986296332846,0.04344750920504078,0.15694437286345606,0.07920356977606875,0.04939286921629037,0.25466354116624834,0.029875490003713066,0.02074977471628601
0.015711663844961043,0.1440923286503159,0.11180533334837744,0.08985798659442225,0.011086548335724788,0.36385877788605453,0.1759781594200954,0.03944448950580137,0.048164712414247246
0.08040844659083732,0.025847033357871124,0.04844175414059113,0.2699134613996154,0.05081000588422425,0.33678061307807305,0.07307156027643334,0.040688695610118585,0.0740384296622358
0.08395910457573375,0.27655282273536225,0.07062714095028637,0.10225121161900659,0.04828167632285057,0.08365658346747268,0.18656424570999963,0.08680300963595104,0.06130420498333713
0.02196913666621533,0.14079293146952318,0.07944163719766328,0.08487800148842922,0.031836498037976814,0.3751387849766184,0.0659055824836934,0.019382418903942926,0.1806550087759374
0.15857291515476835,0.105876687196638,0.057434022224304195,0.44914385679130336,0.01886166228065454,0.08261398663317525,0.04219601105334542,0.05381396644401592,0.03148689222179492
0.03347379977509838,0.38556128450441474,0.08898644612216826,0.10212441509548392,0.05871071389983775,0.14372163910482846,0.019174018099483426,0.012212957276032695,0.15603472612265243
0.11204486812325605,0.02340895598153206,0.320747369781029,0.045722890178719715,0.3584094978766486,0.02073559014372196,0.04116627963848171,0.016317618283274785,0.06144692999333614
0.12461719414803452,0.03436316459662724,0.08207423822395787,0.21167857722119163,0.1891207284308929,0.21545143687661908,0.08712647352210386,0.024747576905122925,0.030820610075450023
0.2425096796605761,0.03661430455274947,0.03130428590157736,0.13322283796116988,0.02090447990690017,0.35176882984752306,0.10110833076467905,0.04812838896498565,0.03443886243983926
0.030765582603443475,0.06882318378587014,0.11624459654477858,0.16367736319037576,0.035626875633582494,0.28956245136363973,0.10474479446108287,0.0318107352592208,0.15874441715800613
0.08565203154992689,0.037184552415499415,0.011037422322798316,0.025231180407868755,0.08074916518304671,0.0528463327099033,0.02539566921057081,0.025190514381192162,0.6567131318191937
0.022368342599633346,0.06943810166315514,0.18836700453378777,0.12954437620705092,0.04180879715356092,0.14230300251282316,0.24853307321878657,0.012571706533950533,0.14506559557725165
0.1469645075388612,0.041750335315494526,0.1633956276416014,0.015478419614154942,0.4140602080331963,0.01857744263835869,0.031262583189325455,0.03822994652088463,0.1302809295081228
0.5556603318575576,0.05118354198387139,0.05921501260745842,0.009589090724677025,0.12123765983650751,0.05155010424992682,0.020230839696283434,0.04106804574554861,0.09026537329816914
0.4871359737836782,0.021022362606641993,0.021660519673128122,0.04518663755482832,0.029046636404845616,0.03564204761822352,0.05335193032825102,0.029678906146639917,0.27727498588376337
0.012577107091486494,0.43784771573886516,0.014735374295649709,0.042531314623129014,0.09796853680236033,0.14101637498082029,0.0879565440444783,0.033397938427755534,0.1319690939954552
0.2739551347013292,0.15674867744225693,0.16146710421937321,0.027998946540355858,0.2783843881750069,0.008954793807008027,0.018819172694397777,0.005661313807236918,0.0680104686130352
0.1600061013762302,0.0037794718198546355,0.03150462212190692,0.02864560719704796,0.024175196720843565,0.2264243237172144,0.3612073098193815,0.07134416252563354,0.09291320470188728
0.07392216254823576,0.09327760224941405,0.06595423455043332,0.16919455960955174,0.0220184533086729,0.3862150620657201,0.09071423844151714,0.05714444878041022,0.04155923844604479
0.039138792451732296,0.03369516559689193,0.02799328801448577,0.09782034204765734,0.07721881805408107,0.13309338672522042,0.030238139614754106,0.041558634187760186,0.5192434333074168
0.3671631296490334,0.04246641416527644,0.0223656946622189,0.08325826100591456,0.014918932013644047,0.04116970923404631,0.28749593517111866,0.033586384434540435,0.1075755396642073
0.017270005586744776,0.07525700735795697,0.02618041501749056,0.04139195313205094,0.16837486181755792,0.030004756075461297,0.05707190111830592,0.03930168615613371,0.5451474137382979
0.09199654612923858,0.05725362505570301,0.5079786998564079,0.01829765206981201,0.137239472996162,0.028338060572174556,0.0158798603864959,0.0133148390285106,0.12970124390549542
0.0659083584048381,0.32191152077010415,0.32971943379571134,0.031854570407677356,0.07496496098399799,0.028603795203832938,0.07846632586318185,0.04172158061309508,0.0268494539575613
0.048081347216591984,0.039065316994701664,0.03849220800972513,0.07230706918468562,0.08229830338900267,0.15121636654993384,0.06858073739814574,0.03756191229749187,0.4623967389597215
0.4228419985066563,0.007872215654819699,0.038023529988816265,0.129745136067844,0.022576481032625977,0.24529166332680433,0.04519734252721613,0.06033298249194532,0.028118650403271935
0.18825623996825724,0.0369686578108599,0.018812257337378884,0.01846396932352203,0.5168545518805042,0.014726744685568957,0.029047863495670307,0.02798989376321806,0.14887982173502048
0.06312154522606937,0.04390972755841679,0.05746236108915123,0.23608218964011454,0.03267866016618832,0.24795790524754166,0.14727202798322928,0.06990348951737678,0.10161209357191198
0.08691063274629325,0.17999034701308272,0.04330137828213069,0.0681747224510484,0.02485518392570237,0.3190670049716417,0.1895546188575835,0.05230043322290425,0.03584567852961311
0.07432971971175238,0.0618220685324929,0.030384979930291222,0.1713055856950294,0.01844360169146188,0.37812824436015785,0.181890670442333,0.028397914624794265,0.05529721501168714
0.27279834452020985,0.16162976481270694,0.4456972557487302,0.02356364184658224,0.008771134030692898,0.031905615517534014,0.02216922390419468,0.022567919763890085,0.010897099855459051
0.05835006223604764,0.03115127832889129,0.018080825957522712,0.04196723934371154,0.031156203033678512,0.3137543709247332,0.2628001697326105,0.02166376718971008,0.22107608325309455
0.349463559265059,0.020272502496986197,0.06212675521882275,0.16766157287261016,0.06655459171267424,0.19187719219625074,0.06348318478980976,0.029126967936147496,0.04943367351163963
0.023577212394576896,0.13296117063251467,0.1699014911620448,0.15777260672699484,0.09969120267736936,0.06969430978336204,0.10113221547018732,0.03744671958265454,0.20782307157029553
0.025664511106040507,0.04338920206939551,0.015827531351676666,0.08380429410440988,0.06794801147183534,0.08482922291855438,0.014259964850061382,0.09718867802938602,0.5670885840986403
0.028296939941376748,0.2609993540709814,0.16812908637009927,0.09380892150220282,0.0236616439340885,0.20667818161866502,0.03601662728188094,0.04079334863886421,0.14161589664184104
