0.05108002429463785,0.10792236861200404,0.008467624251822028,0.5118244089351499,0.026284719184926527,0.01833085518137158,0.043880637179327324,0.21944386535131413,0.012765497009446706
0.2337512308694305,0.14136701162982335,0.08484017386255895,0.15447924339593558,0.06325716005166847,0.06608327471536285,0.0081033552996272,0.20149026696845249,0.046628283207140714
0.32826789828132835,0.03914132368113373,0.016180543329021635,0.033062948729658974,0.10689835740989644,0.04552769812416383,0.1053290416402603,0.02687523882646146,0.29871694997807524
0.21443517915889745,0.13236387316123985,0.12454172034973805,0.06203004819574245,0.2479850967377997,0.10213649769605863,0.06769841564166106,0.02399909169199489,0.024810077366867873
0.039187885644791184,0.15322654463899552,0.21223457273498755,0.011314753245982743,0.05128572777392662,0.23024239812313194,0.010628549238807369,0.1082578855910807,0.18362168300829648
0.2870406899497044,0.06395533253759271,0.06658979217197986,0.08548718613791038,0.1418704681753888,0.07257090391535502,0.0186581755058295,0.041124711325782715,0.22270274028045658
0.13738064611694376,0.137616124269167,0.03769017684425417,0.06113333740524667,0.030613910118859205,0.14704893577498568,0.06878832554485921,0.28874210825048174,0.09098643567520252
0.14714728080836326,0.018840656283981627,0.3240503287286343,0.01820950785852153,0.05732402427950171,0.045373093226545404,0.02978210329455121,0.025759677134822884,0.33351332838507813
0.03481698996056202,0.10052120627197493,0.061783300018021396,0.06884752514214937,0.46152024553029847,0.10450294979587355,0.11303885845364814,0.03968675339237809,0.015282171435094074
0.1257675255349107,0.1913836939404411,0.052573252351956146,0.02842401978241112,0.0483709606110486,0.12410324778084277,0.02032157581630524,0.3891340622666523,0.01992166191543196
0.07094127434561714,0.05479443691942065,0.09581796975614254,0.032375402168632585,0.5164316075274334,0.08918730380185509,0.09013395231642592,0.03535074008704273,0.014967313077429947
0.0878837585628851,0.03325389956470514,0.03510439243752964,0.1067988875097619,0.07046144203189446,0.12035065455793616,0.057383408509187016,0.32265391263238036,0.16610964419372024
0.20207223905206825,0.014363013259985125,0.08827238042002578,0.018921679900790495,0.19721292564635093,0.05947781661467272,0.20985445052258775,0.004491963052959592,0.20533353153055936
0.27244814170561127,0.06630277574997932,0.04042272520420855,0.02507442681365746,0.1316023038561037,0.17724763244555486,0.04398407469470909,0.061948278123408584,0.18096964140676727
0.04222259798266908,0.26815939576342407,0.11064449589974544,0.035663309425706884,0.055750262885744056,0.18442813229475405,0.07244266911057856,0.2176789318064293,0.013010204830948474
0.5389974376642165,0.06424623142157036,0.021176798703159038,0.02693183950445328,0.052268984831188366,0.12621257925980514,0.061801654381038955,0.04547701190246326,0.06288746233210517
0.3907559819645108,0.12196847648525284,0.06164539089568011,0.0306169317810978,0.06529289824523633,0.08478656888033113,0.09212110363090602,0.018656532887468023,0.13415611522951698
0.14415440751630323,0.10575830910667401,0.03159663585116003,0.03164001818036467,0.027902137365700606,0.05043924334899543,0.01652366348740004,0.2929178865075773,0.2990676986358248
0.06081417243771231,0.03190870435921698,0.019938981771828963,0.13329884685222307,0.1442927986291873,0.08362286744284643,0.02959970831640606,0.35299196724788334,0.14353195294269558
0.17165800427809208,0.0625739711290181,0.06979980765202635,0.015828057405463766,0.06534177587028955,0.10222104272063799,0.42239383049267665,0.0455164125787341,0.044667097873061314
0.37166146765201397,0.034223640151340586,0.05482196935936263,0.07194852800886449,0.24392197610967745,0.0655702971518684,0.03413299689703178,0.05111190896757666,0.0726072157022641
0.2952439945793072,0.15828686860248578,0.045910437056145316,0.010525798109610593,0.02597489205315735,0.15577955416344405,0.11202519989425523,0.05000992199018001,0.14624333355141442
0.42345333111788336,0.13355994677970187,0.02654924200672838,0.06194826644334783,0.0969876622892627,0.04133867778567899,0.11428200656985625,0.051839901146156143,0.0500409658613844
0.016337708869379856,0.2960102327874735,0.19379144317815156,0.1829440340552734,0.03343818506531248,0.014158854190692538,0.014181597312096159,0.23551828040988898,0.013619664131731485
0.07339715409657621,0.05703256195433646,0.12345687014425988,0.05559261169408897,0.16663509602665497,0.08224337741287625,0.21528522561467922,0.01765897042334657,0.20869813263318135
0.013698492050496067,0.061475282972990125,0.2594165273741214,0.06820428831627694,0.049053953263620394,0.17831567118507943,0.03447530833515338,0.008257488449223182,0.327102988053039
0.10568073105006082,0.05002412279187072,0.03747521902076426,0.10898060849535389,0.0361330533216698,0.07774471532518164,0.02054212027539838,0.528280478285387,0.03513895143431347
0.052629627740842615,0.2854697912783701,0.0064052990047142435,0.0069954727969064,0.048559030497052784,0.0728054463459717,0.11449195918690981,0.009601666578382344,0.40304170657085
0.08205385946652784,0.288501189852841,0.04005760447064883,0.07082377306157922,0.038954936288521515,0.05741379873584284,0.0321608353117567,0.3752826963422653,0.014751306470016877
0.07483843471926518,0.3537649203823439,0.07339572699459652,0.01655629970100525,0.012025663353971303,0.20841408786729052,0.05653285138048627,0.1442773206925486,0.060194694908492496
0.1583291129645427,0.04679584156108649,0.07820220098200881,0.02318252804558134,0.1443688487046291,0.07690371660861402,0.043749641970258456,0.14300239035882237,0.28546571880445665
0.027730694458006508,0.01625020603927305,0.05529481183709083,0.022265142372450863,0.18716860370079155,0.0759607980608631,0.42548367661044306,0.008251558683363101,0.18159450823771794
0.03709249808502699,0.04607936756539214,0.3116891443370757,0.03895964807296662,0.04606799067533998,0.08764359180385405,0.016693426848071943,0.1491890504533179,0.26658528215895466
0.31781627091861314,0.03861249738607942,0.09603968063944564,0.03477269635345625,0.19708143136481093,0.04527993359120865,0.05149381089843381,0.03826152048240506,0.18064215836554712
0.04562693658978172,0.2908312980350822,0.05981692593203051,0.04471229551000903,0.20527807378216553,0.1544772691162073,0.14042848388170262,0.04885405458030843,0.009974662572712673
0.13157418463539208,0.3135820197615174,0.06448043736286851,0.020910551294036142,0.022923307886587058,0.12412354407486492,0.06641185309271548,0.21895700436158563,0.03703709753043279
0.3360290871150977,0.09002270360725774,0.11459101135617873,0.04663721037795642,0.06066888217843433,0.12745550532994843,0.02957200530371848,0.026532334124117995,0.16849126060729022
0.08651280008266761,0.12314058088151338,0.23753408718610092,0.15241327534560903,0.23379009552393004,0.06379845879030331,0.014297452484760114,0.0394522893955301,0.049060960309585594
0.0961193296549499,0.01591410991910069,0.05234395097727499,0.014434348424415279,0.08987891457636238,0.11189877014622555,0.15208146735739395,0.04587108335706647,0.42145802558721074
0.28590178133420846,0.10870792055443494,0.0835174407761089,0.04130765641671973,0.06923914484371099,0.11399521417960562,0.034463725598558766,0.1680414818678585,0.0948256344287941
0.21867335963050294,0.03008224880034185,0.11759045915123478,0.01386158917612002,0.2788213132159531,0.11826620837216957,0.033663262390019766,0.04250161121313397,0.146539948050524
0.07098693320039363,0.08268731839549832,0.0836898739724069,0.37840260049437857,0.05998223116689788,0.11833349659627694,0.04746670298417773,0.10316812459099828,0.055282718598971735
0.16667871402556902,0.24682903890329536,0.08809535294586605,0.023533693631590812,0.06468900154570396,0.09569539608307047,0.040214504824566816,0.2019381511775007,0.07232614686283677
0.023591496954320914,0.12883939522715748,0.18943556417325166,0.06551474118145044,0.1487930179572907,0.09975270888578221,0.2624648065709588,0.07557518664964334,0.006033082400144436
0.056149127430776984,0.1419158751859885,0.18845549313467325,0.038497500585230694,0.1854479027273858,0.12064401380178451,0.1926764146337514,0.04985528954271268,0.026358382957696113
0.07354068546487273,0.2073660931939266,0.08121914794520847,0.1186790165070991,0.1079155208036759,0.12960445647340485,0.01591504506768927,0.2166270448458171,0.04913298969830595
0.025666027843186265,0.2264745471178892,0.021310878305265703,0.04312973877091336,0.03056431831795274,0.14343037391428423,0.047516373498151666,0.2308037182965517,0.2311040239358051
0.30594439252676314,0.2439686584941604,0.04066720383339777,0.008402419388983116,0.218348393050088,0.03159620348413098,0.01098738606506882,0.1113169291087792,0.028768414048628486
0.2605296246636933,0.07719968895013425,0.09087356651379806,0.08868304151921397,0.21074248623597527,0.09182189420011189,0.055583393158633004,0.0520042934551021,0.0725620113033381
0.368633090242848,0.07242887354584474,0.10296770943584775,0.04965543052052127,0.18477010011011905,0.05883187351287137,0.020486665155231374,0.0622316912707393,0.07999456620597717
0.047131988228261014,0.050163947881087266,0.07649805522595253,0.008864186074716089,0.14309895378035026,0.10940837139556307,0.1687155984841583,0.0025389353140234765,0.39357996361588804
0.06404427506799758,0.2931530227124247,0.15137478977254573,0.0945884228173867,0.07030757640033714,0.1004824992078478,0.05449717140335871,0.12794320074229587,0.04360904187580574
0.04047316745538152,0.17474410240714253,0.15279057954561767,0.0510489311519095,0.05962097778622424,0.05715667920797455,0.012222318151662937,0.4374300552708182,0.014513189023268933
0.016013540252697567,0.0699840251008604,0.08402073527867115,0.11897893816815307,0.1780200331851384,0.1774270251722804,0.29033457958559045,0.033123577494456526,0.03209754576215219
0.2274639036953959,0.0635538712360965,0.03401475602378897,0.12370601657235047,0.038061434249281885,0.15103169306798517,0.05122569788761724,0.27141725290190305,0.03952537436558082
0.13378715094925134,0.0429424386081781,0.26551105797373004,0.012300894496488529,0.08399049161543443,0.09252768304142923,0.10008788717091784,0.024171081811973815,0.24468131433259657
0.11811861049309723,0.02070562796932296,0.04938510193228104,0.012870897571175882,0.10963929537413242,0.03619850436508552,0.4601654296984387,0.06867543669678501,0.12424109589968124
0.06919212567583655,0.3969232754951045,0.039181308275233494,0.10832597878897847,0.05514420352402904,0.040144845694549736,0.015738150229958548,0.2545860301676726,0.02076408214863702
0.03320918314350154,0.10198291457510557,0.04999466891630581,0.06867252460905524,0.054125706429622895,0.26207687878114533,0.0903233997010387,0.2718681238199015,0.06774660002432356
0.26821210256808037,0.13075499661407272,0.17515349770911812,0.048708818300927846,0.21488717838058477,0.014285278583753109,0.02363780252810384,0.08169882275362704,0.04266150256173224
0.07280411569518291,0.08250844800600565,0.01944777582395257,0.6303242557802992,0.06267853044365053,0.03356821756013118,0.0407937459108674,0.04259231013931641,0.015282600640594038
0.024593621747328848,0.03651738748940051,0.021187685717668686,0.147840665337788,0.2674200885267518,0.34246089576667527,0.053276799576251636,0.08583956243999984,0.020863293398135405
0.06291744600413068,0.0731152859280735,0.10336536244021115,0.045142843087091565,0.04119681750687249,0.19100616602784556,0.17092022841309365,0.24992665695853336,0.06240919363414799
0.20113124799882195,0.06002496694119489,0.019723578123026872,0.14723417086832843,0.13897580231446904,0.1732732230256058,0.04000658150841542,0.04304275549213373,0.1765876737280038
0.04123276100048385,0.0436055660750965,0.023440080451855482,0.549633363133626,0.08003224439851216,0.04154108824678838,0.032283823203756105,0.15377382914003504,0.034457244349846594
0.05454652634024985,0.16373471835163023,0.09802339481100264,0.17344248305182766,0.09904508587879839,0.24102490939849197,0.0539660115135003,0.06241066373132532,0.053806206923173644
0.23701465712271472,0.04028768728900465,0.3453206749938756,0.019362727208555267,0.055440851220579686,0.055733505744429125,0.0803690956285093,0.05672689485540528,0.10974390593692633
0.008655173899835581,0.0719358382613553,0.21315122003985573,0.12825809288788628,0.04444021136433213,0.16680709649039796,0.35125835852395176,0.01325824340178484,0.002235765130600455
0.3407882107813101,0.1251750557131582,0.10840811351413793,0.11145356399636629,0.02788010252082504,0.10969867836832564,0.056937857352210304,0.0635444707512723,0.05611394700239408
0.2646894161996191,0.19351662093283264,0.04655042112829453,0.011078808893289493,0.08599687878745299,0.10116686416559373,0.03588888803317272,0.061958959254507416,0.1991531426052374
0.5072346382559644,0.017373120649125506,0.0436931308263912,0.08069095724442397,0.056339304835018894,0.08429337805627546,0.0221584776801562,0.1051415893757726,0.08307540307687176
0.016712304645621522,0.02168059971460567,0.08011927859323563,0.006668138272511163,0.13709679649312076,0.04076057845633856,0.4359699173350631,0.0035496150507368985,0.25744277143876665
0.09089648615518303,0.04727448427765963,0.09452351221807358,0.11694596128972219,0.05380630818185608,0.08674414526332991,0.037154061604861226,0.463532961751357,0.00912207925795727
0.16579064637422025,0.10004381178349131,0.030097406355295734,0.19308930244111075,0.14771914345129958,0.07369970300102376,0.08015770149564178,0.14256173407180733,0.06684055102610958
0.2892103443427202,0.1049358913293592,0.051439501054423444,0.04208283474477285,0.07629729428238737,0.16459571971557932,0.16701206938546043,0.058149913577383354,0.04627643156791395
0.16320655422110383,0.21153988941783922,0.0679674469493076,0.09193917885910974,0.08556420746422892,0.038736718364463525,0.03546544521807012,0.29553299920505394,0.010047560300823198
0.0777361636194885,0.28149400502878513,0.04962640506407598,0.2664495048089162,0.040999224197820046,0.17989636233217687,0.018528010302168694,0.050552841415828775,0.03471748323073976
0.23631189783518,0.08160048322876308,0.009332560014868417,0.006076045036714002,0.14326545094211487,0.1460978523592101,0.07615311664604789,0.05959652705539246,0.24156606688170923
0.0363230076736514,0.519550875925945,0.046434229575338215,0.017707657720664086,0.02582028544477269,0.07311617163926405,0.01196872459025417,0.12097623965585509,0.14810280777425522
0.033845966103407926,0.090241808392909,0.045293242138598706,0.11742507445877638,0.267887135711463,0.1214676418126787,0.17531785823522997,0.12899129135711404,0.019529981789822265
0.06322071442168506,0.10373162885176847,0.06756198849103258,0.009916660742668261,0.032194184143897776,0.13917226710407804,0.05484873197747168,0.026549202767096537,0.5028046215003016
0.20389844145008798,0.04766999485814071,0.03884023152030202,0.0792186966900123,0.14639873127167427,0.09268060042946262,0.02924405015099087,0.08221760905462429,0.2798316445747049
0.4708078924887247,0.17348958304995454,0.034039435701849204,0.06668228550479423,0.06098260929033961,0.02389527510295808,0.016622242485423797,0.10880960176388965,0.0446710746120662
0.23404758547117666,0.0373477552263149,0.11368007972730765,0.0346398977156865,0.0620790902169537,0.19917432520520992,0.24476869248672947,0.04294372541359449,0.03131884853702688
0.04942905421698038,0.1068012084251105,0.03600903262475592,0.08790497309419588,0.05120692807223772,0.12927393808122145,0.4135144518226521,0.1083261567129956,0.017534256949850512
0.3577915877906475,0.06981907278325174,0.041672193505238105,0.08646735818435601,0.24413145165976483,0.043566887257730065,0.06337497853410211,0.010639476719221585,0.08253699356568803
0.003885634000647451,0.039930352815837115,0.15345127677804482,0.050079194942970584,0.09440369315601482,0.15074477012033538,0.38112736585981805,0.08482320959706147,0.041554502729270304
0.5314318228346043,0.12070391705520515,0.018408212800717933,0.1269508818559835,0.022603326207638597,0.04416815453274264,0.02166248471449876,0.08866494381102756,0.025406256187581643
0.22126344773912687,0.13750697957468974,0.02505547267694792,0.04745763123930862,0.10170813449473431,0.10749038224168028,0.04911189848141475,0.004194528683562181,0.30621152486853526
0.03874649753605029,0.07983337634709514,0.06381889860194546,0.039916385424387586,0.08122506853891309,0.3010525066418246,0.16307961583144412,0.06570846188298125,0.16661918919535848
0.015811543335153947,0.12524685449047676,0.23952769739548554,0.035667795681604934,0.0914285257589037,0.1493172116975816,0.2600953791935294,0.04350531780310354,0.03939967464416063
0.028012117631267666,0.03403255140115948,0.01733972764534319,0.53269390860034,0.06640137546406631,0.06632960947053738,0.04612718096759274,0.18361463500383088,0.025448893815862197
0.11165934278899863,0.08475477213356432,0.033587426849838835,0.18849578670128234,0.0879741157626391,0.15901017045305602,0.29063215680751725,0.030685039832544243,0.01320118867055934
0.019171595195681578,0.10712865249611425,0.09001352857540938,0.11030801338861468,0.24362262198173382,0.08966711561708263,0.2906396708511896,0.02217713926938707,0.027271662624787002
0.1577684357346856,0.3667909829143216,0.051101562127215755,0.042870285940844376,0.03636542354595777,0.17487011396718433,0.0523859569408921,0.07773528073702098,0.04011195809187749
0.0858646448380926,0.10264898437106255,0.2558107106003514,0.037968910142452995,0.05072568058020108,0.1713835836423473,0.08327159529481423,0.08091709789107498,0.1314087926396029
0.4241405309751923,0.10093018193587293,0.1845248822595551,0.02041002189842306,0.09935309368013671,0.01982051396510372,0.012050737329813965,0.016369380560213902,0.12240065739568838
0.02624065880343736,0.14983110129764152,0.18722502035199803,0.03439535924847819,0.2371912541472007,0.16082476243720759,0.05567491820483076,0.07403501820351117,0.07458190730569476
0.03988102418808156,0.04056320211558321,0.2957810223882698,0.018810275899624276,0.1052887028548027,0.10625856848618837,0.05592962568823229,0.03274114419727209,0.30474643418194575
0.03320320744067432,0.07492243717161635,0.017417490920970138,0.051830629865062455,0.032451307167924485,0.37338798206328083,0.3427658991366025,0.04661105548879529,0.027409990745073592
0.03559806784083545,0.12025460849629427,0.054105678600767836,0.4550892221601622,0.06193639143523535,0.09515348769731698,0.09667743707706428,0.051890306915908735,0.02929479977641493
0.4299446706398691,0.10033979573783931,0.06680264160808923,0.039057885307957854,0.11881544445301699,0.08480492102076136,0.05270042373879991,0.02855077572863303,0.07898344176503326
0.05647883669848767,0.07990054672363921,0.09776048812549044,0.24327127252378578,0.053409450312142955,0.07793255832200637,0.01693947125381335,0.18787404570920266,0.18643333033143147
0.053081713631222105,0.04443161971727653,0.0848743429250929,0.03133385991358329,0.14949522201029983,0.1261266783828984,0.14066326572439367,0.020739232841118945,0.3492540648541143
0.2737009708279625,0.032309938964769455,0.10228597754983675,0.015059972055982107,0.21735666938914797,0.10968314967347881,0.10744780143805144,0.04149588131432195,0.10065963878644897
0.08500120342648958,0.02510568231232981,0.21399984538278627,0.02892629750652537,0.058170315369052567,0.1223903813759016,0.0695780208291793,0.014401748829869143,0.38242650496786634
0.08143016825168332,0.05523985757600253,0.07545901792973886,0.340136261242546,0.07065928312347484,0.10860207061710629,0.029695627333054826,0.16942947075987314,0.06934824316652027
0.009811241579653898,0.1677100105276934,0.22219705151528957,0.12435794060174475,0.006764336503506339,0.03387461831706135,0.018076681724623452,0.41113215709447926,0.0060759621359479975
0.13657131302276385,0.11758912565119535,0.04702460212687973,0.09737507435686325,0.02368660915725235,0.22456637795773582,0.1869286453777473,0.08836848034091753,0.07788977200864483
0.10161549838300421,0.1607813965166104,0.05857038820211633,0.1308916775714499,0.1435095223656263,0.13313548266762673,0.02258449426945126,0.1912779086078514,0.057633631416263466
0.3221279024137573,0.03704998214322439,0.05533526494456773,0.10778398328320522,0.2034826459254261,0.033437266778243706,0.09139785893243797,0.053463057812308305,0.09592203776682917
0.529978368931428,0.06140326184861473,0.047765445594070456,0.027881061232545568,0.06611724127616812,0.07582014729072063,0.045958870133665196,0.0525989475015028,0.09247665619128442
0.10063425273512767,0.09272684260707914,0.0660602581409544,0.0449947470744097,0.223454645155831,0.23699514989890846,0.019610836226708686,0.14655094907911,0.0689723190818709
0.035045764470644884,0.36162102188276196,0.07927491436536298,0.06716304106235153,0.0279754080091859,0.3861953903805266,0.019648726076165763,0.005127649499821176,0.017948084253179335
0.1506239837732611,0.023768286138475498,0.14736898203570284,0.043124618842069855,0.06642625502842475,0.07429241930030563,0.0227467830943279,0.01942154530269959,0.45222712648473284
0.3156043095055672,0.09674786300611742,0.06164826064776366,0.06833170030769099,0.026442973808723996,0.062303332491258884,0.08069519469113283,0.2591227433258377,0.02910362221590726
0.09150179735989501,0.10074616861566747,0.08938340629091775,0.13130636028185033,0.026808453754040087,0.21876208360980845,0.05630228541784766,0.1722010026295796,0.1129884420403936
0.1703983746197939,0.18673193851956427,0.016069819492863086,0.041401886495544556,0.019630781986310367,0.07373276810688673,0.2380208622584793,0.24466121947610184,0.009352349044455968
0.013921520185742756,0.01530131877726104,0.03691571471385739,0.005620064034090457,0.21655331874870157,0.1922573743230577,0.02965910887449466,0.054760176370719275,0.43501140397207516
0.040529585969235206,0.09202694640214341,0.023292600733193752,0.29762171068877413,0.08050875085348234,0.07664946757775763,0.05106432446510852,0.3117011280768062,0.026605485233498843
0.13263012981371525,0.21552827501615565,0.08654836160805997,0.037127776491786675,0.051461037592614785,0.14821934352981528,0.08679839359103962,0.19008161000150584,0.051605072355307036
0.2635695282325871,0.0814725814942806,0.04200071171701436,0.19306154233618364,0.04558357851768694,0.04307871758845366,0.16489368618449282,0.02611140434011673,0.14022824958918423
0.22187282078548962,0.04568378686313627,0.24928662721756414,0.02364555667374152,0.049389123256338284,0.1527775280554255,0.03246106930895929,0.043044683076524724,0.18183880476282066
0.16591122717172244,0.11195501809671592,0.041049402233752696,0.05618614488696088,0.22504404005712417,0.17087322975849115,0.06853492889258307,0.04880956360324871,0.11163644529940094
0.09390129201679831,0.09911709992915002,0.20769740906694253,0.21909989850736114,0.06954816711770063,0.12158955988764493,0.06828281035429758,0.08380583169215085,0.036957931427953984
0.005749543857431092,0.1763090427974903,0.03585224657930966,0.3076279337063677,0.11300375669401737,0.07462698418501351,0.11343419974628623,0.11255048944626093,0.06084580298782327
0.16314905680732206,0.01578940289905013,0.04716771705899001,0.06803239290382114,0.3557253070541518,0.044675691703098874,0.03573714050488524,0.021143673974673066,0.2485796170940077
0.11656258164686568,0.07948853589284248,0.07343670405345802,0.022112693361659826,0.15896879913151252,0.13416688168197935,0.05946518183347548,0.03320054757317166,0.32259807482503494
0.5074969884713866,0.05274570293587561,0.031479696026204235,0.021117320733706507,0.12213384058416153,0.06489744609156449,0.050310151272717936,0.05746871931552095,0.09235013456886221
0.2755878840138677,0.027117100772553287,0.04283561458094549,0.018225277749562254,0.17903722120213506,0.050767249315554853,0.12086745448125806,0.029755806966754363,0.25580639091736895
0.27261559210199326,0.03364082118251519,0.027818980022946513,0.023736081099391338,0.03068939137054881,0.05897802335641372,0.27548669116458663,0.04619790754675518,0.23083651215484932
0.24423993812571773,0.04989099014687576,0.039983382170139616,0.03594180729127444,0.14182888175346903,0.0950500363786545,0.11179789156686352,0.033279881254894485,0.24798719131211086
0.5941363811040191,0.08343291715773755,0.03490348016515704,0.017728978884924296,0.09168586593530982,0.07443137162394647,0.03126762702985279,0.02641980192516231,0.04599357617389079
0.3054266398917194,0.07709557094206286,0.04756115406614375,0.03273105179735412,0.09654335375855043,0.07823668927249121,0.053473412998079145,0.11160929590406761,0.19732283136953144
0.16550189418910036,0.04809621550480218,0.02204633769048955,0.02054572536828523,0.325057162947128,0.1047944432672772,0.051153670261720324,0.10516630487258065,0.15763824589861647
0.14395291390077672,0.07376366750204945,0.2643974012371713,0.04865416687186417,0.07638575261468657,0.0357267272697,0.03448732071775266,0.07669906174354929,0.2459329881424498
0.160246803225925,0.06589882984457662,0.21436646363463088,0.08979440691830914,0.08241995763928033,0.04869930721191782,0.029003122084502425,0.007444440678458126,0.30212666876239963
0.13803075821027022,0.08509510874125709,0.02196832776914093,0.10657122682505742,0.11734856858035807,0.06300722675447214,0.02235049480960692,0.3944915235061881,0.05113676480364915
0.0656810477700728,0.0462971011453844,0.29624611041145915,0.04698347114343413,0.1745237709125075,0.047664455711854736,0.018066450273305137,0.2463969839286145,0.05814060870336759
0.10629834589867908,0.19093127476637325,0.03223831416543044,0.052280146648482774,0.019596844642552628,0.42043403091375414,0.055138516134561284,0.031693670497624386,0.09138885633254197
0.3219437238695522,0.01716585625813614,0.07983526427659267,0.04548317780298122,0.2010557283561085,0.05866828559176501,0.15591205751604523,0.04173561119416072,0.0782002951346583
0.02298255196381842,0.3626948344608551,0.14939041197888706,0.09506253654725916,0.057614128924467066,0.10580012661578542,0.04007711652091248,0.07852263134717336,0.08785566164084192
0.06625219148901164,0.14933442852085246,0.12739219429608398,0.021591609719828653,0.05539409770579092,0.23326838288700394,0.18194184339485472,0.13417925256808924,0.030645999418484404
0.032729002932488545,0.04889285057661289,0.07993671099872819,0.45229625017841935,0.04032856012008001,0.1945427832025131,0.07763553972553038,0.01152182957114545,0.06211647269448201
0.14304302316319453,0.13608937366885274,0.0555952809806003,0.07962295944090929,0.07475324495822465,0.09912487209100239,0.0614098379886572,0.046759935415229346,0.30360147229332957
0.006236125382203501,0.10821268504396375,0.13402634844129493,0.1338192924587551,0.34899717482105447,0.15418500277194416,0.10663891223630399,0.001966039255529371,0.005918419588950765
0.25160458905379907,0.2327170990478186,0.05523456762888083,0.15513234228792572,0.02639712302554868,0.02510332613117636,0.02660260689363617,0.2147907407507932,0.01241760518042138
0.05767983487167407,0.08787825692334887,0.12238823008846778,0.14966800219238505,0.22243440190850747,0.1668125194783009,0.03600100837504119,0.12040387856905299,0.0367338675932217
0.0940159276161871,0.04165179470727128,0.18323600961557007,0.10140944531909468,0.01807317667801158,0.3214611206158426,0.0179640300563291,0.022095025795144763,0.20009346959654883
0.021397423222016727,0.09068633125543842,0.07712421283264057,0.5135145804686913,0.09811185100978341,0.07145732789347527,0.05213353414527926,0.05557460727548833,0.02000013189718679
0.025146959608256886,0.09939698545088498,0.30754906162430085,0.23659068125805913,0.19058788338986543,0.03895502259843416,0.03881731538862846,0.03906709686051329,0.023888993821056807
0.4128654009639539,0.16581741004466619,0.02831392463665991,0.017374841917602354,0.035061000798249316,0.15746910373162867,0.04973092039082282,0.07247099778401485,0.060896399732401886
0.021078210058180096,0.1265438618401499,0.02764886998099425,0.44836211155452865,0.11212518442265203,0.0858430756835538,0.09943656767671977,0.0573501019264492,0.021612016856772272
0.16450566318717771,0.15555171471403806,0.019083003074492247,0.10558636479167227,0.06951987048386866,0.12390086360524748,0.1924473666486172,0.08802892470561086,0.08137622878927553
0.14542762432836284,0.21376098174461186,0.06133085092893228,0.28298857224482615,0.012563359623645867,0.09189581292377098,0.11908910531773909,0.061643461685587715,0.011300231202523194
0.36181402085168557,0.02950791836571867,0.027746005804485673,0.005077544468335621,0.16867510700150276,0.07860248012163969,0.096984974478369,0.033237622304451035,0.198354326603812
0.1786298209252397,0.08885907818267481,0.031198895202193072,0.008724629667074916,0.09098900671221838,0.0984487709646536,0.40702255218584166,0.01623776320809996,0.07988948295200389
0.3544378637906526,0.05273172140863323,0.059045389065681166,0.03174373046264349,0.06537338205316513,0.09010719551232922,0.062014783416156016,0.1012731248119892,0.18327280947874994
0.06886842149235213,0.09314107229599942,0.129900288775882,0.3154807150445365,0.07446438505706388,0.09398257852019358,0.15692736859052706,0.04613866176259974,0.021096508460845726
0.004937654651786806,0.27921382558426644,0.09617871020068146,0.22380984570914697,0.0666669143437879,0.16448685948154865,0.09741469698590328,0.02383581586326158,0.04345567717961688
0.01930389258241638,0.1800154602544477,0.11877891289135285,0.11292078850714078,0.08806917501178065,0.14790312135110562,0.044552720800147515,0.1667759085882098,0.12168002001339874
0.07408497186788554,0.2582646541698215,0.1103804999338691,0.11184092952481905,0.033533583298817206,0.05726956715566747,0.015285227110030898,0.2687881792529699,0.07055238768611934
0.11097834451345173,0.03291670526367307,0.46540302122184113,0.006233850501348029,0.04820688617740177,0.07126271391705194,0.10915082758689681,0.009960526934111638,0.1458871238842239
0.015629086658876915,0.04709705552619355,0.16326184043308192,0.21129216495680006,0.2538309473999941,0.13000318257132346,0.061465460149874716,0.07594382193689729,0.04147644036695796
0.03360447432897822,0.08623270493340691,0.11611289682978117,0.04284159153880233,0.2808772154925359,0.07803243247073972,0.2172099031889172,0.13014850355417415,0.01494027766266442
0.34557190009059696,0.0861717505698348,0.12272295944527485,0.03901287611566002,0.18733554399323235,0.06291095378800772,0.016549859258443,0.035615642217514926,0.10410851452143545
0.018545846928430147,0.11819295921935236,0.12027368214967456,0.12218771419239159,0.2991076216528992,0.10259731905811274,0.06492277319355928,0.0690821030125041,0.08508998059307595
0.02683972160794622,0.07035289438401014,0.11109291038931907,0.11955722715209809,0.13524492606488844,0.34474728222601914,0.09051160766247972,0.029222989038781868,0.0724304414744573
0.007456620971267418,0.08075196894454766,0.13526937569806655,0.09410780193939527,0.3886592231301648,0.1443135223871349,0.05084265001603802,0.03579255995602335,0.06280627695736206
0.37118907655771594,0.0621254978763629,0.1056645362303177,0.059030977453293366,0.07205561105000315,0.0670832764085924,0.05906376956735671,0.13395783304567707,0.06982942181068082
0.29063749389741333,0.16902626077160043,0.029515846984204248,0.01357988682804385,0.04604599370564314,0.14120210572988945,0.1435764612429834,0.10885967158088859,0.057556279259333605
0.30399658401511664,0.03160693093023764,0.04584554335218092,0.07422086851054988,0.09430081167381943,0.09320687939550655,0.04654567753419106,0.035728853525717134,0.2745478510626807
0.10768292450773496,0.14371124043628344,0.05913403711195687,0.22981696351459935,0.07183635276989997,0.14737784820175803,0.0765536971037651,0.14631799527996028,0.01756894107404195
0.1847576928898483,0.15124415639511546,0.09450338899926587,0.021874706954175867,0.05241562762183718,0.13507428485253128,0.03844894373406855,0.03175139874297023,0.2899297998101873
0.014571796876032488,0.14194105913121238,0.05639145971005033,0.015220937385074443,0.342157732318457,0.22512010816605052,0.1359327909091916,0.019799393118282032,0.04886472238564924
0.03708577650060503,0.08110999743288076,0.2446980158790867,0.12230224624941537,0.076388619665074,0.11664949969515492,0.041304693050716414,0.17762538754352333,0.10283576398354329
0.31236653583893553,0.10008692677055875,0.0426155544634463,0.05998935049509988,0.08561487671439112,0.056124869357343156,0.07392302000263655,0.17618861898976554,0.09309024736782312
0.030630008738877296,0.06520819870431045,0.2141173095932287,0.09183500582096867,0.3597439647932834,0.08310868254297397,0.036344180144240665,0.08133608561446487,0.03767656404765183
0.010804063350048276,0.12800454376902023,0.03415953677420693,0.12555061799411502,0.4233353501815702,0.08467262001802633,0.09009782030093545,0.06857783300259072,0.034797614609486764
0.33765242218998875,0.1320605494758215,0.019827802049825257,0.09119051459736287,0.029380773155668866,0.055531173950821876,0.05300653363367038,0.26893248661867775,0.012417744328162858
0.17428621127098642,0.24986394017784805,0.09832823042224448,0.0980349202657906,0.08054755606489901,0.10284060283689177,0.0392773987140173,0.12584733251753907,0.030973807729783337
0.19112717119004255,0.13083529773841499,0.010761171484428749,0.3567258941417011,0.0473697995197711,0.06672952799318142,0.059281255428451786,0.13002974174796914,0.0071401407560391416
0.40912094286491363,0.18423707745814652,0.05630595800805321,0.09068607917589733,0.061841504691456495,0.06484073455318419,0.028502020678319275,0.06429604996485754,0.04016963260517184
0.06642068805536332,0.04282553403273934,0.0194844165402517,0.3726054125241021,0.08281488606843189,0.15328490958036234,0.04066469402837347,0.19424440274849972,0.027655056421876056
0.07696841112079036,0.15886593236183866,0.036867333699288525,0.03673382612413364,0.04323851903072639,0.09215090846933731,0.0519795956385136,0.30874990081910264,0.19444557273626886
0.010716887340164204,0.17311608822501326,0.08991514941010974,0.1426666716530324,0.15186497277734198,0.10449985640701742,0.2608359871184785,0.033751158912965956,0.03263322815587654
0.02809915208858675,0.04700495022284048,0.060286070330542264,0.5211170613224333,0.026751165254590065,0.10967788642449672,0.030573324432802706,0.12196278482600596,0.054527605097701715
0.03991350019629406,0.18206826923776953,0.035963155768832085,0.10309563197119542,0.05465045396507717,0.3217522102951981,0.17494316228833248,0.07963852274237583,0.007975093534925278
0.04105440917630646,0.07931029821475917,0.03402332247445478,0.03191061302025455,0.097220092827053,0.11264251115241526,0.30266147825170187,0.28257071977004583,0.0186065551130091
0.06878931239927462,0.04582325816839392,0.39019799428926305,0.015182084474321407,0.20437609129381085,0.05344455559506611,0.020292114992468722,0.1686705550406439,0.03322403374675734
0.16522231438682553,0.030964257934628165,0.0366026704448725,0.025905297649000698,0.23214339492408087,0.11654597274009404,0.24525363389016544,0.03631430281139389,0.11104815521893889
0.18263709049325674,0.03711498926151,0.11510778512141413,0.030222452681824327,0.40394141990321875,0.03476895401812464,0.11320717206573346,0.017039671789780327,0.06596046466513768
0.08266937045313484,0.010065557007033547,0.0379645920772601,0.005825661609729378,0.1097855641247996,0.04722054777621213,0.4525725331157364,0.006839803117259035,0.247056370718835
0.07640373091609913,0.07669536328728477,0.037440808600008195,0.07146447099653587,0.18322098727455646,0.07241600544111824,0.045301089290065794,0.17495138075200548,0.26210616344232607
0.19157724888672098,0.1689930732704509,0.050241038528430294,0.24461975369795885,0.06138461560353489,0.08246096144996547,0.018574130821830483,0.1725700127590746,0.009579164982033503
0.020710076252207464,0.0418325885749918,0.15068240808326208,0.0982114224153217,0.1415945818808618,0.20714239259088849,0.2970292626560992,0.033993315234781156,0.008803952311586332
0.22201754946227073,0.12525172032952345,0.01593030907431559,0.01651691454408497,0.3747485035444223,0.025397163870535016,0.032266843291498586,0.013683998495423127,0.1741869973879262
0.09634101865561469,0.1018823828461319,0.08914540270983747,0.03071807281340293,0.08382088635916062,0.25755212841271985,0.13509736053127291,0.04305810499835174,0.1623846426735079
0.11670624627627385,0.0698527956125826,0.18684263054425107,0.01841602017421462,0.14241157629428094,0.046292477730263154,0.07435575508552193,0.005890972148921421,0.3392315261336904
0.10631621304753751,0.04721464165217105,0.5036713365954986,0.020958038750936697,0.06388791208344323,0.05571665046183467,0.015774165922369795,0.012505699111332877,0.17395534237487562
0.0512923745786118,0.46153308787234143,0.04250957621859242,0.033335781690842316,0.10122569618960442,0.05067159111126909,0.059955146965448514,0.16948220856392582,0.02999453680936422
0.045035841817095246,0.05421268218127414,0.04934650059601411,0.07085960226523819,0.03180831714701247,0.14540225573368945,0.19716121998428385,0.2014112197774631,0.2047623604979294
0.02827360753696806,0.0854639505915747,0.04259826281510135,0.39504201454472215,0.059654988434246346,0.07898190638502595,0.03764828666675815,0.21887676937950803,0.05346021364609536
0.01962371390580764,0.07623383820444488,0.10790284905625529,0.11967702339048669,0.31560535593263445,0.1956869097548729,0.07902009832540122,0.036869544768885855,0.049380666661211096
0.15944788642874289,0.05325807267053049,0.10569550652282471,0.06619083494930698,0.1292751481333678,0.10706630157159235,0.047965673023786314,0.0908118327605415,0.2402887439393069
0.22934596789178985,0.032929607005191076,0.29848719932790996,0.03628053264026473,0.2397441223112855,0.07305165254421683,0.03142072052334847,0.04138796691216911,0.017352230843824545
0.09286569129744009,0.060570154588107265,0.4064605886844748,0.05226016367328467,0.12469595777639993,0.12571749922883932,0.04480338166121711,0.021758243356883547,0.0708683197333534
0.32588628746518533,0.03935328117190257,0.022105466347559624,0.10696990365707289,0.10954080254812988,0.04681699647357651,0.030467621126435137,0.18869546758940392,0.1301641736207341
0.01637609092701559,0.03533970024250716,0.07574033331557133,0.05328379330553163,0.2046163127990143,0.13807484088700353,0.19723546363458222,0.07933807661591945,0.19999538827285482
0.10603192531254134,0.08204440810076484,0.37360372789805885,0.021488851041870535,0.039193917916239995,0.12216709642242451,0.022287689647798096,0.041283114490376575,0.19189926916992528
0.07231297220459328,0.05669329542182696,0.026193278179555468,0.45208597790254634,0.014608824365321254,0.14649477911594133,0.04187863892463537,0.10577652905081776,0.08395570483476224
