0.08638766889319571,0.06108222559141355,0.23695593278054594,0.09902068781301472,0.1152016270296809,0.26178792455436817,0.049232027630784304,0.04219081094554832,0.04814109476144842
0.05730977109735983,0.124564586180832,0.050133894258977324,0.3021521908520538,0.08603957434711329,0.08493979732466235,0.1275550356446057,0.03459808664671002,0.1327070636476856
0.0202536536468766,0.17279559424934224,0.3251088775022782,0.05851172321564357,0.1475985161143517,0.03522664965131869,0.09919697637210219,0.09048217574730867,0.05082583350077811
0.3806718501047141,0.03432845801437661,0.22806391119739167,0.006660478413814146,0.07804419867493927,0.057669111468590196,0.0663341271632183,0.09324357296609381,0.054984291996861966
0.23628509748646706,0.03528226074259669,0.1177962364722932,0.08690048513004224,0.03425883727289889,0.3683437046435616,0.06584821350194113,0.028363042213442755,0.026922122536756455
0.03985291896550797,0.11377161023712005,0.08372903566451756,0.031040022725345895,0.06596168655851115,0.020034911737959703,0.26568247901550796,0.05996495917183673,0.319962375923693
0.08741368031516246,0.2673836175727116,0.037241379856588874,0.019794033139464838,0.26104204572070444,0.03277102798075693,0.0469952518770804,0.19091924152972398,0.05643972200780645
0.04441264664482807,0.5283114693048521,0.030666780168115387,0.016456392458497875,0.08286125709504143,0.05727176295816234,0.014148582401333112,0.20471450995128823,0.0211565990178815
0.273868835031225,0.07141037672273258,0.09324110629130562,0.019495563229380574,0.2221503230130556,0.04371437903826819,0.13022367667252024,0.050686932698812026,0.0952088073027001
0.07057844485518971,0.6298537207055815,0.026060695776031043,0.010918413564342679,0.03870755634008247,0.06842239387896695,0.07650071234940273,0.049679169487417706,0.02927889304298518
0.02407192072590543,0.04727742315779975,0.051832714669039076,0.028404683987962448,0.1119380595722783,0.052942570632016094,0.057708071065194905,0.24367287995017672,0.3821516762396273
0.07337452676238015,0.06338058653961494,0.18195203644421978,0.13450913131840778,0.15402530554169813,0.2332639371825298,0.041715646157370945,0.016011023073745537,0.10176780698003286
0.13164562236446303,0.08220010656838311,0.13235431534438746,0.0370151732455328,0.17946953396247056,0.07216562270644555,0.017240189619648575,0.07536683432550416,0.27254260186316465
0.3357567326385682,0.06098402223661259,0.2706982236148521,0.08695327640896111,0.005550413604774593,0.0943515474637693,0.035101964792337674,0.0045128055941827975,0.10609101364594165
0.41803350911313436,0.02627597070844492,0.10927676291396016,0.006502141389569001,0.15161978773429058,0.04573523291111689,0.06607211887302504,0.1561687343341134,0.020315742022345692
0.10556824716037592,0.19034105894199774,0.11744790400831719,0.015149375614244476,0.09227864885779928,0.07139927204889472,0.049965828590706966,0.2742047160762103,0.0836449487014534
0.3666507057748491,0.09978488795711826,0.053070421787240384,0.036031484184481,0.059142111467325766,0.07015840521046002,0.2591988746489419,0.018533384101085983,0.03742972486849755
0.06768582205111572,0.043786770965697254,0.4460097713835898,0.08024251551810828,0.07684020298566686,0.14687291132415228,0.028064989683513425,0.05959341299252682,0.05090360309562953
0.04198380236469885,0.3611940208084343,0.046547349467124625,0.03641579858345439,0.23373081081721714,0.06724239678648224,0.034713434012534065,0.14453679767005587,0.033635589489998514
0.1108234680715009,0.035062471469201724,0.07084454972078959,0.046644479385256676,0.3659614734845847,0.19034346403409466,0.03561276566628605,0.10102250131523634,0.04368482685304934
0.015893186617237178,0.03991178097844863,0.22786893761472404,0.09912723306182923,0.3313949510398254,0.061014016713414713,0.07290834504946346,0.12693909256309024,0.02494245636196704
0.24681804052064457,0.042454401241051785,0.22823873654284696,0.11244309351465692,0.08820129856355093,0.10617214722833286,0.035737634064065764,0.04079212683803846,0.09914252148681175
0.07963752545532048,0.05176968157226051,0.04599033981329511,0.04522784559257973,0.00726661103026485,0.030696545654918517,0.16673336561269636,0.15635252950012718,0.4163255557685372
0.1314968588801773,0.13951467312398327,0.25725659440147763,0.014896857373026389,0.09390881997707427,0.04367344697053008,0.09663106599268367,0.04767059115415678,0.17495109212689064
0.05551514036612241,0.052704446764281876,0.1785911780006524,0.036796804993642705,0.3356251211105765,0.11004310834717866,0.04334102332511491,0.12017399774825105,0.06720917934417953
0.04030637124144428,0.12307407937292647,0.039340494667683815,0.27994660478334565,0.08124615708384424,0.18439738495507016,0.06541124332459204,0.0804337325338111,0.10584393203728222
0.018779017523273833,0.07163670199810789,0.21067966945576047,0.020846816461713807,0.28680309527697606,0.04600529442053416,0.04516871996083205,0.18428617473359474,0.11579451016920712
0.024953405342014272,0.08664583516080786,0.1782454636570473,0.036941166727897365,0.28187044923162946,0.02552864564884194,0.10460789856659192,0.07563933756205596,0.18556779810311405
0.013262460661434954,0.47751962631766326,0.02244453261770217,0.02057614282003477,0.08889768917503016,0.04501259623341667,0.11422768209179536,0.15333109713150603,0.06472817295141661
0.43556534704125555,0.07082086135966092,0.20428968407822024,0.02429072612104083,0.030067575159776327,0.023605410175824487,0.07477424049799034,0.08996801062943567,0.04661814493679554
0.09019290666810524,0.15609242263302556,0.08355180398058444,0.08836544168612052,0.10530026852549511,0.14172550193818576,0.2428643742148668,0.021106286907157924,0.07080099344645863
0.03912119568961058,0.13654770387856088,0.2737966044702188,0.03818970821234336,0.24882480334312754,0.03131048456068361,0.08875109947904908,0.047573419993116685,0.09588498037328946
0.07458250959654399,0.3489077479354192,0.18244213587707447,0.017069704102954053,0.045953603140151476,0.07200549560772553,0.07096652549352189,0.16293792506678767,0.025134353179821805
0.11030971125373738,0.13288465044936573,0.18680368006245085,0.04853060874607035,0.11828554825114157,0.06288768761545256,0.15068073175441032,0.1520946720685884,0.03752270979878274
0.0244577215350066,0.08134921971800507,0.3267571281713478,0.012778662027032428,0.11810201848812862,0.013749722236687167,0.11932101321940101,0.035694713680787006,0.2677898009236043
0.09148473297774036,0.02554806320490588,0.13097599910182367,0.03751616309204562,0.22542731947841096,0.024271888245694515,0.21152359666587506,0.10639538587589892,0.14685685135760493
0.11759167101047023,0.03886426243133187,0.2949412069032048,0.09116246137119548,0.030056987510347768,0.08036861022748427,0.01627816512137953,0.28323605396691526,0.04750058145767073
0.07470277189956717,0.6186222165919096,0.016679506912918977,0.012958468456368182,0.04358728344553148,0.0661095880998326,0.070290186744268,0.07117659201257635,0.025873385837027554
