0.12983066365734608,0.08442712965265026,0.11023363274399732,0.07482180907461296,0.13064503811033437,0.08805414828622792,0.09937919649087758,0.12549268580850065,0.1571156961754528
0.07349473173444648,0.07787188116374676,0.09470894458470387,0.09983578692332817,0.14051584196253172,0.13737716576289136,0.1182314721929475,0.07568113523250976,0.18228304044289442
0.07925834190575624,0.1861935274594908,0.09370554995431624,0.07409956481352703,0.08910385651329795,0.06850887047397504,0.25897498360600696,0.08157344547722115,0.06858185979640864
0.10238312936084082,0.16248272210724893,0.12202754139966804,0.05815474612289503,0.12774037640983318,0.0717190896011281,0.11560928170677526,0.14099821565663892,0.09888489763497178
0.18040696864609948,0.11071014074563201,0.09058258251286634,0.06395752196584444,0.07608272945433303,0.18646705978491765,0.04373252742831762,0.09259782203877524,0.1554626474232141
0.0914310709863398,0.1471127879988896,0.08974129025916051,0.03442808371243343,0.09193072200464612,0.03671800703607207,0.26181974612184744,0.11699771760510043,0.12982057427551055
0.09116161324919662,0.12966877151881728,0.11789062658927744,0.11009609628832824,0.128045250181558,0.02070220500596835,0.16017045569715804,0.13522204736184676,0.10704293410784928
0.14543385981648785,0.16104517474588112,0.10051185099278248,0.08610748410301745,0.11471501561932256,0.05564601440075136,0.07834157039380218,0.16885543419955,0.08934359572840496
0.08439295572122929,0.09783578581214823,0.12062774843150513,0.1099139318482505,0.13280716061673578,0.029216954192926137,0.12971383280760573,0.18694906732598793,0.10854256324361126
0.18300777300857496,0.2527429670300597,0.0912254754745085,0.08822690584251287,0.10630295237865227,0.03788787624537265,0.06371698200572955,0.12376950164551304,0.05311956636907645
0.10167302732130405,0.18403211497435099,0.08989275698750276,0.09440049086368789,0.09268792069634962,0.09542065233777704,0.09321340827573271,0.16149654932149554,0.08718307922179948
0.12742299639267302,0.06760417711804087,0.08870682264704809,0.14851146947398838,0.06953551779326728,0.24729463848548797,0.05284879563383851,0.06357219538636402,0.13450338706929188
0.19004015429506402,0.08653308980318208,0.08372234669435276,0.09705850761174982,0.1262114471964602,0.23255519492929877,0.03298901761875436,0.06929931342203557,0.08159092842910244
0.2162581213990442,0.07521795776167693,0.09419172870799071,0.12285782381540672,0.10504894030145036,0.1403889963926078,0.05689418590088271,0.08269229730401455,0.10644994841692594
0.09183633393401347,0.10118416584343172,0.10637650198245341,0.08595585209410435,0.10519572612279826,0.2415213520437738,0.09938588995203294,0.1082086137061559,0.06033556432123607
0.1370918505222589,0.1006058174959888,0.09463601636512832,0.04819471457316704,0.09211731003643592,0.14720766067786278,0.08669706718745566,0.17653357373061984,0.11691598941108276
0.07229426277831785,0.21121007757527135,0.10136633901091108,0.07480856726643664,0.09474589025545226,0.015245592718895843,0.17504559436446532,0.17710078571806567,0.07818289031218396
0.12697508442622749,0.07799576907969613,0.11373044885777145,0.14764249574410265,0.1057917248926467,0.13594354702512987,0.04793325252588759,0.11930819560621464,0.12467948184232341
0.07064302743981574,0.13338628320401624,0.10022262283056636,0.04254867652165031,0.09850787773664664,0.159319151601055,0.19056723584839788,0.11393350908551929,0.09087161573233254
0.1844961311601531,0.10082383046464916,0.09649541854420875,0.11585504496718092,0.11589371666591768,0.10718036799226498,0.06888685796368939,0.11338652276980661,0.09698210947212949
0.07329901497742385,0.15897522685628082,0.11395474032310025,0.05890047684654922,0.10349080302357588,0.07280166113987772,0.19105709824551606,0.13444926352472267,0.09307171506295352
0.16670547160203766,0.08745053025977079,0.1099348662919062,0.13186448676645704,0.15739857187369333,0.08182148698359841,0.02804570059425181,0.08855727988106261,0.1482216057472221
0.10493142012450875,0.14048362177187576,0.10075403607989308,0.05468625916777703,0.08457487111953062,0.027974041933631927,0.19698181641317392,0.1623701718188377,0.1272437615707713
0.16638423823978754,0.13836694208890854,0.09492984816667088,0.03928371625045298,0.09378056303879005,0.05526089483176352,0.13267751477764458,0.22629404590905966,0.05302223669692239
0.12337654432497029,0.05181813127505556,0.1003576443274322,0.09288250500007977,0.11976209884182609,0.15175032762331128,0.17199893348025416,0.08959131459991206,0.09846250052715862
0.10162256367231659,0.0557744474365924,0.12754049139739923,0.143274227531986,0.13731724627683453,0.1047148788385212,0.03671447959214887,0.1690673458627762,0.12397431939142493
0.1646465802903934,0.09659602490415935,0.10011782079465247,0.04874620294609414,0.0970518230965972,0.10713125592686962,0.06742119585513574,0.1916648768490071,0.12662421933709103
0.08773546419577456,0.07820646690378029,0.11115074468731338,0.14040424447385605,0.1366448238317134,0.064054918483347,0.08003409464630895,0.17809621609224682,0.1236730266856595
0.12883238327974744,0.15382881960545106,0.10213238419002361,0.07156596246107277,0.09000699075236578,0.07451066759228454,0.1242225529583685,0.1618511126218365,0.0930491265388498
0.08967097502677436,0.15183245175141338,0.10473719231277694,0.08297037778070473,0.09317820427596767,0.14608473590932416,0.13061267381625916,0.08693126461511576,0.11398212451166374
0.08157214184766669,0.09720164152851622,0.10963972311741453,0.10517597179452946,0.09417904892315869,0.022950498498276618,0.1805216765363833,0.18232307862353958,0.12643621913051492
0.20718142296152411,0.1251289524011738,0.0915781433701389,0.09756269555356205,0.0993420621574518,0.11440648686927202,0.030449807208453434,0.14910355275105575,0.08524687672736819
0.12209011596921031,0.16124457540859607,0.10219867462215947,0.04835740115733491,0.09639292120444141,0.05629505755117812,0.1537888385803369,0.1679116304913153,0.09172078501542762
0.07436558176693019,0.1357806131135251,0.1231844441775584,0.11041595128577834,0.12087591932709983,0.14337485249032508,0.09082697515469344,0.08698260941861191,0.1141930532654778
0.08135941184354054,0.1435128626109179,0.11656682387577595,0.12010320017281002,0.11481214596752504,0.015511393973751777,0.13043953711229692,0.16488535137900626,0.11280927306437562
0.10233231269678227,0.08076152949818978,0.13299087658031353,0.1340533953480865,0.1294323205530494,0.06716618766537885,0.12321923766822433,0.11304557363376828,0.11699856635620713
0.10904854974209592,0.09070486365745418,0.0903509543274162,0.08654482944274426,0.10317162058928468,0.2548027477902737,0.044405955042667,0.09818782347019128,0.12278265593787285
0.057326937191944316,0.1367682882822456,0.13947327251418892,0.11119746967095233,0.1665129127932626,0.04192797939398918,0.07745775317145638,0.16737611782259224,0.10195926915936843
