0.11094492943971905,0.2500911838455387,0.13707187102600482,0.1148708734671805,0.09891017403585918,0.03949059589132355,0.11548204034767101,0.10329010479966015,0.029848227147043004
0.10364620650689127,0.03468980583586697,0.003189257304780225,0.13308693892976942,0.08829820053713554,0.3800712592449866,0.09625970895509672,0.09262735383070086,0.06813126885477243
0.14825204792758073,0.09497125265946312,0.15016649612681424,0.12587155652873697,0.12337866757168015,0.07112581955596724,0.11659982182268541,0.12456942242703878,0.04506491538003338
0.06324309876354224,0.05538987373702157,0.20927280339951645,0.08911474319296298,0.09070853332266444,0.036222567619392125,0.09111877640319065,0.0889541693902171,0.27597543417149245
0.10762598553302653,0.06965896995315501,0.2556789203871618,0.1193049068270512,0.0769778473061838,0.0756058237080604,0.08673935713269086,0.1192808180798488,0.08912737107282163
0.10666885272306607,0.05153234853784371,0.0886586506306582,0.11032748393153002,0.1046107831862212,0.07066240002448239,0.12618680215776237,0.1168404887980558,0.22451219001038025
0.1001172640300322,0.09786259700734494,0.011055943052593773,0.16774633522755675,0.09795490685584644,0.2830919520155711,0.1080316019354104,0.11343233798114101,0.020707061894503467
0.09528036358499163,0.23848381140336938,0.09705568261604121,0.10187749163491816,0.1277456596028793,0.041394168258492535,0.1128804056441479,0.12086008639484978,0.06442233086031
0.12054620265018866,0.08718310309761108,0.11686043089667814,0.09352854904105463,0.10862324037836864,0.08495473863127807,0.1312415952315684,0.11207385612412492,0.1449882839491274
0.1300788950098503,0.04485361498664724,0.05506152853620494,0.12669276497004736,0.06311233990392208,0.2970946711926669,0.11026143718711638,0.1015370772236433,0.07130767098990147
0.14541948070086708,0.04265453637626271,0.09475204701407229,0.1526917297257181,0.11952120863986244,0.12564872335729055,0.12885897395060023,0.13259424784499607,0.057859052390330644
0.07892256366689511,0.17947062247432868,0.1572866043734331,0.10953280641752201,0.09336610739455335,0.08303379584350014,0.11508899831066689,0.1143881037701029,0.06891039774899778
0.16736696319964062,0.029758400053644957,0.013265877073149369,0.10696127419135548,0.09564474901505443,0.2929265050215622,0.09003964286044593,0.112051376169902,0.09198521241524499
0.10548158351501875,0.09203420325528144,0.062181526982078815,0.15631032903587685,0.11492581308563028,0.06942333582254985,0.12573707305140316,0.12246969457069094,0.1514364406814699
0.11959120008214512,0.1619322758965582,0.037328860128809566,0.17786286967548057,0.13455237017602392,0.08099098890376416,0.11847062290550275,0.12091429308088968,0.048356519150826026
0.11928666745137685,0.0439024278295154,0.16839368283919495,0.0847202956577819,0.08115063517999903,0.1150346684687316,0.11403397344301174,0.09816677449489379,0.1753108746354947
0.09413768175643401,0.14374550506673364,0.06786908907908067,0.13267915029070618,0.07531631038792824,0.13105653452890575,0.10724889122161592,0.095023972730969,0.15292286493762663
0.16351168062670218,0.12857785440524624,0.028608670034841063,0.12900649855655208,0.12357149827042713,0.09598516621045085,0.11714201072219639,0.13253186077187473,0.08106476040170936
0.1224606813562088,0.05206746494785375,0.04483574640304785,0.11864211585671207,0.14411397590282576,0.16115706294841758,0.1261790775750247,0.13913788260241733,0.09140599240749216
0.12235508889132228,0.1332573063755604,0.027574428870323853,0.15098203724689555,0.09367533968822674,0.1988217149632353,0.12076574177547267,0.11789354768513531,0.03467479450382781
0.0645648097799169,0.0547062454811403,0.3209092850712962,0.08060943561272886,0.060672495957918904,0.1156951292809324,0.08583405289248312,0.075788381867602,0.14122016405598145
0.07948950717236641,0.057405575838442725,0.033224802367956115,0.13202571580591455,0.1105609248072078,0.1666618800975953,0.11676249146227691,0.11286128605098568,0.19100781639725453
0.16971188170444584,0.07970881685539322,0.11216120704029582,0.10145977926578863,0.12260876993773222,0.07579548878407848,0.1325445524809046,0.13514206109131655,0.07086744284004466
0.07650815186176807,0.036767402540066135,0.0234751762398278,0.11585231645940315,0.11916163634390413,0.3198567512485848,0.10675744708590662,0.13216074737921027,0.069460370841329
0.09394670716817598,0.23540700940787385,0.08145157284478434,0.12810659098904156,0.13481303596015423,0.03533564370006667,0.11350885666811739,0.11304540238700796,0.06438518087477808
0.07038695229431563,0.06466323262709826,0.24534414296845383,0.0815429675858295,0.07307665557574979,0.216791372642927,0.09635709049361374,0.09938028217247726,0.05245730363953499
0.11660567004716331,0.05669253755200573,0.04102551365019025,0.12866794460839207,0.12191496773427446,0.24596900451847872,0.12544707410321085,0.09859011539493823,0.06508717239134638
0.12069335922277565,0.0625573610498204,0.20801403672640184,0.1026513531258116,0.07601017181096173,0.1458257212681632,0.1117969943990575,0.08813410589076824,0.08431689650623982
0.0896706975991615,0.19794684598314047,0.18038738235267102,0.10660954931872703,0.09768970810419231,0.04938555007441616,0.11329477589328492,0.10558069036719413,0.0594348003072126
0.06741395173463695,0.06473845495533025,0.006654266257495936,0.16249915182858835,0.07455023500125872,0.28559607208119187,0.08982014044562087,0.09216115958159717,0.1565665681142799
0.10154497721323623,0.10452571383009905,0.11630084263206204,0.1121020135301508,0.10160300394179561,0.14212898239931213,0.1174641706501069,0.11010537868708724,0.0942249171161501
0.08225647425204984,0.15749471074693785,0.12726514789113963,0.09474125211120625,0.10106413169432882,0.1442140325470416,0.11065198743880096,0.11120205135160778,0.07111021196688723
0.07653831830311535,0.046007957282067684,0.4415780753226777,0.07837095617381257,0.07537805710908592,0.06844625674931296,0.07862717802492551,0.08456384833845271,0.050489352696549666
0.12928445203077485,0.09176277022272195,0.16824099313255267,0.10617222485637472,0.12624795810973932,0.07216902404131456,0.12586820202754037,0.11444051835511178,0.06581385722386988
0.08824167261374653,0.07252531441649986,0.0022315555271125564,0.11473497925165262,0.08263056302818354,0.40121388506941486,0.10744467785870375,0.09727880697838133,0.03369854525630496
0.08008245113691699,0.03171199812294708,0.1461747509551622,0.10017638220448655,0.09815909074286418,0.25061795702887785,0.08930253249083697,0.0962500293409454,0.10752480797696277
0.11850570799273992,0.10098985913833268,0.02411771345634336,0.10334386936610751,0.14770610650309055,0.23992145239090498,0.12205926714510666,0.1054324143813154,0.03792360962605904
0.08421376495624477,0.1891791911195996,0.038963127535448734,0.12936780298511918,0.14175110838758906,0.13527355832359403,0.14575845372549076,0.112499091092588,0.02299390187432578
0.07852315264074157,0.09491969663277615,0.16983406706780824,0.10508368785036748,0.10309847740870592,0.05032030388748363,0.09395360970364593,0.1016380272840185,0.20262897752445252
0.05814719684498803,0.0410929936215434,0.044422771412155206,0.160977916102352,0.08999717498363902,0.3742880683239343,0.10589327540224326,0.09296299757937034,0.03221760572977438
0.09374823735807596,0.23009767746588516,0.030677631625954754,0.10370826559991657,0.09888690748267454,0.07271633070348987,0.12256066877134703,0.11074785514893827,0.13685642584371785
0.13002272685887348,0.11963494824957922,0.06421864631468428,0.09472130481253403,0.10442709792138892,0.04059005843245527,0.1107808040094244,0.10051039770874597,0.23509401569231447
0.14221027201732753,0.09536436950515646,0.054682690962293445,0.1248292123973495,0.11653532223961126,0.10941338628095765,0.13381337636760082,0.16304494172363196,0.06010642850607145
0.13006970107587454,0.05440512804977601,0.1425152607076681,0.13593269505281202,0.13035847833818595,0.12442303344318983,0.11648652206843317,0.12449984782203362,0.04130933344202675
0.1092188527170573,0.08155627141626239,0.051713948813973475,0.15319991467343033,0.09766122756788792,0.18073086298821295,0.14012588458194397,0.11663855638059926,0.06915448086063246
0.09297192151520718,0.07122555615042549,0.002957179834149929,0.1040553980723365,0.10229768906683794,0.4080195262896706,0.10368048056338953,0.09045367710793283,0.024338571400050035
0.11412520794885088,0.10193917689568383,0.11967961004066179,0.11778650807226643,0.17621215359091746,0.05722801466271917,0.1318915426642527,0.1205667717445748,0.060571014380072986
0.0806171532053978,0.039849640099825896,0.017756223742682663,0.19119299241460996,0.12425507990628581,0.284447868165494,0.11605077605970034,0.10653672339742377,0.039293543008579686
0.1053518466182417,0.2756852525709292,0.08079292686041417,0.13005945838056082,0.10093376841286061,0.05213035077857193,0.10842991738254992,0.11146677917900201,0.03514969981686963
0.1095172023274839,0.06389474660657174,0.12048781825902875,0.11267652301192747,0.13123959194324894,0.09856939403955552,0.12929999935349212,0.11147734809523062,0.12283737636346093
0.06779088877021931,0.06365801520044485,0.18756915404118613,0.07712084663704631,0.06906690446310516,0.04446008647813799,0.0854490213509556,0.07956645312805638,0.3253186299308483
0.09294214081569323,0.12709512748881543,0.027171400153427543,0.1394676542214314,0.13324402779817773,0.04965700997606718,0.1130922380904118,0.11482096953872367,0.20250943191725201
0.12335551358740833,0.09280653727002001,0.025872265508543473,0.12873756793667598,0.09875584748676898,0.10846492019251143,0.12265123160093776,0.13004410147186432,0.16931201494526973
0.08813727273451223,0.08447684813807153,0.14550624603399331,0.12942719544001974,0.14158966743016202,0.14193891764914593,0.12165762873712653,0.1185817170420312,0.02868450679493752
0.13905286157932825,0.052128954202530685,0.08064542210182574,0.08044508688628685,0.0868288316481139,0.32424501249838306,0.0957942738698588,0.08984863213614869,0.051010925077524076
0.12416591116887125,0.13465699284750768,0.16343562941074868,0.12448146263388261,0.10932611206032448,0.07277233248087907,0.11900589931451099,0.11888121181856358,0.0332744482647116
0.20205577879723577,0.15097548437492783,0.013599445285852288,0.10390816804723278,0.0975335420907902,0.1180302456325195,0.1394909204367052,0.10590238399376155,0.0685040313409749
0.11261193691493,0.07867125576935817,0.06692400084759395,0.12696779538680167,0.13358071781716424,0.15433520877954446,0.11831026203750765,0.1270816771019355,0.0815171453451643
0.10182084447694367,0.04887345927055798,0.08153308698862514,0.0982135606806425,0.10122477617046692,0.1473805639513233,0.11497450523386582,0.09686329399112475,0.20911590923644985
0.11211067488988209,0.1394311827705422,0.022031169141611323,0.1042891226549892,0.09883233310588597,0.19398112414304516,0.11360637295395241,0.111886160128941,0.10383186021115048
0.0708379823144002,0.1787040649581307,0.12202783346831707,0.12036089879503098,0.10435199559706164,0.11848252866470292,0.10787422113664936,0.10585646221005002,0.07150401285565706
0.12263697489041155,0.06843825184722814,0.11029436125584753,0.11648818412989849,0.12228664952224522,0.1319935705928823,0.11624462777118642,0.1403754632465666,0.07124191674373376
0.09910584035381485,0.06489697416393612,0.14550316347535971,0.10999122919022658,0.07173948874129879,0.053775576389307946,0.09282886860197799,0.07637949766411066,0.2857793614199673
0.12451294019598223,0.08196658402344015,0.12099659415051811,0.11964266481879164,0.10629204676038025,0.07672006664162802,0.11459677561854466,0.11467712111605162,0.14059520667466338
0.06851055917759794,0.0657989668863237,0.20167890501581529,0.09747064887275834,0.08118871691248354,0.09379418962349921,0.08851641297127193,0.08639988258332222,0.21664171795692785
0.09251390469410846,0.21420990314816532,0.13147931295418305,0.11291451119859508,0.10277273632027449,0.05773421380239879,0.09718650837478408,0.08838104749522273,0.10280786201226803
0.12620851149048531,0.07369237932231944,0.01520993411159037,0.1545356760736403,0.12920552133924632,0.22674317314960635,0.11503034227125908,0.1353105592601368,0.024063902981715953
0.08840562821855814,0.024214611820038773,0.007805014074149082,0.1628750392797669,0.0552493110208839,0.47571707946892766,0.08084046241964442,0.0931378743025082,0.011754979395522905
0.10975630865819491,0.06037359048973575,0.20096967747495953,0.10145449222501095,0.08097094285160894,0.12150906824940082,0.1062990286616649,0.0929395078340255,0.12572738355539878
0.12415461642970756,0.07577347688319032,0.05543777704919325,0.13052792651475828,0.15167530745233587,0.14140481389350087,0.11854122896154856,0.14163640210632875,0.06084845070943654
0.12012857874427907,0.08303060996758044,0.18794934864161908,0.13342004642784977,0.13096716541875378,0.08598556701724075,0.12223347135222074,0.12050797822864469,0.015777234201811804
0.08084161002680865,0.08576199638741817,0.09668567532740875,0.07659967568659924,0.08139178427991554,0.0421976712985955,0.10233115867680559,0.08923003367590925,0.3449603946405393
0.16256945064394193,0.0736289987419881,0.03776378533690965,0.1303489540139396,0.09334390160352561,0.2514773719245251,0.10667632811242074,0.10281264608927558,0.04137856353347382
0.08502151687511829,0.14853734992441794,0.006601270931411459,0.1462501837151907,0.15018061551472542,0.08259922419006731,0.12235754914146256,0.14023790313401077,0.11821438657359562
0.07315383245942665,0.02203922671752236,0.0050187719838778,0.18057082474054664,0.07944314281096743,0.41609403780662535,0.08933119316834888,0.0809202292763188,0.053428741036366044
0.11458755196473291,0.12087101351061602,0.057385381726628715,0.1276379927071046,0.10367786904020963,0.07390309804482119,0.11618930879636145,0.12621626806787278,0.15953151614165262
0.19052662949789925,0.13059587697821387,0.056649293667093696,0.13207718092811008,0.09018700718252937,0.10215046717369287,0.11642632945597368,0.09800144711892811,0.08338576799755894
0.1243478583745452,0.01759281194967755,0.02479569672682432,0.16367037998672407,0.08003807605606629,0.3739800518418516,0.1027089453139133,0.09898959665954389,0.013876583090853704
0.0939599243013662,0.03360794238230438,0.022362914229787617,0.10637489179600075,0.10072209216553629,0.2800256161089785,0.09105256304439684,0.10182021606317145,0.17007383990845792
0.11370740710339054,0.08252862653467281,0.09469645811528404,0.11363034601800631,0.10465286907841748,0.14979908564053704,0.13987802776124747,0.12766472898850492,0.07344245075993937
0.09151426959528886,0.07675063212575729,0.15300375449515155,0.14518122628949107,0.11152950057327032,0.14250852753750545,0.11799142482555121,0.11239554702802407,0.04912511752996021
0.0832091694630696,0.07046633826538462,0.15742280650347654,0.09144651909201736,0.09840097589687043,0.12314160248039026,0.13012556538342016,0.116752083069396,0.12903493984597503
0.08045845770863118,0.049805131081521965,0.008429631455206782,0.12386559146340474,0.08768118871526752,0.33665565811795367,0.08891637260539358,0.10174971931139914,0.1224382495412214
0.13952792074697684,0.11629021538379058,0.007987619395971826,0.11816115653035038,0.13819014332657553,0.13461130139068192,0.1405097005496597,0.12142165699729351,0.0833002856786997
0.12181985828312819,0.08949961307106906,0.10481617678196596,0.14067840005829357,0.12845412429428113,0.09363042786745358,0.12729791670223153,0.129343494468015,0.064459988473562
0.15603577830277351,0.02877966989772412,0.02237581597331925,0.10630045423221167,0.10412553807216124,0.2943746076102089,0.12982073727331275,0.10940479558876492,0.048782603049523754
0.11649410681808386,0.3189887969779894,0.08040177463140392,0.1044291046867178,0.09282656629083136,0.04036265374366118,0.10006270740281048,0.10104844621242877,0.045385843236073115
0.08288407010252256,0.06812925290738096,0.28974063598860084,0.08946800290984457,0.08436246099582405,0.07646579393102008,0.10561648839072481,0.09229623606269981,0.1110370587113823
0.06796336955996062,0.12792719151275436,0.3011110337042391,0.09274693360171009,0.0909649862195026,0.04224857306191371,0.09232204691003708,0.09288072754138242,0.09183513788850002
0.08119919251433637,0.03913356636153106,0.04350397580334312,0.12285432523886786,0.09555337363116927,0.37372760718662584,0.10015596418932933,0.09569530391985985,0.04817669115493728
0.08841577824556912,0.03917350139018235,0.029769587971722893,0.08950471709887904,0.08888684628898151,0.39943886900767683,0.08454864680760303,0.09226257123835725,0.08799948195102801
0.1634114715901813,0.08579211514039953,0.10586763151821706,0.1289619463737999,0.1469577009844875,0.07341707210588828,0.12834216504295506,0.1222473891009102,0.04500250814316123
0.11819048826544064,0.11723708508557261,0.10856951686991508,0.10663932022120744,0.09373959726729908,0.10338820616082468,0.11978617897248318,0.11171529497085558,0.1207343121864018
0.16075692578487263,0.11782571877486596,0.01183762705773636,0.10032800758665637,0.13909699889541718,0.11982666397486857,0.13400285769555523,0.14534628666082913,0.0709789135691986
0.10823869871526992,0.08675598400726885,0.04121020310468795,0.1494397887176797,0.1584695360918709,0.17371305503137424,0.12413395654622102,0.13201952367187117,0.02601925411375623
0.1410532646207869,0.10378956962567161,0.03611176307159334,0.1517206237934614,0.10128120068873891,0.14554643881332222,0.1186443040369725,0.12994874534719378,0.07190409000225928
0.09230819896977456,0.1797223955481357,0.11469663975582726,0.10698953791596855,0.14323589193638817,0.07423871192503112,0.12388269780276955,0.11520156294528834,0.04972436320081677
0.08486735213476104,0.14694268566739588,0.026013979468322294,0.14808959932811547,0.10769885544986879,0.15624716759537413,0.1148303007380188,0.1019353980428435,0.11337466157530007
0.08230781181434424,0.0770602306974623,0.06427476021029653,0.1352033355979609,0.09405865954757808,0.2570901480908362,0.11730619472015513,0.11391398432530885,0.05878487499605776
0.08124774188893512,0.0913764477457401,0.11368113431542004,0.10178627329129225,0.10499756847695992,0.05956805158624742,0.10346778719499843,0.11570431060355668,0.2281706848968501
0.18724319955410648,0.03640988016682137,0.010461022949268402,0.11334335807445806,0.09025110120026118,0.32168279604347255,0.12028046938695425,0.10425892787032165,0.01606924475433595
0.08231620658069148,0.1769423396007058,0.062053390755297234,0.11090459439391522,0.0785520034340909,0.11501920124509256,0.10804341402968283,0.08764006111607518,0.17852878884444878
0.07039710472469589,0.23142861714321086,0.18161651015005922,0.10552840772725701,0.08075436879315478,0.0480405539117946,0.09878462132586385,0.08909433028875773,0.09435548593520603
0.10012424152964887,0.05930478089691634,0.0518004616620323,0.15614935064684665,0.08887928695520277,0.19780527238229442,0.11523768721408732,0.09961469324542666,0.13108422546754464
0.1013365253451068,0.09565425984357351,0.004368837214289655,0.11436503419351605,0.13414355543548634,0.24837358035781976,0.11244788051536929,0.1099744650472458,0.07933586204759281
0.08235065378936604,0.07134382223359798,0.07681193927955172,0.10082134723800247,0.10531198350143785,0.07869481609185623,0.11674370816289285,0.10447936569653049,0.2634423640067644
0.1415579221848997,0.11644837138096205,0.0985975658802077,0.11226290778997422,0.10491212290827318,0.07879850221552938,0.12792825265043214,0.10826728271435064,0.11122707227537103
0.1518327619859133,0.10757028676269575,0.06865424757090913,0.10277242923690659,0.15339120959293343,0.14642179596082086,0.11349770535558329,0.12447540244456341,0.03138416108967428
0.08512662478404016,0.019585479496318538,0.02440505177194791,0.14116408670665948,0.131704948906113,0.38382764007907966,0.10517517707684919,0.09490531399038556,0.014105677188606428
0.19072830833829735,0.04071841585334025,0.04585710674958979,0.1325281157120178,0.10681168660408352,0.0762531518579783,0.11346072450736593,0.12238632543198329,0.17125616494534376
0.14552881864276868,0.12847945465843155,0.0926090122389102,0.1506685750274053,0.12766222652841344,0.050444441634047626,0.1142720158356509,0.11676703504846746,0.07356842038590485
0.11271023399385911,0.2089962787184275,0.04382811385609101,0.13854936483594668,0.12020053495318533,0.09767030994975574,0.13256357285444362,0.12062711258148928,0.024854478256801812
0.07627914640789157,0.046694372794466706,0.05926452338865885,0.1639929555717284,0.08367401613882337,0.31348066462985075,0.11021363120184724,0.08573330597551497,0.060667383891218174
0.1170496857366805,0.060600899409934496,0.04127912891356463,0.11430300346437385,0.12317542318594969,0.15053457404183693,0.13004364818394148,0.13206478987203732,0.1309488471916811
0.1852080689342491,0.10703486009602631,0.08566008835460781,0.12117399223272808,0.09913255862601483,0.11941907019824564,0.11112700378055283,0.11522255257594988,0.05602180520162551
0.06194208210383448,0.0737761177680463,0.3838934704322665,0.08556424653332674,0.06649756883767273,0.13218443811635486,0.08626049204332585,0.08737116004681948,0.022510424118352895
0.0922262429900527,0.09984585757835941,0.19966239901240113,0.10804666752932092,0.08040959950138933,0.18641677259909853,0.10039624386176982,0.09117801739403501,0.041818199533573165
0.1717191986082932,0.11336452064505909,0.0500867001118617,0.12429920945121879,0.15211884764147987,0.06115888391310104,0.1255118157990269,0.11617886988704129,0.08556195394291805
0.09196455924210435,0.07165372258767015,0.1227196820522461,0.11177454927494279,0.15218420559923784,0.16394012485154932,0.11932409413992633,0.11580615480408214,0.050632907448240894
0.1349792434505009,0.040884292002643687,0.017901780420873634,0.14087035892773545,0.12533155803234916,0.2396237722782988,0.12779916435348312,0.12918560524584663,0.043424225288268524
0.17766854180992975,0.08162515552674961,0.023524888213920268,0.1449477785522373,0.10675013826122921,0.10985447981504627,0.1261267519982173,0.12937418708230192,0.1001280787403684
0.10740139324616972,0.11844845527821572,0.03167315880239525,0.07769207511905389,0.06236500797371187,0.15126863110267105,0.101310873952198,0.0858609685305215,0.263979435995063
0.09358918600050133,0.25028561755694095,0.042075624649548414,0.10224880302333572,0.1574151414037769,0.061291228725170704,0.13687439554580738,0.11657852347084535,0.03964147962407314
0.08967122822348213,0.0977292000464113,0.10163496834611062,0.11813815200296256,0.12196915400910595,0.17850986512789935,0.115746392753645,0.10952668878749983,0.06707435070288321
0.13362191115945166,0.12891100436714692,0.026224615451604445,0.1103682092971247,0.09979276345628035,0.08877663202532952,0.10724445140945126,0.10603674617463456,0.1990236666589766
0.1454177890450091,0.07257955410516821,0.09779026833203047,0.11817051718776832,0.13575681485017685,0.13354344578263408,0.12280281548191446,0.12134336262589833,0.05259543258940027
0.08235710503717192,0.050087279780528016,0.19709209277883735,0.07698286675694516,0.09639753259402584,0.2761113625118475,0.09412948609391368,0.09945089813705425,0.027391376309676377
0.11142645340945052,0.055999764236947615,0.02754386644331445,0.1987164426705951,0.15114655810914168,0.08168081940318296,0.14396712569926332,0.12226801068220998,0.10725095934589436
0.10066870547505201,0.019320614703781668,0.08154498009601384,0.09915073528568864,0.10429868719159474,0.35923272402202167,0.09370945264494664,0.09472690656935712,0.04734719401154361
0.12411060763059029,0.13959318594335843,0.10983615262775,0.1392549777391943,0.101413842690591,0.06605551257261204,0.12572769310580897,0.13063793514665611,0.06337009254343878
0.1328624819787029,0.13734564484279765,0.07456704318552405,0.16856082928750538,0.12745669654450323,0.04877273538888829,0.12268122537654431,0.1285586316682839,0.05919471172725038
0.12091972589069133,0.09010368098860644,0.05062512379898607,0.10556764365742703,0.08788201386241712,0.054412570974009346,0.09289563720232828,0.11375461644319466,0.28383898718233974
0.11349205973708591,0.0186956684278844,0.004492581874845352,0.12311024768121137,0.09670359339901562,0.39503720574462947,0.09086800937148354,0.0840735716599952,0.07352706210384911
0.10489099741676322,0.05020583492286673,0.027122153507622367,0.13395256418337562,0.1008739330396095,0.2268176179519373,0.12214566314812743,0.11573452651918335,0.11825670931051448
0.09692370790032868,0.028449490201334804,0.024060144183383588,0.1417033442829624,0.0823595141987366,0.38861523215920996,0.1069993200627196,0.12601277838638147,0.004876468624942953
0.12050690724780809,0.11306629874640246,0.02030064098312705,0.11177090897383113,0.14096765160369926,0.09214767305098531,0.12185181270683998,0.11000325295395384,0.16938485373335288
0.11939046416796695,0.19527589656493546,0.044743656997262744,0.08721608955483355,0.0726317649338888,0.17498637097722472,0.1122602198646297,0.104970299928673,0.08852523701058508
0.15910951944998694,0.07803436507242818,0.04870282075812271,0.11606218423359149,0.1189500422825992,0.12375186280675037,0.13548638501951427,0.12970467063326194,0.09019814974374506
0.1013541146111559,0.09841375196890312,0.022802459176548783,0.16535106441600553,0.13355834474591757,0.12295183360054167,0.12858297217230916,0.13651094048370424,0.09047451882491397
0.08086017750246195,0.048118239226588526,0.04953961468020651,0.1096806262577531,0.09709631687186708,0.3649161129796603,0.10452149319490334,0.10402512152436544,0.041242297762193715
0.10603224931772288,0.07725093387870462,0.11315557132287805,0.14697009910082984,0.12964812238909415,0.12662152476135305,0.1281937185606423,0.11799177449978636,0.054136006168988754
0.0972025008691445,0.2125536383845006,0.10535565050821483,0.1252508253310715,0.10150133022398838,0.03850604739765514,0.11118841473869384,0.10974634221924788,0.09869525032748327
0.18366639608589574,0.08048549138677054,0.06392320813721465,0.11609151682129082,0.09706890512236555,0.12609879395477488,0.11243390159178007,0.1243842480416869,0.09584753885822091
0.11823529607670151,0.10569298184255217,0.09230722410216352,0.10552320180960284,0.10015736822862735,0.05678439837922781,0.11577681751548236,0.11135723438654217,0.19416547765910022
0.13279489244461137,0.0939355793631877,0.11729452063043215,0.12968722125229445,0.10765629334228888,0.12135323095605748,0.11602710780355378,0.13978167199446842,0.041469482213105875
0.1351979970460552,0.03773178725943696,0.00696182656196101,0.14840861844945594,0.11270439472292966,0.11583680630402472,0.11184338524040843,0.13070885767557164,0.20060632674015647
0.10568207338132497,0.0723080606120758,0.06540301443846262,0.1491811924254934,0.11593051896256124,0.07972374634292735,0.131817209258023,0.1320472549604932,0.14790692961863838
0.12606745981979453,0.0582020297609851,0.09880567717638133,0.11435180217448195,0.09212296168773583,0.13952172821159414,0.10781720989675736,0.09509324739734008,0.16801788387492977
0.15069211546259828,0.08432232401448003,0.02982856844342748,0.10413784630171423,0.1134309253455476,0.1587815560693829,0.12361160322365787,0.13612962450265925,0.09906543663653235
0.10030422052100713,0.05447822441667912,0.003991310452118785,0.14615852734639098,0.12701344797158823,0.1927473946469387,0.11842273067330379,0.14195976151217285,0.11492438245980043
0.1328429235975151,0.060634503864791835,0.018856869760841225,0.1624884926381482,0.10454233897265845,0.23460583641277624,0.11127915381148505,0.11932768560236362,0.055422195339420256
0.15188005337356114,0.09141924455582208,0.02420759312271931,0.14123451229393721,0.11778526193240042,0.09855984855294318,0.12767200372278034,0.11595217964691566,0.1312893027989207
0.082267803414723,0.07238181086157966,0.04777355333034803,0.1376942303228369,0.12582315625950394,0.05769123518629022,0.11539148769759172,0.10910368036542002,0.25187304256170656
0.09320869533906662,0.08193144136954433,0.1308383098334972,0.14686600255034762,0.10595122757146384,0.1185520896120394,0.13397266856793585,0.13107229563523157,0.05760726952087362
0.11519016265603632,0.10721261511182288,0.16348220243072478,0.13554667137103124,0.08748409794364904,0.07267269083231186,0.11708558219727881,0.12259926708129165,0.07872671037585349
0.07333738046764898,0.11791209286527482,0.15446483045819542,0.10930068658610932,0.10534285112022823,0.22522515045400582,0.09686352320321905,0.09512862657425714,0.02242485827106117
0.14690391108166098,0.046092648313801755,0.023825095979283825,0.1126258261979235,0.08347355422440879,0.22646551033665405,0.1145638267430789,0.11057571102120002,0.13547391610198825
0.09258999600636543,0.04382917078616183,0.033348397144590314,0.11949636481293009,0.11228709394258489,0.29211524734620786,0.13344338081492374,0.11486394840342934,0.05802640074280641
0.12027199818990819,0.1364231610690964,0.06627497371599489,0.11904360871204578,0.09588558031174603,0.07750987755619308,0.12112110799514801,0.10518593475099629,0.15828375769887135
0.13043190328754095,0.040242081294657096,0.02172085685426946,0.15209793439207617,0.22010487281747274,0.09352622324888125,0.11252028280341568,0.15732805561500718,0.0720277896866794
0.1101632978629639,0.12926629619213045,0.04551933496731784,0.13565489527382205,0.12233889904929918,0.10791442384653331,0.13516383035288337,0.13763314845112665,0.0763458740039231
0.06894893744176904,0.07039863916009116,0.006268925329397275,0.13178493712901462,0.10888734548804412,0.32492002408709814,0.10090547255671634,0.11121647797499314,0.07666924083287618
0.12137227507098598,0.06842671313696104,0.020761407613646504,0.09033464940697622,0.08217114386157832,0.26281486719993286,0.10589047961452629,0.08546145956176228,0.16276700453363047
0.1386495394640996,0.1364386047791187,0.0868674865430251,0.10809667184868872,0.0978976354623457,0.13573388282360685,0.1211941279959392,0.11856855734501863,0.05655349373815737
0.08912485246047293,0.09744637484968342,0.04073168527078239,0.10998515149812076,0.18537629591651036,0.1310188507565717,0.11465929729957275,0.13987446188346767,0.09178303006481803
0.10799478025430341,0.06440835869045679,0.13514664864400006,0.13052242349030863,0.08409097222346364,0.2520666302174186,0.08780146911809672,0.09650935824964872,0.04145935911230348
0.07303947998915424,0.0683507975597502,0.15932914175465215,0.10369336044097438,0.10078929460831672,0.20753742203446168,0.09484410943973483,0.10127025359877147,0.09114614057418431
0.0894764363602546,0.039844748805669385,0.10018761179501773,0.11831888128025943,0.0694802079268693,0.22370193755862675,0.10430843949466377,0.10413352143531697,0.15054821534332216
0.11188352505942456,0.0908920362666249,0.06949852152911641,0.12268243679759543,0.09288355471627951,0.15431732476869006,0.13127188362247424,0.1186116157905639,0.10795910144923095
0.11458657625478341,0.05514186288768668,0.04593828059735494,0.09351140321214764,0.09952782178015317,0.2530612099868459,0.1173502557061175,0.1051993476006839,0.11568324197422697
0.0944525386521724,0.0973070643817859,0.028382933926682046,0.12783334104423083,0.11476797119299931,0.18506426108022334,0.11118889656110088,0.10913848745967626,0.13186450570112904
0.0715480740549945,0.08202391944577893,0.09634656472786264,0.08885242599664193,0.09666418706319117,0.2699083645126998,0.0921966963387409,0.0951371452231236,0.10732262263696661
0.1657273735994087,0.12760049438071458,0.020936525342715315,0.11983019488723912,0.11357822645321503,0.043676966946316474,0.11962225046237028,0.11899796622495468,0.17003000170306573
0.08956951893428555,0.08405829660845231,0.02822296668889431,0.100206756008473,0.11808771718693101,0.1473796174152303,0.11446573179490817,0.12304012101590538,0.19496927434692
0.12429581426882685,0.09562194019570192,0.13707735104643487,0.12713174639037958,0.10989952792985519,0.05368150206180337,0.10976283378244185,0.11337149119143662,0.1291577931331197
0.0986210967136948,0.09517721894652047,0.0741538190547095,0.10785890918746728,0.12791902308837483,0.1439076009724759,0.12012256176897895,0.11453691652806763,0.11770285373971068
0.14405247080081177,0.11912738750595298,0.05541587686529567,0.10509434860915316,0.11637188954856122,0.18322509379200821,0.13872444270335602,0.12735807593262724,0.010630414242233785
0.09753370134740892,0.09988090902327372,0.18340219464903937,0.08365913332389352,0.1295587129060343,0.040719195117303264,0.11108067213766275,0.10774506791758753,0.14642041357779662
0.08510256293944889,0.059065768842704126,0.06134098692026621,0.11734270480873477,0.11501825734697739,0.21026559502610384,0.12036452395524393,0.11893162035218781,0.1125679798083331
0.142543371194749,0.20720780500454572,0.007262277704105715,0.12956592494098082,0.13389850089640157,0.08496759873779743,0.11455011770263719,0.12158220300752899,0.05842220081125347
0.10938377520205773,0.1048786693149552,0.02337099683427872,0.1081691109036017,0.12636033791123039,0.08266201663343196,0.11075668021260422,0.11394294715616565,0.2204754658316744
0.09680819207650752,0.06842428014092078,0.01712286673844925,0.1705482990037547,0.1175825755202185,0.21245112750285433,0.13156616684907646,0.1412582611851961,0.04423823098302231
0.11152530949254891,0.12820227926030198,0.09023553390978324,0.11478192615175442,0.11900296769258262,0.12875942544802632,0.11986641168994794,0.1041711308637604,0.08345501549129415
0.16159707261398523,0.08469557854469356,0.03497645382601863,0.13065833403015933,0.10926431500287402,0.16810537780613363,0.12861631278500466,0.12254470967840754,0.05954184571272351
0.09802088779995131,0.10625053497118415,0.15166723268992466,0.12353765626592068,0.07936123045465172,0.036751771677781035,0.08846476311642322,0.08704298713246185,0.22890293589170127
0.16350590575658236,0.0453075213794979,0.06426338781531078,0.1476325854185853,0.12997556444406735,0.10798985946026975,0.13797997079691285,0.13124508847026192,0.07210011645851186
0.12525401661951444,0.11059837058721204,0.102035597382924,0.1131430104970078,0.1295382693679881,0.08660840799517565,0.1257062264166701,0.12290301792453663,0.08421308320897118
0.1297593970684579,0.07350010774385181,0.06151638427352682,0.09074352858473189,0.09901343747174697,0.1862719573714516,0.10537617581320836,0.10223313603150791,0.15158587564151668
0.09694138138262225,0.11087579136586649,0.24240794949378794,0.11855783003709569,0.09504047050802637,0.09034127695007414,0.11727639551129466,0.09212879343661397,0.03643011131461857
0.10521032256004836,0.031672307277873325,0.007216470835952104,0.1271453865413716,0.06594587292924954,0.466674427511538,0.09023546030547956,0.08342828906928905,0.02247146296919841
0.12870851108556705,0.0719302322147465,0.02503607921757596,0.19726522141485772,0.16023367405451788,0.06249871557205392,0.12841595157989752,0.1398074151095727,0.08610419975121075
0.10321874697699,0.11474163703989372,0.040742736393849115,0.14136428984135357,0.12727202227206838,0.13668033491381817,0.14507570693481023,0.1268286169117892,0.06407590871542752
0.12537414744491632,0.1260249106692741,0.08058818862799617,0.10715878341775308,0.09719216132294177,0.11153104331966195,0.1276283520164865,0.10479098139834085,0.11971143178262922
0.1535695984834835,0.22410050537339812,0.03210384176057985,0.1150050651020183,0.10839163234973703,0.07505323677003532,0.12155604619478534,0.1182267027014625,0.05199337126449997
0.08298917942957336,0.14141729633708675,0.20447377214718077,0.10677709242470386,0.08718982430214578,0.10717229427670667,0.1101731320236697,0.09526797848201635,0.06453943057691681
0.08854201483730263,0.09681566675443025,0.24694124029639988,0.11463103875952285,0.09286548640590682,0.06664691336738689,0.11274338066319543,0.11283746827901923,0.06797679063683602
