0.035479131526553485,0.18964910651483813,0.06937852164857232,0.10737199440007618,0.12487108539674317,0.07049712849161464,0.09861515774722228,0.07026154553708734,0.23387632873729247
0.05003963690890706,0.12474090996677323,0.06856808818336974,0.11224809593271168,0.05810048076866456,0.241042420753614,0.1039394962853022,0.13015693791481586,0.11116393328584162
0.07937255669105911,0.1464274442953788,0.05507406633350034,0.10404919175743728,0.10315119617314235,0.08116163293876681,0.15375602043270528,0.11147776014299245,0.16553013123501756
0.332273673016417,0.12050833060449447,0.04183279166731376,0.08091370405515493,0.061819827990684494,0.05838382228436664,0.09061293269385629,0.06210365699969156,0.15155126068802102
0.24354567024022541,0.11682790595846354,0.04096047098517431,0.12215469359185797,0.0650300358305017,0.16024371125543463,0.0792364293642762,0.08838111767019714,0.08361996510386904
0.10527368305718493,0.08676770154027091,0.014332420628144734,0.11861128016834359,0.1702138945107151,0.17841587978893148,0.08519148492461663,0.11700145077174029,0.12419220461005231
0.11649730607196766,0.08369003729729019,0.0784157550753802,0.17028922662975024,0.07335686415717153,0.09548433045784337,0.08589548564062573,0.13945709144959448,0.15691390322037657
0.009944302004992385,0.07671465108934072,0.4268093650885317,0.10021627604439627,0.13817197943930967,0.03253935030129746,0.07049195996940572,0.1045279911123827,0.040584124950343324
0.06405331621259917,0.11903673167516127,0.1412637638358768,0.15930436233481401,0.17642074566851687,0.0692217427401466,0.08980069329094155,0.09117093387905038,0.08972771036289338
0.18648429828201696,0.0731201156137833,0.07337121371751826,0.0965867334166763,0.07104855649491068,0.1015070610836835,0.10815552968390751,0.09576761124676587,0.19395888046073764
0.054620273736362884,0.21454132629832914,0.04695996402552572,0.12610519622656324,0.06972088892572251,0.10002089353714029,0.13184284941546254,0.1087993996998929,0.1473892081350008
0.04187296098711879,0.09689554947030161,0.03235623272651392,0.09450456613497309,0.12540812639743198,0.2776390028746278,0.16611478489120426,0.08746369749728673,0.0777450790205418
0.10005240825290297,0.0994611582349804,0.04411672311393363,0.10149766431221079,0.08500214359884489,0.21059217123011442,0.11866376230273439,0.10966287143661561,0.1309510975176629
0.04915828843312665,0.21036739951009562,0.03536997197647845,0.11109840886382762,0.10724420835600242,0.19779152885626872,0.12366769975897024,0.08886940226662088,0.07643309197860942
0.061111991133373296,0.06839903260757735,0.29748449935372495,0.10448698564895233,0.14192066084589403,0.1270284260047039,0.0964988343197813,0.0541876326099903,0.048881937476002425
0.21115488461600948,0.06367808839417853,0.026381289623157042,0.11004837817168985,0.22071584682231424,0.17741939592476472,0.05700768179142581,0.06385743917484317,0.06973699548161726
0.024232828447958057,0.19074978013234034,0.23988315222002624,0.10705279453826068,0.16508823813648765,0.03284568947159149,0.07930458211464572,0.09069471292842347,0.07014822201026638
0.28395863360960266,0.05872157732137382,0.04959474686587175,0.1204221029912712,0.05107405127050352,0.06182981707394236,0.11831438762920639,0.10425136969980159,0.15183331353842677
0.045766123039647444,0.1800177770664536,0.18333350580017438,0.07994385924128374,0.1270772979095762,0.09824042553006344,0.08664274995448988,0.09712309197031106,0.10185516948800027
0.16246708782079608,0.11326597823266142,0.06171243811947912,0.08972901861451747,0.09459782063531193,0.08090468377980388,0.15396543990583084,0.10379536872888895,0.13956216416271042
0.045939721890965485,0.18607156371313707,0.12082953891374291,0.0887148331710208,0.11718660441686002,0.12232286832234603,0.14087794563104772,0.08238981572411562,0.09566710821676432
0.05775580198693922,0.18694149736881574,0.2177525353179405,0.10847663768160398,0.07802162769135401,0.06120446255322263,0.09664002468188466,0.08139400125574478,0.11181341146249446
0.05308485132262011,0.1079158770224523,0.19169056018343453,0.12603004982789137,0.13445379704973903,0.07657911884007772,0.10581702737467406,0.09588440697573188,0.10854431140337906
0.1620663830213348,0.16436536158974738,0.04062996662030846,0.15078103122413045,0.12668676234123952,0.09713290347176334,0.09244647096678861,0.09118157466053946,0.07470954610414797
0.08179670473203135,0.14559894337870521,0.28016592550176617,0.09504504637885224,0.0720878684229315,0.056053778699829464,0.10060950605560971,0.08808581991657237,0.08055640691370208
0.10937481148275852,0.0795888279233971,0.16415415398094702,0.10353710573384912,0.10325695898904985,0.11381869327897748,0.09668126581671976,0.1590688118723253,0.07051937092197584
0.0408797380261186,0.08598155502563003,0.1985825448820356,0.09678800951844453,0.15286723268129385,0.15307846454185162,0.08954533145187511,0.10666756467273282,0.07560955920001777
0.05620065613780601,0.16342920544155706,0.05192213336649792,0.0980900759854207,0.09926346873427745,0.1806194122681882,0.15155048629023402,0.08017515266716439,0.11874940910885429
0.20874467526360427,0.06450996661398137,0.040392462842712286,0.09504703781670083,0.1772743933430249,0.06389735848783748,0.1103976700871342,0.07032873020733896,0.16940770533766578
0.10134458047545279,0.09360310749761401,0.08726199539263389,0.13360728728769802,0.12188408031843147,0.08072267687043978,0.0976811721176367,0.17992469931215596,0.10397040072793746
0.02623930880610073,0.1090749962885979,0.15004226936444912,0.17274474503604412,0.10486635772476967,0.09828986099975463,0.11634321208577182,0.11252159366450894,0.10987765603000309
0.04626274930991583,0.08188747563051392,0.0909639429413508,0.11842267309116616,0.2581411186904751,0.08409007257191096,0.10393877936912717,0.09787618708216055,0.11841700131337952
0.031095515888477518,0.13407582301382423,0.05821782596535871,0.09379384514428073,0.214490260467363,0.06963688572821398,0.11116794441476956,0.0658616963968493,0.2216602029808629
0.06036065437768534,0.06690352401614598,0.33318144436646246,0.0855421397055419,0.060819751433677884,0.13154025995244173,0.08915463129000872,0.09747221753004343,0.07502537732799246
0.059099076246730275,0.09500260472950361,0.09726893640396823,0.1496335539247852,0.19537222094218834,0.1136503113150605,0.09871590412239717,0.08438759287131009,0.10686979944405663
0.026056878477456868,0.06643117843212533,0.14982502549688495,0.07201603434572902,0.08039526016372221,0.35082493426739375,0.0824540808508104,0.07452498764809218,0.09747162031778522
0.16789727438140067,0.08620845419063838,0.057543076934369546,0.12140743214599393,0.20494142837884968,0.06174457963298982,0.10823638522857985,0.11669502127378804,0.07532634783339003
0.041524945605399245,0.12752785502277353,0.07840079375258018,0.09124796902393369,0.08327736199208872,0.19945670042699548,0.15866743214486648,0.10411867222321469,0.11577826980814805
0.07429684196963247,0.07834450113444133,0.02926080848926656,0.07518811964430852,0.25283044725616294,0.19302595982611193,0.10006412389766317,0.07733899646337111,0.11965020131904203
0.031139129962603544,0.06658576761081542,0.1342342863418716,0.08264843461305303,0.25732357502513126,0.1558595451755024,0.09163967130741256,0.0825445656386069,0.09802502432500339
0.11021497958509363,0.16247656604341779,0.060413798844135634,0.11956632605471318,0.08951120020344629,0.17154164966876861,0.10419288134597555,0.09027666096532168,0.09180593728912768
0.13587234568595505,0.09583440994428445,0.061474158083259074,0.11137466312697532,0.07406672724601147,0.23350964544589056,0.08818188328917935,0.09337082904955396,0.10631533812889088
0.06770198103292188,0.07494436171960643,0.17507199617894434,0.11812357450041648,0.1826627082619735,0.18267156998710168,0.07043650077904719,0.0748326574200434,0.05355465011994506
0.10895602385386387,0.12640054757629654,0.06793335007853836,0.11428591686112312,0.11827106997373586,0.09890050338633767,0.13135108402784396,0.09309433967135343,0.1408071645709072
0.09953936220206404,0.0769869651942442,0.12054484194296812,0.10163192828793079,0.14969561184934246,0.12982012744997593,0.10633877752532435,0.11923787028003659,0.09620451526811351
0.0506132596355704,0.13724623627611357,0.04062722162377117,0.10255606817802626,0.07336805457865495,0.2529894383095945,0.09275065336852772,0.1020243038933399,0.14782476413640142
0.05634021732206227,0.10328770204999792,0.16722786487915467,0.13589784938906982,0.15550926580950905,0.09316945887511208,0.12989452747701394,0.07778026472218777,0.08089284947589244
0.06251057655250018,0.09728853003142131,0.04087564861175405,0.11933928718057026,0.1153815526751234,0.2586359111600021,0.1111334386445977,0.1195647449066957,0.07527031023733544
0.06007132271539619,0.18299782317537314,0.16119191993926474,0.07959140216309778,0.11975654457118201,0.08468234881244008,0.10321288551463781,0.09128609179612601,0.11720966131248228
0.15280750163328072,0.08358545360131404,0.0857949793561625,0.09747192811433554,0.1200208716999876,0.05219632144209113,0.09222324004839864,0.22683327212977392,0.08906643197465597
0.04658727129911717,0.15624442716473405,0.11557230682697743,0.11352939993566703,0.20884326580251553,0.0648264973231991,0.11348257039367647,0.09863340716187256,0.08228085409224069
0.0638770255582856,0.07145311250268005,0.17783795588277976,0.06887353229492155,0.2012407864247471,0.06342633487929096,0.1321145964407125,0.10284615324664721,0.11833050276993524
0.0433347540943902,0.1532493597995693,0.05368915364252539,0.13971695403485881,0.18267424897227635,0.1259577071851945,0.10448579843473892,0.0952201636305993,0.10167186020584724
0.10897850375123484,0.08239075674634548,0.24362364486582375,0.09890627864851116,0.0806653293727529,0.05002526458447623,0.0794048752156871,0.1572141215207213,0.09879122529444727
0.044834126644521355,0.04995530694711806,0.3134107568544706,0.06603701785824286,0.09655907835739858,0.07582465397761767,0.11888469323361626,0.07986382011284143,0.15463054601417317
0.14828819020419307,0.13330774380093904,0.08544903317693782,0.11061070564649896,0.16918490844262754,0.09151625958382893,0.12161797129179804,0.07287644619696233,0.0671487416562143
0.014113379518855844,0.12107615202627975,0.18512654902043768,0.14537417161729013,0.1511731497523053,0.10391551963439692,0.07588168886282513,0.08829424283888937,0.1150451467287198
0.03721168949437931,0.07112785678576723,0.06879376254620506,0.11753998724982834,0.13244228549965273,0.10860900201934036,0.18221374178013058,0.15889338987340426,0.12316828475129223
0.22562731546183531,0.08795595670337013,0.055444528745742405,0.12591235294466674,0.07514516192170477,0.1346159030694094,0.11235557542112702,0.10581570840899489,0.07712749732314926
0.09438657761140658,0.0677597650986992,0.10850411927396614,0.11708921779915167,0.27018578704756974,0.08681714171123485,0.1039650435997021,0.06713999995627819,0.08415234790199154
0.13788882642474548,0.06950405261770777,0.03764645445687834,0.11242529064781452,0.07266072357819263,0.08369501406767937,0.11357178193426413,0.1645027539843492,0.20810510228836857
0.023434851458028944,0.08367592295843523,0.30375841253957064,0.12216256194600482,0.08371300690461643,0.10532960259337476,0.09179394214310173,0.13153196974534312,0.05459972971152427
0.1276026883866025,0.07095060314526212,0.2316799180976544,0.07201303120862394,0.1411611115699805,0.0559163648950862,0.10297605067151332,0.11046182194234933,0.08723841008292776
0.07638614597834666,0.1598049101607857,0.07162967998541692,0.1137734659065811,0.08450857588866716,0.19604043048990136,0.09623564382971068,0.12566688308686347,0.07595426467372708
0.08597477315998919,0.11270061286418942,0.17177733704757261,0.0938905488026331,0.12417783114343857,0.08018238308871252,0.08956249532162923,0.10772832018936335,0.1340056983824721
0.08068053055695924,0.23385937499836437,0.0364215624148481,0.10653643962316432,0.057613308838936284,0.06561545292534239,0.11892763828637698,0.15883489437277176,0.14151079798323654
0.09481763204452981,0.16812549215207104,0.0998206845775873,0.10298837580140695,0.174297898811259,0.09507859481920804,0.09435842187593553,0.09982122800774913,0.07069167191025329
0.07367302812337612,0.06434792457131965,0.31004537015460215,0.1005016731507341,0.08312114237979079,0.08292615496637423,0.14203554891723122,0.08589640967620886,0.057452748060362935
0.1213132751285334,0.07473054763124269,0.13468836638378248,0.11977508660966378,0.11580956840424662,0.1951852305170407,0.07736366265574028,0.07914452000896459,0.08198974266078544
0.051869725077573224,0.12289200702125609,0.060184366214993096,0.17375138501931278,0.09683774186106751,0.10522226673504685,0.16920501680647562,0.1344510357796415,0.08558645548463341
0.2898267925064706,0.1362366480865103,0.06051330338991573,0.07934214063679901,0.061171090774902764,0.1420442117917981,0.09457055225977844,0.06837211421673202,0.06792314633709307
0.08335376181654242,0.12775432241216042,0.07070810734416137,0.10216580065825147,0.06807507495250999,0.26040751424237196,0.10718792517965199,0.09226168732047045,0.08808580607387988
0.07605667410739546,0.0849791271309684,0.08300397720338683,0.1248020203887676,0.1147548399300126,0.19520879059354945,0.11313202701320402,0.08204808661670865,0.12601445701600697
0.02612991928975397,0.22458986657495406,0.028869629292349177,0.1281860881742759,0.1744990907531678,0.089609321026045,0.09878287092606547,0.13584497369741486,0.09348824026597374
0.14074128642628117,0.0852398058679325,0.03509419065699135,0.12954631636933914,0.1798857727802604,0.10486578295693334,0.11824150840088299,0.09756936681910472,0.10881596972227431
0.06299139683767378,0.12229686165744225,0.04005571238606349,0.10911414859040121,0.1118886331625451,0.22165191061975145,0.10347689253019698,0.11680729518623578,0.11171714902968995
0.2093603917042681,0.08738706571736303,0.03957580297836633,0.11670942383565319,0.11389134196598877,0.12974505846907294,0.1028142741189189,0.10849653508280917,0.0920201061275596
0.11080083093860794,0.1360539589330772,0.09246084997061682,0.14555019281670156,0.08627757460151324,0.15550367694086686,0.11183428472295626,0.08497800707471374,0.07654062400094637
0.055444642442326435,0.1294245646719816,0.12676362923803833,0.10173570011254596,0.11696399196314795,0.1527950329691323,0.11349495054263024,0.12425221625478743,0.07912527180540975
0.021847460425708013,0.083534230690593,0.15784799358931048,0.08583834104407212,0.0895551954974948,0.17525312582287847,0.10841983232545155,0.18602467680387239,0.09167914380061919
0.07432179995092726,0.238286068746184,0.04407173177824559,0.09723942352596654,0.17018983733063775,0.09243037182907345,0.0851713373698358,0.07960850536143439,0.11868092410769525
0.07127949306763622,0.09714251181214285,0.034720853172872594,0.11440276768178419,0.25376364269778684,0.07484330832525846,0.10345683104851526,0.08397303842468855,0.16641755376931502
0.06414027262276127,0.08081225248419625,0.28683843184042424,0.10770106002069468,0.07307685612457349,0.0811092846249829,0.0731265533818105,0.13362215143292824,0.09957313746762843
0.2798468101927982,0.08296729414030664,0.042463129715552855,0.09231787987152147,0.08032915764605199,0.16000344627923638,0.09189716589128498,0.08301579228261101,0.08715932398063642
0.06540309367035814,0.2082097183060522,0.10758255008359136,0.12175234959114338,0.07985999923967756,0.06368408818988487,0.09325009603604385,0.10609324805677871,0.15416485682646996
0.027550990047923076,0.10215072055771089,0.1607926074621199,0.09407318638255342,0.153228302790494,0.12175562909870119,0.10802356785642238,0.12549753616005266,0.10692745964402244
0.05043690122894701,0.09043063186553672,0.07452155374284782,0.10639071287875168,0.20202037459728986,0.1775916504783072,0.11376666717970724,0.105961222093973,0.07888028593463951
0.06724990677840553,0.15335239693571645,0.06540526433982394,0.07343343564909262,0.09085648626812666,0.17605718887390642,0.13903985188743284,0.10348065857488647,0.13112481069260906
0.07034088491006936,0.08264846208735273,0.15900809761348536,0.11555049946746021,0.12831688898143775,0.09293663735277652,0.11811829157776808,0.12187637782943132,0.11120386018021867
0.12799018730511333,0.07715044193808379,0.08209453412885348,0.14669387666172548,0.08782873186140305,0.15707955234640178,0.12157675544632411,0.11982627320018134,0.07975964711191366
0.056718786138373674,0.09394290419205102,0.19177490386984655,0.11156660368506303,0.07745407779125167,0.09780104438331877,0.08854702404203955,0.11482208500021442,0.16737257089784133
0.033175114229079594,0.04456504370664561,0.3465911726128435,0.13147976718423046,0.08379568454909948,0.07161054764728345,0.06628071572114133,0.16745255585860286,0.055049398491073785
0.11585588794439057,0.13767478110548811,0.043736179339625945,0.13916506159686215,0.06920840487967866,0.1315901442531159,0.11160934538517582,0.11456030641003272,0.13659988908563012
0.11678764633561539,0.17860853691065368,0.04767518139238492,0.11485104129361555,0.07457839372822207,0.09835813427982076,0.12070629525987221,0.15296414640223135,0.09547062439758412
0.04614633874128573,0.11169956949118799,0.058513675621945954,0.1448905770734241,0.11548651732344288,0.27359386149332005,0.09995748431620279,0.06911562837728696,0.08059634756190358
0.14860256428968757,0.16823659632362883,0.05858874127711772,0.07467683813871667,0.08949641186493962,0.16988788750129183,0.10752419085190505,0.07293972071968914,0.11004704903302354
0.09494995864602862,0.1546637053720594,0.033543598323255305,0.08386381273687869,0.16339524605217273,0.103659163491071,0.16515311489735882,0.09416230211065,0.1066090983705255
0.09287232051281337,0.14133272459309387,0.07067281364665251,0.10308850091841838,0.07033077730949473,0.11832809814372096,0.11512215390390972,0.10646408174488331,0.18178852922701316
0.06892557524859368,0.10771269440048614,0.028568679578393475,0.1232329596998228,0.0708443191804822,0.19136881821226395,0.16841659077370383,0.1238361137189734,0.11709424918728052
0.029111965430993644,0.13319451498856652,0.09119124075758549,0.10491720366061512,0.10403290054854065,0.19358480879445472,0.07962634471598874,0.18014855083019646,0.08419247027305869
0.1747854419112326,0.12463585131445597,0.028939518556822724,0.08670538919255893,0.13017272052335846,0.1813898284168194,0.08747867656958092,0.11654415121661965,0.06934842229855138
0.09524399183911574,0.046128943644231514,0.2775818532922105,0.11162589867032309,0.09842001328948385,0.13242585082786565,0.08578066735703331,0.09095957636746259,0.06183320471227375
0.23102503732120164,0.09788474462896148,0.04124397823664651,0.08339855950291812,0.24501076076382242,0.08425432040065611,0.08113886647058526,0.07430928120968215,0.061734451465526356
0.028188694318417865,0.16095478475512837,0.07582959922281458,0.15032639164847947,0.16440555048663588,0.09078170717831495,0.08656565977101531,0.09519931593985816,0.1477482966793355
0.05215621998164849,0.07585233912859884,0.2691074366878446,0.0685256725066575,0.15925182185339862,0.061955169839140574,0.12085523158331214,0.08837631871586454,0.10391978970353459
0.028924837224437824,0.0232531580573719,0.5129887966419133,0.12108735867722398,0.09164970584932618,0.051343879700344174,0.05929788006255895,0.06985287696702748,0.04160150681979632
0.04644976276182649,0.10669399565844802,0.089908754387783,0.1267778773181103,0.09179561442985788,0.1518742398178536,0.1342634495191847,0.09786319177517655,0.15437311433175938
0.18936833792705246,0.1321722248663317,0.03783179327621557,0.09620694271399623,0.06384912151359373,0.1033680922673017,0.10454431324230835,0.08735745214799824,0.185301722045202
0.06284175613791963,0.13362766545543908,0.1789375223816255,0.08657682200973711,0.10211545116403568,0.06092609178213195,0.15441301725204923,0.15427563505699463,0.06628603876006717
0.05940120544821733,0.1794943611538029,0.04141636823855178,0.07333809206521037,0.12224890148653667,0.10573724854068269,0.16682253269736838,0.15479348829192952,0.09674780207770038
0.08697158194667388,0.15402897996353118,0.0905248821904664,0.0940831101527423,0.09842937713734377,0.09343283880811788,0.11992626716053346,0.14890306394208008,0.11369989869851094
0.029236765302344175,0.05325621890865789,0.38450618599221853,0.12658482577632002,0.05905133810829544,0.10338363500023316,0.08135779799571818,0.10719236508541456,0.055430867830798085
0.2896995200786621,0.07067581173672784,0.04141596839350043,0.12899365584047515,0.0693281228455478,0.12976601853826425,0.09773807571313882,0.09324569331528058,0.07913713353840292
0.03787697604320971,0.059655948434084845,0.2737721575970107,0.12197951179778799,0.10155693058655152,0.14395288777262816,0.09326543836511071,0.10112075759395704,0.06681939180965922
0.042594488263731634,0.10503346609288171,0.10001374722237939,0.0994789491572302,0.1060482536500562,0.13963629527113486,0.12710498298706485,0.1507026299117551,0.12938718744376612
0.13649599752641908,0.11174538596827048,0.04049571958044085,0.10261092976640718,0.06086103002828409,0.13831445737831524,0.14060245323662748,0.1197177212647107,0.14915630525052484
0.11494087331610492,0.0872892130570155,0.031115480513547875,0.09173702873612037,0.16604228962806822,0.13001242680306127,0.09684540169801299,0.1874709940006182,0.0945462922474506
0.07716180741923985,0.1170095871698027,0.06798375279076496,0.11906096529964323,0.09479396771418482,0.11238857749181246,0.13649595489962277,0.06966923538193386,0.20543615183299532
0.04520579448620576,0.04574673939477045,0.1712376123573336,0.10460292080136295,0.20703170015598263,0.11909711117714077,0.13903320296241706,0.10632863642146273,0.06171628224332417
0.03621135164533331,0.17484721626802027,0.03808773271168923,0.1054153642644478,0.18633249966161136,0.1916016989001379,0.11710443631410283,0.09259076060880371,0.05780893962585365
0.0751955233334379,0.09009433170596715,0.07692915228830309,0.10500957831824236,0.06259848003304758,0.29842807288353573,0.10095775423900866,0.10433367786188276,0.08645342933657485
