0.052707314628773615,0.0496679102744396,0.26882368692222175,0.07805346366380754,0.10386130283280741,0.284025221062252,0.04286126931678418,0.09357787027650645,0.026421961022407462
0.09043023307487602,0.06868354936592252,0.0557569344518788,0.372193662174729,0.08447775542860302,0.09208409998192964,0.07746460234754578,0.04703889996590479,0.11187026320861045
0.04400794192932043,0.09158518604464583,0.5348208054632599,0.04099695283105599,0.03801433388617178,0.017971813321172838,0.13989873204724576,0.08218060805394824,0.010523626423179151
0.3335701419428006,0.03067646081338897,0.3596596863441066,0.004714507683324898,0.016771571339074483,0.04686004564465782,0.04657273163664097,0.10544491611514335,0.05572993848086233
0.05426613456512638,0.021183626660638676,0.18101820214948394,0.2707460634349385,0.049094422119820014,0.2704233778578995,0.06540656973317228,0.06154080044015475,0.026320803038765942
0.041586829859133236,0.07189361240380449,0.24736638346387788,0.020929825361454615,0.06421879467950796,0.013271041569568284,0.29002317227916596,0.07233528317506689,0.17837505720842062
0.18625934679846654,0.3068286079841091,0.01285872550813872,0.011057313410772707,0.1490832564353151,0.04660257064401021,0.047350113440384124,0.20725060654056737,0.03270945923823617
0.016271322476339972,0.5556641329496456,0.02791449801585466,0.018116537912201556,0.05062543988291168,0.06084947638285193,0.023051259129339738,0.21215018866978022,0.035357144581074716
0.47594607302243813,0.058412363039087194,0.1697173731130117,0.02823161513322822,0.12402688047663102,0.025336121973333778,0.0503405608546821,0.033228326602901474,0.0347606857846864
0.06402818232475557,0.5951291931224865,0.027122871985337648,0.011348247268168502,0.045894003634506776,0.04089157714067969,0.09823679514290377,0.10726090266757927,0.010088226713582369
0.03341459589131044,0.03970380762515512,0.0835873738836402,0.03339835358091303,0.16205119768948714,0.030237603677863056,0.1072639917211974,0.16293744211946862,0.347405633810965
0.050806762767618176,0.034298828388701165,0.3509851850963545,0.08633552022641199,0.1468787632412425,0.23161344010810417,0.025198840385578774,0.05608013207943049,0.017802527706558182
0.19173463313427794,0.04993641383272329,0.14328826824944815,0.059116339525782,0.019685853752945254,0.11625159432350048,0.01897704788052063,0.05304208597706848,0.34796776332373375
0.25924315205741294,0.03576822597120292,0.2136137008389819,0.1570950688243319,0.011935765384683205,0.18543949126629114,0.07783475734435226,0.009368842319927169,0.0497009959928166
0.4605337969430527,0.028841209150587716,0.09856539047738122,0.005783784649841912,0.06493192982435762,0.05231905312424221,0.052889601284497434,0.20650552964771596,0.029629704898323294
0.12991823165483485,0.30116302144811463,0.09350917701804486,0.027868502426464787,0.040731221057483634,0.06756188203535164,0.03793131991668252,0.25875572710612066,0.04256091733690245
0.2694891850319785,0.06978977004885707,0.0514449683070193,0.049434220162156435,0.06352212550282267,0.07039494533167073,0.37619335159569606,0.02622873322323141,0.023502700796567688
0.03721170433214352,0.018694806015178644,0.6070137918985586,0.0706871672659148,0.07644695810781256,0.07092023753590697,0.03454997200577847,0.03774204577302812,0.04673331706567816
0.046818326052588365,0.252992738589126,0.07983253701333572,0.04297026924553075,0.2536169003244137,0.06713990258879325,0.06104490905751315,0.14434509882298316,0.051239318305715986
0.12320045254609678,0.057690080267125826,0.07158328218318348,0.053142092405004844,0.28933771103680656,0.11341460024615191,0.0918751217272089,0.183962578615783,0.015794080972638697
0.03168203847687157,0.02778382261785405,0.23162291673600657,0.0409796052353523,0.457174261129569,0.033825763750792624,0.08713798782707081,0.07002356423229796,0.019770039994185033
0.15984093685560055,0.02796174890879148,0.2859244479327185,0.1054970246400746,0.04370783583870507,0.11435444122693367,0.07238038408961622,0.07339390113763042,0.11693927936992955
0.04809018133576445,0.07869579574328803,0.04609572059430963,0.034780869998413184,0.015165906193265313,0.016040945667347747,0.04873679857087692,0.13772387846962952,0.5746699034271051
0.07847663744001455,0.07402809727458316,0.3876969223128733,0.04863118578538492,0.09100877546803544,0.040758835464964914,0.19153057769958512,0.0596038937186233,0.02826507483593525
0.05502006592504294,0.03415841000529917,0.2917356361747405,0.05059370544913131,0.22730739755362725,0.1638414584798498,0.045866209164938075,0.07336903855525663,0.0581080786921143
0.05294261339404286,0.15465640548945742,0.03159485951827563,0.18944285843052364,0.1309268245787781,0.1822950773421087,0.08646068494578962,0.1613636330903857,0.010317043210638357
0.06771158550969973,0.05705864032848431,0.18446454881479543,0.03701809308489332,0.2192647804314752,0.025433458582530575,0.05686716048026091,0.2819853839304142,0.07019634883744623
0.0620933300831589,0.0659734788564887,0.09822130604524652,0.02307170984025378,0.11323740042828188,0.05095342787009697,0.18890351577352635,0.25394877166730234,0.14359705943564458
0.02027654789832487,0.4108661980461041,0.03359571548370759,0.04273049408459984,0.06909214279705687,0.029863205369766957,0.14842260736677024,0.1943850970076073,0.05076799194606221
0.4361378041791997,0.0749145292683129,0.13292439912986054,0.06085431648664951,0.04375020302818928,0.015784408659174447,0.08080705148613702,0.09729774669920897,0.057529541063267596
0.03769963208435262,0.06848317563870669,0.14564732889277446,0.1114638222611089,0.1602767828966913,0.02794708958177576,0.38002721652727395,0.03676459383518202,0.03169035828213419
0.07755034150166763,0.07469236257865164,0.351875656969384,0.047278804257103096,0.2010824068269054,0.021873442880882072,0.13081323978894624,0.030853607095479265,0.06398013810098056
0.03734470696230512,0.18229428489039898,0.10047402169433943,0.020310968241644536,0.049104258767844834,0.05166751217414032,0.1254954361329248,0.37883460478350917,0.0544742063528929
0.14035708223035803,0.08333666157209912,0.1407329848076416,0.01698786464218861,0.22421027954171868,0.07730559275336135,0.16424129500585918,0.11392672054308466,0.03890151890368882
0.10785640763922656,0.024486998918733932,0.4785825411567725,0.016337958320143595,0.043883580828944745,0.017012692654167466,0.1472417912918556,0.05860987950078162,0.10598814968937394
0.06881335700716583,0.016577471255356833,0.17444394779354755,0.03770447435112879,0.10923925292501363,0.02324966412832329,0.22186183339665363,0.17670136677682602,0.17140863236598447
0.09114972077655537,0.03649420291931892,0.33381596923050866,0.05695055499707704,0.024460507924332273,0.09345699368338523,0.015801220086780282,0.19892645348418272,0.14894437689785955
0.11445066423611887,0.4750537333715972,0.006387950730164999,0.014250467562198785,0.05012269530320554,0.08612620979105533,0.08648563455553786,0.1542450176929433,0.012877626757178144
