0.07627912561668558,0.278990632006994,0.06412142895198335,0.08823026679448474,0.12308965909460677,0.08454053263733698,0.04803867988495266,0.18183857099879677,0.05487110401415913
0.2196213417127426,0.03895338300579646,0.05455307142598113,0.12899207752108008,0.07039994005727224,0.35392935514723695,0.07193304294710756,0.03950082107372092,0.02211696710906208
0.25139830940638264,0.07045396027321503,0.08902506512323655,0.03489499336848202,0.13331453060892715,0.034710456481200865,0.10856987844914813,0.12884956337643425,0.14878324291297343
0.11944566558836402,0.044861655812346836,0.09210704653324904,0.2157661503955701,0.10955815239823197,0.16104551255587898,0.040573862514893214,0.16483481930720853,0.051807134894257374
0.024502918547561706,0.029458651712052752,0.24890610070057226,0.08423338950179038,0.07197271268955142,0.029425160897509694,0.4611942361182084,0.025713350332578006,0.024593479500175344
0.03924121634735834,0.03775352860872882,0.06718302484643883,0.07659660169875025,0.25678278100641144,0.014557785219636361,0.04256931775767051,0.02080786668376363,0.44450787783124185
0.03665050335842468,0.022817024690027058,0.0823063725470798,0.4110227488219014,0.06384364328654979,0.2844451940926492,0.03302701308039025,0.029254181212284635,0.036633318910693095
0.1055929200579992,0.04230180646311201,0.03976732779271023,0.0334518535145281,0.07276523848790102,0.014370729054014665,0.09422800698636642,0.09237493497603777,0.5051471826673305
0.19795373102075584,0.023890879913068347,0.03051017192005512,0.19018963986272752,0.07478846401781362,0.3142155671759827,0.05814647063602643,0.03306013756716197,0.07724493788640853
0.018836046326711108,0.04732274256956237,0.10577541294446463,0.05826622959101411,0.030372202698883088,0.05022993687104315,0.3896766915018699,0.28533667852144196,0.01418405897500972
0.067952371900366,0.033862846226401566,0.07172471504500567,0.03559139155991658,0.11316762984190078,0.024487094639720843,0.04301339802234507,0.12585441518040966,0.4843461375839339
0.21197905091436356,0.06124164167939956,0.1728171359929206,0.08763257567779763,0.10513775716737801,0.03656332293621795,0.02013332706139789,0.04342402658197337,0.2610711619885514
0.05348351451810738,0.04542481906842724,0.07053933988511853,0.1145510782466065,0.14917373989551858,0.012641244124578408,0.2862283084187492,0.07151296165641116,0.19644499418648298
0.11220102507388811,0.03315065915041216,0.12008452053700458,0.3223387720047634,0.01887303228517662,0.22238254424118323,0.041312059921721066,0.08297792304228284,0.04667946374356797
0.12238006458013732,0.04165357160018865,0.03647980160617622,0.25439733099392275,0.09866665623209807,0.2873258264054276,0.02984521394022643,0.09403612695082482,0.03521540769099824
0.072139186517722,0.14624697397911748,0.09152379897667745,0.08825560062660426,0.18151094750899008,0.035859565327399485,0.10505070157106765,0.09855725380555991,0.1808559716868617
0.02533141197889037,0.054549630545319173,0.05549462652392578,0.022303061538892135,0.11491330213357522,0.06105437119765589,0.062170646277034475,0.4980432259860617,0.10613972381864524
0.11616796799971922,0.06880746610773016,0.0597534786005172,0.041199738630261884,0.09831781080709967,0.016094168759045985,0.05408902990890537,0.05437754670437642,0.4911927924823441
0.14941954960672765,0.06475460494087196,0.035583185749576716,0.07250502078123482,0.33345280975517017,0.032528628811882905,0.02334015186597706,0.22947794356331905,0.058938104925239654
0.13832616968307648,0.07927869987906806,0.1870009149350679,0.2918287991872201,0.05338349183682343,0.13589692301049391,0.03225328648834958,0.04384186588073924,0.038189849099161295
0.1358583260236874,0.02948473891344817,0.029490686266333027,0.24558980164212993,0.1293485011277733,0.09742422391587692,0.026563457359287335,0.02551557836807024,0.2807246863833937
0.07473005847786234,0.03298391113692578,0.051463592957343894,0.14903638880753092,0.04724624315034359,0.5194369258156184,0.0401922328687829,0.042823643431010715,0.04208700335458144
0.13692862520378501,0.07129500279159857,0.2567497285854072,0.04104037593045451,0.10496564670980191,0.024278237504078565,0.020419175922470202,0.30695311947566833,0.03737008787673574
0.03667917484220059,0.038740623094726694,0.12022816850206003,0.04749551485344533,0.03180369299000244,0.03375785452674171,0.23351073641265607,0.4457024581241531,0.012081776654013934
0.02690208244471283,0.029770723733128102,0.028659660049671434,0.06095958223504739,0.13486951391658672,0.10427362930636953,0.3607630400975023,0.2355518050969446,0.01824996312003704
0.15399531993429239,0.10591416285156623,0.08217833590182864,0.11784319881910732,0.07528637296738874,0.1908221771336801,0.043926676567293814,0.20765778914140745,0.022375966683435347
0.22105404564193246,0.061970845439888456,0.05748952906811192,0.19952540339053182,0.07526613387126704,0.2567730130722042,0.05318329746884869,0.028173918229035092,0.046563813818180366
0.025023586539464345,0.012564180569690359,0.08001755084385632,0.3599005540232567,0.04902725989808986,0.27953968239791777,0.05972623902988373,0.06860866930516794,0.06559227739267288
0.041118304861601215,0.02174066052890575,0.2098823053739015,0.3188440398400116,0.07575833265590239,0.10659457953231942,0.07581392933633103,0.10664141363853585,0.043606434232491297
0.11626482179488042,0.11255947278449296,0.08810507368313762,0.07430296199321439,0.018743675069058854,0.37995685141735575,0.01814546534685973,0.16262316492266093,0.029298512988339447
0.07554059696324487,0.0602392584491126,0.17953357599733658,0.0525153570804652,0.13272102222048263,0.012350288123471128,0.24631302761639584,0.08649512121497754,0.1542917523345136
0.06090273293397953,0.13597199212362296,0.1943311763101764,0.09608306372667781,0.11882389462661341,0.029818059104039712,0.09036784683068566,0.2366569166758283,0.037044317668376237
0.13267428373816229,0.02869671563505376,0.04965866847479453,0.24341224890034466,0.026276365454735606,0.40615118146209706,0.036777686893287975,0.056420141130639236,0.01993270831088489
0.0893647289084235,0.03720300631996428,0.20469268379150207,0.14094178034345814,0.03389193049443233,0.1444995004665572,0.02629369338456729,0.22529585545930442,0.0978168208317909
0.06906379701211875,0.016918368385422353,0.04750108215253066,0.4004458215132722,0.07827061168656156,0.29942439502137985,0.013772967671174979,0.03900960612425025,0.035593350433289504
0.1087462180632663,0.024981959730426384,0.07863400115657514,0.37239175874039243,0.06461874337324049,0.19604803222803238,0.059754354373994956,0.06335843191125366,0.03146650042281827
0.014177217624703468,0.010526750592384287,0.018470119774069912,0.29075911516464675,0.14298539746009112,0.4378763747191499,0.04409465836666074,0.027630298286502746,0.013480068011791033
0.03929367241019149,0.21411780943338624,0.034015371917228365,0.03600397757431761,0.02412425844865997,0.048809444094537933,0.17566250850896092,0.3759446677332403,0.05202828987947716
0.09171288310400987,0.015360340835784492,0.023561828482358386,0.35275993198832684,0.02572696112124438,0.32265791461427606,0.030793436112916895,0.12663897284424033,0.010787730896842781
0.09749224625445845,0.10772367114583008,0.08191250676202545,0.05303947617366247,0.13524046239205068,0.006256213806252885,0.06507853747008835,0.02381033112206843,0.42944655487356326
0.087473815682949,0.04059588354440414,0.2770702309722182,0.06815982686020185,0.06490694924446995,0.0154563309820438,0.0363783631060939,0.33889584963994185,0.07106274996767742
0.03287774057095024,0.22052197357663497,0.2543503754120425,0.19526465427595388,0.05074100283109372,0.03467668549466001,0.08396741526678679,0.05268587597967735,0.07491427659220061
0.13359596644016591,0.06423756892495774,0.09973851637353288,0.015866712731538127,0.10443090630313623,0.012067647750596128,0.08142854341555843,0.3325472148715188,0.15608692318899584
0.18036265772215299,0.07887178126377965,0.04639334741509544,0.15184527989449284,0.16691622983280127,0.2400477355063523,0.03121512528583512,0.08311409716172298,0.02123374591776742
0.08487415582930392,0.031545212446151695,0.026763444041660724,0.3415459795107149,0.1597987246097086,0.2344860083497854,0.060315975409630386,0.05410147096674663,0.006569028836297702
0.08619713816688442,0.030698591083847458,0.08989587389749028,0.26121498025371875,0.0494497162404731,0.22171142318516246,0.030151871713963756,0.21479681342672227,0.015883592031737507
0.16096121588390633,0.1466013235309582,0.02419316205225457,0.06000232409664827,0.25044290950248055,0.0103859647824146,0.05668314499601954,0.01922573064655333,0.27150422450876466
0.05983140683747142,0.08316876903984119,0.24893507256959255,0.23177299112008762,0.10485605949003544,0.19432271194319617,0.012991683516612132,0.050757233526905476,0.013364071956258036
0.10449239877072934,0.057679879729410244,0.1216951112718409,0.3124145944778545,0.036172218050730544,0.14304147265730846,0.04988140359398482,0.10098144261679425,0.07364147883134685
0.0342026849823242,0.09123045223298935,0.03702158716562612,0.20498784168746584,0.049763887603753186,0.46504010480294466,0.05296269114564619,0.027518918011627407,0.03727183236762303
0.04759202296288393,0.034381678815418204,0.04927992374553414,0.2507527033908654,0.04579401075291825,0.4897325918054029,0.03374448429117651,0.03560110743612734,0.013121476799673197
0.033956111307888205,0.0566978149927267,0.0092429577315409,0.01893142996263116,0.05227319320784777,0.04620249130923612,0.33741661913629944,0.42685499874502275,0.018424383606806927
0.22323068116618192,0.0628343303192319,0.14021781290111487,0.15345212285551585,0.1208052814092682,0.08639903942137718,0.058103171262226826,0.06820339099356029,0.08675416967152301
0.12363672325952753,0.2674336674578537,0.06645390807387809,0.1586907117592149,0.06243241744585268,0.030057820152140386,0.043489504031188335,0.17599816102273125,0.07180708679761309
0.10957132437634286,0.0287434144003683,0.15194814289027103,0.17564789678095702,0.16165957128633732,0.2365413677734095,0.038344126971924415,0.03782115282137592,0.05972300269901365
0.10248625065511113,0.17766210936934257,0.08172137491293831,0.10754384438192084,0.15104475535408093,0.02402904978038678,0.09858762730827209,0.13455173485203398,0.12237325338591337
0.14211572148440935,0.06905565980065108,0.05362345352490485,0.018279795293775467,0.16182742910723966,0.039172706641818315,0.040098505272878275,0.017508269039660577,0.4583184598346624
0.1293837159441997,0.17379930293665521,0.11008065152134322,0.16698592905801846,0.10079338014049864,0.1507467004601174,0.03866747254488823,0.08402063637304985,0.04552221102122924
0.0466990129337834,0.0831114200720152,0.1729586623471904,0.13600182233808047,0.17260950966121322,0.036974924397342505,0.05000987329506898,0.20361600358750498,0.09801877136780078
0.1312015969912196,0.025894377347030952,0.186688839647802,0.11606939572063242,0.11215027858863759,0.23212172166290632,0.0469075193132128,0.13766884224592826,0.011297428482629955
0.14489356353385466,0.09038913180755932,0.08272801303294956,0.01577524895873258,0.09491819019605781,0.011063333749247018,0.034126767492873,0.20305460734744707,0.3230511438812789
0.12396929460818625,0.05768460671884906,0.028866001122533607,0.3066455208753521,0.09293610201583606,0.06463655876391124,0.0641659729640184,0.05093546900564453,0.21016047392566875
0.0519807613302363,0.03740197814087167,0.17122297210228135,0.024519047703970284,0.0861420640389476,0.08685868661221437,0.07745209388428864,0.34631513813823034,0.11810725804895945
0.0778884928414531,0.04579498716775798,0.016740705218658034,0.38719332788578814,0.01641382087582017,0.3461199174713505,0.030662667710998806,0.043651888806304606,0.03553419202186865
0.05922124409823575,0.045635778407459415,0.15840542283202108,0.10412092290544757,0.039782224839842305,0.0737317721853936,0.17952173121422424,0.29966794785454676,0.03991295566282925
0.11918997525370201,0.034676215449250786,0.18873490852996225,0.12908259044675024,0.18361882791063855,0.07118802834543037,0.029861098970234177,0.1304888829530331,0.11315947214099853
0.06278043605509855,0.15509867675784228,0.28961578858686593,0.08045704386493512,0.23500959398550714,0.025153174147767587,0.05084183451164489,0.06921988300920691,0.03182356908113162
0.020803227786178723,0.5358960169447543,0.07828472513147128,0.11921238918809944,0.11837756060369287,0.06796486498187815,0.03131124919431205,0.015420760303780761,0.012729205865832413
0.15117105293100988,0.2659360736577194,0.037688674453513725,0.1129354281340984,0.1488883385148844,0.05482047421201482,0.11924705923492612,0.049775884814580035,0.059537014047253235
0.15550353287803356,0.15884779962296328,0.029699299953285328,0.14251265543954778,0.16448514729937522,0.009986100190154445,0.04825527325683346,0.03839744010420623,0.25231275125560065
0.04920902339336273,0.04592575787123295,0.01752637376237923,0.2720066621420158,0.04669501076029259,0.33535135729811905,0.07627891042358036,0.08676636465133347,0.07024053969768389
0.021504679179880897,0.19016360715888456,0.14431419990433253,0.34227657417648566,0.12143417698034735,0.04170482014764478,0.0589867355079749,0.054799595190583215,0.02481561175386615
0.06380742441462374,0.08607628970654675,0.0720711125827998,0.45177666829275415,0.06001904568252119,0.12688589612127263,0.044396925772472486,0.0692322930353201,0.02573434439168913
0.09840325940979415,0.12036509204703795,0.06511316833387489,0.0722939443801869,0.09692921292946094,0.05580434554852178,0.35957812077299733,0.08368791477569094,0.04782494180243498
0.135673234533686,0.1333276750984989,0.07328942842861642,0.04101417726117068,0.17181905743439507,0.04884969078286344,0.19431564874536036,0.12051871077837643,0.08119237693703264
0.09945592678883731,0.06306889527534679,0.05784325102127047,0.2386432869223775,0.0687296614596918,0.30070519050350253,0.05277887712148982,0.08765766662140857,0.03111724428607517
0.048160999761010244,0.05321374785452156,0.09927547131366958,0.1686090594919789,0.09958647776764044,0.28993236500273567,0.031611722520325576,0.19172403165389681,0.01788612463422123
0.04984146797398926,0.020656961856716064,0.08240824635207535,0.18977923557912021,0.06548861142027183,0.03839800204110633,0.4201642284802414,0.12511811077446824,0.008145135522011375
0.10123018526959714,0.2276719769690109,0.030534416299597092,0.3281833512477211,0.07321950113006954,0.08774269495582605,0.08546349313331708,0.020054089713982006,0.045900291280879156
0.051047624130910706,0.025077063416828513,0.182296750436067,0.04885572799387986,0.0379382425695522,0.11527812407279993,0.09983059499847972,0.384722128551495,0.05495374382998694
0.08372527215255458,0.1376174780388334,0.06650933433603899,0.29933418881050794,0.19889602022427777,0.0684415800274405,0.0893099962733448,0.0277647662554875,0.02840136388151449
0.08226688724061422,0.012521993849144375,0.2594786455621896,0.17402028826531826,0.11415418199494132,0.02954175306500509,0.054541542768189046,0.24611841819821403,0.027356289056384018
0.1281600282768672,0.12742735524153853,0.05671920077502987,0.3284374629700846,0.02861580953962394,0.2068028562414129,0.02671003234371148,0.028818374214871944,0.0683088803968596
0.06094730942321886,0.31093104710222214,0.07984365770505762,0.12349442475239904,0.1457849835518412,0.09018240372911435,0.07703253352539076,0.06249789654795226,0.04928574366280377
0.13683548512112034,0.01991902954966105,0.07042615898065854,0.3153497736139861,0.03474292345122026,0.2936204447192481,0.037452368535348106,0.05247783817145874,0.039175977857298885
0.18467201894865806,0.0836010734498799,0.16339502731986102,0.013533168797547046,0.13291259865012253,0.03778943215664838,0.038256371661945975,0.2983009142182466,0.04753939479709055
0.10975379199415793,0.023277628613182836,0.03820079757871434,0.42417580635797925,0.03746322512206078,0.23139202018560087,0.03490515140204092,0.07745544722993879,0.023376131516324224
0.05540315830806709,0.14550028173541313,0.13118687854777514,0.14238070181484722,0.09270028782150536,0.056456130699637626,0.24307298468756833,0.07870167499526527,0.05459790138992079
0.04527323171182803,0.1266755946204782,0.25772296919064847,0.2657063646762162,0.03087595941564324,0.15355658936041386,0.017816182995391023,0.06891759704143247,0.03345551098794845
0.18098173315967336,0.03840559511655953,0.009958966772680027,0.3366433428119866,0.06990938559813997,0.10505242856508527,0.03259443727772492,0.034591534721149814,0.1918625759770004
0.03818332731296801,0.06069594672822129,0.5269525713493745,0.025532581784866986,0.10368305726718509,0.011141257305680245,0.05687224970645266,0.11885135943548227,0.05808764910976899
0.029553217164705714,0.020987327191251848,0.01816143379174832,0.23378293352143617,0.09829304325086563,0.488780660921549,0.01600423401558926,0.00740253200657212,0.0870346181362819
0.0897366029897717,0.08098457497628951,0.1288385003118718,0.04596803403441994,0.17558741932367625,0.01390301410935355,0.1124867369251817,0.17019876060447714,0.18229635672495845
0.1899840727036203,0.03171356602058987,0.04093594992093543,0.40241644644739716,0.15940537342728964,0.08216280302759238,0.03313238361773823,0.013917366829563835,0.046332038005273156
0.25913840368476926,0.03832630116884372,0.0346425910419449,0.28390375340195845,0.07788222118182203,0.1517980634314999,0.033297903316946605,0.0906579835273517,0.030352779244863487
0.043367491805241555,0.015488668188999057,0.03483851890034847,0.2354987349688814,0.09741047292427078,0.2769057556103096,0.02171639817163899,0.16573563828868546,0.10903832114162466
0.043208747736388144,0.03964079587800135,0.07396233381174223,0.0664716681989571,0.08802453967447253,0.5049423964966677,0.038193713229382,0.02568328756157388,0.11987251741281507
0.09194288263562767,0.019203067515849544,0.12192694971397926,0.12968629390783926,0.10859317345597234,0.41570230337324005,0.04136047708931695,0.049221753412226725,0.022363098895948248
0.03827080804060741,0.06403415941232153,0.12728770552394497,0.06531090399099969,0.06715121316803457,0.025240281356648932,0.09351425288141894,0.45548789548232765,0.0637027801436963
0.05413197625789365,0.06461032131928313,0.12022894613173239,0.08159137109395592,0.13019180130802627,0.009054254407505983,0.0534273764490612,0.011065817952805522,0.47569813507973596
0.08475644795470531,0.010718151586800695,0.056828917709120026,0.43951752529484894,0.09235659846414496,0.16500641015928502,0.029630865892383996,0.07013174897010106,0.05105333396861003
0.13456779487088025,0.04833791569155799,0.10081754255098518,0.08137521046498637,0.14778270706489338,0.17376708893016857,0.07391726453023885,0.20683113386150376,0.032603342034785605
0.05802673964422065,0.07151827693260197,0.10141939871670443,0.1005803322757936,0.08975285821020439,0.35803958978800005,0.02770147088068807,0.1461351130801202,0.04682622047166655
0.11290815485822758,0.04810189270244167,0.0827748695799503,0.2962219371918419,0.02541148860962558,0.36205324771000047,0.014755731167154063,0.04098814549477035,0.016784532685988104
0.07342709675322,0.05967414759621318,0.3455357365309812,0.10103271380296108,0.02974958626805628,0.02182101746743535,0.06296431037365484,0.28303420238516247,0.022761188822315568
0.12989319255642887,0.05534355431896828,0.07189407802320048,0.3890772118288342,0.0353111289923605,0.1730217218910838,0.04785497747693795,0.034967117611577024,0.06263701730060885
0.13501837357697913,0.12554466253202345,0.07220126484627133,0.08450368037488404,0.04522032926288583,0.18872781605265798,0.11170601824321656,0.0781334051752694,0.15894444993581228
0.048252088338044334,0.03894648091208749,0.027148219267627043,0.2849370624439054,0.048157696576148774,0.25171318576404933,0.04566849132761667,0.18303635821370756,0.07214041715681342
0.12123065433501452,0.05280672626690128,0.02856888774457769,0.34859534421701494,0.03199103921768667,0.3282323787203368,0.015035190118944622,0.06113318539541854,0.012406593984104987
0.027914526781471716,0.03711117939338441,0.07171429388152224,0.3480971906616121,0.06736789596447489,0.3817811052376263,0.04569705011731579,0.00944216508431786,0.01087459287827456
0.03665050335842468,0.022817024690027058,0.0823063725470798,0.4110227488219014,0.06384364328654979,0.2844451940926492,0.03302701308039025,0.029254181212284635,0.036633318910693095
0.053952582374747704,0.1661035726396034,0.2496268841245791,0.11118974633,0.044717953231060786,0.009897773201982086,0.038146644512885,0.2908849656027523,0.03547987798238965
0.3836116441438803,0.030835231537961614,0.06593697187417888,0.14566949871183568,0.11358767684423589,0.08709312905214572,0.045578586901055505,0.07476087504241259,0.052926385892293835
0.13502881276533432,0.07535414292399979,0.029451608073729808,0.17046045866408632,0.057172615318157205,0.13278964566171228,0.13192441294953658,0.13169002948890218,0.1361282741545415
0.05368283160252673,0.17537460226147272,0.22280491294909485,0.037758277878424985,0.09547833938496371,0.03280636036723733,0.07716781345842104,0.05251202685494402,0.2524148352429146
0.11438508068672859,0.02878394741731734,0.07931273358988543,0.32452189467498777,0.04340408236348006,0.24258309973495687,0.04735647931591722,0.0649908403760044,0.05466184184072231
0.1021167000261081,0.07947349333855835,0.0834720835270531,0.17481639156527728,0.2170230577744526,0.08288410328984884,0.04977350033863289,0.0503861443813699,0.16005452575869897
0.08873065822431515,0.05628123415426998,0.06306461498378076,0.2899185374161418,0.08966255975623265,0.22722552130381504,0.06176675778271403,0.08311977644029639,0.040230339938434244
0.17405276203032802,0.14187012658093456,0.07408537917357218,0.02906839600004911,0.10203830325832212,0.054440327485315916,0.09611535992538787,0.1690333651364393,0.1592959804096509
0.07882421351033982,0.04905124787218562,0.03255058260028987,0.188520103512559,0.20308116933438422,0.28967018638271563,0.021734656249323206,0.1267897517893399,0.009778088748862863
0.5534730592418337,0.02603592979547902,0.025701715320450607,0.0850819379740081,0.033806220516458964,0.08181784384190381,0.02177801842230116,0.044003539074604366,0.1283017358129603
0.16966365215394344,0.017320141096958282,0.12518113475526502,0.0570817477752348,0.0834259099521419,0.01076921602872906,0.16088197271747884,0.05443788309925024,0.32123834242099836
0.18454034865897473,0.09657485016860397,0.037422165290502574,0.031596184790712425,0.1395260572908703,0.06780037078635436,0.06711589938956856,0.21026836777116764,0.16515575585324535
0.02126959464560042,0.10270878994057953,0.14433302367540468,0.3317037893934452,0.07810540652177173,0.08325771035782907,0.02459625291246023,0.1346485577399145,0.07937687481299462
0.058067704482182014,0.024362731718717088,0.03483592182128977,0.42803372471466056,0.05773340415325051,0.2867341958483768,0.023927537595853036,0.04671200452390114,0.03959277514176911
0.040959155630756354,0.03855650459533771,0.08656848288482409,0.19602421984433038,0.08854949402518626,0.34486217537458624,0.038205660895818415,0.06813416160053205,0.09814014514862844
0.07240971952214832,0.20328228870132137,0.20262454157946327,0.15243876513421292,0.09591686262239561,0.025642285618009134,0.10087378037577754,0.0680072607712875,0.07880449567538432
0.03915809897528424,0.0678506105158832,0.07219684552712853,0.0720959819899445,0.10495159298211308,0.011430095668362027,0.14380874131516772,0.12439818708021444,0.3641098459459023
0.05593462721152855,0.2640025589354545,0.2699446627801993,0.05370212635957481,0.1100156581575576,0.019581842181120714,0.014027571954954183,0.10304114829471223,0.10974980412489808
0.029553411892009995,0.08392380031731783,0.05856798729648464,0.4210132874196863,0.08544036734579268,0.15866369232209693,0.06837696204851546,0.061959542682611175,0.03250094867548507
0.07601552790544593,0.051621619836257626,0.04160933974696165,0.18375045351284316,0.042248363435807124,0.44658171277977804,0.03566616868670419,0.055280606510782294,0.06722620758541996
0.13509401094964724,0.08005293030977774,0.10531568493402364,0.03270018501336948,0.10686161838906998,0.013901886416311912,0.028937994067154527,0.2706885799067874,0.22644711001385817
0.11967377710780214,0.06565894958969226,0.0639520505078303,0.024182714859099272,0.05990238756520585,0.04408182329710941,0.08106926697369189,0.2676587685746843,0.27382026152488453
0.1687932211991496,0.03589819601784903,0.1923756937206612,0.04479150299687661,0.04368816429540969,0.03983758822997434,0.005977475003123604,0.3500484622322331,0.11858969630472278
0.03909682341049802,0.05560946253796023,0.1670807074735484,0.15243406864380918,0.05524625530080358,0.04908181313730207,0.21831482892556278,0.21315515582944758,0.04998088474106816
0.059021087613245427,0.08491972980105682,0.12869963500497536,0.07716807840905322,0.07226686538058118,0.14497356275633713,0.03910495644349736,0.3520217017113951,0.04182438287985843
0.13516744700058606,0.07138718878152545,0.07696806998333175,0.05879203966233651,0.10133848657315402,0.005676785118555116,0.06743942777128588,0.04521544147207154,0.4380151136371538
0.11313780086946901,0.16058703021262224,0.2099854772317252,0.14233756730800937,0.10358891125773018,0.05563149225782706,0.07103674129328584,0.06055969776099149,0.08313528180833966
0.03672753287190442,0.10647438347029974,0.18050640636155602,0.0805626974004529,0.313422632699101,0.08810912587973158,0.07052362053049661,0.08995327819956696,0.03372032258689084
0.03115982637190014,0.11485528246346959,0.08617784899694768,0.2715545869741352,0.09526985739910977,0.24418433138864026,0.058535615394302215,0.07962123942064825,0.018641411590846882
0.06927867531394592,0.017814928665219467,0.05919605468982194,0.3704748713919686,0.048167302316860845,0.29283151985650174,0.045641756105520924,0.08705425750923666,0.009540634150923882
0.04801182126049829,0.10622354554503073,0.0970794953163842,0.07494258180539135,0.10144238064502002,0.061643347958143135,0.21993944026987147,0.21395465201243924,0.0767627351872216
0.044306600049487804,0.18528114989600517,0.10262072874616225,0.02976192450410717,0.05524826008471526,0.0370484222618608,0.36272670226194653,0.15120943715666632,0.031796775039048555
0.0625441590479716,0.045037410302904334,0.023091464596185583,0.2561476017741195,0.11036650341642475,0.38052289860805005,0.023530983417802496,0.0510579621669551,0.0477010166695865
0.06944584835634028,0.21574439851709462,0.15380539547433889,0.23031956875268467,0.07668336036953577,0.011672251921632237,0.09569639328916679,0.034185162998065184,0.11244762032114163
0.250290752653042,0.06857038251686214,0.2515858927897461,0.0775006223796383,0.03565044255458832,0.10290951193655927,0.03480288940114392,0.09054987062573537,0.08813963514268468
0.21457561767893626,0.06461876799667782,0.08577974564088091,0.07880204371269543,0.05672622799391225,0.04361297654601253,0.10873228054122835,0.056417096896882124,0.29073524299277426
0.2239797635097929,0.08981450851461349,0.22810388191995315,0.16962595031080888,0.01727849785665863,0.12929225345509668,0.014494031514558386,0.09571718918616344,0.03169392373235445
0.12738713534515983,0.16935218442508249,0.029370686574148288,0.0443890859673326,0.14442727335975986,0.008040599609105399,0.020508798808371292,0.007896398651014441,0.4486278372600258
0.1076627325995479,0.1472530113740402,0.20254625341642582,0.05771831995601298,0.16969034340624545,0.02241219311504812,0.05574983511554179,0.11624884584117058,0.12071846517596718
0.1889643899197465,0.03482282713796387,0.0842118016478265,0.05053859612615615,0.14177151167075905,0.0822190555777062,0.04175421344182342,0.20391001662320254,0.17180758785481573
0.09542447931293684,0.1500745499788447,0.17985244963021826,0.16555285273608403,0.07773022226962399,0.13064238796947816,0.048715948872553254,0.11270837866088272,0.039298730569378014
0.07296507471876384,0.012017082973270565,0.07727365820463428,0.26499851124062745,0.057955043648715406,0.24356941403805674,0.049231673379388156,0.11913782657710481,0.1028517152194387
0.04920902339336273,0.04592575787123295,0.01752637376237923,0.2720066621420158,0.04669501076029259,0.33535135729811905,0.07627891042358036,0.08676636465133347,0.07024053969768389
0.022606046838782475,0.1967792380042063,0.029754829506412506,0.1998033981138235,0.0402988214097065,0.10131419373617793,0.1327600585308746,0.27249240934295316,0.0041910045170629765
0.22736728716256058,0.05158935441157094,0.04033379233326056,0.06446332947950556,0.09148136959635605,0.05492027873102697,0.03213820096928745,0.09606280246972089,0.34164358484671103
0.1441221261430988,0.08935184626174808,0.12519184516675244,0.2776993060691274,0.0267578739986723,0.20536421421154194,0.030893254438463896,0.07057952518670056,0.0300400085238946
0.03719676657999532,0.023659745829839002,0.043802336688398204,0.32811759386339007,0.05385311883987529,0.457541634985209,0.028005697669080187,0.010680187154670595,0.01714291838954232
0.10043018924047165,0.15256152373289672,0.34258944547507464,0.041187273948167194,0.09251492560138898,0.04595718685357978,0.05481144942783017,0.11206378577470755,0.05788421994588331
0.16117688639495056,0.09666820998794799,0.029411130648290016,0.15564065050942189,0.09800427498576443,0.1255056946737025,0.18250693866757758,0.08931965423516047,0.061766559897184596
0.03527286067576645,0.09275176855577459,0.057491490283107856,0.3427053529400534,0.15577055268292575,0.1282218354958217,0.14744446546807247,0.008684578514288397,0.03165709538418934
0.20376064068930386,0.04565065234405171,0.1768930479858952,0.22136491744266837,0.05743525673664771,0.07097808263547052,0.058088515244217764,0.09186479871231079,0.07396408820943419
0.1521358168835917,0.016197723008020276,0.02211098221526415,0.11999388511523212,0.03523071197246403,0.29781106333308,0.025407738249036735,0.2704689599767502,0.06064311924656077
0.0855655704747738,0.04648447418545081,0.09434727850949325,0.15343314306410755,0.0449258551179103,0.44585316716481244,0.03178772626082544,0.03485908976521914,0.06274369545740745
0.10409933314101527,0.017541888377269093,0.03431719734683889,0.2972415086442074,0.02830094001580809,0.25008088012093965,0.10463386943306589,0.1509156147598754,0.012868768160980294
0.07055635782025779,0.10907401626480662,0.06963345807910783,0.29945387769475235,0.10401737531113243,0.13272128474962727,0.04753671749285413,0.126365368521515,0.04064154406594656
0.11581674217815456,0.11830575370386946,0.07273122097193667,0.038332670989990054,0.08750097190343327,0.0056444498548123,0.04472474086552347,0.03433586701495533,0.4826075825173249
0.06499760793662296,0.053249697758969754,0.10280982375629799,0.15259781345340512,0.048439444834461366,0.3752304447755091,0.05987746164523766,0.11526731640882594,0.027530389430670123
0.11049280259412275,0.14441298294764812,0.03395840785375342,0.15347425698195583,0.19517516437411678,0.016868646023568263,0.06774809774827488,0.05760506771242039,0.22026457376413955
0.058401421569791,0.15956788929419616,0.040060720632128184,0.3787592362126862,0.03431553428491805,0.16767346247937387,0.05051830472586991,0.019854588288130956,0.0908488425129056
0.06366859720002005,0.043626580984278684,0.06482715383355214,0.28593661433589274,0.06328122917728297,0.20902788393009844,0.05924710641941896,0.17352792837174066,0.03685690574771524
0.07020793994599682,0.1664610664259654,0.046940400085220275,0.033647055447088986,0.03303711458670675,0.021284186930201076,0.04345808729811503,0.3698581142635761,0.21510603501712955
0.05202296076969693,0.06782930123928443,0.23311451281143572,0.11453148724755328,0.08471785137704296,0.05359944557051952,0.0382589657520247,0.22555951565070007,0.13036595958174246
0.1437042209802356,0.14318977968461474,0.1919368533576253,0.1687165670329587,0.06304796509010796,0.013449809966806498,0.07222870779781598,0.17968173551038444,0.02404436057945079
0.10903803321293555,0.042869634826045895,0.03275733736352296,0.15358067913369178,0.039914423555003416,0.5125980336731653,0.053681099627811944,0.02703561322410959,0.028525145383713594
0.1624664234711861,0.02602673686689134,0.05307337551874421,0.32922682485108706,0.08163846801063017,0.22541506317150686,0.036107933383468675,0.05174493519828146,0.034300239528204025
0.055445798357723446,0.12187200970533978,0.0687501378404698,0.1204248873187711,0.11344790430375294,0.016315100054087952,0.046392589025133525,0.03899580348847712,0.4183557699062443
0.050177998586453276,0.20648804760495987,0.04605072429097563,0.2748701138119455,0.047429088467614705,0.24801547080916864,0.03044313188799679,0.06849589664083432,0.02802952790005132
0.06261015734883087,0.1341594587088363,0.10929000526967553,0.038672754831074775,0.17422867949346255,0.07380541687756188,0.07711222714821832,0.2975590380392912,0.03256226228304846
0.18817962838166988,0.05788185214848975,0.09864798976045085,0.11493370990379669,0.055522010616619454,0.026783078005112985,0.06727321104272753,0.35771909772610383,0.03305942241502908
0.11585985162904062,0.02254520654509201,0.036323527741098566,0.20104736022494976,0.04704804803011072,0.2352082567661897,0.04874304920878938,0.2090286241683811,0.08419607568634817
0.1223305925857745,0.01972683685888885,0.010070231466985527,0.17052541872158433,0.03828941696710467,0.32559233491628436,0.060553715601020186,0.20615209421227523,0.046759358670082414
0.1757513248294487,0.08306020929801718,0.23678834262702808,0.05076788848848288,0.09832803734917399,0.015348878681080355,0.1553255328226336,0.12718149089561537,0.057448295008519855
0.038612161089839725,0.04858960137125857,0.3252163901065797,0.05673392188663237,0.16524547989562877,0.012791196651372115,0.034330579727150874,0.17103388919760998,0.14744678007392784
0.05803529800874049,0.0780388532925459,0.10046454663800179,0.3311802993824374,0.02769685065667851,0.3002786945836584,0.02777050985196075,0.024513331164942007,0.05202161642103462
0.03199293534181133,0.1432779752003533,0.2186470568442439,0.1323199780683883,0.14268368887162738,0.027785163791270124,0.23683017596686637,0.040794426088599824,0.025668599826839524
0.023460487425890086,0.0512698228535669,0.040331665675555226,0.03131667738648123,0.06937653832070399,0.04221182335451216,0.6347440141486799,0.0730667892848172,0.03422218154979337
0.09034646721194343,0.034109272973019855,0.030394455049788816,0.1593785609689451,0.0713123866408047,0.3362339919243021,0.03558821548361476,0.18618682891749602,0.05644982083008531
0.08911968868568908,0.1352331936858505,0.0174331312657602,0.03923734509540374,0.1517162700568302,0.015171178239771274,0.05184034781218639,0.023524309574929025,0.47672453558357963
0.04901979023196299,0.020634998517326347,0.03379199980467757,0.12557702081877126,0.11791349529443934,0.5255716187202127,0.057717104133754506,0.03916432849345418,0.030609643985400965
0.2730543956954517,0.03979175679829964,0.0523953493398287,0.1588653692769803,0.05661974814498766,0.25509966913262117,0.04875797456669039,0.09115590859337287,0.02425982845176758
0.05506466963715004,0.05913633175800176,0.09242217180068613,0.015259374261021814,0.07178842701755629,0.006141164122582656,0.08315011532819801,0.18511895189552044,0.43191879417928286
0.04327636720720884,0.014554726869758042,0.06477753866034756,0.2637143412425534,0.057929143282622726,0.49444983343151794,0.02629299083554047,0.024373113358288786,0.010631945112162198
0.06725032928375634,0.05320575499436663,0.18775174119646212,0.25443651791023353,0.14945770074306364,0.08650631140025207,0.044385263302732215,0.03669545872671837,0.120310922442415
0.0480174424095891,0.036312388076090336,0.022647462226200208,0.19163692023653364,0.08591334190007834,0.4349700871318712,0.032736979691815125,0.021543408453545645,0.12622196987427636
0.0464871703982905,0.017772137931855003,0.03896384125558893,0.2612713726715133,0.0704899288627326,0.36475917081953946,0.04419634703857212,0.14408665964587644,0.01197337137603169
0.03376798805838097,0.09122876387238806,0.11677462634370815,0.05773187350588873,0.008009344724619739,0.02265086109023338,0.338866492831506,0.3044895517670783,0.02648049780619655
0.11626482179488042,0.11255947278449296,0.08810507368313762,0.07430296199321439,0.018743675069058854,0.37995685141735575,0.01814546534685973,0.16262316492266093,0.029298512988339447
0.08684849204542562,0.17412817318783888,0.11538821784662978,0.015588593240989775,0.14281396439001814,0.0526088793021684,0.0986061094458915,0.0484546118182284,0.2655629587228095
0.06824617113238074,0.039186946211448734,0.08502978040751691,0.25045272263432,0.06393145712800806,0.2939127468093986,0.04180138198515832,0.08964414386865215,0.06779464982311648
0.1348374800637583,0.16556269407817217,0.1778716015304885,0.05196928088786391,0.02978985110772891,0.16585727104302891,0.019003693731052512,0.22572610563080162,0.029382021927105265
0.056065344187868855,0.05379613915929341,0.22491149337207564,0.057021579168555325,0.13228924230135441,0.029907447531826673,0.29548327006380054,0.0802511798141318,0.07027430440109335
0.03370987732664162,0.03148477311226296,0.07489502178255096,0.30442939705731525,0.07228699890503633,0.24938127675813693,0.08915235931535176,0.12785885537277009,0.016801440369934067
0.037838792696979345,0.08914394830335222,0.040715439048631626,0.173893951736707,0.09441601456921,0.4344176057486506,0.03797460692792904,0.03878355641286499,0.05281608455567514
0.07677665005780605,0.07117845449881037,0.22903642654974887,0.08356489274601213,0.09510317501510306,0.0981978797875796,0.10803345002964992,0.20333663206994004,0.034772439245349944
0.051519633690485844,0.08320584933513363,0.1218964590518491,0.09698019543450175,0.12128253553106365,0.10007112540822889,0.05295264556413399,0.314792955453995,0.05729860053060818
0.12426237144529922,0.4310189239900873,0.0725141891856139,0.0726012162134635,0.0520268634839719,0.02673417890272134,0.04153107056070234,0.016633204273656107,0.16267798194448438
0.08860945790171136,0.15201696721799127,0.042219417615313504,0.11738278943319065,0.14894242988327847,0.03159615049602304,0.19784879658405205,0.17239012429529244,0.048993866573147166
0.07807883393970377,0.03851333867135287,0.04744792859626632,0.1798635614134584,0.04875210515252165,0.3910691724570796,0.05590044029510186,0.09637412305375241,0.06400049642076296
0.06947588252863847,0.0646186499613235,0.11882827468166525,0.16957160408402253,0.1310657082368967,0.05176758501171665,0.2656594904688643,0.0859916797024064,0.04302112532446622
0.08234071608041535,0.03349564289685702,0.08459858815742029,0.192378645558404,0.10685629979433169,0.10614365777358904,0.06518797412179556,0.27613126073634814,0.05286721488083892
0.15458547792279895,0.11637105677944275,0.03717451118945204,0.11942895060343496,0.06922718341220473,0.32373609092021266,0.034919120732796884,0.09942438318981096,0.04513322524984601
0.3514314830060688,0.019256609843674593,0.043034884244805595,0.17006036742091216,0.034857283157605536,0.2586610876119235,0.022810166167013212,0.0452081542292804,0.05467996431871621
0.13613729262394825,0.10740236900369036,0.15487523780639653,0.03934697292916012,0.03524056702537065,0.07349248258204687,0.08862327469799632,0.09142514450372417,0.27345665882766673
0.058858216736047055,0.10848123950880116,0.07487752206440683,0.1373026439315177,0.06273199696904948,0.3036308209017635,0.0680104535988223,0.15825625918336772,0.02785084710622417
0.11104875626356996,0.2088782548215241,0.0693005883109544,0.036608254854048616,0.07031926587612608,0.03642669752526802,0.06513947821037469,0.21021638521532768,0.19206231892280654
0.036662718842733484,0.07672743814622003,0.3842148944929937,0.07528406073249971,0.031211891856305036,0.09510714933742824,0.0605386969546941,0.1904582279605035,0.04979492167662234
0.012477517148109706,0.19858417223205058,0.1746941218599062,0.014556797683626126,0.10413461045635415,0.03934592210767329,0.1733210288990972,0.23619232512552793,0.04669350448765474
0.05139160500692386,0.09548279307095581,0.148558685718326,0.06612224780163604,0.13959171076208884,0.023559205795906063,0.3044754918656763,0.0917873628803944,0.07903089709809265
0.10445779381613952,0.08337157219765341,0.057109834791841625,0.060424245948439335,0.08300190406697407,0.15711901234950665,0.11509648239827448,0.33018249938148453,0.009236655049686274
0.044421988490084226,0.027940709119536156,0.1238040923199829,0.438017077173331,0.07919224860019702,0.13519364212869733,0.03725084232728379,0.0856760342399745,0.02850336560091304
