0.1244381715741698,0.292851860419715,0.08053277515337826,0.014917761956013088,0.06368653434027906,0.06915522604150968,0.1076599344335362,0.15704387345912252,0.08971386262227647
0.04496723852028967,0.07448020826548753,0.10151950580539558,0.10028741653901348,0.00578264639116878,0.19338948926666108,0.09727153717718541,0.16019100039283365,0.22211095764196487
0.05221722338371949,0.28255016866101074,0.11161709330425777,0.04368920720905162,0.0420908668995146,0.08091134109048724,0.2179821163573582,0.08718890055205326,0.08175308254254714
0.31658151148954833,0.07202313042785918,0.08768828151065088,0.016711879238913017,0.04302431943422646,0.08836394577961516,0.07726046398163917,0.19844589736195592,0.09990057077559202
0.1655420953089791,0.20558435351032092,0.10599025435095442,0.09494167056904057,0.04923613227620458,0.0744830589730549,0.12736323386691717,0.11007237954897915,0.06678682159554909
0.23264857216285198,0.013977824368153783,0.08938159371358652,0.10480005419966777,0.1750931169291032,0.034137275237330726,0.11041207174746255,0.06381818074672584,0.17573131089511765
0.08796276119119395,0.03888717568716905,0.1608317238647457,0.036958426824110865,0.33968938989624187,0.08231204317662844,0.1125014892987359,0.07834931229973942,0.06250767776143476
0.17171830878168656,0.0370167000973789,0.09921153599631537,0.0485730691874288,0.1300726490429195,0.12360737610705681,0.08961574964352555,0.12647106173198017,0.17371354941170833
0.12272242423076213,0.061143962222097455,0.0962598859250059,0.2347135555260839,0.049091371137630985,0.09536966131194276,0.13749376470164312,0.032607799603802924,0.1705975753410307
0.07119434723696388,0.10860787571864021,0.10009922813005534,0.07447329014182699,0.14653762289000402,0.0893249738163067,0.04466174021437114,0.06614396619928703,0.2989569556525447
0.2643321535782204,0.07105637757787918,0.10476419032514067,0.07576249530575715,0.05340264224583721,0.05442441322952097,0.0773081315128291,0.214329664855455,0.08461993136936034
0.10434499229845161,0.15556544860019314,0.10718107032131896,0.16819914836224573,0.03656815110724627,0.14325684520926826,0.036358500538259585,0.02605397176790325,0.2224718717951131
0.06951297545489053,0.028310394956571738,0.08922213696042441,0.050954684461101594,0.09388954903661244,0.3795313995611355,0.09539802602527703,0.03698497292587924,0.15619586061810756
0.08456432614376912,0.28138416111949643,0.1038570543183326,0.04346520797385036,0.024623780472088377,0.11859388738046951,0.05177823812068519,0.15815167928148713,0.13358166518982126
0.09207996115034378,0.39209374803039304,0.10671399311366654,0.09682167782369326,0.035365973748383066,0.13988065227832444,0.04605359615543364,0.04604429323866024,0.04494610446110201
0.12263994041493176,0.08734199588958852,0.1409916249383182,0.021144909222952018,0.13081410651779737,0.032521604667270936,0.2573421723299984,0.14526610931513864,0.06193753670400413
0.12752613194822013,0.006543329644665064,0.07757097367577633,0.10986224221184619,0.33490671351687856,0.03900735674498295,0.1422569710251292,0.03904477325169175,0.12328150798080988
0.03883175622700403,0.1706231660933392,0.11674397280291447,0.05134306347085305,0.10960144493015317,0.047764266477737106,0.07590187696021154,0.23980972752230997,0.14938072551547762
0.13303567900666538,0.07497305372943515,0.07699644169035705,0.05948312832400556,0.01106589502096645,0.025226517892772065,0.20332407799697136,0.35862115659909016,0.0572740497397367
0.08528445413923152,0.16446261598179351,0.11833238157899595,0.023297485364694902,0.37937409406936373,0.10510265055367957,0.035508618160288406,0.010439743292299205,0.07819795685965318
0.11401039061581214,0.10118320330623785,0.0966046448510353,0.009607767000422502,0.004992678688611717,0.11869625220511086,0.21328744422277426,0.21334783753856593,0.1282697815714294
0.07060028022263837,0.1961167361962497,0.06666115141969742,0.046790142706419034,0.17570215696017208,0.01232386136913473,0.06746402053747201,0.3016355400338809,0.06270611055433582
0.23622406979552613,0.030388466939561085,0.08959240526810879,0.3204605648016335,0.07176481478993878,0.05770420782765543,0.10677862683504498,0.02406124761364808,0.06302559612888327
0.21961700653418428,0.09364800086201741,0.13079302625257558,0.16019882898549062,0.13861356967923258,0.05352255212673503,0.044352783147127005,0.07455977454636858,0.08469445786626888
0.05703290404260269,0.07044243139204048,0.08528398313629167,0.0780715211215115,0.02223410828956948,0.1386386371191778,0.18004556340209843,0.09967259171456812,0.2685782597821397
0.11307388415385111,0.216178422882762,0.09349865993868328,0.05196148648585933,0.020667750265311525,0.09626961142951655,0.09688327440081791,0.18354180590037972,0.12792510454281866
0.07454439391899666,0.30044924500793674,0.09486442616203171,0.06667374539216218,0.01032507017326202,0.18648429249790408,0.11268833071489776,0.05674551197406893,0.09722498415874008
0.28430974885134114,0.07238967442188339,0.08133544866475485,0.08091579713082934,0.02437163366667593,0.16331181041864815,0.051569608512415994,0.10418938997504985,0.13760688835840135
0.13608018806325986,0.03288873533500571,0.13822042321521644,0.12645282576022404,0.02534817802325036,0.1956620462839679,0.16181013712523754,0.07976651543819968,0.10377095075563836
0.1382973884862927,0.13384000862730197,0.212715893644555,0.07348608504068942,0.06463289068619894,0.18585580128255763,0.03956476147104083,0.058372786863294494,0.09323438389806908
0.06226189069024415,0.08610778878559817,0.11080324925057784,0.21204578573325716,0.13764330225958973,0.03981911408194466,0.053756305944564625,0.10796513712830612,0.18959742612591757
0.27470151049520947,0.06662501548016923,0.09071718103371273,0.04932908724004379,0.2963098284879774,0.02011090292492689,0.040625408184666374,0.08806183415359738,0.07351923199969666
0.3077857576299668,0.04778630659952716,0.11628218054542429,0.1538646580594971,0.06797375262960718,0.03221468164114247,0.08372737778624915,0.1336196702377673,0.056745614870818445
0.03852216937624126,0.4502318865422696,0.07332105373001575,0.07171095600245132,0.04631227700409305,0.17920888396886148,0.057375432457331677,0.01973545854202562,0.06358188237671024
0.31084659047425217,0.07451844294660036,0.101631302550006,0.06262140174573537,0.037729162534356514,0.2665824179403689,0.07882975691582401,0.020504367627035346,0.04673655726582134
0.22064912159844632,0.19646867352737485,0.1117514376348943,0.10476668675820289,0.07863796758666086,0.05288593940074455,0.047834278480702264,0.12076944272380376,0.06623645228917012
0.05495241368890368,0.23593919738068006,0.09149124582695693,0.08435533888822534,0.029689610812557405,0.06603959609758338,0.213645688789841,0.03740832876339659,0.18647857975185556
0.05944605659151534,0.10733307437901186,0.10080618068805314,0.1888984339459503,0.034660105374297326,0.2123917640491203,0.15193469731162978,0.04708482205793451,0.09744486560248745
0.04362094561360017,0.4687172063088731,0.08223783738309111,0.11583760886890948,0.015917076783283874,0.0736971648602348,0.07790307280091947,0.08326466543615117,0.03880442194493687
0.2800355329617174,0.057625686126737935,0.08608598306851534,0.02828445845050055,0.24037145958958414,0.042995902383334644,0.025963571316151682,0.0967254087860825,0.14191199731737592
0.11440104120401273,0.05666331514318738,0.13754426645417248,0.1168646311775916,0.052897318506865236,0.25922572689432566,0.06703210557109268,0.09282516652390638,0.1025464285248459
0.06927589444469799,0.11741298980485147,0.10906598814091635,0.09119444335060861,0.08766286654448756,0.2578748942587077,0.07376271989968052,0.10371344842467255,0.09003675513137738
0.012122382733418383,0.07225165802470014,0.12058801621828924,0.010685228035200417,0.1309548737197577,0.2126329254962225,0.22149872209437302,0.08467488647609805,0.1345913072019406
0.07283047781102078,0.45642338504047936,0.0929863000113823,0.020521716852053323,0.04614039976184111,0.044407736873519184,0.1294429926157094,0.05857624886927066,0.07867074216472379
0.04743384746925768,0.4219706339617722,0.10463459647050317,0.08606113922623261,0.008924146496981672,0.0563239539393458,0.09041033451797538,0.1055873859404678,0.07865396197746363
0.1345153319230193,0.1115915685297685,0.11649707943054337,0.04820476542445937,0.06717726262859275,0.14706316058809424,0.08746524179016757,0.04974198727215792,0.23774360241319703
0.33929623729699876,0.09039626881925789,0.0970423440300157,0.057543512534196116,0.13583453672572868,0.07347541977486043,0.04937276726077594,0.03758862237830731,0.11945029117985906
0.1990680041725772,0.10777374461924023,0.13959284826082866,0.05011474787355432,0.04797965214270292,0.04744254106292025,0.12253517609060621,0.016298205606967875,0.26919508017060234
0.29639535815518164,0.15215294221114709,0.1167142413594053,0.022271717947726793,0.02855641975848223,0.1337816621358195,0.04043483179826903,0.09105151498467513,0.11864131164929316
0.041980083097748706,0.48054374880273265,0.09633546350700306,0.07535895581403605,0.014047763747374856,0.07184036538021646,0.08075732918849725,0.0733602507725098,0.06577603968988116
0.07660270748140786,0.11645302891267413,0.08841551332776366,0.08098655553670754,0.08209733431099045,0.36530042145701974,0.04728824299788919,0.05815454869593851,0.08470164727960887
0.17695504686162677,0.1954302505846687,0.14129269139262035,0.08702634211497849,0.03910653199494895,0.09181059648292274,0.0430338167894088,0.13989725880922296,0.08544746496960222
0.048134617353440635,0.18939839221808416,0.10931288865359927,0.11391562909958057,0.030667199250505737,0.09628536211901907,0.25528121304505197,0.04596192942983481,0.11104276883088375
0.4622849083209623,0.06102583319871091,0.11559824558904587,0.02924324324426604,0.037810962643329664,0.04523041820534666,0.0643876083490156,0.028471354949549842,0.15594742549977317
0.12909938367312732,0.12645482006711936,0.10629540054722413,0.09874576789789878,0.0140490577581181,0.10315919905324296,0.11521430550356511,0.17269786587691993,0.13428419962278437
0.03305033893163926,0.12003645187538693,0.0937096666148826,0.13962958727400787,0.02604399716626839,0.20380881990499086,0.10368079738235397,0.09991365058638602,0.18012669026408404
0.16679269388375006,0.10330570543002637,0.08311294379651701,0.038212992859636696,0.29240277730675474,0.12934007133527725,0.029793208537997346,0.030730638842061283,0.1263089680079793
0.0696211713118755,0.38714018758948954,0.11261033844710545,0.013682996801307088,0.10043336417737266,0.005497967231612622,0.18332154173692927,0.09013714216216107,0.037555290542146826
0.04088975701071876,0.48474599021835524,0.09704107682269748,0.04976701436952771,0.11067953394541567,0.05956414355430603,0.08128739675398426,0.020112484373520007,0.05591260295147487
0.1341825682168006,0.049499397804325156,0.09917561516936065,0.09678322740818664,0.2590213762854503,0.05907991812849992,0.02600117339025863,0.1575564483538792,0.11870027524323885
0.16259676160094452,0.02498547845801254,0.08802213012532202,0.16620419834649988,0.04960887419166123,0.0523999039818552,0.16453010955862654,0.06048447940331442,0.23116806433376358
0.08921627461632231,0.09911057171668043,0.09437430674841078,0.020969169898618762,0.46053264968595337,0.10294604226578442,0.025359668268647783,0.06042411078860723,0.04706720601097497
0.060476315831655,0.057176798884949524,0.1304366711418212,0.13314885888911512,0.037030410326134945,0.16989055218634364,0.08953714366718611,0.0856487494878887,0.23665449958490578
0.09623969024313102,0.06792443852047027,0.09919121759122573,0.15282723955579985,0.011856182423558112,0.07502874781160818,0.12901792617294247,0.14021966407353767,0.22769489360772677
0.013032325204427757,0.03615685177735072,0.17263822408701782,0.013968327225065318,0.026326836970565357,0.46161791348598813,0.12433309153823457,0.04068728351937259,0.11123914619197765
0.13097480628476985,0.07677831464848683,0.08838855732631827,0.07401471238080629,0.0191918747873818,0.2356524835341882,0.06968071734848141,0.15795530125689286,0.14736323243267446
0.286456681424596,0.03900164284576784,0.07906198840759522,0.01966656759989527,0.24755452668527825,0.0782850046692964,0.03334638929322146,0.1304011299325081,0.08622606914184139
0.10711372411405463,0.0926910959591315,0.12144931134766812,0.15445933389212937,0.09751882593109316,0.0333172517633654,0.09042318745293543,0.10819368611570489,0.19483358342391757
0.2771200321448917,0.018656388462767015,0.09690237510654838,0.15757502300645215,0.03077845704802581,0.13131783562320853,0.0805652288178239,0.06420959590815123,0.1428750638821313
0.348309398553967,0.043525956712536916,0.09822503225615396,0.21948461077727147,0.01218554561772177,0.08298701999334902,0.044423689292593604,0.036739200215112046,0.11411954658129424
0.07042197872559121,0.059532786309095954,0.11919813950306431,0.07672634265213234,0.024606796075339832,0.04935134422647477,0.28027964936708777,0.134414117321044,0.18546884582016984
0.14796476302491332,0.12032445950017066,0.11519616662606262,0.032112962796075596,0.36408007333060094,0.0423722522435612,0.031199868513252838,0.052161293507224954,0.09458816045813782
0.25692801783685354,0.24385081808453846,0.11614400201903313,0.040576209508456744,0.03358498059639396,0.0311199359949815,0.0634679700048736,0.1487225571840796,0.06560550877078952
0.22930432434021122,0.049213011864580485,0.07810192864858105,0.13376470944825283,0.15904848463920682,0.17307743368125852,0.021576422050992722,0.07963389249893282,0.07627979282798349
0.024955990795827162,0.12445781383360521,0.08014534207409113,0.20428584573860273,0.0021061539942310074,0.05759425370930332,0.37826739417622396,0.08989712735993531,0.03829007831818019
0.03638896204206832,0.134894529809213,0.07799425590161672,0.1078362996952879,0.016084658259761967,0.27092057847016937,0.07142411794524389,0.22121922986751816,0.06323736800912065
0.4440968455065886,0.025032924069415197,0.10634117829662054,0.0427557367275703,0.060435094689344375,0.036633704976011046,0.08038381257971679,0.08157283001264397,0.12274787314208922
0.14611849091115559,0.16279867999349093,0.11433866274139799,0.021038241958599404,0.2802830024584571,0.022306163764190628,0.04861995285244913,0.04617857751834276,0.1583182278019165
0.10052085839655063,0.026372075442514627,0.1341693381045058,0.06549078132003078,0.02996992747218956,0.08522945172356633,0.28174543042421685,0.20776018681039868,0.06874195030602677
0.019222874784822302,0.1458145541954657,0.20759656847849187,0.04378508852450216,0.01723591613742272,0.12115267712106399,0.18723672015045878,0.08139230522499494,0.17656329538277762
0.2313681187096536,0.07675889286066424,0.1341925825505947,0.26512473260927955,0.034136398406292144,0.08928939016792431,0.025019122451267015,0.04691409298564155,0.09719666925868288
0.028686059994722263,0.4438648028072983,0.09543209955202582,0.09698082054862422,0.10330935238156864,0.0500952075007838,0.06947428024910896,0.06758065942161529,0.044576717544252596
0.2577989211754212,0.08652016134765034,0.07431926802490652,0.02664784755263341,0.3131603441193831,0.06527924905814869,0.026484200363248306,0.05114161190946131,0.09864839644914718
0.049289906767187565,0.10884388627151748,0.13016390523534271,0.18893674226621748,0.003471794206927377,0.11966542220139015,0.308489812886726,0.048973950017100344,0.04216458014759084
0.19393599676295592,0.0932197487005495,0.13680829301658903,0.08667768447665959,0.028595871795575784,0.20869436692080792,0.07121620912524887,0.09364826880049133,0.0872035604011221
0.09573437669200739,0.028126216377782846,0.1172103021125576,0.042873134328994165,0.09337963013563332,0.3324431270634404,0.0732504337131017,0.10680356674806905,0.11017921282841352
0.06490144507613486,0.42334408448020744,0.06643266534816887,0.08062100916393931,0.007855155215899403,0.2004938968930509,0.06957323838633839,0.012145664615976097,0.07463284082028467
0.14752952988128934,0.09061445013121731,0.11063952395264437,0.12983325024142375,0.006938893315986613,0.21721728746660554,0.1422594936591333,0.057484730268144275,0.09748284108355564
0.09954957129224029,0.10543953329537577,0.07821693959397356,0.21343707769730128,0.039305477722520236,0.25753373995588363,0.046845509824583444,0.06361943929598195,0.09605271132213979
0.2087572265913705,0.04886924530871975,0.10377167125999255,0.04633440386411894,0.06400102345587495,0.12617846821057274,0.18210434929698815,0.08138807563067778,0.13859553638168456
0.045662332982985276,0.01078726797962276,0.16415934228685156,0.08812431660056537,0.004641125868201606,0.09216917014430082,0.4031682927305968,0.14842740367786444,0.04286074772901143
0.3780137383706272,0.08324043717569067,0.08415267465012377,0.06824728914049949,0.07617839743768073,0.0919234975132311,0.05855364946833918,0.05898497900566078,0.10070533723814708
0.0501649395262298,0.16928368398923507,0.11812181153418187,0.04649274987269688,0.05856882352080415,0.06323326570997032,0.0830165179691265,0.2779993040611156,0.13311890381663982
0.32074129355745207,0.03589590348240742,0.12162358810552464,0.09061794568916763,0.05518901528152104,0.09051115233132136,0.04427890872324882,0.09989168916197293,0.14125050366738406
0.12276641601715431,0.01736416301292883,0.14270070399061266,0.14339404750373974,0.08148039053129129,0.16855720116127446,0.1369685532937865,0.0842005328101999,0.10256799167901239
0.22283966146294246,0.08500510545978897,0.08804903429123145,0.06677194495745524,0.2100918591176361,0.06306788793066127,0.038920001171993054,0.03566309168793077,0.18959141392036072
0.37905950277572825,0.007971013316288463,0.13044343048868234,0.025257874250314633,0.0554449137592544,0.15565538941714088,0.06457969422794434,0.086455654125834,0.09513252763881264
0.2405960427536135,0.06891593931240066,0.0981148103993702,0.12902138743059696,0.01849629922297889,0.08183161104995691,0.09890403363010986,0.07469735551837532,0.18942252068259766
0.10614039108002195,0.17072750960008942,0.1380707029023318,0.011265199809971677,0.026048691446675654,0.17808239319854177,0.15579414751782553,0.026402396175160565,0.18746856826938163
0.16725564532717874,0.12577826276631285,0.09928664173756445,0.028958389233220517,0.02889907407031993,0.07864503114726724,0.2483031909894181,0.07089260199344279,0.15198116273527548
0.15912012808723633,0.1492832284571121,0.1211120382707823,0.07986891036443033,0.1705038188069483,0.07650852191073891,0.06560342270260806,0.012085458144583111,0.1659144732555606
0.23386869199915825,0.06172353933836903,0.09843115514999323,0.12566966922111836,0.12623178658837017,0.06307042648883247,0.13772249749738977,0.02173608591633389,0.13154614780043486
0.16020244754912413,0.2588329710426292,0.12351988830181164,0.026202932031929443,0.05859568573694851,0.030720804952682788,0.09095113807916083,0.12795430251339812,0.12301982979231536
0.12438841665803152,0.0459608849712217,0.08245522598122834,0.04774575623398303,0.4747625115833498,0.08637464966349452,0.02843853305382199,0.05489283376310395,0.054981188091765026
0.11506088609912894,0.0820843230815556,0.09507383823443198,0.18501382743981007,0.0422205798910286,0.24016797104080376,0.05022751677595905,0.08573576301638157,0.10441529442090049
0.2782526570035388,0.1408927749722511,0.1027122434740192,0.03850725295020881,0.12616590293311097,0.13615237409511705,0.06976652872735307,0.0360087476055056,0.07154151823889542
0.29036157758453573,0.1535097979459051,0.08664165225242576,0.1928362125649001,0.04936483629376717,0.04874944223471544,0.09033501155773933,0.028065204720940595,0.06013626484507071
0.07172369085789877,0.032268758919196366,0.100518582886846,0.15957520144915316,0.042999212459276605,0.13183307037739647,0.07619701589852484,0.25938412831360164,0.12550033883810613
0.05093095012391489,0.47185971736502225,0.05862318053202036,0.1964920009232176,0.0038668140332055877,0.06788099348789679,0.10307218162594765,0.011500817908078144,0.0357733440006966
0.1880855207669663,0.2006443932223286,0.10876911753487155,0.03348829932521675,0.17526989242636473,0.1118279938714809,0.04725959169170474,0.04171366858671193,0.09294152257435447
0.07656339393926169,0.32384181316317195,0.1192848047195998,0.24426119832796978,0.010442052970509501,0.04223800374201236,0.12748558686571512,0.01749012083299885,0.038393025438761025
0.11841841450946562,0.43496958450223233,0.10343889933195943,0.04973480243245531,0.03584148769294845,0.03891175718041665,0.046385126430148936,0.10704065546105312,0.06525927245932002
0.005447287803261863,0.43750110855689184,0.07753628499936611,0.03344125114529591,0.030636394229147396,0.003736460575880767,0.21888497146313415,0.15737756362745223,0.03543867759956972
0.2785534210735297,0.26860402051863136,0.08319462920211697,0.03279013255842151,0.04077689464698573,0.047874520695032674,0.08607831472940658,0.05174492047665,0.11038314609922546
0.06323527830557346,0.056527830041916784,0.09209972449386329,0.24626950051492158,0.1168982503472336,0.11058033765335572,0.081312402036464,0.11621512852634196,0.11686154808032967
0.15393086331903538,0.05468851324324827,0.08340118941321993,0.019117616693664855,0.14356418432685084,0.010941550160384858,0.19073582001131806,0.10518122117251671,0.23843904165976115
0.03763562800787067,0.35541910611687505,0.09416932466165218,0.06837605639468354,0.027981390418466767,0.036325448797821784,0.17104473568058368,0.10656817899697381,0.10248013092507241
0.06523128774261121,0.10544952466561937,0.07832414938918258,0.10579681514655633,0.008599041566884217,0.27469112437662363,0.0787826281773976,0.015517452453101046,0.26760797648202406
0.15143705683125228,0.0401627333559332,0.09296747600225586,0.12613420016399146,0.2669036484782543,0.11424533021612669,0.027930920356270456,0.0973726340436011,0.08284600055231472
0.08876895832977862,0.1876317482889869,0.0742013354571195,0.3169864664112157,0.007224118252974004,0.17184570067341146,0.07109450486882464,0.00527087836849071,0.07697628934919849
0.12065807114627641,0.01504666581450607,0.08099344228583416,0.05037951409795591,0.5037649595201192,0.08365068724328963,0.02068396530389331,0.03286196239953046,0.0919607321885948
0.05047340108525847,0.3397351760175651,0.09285732662229172,0.12557162459067853,0.021307602392914234,0.053988593321975774,0.16411748703088916,0.08279095895352856,0.06915782998489849
0.15462188910487984,0.03307450008692254,0.138797792749602,0.059402248919024285,0.20569825778980888,0.07645265015580831,0.09632930770399578,0.16217659836122547,0.07344675512873276
0.04124531494689632,0.4072838399100611,0.08639430260452126,0.10063884538760344,0.014283910180232845,0.22338659409180087,0.061371540908773344,0.024841492309173093,0.040554159660937575
0.08047809260733071,0.05643516334050155,0.12442652322195542,0.06963788509277317,0.3537091745856154,0.07151991228092226,0.06853944681295676,0.044313595782777486,0.13094020627516711
0.2544426390421255,0.08209447708426261,0.12511656839897453,0.14068211310330894,0.029233688882973136,0.13352212100760932,0.0982679051219747,0.052379572695630705,0.08426091466314062
0.13073630110472897,0.12041263036222571,0.08996041961032442,0.0365207155395338,0.062377228337424595,0.13540986901440574,0.22968299584577948,0.1085039964148662,0.08639584377071102
0.15532602318920422,0.09722841698624779,0.13557766736141538,0.07625313988595245,0.22914156113319226,0.08115466568492453,0.02257341264670659,0.10480170175377912,0.09794341135857763
0.12176768029162839,0.16071591416966027,0.1108218633159197,0.08566103771886409,0.05222514498669504,0.08440144481573286,0.13186236721789854,0.14513393374671021,0.10741061373689081
0.07600602218485321,0.3283905607386546,0.09154646419548469,0.05939829683435537,0.06004470952579132,0.10914397748359254,0.06029644716860766,0.13008278607229876,0.08509073579636194
0.063328274928879,0.12766061662589945,0.12718937748739523,0.037889171362187245,0.042121314614266075,0.03632908549367681,0.22226802759617634,0.2792174463305485,0.06399668556097142
0.06865841665216549,0.1454116315666112,0.0827383935988677,0.20533680223319928,0.02776732326139389,0.22509290531178752,0.04546206178432254,0.1525622049144503,0.046970260677202114
0.06546110173306903,0.27029886334037145,0.0814319124710856,0.23671405404766102,0.017260520339850694,0.07336119390017452,0.08635836584516188,0.08073319633028274,0.08838079199234311
0.06588339284530943,0.05892941652580543,0.09744513985357768,0.18340595898059253,0.01795791705630498,0.13450760542694837,0.10282247790948666,0.12042446161606546,0.21862362978590952
0.2731272781736596,0.07196747219900423,0.10157776172815852,0.06371567366791836,0.021170784733294232,0.15998192057579286,0.13051614756868454,0.08168349233592286,0.09625946901756478
0.13080310932634928,0.18171033368049563,0.1294664649495944,0.21725230155160305,0.041794692900343704,0.14757907844858523,0.05356676647248871,0.01614283920009667,0.08168441347044329
0.31803634576068873,0.07650391254902698,0.1266181119426698,0.08495927721754552,0.13439651536077676,0.029568458496446817,0.06006216783771554,0.06843286541445658,0.10142234542067323
0.03018901485362251,0.44710672963063036,0.07187504398891034,0.13855266124511859,0.10946939836784153,0.09082270547928602,0.059848135340690854,0.01882797912043244,0.03330833197346739
0.07692194003551663,0.06869725315672039,0.08403208001869868,0.20152345510229194,0.02043786938319979,0.23340578707593196,0.07908354204963762,0.04997990324198437,0.1859181699360186
0.376183766684135,0.11814952490417081,0.09930733661278963,0.03693580704447782,0.07314339837992488,0.02994814523300048,0.13845499527713634,0.023545184369326733,0.10433184149503823
0.12853871053442115,0.06822169690046374,0.11917748901981684,0.2829671564974671,0.031129831386064805,0.14527737778586647,0.08709742973613281,0.026643174203183313,0.11094713393658373
0.12593299099618196,0.2008676246238704,0.07648084118715202,0.04132431981903709,0.2354863658964269,0.016846432468370563,0.14250634717461594,0.02614315590279108,0.13441192193155407
0.054647671037507096,0.23233309476184713,0.107296624628849,0.11628986642478689,0.03094893684600203,0.0912168286644202,0.08230983873366797,0.14202801229659553,0.1429291266063241
0.18079278562202594,0.10691518286580189,0.09856803043439673,0.11490068328811863,0.013286566262445454,0.28565321452674364,0.04246531245177284,0.0856801887582676,0.07173803579042724
0.06329382595859656,0.15768807513782812,0.125859637625949,0.0719299094610486,0.16588106777978975,0.0665206153293695,0.11287192074183745,0.08070534560703917,0.15524960235854188
0.18612474596502382,0.14756159409641248,0.1299778343843916,0.10387540875206103,0.15717912826903083,0.1041320137847523,0.02867755253674119,0.04528706626079668,0.09718465595079014
0.1810175591985418,0.2473122310835486,0.07894864983108035,0.19525070659182844,0.053106947388893856,0.09664986799394237,0.022827753964525698,0.03867781664677027,0.08620846730086856
0.046225547980961124,0.11005334197463305,0.15414083773599666,0.04847980581597933,0.07373262247250671,0.19402213627770537,0.13358982515015339,0.07721977850311479,0.1625361040889497
0.015630556331885183,0.03376879086198593,0.1010207848852802,0.029899763713672516,0.4330397000107782,0.10620834871394431,0.12100412371668672,0.049241513594722376,0.11018641817104462
0.033553685717652555,0.02219038673284426,0.1163518451035665,0.05267530526294225,0.17858265070657608,0.17829400231226566,0.15856103985617548,0.10000123225514763,0.15978985205282947
0.24907972465171668,0.048233486139253316,0.11407016996207968,0.03447946880592396,0.05292094575566603,0.10727160151213481,0.08617729809327823,0.15740097303751333,0.150366332042434
0.19509877703598652,0.16436757774109526,0.07310434258713512,0.03546616578326029,0.19395355330747432,0.1436191129106261,0.051295277010647095,0.045672943242931106,0.09742225038084407
0.06951920578867428,0.49219641009381926,0.09946594004760594,0.1195736043343845,0.03506177399440146,0.028044281661261206,0.038918572918862554,0.0456150591852757,0.07160515197571506
0.3646358318879837,0.08078532141016266,0.10095066638065424,0.02087075560080945,0.04360325093122761,0.03289466679544489,0.1344827658372764,0.017249642986394642,0.20452709817004647
0.17024066896528656,0.12220633215297516,0.08728196635567842,0.1379416050691258,0.030528547483179225,0.043179702961077294,0.04041037718263377,0.2668496660626478,0.10136113376739585
0.21207280644409313,0.044751135296510224,0.09431819406821369,0.04519456658969235,0.1061072929192517,0.17619391840948376,0.07982820779583888,0.14710416968154752,0.09442970879536859
0.17434807089950302,0.16757916383280894,0.08907152544090662,0.07476690899271346,0.06444201160763764,0.18739537862919953,0.03065128052804064,0.03188915633020285,0.17985650373898723
0.14499318164431468,0.03418392069428996,0.10754678216960255,0.08693156457452718,0.07766108015165356,0.0988345743344992,0.07544847237878104,0.1772563327191136,0.1971440913332182
0.12426717010055938,0.025388148141524857,0.12508734578076905,0.15452942696107197,0.14011989061514032,0.15538756529649894,0.030136249008385806,0.057562043479784886,0.18752216061626478
0.21177818735554502,0.21479859556371797,0.08121617316719747,0.08620105066835322,0.0636649446626002,0.17638376008652934,0.07046884760253375,0.02446001582047232,0.07102842507305072
0.1977440633374242,0.09641080361020764,0.12219046264037114,0.0662728241084309,0.07245399429691064,0.09277511000482064,0.08118635157193492,0.058294974216956445,0.2126714162129435
0.1489739022097707,0.12296251603348202,0.10041318083006856,0.11350125897304647,0.01917098174662341,0.12301768958472203,0.07643313336221881,0.15735699863951058,0.13817033862055755
0.2665950512390796,0.0983764848336255,0.09306357461924082,0.04723537055704068,0.24427777181092902,0.10250310162141231,0.061467688457414175,0.025695371072959123,0.06078558578829873
0.06283393562424537,0.028561501154185553,0.10988177163686523,0.06590328699714405,0.012875396202186501,0.28932584973034015,0.09995388988110725,0.0930661798488519,0.23759818892507403
0.13218996206714145,0.06438656101187647,0.11229043572963338,0.09775842833662567,0.05247233904166875,0.054824353206958186,0.18937184675543153,0.17660408129616986,0.12010199255449466
0.18377940705410767,0.04068208769369534,0.10799423213266747,0.06553320370417504,0.038206341956165873,0.08131822508462887,0.22940812999050061,0.19100424866536306,0.06207412371869606
0.07112409379004685,0.10026163632417191,0.1174925811584721,0.1027708257714608,0.1650491131672323,0.08408024811576355,0.0788225679131525,0.08764435401048067,0.1927545797492194
0.19538250996123244,0.13015651774947926,0.11423771647900964,0.027401938400953164,0.09498462369780158,0.04734624545311087,0.17356444452811284,0.15195912765644135,0.06496687607385886
0.15798901709079405,0.11509739121034894,0.0845409900273028,0.031390843997611086,0.3810136090421323,0.02984934137710521,0.02451204353977084,0.036752596079328514,0.13885416763560643
0.026899746034834294,0.1699637908332432,0.13916463116868824,0.03310372476152338,0.01991785800386862,0.12378164243922433,0.1714039307281916,0.22928252029186857,0.08648215573855778
0.10294585338524785,0.07276191790714376,0.09854931190403167,0.05924521234902284,0.0740017368113383,0.32715044078894356,0.045958416811558926,0.04889334001453546,0.17049377002817767
0.1755807979265643,0.06825089697675225,0.09815954907989817,0.09302789041902021,0.15399891646708666,0.24413329148119148,0.018961039627771053,0.07058477605245152,0.07730284196926439
0.14018604290537395,0.03549041435581301,0.11471327243269604,0.0354627983020586,0.08583830143382087,0.046936758711249436,0.10340741873232108,0.15888523040642644,0.2790797627202406
0.2080367779354629,0.05134205658561561,0.12117008813693846,0.029266252258023474,0.20174957700974364,0.037812542902019505,0.11759610236643986,0.05672352856412424,0.17630307424163227
0.15274864172756283,0.1299815285392844,0.10034983431609597,0.043635412785894945,0.07055941688358049,0.09071203557082586,0.11580960333293072,0.20849107849150897,0.08771244835231577
0.056921027542532,0.11770949434517224,0.10954521567157917,0.0688179156748507,0.022692550936387012,0.08063869987784508,0.18980512061646326,0.30129681304644856,0.05257316228872202
0.4011582140946827,0.051342124282179484,0.10801689018534151,0.030833949287076248,0.06490437025859062,0.02967022987401367,0.05321249149622594,0.1692752981281502,0.0915864323937396
0.15979344337463688,0.12712574052924017,0.05865321926395317,0.14662150717976394,0.28451931383810963,0.013124909861680037,0.13434887287252925,0.034643446238328233,0.04116954684175866
0.06480640469770893,0.1456093182566782,0.15420421770354334,0.07644026481337457,0.05115990872412752,0.031711893851843906,0.11949755120668075,0.09100409052775489,0.2655663502182879
0.07562422105846113,0.4046083558038231,0.12245058020644208,0.08727490451020874,0.1141370430271819,0.04570415522188425,0.07218541744550767,0.02653935199755982,0.05147597072893132
0.19510884536684273,0.09631194099607943,0.12402212003059003,0.1282956642767756,0.03032778978931898,0.1242674155209247,0.1619661602207121,0.04734561039251416,0.09235445340624227
0.042152005996581955,0.041558449914443456,0.12058615353506014,0.09674149106342222,0.024054034269145545,0.34298802044749,0.09281955318658706,0.11408082258021401,0.12501946900705554
0.08441034170742427,0.376899517472067,0.08863359965247382,0.03648272537274024,0.09318415813678733,0.08565634641737373,0.060349998673695025,0.07982423131358976,0.09455908125384875
0.1018191525413894,0.017376078783595986,0.12381043567060408,0.0690337204834396,0.048655895201270144,0.3520074152579576,0.12031374532617982,0.019501318744250165,0.14748223799131313
0.149516860697967,0.2059951409300053,0.10822117974508098,0.03739436909935601,0.009656606797639465,0.03945533362054628,0.08086353449087025,0.29337429799507847,0.0755226766234562
0.061218902780042384,0.0236170693938047,0.10229367709252668,0.10648531007632721,0.06780441444316772,0.1959949323860617,0.17319432729504233,0.14396407420239213,0.1254272923306351
0.0517807535646519,0.08451422129251533,0.09693615510401477,0.04237574234426761,0.04394665508573819,0.06255185543716733,0.05613032436030108,0.39081808401633666,0.17094620879500713
0.03783894206999371,0.10434900945926422,0.10432245700269971,0.17371134457251972,0.07355217543554156,0.2154462637513973,0.09086437628159798,0.07688796794072693,0.12302746348625893
0.037757559760584335,0.0414115671616487,0.12478777169595512,0.23970743405523487,0.039302161019596625,0.19488439235236674,0.050561383198197085,0.13719863384312572,0.13438909691329085
0.024119525391101643,0.013127757706529686,0.08651035927595578,0.1135182095552091,0.04616902381339485,0.1681493830744365,0.08194161874627148,0.380886197320149,0.0855779251169519
0.053049444966226426,0.18469381600797408,0.1386465622440126,0.024816976404023933,0.15472198699717457,0.044396125067821014,0.24616394679718914,0.04943963348591544,0.10407150802966277
0.5182932483363755,0.09663872967068332,0.09106153262947701,0.04327377821299039,0.01681590526070286,0.0632450346404605,0.06954820390897855,0.03746070185917475,0.06366286548115717
0.03748092275700243,0.07729289882033841,0.10631093313406725,0.04258484292627437,0.061901833988641276,0.2209349002645986,0.11750319319027676,0.21332069865643388,0.1226697762623669
0.03206852403629598,0.1714875979805519,0.10370924428279353,0.08502786396117212,0.32221541385690305,0.07674197635816722,0.017659039141789703,0.009172355513830279,0.18191798486849617
0.046121700909657705,0.2426070702789652,0.07974650109825991,0.07376872738017912,0.018313642790468373,0.09222867543374302,0.10999812755719628,0.19140137694920814,0.14581417760232226
0.07954383865279212,0.08514879966293591,0.14596904098729777,0.02745861725759637,0.26412007961008016,0.2261281415998496,0.03265994048179307,0.03261797159257071,0.10635357015508434
0.16322563450354674,0.12490758289752014,0.15428526640578027,0.03329104927789069,0.05517791019216414,0.20589705195183963,0.08774301755786244,0.048517818132651325,0.12695466908074457
0.03971043667214293,0.017174948056313845,0.12236107344893825,0.018979779644931385,0.07220327838321242,0.3927500815191443,0.09565093000343465,0.03297011610513847,0.20819935616674376
0.14043078056732983,0.07644159137690289,0.08823362910366916,0.06538190139070282,0.4188455963032814,0.02949773352874369,0.040619521247803006,0.04889145411907234,0.09165779236249487
0.114550905605646,0.13883113362093036,0.10491018653186346,0.14409139783456668,0.023652485368335238,0.04179207443913279,0.10332687268715303,0.20581049548051703,0.12303444843185544
0.1682006750594839,0.033815823466555775,0.10719360052032906,0.08357841749480632,0.06806395307714018,0.16274443840475236,0.03656925704559696,0.16422186658239826,0.17561196834893722
0.16230730064162605,0.15999944003202074,0.1258947189051974,0.10657890171667704,0.043470791649094793,0.03716254731985102,0.08388607239249385,0.05378158765719321,0.2269186396858459
0.07060959675710275,0.02283402483733099,0.0990898679417357,0.052707471632961744,0.48002659097949146,0.036590421862062655,0.030328891926773054,0.04722370555724162,0.16058942850530003
0.04220834746066882,0.021540214245232725,0.11522008239569208,0.14305448163803755,0.10370511902163106,0.14623962652995562,0.1026932282265876,0.06100105463264186,0.2643378458495526
0.041365849678148235,0.2653547613066309,0.11535978732428519,0.03147451377359941,0.013031162238403346,0.33575205899904476,0.05286079590846623,0.07637293424093335,0.06842813653048861
0.04843178742349852,0.05432000111330602,0.10492076618347031,0.0826046763632078,0.03353889479089559,0.06897464492229587,0.1821643278503778,0.13086498848221986,0.29417991287072826
0.040918517839374814,0.1704097596656932,0.14108286100501918,0.07831634035707395,0.03557329603290197,0.08579482540191576,0.2603213649562382,0.061074731821174726,0.1265083029206082
0.22690334567838358,0.08079496698237587,0.1023111252664962,0.05029083126821728,0.06618048493849886,0.044862241933788405,0.32168393492031006,0.052038377129144074,0.0549346918827856
0.03710440609365132,0.10755419636043129,0.13391978737949425,0.21250522300530042,0.02597723235090656,0.17808787382636648,0.07819502321403045,0.10499236490634016,0.12166389286347906
0.24916993755039332,0.035991809218702334,0.0823129544592241,0.044676560093697304,0.324108029084712,0.06137583994865405,0.033315631070389436,0.042048070938589026,0.12700116763563848
0.08277346038653956,0.013122036144696545,0.09842660022423944,0.10751492725951413,0.09473108214737623,0.17258650653031948,0.03466075969279073,0.10969866582597759,0.2864859617885463
0.01511671308726092,0.045526411993400795,0.12024812321139207,0.06685690650994795,0.10576532281488747,0.20164270902095818,0.09452364788888064,0.2076379847706854,0.1426821807025865
0.21382145322789095,0.21710805528733143,0.1117192605980597,0.04919348302783644,0.10003629131188485,0.09718656365337115,0.04155045537448263,0.10826324135613719,0.06112119616300573
0.061612416121096435,0.0872122312142329,0.20744153007995436,0.01779398449002194,0.20373313181581332,0.13506910865385513,0.24652939168720336,0.004318624222402145,0.03628958171542033
0.022558926846983754,0.15249005429825696,0.08006423152715152,0.05429844955773009,0.14398697419278153,0.41414799167697397,0.053071605540315474,0.030287007347299662,0.04909475901250706
0.20330682535889488,0.34581590651795285,0.10465541616385433,0.04244590214205788,0.06822648867419585,0.08846767170091195,0.019337252165097824,0.03656847261134615,0.09117606466568817
0.06040156802990417,0.04950601094242516,0.08161084211212831,0.02819531381013014,0.02167013654118083,0.426949333943552,0.13345885504282193,0.08911162323625242,0.10909631634160498
0.027043981751725565,0.0821978734800139,0.10306354773432437,0.17056274125122858,0.019728362026030878,0.15347848461443117,0.10696767027982101,0.11090069706933949,0.22605664179308504
0.07548893786353097,0.2089390845726151,0.0824176907028938,0.07816112329035617,0.07485791321096182,0.030359663803710635,0.10677934716510562,0.10740732330582493,0.235588916085001
0.07081838458218538,0.051238099993592946,0.08076172800114555,0.06405804225506061,0.09705523855242794,0.05137146391493441,0.13274413637828317,0.24433888757738464,0.2076140187449854
0.04517293901775337,0.027235081768394745,0.08922689840733355,0.11489004172849204,0.25990800429771727,0.2360590922053534,0.03868578605926459,0.025276361617940734,0.1635457948977503
