0.07306621661574633,0.3607650815258774,0.022910627201222413,0.030174983989016687,0.2905076450051693,0.02015306268781923,0.09009837128699537,0.05061465304512617,0.0617093586430271
0.1989688474053486,0.07487850942258927,0.028740823216927447,0.3568503324530645,0.11099289614464798,0.042835907673887036,0.08374942040345834,0.04495067822371122,0.058032585056365625
0.1426790898232022,0.10690667442601043,0.012123684700003046,0.00302695610466454,0.24351555579584483,0.0016002479251130814,0.09456964555870774,0.07401993660877816,0.32155820905767596
0.10838312344341121,0.1193596780719976,0.01423492097967119,0.11312182122009735,0.41821702909551833,0.028229115260243687,0.07714914318614402,0.04319183101799892,0.07811333772491776
0.04618208272177477,0.13978960124716588,0.055797379684607,0.06662833354542926,0.04911102607721642,0.2510011385795707,0.19960805048641297,0.07638845969070666,0.11549392796711631
0.0566619136429131,0.41065539200303847,0.18485318365279055,0.17109358528815366,0.054228716025499744,0.010626853535561762,0.06513438648359428,0.0338235642308748,0.012922405137573638
0.2567846114676939,0.0881298424124786,0.11136770367104876,0.13091052221062613,0.19223437190137493,0.03659586478110078,0.09222479143735222,0.028853973933376364,0.06289831818494836
0.27542819654916,0.22360278587730273,0.12132782221296538,0.09587160712364551,0.0730196460064282,0.012531286910259246,0.04661362642720874,0.09276573762284014,0.05883929127019013
0.16122880576856638,0.03323295290033235,0.11210648686951968,0.20607242322610472,0.30649294608721206,0.041330067342549424,0.07818959880641586,0.036634233667617415,0.024712485331682143
0.10521239810341844,0.08480988146581764,0.12578167496509993,0.08180425624331931,0.14611834245348473,0.025993232798359054,0.18020311680225468,0.1473928022852314,0.10268429488301478
0.07247108682931126,0.08505017555721783,0.05744237397899968,0.12324506097331682,0.20814750002210713,0.16956360281526087,0.15352683170265896,0.05404821737126091,0.07650515074986645
0.03992847869346993,0.07284930744233031,0.05695924328981756,0.026013042491828144,0.09689794303718324,0.09555390836002482,0.06614999145313835,0.4803699863088308,0.06527809892337678
0.13254648536646355,0.06981850191802895,0.0415805506291426,0.23818147466988446,0.03508512365592641,0.08590852552987989,0.09467759358023692,0.09102169719912045,0.21118004745131683
0.2215863921025736,0.16583431164219203,0.03198839905832703,0.11587923624003969,0.23365734575105054,0.023020011752953862,0.05464231339911622,0.05270750223296485,0.10068448782078225
0.052327946205954545,0.1689396725570158,0.2445824726421075,0.12075626227272707,0.03090985964699856,0.11476656108366617,0.059886481499654705,0.14014703010962098,0.06768371398225463
0.13457215945565426,0.14906368221033653,0.010482354218023725,0.002507541087604945,0.4649428014186244,0.05912635167549163,0.1251423191811159,0.010764011552784671,0.04339877920036392
0.15170318084749362,0.06504573038886374,0.04581189854908513,0.09403086325640875,0.07439675314323983,0.13243981932319743,0.0791260060267509,0.2806315429958352,0.07681420546912548
0.08051435369826858,0.3391579090594347,0.051120094298803896,0.020500934111444876,0.3136403496833266,0.0557115486324345,0.0849423467768371,0.03877680090351184,0.015635662835937914
0.18352449247029026,0.11130594363358308,0.3134705343828433,0.05547366799591482,0.08402767209006941,0.06930863077158879,0.14618503266516866,0.018464182544105943,0.018239843446435772
0.08747948339580038,0.02300204435800258,0.08057469005364988,0.13573503576982518,0.05432081878756306,0.059075735359399785,0.07666075884520418,0.4041397598301921,0.07901167360036275
0.08226233391569117,0.029649585673473377,0.08782510983520174,0.09115232187682898,0.03949430476697624,0.1886892667092641,0.07129616527507977,0.18236732525486085,0.22726358669262384
0.056551690564957645,0.35192099654710796,0.028226587907993955,0.030855017881782288,0.17212383340749982,0.10450494823354568,0.07727544127979231,0.034176320376658055,0.14436516380066233
0.12321387435483545,0.2456757243012102,0.21506009791037117,0.22746016315355969,0.04886500455406426,0.011516030252775498,0.042011072736134754,0.04663887128849036,0.03955916144855865
0.06902999164687339,0.00808177134768362,0.10310303990088739,0.10803670982687848,0.06424123482582487,0.16563201096269572,0.014857860103373683,0.10885917794808071,0.35815820343770216
0.15380090155509243,0.047778979988276994,0.11575528764632205,0.024814472970294016,0.36065719954010156,0.11078219820881352,0.10314265023051548,0.005518782588234499,0.0777495272723495
0.036754657922168275,0.5757961510563182,0.04280053199233038,0.04739936317689342,0.03328991866753037,0.12260488020318194,0.062235945324873164,0.033565892712856586,0.04555265894384757
0.09077624859414118,0.060122212443301265,0.1478272322814963,0.4492538893983193,0.024104343217277613,0.014914031472502268,0.02025399641135929,0.07420079555830301,0.11854725062329989
0.13451667157969124,0.11557455759450778,0.030972830050637334,0.04155360302634292,0.19859337990377038,0.058378531348214246,0.11526022014798797,0.19815517558016502,0.10699503076868311
0.29219146773339366,0.022981646951095714,0.13165860768644702,0.028314348558203323,0.19118524241444734,0.003213439783373182,0.07954533128194256,0.13896867749794095,0.11194123809315626
0.18764854808543277,0.04526814643913698,0.09613596245476441,0.1409493028136768,0.18883167758718386,0.09876161939249896,0.11087159070425545,0.05637694087931024,0.07515621164374049
0.10768128293515755,0.1664773825059165,0.06339651668266677,0.10508153128105387,0.22590275048217023,0.07400341669580458,0.13657946512270766,0.09091257427739159,0.029965080017131236
0.01969359732483845,0.44278905298598675,0.0645340306734072,0.02871174891847911,0.08444604277058015,0.033437265174068996,0.1440390493676195,0.032534023551235754,0.14981518923378398
0.04230229572645907,0.18537884282108966,0.09132409281047642,0.4176808062635961,0.06903777842411851,0.018469592231554647,0.060817501700178724,0.04901731707091209,0.06597177295161476
0.17813489720318235,0.036555153920391596,0.18830131223369126,0.10070531477330036,0.10095057035823912,0.17382260445895792,0.033728853087845005,0.07010475700231782,0.1176965369620745
0.24784045329535997,0.02971271693115173,0.072199542830378,0.04629862937311261,0.17410047677964657,0.10376983105076654,0.23683003640959366,0.027889380630529315,0.061358932699461556
0.1644082125700271,0.3087246107100305,0.10279590409488944,0.013719967724412455,0.1950509925296937,0.02704719710716043,0.1448218922842533,0.021099451948337903,0.022331771031195255
0.17835848593960726,0.002091106204208558,0.13301154140743024,0.01300053181726528,0.08992812377769671,0.1119104155039915,0.26750829662377634,0.06556238839290736,0.1386291103331167
0.10082636827015268,0.024893426985418705,0.029457904663296012,0.07865093711565925,0.11825429959120919,0.025255956922754185,0.06399515645894559,0.24213666587668217,0.3165292841158822
0.3883207079730018,0.07109023219550278,0.067504589226211,0.06588070583364054,0.09012094498650382,0.020096457457007905,0.14965903071007416,0.08894200903744555,0.05838532258061239
0.03537732033833451,0.11840137034195285,0.16319741474448793,0.28660215510436166,0.12180891890381891,0.05503286883510929,0.06261301528728848,0.09626838271385164,0.060698553730794746
0.05731328928155016,0.22274248136214006,0.1182286015117031,0.007457599309696822,0.0825281978214255,0.2212795096148319,0.07915078910244129,0.14399618214063045,0.0673033498555807
0.1055754782749555,0.08196192136488283,0.029353906517375756,0.023086103028778848,0.14880477424084224,0.012326948787642322,0.061206090868223754,0.41565603359475817,0.12202874332254059
0.1047048530891777,0.06134963743631142,0.05137695188632274,0.12513330062113973,0.16745505560441223,0.024667270035966304,0.29815253493781596,0.0342733498876125,0.13288704650124142
0.048182054693805675,0.2126023431186684,0.10605845386823361,0.2736671105669179,0.02352050098957663,0.01453120933225755,0.10599115329943336,0.10984641254065171,0.10560076159045513
0.09359858617279043,0.10405731744390125,0.32341290611839885,0.10460338844566512,0.06744058280034836,0.05353297361769851,0.014927440577433039,0.19643658288174207,0.04199022194202228
0.0946695173041898,0.16936302563726038,0.06390367766061343,0.0013345634659099974,0.02219417660660047,0.16367773191668486,0.2070027596520365,0.2520744257685426,0.02578012198816192
0.11259722646428315,0.4176668421544179,0.08382350091514312,0.03413911442738162,0.07439771341435225,0.023757043381155512,0.07885439202752766,0.12624870703642657,0.048515460179312166
0.1260230750895828,0.02779729376022282,0.07403039900668745,0.02316381674706329,0.11888030397034495,0.054250750288927514,0.049893591110124653,0.17760445696486893,0.3483563130621776
0.14544579273587444,0.0835060424447812,0.11745102849706957,0.03204931664793503,0.16088503355760309,0.05276494089370609,0.1495277191986605,0.20032964085752636,0.058040485166843715
0.12175587056871316,0.025143781228273838,0.20243265783689146,0.14996522617705185,0.1956976586209723,0.01987590221023851,0.04396276229695415,0.015402212006799284,0.2257639290541055
0.1399050544770217,0.12437153813011348,0.0809136853109435,0.045210084475441094,0.24743954124192516,0.02497907102203353,0.21930585501586553,0.04251237355718709,0.0753627967694689
0.10881059359601973,0.07389874559632627,0.03435001480956753,0.044942344040906156,0.0641774421320817,0.012298530348081205,0.1195002948832072,0.4646328065766198,0.07738922801719035
0.07505200077953929,0.08684890813557662,0.08156497765936505,0.23745716960332564,0.26458505431015883,0.036966028258131924,0.04928658482525123,0.026674152584631673,0.14156512384401976
0.07241782858860278,0.49743779234517244,0.08154312247514171,0.0182215434546936,0.15454977100572678,0.0394357197575316,0.056854986236924344,0.028640048731780166,0.050899187404426456
0.037107880713271084,0.44328892077963267,0.10692202085047824,0.020343639342481217,0.15732140666981861,0.07568148505794842,0.07593968073430608,0.06413687412651692,0.019258091725546773
0.10127116085457705,0.08729023064816764,0.18988520836478903,0.037683902433133444,0.21488422815450559,0.04533935737157241,0.0876063799146996,0.0613064912595555,0.1747330409989997
0.10148464251404188,0.049933704576435,0.04882221915728269,0.17249328707312195,0.14461383879937426,0.07615666583887831,0.14049325882729644,0.15487302072844913,0.11112936248512038
0.05135616983923914,0.1214733777078037,0.156223880391678,0.11367350234691832,0.11002432712546806,0.041041226077836994,0.03568758405297322,0.24699662187851765,0.123523310579565
0.13516069553728768,0.03824945117276462,0.05352909686373977,0.06234291315232896,0.18336719637205812,0.026962591668445557,0.05087762325174811,0.38651526792253094,0.06299516405909625
0.09099452463232682,0.049299494198872855,0.22258955739047637,0.11957156561229772,0.0645466511805225,0.10478082640494134,0.07034770046919536,0.20739576092787948,0.07047391918348749
0.12605336734003295,0.07818625815932596,0.12222190673543258,0.2932048387508309,0.08160243983642688,0.08989086204010588,0.12557863764533586,0.07358893525818085,0.009672754234328163
0.032946113960281194,0.40628383100548243,0.04610623240416409,0.024684809912716727,0.11479510092518774,0.24082159593389874,0.06032542725167325,0.032694570716381696,0.04134231789021404
0.044492918259152886,0.421235659541541,0.02114184723967667,0.050555234596699215,0.0814335561419676,0.19581975455404566,0.04846135990639536,0.06304059209988483,0.07381907766063676
0.034744293922466495,0.1914207132060323,0.11288152117138629,0.13102696759208132,0.026916826184613735,0.19775911709354044,0.05526911219909425,0.17132222806603073,0.07865922056475438
0.02657909846994319,0.4478606819465216,0.05758940326075588,0.06328706903945797,0.13406362224455112,0.08784847500321614,0.08093023094819708,0.09189511804756352,0.009946301039793526
0.0882567274558121,0.04310926209133711,0.04105639483058586,0.06090324452424234,0.04588238501714698,0.02706747334668444,0.11005715827093161,0.10362600747059895,0.4800413469926606
0.060677041391452725,0.07457666327519481,0.05849059445161978,0.4101536377004664,0.03786004610608289,0.01639019733419193,0.09091728071517746,0.10301593406367353,0.14791860496214046
0.048993639900676324,0.08933718270712654,0.025862002882633326,0.4348273816340828,0.14107516804352685,0.08575654625867678,0.049979151295585084,0.08306429956631405,0.04110462771137829
0.14712166669471408,0.014680352342693196,0.06032600512301378,0.021421957393259274,0.19372455907801453,0.017081624886311167,0.24043953678184612,0.19521693301693732,0.10998736468321058
0.06620315717526433,0.3275236279688947,0.1229730695217689,0.1686397167678547,0.1042804811932298,0.08306935577547803,0.05428358469764418,0.04673688822653626,0.026290118673329074
0.10256938714377896,0.04109323677461118,0.14269783417032697,0.06028309882267955,0.21424798161950265,0.18201851539516867,0.14129841157931985,0.053357563604683765,0.06243397088992834
0.03019316674778175,0.11257617968809845,0.06442608982440294,0.12392029253367136,0.03948481880125454,0.45443340903722035,0.11965941332068802,0.029303437569836676,0.026003192477046005
0.09147987734963113,0.08405079670671543,0.08309339007835453,0.2223570874002497,0.03797869645186531,0.02712490088011459,0.061569914154711136,0.13232591369432953,0.2600194232840287
0.38826365762035603,0.02175120402484242,0.09768629556353099,0.11035673525141672,0.19244499220465341,0.008530663526331148,0.05729467273325292,0.06530864194833709,0.05836313712727928
0.0995561176488443,0.05718548325913941,0.06268568238428994,0.17268782485687564,0.06637546389008563,0.03383833361237686,0.07681702576383063,0.34017236307639553,0.09068170550816206
0.07560771088653821,0.257238371716832,0.04168424571410473,0.19053533164172368,0.15046061463262694,0.06552675734333686,0.03252802957521005,0.13351414306306605,0.052904795426561436
0.07470856165042021,0.2168926404696512,0.053507749365812866,0.06446002289889652,0.20162740565129803,0.09188984669668603,0.06295645000101605,0.17997240317242955,0.05398492009378947
0.23374748260012868,0.06275263200469668,0.15223302427351273,0.34617856340019104,0.027074511062030387,0.012100872682448178,0.09028423379986632,0.028992369981733573,0.04663631019539246
0.21064156646170432,0.061949447403957546,0.1357994928158548,0.3157122651492649,0.0499207264214708,0.03405492587393074,0.12724525256201222,0.05291579956868888,0.011760523743115764
0.17537852023303194,0.1108505545289109,0.1575634919518796,0.015690562736503908,0.1210045814394658,0.05766657149716781,0.19879820100029555,0.0644091334565393,0.09863838315620514
0.16900777720253668,0.15371314550716728,0.18697914835357765,0.18960863712395226,0.03514282999793783,0.03173653721098083,0.10919910024381478,0.10267388160634089,0.02193894275369186
0.09695040534254452,0.053358089864628054,0.19986320527708404,0.051375721172855736,0.036150062252221914,0.10752016920997687,0.032730179406354754,0.05606081907459896,0.3659913483997352
0.07941745861339404,0.14694893573209308,0.03853510309626724,0.5215774940182716,0.06711714949390075,0.02461870892163028,0.0543777994946311,0.04232751710488253,0.025079833524929335
0.06530087160300642,0.07014970146316833,0.034233137901551094,0.16956944396334964,0.3227609850110816,0.22155409755750766,0.04960767831432323,0.04364584330102065,0.02317824088499143
0.044882195142408106,0.19428642299085933,0.017289731910030286,0.12313307267495825,0.213324649012949,0.29013454547999834,0.0644723130804181,0.029871922431827413,0.022605147276550965
0.05133850348617519,0.03819289455776678,0.16303600622411088,0.02320375125839703,0.235981045351632,0.19659028871385673,0.022616134484127665,0.049660444166691096,0.2193809317572427
0.07691280771552579,0.078290219551141,0.05839980163290526,0.09286979393797423,0.14170823972678012,0.04313929791677836,0.13072569791058816,0.07285099345893108,0.30510314814937595
0.09372706026988901,0.16951765440096864,0.17694447562843105,0.013703964741079037,0.22011823672579653,0.11396579791378159,0.05180206331241885,0.03618800365252553,0.12403274335510976
0.12848989318963222,0.25648276027895595,0.1677010571639677,0.09708826570417156,0.06223717330440281,0.011442681017613763,0.10755259112886488,0.11806920681755095,0.05093637139484017
0.06010699533345942,0.3608459388829383,0.24298177134276133,0.011002840538063038,0.17813076155777416,0.04519483670438177,0.08236545695200433,0.010399084611512361,0.008972314077105316
0.028238929680091146,4.182243358686805e-05,0.03533313789309589,0.019626919095529063,0.15314160050492834,0.22489402299822078,0.15993386422665345,0.09071675380902054,0.288072949358874
0.08782912092981889,0.08219987960396564,0.06042740528547313,0.0853979670536172,0.08720820398040437,0.047895117658621054,0.12719865800044897,0.36782249919384874,0.05402114829380211
0.13010650338575458,0.26724207674201894,0.07583780960104926,0.1607579083195438,0.03422420890644349,0.009533727599601962,0.048760599682717835,0.2243678176175703,0.049169348145299795
0.06697636688457086,0.11919864032836885,0.07263094776292289,0.17426883725874043,0.1739371904329159,0.15462569995257727,0.08200785148443368,0.11500982215085309,0.041344643744617125
0.1814056060358092,0.04802967531659933,0.2709309532403606,0.2156186828530715,0.04826220814940154,0.03786279759280164,0.06956548562948005,0.06992507861530099,0.05839951256717518
0.09839577065428819,0.4842737283836273,0.018135090478498306,0.01440059530259754,0.21855008771235807,0.03887008324557176,0.07532364299022552,0.019709843327533057,0.032341157905300316
0.09778042640589196,0.10209766636533212,0.2091799921960846,0.25469465665013996,0.0384392617779012,0.023543870054858182,0.1191723179899485,0.0978333982769972,0.0572584102828462
0.08103281854131915,0.012127860121538972,0.41703880594509274,0.04275620317347262,0.09858161650173158,0.09132591214836831,0.09283350665544506,0.009025574652135845,0.15527770226089563
0.16046159906774538,0.0713755490233663,0.07279673531090666,0.05655435540202967,0.0895005477852336,0.026265865019327664,0.08943441486664257,0.3616684085577388,0.07194252496700944
0.08538311637990324,0.052527992755702156,0.19102886371416164,0.12974891464314076,0.049192261955313975,0.09739773861021041,0.09925164128759612,0.21144318282886346,0.0840262878251082
0.14662332452744256,0.17890195261681122,0.051286270003945304,0.2458553790708947,0.04979796671508071,0.030455138252786413,0.03275705931452159,0.23331967877718726,0.031003230721330235
0.026333582357655483,0.00014473360638872162,0.05191856078060428,0.0330406197287481,0.06886010256250615,0.2845234664573203,0.10816329783464503,0.1268654240260736,0.3001502126460584
0.15645404627529702,0.09251079925430512,0.02859612396734687,0.10941929858604334,0.03618439075686913,0.08550905027250905,0.06603641122636404,0.09573642513929737,0.329553454521968
0.20581785592579968,0.1856737815562176,0.05906513058731366,0.07647968883269944,0.06623668333644467,0.014704185403836148,0.12495499160335281,0.17515155141938776,0.09191613133494823
0.1060380181809696,0.040729283096650866,0.07353290156151597,0.15736669442556525,0.07162337348835784,0.01651539531380387,0.14702036063286872,0.1106510215859392,0.27652295171432867
0.16231945037482273,0.018700515896580738,0.13145924750033447,0.0527800111690343,0.08731145008166798,0.2897142870907382,0.03531825330974046,0.11596546016644223,0.10643132441063896
0.03045963568235555,0.14421232434264705,0.30923442496198134,0.04932078054616016,0.04263931304387957,0.06958390588659057,0.060845080604685464,0.2440922373058426,0.04961229762585761
0.04778018661385695,0.18947589631286652,0.02039216669855466,0.1349274883088886,0.12474098388968487,0.23464487147685278,0.09316738582940647,0.08279538700796833,0.07207563386192078
0.1103846438881722,0.04767779298383492,0.19563318195849885,0.20011859680184352,0.0357385634874548,0.11997237567075385,0.057179473912077505,0.07118934187995711,0.1621060294174073
0.05102179579020832,0.07826237523124947,0.11979442587714173,0.09118498109115565,0.31183572014579797,0.04286572139818057,0.055022821268838125,0.1816913258900711,0.06832083330735705
0.0971756409776416,0.01661501359993347,0.05121125291770121,0.27750885310353146,0.04749511003416795,0.0489913064606812,0.03783343486803856,0.24989645481305844,0.17327293322524615
0.045412148333813,0.08440269829296178,0.08923684539420762,0.05366778810883971,0.05104834301284423,0.023801732260023176,0.051874816376051534,0.4974701999100093,0.10308542831124963
0.10163094637290755,0.073251210948275,0.06852281243929625,0.019889311230636548,0.18925422419759833,0.054700647317322465,0.3729136210625399,0.09009384395746624,0.029743382473957747
0.04073194523156178,0.05739527321156095,0.12676674011198022,0.25489365096383115,0.08733230123589102,0.05389338051083024,0.0415553175362945,0.14598905284971933,0.19144233834833077
0.07429464980427833,0.5659543310036654,0.04256398711266584,0.010556876559587897,0.08356262364621564,0.05782946395567695,0.10282828528703548,0.009094031523936341,0.053315751106938127
0.17841232169829171,0.17965135061202406,0.07393759615488006,0.009737606569305324,0.13221392099264204,0.027147207366291243,0.08603283063869333,0.19445809288424165,0.11840907308363051
0.1036604459195099,0.40577266547097546,0.07298275681009457,0.04132354415328171,0.1618656852694662,0.026912082930198238,0.07241163807720788,0.0979796716556038,0.017091509713662228
0.11218257772200584,0.07024358216088854,0.04529062920616753,0.03088963094381028,0.11074422373472725,0.06498524263529329,0.18622974421088742,0.2937528213792729,0.0856815480069471
0.1566289027005802,0.059262131903606484,0.0669746591045196,0.10594812202947633,0.16913720293113899,0.09732534388743701,0.049719779688866185,0.2577361887820311,0.03726766897234419
0.20759060348598138,0.025931157905981033,0.14442023453136976,0.04109143896808214,0.13035261182560712,0.08282573307041317,0.14194856127245062,0.15785782102476037,0.0679818379153544
0.2950254265124143,0.041654964666646456,0.10022945987741182,0.06949728755395729,0.1793015754757679,0.04141640660534144,0.13531156068215866,0.08012660957120708,0.057436709055094966
0.02058961717720245,0.3153674560105813,0.10515225486863018,0.030369770295778867,0.11051233500997638,0.289711117942653,0.09116108707216701,0.020393099986966767,0.01674326163604393
0.20233261670351452,0.04788904946789229,0.1674212041993773,0.022881046420653733,0.1649175396811465,0.06342510757397496,0.10931873973760609,0.19190113018526891,0.029913566030565747
0.10800047473592438,0.022960773385677497,0.1349186655797523,0.01997143589554097,0.08605982257376743,0.12015752468769274,0.09455562487891356,0.18746197669618062,0.22591370156655052
0.1909369048024122,0.3665377019325698,0.2151145972594007,0.008438182114580197,0.07531050627781925,0.011600173781365145,0.06090838249252023,0.025020317028442752,0.04613323431088967
0.1620476013592658,0.1962375613299755,0.18737713683555057,0.01007491722140783,0.1025749737593909,0.03658546761256246,0.06259198636145862,0.16577359154781157,0.07673676397257684
0.11665308392236318,0.03689096083286308,0.14137721673613793,0.183772753839241,0.06103154853130353,0.01137740120104544,0.034879190340806554,0.15723325574919333,0.256784588847046
0.08215123380574356,0.09355402636771294,0.1690939625753607,0.02192863435047997,0.22347005451359703,0.011941290065798913,0.04397926102440972,0.21291851271831055,0.14096302457858656
0.17418372360099613,0.13491711735790632,0.14843026127396708,0.00796104460701899,0.09845152223189328,0.011975106255080858,0.11396492355538373,0.1799302055717891,0.1301860955459645
0.0572063398319256,0.17107533074528491,0.10697142967436073,0.2498953272221354,0.03043977845809344,0.08982545118652034,0.036802747490273256,0.1919361499088157,0.06584744548259062
0.28191380974251945,0.03760390534329661,0.06594825955453969,0.08057396378973151,0.13477073501061101,0.045161327883744856,0.0335376179799212,0.25425976798147054,0.06623061271416515
0.038848152834222,0.008157407345325258,0.08067833552801067,0.10408829077381292,0.12302015646208338,0.17392781268817706,0.27559611661449895,0.08577939416479329,0.10990433358907647
0.03688253791878469,0.11511911339841198,0.19801301722776987,0.07652358307040179,0.2278143158478846,0.012396594734503713,0.05420149568334285,0.04322556468701766,0.23582377743188285
0.12759256954072928,0.02425100048526313,0.013456031950819944,0.2642476622644303,0.18357213374633105,0.1566526786030381,0.03707334620117203,0.17517763215426838,0.01797694505394773
0.043373290393604436,0.06428007236212997,0.05626782916993297,0.07543533066891901,0.29384293703070535,0.2462688937397676,0.04513398403420832,0.04384559371491573,0.13155206888581664
0.092121422232724,0.05774414568242975,0.041258271022466333,0.10479338535613476,0.13542777895733069,0.023168135207423446,0.01888269964203801,0.17687681986306136,0.3497273420363917
0.2543256270122383,0.04767602541090285,0.0707522657291837,0.061482756267224416,0.17611818052959027,0.048269558697168535,0.1625405189577418,0.03123587715458465,0.1475991902413655
0.01488040454116935,0.12701855948810203,0.08119263746968275,0.03879009161573673,0.031140254595892636,0.1088019324530492,0.12914807826014624,0.41813825242987085,0.05088978914635017
0.4135726415198085,0.18465815837622865,0.12027173744018438,0.021563192562703032,0.025134207018077597,0.003978850234064672,0.0720932046390604,0.13719109465606608,0.021536913553806703
0.04775401064888931,0.04964899923589124,0.087886214918588,0.37623588698109645,0.0728180078038564,0.02927288170623372,0.13605246803821813,0.04667864770230582,0.15365288296492094
0.16913822984655566,0.10767444914822981,0.03801186905845846,0.14148128590587392,0.039244090927703174,0.010102318897077911,0.07824889541195335,0.257855444343065,0.15824341646108273
0.02959844657201321,0.35663370944941075,0.09448441674001846,0.07682743314648383,0.03244157077671412,0.1540275929889028,0.11113978902022392,0.04639826916853012,0.09844877213770276
0.12774094821797768,0.14727572623242027,0.0855641784381795,0.12724699273342113,0.2232924243395273,0.17983771621900538,0.03144322391347324,0.0321634549295954,0.04543533497639998
0.01098444830085398,0.07067535154407914,0.07966674878737154,0.02657049103512552,0.02040810643165614,0.39460945130861474,0.32564359398067966,0.04189610955190947,0.029545699059709784
0.03543848428065272,0.05669648682300266,0.16272554066105563,0.3501013028230005,0.03148002298759465,0.04283263618644933,0.07646659649527938,0.21804649264248985,0.02621243710047529
0.13816383608321794,0.07888860672654777,0.23708023536156667,0.136995919093047,0.08096191624804809,0.082043046692653,0.04344001700194375,0.15738823153329956,0.045038191259676175
0.1709969166912282,0.16478468523797363,0.24703418440051084,0.020849240465940593,0.11843116567043681,0.01044612959643542,0.10161970699407062,0.11403535791014667,0.05180261303325719
0.050640800306075213,0.14155659276981672,0.04887834395904758,0.08146669768106633,0.2669910902935024,0.0326806364552416,0.0846026783506809,0.23614349764169942,0.057039662542869934
0.24168651566451285,0.03371209517313383,0.12481371913281021,0.2611708661150869,0.13298317895080658,0.018532234774382966,0.046768578904618406,0.06569381565930094,0.07463899562534733
0.07622097242202522,0.1465218435408542,0.03647726183598591,0.22283771840539357,0.05911807874304475,0.014800531131800512,0.07947632206500314,0.26328171073780093,0.10126556111809167
0.036549862806169585,0.07496667578700071,0.02951346201942418,0.06651202685986678,0.164754309781153,0.08147122414736167,0.1068723234587526,0.12732710300896696,0.31203301213130447
0.05590983511858094,0.2776475170644552,0.3288064688541443,0.0898989072510854,0.08329118475403642,0.026569151817215784,0.058304794103971574,0.03885263133897889,0.0407195096975315
0.36750114759961483,0.03464603661866414,0.12368569131654532,0.14975151948116172,0.1403329962297836,0.006329630032570539,0.016789761336823705,0.04173740119769284,0.11922581618714327
0.03544386783433067,0.04464194181712459,0.09498049007789777,0.049765429288903866,0.10336519763742143,0.20148117537916063,0.158781675845828,0.17329700246509483,0.13824321965423825
0.144035211211164,0.05166353593747524,0.3930602811793194,0.036638505665389294,0.10513536167287074,0.10097643855638823,0.06662014917316274,0.04548647333395082,0.05638404327027948
0.1530991965805364,0.08034043815634392,0.09910323928156274,0.19821457473666504,0.12564969455016556,0.059156627868565126,0.14381612193757007,0.09843471004398462,0.04218539684460657
0.2716574716918632,0.08685345818555697,0.10031388054070468,0.024342308198369886,0.16462123761183323,0.015047494214171972,0.13225139005330347,0.09868066000426612,0.10623209949993044
0.09299783892240991,0.016237109348468434,0.07970410632709755,0.040305158170958054,0.11400571295292115,0.036560158619411566,0.11266236227628312,0.4466566428498718,0.06087091053257835
0.14985528704978204,0.05464307293588779,0.2514278984250809,0.3919114409018327,0.017093412169356725,0.031127310410012488,0.06725178166692485,0.025687334229620707,0.011002462211501661
0.12051484052783212,0.4774506539010392,0.05418908607039417,0.14403710870309333,0.057340982339213774,0.019529315334263147,0.08270299331449898,0.032202920254941085,0.012032099554724134
0.05014673745699305,0.06546742709728996,0.20983762896296185,0.2931924974789813,0.07599707886825428,0.0605974984668354,0.05400798761166675,0.11713765212485532,0.07361549193216209
0.06087034110237626,0.05645658842431994,0.024949023582069574,0.07501729516637207,0.30479870764720324,0.04284439671515073,0.22819561919028053,0.08649128577168542,0.12037674240054226
0.11144026675708768,0.5186396401379197,0.05964556846541421,0.0700116068589315,0.06570823378811458,0.022697624729746388,0.045589564423240046,0.04583634024608672,0.06043115459345924
0.0778978071502321,0.050078076418170865,0.16920544620320563,0.038091941973243566,0.19596207103595367,0.13845281584097113,0.12861466809351665,0.083283955104852,0.11841321817985435
0.056997603522800235,0.17287437212075016,0.032564346200444426,0.09988810622707957,0.14321033881507414,0.031104355518339025,0.23901026197909406,0.12039400481628304,0.10395661080013535
0.1361784688916073,0.04653488228565809,0.03357888694498437,0.091516258238802,0.029885386345272668,0.016901039689858083,0.09761435817564462,0.4834418192330962,0.06434890019507666
0.015551189997460428,0.035313750752840385,0.04216623740854287,0.10020022724723561,0.060988750274100556,0.5695775870557851,0.06611650885904578,0.03780658856785008,0.07227915983713915
0.2052223391029319,0.13579519476032736,0.04097455326633547,0.06992719428183075,0.08694194874004113,0.03335319096213137,0.05290418721433484,0.2729626253223678,0.10191876634969942
0.157650482600413,0.21206488303400603,0.14370696123871438,0.03838342579438055,0.22822520775209912,0.03276642010619011,0.11657397349017717,0.055748712824226,0.014879933159793619
0.03632203769016642,0.04824508417500978,0.02480665267403494,0.03396027329026397,0.17453807459926127,0.23033264973565118,0.06928570397570909,0.07303087694075934,0.309478646919144
0.025221973926159796,0.5304836547929016,0.12027851998694226,0.012058484536086808,0.02777547567366333,0.06753364308711975,0.02707571896768478,0.05882414986124865,0.13074837916819312
0.10326052192624803,0.062214831953959326,0.04470418728290279,0.11279056963524363,0.36257633975013165,0.02987394336202882,0.13238699620283031,0.08681409183184385,0.06537851805481147
0.19074440756256106,0.09148757892598804,0.06999344095753492,0.14793414273401653,0.19951161158356268,0.056149267137697446,0.09057234611789683,0.08516703262037177,0.0684401723603707
0.03514910024788875,0.02039484733799127,0.2269026249776379,0.13525088875956973,0.042350837755122904,0.026527673761583947,0.13288185090166427,0.024655819387190723,0.35588635687135045
0.15705805831897166,0.2768973587659169,0.059671659405660486,0.10316955646521586,0.05865193599011376,0.010431283457112889,0.10843896585026958,0.16543689431626737,0.0602442874304715
0.30372915168341624,0.2123663778705059,0.03656912490969778,0.16516333815466477,0.06782035553987194,0.005400834347383149,0.05088561309935403,0.13971468730996617,0.018350517085139822
0.09233747786610445,0.12263930126202811,0.13489400086576087,0.1669828204830254,0.05897596861329063,0.02769015483466041,0.14830331010658118,0.2060997081923297,0.04207725777621923
0.2755518831678276,0.04188551524842301,0.1573506010136101,0.0421315564792033,0.1806444565858397,0.08527013464001092,0.09721143551627492,0.09779783492517236,0.022156582423638067
0.02397740331480758,0.0690607463849421,0.07923982973040274,0.007443390071993542,0.0822816103133057,0.19002663857856153,0.11815694743615801,0.02994660714105692,0.3998668270287718
0.17794151279372084,0.08087487531656025,0.05307177390312005,0.3252241974515773,0.05281786393448557,0.023153204313396864,0.18075239662482998,0.08445888715624798,0.02170528850606122
0.03140839162483336,0.023353009940851863,0.03051950235389574,0.22443444207280824,0.19319799488082223,0.32469078358879383,0.09972040105946851,0.02760109976395848,0.045074374714567815
0.0558555264113497,0.0418111138581427,0.12415541925380114,0.04181044806296443,0.15405388630561503,0.130301995171048,0.21190953853929373,0.09268717219074664,0.14741490020703862
0.010404072642864382,0.04561651679713565,0.045241845616113115,0.004363164494833176,0.2812179758133093,0.215332215232249,0.15978446059684068,0.15264851857873638,0.0853912302279183
0.0256326715155175,0.04782765776757467,0.1518499294178033,0.03369805218760321,0.043370537016117955,0.24539812010815695,0.047470504476049814,0.08418790281970594,0.3205646246914707
0.05591773597173776,0.029609699665679824,0.09294022206660964,0.11086679427791372,0.4725325573932601,0.05897374607310049,0.0762267777724802,0.04202939793254493,0.060903068846673375
0.10861338541845604,0.043325595375256674,0.0857468204883833,0.15871197208719126,0.1697239186520633,0.009437853582688708,0.1345696960697105,0.07446290304806966,0.21540785527818063
0.04887481580986891,0.15959589883451064,0.08503493841514352,0.21811937214897295,0.04322752878320876,0.0765427276011853,0.11294586985492937,0.12001157892204113,0.13564726963013943
0.026136601103073694,0.1571234656708317,0.07628339115728096,0.033619351818543704,0.11442139217620344,0.16989709741376488,0.2053933071187417,0.1789640719161246,0.03816132162543531
0.1594996731454519,0.391970193257651,0.028649072695456194,0.1710139391370756,0.05836908615543391,0.015791558871908692,0.11027055329863854,0.05101525805366386,0.013420665384720311
0.12288063388695863,0.016282692296296686,0.24109003959725187,0.0632092519750269,0.10786087414039168,0.1976454498466379,0.12334548929817697,0.10137408610721987,0.026311482852039454
0.09593744955553758,0.3198004062772744,0.07089279041439346,0.029346766253436223,0.23109405375378844,0.03226744765257491,0.069575599816683,0.1134125979740918,0.037672888302220243
0.046921008378340144,0.10953996937091996,0.04955239223594158,0.15247789130598685,0.0738471590257473,0.2726268449870542,0.09998085061966407,0.09724946310066203,0.09780442097568387
0.0982648981334902,0.03426335081507474,0.05456188469769605,0.03510045885498698,0.04976731678693247,0.024005002821879128,0.05869728994954864,0.4680218686179139,0.17731792932247792
0.09662965403680389,0.27822790577048456,0.07293461470475159,0.18837818361138906,0.07804964696366075,0.015076942624402234,0.11216456312743629,0.09750167293921151,0.061036816221860024
0.08730122948857326,0.028391176256181972,0.07024006190161892,0.013634689605244303,0.0449115206426463,0.22083047202449965,0.13243624235558107,0.08319683875204327,0.3190577689736112
0.06416428274872335,0.08194593342966644,0.08067104787001857,0.032117362698552525,0.1682135729217008,0.24172651701737258,0.05370051954967334,0.18165523438453846,0.09580552937975384
0.12182813810527758,0.05853318766809893,0.09466572181027737,0.1498782236535297,0.14391934186692903,0.23021452573377155,0.034380776669262994,0.05272429239616367,0.11385579209668924
0.0635181580736081,0.09809666295543268,0.10705261564852962,0.14609511463751187,0.04309600191746698,0.04844814908416189,0.027669845121035846,0.07175646321228048,0.39426698934997256
0.0338927834145844,0.11732493101858865,0.04483060785656098,0.04879642454460897,0.1496336800760061,0.2039968262288576,0.1340613152665409,0.022613592880804834,0.2448498387134476
0.1557121517383043,0.10489703265659843,0.12872777215739203,0.2682763630441078,0.019046154802199153,0.02963634389066326,0.14670709532225057,0.09879525474345209,0.04820183164503231
0.15555964620794116,0.011144569839967361,0.039297199937759535,0.03908865145455679,0.12039459396262515,0.0020052427381678614,0.062359087228254874,0.17407396228912111,0.3960770463416061
0.16924402545323988,0.34950265830597527,0.05001854984520704,0.018883913063624528,0.1476261023848492,0.09158625032725527,0.103801407732305,0.04118546500177681,0.028151627885766972
0.12590712287592018,0.03133353094848806,0.09147536968120844,0.10490959470384069,0.12121849012222154,0.0843823866354398,0.07004855202048181,0.2637370550877145,0.10698789792468487
0.05360246293313862,0.03220672744653999,0.2382676061752466,0.4295462929676061,0.03978974470544363,0.025861774788252388,0.03259673055773507,0.10701056731802165,0.041118093108015986
0.06025367682022934,0.1748344835655531,0.15076424400011082,0.1895864261915281,0.047036954258285114,0.04029416629216705,0.1573492117092932,0.15211167232074949,0.027769164842083804
0.02841803415974634,0.14930694790645752,0.14654824704468297,0.14856589318023114,0.027743450609310105,0.0494218783070843,0.07734009829485355,0.2249355970530912,0.1477198534445429
0.06209867458440174,0.004689236556611245,0.18077286727981876,0.30488974699734955,0.0430499631479444,0.031122517097541016,0.15642670698561356,0.09021610891046328,0.1267341784402564
0.0925433673040545,0.016367807525022548,0.2646265477944289,0.07471082664520785,0.06744877193593753,0.059477857136562236,0.14921709254790352,0.08477676465294243,0.19083096445794048
0.1929956322243863,0.1300386148476562,0.05429767270517912,0.02149885725026091,0.16264909334250566,0.043043356835283465,0.32421821829669445,0.009936225212628462,0.06132232928540543
0.05262113413294927,0.07205909719647328,0.01530499087836635,0.08573756102753165,0.20376113175962954,0.19649995743707324,0.2901733780933265,0.02444779725177414,0.05939495222287584
0.03883763875250298,0.007396796401314849,0.2330058272891589,0.05985143384500149,0.3078990551774712,0.048941683546620866,0.08543250001026725,0.033481529269583386,0.18515353570807921
0.09049972916595554,0.009296854612821391,0.1002006412145312,0.028000312855230147,0.15661181054038428,0.1792901864076981,0.13121669707543362,0.03254336081997085,0.2723404073079749
0.09931338830923346,0.09504588358119274,0.35774819235756466,0.053785177128835904,0.05832549085793881,0.07187930054830244,0.15373276650062903,0.08762708009692732,0.022542720619375695
0.06269599812805393,0.08090044374317851,0.21462278426368045,0.21090654604118383,0.06412145425098328,0.14465628564638666,0.05576645564719631,0.12865638537037238,0.037673646908964666
0.047303484634959474,0.01623852818184954,0.11638225987202973,0.1115144031654647,0.2816787827100415,0.22624056411683735,0.07945126091168285,0.005999822448386605,0.11519089395874828
0.3114970567446233,0.13731384985483527,0.23268540948335456,0.05507167464676591,0.0593258407827121,0.020465325760076664,0.03342121036876464,0.13264481345059007,0.017574818908277497
0.3269954217194164,0.0338425094255761,0.09533463259742636,0.09615402459825993,0.2717926683281075,0.10195525153441233,0.0215034784436887,0.02513186422755052,0.027290149125562126
0.0349824444028341,0.3867051432958632,0.02781528505773882,0.02629253488332693,0.054176023228369,0.27052029938639427,0.16231877991291996,0.018701999768448406,0.01848749006410538
0.13780398601006144,0.034871181647525284,0.23878605192345914,0.1815093965907796,0.06268877846635433,0.04146004577941739,0.12472152689782812,0.1432543374704939,0.03490469521408077
0.11105468756932817,0.03735966511008414,0.06457899423291603,0.03713298692432295,0.0631795070355533,0.010476398277407135,0.06770958379351706,0.5563602218616696,0.052147955195201566
0.12560448310778274,0.023814669304764485,0.17979977572290673,0.08019685535235302,0.2229659414404667,0.02952290288903288,0.06753359860854728,0.07998420381815372,0.1905775697559925
