0.10041199392490786,0.3869608943795988,0.1741249949773027,0.09278131818790906,0.040716953771364174,0.025686795424117958,0.013732880307170375,0.1249879233021834,0.04059624572544563
0.056189390404630106,0.019090418300949735,0.01758586632941191,0.06464216434686619,0.2072812714008111,0.4643738246247566,0.04479237053901913,0.0646867249059266,0.061357969147628665
0.02463826630330117,0.13964639810314983,0.0691725252329341,0.156050148487614,0.10620685974587385,0.26303691551710995,0.08836211635589457,0.06356693736793485,0.08931983288618778
0.0184521658605914,0.08930799502725766,0.35454308110359517,0.07504418887569893,0.21794013832174108,0.06418172318357672,0.04606168950454231,0.11967990391281004,0.014789114210186671
0.13119588610962574,0.1389128492731641,0.4615410614852773,0.040337323237827634,0.05633606852473746,0.01992530983839063,0.008374708816289034,0.11223443181889221,0.031142360895795886
0.056239337866023975,0.07814201345480902,0.04838946529425838,0.07418533732078507,0.3935816215251016,0.20021261979326446,0.02698747433835631,0.08838934901027067,0.03387278139713045
0.03474117360049133,0.027049591470177325,0.28985674925412225,0.06697489415907035,0.05071360208783928,0.29947398530068053,0.09344380909784923,0.10368932062100866,0.03405687440876106
0.008197429817380628,0.5392444357363702,0.06212706628403917,0.04303393167910028,0.05012830071347108,0.004713457131405536,0.04936504898432701,0.21738722916917907,0.025803100484727032
0.0470601530587203,0.05152636469158422,0.09055204667447768,0.02970919588241283,0.010795580379691907,0.11630490726994551,0.09488604517497656,0.06873079443873702,0.49043491242945403
0.23180812792709413,0.010056076433671202,0.14511469075142816,0.3110602255409347,0.1241892678449193,0.06147943394589516,0.011382552875581464,0.035342711515935175,0.06956691316454079
0.018379651168882623,0.009455091547059683,0.22405547266364464,0.22175381458366128,0.0338200256320851,0.15832642611764533,0.052623857957924826,0.2298542589273579,0.0517314014017387
0.12898615457338528,0.03511016962801477,0.11095931805648133,0.08007086506958006,0.040536098043641854,0.01839217799963358,0.306139576202594,0.12366979023984287,0.15613585018682616
0.002421597596985639,0.37928786709864754,0.059421487476421515,0.07762867323803312,0.0579049907520516,0.07910208199417477,0.04212993923375085,0.27873598059108756,0.023367382018847253
0.06547106874814941,0.07314394373615041,0.2105819322526787,0.09614645920663321,0.13843492469880084,0.03975629063892964,0.09517050593802674,0.20431196269778548,0.07698291208284555
0.13413987307859282,0.08552165924289777,0.019266563806040905,0.03259102192305847,0.22976586452344228,0.08338477742624822,0.3508322785611218,0.0498599058608905,0.014638055577707176
0.3982186642807291,0.02498709779739013,0.03360093766759422,0.06855985395044642,0.03176906426200276,0.1302756064333582,0.04427543208107056,0.21404514786461173,0.054268195662796864
0.052794242577187685,0.13291374384449112,0.17315686773313435,0.29259917365125787,0.023353804693387315,0.010415264571649872,0.026080333113724614,0.11943397086956971,0.16925259894559752
0.08479609413222507,0.017534761019845347,0.1660243666337634,0.0260538445983439,0.06612077945063162,0.3336788264808482,0.09937672049224143,0.15337633192476474,0.05303827526733628
0.019627287452483797,0.018760834630233397,0.09148077417763902,0.07707435733205906,0.014353676910690281,0.1494026309102877,0.05407066027235131,0.046831901312719686,0.5283978770015358
0.033205951378705925,0.055121500981834735,0.05351333341711798,0.2475193026475583,0.038831917924060676,0.2952860743482864,0.08735596244509924,0.1331200346561743,0.05604592220116245
0.11701250405934528,0.1417970051005829,0.4702201246384099,0.05003735469467017,0.04783654418447386,0.019180492336627886,0.02560232385201015,0.07480865650389604,0.05350499462998376
0.1646401510430319,0.018569173961580882,0.05128653329631814,0.13411706347541505,0.032066737582573494,0.055024028900012976,0.2802610394167981,0.1362250911007388,0.1278101812235307
0.4287703680726705,0.024889927387052774,0.03868948874229348,0.020811111493264197,0.1196684336860838,0.012079032155950506,0.05551134856723108,0.27496177908852903,0.02461851080692455
0.06587840054394427,0.035146634386175886,0.1271785836113337,0.22653775247806426,0.12247759132999275,0.04145446784505374,0.026520205175963995,0.2637330175963475,0.09107334703312393
0.05502670605282304,0.6156285682758565,0.033046871653270346,0.04542241062392832,0.04540021991694435,0.008147640393267085,0.054312635196245414,0.04196619878963253,0.10104874909803248
0.07219285765190699,0.07476002973048974,0.12694282298147416,0.035335167494229075,0.030054294633540257,0.042052405777150074,0.07838598013045088,0.4720219785154638,0.06825446308529498
0.0035195877836341344,0.011488810498710277,0.03369400937492185,0.09550589862226844,0.15228869311258075,0.37716956392540507,0.007087182177978835,0.07214932687872784,0.24709692762577284
0.5420361933807665,0.015432179895711037,0.14774041782147915,0.026584295851701623,0.05323948828533267,0.04030969573691015,0.008712426337596798,0.13917554232988738,0.0267697603606146
0.0921947885681695,0.6004507380054199,0.025698714426877312,0.032021000845777865,0.07655357584495172,0.009539423523503296,0.07563143141223054,0.03803856589435869,0.04987176147871105
0.02669864727893584,0.003898834553599531,0.005755840855134735,0.145392532897438,0.025660754724498098,0.37610843445244874,0.15120462131675716,0.25394165981630823,0.011338674104879641
0.45277603164393526,0.011043482814851126,0.0827221421194349,0.03886599236396432,0.023371958718302773,0.1289936027872576,0.03604636727562396,0.07527022454016193,0.1509101977364681
0.11977253264157887,0.17005156329846427,0.10117998823258574,0.03020419565983674,0.20058860883600624,0.10846873517045981,0.010319885788406145,0.16805748647607954,0.09135700389658259
0.03767025829865958,0.03436069573270056,0.2257187691430839,0.020452329601788635,0.14311542716441905,0.07700794325452535,0.23215746787592176,0.20997150244212345,0.01954560648677767
0.021522092002807927,0.1177593547197306,0.11848078953612112,0.10647398008916036,0.046421952543548924,0.07062605291072223,0.10119636535460647,0.1046941130269826,0.31282529981631985
0.045680190487615985,0.009313065433860696,0.06959760514884843,0.4027331896051128,0.03160699371592705,0.309119346672906,0.009992930482617731,0.08575126031896563,0.03620541813414561
0.04923835326362055,0.08310653512672515,0.054614217091504595,0.07985148320047522,0.046205756749915665,0.13293928563539947,0.11689538779745196,0.3551619045299252,0.08198707660498222
0.01614470337385086,0.14556171568479165,0.10159887808328837,0.07726978356149249,0.13163480694013358,0.11722528438784546,0.06497051966004848,0.3081204995977116,0.037473808710837476
0.19268423577216864,0.13024138685660325,0.035162352361173876,0.09738079066396566,0.21801864318198305,0.022548253310418858,0.08432482935072139,0.16713135221675415,0.05250815628621116
0.5094413320068742,0.05494040339797975,0.04018803923587778,0.03936605418118677,0.03163725355549305,0.05296687597814089,0.11534477403368892,0.07916493618968311,0.0769503314210754
0.05770031886991369,0.03275214032325804,0.358359898344555,0.0772180473451452,0.12547567087558484,0.08437873989008447,0.09941677975555302,0.10490431679052721,0.05979408780537863
0.2898620445611592,0.22346309110181273,0.08715716457547162,0.045728310420644624,0.03958845916667133,0.0444411622401229,0.06069165448813924,0.12870499477905098,0.08036311866692736
0.507849560800692,0.04326113654392858,0.08856964934263412,0.06335402996281661,0.01382529091848529,0.04845194948266169,0.12323576100538468,0.07036437549016834,0.041088246453228706
0.026899817419976737,0.2092167349128716,0.12966525906930246,0.07739376305114685,0.15957064652076355,0.06408182482680885,0.11400059532761192,0.1267167718987789,0.09245458697273923
0.1827814259461292,0.2682051585357567,0.04191104716408211,0.07227842214362777,0.1761872268194357,0.050904025545449816,0.031936254900046215,0.08745399961346427,0.08834243933200808
0.02443208963749903,0.028288928501108257,0.08072932399218988,0.23909394598093803,0.031279278704119194,0.2398438592049518,0.06667675988718792,0.08236910292133243,0.20728671117067352
0.003228335741489502,0.017287185271247677,0.03116270743229441,0.1703164639053408,0.0596558550715782,0.3861010281950603,0.08797854441883353,0.19255678145049063,0.05171309851366493
0.019275306761194353,0.07998699759627641,0.0894238126626981,0.07486890030378177,0.46308617500914345,0.00571456564663217,0.1480705271310552,0.1133903201386031,0.006183394750615495
0.01866312072875412,0.026526899289004965,0.08026135280408098,0.05175321087124066,0.21913085641398053,0.3117139445392246,0.05538576947822793,0.14635284235643728,0.09021200351904896
0.05058919916451398,0.5086313451805413,0.034958981884562944,0.07431131706753041,0.17131903403792334,0.022714971354825864,0.038606146196396796,0.08586390046275179,0.013005104650953647
0.03655825764977246,0.14226377296085388,0.02526299419142299,0.04261107665243327,0.21013005723761066,0.05587852257513445,0.23459876233756038,0.2287185111626697,0.02397804523254221
0.3812732824569818,0.033902236831023766,0.06863146601026365,0.06657269656805369,0.09904389427877813,0.03063416386489415,0.07615354136000799,0.18692106721972235,0.05686765141027441
0.052447336252760636,0.3153148525028235,0.04001377301453358,0.027501675427645988,0.28310388646272716,0.019361305061742867,0.15443116639408752,0.08116705141797782,0.02665895346570092
0.05602030998060364,0.05354265525545545,0.0777621634197012,0.14668138270685624,0.14614104659978766,0.1418997216462842,0.18093542025389917,0.138143046425539,0.05887425371187347
0.046702925681351155,0.19281442139833935,0.20899006093909112,0.07621092085202985,0.20974396549160468,0.06711966479094772,0.012309052484212657,0.12460843182539356,0.061500556537029856
0.045034075951557805,0.03436859040843993,0.3476141129650456,0.21783621625949245,0.08627193509684213,0.10853580767790198,0.05092907963182459,0.08008516115841036,0.029325020850485172
0.11658900481917638,0.03700759304512393,0.03764915448993181,0.03493810860301375,0.09979220690253034,0.15917026958743355,0.4011282669913883,0.06809294806985959,0.04563244749154227
0.3026439394711182,0.051244166294568017,0.018573009693560915,0.07126176042894174,0.020835785432704524,0.034610290292799765,0.11721040640989581,0.14386321641048785,0.23975742556592325
0.058685950140118015,0.05139851464414225,0.12826004834434146,0.09786924405189705,0.13757948027473713,0.020202861852554464,0.22059581434564288,0.257581237773196,0.027826848573370686
0.08501557342796813,0.051604490410450565,0.3159245467784611,0.032788660458679446,0.03297723790726568,0.06927432559019482,0.22730490481146196,0.15342820802683116,0.03168205258868703
0.11194122377123006,0.05584565099345454,0.015978555873733074,0.23443550154031012,0.17259783592403952,0.19800502431539738,0.07043586252794214,0.0961475534433131,0.04461279161058005
0.13383211511086365,0.3272882628597027,0.04953199968885689,0.06166227487152098,0.16831448712911468,0.0167525291981581,0.04569731731596321,0.10100552276588033,0.0959154910599394
0.12711311465338568,0.06952327590431531,0.012091371246043212,0.4263757724766742,0.08348199728161017,0.05184507857419177,0.06011349890287047,0.06717303276506502,0.10228285819584422
0.3921626148347994,0.04846594284878045,0.040059350121896875,0.11482126403359277,0.08394747381121315,0.014703236841420506,0.06516718306207712,0.11359448129604448,0.1270784531501752
0.15778682233646482,0.20551733023381588,0.1801448413944884,0.02095130273288398,0.05809786009565981,0.06065280040644275,0.1671537241846324,0.07411790352367938,0.07557741509193265
0.131413340595089,0.027309296529385466,0.39020055407755033,0.03232723893615252,0.07303715210748175,0.09094739067172859,0.1348541675584047,0.09155548512511182,0.028355374399095867
0.11115702801896739,0.3087772550458057,0.11969995050874833,0.06706222550280323,0.25602501526693966,0.010891097842485965,0.04155209824965141,0.05084603753747744,0.033989292027120845
0.052157214823041385,0.06732624759007862,0.12585074594623594,0.1968631378340563,0.0916246956040403,0.21638162148927176,0.03474994842083534,0.16532053487631274,0.049725853416127654
0.004532753537504131,0.0597922087955291,0.18069986301487087,0.11974275996665085,0.06120537777985163,0.2149051879944932,0.12536377432649826,0.20774225561410267,0.026015818970499326
0.24890908915985607,0.011166249747155575,0.34799444855391953,0.05790862006323013,0.03049788942511086,0.0793401273173005,0.06486224773865118,0.11637235444025591,0.042948973554520244
0.055337132701892576,0.023606647356634966,0.2067210728497164,0.2351231974018747,0.22706461824363355,0.10497901781271028,0.006838195059653727,0.09013483925052206,0.050195279323361736
0.04630608767802313,0.0635337750697209,0.03478035889382486,0.025967465311631303,0.4801002084706128,0.07365811284130702,0.19186317361236058,0.07131115734551086,0.012479660777008557
0.08832722264534688,0.03219331972764424,0.08312267505131116,0.11122268061481348,0.03523202541660735,0.08334095878348984,0.27131603669366466,0.211305820593059,0.08393926047406337
0.014929013830161575,0.029913442947904045,0.059214759908638705,0.13382087630886264,0.05029947315107842,0.44286891022458375,0.1470263305937328,0.0766053803404572,0.04532181269458089
0.19871909979290736,0.10896917965073849,0.009453586952629163,0.009622819245410218,0.30349006379565485,0.022842981479831503,0.018692671664081454,0.28229125854831283,0.04591833887043421
0.0036038767836282875,0.08526744360273016,0.1862815187140742,0.3418899742272066,0.04262573404697223,0.09594221706128388,0.004685757497742787,0.05988359583273998,0.1798198822336219
0.0869111258317654,0.10390511725638941,0.03557038993151978,0.0549646459624605,0.4290817481132936,0.007063191918196439,0.05657877239507094,0.14403894847873588,0.08188606011256809
0.20742211783383513,0.07336347884541393,0.04819057845866207,0.06527235626363816,0.05309431938728649,0.09535443355191532,0.15481637327069475,0.16172961747938466,0.14075672490916946
0.04186154940593398,0.062384398957609055,0.3027358610404182,0.09220571795527242,0.13092494818943898,0.2513713777156727,0.006431185521718212,0.03379656279812629,0.07828839841581008
0.02308736428472766,0.016100371319387644,0.07820318812108612,0.047729546385767735,0.07383011287581566,0.48402866742071654,0.10946716171696447,0.13192916652700507,0.03562442134852898
0.382360119313044,0.034181446074900125,0.03256160558269167,0.09574501019495306,0.04730531475075503,0.1018238958334482,0.049841708164800325,0.20972934640082552,0.04645155368458198
0.40475778134851265,0.024202983123020855,0.06622270291181108,0.06987913147806087,0.0263042167944918,0.02801822309068375,0.07585793643281176,0.11173353295112376,0.19302349186948334
0.01843959866970442,0.01662143922401748,0.37419376143622146,0.04075526610112612,0.1726573322305188,0.03430948141865738,0.05809343081735909,0.25317823362859676,0.03175145647379846
0.047399546955657595,0.020833705618656648,0.13339893355254642,0.18381026377332652,0.06229997203931242,0.26933289995313137,0.10180974991334706,0.14473377703618465,0.03638115115783727
0.01568196985362091,0.010632237752120993,0.3345671295912238,0.18891849673168873,0.08493979637595994,0.02067969848831677,0.2995781193110591,0.03603770474900184,0.008964847147007779
0.06585774514220868,0.481802288254693,0.04064957775804914,0.11210317183674144,0.15816484879684695,0.005811439693198714,0.014375462384096238,0.056299365721326246,0.0649361004128396
0.00920009855450493,0.06548888887593374,0.06533501528995748,0.23470355742730464,0.08020615666119972,0.3823887403675686,0.022862982025136872,0.06262708543308372,0.07718747536531029
0.052323079864490175,0.676102536039799,0.019725236989736553,0.07241971879167129,0.02789068234283441,0.01672232822521846,0.0338356035813553,0.054099828596982445,0.046880985567912474
0.11242347327188518,0.09986367170987487,0.5297467720062773,0.013477023222050516,0.03567349778538329,0.05584843469572814,0.012564550231238897,0.07318808163199818,0.06721449544556365
0.08432695428160687,0.2149370186592138,0.09284129720644003,0.015820454883953047,0.18604966178410307,0.05800831612106964,0.2084267693641937,0.12859205409663055,0.010997473602789234
0.0675793402183003,0.030698134871308416,0.18854695223106585,0.10837059698255791,0.07536964668195349,0.21483364568585825,0.15852117906878813,0.1366907971917013,0.01938970706846647
0.03661880654617831,0.04620438067612598,0.029612410472746698,0.06279556181754074,0.06695339877693511,0.4502380793935708,0.07625823241257362,0.22592607562992528,0.005393054274403647
0.023982209623814,0.021129373449550102,0.05016076607367701,0.026808136410629704,0.13460864770951866,0.4384935714406968,0.17336150110364265,0.08798082377520965,0.04347497041326146
0.14103511085598472,0.14975648976398057,0.16097508360542367,0.09785474430861486,0.04408636236741823,0.0462686429637899,0.027264912423261133,0.11484783499236395,0.21791081871916296
0.08408335321036896,0.10195935294336955,0.11249407964579072,0.0775432192493778,0.4253438786001511,0.03562217025312031,0.031000089975362837,0.09972656366011173,0.032227292462346936
0.003679301146217067,0.007283583514171322,0.10514950078853219,0.11198034179160161,0.023273785627452425,0.3101179663432818,0.09860127483540543,0.04414700819517254,0.29576723775816555
0.044745626106437564,0.09955268879344174,0.11226451932307879,0.08241661321469863,0.284025261040135,0.061023859157261835,0.1514842664902655,0.09288185592447773,0.07160530995020324
0.019973653037868848,0.38565752291483474,0.1380850735730973,0.02740078158335192,0.26029444726336126,0.01155254333629565,0.004630866245136267,0.1001586485440152,0.052246463502038716
0.019521149530695562,0.1745066167311096,0.14823995910917223,0.09996103999684253,0.3390055394238141,0.04732482733271565,0.017539152997378644,0.11819251320541839,0.03570920167285322
0.052772566663570275,0.09856230731882272,0.19080261100329068,0.136142735623552,0.10397908250868142,0.13923038446282707,0.05518617374059979,0.16775015648068917,0.05557398219796686
0.10687808142436024,0.02026710086852959,0.27127999468868413,0.044363453962459026,0.06755981267419936,0.14027921229590365,0.11631832613003783,0.09175468678410022,0.1412993311717259
0.004852309715126116,0.005376360394402314,0.028832561096134867,0.45821588577186806,0.01317148252615953,0.2134532485949916,0.06338823568831557,0.20638854436082718,0.0063213718521748586
0.12920680034966753,0.09777462093995815,0.22417372288019108,0.01919459462491114,0.14144660197249456,0.0823321108379075,0.0716680800925459,0.11103788020367604,0.12316558809864823
0.23077881415262658,0.27201886967169603,0.24936321898077007,0.0331139677644488,0.03239704996050804,0.022691024791128903,0.03490181919703913,0.061462282228354224,0.06327295325342823
0.0978268529976114,0.06412050554883236,0.11770648145936062,0.06276368061655256,0.13481377717658286,0.1691273411227837,0.184254034612364,0.06321069725002937,0.10617662921588317
0.036393476806619106,0.04263990335509982,0.06263421640211733,0.1082652150741061,0.17861424207590149,0.19425395822488675,0.12127825659646764,0.23765072333347137,0.018270008131330392
0.01947791313464134,0.05099011442890683,0.1337821251867648,0.039247561799021946,0.13533191783002652,0.14830649661253542,0.17992300101217754,0.10480981441233739,0.18813105558358814
0.04566752506364722,0.08266257843559476,0.13724242180915686,0.1675402980978128,0.07151045342009686,0.024060656225486653,0.17070697773514096,0.10639717106784535,0.19421191814521857
0.1274029327307534,0.0420530967077496,0.06887728868968822,0.0211179825596311,0.10809914368653113,0.1353724700841537,0.3217847140263328,0.09086160883141893,0.08443076268374104
0.0031305386759744517,0.004737855475305567,0.011762249107031227,0.19063695465464905,0.1832476624032473,0.38957688555979647,0.04569127856919267,0.13938971790465338,0.03182685765014996
0.32668128796260615,0.020561867648573835,0.16157042778482145,0.09115411428222137,0.05045877380581878,0.08746748188387997,0.0843082846954352,0.07588421140321801,0.10191355053342528
0.08631596936747683,0.09146864723872257,0.1379997776714843,0.22787248230933146,0.1510165921912092,0.02874114173478209,0.07842266613982601,0.16258596410385107,0.03557675924331647
0.059026785071854916,0.15408341367071896,0.021243662255451334,0.050328642689530446,0.3918020448579333,0.011424963438512986,0.11120154920936291,0.16578072715992412,0.03510821164671112
0.028185262484682866,0.03721579959985644,0.23996948684933872,0.20759284295558564,0.11947138715303342,0.1392295305557164,0.018816843838735685,0.13906471472318663,0.07045413183986422
0.05697685704719004,0.01487268143332452,0.0839360786496046,0.08767872646928422,0.058251560152311,0.07676347313178927,0.40107052585614095,0.06343756631400436,0.15701253094635095
0.022360756899714535,0.0582089247342775,0.04695054118649609,0.13770579763427762,0.18822967017709447,0.14065644633338534,0.02214571069895648,0.10631242566407871,0.2774297266717192
0.07352196277372906,0.03846595602918675,0.03892821058142482,0.03277443623818541,0.12510270126644332,0.27488510552035794,0.10702766922464245,0.22193976257113748,0.08735419579489272
0.0704586039818417,0.0657840003154898,0.03152121452949659,0.18478215064539447,0.16066462077326768,0.01731531141459296,0.24659095712279333,0.07765108219291793,0.14523205902420547
0.21465127596524466,0.17814787447134117,0.026142700108625367,0.024965476677978025,0.2613749019057782,0.017342253393883397,0.06419335115909354,0.18008673810474277,0.033095428213312884
0.03666254114673835,0.10731239753728372,0.07106039922075272,0.014363950974899254,0.42271156855480935,0.07533657702426454,0.058351862323311326,0.16395953842965735,0.05024116478828331
0.04703755634535676,0.035668989298704074,0.14883895667043465,0.04381897399250747,0.14707609573411337,0.2954856680436669,0.07017901032968749,0.11768361394092984,0.09421113564459949
0.08800576563016937,0.02403192800751772,0.05273428928213681,0.4142561697676513,0.10827758302406583,0.10517047701222641,0.021848666844717857,0.16781092625882668,0.017864194172687937
0.04530982533272837,0.35437507805301144,0.14068193968789572,0.06266856812330689,0.08945376818656893,0.03536438709039217,0.030860381525450394,0.18401035357401294,0.057275698426633194
0.055802391205982856,0.263734315678893,0.02198053918270082,0.038174692353921534,0.15776632316594671,0.06585493201575075,0.1820185366696863,0.157878526903443,0.05678974282367507
0.010514616192146725,0.06193329985645791,0.3617569336279778,0.052678806830049295,0.20415961586865047,0.06633107247310584,0.03815475613538929,0.09698919980545583,0.10748169921076693
0.0730567617788892,0.018503904606000172,0.0311092857901339,0.05391006135840829,0.06936465364839832,0.36949514925375837,0.15938952175624235,0.05448220831269585,0.17068845349547354
0.0466766667448072,0.022703667210494802,0.09525840784886978,0.030100808689096162,0.16300944246136198,0.044644539059405346,0.14136662920508447,0.37990515858261326,0.07633468019826696
0.08590999079227947,0.03255104243714609,0.05926490813390606,0.05741879625301921,0.10665328612767094,0.08402425691906756,0.17089235953633722,0.39010584617064703,0.013179513629926315
0.05011202352028335,0.09076194214996806,0.046387143118094276,0.1050850111219472,0.09356916327296616,0.10363096459505831,0.14975502893375034,0.22957734265895416,0.13112138062897816
0.2115263665490643,0.010637598940080538,0.17917770844617462,0.1841723838545316,0.019570551103131332,0.1716065181480221,0.044077235452835845,0.1707312085450924,0.008500428961067298
0.13144144829241902,0.04872172204917585,0.031579498320742305,0.10685517614911542,0.19218619506732182,0.09261195959003404,0.27195623566993615,0.08348311120838525,0.04116465365287005
0.04501595540836472,0.057156252813379084,0.0715255066633398,0.1418260138313043,0.2252795937133043,0.026390759740130845,0.1893539919938306,0.2037078577922745,0.039744068044071955
0.1670950211339088,0.1315266521629777,0.051510380659667614,0.06289153281948126,0.2012079827265962,0.0433425012026728,0.12266360247334984,0.16092411129189252,0.05883821552945329
0.14436003536592992,0.008614362632257797,0.04206961600564956,0.1291995301240568,0.03877760889224046,0.34110211019470643,0.09691398921190658,0.17970890342467635,0.019253844148576175
0.003142361059043367,0.07235303747189424,0.0964442374795982,0.05367227108052695,0.10311481379576219,0.45900765140011507,0.04532863303450701,0.11718130727610003,0.04975568740245299
0.01926411960891784,0.04206697190206451,0.09950252868945487,0.07313396634152243,0.014072731145644187,0.47342864238141874,0.0439763825132898,0.039692444711620485,0.1948622127060671
0.038664527728122254,0.05745900922131134,0.041441464349652866,0.052612895214779444,0.2331088397782455,0.022109746435656916,0.3625126528982861,0.1397163897533429,0.05237447462060272
0.010050006175478412,0.02824200646323344,0.044031697395953306,0.21420918083383808,0.03264466450262374,0.03692683552746117,0.5624270494897577,0.052447969587348674,0.019020590024305478
0.0745241110277834,0.3543396102831227,0.039364301884050545,0.03609131522086171,0.05187754659768923,0.02352827060201831,0.1674920602561127,0.20110291904908417,0.05167986507927718
0.07829595840566216,0.054245618204509106,0.02036932650577643,0.01779874218028873,0.3341601960722967,0.11243280078286218,0.3081432178742137,0.04554958972973011,0.029004550244660934
0.05606186982656649,0.026937575717757272,0.09918524134238621,0.19162564902060872,0.043692144940145006,0.42709249676368466,0.041522597342930984,0.07266600785959003,0.04121641718633073
0.09072233930062394,0.030522183959225818,0.05964180480263489,0.05036630589699543,0.196705379322518,0.10471221049078265,0.1466244657098312,0.11854995671578088,0.20215535380160712
0.02257003501425077,0.5014499662451996,0.020944078054861804,0.13811163386661904,0.1344434734589907,0.01189356183252606,0.09046830993384171,0.056304265981648595,0.023814675612061863
0.021258632036159335,0.015775968098181676,0.28020830093096244,0.02385277326714552,0.07983869622963229,0.18500984305659396,0.1329471142491829,0.1364104646906063,0.12469820744153563
0.0803396223126724,0.22385817069590375,0.06269242059235884,0.03875030841036813,0.3201158131117277,0.027349237992098763,0.02914370122899278,0.13401830481056573,0.08373242084531189
0.09540206106046047,0.0207648373514305,0.0795470756203905,0.10060817115872035,0.2557500375480395,0.0744063385394609,0.044873486464254105,0.266849125353733,0.06179886690351074
0.031953111095431,0.018465566376644277,0.038408642433505315,0.12476180258116652,0.03623679269285703,0.39504120359088596,0.16581681858034902,0.10673144922878709,0.0825846134203738
0.06289682749084495,0.038446312994263494,0.17768371501288427,0.2553939213570177,0.11321454796480956,0.0998475511417158,0.07111688582794515,0.03428574948036113,0.14711448873015795
0.19926641168516315,0.0630086703063119,0.026945716773706625,0.09222634351498687,0.24284983368383461,0.10840965607230302,0.12333514930296441,0.057572494302739176,0.08638572435799029
0.014202900887871092,0.02172134288753963,0.16252949334338507,0.05566019501774372,0.37787542118332934,0.1455365425529581,0.060218944186813,0.13787014088771055,0.02438501905264956
0.01523483462436596,0.05535915490017537,0.03396261547902781,0.300895113731797,0.11763410697599885,0.1283351978244723,0.08874772984277272,0.18318657825944715,0.07664466836194288
0.046953768679187456,0.030014970549771845,0.15753247589608774,0.22264514453240705,0.23119914182089005,0.07986426358996439,0.024444947548743077,0.1708053110391202,0.03653997634382813
0.01729905464612284,0.02750372322661988,0.037340190703531596,0.07006530385796537,0.09115651450447304,0.022115859850424247,0.650787830999537,0.06786210650557548,0.01586941570575069
0.14365000854887242,0.05156880639787415,0.11065912099579063,0.22153211083278115,0.03615257400325453,0.15450350033949778,0.021380800404203145,0.07655420668251615,0.1839988717952101
0.0480648995474696,0.030680395270097555,0.1693831385362123,0.0785336430922497,0.07043423445876844,0.2737892488957056,0.030588611800870063,0.14343124989780098,0.15509457850082578
0.07773038650741933,0.04108285776886172,0.03403309636717461,0.08661764705864677,0.02065841632700002,0.1702705529970943,0.05081661097604103,0.03979420655031001,0.4789962254474522
0.15829538120799722,0.049192882585184,0.10614192311490807,0.027982862698656037,0.13247358931247752,0.029210301692023044,0.04836467451583835,0.38641177383503117,0.061926611037884605
0.07700067502947992,0.0167271447335073,0.05010612190020275,0.1037628937117071,0.025702115212737714,0.3364420727492738,0.06922257828523824,0.30101688642463814,0.02001951195321506
0.06343292590420802,0.028505550476206915,0.07061741787118618,0.06735324502601038,0.05554643884300712,0.2312591522499292,0.13423782185946617,0.28282463909431116,0.06622280867567491
0.6499573259377667,0.028169122025715653,0.028809210927806642,0.07895383739440241,0.02534964010188508,0.007238872600902296,0.04353894865697753,0.1007363392610856,0.037246703093458074
0.0029002784454463804,0.008519810960691689,0.02788567363863591,0.30740456578648917,0.21018423323097993,0.14570574302518005,0.04448840576380527,0.24258817700259083,0.010323112146180745
0.0456782208306149,0.07422630739185737,0.3398429390935898,0.04517999601795971,0.07485702287195235,0.1401364838139714,0.04258200106682114,0.1706118665827777,0.06688516233045565
0.0068137882894957,0.02442936626573139,0.15824683968671696,0.37628554054414165,0.2175630601480143,0.06348652705233156,0.024421313826611103,0.048550673502476716,0.08020289068448062
0.030121140127474483,0.026310484977652898,0.1288695682591761,0.06296175140103909,0.13219719787183226,0.18145864632342779,0.2593139021510841,0.13704072328797803,0.04172658560033513
0.0626168829910967,0.2695560838745426,0.05897659656898502,0.04132105813449047,0.07602529506999889,0.07036509051013026,0.2631985662679152,0.12176449203630689,0.03617593454653388
0.020906028606984723,0.1340068213608395,0.014500658730363386,0.04542564905385272,0.5974748530358008,0.03190052628357793,0.045520990504149046,0.09866302005775662,0.011601452366675188
0.13075833880178847,0.030677973856031198,0.051403602017761785,0.056412926086702696,0.2188886070649585,0.2836579822724082,0.006059138164757463,0.12757598631672096,0.0945654454188708
0.06355263876468868,0.05026649176988416,0.16232471550943148,0.02359874907333286,0.08738489878376078,0.18614694018682157,0.17301537334234016,0.1201998977141096,0.13351029485563068
0.011122730727308733,0.06183576946136476,0.27995845301160677,0.2248762445517822,0.05641691526702852,0.03374829646048653,0.09617620382305908,0.16042888481933962,0.07543650187802382
0.03711562417267313,0.020800647017630916,0.15514933926430405,0.03469260189168991,0.02728167216376713,0.15204743271391327,0.165487282820341,0.1293259056335457,0.2780994943221348
0.0713839049234537,0.008987785627855741,0.14417729361619466,0.09138338872114887,0.02263162689569735,0.1291130475644885,0.2088351204230987,0.2230249754086208,0.10046285681944166
0.10649865355890085,0.052627807024996386,0.04624082262669258,0.02442730720666163,0.13123817951026437,0.2565107055743269,0.22728659695862652,0.05941374715721163,0.09575618038231902
0.015852011929715807,0.03842715018897647,0.1083982052615723,0.010871470955412257,0.37626534831834446,0.1399412937691523,0.18846612050600087,0.08539312761876182,0.03638527145206374
0.5451320690587317,0.05142926459141669,0.05975050438213581,0.03739182827721138,0.0371113157966724,0.017027790787763793,0.05302372569577878,0.08734519116214566,0.11178831024814379
0.025781930264396364,0.03684227853380959,0.13430143311926426,0.014317159624195087,0.0848849406746311,0.47560104023208855,0.1400446108389829,0.04589369580386449,0.04233291090876761
0.022145394279702937,0.17138951719547837,0.031694389310258586,0.1647210059615234,0.4885946948687965,0.007070616844781288,0.037356204489837445,0.061737249677662996,0.015290927371958437
0.11425491522893412,0.02730760393583467,0.21901716963249665,0.10383421693414104,0.16154394995175295,0.07493801888923968,0.05803656192417375,0.18381009979317056,0.057257463710256605
0.07974930555933636,0.0175932941842591,0.1892780861580441,0.09786260721901398,0.06587881267975233,0.4100955653248301,0.039153095667516215,0.029626152480444284,0.0707630807268035
0.045984358064207365,0.06403318488388791,0.04365172722793156,0.06301155794684042,0.3395657469893389,0.16218217585900876,0.10849369006985558,0.15924272969203712,0.013834829266892551
0.04930844295400774,0.026220923924198707,0.0918860262475618,0.08631965256548711,0.06678995455956017,0.29735269886744936,0.07068725504433963,0.27995004762970116,0.03148499820769429
0.049401087122509256,0.1993677335011141,0.016013570650280477,0.09200210345418337,0.045942120790733565,0.19291397030953447,0.1481940981062987,0.16366696320480464,0.09249835286054141
0.5152514243927392,0.06845183540143251,0.0449888288000238,0.03219620727037296,0.02774228084782906,0.02736568139007145,0.023116162282161883,0.21235920645876746,0.048528373156601655
0.008277418336323296,0.035363507225390986,0.05238188184038948,0.4008617101034664,0.14780831991556845,0.03486035864963619,0.11589880193569242,0.03526900398175324,0.1692789980117795
0.23186368643097396,0.1696831616063508,0.01733319608248307,0.01596584188636757,0.11376566059823116,0.05543361455006852,0.06744105379027437,0.27440586031470815,0.05410792474054238
0.05126429533191832,0.004814323088615419,0.09828602435501965,0.34568470579041105,0.19109917799810314,0.15003276761330633,0.0025868958875965562,0.03561464253549262,0.12061716739953693
0.6799252887993782,0.04343182387023154,0.0719735148055974,0.03453257096058806,0.05597954852517841,0.012914055849681583,0.01995567055322165,0.05270621971096711,0.028581306925155914
0.029274126121550604,0.08853228697479391,0.018535694524605708,0.04049827300240612,0.2783379360033425,0.15751200362439222,0.3007378059346011,0.05225979534488045,0.034312078469427305
0.06991261912620597,0.10717311228575417,0.13532264533310273,0.07913304616754017,0.06267362346398427,0.04867098314026478,0.19085675803294425,0.21885441364507333,0.08740279880513026
0.2375209220953277,0.029261659858381053,0.041080035014722925,0.042998660245401416,0.03414468659878955,0.13571516201052924,0.0599827007556555,0.10029730188736348,0.31899887153382916
0.066652424532293,0.03747251553214409,0.08430560547831024,0.09710322437466545,0.06557522768954428,0.21629653490851994,0.0698165604910851,0.2782591224581387,0.08451878453529915
0.06913240908462094,0.015235208803411693,0.056783535200638495,0.17263159043899692,0.02098374595695719,0.3884663875728418,0.01574191019948451,0.18144247157727997,0.07958274116576848
0.05436690136264461,0.09134222383458412,0.02461577996628878,0.022246143345734853,0.48533956935488254,0.02655588981634553,0.18106382262746168,0.07409404839699531,0.04037562129506259
0.04241689411418028,0.07755992444352484,0.042698930255272584,0.06521966929171678,0.18523547703587218,0.17863599629439772,0.11311610035191938,0.2554858552763823,0.039631152936733985
0.5481446311478022,0.06342749590444713,0.07520697651489239,0.0931953714810856,0.022351079884115357,0.010070997167310395,0.029037841131585876,0.10625340351442407,0.05231220325433694
0.018252598960713025,0.34044705150318716,0.18058263925378112,0.0437053655557175,0.11625069117655024,0.02335077131974189,0.09553804190515684,0.14211571335987028,0.03975712696528205
0.09229790908552409,0.07714846159403081,0.13374707917855844,0.06985639334538458,0.18454419363671848,0.06047230957183331,0.11281923921771297,0.2181420252830193,0.05097238908721804
0.06664912337879768,0.06720048831252294,0.16362693453157448,0.02286564190362925,0.2972898586174016,0.24823220637519053,0.04038267159407641,0.05531933092133662,0.038433744365470555
