0.14301793739277763,0.08586880183242107,0.08565047748815602,0.08991156617260683,0.08240008060331028,0.12749327214924405,0.15276541206826666,0.1275937332820147,0.1052987190112029
0.1367537552061131,0.08494068377161795,0.08583895020124192,0.0968581849324689,0.08230511029724807,0.1265239663986286,0.15260985747387965,0.13013314329909187,0.10403634841970999
0.08347993892427287,0.06570352462886657,0.07529936070834721,0.2307906942251027,0.0722382789512694,0.10140810849765884,0.13974012105783407,0.14991046866826496,0.08142950433838335
0.11455731600935803,0.09333135703391406,0.09806702231472327,0.09517773227248554,0.0876903481618801,0.13428097897062197,0.13255367755038652,0.12530714880422314,0.11903441888240744
0.009968315250656574,0.0684956944198682,0.3674261887292234,0.3016064610414387,0.053025451068588615,0.0431130862154002,0.01642548900794184,0.037027448785706,0.10291186548117648
0.14216053483168628,0.0881890740999372,0.0884771049233028,0.08371401192613526,0.08329040325517688,0.1302519217687743,0.1507717461825823,0.12544968678585053,0.10769551622655445
8.120754213812528e-06,0.10253375854714918,0.31578413252744375,0.1865479728116658,0.05718331255558861,0.005788871816901522,3.83762095333649e-05,0.0023152584339651977,0.3298001963435387
0.10324019146470513,0.11004279837318427,0.1124129010570782,0.06523790898435994,0.09537941880493628,0.14782844648918955,0.09871797872289352,0.10629798533133662,0.16084237077231642
0.134609651910245,0.08013728078864239,0.07800724983202989,0.12399209299851259,0.08157335089660915,0.11895396752174048,0.14409642207196735,0.13219710844961882,0.10643287553063437
0.12772994101508417,0.09491405913866884,0.09066560663060824,0.1165175796008564,0.08202037284843901,0.1159076643829831,0.14697247444893338,0.13506526709920721,0.0902070348352197
0.06909886442459447,0.15023997716401585,0.13181961362609074,0.09741709957637394,0.10358092160994849,0.1258442658810828,0.06806179497345677,0.09753595488435392,0.15640150786008297
0.02792623807145436,0.21968429367343922,0.3663674932214291,0.039190538607598496,0.04955248561505523,0.0650475028090608,0.029198077232719524,0.1176112723120722,0.08542209845717114
0.12309660824141581,0.08227814694261704,0.08556110314622711,0.11656099379130014,0.08155470602434357,0.12337617523835259,0.1512689312411581,0.13560978169949442,0.1006935536750913
0.10578564648569146,0.1090313293426267,0.11132999228588819,0.06564943998764196,0.09477639391954211,0.14734983001588595,0.10164145112126362,0.10730165485172465,0.15713426198973543
0.06243896229406168,0.07714191827867233,0.13348893164179398,0.18365917055921177,0.06879478508842567,0.10350695434702319,0.11551265338271649,0.1586191210835791,0.0968375033245158
0.13351695674026454,0.07985269189839322,0.07761367423697278,0.12691541164135486,0.08160978415105252,0.11843443671909448,0.14280216882594496,0.13230664809983464,0.10694822768708791
0.08924097263015673,0.09316043758177121,0.1084873533435356,0.14760189157003903,0.07326455232709517,0.10421358504196959,0.11805791349534984,0.16694174773223547,0.09903154627784733
0.13155408052072817,0.1495527544903787,0.12022485529357303,0.05589689785153786,0.09139004278563721,0.12718590382476805,0.10504105011144645,0.10610003792645739,0.11305437719547307
0.0005716317715218212,0.11981651059591263,0.4003622514692938,0.2086128293178862,0.04190401905909485,0.01571521252876822,0.0011865145537858872,0.01014862620796614,0.20168240449577043
0.13839308822895824,0.09146883770821562,0.09335214784769102,0.0780723417200429,0.08530823106037173,0.1339480450865633,0.14443865865929303,0.12144574741613963,0.1135729022727245
0.1100493764112606,0.0973396402160512,0.12100308619613999,0.07571014265657694,0.08237231584592615,0.13470880613404587,0.13196848510566087,0.1318125950480784,0.1150355523862599
0.07315315290136624,0.0705375685100476,0.0838052276246203,0.24257232970031625,0.07427862860702768,0.10290993802911245,0.12267125684608683,0.142212306925798,0.08785959085562466
0.007432939252685122,0.10241508762319358,0.3731844449240058,0.2317684355052578,0.1117666785680415,0.0384100853679546,0.011945713431616073,0.013835145766667403,0.10924146956057812
0.08607597241262305,0.0903725727842442,0.13718664451781915,0.10089302696942398,0.07522891850731982,0.12291674948730097,0.13457750597593632,0.15327365899447018,0.09947495035086239
0.12028515058479457,0.07729864642421092,0.07428397931810056,0.15909958339982924,0.0822419919695434,0.11336151852266498,0.12705328050485568,0.1320833839616957,0.11429246531430497
4.120675290738659e-06,0.1273140404409912,0.16868944458456944,0.18349512606170193,0.10218005241203558,0.005994829047580158,1.7334069006948925e-05,0.002876991021313485,0.40942806168751056
0.001966092329563566,0.12429742494252753,0.09438184556831997,0.14236313428111427,0.4135512528075365,0.030203181693808406,0.0051404354599502294,0.004424526686462976,0.1836721062307166
0.06814068000303043,0.16251189053310697,0.19886093919737846,0.055333976732389746,0.08532310148715304,0.12227906864670762,0.06649861338838303,0.10577629267491044,0.13527543733694028
0.11617924674374143,0.0758289741749839,0.0740962882219109,0.16574146394984798,0.0813275056893701,0.11228835821605539,0.12937540153025576,0.1347807842531423,0.11038197722069217
0.1367247942099439,0.08503039332952966,0.08595315026045329,0.09658941197667144,0.082341078905049,0.12663255090939954,0.15255369680250222,0.1300564692811544,0.1041184543252965
0.07129270840085981,0.08854727548882929,0.15866258975585287,0.1103885425515078,0.07017484099386971,0.11635310144272133,0.12753508006507633,0.16269775125673622,0.09434811004454673
0.14107749480838064,0.08272396866544172,0.08157046306347253,0.1037443111314712,0.08161804368374202,0.12321037142409295,0.15146233207730284,0.13044888690341216,0.10414412824268386
0.08403015996793839,0.10844204426925892,0.11521851282589606,0.08663435820805267,0.09733457103069164,0.14332609918517603,0.08965616775763359,0.10895653550399846,0.16640155125135428
0.1360144134594912,0.09383056234767617,0.09494098271773206,0.07501633991548146,0.08602185340502623,0.13609180102700505,0.14094128042154128,0.1204990681833441,0.1166436985227025
0.13689193603956115,0.09027237652922461,0.09151835782523766,0.0822890093299319,0.08450109814105243,0.13247629309743036,0.14681095823255386,0.12445103558397601,0.11078893522103199
0.00011281911986007149,0.10163078762718132,0.35594976838177456,0.21423755686843993,0.04746507538318104,0.009751216237344894,0.00033216025114064606,0.00488890328925034,0.26563171284182713
0.20294047151619865,0.22714648852520516,0.12091059127123284,0.039544849534511095,0.07818912068076107,0.0928395141679228,0.09630008746434741,0.07167861651115906,0.07045026032866179
0.1323862368491867,0.07957849469511026,0.0772365307100283,0.12987215900531543,0.08165253592988855,0.11792411382625552,0.14145829695805276,0.13238998238323677,0.10750164964292568
0.042168321403449865,0.08621076546119033,0.16555058490445432,0.2270429893921321,0.06355395831726306,0.08545621858734963,0.06421611205943373,0.14509755936473065,0.12070349050999628
0.08531588316573702,0.09714895108830661,0.1066060661300826,0.1226525392147048,0.09170472435280887,0.13328292371844389,0.10507759928418041,0.12160161053742123,0.13660970250831453
0.12019439741653504,0.08419119818558367,0.10187268635297804,0.10322184783422052,0.0780821757299483,0.121943199101192,0.15050346351463506,0.14056021741101812,0.09943081445388928
0.1352797491383598,0.08770570835733194,0.08921570855240586,0.08993335626291286,0.08352446503056116,0.12969135395289222,0.1497441903325943,0.1276860363290178,0.10721943204392403
0.011633222356827429,0.6410353588649415,0.1457493849270926,0.012374928840588675,0.06554258415929574,0.022088996000320715,0.004983677170107641,0.014064710338320852,0.08252713734250476
0.15681139745345707,0.1828981320153129,0.11804806178775216,0.04513399183894273,0.08824135630246603,0.11739052363385143,0.09861295386160256,0.09178765668660642,0.10107592642000877
0.0788735424142048,0.0895842193046472,0.08432708269296267,0.21281171176836022,0.07860257969151271,0.09545498490683184,0.07985912413993863,0.14751005649228488,0.13297669858925706
0.27311306016327463,0.2944656141885638,0.10582708762045401,0.033590585872943564,0.06764285967078869,0.05963361474370815,0.054576041994128854,0.05207429946457692,0.059076836281561386
0.12081311610977225,0.12607562116439427,0.11482876023151574,0.060954821898474815,0.09390330946672094,0.13908634193861671,0.10475592947284355,0.10402155806559248,0.1355605416520692
0.08374722957249238,0.09190004746111248,0.102419198674656,0.14397329124957411,0.08852866495359274,0.1276722073066664,0.10988424575619693,0.12649725197552159,0.12537786305018742
0.11800818380400263,0.07567258402438694,0.07544086104854159,0.15711858693548064,0.08020125176681463,0.1135292235567107,0.1387666067872906,0.13760802147912324,0.10365468059764893
0.0007773270133334,0.38844406603360015,0.36835993003405826,0.013085893106116553,0.03650658901146594,0.013708645726943492,0.001233896251853012,0.008655826265501087,0.16922782655712823
0.1364183860557691,0.08574215611337858,0.0868516645851415,0.094597772922997,0.08263769470128794,0.12747859286570246,0.1520013348187929,0.1294459658296225,0.104826432107308
0.13520406625222306,0.08167738760631617,0.08170510000174484,0.11060955065601603,0.08126796881929078,0.12226340223975274,0.152026838770238,0.13298521005214783,0.10226047560227058
0.12691732038733147,0.08877361425051461,0.09176722473874989,0.09425666642931872,0.08454731003573664,0.13058431668785167,0.1455099179318096,0.12834602321203983,0.10929760632664758
0.1162292690806384,0.08215320527924817,0.09830267296674051,0.11741488961409234,0.07816061270336383,0.11927662992286893,0.14568781080983442,0.1417499777194322,0.10102493190378121
0.13667061989407378,0.08518232131984367,0.08614605547494485,0.09614369061627687,0.08240274452685935,0.12681541986823178,0.15245143251637813,0.12992645066062647,0.10426126512276508
0.08433965287283983,0.1112368237642168,0.11686046146224176,0.07781661434242428,0.09822735105453995,0.14564859590740564,0.08613989863502751,0.10557881066170988,0.17415179129959435
0.06917595407130578,0.07502406788792981,0.10357004810726637,0.21732755705856355,0.07534885559749513,0.10203070314187224,0.09651665222314469,0.14045345338834592,0.12055270852407655
0.09956610537251925,0.10498547447994176,0.10987674601568109,0.08073215540866777,0.09432689028684006,0.1432005484177512,0.10502931062183189,0.1130457340811211,0.14923703531564586
0.1296184408272959,0.07897231292263503,0.07641398020306019,0.13688472931689796,0.0817721130231968,0.11676325273890249,0.1381583119227627,0.13248915036823486,0.10892770867701397
0.05352374982261695,0.14566609608344258,0.13502694388979167,0.06479940679195977,0.10644006934896695,0.13592095385158723,0.04857609398179677,0.0828568087059965,0.2271898775238416
0.020976983681348135,0.06256542327384991,0.2900052507450414,0.3163478653816645,0.06058595715599115,0.0591561960525834,0.034206710990442764,0.05894252648585082,0.09721308623322793
0.10595643783667703,0.11473832808235239,0.11434131702141732,0.053548811832714927,0.09569408458290128,0.15150983067784637,0.09171366953223122,0.09982275895907668,0.17267476147478278
0.000316528737252762,0.09237928570333165,0.37484467654767134,0.23648500656600005,0.03895541850549076,0.014718585806677736,0.0009219385261322204,0.009918736711882835,0.23145982289556055
0.11583154676451889,0.07512701437535743,0.07485493451462795,0.1628420328458697,0.08019431386453336,0.11262101986808941,0.13640987301537655,0.13769808983310164,0.10442117491852503
0.1328431488283893,0.09591021749900251,0.09723447763555222,0.07300893324018048,0.08714462477306632,0.13800885618211597,0.13631446964166957,0.11874973180602211,0.12078554039400147
0.1253343208384179,0.09934072925119941,0.10207476865310262,0.07124671638780994,0.08971306851339132,0.14092767377766255,0.12600488994120784,0.11483765303323595,0.13052017960397236
0.12801051655866455,0.0987181328676735,0.10028755322593368,0.07085502291726166,0.08871772352193912,0.1404191578717944,0.129554786782187,0.11641000242942011,0.12702710382512597
0.06587042156570794,0.1132192843457961,0.14540140484627967,0.07775062927208513,0.09302779731286025,0.14044396291819375,0.07752337137507803,0.11533464683341454,0.17142848153058457
1.677188336545532e-05,0.10399303553182082,0.3287021754061708,0.19356658971819815,0.056718627246713206,0.006366035723713509,7.284823486284952e-05,0.0024820739291936873,0.3080818423259615
0.02901163280744139,0.09133597816743771,0.37524409104395623,0.20411637827802007,0.05956531291545244,0.06260823871893252,0.03633062543771964,0.049785905620436895,0.09200183701060312
0.13645110857100143,0.09761969812392202,0.09692689895080055,0.06755091369871376,0.08682218935426085,0.13961248126783135,0.13587829219344957,0.1173900463534805,0.12174837148653987
0.05637902455078748,0.14299105916556862,0.22552697114738318,0.07802946457616275,0.05659679513477419,0.0858678376141203,0.07423106676032269,0.19349333749159658,0.08688444355928432
0.046001456687923714,0.1446556411743332,0.18780182356988032,0.10428483167337327,0.08895967787075985,0.1124031986236514,0.0617762554950733,0.1205415283930036,0.1335755865120013
0.041753798952440614,0.49152853965358045,0.1439192697219158,0.06387980571517447,0.08326170560970363,0.045221919154088,0.028706059442490203,0.03877248458316895,0.062956417167438
0.14229645878091624,0.08797176313647702,0.08821773993987536,0.08420181438182821,0.08319914724678357,0.13000439033883346,0.15102898833291364,0.125648236690088,0.10743146115228445
0.0005848884913661662,0.0855345613915053,0.3782879123565894,0.25218928043629646,0.04176650428305562,0.017337956432492082,0.0015027090785516568,0.01240301753525181,0.21039316999489163
0.14419215874342373,0.09003152166151508,0.09002746923287037,0.07776338797876237,0.08384437883001898,0.13229101483426595,0.14893362652315592,0.12287075580538076,0.11004568639060686
0.041298710242298836,0.07028839081814807,0.2604812158943861,0.2563744094699549,0.07056277446542968,0.07803523489901837,0.059686086899281454,0.07063626076280978,0.09263691654867288
0.16173740399026051,0.11300277527210308,0.0862840746463162,0.10468048042209105,0.08507477201767855,0.1046631019477842,0.11508977143228268,0.1287540269218089,0.10071359334967485
0.11275555853878926,0.07416536844341017,0.07655014368018256,0.1613216326869633,0.07850424491827253,0.11291682353773823,0.14548168821671298,0.14182982682720283,0.09647471315072818
0.1204236197029458,0.08685463528740323,0.10477656300633163,0.09452868303041362,0.0784956940771808,0.12486357595247007,0.1497637951878831,0.1394953821962911,0.10079805155908066
0.13298713592251452,0.0903212322070109,0.09222830726572391,0.0852052867149683,0.08482246498442164,0.13242701198504137,0.1455230658965013,0.12531491108437978,0.11117058393943831
0.0995734972329802,0.07807662585863005,0.09085806995084182,0.16673288813257922,0.07862536765121443,0.11126439730073413,0.12336155797095827,0.14059979605246908,0.1109077998495927
0.12750254604416766,0.07829705250507364,0.07713327849709174,0.13672441302562466,0.08097729552964004,0.1168694942486851,0.14287918424251014,0.13488664245819548,0.10473009344901148
1.1221737421608865e-05,0.10360060087994606,0.32460053562470104,0.18950465902830652,0.05382924399114585,0.006022642814865021,5.095181943535416e-05,0.00242591413285969,0.31995422997131884
0.07300665466698292,0.11269295863359845,0.12009027688491836,0.08413687469731146,0.0999502468404897,0.1440168956950987,0.07614200781525883,0.1026457531334235,0.1873183316329181
4.647930990537635e-06,0.1069687808624552,0.26387179758770274,0.1805479244227116,0.08003449687695699,0.005352587985688658,2.1547852891258258e-05,0.0021992989883043196,0.36099891749229873
0.11811663784833049,0.0769532154240805,0.07387900913199208,0.16405271693821932,0.08235577793442823,0.11263170971922387,0.12449494481822991,0.1318734299193242,0.11564255826617131
0.0003093260031023743,0.09163748993605854,0.3782957076382439,0.23431190973051394,0.05314226710804454,0.01451488971721896,0.0009343752482584986,0.007796581733663388,0.21905745288489578
0.10117255095783007,0.10763639655858888,0.11133899843379724,0.0725478908715647,0.09502459894756671,0.14565169266481645,0.10168544375592252,0.10959730908085552,0.15534511872905785
0.13024110285842883,0.07910200989513815,0.0765883627072378,0.1353308067450308,0.08174377561754799,0.11701527540661301,0.1389014124985212,0.13247829156023858,0.10859896271124368
0.025388876614161407,0.11157218735762996,0.41008263144714613,0.16898916604922962,0.06374390851811274,0.058869023938586916,0.03253782884096923,0.039441047979246475,0.0893753292549176
0.04691901629089906,0.11919367754625176,0.12916307472916558,0.08315442086591233,0.10381640133039183,0.13834261175461923,0.04844261476906105,0.08673586988935222,0.24423231282434688
0.102470486889964,0.08007267212805695,0.09918737902883275,0.13235007882221014,0.07643796616212235,0.11695130681184422,0.14836568912577255,0.14966711001448071,0.09449731101671628
0.12963069564299617,0.09293276651341524,0.0951984421070816,0.08190772979448639,0.08623829957225847,0.13494820346229483,0.1402413655952669,0.12303937769579361,0.11586311961640676
0.12995790594055726,0.07905715145246628,0.07823542190372819,0.12918856822150573,0.08092318497993763,0.11823616714171174,0.14622723111519872,0.1347236385837005,0.10345073066119403
0.07406409437638582,0.15810774390588714,0.16239149400093691,0.09988879085164049,0.0906214816219083,0.11011455465750442,0.08538218177203483,0.11663212283019586,0.10279753598350617
0.03848187636446057,0.06509533155648635,0.06407152175523537,0.3124245252251272,0.08499435214096866,0.07963790546848408,0.04031857646523313,0.1059126933141093,0.20906321770989542
0.009048261867455136,0.39545583406414614,0.3559551897552658,0.04228671474468718,0.06664830216519489,0.03145387464867325,0.0132503012355397,0.016740846140089027,0.06916067537894888
0.13449598820514763,0.08903369380099878,0.09071164365633673,0.08713773169616183,0.08415042461004962,0.13111330921797537,0.14782844625262798,0.12641659367126493,0.10911216888943709
0.09801934365067604,0.07062009760482486,0.07712834809388754,0.1889772184091014,0.07558370852556948,0.10870379932230194,0.14592982118346207,0.14687586913632947,0.08816179407384715
0.00017411962944546735,0.09650567427191804,0.3657801152403491,0.22461460658662277,0.037234592494966405,0.012726936276347642,0.000554223314132207,0.007835066956862181,0.2545746652293561
0.1423093581785121,0.09182177085506715,0.09208300845976586,0.0749304334526998,0.08467105347503669,0.13418727549860066,0.14593831699880297,0.12129589082733781,0.11276289225417703
0.07271984057307028,0.08837727940539186,0.26711835616494,0.054213245454350044,0.12362300469632596,0.13065941232208966,0.07445127322822459,0.0818526077338203,0.10698498042178733
0.07163618051766786,0.08017675427935597,0.13341065843279684,0.16042919678856646,0.07033790233804864,0.10775617919464582,0.12175654153749227,0.15659054805755215,0.09790603885387399
0.05200816631916619,0.07291473932787308,0.12719716165793057,0.22841915102908197,0.06862334409974002,0.09692776123551487,0.09642541807251752,0.1515053998124917,0.10597885844568404
0.0951181577496094,0.07358194511955461,0.07058828955410405,0.2134023407089248,0.08353156071204225,0.10516945096591758,0.09819896211653156,0.1280045507327829,0.13240474234053287
0.19887507343969602,0.09138866896222897,0.07848935679313312,0.059617350112451124,0.08193404155133072,0.1284304048774158,0.1330298706515036,0.10422061855715802,0.12401461505508259
0.14186484437077898,0.0886168507934026,0.08898481959819754,0.08279914011699371,0.0834740261847045,0.13073341224706977,0.15023025025064743,0.12506055721074472,0.10823609922746069
0.16189817934597892,0.1302079431711762,0.10623035115768326,0.06103812364583779,0.08562202531245865,0.12169109496271102,0.1305230832684431,0.106855936368674,0.09593326276703706
0.00015698564962476279,0.09202271433047589,0.35375629539057457,0.22647599059475867,0.0613425287429644,0.010798593418734126,0.00048459387190768837,0.005041735997765608,0.24992056200319435
0.11867878658390264,0.07606345637163216,0.07755389835695721,0.1480721318415663,0.07939931113530997,0.1151971427670847,0.14687873881547253,0.13967356142865864,0.0984829726994157
