0.1228007832733619,0.13052916813840346,0.10866683336109895,0.03645608684311999,0.1358899682645519,0.2179984326940306,0.07563715693328338,0.0795774357162605,0.09244413477588935
0.17991554166013354,0.04887922653255381,0.27658585520834317,0.012370777494117989,0.1082435337350086,0.0018234990770577039,0.09604893877907515,0.2122571543621027,0.06387547315160738
0.1263888794874961,0.13788579183940805,0.10795252921683218,0.041666410946771065,0.13434672202132572,0.2200702107724767,0.06423593533167546,0.07481762661204587,0.09263589377196879
0.10610266001112222,0.13695767720178026,0.1281280878000762,0.10512751008650334,0.13029075798480874,0.13520334145529103,0.06430153044001315,0.0708622888851164,0.12302614613528857
0.13331738469773335,0.04746640449292538,0.09625836907280849,0.2656932826858905,0.07899170650114606,0.05020317213210637,0.04824338069042176,0.26495260852309627,0.014873691203871818
0.1076439189252929,0.13804545483387945,0.1282685017711855,0.10748207187141208,0.13002294001753503,0.13504858863488073,0.06254960946163358,0.07033223193126747,0.12060668255291325
0.0643743217037736,0.10096774680151722,0.10459393818318252,0.034593902452332015,0.1214418406321293,0.03912354865068625,0.10230196099074891,0.08458408738625682,0.3480186531993734
0.1016227745373478,0.10478643295548269,0.12647495034977205,0.158866332105273,0.12916433987006135,0.1129405100044288,0.07618501890502134,0.10240871708446926,0.08755092418814382
0.061554184323396745,0.08173966525248659,0.11851796531722625,0.027839707419862376,0.13524370581234077,0.11908641232337146,0.22519125080361435,0.10952054244565558,0.12130656630204589
0.15334200253182015,0.12799164689693848,0.0997295617177409,0.022877233780680725,0.12951573578690379,0.2589084611406718,0.06792098856642274,0.07990983690046688,0.059804532678354505
0.07149650225977731,0.10476353609607492,0.09794038703446299,0.0515245674994702,0.0946779224178757,0.02022522522797785,0.05523562743576397,0.07645557883831157,0.4276806531902855
0.06486979968092917,0.10722037768467034,0.13989926874336361,0.09562752433425675,0.12625008704945784,0.08530665328318725,0.10413296005040919,0.09244381707180734,0.18424951210191853
0.11057540621894901,0.14000140137139766,0.12849953430646543,0.11190757217291841,0.12955264008951498,0.13468067555135851,0.05940487908195452,0.06936829027527223,0.11600960093216932
0.11732352115977766,0.08038232905016443,0.16158774756606453,0.032277768002010335,0.08394611870242509,0.004913735510110799,0.13282513610711766,0.22941128611228925,0.15733235779004023
0.053682286120827344,0.06025120315486909,0.20383443389276415,0.04384614146685697,0.05863559031276777,0.0017268290692886165,0.11302815869293314,0.27576270708406775,0.1892326502056251
0.1629160012463344,0.05091684861576614,0.14373071566132337,0.15925633163532713,0.0628057157951867,0.002554833236596293,0.08242059575214761,0.29747138147046615,0.037927576586852224
0.11057540621894901,0.14000140137139766,0.12849953430646543,0.11190757217291841,0.12955264008951498,0.13468067555135851,0.05940487908195452,0.06936829027527223,0.11600960093216932
0.09485132496735747,0.11541780611739309,0.12143667254114321,0.17634663677726384,0.11168828277152625,0.0615260461624269,0.045733957460134554,0.08116286766396812,0.19183640553878667
0.06923509281293508,0.07990876077370462,0.11950004953503575,0.013095075100047565,0.11203068586366133,0.02260605403117083,0.2897821665667195,0.15450491068427832,0.13933720463244706
0.06615328207517694,0.09071238333242987,0.12012566787663491,0.036831034781689684,0.13833709707519917,0.1248959195660325,0.1802561691038951,0.1002510696250476,0.14243737656389413
0.11558778404411084,0.13843584097347936,0.1137936455862661,0.0559356578552738,0.13484321796791873,0.1927584555139816,0.06560604941424257,0.07369678583266559,0.10934256281206135
0.05777963216934231,0.09286107450998325,0.1273193891110657,0.0685896899729916,0.1319371870038679,0.09014311751928787,0.1548595659699233,0.08792282256933594,0.18858752117420216
0.05110674396585246,0.013165874385537867,0.136071811915414,0.001357457441803108,0.09948154187546561,0.001333615445378115,0.5321386614101745,0.15266657503394937,0.012677718526424865
0.16149288161732153,0.12486508299998585,0.09812074677944992,0.020008397549611968,0.12751846878340037,0.265040327531219,0.06877341479777184,0.08109108973920733,0.053089590202032196
0.07851845757271692,0.10960088569825893,0.1234446126347704,0.0595930037356233,0.13724160638558836,0.13226933275555433,0.11754522064361028,0.08544135905748874,0.1563455215163887
0.08475861432948573,0.10560140865897001,0.12042778644848377,0.10384148648456863,0.125934679345072,0.06642940385547581,0.07861425188372495,0.10008342038921014,0.21430894860500901
0.46100051933476244,0.07174875830452615,0.14278478501925154,0.004653310236950586,0.1214253880223799,0.023028134723839643,0.014151730206055447,0.1252456863005719,0.03596168785166235
0.05156837150524765,0.07179548344322875,0.11666199169465373,0.023107909805560097,0.12908575079605478,0.09995083072590227,0.2823084075318282,0.11610160733289454,0.10941964716463
0.0971243821133051,0.13602305712662402,0.13489916513488673,0.10185446475120159,0.1292525215610761,0.12530653614336365,0.060299104762862266,0.08283133652955259,0.13240943187712798
0.10791352320403085,0.138231493654485,0.1282917203789131,0.10789196648975942,0.12997756915862882,0.13501873433256703,0.062250414126472274,0.07024122663300046,0.12018335202214318
0.3618995051374849,0.1149595886811104,0.11254951444543725,0.01960678520907857,0.10805556363374247,0.04523666054230879,0.05414194728179537,0.14693902204472567,0.03661141302431662
0.11057540621894901,0.14000140137139766,0.12849953430646543,0.11190757217291841,0.12955264008951498,0.13468067555135851,0.05940487908195452,0.06936829027527223,0.11600960093216932
0.10218955267913137,0.12218424676465794,0.1220508226508472,0.17001546602524806,0.11436779840956074,0.07062904069086946,0.04342989295122668,0.07859690959473813,0.17653627023372043
0.14055698460648683,0.117140971916649,0.10449796688415287,0.02135095575417829,0.13240496501575386,0.2398270864254289,0.09204502959854806,0.08884007360665057,0.06333596619215162
0.12139800849629608,0.05874150091835476,0.22283585667459557,0.006430462036276209,0.06773562407423411,0.001689042922063543,0.2370773457775017,0.22759296204051094,0.056499197060167115
0.04717547767679278,0.0722459524125613,0.11733889313716712,0.028301776993041396,0.1308700575114339,0.0911541344015407,0.26846671084086854,0.11033185229987567,0.13411514472671848
0.11057540621894901,0.14000140137139766,0.12849953430646543,0.11190757217291841,0.12955264008951498,0.13468067555135851,0.05940487908195452,0.06936829027527223,0.11600960093216932
0.11307534064880881,0.14145441409152595,0.11882742030878518,0.07479193049251724,0.1329922807178954,0.17148730683444927,0.061199409751700344,0.07104371808066012,0.11512817907365769
0.10208520099499156,0.1335442299237121,0.12992537487328162,0.10828315471331922,0.1299376746492795,0.12776740462258088,0.06845100974353877,0.07184073995647373,0.12816521052282256
0.1614712534629069,0.12487337973825356,0.09812473474281642,0.020015153518515395,0.12752389294621908,0.2650263787562903,0.06877126116065037,0.08108812120804222,0.05310582446630583
0.09454451016829964,0.07322243881168038,0.11392537983565386,0.3121072304238237,0.10433641574753423,0.06385293838595936,0.06296469269981404,0.13285218933718557,0.042194204590049245
0.06600567034622146,0.1066287049556448,0.11420195321724187,0.05113396943377838,0.0936648264301128,0.03465616292243857,0.03896794975481676,0.11975645560930293,0.3749843073304424
0.056889946829733,0.06025681225494576,0.12253217824418555,0.12217763730490672,0.09459893816313587,0.047315052253552696,0.08327993313339811,0.3787370073610778,0.03421249445506449
0.10471434213596147,0.08353467422513339,0.1137249743474328,0.18455739734873808,0.10896091109371515,0.0932439518255511,0.04803368751899756,0.22412638337049287,0.03910367813397769
0.10476407472970423,0.135979140251207,0.12799552187645388,0.10306690001412024,0.13053519688884285,0.13531532982021255,0.06588326006993735,0.07133687331757627,0.12512370303194562
0.10201840040012657,0.13387189563133195,0.127692694431899,0.09879430335846588,0.13107176527084985,0.13547751329491295,0.06931919004046161,0.07235564497931792,0.12939859259263423
0.12874524816441135,0.10143390623993415,0.10879532430214216,0.017387198222091463,0.1316233122833764,0.21552131890119697,0.13551829920092237,0.1023847087219893,0.05859068396393588
0.05959705014147273,0.08274763624325415,0.11390151300832511,0.01457420612906172,0.1071574450470452,0.012850929366267494,0.20322480543595386,0.15545135448746183,0.2504950601411579
0.2530977525038449,0.08148216465805,0.09315573893613582,0.006490883221142874,0.10667785709404103,0.21859541038669192,0.11639097536932506,0.10182460386840131,0.022284613962367028
0.06012321492547231,0.0785845657765502,0.11786768144597255,0.02495985304988256,0.13320384959729623,0.11639767695964028,0.2441171026115485,0.11306283742872393,0.11168321820491343
0.10768942538295422,0.13807694445336502,0.12827244887819847,0.10755129910846446,0.13001525127652333,0.13504360712420002,0.062498960353291534,0.07031683622517881,0.12053522719782406
0.10976014122884092,0.09584191805116021,0.12053149690709464,0.2715577348179568,0.11369872686709803,0.0866179841567427,0.049705140230955465,0.09787026498319866,0.05441659275695254
0.04005616591225213,0.062273339761226065,0.1574063090816736,0.03849696039151042,0.06234310341852717,0.0021329335785475645,0.15715288474349698,0.17375927277150383,0.3063790303412622
0.0732522049833201,0.10226345103525912,0.12212220962515692,0.050110612549608684,0.1384384584332072,0.1299483655221755,0.13798174427530344,0.09050425720824262,0.15537869636772642
0.1419658517888064,0.13230606086541088,0.1024495756078868,0.028368542465745727,0.13203359243322949,0.2468372155192663,0.06656417682609324,0.07801766967977024,0.07145731481379097
0.06650958336773366,0.07426692852112503,0.13443280193158522,0.011325231277831757,0.09222244075432738,0.005644263517543143,0.28997189638081183,0.18711165337316407,0.13851520087587788
0.02004319970930104,0.04069481472067207,0.1329638709456583,0.00634311824220659,0.05242071496916978,0.0009263247628304303,0.5031713436715314,0.18891038108280903,0.05452623189582134
0.07769886852919751,0.10851576372021628,0.1232467189061205,0.058135720739533735,0.13745773214805432,0.13196285542371541,0.1203250394279917,0.08614419950832726,0.15651310159684326
0.11057540621894901,0.14000140137139766,0.12849953430646543,0.11190757217291841,0.12955264008951498,0.13468067555135851,0.05940487908195452,0.06936829027527223,0.11600960093216932
0.13639870752523556,0.13162199357610127,0.104194856934741,0.030139817264656105,0.1333175498316961,0.23922927760796867,0.06962796787245842,0.07876853749224612,0.07670129189489681
0.08836795530569014,0.12238009959342026,0.12631758366661364,0.07980373104769932,0.13405157283030653,0.1332475201659866,0.08982537541654419,0.07824280545914501,0.14776335651459427
0.14368529411357214,0.04383985310092061,0.26739089214017214,0.015569703118086862,0.08836734853639117,0.001244539106401252,0.12336457395282834,0.25840601602512964,0.058131779906497844
0.074878153542649,0.03096192703232478,0.14124608728017835,0.09427295733317265,0.0631827553740918,0.004687349939147528,0.06364789718197254,0.5068076475919884,0.020315224724474872
0.11299274072900367,0.11674457583287118,0.1270838179383956,0.1899023239359806,0.12420112079576388,0.10986794424574993,0.05518861964907612,0.0840452036013895,0.07997365327176954
0.07769630975796575,0.10692814593704585,0.09868721444872813,0.04176076597155149,0.09955191267326143,0.022347045347617712,0.06007082399160241,0.07914827482164634,0.4138095070505809
0.11057540621894901,0.14000140137139766,0.12849953430646543,0.11190757217291841,0.12955264008951498,0.13468067555135851,0.05940487908195452,0.06936829027527223,0.11600960093216932
0.11057540621894901,0.14000140137139766,0.12849953430646543,0.11190757217291841,0.12955264008951498,0.13468067555135851,0.05940487908195452,0.06936829027527223,0.11600960093216932
0.05607038099666761,0.08458778115457717,0.12081563433748183,0.040109452842323846,0.13616883920015746,0.1041357106413258,0.19889048456031697,0.09983909455684288,0.1593826217103065
0.006526662895570755,0.020371423792256493,0.10333760197242954,0.004323040527971428,0.03379627350996173,0.0020932763922533906,0.6553962018990068,0.14459346689228306,0.029562052118266763
0.01007843855676571,0.028656545126910415,0.09495822950632997,0.007741309821574325,0.06579676653207382,0.010164575360295426,0.6168429940450372,0.12600193391080264,0.03975920714021062
0.04764048758822195,0.05347035931232361,0.1281669133276129,0.03004246285276525,0.07806939081295856,0.022612914044847148,0.08828769045518049,0.5164542197964708,0.035255561809619314
0.033285236347969996,0.05345906778527356,0.13442531345333855,0.008437613602353296,0.06973550223569777,0.002125319710052831,0.42319463246175876,0.1952070133724204,0.08013030103113485
0.09260183055212902,0.13640507485690143,0.11702486209924305,0.09777794305888253,0.11375223652812338,0.07718967289716071,0.046046180254716164,0.0631836826786108,0.25601851707423295
0.17893117475999634,0.10191801675172507,0.09915023617292372,0.01210815971592783,0.1213297812137976,0.25025821626482564,0.10332050587831887,0.0957380962719079,0.03724581297057708
0.10747920015221703,0.09166542404584214,0.1155635462995734,0.22359494162691032,0.11388368300329442,0.051284966631326846,0.06276521186991368,0.10709523759647961,0.12666778877444254
0.11057540621894901,0.14000140137139766,0.12849953430646543,0.11190757217291841,0.12955264008951498,0.13468067555135851,0.05940487908195452,0.06936829027527223,0.11600960093216932
0.19479928807579674,0.016530157933178774,0.13408647298508472,0.06440938087118575,0.08459471223148483,0.009263243868563748,0.1390497486145356,0.34847910158245,0.008787893837719935
0.046762718795710624,0.03455369555543182,0.1305631226230103,0.07019296496396131,0.06769747961782117,0.02179849456286355,0.08174604326849584,0.5297235559539688,0.016961924658736454
0.08763826257296253,0.08541966472481526,0.13497962862826185,0.025512878196098446,0.082244199197912,0.006755235009391567,0.10736858762982032,0.14122748402056098,0.32885406002017714
0.10196037440573318,0.13344606099997045,0.12994373982255025,0.10822583667816493,0.12994234519480954,0.12766272826445244,0.06859368194293224,0.07187764075299602,0.12834759193839096
0.11295514284280617,0.11591438050962118,0.12691534823163533,0.19295889784755807,0.12388144615823637,0.10896189957841872,0.05499812655730548,0.08456965424515066,0.07884510402926803
0.0656949442893943,0.08988219851494701,0.11998354386148728,0.03595058973432761,0.13818856339482963,0.12444563943619458,0.1839079440804738,0.10104745061144094,0.14089912607690488
0.11057540621894901,0.14000140137139766,0.12849953430646543,0.11190757217291841,0.12955264008951498,0.13468067555135851,0.05940487908195452,0.06936829027527223,0.11600960093216932
0.11057540621894901,0.14000140137139766,0.12849953430646543,0.11190757217291841,0.12955264008951498,0.13468067555135851,0.05940487908195452,0.06936829027527223,0.11600960093216932
0.10784433608713982,0.13818387131774656,0.12828580003817971,0.10778683341333632,0.12998917086653985,0.13502647391801062,0.06232699429605276,0.07026453344799151,0.12029198661500279
0.17823772139760186,0.04544581945024417,0.09653620002437345,0.26951225760255354,0.0727018204892843,0.03076146588259099,0.04177067721487287,0.25244451339991175,0.01258952453856716
0.09121458364508982,0.12419875349000185,0.12609954067910287,0.08137070483359879,0.13364219925932083,0.1351420972624249,0.08610948437144018,0.07713519722202648,0.14508743923699427
0.17704972436010857,0.025375840454190685,0.10929341409876536,0.20888656014765683,0.0693841678731877,0.018598557061291588,0.04319666769192818,0.3396280046262044,0.008587063686666513
0.17039499543670855,0.11664342630864599,0.0976302369599656,0.016249886145705997,0.12515578858997053,0.2651789328612247,0.07761797088592971,0.08570134498102205,0.04542741783082696
0.12172096215979868,0.1366946991742058,0.10983319984806143,0.044450147231001935,0.13508334698831323,0.2113369436440734,0.06696102161996269,0.07539802532678098,0.09852165400780184
0.036497677215484366,0.056902415532071114,0.11063762356342506,0.01636782503000996,0.11325560878835327,0.06762517288595081,0.39222520642429776,0.12329114363440248,0.08319732692600512
0.09746620225452163,0.06194345896462444,0.11640353104956058,0.1745804198415891,0.09244879074726797,0.07030796841671783,0.043577432551192175,0.32154775290173426,0.02172444327279203
0.11057540621894901,0.14000140137139766,0.12849953430646543,0.11190757217291841,0.12955264008951498,0.13468067555135851,0.05940487908195452,0.06936829027527223,0.11600960093216932
0.16362764700198595,0.13643879867017664,0.11235021292149062,0.06234796645108213,0.13091802702108846,0.13294960293136732,0.04823209905772816,0.09725453689268106,0.11588110905239966
0.0716686547553013,0.09093680179145519,0.11885652677421558,0.031229933158847655,0.13835820839810137,0.13704922784849605,0.18406832502399353,0.10374799504563248,0.12408432720395679
0.11057540621894901,0.14000140137139766,0.12849953430646543,0.11190757217291841,0.12955264008951498,0.13468067555135851,0.05940487908195452,0.06936829027527223,0.11600960093216932
0.10107473796569454,0.04579687334078533,0.11001802830703565,0.2460761875785249,0.07192308545089,0.0281611093583287,0.04042339077570606,0.3402995299517091,0.016227057271325823
0.08562447584142634,0.03799516706202691,0.10573721319888574,0.3144939051142421,0.06444655015713432,0.022814530354831875,0.03313217099987454,0.322378159237298,0.013377828034280172
0.10265050111110534,0.09625848924476021,0.11862899152488349,0.07707458989966441,0.1213601663019015,0.13479989804536704,0.05571354874893771,0.24223841497268936,0.0512754001506909
0.14136091691300132,0.10862902234276002,0.11353440011724476,0.08441053543378546,0.12132699811951349,0.09464091973329879,0.05006022070132642,0.20175679381694547,0.08428019282212425
0.1291250505955681,0.1284858039168605,0.1065583400133686,0.03122262773921139,0.13500229163430338,0.22885133482525935,0.07689387787914888,0.08108489407536079,0.08277577932091897
0.1844944048149656,0.0552941313110519,0.09115813493794335,0.35409066525156413,0.07770331119096369,0.033117174648208174,0.027616948929211977,0.16004569725536147,0.0164795316607297
0.11057540621894901,0.14000140137139766,0.12849953430646543,0.11190757217291841,0.12955264008951498,0.13468067555135851,0.05940487908195452,0.06936829027527223,0.11600960093216932
0.024691099946116065,0.020728897309177416,0.10886570944263753,0.0019790724305217243,0.04578666291178738,0.0026838439874296155,0.6216572030907623,0.1520360375492457,0.021571473332322243
0.08181638621978275,0.061543202268978,0.10468981766889239,0.32645162888613677,0.08457687680019559,0.04785013219145076,0.038729524898311087,0.22897935547400536,0.02536307559224725
0.031647268477429456,0.04759092412409414,0.10476624317470645,0.010301064507977476,0.09353350575036745,0.04952995664746244,0.4827061126116569,0.13005628246805503,0.049868642238250736
0.15264214271890048,0.1507218912788381,0.10631929386818588,0.02880240388533503,0.13081613179675036,0.15778290937324904,0.05356460992239607,0.0776525086443454,0.14169810851199977
0.07139558969809405,0.09945049606579388,0.12162723647347418,0.04669706677352268,0.1386895077079036,0.1288945427640101,0.1469794650563304,0.09265958066043888,0.1536065148004323
0.2398352281978459,0.020321310541099574,0.20980775138351235,0.0014141873797941778,0.11857016890582282,0.0006620121389151636,0.18341883745048046,0.20307696719975055,0.022893536802779085
0.11057540621894901,0.14000140137139766,0.12849953430646543,0.11190757217291841,0.12955264008951498,0.13468067555135851,0.05940487908195452,0.06936829027527223,0.11600960093216932
0.11302823889864966,0.11777077284304809,0.12728112079591672,0.18614859845222845,0.12458464102931481,0.11098574262160947,0.055420572568560256,0.08339801687909103,0.08138229591158157
0.04308450247535369,0.07288867599394426,0.1094260454670835,0.02073795723737717,0.09202163498063914,0.006184219690632444,0.1770575643658264,0.12607727580474082,0.3525221239844026
0.0777206288856435,0.07288758766634529,0.17323284199141462,0.035551140670021915,0.0707135680302256,0.0033852510479512135,0.12206494141665887,0.1850398474595771,0.25940419283216193
0.14744032114716532,0.12772422152471205,0.1015295282153959,0.024734024113194374,0.13105764887229654,0.2508379817689802,0.07089464971017205,0.08028724357998569,0.06549438106809782
0.10714767614661118,0.12399807965877595,0.11380127350239837,0.041684316398972916,0.13820058107715366,0.19153339162460803,0.08984066761893239,0.0828450902481972,0.11094892372435024
0.13606789036532227,0.1259721965777083,0.10484932043988549,0.027427441762600844,0.133703233826918,0.2365455529435132,0.07823138006214136,0.08220150018821833,0.07500148383369214
0.13172641432258467,0.12012313862370128,0.10633489208240417,0.025072330977728083,0.134582419557264,0.23137800748799423,0.09027471164127158,0.08708931154780575,0.07341877375924623
0.10060674749763719,0.021180478356787002,0.09955838111350819,0.3842275156811586,0.04604233597122547,0.0020834059514113295,0.08080874416109876,0.25283417407243,0.01265821719474339
0.05184884842874021,0.08406294817593862,0.10481651078739414,0.023889177326004953,0.11834938422681507,0.02481532656865129,0.16783019434164048,0.10406440874241056,0.3203232014024046
0.1628783365496295,0.1145619295936174,0.09977951219522095,0.01665296762893803,0.12684551542485908,0.25738967895181536,0.08548031364888942,0.08830835761946021,0.04810338838757011
0.059167413653541244,0.07634338738320873,0.11735336283222046,0.02300820715195138,0.1313799148371522,0.11420698589616803,0.25861095795106914,0.1156220390927553,0.10430773120193348
0.09893000076604262,0.1318448788757517,0.13112048289825273,0.11024173750192064,0.12983631896515155,0.12352280100407668,0.07106968897420633,0.07268446796261152,0.13074962305198634
0.06856012051175016,0.03321122457238357,0.10504876704068065,0.2556233463833866,0.06601090020116947,0.026837908013812164,0.04261165636836473,0.38945908246926436,0.012636994439188394
0.10359068036428538,0.06066258499442113,0.0996340579009089,0.4390097523766933,0.0798862498560165,0.029294584221202114,0.028625688986107584,0.13010551417993785,0.02919088712042724
0.25439916714809496,0.03521298607523012,0.24429180442264475,0.003990385964428944,0.11314047230801583,0.0015970491595620733,0.09825917333414196,0.2082346013836461,0.040874360204235266
0.06206152754519212,0.017934490658345095,0.1239286803557763,0.2546854124121583,0.078962846405333,0.009050773151277992,0.07118886939514923,0.37210606444708755,0.010081335629680294
0.18650574934045205,0.13088427723688328,0.11299708371781869,0.05007258047346753,0.1310065003628411,0.12956674494678597,0.054289857776375905,0.10952187982711475,0.09515532631826086
0.10782517044855174,0.13817066475024226,0.1282841553789607,0.10775770348671661,0.1299923897471159,0.13502860833024377,0.06234823234402518,0.07027099547893556,0.12032208003520828
0.08039723209644432,0.07014868323109709,0.16950229021983473,0.00949139116869052,0.07929749283631154,0.0029360264418510553,0.2843398224881442,0.21939294846364973,0.08449411305397682
0.12418442977417432,0.066807375634029,0.10457405367217704,0.3585762693206267,0.08469552223835176,0.03433377539048364,0.027608537359434093,0.16710425247681251,0.03211578413391087
0.1237037590426036,0.13876824712569882,0.10932222029772827,0.04536853433377474,0.1344914540758619,0.21347213064778683,0.06375023169256053,0.07417059800763846,0.09695282477634685
0.0952980534784007,0.04189726574048191,0.12535409001113715,0.08591727039229398,0.07942603655559272,0.04765223484735102,0.04642876505033363,0.4635590615729057,0.014467222351503167
0.11057540621894901,0.14000140137139766,0.12849953430646543,0.11190757217291841,0.12955264008951498,0.13468067555135851,0.05940487908195452,0.06936829027527223,0.11600960093216932
0.059350409919267176,0.07678199819743668,0.11745815410152771,0.023383843309809388,0.13176305836436972,0.11465612841023576,0.2557058728383849,0.11511996573295831,0.10578056912601026
0.11057540621894901,0.14000140137139766,0.12849953430646543,0.11190757217291841,0.12955264008951498,0.13468067555135851,0.05940487908195452,0.06936829027527223,0.11600960093216932
0.06885061659288692,0.09536917246673016,0.12092121649064895,0.04195197914551626,0.13877042311420093,0.12717851989222725,0.16142688049932533,0.09602894116451177,0.14950225063395248
0.11057540621894901,0.14000140137139766,0.12849953430646543,0.11190757217291841,0.12955264008951498,0.13468067555135851,0.05940487908195452,0.06936829027527223,0.11600960093216932
0.07561218681514224,0.08779647989869756,0.1154334526361377,0.015946602593653398,0.10980489327432881,0.014894210121129155,0.19079094256423298,0.13711694028574928,0.25260429181092875
0.07739879625292605,0.025698595403148203,0.15495268925910724,0.04413111720419491,0.09466569653264754,0.009827088681690521,0.08528204577528083,0.4916166512257392,0.016427319665265495
