0.12324610517516221,0.1304737292627594,0.11842060823215872,0.1178604820851215,0.10761726970673248,0.13443317615619288,0.03431300675589991,0.10925068987294519,0.12438493275302764
0.11720051445983164,0.09614013858219923,0.11149591775643668,0.05302096793564359,0.12620220905349344,0.12251909595381877,0.13363860461684832,0.11037407235230152,0.1294084792894268
0.11720051445983164,0.09614013858219923,0.11149591775643668,0.05302096793564359,0.12620220905349344,0.12251909595381877,0.13363860461684832,0.11037407235230152,0.1294084792894268
0.13293611029730784,0.11590877176975256,0.0916839969195563,0.08897050170515641,0.11926379190217952,0.11338729933961579,0.09618461991539538,0.12558412883732584,0.11608077931371037
0.11020003735578661,0.18585469121913947,0.1372543200410251,0.059193552083914504,0.10176366257750613,0.15929542971080218,0.024824646377759007,0.0971512206372881,0.12446243999677885
0.08258922342996548,0.037251808438256546,0.2797172854531527,0.21414493958510017,0.01974277852591167,0.1498171195337233,2.4677114704147816e-05,0.07080142820517878,0.14591073971400714
0.12596992080747973,0.13938934564336183,0.08126092131501572,0.04335835461195075,0.12265040919061743,0.1169165277662191,0.16607556943591628,0.0979051723148122,0.10647377891462691
0.11779734604885513,0.09734161163468887,0.11005530041850968,0.05242061948082812,0.12661659828138175,0.11924690194962873,0.1381369681235494,0.11779996923300483,0.12058468482955349
0.1273434283857306,0.1076500002290422,0.08117458227622455,0.062253000633990724,0.12233246708942008,0.10498883736777391,0.1654225247641292,0.11959912988611492,0.10923602936757382
0.13192326200282492,0.09599819151152901,0.08461156393326356,0.192616917984703,0.10606520654988409,0.10490201831089195,0.06711338799308764,0.10758172955558386,0.10918772215823196
0.1300889987720029,0.12249523698040687,0.1024068204952794,0.09421374907699524,0.11668996986599416,0.12137149407216909,0.06690966453854834,0.124669997362156,0.12115406883644796
0.12982977708940385,0.1085707381947002,0.08197538209193744,0.06990888220894152,0.12155168678959995,0.10532121427208448,0.1511479666124288,0.12178573238034614,0.10990862036055765
0.1250186696151134,0.08869254912322416,0.078524600945493,0.16832699750579047,0.11040797849219651,0.09220476829428136,0.12253568321971438,0.10381685931064162,0.11047189349354503
0.11968178873238322,0.10399079141818758,0.08675072798003082,0.05998461919935013,0.12419567216175502,0.10297566691227843,0.1776042275764239,0.11611241593638749,0.10870409008320354
0.12410481636740367,0.15402670097524038,0.1039442215873818,0.05238191869993953,0.12048333263009632,0.13087201839505305,0.07527690411737453,0.1185764604642517,0.12033362676325894
0.12971368660363117,0.11035025741476044,0.08243426164547366,0.06795955842682393,0.12186323976524005,0.10621473080790177,0.1496534834083635,0.12168850366875604,0.11012227825904947
0.11720051445983164,0.09614013858219923,0.11149591775643668,0.05302096793564359,0.12620220905349344,0.12251909595381877,0.13363860461684832,0.11037407235230152,0.1294084792894268
0.11720051445983164,0.09614013858219923,0.11149591775643668,0.05302096793564359,0.12620220905349344,0.12251909595381877,0.13363860461684832,0.11037407235230152,0.1294084792894268
0.12210357909391911,0.10348096296812152,0.08456590529110274,0.052544088820674406,0.1238931713099551,0.10768299176222688,0.17851504439670815,0.11529842684203928,0.11191582951525281
0.12493364543185707,0.10215246071347495,0.0812597864702876,0.06078201633217704,0.12231074683652442,0.10392567820489611,0.17738282155878057,0.11758643368059281,0.10966641077140937
0.12914262929620304,0.12091197886049916,0.0973541910403868,0.09574189500739094,0.11946997486833257,0.11375289755483631,0.0923618066412293,0.11640048687540046,0.11486413985572137
0.13135713770921928,0.11358420447096114,0.08489534734994097,0.07280639538738115,0.12148679788861043,0.10861032195396796,0.13218223365270923,0.12328458999810986,0.11179297158910008
0.1318380101999011,0.11368246340238626,0.08168128360381233,0.07087209889238914,0.12116665719126064,0.10708107909171737,0.1482541162875408,0.11615152383019865,0.10927276750079366
0.13372031464521336,0.12123563840405438,0.08306920735836347,0.07144821909627545,0.12099297391937458,0.1106247373452991,0.1362454428328992,0.11290581218297972,0.10975765421554085
0.10849108711196337,0.1701121829951037,0.12449751395877955,0.06760310061836179,0.117639765049257,0.1243472587638335,0.07366773697751774,0.08672627166987339,0.12691508285530997
0.10662073287048808,0.14269360015135948,0.09273893558030417,0.08837807941842846,0.11544091316745213,0.10580037289899173,0.134091542555834,0.08586528079957101,0.1283705425575709
0.09641644810562901,0.11448963762631441,0.1969840154342263,0.20034040310043688,0.08490329281327341,0.12018768070644331,0.017590756059171254,0.07763169151123812,0.09145607464326734
0.12221732533611017,0.10063091972798587,0.08484828262200572,0.055770120952225506,0.1234058976020231,0.106854677289051,0.17846707031783363,0.11537933666056306,0.1124263694922019
0.1319873122278923,0.11937765954737196,0.09650291558006956,0.09155810651874001,0.1182553753413691,0.11725816575027657,0.08110593955102818,0.1254113821833164,0.11854314329993597
0.1291609235822131,0.10675690765161622,0.08123003721878035,0.06909802566376917,0.12151331084382326,0.1043498811604584,0.15726882355915997,0.12117921239207034,0.10944287792810921
0.10958315197123301,0.09481351385623171,0.12922177843702468,0.05410447869016377,0.12803396714210616,0.11686096753688996,0.12936016951617935,0.11367077209434995,0.12435120075582144
0.10747234313830827,0.17561654232336718,0.14442670616089573,0.05867897938009814,0.10932343968633186,0.1427567934527524,0.03647683193288483,0.09563203391148394,0.1296163300138777
0.1328897580795848,0.11397332163803009,0.08684374853196125,0.07951392954687538,0.12081325397563071,0.1099053455010414,0.11780243097687176,0.12545822052376618,0.11279999122623842
0.12431396510057936,0.12476353608758149,0.10844866768793383,0.10886403392704434,0.11524144258368639,0.12223236941328756,0.059197518984873666,0.11042916338620401,0.12650930282880937
0.06924743029360574,0.08133644889840386,0.3231042904758478,0.06397385150541125,0.05013779584361447,0.1761673094391255,0.0007515362838236149,0.07786867235991313,0.15741266490025463
0.1277759164367401,0.13058870130744069,0.08836749385145332,0.05380106633922784,0.12373791774121708,0.11605932187814937,0.12640409085505663,0.12032193422338226,0.11294355736733282
0.12471699938425158,0.12562777089011096,0.08464408066072555,0.04660471266951704,0.12474971097856609,0.11293110007735739,0.15284123505055047,0.1175676420053431,0.11031674828357774
0.11331814666569422,0.09559260891202126,0.11931665915533048,0.053496213845959345,0.12731289033103213,0.11969572457059861,0.1323571150588316,0.11191566360698452,0.12699497785354788
0.11917026064290707,0.18473861237892666,0.0869354837719476,0.06852753774722552,0.11253104291097467,0.1389872547250813,0.11731755931953508,0.07436443040217916,0.09742781810122288
0.10809625310883277,0.09548607524607448,0.13637388390800811,0.05550173620886018,0.12807140151758312,0.11571307009411648,0.12579625903086175,0.11940619854704819,0.11555512233861491
0.13032353898535318,0.12237678175075889,0.10174483469991813,0.09358678357591428,0.11692238658980741,0.1209977167910361,0.06841306890245163,0.12475326813208663,0.12088162057267375
0.11864179036488014,0.09735425998553687,0.10065296879978773,0.053207462710518925,0.12552089161332106,0.11686981047729088,0.15241393011183135,0.11211222927966054,0.12322665665717236
0.129896903192023,0.1114165608788843,0.07944474240316185,0.06624846881050413,0.12098065893626653,0.10569799319061322,0.169306300456711,0.10941820501514493,0.10759016711669116
0.07357013347408922,0.09381929508033594,0.32790881337094746,0.05680594743288836,0.05215671060661083,0.17177356547897518,0.0010184353009011118,0.07482529453885645,0.1481218047163954
0.1317026551331265,0.12202090745539211,0.09670274881930585,0.08655002573979359,0.11883807944434055,0.11819631296414186,0.08237604903955605,0.12502357537623363,0.1185896460281098
0.11720051445983164,0.09614013858219923,0.11149591775643668,0.05302096793564359,0.12620220905349344,0.12251909595381877,0.13363860461684832,0.11037407235230152,0.1294084792894268
0.11968963690749294,0.09713630367068171,0.09477700825759024,0.05529762912970981,0.12463444104851233,0.11289890639829236,0.16279384266074326,0.113166472770498,0.11960575915647938
0.12671323792494968,0.10285188130885198,0.08042505435992407,0.06510585569364312,0.12171202185820033,0.10305926498769784,0.17203909108971827,0.11906452517955401,0.10902906759746074
0.12298988987910553,0.09726663441057626,0.08207033922471432,0.06387311649133204,0.12145839674283898,0.10300670426505525,0.1828818322619632,0.11517187877263373,0.11128120795178066
0.102348852504884,0.0852853574165583,0.21729275401351308,0.05854366115038143,0.11788926499937458,0.10415729080676907,0.08333381133780761,0.12299210063075582,0.10815690713995614
0.1312863885762697,0.10660695663066992,0.08229243176254243,0.07831942579363152,0.1205593558386377,0.1046578323685869,0.14278097451538485,0.12315923914938427,0.11033739536489284
0.12740637340114938,0.10872379952340865,0.08139141876004911,0.06154833205896431,0.12247371172501165,0.10545892121485968,0.16402065610286054,0.11965627799975365,0.10932050921394298
0.12607222539328086,0.1269762095382973,0.0855748435826426,0.04946963939476786,0.1243797596091744,0.11361065995368214,0.14414953355907043,0.11872927970249113,0.11103784926659332
0.12352741729005086,0.11917337555334662,0.08335515152581073,0.046110917355857005,0.12478315431183114,0.11074286317077277,0.16607230965503403,0.1165257222402729,0.10970908889702392
