0.15285566742665188,0.14222163469068166,0.10509650725323198,0.1520238583892485,0.10454434248456564,0.07184045180394989,0.12960851528650866,0.10832477441340131,0.03348424825176056
0.05301637519994245,0.05461834048606714,0.3444469647689011,0.2472895191972729,0.09627441058779235,0.009054151929184259,0.026545761348058357,0.09657142580726034,0.07218305067552115
0.028247781676304814,0.03144520786805676,0.02692223595339765,0.15478851754654502,0.07405261091416919,0.004389212148929614,0.02270047387027332,0.18531411275044796,0.4721398472718757
0.11106167969294611,0.10498518111287614,0.055939676920232086,0.1328568205280923,0.13110247726096239,0.13975187301136513,0.10312560357930119,0.11502839710034139,0.10614829079388328
0.10672525872089995,0.1691878616860095,0.10106059523000861,0.15584182714152658,0.09051814665161906,0.04089208438048148,0.08688206782082349,0.13960145796727322,0.10929070040135806
0.12710847162062675,0.12365507413641876,0.06298017618518427,0.10852324477735555,0.10641464103840363,0.1117340714453313,0.12777750051813858,0.12745110828414322,0.10435571199439797
0.12888025621887697,0.1536026956059032,0.037639574817593786,0.11467938659156941,0.08748760075044569,0.101104584296915,0.13585118902902815,0.12945483831474422,0.11129987437492368
0.08059052444478175,0.08064848915996262,0.039877486482176684,0.14799577442904074,0.3415384091586708,0.057244357505488584,0.034942220571704236,0.11453059842968034,0.10263213981849428
0.11478366529695956,0.1264118891167424,0.0976224365398698,0.07235608113069722,0.07713774225147367,0.1708592265998351,0.14503517757620327,0.10604087521913787,0.08975290626908113
0.1019260067338883,0.10311252431447547,0.1796760159489513,0.06823297753453143,0.07538781714843358,0.16718984038291687,0.12715419073981002,0.09738099523780513,0.07993963195918787
0.12710847162062675,0.12365507413641876,0.06298017618518427,0.10852324477735555,0.10641464103840363,0.1117340714453313,0.12777750051813858,0.12745110828414322,0.10435571199439797
0.12710847162062675,0.12365507413641876,0.06298017618518427,0.10852324477735555,0.10641464103840363,0.1117340714453313,0.12777750051813858,0.12745110828414322,0.10435571199439797
0.12794491277027661,0.19587992803629564,0.08785469038958,0.17613519099498212,0.09401741655332561,0.049467089413130445,0.09629853114791372,0.12489490270086863,0.047507337993627274
0.10583828831993648,0.10646592705356851,0.1278405002407551,0.06503587100083226,0.07632009200455979,0.1931191420939534,0.1366652596378925,0.09956004257883637,0.08915487706966552
0.12710847162062675,0.12365507413641876,0.06298017618518427,0.10852324477735555,0.10641464103840363,0.1117340714453313,0.12777750051813858,0.12745110828414322,0.10435571199439797
0.13426146296428632,0.13763882355304316,0.11119070206529995,0.09224003330273085,0.09019170021320834,0.12941079373014838,0.14836590518833734,0.10606951803520577,0.05063106094773989
0.11209051472276704,0.1132491207085839,0.1091358795328667,0.06954640034580252,0.08048999483824626,0.185239601344748,0.14113204379433406,0.10313504913074299,0.08598139558190859
0.07692046485266468,0.0767569528739648,0.07083476293273541,0.1107038283067467,0.24314887734533022,0.12336705545647654,0.058320222312541393,0.09612952466533359,0.1438183112542066
0.0805385209697665,0.08093477246697861,0.05657205234289905,0.05769015324900257,0.09066296920600415,0.09280058981255701,0.10624473678687359,0.11758532368008612,0.31697088148583236
0.12710847162062675,0.12365507413641876,0.06298017618518427,0.10852324477735555,0.10641464103840363,0.1117340714453313,0.12777750051813858,0.12745110828414322,0.10435571199439797
0.10617631329610182,0.10755682465873358,0.1442431914300916,0.06644036264698001,0.07621962151699514,0.1836103054242432,0.13532743716299747,0.09871772579003611,0.08170821807382098
0.12327268581539537,0.12197306214421806,0.07274457986207482,0.09143820891826145,0.09662874913092635,0.14056925076121993,0.13655220701054996,0.1185261091417459,0.09829514721560806
0.12710847162062675,0.12365507413641876,0.06298017618518427,0.10852324477735555,0.10641464103840363,0.1117340714453313,0.12777750051813858,0.12745110828414322,0.10435571199439797
0.12612484968657087,0.12337590529532805,0.06571526541524346,0.10279064025217581,0.10330858441038536,0.12052053177790878,0.13094793183571363,0.12466262316244521,0.1025536681642288
0.12710847162062675,0.12365507413641876,0.06298017618518427,0.10852324477735555,0.10641464103840363,0.1117340714453313,0.12777750051813858,0.12745110828414322,0.10435571199439797
0.06351320446186838,0.05698105929319922,0.026071830109466076,0.18621928238041965,0.27154658068644993,0.11934411297459124,0.03274006748284482,0.10301419530922035,0.14056966730194023
0.09072201764865188,0.08002658435773438,0.04297764469302537,0.18167054703870603,0.17901871819360324,0.14612711099800837,0.06997301713848943,0.10315730983312572,0.1063270500986556
0.14961858066723363,0.14711974099335975,0.10014587660438057,0.12129300027989949,0.09907637142217356,0.09191275600672645,0.14396381112664422,0.10830906199308998,0.03856080090649235
0.12369166042682982,0.12221516084250716,0.07173018697447069,0.09282190416000342,0.0974852378304334,0.13793634771485833,0.13592890401107252,0.11932201262060871,0.09886858541921582
0.08823953230227043,0.10114456327270022,0.08638173348600249,0.20727320386478884,0.1644582472015889,0.14042480391157064,0.06392955307429737,0.08682975138697781,0.06131861149980334
0.12548781410711476,0.12312208992662739,0.06734434825554705,0.09976121999690653,0.10159917325771049,0.12552241592074467,0.13254210892962967,0.12310891754434254,0.1015119120613769
0.07870424623367096,0.08576515587567934,0.029085286559461295,0.15711922017833307,0.25192467661406104,0.02065001059271399,0.04588553291321035,0.11589083086203002,0.2149750401708399
0.1291778815168705,0.150136848540104,0.037847578231992474,0.11818913561725179,0.090157942498943,0.09861166330706121,0.13317246785608217,0.1309012053639063,0.11180527706778849
0.11848534258642279,0.1640744582459022,0.04858032285236145,0.08676123847467844,0.07184352093502351,0.12105393966367446,0.14593765212719176,0.1197478287207393,0.1235156963940061
0.10541293501810867,0.10063737142684716,0.18122095374760985,0.2861813330656571,0.11335178448787085,0.025904425251162627,0.0507938773107228,0.10842343710563003,0.028073882586390892
0.10789199848857721,0.12592819969243813,0.16455148209806406,0.08732651239510385,0.0788985018875046,0.11091820775672016,0.12296630876996961,0.11029644072615742,0.09122234818546503
0.15371653582756725,0.14970039405671662,0.09273413048469764,0.12703304244413116,0.10098181515917981,0.08543890165158195,0.14437910013820007,0.10894920324101227,0.037066876996913196
0.1550821254388456,0.1483206473868562,0.09425968656440509,0.13673790512532272,0.10263316602746242,0.07903386211648483,0.13994474124128936,0.10880659970470724,0.035181266394626494
0.12637706393274234,0.12346270879991024,0.06504659039423243,0.10411414756181374,0.10404020963624151,0.11841404590318501,0.13023272078875214,0.12532362742489384,0.10298888555822884
0.14224846077857667,0.143803772305404,0.10471600230218943,0.10424793157737149,0.09447710322329389,0.11079196140880372,0.1480036717996452,0.10745018537821854,0.044260911226497036
0.12637020929430887,0.12346046804471573,0.06506499344952774,0.10407707246267084,0.10401983689551496,0.11847240880981356,0.13025290168491757,0.125305254776013,0.10297685458251782
0.12710847162062675,0.12365507413641876,0.06298017618518427,0.10852324477735555,0.10641464103840363,0.1117340714453313,0.12777750051813858,0.12745110828414322,0.10435571199439797
0.11423038593907388,0.1391704507226579,0.09463017510174691,0.07816324004073354,0.07470307488451805,0.14317047183837012,0.1421776378930767,0.11132350240472581,0.10243106117509716
0.1084780594759031,0.10983919560096313,0.12872317440867329,0.06693196410165214,0.07748316259543925,0.1869631926764832,0.1383419374217311,0.10009866732514368,0.08314064639401123
0.10108329164203282,0.10099253127043568,0.14143838199212688,0.06250782210737665,0.07381729474955596,0.1958495031083498,0.13230590388334093,0.09759022405591838,0.09441504719086287
0.11373735577832401,0.1147282988379813,0.10187613125767948,0.07143298063319131,0.08223267945290032,0.1819899305852086,0.1416757638289847,0.10484251069174344,0.08748434893398693
0.11462267733901638,0.11550182867150899,0.09834022813246285,0.07262011356651368,0.08325784700231999,0.1796862667569377,0.1417933138983617,0.10583821346560003,0.0883395111672786
0.12710847162062675,0.12365507413641876,0.06298017618518427,0.10852324477735555,0.10641464103840363,0.1117340714453313,0.12777750051813858,0.12745110828414322,0.10435571199439797
0.040433632968656076,0.06857274099013098,0.1701658888849632,0.19251994614599666,0.2419484408875303,0.0581628182209901,0.015782130847023502,0.0943126058685686,0.11810179518614049
0.12189401400309548,0.11863569417961438,0.06724592866143939,0.09882124717763062,0.10058897752040712,0.130859548415507,0.1296205519944916,0.12301166594029589,0.10932237210751854
0.125233227237931,0.12300894372630995,0.06797856426459035,0.09865268205669092,0.10096109162807278,0.12741603552329497,0.13310934565626123,0.12252578949874428,0.10111432040810449
0.14281526295932542,0.15967017071094847,0.09344099672567102,0.108918928670468,0.09073956272703965,0.10140041499217702,0.1469890986427687,0.11030007477262684,0.045725489798974846
0.1455885427183953,0.14858283117630156,0.08346561689368943,0.10050477273334459,0.09685148055441205,0.11005683206705662,0.15405034586885444,0.11113148941821599,0.04976808856972994
0.09858968616192908,0.09888858999034404,0.20933711556377485,0.07082247046123687,0.07602182677512555,0.14811790516081116,0.11955508889845207,0.09759438385359802,0.08107293313472834
0.12710847162062675,0.12365507413641876,0.06298017618518427,0.10852324477735555,0.10641464103840363,0.1117340714453313,0.12777750051813858,0.12745110828414322,0.10435571199439797
0.12634997218111,0.1234538124183167,0.06511924497128586,0.1039679928771982,0.10395985724389334,0.1186443349024226,0.13031222846960352,0.1252511523315426,0.10294140460462724
0.12710847162062675,0.12365507413641876,0.06298017618518427,0.10852324477735555,0.10641464103840363,0.1117340714453313,0.12777750051813858,0.12745110828414322,0.10435571199439797
0.12548130917457437,0.12440042794631385,0.07153729386892482,0.09368442017150162,0.09812989469313821,0.13461468891930117,0.13715779650166113,0.11952873035745719,0.09546543836712773
0.08985048976662123,0.09639014765269092,0.18442888647475786,0.07650261907682031,0.08964814592004484,0.17818721850563826,0.10600145692191248,0.08847570548804652,0.09051533019346746
0.13828187245526435,0.13451297616342514,0.13789154373796428,0.12228384645434785,0.09740110946922947,0.09243318063221478,0.13084194933402413,0.10670244827526526,0.039651073478264666
0.12367836906641468,0.12220763279734172,0.07176232320902505,0.0927768981567439,0.09745758076765149,0.13802117753027698,0.13594947952111905,0.11929634924840427,0.09885018970302288
0.12862248749088545,0.13355658688621075,0.05098318212584161,0.10982451471519916,0.09906660119584831,0.11002417340746766,0.1324671262982626,0.1284108169165228,0.1070445109637616
0.12556968981971425,0.12315716215355833,0.06713869293177012,0.10012898219981832,0.10180934365502091,0.12490171886967956,0.13235194729955022,0.12330062018693273,0.10164184288395549
0.10433479095373827,0.10509902058144283,0.15520145074498348,0.06571588214906365,0.07564584429972539,0.1803459916643266,0.1328794302432136,0.09823678653595917,0.08254080282754699
0.10227230837034573,0.12010601664843334,0.12336097892844668,0.07613153512230864,0.07326362774998728,0.12740357337607366,0.12742391914148932,0.11315889202649765,0.13687914863641765
0.1039557971741591,0.10527398323278532,0.16166597363042853,0.0669165470357177,0.07553299406043208,0.1767234083273503,0.13147146289467726,0.09782145757011508,0.08063837607433468
0.11058379525985194,0.11841577283587362,0.04631854164749342,0.08958629911195982,0.07942561030015705,0.15061341920057733,0.13269693737961427,0.1208655100158922,0.1514941142485804
0.10905107902781573,0.10252160491547042,0.05486798172457721,0.13740605009837417,0.13480875473907714,0.14166110274019555,0.09989875352960396,0.11362629381250551,0.10615837941238042
0.1549490984133909,0.1425056702711829,0.10080251176085571,0.15837999445281348,0.10576059093100894,0.06816705222920519,0.12840482910577514,0.10845877371044094,0.03257147912532693
0.07857195058061119,0.07396772700009556,0.23535705485862754,0.06742593057385964,0.07020355547856745,0.12923100889257189,0.09920986918923246,0.09626283323767255,0.14977007018876173
0.12376193757736553,0.23438858280702282,0.047574000098198586,0.12279871928527016,0.08249325572128921,0.061338580402312326,0.11684580385783315,0.12703713970982614,0.08376198054088202
0.12710847162062675,0.12365507413641876,0.06298017618518427,0.10852324477735555,0.10641464103840363,0.1117340714453313,0.12777750051813858,0.12745110828414322,0.10435571199439797
0.15386447666737849,0.14548544976037103,0.09985770029148118,0.14292172188359487,0.10330575095928236,0.07628604744776706,0.13534338458221626,0.10850710471125014,0.034428363696658665
0.1096131197473144,0.11093374905578039,0.1219754101846204,0.06751972212551427,0.07829964704988084,0.18728942506519908,0.1394666337646074,0.1009424329992673,0.08395986000781593
0.015959068780507266,0.03677385446138374,0.10146078095494478,0.4600220123874159,0.1398071730227525,0.0003070700001490543,0.0018676059196556143,0.1384028838963221,0.10539955057686891
0.14408945528327802,0.1479487671275696,0.0586108090214921,0.08966313768143168,0.11501439485123333,0.10323515673641104,0.14898146390861292,0.11997036649913224,0.07248644889083906
0.08419839883559171,0.08527454694101048,0.024714891348298674,0.20686886520182912,0.1868541357021645,0.11194133265570581,0.05917665762088172,0.10875918932245038,0.13221198237206758
0.12022098325350809,0.18911677903306998,0.07667241558532056,0.11686155556383256,0.0805748928729753,0.07311543516957736,0.12229196604521704,0.12682525882999854,0.09432071364650059
0.12412586476846839,0.12107498808608386,0.06625641338950285,0.10124768888638865,0.10221422201325477,0.12486661865748183,0.13009655961397149,0.12409239304764012,0.10602525153720806
0.12631738321163485,0.12344296968612382,0.06520636189901267,0.1037935074592497,0.10386378690232616,0.11892001877962895,0.13040697906157506,0.1251644605859253,0.1028845324145235
0.12547321760555738,0.12311576808459661,0.0673809184908162,0.09969625383861865,0.10156196821196377,0.12563245265375753,0.1325756005397558,0.12307496256192159,0.1014888580130125
0.1149462853580916,0.11578055799737241,0.09710620627729549,0.07308405452322929,0.08364751563825323,0.1787533852348889,0.14180673690478582,0.10621538368858507,0.08865987437749812
0.12710847162062675,0.12365507413641876,0.06298017618518427,0.10852324477735555,0.10641464103840363,0.1117340714453313,0.12777750051813858,0.12745110828414322,0.10435571199439797
0.12408458747044504,0.12243292987522779,0.07078038634412305,0.09418796796823897,0.09831844087588797,0.13538766333599106,0.13529512961064014,0.12009394808659091,0.0994189464328552
0.14275794086592877,0.143615938802403,0.10712996149317372,0.10722522623653778,0.09503329498301682,0.1075342951850707,0.14638459391807185,0.10733051686260835,0.042988231653188914
0.14470307013003947,0.1036530980390959,0.0860932058951654,0.32009715643533576,0.1187334476418133,0.029141601792577146,0.06944910761087704,0.10420474362932164,0.023924568825774355
0.12639054389291063,0.1234670950985189,0.06501035930421012,0.1041872482187759,0.10408035796661586,0.1182990808618029,0.13019290614541115,0.1253598284942725,0.10301258001748204
0.09876807886830001,0.10833774878113979,0.23405638108246907,0.09501426620730463,0.08162608194102226,0.08386324972083568,0.10362535149147278,0.10768819717927798,0.08702064472817772
0.13553905750562692,0.13695805420124887,0.07174184196280257,0.09700915334352411,0.10002707108785235,0.119293924190558,0.14520382152075673,0.11863184220894822,0.07559523397868223
0.14302961276792225,0.12029558271246221,0.0818377301504801,0.3076569710879029,0.11511631534867922,0.029065135272454745,0.06930042067422033,0.10939358059752931,0.024304651388348895
0.12710847162062675,0.12365507413641876,0.06298017618518427,0.10852324477735555,0.10641464103840363,0.1117340714453313,0.12777750051813858,0.12745110828414322,0.10435571199439797
0.07768426233981711,0.0833810055082199,0.15346780564521037,0.12299350559678975,0.12485190354719584,0.17656574972661224,0.07908397646179213,0.08113658018280828,0.1008352109915543
0.05950146175896151,0.156276299362566,0.0737143826638597,0.19806377901301145,0.09826083370088896,0.10868568471266153,0.042866246435529165,0.11852321910168095,0.14410809325084073
0.09408915633637384,0.10136489946126621,0.18973618778200083,0.07458745240232571,0.07396920534522111,0.1225162543665837,0.11418711192610732,0.10557291458766617,0.1239768177924551
0.10256391784897911,0.13928894056770139,0.12989714889379878,0.09033679023567805,0.09197606270583931,0.13167248469812978,0.11213674682913392,0.10245628574576417,0.0996716224749755
0.01851173351040394,0.04149021396433191,0.018716438721212116,0.41230252910145376,0.19113719772652418,6.124801913573523e-06,0.00012862286239210958,0.23666202250130805,0.0810451168104604
0.11299373801516344,0.217293100823307,0.05064601897414819,0.12077770869232916,0.08214469774850294,0.0504408298836826,0.10510740577511425,0.13560362777418064,0.12499287231357181
0.07179012895000747,0.06339065389636928,0.14585161779979405,0.061824085326643914,0.06285508984061136,0.19608348080257207,0.10067216938523516,0.09207708137561706,0.20545569262314964
0.12980798469174962,0.1290656085833103,0.06901415086024164,0.09842349243996755,0.10116937472487458,0.12285377757745158,0.13797417605300458,0.12149134748531205,0.090200087584088
0.12710847162062675,0.12365507413641876,0.06298017618518427,0.10852324477735555,0.10641464103840363,0.1117340714453313,0.12777750051813858,0.12745110828414322,0.10435571199439797
0.11591397870195913,0.1166005543559272,0.09358911666240348,0.07456767025214316,0.08485974865476935,0.17568798149448517,0.141754251246933,0.10738488988077467,0.0896418087506048
0.12545396579979715,0.12310739840533559,0.06742911061799693,0.09961083907015456,0.10151301686065645,0.12577730213418709,0.13261958744109367,0.12303027864394743,0.10145850102683118
0.12710847162062675,0.12365507413641876,0.06298017618518427,0.10852324477735555,0.10641464103840363,0.1117340714453313,0.12777750051813858,0.12745110828414322,0.10435571199439797
0.12710847162062675,0.12365507413641876,0.06298017618518427,0.10852324477735555,0.10641464103840363,0.1117340714453313,0.12777750051813858,0.12745110828414322,0.10435571199439797
0.05654585152501026,0.058073192550405245,0.013040554940991074,0.21956771705323652,0.31091977057995385,0.05758283261275296,0.016940302803854477,0.1251765257573578,0.14215325217643784
0.12710847162062675,0.12365507413641876,0.06298017618518427,0.10852324477735555,0.10641464103840363,0.1117340714453313,0.12777750051813858,0.12745110828414322,0.10435571199439797
0.028608861327310896,0.03371840332048361,0.0426684363267843,0.5658131416701884,0.2051377542455695,0.0002878389428862294,0.0003078692225260246,0.11429817734033447,0.00915951760391663
0.12710847162062675,0.12365507413641876,0.06298017618518427,0.10852324477735555,0.10641464103840363,0.1117340714453313,0.12777750051813858,0.12745110828414322,0.10435571199439797
0.11740528458675531,0.1144786208657601,0.06894432404512807,0.09708057551425305,0.09770381808255287,0.14080278657197304,0.1272741365637631,0.12083429901277447,0.11547615475703997
0.12710847162062675,0.12365507413641876,0.06298017618518427,0.10852324477735555,0.10641464103840363,0.1117340714453313,0.12777750051813858,0.12745110828414322,0.10435571199439797
0.09626306309901463,0.08425441591748896,0.06148691545595886,0.1919262795599348,0.20711237613965805,0.1319885221313665,0.06764837254007681,0.09246767199873074,0.06685238315777062
0.1369055806180328,0.13896648455177021,0.07329574287301817,0.09616824385383745,0.09917636096786976,0.1194076157571407,0.14743506001402185,0.11730862556251524,0.07133628580179391
0.1421246432198461,0.12208731223188228,0.13351861139392848,0.20486767124152608,0.11076370460849749,0.05076984420125027,0.09828920295932618,0.10728042914959052,0.030298580994152603
0.15506156426304862,0.14834907722774815,0.09423665816411664,0.13656335103383585,0.10260413354991534,0.07914103702298758,0.1400249531626925,0.10880858854931368,0.035210637026341786
0.04606934756699411,0.08548781872486687,0.013581872643594324,0.29877296508930434,0.17813841545192255,0.0008045520388220985,0.006872569442099093,0.27321136096298115,0.09706109807941547
0.12710847162062675,0.12365507413641876,0.06298017618518427,0.10852324477735555,0.10641464103840363,0.1117340714453313,0.12777750051813858,0.12745110828414322,0.10435571199439797
0.12547465290141765,0.12311639063905444,0.06737732369761891,0.09970263416969427,0.10156562316108862,0.12562164076410368,0.13257231267651579,0.12307829848550238,0.10149112350500433
0.10245583360526982,0.10296721389425238,0.09118298116735585,0.09268627434029071,0.10690833953594196,0.1957095099669728,0.11454063929891256,0.09822392435657494,0.09532528383442894
0.12710847162062675,0.12365507413641876,0.06298017618518427,0.10852324477735555,0.10641464103840363,0.1117340714453313,0.12777750051813858,0.12745110828414322,0.10435571199439797
0.15507164304737614,0.13879155868914386,0.10189756923628075,0.17405769708254112,0.10793059569626941,0.061464749095573055,0.12128758665832358,0.10832385315801844,0.031174747336473626
0.12196844705185368,0.11870850704403825,0.06718578174310898,0.09894831642967757,0.10066798071255723,0.1305889933492578,0.12960400352237456,0.12307384054976583,0.10925412959736604
0.15159100086486021,0.1485232924557256,0.09620844680413132,0.12353018819236387,0.09992893322526081,0.08912403116050971,0.14449640654954043,0.10865270558318307,0.03794499516442487
0.12710847162062675,0.12365507413641876,0.06298017618518427,0.10852324477735555,0.10641464103840363,0.1117340714453313,0.12777750051813858,0.12745110828414322,0.10435571199439797
0.03767860833414507,0.0758179208703634,0.013898863901801818,0.28280079661364327,0.18493253295288337,0.00042867704603988564,0.003003777171949389,0.3159889180617709,0.08544990504740295
0.08811214003993756,0.08859136547610075,0.10188344297426978,0.12932635754918975,0.13443175678155708,0.1899089843218621,0.08755647560915159,0.08756964982115274,0.09261982742677866
0.06343645845576897,0.08262575399109416,0.02713042533911328,0.16280285086833624,0.08385883663565773,0.08212846717735113,0.07475021121706783,0.11517960329811013,0.3080873930175005
0.11772769778153351,0.11402091421414162,0.06887550203911962,0.0946782188838556,0.09766988594335625,0.14187421339969783,0.1283528403333176,0.12101166127794627,0.11578906612703173
0.1506943298876472,0.1505909630303999,0.089340050492537,0.11313706398579225,0.0985711227812678,0.09659186212863669,0.15037474078825608,0.10943812049070038,0.04126174641476283
0.14486936855346585,0.12556250144074985,0.1273259951551829,0.1975360609193785,0.11011596422091434,0.053349427680318307,0.10311323952281383,0.10755882872887274,0.030568613778303624
0.14661722543778574,0.14925021989270992,0.08466376631800455,0.1023102839725422,0.09699781566491383,0.10780730115420951,0.153818056052164,0.11068524376599426,0.04785008774167595
0.12710847162062675,0.12365507413641876,0.06298017618518427,0.10852324477735555,0.10641464103840363,0.1117340714453313,0.12777750051813858,0.12745110828414322,0.10435571199439797
0.13766514126550763,0.14004016431465238,0.07417038103928399,0.09585997724527821,0.09874849648572709,0.11929307040582693,0.14855893090591493,0.11660582480421207,0.06905801353359685
0.12710847162062675,0.12365507413641876,0.06298017618518427,0.10852324477735555,0.10641464103840363,0.1117340714453313,0.12777750051813858,0.12745110828414322,0.10435571199439797
0.12710847162062675,0.12365507413641876,0.06298017618518427,0.10852324477735555,0.10641464103840363,0.1117340714453313,0.12777750051813858,0.12745110828414322,0.10435571199439797
0.13720600059938462,0.10714226997834299,0.09367041766810769,0.31689399618752023,0.11230319210001506,0.031515109779704356,0.06935358753262687,0.10649150779412096,0.025423918360177267
0.12660977342988078,0.1333690358722128,0.05638401546120549,0.09755628341911997,0.09328273525477664,0.1277889796600121,0.13931724792170377,0.12258142353789736,0.10311050544319113
0.12633837451197955,0.12344997128164055,0.06515028252876993,0.1039057329942321,0.10392559523304244,0.11874261001134652,0.13034605853235115,0.12522023999182605,0.1029211349148118
0.12710847162062675,0.12365507413641876,0.06298017618518427,0.10852324477735555,0.10641464103840363,0.1117340714453313,0.12777750051813858,0.12745110828414322,0.10435571199439797
0.13891052038607687,0.14172274989744127,0.07561764826790181,0.09561511433587551,0.09812660589360933,0.11881812210598082,0.1502023752537118,0.11551224797312067,0.06547461588628205
0.1544064311872743,0.1697246782999625,0.07635842571074102,0.12518894962855198,0.09571417771480302,0.08130299981100574,0.14675820022289443,0.11183029789738398,0.03871583952738305
0.09643261345641131,0.10183633603952526,0.14414057947563877,0.08036418086216414,0.09397825708309071,0.19335860130305993,0.11343841750895522,0.09089538917482103,0.08555562509633373
0.12546237421616444,0.12311105835177212,0.06740806799703153,0.09964810701753558,0.10153438018023038,0.12571407694645884,0.13260040169193557,0.12304978079194225,0.1014717528069292
0.011025576813257063,0.0294511140691336,0.04938052710586809,0.514823988518831,0.20308358941258478,1.342584019486716e-05,0.00014340357880792396,0.17011383233405317,0.02196454232726946
0.09588529688025778,0.0920185683331297,0.10004103790625622,0.06306554076579605,0.07465645737634831,0.21681909113283396,0.12665653777295902,0.10050473182014107,0.13035273801227792
0.031999672821775675,0.08429273458254706,0.0154864468044518,0.17441866812301196,0.1517929628363994,0.04606880924683763,0.007938332871840844,0.22750225496942558,0.26050011774371007
0.1498534815658609,0.15050819873703405,0.08838561500363906,0.11033638502580338,0.09810852243097523,0.09921768605110189,0.15144844580417857,0.10963328073013628,0.042508384651270666
0.09954726587471917,0.0995611071101581,0.1564372995509655,0.06274165470133886,0.07320258110425919,0.1893720932895607,0.12957960306017968,0.09679250653777201,0.09276588877104693
0.1478093266493604,0.1686799989953066,0.07037594959929952,0.1045878321483832,0.09084574503373223,0.1002754750688656,0.1556681186604228,0.11292052774041506,0.04883702610421464
0.12098206707556446,0.12147233657732626,0.18288127388544392,0.10351000272820943,0.08943323976940254,0.10762747101999452,0.12376894151338047,0.10288914195808811,0.047435525472590355
0.016333292582076702,0.037222817279574785,0.020365062231463674,0.45704076473115335,0.1782957939395151,3.7292330565332185e-06,5.010554186865962e-05,0.24003640795467565,0.050652026506615544
0.15715829349858293,0.13897250028310595,0.09677112044670517,0.1805769631147434,0.10892399845495516,0.05854318627591663,0.12032718882697689,0.10832567583323532,0.030401073265778494
0.1263336034093163,0.12344838545229168,0.06516303973565328,0.1038801731999827,0.10391152379811563,0.11878298559885288,0.13035994013195298,0.12520754268204573,0.10291280599178877
0.11370926925302183,0.14204772912477906,0.058533005514719204,0.07804064747639579,0.07180193872413208,0.14575458088635634,0.14544540143719423,0.11563268231062944,0.12903474527277206
0.11210398856735948,0.11326142503907273,0.1090726081991052,0.06956011958897064,0.08050335755981856,0.18521880241227126,0.14113826099818103,0.10314823381857781,0.0859932038166432
0.12064647637473946,0.15395399083586217,0.056242263243875684,0.08311354380631099,0.07455585442222092,0.13739378308442315,0.149559871609126,0.11606869038085843,0.10846552624258321
0.12710847162062675,0.12365507413641876,0.06298017618518427,0.10852324477735555,0.10641464103840363,0.1117340714453313,0.12777750051813858,0.12745110828414322,0.10435571199439797
0.07041555703283327,0.062384731784434176,0.01950812666029382,0.20290174032628994,0.2708506109648154,0.10483875202611155,0.033835817194660105,0.11011998604909314,0.12514467796146872
0.12710847162062675,0.12365507413641876,0.06298017618518427,0.10852324477735555,0.10641464103840363,0.1117340714453313,0.12777750051813858,0.12745110828414322,0.10435571199439797
0.12710847162062675,0.12365507413641876,0.06298017618518427,0.10852324477735555,0.10641464103840363,0.1117340714453313,0.12777750051813858,0.12745110828414322,0.10435571199439797
0.14736240426979422,0.15343962055654348,0.05755804061856407,0.10229442172651715,0.12599454363439733,0.08745025114365718,0.1440213296415678,0.1177870575087851,0.06409233090017367
0.11546333611161413,0.14169314278911516,0.10481188457871864,0.08188430057038726,0.07617393069571116,0.13369577726638834,0.14004374750181373,0.11161781534872171,0.0946160651375299
0.10669948711007611,0.10229130693681075,0.07533300373725084,0.08154857399728936,0.08822732063143772,0.17665755449387555,0.12588520742933115,0.11335345877135929,0.13000408689256918
0.11324721488587201,0.09006315066789383,0.1667421333728226,0.30637357368891854,0.11531753256360483,0.02753396980401461,0.05436172259559208,0.10110166170655967,0.025259040714721858
0.08026422246464492,0.06840309843218616,0.033943387544579255,0.19395525000032068,0.22240729246928334,0.13802101860199867,0.05209006706976377,0.10124320663393577,0.10967245678328745
0.13587762448978202,0.13474876636056424,0.1382538551285113,0.11465995438221809,0.09482427256871963,0.1007725542176074,0.13366475723393292,0.10574028630202943,0.04145792931663497
0.0675036475338834,0.06449776082206753,0.36347585791923737,0.12929640189579114,0.08609864218691454,0.026123441040827814,0.05551618358123769,0.09865920192028908,0.10882886309975152
0.14183426083256181,0.1452196146267953,0.07905320854599358,0.09640193736923923,0.0971128582269008,0.1162619984111456,0.15297640766349016,0.11327349313528873,0.05786622118858476
0.10707931587520968,0.15598284459803255,0.06721311958453305,0.1483955285548121,0.13365669125895072,0.11296172265667226,0.09367465404685539,0.10209490676732057,0.07894121665761371
0.12710847162062675,0.12365507413641876,0.06298017618518427,0.10852324477735555,0.10641464103840363,0.1117340714453313,0.12777750051813858,0.12745110828414322,0.10435571199439797
0.09153280675802013,0.09921136865205334,0.18280918578500618,0.08197447467617593,0.09328756823193946,0.17438114331116297,0.10535483556905817,0.08823593212635523,0.0832126848902286
0.05343299440454283,0.05664572727553238,0.013262100128102722,0.21582664295490409,0.3182527556517,0.06356657570926473,0.013697901598797654,0.13011638434776526,0.1351989179293903
0.12710847162062675,0.12365507413641876,0.06298017618518427,0.10852324477735555,0.10641464103840363,0.1117340714453313,0.12777750051813858,0.12745110828414322,0.10435571199439797
0.1274457798869408,0.12662139516235812,0.07283976694242775,0.09158511946426678,0.09762125662962885,0.13464041186796386,0.1404122867373967,0.1186336646852469,0.09020031862377025
0.15711270166302596,0.1414094411038199,0.09663944071109522,0.17035926163611478,0.10763888563553368,0.06240730901066326,0.12475199339915383,0.10846635085361811,0.031214615986975267
0.12007663374640427,0.1982469820271828,0.044140628957474136,0.09974190895936985,0.07376343216579462,0.0849657940625913,0.13485692919657313,0.12573795597362433,0.11846973491098556
0.1578013521843324,0.159213029370154,0.08335716312768522,0.17236955028897574,0.10401644759638888,0.05732004022201621,0.12280029845521669,0.11187694212387413,0.031245176631356734
0.12710847162062675,0.12365507413641876,0.06298017618518427,0.10852324477735555,0.10641464103840363,0.1117340714453313,0.12777750051813858,0.12745110828414322,0.10435571199439797
0.028044783963530676,0.052080511056797084,0.014999989206325455,0.30199539922737934,0.28065562065739985,0.000899399885714868,0.0010186391830985218,0.20198946456106248,0.11831619225869179
0.12710847162062675,0.12365507413641876,0.06298017618518427,0.10852324477735555,0.10641464103840363,0.1117340714453313,0.12777750051813858,0.12745110828414322,0.10435571199439797
0.1263166927707433,0.12344273831917431,0.06520820434064828,0.10378982620533866,0.10386175835926903,0.11892584396029994,0.13040897609874216,0.12516262960995841,0.1028833303358259
0.12710847162062675,0.12365507413641876,0.06298017618518427,0.10852324477735555,0.10641464103840363,0.1117340714453313,0.12777750051813858,0.12745110828414322,0.10435571199439797
0.01006915324557537,0.030769301377351083,0.042441070504125294,0.4937444015000185,0.17159149449745084,1.0275687377798058e-05,0.00024033682846457189,0.1833145339490269,0.0678194324106096
0.12710847162062675,0.12365507413641876,0.06298017618518427,0.10852324477735555,0.10641464103840363,0.1117340714453313,0.12777750051813858,0.12745110828414322,0.10435571199439797
0.05587377550994629,0.04502007623222378,0.11432656783588475,0.11084804074587658,0.06676379796940739,0.10594939887615484,0.07836928489561251,0.1073603114757145,0.31548874645917935
0.12640354008868707,0.1234712984027694,0.06497537691221388,0.10425796676056841,0.10411917222477074,0.11818799923848129,0.13015435852414137,0.12539481944898564,0.10303546839938228
0.09307449568931336,0.15720413509676004,0.04748861163614302,0.20896045816034214,0.08335201216657116,0.12151474034618481,0.09374283040340776,0.09806117356615757,0.09660154293512017
0.12710847162062675,0.12365507413641876,0.06298017618518427,0.10852324477735555,0.10641464103840363,0.1117340714453313,0.12777750051813858,0.12745110828414322,0.10435571199439797
0.11415828505127218,0.11509804758436593,0.10016499942481011,0.07198241093437431,0.08271257895888058,0.18094087484776203,0.14174653176551252,0.10530927679448837,0.08788699463853396
0.1491893469890108,0.1489252971141582,0.09399706594746582,0.11321112759899872,0.09794849494092424,0.09801691002459524,0.14886191006088992,0.10883012127825709,0.041019726045699936
0.15664445923006884,0.14466621612083078,0.09604057447259869,0.15584205117131478,0.10562535167722686,0.06873132016146286,0.1312139487023549,0.10862403619879729,0.03261204226534494
0.1279779160567495,0.16329367788810023,0.03549850066865622,0.11344885982117874,0.08309016835216164,0.09899483525216717,0.13728535698790076,0.12849376423747763,0.11191692073560805
0.14171614840311464,0.1733099889519559,0.054971286100656123,0.09951693551554182,0.08657317777992087,0.10709732042490709,0.15621151232954975,0.11648388023753958,0.06411975025681417
0.1254965906283768,0.12312588109667143,0.06732234619856821,0.09980036853277634,0.10162158165707297,0.12545616432113454,0.13252191221940154,0.1231293656763824,0.10152578966961572
0.14004429325218518,0.1397245471631,0.12102433725607104,0.11153784174877235,0.09504916776626265,0.10403197170386076,0.1403854891855906,0.10649285597742353,0.041709495946733864
0.06343816373986501,0.05977657403054571,0.041565312082430604,0.18730443864001237,0.28864811111858013,0.1059075758565442,0.029782616753770492,0.10149725668056632,0.1220799510976851
0.10227990635121986,0.09864863409578324,0.091748472699491,0.06714337926893553,0.07954975280080097,0.20321175251237256,0.13076226950938521,0.10484144499951276,0.12181438776249888
