0.052839536443892575,0.3037096569480044,0.003044484781481833,0.03683915767333583,0.08295844380030494,0.09964737945257156,0.1965149154696972,0.08251346907598765,0.14193295635472417
0.056613432578633584,0.012665459955115713,0.004302908302553434,0.4619223566765267,0.03712974635938173,0.14100998125292522,0.14239459284520298,0.043708719074863484,0.10025280295479716
0.11428726738842049,0.06046124838011868,0.1671083304198168,0.07159931140929904,0.1234299163968573,0.11317370984331711,0.10533436943000953,0.12349215150656824,0.12111369522559283
0.12367287933166125,0.08713893539487756,0.12358830170108286,0.058308701800004435,0.16621106557691384,0.11794313146390355,0.11559553181142779,0.07322494012677733,0.13431651279335147
0.11829586528748852,0.03419885787434775,0.023734156099480874,0.30514044602660234,0.05988501312685753,0.23379671385901,0.10689387747537155,0.05849057377566974,0.0595644964751717
0.10366558252868936,0.20562529531533133,0.16179770845906036,0.05886450906628957,0.12854275841897636,0.0987190568845268,0.09179751422579872,0.04484042166155918,0.10614715343976831
0.12972203846118688,0.05551488009784594,0.08404968475685827,0.2015159995767765,0.13853600975757455,0.11019883921894852,0.11844923159116903,0.04313122296245675,0.11888209357718355
0.10943513299432261,0.059731570853719385,0.15411295880399425,0.07377513349869791,0.11533304305588558,0.11369079788885983,0.10681639471001973,0.14668583982738218,0.12041912836711856
0.10895795524848333,0.14708409338276646,0.06579998664915952,0.05400467792216876,0.1615284909358042,0.1191064057405428,0.1341558064403626,0.06660275476311049,0.14275982891760178
0.12416923883246055,0.06799957073465596,0.17310237457760222,0.06355223809841969,0.1487546589839644,0.11299836441779375,0.10391188910551147,0.0814737340067895,0.12403793124280245
0.12433869111353464,0.0743149856675545,0.17108571823343321,0.09736940918113011,0.1369024875283029,0.10994229408053942,0.10372707038672375,0.06555926388777396,0.11676007992100752
0.11827750424159267,0.07317342556008535,0.1774962279399417,0.0687263347331481,0.1335503539553546,0.11253012704086529,0.10351820019201652,0.09160675971455501,0.12112106662244082
0.11773647515250475,0.029795350477368185,0.006274662328159515,0.20256022730923662,0.03725936030756609,0.3813471021373229,0.11166716687287709,0.06783908600121596,0.045520569413748845
0.13994115206183658,0.0826005292408543,0.16537073808310576,0.09310088186865506,0.14486160260713976,0.10815943076203345,0.09950285575209082,0.05797984755562547,0.10848296206865887
0.10954991794874608,0.10401370161983647,0.16529635797904224,0.0733710503373019,0.12012784114532242,0.11212862214466045,0.10533234591130596,0.09089352093003981,0.11928664198374465
0.08727885681745566,0.14644320558118137,0.018831975711404873,0.048349944409940476,0.13588140751872188,0.12083605704081252,0.173506294441108,0.10969851126796142,0.15917374721141386
0.10860824979483652,0.02915425899044033,0.07045895331086931,0.3164445036181535,0.09454644218774776,0.10661258781172261,0.11684693228497234,0.05100997842362742,0.10631809357763018
0.12254230390122595,0.0983145082619548,0.1317007912846653,0.05864771096349445,0.1631623025488781,0.115622207747763,0.11293488637154804,0.06588913786906847,0.13118615105140183
0.10388304187042158,0.1857794864704161,0.16758719958382481,0.06401721660625855,0.12298689363701172,0.10171533526874199,0.09424460349398078,0.05123613068458638,0.10855009238475816
0.07283195266437313,0.03914057288265939,0.05863542243154111,0.07510501493141981,0.0701448649808169,0.10221509118571258,0.11174995730580162,0.3605815650564789,0.10959555856119657
0.1959996052933206,0.06954491802847546,0.04960234329592431,0.15895423232690886,0.09311040298133282,0.21326954317177535,0.09564816033428157,0.06952968227258677,0.054341112295394345
0.14728862386153144,0.20012023245622093,0.10798960675257262,0.05498565048469057,0.14945971741744257,0.10566050407391658,0.09580415579429702,0.04421360025935082,0.09447790889997748
0.12179138956907763,0.06868454320946278,0.15117516858803906,0.1327029189051705,0.12249691526148625,0.1027773794908981,0.10762040707892755,0.07816319029689282,0.11458808760004528
0.11276595015576163,0.05960581075948538,0.16330528572825617,0.07236772368105372,0.12061795648597168,0.11322859297415876,0.10590920977370467,0.1312211858072011,0.12097828463440687
0.10518196802701195,0.19978909911572804,0.07867565627275475,0.05229609374865137,0.15431513676702502,0.11107246419869626,0.11943428170210761,0.05058367501676799,0.12865162515125703
0.07899879718996466,0.343212545615386,0.13954371496343165,0.05381413647576729,0.09806630979266301,0.08331942859476359,0.07881033203057845,0.038421027413708876,0.08581370792373649
0.10866981321570636,0.0663450142256102,0.15412886275759663,0.0747664348908493,0.1144671238710257,0.11364046771039088,0.10789274553340389,0.13920738200391106,0.12088215579150598
0.12271859946344744,0.09584516773504892,0.1529897284651048,0.06033411204854026,0.15692654953530533,0.11286453610068874,0.10770447218572589,0.06409651992737174,0.12652031453876683
0.1177997669472554,0.1189274703280726,0.1701297115687218,0.062032424040073454,0.1454199490704874,0.10878001638151681,0.10085671802800523,0.057384786097581963,0.1186691575382854
0.2019741984054503,0.16053601586927754,0.032147433596957986,0.11669213579681871,0.08821549974446041,0.17680787585923574,0.1076220269322919,0.055454009050235765,0.06055080474527167
0.10974712293659432,0.18348788561123433,0.1054911028680251,0.05420591668444155,0.15397916198218645,0.10892471113079553,0.11135393559935014,0.04880049550339521,0.12400966768397731
0.10444221481015921,0.20385558006714233,0.07806392917748671,0.05224917848697517,0.1528056814069917,0.11028210465446482,0.1197554144303427,0.05009537187174377,0.1284505250946936
0.06871053824969318,0.416229109976843,0.11833466493377794,0.04570686973865875,0.09289432884443292,0.07538326264332901,0.07359353705404996,0.033402782228794205,0.07574490633042101
0.10985359122451067,0.14528834285793443,0.17353083122241728,0.0660606786404659,0.12873966054776642,0.10620659434306583,0.09815473551473412,0.058435807302486764,0.11372975834661865
0.10731883595879356,0.19478194301064186,0.0932652444989432,0.053232218312747666,0.15340370398029343,0.10921987812908336,0.11445316350788848,0.0488669613270817,0.12545805127452672
0.1197750650796987,0.10205581394559304,0.17356076265278833,0.06318990318444763,0.14581131094234415,0.1103086455921916,0.10186197148707136,0.06315523664527066,0.12028129047059444
0.0589464121653975,0.06889811850034767,0.005642650942675337,0.10248019463493689,0.03897115005372905,0.12805043144299047,0.14114782894682912,0.05613382085002142,0.39972939246307265
0.12259165798187059,0.05200982748498626,0.1758398110969185,0.06563917782920985,0.13955038286670296,0.11233928019933041,0.103386148691973,0.10551139766049182,0.12313231618851657
0.1158957221005612,0.06140495005032226,0.17082910134906512,0.07067654726447932,0.12658358963854463,0.11306982996480058,0.10471819842919095,0.11557473607704061,0.12124732512599527
0.12302462413697009,0.13618435731525544,0.1694405092768619,0.06894769824873014,0.12954796503872865,0.10478978397580012,0.09712533828472784,0.0640295566703372,0.10691016705258861
0.13470211519348055,0.1304539943486429,0.02524705131739054,0.10772708211672981,0.055567030853404864,0.1175467506747422,0.16942712307851296,0.04484845447669489,0.21448039794040127
0.12370635052830577,0.013645987482371849,0.11685333881672212,0.05003152642908034,0.11512071523278537,0.09340247463287561,0.08420575481398691,0.30040683332016926,0.10262701874370271
0.07283195266437313,0.03914057288265939,0.05863542243154111,0.07510501493141981,0.0701448649808169,0.10221509118571258,0.11174995730580162,0.3605815650564789,0.10959555856119657
0.11749914144376529,0.06612929175849959,0.16350008089881088,0.09319975205559781,0.12362231840536796,0.11194725106194371,0.10775865610854507,0.09702742765935546,0.11931608060811422
0.10334008276431815,0.05472947016288398,0.13756061935634825,0.07533201697563806,0.10565926379059558,0.11249832394853083,0.10875277081966768,0.18262673381361472,0.1195007183684027
0.12313213762913687,0.09487893235939782,0.14601308097827248,0.05964256153345097,0.15992258107395188,0.11412449456077957,0.10907602116527892,0.06518568502877338,0.12802450567095813
0.15079581882566026,0.14148391376163671,0.1436484587672587,0.0859832663215127,0.12495983682059604,0.09237391346029954,0.09368272805055156,0.0765481219470694,0.09052394204541514
0.22141073902955002,0.046503483955211054,0.10002680953131904,0.06698606469148029,0.14019213670620473,0.1058841406512423,0.09075313411053827,0.15114620748448157,0.07709728383997273
0.10997762017494443,0.02006684174025759,0.1422307780297231,0.05914607127098385,0.11236860458859917,0.10179066927193803,0.09296368144947069,0.2495214090692591,0.11193432440482409
0.1306456263576036,0.11385803142733675,0.15630116390270468,0.06490749903592442,0.14772354482063507,0.1038431922690664,0.09716760886591021,0.051973383031873065,0.1335799502889458
0.11484430252462045,0.08653636359816576,0.0654857829858282,0.05531086138619084,0.1646810920609511,0.1239385911872779,0.13942030692652127,0.09953307119138925,0.15024962813905518
0.08203618686099934,0.04349729964803098,0.06389435699455943,0.07872726752779931,0.07381827346348897,0.10057683848030174,0.10978583066446786,0.3446032856534682,0.10306066070688412
0.10344776014012776,0.22519433887651938,0.14853369577909312,0.07602141221057289,0.1262313464909842,0.0936166743584988,0.08836988872156015,0.03956193464889062,0.09902294877375319
0.09676203420217293,0.27080142673093643,0.09686223091456155,0.04967629492416814,0.13647517099437625,0.09794727252373292,0.1011288990595679,0.040667002803379565,0.10967966784710433
0.022916739720270723,0.47209413912813786,0.0004310279486289129,0.04197437610126594,0.027008923871105678,0.0672156868428946,0.11814343973728147,0.026434973349046913,0.22378069330136788
0.1046567451893915,0.2064111079391241,0.15677205939582314,0.0573384721682556,0.132399079307905,0.0989370263968881,0.09262190517679787,0.04386143482499346,0.10700216960082125
0.12450851808752568,0.07452985221129588,0.11869810933991824,0.0583465586153763,0.16628340576234169,0.11896577627143738,0.11822050373544184,0.08329615644089317,0.13715111953576983
0.12133059962511039,0.0651538531570164,0.17820650625965806,0.06656134736003322,0.13935512416787318,0.1126312153791313,0.10313477471054493,0.091499731132565,0.12212684820806753
0.11159003805110379,0.055453492051905605,0.15214590445473095,0.08398131068476011,0.11537811507947858,0.11289565576719791,0.10821548582784979,0.14049177402887092,0.11984822405410235
0.1268526623729424,0.07509848782848232,0.1537497249508042,0.13061642583059474,0.13763887695233895,0.10809604092346163,0.10406020484715373,0.0508795918448634,0.11300798444935868
0.12134411477996716,0.06410069449549027,0.1517862050937648,0.12995451135574712,0.12413782642479543,0.11059539459992103,0.10862642486202,0.07383054157756087,0.11562428681073329
0.05281394918790328,0.5212839991997644,0.04943791391845694,0.04101465572236685,0.07534215740324167,0.07792153285360665,0.08314346480157321,0.02681049091434908,0.07223183599873782
0.09594026950120778,0.4579227099802902,0.04191735030965238,0.04330903755141258,0.09951449153517151,0.08119741225313024,0.08383257559944209,0.030934519094474536,0.06543163417521868
0.23674418538750452,0.08256057151435418,0.0478758633297885,0.08834245796903618,0.09987494533109019,0.23656993836709106,0.09085534157367947,0.07132097514364222,0.04585572138381371
0.1807781761046724,0.13155966774580988,0.1198129598406447,0.08056823228752447,0.12064334339307829,0.10988812202936526,0.09414510442259477,0.08631759881517109,0.07628679536113923
0.11208984390283894,0.06860487449929427,0.16376030294154878,0.07314603279001812,0.12043726665712429,0.11348086160507824,0.10640190680888938,0.12103439537203864,0.12104451542316937
0.12374939768565317,0.06990264409252829,0.17461951636193182,0.08608218407300368,0.13790965825503218,0.11141643085987403,0.10326502056143155,0.07463167927121245,0.11842346883933284
0.07132511521504718,0.40920402477682805,0.11107342238136035,0.06391459892167861,0.09247049652586715,0.07474176284310068,0.07136888019106634,0.033380108718937186,0.07252159042611449
0.18696926074259543,0.12162389681419261,0.13067337133627235,0.07728763239120524,0.1256295261314027,0.09838822879197427,0.0970645114613925,0.06656955536873192,0.09579401696223296
0.1256010914720643,0.11132247162306523,0.17146346828490858,0.0683165586140173,0.1349431605329234,0.11518440494135684,0.0998058896716852,0.06363521531729766,0.10972773954268152
0.10380123474281196,0.2954277764452203,0.08854786629404761,0.050537353006740504,0.13059661028843134,0.1028176681270485,0.09589678381200416,0.03768536365819311,0.09468934362550256
0.08203572843443609,0.01869654168587009,0.028212774859476816,0.43511489802121356,0.06159397469572722,0.10208824081388208,0.12370033677999485,0.0489912559239824,0.09956624878541682
0.12250142978806662,0.06847578699728703,0.1619775003576287,0.11314354530615676,0.1291473666784522,0.11046124588901325,0.10636515508860635,0.07167651043439166,0.11625145946039744
0.10177316361111066,0.21600370656987222,0.070387478823402,0.051385869155001755,0.15063168038393393,0.10978953237918705,0.12162552785941172,0.049769661512774545,0.12863337970530606
0.12320708857951318,0.12283594545109873,0.161086768850466,0.08354134981562404,0.12343097378663048,0.10667304459694767,0.10057070759943948,0.07177439764966681,0.10687972367061353
0.09968629801482526,0.1419474172019686,0.04419877430640302,0.23507928462458624,0.10584800768437792,0.10902887752952091,0.12069762041861416,0.0347083027049813,0.1088054175147226
0.14149867050568535,0.12306658630335354,0.1619129426021733,0.0649127817234976,0.1436906351292293,0.11113249155199112,0.0960262119220845,0.05583542736210068,0.1019242528998846
0.11424490259838842,0.08272255266238522,0.15898845849771526,0.09447667562867042,0.1204779045549262,0.11202957782804474,0.10790444862617994,0.09070128553476409,0.1184541940689257
0.13120529832805397,0.08597056255716733,0.17026889311906981,0.08009971007563549,0.13295021204582894,0.108798967882756,0.10107385513438129,0.0791427073931525,0.11048979346395461
0.12078320038173342,0.08746610537901371,0.17710056357619983,0.06466091363568184,0.1439489882169013,0.11140232142050949,0.10241085552798052,0.07106831740745347,0.1211587344545264
0.1237095562596342,0.06213603215514715,0.16010496579516223,0.07456393676358021,0.12242981400221814,0.11928255633960187,0.10583145617979046,0.11824638057012588,0.11369530193473983
0.1339605204983991,0.07855628158420792,0.17120386446934022,0.06970113067350178,0.14168926594566608,0.10588496531518254,0.09893810856576285,0.06628550978324961,0.13378035316468992
0.07096530613364123,0.40438353239183655,0.12113070308609986,0.052393882391270595,0.09305538263979667,0.07563293466154779,0.07295433718594505,0.034035878586700284,0.0754480429231621
0.06286833804729193,0.44469935224565943,0.03837205895099808,0.13677832461675898,0.06872944978949848,0.08148762722619494,0.07423866519238058,0.029704745084323168,0.06312143884689435
0.15273775402921907,0.028292933817330654,0.0032599865809935014,0.12196526310653831,0.028982063756813115,0.39660768047561074,0.1340033732121674,0.07981708129151698,0.05433386372981027
0.13363083584076188,0.0652261154682864,0.16909530270361692,0.08031076761581203,0.13315205666685714,0.1098106237553711,0.1018422496995655,0.09518249972264331,0.1117495485270857
0.1166715387438567,0.07159740165832239,0.17476706431917907,0.07009570263874454,0.12969869108227974,0.11283560512382296,0.1042222824439097,0.09903970255593116,0.1210720114339537
0.1456351769535538,0.10535336907684885,0.05984468292877351,0.05458016028298678,0.1689995889576381,0.11763324667195456,0.1293799601112763,0.08816046594719769,0.13041334906977028
0.11847131401416262,0.0757922933803621,0.1775938533560464,0.06830776344591756,0.13479290879315778,0.11275621103178113,0.10288396153800076,0.08868297250917985,0.12071872193139166
0.12759007712732803,0.442249077401103,0.020149587862087443,0.041036922164087004,0.09056017533623391,0.10441923764154872,0.09111849598759335,0.028356222045844464,0.054520204434174074
0.1259828441067257,0.06386475827418027,0.1559292255604775,0.13147613350292908,0.13245621708337357,0.10944090023019393,0.10595601504045239,0.06049796537389148,0.11439594082777614
0.07283195266437313,0.03914057288265939,0.05863542243154111,0.07510501493141981,0.0701448649808169,0.10221509118571258,0.11174995730580162,0.3605815650564789,0.10959555856119657
0.11618981802705386,0.0627461603890793,0.15905405557961425,0.09330390210747645,0.12126412544795921,0.11268349603292188,0.10811873126354556,0.1073086781994858,0.11933103295286367
0.1378055013055168,0.06902212980145954,0.15229291723904007,0.08935621580227378,0.15880632101654832,0.10730226537347225,0.10519792510934439,0.05993426854634598,0.12028245580599889
0.10618823822302255,0.055035186449624594,0.1385681219216631,0.08603172260654497,0.10727247348105773,0.11230193011933672,0.11058106189024985,0.16446075150953857,0.11956051379896189
0.04765981100541251,0.46622430997713793,0.0071120575842466005,0.035143358672037855,0.07632458309603939,0.08420604704668529,0.14510845586348,0.03396543059693442,0.10425594615802597
0.11134572344918896,0.0678254848866101,0.16165106998651455,0.07353329407947999,0.11905128496613539,0.11353900841155505,0.10674272504706285,0.12528554282671014,0.12102586634674305
0.12453004890753744,0.06848910647272119,0.17118117414011425,0.0630833514530671,0.15030191000859436,0.11317249830334164,0.10429154361295974,0.08041187599184108,0.12453849110982318
0.1391521453426594,0.033853462758117805,0.09951985642053161,0.09170424518916569,0.09751612492582253,0.09923393629835846,0.11078966823973457,0.1354277773007718,0.19280278352483804
0.12232725299088758,0.06659272625376166,0.17259980328686297,0.08896819365759905,0.13337161068581926,0.11144786374916461,0.10468189663666194,0.08126125666473484,0.11874939607450802
0.14046276205617148,0.07211064758679449,0.1670355970292319,0.07168233252843709,0.13385141188290586,0.10800569080914074,0.09970575680044959,0.09961579963827129,0.10753000166859757
0.09349386666271964,0.04906794015070204,0.10515975010931922,0.08703039441553966,0.09111063998806142,0.1094256458717932,0.11260521748981367,0.23580029765494517,0.11630624765710595
0.10115653075361991,0.020483391201246117,0.0057700009652599206,0.2594215430532958,0.033370794268169975,0.36822493397218503,0.11179958384378252,0.049911952811268534,0.04986126913117218
0.15040970740488077,0.1055336696728405,0.1579253920027178,0.06360042692983515,0.15125498982212848,0.10531038166065408,0.0970261737307875,0.06366895647595468,0.10527030230020108
0.12044591014873972,0.20467787437324572,0.15039294626298486,0.0835097312592148,0.12575535009081476,0.09470504589360372,0.08677218538232091,0.04259576192695597,0.09114519466211947
0.10142287943230631,0.05378216495973962,0.13226322647579758,0.07563966954746089,0.10297757128234908,0.11213945048567588,0.10915169014362054,0.1935745771391828,0.11904877053386731
0.1142677839256402,0.11428337560856065,0.17749117076637408,0.06723940025691467,0.13252979191736486,0.10893103928388231,0.10118793167377653,0.06642998129615309,0.11763952527133364
0.16653331368486238,0.03435224541011262,0.005703000009497815,0.0985759859864103,0.03210920051152022,0.37355508924660424,0.13165288129341327,0.10928102843435587,0.04823725542322318
0.11737292364259512,0.04345929398169796,0.06920735007532809,0.27381581531765115,0.08838692081805992,0.12014563968396101,0.11659596652935118,0.07643453826240465,0.09458155168895088
0.12218984043830705,0.09156684227297775,0.16882449822742904,0.062266223586007204,0.15080532182765796,0.11176673941448106,0.1036784772582817,0.06606310433533989,0.12283895263951834
0.09183192017545581,0.04770221130491503,0.05564947202303191,0.08471553291837625,0.07315273627786656,0.09618915260503907,0.10740767571808497,0.35348796296976065,0.08986333600746975
0.10678819969786761,0.01645376378272539,0.13298515565359567,0.05602532270978192,0.10691625467433756,0.09795976959109327,0.08940192093275164,0.2848907486061471,0.1085788643516999
0.12734335914218975,0.07853609180271147,0.15508494258414882,0.06896151835619105,0.15889674796121092,0.1133906124520168,0.10724955246719027,0.06488949592292677,0.1256476793114141
0.22209689512075848,0.11096540149450251,0.10563366621571942,0.06441306633134253,0.14846031580867672,0.11176208953689674,0.09126471413440244,0.06881711186915422,0.07658673948854691
0.12005065063946885,0.43212482344314584,0.05079869664121287,0.05004357626230336,0.08569306426436407,0.0879328147657271,0.06960466111707858,0.031220961845373096,0.0725307510213262
0.1672822488205361,0.08578963848977057,0.1554299850391291,0.06707188170202903,0.14758413715775529,0.10482440980737406,0.09533796679490403,0.0780569909722162,0.09862274121628556
0.18138998511836416,0.209820163879377,0.10799477765541125,0.0712524862324947,0.11866564500661701,0.09545706459892156,0.08572481040030794,0.06267445131189138,0.06702061579661495
0.12992908865850236,0.11518470576936753,0.1710880123234253,0.07982115686009683,0.13210174806214048,0.09410974516628672,0.09670743372061995,0.05589802985938228,0.12516007958017858
0.12003847185288524,0.07424734215032315,0.17890467280606037,0.06708548123243452,0.1381059410814408,0.11227962721730718,0.10299330593931744,0.08495696647346253,0.12138819124676868
0.1245442584461145,0.08133857483688878,0.15695494357442855,0.06086614801775022,0.15736107863407067,0.11396427921978237,0.10711832883940209,0.0708753542283634,0.1269770342031994
0.12430867419737905,0.06818252055831359,0.17242054843597368,0.06337505090734433,0.1493358290087057,0.11305914256638742,0.10404443966634609,0.08105544232479571,0.12421835233475442
0.14230701609764015,0.07392327297884721,0.17047507582667834,0.06823219253402048,0.1417755175215186,0.10805593335072229,0.09901414702724849,0.086799329178267,0.10941751548505736
0.12950258085167723,0.014116828103580552,0.11675060693337175,0.05093069664398577,0.1161186384564638,0.09321528774077865,0.08378610708660794,0.2953480094270914,0.1002312447564429
0.11751926420870118,0.022450434562823533,0.09443212816672564,0.051033760834062934,0.14057993730641508,0.10934641533744782,0.10770226521976689,0.22711427096094935,0.12982152340310749
0.12618831722040483,0.14604959953010507,0.1515544128947378,0.06031243019125465,0.14682195586598498,0.11221038773246846,0.0994690136987984,0.048520352557544257,0.10887353030870141
0.19228562036779814,0.11371201683900195,0.13333544551508034,0.06804180140584118,0.14295670735354307,0.10177871875731416,0.09125305512505062,0.07258082020685219,0.08405581442951839
0.11209974852540816,0.06804703396512335,0.1636542948556229,0.07312682565860999,0.12039159708785734,0.11347746928364717,0.1063978835739592,0.12175777302619938,0.12104737402357252
0.1363865369138377,0.07192711641116707,0.17294913448108828,0.06660948615372919,0.14419194592577342,0.10941121787413334,0.10024733497786188,0.08436219385228098,0.11391503341012814
0.1468238533941978,0.04128690444839362,0.14438013243772777,0.07286467217095925,0.13451110272245473,0.10389640685268604,0.09792065385873477,0.09866558250648881,0.15965069160835726
0.11913288364588966,0.07437168225683723,0.1692727102585904,0.09004277513986421,0.1285686141111496,0.11154417706000895,0.10552009841587569,0.08307468957102396,0.11847236954076029
0.10626784068118127,0.0561945937605447,0.14568985894161637,0.07469418855674233,0.10995099738343504,0.11291812427883062,0.10802663335125641,0.16616324792202405,0.12009451512436921
0.10252042161874521,0.2174662065591597,0.1570550530666311,0.05723207230771263,0.12899443895204618,0.09746476729538733,0.09107272523529752,0.04318787424927465,0.10500644071574562
0.11710878073383979,0.07214959291204247,0.1756343510654731,0.06973417448906054,0.1307334920368954,0.1127475725626706,0.1040141339527828,0.09680661184457584,0.12107129040265945
0.0736961208383823,0.01662155849248508,0.015751234646581496,0.46166460391993613,0.04975400682049939,0.11992551421965818,0.12569199164038836,0.044282812714103344,0.09261215670796567
0.044749078092339516,0.011655032578136978,0.002412420248411319,0.4861251627649697,0.029043629126746056,0.14038977186307,0.13898138082550424,0.04964830306586764,0.09699522143495454
0.11216504040522934,0.1489525192283302,0.1710326286531921,0.06217512538633611,0.1368910665481556,0.10523979237880748,0.09734753721650315,0.05245140396753157,0.11374488621591443
0.11588187113318503,0.11938400691172764,0.08474024308150008,0.05569949856824357,0.166666574904356,0.12001604457443506,0.12735331428177035,0.06954376536643121,0.1407146811783511
0.11186845718647026,0.05911445167686916,0.1609719046991712,0.07277693972559211,0.11902567334093606,0.11323895179924405,0.1062383822994641,0.13587631089104746,0.12088892838120567
0.1479289263131893,0.0706960665511573,0.16656529988332802,0.06942134661463611,0.14125752501152866,0.11589392697597388,0.09932560682341947,0.08345382539892897,0.1054574764278382
0.11663065341247325,0.062189839455035235,0.16410647172851728,0.08192151001859115,0.12219019026849386,0.10420045259414884,0.10477214726656807,0.12445447749593858,0.11953425776023374
0.11182241450190665,0.05573030410944949,0.15317794440793983,0.08331074185956143,0.1158948260922454,0.11291612295420195,0.10803750296742072,0.1391915185243815,0.11991862458289305
0.04320528738077974,0.539012217635286,0.04024033888422115,0.055710184142342266,0.05935788188029206,0.0600410076501513,0.06428048077484548,0.02691847588536449,0.11123412576671755
0.13107667118078567,0.06694052473964837,0.14136822244719938,0.07680128313909701,0.16356281649520435,0.11520647667802424,0.11095037419197591,0.06587151730185203,0.1282221138262131
0.0281362243181634,0.5192099836817491,0.013525210628234731,0.061057742556607786,0.031867422212545876,0.05213983943538225,0.06369759260853378,0.023788688374847457,0.2065772961839356
0.12541723574443428,0.07076933991777189,0.1602292291747899,0.12428979295509139,0.12972060407420036,0.10228396591037885,0.10474228153373466,0.0683951981160615,0.11415235257353717
0.11315862307039427,0.10808367029649284,0.17503661025038217,0.06950181250952664,0.12854414185718613,0.1104834811540102,0.10229255492665344,0.0747083672384954,0.11819073869685881
0.12014994032277602,0.07442042048856691,0.17893048240952017,0.06696600882268867,0.13843866625546594,0.11226217405200606,0.1029670250269531,0.08445450666304177,0.12141077595898131
0.12435856973830865,0.08385019652720009,0.13371336236756295,0.0590715631548388,0.1638104837661587,0.11660490413542172,0.11331157572191376,0.07280039872710628,0.13247894586148895
0.11646761755032065,0.061752698162537756,0.17205011870821332,0.07031916802897539,0.1277570708444396,0.11302351872043477,0.10450183902539023,0.11283132512789067,0.12129664383179763
0.12629971992609756,0.0601286962049253,0.13308460121789084,0.07963264484179002,0.10977779265127342,0.10744757252223495,0.10440225455928794,0.17502121945756322,0.10420549861893662
0.1193847578396407,0.07373834546447983,0.17859212666707905,0.06772397577719115,0.13632749851841675,0.11236559896974908,0.10315647396919127,0.08744940512286518,0.12126181767138701
0.10665507549205766,0.09882995789323919,0.15525843155652733,0.07585629347344154,0.11420708258540564,0.11324631291843368,0.10788075523525792,0.10791738596629452,0.12014870487934248
0.1225360021625279,0.06621875082511967,0.1774934545132847,0.06538834891301869,0.14293896065015385,0.11265405326600882,0.10316321690016393,0.08694458658256791,0.12266262618715468
0.12083930794848875,0.1065926307716601,0.16129144927842218,0.06079193934094764,0.15276607656060556,0.11106967175194728,0.10408121957675627,0.059950373275112136,0.12261733149606006
0.12083841743052005,0.10784164759583499,0.15888454308485023,0.06046841551640533,0.1536541880250096,0.1112121672904944,0.10454246323872624,0.05954144124340837,0.12301671657475072
0.16403228722444596,0.24266481990483768,0.023598258962445356,0.08898894362138147,0.06410494952201808,0.27070229883464436,0.08222409782771405,0.024986941265879994,0.03869740283663315
0.12361829091980255,0.0792014426579578,0.16998485570019664,0.06269298517856262,0.15109661987267756,0.1126707748483335,0.10420822797097092,0.07256639973198117,0.12396040311951713
0.07938293216168879,0.04207171487919271,0.05845053337474974,0.07859430929077243,0.07149041307853757,0.0996606217080618,0.11007253742176733,0.3578825923533913,0.10239434573183832
0.10003893265440356,0.02610702754672638,0.059931355208264224,0.3370642234596007,0.08270878885323722,0.10412147509468266,0.12013855493098936,0.06517933504381003,0.10471030720828589
0.11044024627401683,0.0901143847355571,0.1644170625032206,0.0737705971644442,0.12000169277461148,0.1130266875189765,0.10625355836851534,0.10167949368762697,0.12029627697303098
0.11517314037340047,0.06097524389723676,0.16920420612431122,0.07110575968314355,0.12514154818610032,0.11312175714309695,0.10499463817343797,0.11909643890344536,0.12118726751582737
0.11488255506887585,0.08988712835586164,0.06664926234770237,0.05538414032104316,0.16507320761134095,0.12373588427801262,0.13875740716196952,0.09590691210527746,0.14972350274991636
0.08516340563426066,0.334820061697265,0.12482445603450099,0.04827477803264756,0.11354267439817962,0.08485072859129505,0.08225347171596482,0.03625587266858484,0.0900145512273013
0.1277423114626043,0.07676264080411417,0.0763381705835387,0.11608344506758567,0.16262481483190563,0.12221637719043538,0.1307670522923243,0.051775958605582206,0.1356892291619096
0.13919339968661046,0.07368539989435154,0.17268248735083624,0.07587867903520328,0.14183884456071055,0.10130164285118674,0.09888039969546943,0.08459442281633893,0.11194472410929285
0.07811501213890427,0.044980278578139375,0.05980684570963144,0.08503699442081199,0.06882706212866314,0.09722016561090589,0.12004296268342692,0.3325646129619743,0.11340606576754268
0.10462184512113193,0.11076107944597381,0.09731616176493417,0.2326896114656771,0.09929077108739438,0.10016559592289187,0.1075705229500546,0.04566094378467548,0.1019234684572667
0.07283195266437313,0.03914057288265939,0.05863542243154111,0.07510501493141981,0.0701448649808169,0.10221509118571258,0.11174995730580162,0.3605815650564789,0.10959555856119657
0.12947023060101848,0.08425619024059357,0.1624718077506863,0.0688240049820489,0.15670142573278908,0.10376570266264025,0.10341520046796226,0.06749519943834072,0.12360023812392058
0.12096391902130316,0.08648277051167218,0.09627903073281875,0.05713484291698535,0.16777781090551525,0.12095296634500703,0.12579174831249754,0.08267654183704053,0.14194036941716015
0.059498329717572074,0.4780960202956696,0.06042256739621694,0.04008792168255235,0.09190126003999301,0.07527426033542724,0.08493597163553057,0.030501059988276624,0.0792826089087616
0.14242601160755677,0.07517297032914401,0.16863647162264728,0.06547931201730059,0.14835358035519372,0.10863024972454483,0.09957848067614616,0.07970668821654119,0.11201623545092533
0.13282078200112082,0.046871793307516785,0.13566380135866363,0.07511645289496933,0.163171449413128,0.11637053344206631,0.11211138297338911,0.08700813555893004,0.13086566905021593
0.11461749481836063,0.060651329137252914,0.16790154190388615,0.07141943512434613,0.1240610986012297,0.11315595558981457,0.10520787288464588,0.12184394056203589,0.12114133137842809
0.10936506866143454,0.1266729980703222,0.16955311347899268,0.07044173723594681,0.12356755012471161,0.1098344162517273,0.10158480431093213,0.0725944087860057,0.11638590307992709
0.1160825058572132,0.06151773782560935,0.17123471257077874,0.0705615724256947,0.12696359927649323,0.11305516912864126,0.1046472048290683,0.11467432093862884,0.12126317714787234
0.11885183788214719,0.06329697604098171,0.17627829320763685,0.06864846765620856,0.1330167045245794,0.11280298000825419,0.10367012237437928,0.10187339055666433,0.12156122774914857
0.1379468367287201,0.08560237434955176,0.16546988127964254,0.06348179962291572,0.15213356824407245,0.10917482018518664,0.10078332895971975,0.07055678285624957,0.11485060777394145
0.18204899080004974,0.09553097282594554,0.14228560232661858,0.08080562165365113,0.1383222030906585,0.10147231596332122,0.0948793590962305,0.05961687313263383,0.10503806111089098
0.1181465232674042,0.09518638882842906,0.15969050666185255,0.11287421962007717,0.1259011096935707,0.10819772437149318,0.10462085311279518,0.06171364930149053,0.11366902514288746
0.13956946677607227,0.09534646699000043,0.07380875444037921,0.23364313328754424,0.1219557758027889,0.09497974201535465,0.10240587687310139,0.040259133423454725,0.09803165039130413
0.11925511022774864,0.07404864388675203,0.17854383931144344,0.06781497952040846,0.13607375069537073,0.11236145819442718,0.10317257836248168,0.08750843334895687,0.12122120645241095
0.10436791072025071,0.08356300599481557,0.03719756450905443,0.05232546888017003,0.15213637302412247,0.12463111020030704,0.1572469136884288,0.13112232904673396,0.15740932393611703
0.12066472364869107,0.06461955078721533,0.1780478082040904,0.06716136497767962,0.13753813365736148,0.11265899488682717,0.10322085612230338,0.09416539981907183,0.12192316789675972
0.16971627035523798,0.10886867475158953,0.029574643315412315,0.05609330196410775,0.1603519985861628,0.12114950498350834,0.13632187712900867,0.098695563469289,0.1192281654456836
0.11772973255970086,0.07297026370044422,0.1767471717002467,0.06919382037727424,0.132257179689495,0.11261762415861798,0.1037271545433131,0.09368013147418314,0.1210769217967248
0.1035485542470576,0.08118685621360218,0.003409741165372465,0.07695486057316168,0.03240221083361495,0.32539860177187574,0.13790446988659597,0.203988186980113,0.03520651832860639
0.013334675254309562,0.018967165779363183,1.0916747902653726e-06,0.03686812608708916,0.011841067835830625,0.2451253059145916,0.2052575594074786,0.24363963150242018,0.22496537654412677
0.0876793218101752,0.30963890079620865,0.140592431885188,0.05166864374773905,0.11257454203105229,0.08662279251549047,0.08197954348066488,0.037731215189434376,0.09151260854404704
0.18793673018539236,0.10170853914766413,0.06956879869739054,0.10727078815946339,0.10398207782516765,0.10980631548197312,0.09929701297380783,0.15544650370207114,0.06498323382706982
0.08968503373480906,0.23814187497092001,0.026795260075690237,0.05190923944036082,0.14016327379451432,0.10563721523985133,0.14595638398570174,0.060408373143008176,0.14130334561514438
0.12436027609300672,0.05368918913186169,0.10375567152355529,0.056985680052470226,0.16499407959380044,0.12060799704236286,0.12112585631431812,0.11386601494547018,0.14061523530315448
0.07951721218783082,0.042131601264542434,0.05843716306087688,0.07866350879123518,0.07151442151231069,0.09961394332823807,0.11004027440325358,0.3578298790098706,0.10225199644184176
0.11246885382281735,0.12070171635902276,0.17547763126394378,0.0680737288668995,0.12958899770565366,0.10901360374383695,0.10076402540019562,0.0671823383492663,0.11672910448836409
0.12048675745429599,0.07547141828793201,0.17894164985510153,0.06654539786264636,0.13959771842197896,0.11218300632630611,0.10287636068141337,0.0824305027358581,0.12146718837446768
0.12356950271348353,0.0846577129012212,0.1750969770033164,0.07248163419089244,0.1460634570066999,0.11064898096793983,0.10249222305712437,0.06504304417397529,0.11994646798534707
0.13864641575142808,0.03264376979541229,0.011791304898930668,0.2105240528432032,0.048749512114479976,0.34694842860973224,0.10477613773888052,0.06086303435621382,0.045057343891719275
0.11884513410569031,0.0848877241446354,0.17908630304112536,0.06706462790724392,0.13754775582199777,0.11163262283412528,0.10253987500854311,0.07790057001712274,0.12049538711951611
0.07771591595992239,0.23467468997771657,0.058868777052739955,0.15674451585263335,0.08794475544682807,0.06927688323271913,0.08535312042349229,0.032931244987130806,0.19649009706681753
0.11090787406305817,0.0779460845174964,0.16282362065553269,0.0738855959761165,0.11940154458671133,0.11350262462256976,0.10677872036385179,0.1138857674548807,0.12086816775978261
0.14468222195813615,0.08137505549805114,0.16683708685767984,0.07561496755448414,0.1311769891794918,0.10365125296153921,0.09984041832329589,0.07536688010609285,0.12145512756122893
0.08517468104371277,0.488920761796952,0.01700186061146932,0.04200253785032245,0.07833651665066031,0.1009216169145953,0.09787800702563203,0.026683766885639674,0.06308025122101624
0.21567085677053943,0.10953085023880747,0.038583378704141136,0.10499214370193154,0.09072937595979469,0.23465481311388423,0.0918822527146978,0.06957670449337021,0.04437962430283343
0.11419033926455213,0.06086654229496972,0.15832566590319305,0.08288364385523718,0.11831206734075915,0.10446292110909157,0.10570654198413933,0.1358219702331617,0.11943030801489614
0.11747826079843915,0.0726324049282088,0.1763148887921928,0.06941657036021559,0.1316320238173651,0.11267082038264188,0.10384186021633758,0.09493972766369158,0.1210734430409076
0.16709737532064192,0.0656411333445699,0.13234925710995038,0.10117864764264284,0.1258146199877089,0.1428991206984089,0.10056515276011772,0.07582048285213723,0.08863421028382217
0.07283195266437313,0.03914057288265939,0.05863542243154111,0.07510501493141981,0.0701448649808169,0.10221509118571258,0.11174995730580162,0.3605815650564789,0.10959555856119657
0.11024965082147341,0.1281498979669956,0.17257955924007082,0.06920366108074551,0.12574008165546519,0.10878007383675248,0.10095296306814816,0.06821024786376853,0.11613386446658025
0.12278691338775553,0.09695673538656187,0.1344214195465601,0.05883644447517583,0.16270455046261767,0.11540075677625182,0.11222659470883763,0.06599379896747803,0.13067278628876158
0.06632796474960796,0.0574885917424498,0.01190676077502105,0.14872443059789656,0.08733488881774217,0.1044775896052819,0.13156511949927088,0.039576994844723955,0.35259765936800574
0.22001923545528138,0.1030863389218886,0.005238745981428324,0.060765971005151916,0.0584190847167158,0.3230145611476893,0.13171572302154796,0.05249487635249076,0.045245463397806114
0.12103103574689807,0.1098342811362884,0.14855055885462135,0.05942453798422215,0.15723974424308557,0.11225522143333412,0.10701698186965276,0.05939411063032391,0.12525352810157372
0.13206830118188564,0.13336910867306284,0.15749266097536493,0.060962738856029125,0.14935663154008086,0.10494582902234968,0.09786790413743417,0.05418271191249915,0.10975411370129369
0.1285118184190812,0.06332708200303165,0.16287419556021865,0.12163667893099174,0.13397033274747688,0.10252646308690698,0.10410564018443624,0.06830930858018693,0.11473848048766964
0.0979021888364157,0.26183813958976804,0.09251028880997192,0.04997139134123052,0.13921512595691893,0.0999101325893027,0.10426263287352384,0.0417014779152528,0.11268862208761561
0.22071035769132555,0.11504998166190299,0.08164990635570372,0.07935427384530971,0.11768836493929281,0.11655465752967,0.09367050726369403,0.1126592332212516,0.06266271749184961
0.14257719331623675,0.09111045372050793,0.15556982822067325,0.08441549677027105,0.13100654878655923,0.09449212136311934,0.098189300922307,0.05741692164583408,0.14522213525449135
0.036511490281577186,0.5578930972807075,0.014312340874907787,0.04589970996788336,0.05091071085263362,0.06544914709418782,0.0788604169550887,0.02593574642620299,0.12422734026681104
0.1184154289008591,0.08492532249706604,0.17894713059550826,0.06748419406565762,0.13642696303071142,0.11168504897144893,0.10263967650519235,0.07906572087878257,0.1204105145547737
0.08206546079126982,0.04351096836823701,0.06390901287135375,0.0787379472317626,0.07382932605849514,0.10057287873651864,0.10978043186985124,0.34455226773765796,0.10304170633485395
0.12548988730146626,0.07025785129186118,0.1616515172413224,0.06152930989158101,0.15566027865983564,0.11412399271840253,0.10637446236540544,0.07805720084940906,0.1268554996807165
0.12631112068291503,0.037111748694936345,0.04801156564542572,0.2769032838030525,0.07802092081150397,0.1689943970266462,0.11351062614179787,0.07192175896510006,0.07921457822862231
