0.10823509694625544,0.1798310602588331,0.14260911087153164,0.0657011018118719,0.1135146436772221,0.13533620183397344,0.09966519845089739,0.06301268256363494,0.09209490358578011
0.08873017721317293,0.031247825322406608,0.014412142892215957,0.42744862684483537,0.028481524756150105,0.09573988014554007,0.032832965789064555,0.06906489049230663,0.21204196654430782
0.21475068596468416,0.04435099428456626,0.043409582419477934,0.049713954650868364,0.20603698541036872,0.009209184061731707,0.09297726721964071,0.061482810452450354,0.27806853553621164
0.16347292564126006,0.011907874258658288,0.08840867295317874,0.027987922900799,0.26026776529674817,0.04517565985244127,0.11647267036322217,0.13861232103563867,0.1476941876980536
0.10959978001472263,0.11363560670593459,0.01864084615769135,0.12397510309448956,0.05232215015045611,0.3341541543985695,0.09983124566746615,0.041731190564135455,0.10610992324653466
0.13776978028001086,0.2086920002309569,0.16881055971458736,0.05138661436402717,0.10912208653573907,0.0834091092030949,0.10295874328570497,0.06045587327434703,0.07739523311153175
0.14364772601257653,0.05682618807213235,0.05525998695978895,0.09297473418923467,0.11237275263241504,0.1862588054424552,0.07900505691414822,0.15415767366811609,0.11949707610913289
0.17217237804215535,0.1142531630839539,0.04118509180611284,0.07631499189630905,0.16993694269419843,0.043464844317445774,0.19148636978927966,0.0641005015562026,0.12708571681434233
0.11639448950993786,0.09633471559266855,0.134692578480766,0.22284588382938741,0.06688288152183051,0.05218987020714191,0.11861353894759359,0.12059533698147641,0.07145070492919772
0.10576031234758315,0.027471445732664832,0.11024299014590722,0.11250946888462261,0.11062080074912423,0.05879470158771186,0.25565654830947715,0.10428855182238476,0.11465518042052418
0.10797843039315612,0.24403882800710508,0.062077396321398366,0.03849386859027547,0.10926263374062073,0.2001983680295616,0.13164894290825394,0.03901209574628392,0.0672894362633448
0.18958789752864616,0.042386937557344795,0.08354540311737024,0.044392382218039005,0.2678274391643101,0.033260092512705675,0.11867354881374774,0.07871750428082483,0.14160879480701147
0.09106705382122866,0.2019955972762212,0.004882452109045231,0.03660525311631085,0.039269733987148316,0.4534141284393973,0.07054202940871823,0.02676571035113934,0.07545804149079084
0.17000745435715728,0.034494201704929596,0.06736009906600991,0.02695531200082714,0.2930785675507652,0.05158515799660706,0.1302859029130922,0.07739755286249873,0.14883575154811282
0.06768517482481991,0.2201220954730568,0.2230915940450162,0.07349013040896864,0.04553269346489571,0.061819567454832657,0.04469806224374043,0.17984962937079096,0.08371105271387867
0.10818013872459736,0.02138335553285908,0.15381199141330024,0.04607052639437176,0.24333546322154984,0.04944891809139703,0.12256627345990595,0.1618246795546994,0.09337865360731934
0.12653343773470108,0.045639760747842296,0.06910330423028024,0.3163245176329002,0.10175995635557696,0.04462075342617916,0.04650200380708477,0.06851777014183037,0.18099849592360492
0.18856624960844012,0.04342551294830523,0.10250084498270746,0.04533029636121849,0.1977800793746803,0.05486659634359086,0.1633192509139868,0.04671874278933838,0.1574924266777323
0.10505967217466654,0.2799997366790728,0.10856965662032836,0.029372493592240787,0.0712417275666237,0.12271251900133988,0.16460392195567103,0.030042060750821987,0.08839821165923493
0.09157549970796532,0.08521675487397386,0.09266863200885235,0.09903539406506923,0.18442334405783756,0.05149439981105108,0.13690484646681392,0.19045792679231568,0.06822320221612099
0.12606251096624124,0.14611129394354175,0.01634590962541778,0.043806263968769216,0.09274874386435429,0.2776205218527996,0.14843284870811171,0.02318779449707359,0.12568411257369075
0.11989865417363109,0.10767740548700333,0.15303046628346037,0.06592597575295317,0.16691124705050372,0.09455184052030237,0.15052258046217987,0.0439510192715065,0.09753081099845952
0.11582836155988502,0.12163488292156027,0.17189888239964712,0.10766497730483594,0.0682348871948946,0.027712388616010202,0.07453306814716625,0.16084354330064277,0.1516490085553578
0.11250669423078558,0.1717070701507806,0.10655049377992976,0.04096143177020397,0.15749330325286984,0.11844797742691975,0.13027870193741495,0.05639632057696495,0.10565800687413053
0.09016223023401032,0.1880769056914056,0.1073095574850148,0.029517255775043317,0.10458239603127158,0.06717677337247165,0.11588346768419266,0.17454609184967165,0.1227453218769184
0.08188700911554583,0.1196246347110405,0.2584081237628933,0.08140396597938827,0.05446923613053068,0.17320375022313006,0.086515739097682,0.06316294066583522,0.08132460031395407
0.07769399772032949,0.07873939749033054,0.1516143019304885,0.16808421472708737,0.08842304761714222,0.00935444791950186,0.11595275180245558,0.1790401241416317,0.13109771665103268
0.15531528382989945,0.05996671970068027,0.15886353198235278,0.0613892064754985,0.2343639907338176,0.04860455206532296,0.05682985721600254,0.13393617714352615,0.09073068085289959
0.21993895889986584,0.06785073458961303,0.10897269707202444,0.05507663452967374,0.1644731620964465,0.04021191829209056,0.07780748307370838,0.11346517128084227,0.15220324016573528
0.08952449471761526,0.06644656530735521,0.04026084662205381,0.30392971496378296,0.08508480747458506,0.18236183405131576,0.07290641670878005,0.08595353185009925,0.07353178830441266
0.16469910992605416,0.17794821651498482,0.11541158256236568,0.073650940204928,0.08562986463173076,0.07965310869739685,0.14635438540261478,0.0713223658844654,0.0853304261754596
0.08023429903144623,0.10415480832375207,0.23118947493287303,0.13052561641991978,0.0865807545189974,0.08393283591266525,0.12220422213497657,0.07825797099703374,0.08292001772833583
0.09887872945493748,0.12808016930236968,0.15216589839352535,0.173511705798609,0.1054304024194954,0.019917799416043058,0.05417363513642196,0.11698150018369617,0.15086015989490184
0.093920033406874,0.13197710481358513,0.15944074713938086,0.07861317306910963,0.07394703068261763,0.23428869156551868,0.10295890297208025,0.07732675266282296,0.04752756368801081
0.10060243383266591,0.0659920093748357,0.13429292928396994,0.19585910260045622,0.07610326475493524,0.09666960147053973,0.13292137482103417,0.140994143877998,0.056565139983565084
0.08669186951876164,0.10001649688643155,0.14833784104495887,0.049894335824574455,0.09052229919626216,0.18116927280630232,0.16132514764320524,0.067567202013834,0.11447553506566978
0.07730575814798853,0.016434544874970657,0.029545907766862344,0.2359625493112439,0.05059216052187543,0.07038638312285013,0.08283266630239688,0.2752059670911133,0.1617340628606988
0.08824303226937007,0.1387281005842916,0.17342473101755673,0.08341222730033164,0.10431449680951961,0.01932962066081451,0.09433194096734121,0.09055664618997061,0.20765920420080394
0.10499450580737996,0.09280907048607796,0.10697407029286526,0.11973350262377101,0.13849071738015772,0.052569284723804725,0.09871530865972523,0.14825064164202864,0.13746289838418943
0.14427748568394125,0.0911962816220443,0.12576039560946403,0.06466529886837098,0.136470559458118,0.09733463326943859,0.1720060854026618,0.09663301263861528,0.07165624744734585
0.08914566143864276,0.15616942065125336,0.05786705526317946,0.20341252826163803,0.06192915577345951,0.20207808681945286,0.04951926568733473,0.019955723249143357,0.15992310285589592
0.1052035394877149,0.03229518104897982,0.0899579857138344,0.0954068048591719,0.11788997298042318,0.03473867737255253,0.08569939695680003,0.33552259738524204,0.10328584419528118
0.13428050308284198,0.06177724595835462,0.09848147508878857,0.04097753968236593,0.24627242748542044,0.0425034487205752,0.15138888646638918,0.10569374397048242,0.11862472954478166
0.0805501454803257,0.29398242852407,0.10049155994124433,0.23565748743513945,0.038537947476413245,0.02807562059450029,0.06882185620751761,0.07714113231068431,0.07674182203010509
0.11489841607792223,0.22334802139865687,0.07637917080343738,0.033453673396145266,0.15335814979038123,0.12283169463511372,0.15137677796367022,0.041053693339841664,0.0833004025948314
0.10820793049324094,0.10632234019416964,0.0946406563857362,0.018264516360183777,0.16440513005535484,0.19432139905095047,0.18065989931749274,0.06159069806716463,0.07158743007570699
0.09744662238620634,0.21305064149073968,0.1078430229244212,0.03680378581734677,0.08371544678371717,0.2192111846290585,0.1223594436078207,0.02868404331458067,0.09088580904610899
0.16146840247021377,0.22664187587184473,0.05756694441569137,0.06541906216951734,0.1655226654001011,0.04587101118258558,0.05742382459560883,0.06260549614345677,0.15748071775098046
0.07979389961224308,0.04714375542933971,0.11980411401358182,0.05372987696728879,0.10338063591494644,0.039713177418663564,0.05905641014832432,0.38555682473638525,0.1118213057592271
0.229382235095413,0.06689939935322728,0.06670469470958314,0.02994590850356271,0.24261522609529987,0.08478383517437034,0.12210979856579224,0.028774560802762295,0.12878434169998915
0.09972197619249899,0.09833266620850727,0.09780719539601344,0.04247577354173269,0.15198565787029847,0.17103527515916142,0.21347207862474393,0.07026109181576216,0.054908285191281686
0.0744010674149342,0.09255260237984488,0.0944873799538678,0.062030030441931096,0.08435772478952065,0.026789038768865254,0.06281827731563085,0.3892907638089315,0.11327311512647376
0.05884605517140346,0.05300296584926032,0.10034210869688524,0.2323273932127848,0.06725783916520262,0.01584734206535514,0.05831684588841287,0.331361429609188,0.08269802034150743
0.12307890144728018,0.07027050583594392,0.0899668888922626,0.04514376632178341,0.1463791996570957,0.1809986519898934,0.21680713190854442,0.04300492692824065,0.08435002701895566
0.10768722427219758,0.10825602560511587,0.11165146778647346,0.1502786232581604,0.11133714027588165,0.19151942677542064,0.12081448354835946,0.029938042853871527,0.06851756562451945
0.16639304968892285,0.07453745884777557,0.10609278567626086,0.05951665766787717,0.20640098546172272,0.1047395079785433,0.16768332665074973,0.047744540724288916,0.06689168730385889
0.0965909346815897,0.07765506827012757,0.11214161648931516,0.03962761584465951,0.09190021624052709,0.25745750863142786,0.17227135464927956,0.06830853426986315,0.08404715092321048
0.09195015171744085,0.03971551538479325,0.05444768670801923,0.042049712265108195,0.1493080867481647,0.15552615079562482,0.32234806306866154,0.03735712160916931,0.10729751170301811
0.0807105751950067,0.2057419660591294,0.08413716717253077,0.044343682630395446,0.13782399465911466,0.023581287247921134,0.05925804304608744,0.2872219881732034,0.07718129581661111
0.11127291223501323,0.10746064800277187,0.07713071297975012,0.1243363239585169,0.11957971281796488,0.10124177463283919,0.17400811613476555,0.03208082795613553,0.15288897128224282
0.06624543322933285,0.07632248425689626,0.1925423117437122,0.3017854388503672,0.05035220554265188,0.016596854948912217,0.0647449829106533,0.13728498417035287,0.09412530434712114
0.08004245321547608,0.15711247567333433,0.12322235219008149,0.046426231608408176,0.0879300826376556,0.23112387765808898,0.1531968688709149,0.061172339473590805,0.05977331867244965
0.08263915504750424,0.20843309492785414,0.11500563184612099,0.04698951884990943,0.061686205723253285,0.2531044321075106,0.1117311230270381,0.047414509264913925,0.07299632920589524
0.08382391770886277,0.3884547352236538,0.015863595202325432,0.09050137617918393,0.052259567172947156,0.1385443933173121,0.11834929295571239,0.026048322709964,0.08615479953003845
0.17150512066475423,0.1150803138786007,0.0612595806947577,0.05175148733571063,0.10994517244691293,0.22362715442481843,0.1749570837361115,0.0392586865983915,0.052615400219942404
0.09686882390380193,0.27255149926111333,0.14909615014177832,0.04886617894787279,0.07702999820912083,0.043584494220458125,0.08840841885560248,0.10581878661447609,0.11777564984577614
0.08760047725712028,0.22401887843177423,0.10788931330096803,0.13267319113604223,0.042574918641428434,0.031771009933081754,0.09901560512543199,0.19818194375864173,0.07627466241551134
0.19811912059377426,0.055885998251444635,0.06368094416247196,0.028794811257474323,0.2263360324979361,0.05032747412163651,0.1078676698196771,0.056176658092166896,0.2128112912034181
0.2427798822684022,0.023302883674555904,0.0358243642664691,0.08678839196116701,0.1655038267164561,0.015216288180097215,0.1122437610290848,0.0791176739152616,0.23922292798850608
0.10396219505462441,0.19145876654453664,0.13788376311966344,0.053659951527346726,0.09101386498261611,0.19922335451271023,0.11173709957996063,0.03900606797453578,0.07205493670400609
0.1505005564169023,0.0498948726556346,0.09803234656872474,0.1720105298416743,0.11068016052122964,0.0328245801634619,0.20511282990408972,0.07457493959060861,0.10636918433767421
0.13531169391575937,0.14867542972585598,0.03371780356728496,0.20143395365316696,0.04721510913461088,0.23120806044595696,0.0745207765933084,0.05331223432010954,0.07460493864394692
0.08880979887397868,0.24550701380344395,0.13971246483651678,0.14414891908653552,0.04069261719094084,0.0425621047100175,0.0892434631680309,0.09891974558731483,0.110403872743221
0.09631890260882552,0.14167616604443087,0.13425065820840926,0.03462444277457124,0.13293582089016934,0.16989152289882167,0.14833904702923065,0.07204855011279271,0.06991488943274882
0.11321569290469706,0.08068372197263192,0.10717030402808791,0.11263997968551222,0.19753931877432165,0.05281550456538967,0.18828129278922323,0.06224952143766166,0.08540466384247475
0.089579132726873,0.11911863340312852,0.03235972249095506,0.30053384544527595,0.05424047780419272,0.05416455541659702,0.055642533596688575,0.1824243289325396,0.11193677018374946
0.0726429712461913,0.18157652731211305,0.13626863191577823,0.20354964524181055,0.0711877429919425,0.036904799906933385,0.0691423199958337,0.13772573292800946,0.09100162846138789
0.09648901712255802,0.19796936802965692,0.14650748383534581,0.08481708333736576,0.07952672662615795,0.03480616410433562,0.08925643140291824,0.14820796367397027,0.12241976186769137
0.11803584962102669,0.11159657757444512,0.17087930949644092,0.09552632687050851,0.10529982388995031,0.09964903920660802,0.09636985298005585,0.10255862550541946,0.10008459485554515
0.17175711967617838,0.02938787585739922,0.07645027818728566,0.0434049637219418,0.16769154686691704,0.016983480504353544,0.11885843658727918,0.14689096269889637,0.2285753358997488
0.1473366497148752,0.09890749511986201,0.11825508391257622,0.11563605570135892,0.08797500013279991,0.015545972521651406,0.15878502061011876,0.10879466472423156,0.1487640575625259
0.12384873251640645,0.22465117667948634,0.17408843424845247,0.15230318342764862,0.04846257794808941,0.11796069049919002,0.056030568861015116,0.06715352205741278,0.03550111376229879
0.13816779206997634,0.13179893908815282,0.07440126756162577,0.087657064745642,0.1272138580428299,0.038059332828258456,0.09630504730380256,0.19085026854812312,0.11554642981158901
0.16988870382873175,0.09436564118181263,0.020470986158934244,0.051421216042702216,0.16705372021158968,0.2137271345951234,0.13706196744936122,0.06316507643206577,0.08284555409967902
0.08246538447919784,0.03620289314800937,0.006233200623941007,0.24177011535990814,0.10078531053105523,0.09197621935363533,0.05677444959606559,0.19279411809545158,0.19099830881273583
0.12278103982660182,0.22677926747672963,0.0382365894148484,0.038008114941187186,0.11929791524633537,0.11142439275995634,0.2002869052595884,0.04989881848790426,0.09328695658684859
0.10901683614500997,0.07244217780984454,0.1426750975394793,0.021703278019098302,0.20686373449453285,0.08224644656938813,0.08351361656013005,0.16121513044888833,0.12032368241362844
0.09154738190954076,0.029542488852796783,0.1707950883911565,0.13409436370247232,0.0964834002936158,0.04181927533453538,0.11785765850313852,0.16188509295140066,0.1559752500613433
0.13504882519473171,0.16073473807940677,0.0775226206860786,0.04772247362050729,0.10350881383594228,0.05422266713800226,0.09928382893750914,0.19850968721412499,0.12344634529369691
0.10383546059896048,0.3754428417723597,0.04982838684641607,0.06668906515848887,0.07259497667373074,0.08317951269793067,0.05636322244870114,0.08755799262680654,0.10450854117660578
0.12983710124432976,0.029564293453597266,0.10515813202644027,0.07503257230109006,0.21269147007986713,0.2266833345673335,0.07469502791058368,0.08542599711443251,0.06091207130232589
0.11035413424359912,0.042960233122748305,0.0910398518197915,0.07751701549839311,0.17033009258782225,0.024511962174956547,0.11912899916653948,0.20375380646758381,0.16040390491856582
0.15308599929070738,0.041825073552961604,0.13883065616306042,0.2254370658430843,0.14409960463424965,0.013224059272619207,0.09955639618172228,0.052552707185940815,0.13138843787565435
0.13164465634469016,0.11707149295161563,0.10343512888149888,0.08811667337273558,0.20155319863899193,0.10663122039815759,0.12271153241107165,0.06560893128328253,0.06322716571795609
0.0935614637347571,0.19868119739483614,0.16440655878916946,0.07569869454232611,0.081418069802528,0.04277631599448354,0.08636275076136342,0.167234690101571,0.0898602588789652
0.14045574245180295,0.2335725367886996,0.12673848552436445,0.057032776719191415,0.12411409920198839,0.07302540371955069,0.12489091069162343,0.020365915100098057,0.09980412980268105
0.13493909965570336,0.10804393982324921,0.10714298389988568,0.0684094387623344,0.11424828319965008,0.06472389060851515,0.17419681739746196,0.10080758572134563,0.12748796093185455
0.07146599989868688,0.09538385525893546,0.2424849473965781,0.19566765961830446,0.05954349332827741,0.04762112765053267,0.07198279272373144,0.15428140355774891,0.06156872056720475
0.11924923377289633,0.10037555738676102,0.04274930942973359,0.11746627386889796,0.12683969252708957,0.03371118214249086,0.12585711961797463,0.1906891439079025,0.14306248734625357
0.15458413966769666,0.1795346676576078,0.08660456343736384,0.07924406364902316,0.09210737901091277,0.06649990813360479,0.14186173635641242,0.08791455498907502,0.1116489870983035
0.06922774717216544,0.13511409989799716,0.11384083533046636,0.23784619936175014,0.03245554496718465,0.036347779514403614,0.06116521903244406,0.2525976306148567,0.06140494410873181
0.0705403093818801,0.12013079965479521,0.17013520429173257,0.1971515955165433,0.07443582671515543,0.11668438669284455,0.10606507444490317,0.07367696177905475,0.07117984152309086
0.12086251864111003,0.0345164994341658,0.003511031606994944,0.04389578975066411,0.04194295531297839,0.45947187186499977,0.10106299478118935,0.021368899864611993,0.17336743874328564
0.1429652050044428,0.07270561043712219,0.08347541855948332,0.08912652495481717,0.14533886257077477,0.05748430307190728,0.1432252335886624,0.10158021335581228,0.1640986284569778
0.1028780579969697,0.23607893495012508,0.05842836825167374,0.17433623092173567,0.06731451502219547,0.03579096907651418,0.07427608183977029,0.12048031086599119,0.13041653107502468
0.10694135686813505,0.07760824722772151,0.16771552149095037,0.0563592557075549,0.09364087619995949,0.22749190669322947,0.149941573784037,0.06439429041866214,0.05590697160975006
0.07550950998049516,0.0671011268481954,0.19793926521113905,0.19525001310101456,0.07895894491021213,0.041466653868392454,0.13520210715551195,0.10333110011346837,0.10524127881157086
0.11036174489739518,0.06451558074272871,0.009018756268482975,0.13595139517626686,0.14412127506789063,0.17446917848557575,0.07742003434343507,0.14101028604471144,0.14313174897351336
0.11662349811104573,0.06851160529201193,0.03861006813801376,0.10265951841156513,0.060614628248688594,0.3753506332092485,0.15521429239860976,0.032517605744295124,0.04989815044652149
0.06550741656223813,0.03207583263181361,0.2567693772130892,0.16132312366077103,0.054104482808574265,0.10895106517903717,0.10092926910398585,0.12409000549702509,0.09624942734346577
0.12398459862969911,0.0826069202593863,0.10814641953844861,0.05561877237740819,0.20072753239048893,0.0857439030816844,0.10441056060090902,0.16082419877863965,0.07793709434333575
0.09194830630020477,0.22560326987861523,0.09233082727501414,0.05605127638770316,0.15404697856113653,0.02475986497292748,0.05551379763461454,0.19911653906029814,0.10062913992948601
0.12770157310830713,0.018962000415150154,0.20600678086101618,0.2825921554422121,0.07231712743210783,0.009021316022610899,0.049547544219759605,0.10864262044817112,0.12520888205066502
0.148781736235297,0.0952053913731173,0.10983816174129728,0.0874545299986232,0.15468979732570234,0.14766678439346922,0.11510068446340055,0.04257795698171066,0.09868495748738243
0.14042501532540572,0.2779735362202393,0.09780866706390434,0.09101236789322487,0.07349301545350106,0.16640808853330494,0.058612301300705015,0.014532400325277743,0.07973460788443701
0.17721937697276538,0.10339201458598683,0.1090489675959569,0.08669188204177401,0.1323857557991055,0.043497361421993265,0.05193195719560425,0.040361609424025904,0.255471074962788
0.10734348199738536,0.3002706912082092,0.08262245492213781,0.03770067402143854,0.06356574549365306,0.1964827614047641,0.09482056122264422,0.034468165202962635,0.08272546452680501
0.1260612442134849,0.05187480360298661,0.07978442681960284,0.1985546965404286,0.13255678105992755,0.061916553200986185,0.14509272037303955,0.0903119845633531,0.11384678962619064
0.23317224230779857,0.011452553917834882,0.061121370553918586,0.09897964703479463,0.16766211954188873,0.005797896179417022,0.09066340218598684,0.03851121168684385,0.29263955659151686
0.0669791278112245,0.11649803349778537,0.12525281463064494,0.0761069779966899,0.10869207092740614,0.02669522676007896,0.08372239643983109,0.3348158000476984,0.0612375518886407
0.1558626724320416,0.014984225424922165,0.09989888124261066,0.046011245820082945,0.15177593747486273,0.01650211712507339,0.10117466098391,0.24212300567702674,0.1716672538194697
0.10931304074774395,0.18475419518199207,0.15391124712465626,0.07759224166493613,0.08167228927665075,0.08791322024492594,0.1121532178310291,0.12797535743287372,0.06471519049519202
0.08570320507804012,0.02319051578600408,0.04021834960071047,0.0499397979062395,0.14344648185035613,0.027814960524100606,0.15288207334592016,0.35547391412419366,0.12133070178443524
0.14445979066237813,0.026117186023235414,0.1922049527890762,0.08292924239702262,0.11495795803996596,0.05435386432100955,0.11809742646538508,0.13923290334431926,0.12764667595760784
0.18232525351709084,0.2439721001622495,0.03804001288226966,0.017713226324814216,0.11876688718643409,0.1564765978880068,0.1516049552483246,0.03217619828022806,0.05892476851058214
0.14421650195735689,0.08416248882145094,0.0757443337028746,0.07591232360257964,0.14776826138980428,0.08103521924386048,0.10674547520124922,0.11822273767874701,0.16619265840207698
0.08383369084805392,0.0825351173078957,0.1397581306789589,0.14560957193165502,0.09450344042904074,0.010235456553635398,0.07641371828622695,0.1146405302297628,0.2524703437347706
0.21741019805965953,0.032929475104932215,0.0735422784085303,0.061049291233148895,0.12151404647538265,0.1262020411768138,0.20816510283088874,0.05806583173100819,0.10112173497963577
0.23805712188293537,0.08846116776285444,0.07684177214926936,0.06251671127609695,0.1918164385694948,0.07591272578577409,0.10020336271374312,0.022048660308253965,0.1441420395515779
0.06041554150218292,0.16163975212158455,0.21387634266954295,0.24909676274609405,0.037919959635074156,0.03221934092537501,0.07607589886677325,0.07774169673761053,0.09101470479576255
0.1261061617982407,0.08632907025703772,0.07658811256130847,0.0325594090496235,0.20145770827869472,0.08624786279583115,0.1774791873366148,0.08105722843546581,0.13217525948718312
0.12629614512634582,0.022777179951200793,0.08928709810799303,0.05145425098206651,0.11429986757557624,0.19502598076888691,0.25379063140881347,0.06583521076214556,0.08123363531697153
0.1788092803962601,0.10672480557626034,0.04318229633516555,0.030457853525769154,0.24904326943498792,0.03580099214321266,0.14424251945755082,0.12584985674761914,0.0858891263831743
0.1291659735158087,0.05238118333971375,0.008877936525669787,0.04533504743070207,0.20244247400313922,0.28061455358521914,0.08700031146204112,0.031264418186516894,0.1629181019511894
0.07282697841257448,0.022045185713103526,0.010318287209392023,0.4196762789903375,0.05887679105853971,0.0636624721301485,0.04177934555895449,0.09692464876419286,0.21389001216275685
0.14379313396817897,0.04115285704627353,0.21968560363310685,0.131767403402955,0.13433295674241597,0.11175497430393322,0.11357393158739082,0.050334090573259604,0.05360504874248598
0.1366078385969518,0.06200806072655851,0.08344491719466181,0.03229556502743012,0.14408429813288934,0.16842712399940876,0.22542786341981294,0.0415036823054458,0.10620065059684096
0.09626127372427544,0.06934526171775719,0.16604711373359493,0.1276554916023028,0.16631142003696595,0.09036643567908535,0.1531192553306843,0.028176431662587226,0.10271731651274689
0.12327625371778998,0.08956356133644677,0.16110533069744115,0.24747146028127262,0.08091323228423475,0.03875934986453339,0.08254235506809353,0.09576212387737414,0.08060633287281369
0.06927881519020009,0.07925212187401381,0.1600119481201286,0.2383804600541425,0.04380003575966371,0.022897953324324417,0.09483051195810849,0.2009598199637691,0.0905883337556493
0.11273647915433209,0.15465826379247624,0.09012415577511941,0.10033968334867295,0.0775764656755545,0.030411836722932555,0.0786899199112011,0.22207458041506725,0.13338861520464393
0.09854930588083571,0.2647924298923364,0.086547879781667,0.019046923623181597,0.07965838532697433,0.32024368690309507,0.0651273228609048,0.01984857098724289,0.04618549474376216
0.11234592266865888,0.11337258053656789,0.16732628289340598,0.24592031041838705,0.08011354877146995,0.04942110191512805,0.04993126228866096,0.11987418249604459,0.061694808011676656
0.15943745486218072,0.17424397759674234,0.03503246953425563,0.05518234477006481,0.11282193098598786,0.23034515406246533,0.1477800505728149,0.018332569895305593,0.06682404772018281
0.0945671741501078,0.052556306068880364,0.09508348737970422,0.2517107038343383,0.10797291611026062,0.019982028961762904,0.13524349031188232,0.04847024206073817,0.19441365112232523
0.08791678637420346,0.09398911883279477,0.26536491510383814,0.1919425122633903,0.05014289700160247,0.06702748363667503,0.07060171933870528,0.1114052175730188,0.06160934987577179
0.13587347492302737,0.06731845167900806,0.11995775673787312,0.08959353208566347,0.14563840484807308,0.06104463544690455,0.09250356884762534,0.15279393346264938,0.13527624196917568
0.1996077600977565,0.02161919846337342,0.05993598438618678,0.06538484826809592,0.13345863781650905,0.01198488754499156,0.13945443746579486,0.17147242485815697,0.19708182109913497
0.11178814484493034,0.07103486767765271,0.11864274643319554,0.16656855396483652,0.12242813841516247,0.055209895142592884,0.09656884579983999,0.14233290754028827,0.1154259001815013
0.2117470664924661,0.09360789043930258,0.06321401144124306,0.06698783254557471,0.18398183756408726,0.023368031266743264,0.13722952184271944,0.10911792007515857,0.11074588833270498
0.09036768142027331,0.24020499554671879,0.15343231660789577,0.04270656650293278,0.08403262769509827,0.06008472957271485,0.1026988403030431,0.0633063147829623,0.16316592756836082
0.07543483526198795,0.11504379877963015,0.22466835705352117,0.0845763478337929,0.08957405540280172,0.13012790344157155,0.11687297624784594,0.06200397030823802,0.1016977556706105
0.21514185751963946,0.05951960466422945,0.06884951861044425,0.2045402422264366,0.126179604311871,0.013090037762255294,0.09189853307155264,0.0764374050411444,0.1443431967924269
0.10082608266426119,0.17177290796823427,0.05144983486787765,0.053270469711894086,0.10382594017365859,0.03723711458130199,0.13076290209284538,0.18537515091063517,0.16547959702929163
0.1026412493034214,0.10667316114159699,0.22751473871490666,0.10167798079143271,0.10267518256512857,0.07963953413767479,0.09453444956135737,0.08168571773600981,0.10295798604847173
0.10901437719365141,0.08763331948291582,0.05649029656170217,0.3144837474171662,0.0455329218962035,0.05971314558461075,0.04118210777851562,0.20853578819824012,0.07741429588699439
0.13233395328828176,0.06886384616932865,0.10356625941773545,0.1433034091766652,0.08279601616960541,0.024609151005181865,0.08091897133898439,0.281510272797651,0.08209812063656631
0.11516197198534049,0.07454383905003453,0.11671091016256235,0.06911463355389591,0.14747820049106888,0.026892022225003937,0.07323424725840035,0.20573618672824232,0.17112798854545128
0.0939715352021236,0.1754130823778363,0.16268525813020332,0.2872707100186589,0.04319065320130236,0.09684853129023936,0.04667320863326122,0.02628747541046725,0.06765954573590773
0.08004899904797343,0.15608442312669588,0.1765689328190456,0.0745543058098753,0.06591983472598247,0.15034436546922605,0.13756230594546062,0.09532263901631817,0.06359419403942244
0.06564479723988416,0.08647264740689009,0.19014186511182865,0.22008214640694815,0.06443417315757356,0.013964900565713888,0.07477759107376265,0.21490800482517503,0.06957387421222376
0.10871068522919425,0.06732801228155876,0.07217451509554067,0.11376886490436931,0.10857622882736344,0.030623822085869352,0.09103211486934382,0.3478381324715864,0.0599476242351741
0.10095737449648438,0.24074783802322067,0.16543130368611048,0.07562016805774525,0.06147676694554812,0.18366415295376423,0.0937058838937911,0.03013949288870847,0.04825701905462724
0.14454548365406145,0.045345619088738215,0.16100216100984602,0.32450514153388427,0.06588331908568396,0.06352672761654336,0.06636129054833693,0.0749087441453144,0.05392151331759145
0.16507958955172827,0.08793910613758042,0.11536839717972626,0.04044324216787774,0.12124926584106664,0.05115494454644676,0.14315790833075773,0.03813333747534746,0.23747420876946876
0.11099369880509109,0.15695701662683628,0.08929123878506323,0.05608384601441244,0.11891525752698888,0.03775741122514097,0.06420842379936641,0.2597221161883801,0.10607099102872064
0.09645924375764559,0.11664974507143289,0.06171849376707111,0.0979387554789513,0.062365699253177816,0.21666822030178445,0.11064899312670055,0.11289314087449677,0.1246577083687395
0.17380561575848438,0.031698109891396646,0.06861735947011922,0.02569405287845794,0.18861935985799783,0.1241664827288348,0.13804973811114005,0.16313830244823288,0.08621097885533635
0.1164554700100824,0.05679707027912404,0.14350004951471115,0.08245251278207809,0.1550736423714293,0.06884196744818845,0.1021806356967185,0.10378419699135948,0.17091445490630863
0.0869737511781089,0.20928424333720597,0.10432604446296771,0.0252293912421068,0.09244299179139355,0.0544108158099685,0.07855933349116458,0.20599207017680313,0.14278135851028081
0.1490844847795401,0.26059369104848956,0.04427303959482786,0.058984881343563035,0.09454023013562751,0.10351586558623743,0.16188673652618676,0.035960535666962924,0.09116053531856479
0.13504050518499827,0.1197149496697887,0.07579712698792501,0.15405746911741888,0.11535965475384898,0.03694082729208153,0.10681061331629989,0.05999648244536432,0.19628237123227452
0.07707427217934855,0.08909903125731101,0.15973458833638057,0.2822512395030333,0.05689847750813709,0.028858307180361992,0.057696429816510054,0.2085070933172497,0.039880560901667673
0.1645776985098659,0.08391449619171003,0.17067980123476836,0.09324808714362277,0.11257569646182308,0.029523868707883455,0.11036159795834866,0.10528153237493944,0.1298372214170382
0.14909577580202074,0.10354456556381252,0.09323009914744614,0.0495108886308376,0.1834383690891996,0.10664150504135667,0.10167540622370254,0.07203064383118309,0.14083274667044104
0.18256172332713208,0.04664048100498789,0.0808624788521164,0.047151871740948086,0.21749327462825305,0.0281495419374822,0.10697825041231267,0.049057855709886355,0.24110452238688126
0.0593787314598481,0.08916614591178013,0.21585330100197128,0.22074845823964848,0.04837482055783138,0.02319706733110438,0.04255581484381026,0.22579556855760555,0.07493009209640043
0.1051632037993961,0.06831667684377116,0.0820495595279896,0.04567803527450492,0.10660751532916397,0.10115372803185257,0.1641699895152299,0.2525330279589919,0.0743282637190999
0.12278967577867254,0.03614607931332444,0.10525018928060292,0.14754239918784087,0.16240677650260996,0.08642026741463789,0.11995175757612088,0.15531703911513067,0.06417581583105993
0.08527000740561813,0.10056968583967714,0.17788642474069782,0.21386009678456064,0.059254710310852526,0.03454037144153312,0.09621052480572312,0.1294304679033415,0.10297771076799613
0.16505024029579177,0.031968929653927954,0.026439628027289417,0.12788272431875938,0.1726567988939772,0.12420211510247993,0.11589920473849209,0.08652202388357351,0.14937833508570877
0.10664638277580211,0.07403501089693641,0.10793570949423546,0.031964615528266335,0.08921760059092788,0.2993985505713655,0.13459884749011577,0.08666461102282617,0.06953867162952432
0.0979404151136735,0.016796349982846643,0.20768095162367847,0.04275396447654219,0.14470969344180792,0.08129376307390428,0.10147964879827757,0.2557124203671633,0.05163279312210608
0.11779276012696109,0.2676124175174381,0.10012683156561887,0.033556280311174774,0.11728982846555125,0.12415952054709294,0.12113414503098369,0.03773581768223237,0.0805923987529469
0.23050297589563729,0.010321461050798095,0.07266458814816883,0.0737034987986457,0.1651985468142987,0.23230080458481384,0.09973015867489772,0.07346159994198337,0.04211636609075642
0.2443699069833909,0.1036653053897635,0.06814530725584034,0.03339335024926103,0.17003862768659006,0.03060711066030698,0.0973642583916937,0.0700339779978005,0.182382155385353
0.08360409405172038,0.215943338766004,0.012310877319521187,0.23436660088820602,0.05793908406551384,0.13413925760132203,0.06328656113600067,0.05946017398428102,0.13895001218743086
0.06197060773358434,0.05107406108184285,0.0010320184333269236,0.35842785137967215,0.016409965423280937,0.37687221941397137,0.03374730716358234,0.01191648147797103,0.0885494878927681
0.12395477522864877,0.09153131343461274,0.20749880813675223,0.056129197172594424,0.10883844872706767,0.13266925350340353,0.1381933447727269,0.05970028643546079,0.08148457258873293
0.12256476331964249,0.04674785144425777,0.12270356270657841,0.25115986709853044,0.04761155879038983,0.2286410611474675,0.08090016325890582,0.05358262387086007,0.04608854836336765
0.0993618995365173,0.15703744054842003,0.256697816144194,0.08985209973459152,0.0810358035112717,0.10157675404675752,0.06661546878160993,0.08673077094607477,0.061091946750563154
0.11764202751440296,0.13577647868565787,0.12999621331204442,0.21688807268282315,0.11024446087415192,0.05620688134613039,0.06063052939490853,0.10856685337237791,0.06404848281750279
0.10085022944203585,0.019524941846814418,0.06411092470585747,0.06294946109624677,0.08246893090360922,0.02376695595870107,0.1039586852327619,0.43959628183849625,0.10277358897547707
0.13220127029022086,0.06357191900545009,0.151413286792606,0.037293874194928446,0.1742796183509173,0.16757960555043602,0.16839264988149602,0.03680125302837384,0.0684665229055715
0.2215801497322771,0.039273103206466285,0.03798235109249296,0.04261744391837618,0.2294736372336533,0.017551009677685886,0.15250924926183448,0.06361473024824754,0.1953983256289662
0.08314866709156528,0.04186496728261243,0.10933467537695107,0.16537635514867036,0.0568642694985979,0.046326696209179695,0.07848098261053724,0.32899395532810033,0.08960943145378569
0.08913187936719062,0.06023058908752943,0.011318551990930495,0.08769223806413229,0.056806178514044424,0.4761334358494856,0.08006922428379638,0.01129024752861106,0.1273276553142796
0.0721783894995387,0.15586287356780126,0.2185709618137718,0.14376336967392936,0.06113163460566609,0.042320353284194756,0.07718070297720038,0.14206739207946642,0.08692432249843123
0.08188128200317342,0.03568678130558944,0.07357627294863006,0.18652409869471023,0.10459049806372796,0.22032087987431928,0.11788665109470083,0.09105243284423732,0.08848110317091142
0.11546343750152605,0.32275617263711576,0.12099964560296123,0.026743345727233466,0.07048334805667085,0.09936619861681804,0.0881595101626832,0.07686923220524772,0.07915910948974371
0.15904484046961412,0.14361020227387342,0.0426059073460468,0.04609041126714825,0.22364943965612086,0.015260369904524604,0.0732293672028863,0.12653271837764632,0.16997674350213932
0.0821032626162146,0.2503601311411843,0.06532975648344493,0.09752589597841903,0.09477277982471037,0.1598142765888519,0.11154303157332124,0.04318067829749337,0.09537018749636023
0.12232870571340664,0.10072921287030796,0.020787599000030268,0.09334435540648689,0.07988043029939385,0.30427447108502675,0.12216533457339367,0.07545213355657915,0.08103775749537483
0.13188601356589516,0.13449564817746784,0.14365010984798446,0.08533798992998992,0.09269217151831753,0.022998879123444612,0.12125595173515015,0.11020654953328886,0.15747668656846142
0.07143624936249086,0.06882743281025544,0.1799420743019824,0.19914557606295955,0.0649910013735693,0.05516304300205958,0.15211744773416824,0.11853907949705396,0.08983809585546061
0.16855491316773663,0.22364376907266706,0.07287604729212285,0.12995750125338568,0.07025260810439236,0.11031872999387952,0.09876043514592088,0.06038023375499376,0.06525576221490133
0.11721902346250151,0.03607683577514936,0.07990456371131104,0.025052357230773623,0.1436720593783997,0.09004601111350861,0.10442653056759792,0.2709529872398853,0.13264963152087295
0.17898989308949245,0.03936761688047083,0.10054691236744874,0.061061763770889795,0.13519602039905548,0.11677728931210353,0.22164477481902856,0.05537053708553922,0.09104519227597145
0.1133798608181157,0.05713234485860293,0.19337914290080663,0.0846465656945458,0.0866412910801158,0.16480421934557796,0.13368624858784448,0.0984328220813193,0.06789750463307137
0.13624133316841902,0.035527010027532564,0.028712217058887154,0.17043426832223973,0.07611483262717397,0.26134222562020604,0.10288707464997564,0.12291763660425287,0.065823401921313
0.13129953603914155,0.026086860288520437,0.008254539410863298,0.13134836811600673,0.13390623010339897,0.15332378386529585,0.08021715462967649,0.10871992155506842,0.22684360599202824
0.09035786133225414,0.09670051905673839,0.13389145143137776,0.08238316904725809,0.10670727181153593,0.18790641067022454,0.17560511806141713,0.053457672839646385,0.07299052574954773
0.06852731328211996,0.08979911586310564,0.16549512126114876,0.2470791535727234,0.032913905380520754,0.031273460328956094,0.07931937792806802,0.1797986267288588,0.10579392565449859
0.12042574268776733,0.10579224373164337,0.1898767516922096,0.12536846535886723,0.12965595618651474,0.09179855208214245,0.08889779231969606,0.04286249882186082,0.1053219971192985
0.2102729588202057,0.07153132004117475,0.17387746369693105,0.1473354423664272,0.08271889561050878,0.0838952356789721,0.0854127801373179,0.07732849292726712,0.06762741072119541
0.11225099555930745,0.0496624800952342,0.08806684394555138,0.11969540086949232,0.11814469041943894,0.11542783550280766,0.10237245651727804,0.056252209433842515,0.23812708765704746
0.11463781949111064,0.05096929390243102,0.15133042206503536,0.0328553715005647,0.10684658563058695,0.19257499810276993,0.054733889341914276,0.17738579271545132,0.11866582725013586
0.12221407656997318,0.13408740762778992,0.09738685121675128,0.04984354753371564,0.09914227440945661,0.2776313539059724,0.1394541667711546,0.022881657743575288,0.05735866422161107
0.08330371656362284,0.2159092973393765,0.20738452617080236,0.09696028318650651,0.04895696801009231,0.09728917934712122,0.06341115655531268,0.11648658679298628,0.07029828603417924
0.069933626654839,0.09757974614235926,0.10453863760057408,0.09821670089661043,0.10439884893458434,0.015463984701825181,0.07361107069438398,0.3216981929529498,0.11455919142187392
0.07689345491364959,0.06102298523708589,0.15033274258663157,0.06757945638601127,0.10961679213469244,0.06896618344310662,0.08122825417938205,0.1978877209992286,0.18647241012021196
0.11702640634646748,0.06313356760849055,0.024722078550713355,0.04445459630170991,0.1090882046510623,0.4614183415027688,0.11515229697092551,0.008009240244216094,0.056995267823646
