0.09883576256479587,0.19271279348125117,0.08279630226633197,0.10215339708472398,0.0882603980305144,0.09550184192071659,0.10245956940486052,0.11842465176005956,0.11885528348674594
0.10890776234847425,0.1523984257423887,0.09377158669951353,0.10564425803793509,0.09251295861474244,0.10157843785720456,0.107186528238483,0.11564908672875567,0.12235095573250276
0.1387683395032213,0.08812518423749242,0.10846196685241623,0.08090387707844765,0.11162034709573841,0.09819536916486216,0.10154050595565094,0.14434964737673545,0.12803476273543546
0.1380450392307597,0.08756086438122,0.08261768702262814,0.11332546022741945,0.11764570489142702,0.12445566256124418,0.10124003621478,0.08798588006091679,0.14712366540960464
0.11770539193476548,0.13982873526699266,0.08062150458353763,0.10959699242668451,0.09978148956972095,0.10657677800172916,0.10884019483265685,0.11958206473612193,0.11746684864779078
0.11981865925725695,0.09478754410869984,0.08206956251408815,0.09474233073468756,0.12246177184215305,0.10595372401665876,0.11422594636627391,0.13234315773831554,0.13359730342186624
0.11491303789916481,0.12558528679594305,0.0817837240756585,0.10741876974678367,0.10588789967830549,0.1071742685616046,0.11657819948649846,0.1161187375368757,0.12454007621916574
0.1262358182269253,0.16501726632956729,0.09073865233088242,0.10797164197030039,0.09110112525114639,0.10930661677828091,0.0947249717420476,0.09466443395817896,0.12023947341267077
0.17442997496577872,0.05854123513677889,0.16850024331507651,0.10971172904296755,0.061710147987280105,0.10388935218577063,0.1273984285093871,0.09287038471664755,0.10294850414031298
0.15971485805508792,0.09705848894426022,0.08403549745966193,0.1246590224385435,0.08545139309135363,0.11860134786106737,0.11522729631804712,0.08709724023216271,0.12815485559981557
0.10892007171671501,0.07672494201094006,0.07139448933079494,0.10988629702932867,0.1399894868246142,0.17632022816215712,0.09266504168555849,0.12795852769962407,0.09614091554026749
0.10467124782043079,0.11970800277726046,0.09175202240374403,0.10340169919808866,0.11499640661060813,0.09881376041264534,0.09488800258278896,0.09957878974319667,0.172190068451237
0.12656497594513635,0.09596469496388864,0.11628824897384558,0.1042301952694654,0.13355502790109677,0.11589068594514225,0.11633643633603807,0.13784895846444647,0.05332077620094055
0.11636727156707556,0.09286363258204229,0.1048952699814773,0.1069141238723832,0.08591521416341281,0.1538055322591543,0.11469917087815949,0.164937475171105,0.05960230952519002
0.0864895463961551,0.2279610522412773,0.07441912551594655,0.08139409005416338,0.0777936066023058,0.11049234540896262,0.10930391549698563,0.09807691648855821,0.1340694017956453
0.09930769754434061,0.20412902843101974,0.12266862957565756,0.0924035703307966,0.06799949880199953,0.10097942847915953,0.10498869970180917,0.14447670547175742,0.06304674166345993
0.09096240646460814,0.11384011025185359,0.06449118173286965,0.11287762490650027,0.1654123866992932,0.1196243373423286,0.11189789793388598,0.10702615067034109,0.11386790399831953
0.08705248044690357,0.059166634967866887,0.1553717569159488,0.09948083385343222,0.1476254993341599,0.11011651687551915,0.10648631500716636,0.12131150211129378,0.1133884604877093
0.10722194883868467,0.12836999554905523,0.14141567864441332,0.11568663636299141,0.06324819458979093,0.11487892622749984,0.11751382322802668,0.10796775986158179,0.10369703669795609
0.12420502490673536,0.10556006912943765,0.07592453960473446,0.1024127385740291,0.1170008984540231,0.11063302465786568,0.11294792109894619,0.1331087221753568,0.11820706139887154
0.10195986432600833,0.239384194398896,0.0749991581335122,0.09160703941454768,0.06443839628042387,0.08564059516906515,0.10638653556282168,0.09402281285810828,0.14156140385661678
0.16721702040388764,0.05705359116759923,0.10314995700215514,0.1274460799656333,0.10138512816290642,0.08938781197081917,0.13124275963032875,0.08028293682778864,0.14283471486888175
0.12175407751667024,0.13754298707539217,0.08010974527696114,0.10549108297755556,0.09669247759503492,0.1102928465427605,0.1116390893987919,0.1143491021877197,0.12212859142911388
0.09722674954904185,0.10405171704875567,0.087591017150159,0.09912279781641208,0.13085160888663575,0.10012785894944166,0.08948745086009498,0.12546639422921854,0.1660744055102404
0.09916088672501921,0.18618328905453632,0.07583204571006102,0.11569438549570399,0.1060639184302032,0.09412538572438267,0.09859280370369976,0.11387720712544076,0.11047007803095306
0.13975458112332903,0.10139975389641341,0.0941837643844305,0.12489014480083599,0.09695376962797103,0.10451041365702274,0.11494077920328932,0.1067954767590673,0.11657131654764069
0.12326213998347622,0.12290047275262679,0.05743827694789699,0.11160672681789507,0.13248868824355917,0.11482294582433554,0.1152496590492164,0.09328882087174578,0.12894226950924806
0.09622865184263385,0.09645811580087083,0.0753989647343005,0.14615225044925625,0.13457380382296055,0.10771272204702653,0.12314294524537554,0.1285949398830015,0.0917376061745745
0.11284904935510483,0.1037744123938099,0.0933535540778324,0.11799446260043685,0.09802277355015626,0.11002872458215185,0.12939049057650392,0.10625101852787806,0.12833551433612603
0.1191612071985665,0.1530184126741623,0.08496865554720383,0.11704377547029941,0.08876199361301412,0.10650121162392871,0.1133948356157289,0.12729576621956504,0.08985414203753128
0.09499157117641906,0.26671313572661115,0.09736577294951738,0.07514993195029987,0.07224155621196772,0.08201035792971763,0.09493856673433931,0.09023739051730062,0.12635171680382726
0.1192103702813626,0.1340360644033389,0.09061403826541335,0.09428346849330425,0.09711476999359503,0.10917919224096344,0.1118573107678818,0.11681099445669892,0.1268937910974418
0.10358854662319301,0.16748010422214776,0.08482643089956642,0.10221562692795005,0.0882780019025216,0.10300339351731215,0.10933952499770909,0.13049449126349683,0.11077387964610308
0.09460652484939143,0.2698865348273369,0.08980385221894494,0.11601305755204705,0.06865296932492819,0.0879814324268909,0.08855462745753555,0.10061353674697338,0.08388746459595176
0.10784395812779447,0.0727457362472169,0.10836575798627746,0.13004166713106477,0.12388931390482795,0.11447886186466749,0.13318930214143918,0.10827651433399095,0.10116888826272091
0.1341651389622245,0.11360762625342198,0.13166853319019772,0.09943802785647504,0.12607574113050268,0.08670779428387333,0.1074267545155088,0.11508423533523393,0.08582614847256202
0.1223208876979574,0.24187194091947703,0.04998355395638126,0.08401385611680383,0.07079748016990743,0.10363020135389671,0.11781120713394795,0.10795254549286289,0.10161832715876555
0.1865765923240432,0.0809430002563253,0.07878328129982241,0.11427809026453277,0.1014119991895746,0.10693621505741224,0.10409664696198362,0.09761309120991442,0.1293610834363914
0.0972966453974693,0.07888737890973334,0.21276584021477687,0.11936276550352075,0.07504463050655928,0.08769075525876346,0.09807004781750601,0.10697167981070106,0.12391025658096998
0.11929824672347374,0.1330667186996464,0.09199702073164985,0.09288066144120628,0.09668394253322583,0.10946065419367806,0.11217271478717339,0.11635417033235929,0.12808587055758722
0.11519230673445695,0.20649298041119776,0.07452446235772399,0.1038747675548752,0.10091525887795887,0.0920907918349075,0.11132972195178553,0.09426712988131375,0.10131258039578055
0.08855249182304518,0.04297856197810884,0.15401300690041153,0.1527639812778185,0.149115625274118,0.07887839424289352,0.10628829643240438,0.14513670685946825,0.08227293521173178
0.15146800739557706,0.0682509647365071,0.09236256768140856,0.1489961391744444,0.1468056866551964,0.09440907402900468,0.11601917027670416,0.11404334865813238,0.06764504139302531
0.11313639581785634,0.11152740268080318,0.06892557962825059,0.10990063137094942,0.1353299766180894,0.12119042024750985,0.10837973661564271,0.11656360414798721,0.11504625287291137
0.1782029813886182,0.05115708374372829,0.06919360682004626,0.1373438054009999,0.08882521890646995,0.12040574701767896,0.11445284899714271,0.10561994685714267,0.13479876086817308
0.0855284333676458,0.0652928469851343,0.1258972890967586,0.1451651413623255,0.18629748743475863,0.07849607355883599,0.10114199917318223,0.14869833773352675,0.06348239128783217
0.1046105287314006,0.2204742876566578,0.09272941788574103,0.10525232925286904,0.07883295101118043,0.09372956420744655,0.11253985120078587,0.09899150062644575,0.09283956942747291
0.11686531371752175,0.09349256365629816,0.10099300734492046,0.13266526479706986,0.0905881640400018,0.11836462880289673,0.11800066441443764,0.11412606257739454,0.11490433064945899
0.10569084206915431,0.1292509673356511,0.08655213953106115,0.1452213887014342,0.1222440055177025,0.10374002313301499,0.10695496544395082,0.10997183283619043,0.09037383543184058
0.11461889553287659,0.1449539153628566,0.0821989705870057,0.10473932126198182,0.10756577694611662,0.10146797423710276,0.1034012187625097,0.11976986143419632,0.12128406587535386
0.14106085524235626,0.13166186297573693,0.069790067224149,0.08618510134255987,0.09698981425025256,0.11259484043655198,0.11128977657377115,0.12962438835953924,0.12080329359508298
0.08268480676615826,0.1383401227210429,0.13775971877224705,0.09571709971899896,0.10321639952092372,0.10920544047724122,0.09711058165279651,0.11528799144383023,0.1206778389267612
0.09915434150235186,0.08804776878394045,0.0832671530778873,0.13748626832253097,0.19118338785576997,0.08578077525183936,0.1015279584839246,0.13686659440607138,0.07668575231568409
0.11238443158377169,0.07331279909138201,0.0829188191394354,0.09958542999588053,0.1381380014356543,0.1218897131420598,0.14132123999185203,0.11352092157881988,0.11692864404114438
0.11641536674712473,0.12255522402904362,0.07206574991695817,0.10886273906314226,0.12987340864604216,0.10310220877961278,0.09861876312707056,0.11551582498942782,0.13299071470157786
0.09334530585065527,0.17250858256834553,0.06689405104949746,0.11785253227522273,0.09438308820721496,0.09941044860499308,0.11465428428120998,0.09999349578747709,0.14095821137538392
0.1077627154763575,0.14853266628248854,0.07938482580733368,0.113165087833391,0.10120914289342443,0.10876877453739393,0.11056288212301274,0.11926527980710934,0.11134862523948874
0.11588203537972985,0.13918954942873174,0.07866142650108392,0.10885682469172177,0.12039130915809097,0.10368951669364725,0.10418526916132616,0.11579503026063953,0.11334903872502881
0.07258728771550531,0.11393783256725626,0.08297338866023811,0.10365182624976688,0.15874282203975026,0.1149881301964351,0.10684229801056029,0.1143104515675221,0.13196596299296573
0.13605524446172843,0.11519449351886646,0.10101376181804624,0.1477231446971083,0.10164024767132075,0.10328339026537829,0.10220073671666287,0.09905686073242663,0.09383212011846205
0.11291399330910327,0.12262577434652851,0.0755233368880429,0.12468037809816307,0.08947967088866741,0.11662411547830163,0.11237422486320181,0.1416454946301288,0.10413301149786265
0.10277427449442218,0.1351339900437639,0.12471159156691573,0.11313252626024123,0.08145160754045343,0.09636833254524996,0.09835885673309684,0.11794163286705416,0.13012718794880265
0.13844318782945367,0.08184531372612286,0.1194451457023975,0.10031237335501002,0.09370041878458642,0.11106354606063752,0.11755567877800983,0.13327247631284567,0.10436185945093644
0.08913943650622753,0.08814503578916054,0.06103126195826594,0.1241856138604956,0.14317983111226462,0.12698996024942868,0.13402668622400135,0.09632501110255358,0.13697716319760211
0.1147808505077289,0.10355804813300351,0.07437813863791234,0.13083511041818652,0.1372092429075634,0.10168652900402625,0.13230473388448852,0.11082639972521292,0.09442094678187767
0.12630281482124286,0.071921189204209,0.08008774636180314,0.11319784519882307,0.10415115400864246,0.12426724002586814,0.14130769153851505,0.10043855293517241,0.13832576590572385
0.12315362915549018,0.12942283875864055,0.06987899797057968,0.10118040224199822,0.1314783219249034,0.09693828583819797,0.1014040574614032,0.12310406398143209,0.1234394026673546
0.11254220826180084,0.10241988813388442,0.10316838241046855,0.1207848605809468,0.1162378996725431,0.10244428292547027,0.11527581725564444,0.12223329053716551,0.10489337022207612
0.09111325939355865,0.09361226687947151,0.11119834475921492,0.1407872019318013,0.1346868393772869,0.09499848713586902,0.11796957579353395,0.0956436539694759,0.11999037075978784
0.11891688512832883,0.19466555321806292,0.07088914122699892,0.10721319398435791,0.08755253971350441,0.1013263386272137,0.10470672346388195,0.10275224277476501,0.11197738186288626
0.1445882471047801,0.02642603883392486,0.08049303766204456,0.13936441742848377,0.12962557578955655,0.12608570107591738,0.10561587780448412,0.10026096466201091,0.14754013963879783
0.09853195187515268,0.1009097629468878,0.07789736672813882,0.12659560746740656,0.09573075108112787,0.1452848159834279,0.09949245063853114,0.17391735854938392,0.08163993472994335
0.12442151595948614,0.10561402679706766,0.09788841171492695,0.12533320865539935,0.10234909217934274,0.1318444217220888,0.11209853926568743,0.12393850808242202,0.07651227562357886
0.1161491543364111,0.10967723654041306,0.09582071303932872,0.11645434255778904,0.10755180359331573,0.10206363204921255,0.10702659241760133,0.12346794131741444,0.12178858414851401
0.14512357069616924,0.10807660175386491,0.07069502389333064,0.14529636747466187,0.12025872290101362,0.10352888278193649,0.10440192452024076,0.09619471017373764,0.1064241958050448
0.11537850347302753,0.12818455894602154,0.07752413686240624,0.11124167675036477,0.11108315149129215,0.11277247529022189,0.1044735573886366,0.11819360082648289,0.12114833897154631
0.13284115698219737,0.12488391342206424,0.0852318208579138,0.0953182131690292,0.10223942009101313,0.10166009742253423,0.1094606465815942,0.12087868228252736,0.12748604919112638
0.137546803267628,0.07789723009153282,0.13384990011648842,0.1254550934571181,0.09124895031760305,0.10992786539170706,0.12374798561739382,0.13092801407861285,0.06939815766191577
0.09843545178202683,0.11690457390135793,0.12821095562621285,0.11104851279386818,0.09454856710220232,0.09139226492427822,0.10100718450327655,0.1128104036847966,0.14564208568198056
0.08719581840824649,0.09570890381867064,0.13032871743110652,0.1229249601876752,0.10766120518682408,0.1039506318299454,0.11462245514968088,0.1195814467370014,0.11802586125084942
0.1137624698948891,0.1399505910139155,0.08577403426669368,0.10519391273520524,0.0993506286422199,0.11189496950687239,0.113149475674357,0.112922950242221,0.11800096802362621
0.11360473309832075,0.07540262923892518,0.16537862417389704,0.1443580180959578,0.10401403486456101,0.10843929971803323,0.11028969472342791,0.10801448071757742,0.07049848536929962
0.19550181225541122,0.04012467969783445,0.09724147971743335,0.12883171853437592,0.07876989707838344,0.11070751251795276,0.10659017890723,0.11962462900499182,0.12260809228638707
0.1298024328208239,0.12107097768395357,0.07398789738729271,0.11348968066501552,0.10499380169951379,0.10527859864809568,0.10510762370709492,0.11561769017524554,0.1306512972129643
0.11316309235458799,0.07364213349601374,0.08437312748294591,0.11446702989557239,0.13546570144382672,0.12162725205436613,0.1095819962344962,0.10413440768355404,0.14354525935463683
0.09573277813572538,0.13790495318686438,0.0942664100328078,0.11690624573656745,0.0912250009286079,0.10929861809900439,0.11069432856544925,0.11295850755726906,0.13101315775770442
0.09020374164060015,0.06619078698728233,0.09941704708489407,0.14506216685092124,0.16088138037745,0.08995693929848964,0.11467051611939465,0.16972770242474233,0.06388971921622554
0.13761119208605208,0.1786844870111474,0.07124395568736709,0.08640247867461205,0.07811803163079839,0.10861618504491828,0.10626773818623897,0.11379016187700504,0.11926576980186065
0.08801955039642322,0.1957517704601686,0.11404402688334603,0.1014933252250493,0.07677362082522084,0.09679894288871393,0.10144995754836846,0.12189001564143846,0.10377879013127116
0.11770539193476548,0.13982873526699266,0.08062150458353763,0.10959699242668451,0.09978148956972095,0.10657677800172916,0.10884019483265685,0.11958206473612193,0.11746684864779078
0.09550000144433766,0.09400381008819503,0.06632981383375824,0.1534752366641219,0.18350248537491828,0.0971049970381198,0.11794751259365947,0.11999719130920912,0.0721389516536806
0.0865443478519899,0.1294495362266707,0.1083027338907029,0.11729209176912798,0.09954077024898406,0.10885484475323197,0.10758823708971117,0.12482847989088429,0.11759895827869694
0.12905494520877733,0.08334385593945308,0.07362053228959299,0.12212019983952804,0.15699771076279279,0.11770795245940678,0.09678642634206959,0.12128602520824129,0.09908235195013808
0.09824696099866896,0.14844673138517947,0.0947855316849543,0.11421617606410223,0.09875553706500229,0.10714893295931231,0.10699038768477105,0.10602035861881275,0.12538938353919668
0.09796396721338019,0.174970774791966,0.0848451552432023,0.08675994367790148,0.0952275825188895,0.09840034568154837,0.09763648846667199,0.12160601760582923,0.142589724800611
0.11760732606832393,0.1846063489538552,0.08838335003213386,0.11799881185550283,0.09643652275414911,0.10262555374098196,0.10076682338648162,0.11691462582863145,0.07466063737994004
0.135123056852391,0.134788385158066,0.09074070468190976,0.12123275563874227,0.08349605427547198,0.10565562547060448,0.10497023761147517,0.11039586094217119,0.11359731936916817
0.1539403711267043,0.08968607248800932,0.08360481931891728,0.0915312147531938,0.09806342888065415,0.11247799281548888,0.12258823308699525,0.1083524052988915,0.1397554622311455
0.11011691436745578,0.2066923370266566,0.08038810530777883,0.11467508908461647,0.08161551921805864,0.10500645273380982,0.09636062891296003,0.09446543469534545,0.1106795186533183
0.11770539193476548,0.13982873526699266,0.08062150458353763,0.10959699242668451,0.09978148956972095,0.10657677800172916,0.10884019483265685,0.11958206473612193,0.11746684864779078
0.07193496979816079,0.15248141440166008,0.10643421423717787,0.13281970595485706,0.13571392123054418,0.09170796511063373,0.10281462501996357,0.11714586291555995,0.0889473213314428
0.10828148248908855,0.12850198169107294,0.0825050373419884,0.11613350542421332,0.10222054004267517,0.10561760825092924,0.11338657412255293,0.12380990723256229,0.11954336340491721
0.14040751641898785,0.18341040152904312,0.075935999695226,0.07349487763329447,0.08750003558576036,0.11505190885085465,0.09216145602323676,0.11034519791481195,0.12169260634878487
0.1680062727186681,0.09004397170906094,0.08177702901542329,0.10064695759725877,0.10322973658750918,0.10235617362373622,0.11782375549822538,0.10116200607594948,0.13495409717416862
0.1216813309678405,0.12955711771758474,0.09089478356218844,0.09606900915281598,0.09664028864376047,0.11044570320535907,0.11292631195396323,0.11411083482220828,0.12767461997427929
0.09329183596694234,0.2192314397655866,0.057662690037713994,0.08601862614438392,0.08625019804791678,0.10574000924642875,0.10530310423028921,0.12479162181869367,0.12171047474204476
0.1330059859787355,0.05680129531323593,0.103193464861485,0.11668211096842573,0.10754356649070151,0.10824155484864302,0.11931497814619323,0.11362634407500923,0.14159069931757087
0.10622307916710615,0.11006775768236225,0.10496129512953396,0.11800946528985141,0.12334044331540468,0.11673763328386992,0.10263569485298724,0.11443745580512421,0.10358717547376022
0.11533009657841257,0.08691285750140527,0.10751745902036945,0.13976138586396772,0.09027714459815311,0.10794377888626165,0.10847767409794262,0.08466472125302092,0.15911488220046674
0.1061743553757027,0.1009161520320128,0.0656118286819663,0.10220986253435695,0.1577563918977448,0.1211575393414987,0.10505919168949977,0.11422522415735921,0.1268894542898588
0.10432608817582378,0.1420699817039418,0.07810035740950877,0.13249791452079693,0.12279977832023058,0.09428039200500053,0.10178782779937583,0.10184396408996398,0.12229369597535782
0.11635331736355449,0.13394400913784138,0.09467611511757368,0.10033462558563717,0.0818052345766862,0.10885035836005841,0.1166412119152811,0.11131568840171302,0.13607943954165458
0.11614682331601796,0.07566904101526702,0.09400058773954179,0.12671718610013144,0.15461779772849274,0.10869101208140791,0.1104718598156179,0.1304917222871339,0.08319396991638935
0.10116952256914302,0.10706120228483808,0.07489021721775645,0.15684315274573493,0.14124889114354452,0.10335916650609207,0.11462174909838475,0.14282108614875066,0.057985012285755456
0.09024050024937681,0.18362574548667632,0.0868455987915477,0.14453045067472434,0.10771424259846846,0.09000334213754106,0.11191761153800235,0.1124507252438024,0.07267178327986056
0.12505531295316227,0.1479163889731241,0.0881977539938371,0.11205868051904506,0.1104986860756943,0.09926480255285726,0.08929222343155267,0.10570582564390242,0.12201032585682492
0.11801593675408915,0.13829278470351078,0.07192659921428285,0.1244008488353205,0.11499280945450996,0.10228813877947379,0.09845764645236625,0.10811954995065187,0.12350568585579474
0.14640132374850914,0.09034700801245106,0.11723185208787142,0.10524123330452985,0.09068876359562,0.10597488807277954,0.11166536148856848,0.11303944438945411,0.1194101253002164
0.11583492578680114,0.12839652195920526,0.08533257042814048,0.10954429558435867,0.09756766292928103,0.10751237382202461,0.1182884365558976,0.11395744448370167,0.1235657684505896
0.09760957481043064,0.09242857524874444,0.08455166406218555,0.14535696975789103,0.11902168005495213,0.1207647078874572,0.09260060449093231,0.11084379094244196,0.1368224327449647
0.1338700235269441,0.04523366419729354,0.10866458254384652,0.09311624309541293,0.16912499574130627,0.09470144647515122,0.1139999437267711,0.16633270966290362,0.07495639103037069
0.09199253234449327,0.052643167030521416,0.12582921324638374,0.11078139108196979,0.1273719137053025,0.14354772258979406,0.11304149653536898,0.12100972597932196,0.11378283748684437
0.10165306115119573,0.1003860003458189,0.07397988472517643,0.08661728114364592,0.1459036800035163,0.12686618848846362,0.10083741306755778,0.11812079638327601,0.14563569469134927
0.07942868832621618,0.08349569584589085,0.23395125572586406,0.08743136806847447,0.07395658924271671,0.10167291074359365,0.09979993736642556,0.10154712628775485,0.1387164283930636
0.11770539193476548,0.13982873526699266,0.08062150458353763,0.10959699242668451,0.09978148956972095,0.10657677800172916,0.10884019483265685,0.11958206473612193,0.11746684864779078
0.10114552779028389,0.08571616421414785,0.11917024453204116,0.11706986843369993,0.12609885122104847,0.09691064698334578,0.09576087141682232,0.1284422448233625,0.12968558058524812
0.07516213322401782,0.025006491131218594,0.21866722019432663,0.14455788792042837,0.14824824398004557,0.1278269015589462,0.07884648250822612,0.09186173804067664,0.08982290144211401
0.10099243262222113,0.09266491537462553,0.08347197367274477,0.09796193262440868,0.1258388690624746,0.114247347436097,0.13305238900775607,0.08524587016198686,0.16652427003768536
0.09992075559382192,0.12428851930736905,0.0968372290715417,0.13233987429279082,0.0907010327184883,0.1117498345851576,0.11308984672310508,0.1202146315049949,0.11085827620273064
0.07539291784682033,0.16030511366646724,0.08611814121272354,0.10536132832840832,0.11642348310525909,0.09997326140489848,0.10317385026823973,0.10741941494642904,0.1458324892207542
0.13015369644524646,0.16822762534470526,0.0823289433831214,0.08033023187027301,0.09024137986665311,0.1047621862052774,0.10485760640426545,0.10916442190986092,0.12993390857059695
0.1179308014835988,0.12630609666188214,0.07303864388361446,0.12016529031340721,0.12289052522334393,0.11481921603837304,0.10203412666365853,0.11534687305660041,0.10746842667552138
0.1567646714753054,0.10204673263471181,0.07670159596015239,0.11668913041263868,0.09674818392064166,0.11020128454149197,0.11819797449331271,0.10280664198987643,0.11984378457186895
0.16143031881110662,0.09050954903822735,0.07155029800702574,0.11439623502217733,0.10850024549729366,0.09790873967639306,0.1271230781942285,0.08714423475687642,0.1414373009966713
0.11993351783957489,0.10768883883024583,0.09474439175085124,0.09684864872169607,0.1102433009426923,0.09590262841883772,0.09791241464971845,0.13513180881554127,0.14159445003084223
0.1419916973951734,0.09087469367485519,0.07813546722610032,0.12031502515112609,0.0963074084464644,0.10470260027119078,0.11090378928158368,0.13071365068318522,0.12605566787032088
0.11651591362225415,0.12441186105592389,0.08277769520892174,0.11460011618926853,0.10266465298278926,0.12206392211904567,0.10877056751443732,0.11327317720371428,0.11492209410364522
0.13960886879735898,0.07144005245854798,0.11087130152468004,0.11595563934142865,0.10593324496170964,0.11701110093341272,0.10875119217396441,0.10056119483059102,0.12986740497830665
0.11856914886659962,0.12436142472666784,0.05980584951668227,0.11568728458250022,0.1178627595758685,0.14325075915504282,0.10159361231134867,0.11649879811825807,0.10237036314703202
