0.2951452243847239,0.10007382947840236,0.04418285419321333,0.0914566880932407,0.10137831644970585,0.08631818763174215,0.0916935696761924,0.09949073326385312,0.09026059682892623
0.1566658911490987,0.10919255818076751,0.0705104283446385,0.21439107425927442,0.10356507020898859,0.05556241170314818,0.09288806993113723,0.09334797910314842,0.1038765171197984
0.07386074769414597,0.17715582711630465,0.1667474444923451,0.06624580136432702,0.14634155786225225,0.12383362460345006,0.07889364136828698,0.13089502050999677,0.036026334988891226
0.19079424463763592,0.09903952591254674,0.05671429493772251,0.1543163945736419,0.09806621376278231,0.06333303591690316,0.10505337472973615,0.09212799342390594,0.14055492210512543
0.07148361453714293,0.11596741735947641,0.21772498705527984,0.07293713078721084,0.10392157164404538,0.12591699315681418,0.1670930212428382,0.0780820526492305,0.04687321156796165
0.15940468686249815,0.11521351318482824,0.06747519257101332,0.18601506688208738,0.10783144544474314,0.059632474699764494,0.09842359051965449,0.09928338621067827,0.1067206436247325
0.11081815692008308,0.09425192008191831,0.06306994892125539,0.22225634011500914,0.10028882697578527,0.07634391622367205,0.08809633372019376,0.10591461937897723,0.13895993766310585
0.309795852473361,0.08904282815277487,0.03942363733180134,0.07069132134672405,0.09439806115259841,0.08901492261212039,0.07440597909231274,0.07604574740807685,0.15718165043023036
0.1823028072516845,0.09174559520005354,0.05230078783368722,0.12708100206161457,0.10299386696107127,0.04737020245938047,0.09786711921646497,0.18581299871583148,0.11252562030021189
0.2659080130876681,0.11409850246876922,0.05613525682195903,0.11374752416101234,0.11502143239061217,0.057382437770184536,0.091830504272936,0.09217777915394067,0.09369854987291787
0.12269044043450715,0.10341732561388427,0.06872305015688444,0.25668190048136386,0.10010427914651461,0.05896208699714781,0.08336615372819073,0.08810480562641039,0.11794995781509678
0.16787150422102823,0.10803406445699464,0.06295685783307074,0.11694227492021896,0.12083109770497669,0.06119988790449388,0.1460851087266268,0.10701366965558705,0.10906553457700315
0.12134929214941233,0.10667372977415425,0.08373396047235633,0.03704167970760855,0.16499981388019963,0.22738582192284543,0.11543185251314492,0.08471995979641415,0.05866388978386435
0.10624985019505358,0.1222862874865474,0.15441048827134887,0.13244021098499703,0.11350364764474703,0.044627730875613315,0.09663089185307398,0.16987133340986627,0.0599795592787525
0.27585282588076254,0.10629860207219112,0.054907655311481736,0.1029736374960709,0.11072547675839943,0.08905620724836145,0.08171146958525145,0.08461052492687497,0.09386360072060639
0.09568995334074006,0.1329182119258618,0.07770927775595242,0.18012283505069226,0.11458282823202394,0.11639747681701058,0.133350262431929,0.06366460873361886,0.085564545712171
0.14820805640315773,0.10745104059160233,0.08278172225162816,0.2176028824780547,0.10331452291006125,0.0608049245458988,0.09158436890454229,0.09314948621961255,0.09510299569544216
0.0825945898569188,0.11663160300663174,0.29004248887452255,0.07708251053152394,0.10034393513327171,0.057344064429558084,0.10976767633273125,0.11605273729579353,0.05014039453904831
0.15940468686249815,0.11521351318482824,0.06747519257101332,0.18601506688208738,0.10783144544474314,0.059632474699764494,0.09842359051965449,0.09928338621067827,0.1067206436247325
0.13649140257751402,0.09959812262435225,0.09836585370324585,0.1845262826960357,0.10057609191765605,0.06219269050797649,0.08768278821466235,0.088194985263688,0.14237178249486934
0.05346144416233012,0.04033458309208391,0.20113400515194932,0.1024881241153024,0.09252700371533489,0.29961738045351666,0.1043003707933136,0.07169041221880229,0.03444667629736689
0.1743442345051247,0.08185742721583598,0.032557730117550955,0.04904643800283844,0.08116932577481502,0.0383555859860134,0.09277288278079726,0.3137580917466707,0.13613828387035362
0.1551525375299475,0.10865896466883035,0.06442695177393787,0.1780946770881758,0.10639677979264543,0.05634152437975742,0.09789604909661948,0.12777027783079234,0.10526223783929382
0.18107424939810654,0.0912835272234342,0.04855055397021615,0.1285337558471134,0.09355041168053639,0.12260015821586993,0.09919859504268709,0.13777142266426856,0.09743732595776768
0.17957777879179382,0.11050687704944194,0.07162655966851461,0.1694476849290548,0.10870003273473185,0.05784362320900957,0.10763750446232412,0.12396478401848289,0.07069515513664636
0.17191653630657422,0.12020246802843652,0.056522463887727394,0.19721143014728013,0.10315104102041601,0.056471716346141475,0.10248484165146378,0.11027734800858006,0.08176215460338047
0.13507765620178766,0.12061729431843315,0.06309952585634239,0.24014775134420782,0.10334232366264608,0.05345033342917388,0.09656211653034162,0.10842144541098726,0.07928155324608013
0.09649058199359335,0.10883584457827283,0.09120667692335423,0.09743807898803102,0.12030128614337576,0.1242555189400843,0.12890758315697323,0.17157280186210067,0.060991627414214634
0.3434948676190122,0.10660434807523045,0.04003727870410389,0.08414930465847144,0.12161544263881434,0.06353869173039807,0.07729166202354827,0.08089088004527348,0.08237752450514775
0.12092066961369408,0.09591144108475204,0.05716622240463959,0.25528858639416846,0.11563864742623181,0.05158445952029744,0.09962777938854596,0.09257628916810706,0.11128590499956358
0.12033513716571655,0.09047780260840109,0.10929913172589388,0.20308369079064148,0.09435118959356494,0.053011590547295075,0.07654427069557472,0.09108759979074864,0.16180958708216364
0.06040811581265138,0.09948578402190096,0.11509331501862298,0.05699047835368686,0.09025953497109579,0.29121331596208755,0.10460971354796737,0.12411284855366822,0.05782689375831895
0.26829228368891184,0.1389931775687012,0.1489589234810695,0.03883005215116174,0.16598126412502273,0.06302280970873107,0.0697823947752366,0.050819945104406544,0.05531914939675887
0.07863637296884879,0.06835790052671269,0.11103625350804978,0.0733221284824868,0.11179489403371823,0.08945907857700547,0.07611032997922336,0.33494870646592395,0.05633433545803097
0.05860635170661421,0.11270652713338292,0.13608781156145458,0.07248617067395215,0.08392506638551184,0.2530947818548573,0.17350130677401865,0.052409080930666395,0.057182902979542045
0.1577576302663591,0.11203160041547357,0.06572346046539247,0.1829339703974423,0.10715806364825316,0.057711532473111206,0.09819636566224986,0.11233190209393257,0.10615547457778585
0.17334265319455575,0.1171147476590048,0.058611193785747175,0.15836479029477943,0.11368570660487216,0.05411121704306055,0.1185675524849857,0.13091888372652946,0.07528325520646496
0.15772614221516762,0.11198308053351837,0.0657010310909485,0.18287510606495663,0.10714762708273055,0.057687390247485724,0.09819250464458855,0.11254239649750053,0.10614472162310346
0.15940468686249815,0.11521351318482824,0.06747519257101332,0.18601506688208738,0.10783144544474314,0.059632474699764494,0.09842359051965449,0.09928338621067827,0.1067206436247325
0.17056214012725554,0.11348889519427563,0.07862913759446051,0.15236217955232853,0.11469908322265525,0.054652848341339925,0.10823578680539098,0.11822747402606038,0.08914245513623321
0.1882927504299987,0.10533058396043754,0.05244644410960375,0.15964459646963844,0.10358876301339172,0.09581968867612471,0.08804627658232844,0.0962243187532386,0.11060657800523815
0.21177115803138466,0.102906723873793,0.04611020196455484,0.11707188320730162,0.10216814223883548,0.08387056736083402,0.1196313202374736,0.14355429686360172,0.07291570622222104
0.08999972547569335,0.12435431114422231,0.10398899440890234,0.07142583649666755,0.10461352911174555,0.22233458046137788,0.12704400804910668,0.09917115469394089,0.05706786015834342
0.3569626216513548,0.07765401324609282,0.07676312110862951,0.09162066828470972,0.14925569588380658,0.057846228643680254,0.06510614448376327,0.08012327873670906,0.044668227961254005
0.09202046786757136,0.07532207394577324,0.2531903326605313,0.09227059597191745,0.1097199423644603,0.11826516125478316,0.11429969219376195,0.08672950006030816,0.05818223368089311
0.1777344921816376,0.11652258666644348,0.06572489500432889,0.16537126180860504,0.10701719892887036,0.061131745830564875,0.0958096552386047,0.1002719785517211,0.11041618578922392
0.07288767915693264,0.08560951543815021,0.31925151439555394,0.09890437196437478,0.1024420117717017,0.0495571442134764,0.12132285594134089,0.10290542373185692,0.047119483386612655
0.1274494162773443,0.10646915991497936,0.059129211787583076,0.19498330795298904,0.10974889751675239,0.054259981607158635,0.11681188724368109,0.1202434269335139,0.11090471076599819
0.04812814918441324,0.047742175334226054,0.1952876247859193,0.058550050704687884,0.13131475222664932,0.3592368788550333,0.07504516517429048,0.05222142046146458,0.0324737832733158
0.16124411259026658,0.07760596726212346,0.056319862819952944,0.16527170595827292,0.08638639584019141,0.18414160223630494,0.07587993230019806,0.10063706858568007,0.09251335240700957
0.11066378530473303,0.10458864014679757,0.07100724603367094,0.2909262707905246,0.10127580416888642,0.05673566733987756,0.08327976365443085,0.08801470894567016,0.09350811361540888
0.1704191384261692,0.17613528268256876,0.13025767506646077,0.07226117355579083,0.1949370333692756,0.07923547332389923,0.06500798347552551,0.05481736447475388,0.056928875625556236
0.216985763541347,0.11068122532681968,0.06737720666416736,0.16047911621389463,0.10547146122626518,0.05826572787971173,0.09395401150538141,0.10422866368602597,0.08255682395638704
0.05896589007975014,0.1955137178873411,0.1015137736038696,0.07168893834793476,0.1512399755223994,0.2311102096647051,0.09017756386623528,0.06901401767431514,0.030775913353449483
0.13599629585723114,0.12041494081866923,0.06329057339237869,0.23795809769574738,0.10361889033536097,0.05369271526029743,0.09670473132054173,0.10806078581378276,0.0802629695059907
0.11194332293421799,0.12280609888612992,0.056990125316967864,0.19543016755302964,0.11449179972605418,0.08676619216499348,0.0999731448963565,0.11767460859527638,0.09392453992697399
0.15940468686249815,0.11521351318482824,0.06747519257101332,0.18601506688208738,0.10783144544474314,0.059632474699764494,0.09842359051965449,0.09928338621067827,0.1067206436247325
0.15940468686249815,0.11521351318482824,0.06747519257101332,0.18601506688208738,0.10783144544474314,0.059632474699764494,0.09842359051965449,0.09928338621067827,0.1067206436247325
0.3437951220675684,0.10617256328843792,0.04532389321545769,0.06662288512461777,0.12143556771086772,0.05088251199506514,0.09491297264205323,0.08902590361800257,0.08182858033792954
0.25561203946134325,0.11452298196555127,0.0572778445462083,0.11912688194525789,0.11458082557337579,0.05775250937320453,0.09282339908385007,0.09316948968346961,0.09513402836773927
0.13375903953292748,0.16312770359880166,0.1143087049510908,0.11112895305909666,0.08838313387974295,0.050335961268136255,0.1380026885053928,0.10442980226390708,0.09652401294090439
0.10078672226156478,0.11760965258529676,0.07060771877854022,0.09994684820805534,0.11784620730944632,0.053337499130363154,0.16629619608614085,0.21030682305478318,0.06326233258580938
0.12582190694044296,0.09268355979738598,0.042562456384882014,0.21648615369831445,0.1129721566251715,0.03825049404188999,0.1257620959872282,0.12178549476411406,0.12367568176057088
0.07325232626568857,0.1996938482844339,0.05514312915687571,0.07656730204894067,0.14883245927232244,0.24006889630091896,0.06140902405986374,0.059505983735411695,0.08552703087554435
0.17669665692287662,0.11671106249432833,0.05564661687671868,0.1467879615519824,0.11498233431449201,0.052297521086406736,0.12628000945777315,0.14412575476452294,0.0664720825308991
0.11767393273028111,0.089173158432228,0.058199740358342744,0.24747875345891954,0.09565486697059579,0.11337933116751338,0.08022009644091309,0.12846859367652694,0.06975152676467937
0.23379205132475714,0.08921485054465246,0.053093981951462754,0.1403490128408525,0.095566523963926,0.04976336941725221,0.08688420041074212,0.09339094461859411,0.15794506492776073
0.11841679688042812,0.1402045092498271,0.14865713473398903,0.13635506610341722,0.10351110385185058,0.06680039571614284,0.12453874212554328,0.07828850706311617,0.0832277442756857
0.37390471265986536,0.10572605754618074,0.0411671145867741,0.08295150081439,0.12531391217187962,0.05537094191982426,0.0754284238196113,0.07474041312935488,0.06539692335211982
0.11953433658836778,0.12819399842551796,0.1448207761796537,0.132432550922729,0.1340449788045575,0.08473754826944009,0.07075687836890832,0.10915625267459446,0.07632267976623118
0.1471766909385274,0.10676039660227764,0.08428001056536653,0.22015075027084152,0.1028895246371093,0.06098665679174845,0.09096497435966368,0.09262746903284828,0.09416352680161726
0.21264788496230028,0.1000369866178868,0.055164444537062575,0.11099166245877153,0.11398125144719713,0.07787398489161663,0.10209242555644805,0.12134928564327274,0.10586207388544426
0.14260315818737226,0.1136300948103613,0.08795805023284205,0.1986175329486649,0.10829456965180151,0.05407133972898168,0.08803910066953702,0.0904487579059368,0.1163373958645025
0.1400090122378673,0.09842555419157446,0.04854179934285748,0.16640247411925033,0.09640128569124756,0.04910552713919771,0.10213644623474312,0.17281811064256383,0.12615979040069827
0.09930671669721648,0.10389175373107573,0.06673431247085382,0.07364334261599133,0.13053689842991106,0.1493252765146239,0.14299161808091518,0.13451605832547353,0.099054023133939
0.15940468686249815,0.11521351318482824,0.06747519257101332,0.18601506688208738,0.10783144544474314,0.059632474699764494,0.09842359051965449,0.09928338621067827,0.1067206436247325
0.14160725751915235,0.09748849975664266,0.0856859414180375,0.24617222430234312,0.09708935527032747,0.05511250799187073,0.08453723513006974,0.0979759284974178,0.09433105011413863
0.11111746500985688,0.22413564004270645,0.11480739671923806,0.09008079903488499,0.10861521418662574,0.08275569784139075,0.07390746548007868,0.10781728588844665,0.08676303579677179
0.14474212816267248,0.07690511512721669,0.0478972563640938,0.1195381498294835,0.08632653625401358,0.12004878119440125,0.0838928167320861,0.18507803379385246,0.13557118254218006
0.20872582828926892,0.11160286728459771,0.06741304376045175,0.16397517279084364,0.1061231738158384,0.058448000162034774,0.09487061196669355,0.10375724525929471,0.08508405667097656
0.1756594277853142,0.12072734843492426,0.0601883004285092,0.1615416894072084,0.11498792677529758,0.05577924986256234,0.1193535106792384,0.11600033181278037,0.07576221481416527
0.1543697258552079,0.10698028956703344,0.06606326569759449,0.24601898566876299,0.10360206164402187,0.05360637276717687,0.09378766185271604,0.1030390526572268,0.07253258429025967
0.13083457899708287,0.11501538338696525,0.07121302441261296,0.20642115531369,0.10404333673849946,0.05571966127625078,0.09581035145925267,0.10362036701375271,0.11732214140189329
0.29005082146546884,0.0749738593778725,0.04252586708969102,0.055805848362970624,0.10735085940609057,0.04315562361403139,0.06741295959644959,0.23179107797783013,0.08693308310959542
0.07214325560618727,0.15447514616055866,0.027528551475516406,0.06616754523783779,0.11756069622477265,0.2773853794876851,0.12934037579348875,0.10904655227141453,0.04635249774253893
0.07849431371557539,0.1261976065292079,0.0886596521685422,0.10983793126827623,0.12317153686416311,0.09387243580055393,0.07409850469028788,0.2457510314241876,0.05991698753920577
0.06746032605121363,0.1309065355513683,0.09758223833515194,0.0631542831588103,0.1319800656013512,0.2453919896959802,0.09011983754041235,0.12513379593211052,0.048270928133601586
0.07566784042509173,0.18032419907159433,0.23757010508969478,0.07386712220457675,0.11776052357494199,0.07851908714776605,0.12593360014560773,0.06066112736854109,0.049696394972185455
0.15397237479313708,0.10867272577048231,0.058996067427512976,0.22797027682630056,0.10242492368036464,0.05686700508898104,0.10081678206949611,0.09787406393549264,0.09240578040823257
0.20924504349892428,0.09253949630516617,0.04065749235671597,0.12859301641432389,0.09597629450392221,0.14639069836524057,0.0766655155803372,0.0916328313336442,0.11829961164172541
0.15940468686249815,0.11521351318482824,0.06747519257101332,0.18601506688208738,0.10783144544474314,0.059632474699764494,0.09842359051965449,0.09928338621067827,0.1067206436247325
0.08031411944623301,0.09507013113771028,0.26993196900026467,0.08329407985869769,0.10296190572467528,0.060524790835809854,0.13961656155733784,0.1123312273139954,0.05595521512527598
0.15940468686249815,0.11521351318482824,0.06747519257101332,0.18601506688208738,0.10783144544474314,0.059632474699764494,0.09842359051965449,0.09928338621067827,0.1067206436247325
0.1810812434428141,0.10428261914023762,0.07310125111220502,0.1160977474936677,0.10702115102907195,0.06318503228308295,0.09171714938833665,0.10536799699691142,0.1581458091136726
0.17606808024381607,0.12083614858562787,0.05998349665299546,0.1607596391854279,0.11516367265139223,0.05566416160026396,0.11999749776923611,0.11649563112593941,0.075031672185301
0.18919521781639317,0.09085245942055414,0.03848912955509234,0.15433600457803923,0.09300866206834897,0.14371237105002485,0.0852228219784245,0.10301504432216495,0.10216828921095782
0.10318369049652716,0.10808685912202787,0.22419934600127198,0.1096653844795016,0.10941597268180116,0.07435673442189904,0.11270040533517812,0.08845766179316882,0.06993394566862418
0.3984110399841943,0.07199810699322269,0.01858616653224389,0.04564818243081378,0.09245054500204473,0.1732172789572347,0.05075697592148013,0.07180074158863732,0.07713096259012851
0.19690853926143573,0.10786996624700795,0.07294438659570007,0.15111745629885567,0.11188285376846312,0.05600966784726628,0.09047174851256129,0.1322022343950582,0.08059314707365169
0.09933113464342642,0.08984830758204877,0.1663243294955248,0.10087380680888307,0.12653779168698642,0.11180679968216757,0.14723647651808872,0.10720514178572917,0.05083621179714506
0.16930401646114004,0.07569428997194354,0.09066280331303478,0.1063641851398665,0.11604437098981846,0.06701950422635161,0.12871922626242108,0.08272541735811048,0.1634661862773135
0.22646795120599958,0.10180859572713553,0.05086869099273742,0.11754802423749271,0.10642981452031619,0.09778190516023388,0.08543824745736339,0.10594663301456814,0.10771013768415305
0.10466446370688898,0.07927401733673867,0.09065748374159609,0.2018400499467009,0.08972713260339342,0.09587439199004773,0.07772091965895671,0.09158603822377641,0.1686555027919012
0.12996988526055855,0.11186198179430769,0.07358602106766293,0.27670353037920714,0.09939317829975247,0.047744957698138656,0.08391779503657953,0.10591037992195351,0.07091227054183957
0.08210187868356651,0.10219588970424161,0.06789896404202488,0.07062724755380441,0.14580900728787607,0.12754287610778992,0.19006063381822655,0.1597988334809262,0.05396466932154392
0.15322408124151782,0.09605858627442444,0.09838488534738192,0.19446700858471497,0.09622725092957102,0.059036963564642886,0.08108451283729677,0.08422557114936446,0.13729114007108573
0.11943409858165017,0.14911776775737887,0.07406398818095071,0.14423130327658762,0.1446781721648348,0.11739686634325974,0.09775978251635774,0.06964387284156319,0.08367414833741721
0.10928043289646638,0.10400895079239504,0.06627085129648924,0.20662694368966641,0.11648583741580233,0.0648449689573402,0.10348865838515432,0.09962396156763154,0.12936939499905456
0.07481651393873384,0.0852932126909217,0.10662620441071669,0.05731758614241347,0.10294360902398815,0.29923358619519697,0.0849321224125429,0.1540738397500144,0.0347633254354719
0.20800070569955534,0.09360768907523091,0.041477703230699534,0.1310626136380125,0.09667467767902127,0.14193448274276685,0.07758091344636021,0.09205191045873191,0.11760930402962137
0.15940468686249815,0.11521351318482824,0.06747519257101332,0.18601506688208738,0.10783144544474314,0.059632474699764494,0.09842359051965449,0.09928338621067827,0.1067206436247325
0.4097450932991351,0.10143186103017403,0.03280167646645681,0.05675896471102918,0.11908118066097916,0.05254334348746573,0.08011558737366048,0.07287860078631002,0.07464369218478945
0.09084109056260352,0.17919195553746978,0.16018756722566907,0.09836975885992562,0.09694306762514175,0.12324983565272174,0.11723286153335048,0.04333036040060528,0.09065350260251281
0.09809045632031656,0.14474754483729235,0.05028612401179156,0.0756925096342425,0.14453656188450062,0.1754748844153756,0.1938268533377833,0.06264851151000268,0.054696554048694744
0.12949494328956815,0.10974305533102198,0.05585010702976439,0.22616058997190638,0.0976754737905079,0.08293320083333222,0.09742057729820719,0.12403568379829784,0.07668636865739387
0.16079660255692663,0.09848515518809974,0.05293932200424586,0.2200887061388457,0.10204538250716799,0.10456687460651919,0.07706464630139527,0.0995653109886792,0.08444799970812046
0.11642187392711091,0.09965870522215686,0.13693750701507953,0.1398854316554475,0.09653298027849071,0.1505585564669896,0.07839334602796699,0.09907638320254104,0.08253521620421693
0.17772452382876613,0.10126243322839233,0.08379106794656564,0.152927294216234,0.10061662052998326,0.06450590055011433,0.09379276165007187,0.08962317332142362,0.1357562247284488
0.13635945555983472,0.11554662856983344,0.04913014744242603,0.1593568533510444,0.12865313296581535,0.10001380287965078,0.09691923768516227,0.12289986244038258,0.09112087910585043
0.10889175211427932,0.07870412172551276,0.05390678225959202,0.29426689590438854,0.11223837575351488,0.061096840538290655,0.07332887685708389,0.10010177599106619,0.11746457885627175
0.12977293916496965,0.15224080623769273,0.136278607592049,0.0603514380685764,0.19055169427797067,0.09320080855786221,0.08456925149968274,0.10073368691274835,0.052300767688448276
0.26448282460412015,0.1057659229166819,0.0521212128226645,0.12485389427803513,0.10726686742507711,0.052779805300092325,0.08806838238893745,0.08678338485483257,0.11787770540955894
0.2834253024951186,0.10441197947633322,0.04461864609891832,0.1035343234101201,0.10833018093802164,0.08888848335102095,0.08159339666712236,0.08909815174116222,0.09609953582218267
0.060842651120206086,0.09281725083627379,0.29399937753315825,0.047149941020621096,0.09093048335910875,0.13123717601076199,0.10523262459162709,0.11845469966783308,0.05933579586040987
0.1338875796411628,0.0936871731561968,0.07834254919553035,0.22697555691002272,0.09667265211867371,0.14360479179743613,0.06841049227596248,0.07371840808082342,0.08470079682419163
0.36638084158900686,0.10561599640986019,0.04113215099450015,0.07123994643330016,0.11360629426947481,0.05451702494590166,0.08469869783694416,0.08049878516830274,0.08231026235270933
0.08508059831133696,0.1109043597971336,0.12469324025357109,0.1496828778118602,0.1375582281353331,0.1269349793623825,0.10486543770598906,0.08723163604209815,0.0730486425802953
0.0804121772963113,0.1839313185124899,0.09050149563373866,0.07899430756250418,0.10363628114192437,0.18917922729480427,0.07547129415597974,0.14527971920737368,0.05259417919487388
0.05514530704910228,0.13438511164382794,0.17499918898515132,0.043537430453474406,0.14747771713590188,0.23435786085412355,0.10515423123143346,0.07673225573404226,0.028210896912942884
0.15940468686249815,0.11521351318482824,0.06747519257101332,0.18601506688208738,0.10783144544474314,0.059632474699764494,0.09842359051965449,0.09928338621067827,0.1067206436247325
0.07408323088924186,0.16162451567724923,0.04808302612302989,0.07488058640593448,0.1532689288792355,0.24507709553007953,0.10509416917585394,0.08935345289010548,0.04853499442927015
0.06678526459711827,0.11795367413607814,0.21921551497379518,0.05642384021264112,0.11031341560123842,0.19255911017355007,0.11029552229670765,0.057572401917398874,0.06888125609147226
0.07240308893872617,0.07356019721453673,0.28564028509372913,0.12764455686026072,0.13796560738343025,0.07277584516828202,0.06409841119226277,0.12033129034113826,0.045580717807633946
0.10994345938069772,0.0663628706177521,0.08943022573722799,0.09266074515012963,0.1481140458517455,0.11730847179749387,0.130123093980245,0.1250807307484624,0.1209763567362458
0.12160925672270416,0.09608358309904175,0.08093537012582906,0.30279499170908125,0.09511134842753988,0.050174716948330755,0.08568514383521182,0.09437341725050068,0.07323217188176075
0.16267130417379985,0.11356267221516446,0.07719299808722191,0.2016669322021635,0.10932908007080526,0.056146869008700036,0.09154899680858293,0.10585688354498897,0.08202426388857303
0.14299070827517696,0.10398677817531594,0.09059673548012905,0.22986222916858645,0.10116742276732693,0.06184729346660586,0.08846940905749524,0.09056525606809583,0.09051416754126768
0.08734218733699685,0.11877802670311322,0.08742067786438729,0.10214680784312229,0.09734443270466266,0.23604844619416596,0.12846322173027633,0.09620687337361032,0.04624932624966515
0.06865833618649618,0.1955984871811504,0.05584611785681634,0.07665784316606018,0.22289794860958637,0.15358085662384455,0.12575449809873004,0.052675408495324184,0.04833050378199183
0.15940468686249815,0.11521351318482824,0.06747519257101332,0.18601506688208738,0.10783144544474314,0.059632474699764494,0.09842359051965449,0.09928338621067827,0.1067206436247325
0.070363249330469,0.09402245950644411,0.15561488717633623,0.06481891442508976,0.14469211165023213,0.19737612989498185,0.10296526057891471,0.12235124178326802,0.0477957456542642
0.16241811354196178,0.1137990903028784,0.07622629999623953,0.20051682624098036,0.10927765285695579,0.05642521599652848,0.09220682262428925,0.10523780520154584,0.08389217323862062
0.1538956043030263,0.0924526638067395,0.03971248289459964,0.24909208535405103,0.09345893359930585,0.10534628970782628,0.08265291269840143,0.0919735189629353,0.09141550867311483
0.23672094789272682,0.10684874416465595,0.06331639396547252,0.1670546967934328,0.10872588975160243,0.04806313486383864,0.08385980988063946,0.0842474320571786,0.10116295063045277
0.16946038431451785,0.11163825429101026,0.06456432850201659,0.16298195960254525,0.10503512300853295,0.06101357289205811,0.09601381271371963,0.09710738934942169,0.13218517532617766
0.10166646407421087,0.12283558090242992,0.07452981763793583,0.09704406655386422,0.1671268819639855,0.18082351509134464,0.06939534106299858,0.12587467481426454,0.060703657898965944
0.12381985265660382,0.10595200210320392,0.0536679873727817,0.25298850094629594,0.10199002623043041,0.06046030954262435,0.08467312897713164,0.10431611319631233,0.11213207897461597
0.15468541713462247,0.11709103038923985,0.07796917204455485,0.17205249694992997,0.11200148693150347,0.0573179516313718,0.09751665774527107,0.11142643745656684,0.09993934971693953
0.1100415747992484,0.1274032792806978,0.1224224779180622,0.12463513202991792,0.12643019637451966,0.06548364256407078,0.11940782975412449,0.13048448335904353,0.07369138392031528
0.1515432196581583,0.12847058911953943,0.07661870577803269,0.10292593852695388,0.11992166429302713,0.14429802590041071,0.12077127661748555,0.0649092474105155,0.09054133269587673
0.15940468686249815,0.11521351318482824,0.06747519257101332,0.18601506688208738,0.10783144544474314,0.059632474699764494,0.09842359051965449,0.09928338621067827,0.1067206436247325
0.1705920882422229,0.11111177817585201,0.06418459628116326,0.16014874461982295,0.10463991225538478,0.06116995109753742,0.0956502103975972,0.09677494004263616,0.13572777888778323
0.05587738463264361,0.05329623981563958,0.2897523609978203,0.05128124728751567,0.1113653464445505,0.16671825075530708,0.10366467706194539,0.1322098307220306,0.035834662282547336
0.10463575880214758,0.13060292147972738,0.16100979243151115,0.11797310046515493,0.1250661249130147,0.06418303055315187,0.11330276178423604,0.11645422486987915,0.06677228470117731
0.10961334768371682,0.08657009884973421,0.26102434486378107,0.0689925949040398,0.16745991200039556,0.03404166040842516,0.14111728765162448,0.07912231986625383,0.05205843377202909
0.13309426310556802,0.08259102171750725,0.03161982846042968,0.2948526256251706,0.0968976646458235,0.08555058294696698,0.08743094808816122,0.09982463768440918,0.08813842772596363
0.07880801125178548,0.09085585164895442,0.132764686252835,0.14472192325789912,0.13505966556984658,0.11832010632176775,0.16499123453932732,0.08838857505716209,0.046089946100422295
0.09037121650184494,0.12166107091354143,0.058583243099014824,0.09065395653091168,0.1743168558864745,0.0620973772798633,0.23568112130375365,0.10454173539994827,0.062093423084647326
0.22377821800408468,0.12450231563828051,0.10921533489064499,0.06860290985306154,0.09611778667459947,0.07007548056364372,0.10554559114083008,0.13232080499176482,0.06984155824309028
0.17609098872022946,0.12084219327606499,0.059971966970856196,0.16071548228755,0.11517352988261566,0.055657672736155635,0.12003385811082372,0.11652355592029955,0.07499075209540478
0.1363232959011069,0.1203437088773537,0.06335812688748695,0.2371799391445443,0.10371526498502899,0.05377881725684546,0.09675440531488581,0.10793345667669517,0.08061298495605282
0.07908300951483781,0.14090650195153753,0.17773094387824653,0.09100266799604241,0.12462911877752882,0.08865695738333863,0.14814699227657563,0.08753605235746796,0.06230775586442466
0.06121898996771382,0.07468855319892,0.36293236625166014,0.040880315334651536,0.0709568668096673,0.16346377416077992,0.07723709436679277,0.12366884737240463,0.024953192537409883
0.06833966134717513,0.12629439615464336,0.189955631506028,0.0583167951579317,0.16097415762600642,0.20200189446098862,0.08130152872764218,0.0658256095287366,0.04699032549084798
0.0870674920533712,0.10813119635096426,0.188866883627923,0.07450556569075034,0.10085466909213868,0.15146144038295525,0.0994200137179806,0.12957641713896487,0.0601163219449517
0.06316847052958281,0.11683522892676079,0.018414018107599132,0.03339726216323682,0.10399067085417231,0.22949945497352317,0.21337960401970138,0.1751555966029875,0.046159693822436156
0.06727693419074686,0.08378150644903785,0.12279061244920451,0.08019711505522185,0.11225877244206313,0.1450476463812529,0.10297525122213924,0.20490025134826442,0.08077191046206916
0.10986503472425059,0.08198341189453003,0.18160489703478866,0.12156480844223982,0.10449895026492202,0.09920912165702955,0.11523952444231901,0.11268840698628713,0.07334584455363323
0.17848962691753348,0.11656166691417787,0.0656533372211092,0.16457413665281453,0.10697729472113882,0.06119060043377152,0.09569777510923368,0.10030206620183506,0.1105534958283858
0.08543435494118672,0.11779407315424047,0.05157882941552214,0.0854830382266251,0.12579303626878288,0.2268974561575898,0.08207047062344157,0.16773780784105763,0.05721093337155375
0.13354338575750702,0.09643245137990197,0.06988445303776787,0.15613942053566213,0.09670740113720792,0.05202017410470749,0.09335724060860251,0.17268649007911452,0.12922898335952857
0.09546567176024122,0.15240716948273123,0.17934385403937422,0.117206948255018,0.10608515751543274,0.13060397764156575,0.08046445995817166,0.07019109754482093,0.06823166380264428
0.051394079783362585,0.06092050138481361,0.23713407484859952,0.040562922434480564,0.17092772251367014,0.2791512990455354,0.08353624346064155,0.04283782579798682,0.0335353307309098
0.20164472125241817,0.104610192518185,0.07795234204291163,0.11697081066144571,0.11659827568786117,0.06361456049539722,0.112965931023509,0.09550671243695476,0.11013645388131742
0.12017494140079366,0.09696457098615756,0.08206139517116086,0.2269848867628126,0.09850221070045963,0.0692877767038275,0.08405818496368767,0.0872703155178497,0.1346957177932507
0.0945683103649589,0.10102057529385267,0.23850600948824316,0.08310769191582773,0.11606016714584699,0.1350999052362877,0.08651112652287583,0.07327659002147789,0.07184962401062911
0.08979219574551987,0.13869745718125492,0.07290075577583523,0.09719035536250419,0.15281391953330356,0.09262044844082662,0.06984054107965947,0.21995633384907165,0.06618799303202448
0.0945141931623545,0.08055257238388318,0.2019258232055063,0.053573743104996886,0.11597672867594767,0.14791027317991268,0.09989523019506819,0.16059765090656294,0.045053785185767574
0.09247769006171701,0.10777408182610067,0.16181903253388044,0.09550275357616374,0.11275465631437114,0.16572389693529352,0.1115531856661683,0.0887436380646351,0.06365106502167002
0.1312825852355524,0.11249531694253077,0.053836930060252884,0.28507510531122904,0.09599862978939644,0.05017310762254526,0.09750011954753131,0.10580705108422502,0.06783115440673688
0.14975072517902413,0.1149299604926231,0.05448633336847126,0.20396199429488202,0.11147496734842388,0.06311305995333046,0.11198746634216872,0.11291667498052867,0.07737881804054779
0.10547460990034192,0.08620849054584279,0.06688970514975758,0.3045041591275499,0.10138462070852011,0.06547540760381028,0.0862510042268758,0.09408290639886537,0.08972909633843619
0.1359555873382772,0.08620728765016628,0.0577382423702395,0.13570869380732362,0.09442220265627199,0.117723532690488,0.07523503038202108,0.08286426690591432,0.21414515619929808
0.1185360323549332,0.1237106861118678,0.07488488408512227,0.08253657582167827,0.18716811142036302,0.07165770986630314,0.12748210476551103,0.15041665559354456,0.06360723998067684
0.22693389957680035,0.11703720823996905,0.03167902944910334,0.0878369661609909,0.11119817599663318,0.06123847362647549,0.08566472282441577,0.22618892243814356,0.0522226016874684
0.09612880114466098,0.10208502131870238,0.33711854682580905,0.06724766720614626,0.15164807816481843,0.04638060698441152,0.09447106009864115,0.0653291290440894,0.039591089212720816
0.11873529349175478,0.08402358712162973,0.07712202900711555,0.08999508816138256,0.10815166642885514,0.16165700214305104,0.12675430166293522,0.07708071811943501,0.1564803138638409
0.15940468686249815,0.11521351318482824,0.06747519257101332,0.18601506688208738,0.10783144544474314,0.059632474699764494,0.09842359051965449,0.09928338621067827,0.1067206436247325
0.058032716225095544,0.15055105374319064,0.30059453353387994,0.09112398859301696,0.11325212967219976,0.09779809703102094,0.08234898392183847,0.0679183086655709,0.038380188614186884
0.15940468686249815,0.11521351318482824,0.06747519257101332,0.18601506688208738,0.10783144544474314,0.059632474699764494,0.09842359051965449,0.09928338621067827,0.1067206436247325
0.1336808874321288,0.09512082531942119,0.07213261892434918,0.11286259698941918,0.13294916480293376,0.05970822095972209,0.11684171797039056,0.15815229013244925,0.118551677469186
0.08355626955531285,0.17974018343523576,0.054726970923302726,0.07535986318172852,0.14568582076951545,0.17795892790281212,0.14798054527528867,0.067654300543477,0.06733711841332692
0.1485094742332278,0.1076534689899968,0.082347715226997,0.21684690381552688,0.10343867796212868,0.06075407174716571,0.0917657040263266,0.09330314427966253,0.09538083971896798
0.13621294186058816,0.11434627922599187,0.14039306574620805,0.11035750521061072,0.11629411342259564,0.11095964866305334,0.1091794751131276,0.10532955854223935,0.056927412215585206
0.11364103920879513,0.09462772345265419,0.09256014687053706,0.2910315729643042,0.09522520917837314,0.06296741078672469,0.06812771303617425,0.0772268055157077,0.10459237898672975
0.10362080855126854,0.16437757821448326,0.06756437479772785,0.11685486876507822,0.1806441698876605,0.16068805066480338,0.08405799253157752,0.04831276576677327,0.07387939082062757
0.10918066663205023,0.1309938684771114,0.05823502546711071,0.29026306495180315,0.09289951814358062,0.04708743691251871,0.09309197908179678,0.125208008801444,0.05304043153258434
0.15491917360210405,0.10839990367994372,0.06434775617760674,0.17766453805380542,0.1063344181810492,0.056259899158247695,0.0978701768162255,0.12902242910603864,0.10518170522497912
0.15940468686249815,0.11521351318482824,0.06747519257101332,0.18601506688208738,0.10783144544474314,0.059632474699764494,0.09842359051965449,0.09928338621067827,0.1067206436247325
0.16256355236974784,0.11366629985001032,0.07677491039721747,0.20117861051546004,0.1093088421380356,0.05626572055683743,0.09183257572172776,0.10558988054759298,0.08281960790337055
0.2857732552005001,0.09001263399692526,0.05314341363167343,0.08879670101319496,0.09590587047470762,0.08302408032348595,0.0849026038590045,0.0912169559588099,0.12722448554169827
0.2009817411187708,0.0723844739077817,0.18092694548806454,0.06115893989377627,0.13166195639336847,0.11144426591640177,0.10700438949023046,0.07519490917129275,0.05924237862031323
0.08432767217259407,0.10354489110928117,0.19825875382617517,0.05087060370140086,0.11258977788206605,0.1820714634185534,0.1375039519771982,0.08764998586162003,0.04318290005111106
0.15940468686249815,0.11521351318482824,0.06747519257101332,0.18601506688208738,0.10783144544474314,0.059632474699764494,0.09842359051965449,0.09928338621067827,0.1067206436247325
0.09751437673246317,0.10958646622469524,0.30081879108451115,0.058566297768380425,0.1446765799600796,0.07583995440992981,0.07748799994358489,0.0965049385008855,0.03900459537547019
0.0992567806315791,0.07858976141054168,0.0496582898001467,0.3511594281322186,0.09280704867357155,0.04865497936408151,0.08309830505599468,0.07733747840068908,0.11943792853117713
0.15940468686249815,0.11521351318482824,0.06747519257101332,0.18601506688208738,0.10783144544474314,0.059632474699764494,0.09842359051965449,0.09928338621067827,0.1067206436247325
0.16072001158411767,0.09964054963890667,0.06557670683845294,0.1292534723391029,0.09912633510179654,0.09163056291622713,0.09222021576125321,0.10732582115168728,0.1545063246684557
0.15940468686249815,0.11521351318482824,0.06747519257101332,0.18601506688208738,0.10783144544474314,0.059632474699764494,0.09842359051965449,0.09928338621067827,0.1067206436247325
0.09269300862831238,0.0600137239130625,0.22447433710242293,0.17614551344665688,0.08623933515252441,0.08298100480995624,0.08290795368488131,0.10771765431647679,0.08682746894570655
0.1871709699829928,0.13440401212948086,0.038565938591794253,0.1600011357570187,0.10495115846722303,0.1374922877091144,0.07333804894842826,0.08825661814375953,0.0758198302701882
0.06835156581831428,0.07680544118601478,0.098021699625577,0.059817747881344314,0.08498751716597051,0.31842673630389495,0.08882475343893374,0.16571886361291757,0.039045674967032894
0.1029133373765765,0.10667867733258557,0.18238844135503776,0.11907231154464586,0.15387787641897496,0.06733858096906335,0.11113744036700375,0.08564853899459697,0.0709447956415152
0.16540559583241815,0.1006573146561065,0.0536703596622092,0.23080366650297204,0.09729835909598329,0.05210055855755302,0.09575196625956324,0.09065210404950254,0.11366007538369192
0.10274475280197871,0.0994119032273388,0.06637314066240317,0.1611707162835936,0.10708085214384029,0.06675996914065599,0.10055602942508855,0.11011484580441437,0.18578779051068653
0.15940468686249815,0.11521351318482824,0.06747519257101332,0.18601506688208738,0.10783144544474314,0.059632474699764494,0.09842359051965449,0.09928338621067827,0.1067206436247325
0.09622465953018312,0.09980665974240187,0.25970374680154573,0.04829753165856024,0.09585951069322081,0.1270337495411392,0.14462873189923733,0.07517607033802619,0.053269339795685496
0.22018283327228572,0.11249726683820022,0.06333822753386854,0.11577608653503803,0.11037054552172691,0.06239117257105581,0.09270773830596868,0.11095962328978531,0.1117765061320708
0.25689910543912947,0.08869969883934514,0.03729937542416299,0.11743937625617558,0.12031756726467698,0.08525015279803055,0.08358315162878033,0.08492592059166737,0.1255856517580315
0.19351383461927085,0.11258167415994408,0.034192340662091716,0.07598225399672454,0.1260361738614599,0.11046246791815749,0.09777834433231829,0.1305522617304082,0.11890064871962495
0.1790961169335823,0.11090724628357602,0.07367936602422431,0.1982130507246059,0.10381022912757032,0.05355403583261917,0.09535500284896707,0.09203471458407743,0.09335023764077759
0.11723675207499917,0.0984699821024159,0.06646236549761127,0.16876974861337093,0.09591201489900397,0.042883173994791864,0.08928907473879077,0.17705535380270163,0.1439215342763145
