0.13432456729262185,0.08791565821136445,0.09881206012185569,0.17790912951921198,0.08846606890857413,0.09747943141397071,0.10297945095662159,0.10048309092211467,0.11163054265366494
0.11877354249797349,0.12674267550404716,0.11315936512210763,0.05697533329705904,0.13644713040824272,0.045076776123637925,0.16800530582044096,0.10284140061025508,0.13197847061623594
0.06173469203017289,0.0067057273316963135,0.06086096909447395,0.054035285820967977,0.10832915625731664,0.28117033797474855,0.11293126062561006,0.14930089794988852,0.16493167291512514
0.14398609160542705,0.13990544482554956,0.13433540691643622,0.11004090769273178,0.10526501851797303,0.0686337530716946,0.09041686538136821,0.10867811425160052,0.09873839773721903
0.11357414234458463,0.05891087349591997,0.12565823483306363,0.06613696162878126,0.16461813659094393,0.0693176505332045,0.11363146313412491,0.1497516476506723,0.13840088978870488
0.12533527650892096,0.1557100870706308,0.12453904709089497,0.05556742655331654,0.12328086066182109,0.08002849348846648,0.10118438364208925,0.10532279385103487,0.12903163113282512
0.10039132021636686,0.07672175342961478,0.12379317681915004,0.13202463042222398,0.10790143597219592,0.1639768049353585,0.10610678860642675,0.09366852906332433,0.09541556053533885
0.07132540186113984,0.1725371119886502,0.06035996956577128,0.09683806105252991,0.19222916606216947,0.09380546849097295,0.12782274929109924,0.08048137168298132,0.10460070000468574
0.09434369674893815,0.22057160523405442,0.0918237054661999,0.09686658987848579,0.0927025661482039,0.12405853515435662,0.08081807584542951,0.09100362879575034,0.10781159672858136
0.07589475723202509,0.19603891543926696,0.0855006055317279,0.049118519098302414,0.12401194259505294,0.07333720184034177,0.12772167369382456,0.15268386266894815,0.11569252190051016
0.11204891139473248,0.06936764842269173,0.11575788445076912,0.06775518727145848,0.16941284780525878,0.09788149312742006,0.12413834489200659,0.1426004720666334,0.10103721056902937
0.13108116386567967,0.08104470109739272,0.10181880710050967,0.1699691570084365,0.09121261245166574,0.09116440008113173,0.10684698384969783,0.1036005254339351,0.12326164911155095
0.12801669735247767,0.12363597613061324,0.1041101712645438,0.10438559853631448,0.1446579454288577,0.04990294209285175,0.13444763068954538,0.1024019340140319,0.10844110449076409
0.1323684176702068,0.07104799497518557,0.09935408015225348,0.07246926473207614,0.10714913697018091,0.12728948558305433,0.08943269514409685,0.20029354573273994,0.100595379040206
0.11411202819304074,0.06910966859072314,0.09138395221201384,0.26504503881777336,0.07479998497394665,0.12132286887896153,0.09693408643884972,0.08218274938636144,0.0851096225083295
0.13546003410349855,0.038618056054951735,0.1630411076924299,0.08848696448638171,0.11789995903043475,0.09603049499062864,0.11376772663871847,0.11824824534357548,0.12844741165938078
0.11571679156501387,0.09399919865928187,0.1301605524576961,0.06348461559466151,0.08155831955800369,0.11593237219236492,0.14180305118929262,0.14313257200825638,0.114212526775429
0.11515727223397922,0.24567575781847092,0.0961302555658976,0.05997824281567662,0.09702029249801421,0.11116152177186145,0.09274636057448081,0.09891947495204408,0.08321082176957506
0.1311681602154492,0.22608096240092213,0.08630127567922907,0.07326477381207895,0.13345332792625253,0.09557518737216784,0.06737524406454788,0.11216142843051036,0.074619640098842
0.13432500233340708,0.08811605159954855,0.09992231449612632,0.1734450699357395,0.08913900764976418,0.09918767324293846,0.10365263937628834,0.10057459593397107,0.11163764543221655
0.10823097053159708,0.07614104753815999,0.07680781294285952,0.0601235271314813,0.14141852408521038,0.1370798191892504,0.1653465890420758,0.12583529123600237,0.10901641830336305
0.14172632714338684,0.09565776692987928,0.09784085028850247,0.14664719650380909,0.09186879241535362,0.10307618166529214,0.10543297747579221,0.10186139992930486,0.11588850764867946
0.13819160227645041,0.08137966143836745,0.10662599478376784,0.16703620563101154,0.09132756270556182,0.09994107607996443,0.1025763211145267,0.09986263324797706,0.11305894272237277
0.11281738850459476,0.024396483356075197,0.1719954106452443,0.09129394258779593,0.15795978748014539,0.10067374844217547,0.11167700867923108,0.13045312829446684,0.09873310201027097
0.13829883078625466,0.061206094192424315,0.10344837072350037,0.13871077806919663,0.09612050225525426,0.13144275625742696,0.11190658403165847,0.10191346149105378,0.11695262219323059
0.11079737682072628,0.1098721526918955,0.1020211651342507,0.12491407784925017,0.17064975733144797,0.1049344758844621,0.09405544504095271,0.09264658716490981,0.09010896208210477
0.12238568052945516,0.2688533905823443,0.0848399235877758,0.0717230613634514,0.1610178746635792,0.031884820140678054,0.08318728716536271,0.07652089390903632,0.09958706805831692
0.11568400750021095,0.06933651428407027,0.10141939905954574,0.07634634003714062,0.11787772851370237,0.1123355961042652,0.13718025890792812,0.12817415377715594,0.14164600181598078
0.11191281615568828,0.11193284599597224,0.11963002048283967,0.11831655850970137,0.10213865482696376,0.10818850202105475,0.11855362304464158,0.10587303781214008,0.10345394115099832
0.07708253094591709,0.16212210016355,0.09891384031231981,0.1465426380913746,0.10369709789138308,0.09792792966147003,0.09860653522876733,0.10019078609007832,0.11491654161513971
0.1296635953376296,0.0706287555349081,0.07802364059436169,0.07903354579460234,0.17587886292732002,0.14362266590689765,0.13619760033237496,0.10165241567014578,0.08529891790175992
0.06925847807539291,0.37500317671895833,0.043418310975304096,0.03563770188935674,0.09710411227499953,0.04195497335434333,0.16310759454109366,0.09391820122548022,0.08059745094507124
0.06766531310931483,0.022503652497321853,0.2251254974320036,0.04991970853090694,0.07449698207579285,0.12453784473446257,0.15189547349761848,0.17380950779312623,0.11004602032945265
0.07251203883805393,0.13281533883868707,0.13862447376616718,0.07203308106145666,0.12292584444071569,0.050902809599975986,0.11359198308886144,0.10765345244898676,0.1889409779170953
0.09700397018788025,0.06979763436582159,0.10492610633342518,0.30360427037221166,0.07644016312398143,0.09760286734466433,0.08261376156519105,0.08201678571311823,0.0859944409937063
0.13321968645629265,0.07133291489813816,0.2263769913672994,0.07197977188990014,0.0752843283355343,0.09001358699334679,0.12691273236161102,0.11785162824286681,0.08702835945501086
0.09359569151153302,0.11289412861717801,0.07742407791693164,0.1989810547003592,0.0930363556582444,0.1479285212996764,0.10507833835086318,0.07956585172040949,0.09149598022480458
0.12312219687269525,0.07324846239685211,0.0968129624522901,0.1834648436115024,0.09226865876572177,0.12197948072219982,0.10457535545987807,0.09912622301904501,0.10540181669981548
0.11022024864549512,0.058066807200490754,0.09321554586198581,0.25900115869983825,0.08153298056734623,0.12245808353604093,0.09241809630325448,0.08872367570621205,0.09436340347933642
0.093794420595119,0.09649916973546259,0.10536788711286314,0.10688185913111992,0.17143719282456618,0.06598460067958822,0.09544488713445898,0.14986986998915475,0.11472011279766721
0.1352186675226057,0.04750536483612833,0.14760174851674723,0.10553550882116464,0.09623931692715204,0.13799747023273992,0.11408322817149093,0.12114330273906675,0.09467539223290444
0.1162226358701902,0.02836246225773265,0.09913698623217328,0.1353879713084489,0.12546587932660092,0.09217408601192507,0.12675759724077498,0.12534079720722316,0.15115158454493086
0.09658626040860573,0.10561943758969965,0.06514983564073072,0.13884931503596865,0.07727343550012263,0.06949483516232559,0.1906725907162634,0.139690358500126,0.1166639314461576
0.09542544507726385,0.06496085492215166,0.11534046885863451,0.09332639506656533,0.1548751528146003,0.10228232899335576,0.10609197248625175,0.11367200504075115,0.15402537674042563
0.10893780664400445,0.1740822836386894,0.09000089533225057,0.07100429348163617,0.13258163400642975,0.02656344067537636,0.11593287765717714,0.10262162154973675,0.17827514701469946
0.11624979534027928,0.23071853942716802,0.09498512906703992,0.0954055982227792,0.07537803454819618,0.10548886350566782,0.08861881941315876,0.08946348112896024,0.10369173934675058
0.10197087024515439,0.05199575114789184,0.13926162623652383,0.09654082446011647,0.12245913789656111,0.12684131563661016,0.10955486201401858,0.12391696863887963,0.12745864372424406
0.0885513827814347,0.07283416664410308,0.1252539841470847,0.07135137680448791,0.12950973969318513,0.13488020607851828,0.1534888138146562,0.08846936379859116,0.13566096623793883
0.11083820540941436,0.07242454290915414,0.10000745725628242,0.08735877027409138,0.0969931321823329,0.2314410611898847,0.11502262385648827,0.10361319337641489,0.082301013545937
0.11447154280916162,0.2440477802023666,0.09360541316158628,0.09189817829336118,0.07358440643882609,0.10454815420189388,0.08670430582093747,0.08824008177561597,0.10290013729625101
0.14903436139819437,0.0762753618129122,0.11565560967604371,0.1310896353856425,0.09892500479859412,0.05491365392228184,0.10465152930106307,0.14888688964924943,0.12056795405601882
0.10546307880334232,0.056866698820444594,0.10264605655108756,0.09482265402648556,0.13284592020348593,0.0811115777478965,0.13030867422318182,0.12427120039702577,0.17166413922704993
0.11849734524089817,0.044124682163182743,0.09981258942831467,0.11186671232403461,0.1330240429228525,0.1410508257702163,0.13409913837533263,0.1056779870225747,0.11184667675259358
0.07555307728962736,0.13210347533179373,0.08390719200928602,0.08641573250039637,0.14608256080431362,0.20333803710118814,0.10814388779026211,0.07936887015367926,0.08508716701945339
0.12486857263557373,0.051949966601233466,0.08182843156246773,0.09662150829646016,0.156536282740201,0.12866046729078964,0.15374075077862726,0.11061280622169604,0.09518121387295093
0.13340604911349105,0.054319572357954905,0.09185371351727033,0.24240321592381533,0.08671743047222558,0.11205507123035907,0.09420613849755037,0.09825608044673882,0.08678272844059447
0.0904996199975057,0.12154672008573626,0.09256145655220488,0.1768457586681468,0.12448893175563093,0.10310143350128449,0.09913590844474103,0.12238106109309717,0.06943910990165265
0.11754197072768487,0.15202980524502926,0.0759741353388398,0.046595608212633456,0.13306268166247143,0.15903083760739825,0.12185244285402179,0.10059441834733769,0.09331810000458342
0.11224021138095551,0.23458543248913055,0.09604458877163258,0.08950225137350393,0.07553623928182102,0.09738021572043716,0.08952930087233674,0.09101999515089071,0.1141617649592918
0.08948723064525464,0.11400905054467049,0.15207896769586593,0.09406716269126791,0.16988134208168018,0.07884250135606141,0.1122262911422932,0.08738360638778701,0.10202384745511911
0.1186123894147132,0.04736176961021865,0.12086098105223002,0.12400369428886497,0.12631422652478283,0.06105270030488268,0.1106112789173029,0.12675794190223547,0.16442501798476933
0.11606472284550869,0.026053778772407072,0.12384321096400099,0.10112614630420606,0.10894182389268785,0.1101499535065613,0.13269067189372152,0.1424335129759393,0.1386961788449673
0.09408890640298045,0.07584588299025614,0.10917645547248227,0.10145836536730359,0.07233810371014758,0.17907037113142313,0.09715440145937963,0.14390020417530616,0.12696730929072111
0.12264766108146748,0.05233786803441634,0.14581230155790476,0.09364165248207883,0.12480102950152204,0.10133888598680212,0.10353938961783593,0.14276825986138372,0.11311295187658876
0.13235198639723625,0.09004451832076006,0.10803794627729346,0.1411951972617157,0.09462527951718276,0.11340011115257005,0.108255895016656,0.1012220772131212,0.11086698884346448
0.08906349389953298,0.1934438401749308,0.13420402038406662,0.040647312507313675,0.12103512608446489,0.1772431345674089,0.07958088611706142,0.08272622838463256,0.08205595788058816
0.12963363309466838,0.05246757319761072,0.1764463566765401,0.08711131504033427,0.16129726966877792,0.04795777012238502,0.10303875696578342,0.14119133418034102,0.10085599105355914
0.1933719852499721,0.03239770635626394,0.19089451935943447,0.04836251460153216,0.09855823110889587,0.062491444725202294,0.17810110978573435,0.11760013971991268,0.0782223490930522
0.11917538342181089,0.16544513297576416,0.16661033510762197,0.12214020194207505,0.07111271235624822,0.042451592336496084,0.11410147712569517,0.10649636341460604,0.09246680131968243
0.05680867068004949,0.28807487606373966,0.10299907359130706,0.07314739987568065,0.10418478714532542,0.06675002278074392,0.07081490735378086,0.10920922500802203,0.12801103750135076
0.148452572726369,0.034990428160107806,0.140542817526739,0.09962241710165019,0.1315662452080377,0.0629683969704551,0.10791433381713722,0.12817263877217863,0.14577014971732538
0.09459557937832362,0.2062979016252533,0.12691908237617575,0.08677170463977142,0.11102671847184538,0.1000149768062022,0.08946527128869093,0.09585838645202965,0.08905037896170766
0.13816904475258726,0.06196273673628339,0.10363563970445393,0.13887025304319014,0.09608846547801873,0.1308026770706403,0.11180943788644626,0.1018975573943992,0.11676418793398075
0.09305446104326365,0.0654507293949584,0.13160350569233611,0.06995938489937538,0.1764575426512421,0.08494263548230856,0.08643979742671086,0.14305565356057126,0.14903628984923367
0.13235198639723625,0.09004451832076006,0.10803794627729346,0.1411951972617157,0.09462527951718276,0.11340011115257005,0.108255895016656,0.1012220772131212,0.11086698884346448
0.08572993231489585,0.05228029402712555,0.11865190808124258,0.09507994409749443,0.13234795233138408,0.20209482929759992,0.09401373626596375,0.11076517193721162,0.10903623164708222
0.0694101211412717,0.19431105782528438,0.06807175390092034,0.05074426310513205,0.22572814807611352,0.07463216251502873,0.09149178878520943,0.10201920151773336,0.12359150313330648
0.09726813024894028,0.053656482768514334,0.14039810813187217,0.08943574849787557,0.1357593984048555,0.13735624134303326,0.1351001560276716,0.10428982226940503,0.10673591230783229
0.09889975130556004,0.008472267155977481,0.09387252476635422,0.0715768682311096,0.1408493411688744,0.16276246384627366,0.14459948560526867,0.14626449810479883,0.13270279981578306
0.12183709885550957,0.08684679538675921,0.10279351278887523,0.08357437163737826,0.13032071669180645,0.14898210028097028,0.13080216297549596,0.1003195084815387,0.09452373290166628
0.06348897414363948,0.08991384222199521,0.18474683935051406,0.05122193004571035,0.08560002909029997,0.14335764981519522,0.14970604080713268,0.1076695243330233,0.1242951701924897
0.10661198687014678,0.06634537928536514,0.08959642769053884,0.2186292846039024,0.09820361908736384,0.11964650536230075,0.10162238686587245,0.09587041272138093,0.1034739975131288
0.10124692243351774,0.06008694648262336,0.08618982999832121,0.2882894667860127,0.08075339381660403,0.1341902244150455,0.08799245362175913,0.0787671545444057,0.08248360790171065
0.12435602627475915,0.0346906157285035,0.12133764588078973,0.10672489649594796,0.12051991140583342,0.13109670433055637,0.10115783280353341,0.1251858856421352,0.13493048143794115
0.10699635960294518,0.19266624710457703,0.15571603605169157,0.09057373485936941,0.07348060392014671,0.06927889928857128,0.09629270451863747,0.10615291206343407,0.10884250259062729
0.11980094171844287,0.09406379192716607,0.12299341703523052,0.1122490939588105,0.085566187972984,0.14175265203236295,0.11763745047348306,0.10264287047279685,0.1032935944087232
0.107571830652663,0.05899070242460047,0.08178803181370353,0.23997669936689756,0.08775505881292923,0.13287389881327225,0.09891729097215529,0.09546185094164583,0.09666463620213288
0.12810286885689195,0.04106670518551649,0.12202721979201218,0.16808424339350791,0.10520144305148416,0.10166564415906161,0.1195155135470435,0.10581175187564806,0.10852461013883415
0.12892943335843055,0.089529972298468,0.10894546017493574,0.1442499695136498,0.09440466715287128,0.11343191353917904,0.10805726582613319,0.10078617761233295,0.11166514052399946
0.12529557963936214,0.06500737681814016,0.09846811673723015,0.16100217272967202,0.10565455770992155,0.11754668834625603,0.10835131928446069,0.10922913684722668,0.10944505188773061
0.1265713795131119,0.06935805486778383,0.158125601257435,0.09202495523603525,0.11376586844930775,0.10762182192442711,0.12507456404248754,0.11465209248050338,0.09280566222890828
0.1102547340224956,0.10276232922009614,0.1118036240775777,0.09385016082315716,0.12141268489208346,0.10478682787637345,0.13173943361411863,0.10501952766400369,0.11837067781009418
0.14144146022311316,0.09662398205301397,0.06889404705767509,0.0977449480360284,0.11510271797517602,0.1393583376911526,0.13101873573451664,0.11085932800079439,0.09895644322852976
0.06871310840970035,0.06378501549629798,0.11281306655313657,0.04999181145742915,0.14294737458147114,0.05222481336321513,0.12878318166495487,0.19285602346608935,0.1878856050077055
0.11629144026898741,0.07441764986855202,0.08465233770112536,0.07488378033571488,0.12125092209429715,0.13455845923775664,0.1306241147288897,0.11506308964825675,0.1482582061164201
0.0791939845474648,0.369403580682614,0.09211920102965489,0.049956143538254144,0.06443364892484488,0.04269736459467136,0.09637707329664842,0.08480766220780799,0.12101134117803954
0.10443374083415734,0.05010050470366657,0.13257817392491758,0.04493903683679096,0.13486625385851747,0.1184052185648799,0.18261144929162212,0.14302914029331537,0.08903648169213274
0.1326543406465105,0.07609826020341164,0.10175200115231535,0.08013449077354294,0.15300167622755892,0.07024880655219275,0.14896145853823428,0.09847563342944986,0.1386733324767838
0.15743442093543966,0.12257394503430487,0.12584663911645533,0.11044001727728087,0.11980948619693983,0.05065246841020469,0.09693821073465014,0.10119907424812408,0.11510573804660051
0.14725848091785562,0.18872123162345775,0.14414853512618056,0.07144514680262419,0.09462222580921315,0.06875997962562964,0.07381541963226858,0.10798502568738265,0.10324395477538796
0.1276106870949564,0.02116490422349157,0.2721559150371038,0.06927345950503468,0.0689795144682019,0.056939785256601316,0.13840529140971916,0.15243047709871585,0.09303996590617525
0.07696408860918559,0.23867884935062608,0.17626205949372778,0.05825063128397632,0.07216616385141832,0.06340295360415492,0.07956599556393955,0.12986911481975258,0.104840143423219
0.09466550370800687,0.3154803645793333,0.10302008531366617,0.07522454976900055,0.07833354077202173,0.024423708889611012,0.12775351247037545,0.08798093798233726,0.09311779651564762
0.13235198639723625,0.09004451832076006,0.10803794627729346,0.1411951972617157,0.09462527951718276,0.11340011115257005,0.108255895016656,0.1012220772131212,0.11086698884346448
0.12085519300691361,0.07744492488109256,0.10774274951984554,0.09931271304896228,0.11494152615800501,0.07065181146051475,0.12454054651646246,0.1574531912150305,0.12705734419317333
0.13235198639723625,0.09004451832076006,0.10803794627729346,0.1411951972617157,0.09462527951718276,0.11340011115257005,0.108255895016656,0.1012220772131212,0.11086698884346448
0.11827721845910832,0.05955307637183593,0.142424774464334,0.0735801739753092,0.1395993732572726,0.04844410655314304,0.11724858560277811,0.18034146140969853,0.12053122990652028
0.11217512638150214,0.1740299966779031,0.09734949566764974,0.08519724256046772,0.14340173452291588,0.06803797819886502,0.10669939051121548,0.10553477984261521,0.10757425563686569
0.07402498070344904,0.044103393316737884,0.07754397734101158,0.08341563144165758,0.12655665566165117,0.1753116023535156,0.1545562437903398,0.13355361800653465,0.13093389738510275
0.13262328022769065,0.02154324937459735,0.11962312510781575,0.11372842729713599,0.15588666572845708,0.07698045968344741,0.11985277397889782,0.12268894918529068,0.1370730694166672
0.11085818458180297,0.1342707202158749,0.09327015407715646,0.09046833179811058,0.19823599273452444,0.045337400398089145,0.12417002897915215,0.09687689837994794,0.10651228883534143
0.1564818135364088,0.08708669453591583,0.1325032988149062,0.09226407674051011,0.07825591996873267,0.08658522945058932,0.12330035033951046,0.13576442560731042,0.10775819100611611
0.08550411863520646,0.049650429551531435,0.17876676607414244,0.06041360208973653,0.1048934200139809,0.1116594172477619,0.15288884224324115,0.13813892511532908,0.11808447902907011
0.12010783086426124,0.03212034900462941,0.12396733174185286,0.07513532978935826,0.12396617528221772,0.0927403852566356,0.1743657718775008,0.1323554327642734,0.12524139341927076
0.07724104121575177,0.16375661669063732,0.08618333941939012,0.0951422119683984,0.10095566736494194,0.1626151801015515,0.09740433308469539,0.09878775761544711,0.11791385253918658
0.09834595619612779,0.17879650765495914,0.10158128673221994,0.06494560554047883,0.08859602364769674,0.0904989587192805,0.16033158911712025,0.11931385920811077,0.09759021318400601
0.10519257197535219,0.042801199802318425,0.15239214184150832,0.09084271162863873,0.15501676676135354,0.0670676601108055,0.11960448326960767,0.14229716826886893,0.12478529634154671
0.14075844402556237,0.01866601459532211,0.12795959478418029,0.0696666050256362,0.1956396739511573,0.07789071802498909,0.0993080906762509,0.13708949426699532,0.13302136464990647
0.10203366129374568,0.09324959277553369,0.07341223893121136,0.07484387812366933,0.10444986230653507,0.1834556244522512,0.18821703243629084,0.11941984140951434,0.06091826827124847
0.10479032041116414,0.09925899877809306,0.10333962657142981,0.0791969119537123,0.19860570398812513,0.054173399315035696,0.09307546373874624,0.14533958528237734,0.12221998996131632
0.10992977170085427,0.06419578455241576,0.1317185386464666,0.05005787820532299,0.18318017458354555,0.04663590733199683,0.21671794242344758,0.08168243328708984,0.11588156926886055
0.11420371685084947,0.050765362324687036,0.1045551894089105,0.12925275391230065,0.1529592947647744,0.10579701986329178,0.1206197009648261,0.10612387127191192,0.1157230906384482
0.1342724614905196,0.031562606657430936,0.12021526150380961,0.06399879455463106,0.1778861254147305,0.15369899575873075,0.11892716415673421,0.11536168028487052,0.08407691017854284
0.10868647574051345,0.057275027838873845,0.08488486716884486,0.28813787564428833,0.07516421367407793,0.12487989775081008,0.09118832998919994,0.08256603144944606,0.0872172807439456
0.10301361101669289,0.18540945336057998,0.12389211270441391,0.05607921522574181,0.12095112650789723,0.06778717736976525,0.12086007647739573,0.11234766611017956,0.10965956122733356
0.12170281820913482,0.0631462608826014,0.14160181917533324,0.08529272505305831,0.19249480283638443,0.06308447309583988,0.10690813285542922,0.09872179409778707,0.12704717379443164
0.12057191188533072,0.10412966492005295,0.11167794631948917,0.12357460849867653,0.09302351250254333,0.11729149624739849,0.11124168340298006,0.10248509253034077,0.11600408369318806
0.13235198639723625,0.09004451832076006,0.10803794627729346,0.1411951972617157,0.09462527951718276,0.11340011115257005,0.108255895016656,0.1012220772131212,0.11086698884346448
0.07964663786769545,0.09688789571635903,0.10893239298347861,0.07437494023807166,0.12015087917011102,0.10338859315367176,0.12488803955844514,0.1545748545781792,0.13715576673398822
0.0776957883150744,0.033547732582488284,0.09312270322195008,0.061829682768340215,0.13090542229942134,0.11644071552631406,0.189978037474284,0.1458345583511218,0.15064535946100593
0.11257122106489525,0.0772126727693554,0.1554233879217359,0.08308870026578125,0.14704404494895726,0.07699794784764777,0.1258073299898285,0.1027709725597535,0.11908372263204521
0.13235198639723625,0.09004451832076006,0.10803794627729346,0.1411951972617157,0.09462527951718276,0.11340011115257005,0.108255895016656,0.1012220772131212,0.11086698884346448
0.12347460154852284,0.07581296295099828,0.10965952350120345,0.10972855171213802,0.10170027545458456,0.1433083921849205,0.11043915499254826,0.11406543124170199,0.11181110641338209
0.15199506488102504,0.13700838406571117,0.11536998824639279,0.0776874374152065,0.13466682910745426,0.0491518903794923,0.10676015365777253,0.11380342450049279,0.11355682774645263
0.12966355162707008,0.014354095109553816,0.09315532101133121,0.06845699154649094,0.20703191207588845,0.08525020574741653,0.21113620875790728,0.09223722579462074,0.09871448832972103
0.09921603210564935,0.26849915588566303,0.06059100493226479,0.05052197439230619,0.15289787016451484,0.048991906048515686,0.1097379704831215,0.09132252710874529,0.11822155887921927
0.15067310366869688,0.09834076340789911,0.09812913713601353,0.07988656380609184,0.21402548240045516,0.041458191012302185,0.12890831582454276,0.10675258946526962,0.08182585327872888
0.13235198639723625,0.09004451832076006,0.10803794627729346,0.1411951972617157,0.09462527951718276,0.11340011115257005,0.108255895016656,0.1012220772131212,0.11086698884346448
0.12381571075714942,0.06770199937573744,0.10498422947913189,0.21206583383971336,0.0848135176640059,0.11559273252699453,0.09761527326672131,0.09240601276132182,0.10100469032922432
0.09478101970708508,0.01922169215197235,0.13557910102860707,0.07538566489369988,0.11373574566974205,0.11320372485162593,0.17990654586333119,0.12426023607636145,0.14392626975757505
0.14057361074833785,0.06637626774887141,0.11072411072152283,0.12614085740827827,0.10631217011497544,0.11657471040736012,0.11299464948908933,0.11215476795005348,0.10814885541151127
0.07010898672769943,0.26001495843619027,0.08396652079479729,0.07089044335134276,0.08960431979411075,0.1440033398274068,0.07561769386425811,0.1063883545193316,0.09940538268486297
0.08968916750648674,0.06971642635279153,0.11182403285007729,0.08277672903422738,0.08569158024410861,0.21127177964415056,0.11081681861554941,0.10413207325195417,0.13408139250065437
0.07438878707892882,0.07369636234539846,0.26314892041993243,0.04302959643393769,0.12988524128272283,0.06336482341895196,0.1239909947150573,0.0908944506567896,0.1376008236482809
0.10953015433511366,0.31398707893985506,0.09119588558412285,0.060619112995910135,0.12410823027905589,0.041001792464604614,0.07969521894133168,0.09061083996986359,0.08925168649014252
0.09358332633653398,0.03175798191290842,0.17730325136302605,0.13115848394154359,0.12574010618429554,0.1463993316846651,0.0861937545062224,0.11604699958083979,0.0918167644899651
0.11663567310662111,0.10925349150341705,0.11277864014906802,0.11798700695316144,0.09237909029705514,0.11848790914497816,0.11208086252558878,0.1028221265051678,0.1175751998149424
0.14434337730136176,0.06626379534887394,0.09411834238587609,0.181053644417573,0.09751783014220883,0.11141040457006586,0.10421490975602887,0.10893495292883631,0.09214274314917537
0.11304342245135475,0.0754900168624607,0.13911752465770189,0.12245530417258564,0.11127866430967144,0.08205127276183034,0.11541018942525087,0.13069217406694597,0.11046143129219839
0.09761983541661524,0.07024258721014753,0.13905189492941508,0.1005568985698641,0.1262489446407801,0.1250686691490824,0.10337498054020294,0.10641208343137913,0.13142410611251354
0.09017499646271461,0.02332330654448409,0.12689161459985265,0.06758830926871597,0.15342097945482489,0.17268855101385114,0.14305044108603918,0.1329359588957901,0.0899258426737275
0.08887456536709988,0.1318060708517236,0.08023747493368948,0.17987625571765295,0.09288697210725777,0.14259952609295345,0.10652866817935691,0.0832506514341808,0.09393981531608521
0.11057264608044488,0.12715417329777903,0.08919233132927389,0.20986766379888366,0.07229808054619301,0.13020198742054906,0.09678299310210453,0.08118246118747256,0.08274766323729936
0.095648298861365,0.01773634124454753,0.20002989974531146,0.0493853714404924,0.15928206788019153,0.1731069395476171,0.1567038539329845,0.09361777766375902,0.054489449683731574
0.13697825911249537,0.03967142754222291,0.13825169042884436,0.10837479693485581,0.0852918996707515,0.12091197968611184,0.1206742339517091,0.15789782898702132,0.09194788368598779
0.12073471064175922,0.02838063061056735,0.1349993992547136,0.055036441821447825,0.24839243320641188,0.09298054458146583,0.1387590914409473,0.10625232543816342,0.07446442300452356
0.19818901984894588,0.060057743779164306,0.12508656707316668,0.08985484664546116,0.13577789720506597,0.0443766895717656,0.11114103024700123,0.10486396455821555,0.1306522410712137
0.1250651224312401,0.06966971711451335,0.10544532549347548,0.20379145935121443,0.08592056878212924,0.11554106438026397,0.09894285027024906,0.09342242514888549,0.10220146702802883
0.10887526492178129,0.15070917551681728,0.08714762169449462,0.06705146758871318,0.20108253920305189,0.10569697002848803,0.0982184316009327,0.09851135369300017,0.08270717575272085
0.13802149305166098,0.0628044000345445,0.10383761748883906,0.13903817406742044,0.09605217295109791,0.1301071894106226,0.11170154058186955,0.1018798849354406,0.1165575274785044
0.07942284594229287,0.27193243687238905,0.07074040708844868,0.11740582686305262,0.07543589232623098,0.1255024817515484,0.090187339885215,0.0747304099648171,0.09464235930600534
0.1084021909045223,0.029116856686901293,0.1311393338947227,0.09425864060232984,0.10718768485918062,0.14393129385592782,0.10888249264280199,0.12834549381947413,0.1487360127341393
0.12177537067922167,0.13200493050079298,0.0968545459774381,0.09879048151247492,0.09802112452481208,0.12318619261733903,0.11736980979891072,0.09783415518345745,0.11416338920555295
0.1179514908936442,0.07445927697530723,0.11239655126197712,0.1094438726936109,0.11324371637525266,0.1287202686439224,0.10170278907058482,0.13567966013629162,0.10640237394940906
0.13225299140782518,0.1067474462962128,0.12745667316103726,0.0986483135374408,0.1626512062100983,0.053974523393534625,0.0858655886438438,0.1326146024145093,0.09978865493549784
0.08784873351297506,0.07721322822610559,0.11208642293581166,0.12338434132167485,0.16128360653715226,0.0881063922758571,0.12950348245961465,0.11481780195043524,0.10575599078037351
0.11044551699434103,0.2742580791883413,0.0788378147001033,0.053327005772495585,0.15500889554562355,0.05526704467129575,0.0971659640567447,0.09018375386689585,0.08550592520415894
0.11775761856204092,0.18069867042966584,0.08108292020936306,0.058396360801509097,0.15088091420629157,0.13343955780539962,0.11619860284873662,0.06801562167739185,0.09352973345960146
0.08596610509357465,0.04527431597054322,0.13685122386217982,0.1025946945268789,0.09281879571989586,0.12565795588781634,0.15208323229754386,0.14233773910783148,0.1164159375337358
0.09745273917757347,0.21680484318483595,0.08756598692417662,0.11810256011177496,0.11319388217515064,0.06696759852845342,0.07613155121307351,0.10710050291061156,0.11668033577434984
0.10746439581873703,0.1435954875646274,0.11791474564944517,0.10458751483219848,0.11213583450369563,0.0631782096173929,0.12385377595777457,0.13250576281527227,0.09476427324085664
0.15137084266992631,0.07233957458759332,0.11264528395965055,0.11126156104376872,0.15416399936773584,0.08944315739821558,0.10145577707241771,0.12130819722745541,0.08601160667323648
0.1175115150747708,0.14335732082668265,0.0915813345369763,0.10487626911713337,0.09415378805175169,0.12829380090865422,0.1215946783473273,0.09375460080588512,0.10487669233081863
0.12195849609898601,0.05969977341163037,0.09503444350939803,0.1765389116268067,0.10401796277237386,0.12084513305822464,0.10374006005874797,0.10133341247239813,0.11683180699143429
0.1242715969421508,0.06839768973718226,0.1051520022837283,0.20908486022418615,0.08521204766430608,0.11557714731635599,0.09809585841592657,0.09277208422452558,0.10143671319163823
0.1164011593770421,0.05172260970396225,0.13257572823482844,0.10540633893898371,0.10708582027712053,0.12077055473573335,0.12989308085184487,0.09979542246762158,0.13634928541286317
0.09010661907251923,0.11044919849513547,0.11545196731923217,0.061384390546870254,0.11917162172898081,0.10191964511866958,0.15761587572329433,0.1342735465516155,0.10962713544368274
0.13667564900839438,0.08092224847503367,0.11838978971681735,0.13216755895343707,0.09809806354137153,0.1151540372478169,0.1065760669879448,0.09991067417092825,0.11210591189825607
0.10967847403246773,0.026695916357381954,0.12364019444179745,0.07845765207152046,0.10927852188247379,0.15742321185211983,0.1613138218652072,0.12708912758537508,0.10642307991165639
0.1270705350245324,0.06588839626309485,0.10823529473562628,0.1296026967166257,0.11063062589219426,0.10428024113099822,0.11088187607578905,0.10679089109551342,0.1366194430656258
0.0928943279975143,0.2440188713468515,0.12037899174920545,0.07983580883151316,0.1124427430230001,0.08050880101646857,0.09506301815749041,0.08865823594829418,0.08619920192966235
0.1617613517072548,0.10245151618083381,0.1258952922247936,0.11770846020961556,0.11387343715204791,0.07799699908669132,0.11836225071449348,0.09797598764861522,0.0839747050756543
0.11100279914210852,0.07788413840849202,0.1024052123288023,0.15870405240616695,0.09357428083511764,0.11894626464257481,0.11111769539562284,0.10403170028607583,0.12233385655503903
0.13235198639723625,0.09004451832076006,0.10803794627729346,0.1411951972617157,0.09462527951718276,0.11340011115257005,0.108255895016656,0.1012220772131212,0.11086698884346448
0.09814158075681854,0.20813808833334568,0.09747705058169277,0.07116337648635757,0.08604761950674256,0.09542283778756357,0.082512835365187,0.13106383852052247,0.13003277266176974
0.15797842789872618,0.09824704028063946,0.08432413412017176,0.07463279595952707,0.10168644649118554,0.0823042654842225,0.18251003954853595,0.11911897425179192,0.09919787596519958
0.12027875529005598,0.07244344084589878,0.11418104181921711,0.14253673977035108,0.1317847322924697,0.09231588565681714,0.12178290717989883,0.10479331277178962,0.09988318437350178
0.1266905622918053,0.0841840243718953,0.13553838495450843,0.08168910280977316,0.1134042024549664,0.1327609956668048,0.12037861710857817,0.10699676055652672,0.09835734978514173
0.11782239089347031,0.18317583762186393,0.09607155119530042,0.05024885264747203,0.11899203143270344,0.055510605438774174,0.1513404698435226,0.1050395323815347,0.12179872854535838
0.14361299064683233,0.11634612780023623,0.08830742350732378,0.11121446586498622,0.11143104992229545,0.1093170535395639,0.11510387682509567,0.09904277843612065,0.10562423345754568
0.11379674692390056,0.09694677809164777,0.08605150292332835,0.20771225965242457,0.08721769225074073,0.12840905527391197,0.10027323548391436,0.09022521188390338,0.08936751751622819
0.10028533930325055,0.03925264566513131,0.09858856554970193,0.10075792709919129,0.17116308129792443,0.13805947755825032,0.10826622006066479,0.10523300389540739,0.13839373957047807
0.157018588692877,0.029583399841826924,0.17789965154536877,0.08049888068869397,0.10167700329960679,0.09683729268698989,0.12922213956995432,0.09611278564991439,0.131150258024768
0.10322480646302613,0.11741918599897293,0.11988202913628687,0.10347707195898996,0.1516164713627628,0.0778855387002431,0.11658131717720625,0.09649945860201527,0.11341412060049676
0.10827485113375457,0.12092841022031431,0.08813246797205153,0.11139431680879967,0.0765910672451568,0.11291964476459755,0.12274113772469232,0.15306037977816608,0.10595772435246716
0.13157854853545425,0.1592012270815466,0.09256845101654106,0.07776344789397692,0.1447595510523346,0.07841756034360627,0.11878385673422402,0.10823532340283964,0.08869203393947671
0.08117792619897947,0.06710412502996455,0.08951318909433709,0.13066257815638052,0.15006287833715015,0.10439838815310216,0.1050207630344071,0.1102742676001894,0.16178588439548947
0.11931312367556542,0.04903158359692914,0.1200160894650852,0.14489282171159418,0.1121741356220821,0.11807196384860115,0.1140549127782719,0.11569251081139385,0.10675285849047715
0.05669034864745375,0.08218172009542311,0.13677298617700995,0.041970461983441704,0.08761856207735859,0.17351625319833666,0.16546530862578734,0.16754970990456167,0.08823464929062726
0.1261550859253244,0.10679163742042459,0.1625846193664033,0.08636374426254534,0.10866381507746688,0.09243840121535378,0.09628358183167401,0.12252514780698888,0.09819396709381893
0.07917687904567144,0.01683758154447025,0.1230285622255634,0.05955708159673026,0.20196275722871795,0.1496421443036433,0.1400542095560257,0.12682722577960712,0.10291355871957057
0.1204776483182796,0.08150486052532409,0.1102412772067316,0.14795146110498922,0.09613352768892662,0.11112912974327298,0.11332438192897691,0.10515448763784634,0.11408322584565263
0.09692398861506862,0.071580135559424,0.12394570228702573,0.07490491093273349,0.10346207140478443,0.14216302063452504,0.11411586613336437,0.16485786595043794,0.10804643848263634
0.09144046446926861,0.020882771573079457,0.1296253896705865,0.07037956123524593,0.17485156547030725,0.09338097483797884,0.1631002310213686,0.11827995749744243,0.13805908422472227
0.11375516701863214,0.1801637619422105,0.14366301863091777,0.0858136014486308,0.10655333315911564,0.05219778228898192,0.08708601065646678,0.09884832695246043,0.13191899790258402
0.13265196177518668,0.11878294076221979,0.09276014398000239,0.0906432762175018,0.12164352214306466,0.101501409238041,0.11606444440756515,0.13181768447088515,0.09413461700553338
0.12639833293847294,0.03994169557752321,0.13537231141570438,0.1597440780288377,0.1170797385483434,0.09371151943687005,0.12809478063586022,0.09232228650987628,0.1073352569085118
0.12862843170683647,0.0819283620116222,0.11085244073961635,0.13581362598357605,0.09712373099590715,0.10547104643982631,0.11218089110792055,0.10454855242618906,0.12345291858850582
0.12679308061126843,0.07125726340873624,0.18151334054024906,0.09249154333837654,0.1190611706470442,0.0798380099793235,0.08725194363958988,0.12467109500622704,0.11712255282918517
0.15896573788989485,0.014958113700398443,0.12369221877358427,0.07147339650142177,0.2002335980128249,0.044982720392483015,0.13225766228629077,0.15189437384024798,0.10154217860285404
0.14145439850815555,0.135983400636224,0.09691537959259423,0.07951604370039599,0.12744062722052954,0.07187094452271776,0.10395553438283549,0.13449891614687967,0.10836475528966771
0.13235198639723625,0.09004451832076006,0.10803794627729346,0.1411951972617157,0.09462527951718276,0.11340011115257005,0.108255895016656,0.1012220772131212,0.11086698884346448
0.0976732402366695,0.0520133976809189,0.13747373663964735,0.09563521767423117,0.08049800194107827,0.11705596773081935,0.15575343017704543,0.14629555759361165,0.1176014503259784
0.10339768718436852,0.05455254951022492,0.12231719799136131,0.06252003959625335,0.14677785288737596,0.09526313774363161,0.15878744803415248,0.12034317559657177,0.13604091145606004
0.13235198639723625,0.09004451832076006,0.10803794627729346,0.1411951972617157,0.09462527951718276,0.11340011115257005,0.108255895016656,0.1012220772131212,0.11086698884346448
0.09197138678959482,0.1432210835936771,0.08690300505021797,0.06380660870122386,0.18391602687193945,0.10540859304972745,0.10632136149955318,0.1270362858914946,0.0914156485525716
0.11696336702062886,0.051753154391622536,0.13544547939135088,0.08901615479276932,0.1899610765333297,0.07419165629109085,0.12211476699323837,0.09924564110333146,0.12130870348263804
0.08132967930436118,0.1722877187743674,0.07111500506824438,0.049328370107265464,0.15852889247927923,0.2020706362909528,0.0843097768810676,0.07878831559839362,0.10224160549606835
0.1242552087128217,0.08277713302707375,0.17999153326236517,0.08178309457700836,0.07982078743778613,0.08463131222059872,0.1162918947037563,0.13805540391252277,0.11239363214606712
0.08478230814119014,0.13762822788376752,0.19437976516448421,0.06419552569388569,0.07009628803863106,0.058965287922318844,0.11432932119419147,0.1544718045929412,0.1211514713685899
0.09126324163833492,0.0687747777694029,0.08449118078660985,0.25336627954829627,0.09667584725048438,0.15200074043963974,0.09281413678369428,0.08136561887878482,0.07924817690475282
0.08244942773619503,0.06638966776689628,0.2105948325748388,0.09112826435371806,0.15718015882119438,0.06673138292535219,0.1016510501461159,0.08113420555892649,0.14274101011676288
