0.11721615567729604,0.1206977042461687,0.10332463072988035,0.11418730834113755,0.10064661276165655,0.10966279576834011,0.10644323044151359,0.11490324419039995,0.11291831784360717
0.11812435808758498,0.10049337070825819,0.10072165605093651,0.129953611822466,0.11682496606776148,0.09100651530159161,0.13302541263423986,0.13671071823527786,0.07313939109188355
0.11297938997660506,0.11081207900627688,0.1063044556468351,0.1159781250757805,0.10594619222128783,0.12131855134518439,0.11132621069077638,0.11224078031974638,0.10309421571750747
0.11311108051574159,0.12210513717479075,0.09861906480539705,0.11901439540481978,0.10115903828344679,0.10491596491873194,0.11604533282343654,0.12208933629420009,0.1029406497794355
0.11623166601280417,0.1213129449717417,0.10580819009973763,0.11238573692594252,0.09942648649236174,0.11039765933557555,0.11027501574510996,0.11526925320558973,0.10889304721113695
0.11311542267365172,0.11123087985191205,0.10628297881622163,0.11584273758809571,0.10565991702467738,0.12089119262799757,0.11130052907506134,0.11235723982407218,0.10331910251831043
0.1135879541571232,0.11106707108684759,0.09531506252712783,0.11634442600506438,0.07846603177583215,0.11063302650227998,0.07774920136526518,0.119039611174913,0.17779761540554673
0.13199145335165757,0.13770727293798415,0.1224249118739434,0.10503099311563042,0.08649371603015736,0.10048739101856415,0.10614674226626382,0.0999514731543033,0.10976604625149589
0.11823861686897419,0.08707757357560908,0.10241324791245887,0.13793818531792051,0.10653637049910943,0.09974937676348972,0.11751328560984302,0.11544476064103526,0.11508858281155998
0.11129561292190061,0.13560378813563131,0.08061141967635338,0.10189202284271802,0.10198245545457023,0.12887371506105907,0.11027881231851107,0.12402994459572088,0.10543222899353537
0.11782222680651593,0.1340150394244275,0.09379912856922636,0.1276388045025835,0.10786514253234236,0.12753166421492937,0.09221771341566055,0.10707078438678759,0.09203949614752688
0.11142303400373987,0.1176510847389059,0.1469969302777754,0.11588331193912721,0.08195763339361536,0.11599559018705119,0.11024459506065822,0.10548825814948866,0.09435956224963826
0.09718026939337432,0.12594091979341318,0.0834587331923131,0.10739005869385444,0.12821341331309713,0.09156568394689539,0.12041673798235945,0.11434443598839655,0.1314897476962964
0.11623166601280417,0.1213129449717417,0.10580819009973763,0.11238573692594252,0.09942648649236174,0.11039765933557555,0.11027501574510996,0.11526925320558973,0.10889304721113695
0.13297862678224007,0.11415856575345408,0.14986034277280014,0.071512947536901,0.08727844750909415,0.08866485932294703,0.12170415265001637,0.10141050110372792,0.13243155656881925
0.11623166601280417,0.1213129449717417,0.10580819009973763,0.11238573692594252,0.09942648649236174,0.11039765933557555,0.11027501574510996,0.11526925320558973,0.10889304721113695
0.10903809347586375,0.11759849694236768,0.08718884703593348,0.12259234612001198,0.09357139610031058,0.1260761113304395,0.1069181411893813,0.12234979757281196,0.11466677023287973
0.09449899918224007,0.11028471742030617,0.10340102639897793,0.10667793122107727,0.10162177720061527,0.12557213701055148,0.10471870470182242,0.09327699552318107,0.15994771134122834
0.10955796205470057,0.12006761667922065,0.10453813988452877,0.10559953133094603,0.09957519680134881,0.10700291555629236,0.11322616286215921,0.12078474520222321,0.11964772962858032
0.11623166601280417,0.1213129449717417,0.10580819009973763,0.11238573692594252,0.09942648649236174,0.11039765933557555,0.11027501574510996,0.11526925320558973,0.10889304721113695
0.10523881931640859,0.119386274070023,0.08454952278540524,0.12493060132210222,0.13649821226845035,0.10574019892924114,0.11616646425333003,0.1025181592574017,0.10497174779763772
0.09870267140135719,0.0836225657417937,0.12381510740811896,0.07676487750490042,0.13042613341039755,0.09111944408728051,0.12853868116268496,0.09754019741280744,0.16947032187065925
0.11623166601280417,0.1213129449717417,0.10580819009973763,0.11238573692594252,0.09942648649236174,0.11039765933557555,0.11027501574510996,0.11526925320558973,0.10889304721113695
0.08947790824497921,0.11454144030397245,0.14264980609487796,0.10106009683656762,0.10279694396882318,0.10714272719189187,0.10386255297021739,0.111621832384828,0.12684669200384238
0.11623166601280417,0.1213129449717417,0.10580819009973763,0.11238573692594252,0.09942648649236174,0.11039765933557555,0.11027501574510996,0.11526925320558973,0.10889304721113695
0.11321975965670684,0.11155315932073023,0.10626659141034063,0.11573825072665106,0.1054409466633337,0.1205620398110289,0.1112798434925102,0.11244696603750892,0.10349244288118957
0.11539053032647333,0.13579696226465432,0.11695446660976751,0.09937421260023498,0.10148399760745479,0.10682054289451283,0.11596624181034904,0.12281893902684682,0.08539410685970639
0.11079702374223943,0.07795288230485381,0.10643602324349989,0.1396084313336555,0.10187411688814794,0.09612227836309427,0.1215612156272912,0.1218775137924618,0.12377051470475613
0.11539130943568061,0.1381203563876003,0.11122452553103619,0.10608483942265286,0.09553966966114985,0.10731430726713521,0.11087511308909538,0.12107594834119595,0.09437393086445367
0.1243749688337642,0.12753748891718242,0.09975319584835389,0.11928127296973622,0.09606891536090263,0.11472418397576706,0.08629015172074983,0.11479327395962342,0.11717654841392038
0.10858301874644478,0.11980545115082634,0.10434245668254816,0.10464486288722774,0.09964556529361719,0.10652184600562564,0.1136248980362683,0.12157255328519333,0.12125934791224839
0.10981075957597204,0.09927667293727845,0.10102281768202492,0.10696419692585772,0.10075078771722501,0.13720824148536306,0.11674359053270728,0.11264961970126418,0.11557331344230722
0.12568275418906552,0.11622362491145692,0.08124635947046092,0.11436144339414306,0.10796146902555258,0.13063988472934443,0.09542523662402853,0.12149634653274088,0.10696288112320718
0.1248804768680007,0.06641569293080668,0.10008104638602407,0.16549678834613013,0.11699835554324055,0.10887424512159001,0.12217150153047086,0.11739608553345608,0.07768580774028093
0.10129080166931649,0.10109642258706564,0.09425143940646646,0.12754070183415156,0.10371832667751539,0.12629611251020656,0.10445548582376409,0.11258857383410087,0.12876213565741287
0.11017353517073718,0.1120283689694866,0.09878621022998875,0.12286907772376632,0.10715348586008562,0.11512849684999303,0.11727859461544184,0.11815191969740346,0.09843031088309728
0.11835645879590502,0.10444644947204436,0.13147184325385267,0.13555326144881424,0.10844386453044068,0.10071936194452757,0.11377250448816839,0.12249302900522512,0.06474322706102187
0.12139828437009852,0.12868002398903022,0.09333130293081197,0.12655846132590107,0.09784453487272972,0.10983840341866546,0.0901647095465254,0.12160068108057469,0.11058359846566292
0.09984028966483567,0.11268048306049933,0.05828376105925454,0.14858832531887076,0.17362114046073293,0.08165624847161082,0.12170260452821847,0.09715292968420519,0.1064742177517723
0.11648330032966507,0.11553070921984593,0.10423165065003943,0.10329232289234329,0.09428279074373848,0.12962215043560935,0.10712549519499097,0.10986666437632435,0.11956491615744314
0.09873149904363954,0.10092172233620132,0.09120781232280296,0.09011522422020303,0.13471543203463904,0.1295198198552602,0.1242132773918496,0.10817241745270227,0.122402795342702
0.11623166601280417,0.1213129449717417,0.10580819009973763,0.11238573692594252,0.09942648649236174,0.11039765933557555,0.11027501574510996,0.11526925320558973,0.10889304721113695
0.10726376534750476,0.10879665379545418,0.08020017238235723,0.09943208360970272,0.11760644031498413,0.10075581090878256,0.12030025060558829,0.11341123554275694,0.15223358749286917
0.10914737140585923,0.10188009276750863,0.10404499088918266,0.13910520458905487,0.11921657645081662,0.10027886626100148,0.11413064552180181,0.11603576267402475,0.09616048944074988
0.11911343809102737,0.0961115289865465,0.12276592989480585,0.1403553467554081,0.1115688994619813,0.1042364512635035,0.11449696525574439,0.11672489452352937,0.07462654576745362
0.11314358104875943,0.06997897313971012,0.10717074185143018,0.15344265747397054,0.10790426379012467,0.10776614408536837,0.11991494880439958,0.11291504705868964,0.10776364274754757
0.09960364461868193,0.11281776670222549,0.0786533953422781,0.13155579501517628,0.1354855050014836,0.09653492231934968,0.13096880075767633,0.11286965493922507,0.10151051530390347
0.10797262244725686,0.09356306722494474,0.1252835999127042,0.10433181538670204,0.11950433196304981,0.12327043032833113,0.11087477736517577,0.09084594490040447,0.12435341047143093
0.10965874848856849,0.12009356780134013,0.10455823839358443,0.1056987226444805,0.09956863836230058,0.10705287474459692,0.11318447891530692,0.12070304339510307,0.11948168725471899
0.11824470907639083,0.08763071460180283,0.10249337190192111,0.1373597200305812,0.10639618501894131,0.09998021650590445,0.11740231105776965,0.1154897015582287,0.11500307024845995
0.10120349783318223,0.11163931686454283,0.12620480003179346,0.10760439174570413,0.12388406806778123,0.11399176732653905,0.11678134300666902,0.09840992218878604,0.10028089293500209
0.11623166601280417,0.1213129449717417,0.10580819009973763,0.11238573692594252,0.09942648649236174,0.11039765933557555,0.11027501574510996,0.11526925320558973,0.10889304721113695
0.11623166601280417,0.1213129449717417,0.10580819009973763,0.11238573692594252,0.09942648649236174,0.11039765933557555,0.11027501574510996,0.11526925320558973,0.10889304721113695
0.10735722839239836,0.12412904040640411,0.1204633449932861,0.11612091132736209,0.09572507476948433,0.12178676516947688,0.07914558884775547,0.110731938142337,0.12454010795149566
0.1102875205065021,0.11917422792069297,0.13904641094187672,0.11760928621761417,0.09346493506432836,0.1137610221753332,0.10110743221707104,0.09779227648839395,0.1077568884681875
0.11623166601280417,0.1213129449717417,0.10580819009973763,0.11238573692594252,0.09942648649236174,0.11039765933557555,0.11027501574510996,0.11526925320558973,0.10889304721113695
0.11647605038916471,0.11529031037571008,0.10417613255905545,0.10298989538366517,0.09411957432234785,0.13037690600700108,0.1069903844936173,0.10965730140064456,0.11992344506879386
0.11956509268065289,0.11199567725065901,0.0880991337327827,0.10900250119550624,0.13190665674729507,0.13287464190580975,0.09899111321040908,0.09868189864005945,0.10888328463682588
0.13113748895036983,0.15352688787749835,0.1293832856873106,0.09918703068495748,0.08330983338324295,0.09768588368400372,0.10625398069619142,0.10445294494687031,0.09506266408955533
0.11213882506763073,0.08819807188348516,0.1016563106993456,0.12812984898637894,0.10575386615042077,0.0980578381472551,0.12014155895849137,0.1206385102400425,0.12528516986694982
0.10857626284765087,0.1292352036983889,0.08578075598240065,0.12109985754978042,0.12763310524933297,0.09726059823358786,0.11502809746030168,0.10508663239561278,0.11029948658294393
0.09991682069483114,0.10681668091215392,0.0951593411913686,0.11411412944974593,0.11278400686434797,0.13189264677738,0.11999809300327917,0.10416271874671275,0.11515556236018054
0.13306897803234985,0.13880419170856861,0.12371944938395506,0.10454795258677989,0.08565848704321412,0.09981580035603134,0.10576052719330882,0.0988578947649738,0.1097667189308185
0.12676224911773815,0.06367440152859112,0.16949661582204223,0.1081564012703443,0.09612115224265054,0.08747431407440592,0.12384845289756914,0.11112283779870029,0.11334357524795825
0.11539804406118986,0.13803191683057603,0.11119792372616231,0.10611600823368944,0.09555968338531513,0.10733121267016738,0.11087289682656465,0.1210482518528706,0.0944440624134646
0.1042953566816574,0.135570141310324,0.10533939198014956,0.08198218269311382,0.0713487142236784,0.12930771167121788,0.09126045780589735,0.11255662188815513,0.16833942174580638
0.10655409386281396,0.09389585325493717,0.09290722314064763,0.09944917759159284,0.11381683434947341,0.10184740237965391,0.13551020891259977,0.11469818574350805,0.1413210207647733
0.11971613307937375,0.1236588230507763,0.11214057455874231,0.11140459464818402,0.0948183736069869,0.12085772693744258,0.10906312986318982,0.12319803564794123,0.08514260860736315
0.11623166601280417,0.1213129449717417,0.10580819009973763,0.11238573692594252,0.09942648649236174,0.11039765933557555,0.11027501574510996,0.11526925320558973,0.10889304721113695
0.11623166601280417,0.1213129449717417,0.10580819009973763,0.11238573692594252,0.09942648649236174,0.11039765933557555,0.11027501574510996,0.11526925320558973,0.10889304721113695
0.11623166601280417,0.1213129449717417,0.10580819009973763,0.11238573692594252,0.09942648649236174,0.11039765933557555,0.11027501574510996,0.11526925320558973,0.10889304721113695
0.11438166109084123,0.09634962056519863,0.10522079989035671,0.08413558299909535,0.10593992201109577,0.15997807054044352,0.11673261142359749,0.10295876004723152,0.11430297143213963
0.13642367347275494,0.10263418728349939,0.09945489883401191,0.14406316834787056,0.10175941959820295,0.11545271858019611,0.09063656022677304,0.12167376680124671,0.08790160685544439
0.12160534314777988,0.09234406118737366,0.08885563978615207,0.1398506046405718,0.11193634072781215,0.11937481521243715,0.11347504035003696,0.12350869151309234,0.089049463434744
0.1093336484357672,0.12000908452881957,0.10449331866703722,0.10537910681170726,0.09959027377544545,0.10689187664525764,0.11331862349825998,0.12096640819111852,0.12001765944658706
0.11623166601280417,0.1213129449717417,0.10580819009973763,0.11238573692594252,0.09942648649236174,0.11039765933557555,0.11027501574510996,0.11526925320558973,0.10889304721113695
0.10650766267148383,0.11111359682628603,0.14175355999363828,0.10106961546837197,0.07934071442231544,0.1311191844607138,0.11021090871854185,0.10610228369479778,0.11278247374385093
0.1377031019407294,0.14401762330282009,0.1644072318292024,0.1046045612132694,0.07449090293210846,0.09562970070984189,0.0910954498079845,0.07657746668453268,0.11147396157951116
0.11543928703083232,0.13748365615746466,0.11103261143366365,0.10630964866882127,0.09568384675322428,0.10743586852930516,0.1108590024520388,0.12087594681938774,0.09488013215526213
0.11721432046730008,0.12069917068352211,0.10332963735805799,0.1141837185483991,0.10064414316960461,0.10966428415853964,0.10645051734252314,0.11490413390569841,0.11291007436635492
0.09962051390064473,0.10611214537786899,0.11791887873006968,0.10893585901570609,0.12356338146578544,0.10984207380351944,0.12496184554979618,0.10565901029168422,0.10338629186492532
0.11555206820913055,0.08527172021486791,0.14319573636603147,0.08789818441166834,0.09140976299833886,0.10489533903587848,0.11786689727831051,0.12144376163170288,0.1324665298540711
0.11006192528370078,0.12019522060867875,0.10463838588749685,0.10609646873501105,0.09954373764062763,0.10725314685372193,0.11301685826396908,0.12037572303929099,0.11881853368750299
0.11862271159815041,0.08536258490919113,0.10136749772631114,0.12575072077215155,0.10098286524633478,0.11756046791144166,0.11425272449198147,0.11033910123398277,0.12576132611045518
0.11222295614988205,0.09703335952837368,0.08548874780475367,0.12275273693167066,0.0920172974158509,0.14125964802719837,0.08637489587874099,0.10000720959210041,0.16284314867142927
0.1128202622383403,0.12149343430601232,0.08503967809256467,0.09550915283083221,0.09287356850260065,0.11164091245295464,0.12772045834560822,0.1090864659958445,0.1438160672352425
0.10804475583467177,0.14541949074497187,0.0900028672542235,0.11509833190863118,0.12452271992980501,0.09472563214537821,0.11614168041262861,0.11038442302397787,0.09566009874571195
0.12068900273210037,0.1257467908864681,0.09146192676891936,0.13005266243342883,0.10059754085301405,0.11520971246567623,0.11739970421361419,0.12585079067816202,0.07299186896861685
0.10226342661646713,0.06609341279683718,0.1233802909321547,0.08062190438715765,0.10528318538427929,0.11240816027379012,0.13773901425661447,0.09570526017902443,0.1765053451736751
0.11623166601280417,0.1213129449717417,0.10580819009973763,0.11238573692594252,0.09942648649236174,0.11039765933557555,0.11027501574510996,0.11526925320558973,0.10889304721113695
0.11472975970303345,0.12585181713588592,0.13122744331177394,0.1142924278957959,0.09434261054622395,0.10274212421547806,0.1116951504708828,0.11033112182657716,0.09478754489434887
0.10950079051000282,0.12005279986695488,0.1045267278173568,0.10554330665821858,0.09957897654882912,0.10697459476597103,0.11324976954770209,0.1208310692101786,0.11974196507478607
0.10949572305430288,0.12732197553267216,0.12035560586593831,0.1002228502904678,0.10884059616377444,0.10418906478157823,0.0997608528150561,0.11518049440653466,0.11463283708967542
0.11623166601280417,0.1213129449717417,0.10580819009973763,0.11238573692594252,0.09942648649236174,0.11039765933557555,0.11027501574510996,0.11526925320558973,0.10889304721113695
0.11623166601280417,0.1213129449717417,0.10580819009973763,0.11238573692594252,0.09942648649236174,0.11039765933557555,0.11027501574510996,0.11526925320558973,0.10889304721113695
0.11623166601280417,0.1213129449717417,0.10580819009973763,0.11238573692594252,0.09942648649236174,0.11039765933557555,0.11027501574510996,0.11526925320558973,0.10889304721113695
0.1058123518412356,0.10757067365935197,0.12513635159370237,0.1220772679949033,0.11264241233734157,0.1143150619054469,0.11023330395388041,0.10810812941336169,0.09410444730077631
0.11122946979257263,0.09747855881170382,0.10097087291379397,0.10279179958996393,0.11770668970494101,0.12292431999152369,0.14212058887087797,0.12002297481564683,0.08475472550897623
0.12576786340103846,0.12418035584376304,0.09249791505682027,0.14734552005151233,0.1002328470424005,0.11195236748175251,0.08532760965681234,0.12748526872564592,0.08521025274025466
0.11623166601280417,0.1213129449717417,0.10580819009973763,0.11238573692594252,0.09942648649236174,0.11039765933557555,0.11027501574510996,0.11526925320558973,0.10889304721113695
0.11455252623180517,0.11893854730677023,0.12612148547197757,0.11830513014762288,0.08945816131164175,0.10453907230730476,0.11430703514710737,0.12826489491217316,0.08551314716359708
0.12406852888002946,0.12733610078949112,0.10001148868357078,0.11900563866964764,0.09621009997398537,0.11455046285408549,0.08710191373669747,0.1148500651617715,0.11686570125072111
0.11991316244287131,0.07267522708931486,0.11739607766673026,0.16650728345693835,0.11752792073140607,0.09493137121008229,0.11930953996023486,0.1160473750568534,0.07569204238556858
0.09785683978706826,0.11818072444001011,0.14389713844379273,0.11059777349229148,0.12295496427197695,0.0983636593059594,0.11353489011576419,0.09877273009749928,0.09584128004563758
0.09949799959365735,0.11235379068234096,0.11800773586379228,0.09994139552887406,0.094038771810665,0.10826357943869074,0.09685965315495602,0.10524636842636786,0.1657907055006557
0.1069478805312023,0.13474263900314368,0.09791903005060791,0.10520124058715663,0.08729906412329419,0.10687495581968919,0.1076587699317741,0.1252859012138738,0.12807051873925823
0.11975931470818972,0.10492303399887674,0.08949981695378006,0.11798105411758353,0.11832094812320698,0.12700638285504848,0.11930052224442429,0.1173705091101581,0.08583841788873205
0.10215907267287883,0.07404514231561261,0.0969190578500548,0.15918377786519117,0.13536347422996547,0.08838874305590572,0.11879958105000943,0.10652773624135209,0.1186134147190299
0.10965708243593103,0.12196803519210088,0.07981629640676093,0.10146855545188604,0.09449674933786646,0.10630926763430233,0.13322987384840343,0.11445310392460528,0.13860103576814362
0.11623166601280417,0.1213129449717417,0.10580819009973763,0.11238573692594252,0.09942648649236174,0.11039765933557555,0.11027501574510996,0.11526925320558973,0.10889304721113695
0.1107763169074864,0.1315109967282699,0.10403293286138755,0.10337654806249848,0.08577565012307235,0.113059436846126,0.09741551688862181,0.11677696703247446,0.1372756345500631
0.1218817298023488,0.11009837267524562,0.10683486118884462,0.09138363157635794,0.0978844000292388,0.13909350680657587,0.11328729215313614,0.11005855231982052,0.10947765344843167
0.11623166601280417,0.1213129449717417,0.10580819009973763,0.11238573692594252,0.09942648649236174,0.11039765933557555,0.11027501574510996,0.11526925320558973,0.10889304721113695
0.11120053468993067,0.1459973215972324,0.11159084278079705,0.08278411282983465,0.11870258395901905,0.1056282610210144,0.10212359618401647,0.11592761650588884,0.10604513043226645
0.11746734700888943,0.08465025942975024,0.13199487258502698,0.14581732015181206,0.09553212245176522,0.09191461669049966,0.11535566860675373,0.12175194486474483,0.09551584821075787
0.11797292589392754,0.09832780158057512,0.07971877279480029,0.11961565287126336,0.1250229392707094,0.11031159138156456,0.11719005461002717,0.1164806633987452,0.11535959819838736
0.11623166601280417,0.1213129449717417,0.10580819009973763,0.11238573692594252,0.09942648649236174,0.11039765933557555,0.11027501574510996,0.11526925320558973,0.10889304721113695
0.11623166601280417,0.1213129449717417,0.10580819009973763,0.11238573692594252,0.09942648649236174,0.11039765933557555,0.11027501574510996,0.11526925320558973,0.10889304721113695
0.11317760238807363,0.12210042844051017,0.09875654564351143,0.11888077857791811,0.1011233846608751,0.1050190896117988,0.1159333069412428,0.12195258439365214,0.10305627934241779
0.11898648391732795,0.14320472815100144,0.09580386084469254,0.12107047164672897,0.09627556875898714,0.11122413315537653,0.11713212872456712,0.13089427227028166,0.06540835253103668
0.10804651041330783,0.10874132742919651,0.13687974269243186,0.12079723595943333,0.09851277319891215,0.12396375176385831,0.10264091700451472,0.09702236770809243,0.10339537383025284
0.10665942101097337,0.11922907670608102,0.10395013041711613,0.10278643777779635,0.09982170926539043,0.10558484647050141,0.11438787362239977,0.12311344753736908,0.12446705719237239
0.11545694792865187,0.10007004188668449,0.1147481521690046,0.12750294042804128,0.09512704047112719,0.10871681368287878,0.11347513444778991,0.11782757668000264,0.10707535230581926
0.1076182908633443,0.15397629864120763,0.09408006723728078,0.12553881923142593,0.12448803985484926,0.09604916076763902,0.1090266127845874,0.11081622539496555,0.07840648522470005
0.10652650551075853,0.11776046402167,0.06361914095367435,0.07187360544164971,0.11445361448834324,0.12482654540057747,0.14168434581577175,0.11982938068616271,0.13942639768139223
0.11711122986263166,0.10378220667928571,0.08779306087487103,0.13226651346274512,0.11211690721786238,0.10555203311359157,0.1153538082289254,0.12048231600880878,0.10554192455127831
0.10061531694631261,0.1222048408275721,0.07254276336774995,0.12170896205423053,0.15286608504000906,0.10658844139156948,0.11507997621618467,0.08755884219141573,0.12083477196495591
0.11623166601280417,0.1213129449717417,0.10580819009973763,0.11238573692594252,0.09942648649236174,0.11039765933557555,0.11027501574510996,0.11526925320558973,0.10889304721113695
0.10719749289724834,0.1279445186904283,0.08784002554658009,0.09594194943398159,0.1115291465074229,0.13022296456887236,0.11380938097216053,0.10938026688255147,0.11613425450075447
0.12165781714816665,0.10269713140131044,0.09613407160533279,0.11497103349303404,0.11533920292957273,0.10370521936906463,0.12069308163690984,0.11776781695364891,0.10703462546295996
0.12447819468243038,0.1263626162391554,0.09840333206504277,0.12366045461932056,0.09521719639260455,0.11635011465429557,0.08166256096285811,0.11397629704579086,0.11988923333850184
0.09720823453513733,0.06709545770056936,0.09095671038063378,0.1410325424819302,0.12730841948329383,0.1304673667266982,0.12786893298128474,0.10058844370273944,0.11747389200771303
0.09993687553619907,0.12513467954134685,0.1348018528332686,0.09753322709647454,0.08719771405983916,0.10998555260999805,0.10754514669630316,0.11462328055571529,0.12324167107085528
0.11699763489055748,0.11842660353576347,0.10724825123723813,0.09705179732087281,0.1094056578377351,0.10819095830689074,0.12298252184069702,0.11686986052511522,0.10282671450513003
0.11009951263924118,0.1333878825817325,0.10591783202332296,0.09948501863759418,0.08594574267905718,0.11171912936666746,0.10237496526479874,0.11796306485524947,0.13310685195233632
0.1056253352239177,0.14282611989163116,0.11175590398974843,0.09534699020362303,0.0946816276272054,0.10165098029520571,0.11542813365395742,0.13178958933656537,0.10089531977814581
0.11623166601280417,0.1213129449717417,0.10580819009973763,0.11238573692594252,0.09942648649236174,0.11039765933557555,0.11027501574510996,0.11526925320558973,0.10889304721113695
0.12297781885117719,0.14827651041928733,0.10025738685894144,0.11235010248814115,0.11307026828719575,0.08899194152451728,0.11065874936085524,0.09149850979100925,0.11191871241887541
0.11304236080672107,0.11100575312076821,0.10629449770006187,0.11591556909118307,0.10581356365931167,0.12112097077044409,0.11131450299468942,0.11229461852156013,0.1031981633352604
0.10246382375385006,0.1417467339703514,0.09775353065767982,0.08280078583697605,0.11083828553407726,0.12230915641425068,0.1227065521499039,0.12338823483339532,0.09599289684951551
0.0934408466042097,0.12653029655580914,0.10916029896849803,0.10957278967402738,0.11006028328739342,0.10606633127000135,0.10483166437772475,0.0980539014629222,0.142283587799414
0.10628641011155937,0.10624090332733349,0.12374109870603071,0.12476118210425398,0.1152528154612773,0.11404341307964372,0.10573299065321039,0.10755456281455988,0.09638662374213118
0.11607506099490524,0.08912205188446881,0.0720956505852184,0.1423597007726919,0.12012670166316008,0.11745987902726929,0.11502488028337575,0.11791744014776084,0.10981863464114962
0.11955123354667074,0.11127892176414318,0.09830294143695813,0.10545141949304282,0.09982467575413297,0.12084905081814944,0.12417326001541362,0.11876572302186757,0.10180277414962148
0.10864487459805716,0.11757509308592791,0.12441513172111618,0.11864154564392367,0.10626173757248443,0.10488335656646257,0.10942353468011161,0.11114742309817892,0.09900730303373757
0.12147547321296258,0.11651913556539699,0.0988604953029613,0.12751119669493638,0.10089946068296107,0.12713650826439613,0.08150206735545244,0.11152963386967905,0.11456602905125414
0.11248677376504841,0.14496701686674165,0.12943773290683436,0.08560319200407356,0.08965059518235673,0.1101295858688512,0.11399361166575717,0.11511050839749293,0.09862098334284408
0.11623166601280417,0.1213129449717417,0.10580819009973763,0.11238573692594252,0.09942648649236174,0.11039765933557555,0.11027501574510996,0.11526925320558973,0.10889304721113695
0.1297285737787097,0.15712981545871516,0.1335120644493397,0.10690785999812491,0.08093220223068424,0.10033718032189783,0.10098576527126689,0.1059361213495235,0.0845304171417381
0.08860110199846259,0.11967674503621988,0.08079423380735122,0.09939913228370573,0.09511538422965671,0.17858778450162868,0.0865423367496781,0.10478480793963796,0.1464984734536592
0.11623166601280417,0.1213129449717417,0.10580819009973763,0.11238573692594252,0.09942648649236174,0.11039765933557555,0.11027501574510996,0.11526925320558973,0.10889304721113695
0.11623166601280417,0.1213129449717417,0.10580819009973763,0.11238573692594252,0.09942648649236174,0.11039765933557555,0.11027501574510996,0.11526925320558973,0.10889304721113695
0.11556314399313224,0.0915639449384778,0.07360653994681662,0.152060434493373,0.12506203174571218,0.10073307682173693,0.11760444081497749,0.1233772988380364,0.1004290884077373
0.11308213097815638,0.11286353669462586,0.12083715438249498,0.10676808095027975,0.1074408116711132,0.11944455522987035,0.10502391477382084,0.09639234282459065,0.11814747249504802
0.11044433299143057,0.13618046842723996,0.09695726154196072,0.09360178168527618,0.09217768862658537,0.12431350578656948,0.06986535791349018,0.10783481362347873,0.16862478940396877
0.11623166601280417,0.1213129449717417,0.10580819009973763,0.11238573692594252,0.09942648649236174,0.11039765933557555,0.11027501574510996,0.11526925320558973,0.10889304721113695
0.10275964531675737,0.11300193059039025,0.12682357830199253,0.09595074286823423,0.1184151989319585,0.09904867017906689,0.12538668902365604,0.11778466187376908,0.10082888291417506
0.12007774263531329,0.11366526299212575,0.09573151763780209,0.11542964209846585,0.0923315442073699,0.15279149363273506,0.09300711479547087,0.11117947315339079,0.10578620884732642
0.13421715773077456,0.13995913013488026,0.12512348608296267,0.10403666266350135,0.08477723510146477,0.09910326714817737,0.1053353224644163,0.0976882538834819,0.10975948479034088
0.10402072586108206,0.15590609456947246,0.13072204116350997,0.11217256948333117,0.10061109924214756,0.09815941245813903,0.11657506904013822,0.10705565610119182,0.0747773320809877
0.10999857614157212,0.12017947736132793,0.10462581973865272,0.10603387182668082,0.09954750890778387,0.10722163481387632,0.11304328812471577,0.1204272049191371,0.11892261816625314
0.11690775979510848,0.116815871723592,0.10756200888969163,0.09172393081378864,0.11353070909741447,0.107099365331001,0.12830773604230672,0.11711438147325264,0.10093823683384445
0.11864963454740014,0.1393464207439337,0.09782937444836341,0.0931574462339052,0.10827525906609552,0.11246822723332783,0.11357149862140249,0.11629380701446869,0.10040833209110299
0.10954549484319138,0.12006439154487374,0.10453565197580166,0.10558726800908037,0.09957601736844995,0.10699673857400356,0.11323131308360117,0.12079484826624864,0.11966827633474957
0.12556584883014818,0.1248356098727208,0.10144391945223254,0.10261225228348932,0.10626583034592857,0.11301455243026769,0.09724693683477466,0.11682149165078036,0.1121935582996579
0.11623166601280417,0.1213129449717417,0.10580819009973763,0.11238573692594252,0.09942648649236174,0.11039765933557555,0.11027501574510996,0.11526925320558973,0.10889304721113695
0.10317381244900788,0.14295976318420495,0.10708359950423336,0.08726832398887814,0.07354905345199696,0.11282750081978628,0.09296521736626318,0.11788348246240694,0.16228924677322232
0.10954828333512599,0.10530665667947088,0.11578159490472965,0.11490946237456623,0.1092560713264224,0.10850640658363336,0.10843685227216027,0.10648412861057217,0.12177054391331914
0.11623166601280417,0.1213129449717417,0.10580819009973763,0.11238573692594252,0.09942648649236174,0.11039765933557555,0.11027501574510996,0.11526925320558973,0.10889304721113695
0.12419887365123157,0.12580134287336217,0.09793388507819849,0.11410803973329109,0.10163945656561912,0.1301633222093759,0.0902835353997702,0.11996161843316716,0.09590992605598425
0.10354749325552069,0.1293479091717841,0.0818558896041096,0.09044240509568209,0.1168747166169104,0.13856395065997104,0.11453382139317574,0.10680660295091733,0.11802721125192911
0.11471902475815027,0.10767222667288884,0.09447702492516402,0.1695639200143533,0.10806007761401344,0.1122565127583704,0.11311393848757051,0.11131193022223274,0.06882534454725651
0.11523228387618156,0.13655406673165962,0.1104537684567483,0.09223850478401326,0.08327209792324901,0.14422015352120723,0.0993906701659399,0.11007201543966533,0.10856643910133583
0.10737442387361061,0.13412634963896017,0.10086307242755589,0.11164037085720478,0.10384626711680223,0.12426028531255222,0.11736033822751878,0.10662445460878488,0.09390443793701042
0.11152252716560747,0.13036744830709138,0.10859601150065656,0.08673764393238594,0.09583628099118062,0.1101448398985787,0.11462431812594792,0.12027565162847297,0.12189527845007843
0.11623166601280417,0.1213129449717417,0.10580819009973763,0.11238573692594252,0.09942648649236174,0.11039765933557555,0.11027501574510996,0.11526925320558973,0.10889304721113695
0.12027890278751423,0.1443866268932413,0.08118611197180756,0.11004204461685026,0.13878135620836826,0.09397852320342714,0.11199933068953748,0.12570710499911583,0.07363999863013787
0.11623166601280417,0.1213129449717417,0.10580819009973763,0.11238573692594252,0.09942648649236174,0.11039765933557555,0.11027501574510996,0.11526925320558973,0.10889304721113695
0.12605942136725642,0.11021017467864462,0.08352149612606213,0.13439679014356623,0.09358316732647291,0.1621847004214163,0.09813594989674344,0.12168563157030317,0.07022266846953482
0.1025283800133056,0.13495211301004964,0.09867265217048744,0.10811924674190511,0.138414067002579,0.09201107558474164,0.10395635437036183,0.1050099491126711,0.11633616199389858
0.10207335987945872,0.13352234819520215,0.09707906171821785,0.08259204172230739,0.16973433075228747,0.09340610413995314,0.12653823972245035,0.10691516225829312,0.0881393516118298
0.1107175325220016,0.15153577831022147,0.07019294123673109,0.09912397630049302,0.13015948514434128,0.12145252498707788,0.09824716038287214,0.10052393467739607,0.1180466664388654
0.11611740761965149,0.08424039625338338,0.07679550493563865,0.09133071953594696,0.13841822860655914,0.17734911835496595,0.10923414178366957,0.1108286611996071,0.09568582171057781
0.11937325799600453,0.08598261698517566,0.09881500511748281,0.1436438491571428,0.10652968975762456,0.10103371375144088,0.10676735315260528,0.11444863560850978,0.12340587847401373
0.11528231493779399,0.13951267855830815,0.11164099285026324,0.1055965679499898,0.09522513192177429,0.10704731416527091,0.11090913308574583,0.12150844159208159,0.09327742493877211
0.11216335927716854,0.13914796126286422,0.10354660661160364,0.11224799682030363,0.09714620280750146,0.1015860941647197,0.11691827991581578,0.12864342003822102,0.08860007910180197
0.11047974453542786,0.1031969182254137,0.11794454967211863,0.09883860518224281,0.12077987340759651,0.10665877516361015,0.12160799374823583,0.10818935703540376,0.11230418302995072
0.10056806542469938,0.11869229271398218,0.082777062761841,0.1083315420250364,0.12216042428765626,0.14820005479540346,0.12466409045701783,0.09075159955932392,0.1038548679750394
0.11623166601280417,0.1213129449717417,0.10580819009973763,0.11238573692594252,0.09942648649236174,0.11039765933557555,0.11027501574510996,0.11526925320558973,0.10889304721113695
0.1057200022559744,0.11977051477961742,0.09339982583640209,0.1448000577596931,0.16126287633577208,0.0908409975909814,0.10662953624059923,0.09567710536797026,0.08189908383299009
0.11034277833473893,0.13298363001399535,0.10589794493477815,0.09994978265216307,0.08642499998210122,0.11167946913271037,0.10269389407589176,0.11791349263398333,0.13211400823963784
0.11018701978829419,0.13324306418242132,0.10591053446397003,0.099651859838418,0.08611772956625506,0.11170493382065301,0.10248976251609265,0.11794569827047631,0.13274939755341938
0.10081428702490115,0.10115522856357893,0.08353487164227646,0.09082714050799771,0.13947367293053456,0.09585486936620964,0.12291073126048846,0.12349768552306369,0.14193151318094935
0.11623166601280417,0.1213129449717417,0.10580819009973763,0.11238573692594252,0.09942648649236174,0.11039765933557555,0.11027501574510996,0.11526925320558973,0.10889304721113695
0.11154663282636197,0.08716547301439527,0.09154880742151107,0.1301353205709998,0.12460037987197621,0.10919097849178237,0.12196805202098986,0.11302885475298513,0.11081550102899829
0.10308683104361216,0.10313972199979753,0.11549825188908171,0.10834033320514565,0.10922130601568193,0.10517697698641443,0.11110709752298924,0.11068602930781198,0.13374345202946536
0.09972145674263184,0.10439196646881792,0.10173183778642514,0.1482301217321931,0.13915421555465401,0.11558277499114111,0.09160252499508419,0.09188623934045097,0.10769886238860177
0.10094179044541157,0.1281550126971547,0.0668663627451984,0.0874115851967936,0.10551041560764503,0.12041751888021192,0.1370683346593242,0.10818978379080067,0.14543919597745977
0.11623166601280417,0.1213129449717417,0.10580819009973763,0.11238573692594252,0.09942648649236174,0.11039765933557555,0.11027501574510996,0.11526925320558973,0.10889304721113695
0.1074004504380706,0.09004555798386549,0.06787918090299001,0.1242245065489066,0.12424931126677241,0.0905621887929961,0.14123809297454248,0.10053153807148152,0.1538691730203748
0.11811731755556087,0.13103612330862527,0.103928426856031,0.1316344991199954,0.1153861683375722,0.10247589464758244,0.10219574188217245,0.1120404968285467,0.08318533146391359
0.10711835398424925,0.11377087008836889,0.17539458433074118,0.11702451215065024,0.07277216593650142,0.11872883625375552,0.1084325026434727,0.09875673523007732,0.08800143938218352
0.095760277452786,0.1265944921743112,0.099329296990804,0.0953621547216509,0.0850944968175204,0.13760857736607054,0.10058102601140946,0.10209484192166794,0.15757483654377957
0.10680829720624922,0.1182146110879889,0.07115556473018587,0.1056082787094005,0.08823859204095504,0.12608704273737828,0.12313406153284227,0.11650367333188634,0.14424987862311356
0.11489674977903513,0.16373644396546208,0.11249689930473461,0.11535697974805821,0.1051774708296268,0.09615737030857263,0.10487875945959751,0.12150044598560839,0.06579888061930458
0.11594300434509137,0.0903344584420996,0.14730915436498696,0.12839040995157883,0.08772536654531915,0.09839598382532821,0.10826208884212137,0.1100286199918946,0.1136109136915799
0.10881027714956652,0.12588624042093752,0.09221414770160365,0.12606309675944177,0.11520913799733878,0.13920790939310643,0.09100475703707518,0.1101983308385378,0.0914061027023923
0.118502718583586,0.11511949637746925,0.10110870280340085,0.10800406032202697,0.09971497369519533,0.11691144013828869,0.1190327221150126,0.1176552168622171,0.10395066910280319
0.1221789678267627,0.08346846889651854,0.1270204176973899,0.137679209271968,0.11924755611072725,0.0919240178784768,0.11052888364991344,0.13023141313476985,0.07772106553347347
0.10956529517305817,0.12728279400521317,0.11929109604861776,0.10043435815876561,0.11155396860751832,0.10262703386284104,0.09500400585426401,0.11468194938185121,0.11955949890787072
0.0973862834747552,0.13707133873709623,0.07800080845519027,0.08153680878751084,0.11171709912012685,0.11648703427203154,0.1019755768458615,0.10913676108243087,0.16668828922499676
0.11823447279361304,0.0867748353643381,0.10236900735116723,0.13825789376486378,0.10661375328821483,0.09962194513257233,0.1175738047729072,0.11541917016448344,0.11513511736784006
0.11292396646378948,0.12211592620151258,0.09823539314433168,0.11938879550104688,0.10125913476704185,0.10462855603443194,0.11635825910167896,0.12247233359773108,0.10261763518843557
0.10466472257539076,0.11413442001268269,0.15178352926852237,0.12639094207758816,0.09942495471862677,0.1075996081833347,0.09620303540458706,0.0958725970770908,0.10392619068217675
0.11675742936303886,0.11954416769579707,0.10354215054666864,0.11910579588112537,0.0983747636465625,0.11267055014372422,0.10112050632483906,0.1139864802639648,0.11489815613427941
0.11623166601280417,0.1213129449717417,0.10580819009973763,0.11238573692594252,0.09942648649236174,0.11039765933557555,0.11027501574510996,0.11526925320558973,0.10889304721113695
0.10636007365246884,0.13359590265760932,0.11397775373296348,0.09111123672375128,0.09573854066691119,0.12963496920941145,0.11227887027746952,0.12306533474568222,0.09423731833373261
0.11648602342479274,0.11563115802824002,0.10425503587335698,0.10341999641958856,0.09435187993337847,0.1293060933387994,0.10718187431702991,0.10995441216001074,0.11941352650480312
0.11286651331391928,0.12151153498833973,0.08521171569856599,0.09565556081440758,0.09293567919956731,0.111648971559739,0.12756227342754187,0.10915375429581319,0.14345399670210593
0.10854325882166195,0.08560672852193879,0.14138663162820173,0.07328847745991225,0.11935784518827307,0.10291152893271416,0.11317164418354715,0.10730694175594886,0.14842694350780208
0.09812396969753757,0.09061266733123406,0.12607842889465853,0.10559696079269631,0.11326102316676621,0.10562448780370302,0.10025794623574964,0.10894990009457112,0.1514946159830835
0.11623166601280417,0.1213129449717417,0.10580819009973763,0.11238573692594252,0.09942648649236174,0.11039765933557555,0.11027501574510996,0.11526925320558973,0.10889304721113695
