0.14438995157405318,0.0871074944960351,0.09029808728158988,0.2277563351870531,0.1028289957777188,0.08203213627950695,0.07644430027812442,0.07040834941512071,0.11873434971079792
0.030767398306999174,0.10251844086171914,0.08154134746720351,0.18272918985093053,0.1225333247951091,0.1286341949407728,0.10041787498742329,0.1476180635873614,0.10324016520248107
0.06896260844837913,0.11332090305269749,0.14378710888444146,0.06991297889592003,0.10731235417916307,0.10034602137925187,0.12265619606097511,0.1019944910116588,0.17170733808751296
0.04612404760714278,0.12304320306654963,0.1354963918322141,0.0739109879248323,0.1089421751469148,0.10489362770828536,0.14310424535302405,0.12724558642663575,0.1372397349344012
0.0649291972751521,0.10833766435988057,0.07558658554546373,0.20481618028857254,0.11582388942050614,0.11341715865729123,0.12278718719572017,0.10518748476690105,0.08911465249051252
0.08274166072159927,0.1295746270563339,0.1215212224159345,0.08642069731785328,0.1242337754586903,0.11156110713262575,0.1367659046313667,0.07424009248824474,0.13294091277735146
0.039155685178609324,0.11819243475375886,0.1455458238437263,0.09799036284748565,0.1202534835037246,0.10175776207870384,0.1560943264309229,0.08992985490563736,0.13108026645743123
0.07448726149806423,0.13026315139595016,0.15769440969771223,0.06912378147144631,0.10711393958964194,0.11099859835604182,0.12491757493771523,0.10974246928781185,0.1156588137656162
0.058749275745190566,0.12491079486875716,0.14590636770670332,0.07175575328288004,0.10499919252191636,0.10565431619709344,0.13235783374880794,0.11817203449094009,0.1374944314377111
0.058050786977091796,0.1266813686116675,0.13961939217143937,0.060700731768057174,0.11020389387687736,0.10989602782996466,0.1350755708212601,0.13557283878555926,0.12419938915808283
0.058749275745190566,0.12491079486875716,0.14590636770670332,0.07175575328288004,0.10499919252191636,0.10565431619709344,0.13235783374880794,0.11817203449094009,0.1374944314377111
0.1531666966914789,0.11757329850585674,0.09419284838935794,0.0961003494462022,0.11149901977648728,0.11366010609763684,0.10007025729118746,0.11186889725301603,0.10186852654877665
0.11858950666329576,0.07972398043833535,0.11345406995542819,0.1324749883502713,0.10905271185064407,0.1237988246474196,0.17348413039600732,0.07895695874213514,0.07046482895646326
0.2794641638475288,0.08962898765747968,0.06983718168610792,0.1572707298165891,0.07165583986170172,0.07772098634487609,0.08494911937498435,0.08103261023321745,0.08844038117751496
0.16017511865017173,0.10809380264021688,0.12251910573333114,0.06426919054863563,0.09882338549601076,0.09242092021875087,0.1079232851307765,0.1252741190481097,0.12050107253399682
0.08017072662122514,0.1273421503803921,0.1365888610304994,0.06959989493713527,0.11419625810665746,0.12082916185717,0.130905365778942,0.11406323616507842,0.10630434512290023
0.27051201933763885,0.09317025499580744,0.06849787052233902,0.0495036490060923,0.09405108636872572,0.11632647558541385,0.10549146257045865,0.09513619195835847,0.1073109896551656
0.1215160956882742,0.12058432925298873,0.07039456773752063,0.12403423618036281,0.1074234140098513,0.0934233355371996,0.12351321377205442,0.1354384954264843,0.10367231239526398
0.06434262944178869,0.10662437083596871,0.11148557560063103,0.052528235568069515,0.11929669318128304,0.12238272324012744,0.15101326993483344,0.12154066539877727,0.15078583679852078
0.042330276593435225,0.12276281534174287,0.10824311214929698,0.08805474013140753,0.12055129759673955,0.12406055210883786,0.13370909470674772,0.13497103281560976,0.1253170785561826
0.09482964041374763,0.1259376423291461,0.1334232531136496,0.07098718320329302,0.14074972136335442,0.10965259654112776,0.12079290903793112,0.10245387827731521,0.10117317572043516
0.12200702642543776,0.08344424369414145,0.11834318877013178,0.1468409398024552,0.11774571631243293,0.0872831331930376,0.12342374668013796,0.11552319820914718,0.08538880691307808
0.060547037134606546,0.11363802225226745,0.13582954167625463,0.07299841647336903,0.10975300136378857,0.11939708114832652,0.14622310755993276,0.12842099176179342,0.11319280062966097
0.05805493564368475,0.12665567541250644,0.13983386445499651,0.06101013884089678,0.11003965357634549,0.10976780700115325,0.1350112889552473,0.1349921708241269,0.12463446529104254
0.058749275745190566,0.12491079486875716,0.14590636770670332,0.07175575328288004,0.10499919252191636,0.10565431619709344,0.13235783374880794,0.11817203449094009,0.1374944314377111
0.05625551997868167,0.11934185134699828,0.11077075611423282,0.09376405023255514,0.11565576750242833,0.10233505164564671,0.13813756400193788,0.1374909936220891,0.1262484455554301
0.062079262935712344,0.1396621493852218,0.13580593233653543,0.06210979124534721,0.11955617658399292,0.11344098113821945,0.12656131153156683,0.12008399191790009,0.12070040292550392
0.06337387755858903,0.12570687446884427,0.1267228471667596,0.05958153792677625,0.1163527437662178,0.11349338049185592,0.13610960711391668,0.13261359896520403,0.12604553254183645
0.0952010253331419,0.11758601121324408,0.11297655457339033,0.06294059499061999,0.1173508252257404,0.1162070392431687,0.12384419570596905,0.10222069416971513,0.1516730595450105
0.060855822729306265,0.12229256789253957,0.14781593282648953,0.09157047977430531,0.10779776821119764,0.10839320642833461,0.12694426875280085,0.1219193222245974,0.11241063116042878
0.058749275745190566,0.12491079486875716,0.14590636770670332,0.07175575328288004,0.10499919252191636,0.10565431619709344,0.13235783374880794,0.11817203449094009,0.1374944314377111
0.1438710814755381,0.10835412413015894,0.12483723625885508,0.05272048675640067,0.10120325376618657,0.11293596883877666,0.11373331112328511,0.132136993617306,0.11020754403349288
0.1438208747494503,0.11550651651494233,0.12920114552292905,0.0634710421427806,0.09211850462340243,0.09842910534616157,0.13605559007287987,0.11138380905574317,0.11001341197171066
0.0724954087859852,0.12977750208018413,0.1565501321517677,0.06937851441263268,0.10693535270222972,0.11048280615144157,0.1257395470684026,0.11065796089305625,0.11798277575430009
0.054142049836187554,0.12031657171552873,0.12785795706374112,0.07013318726644209,0.11039685850949872,0.11919924882221673,0.15628905859943018,0.14710090199098702,0.0945641661959679
0.09066372618773404,0.10958764945936934,0.12502742551609242,0.07116716127242413,0.11008750378398874,0.11286315201125587,0.1679028693083874,0.09521344142966702,0.11748707103108098
0.07446836206091212,0.09001805199375017,0.09499559083028308,0.19999581431135813,0.11091033412356306,0.10908577278801464,0.09250788838276908,0.1210332421646169,0.1069849433447329
0.06134363872926168,0.11529940810989019,0.11716502898252527,0.06063550982298437,0.11233755547059536,0.12219644103139432,0.14505290380547375,0.12090423952377864,0.1450652745240964
