0.05835747373075462,0.04497653157348267,0.05101658311667621,0.622181392156139,0.04522976664382769,0.016909018223982445,0.03022192806289108,0.03510344731751967,0.09600385917472666
0.14941737048348439,0.13098427876837582,0.0719067040483708,0.03643954425534126,0.039858337061599705,0.2872980422284965,0.0389346140548079,0.15353741025331005,0.09162369884621369
0.011968955948627886,0.05789415948343876,0.009144046352011303,0.0050811905038436085,0.4743936820504467,0.35093412367046817,0.023024346770962923,0.0385321811828455,0.02902731403735516
0.05919737906289139,0.03468430472500866,0.28929666251380626,0.03584832812646208,0.030311365494803455,0.02680821874904102,0.026624700465992853,0.03163184496602375,0.46559719589597054
0.5918513056337207,0.051493953627000544,0.07232461656844182,0.060807109009450855,0.04516898438051167,0.030879947909904504,0.042479133595915285,0.047808531011719335,0.057186418263335446
0.2964414292166234,0.06968123377231077,0.03988294849272622,0.06731088474441063,0.031291661162179324,0.15495891022234068,0.03675829326753229,0.05018913857942419,0.2534855005424525
0.05618801590488517,0.0967243405345033,0.4997901998588962,0.07205538708785336,0.04350155201502446,0.04798976677077116,0.05434216115956458,0.06131034047033276,0.068098236198169
0.06396713739059581,0.04504428579631634,0.1191821477380145,0.10569114421146598,0.14472798564905656,0.03320319325415116,0.04385376236623554,0.3761100799825417,0.06822026361162242
0.058462946717438145,0.34806274049868074,0.06413046855163655,0.0391761431918846,0.015536125222542297,0.07104909173383352,0.02146693613338907,0.3296818692069332,0.052433678743661775
0.024060308498985574,0.038749953247565035,0.03448410029996041,0.027053847068216685,0.37754898377622154,0.14456318452474484,0.025064172998233644,0.27929784992184936,0.049177599664223026
0.6315826016176213,0.10135658785795328,0.03707195103195718,0.03207972381232746,0.03490138814897609,0.06050625887653208,0.03218899469116998,0.02419675646109332,0.04611573750236945
0.08659398335822231,0.14505084957395653,0.07946834612728641,0.03289275410156745,0.029907458541724996,0.11991955597809033,0.10801497908156517,0.026450879491500393,0.3717011937460864
0.09986975160981308,0.051336559046722,0.08106020454472658,0.068140101418061,0.06621084236447629,0.5088236465579339,0.05143136641068583,0.024558180575093538,0.04856934747248779
0.3993834628715332,0.08684319096829389,0.10813716296024763,0.05638324704301064,0.03982750060375051,0.03344887828268844,0.04649514664263826,0.17445212966636905,0.05502928096146847
0.1447610695261651,0.14856009148235177,0.09126770308762362,0.046054290268261966,0.02991969773306766,0.20701696630654506,0.09996031393586051,0.02690908169020142,0.20555078596992285
0.12944936010625552,0.20881104489131752,0.08833060349340804,0.08587735309152084,0.06640875239391919,0.12295338032442558,0.0833419940265319,0.13551938147733303,0.07930813019528836
0.19226329024649,0.08994009346231069,0.14730502231355683,0.08387316422670786,0.07234480830390234,0.041925138423292006,0.054495382107821684,0.12360567016204808,0.1942474307538705
0.05764754331653624,0.06764751687145751,0.05925258073852876,0.4929449249390114,0.03519773496110885,0.014134905150939722,0.028474393443583684,0.150485937136567,0.09421446344226697
0.013816949586531466,0.08833398944508562,0.00786257322666316,0.004847985506389456,0.5094041766157548,0.2840055576110605,0.027018266070732256,0.0029882273041575945,0.06172227463362537
0.019654725695566463,0.06265290302976162,0.029907119757772344,0.009677526292073314,0.3857488870238444,0.3956761253276109,0.023410113702642555,0.04588687714308195,0.02738572202764644
0.04813902353791627,0.03685757735293688,0.06351854293187671,0.1577942671317897,0.5103515622578595,0.050330325119000076,0.025330754326317834,0.04195745611437438,0.06572049122792864
0.043607685493193354,0.046443083086648206,0.07797847369839016,0.08790863157692563,0.5510522132108665,0.0708931893565991,0.030088971378412294,0.03479710535562155,0.057230646843343135
0.05242170446888306,0.11390563829515445,0.015925276836453672,0.020833764575329247,0.1505068245230383,0.449430539170761,0.036005920654400746,0.117504046069417,0.04346628540656248
0.026836310655089356,0.03364817980022235,0.03455170472300278,0.04877710101738008,0.0326028290341549,0.027480885279966564,0.0756702541204542,0.01955202948465644,0.7008807058850733
0.11218271865893355,0.19128682967210078,0.12663997825899145,0.05889665708915209,0.07526049067504133,0.05801204497203177,0.10358482963843248,0.19002454454976778,0.08411190648554868
0.1958396843347079,0.10543421921128555,0.0782516974251317,0.07294519573621706,0.013745861728358752,0.2956892357646734,0.08773305576060574,0.04571494307170835,0.10464610696731162
0.07297144612598702,0.06784288135204193,0.03686042215842663,0.10032602680241763,0.046449814249778835,0.060247847906419405,0.2511650592392514,0.0795224724226115,0.28461402974306566
0.030055340706755335,0.09870608207798566,0.069001687032178,0.03896371367352188,0.07372293756624311,0.5360740113172333,0.059801797882958585,0.010985743691925906,0.08268868605119821
0.043358970958727656,0.04193045641621221,0.054700569881925114,0.11850050036049316,0.13184053997026615,0.016073923109487586,0.02812629420770797,0.5006086910673968,0.06486005402778335
0.06352860883372918,0.05257342188623565,0.110062719617441,0.4283414015074967,0.04995948452524513,0.016733452644735212,0.04195999458182267,0.14248786137154557,0.09435305503174878
0.04231180251313819,0.037019680453470566,0.05160525345989898,0.05128070060385879,0.036168432989509273,0.06907495044722935,0.048705235702093515,0.026889471817944616,0.6369444720128566
0.10647434832990814,0.06441954726791665,0.10127067034453348,0.0254380060836446,0.02711281597682939,0.12307208970634571,0.050783952571528984,0.008985118726336476,0.49244345099295656
0.35701479336980624,0.2187378808904794,0.03190944565448228,0.02413060046147741,0.010147103910284108,0.2552516390587976,0.04025325893129587,0.019535302590076777,0.04301997513330039
0.4957231611348343,0.23075209262113003,0.018007327856324005,0.02866587415546852,0.014571671938895322,0.06850812599380003,0.019846896084113788,0.07373658274744788,0.05018826746798615
0.06951446041980953,0.033112943178353546,0.0687765787627518,0.18163058728222436,0.4021910401049473,0.019702175975481098,0.03821625264343398,0.1196396391244019,0.06721632250859667
0.03614687245820334,0.08164530227386972,0.09472420741881153,0.28003826889917705,0.05580344322099071,0.011806657686861724,0.02857975284852003,0.3476563640292949,0.06359913116427102
0.07690202502921634,0.04846956932675714,0.11420370817279347,0.5050495647718838,0.03881404626933274,0.02054990715292342,0.04051409754015898,0.08229207659504044,0.07320500514189367
0.07056476502708973,0.06937733154273885,0.17544229727435692,0.31881207689895047,0.14005854712772542,0.014323935162392935,0.036762970152264596,0.07962697863347909,0.0950310981810019
0.0683931069024158,0.05013158593999068,0.25272092710428745,0.03696920633401895,0.029196122248778992,0.06676147759761063,0.044795862909611385,0.02175189657382087,0.4292798143894652
0.26990115237740525,0.21357097973822534,0.06777908975904731,0.043364556496776,0.03265543903339398,0.051249915286718094,0.06093471802786588,0.10475214049594339,0.15579200878462474
0.15104786401118817,0.17233096944849505,0.21028848441403947,0.049060647689693,0.035454193299293224,0.03193922148453529,0.07805578391270701,0.15168869229496731,0.12013414344508151
0.1608308551743571,0.1488725535267916,0.049717510331224256,0.08982064747045691,0.023074802729885508,0.14699968466207763,0.06561997021784706,0.2636162768148339,0.05144769907252602
0.052913034666938974,0.03907299703590784,0.243129403649002,0.3650115081225656,0.07479696102510967,0.01030717539479091,0.023618287537522032,0.1024700547268998,0.08868057784126322
0.4148685078924091,0.23890267349901148,0.0372029708670272,0.018864814450585382,0.013491441280491408,0.13625117904563275,0.0163548728118841,0.0700003532986636,0.054063186854294946
0.06512367909690069,0.07524798374308019,0.06596039586006985,0.046007689481022,0.19303556818882991,0.07236627116377879,0.056551435876509216,0.3641799089335062,0.061527067656303204
0.04968636754664108,0.0421363635356329,0.03824107260062629,0.08356381495746683,0.63293400827046,0.028993211231182685,0.028969787255736523,0.05767487147568712,0.03780050312656652
