0.03134096101771316,0.048009229147439096,0.04711772807631761,0.06607550859898288,0.301435650816441,0.22321958671063824,0.16587928125708087,0.06606982963945425,0.05085222473593285
0.08770811147035706,0.045741223113307646,0.11991043928517155,0.04530322898078389,0.42183349266400255,0.06487603463842379,0.0803952362667096,0.05527487459219541,0.07895735898904843
0.02471769625422184,0.039944263750702015,0.05979521988897463,0.02695942004574661,0.1610325839338775,0.18254054304116094,0.4026239622215832,0.02557174567951293,0.07681456518422035
0.13479249935561866,0.06651513050812273,0.08057945640828189,0.060779186338686675,0.011029911881121455,0.05746210338429867,0.3919639278357257,0.09134860581879245,0.10552917846935173
0.08740327470312735,0.10304020150748844,0.11237414194156532,0.10397339575243231,0.07827356732208132,0.03472041337589065,0.1387165897605653,0.035688860685190386,0.30580955495165896
0.06317329922075832,0.2657523823093437,0.10365368884276761,0.15609824589006152,0.04227246498297851,0.10182866676405554,0.07890311687284969,0.0731066453356578,0.11521148978152725
0.04125478499199432,0.10138085131880352,0.06606669426122709,0.1133233350220511,0.1207100148402634,0.25650470003885106,0.17184993007746582,0.0661693872164688,0.06274030223287488
0.12097365244980425,0.1286274293155393,0.15259191367378797,0.1255049008671844,0.05921232670062518,0.09792807654581732,0.07953022479720744,0.13084270706110604,0.10478876858892805
0.05903531615841612,0.21649146360019847,0.12034565658378911,0.25558492534213156,0.028547572839222064,0.08486211552027584,0.06700380559731406,0.08937251718628507,0.07875662717236782
0.051258622501252786,0.09333482817468275,0.0992265055117803,0.10108201719797204,0.1202369883598388,0.24047242677461034,0.0974731503322392,0.11668158178122133,0.08023387936640249
0.0481628463081554,0.10466909548947174,0.09137205510523223,0.4045463080366936,0.07452785574817995,0.1771492723967263,0.026041707475034117,0.01405234329827077,0.059478516142235836
0.05502645732850787,0.0918025852048701,0.17710727710271815,0.334078489390313,0.05003722162892046,0.04171729504244113,0.05465747920311181,0.10366561374570003,0.09190758135341752
0.09119671215864993,0.1157359934024325,0.1549920468248802,0.07583492218636619,0.10399717615716697,0.02778361164814815,0.0794778542818493,0.0509783421170287,0.300003341223478
0.13391954462886138,0.0928249073728975,0.1297687100989339,0.14419267539338762,0.1252032534864441,0.048348240203034264,0.07958687413897862,0.0727459522745073,0.1734098424029554
0.05364310422843002,0.3049349471330218,0.08386358813734936,0.1774312393869685,0.05474866703993542,0.033068804515302606,0.05063439870040875,0.04421812061651734,0.19745713024206615
0.0710768281660465,0.10091346449113875,0.10057078123607023,0.21820265819608875,0.014086714686708033,0.23356811711506356,0.059191985594187944,0.10699980877103739,0.09538964174365877
0.036903907766355555,0.03934708555066595,0.03910852936716603,0.03735770793565582,0.20461736075579381,0.40925445055208015,0.11554716850608504,0.06214820428347371,0.05571558528272389
0.23670842825576544,0.06355443836864995,0.15059573703788762,0.09113378024760148,0.25534474608967916,0.036448560868831824,0.010352528516390217,0.037063905156412114,0.11879787545878222
0.06055251017276551,0.29869920340132494,0.09055725299337504,0.2632399795124759,0.04836784985460338,0.05583263948148167,0.0554988722435781,0.03287077769449789,0.09438091464589747
0.11861548260109785,0.18966557293948957,0.12347174281965896,0.2166700601111072,0.1141470788399433,0.07025244378503152,0.05401725604296334,0.03498922254370993,0.07817114031699829
0.36276857666176054,0.04897795126113739,0.09135540252130403,0.06220766605750192,0.12245283396988536,0.03628971508320714,0.11783486464529613,0.040478919764982565,0.11763407003492483
0.07449840028562332,0.0834172144180776,0.08906703479394225,0.04090116936364566,0.02375483333759974,0.09412394137497553,0.47686185009367527,0.03504264656003218,0.08233290977242842
0.1959592731002003,0.06834389629394262,0.135123245319158,0.06496571414580589,0.188877386362949,0.04095145547873104,0.15091055006434753,0.023468382944049588,0.13140009629081598
0.10649389783072322,0.05878595015595659,0.11658058488715466,0.07971194391874177,0.3386018439295942,0.038242932716011195,0.14753332675557665,0.039173625997385726,0.07487589380885605
0.05495161445651998,0.08211178147385338,0.11177152722559114,0.061332708433673944,0.062273385520204914,0.06942776750426902,0.4008615357300072,0.07468959100248511,0.08258008865339535
0.10303004569489142,0.05469375215236406,0.17998315090203368,0.08224122485821977,0.05561631848968287,0.03952730539225959,0.24321187452540105,0.05262626863076577,0.1890700593543817
0.06477223204673999,0.07697749995830623,0.11235102011297503,0.059696786554194754,0.16754189498653613,0.037286808249803675,0.3238142524711504,0.0487048138062968,0.10885469181399694
0.08155298129623403,0.39407968852003167,0.1287448206725353,0.06620466408070613,0.04502659503462225,0.09216259792818564,0.051481164914734784,0.05190782053385182,0.0888396670190984
0.06587920224914186,0.12615403712705472,0.08836293766109671,0.3414784820308907,0.025822704401688528,0.13031705913336286,0.0716013369470424,0.0701481730620387,0.08023606738768353
0.05509249630654541,0.12432400378993863,0.07895144987547746,0.30412833389857447,0.014142010762747126,0.1731845556937228,0.04299941318394032,0.14704956426881777,0.06012817222023598
0.06397732848792272,0.4340415445519162,0.06380886409185482,0.10911664253492386,0.02781311300315122,0.0700592747592544,0.044075244948936464,0.09123939359435079,0.09586859402768945
0.07060021647139018,0.05543604892620913,0.1596735041803924,0.07596790806248373,0.2167445503075267,0.04567550276289559,0.08820781711225051,0.03104758033768115,0.25664687183917073
0.19311636360637816,0.10921482603408665,0.13830576589538432,0.07177116935730994,0.05390758081783259,0.03704467100576567,0.14925171878128665,0.06423594888854728,0.18315195561340872
0.09597654395215323,0.10675569497797455,0.14922495590649262,0.15192674159342934,0.0642788456737589,0.05531875849258026,0.10295070796025985,0.19299384049662952,0.08057391094672166
0.05045638618543641,0.44239227018837907,0.07160108960732427,0.15048659821246638,0.032022899997007144,0.03129231919985423,0.06028422861141892,0.02658958985895452,0.1348746181391591
0.07956288455572359,0.12470097811131124,0.20264714168860717,0.12548040009470174,0.13434720270503953,0.04189804615663175,0.05156538170374652,0.06317147697886548,0.17662648800537295
0.08018281576994014,0.10974319247651465,0.12934317561686015,0.19149843397338814,0.012216052625120995,0.18675776543590192,0.08720997167807108,0.10542593043206971,0.09762266199213321
0.1096759676239533,0.07919923745309591,0.10843544846360202,0.0966077448971643,0.027682935174533227,0.049092288727686874,0.3111889943568899,0.07452846991467028,0.14358891338840418
0.043136084159507836,0.23790055992401246,0.17211559730123097,0.24072079649747777,0.0339772020361195,0.06449149512375552,0.09421027108936865,0.020769066161348052,0.09267892770717927
0.166246891994154,0.031046361789582658,0.16027048433169636,0.07190130059565868,0.3422888434103653,0.018703984818640985,0.06530656978715912,0.044011639776850735,0.10022392349589211
0.2919947432347007,0.055956180226333085,0.16298978657982346,0.04090487026554033,0.06345793432726539,0.02567266568322669,0.29310416852171944,0.017735175811617595,0.048184475349773305
0.046715236317845465,0.047564660941366764,0.27524545267187445,0.167203799049794,0.12193559517022341,0.023860725738286015,0.16722951667199484,0.04094877130355693,0.10929624213505822
0.05377748315815164,0.04009782146468182,0.06609334881186198,0.043591672672837645,0.14982364400652465,0.0898020016200745,0.44958685528178427,0.03393025492074341,0.07329691806334006
0.14689740748753496,0.08603965042387669,0.22930233381261114,0.054173151785190415,0.08658047597723158,0.0595975730624047,0.20392238723341802,0.04781531050844948,0.08567170970928295
0.12204077811683268,0.18097382735217538,0.13177686708364672,0.12784533660399014,0.0728173049816581,0.04740888960388154,0.09361971879125659,0.1253266514762092,0.09819062599034954
0.09827728671957729,0.08245405810827533,0.13504287208915752,0.1159127744411569,0.23641753566325904,0.04360966376837361,0.15154045431395366,0.03850481833340059,0.09824053656284608
0.2973913279105029,0.07652303298442563,0.19753889942248218,0.06029208980535153,0.08362573051261275,0.06596642201812201,0.03976924152154987,0.04129693821709543,0.13759631760785765
0.09214531895776806,0.12924966512949007,0.11448504136578236,0.12399547409460665,0.038696136554958745,0.06192581267231823,0.22289007515656545,0.10304055490347186,0.11357192116503852
0.38156075200294937,0.21123555869188534,0.11527480387577486,0.052557822509829745,0.01353621557074945,0.03843361052827588,0.046900842188647984,0.07032608482374451,0.07017430980814292
0.08242209003624563,0.09366893397297692,0.06872121601231919,0.19948574165920965,0.11270761757352943,0.08730144778388142,0.010764181759874569,0.050038050803740096,0.2948907203982231
0.0742528679236338,0.0867084257899023,0.1947425661661816,0.21780853314501117,0.04154258946366641,0.1436900002010445,0.06558744216336294,0.07939442446066851,0.09627315068652875
0.05310694171558239,0.10704036427554194,0.14268023656538156,0.30815919523266694,0.035345856134998625,0.11976057784335703,0.05595079278022769,0.09802947219704633,0.07992656325519748
0.0747895711510038,0.1707425779554743,0.10490160033481251,0.055773506735037,0.04978154536946505,0.03894052266369146,0.09197683957449813,0.04120425901358102,0.3718895772024368
0.037712744819439356,0.041817799951281216,0.07384416926628445,0.027636662623836888,0.20688222500381714,0.11173287962183463,0.3750434377385295,0.05816103535433766,0.06716904562063912
0.4009443380872932,0.07658532776706073,0.11082452578343334,0.06083339976224236,0.05862607883831855,0.03704125659431166,0.13384986412831248,0.05346905303404823,0.06782615600497949
0.04343850697668333,0.05643997676392517,0.05276789205218713,0.12060507287617654,0.05230571286422276,0.483166425943738,0.046783719123922575,0.09142763370922298,0.053065059689921375
0.23710262175123212,0.03630053323527845,0.06396378591388209,0.03761652871122278,0.008635587380793371,0.029349572095213983,0.47897219651424755,0.021958647402496523,0.08610052699563304
0.10914344320501958,0.06422798627233901,0.19573239095811093,0.07784459360593217,0.09414062083862003,0.04529070836420148,0.19364655861402355,0.0421778466818569,0.17779585145989638
0.04900702016053999,0.15464208056366174,0.11488278677393828,0.25383327293568964,0.01861856646643921,0.12470318727268699,0.05956208632362125,0.1129134120670394,0.11183758743638343
0.27274017442118303,0.13945294901202976,0.1096086868871174,0.05049058314237274,0.04882559698020008,0.030617437924572343,0.20986439717059727,0.021489765040164043,0.11691040942176334
0.0424772187996742,0.04610026515425439,0.16167012192157149,0.1099470619774186,0.11244515695595718,0.19514871088045935,0.13540240858811967,0.11971344090738201,0.07709561481516304
0.030855147669247924,0.035962228401431116,0.09546850786959689,0.038083807106328534,0.290841252858038,0.039306398477501385,0.39014874643644887,0.034370362083180894,0.04496354909822644
0.05599337426439941,0.07279347815522046,0.09933402965016565,0.19604814010962288,0.11559249548267225,0.22856324415055393,0.05748034910494177,0.09883908966981247,0.07535579941261118
0.05743861595726632,0.14629602819392787,0.09572312429888484,0.18520473411854813,0.025870550337572986,0.2310431027488016,0.04718757971409282,0.046532962523469446,0.16470330210743597
0.03329227896888106,0.03518269374726393,0.05515026918264008,0.047576423086303755,0.15014823358206164,0.4917914973345839,0.0357392428332013,0.09718223637321556,0.05393712489184865
0.026477200050362037,0.02689711072406764,0.04863790858078704,0.01808757745082701,0.11777698300290158,0.20349227942150971,0.3528826198102852,0.14773313595960882,0.05801518499965102
0.038699423144441185,0.03585598847267268,0.06620520083380994,0.185736349994872,0.03555963549811092,0.04382594142253885,0.03792674842046901,0.5009971692512464,0.05519354296183901
0.16272369861157138,0.08429299238158593,0.18036260401290058,0.1424010442340455,0.11775896906044973,0.041079685602977194,0.06305040234897573,0.0548170690715219,0.15351353467597206
0.031673183147430964,0.1941785029610341,0.1574377332166957,0.09876055724231247,0.053182442387092015,0.02846523103977709,0.03219090218383277,0.03409146647624845,0.37001998134557645
0.05596540904884668,0.13960137919886922,0.09321453006262964,0.3768949930479834,0.06342328561165639,0.036497642789802394,0.04453922623998708,0.08662477463413472,0.10323875936609046
0.10761328972633845,0.09020712376692547,0.08570800024403276,0.1444146220063637,0.17677242878423138,0.061301531419174306,0.020402181203654935,0.05009336732895949,0.2634874555203195
0.0649788953571472,0.11683897751202028,0.11601526487454454,0.0902708931667434,0.07737697826909565,0.043835774886102706,0.093924585661072,0.05513310491202931,0.34162552536124496
0.045990252594144194,0.04949970516218919,0.06683786035012884,0.030988833137454482,0.09008591177146998,0.16129348060170398,0.450440687605834,0.045309313225778525,0.05955395555129675
0.33801927567233125,0.06307362182872213,0.11390802466177859,0.08657893050614444,0.10864406623622476,0.05193916948158211,0.06690566850973743,0.05295607573891085,0.11797516736456842
0.04865582780182628,0.07849385028786397,0.060709125930190296,0.2729336519765435,0.058986082780371735,0.32419499778407007,0.04486010701244383,0.051148823791555366,0.06001753263513485
0.052597042323901,0.08935947368080971,0.11901395672018357,0.29022186898789926,0.038855860308853914,0.16791855881177897,0.037217106235089246,0.1047780949543712,0.10003803797711319
0.07838057189920493,0.14959378225452336,0.13881296354771536,0.10332882539821846,0.024543177066341643,0.09696211290896965,0.07156930997689337,0.20232116115975626,0.134488095788377
0.17248233240415342,0.052710859784229826,0.18513005426406762,0.09474168518296529,0.1054425871462147,0.04085920451797859,0.08156843902310189,0.03312430498302927,0.2339405326942593
0.3453701905557555,0.055708109167972274,0.14434346675658327,0.1346908861105942,0.0362238189430632,0.0577753066481704,0.05810779634784984,0.07421480727803995,0.09356561819197139
0.10192916532634544,0.17208138703972353,0.0901584535947411,0.20745754352930182,0.0352771991727352,0.05810325664700836,0.10950864323469757,0.07510495580373333,0.15037939565171374
0.06640555897086747,0.23752751227945038,0.11859616512885707,0.13333630841906305,0.05922493937457235,0.04602510587096925,0.07685207944046847,0.07264233760932516,0.18938999290642675
0.054764227422657734,0.07468967984439705,0.05965742462666037,0.17547960259394366,0.030668953562984994,0.1491785335049323,0.16525626573257032,0.22911518539200562,0.061190127319847916
0.039770142032691636,0.03331013444210496,0.08954112657399849,0.044518831786176334,0.15608232858785145,0.05449422034444773,0.41701199292187185,0.040007534822277126,0.12526368848858038
0.046567748297829066,0.05365200579946385,0.10463256960147971,0.03818443122362103,0.03660075257604432,0.1444528050642326,0.37494834807500155,0.08478177144129702,0.11617956792103083
0.20873755975850905,0.025669605331083093,0.14675190666426097,0.04704394277792915,0.27072419848492574,0.02231730879484754,0.00901140735884245,0.02412840382014525,0.24561566700945678
0.04824315566527793,0.06040365322589227,0.08145641636079719,0.13893505659420508,0.16560374803955497,0.06969136622053845,0.05424646442086633,0.320152089016786,0.0612680504560818
0.12675836163632218,0.052491717477332646,0.1631479245899031,0.07562754524266878,0.2941620153469721,0.030910839003430043,0.03572901784825268,0.0345157709223127,0.18665680793280573
0.07007768089287209,0.1531392938599239,0.11186113338208092,0.21734674919373442,0.027831278599089664,0.10597291238805995,0.0694490111242949,0.08634709665863353,0.15797484390131059
0.1059338723137813,0.05036159861867149,0.21784714158450166,0.12843223787275201,0.2718319805819719,0.02999043233514997,0.016688747226460524,0.020340828584578804,0.15857316088213239
0.13803686425995162,0.03941635574243583,0.06381700380787876,0.05474519368808597,0.09895098023678016,0.04636442762235008,0.43938256282175275,0.03744336145011238,0.08184325037065236
0.06846493235741835,0.10987135350430725,0.16876291636668497,0.18652113665042078,0.0594718513632869,0.25817806717081154,0.038978262532622925,0.024658884751437404,0.08509259530300987
0.045963949321078,0.04902421276976013,0.209331152390954,0.32623167883587506,0.022324969931897906,0.2256092557244053,0.03586627324061294,0.03002148547863293,0.055627022306783735
0.3310641746401055,0.04961366107441784,0.15561762436404086,0.08690661587846997,0.03639444975950594,0.056900201205020075,0.11965283787395055,0.03974803836961233,0.12410239683487682
0.05334365323754023,0.2531282196288965,0.07100521263577662,0.2768149673703721,0.03244785530830601,0.06296196491186311,0.03395564184383774,0.023425438003940455,0.1929170470594673
0.08235739741966007,0.10651475537217968,0.12348031619075994,0.3537481514309355,0.08200433154796329,0.12037110711108227,0.03076171906996474,0.04734637266186584,0.05341584919558873
0.054903554898289214,0.1307737586769164,0.1028189131576754,0.2937092078099218,0.015028398534877372,0.2566073756627972,0.040894769879901795,0.024220796167585656,0.08104322521203512
0.4361904483693486,0.060464947915784995,0.11720453058014978,0.09388149412595594,0.10082633369173534,0.05165014289649772,0.014140497854372769,0.03530742322793642,0.0903341813382184
0.050990535951939676,0.07353182155310178,0.11080544132875876,0.2166209914563139,0.18498576755643228,0.12641034956939204,0.047952271312384366,0.12645739681278947,0.06224542445888769
0.044955371715528124,0.06569761699344835,0.06372537580101625,0.39943341161695445,0.022589945014440616,0.3198681057886961,0.01774301695765935,0.02014802775389868,0.04583912835835804
0.36839119227898204,0.0642247789156829,0.10631571506681074,0.06449816296136442,0.04920279063915237,0.04182218096310301,0.10051641558242037,0.0583112304403978,0.14671753315208627
0.061872444997044355,0.055834579090799995,0.09187033949004257,0.03838184530275512,0.04870923448657046,0.14640205151461275,0.3900834038769849,0.07129756677247263,0.0955485344687173
0.07885010992495145,0.02844695037327315,0.14177272596347854,0.057197965808830104,0.39831506281465084,0.022321013657308656,0.17569742219768472,0.023803516506482266,0.07359523275334029
0.13374063456301058,0.037109711535069013,0.18043113582196735,0.07138969906419723,0.40436477009275107,0.030661875312207904,0.02891600224907083,0.01580004885977328,0.09758612250195252
0.17923226069338796,0.07133641463575909,0.2266618049970415,0.06525795285220588,0.059747141941072564,0.056326557078744184,0.12619831840244994,0.05560731662163625,0.15963223277770255
0.07124031506618467,0.13749048139906137,0.10680135911074118,0.11444785922484785,0.17680026659585066,0.05848812970571307,0.1922667787409885,0.03858464627612074,0.10388016388049205
0.2666826620946925,0.06850977933369685,0.17174120651399086,0.06676763156058034,0.13206324716079051,0.04746080060931607,0.1131087976998958,0.03019800524657688,0.10346786978046014
0.026211858659293805,0.024901729953831598,0.06589200872007565,0.03679242629660587,0.5103549735249214,0.012537632860752037,0.19091851647839966,0.059329758170306696,0.0730610953358133
0.10573021079091342,0.22808074754049001,0.10744455564404491,0.09895533705893322,0.05779318889513424,0.14298829632943685,0.08526125763260417,0.07095642860732639,0.10278997750111675
0.0499579987446948,0.02462697633687407,0.07213363832087256,0.05249619787488883,0.2569353961618182,0.07646503390506247,0.34087921612515143,0.04230807655694097,0.08419746597369666
0.10924123390087141,0.07284772967344057,0.1232331447911208,0.06722882577110871,0.044718225835524435,0.03671569658839465,0.42756078852190066,0.04449055625063315,0.07396379866700559
0.07137004912251398,0.02742486524920219,0.07564662010372947,0.0294918994640096,0.3221800882460735,0.04034489354564091,0.15323923679958704,0.04111997859800374,0.23918236887123964
0.055359790206937466,0.06435455011602859,0.07654211735984928,0.15584013082391004,0.01556294699341597,0.38728464303756244,0.0325321770134687,0.15219486480404673,0.06032877964478082
0.0592787117099261,0.10348914136894981,0.14914198450049926,0.3753794343046913,0.0468639651430648,0.07345693312006987,0.0562726955589622,0.048810644802991986,0.08730648949084469
0.07806122579945372,0.16585456405475893,0.09769096148230882,0.26904090481351833,0.021808054250228276,0.16375734693885283,0.03320415634077952,0.06166783432135134,0.10891495199874823
0.08539110094678916,0.03668544213324575,0.20258102049785828,0.11356462644500315,0.03387834743535144,0.03763933199858119,0.03335486766673102,0.09221503004890175,0.36469023282753826
0.03485632825833097,0.04508246893302235,0.0800290793691301,0.031122140732548497,0.1595272582064389,0.044613286566886706,0.4401387993595409,0.08739997339461102,0.07723066517949052
