0.14935008776641098,0.08803062780448186,0.05942537821747631,0.07217597509311842,0.061927583503622936,0.1549193596961105,0.07205234017904923,0.10639942172832599,0.23571922601140374
0.05702301095249868,0.05426806842066679,0.03980492285962518,0.29222228790648436,0.08822771890825858,0.047269914426700234,0.2307771337680833,0.10223983566687407,0.08816710709080883
0.2025911260642086,0.0640119735253664,0.05016491911536871,0.05586533866179389,0.2171019877184225,0.23248083929651286,0.06664597778331303,0.051365115460839994,0.059772722374174074
0.037953295480496786,0.05766210698949494,0.035085962124157356,0.05059446766021949,0.060753364285808485,0.26826153111415635,0.14176575067840222,0.09924947665210664,0.24867404501515777
0.02329734736419399,0.43426031397782117,0.03178696812002897,0.035632497014980086,0.3219011861257968,0.03675171695649167,0.0382550857746703,0.03149647684595624,0.04661840782006076
0.11754875388970343,0.05953815744333683,0.04238377537879696,0.04118973857911018,0.05217238915728445,0.2829577242446594,0.3083688750675617,0.030770855544871894,0.0650697306946751
0.05816912601508334,0.05357704178508655,0.04472828501628984,0.10878422697343891,0.04373287685972765,0.05018833289222008,0.0708398465240892,0.5042381006339755,0.06574216330008897
0.3278776134690695,0.07627633722092785,0.02864117399837977,0.06827294127798307,0.07489255937663163,0.17905758303901598,0.08006697642403499,0.06901501586351803,0.0958997993304392
0.10362712194333429,0.22408594723427974,0.28040902711609783,0.0609988883937082,0.09205074432582804,0.07341981865068542,0.05718988597089406,0.03288365118080452,0.07533491518436793
0.13528853943716154,0.042112516029102855,0.04303077580737583,0.06169814699773011,0.04688906931805881,0.11632638098263674,0.1325741057957505,0.32499200181594906,0.0970884638162346
0.29389641536855104,0.05289701977062263,0.09896881561858949,0.08190067849077787,0.08710017335607441,0.08545573493510834,0.07705612320439525,0.1475001940715895,0.07522484518429148
0.016986940828565795,0.05109123532712483,0.015119905790524598,0.08287145927547714,0.0676467341133971,0.25856146197364493,0.08829887116091883,0.25940481016607875,0.16001858136426805
0.17889142101718844,0.3704324408599284,0.1372421384293954,0.04195063720230446,0.047150126558816056,0.05631741306300798,0.08440194936098283,0.0257441389733349,0.057869734535041566
0.1590816169218585,0.050686686487795056,0.05555892577162275,0.05767353353336996,0.05283687499005352,0.0493275277305241,0.14923016389766924,0.2345241562371327,0.19108051442997412
0.1739793665336478,0.07942168267945866,0.027275058784476187,0.15447928713828044,0.06456981666018359,0.16148623828805966,0.19384392810154308,0.06988798786122812,0.07505663395312255
0.03962946454344726,0.0731930177979456,0.02861180890928057,0.12379074907967431,0.08434400726942148,0.21443678944356068,0.09973857043320344,0.17523542627378894,0.16102016624967772
0.08516431130528838,0.25079615804714345,0.029147329273172633,0.03902034759872798,0.3863726463128905,0.05490473614634489,0.05037305916405082,0.046822362955114105,0.05739904919726719
0.049030056254203036,0.07755766768554882,0.04726803708189959,0.10048125270178154,0.045434754200916784,0.05385992378530011,0.12802385904826288,0.2614429776657214,0.2369014715763659
0.12028928201814766,0.4766158300067911,0.014151692427098078,0.037849226155391644,0.19581573140969535,0.038282093202768035,0.03364904708763458,0.030704068745325785,0.05264302894714779
0.1521512890023666,0.06920094844784938,0.036968208797110595,0.111411045960078,0.06150367224270741,0.1192672274772285,0.0972432626205546,0.19493260770687748,0.1573217377452274
0.1614504940423416,0.21512134501040134,0.17818137791998,0.0702512942155399,0.07856455742813286,0.08365047325819258,0.07357889644552267,0.046876576309143554,0.09232498537074545
0.12741901683139525,0.3689428837408626,0.013062307555845106,0.049845941858399384,0.19809040717275114,0.06768334932024954,0.06613679263330856,0.035503656293827145,0.07331564459336122
0.08688779472457187,0.06231709709890479,0.5695435995044833,0.045308734413725314,0.04331980626736967,0.0522540870017441,0.047239917862408685,0.02969996879553892,0.06342899433125339
0.04267010085788723,0.03528620845636962,0.20518166976349916,0.24099761066736067,0.042099012294318734,0.05156718274768951,0.10953605559944435,0.0623651326976831,0.21029702691574767
0.056265678134463946,0.06043959517026957,0.035816974737565066,0.09427545315048959,0.08427151141903681,0.0539216115146481,0.13291399194215633,0.3810469059760742,0.10104827795529643
0.3128501876069317,0.0675894476065636,0.07475796934934809,0.0770832702625926,0.058959101566347726,0.11952571354832542,0.12230723097534561,0.04141060606511699,0.1255164730194283
0.4042303770206456,0.06390312158931712,0.032795957055595897,0.07312758905927062,0.055762122025821946,0.10323389947926216,0.08972990930241616,0.04358075345239535,0.13363627101527506
0.027130290005649736,0.025852098337417206,0.12091549793871426,0.4169254794755393,0.031466294810685046,0.050796329538191354,0.09303699989082663,0.13066758141558013,0.10320942858739635
0.0446919065138618,0.06918112127465953,0.03297973970702981,0.04952507695295442,0.06816786415308747,0.09383598715272101,0.070891538801629,0.31617403922322557,0.2545527262208313
0.18165952426287094,0.10030171288172436,0.33445169191790686,0.05881562862938022,0.033674294129325495,0.03721538002698984,0.1699751082844795,0.030019797401021384,0.053886862466301276
0.05965456165143329,0.036752355726482194,0.044673979699800644,0.4176848852013218,0.043380512715123005,0.03963350143145999,0.07547325772590886,0.19550866238328793,0.08723828346518225
0.06927679822347912,0.040059064469102686,0.4879688114414947,0.056471618744638574,0.03749270082553907,0.050638348953202315,0.13424570606321587,0.07532249268578343,0.04852445859354428
0.22800207337058476,0.06294329398162976,0.14257020042163845,0.06893566012452261,0.09054705595837158,0.10689670061234813,0.10928987855661747,0.09035871374692395,0.10045642322736331
0.05954609312249661,0.05099019606595437,0.06645811233281075,0.07522873655101471,0.05782844164384741,0.24722316981254133,0.19861693146076484,0.1397244287872447,0.10438389022332527
0.3151339570551476,0.14249291235667869,0.1948164461470658,0.06825456206473074,0.04290732975675985,0.06660868058189791,0.0659177056166474,0.040327037419574864,0.06354136900149711
0.08429280604839466,0.05061782286758939,0.03630999568495906,0.27151500355829433,0.05550734436937133,0.141093457383666,0.07768473056630087,0.14588694920041312,0.1370918903210112
0.09038107946825685,0.20486694417805418,0.228069059977095,0.05534023212318354,0.19082861445277866,0.062321452210523605,0.046203098168575533,0.04489682286883745,0.07709269655269518
0.10974800497190902,0.4485561677393237,0.025272694724223794,0.038710239229571265,0.17226314609595042,0.05740452908239759,0.053679265635905214,0.03646271392652839,0.05790323859419061
0.04848155859554032,0.04171069654387726,0.07125804013955077,0.1623699484027891,0.057686434530750175,0.026349501956747304,0.27796510445374517,0.20631999397787595,0.1078587213991239
0.04752179383463992,0.02982863169927626,0.06966377724836377,0.34323798700013136,0.04499886575088183,0.0229975214549543,0.07628193988984146,0.25155266810374943,0.11391681501816169
0.151558857215817,0.061581711429899266,0.03649533590062743,0.08508503020048742,0.06904752039712368,0.16094332789818014,0.09242709338225404,0.26316537057037853,0.07969575300523259
0.06868443631649294,0.12214449697425621,0.04765241378889983,0.19455090745344428,0.0376942366026416,0.0647981755413568,0.17479377276881428,0.1348405890865263,0.1548409714675678
0.13337155083738544,0.046251265063446366,0.03132968688020665,0.14071123687213896,0.052603960510667826,0.3071737524365478,0.1602686910511255,0.07450243076044012,0.05378742558804132
0.053840943032757355,0.04779918075134602,0.022011596813285367,0.059561626420327314,0.047188781180846816,0.23915566548107017,0.41341895789558375,0.058369863900873654,0.05865338452390955
0.31385276964001957,0.08651762247209621,0.0343503788932022,0.07757047432669324,0.06508107962413665,0.22124842534098313,0.05224936374127807,0.07687813385227184,0.07225175210931921
0.17883105175058286,0.09299052471723203,0.027085001112615126,0.03349260094156435,0.5060737028349068,0.03556092946770193,0.04332942277571294,0.0324956883716133,0.05014107802807053
0.2482533244947164,0.0653123603640799,0.031340971469963626,0.1174832299707717,0.07189415380973063,0.15213551562601577,0.0736553072454078,0.13155883463478976,0.10836630238452442
0.15445538375148024,0.08117354727583406,0.02816929254830608,0.10772984716697072,0.05989928262315638,0.09464706878727198,0.2528483376813831,0.09897357828065441,0.12210366188494304
0.06483832517959214,0.05890862961501652,0.5725251511768908,0.03807474432700386,0.054159195090573514,0.05096075699323155,0.07792413395881227,0.03069213301654661,0.05191693064233263
0.1175071180474795,0.1798501696100535,0.042078703553999,0.031644361865107794,0.4344071810475163,0.04725473847301865,0.05318077702612451,0.03815284849969964,0.05592410187700105
0.08685742574926753,0.07945082037972175,0.025792971227052017,0.15298810202733767,0.06655872697067367,0.11325991294436855,0.07351938292466094,0.22970604545496842,0.17186661232194955
0.4785319301506111,0.059634407635629764,0.030794977665820924,0.06658509349129568,0.057531588797699484,0.1080793439457587,0.06381162507970561,0.03806916943326102,0.09696186380021767
0.17107783563706533,0.09615430786795591,0.22956348780917626,0.06851848331505343,0.16291902826091245,0.08164039687300632,0.07315622873856593,0.04316038939214018,0.07380984210612408
0.031539088453329096,0.11324335139740609,0.5768264632173705,0.045147847798124446,0.022826798341142426,0.03921255193024923,0.07607672776693487,0.03888365977548457,0.05624351131995874
0.025752405491009687,0.09155297996307932,0.035642976609886114,0.10328832179136645,0.04981499843170967,0.08901463562246259,0.13918233442372907,0.2956594641745071,0.17009188349224993
0.10044276137711776,0.126020682944125,0.33446184933787376,0.046361537804166165,0.16532510359595332,0.07142208892411801,0.05918946839621351,0.03466782507527284,0.06210868254515972
0.1505568444308903,0.054695889337388476,0.03550014899428341,0.07563863794079034,0.05047775529527459,0.12159206913863485,0.36213300047670494,0.02986349114169329,0.11954216324433985
0.12815255619004692,0.10873256578446862,0.0277558362497984,0.037839093101370624,0.5218259721198598,0.029856864472493444,0.04904627557293844,0.04932763552585926,0.04746320098316451
0.19512806231171184,0.17000891098917884,0.37651482499718364,0.04172703789058208,0.0308815463768298,0.040668087550842065,0.0744893745668715,0.025184006721749804,0.04539814859505048
0.05036482432105075,0.02938784550609989,0.021439374065547828,0.04878734829775488,0.07688404650138216,0.2892513641450107,0.18593721609502034,0.24591345637889683,0.05203452468923658
0.10902004434709572,0.05831106223703502,0.29229903111082417,0.09339050014121571,0.05088690609806321,0.054928915599456,0.1643494401916405,0.08765938902067417,0.08915471125399549
0.18165952426287094,0.10030171288172436,0.33445169191790686,0.05881562862938022,0.033674294129325495,0.03721538002698984,0.1699751082844795,0.030019797401021384,0.053886862466301276
0.08223609580532895,0.33679918917242374,0.09267606689030812,0.03107154980695989,0.2976508515548793,0.04036792730213614,0.03766626683162309,0.031882061166297805,0.049649991470042974
0.08531030275612324,0.22320738754529024,0.04962131896140698,0.03906853038671056,0.4105488011249194,0.035364931199006265,0.0733270614678394,0.03413080712352189,0.049420859435182006
0.1432286198060959,0.04971818124248395,0.020182446314572302,0.23953784196541292,0.07035850126772251,0.146752270555451,0.08459581311515212,0.15003135215672156,0.09559497357638778
0.015485419937741723,0.03520571021109439,0.029230074744347006,0.3833407683859495,0.016459631355738517,0.009097747205298072,0.12455188734941074,0.2141592711696941,0.1724694896407261
0.07115947127196469,0.05705149624996195,0.024231008106384903,0.08953198789160677,0.05510051930713922,0.1537008284725956,0.35601269168269023,0.03386272803959114,0.15934926897806553
0.10427987264213438,0.051278715167948304,0.45132261393976286,0.05169189531424128,0.05332234269732442,0.05057322232126968,0.14360509210015365,0.03986352322711859,0.05406272259004676
0.032260921565792404,0.03203995563995469,0.020199753803786025,0.16644827651454855,0.050402106986028324,0.027524601978773867,0.06925509347715149,0.3216161694623068,0.28025312057165785
0.029122447300953546,0.0654032222729926,0.013859785023843876,0.05030284234210041,0.04030948813719956,0.3534906076308337,0.17199765123926147,0.04445547406837367,0.23105848198444134
0.16680424879936587,0.19436155596088286,0.0364813164978924,0.03821807823179461,0.2678306242448486,0.04100879921190816,0.13060043360733734,0.06696346378036942,0.057731479665600716
0.10625705186291272,0.06872552277951352,0.5425737751378321,0.037591505758901717,0.052664562660786805,0.06364712739297819,0.041545490568772936,0.03297798365563856,0.054016980182663564
0.08713482908703514,0.03655385210139394,0.16602917697776765,0.11033198477332605,0.041268217221811454,0.034102195865303275,0.16899967261963914,0.28526252701374905,0.0703175443399743
0.013034377636040213,0.024133253241357566,0.17815116056622238,0.20966831936919628,0.02740882618024619,0.027048138303414876,0.31148802869690034,0.16043374738446084,0.04863414862216122
0.09451560422367596,0.09083114689526021,0.07449329901350299,0.10737910840667488,0.052893979401539,0.1465019391842798,0.0789337629422311,0.10555245600272732,0.2488987039301087
0.04993065966809001,0.05566131539839172,0.02067602508799235,0.036256757429451926,0.044522917720031946,0.317733030427106,0.31225261017271005,0.050945914879800214,0.11202076921642586
0.09819554568604177,0.02279273217059867,0.045657016554657044,0.06888886181242353,0.0834209608472347,0.040324285388198065,0.13482735343281665,0.424721706544721,0.08117153756330857
0.1896865989808227,0.2665031921632156,0.04451609571384279,0.04537658130513888,0.23463508611381403,0.04898814095156053,0.06815159099869146,0.04189499293613542,0.0602477208367786
0.2273346690196574,0.08951858962276303,0.056458586093175035,0.14799773029987287,0.07898614376614597,0.12525587332092813,0.10674054154686874,0.058733774486935446,0.10897409184365336
0.31849284108062875,0.06295337550435104,0.03646964990889514,0.10194178335022618,0.07624853784289815,0.11075741981013217,0.1309289441798738,0.05703878144951887,0.10516866687347594
0.25158845319373146,0.10053483856085631,0.06293182435119661,0.12614867533909804,0.11937700351990148,0.09965538490020283,0.07348149069679806,0.05254569957183664,0.1137366298663786
0.09891620478004715,0.07385032211824809,0.05183252813679936,0.09697523051428102,0.07158779758052942,0.10615510990679133,0.18326929351244994,0.23225419436420505,0.08515931908664859
0.030813587200213127,0.05281294762706772,0.02386318998195525,0.07213190011303137,0.053226813575660746,0.19577136955058017,0.14098969034033856,0.2917939231194719,0.13859657849168117
0.08688203424470466,0.07587537188094409,0.02258811248023133,0.08879635586564853,0.08195341356984594,0.29763606892325073,0.15786074044175694,0.11131346918126629,0.07709443341235149
0.03596608430032577,0.04761191873910517,0.4264901008241571,0.06701465976029296,0.13738585610911028,0.1339698440706506,0.05906922855521355,0.03409005249633204,0.058402255144812454
0.1550126275742462,0.03288748200519162,0.184587979031244,0.07340306199370579,0.0739304672913821,0.0751093352527405,0.11375728242329765,0.23359417868509078,0.05771758574310134
0.0738730259327522,0.24138193764819596,0.02969559134464757,0.035387759985156524,0.4578037764226573,0.026303658802154583,0.06444161011494189,0.030792689152528793,0.04031995059696515
0.08840875486583373,0.06278084108099559,0.03799141053275438,0.1468925712866728,0.05611805453365071,0.06221722244544553,0.16080264174570547,0.22665959233374744,0.15812891117519431
0.2965888011599391,0.06550500051412385,0.04584082990938145,0.08185013301020284,0.05695706406735888,0.1442244142622765,0.10587318057872079,0.07479102375180975,0.1283695527461869
0.16888475137875944,0.07350141595689615,0.03506901823659029,0.09623910978386119,0.07370988622105841,0.08926953690784634,0.22434512791853023,0.115467068321835,0.12351408527462297
0.32079784890352886,0.07300327182038097,0.02646261581490368,0.057238890234295514,0.0679082973465492,0.17900163844802552,0.06039036943579409,0.06914422884857499,0.14605283914794717
0.10794281176198095,0.07379195005712999,0.466190793107766,0.09900239321570421,0.05155790364364262,0.04613436238514409,0.08155469102932249,0.024414474476587244,0.049410620322722344
0.05817386509572592,0.04697122623476041,0.41174383615537097,0.05247969309221371,0.11305963674953627,0.0419330874032063,0.13314450463359542,0.06552225658733303,0.076971894048258
0.1183911820270608,0.2338298938091812,0.01267502412528565,0.04207227272244176,0.4034475613452868,0.051532656143678045,0.04692971757293376,0.03997237606791356,0.05114931618621835
0.13690912326597773,0.28768435890880834,0.04916785541432501,0.05995677717939079,0.22105855398225205,0.0586470502868085,0.09049519058679341,0.03186871145106295,0.06421237892458123
0.06300299201506859,0.04191141362276072,0.09814797733645646,0.16676401540818406,0.08452124393407845,0.09178252806581683,0.13465245182851118,0.20119786380861826,0.11801951398050547
0.012014455887419796,0.03895891380331065,0.05331396620072169,0.49538066386058904,0.03772352165288051,0.022858720965376816,0.07478747227372635,0.1173964719277542,0.14756581342822095
0.20053006195530612,0.33856197316781933,0.019522518072972436,0.04655311936175611,0.16474358466016545,0.0563296665904116,0.07553660705392941,0.034733838877085976,0.06348863026055356
0.23537623786404757,0.05631117499998411,0.03100742109938474,0.06455452514862378,0.08168882222645753,0.32074903622682627,0.0865813489122708,0.04194176111046231,0.081789672411943
0.11440142298419205,0.055005918713740075,0.058116665859233224,0.08473483343744814,0.055177663803338696,0.39842029289188313,0.10832894847244053,0.05113212820947499,0.07468212562824918
0.11295226637709643,0.07254435782783338,0.03187996757911082,0.032882063332379446,0.06804803414465072,0.37982940453961994,0.15749637260886792,0.05035133822718376,0.09401619536325763
0.061811881816841,0.03193526914928876,0.23156957624082256,0.07776533821063773,0.030278825360908142,0.02824488880675471,0.10437353303622637,0.1652233321527231,0.2687973552257976
0.026328886663492243,0.04540976258493773,0.025088002955742063,0.1379440401799695,0.05979334157953634,0.1525068084897125,0.12635440107479745,0.27445358717785323,0.1521211692939589
0.26526715527461514,0.05939036699421819,0.03257410104553977,0.15276365248026255,0.05585361270338107,0.06965284555151241,0.184388560657894,0.056153250932379606,0.12395645436019724
0.014219800835171796,0.04452485399595454,0.015911554976479912,0.06988693001328017,0.04952825499127745,0.09759727618111164,0.13767581007170696,0.3824376709212974,0.1882178480137202
0.053583826526496764,0.06797530751873261,0.01984217421377608,0.10354958535914467,0.07523198932577844,0.09835934629972731,0.07905133781900668,0.3911589593650729,0.11124747357226449
0.10793439544720944,0.11067816917315587,0.47292729414415186,0.043943034505337125,0.03598433090807432,0.047376078234412526,0.09452372979533574,0.02891473491239233,0.05771823287993086
0.04468160027732931,0.20635837104688115,0.02945321340671532,0.04239168888944426,0.5050171802300536,0.03545995373747886,0.044894250452916805,0.04454466058936079,0.04719908136981984
0.07126104637210075,0.05723966215041815,0.02443903211965143,0.07637420758828656,0.05455320197811656,0.21812134257531693,0.12336942591322077,0.14760878142397058,0.22703329987891838
0.06575624777194866,0.043324543369718325,0.4948761683211654,0.057506994924317135,0.07735908281534366,0.03373264119203796,0.07385016210162275,0.09294119848604088,0.06065296101780512
0.04134335124261861,0.05291688233893759,0.02142982448762631,0.21101081342999609,0.04980399358420101,0.060142700373161995,0.15541801867988758,0.27227725876218645,0.13565715710138437
0.15363569775610816,0.12069284520501916,0.029702184039781847,0.21188016592219502,0.08857141530204166,0.10928942335780902,0.1229389329277734,0.06721446830657661,0.09607486718269505
0.015586821569837801,0.02708466903953576,0.08599708767687737,0.03216423065240685,0.07435416897021088,0.1255976362287555,0.06839266884243923,0.4038376480672095,0.1669850689527271
0.23651348367711847,0.06481410299452638,0.03345295338872696,0.10243035371120067,0.07750896774196118,0.13590247704927808,0.08136532693625075,0.11057962544292421,0.15743270905801326
0.08712024449800104,0.1362447029763706,0.0712489182661275,0.14797955443884805,0.05711158908589669,0.05481035911998058,0.25797854392401487,0.08246409665870702,0.10504199103205371
0.04916696102479643,0.026844799083551474,0.42117978400789585,0.06177072561006957,0.11829518410506233,0.032635727230200015,0.11784502670340531,0.11261158842070662,0.05965020381431254
0.10793439544720944,0.11067816917315587,0.47292729414415186,0.043943034505337125,0.03598433090807432,0.047376078234412526,0.09452372979533574,0.02891473491239233,0.05771823287993086
0.15184290067695944,0.06445030755144941,0.06442820547921002,0.13349637647123783,0.12149061245120801,0.18746623463264955,0.11397912811110798,0.06040736044409262,0.10243887418208518
0.024010607745449667,0.04835905711485341,0.10454554824456734,0.12294246203819574,0.058783942541264046,0.04931742329741987,0.21268500069383592,0.13277386923290296,0.24658208909151105
0.18578171959198686,0.0576570797531075,0.06883652666405278,0.10607847917658275,0.07600761171661975,0.10436260640406658,0.1117166235840157,0.18984743334926427,0.09971191976030387
0.20702310051222886,0.0666234783887877,0.087842174314328,0.12327651517274701,0.2161447521749774,0.11727479363336624,0.048379062683055245,0.053445952446638086,0.07999017067387147
0.07954179932370925,0.34098802312902793,0.04541494670787821,0.04415664237239129,0.29284052422007606,0.04296408120028113,0.05673816087158249,0.034628125218774126,0.06272769695627944
0.028113116344967753,0.41349173212720497,0.013763448248618436,0.04957421324497372,0.3353741827867592,0.038039067882607865,0.04628766444083945,0.02923033851893858,0.04612623640509008
0.23519286227609373,0.21291085224644768,0.11981665857193473,0.08128376869722316,0.0787504275427132,0.055072336514826764,0.12909871910656165,0.026730704561857027,0.06114367048234199
0.22769733757774327,0.05843195823809192,0.045932259988308514,0.10216111314321559,0.09173212895761944,0.13143189178357584,0.10113398250662442,0.08821862563981853,0.1532607021650025
0.09925942894385548,0.06647583390206445,0.03100879730106629,0.10485882466920095,0.06258640931877413,0.3899142811844027,0.06176772483881011,0.04855739598345271,0.1355713038583732
0.06633130637523083,0.04078584645278014,0.06264844287634856,0.141900410907719,0.0591415486359555,0.10220522825465485,0.11303953862647996,0.2755108896417829,0.13843678822904826
0.08158883823595814,0.0738059585575772,0.09233642723126971,0.20069198957654688,0.10934734921225904,0.08626276459073312,0.07603554868835491,0.08411763586053993,0.1958134880467611
0.0346727317348848,0.05768688545452282,0.46777614666286205,0.07400839702529212,0.023080687931480968,0.043403345153604445,0.20305139261753305,0.045031297309019364,0.05128911611080036
0.20805664406785815,0.11031641903510513,0.04869165062070329,0.06638891096048759,0.24988697444558206,0.13247700103114654,0.055990107418749546,0.053248603379974786,0.074943689040393
0.1254530297339354,0.2544649302217887,0.0748106490003323,0.046771316446169185,0.27314143962941345,0.05040441835525369,0.05379975538971313,0.05542490528546867,0.06572955593792558
0.03801184117963747,0.04011756685175664,0.6299335477617675,0.02860716529589395,0.05591863546832737,0.04055376589914175,0.057555113211167935,0.06209553632188286,0.04720682801042451
0.042321863663702414,0.0714257868711432,0.018627231695802837,0.0549976123790332,0.05220637656022022,0.20744146896632235,0.06516738742548948,0.42283615538040814,0.064976117057878
0.1366784731062516,0.07170155385297848,0.03645646595124061,0.13101046341768724,0.06770350875993934,0.11733268719844879,0.1710765251452077,0.14959307475212077,0.11844724781612552
0.17248517932268034,0.06631845431072171,0.04692858886437834,0.09644686727664693,0.06039365999499818,0.2494800584301892,0.08206430580440004,0.04474925240170483,0.18113363359428034
0.08169580327829205,0.03616881863854683,0.061632805283352715,0.4538415706958414,0.0645970799622477,0.032433811882672955,0.07142463262770665,0.07797107266471395,0.12023440496662574
0.08285288464094187,0.07456305346933399,0.016043105326282142,0.13948905946977322,0.05366238233734224,0.24735726742097688,0.14391288220979612,0.1550154089226349,0.08710395620291866
