0.11418387444146094,0.10945736140791336,0.09535372213057493,0.11199930548909454,0.09765805807308899,0.16697242358878575,0.09940829254076215,0.07884487518791097,0.12612208714040846
0.11203636887035658,0.029367787352888294,0.12777448382643977,0.12267365834822253,0.0958744762468539,0.2523396404150751,0.09502566422516569,0.10501803703962038,0.05988988367537764
0.09969091794586159,0.2853907952465354,0.07667648412629834,0.09382151057740828,0.07501066343439652,0.0643636228402195,0.0928981290142145,0.11587053812151982,0.09627733869354609
0.11337994352951124,0.035806730724429976,0.13304253888563689,0.1339311535721555,0.11867821233227256,0.10186009657209122,0.11000265037214359,0.10860489181792475,0.1446937821938343
0.13787234468862516,0.039098249353291085,0.09751221618625998,0.11562010806916921,0.11872955890305859,0.08110263793270045,0.1317890870132523,0.10773670966602718,0.17053908818761612
0.09248853851044236,0.12322229818774068,0.051185897375129664,0.08443261616864678,0.20046873222874276,0.27577462287203064,0.06887029068458171,0.04936594146690121,0.054191062505784225
0.12467351957556867,0.04079749081166136,0.08688076083634005,0.11274158407365757,0.15811797320150148,0.18255614664632,0.11401836790682673,0.09260372228536522,0.08761043466275886
0.1020840161659734,0.14757941206686231,0.05354902308222448,0.08443480576190789,0.2249283249668034,0.16219592330917093,0.09301857714736537,0.056869413023165505,0.07534050447652678
0.1071105172208396,0.08891747245413961,0.08132446231504922,0.11908133928288443,0.08813252209823785,0.11489131089443876,0.11764256850880687,0.11761915220428472,0.16528065502131892
0.09972248554664677,0.03422107301592788,0.09896404673620092,0.128124625548545,0.11496196424503163,0.15126246222500514,0.11253009701881722,0.1278734235617696,0.1323398221020559
0.11053960885747671,0.0735500739510721,0.07493257753113301,0.11591321157451313,0.20488979920767073,0.12664878319575268,0.08958790740852192,0.09232584095836655,0.11161219731549325
0.11468978870023121,0.05984488454782092,0.09358932670550076,0.10465275516544999,0.20552045003856598,0.12383307750248222,0.11093867132280977,0.08280980623139782,0.10412123978574143
0.10767426724688922,0.10394027503326005,0.06745735008736964,0.09469498555039392,0.20163951283058623,0.11616046496441902,0.09775238874103061,0.06582577801817703,0.1448549775278742
0.14423533449160178,0.030927954123911475,0.16443245188194086,0.1353851782060084,0.09499268019579514,0.14485509959664836,0.12487892248825833,0.0942446720363775,0.0660477069794582
0.10970294061015984,0.049262038328957806,0.14069209930490825,0.11584655332986392,0.058885918766791466,0.039529690426715565,0.10513117354893638,0.19552011430813243,0.18542947137553437
0.11773497797266107,0.04309789890756227,0.12042426623281795,0.10104152927343035,0.1683068599147137,0.19862624235291929,0.08136560340823226,0.07628592445669312,0.09311669748097
0.11350369323453097,0.06169993991162212,0.12654254129173614,0.10093809580081474,0.07773990078475708,0.06632876467648692,0.11858461331430363,0.12734344702340333,0.20731900396234496
0.10487049190981586,0.0812211085136233,0.0642696913163837,0.07995506937766561,0.18516334477759697,0.2732522823672123,0.09763733865270408,0.055777825982189076,0.05785284710280919
0.11112383510421431,0.11157878426722774,0.05949562762060428,0.131029014533972,0.151787994097508,0.0854578568096556,0.0984487204619886,0.16352150687657488,0.08755666022825453
0.09986996375363855,0.1175796480237427,0.07976179517972772,0.11321895387371428,0.1603080347404446,0.10982540870953555,0.11304175462671874,0.07970999868704937,0.1266844424054285
0.09213728828880585,0.15567783017274076,0.09599386233831203,0.09365119145030919,0.08618498275960089,0.22415701171940638,0.105439925851945,0.069526039638297,0.07723186778058291
0.11733358457079879,0.02472836163255006,0.09603072176080361,0.13225406081009938,0.15954282745589393,0.15379366790405993,0.10005727712809119,0.103590045475017,0.11266945326268607
0.1130064856707032,0.0695855500791494,0.10791152387221463,0.1353520670754168,0.09680279989457306,0.05130307489375973,0.11176675359254201,0.20307210497587672,0.11119963994576447
0.11887610031839213,0.06771191592962515,0.11960336190943734,0.11485217749046729,0.08730842656447796,0.09748440313363016,0.10807919912171753,0.1414891693991494,0.14459524613310304
0.12473913451861947,0.02350300976297078,0.22521036435100453,0.12385146584988771,0.07205799878307213,0.09406258973669797,0.11140743128662002,0.14817079961035926,0.07699720610076807
0.11743154474339991,0.04568152910973262,0.12876379573742683,0.1312534805433568,0.10388074479151677,0.13208636505516244,0.11148366898760564,0.11594507473207272,0.11347379629972627
0.1014327757480226,0.05123344990542402,0.08161309606617721,0.1334296422519441,0.09154392375571148,0.20981651517128408,0.10766601275515157,0.13184439674020157,0.09142018760608338
0.10787554629349644,0.050534441540200675,0.05355290572505617,0.14460712158784003,0.06979787336242568,0.036797323060844045,0.13246263714476475,0.15919702094212831,0.24517513034324398
0.1227479190931023,0.11850176111477777,0.14450375446835748,0.11197596920437165,0.06284100494412846,0.09318092418253517,0.10991369712879089,0.10025294701296322,0.13608202285097318
0.14000446094602637,0.020774897228561028,0.12429481133129973,0.1540412824776509,0.11367040220654279,0.17732148449341892,0.11247236546199525,0.09033719745575418,0.06708309839875078
0.11661666530272448,0.06528009562692516,0.07186606126804894,0.11533600943884999,0.21431853606284057,0.09441307815272011,0.09146913673493769,0.11778346644488619,0.1129169509680668
0.09248367498463146,0.21752977355103278,0.056282583929819635,0.10747752926446912,0.07136564872913055,0.04569957400457653,0.10608687543952378,0.1594913980316429,0.14358294206517322
0.11343541673273579,0.04550491539689957,0.15133690351130843,0.11884036115052483,0.053684887095751706,0.1474345819975036,0.09895775916857162,0.19788567388263079,0.07291950106407365
0.12455351402794235,0.05319520351340646,0.15444366931270942,0.14234772718087754,0.0797126817173326,0.07232831098320557,0.11784633609475421,0.13325912217396416,0.12231343499580764
0.13078064967050507,0.043444294288942455,0.168918723846306,0.1244852632767649,0.06917162637988734,0.15040488264580842,0.09167294027675262,0.13895389233055291,0.08216772728448034
0.10003902275598842,0.05838148563621589,0.14113027867974337,0.09365607250529841,0.17252550839451705,0.24557541910178468,0.07175178223020323,0.05914775363065424,0.05779267706559473
0.1051486461079036,0.07495994525980328,0.08981758448762084,0.10459483184384355,0.13753032874716867,0.23478388910035627,0.09419883512722571,0.07667487758842044,0.08229106173765763
0.09281090962587472,0.10516995166231145,0.08383079705195856,0.11750739569328043,0.09131461966585215,0.19545647249518106,0.08890873876540088,0.17309057361318617,0.051910541426954594
0.11175590135399872,0.03679256304278256,0.12553412252297733,0.12697869990129937,0.1249071084336157,0.06407883671832587,0.1349603837194794,0.06883057008692912,0.20616181422059202
0.11062792773897613,0.08531101451406327,0.05054927018875192,0.10068145706370389,0.2678505493465055,0.12286016092323282,0.08588548744260362,0.07337634455696047,0.10285778822520247
0.12748521601492302,0.042759855298652456,0.1334300146093933,0.12365547013057232,0.1675989208994484,0.11822733884768517,0.10269287943737276,0.07955924387023279,0.10459106089171977
0.10998479244036535,0.10417406062986558,0.11765119564526666,0.10426425033276931,0.15119233370122118,0.17465969937624717,0.09724571736011646,0.07341367542200056,0.06741427509214769
0.11639251392029737,0.09939318737430547,0.07755304494649531,0.1096887380462495,0.15337435470436145,0.11846756438403848,0.10361443929205143,0.09314871009210461,0.1283674472400964
0.12594717904560826,0.038259721223897404,0.12612492534546219,0.15288083130438132,0.09690274574056018,0.12919366706291582,0.11900619177165384,0.11557729360937304,0.09610744489614793
0.13656564992727901,0.028879336222837254,0.14348546239843518,0.14945941625912343,0.16096621494405963,0.11773789799407647,0.10707078912844693,0.0767704568615473,0.07906477626419488
0.11728635112873485,0.04909153420150073,0.10960784820353024,0.13728032141396213,0.117533153973165,0.08269617628731125,0.10765027918480474,0.1521746420701516,0.12667969353683947
0.11716137784153109,0.0788752134648434,0.0686344858321669,0.09121896782425594,0.23091865296012068,0.1863089820746114,0.07274927827886235,0.08941745816634351,0.06471558355726473
0.10639255269120744,0.036375462068872745,0.10088299363613244,0.148883216122901,0.10121360460294161,0.18577458854921688,0.11255810203740495,0.13448191478567006,0.07343756550565288
0.12280928352003395,0.0480540451088525,0.09726396975032943,0.1261304857560167,0.17410887453634302,0.13982138558860202,0.10216555040489594,0.07557980567386409,0.1140665996610623
0.10205562378216719,0.040743970087630615,0.08894667637545207,0.1175087686585445,0.11910072581737725,0.31431069466907485,0.09893162330534915,0.06676705152927208,0.051634865775132245
0.10988921807438201,0.04449087440131986,0.09017819988815345,0.149908156127303,0.11487506337279951,0.11659340499457825,0.11166936860073874,0.10845216773804339,0.15394354680268182
0.1021275420301734,0.029445518414781807,0.16319062033385426,0.10192514324303385,0.10167867467674596,0.08161592134667729,0.11539532460485653,0.13918711071814024,0.1654341446317367
0.10495436046165459,0.038216451196745105,0.08253680336617511,0.11153654063900705,0.17864774555385363,0.18626736215917025,0.09806540590652253,0.12410696175934009,0.0756683689575315
0.13276303382905622,0.06264782101423433,0.06606533410585523,0.1271100469363791,0.11545982258718192,0.04184478238953359,0.12333165671435066,0.13146723758202972,0.19931026484137915
0.10295661627616182,0.10241722718093194,0.12049703679537149,0.10868059829765053,0.05331098424080535,0.04400390008193084,0.10652753804235766,0.15338186545294738,0.20822423363184292
0.1036236245080212,0.195021713842897,0.10468819518609995,0.08931535431931613,0.09210445872924568,0.08850595057428627,0.09679010694078434,0.08711446276373057,0.14283613313561885
0.10385073999057505,0.13013539697216372,0.05252135211345657,0.0929517262860029,0.1433147286844202,0.03357568507729183,0.0981163274486077,0.13828111230550136,0.2072529311219807
0.1277908146073069,0.06390871603170022,0.09256049776164064,0.11393708939721325,0.09697690916615027,0.09448358660166982,0.11455811775004132,0.11421022759138592,0.18157404109289174
0.1084803316158414,0.190426831212725,0.1071186420265684,0.10600417208470829,0.08957464104287338,0.048400947237316715,0.09926058642015778,0.08336774571497908,0.16736610264482996
0.15090118126296911,0.03179481624017809,0.14457632344710367,0.1492722822440299,0.08752171147789027,0.11322073471923721,0.12934625388583182,0.09080998056110194,0.10255671616165807
0.12260867268742111,0.04786308317570503,0.08600200328807672,0.13558872330753471,0.14366602872398765,0.07414858779278681,0.10906061828466419,0.1500274818489066,0.1310348008909172
0.09966393606666997,0.10051683807294738,0.06770114557657804,0.09590691760169782,0.2201502766359188,0.16443072544445733,0.09748972646829351,0.07894922159927607,0.07519121253416113
0.12596455877474122,0.048725134055317594,0.15116663144346973,0.10189437454714921,0.08650520225806951,0.13439744915444451,0.10476559478687371,0.08385708460466003,0.16272397037527442
0.11085712688013787,0.08395628347268043,0.129016375571982,0.1308657738069576,0.07543442486564915,0.14032947016488304,0.11574246239242007,0.10782036748245218,0.10597771536283773
0.1169366471744246,0.12229872233320714,0.11091918418200138,0.11551624342517619,0.055935337452520946,0.14793591180172175,0.10057158772564319,0.12542900492537723,0.10445736097992764
0.12535698387030111,0.05001112390008842,0.13631892661265244,0.10533928246551345,0.07478053910745301,0.11517787331081407,0.11609421073973798,0.10142089501466149,0.17550016497877807
0.09845089817326617,0.23419430451579856,0.0729167268113927,0.09121553534146033,0.12665962110282827,0.1181880961759098,0.08938710700797586,0.07691836452491828,0.09206934634645014
0.09950203394965722,0.034821400565762606,0.10549615253635526,0.11161695386680211,0.14686796985074668,0.24091045484527626,0.07811475480794079,0.13499514170333862,0.04767513787412048
0.09961047551305564,0.05642711221766663,0.08808302779176637,0.09051751835832555,0.2125025178625517,0.18218415468696061,0.09748359048821513,0.09739891806622701,0.07579268501523136
0.12412499250002379,0.04375076532755496,0.06251626288672718,0.08879143081049166,0.25047191211462616,0.15887554751494137,0.10222164995316606,0.06915938375597154,0.10008805513649734
0.12831465831064562,0.04005220382207025,0.16576979125116828,0.12859829369694373,0.06563411224417752,0.14020062016119736,0.1090598730153919,0.1461435643235691,0.07622688317483635
0.11788551780833245,0.05497424870597917,0.11575851126618826,0.10856849145499625,0.14103568982650636,0.066448168985421,0.1108878936582784,0.12266576820207971,0.1617757100922184
0.1160458620942935,0.12216643802875364,0.10977121954690772,0.10755015786525447,0.07121944502714839,0.10525327943593325,0.11999506077513271,0.0789803839395193,0.16901815328705694
0.09804191567764776,0.10741333051284864,0.08366151453419284,0.08477785380537001,0.14896235064492114,0.07136753756924392,0.09112933014533102,0.13626954248530687,0.1783766246251378
0.12024686037233401,0.059809555230968675,0.1062869491306826,0.1246765235321197,0.11198375095890402,0.09991911391494923,0.10896670630669499,0.16112931250033377,0.10698122805301295
0.08817671083896682,0.036362680867172904,0.10199345720318558,0.106321049523684,0.14438284644417063,0.3290897346220161,0.09280878377857625,0.058511896487594174,0.0423528402346335
0.10595254876706255,0.05485671691150137,0.08407793378364943,0.12741768165116266,0.07681912280927415,0.06706018464669718,0.14043748685534543,0.15908722694966698,0.18429109762564036
0.10707449577542281,0.024772144186863077,0.10812538099322984,0.15415060727093985,0.12026434025099653,0.20149231430531309,0.09992665278742036,0.11764088055724042,0.06655318387257415
0.13604407803341045,0.05029044531279194,0.1269768211066086,0.12308710745571971,0.08224040879567758,0.13248861520506414,0.10139237918701023,0.11057183219479903,0.13690831270891834
0.14040005444071693,0.031096654116858958,0.15156214801434476,0.14511937083649354,0.14000641321286666,0.154471738478117,0.09613683302921378,0.06824016747736301,0.07296662039402531
0.12180640931749426,0.035879075628852265,0.13169874638071577,0.12547489644577867,0.10227688035611608,0.15032485292352424,0.10089715474133826,0.1364909407762853,0.09515104342989522
0.12953817013067012,0.02276996193749968,0.11840872762445805,0.2010508382170455,0.10827987865076527,0.10757760145701402,0.13857441109087767,0.08698293345235962,0.0868174774393101
0.1338967554762246,0.04306285002828156,0.09517110876243802,0.11552922802073666,0.13214364194294362,0.14747968239087017,0.14504991215098043,0.075400468008763,0.11226635321876194
0.10134556637734969,0.041047775444296664,0.09256783438612676,0.11491606257313274,0.14701118801682667,0.2863177970724139,0.08484323680532936,0.07796198684685864,0.05398855247766562
0.11521311450117767,0.10834296390687648,0.11118163624059596,0.11010810893235079,0.12165597023142838,0.12077449021568192,0.10840432780864502,0.10397940503158926,0.10033998313165449
0.10824747093731442,0.07145632197974422,0.10314218839980233,0.11359395287311913,0.1557703201746468,0.07365563115402296,0.1197183895234006,0.16380244876263858,0.090613276195311
0.10683915580062969,0.0657922833727665,0.10940482025780118,0.11332941740476614,0.08539980098847222,0.22398090147749397,0.09851057949573759,0.12715936229072147,0.06958367891161127
0.11746823454494666,0.11449367051143501,0.05951166643845768,0.13338583625663988,0.08358797296998129,0.05956435794624532,0.1317682601003366,0.12267501478403503,0.17754498644792252
0.10564471330921539,0.05847255941425438,0.11322142491108574,0.11108731745919515,0.19067637120111414,0.16817834793026717,0.10785936256984281,0.06855097182356239,0.07630893138146283
0.1105088479818322,0.03961659627322327,0.10730232172107589,0.1086546111197576,0.10746154119278643,0.09139585125715989,0.09614045510849911,0.17358561545982773,0.16533415988583788
0.11603577330502073,0.14330794653099524,0.1169636862073186,0.1181423797945808,0.0948057772781127,0.09551695788284864,0.10722439369963022,0.0791797993137746,0.12882328598771856
0.12293003258317074,0.05347270401988669,0.13678830598298666,0.10541014965961774,0.07833389086917515,0.24001721508743923,0.09188791545833479,0.09090421143294891,0.08025557490643996
0.10879471134273849,0.08213061505136714,0.11736939746592791,0.1039430790091529,0.07583737450637366,0.03612556335083275,0.10360561986740514,0.16634843208962244,0.20584520731657954
0.11158747937310635,0.06212282810972528,0.07067940300216709,0.12076194973531988,0.1727216024732935,0.11965524090227303,0.10360036163031505,0.12397751710525479,0.11489361766854517
0.1135898250033391,0.051342668695626426,0.08993131749453416,0.12530483498451467,0.12906811638097676,0.16363508018025452,0.1162137357842037,0.08378946225003887,0.12712495922651182
0.12033697225553476,0.034836874626302146,0.20232693205972216,0.11127711524524575,0.08616614114047595,0.12347791901927026,0.10782548686722716,0.1350051033952316,0.07874745539099011
0.11506217277433121,0.07470847482921716,0.09989171552271747,0.13121012379305874,0.08856014430710595,0.11664925226676476,0.09746927325325805,0.08700173999925782,0.1894471032542889
0.11104846017080956,0.032435675286355735,0.10777854362491705,0.11437908134906932,0.1655183323167178,0.1811283603268153,0.09184788063538123,0.09446842832853074,0.10139523796140326
0.09185261530465867,0.028904962034741345,0.10125856255066197,0.11834544117964774,0.1228358347994174,0.0721764021943546,0.1004001939834585,0.23506666197777673,0.12915932597528296
0.1062761861398474,0.07273582126077345,0.05903187227146576,0.09168458294657367,0.24349124246435458,0.161550737266115,0.09076598017573484,0.07259827873974846,0.1018652987353869
0.13667782744357193,0.04192991651880678,0.09478639159605723,0.14237641956565453,0.09283326956963663,0.11474006474294796,0.11200132515715551,0.14386547076533104,0.12078931464083835
0.11630016840692248,0.044650652303907294,0.11548564625313705,0.12975568075196012,0.06595290075138503,0.17753595395230168,0.10059434727454426,0.16604345143620883,0.08368119886963325
0.11265704148377054,0.04178244247370485,0.1077247098036338,0.12899590748464093,0.16247211471437004,0.12701579452375528,0.10021344114212828,0.11347380537974046,0.10566474299425581
0.12035322058477614,0.05431588954601237,0.0667590987783686,0.13448804685067772,0.07293480104129019,0.05501494059788936,0.11555573214937738,0.22653556529133692,0.1540427051602713
0.1129068111670068,0.032768133926727595,0.07048214887841393,0.14753973611172747,0.1013220531542371,0.050236265006553406,0.13504451291123834,0.14573250098369164,0.20396783786040365
0.11871474628877648,0.04571247802266843,0.14832826620278927,0.1277529154161686,0.132971709726664,0.1725125282107416,0.08825817213868846,0.08223251491905854,0.08351666907444467
0.11813568560925396,0.16550638054008282,0.10720679112308211,0.10540612426665052,0.06993877482569098,0.06357939122072287,0.0994787341314292,0.09594946325595209,0.1747986550271355
0.1021653384877852,0.04260738783914849,0.0931868531438465,0.12937764873083277,0.10628598660130062,0.22942208846930998,0.11706763483699213,0.08964057959926619,0.09024648229151815
0.10364126133842194,0.03829884856420484,0.07608334810708765,0.12001802448179417,0.19686543264755474,0.19318219907910064,0.09062330848561861,0.11957396804044955,0.06171360925576782
0.10914488680452394,0.035896375380063454,0.06997986379771494,0.11499278336489016,0.20825863705959088,0.19065544502782425,0.10922292143691537,0.07834863581022976,0.08350045131824733
0.12467351957556867,0.04079749081166136,0.08688076083634005,0.11274158407365757,0.15811797320150148,0.18255614664632,0.11401836790682673,0.09260372228536522,0.08761043466275886
0.12872446744029903,0.07204618151197698,0.13755339777659503,0.1232205428266171,0.10660327068551885,0.11028274858818747,0.09603180064127108,0.10796282468663987,0.11757476584289454
0.09744738789561436,0.07386485099044758,0.10052380077333455,0.09798311227733648,0.13118315460184074,0.10263619822899205,0.1022406576481935,0.20969929746619356,0.08442154011804719
0.11118345364498448,0.09187336077208252,0.11847040923305135,0.11071064447987956,0.11055223693749265,0.18399529892229075,0.10272351052597056,0.0905966863991242,0.07989439908512393
0.10139354599481439,0.07228831447133525,0.07548610039263216,0.09754307109134526,0.1920872088244258,0.2575249642492092,0.07013808905930878,0.06584921174723561,0.06768949416969362
0.1035149285749808,0.06824117601471512,0.07618272915114048,0.12781816947596678,0.1253456354535912,0.12369824783391002,0.13002876450068,0.08100310669325979,0.1641672423017558
0.10237003625831188,0.05233746613999779,0.05785634926396612,0.11669909201952446,0.13752940383703874,0.05903246540205867,0.12017862855557092,0.18397449138953678,0.1700220671339946
0.10400438086890791,0.08134894665295317,0.10537534963667333,0.11349557413554677,0.08576742386836944,0.1506789646133952,0.11753490158831192,0.11655144579874332,0.12524301283709893
0.11965005762976193,0.12773928103654777,0.13890423305478788,0.09817836752584615,0.06692187496349654,0.09368039015601559,0.11838312251910817,0.08124821423943888,0.15529445887499702
0.10461538648976937,0.02298257740270244,0.10898629192816274,0.1402505170018267,0.12777388078709337,0.23298409511742468,0.09172005261062745,0.09155593283705588,0.07913126582533736
0.1008617450346797,0.04432181315881311,0.08766961353769358,0.1142130252964031,0.0591584987885439,0.05569357200381716,0.11492740324734894,0.18932666738985218,0.23382766154284831
0.10936126081654839,0.06573753296430444,0.08835139804041041,0.08520510856610769,0.16008051605319748,0.21617411031430012,0.10833845188676056,0.07660955049944568,0.09014207085892523
0.11063121390634399,0.1030848613229356,0.10790836160504369,0.10845003102707713,0.1155770783287939,0.114578938973374,0.10717111273213453,0.12074848094167456,0.11184992116262256
0.12034857714097918,0.05991793612480453,0.08190015412208644,0.12756523433488923,0.15851038401341197,0.17714527670067573,0.10145625521667857,0.06885793644996226,0.1042982458965121
0.12531196391886082,0.04670868328181022,0.13521346796311004,0.10888746764861586,0.13632487844683563,0.15807862556545674,0.09530008530018248,0.0979523683368102,0.096222459538318
0.11487301363330606,0.05171072101423533,0.08566998532819119,0.14773687897431811,0.08542941467612081,0.1532943597413392,0.12395891093103824,0.1478470590145743,0.08947965668687675
0.10244618246882503,0.04664586507889099,0.07581426974368548,0.12082574745673279,0.13337280606577803,0.22603016606257112,0.08977352413349253,0.12165750878646697,0.08343393020355701
0.1142112195515403,0.07046995758679178,0.043472939411964916,0.11351820992949398,0.22757742225011915,0.10152471306741499,0.08483763123791932,0.12108978601690784,0.12329812094784766
0.10074645661664532,0.09774177358322263,0.07920320378172654,0.10351219037297303,0.17229107187329926,0.11509518466003717,0.1213884698891119,0.13058756291043408,0.07943408631255008
0.113858544117449,0.06510128057092014,0.12736608841985653,0.1215841684506983,0.0910257130542436,0.10209102801615348,0.1057140372006213,0.16757842064887077,0.10568071952118685
0.10025290198913368,0.0379665971823368,0.108545354549563,0.11039351898842198,0.12195640787348272,0.0879080717182884,0.09400779373376085,0.2128020448953247,0.12616730906968784
0.10258496560926533,0.1346784574098329,0.08103830199322105,0.11930634543304587,0.09000163537381446,0.03502293468645328,0.12912319975389433,0.0939257914607866,0.21431836827968617
0.12488326758250157,0.07725075935405548,0.05482505689453778,0.10624524300445733,0.16365717743037694,0.056061545925350474,0.12946471683571292,0.08588263892974439,0.20172959404326307
0.11458950199569429,0.07516819689990127,0.12142878045861888,0.1331529637132882,0.08238940911212954,0.06870567032042384,0.12129503366262236,0.18605755598271714,0.09721288785460445
0.10615565348683013,0.1700426907198236,0.09711106116710849,0.08508862389829867,0.10379602920470182,0.19005413152278636,0.08429466616554411,0.05117396518019046,0.11228317865471633
0.15322519759613407,0.03754949862940154,0.11231506489405273,0.1297101838274937,0.08403808963597974,0.11232459696527868,0.16008760174465306,0.1084210151863401,0.10232875152066645
0.10705061345307386,0.05734225021659104,0.09566720010012987,0.10498915794540342,0.1729233177518954,0.09127405449340988,0.09968899480817428,0.13946292733339993,0.1316014838979224
0.10826069572497683,0.15820083812077557,0.09791068769407314,0.11424581521130706,0.08497321829933265,0.06732250406670524,0.10899163503521932,0.14553664093949906,0.11455796490811114
0.11925900746843802,0.08914374895407624,0.13534277594048527,0.10445617816035073,0.14191323042584233,0.12451316985292922,0.09453346310111861,0.09554913493737294,0.09528929115938667
0.11278226253816824,0.03928455626969372,0.1364689883378625,0.11634281893073128,0.1387951231506769,0.14188507974897768,0.09795173132214596,0.13586699360797547,0.08062244609376822
0.11591193904550823,0.03572016462394821,0.07800866920092184,0.145296198636688,0.0931764957513892,0.13197389359071876,0.1129573840009253,0.1107505455961692,0.17620470955373124
0.10677180791094482,0.06688735242780708,0.09187465469272384,0.12880473470426138,0.08442911205815408,0.04302219879686938,0.11827183629821074,0.14772787962286144,0.21221042348816713
0.11773481311871486,0.10391518846280556,0.10655703792037129,0.11464544249440885,0.06816660482435362,0.08093906007353603,0.10459456874913182,0.14015246089845768,0.16329482345822025
0.10754226438481361,0.04710894557259826,0.07677784357834293,0.11218420836954786,0.15964072083786462,0.14096790345458113,0.11568733713566785,0.11785030362853655,0.12224047303804712
0.11610869122723455,0.0509497122368178,0.0743400965954983,0.13112264429944737,0.09138754196013148,0.05402763958214218,0.10504393310691441,0.1852604030604655,0.19175933793134844
0.10746451516290227,0.09063787498573538,0.07848391072305713,0.10416566977080532,0.1178337587847957,0.13809281763673906,0.10434798148309421,0.15053984573112936,0.10843362572174159
0.10527535041928732,0.04717404124343693,0.039276637652887254,0.11630215883166294,0.2783111543202676,0.10248533975719061,0.10674846895160206,0.11064980618548194,0.09377704263818339
0.1352760892445734,0.04657828940195357,0.11200043461236686,0.15308520291302719,0.07223451968108709,0.19019418580106037,0.10598987764789658,0.1042474877647896,0.0803939129332454
0.09999952952295656,0.11959788212020102,0.0464847195353878,0.08790732418857272,0.22981779294819904,0.19406936238346673,0.0802412187725831,0.07071339791803587,0.07116877261059715
0.11746437095312884,0.13273410386988851,0.1153139508955644,0.10485070546884057,0.11317187034538279,0.08423704148899834,0.0862332403075573,0.13439121730281584,0.11160349936782347
0.11703573178752857,0.0408352072982044,0.10599163199697521,0.12036648731294353,0.1344766072313914,0.119087153394418,0.09525325269495172,0.1434370559039471,0.12351687237964008
0.1196546157392217,0.0637062472566549,0.06684810509728374,0.11504409905279783,0.13808896154228475,0.15738072962125407,0.12835615739658793,0.07177065132871148,0.1391504329652036
0.12266834706435215,0.04562196021811008,0.18165238989443167,0.12843936312255433,0.06973096366517595,0.16104064430477996,0.11957905040608029,0.07503280009104091,0.09623448123347471
0.12831465831064562,0.04005220382207025,0.16576979125116828,0.12859829369694373,0.06563411224417752,0.14020062016119736,0.1090598730153919,0.1461435643235691,0.07622688317483635
0.0989482658458064,0.10226395464547282,0.13783899173594444,0.0976225116236894,0.10003553028909147,0.21168145482374323,0.09324020053836635,0.0709628007622136,0.08740628973567231
0.10624598697452207,0.09227902632999897,0.07575292419535494,0.10030117155150849,0.14922613028063947,0.20874340734219446,0.08922093224185312,0.09320747766112324,0.08502294342280531
0.10698164945500331,0.07151139728293827,0.07646094127954246,0.11519311970082863,0.15682155333687597,0.21576614375418868,0.10000775555274555,0.071445409089287,0.08581203054859016
0.12213155982819164,0.0283005182867714,0.22558904911174213,0.10458838722433923,0.06505635800436281,0.12617337805335282,0.15183204427628427,0.07690231838866517,0.09942638682629051
0.11457768340964423,0.13172687132535824,0.07345885127415386,0.10468110149188854,0.16871597197595367,0.11755734743399811,0.10125882238585615,0.07355351208514799,0.1144698386179991
0.11047104158476552,0.08437594576273162,0.11697205262410283,0.10178934587690384,0.10419211517203018,0.16941996532641987,0.0928079439917311,0.15239107973814048,0.06758050992317463
0.10287256942608768,0.05826864542507135,0.05824580323071915,0.12970009397336427,0.16524082684046737,0.16995510073209583,0.10116805610043733,0.1300030853525824,0.08454581891917462
0.15375334253850614,0.04356914977266311,0.08203374240035348,0.11904034936264694,0.0780121455621325,0.06333927183743475,0.11420569231975945,0.1303223065477397,0.21572399965876388
0.11380183406836751,0.044455227887436055,0.1284279972190556,0.1268509906424998,0.09056740719171756,0.14812778742104718,0.10370852100379414,0.17305109342151836,0.07100914114456376
0.10141616472566284,0.07401802387631325,0.12744432664229227,0.10985748693501311,0.06087182408063744,0.13173576412172874,0.10879862144605867,0.21870607091384184,0.06715171725845186
0.09853730394521139,0.027580436351704707,0.11642803321810359,0.12936694897051845,0.1231704869971894,0.1540856183401272,0.1036754807225561,0.17123829432773174,0.07591739712685729
0.11077195577297493,0.05225665437517669,0.05637868878772853,0.1257260190286117,0.24071972144320639,0.10159181283942627,0.1105309922546003,0.09658185701010509,0.10544229848817006
0.10813999561042242,0.12339853191329149,0.05034852114152493,0.10064709174454055,0.21727313198247136,0.11794806147305521,0.09659077263262981,0.0736276781217479,0.11202621538031632
0.11465818684021449,0.035986527602403735,0.0947464450931244,0.12501071610162554,0.14245885701640582,0.1031299348970708,0.10184137833246093,0.16649583322647865,0.11567212089021567
0.12430508748921613,0.09423334290067835,0.1256954839323596,0.12075135736172389,0.07863076054279382,0.072643418037297,0.1126629447415614,0.12043830961322961,0.15063929538114026
0.1185738185582129,0.10677921812227172,0.08559836860945498,0.1478217871132734,0.09922156810782434,0.15926533349142424,0.09239390908660805,0.07922121683755279,0.11112478007337755
0.12137585568405947,0.06661627442961378,0.1152525586513513,0.11792880726605992,0.08034937042450242,0.24012843230235978,0.10125933269904848,0.08974211338866966,0.06734725515433523
0.11405606573607885,0.13816809383127324,0.10495741314629274,0.12046465004682333,0.07521184912371619,0.061885199415763224,0.11713492963415534,0.1278395150144341,0.140282284051463
0.1028371536903079,0.11986481331286247,0.1220941226773627,0.10363944142185515,0.12534141601115475,0.1487234139201662,0.09298983762757183,0.11348106326313771,0.07102873807558131
0.13927115520322955,0.07028442419769575,0.14765892822070034,0.1241746182164708,0.08962175735247631,0.12737133561902322,0.11038010636021532,0.07828234837492849,0.1129553264552602
0.11351463149864145,0.06492830632036654,0.1428712905704416,0.10992905320586292,0.06451482835091789,0.15521025703453342,0.09809353966100608,0.12603761322284346,0.12490048013538664
0.09290801439525692,0.19630847106826796,0.17473670291019064,0.09398353789564008,0.06294667224836832,0.1441313082748825,0.10339011789929671,0.06716767788997591,0.06442749741812097
0.10707398432898414,0.07247737926740168,0.06783034433244273,0.08224512895367696,0.19758349041834586,0.18305826441035786,0.09065497784359,0.07068284444557367,0.1283935859996271
0.09871639577022673,0.025593680546765238,0.10510779768374444,0.10634317059954057,0.21125222199164959,0.23925260150343242,0.08178431656025624,0.05369330826450721,0.07825650707987764
0.11166799372097526,0.05207627896863962,0.0681755212648757,0.11342041009405208,0.18998932694119075,0.1458975546774911,0.09370153956831341,0.13818485307551176,0.08688652168895032
0.10500047300665412,0.0497686678605666,0.11911191504234007,0.1148731599949087,0.06516942325273808,0.07994555611435473,0.1151447533973966,0.14184237321545753,0.20914367811558363
0.10367183276963975,0.04964909720492594,0.07378047065037636,0.14454883836421434,0.06514362867264077,0.037171236958517005,0.11005446773407829,0.22870738118663014,0.18727304645897744
0.12302544737303196,0.03967169165806631,0.10551469355086403,0.11377994158992256,0.12686206675853823,0.16590306403417368,0.0976433134223238,0.13141389229506636,0.09618588931801303
0.13560450420018902,0.05047847698665581,0.11996194716522439,0.11620847108691411,0.122880649645506,0.09118431918307968,0.11421279590387401,0.09348800408631974,0.15598083174223729
0.09987923110989844,0.1083422912733415,0.06351375873969776,0.09877533162654989,0.20079228067146984,0.13227634232111968,0.09716926808538383,0.11023065145029227,0.08902084472224682
0.11462630500387783,0.037784469672741794,0.15322866025492657,0.10758066948611844,0.08057019082180966,0.20620003543470855,0.12009854478713278,0.07557536499969668,0.10433575953898773
0.1116343147858865,0.19483827039659793,0.08079059813925202,0.11308004449101176,0.10660417235595872,0.12575544829731292,0.08531296137568445,0.08156887297305371,0.10041531718524203
0.11792249930344377,0.06656605804500507,0.06950652600967856,0.1100255736446318,0.22399212838552365,0.1035185573492297,0.09668127882751561,0.11180431311248161,0.09998306532249028
0.11839647343647645,0.05620862061292168,0.11694439512189263,0.11369417377046027,0.1135882308351887,0.09593061382278394,0.09924566092553753,0.13683660446179938,0.14915522701293937
0.11196333120776185,0.06111234439121943,0.05356198515783506,0.0956505561516689,0.2705115612724991,0.18085335110261488,0.08203934862833634,0.05582761207001594,0.08847991001804845
0.09876212896218066,0.11671337458810878,0.12582553150673081,0.10340258704853388,0.07827861774534844,0.17958270714921157,0.10021303451543835,0.12910799818354282,0.06811402030090459
0.10786094964491472,0.04252370628578434,0.09265623653488585,0.11843542615891661,0.140635845527903,0.15372570176918754,0.11434314638544767,0.10063693055009593,0.12918205714286432
0.10723850565397641,0.1591782600042613,0.06661694250872459,0.082393915370035,0.1704887992841556,0.12864153404617754,0.09050839663814007,0.0819415573734899,0.11299208912103953
0.10015009223691633,0.031961780580283455,0.10574224789375787,0.1312702292110602,0.06929484770746008,0.1691020886651848,0.12146074397969094,0.15990660083921684,0.11111136888642947
0.10341911981374592,0.09655486033355898,0.09888179538089605,0.15280587713781923,0.05793299639777044,0.06570842469147929,0.10601824070979719,0.2241947549070895,0.09448393062784345
0.10090882327016293,0.03388595492043862,0.0830420167312673,0.12809627959397832,0.1132840387606035,0.21637690392034034,0.10798161225174835,0.1436338037188465,0.07279056683261416
0.09948546406430653,0.026223497608888393,0.10663922678319593,0.09807499711713712,0.23866780449678707,0.19871915635949466,0.09857112937886488,0.06428142188680536,0.06933730230451997
0.1367843885948086,0.049923081205709846,0.09000524200741045,0.1204180552294583,0.1078397574651967,0.17838309995276677,0.10639497627661847,0.10950225768311411,0.10074914158491688
0.14000446094602637,0.020774897228561028,0.12429481133129973,0.1540412824776509,0.11367040220654279,0.17732148449341892,0.11247236546199525,0.09033719745575418,0.06708309839875078
0.11597394149059488,0.05588841269787617,0.08899747415119874,0.11977264986280367,0.14624986562298012,0.11275511285717062,0.11122768281645419,0.13899900863041725,0.11013585187050434
0.12220901312937726,0.07419546546662283,0.1629771625071489,0.12970834090293631,0.0635445932903941,0.09217410495844525,0.10452404986007717,0.15143331655313486,0.09923395333186331
0.10904049392901798,0.04723921421353663,0.06303365534228002,0.11648646215532427,0.20356007773347495,0.10365808882896597,0.11131743416113797,0.06190864718396,0.18375592645230224
0.10840494369419429,0.049106355629180254,0.0830656841240237,0.09955402229190098,0.2115340086653009,0.20902458928291337,0.08015912199711443,0.08423692309162135,0.07491435122375072
0.10643128742664093,0.0776081474529171,0.07627571531686832,0.11260573331860092,0.18388230891075982,0.17166634345559553,0.11058561897852405,0.08538930315618565,0.07555554198390774
0.11789475571013164,0.04627868609773103,0.12169334359752837,0.12027929179452394,0.13704483310253032,0.09602191855391816,0.09317281090571049,0.13535868210938048,0.1322556781285457
0.11970974757138503,0.044496321641673435,0.07306953046993096,0.14639058795468787,0.06632752818790742,0.07740095631484603,0.12283656768225748,0.14092881947103833,0.20883994070627346
0.11188013682276325,0.14165356642244134,0.09949458974203035,0.11209216451975279,0.08951102449121821,0.11102082300792616,0.12163928174716647,0.09066659395696959,0.12204181928973178
0.11660342682750853,0.07906783106330102,0.11953737707473516,0.11188486781901887,0.15298532675828844,0.13684341490684312,0.09484000689797407,0.09208390133182738,0.09615384732050357
0.12660699237305148,0.042565672835860095,0.10196203955382126,0.15510536545281006,0.0785475670675152,0.06006607231166287,0.11672638259817318,0.14979223561726562,0.16862767218984023
0.12702199025146335,0.026343158599067537,0.10626338534359618,0.14358123828972258,0.11197609892939166,0.17247489834527072,0.1110909983314906,0.10525581154063897,0.09599242036935834
0.1152621166705065,0.10825543701580646,0.10166109152862908,0.11618868319297719,0.1112710401802834,0.16704611771258118,0.11283210233697072,0.08199252803271961,0.08549088332952587
0.11637832922412295,0.09233899248189724,0.14601438295677877,0.1165347883354198,0.06644535488393229,0.08092868253438966,0.11748570677362032,0.11861950661741798,0.14525425619242097
0.08878298703635014,0.22618170747269653,0.08649116953091636,0.10526202186389183,0.05711692269720364,0.10031202062417605,0.11086322291617197,0.1205449878224405,0.10444496003615299
0.1104971651013955,0.05514760354652931,0.1311965452194782,0.10609507698569531,0.07656230351931467,0.12215542643752357,0.10517700083279381,0.1725557170551467,0.12061316130212298
0.10137223329883484,0.0342632861978442,0.05904353312102221,0.10035072953985008,0.23461420452903134,0.2317075101242423,0.07731096603382054,0.09079365314725746,0.07054388400809711
0.11494946245657002,0.07550396070455538,0.09193218185962455,0.12705806739385925,0.11262800526974687,0.17582718483940019,0.1035975624344862,0.0826506272655556,0.11585294777620196
0.13885626661037592,0.07752675646292832,0.10759254115928434,0.1378276983078299,0.1035740391244524,0.0770641434560045,0.10358104416259938,0.13189492075360607,0.12208258996291925
0.10310643159657727,0.14764463233256467,0.08680440760239914,0.10589753234392625,0.14220121701979196,0.13618147119656643,0.10206251957373624,0.08433876398938493,0.09176302434505308
0.09812985702915206,0.07139566006860222,0.1254453271418315,0.09636726914782917,0.08094666518374709,0.08334273864762178,0.10546706235780796,0.19239602388023988,0.1465093965431683
0.11363270802311355,0.1109789676643735,0.08227124624229563,0.0986194809387299,0.13376896176690836,0.1213437626506998,0.09797984458680326,0.10064593737038784,0.14075909075668816
0.11520050785844738,0.03294804251212804,0.1955335585794659,0.11877524929791879,0.13349116420871066,0.08968440270593409,0.1012529037701566,0.11179599336964245,0.10131817769759616
0.11534359485613886,0.034634852555162084,0.11982595995541816,0.12147446144292702,0.13042781425924005,0.24388080367340215,0.10452823037023799,0.07686765253344958,0.05301663035402407
0.10341911981374592,0.09655486033355898,0.09888179538089605,0.15280587713781923,0.05793299639777044,0.06570842469147929,0.10601824070979719,0.2241947549070895,0.09448393062784345
