0.11128617151816085,0.11983087431461674,0.10339854107232527,0.08778021134690235,0.12862966858486688,0.09887713120492686,0.11666108082307873,0.13069014109616814,0.10284618003895418
0.0642261687712312,0.15733988298482282,0.04256058436258368,0.10201615943783528,0.15765352936513435,0.06829309202642321,0.10448551385391708,0.17434483370184242,0.12908023549620998
0.04406745037895902,0.12821507347036476,0.08752821516215065,0.08734693136306305,0.13662144046607905,0.07264679649164639,0.1387643829269691,0.14678245638056125,0.1580272533602067
0.07396199824182598,0.12934749437453077,0.07614631427824552,0.12839324989846454,0.13204687507135757,0.09311590143473718,0.1198879080667996,0.16124745173923175,0.08585280689480705
0.16217034459268542,0.11418577395149344,0.049173112683620575,0.09912197842416086,0.08975914376907074,0.11100611638537539,0.11182788558821251,0.0880725815264023,0.1746830630789787
0.18498729602331476,0.10718628896120175,0.03347754874362555,0.07538854693366222,0.1406244406215163,0.10087622551283405,0.10280268358303468,0.08458058918088558,0.1700763804399251
0.09481756032490729,0.1344566735781997,0.027401851612232853,0.10683540257702817,0.10764212390213745,0.12328521674273234,0.12393739703608854,0.08600879419042316,0.19561498003625047
0.02706105336004579,0.07649977305620129,0.34926898886164653,0.08052204275450038,0.08329883608394391,0.09848999597040532,0.11163521371596637,0.0544389310052052,0.11878516519208517
0.0660337136148796,0.13603304272725888,0.07029574639972504,0.13287023230676678,0.10620559772368983,0.10653717550885367,0.12610193396998004,0.14810659096531156,0.10781596678353463
0.10663334693137966,0.1515849094625343,0.017538949404701572,0.12102680963886707,0.16689325773312938,0.07601358297880394,0.0912606014218439,0.2252727914212015,0.043775751007538645
0.08801170554708587,0.13822983954406615,0.07814946356863522,0.12803626585219333,0.11792634851599824,0.08447722426843103,0.11338481117349603,0.13662298404852105,0.11516135748157297
0.04946894148936504,0.14288152007015772,0.07531565586052648,0.09793476701529032,0.1357076277412778,0.07849599015668524,0.11366267872969656,0.1504102750883101,0.15612254384869073
0.08852454647328989,0.13962663209256587,0.060485249372883874,0.13850357646227177,0.10319854154755825,0.11401071029311834,0.12656245635092933,0.10696854834778667,0.12211973905959599
0.09101754236340494,0.12365813065655079,0.048285525974440545,0.11499729462108743,0.12760911033339947,0.09149173906919038,0.11313815642443398,0.16161605021237016,0.1281864503451223
0.13064350408512948,0.1459068884444672,0.012374931044819168,0.11898618976346938,0.13293623934462975,0.1221345368655049,0.10734535755866285,0.11620156318660851,0.11347078970670876
0.1731872010560387,0.12265190357756761,0.02269053194624046,0.13861642931364207,0.11716702734439471,0.10982831378567581,0.12210172189694062,0.09562618207661339,0.09813068900288663
0.08073364249193433,0.15763495911329978,0.01934627925430746,0.13072168557995806,0.11585398503245238,0.10970984043718497,0.13663287868981674,0.11221824688747373,0.13714848251357253
0.06154798657969307,0.14189508648790483,0.04856454637605565,0.12989847984660735,0.1487992890951888,0.08182147026388496,0.12461084055490997,0.19203155949289075,0.07083074130286464
0.17628205132486127,0.14314681259856313,0.015018340839867568,0.09587185396347571,0.11262664693633277,0.08027796327266082,0.09740969889831819,0.18568955157162467,0.0936770805942959
0.07342764027201328,0.12287810357395214,0.07069505943767777,0.08812098888243147,0.10803880414795414,0.10822684869374675,0.12013216058402,0.12861948318392688,0.17986091122427753
0.13923491287582926,0.12557576250861568,0.011026140288666192,0.1322364812697135,0.11257312363556027,0.11091083002735867,0.11106576786487532,0.12463749812393055,0.1327394834054507
0.2672357474493538,0.08947976889146068,0.025556222325431397,0.08061605146633201,0.15609453305078302,0.12088891892648308,0.09036735500497185,0.09847119902451319,0.07129020386067088
0.08428914002694625,0.1282029785579114,0.07589749361164384,0.11312294568744308,0.11151192115031931,0.08598476065507428,0.10248263284857145,0.1850667532433683,0.11344137421872212
0.040335575516145424,0.11149704126474835,0.1795667187275715,0.07279294017314206,0.11184519954308225,0.11755014296924145,0.11178228588120896,0.12651373340157807,0.12811636252328198
0.24353162643406934,0.10012655813176029,0.04704357192642918,0.08978777643905045,0.15315689073427766,0.09448765275207098,0.10041157545219741,0.06667085398627831,0.10478349414386638
0.0784178609117482,0.1176381200603042,0.11930162628267127,0.11512957673567786,0.1386813835369807,0.08607740654182161,0.12132016996668527,0.1069716556037797,0.11646220036033121
0.04883332928990928,0.1394970575114394,0.09562830192471572,0.10176937612601968,0.13346556423410777,0.06773763155526052,0.1005927233601982,0.2444822922237282,0.06799372377462128
0.15148900249494737,0.16609245883048718,0.00667231237107958,0.11604674315841519,0.12347246805002128,0.0950801515683306,0.10862107960005164,0.07231292252851085,0.16021286139815635
0.052416475664201635,0.1466614476002994,0.047761320472964164,0.11268796668182039,0.16440625764913783,0.06519514480561213,0.09642369576275862,0.27406484878551046,0.04038284257769539
0.1632431629906456,0.13356495189411755,0.0136910669066131,0.17531093880690865,0.1016224567834398,0.10122348016625587,0.13695368059061078,0.08911243731316,0.08527782454824863
0.074172668132278,0.10611020869916009,0.151135367890363,0.09944254211789927,0.13377614999926232,0.06562536271305025,0.10847856353778144,0.13397582600338806,0.1272833109068176
0.06761493684831522,0.12636022610335348,0.09115628379003111,0.11696673272676829,0.08035219172052793,0.14245403814534352,0.13038630525165348,0.07995512460859484,0.16475416080541203
0.08897072385335807,0.09145573415195547,0.18752135952458646,0.11125986405715203,0.09423149510779288,0.09060187960550936,0.10840205720286455,0.1504298713343094,0.0771270151624718
0.05943508811773418,0.11688693727818054,0.09840721351633579,0.11935656742256899,0.10402068706780195,0.10467028517583328,0.1320823474537187,0.100007045352137,0.16513382861568954
0.08046797027540803,0.13792765747344407,0.07048400376247095,0.10343673062706243,0.15779357810219116,0.10625069893275292,0.1313632888439973,0.0809091317111809,0.13136694027149212
0.1389387873889257,0.12531690819128488,0.047427402070580583,0.12635301847798344,0.1360893092904097,0.09949901020278262,0.1076803750693532,0.11169652634990497,0.1069986629587749
0.25863350045605876,0.09328503222891847,0.00796111884282538,0.1589162740907148,0.07059688129038778,0.2039959247126647,0.10286056308062091,0.04467967657167565,0.05907102872613353
0.08050296741540969,0.13724672311770936,0.08770042727094875,0.09668125342312071,0.11497138964331073,0.10427562869531344,0.12817002260104726,0.10969978415819108,0.14075180367494897
0.16001936502899747,0.11849309630847138,0.046937801374957934,0.11012689863722143,0.1411490441488504,0.106393338661533,0.11545556838164728,0.08828389162914237,0.11314099582917862
0.039181137111174554,0.1080091105067833,0.2077873495988607,0.11234928788813796,0.1079448005464005,0.06156727054411709,0.09999371685383722,0.19979408847270985,0.06337323847797885
0.11241034893144143,0.13106213870599914,0.08540912110516065,0.09885696759386521,0.1092640985260941,0.09211471681516487,0.10618476575734859,0.12483812181161691,0.1398597207533091
0.06474112630067701,0.10895019889029182,0.1406343587945642,0.09729249782553728,0.12414861097868941,0.0821440017414876,0.11160468297600729,0.10896870984932976,0.1615158126434156
0.12791136227844466,0.1203001724601417,0.05230525630749242,0.14042018140255347,0.12098996716682715,0.10199477028640874,0.10497066853281213,0.14559680016860108,0.08551082139671867
0.05228865163694004,0.14094809386989085,0.0985206968159907,0.11495610314532385,0.12807644764498669,0.12033757829417817,0.11666351687043182,0.12159488386354766,0.10661402785871017
0.11951498451411637,0.11162650408883708,0.07107525317046952,0.14943022433240796,0.08140313115127192,0.12419580554759889,0.12457127273457717,0.11213461282033692,0.10604821164038414
0.1057005943472951,0.13971376230288446,0.028768488521967107,0.12956531742690766,0.11686232460600514,0.10143717587668692,0.11038803623710647,0.19761433810119391,0.06994996257995327
0.053507991243017854,0.1349072455687541,0.03025042851133576,0.10756493681369539,0.092719568003005,0.1288918961095406,0.1704653219611597,0.06872345938158614,0.2129691524079055
0.09011000377714957,0.10523172665406073,0.1442420099455287,0.10037665669709593,0.10315112661259786,0.08538121151399584,0.10576688945144253,0.0897030998671775,0.17603727548095127
0.15608317837945465,0.09961801005581146,0.08667781046753742,0.08316577355299361,0.1559245758225883,0.07826004071964802,0.09720036825069929,0.11336231469679653,0.1297079280544707
0.1302948188694801,0.128448413951575,0.028895327143487897,0.08873826267000184,0.1379472482703352,0.11230373128063946,0.11258432832346994,0.12242958758841137,0.13835828190259924
0.26781326645917336,0.06726288369084817,0.07441853267079578,0.09152345678592573,0.06476037610330093,0.18356248197068936,0.09758036077089849,0.04655355208575995,0.10652508946260826
0.07134942344959265,0.1145620151966414,0.14696209959894646,0.10714145516567047,0.10101204892676492,0.07456117026099168,0.12756668607083957,0.15393501778098792,0.10291008354956488
0.16228758512317934,0.1448730244709455,0.02321789957624812,0.14895789721609978,0.13914912502658355,0.08466495045181273,0.1139951350807466,0.10268645210198131,0.08016793095240307
0.06675410284263411,0.10641514439616497,0.10869623238486475,0.10124652555207046,0.13444146637249402,0.11653318479576825,0.1459132836997485,0.08201113485247093,0.13798892510378394
0.05161338090184145,0.16822233738198755,0.02176492928708861,0.1509217012770676,0.18212051805184382,0.08098833705480321,0.10177405193440665,0.18511791352621354,0.05747683058474759
0.04238472757040259,0.10148126765964187,0.20416699748521308,0.1400007938740774,0.0846496613537827,0.14788224669376002,0.12612448383337405,0.060754300543229216,0.09255552098651909
0.1758217828160871,0.09511472853783227,0.06760618289100799,0.12010938784957881,0.11554377349776523,0.14022792187932978,0.09903489604575784,0.09917493793546735,0.0873663885471736
0.09473036702231774,0.13538611622725352,0.02146386404719527,0.13486066740714617,0.15232693613521586,0.10347892745467514,0.10962037263177797,0.1739415283370054,0.07419122073741284
0.05886030258141393,0.1315786032844913,0.06474348755115829,0.12278754297727712,0.12166890686296415,0.11174332460814312,0.1458591042766589,0.1133617045028894,0.1293970233550038
0.2336063801298787,0.07574976058843029,0.06560369063020972,0.06365495870239381,0.12942441865492946,0.09674986502355831,0.10143777286623841,0.04875324777027254,0.18501990563408874
0.11106473485729045,0.11309616788981991,0.1207321261070093,0.10104205058904363,0.13697137404660156,0.11677712427191698,0.11254657091912083,0.12394548152112829,0.06382436979806895
0.20578331301862315,0.08458302218946334,0.05901613578172277,0.15804826836134045,0.07721063309344564,0.16950980999912094,0.11074484544726883,0.07638455547862188,0.05871941663039296
0.10430616055939042,0.1363939144146369,0.05484855463343779,0.09579404618078413,0.13522095813912238,0.08956163014547351,0.09387430145443469,0.19587639823674763,0.09412403623597261
0.0884285688036307,0.12169215118650427,0.11111984637460982,0.11601974381207765,0.12315034410007042,0.09647770964638241,0.10745745949160541,0.1130474527329768,0.1226067238521425
0.07317770139728336,0.10479504554170106,0.17975865643869113,0.06002333834996381,0.1437422101691133,0.07136566310476071,0.10245851001086403,0.12448252722329539,0.14019634776432724
0.14777941762599459,0.1380442087629241,0.022032886389035042,0.11683158935662015,0.1294420090035379,0.0831437122811519,0.1072485782090823,0.10104170061412203,0.15443589775753205
0.069300838687663,0.07877343172465252,0.2805847890852211,0.1295499036275699,0.09287599743153659,0.0847599847385599,0.099039099755715,0.09801752255839392,0.06709843239068801
0.044918404959775116,0.13252943401134645,0.06971202324254218,0.11807462860597139,0.08726432710027572,0.127193695070608,0.1530956313108345,0.10152891642820162,0.16568293927044492
0.11609512440902713,0.14457715619536676,0.058205906875066014,0.11949316953642963,0.14858632412525472,0.08867474499956877,0.10800172446530258,0.12402043268116075,0.09234541671282365
0.14762287750444544,0.1055948904148767,0.046055956358619754,0.09114207947060428,0.13671116903112956,0.09401019829832967,0.121407837560415,0.0965772672693957,0.16087772409218382
0.1751878806738096,0.1183908946087292,0.04630781917966645,0.10507483338932468,0.13829999639159227,0.09053505455837015,0.10625264611892214,0.13145668311828032,0.0884941919613052
0.08668831702291503,0.14898768686551805,0.028787623497197583,0.14189660540044452,0.14971081376202475,0.11290031635216359,0.1320415692803359,0.0613863318050453,0.13760073601435527
0.11775664647381713,0.12305360460775017,0.10262812531949955,0.12215210475210574,0.15617935848469852,0.08597439594670923,0.10059547054998992,0.12399896709577019,0.06766132676965947
0.05571250785291543,0.13993732644633886,0.0599225051383686,0.10928439725573329,0.1359929651219102,0.07313169946689284,0.10170656792346511,0.2786885350370015,0.045623495757374156
0.04572107470263911,0.11540289944092214,0.202348767492171,0.11102515043685417,0.0934473688622897,0.07581218061846354,0.11792825748844249,0.15128776200725771,0.08702653895096009
0.07770757480211662,0.12258665810553863,0.08780591750813087,0.0935260976349767,0.18977155502257637,0.07500728899229502,0.10433442631554231,0.1867496342769748,0.06251084734184865
0.10522874124335098,0.1114264706033138,0.11661591628449147,0.10883742932825395,0.11549433117558401,0.10035596099961346,0.09837532011382406,0.19383693635870594,0.04982889389286238
0.09454750989573672,0.15535406153045714,0.06375044801975095,0.09940687724764391,0.12470626375438597,0.11684067974115041,0.13958612957210478,0.10222362629698349,0.1035844039417866
0.06778127240462173,0.13988060272652258,0.10032172935882827,0.09315116755964782,0.15630825840883766,0.06085011879910197,0.10293782115366347,0.19907416054661134,0.07969486904216505
0.12526863814788514,0.12156382027728664,0.06402042971820379,0.11932833153565185,0.1248807193246753,0.0802497179572152,0.11307101375607222,0.13746180316112197,0.11415552612188788
0.10951911386596669,0.1362719558930405,0.04555975053801039,0.12071452258650578,0.14658173275022476,0.08143549323250858,0.09931578898899168,0.18274736747142617,0.07785427467332545
0.13247144788270518,0.08399719190138598,0.2042407871294272,0.08557647224918809,0.07589300063292186,0.08416656563916726,0.08441076158993215,0.16021874385477677,0.08902502912049548
0.08722417660558617,0.09936558075962033,0.11236683212047198,0.13903980899741622,0.09863683756835911,0.11115046132937807,0.11519729028281238,0.17507876428009791,0.0619402480562579
0.09779003627386823,0.12680391602994795,0.016937679804569603,0.09953300740686966,0.1214867264314793,0.12103773277315004,0.11968152811109278,0.06720434424815348,0.22952502892086898
0.06498301609036931,0.11396089239003149,0.15235442167878763,0.10019884173331396,0.13873053312449668,0.07809657743040062,0.12808628235141836,0.10625570023431037,0.11733373496687154
0.044979522565164465,0.11853816438594943,0.14317954014410345,0.0914101087317528,0.10704222590030281,0.08489411477187787,0.12109610143129558,0.08187820313752033,0.20698201893203336
0.0773050066564782,0.11579729702557012,0.11265868326370206,0.11136201760100443,0.08450419607966031,0.11925065485310095,0.13940874130611342,0.09030922287505062,0.1494041803393199
0.2027888650454723,0.13574298009651142,0.019967169750869873,0.16567199445760938,0.11115513570386233,0.08021326223564151,0.10234226109358513,0.13509099607167704,0.04702733554477098
0.12566703728118675,0.12627680071813804,0.006141219817110911,0.11216677446929092,0.08191482442871771,0.25424172585178334,0.13337569162974228,0.054596843168544275,0.10561908263548582
0.1162264582495024,0.114316007422736,0.03587372749271959,0.12349315476430245,0.08037470938266161,0.15103065131041557,0.1335293168648546,0.07377643201665565,0.17137954249615217
0.055209919210822044,0.135711798577755,0.06499406525044583,0.084861385903013,0.1413856265038447,0.08926093544567881,0.12831630873011368,0.11275181298241428,0.18750814739591268
0.14128637869285396,0.1041159094956145,0.0924482249363298,0.12769781134144173,0.10042480523456414,0.11469253298713784,0.10085436396044345,0.13653368008818942,0.08194629326342516
0.15560790367965294,0.1298230825740843,0.024611249058931434,0.17270645872497373,0.11579398758161187,0.1118636497807929,0.1334171784516263,0.08575727877167542,0.07041921137665103
0.13570677291140987,0.12172546121070205,0.08035136000025557,0.11106527682801741,0.07573976558006483,0.12734214333539032,0.12091301459115696,0.06729134107286909,0.1598648644701339
0.12083367743125704,0.10669534226329797,0.07375516696737365,0.07175695851417935,0.15949010951585282,0.09920817478729456,0.12445656448713494,0.16128128963695657,0.08252271639665312
0.07790484432312199,0.1372661313996947,0.09043902206144616,0.16069654618418736,0.10774669614720093,0.10481844448496469,0.13545252315821704,0.07761708778688339,0.10805870445428374
0.10770978995397086,0.13597604586468137,0.03762347448824853,0.1209803159549363,0.0940190700740134,0.08494058603401124,0.11661003922271318,0.18372223430099907,0.11841844410642595
0.06981723189564087,0.10300353052842615,0.14370362847005388,0.07099690975108769,0.08731061884508434,0.08420722888218075,0.1009939247614217,0.07469606434002715,0.2652708625260775
0.12819349121273738,0.10155364835651808,0.10169424441386343,0.15890236259185964,0.10755481209760166,0.0976912721018824,0.13069741398086296,0.09877506807693459,0.0749376871677399
0.3182495633242571,0.08559471173697965,0.002634714613057632,0.12608652411292615,0.07765823056361466,0.1281559758080162,0.11105648269379971,0.02460687873124695,0.125956918416102
0.09978224251156163,0.1078175994142428,0.07584179256260248,0.10156458894316471,0.11630001740834928,0.11871260532237282,0.13110399598374825,0.11475426115370313,0.13412289670025498
0.05233716109880319,0.1460525402907689,0.07566695835814104,0.12574666256094746,0.13683737095439477,0.06182248210427179,0.10188115214807801,0.22797163758056857,0.07168403490402628
0.15525964731260083,0.09115588955534815,0.15935946429331946,0.09599565002559818,0.09356173439699285,0.07707095173920513,0.10376506329837022,0.08399772533735715,0.13983387404120798
0.12735690694660384,0.12357379012275022,0.012036875197346747,0.08659562965069952,0.08724464873279421,0.1386455314848956,0.11477603550074982,0.056358210323858494,0.2534123720403016
0.045218063856409085,0.12494411204733195,0.16514068606954807,0.10218676111268776,0.10097864485675508,0.09331907848548608,0.11672434854970919,0.12396429944289132,0.12752400557918148
0.036634651639690576,0.08974310400399976,0.33789031595058355,0.09529685847614955,0.09875306062247609,0.08159580543519139,0.09562250053051131,0.10395391444657653,0.06050978889482116
0.2509321994127883,0.09220725261352836,0.05477044824098834,0.11550303314018535,0.08941776256693718,0.10288946279296807,0.09706708558861114,0.10283833267628543,0.0943744229677078
0.04768452474014304,0.1448918004842119,0.07771436776275502,0.0986160845752,0.12306416219258946,0.09406856592333272,0.11529505359491456,0.12956678523944773,0.16909865548740566
0.09502651812372787,0.13995938907792754,0.026595999093489,0.13734775079556336,0.11936588963156546,0.1163554359851731,0.13558573345669078,0.08553456329394282,0.1442287205419201
0.12185043438532035,0.13235697441589553,0.027907457980180354,0.1352659056306615,0.11067739656038154,0.09529156670151989,0.11245774254382668,0.09618735443160481,0.16800516735060933
0.058676824673823284,0.05930337776043485,0.40565818113427254,0.06504877326392164,0.08495716145809963,0.04903415388970511,0.08617434548470171,0.09821093530805904,0.09293624702698221
0.12781547023566206,0.12394578492283814,0.07743083030281174,0.09577380118488865,0.1600338221112223,0.06510742821494,0.11005334348392863,0.11311712088947525,0.12672239865423315
0.15200565540014818,0.12691353978459444,0.035884734260841385,0.1127587853918703,0.13177179726528776,0.07895444609739442,0.09979951486834471,0.09695696668671668,0.16495456024480215
0.23264793433534017,0.10208998800315898,0.07306064100638011,0.12581989095309853,0.0981394175040794,0.08742424937315597,0.09669168711100111,0.1355615893926719,0.04856460232111379
0.02541289759708809,0.11785076692166598,0.19206493002390965,0.08347710501609583,0.08596225756639764,0.08001039035228645,0.12371896077021365,0.1241956981852796,0.16730699356706302
0.048508520624629514,0.13125792323895677,0.05798902265323059,0.13043929592882594,0.15625290384689758,0.06557781712930137,0.09333514122516344,0.2861424103270771,0.03049696502591766
0.22395135312125594,0.10942868673246513,0.04234064023630605,0.08896938228762863,0.08432888925331451,0.10785304915739825,0.10932270781079677,0.048244774106939455,0.1855605172938952
0.074486925274219,0.11782966045701715,0.06665065605656283,0.11599091659150325,0.1746345127710203,0.09436867026137606,0.11047449782515979,0.1404668736677202,0.10509728709542142
0.08060787397072251,0.08867597276098703,0.034680776164731995,0.12644147951843387,0.09152929581460899,0.27057683125721377,0.18644467612793644,0.03496544388526507,0.08607765050010034
0.10640357356390945,0.09639611522103571,0.23577320673883714,0.08551797272122563,0.09311256615437495,0.07703320874315865,0.09239292090206859,0.10583528309748029,0.10753515285790964
0.05477605503184129,0.1417290156780248,0.06662551169943955,0.12119318533490908,0.1312722214654908,0.09880278123238494,0.12952723079574946,0.15963850046878977,0.09643549829337023
0.1846924424202894,0.13421627966417127,0.013228004194661283,0.157647927445806,0.10386762851706315,0.11129040099118738,0.09133419676322319,0.10227994175437338,0.1014431782492249
0.1237235776502632,0.09603340366164491,0.14860909537193365,0.14183538408893792,0.08927784491064421,0.09934949915035647,0.12376917985072855,0.09519035579469855,0.08221165952079255
0.10118254240280883,0.11591761125692142,0.1315314132063131,0.0827347390864772,0.07965066201391154,0.09391869046613745,0.11115213290794777,0.11138119441274681,0.17253101424673592
0.1752016883169422,0.09858750646118271,0.06897316447410598,0.12241841202290811,0.07199850385503637,0.11982959482733013,0.11905265257898794,0.0870420303106559,0.13689644715285063
0.18014153502454336,0.11509335138647243,0.08609146001553587,0.08564963280386124,0.11531712512394567,0.08492061479196546,0.09994891940280291,0.06342424395667079,0.1694131174942023
0.10666809900654699,0.12196382891510875,0.04429977317826331,0.1204565755364388,0.08245510779336639,0.12840229193416183,0.1343467110389717,0.09518200789882879,0.1662256046983135
0.10266826889832087,0.12646712572666877,0.03550331241512639,0.10666439365214793,0.09181744526123976,0.11203059278202838,0.12047936566475304,0.14609412433877675,0.15827537126093807
0.14708740539754286,0.12755971095236515,0.052369950328776706,0.10964179400539142,0.12501765067205886,0.08823992400365906,0.09958255018456282,0.1513534215087562,0.0991475929468869
0.14910720923361018,0.1531093260262284,0.04194581287112476,0.12389061709871675,0.1246996657413985,0.10971791334189633,0.1099931764516859,0.07825887929730309,0.10927739993803605
0.11626976547093033,0.12020461159097522,0.045544496816119974,0.12038884663041645,0.08987155711661428,0.12877077099754575,0.11679604321620161,0.08783417515794739,0.174319733003249
0.09564493745556658,0.1271848745205271,0.05588821764279519,0.09626442686345203,0.10944464439184713,0.08737677589015831,0.12529910471558386,0.09464229670004976,0.20825472182002
0.14466260923064195,0.1361281637261243,0.029380802080272755,0.16035148143115727,0.1286262160979316,0.09131193196008149,0.11597247618297846,0.12579134568416672,0.06777497360664549
0.05623315049079919,0.11488593255425848,0.18056973477705174,0.076895788078592,0.12626281277338586,0.064859828909793,0.1198285107998651,0.12982029216643318,0.13064394944982144
0.11126157195451765,0.13344669679394147,0.05932045246012865,0.09261487479670966,0.1024431777988057,0.11835458864398805,0.1311850770880971,0.08762763935505068,0.163745921108761
0.06653370430508204,0.12905410377298096,0.10010318084454668,0.11782937456595428,0.10973843361844167,0.11812338886226621,0.12453377739148347,0.12908065921872125,0.10500337742052342
0.0816493676758664,0.1207150370848496,0.1160574958057115,0.13127428779459352,0.0918773789938472,0.09043199799157618,0.1104001261808083,0.07524586934541588,0.18234843912733145
0.06136381448756741,0.08816324383362295,0.17327640498566954,0.05512169576310363,0.22020757089182305,0.09710646113100257,0.0946557549251481,0.12352842338377977,0.08657663059828292
0.07946970164577137,0.15703310146019148,0.042179534854151324,0.11984684065332879,0.13153359788905614,0.11208858690472877,0.11935321579327829,0.10109100190290855,0.13740441889658525
0.09679268210632484,0.13931710043895398,0.05469775525043571,0.11237408955649841,0.14498773769491857,0.09767989529676697,0.10945537668721868,0.11183652932185799,0.1328588336470248
0.1044167331516882,0.10610272766567728,0.08346241229619239,0.12714511812943874,0.11474851133454254,0.12327139227098283,0.11199210247091551,0.10215307391621704,0.12670792876434545
0.10478450589415184,0.13120423013901927,0.049562994994025195,0.11057510609697298,0.09603974423534545,0.10762034845821383,0.1072159510965941,0.1390496819632475,0.15394743712242992
0.07997021867363109,0.15208276421581834,0.03175405917286099,0.13584652955432885,0.10626327632486599,0.09836538532567078,0.136997247584287,0.16471767473246426,0.09400284441607269
0.07214976649153619,0.10763326911385586,0.14084444334256996,0.07906674925908015,0.09296442987880953,0.12094935782455563,0.10778630720599171,0.07648110098908527,0.2021245758945157
0.0711923023409165,0.14529422408174864,0.05921765259698362,0.12472588160858654,0.1063704216270581,0.09237777562218015,0.11978997849113877,0.19709875931537627,0.0839330043160114
0.21082338549108884,0.11803920072284389,0.020165097935238126,0.16696660908184377,0.06851900542337895,0.12479492172081143,0.10386689168109946,0.11248669260950887,0.07433819533418666
0.21081035260967082,0.11747339480752117,0.020049444647749395,0.13964568894308668,0.11779185360723284,0.12166514648613917,0.11306666471873099,0.10522219052039439,0.05427526365947452
0.08875904978030602,0.14365343137983913,0.05416423299426993,0.11186557455668826,0.11722723354522017,0.07709096995230942,0.1328079178955794,0.10576848375043914,0.16866310614534852
0.09480658889668118,0.10051042224594191,0.13668783391566405,0.0860419911478597,0.1430308938018097,0.06687658678081522,0.09763151715858505,0.15825334071162253,0.11616082534102072
0.08621508826343306,0.11061569658702712,0.11127134741565435,0.11616061865804271,0.12739632646830112,0.08246663408549983,0.11580215484758587,0.1598345699774039,0.0902375636970521
0.10595896812326074,0.09943766215616827,0.11601325835921138,0.11334720109670433,0.07424574406154653,0.09278867960962556,0.10519197003510668,0.1655384835861094,0.12747803297226715
0.046733981237166024,0.12706701226126169,0.09357267623059273,0.10799888085435737,0.11279924142300529,0.08577264241618225,0.12317933438021894,0.16574052589446722,0.13713570530274846
0.08002241124799848,0.10301472328979393,0.1646140519941816,0.10295108439472407,0.12484242446658815,0.07347076496166173,0.10796839586929237,0.15648156991183113,0.08663457386392841
0.07773913009220669,0.13783415692367582,0.017491713462017115,0.09086034137067435,0.14292948466917518,0.10852284907797745,0.12197614275200487,0.09533454562937001,0.20731163602289848
0.10633301705245367,0.13097120655616065,0.03270528811895277,0.1425755837344508,0.08404313302133987,0.12160777965797191,0.14422587505570142,0.10093880037831661,0.13659931642465226
0.1236433860204162,0.11600165861667762,0.044233226917535506,0.11735342479268214,0.0834397177195378,0.11893305494231197,0.13767792627441677,0.07704650330901781,0.1816711014074042
0.04186852364629278,0.13948193792553107,0.10885799116771255,0.11639477487626591,0.15202125376301137,0.06960045323807752,0.11628466205270484,0.2004288087217971,0.05506159460860685
0.10824432329888167,0.10850412805731331,0.1117733873792079,0.11254996760755342,0.10770301841914642,0.0871313275936892,0.11220269904060239,0.16009079664095646,0.09180035196264923
0.23244816935074444,0.08115328657464375,0.1134467493595035,0.11385666281355249,0.06941169596480214,0.11385801518019727,0.09236428921201816,0.08328451991306653,0.10017661163147178
0.04784256733358525,0.09971532469698396,0.133401230535503,0.1180228588199325,0.08292004603250908,0.17718834060726607,0.16931091797701367,0.06110542765606173,0.11049328634114468
0.21231916952486082,0.1343911264367268,0.05897195617269302,0.0913208997234008,0.10249210689285077,0.06685969614495417,0.09053761551638623,0.14520258516390475,0.09790484442422265
0.19871538532056987,0.11390093834717759,0.014608347686067549,0.11905443523794218,0.13713405696964645,0.09488158568692277,0.09646438295639691,0.13263104645875815,0.09260982133651852
0.057248735104988485,0.08308487302780461,0.2759797956917278,0.09092132152346094,0.08422528532273461,0.08956892999768233,0.10881327183815313,0.0331995196109409,0.17695826788250724
0.12198938553795842,0.11131717990829924,0.08286719522646825,0.11178395808502328,0.0877862452295049,0.1426200152691397,0.10506972322610718,0.10931444617209246,0.1272518513454065
0.09601756665239151,0.1219034375292944,0.08897122368683393,0.10521305675713423,0.11468879894952096,0.09695975288147017,0.11468614473841367,0.10459756842279376,0.15696245038214732
0.092716239365032,0.13958853886328526,0.06970796025303264,0.11902978404575609,0.12344311678500652,0.09372934421103245,0.127107443396888,0.12990244639188006,0.10477512668808699
0.09274173712037444,0.13465672921593205,0.06756329737879505,0.12694905708662665,0.09892438825841725,0.13637337851980655,0.11350491413438661,0.11209298507140031,0.11719351321426114
0.1292837602271934,0.14495637970611736,0.020829660082299722,0.10786577395084547,0.11013012749466966,0.10478093199297078,0.1085112737289186,0.08718626982565304,0.186455822991332
0.11678216764521406,0.11264518274048102,0.06819601527487322,0.12517966550991508,0.07272131708350466,0.13954495930230792,0.12205980298882708,0.07055243969370935,0.1723184497611676
0.11016024010573995,0.09355410624724907,0.17525235983265475,0.0839351393310328,0.08454982373770498,0.10005795436057484,0.10807222930906846,0.11024554602291066,0.1341726010530645
0.10634730431354544,0.11325824069377544,0.12505117581578643,0.13695568109576342,0.10876678226816139,0.10841007131587395,0.11777335476281527,0.11529760100020801,0.0681397887340706
0.049800879637894285,0.10778849498185816,0.13263677269108304,0.11489678237264184,0.0752455858696668,0.10981550572587273,0.1233738577351507,0.12641772664149634,0.16002439434433613
0.15821330675531922,0.1322931242247388,0.04992260075442082,0.13316153259518124,0.1421893454395031,0.09571452567731124,0.11107697500959816,0.08818955785986504,0.08923903168406243
0.08831417000861708,0.1289684648454887,0.07403397803171634,0.10991111574169599,0.1147598273558127,0.07845899728695503,0.11658384200345377,0.17263990082068967,0.11632970390557075
0.09478272258942351,0.10987851819959793,0.12441564821134238,0.05458039878702858,0.17668701517188026,0.08322192887701109,0.11176146012974175,0.1138817651471709,0.13079054288680356
0.05349051669409106,0.11294671221269781,0.1686279050816939,0.09202169677663936,0.11287957428846568,0.12097736953362255,0.12557291866396036,0.0953011247670217,0.11818218198180758
0.06250655764069198,0.14189624911699497,0.04161568647837175,0.10791566696779831,0.12556673912208613,0.09533079537553661,0.11896046566019558,0.12923636578316036,0.1769714738551642
0.09466725453178004,0.11188210757421031,0.08041386400079807,0.10461653686689881,0.08972583453974588,0.10951120958227951,0.10628439699752312,0.08972228556245081,0.21317651034431342
0.03442422215776497,0.12079807901030622,0.09823866103122471,0.12170924820857944,0.12943300443356073,0.11758339383653914,0.13421755323487705,0.15535104582793396,0.08824479225921385
0.09240037864085959,0.13572781526929165,0.027107345223640316,0.14654681489275523,0.14881520726987574,0.09894467497434616,0.09953248580047326,0.2133775863586066,0.037547691570151455
0.13325804897279345,0.10918765671369009,0.07297455805548779,0.1110833470978179,0.09439049915157105,0.10345773216556219,0.10208882278293907,0.1311197513061723,0.14243958375396618
0.06940171744300982,0.1146076038351946,0.14490162831111283,0.1148642184911793,0.12895683315212803,0.08041019614126367,0.11886400150676453,0.13910673133588636,0.08888706978346084
0.05389060290784262,0.12708280208143577,0.07977613611628448,0.10234065589999027,0.14105044773556874,0.08798882693975456,0.11000332084312904,0.1581880789638466,0.13967912851214795
0.08968418747686983,0.11116770030739359,0.11755437887365743,0.11224775928895288,0.12314091837990815,0.08373779842908972,0.1078029354125671,0.1292153120581747,0.12544900977338666
0.07762964649508129,0.11632742624574537,0.11833146653544137,0.10045361523500534,0.11372351921744227,0.09516221795305087,0.13142356081303067,0.15199901264928994,0.09494953485591291
0.143942431776683,0.12354443981072927,0.13044898543359948,0.09285369274049461,0.12226425274231312,0.0806503249734525,0.09714903275765636,0.09404351045376606,0.11510332931130553
0.05871244295721526,0.09978665401006843,0.13019306300106118,0.09222405061041683,0.09895207312233827,0.10589283384252635,0.12635318698404863,0.1718426767901822,0.11604301868214288
0.11483263293522113,0.1112103974637606,0.004523626084243113,0.13553114537956687,0.07305356383532076,0.25306580847799337,0.1189331316043481,0.05456858007121057,0.1342811141483354
0.0531004374066708,0.1261784345973429,0.10812036376740168,0.09305246367698831,0.10598167218653433,0.08163525663951686,0.12693643336039453,0.1564535667843782,0.14854137158077238
0.052705804101246534,0.15672969957066693,0.03695934111715235,0.11765724599416892,0.1539817296398747,0.07044817754173548,0.11663418782599522,0.1798687245432229,0.11501508966593689
0.046360779209045876,0.10625563050914762,0.15738800580610882,0.06385117713804223,0.12973881878218232,0.07165604936716145,0.1282116861128084,0.07938200231717898,0.2171558507583243
0.09335864323072807,0.09846751808519329,0.1283299164303561,0.13101251206650366,0.08881178756111781,0.12447895539719496,0.11968489347153956,0.08536108300336596,0.13049469075400058
0.10143585617014335,0.09882529049894907,0.1399939312685414,0.10714026352431784,0.1110508460711721,0.14155491385605587,0.13339442243461067,0.09308132129972009,0.0735231548764896
0.0742192992680793,0.12863388803582815,0.05780340150192665,0.09512872568653748,0.1326925917633309,0.09501279250714106,0.10402934266564152,0.10739271060854862,0.20508724796296632
0.09376503475073773,0.09549355810256739,0.24732831691809812,0.09037506255168141,0.09647512447458835,0.08771850415732162,0.09245048535469803,0.13075797279639415,0.06563594089391316
0.1775210112341198,0.1356592010143818,0.06020314329035568,0.12022500519376861,0.10042790800908959,0.10247199895678304,0.10816491323662974,0.06044901227145428,0.13487780679341735
0.16976299517464347,0.10294032123926443,0.0850800669214588,0.09878379433121588,0.09242574264841545,0.09892814230040553,0.10376775202327944,0.10879977675245732,0.13951140860885977
0.2057055271360725,0.11163964582632623,0.061604322136279865,0.1326851316888147,0.11360518986469559,0.10916850407515293,0.11175230971477979,0.08200256344463402,0.07183680611324443
0.10791782199407896,0.11990441234681337,0.047765607827621216,0.10583023315449935,0.07676013436096742,0.10631857340316536,0.11611334569390049,0.11949740423851608,0.1998924669804378
0.054463409297833186,0.10859408481332443,0.23098061690772723,0.10314624517016191,0.10748589844361178,0.07742701660234962,0.12208472977617668,0.14331683125431893,0.05250116773449623
0.05078588851085843,0.11412474810498513,0.05591449506198476,0.13082353284297335,0.11559954389480016,0.13706726639987113,0.13677893712119016,0.13062015902596233,0.12828542903737453
0.1486885758260528,0.10299224818396656,0.025241820301261753,0.12919943836305067,0.08102335212384837,0.1951633325659888,0.12853984899672546,0.09156876463951436,0.0975826189995913
0.037843851387758115,0.10046933338362964,0.15478721122639064,0.11465593768187203,0.13055399080318672,0.09273006012175071,0.09739668566558786,0.19321927213346324,0.07834365759636107
0.036931924955851014,0.13163327315021175,0.050976219380678506,0.09814129435853508,0.08981091747892679,0.11824751858795302,0.13478644466088838,0.13851686038957767,0.20095554703737772
0.05080725797420894,0.12704306177440797,0.10020669254283704,0.09096892060893129,0.1317247442591662,0.06902651885883672,0.11377279405837958,0.1203254194468985,0.1961245904763338
0.10645129685436465,0.13157119093762726,0.04584525496194392,0.1048351246885592,0.10403528634670271,0.14149281860652507,0.10548271265276103,0.08711019346806975,0.17317612148344638
0.04353532605095783,0.13855778731543775,0.08897975329976933,0.10607197327094837,0.1109663406067482,0.08946960535752202,0.15143302467140354,0.1080689596934943,0.1629172297337187
0.09087022949263185,0.13592882608841808,0.05819725248652344,0.07950418197020291,0.15856353270309345,0.06998636819094677,0.09398378369019655,0.12746508565224804,0.18550073972573888
0.21687388711077282,0.0962026070199884,0.021658261082278477,0.08175103792176042,0.08355430456752955,0.15129004226988702,0.14961747807000234,0.03218450890613534,0.1668678730516456
0.172325610712595,0.11317449348112163,0.11583940948562897,0.09025246058002712,0.09289375091163987,0.08067296105532716,0.0912063122185855,0.10906000969604261,0.13457499185903218
0.06808987320037063,0.10917052369310803,0.1660012290241122,0.10140328331226184,0.14056735826477096,0.07141894096546338,0.10324537111187776,0.14871721531003593,0.09138620511799922
