0.1394623868289204,0.1175163212876454,0.11181667178683398,0.1051991429483643,0.08087975983858804,0.10898822753982902,0.11547161185495457,0.14706771227180948,0.07359816564305484
0.11098987609901839,0.1370588289657784,0.11194180506933277,0.11434343115326252,0.06988145460710203,0.11662660106748417,0.14845931431700973,0.09454246637559571,0.09615622234541628
0.1419510800467212,0.10614779689801272,0.10395045159373345,0.11237430547901288,0.059778928643614206,0.10896964424699086,0.14775615444372525,0.13006610703048227,0.08900553161770712
0.08522275427582071,0.11248554370388412,0.11876715221803813,0.08205031906571486,0.19881847866705415,0.10631918235432623,0.06678892370250923,0.08842787151517378,0.14111977449747873
0.1454015060684372,0.11204231654942025,0.14209496876623048,0.11067149243045259,0.10586624315359418,0.10756240695387802,0.10418604649674017,0.09468175621173407,0.07749326336951322
0.10646300701966545,0.10598077611792785,0.147400301283237,0.11310921112829979,0.10485399051903417,0.11086147253827351,0.11548206230915188,0.10677115648195551,0.08907802260245466
0.12983176768619945,0.10575957050559977,0.08587478999816948,0.09043570116185641,0.18327183542014902,0.10279079657139434,0.09252768865830474,0.10313103751607174,0.10637681248225501
0.1122910378836865,0.12458231838706917,0.09436618552929898,0.11652582978340226,0.07300145060452566,0.11951740463457194,0.13960955687571816,0.14673937746671592,0.07336683883501138
0.04546359061953203,0.10637303714395545,0.15597371454831208,0.11419357320444394,0.1473219446152563,0.10787439198883925,0.06894372994352531,0.0638584070089976,0.18999761092713796
0.15139109026142733,0.09310834847338327,0.07616019925427879,0.12140512656413786,0.1789749760750657,0.10570706065117456,0.11516719387102979,0.08256298218576547,0.0755230226637373
0.10747230919978619,0.0988683269650517,0.13965928938541705,0.138588025701881,0.10383834131459357,0.11427509472513024,0.11007191182131981,0.10031837254346758,0.08690832834335276
0.11475530098600657,0.09123035314719426,0.1051820428980822,0.1632399779837392,0.1919020698335103,0.10077582599718361,0.08851619744054134,0.05725060605786215,0.08714762565588026
0.11531122678100438,0.12470640709497988,0.13401994773805523,0.09968644283253363,0.11744233362818718,0.1056717336373525,0.11343732546804201,0.08793433257163791,0.10179025024820727
0.11595598080571434,0.12612286498810024,0.14482010355589137,0.14067997643926458,0.0823015974956406,0.11882679533546157,0.11479099216872256,0.06468048393495691,0.09182120527624775
0.0953002451953497,0.11807629964371218,0.08653489980809594,0.1477499295333771,0.12344309536868801,0.09938232798515,0.09888656494766039,0.06955631701407779,0.16107032050388892
0.1122890624902031,0.1146303055161955,0.16807818267551636,0.09345108331514872,0.10528910207559201,0.09918080292184728,0.09520019081042906,0.09711401675760128,0.11476725343746669
0.10379962207090898,0.10323216368370815,0.08813807603628193,0.08429151242187223,0.2552140552364348,0.1116246442708842,0.08237139615363354,0.07092056641677391,0.10040796370950218
0.1649094934480225,0.12353405237543053,0.07757297958472953,0.08440149834563511,0.10454055755637316,0.09425514375249146,0.13473665161603998,0.14197113418444693,0.07407848913683081
0.07929457456514102,0.11115350704023523,0.10082596934620053,0.0891033510001149,0.09533343654108006,0.1288027830275611,0.10232240721201526,0.16461139114283663,0.12855258012481516
0.09889541860681207,0.126475607658006,0.09213880762624081,0.07685242944326198,0.1663256408412336,0.1349364781406134,0.10930544087019978,0.10886885062513108,0.08620132618850114
0.1269889503033558,0.11042784122698311,0.13481287326885913,0.10807043776029117,0.06788573603706335,0.10190125940508139,0.11587196061338119,0.14707174828108202,0.08696919310390287
0.09024629204613632,0.1123449187654116,0.15331903207143774,0.09354666946309638,0.058913161889975814,0.10662862730470091,0.11331604335974303,0.14621279459278325,0.1254724605067149
0.14369732238040686,0.11479641978981614,0.07359045542557212,0.10508044720460082,0.1367072597001625,0.1263294779024067,0.11681175273506146,0.09243553796558852,0.09055132689638483
0.1455203061047546,0.11538980095707892,0.13746113241451727,0.1327762740806148,0.08666819276180353,0.10908470949181322,0.10106821233914105,0.0852166442733981,0.0868147275768784
0.03641945195061517,0.09096222365894614,0.13718425249516583,0.08348570870198352,0.2060468721065426,0.08847454472720988,0.07284771924564375,0.08005632343358003,0.20452290368031303
0.02236928611646154,0.10704299047762582,0.12137942270479023,0.10232944035465898,0.16119593771823315,0.08710127537400442,0.06704850440653627,0.061056984646081884,0.27047615820160775
0.142813639566345,0.11852740410600267,0.0963769739940319,0.08546255017887827,0.08868077309136406,0.11110417326502514,0.1369561141090584,0.13101464675458663,0.08906372493470789
0.08174154238432836,0.10898039086987994,0.15036809227990683,0.12763821839155698,0.08617393883217572,0.11853771160091242,0.09294888921900572,0.1312324400510221,0.1023787763712118
0.0715079664831956,0.10398107462368605,0.14894534588442485,0.08758963952956828,0.09660312305311587,0.10081526183288181,0.12056182795833166,0.15942262563501433,0.1105731349997815
0.10976855116840101,0.12831495140464602,0.10778495846788537,0.1206979522025879,0.07029035157455198,0.10925846687134488,0.12201403160024664,0.12199903150993079,0.10987170520040539
0.08838314696460665,0.11886610043078998,0.1314334600330018,0.1151936087490415,0.11639863808143612,0.11219816552260793,0.11662560696896758,0.1257519912064138,0.07514928204313465
0.08293491935009427,0.1299676392850044,0.10404982488306626,0.11307757201235717,0.09338657700995918,0.126090840916296,0.1074609143802196,0.13155681257039722,0.11147489959260587
0.08423018808922016,0.09505341758630843,0.1365973016454521,0.10506546343114727,0.15217830103385363,0.10602543371469102,0.08688363823406402,0.10525320245762455,0.12871305380763878
0.06596688041063967,0.13946884578662896,0.11182657076167034,0.11326438153990231,0.12902401434693708,0.1085732952470785,0.09348976216233683,0.0883658468607056,0.15002040288410076
0.07350908737338531,0.1200629217677411,0.09918091447925582,0.11978831609905238,0.12968608256493872,0.10360580769970175,0.10712190368598258,0.1152842324515742,0.1317607338783682
0.09467547910071938,0.12052581704295147,0.10847486526940318,0.09332551384484104,0.16441891387616409,0.11372287257534419,0.10056787017330247,0.08341044627532196,0.12087822184195225
0.21908717394328145,0.06299971144508221,0.11019829024495226,0.04966077604449199,0.040294775031288005,0.05666013390864411,0.09900998666341555,0.2186886330638773,0.1434005196549672
0.08007506648549094,0.1178717693950564,0.09166932971882256,0.11367587316274498,0.11499676458756126,0.09462601973885094,0.08068841624926086,0.06946550292795456,0.2369312577342575
0.1657756589416262,0.11050515766525786,0.14748952903920234,0.09695759031451862,0.05928294879175779,0.11012373167294998,0.12227192800523128,0.09728612595533541,0.09030732961412051
0.07019739740671299,0.12137303168224077,0.13124622972122138,0.1087042518152997,0.1321079258414886,0.11452134298568235,0.07880572053254835,0.12869448959203167,0.11434961042277421
0.09562036941033895,0.1298549443367876,0.10618173453933984,0.1060564291989234,0.07016390657392635,0.11884507202351156,0.1265913491169158,0.12632528068127805,0.12036091411897842
0.1815369566442093,0.09694119124604189,0.08680616083909169,0.1881018707358906,0.08637500553486249,0.0917583222393129,0.1342873575156813,0.07817467425526516,0.05601846098964475
0.08820671360616938,0.11509589289436262,0.12082313032136915,0.06314862115276704,0.19253447101658383,0.12643528630362288,0.10261898409746394,0.08486294906980525,0.10627395153785586
0.10505065347243753,0.1037844912802756,0.16213416577041118,0.11360032436876812,0.07057549197397134,0.11163597656019526,0.11289189725008512,0.11891535319992368,0.10141164612393218
0.12320994313177902,0.1253423400858229,0.10460286968109327,0.08165273155195339,0.06705666802467437,0.11858465953898296,0.14289669082564257,0.14291455305137976,0.09373954410867179
0.06795702324389034,0.12662871712441465,0.10888061306664336,0.12553410624058906,0.12375092779102648,0.10540822000003262,0.10038775003280105,0.09206301851897503,0.14938962398162736
0.09865645147616686,0.10589942714996052,0.11904269961914708,0.09696254662618652,0.16222641705595256,0.11094113132357984,0.09816296054230873,0.12212063324752646,0.08598773295917135
0.10020889271491151,0.10916012328576473,0.11751199763320319,0.12647929494653062,0.13357342308621792,0.11880848036105535,0.12206441046469414,0.08904091650840851,0.08315246099921399
0.0757184741341302,0.12380744559960355,0.1177970911322493,0.11772875870061306,0.09382510558675956,0.13148264130429063,0.11809728682358278,0.10485231149274404,0.11669088522602683
0.0753426498385824,0.1553171210996284,0.10897162432774417,0.06058591572083899,0.11151393583491105,0.12962425772981592,0.08404426693847493,0.1034808550739287,0.1711193734360754
0.23312400691543264,0.09007477246481144,0.11351786654090389,0.08743202181329379,0.09062519859310021,0.09576122662588404,0.10617734707292474,0.08624264460151283,0.09704491537213639
0.13352772484832548,0.10919643432372729,0.1557741832517521,0.104897593249649,0.09991657406800146,0.1125487641596712,0.09192311851570696,0.08096130351280123,0.11125430407036531
0.15310074025880802,0.10698691011799238,0.1618309049320599,0.1231227612881326,0.05822964996298468,0.10668942406065274,0.11361976903714173,0.09628720187859847,0.08013263846362952
0.10455816975405523,0.11031659560734523,0.0916487004531279,0.10777533903583723,0.1571929909904881,0.11316585704664088,0.08862062011890297,0.08174680149955153,0.1449749254940509
0.05372335662707226,0.130052073842165,0.10023151499724596,0.08564116331369089,0.11346375996464152,0.1075304200570509,0.11031934907909081,0.14431463525521035,0.15472372686383237
0.07316270102850232,0.14579147447561888,0.09487709242337468,0.08179935883097388,0.14150144500106188,0.10489601902082483,0.08558839227569144,0.06506271782393053,0.20732079912002158
0.12575768750128566,0.11823175109464272,0.10375469963178592,0.12207281931051357,0.11379695922900825,0.12791889985525004,0.12245967117565693,0.09290604099283666,0.07310147120902026
0.158071454249528,0.11928833090506193,0.09569634545261298,0.05012320608703932,0.15123783957574247,0.1374156944370127,0.07276186762181655,0.06316933726020298,0.15223592441098308
0.0687455107119874,0.1172650680845273,0.12293007181030734,0.07991649851786538,0.12992288026726614,0.1051433971685839,0.08446995277174933,0.1280714314900859,0.1635351891776273
0.10169151581312985,0.0992775046492179,0.08979406246723422,0.12959842457626072,0.14644404431410293,0.11593061623508037,0.10282437328266807,0.12101313361379744,0.09342632504850845
0.07622940574695318,0.09146711528314595,0.07890660057697355,0.13633412621640195,0.1638266822910798,0.10149313510374791,0.1078849253320822,0.1072693337980916,0.13658867565152386
0.04185927886942869,0.133666295828857,0.0924827800105092,0.06777540302180374,0.22160812467713056,0.10753052775161846,0.08156619927476705,0.07861199215278453,0.17489939841310073
0.08683273785921593,0.11723700735159269,0.08586476960342387,0.10398632637394477,0.13271080999447712,0.10751398955024592,0.1279390929171519,0.16154445590538918,0.07637081044455864
0.10036800645216593,0.11982764807691292,0.13382937504160952,0.10100384838337845,0.09156563858105721,0.11313418020874182,0.10558134411315422,0.13712506723148513,0.09756489191149482
0.19962004849085904,0.10714286802637553,0.11757502921146028,0.09343276252050935,0.07029934599472447,0.11159448271830301,0.12016517380847129,0.08065219385467715,0.09951809537461982
0.10064221318234164,0.1146445173855571,0.1279210009874507,0.1341544892866415,0.07610849277775418,0.11733849960953197,0.11325152908811786,0.11933686343238885,0.09660239425021616
0.08065341757039303,0.12937318887353036,0.09722958307265615,0.10340035482597659,0.1259333935197188,0.11937817216458431,0.10402707143310419,0.12786234176210645,0.1121424767779301
0.12356252293146475,0.10953474812630888,0.10728399717315655,0.1417429615548629,0.12845491955515687,0.10442949450227383,0.10382010736888538,0.10565168455696483,0.07551956423092591
0.053437599544354904,0.144576408780814,0.10018664888354184,0.07970401011374628,0.08806166333642536,0.13191084785918056,0.12094168437747184,0.13650049065674927,0.14468064644771597
0.13809266783276924,0.09645971692115311,0.09795868212069597,0.13401677782692303,0.07516444678403128,0.11108593590441877,0.1181708077312746,0.1484854827208081,0.08056548215792578
0.12115230334983403,0.1152122555110745,0.09877060708307334,0.09160646793243454,0.08842954946713157,0.11652559760239982,0.12829402820823357,0.132160977881104,0.10784821296471463
0.0837856728067357,0.12206762904898305,0.11615858140626399,0.0808547976325241,0.1288344835529369,0.10736322582344145,0.08289567464949614,0.1575611118764956,0.12047882320312309
0.16980444219169213,0.11844004632334877,0.10682563544904018,0.09952973921457464,0.06713606830999957,0.1095338814624925,0.09978424164490075,0.12299469446676763,0.10595125093718373
0.1338625615609735,0.10944902210143122,0.10903494851192745,0.15866308638692264,0.08299301597221656,0.11076249582357274,0.10101013471526653,0.11029612118132327,0.08392861374636608
0.036235433978035636,0.10905748433474888,0.1260811821158823,0.10867622093287484,0.1777431001961297,0.08778562500279018,0.06487865166110318,0.04485655583467882,0.24468574594375647
0.1271069002417324,0.10920669041122129,0.1377820850119983,0.14170574395011148,0.09806155157310843,0.10976122060561644,0.10577651670299802,0.0745974547874884,0.09600183671572522
0.07356589680651864,0.1449695588027614,0.09128952243605709,0.07464750365730419,0.09620513517984204,0.10459083900721934,0.12076942856590149,0.16211129312862338,0.13185082241577242
0.09215691395480219,0.10427612445415618,0.11209832933802838,0.10770464422066044,0.14326563210578458,0.118547921934677,0.11622376247101647,0.11730657126824874,0.08842010025262598
0.10998731732913695,0.12806767211838563,0.12319162868726286,0.08860248852906975,0.0811341945816883,0.1118801985579152,0.13641571447476278,0.12071777796865292,0.10000300775312558
0.13755984340850072,0.1079079329510156,0.11836813084859032,0.12471280367233605,0.10608461439951178,0.11821858592619211,0.12646087806456713,0.060654399583629975,0.10003281114565617
0.09785009321221493,0.14076764184365761,0.10562559926457156,0.09417106410075816,0.0848295187404452,0.1146292741178903,0.09972535313883124,0.1482763601142613,0.11412509546736978
0.10700876579675307,0.12570592781561665,0.11001013491282323,0.08080973596591184,0.18889395416290947,0.11455787808900729,0.10467815819208208,0.08445273227483374,0.08388271279006265
0.06368337299511279,0.11804564678280356,0.10021640799140268,0.09900232692854521,0.23009348142289507,0.11264894728524098,0.07433678371274159,0.07910634303179838,0.12286668984945974
0.18389136627718683,0.10638284329310958,0.09767184080620005,0.1011312731035715,0.06060045231897505,0.11399879624818558,0.14530744657520422,0.11285565442027352,0.07816032695729362
0.07610949105965505,0.12919244557415116,0.09246505007650048,0.09783931906841419,0.16436202107684808,0.11091502446071215,0.08478456931715345,0.11370189172447732,0.1306301876420881
0.07074264378565596,0.12022311505120474,0.16512988924473518,0.1300239637237134,0.09430131501152478,0.11461410330055812,0.08488767482466124,0.06728578673743783,0.1527915083205088
0.10726324238785138,0.09662216028379479,0.11795292738568498,0.12143503130177491,0.17068059715070447,0.12115072568796659,0.09068933027336373,0.07448768748707818,0.09971829804178096
0.0970044476084017,0.10275323364449208,0.11864703214766799,0.12871761634192988,0.1514176104333369,0.09744384834023256,0.09705434201065273,0.0755431618266799,0.13141870764660624
0.05492901173102601,0.1186696626290128,0.08677263614656718,0.10927280876567418,0.20016438172008263,0.09815899219198347,0.08283785679085588,0.05263500426784401,0.19655964575695384
0.0905887881354519,0.11771694190278854,0.1378829756141829,0.13418018349665942,0.0629952797076828,0.10817232196599662,0.15253740521367087,0.09733068732137179,0.09859541664219519
0.07774615795037258,0.17041279208210072,0.07562333556502902,0.04280682656205007,0.08539722863951175,0.1225334215712199,0.10737645071876432,0.13522768622614043,0.1828761006848112
0.09645782466705673,0.10362510641087058,0.07983269666723622,0.1514419186746459,0.18122757359032762,0.1023310598936719,0.08711966978049236,0.08626561185365032,0.11169853846204836
0.16368785499809083,0.1010351932617916,0.14581170471608837,0.13124969667844685,0.061284128550029966,0.11266630708091824,0.12656239269130745,0.0814951455207369,0.07620757650258979
0.0913962366904096,0.11696426945133165,0.10873920425539958,0.08981010449138234,0.1610992436892186,0.12633157450950952,0.11475864777730875,0.1284524945389466,0.06244822459649325
0.13174453079524975,0.10818272692797726,0.12953856414019038,0.14459077142905963,0.06151040831799088,0.09195382354235633,0.12926165171092763,0.11889461131863112,0.08432291181761702
0.06528834635305038,0.10429747172987769,0.1017674970182824,0.10197016015570028,0.207262361850595,0.10157358150309825,0.08645696863954276,0.12524279184867912,0.10614082090117415
0.10843133872990977,0.10965988271162515,0.139887002486441,0.13295457893784338,0.06169049090512154,0.11257981215752128,0.11291719173227895,0.11777146445253162,0.10410823788672736
0.06229948313007291,0.11143670180301879,0.0817698142892692,0.09313476090759755,0.09345516374627373,0.10817420583868949,0.10584493651524611,0.20142639705643858,0.14245853671339365
0.17539214808862547,0.12203861419519522,0.09299307341797029,0.08410858519175539,0.11933034631447907,0.12216629139383621,0.10849131070192164,0.09122446411101859,0.0842551665851981
0.07911226175807683,0.10770818199704717,0.15936118192102147,0.08200135467627927,0.08304848335041103,0.10657482049212989,0.11233434010716585,0.16259433580374302,0.10726503989412552
0.0684578568254988,0.12661416379256737,0.0685295859004261,0.09426239972502619,0.16631352517081777,0.12310031575647919,0.08174406256023214,0.1296101243068332,0.1413679659621192
0.1022819541303378,0.12384892794455633,0.1077345117102113,0.10181161445059755,0.17218602394156815,0.11361907403955619,0.09175710670377214,0.08044193831593621,0.10631884876346431
0.060515610476546626,0.12527141083345,0.1236921541686566,0.08464257569616816,0.17840954359609026,0.10411790377969095,0.08597085653047608,0.09406638855592452,0.14331355636299672
0.08125776321223614,0.15312584055749845,0.08367263860492985,0.05448642841125356,0.22082114909892406,0.11807062497969172,0.07278469456419633,0.09256775888033986,0.12321310169093003
0.10133179433342843,0.12624958830234276,0.1171131170981951,0.11680596868261944,0.09675060446261653,0.12233114401200477,0.10531390964827049,0.11897313471877426,0.09513073874174827
0.08044639090650625,0.13079781588298886,0.1274904740892706,0.09489298366954524,0.12492824550995278,0.11073053631652674,0.1033641886578669,0.12514996274435833,0.10219940222298414
0.11671313777468773,0.12179756125980405,0.11708368270727348,0.11092917135653453,0.07759273612316175,0.11407169307438396,0.10802771580036123,0.14511143690345482,0.08867286500033839
0.08865831157042982,0.12287614369221134,0.13378806136395957,0.09996021351735263,0.07120663367453743,0.11916672667009846,0.12207405855029664,0.14724200457552705,0.09502784638558708
0.07450938392906566,0.11872610157424747,0.10269554845660983,0.10277037742731014,0.09508691726619552,0.1254040784212029,0.12766282075755173,0.15077916153842238,0.10236561062939435
0.1238196704583779,0.12574605594780702,0.08731346761493826,0.12620343668118467,0.09561654643133961,0.12118874936172803,0.13851627505850717,0.10649318515988578,0.07510261328623165
0.0777078844838777,0.13105576218263332,0.13760770747132353,0.07414496802111363,0.11190956852197136,0.11862420140867343,0.11228981490378726,0.11632841877652193,0.12033167423009795
0.0809702315888275,0.13773186521690814,0.11909451962694133,0.10121222640771003,0.09602642933293953,0.11616274226382801,0.10034049228445492,0.11167348630254088,0.13678800697584972
0.07784602678357372,0.11560442576956464,0.1067689715522289,0.09188243205471998,0.11692856823984184,0.0946098606267994,0.1012731819530527,0.14763821627629334,0.14744831674392556
0.04951700754015189,0.12667907275052526,0.09159291629087525,0.07431535700210253,0.13323786195908932,0.10269701771680774,0.08968090959780567,0.16684721609410588,0.16543264104853644
0.07160635650092693,0.12176267030558395,0.12384452876751495,0.0959705627100838,0.11104354588871795,0.11809035845999445,0.09701912669554763,0.15945108917472806,0.10121176149690224
0.09549479310291918,0.10885033480058615,0.0843837120225208,0.0855917341355606,0.11631877231084153,0.11888471500201532,0.12502957820984198,0.16666967035493305,0.09877669006078132
0.11002488132245275,0.12050201363504369,0.13967994605999395,0.09458094942100921,0.13744084353694155,0.11434310244400321,0.09850592629350878,0.0941008065419379,0.09082153074510892
0.027394619975081764,0.11644086944626915,0.11727583852255295,0.09401139550367503,0.1323746993797757,0.10909145501547797,0.0827166899628853,0.10051867941880045,0.22017575277548165
0.06942393605646384,0.13135850967052973,0.12914106377022874,0.11706940973924311,0.06888821503707011,0.1138369009867033,0.10223414301600268,0.1523024752689817,0.11574534645477678
0.1362670123756147,0.13657087109941016,0.06991226868376614,0.06752520886335654,0.11866858229894528,0.11917599101815941,0.11633494979193688,0.15169630784430763,0.0838488080245033
0.05835107802322007,0.13168774519576823,0.08081920468768806,0.08547932574748429,0.21062373771996137,0.1087481849249766,0.08870519758759347,0.10832013746159792,0.12726538865170994
0.1003543949459419,0.10696598719990524,0.1294469337945812,0.11079506252925475,0.09467653512199219,0.11298043794052826,0.12762281070653905,0.14073446556541633,0.07642337219584106
0.08447581346751376,0.12778122404879116,0.08136443255872279,0.07381762013471661,0.1425661964231311,0.10048946942080605,0.11112198547802628,0.16400372518850115,0.11437953327979113
0.1760273975522498,0.10471972137568895,0.1085566168410842,0.1333647147806003,0.10389377884374762,0.12863318429187723,0.10028300470868771,0.05715204153505115,0.08736954007101311
0.05781057126653011,0.12338910590450218,0.07528917955812876,0.07872555995830426,0.23180902293709474,0.10226750484729957,0.08426157627839176,0.1229589032088922,0.12348857604085646
0.07019254004741127,0.14299963911781022,0.1369369207993516,0.07754953861625043,0.12088385488293223,0.12324558799209866,0.08684886166569662,0.1106601445152598,0.13068291236318927
0.08648459044984523,0.1362825921492071,0.12191692486889905,0.0678592644342794,0.13364703440401085,0.12091014759293052,0.10206103833771923,0.11745832013095125,0.11338008763215734
0.08406262237268514,0.12891036596120364,0.1231508880833896,0.09719003301474403,0.10694360088829159,0.11860050920627797,0.09968457168055501,0.14080818568733314,0.10064922310551987
0.06634109727874911,0.12182029382489844,0.1473200972797829,0.08940829819694962,0.10664171640657272,0.09631472709747617,0.08230123585324811,0.15260615760234933,0.1372463764599735
0.06585470367505716,0.14222559445435334,0.09984164628600234,0.08278396498356264,0.12465983635335798,0.11080993852194637,0.08519343915227283,0.09143539284548717,0.19719548372796014
0.10397590952482488,0.12395989229882402,0.09625272779255085,0.0940943373325226,0.11035836176890625,0.11366375035367911,0.144160133530413,0.11462710849487008,0.0989077789034093
0.06547990869908304,0.11836110266278226,0.1052206043794595,0.11854599804284605,0.10234092124417467,0.11660628182052657,0.1026805048328514,0.1440643082179342,0.12670037010034238
0.14505367243409326,0.11545743361561327,0.11430843322967599,0.11419685864136553,0.08458381905489602,0.10768852918543591,0.1109403566326654,0.1077964334271969,0.09997446377905776
0.08412950722428798,0.1340109525510304,0.15730177293599115,0.08728582307102269,0.102365374616689,0.12984059012326435,0.0906703947303051,0.11882639055304867,0.09556919419436061
0.120287813082555,0.105510645421012,0.13589065993472116,0.10782942241076048,0.08744217653442192,0.10786534185240072,0.11856000137832447,0.1349264597106463,0.08168747967515799
0.08666556331962483,0.1264969502843464,0.12327051953210792,0.08586592841347797,0.12370233896325018,0.10517468669569319,0.1154673435317457,0.10247352952472184,0.13088313973503188
0.09241468177307215,0.08349150321127335,0.1164145823353772,0.10225121000742965,0.23720709683387567,0.09171719787653669,0.08561305745829068,0.1127271185450646,0.07816355195908008
0.06941938759268614,0.11359985948272416,0.07775007092195801,0.08696911325720487,0.142164478142793,0.1174226912819612,0.1157997742881962,0.15038135451262702,0.12649327051984935
0.0033711065087414205,0.11011846313485824,0.17234206937512384,0.08810101474128952,0.11196038170230738,0.07218578815978724,0.040155005799421335,0.06156217470668717,0.34020399587178396
0.09822608728982718,0.10520151103766338,0.1858911089217592,0.09675209415079801,0.11451309768080715,0.11088746038627822,0.10599137243986444,0.09423357201049427,0.08830369608250817
0.09712068019335988,0.11493883553698485,0.10222729850310434,0.13152486589376988,0.07481576897950347,0.10186334580366167,0.13890447573869547,0.1336119141519099,0.10499281519901048
0.08422085111562848,0.12222838059322742,0.11449587565939856,0.07511614513613078,0.17204630527300213,0.10126925752931748,0.0809763299055395,0.15523125472955734,0.09441560005819814
0.12665237833630053,0.11624492356979121,0.11764008808538805,0.11411489434097259,0.08668495957860446,0.10719596668246122,0.11542479787945774,0.12631218017816118,0.08972981134886314
0.0811795144423124,0.12511678875093293,0.12795806117942407,0.13614428556278044,0.07744488906299112,0.12416955789603161,0.10257866495042649,0.09029064476526534,0.13511759338983564
0.10474142887754385,0.11762633866243828,0.15223762202834737,0.12104721128339813,0.06475995001230721,0.1249284297696,0.11618861133264628,0.09983380997933988,0.09863659805437892
0.044295442138104324,0.1388154512052252,0.10489048807331691,0.0596231443730589,0.15385555894961334,0.12075095271958576,0.08561111226353037,0.16378525635853416,0.12837259391903097
0.08437753632517818,0.1489179437837458,0.0844358188767151,0.12202074039603399,0.06275068527167628,0.10547353098633978,0.12244371695677843,0.15064878024183062,0.11893124716170188
0.08408546770784538,0.12691183890708518,0.11571686083841115,0.09524110906994095,0.05844872955655427,0.09300927024732973,0.12832487434755901,0.18281152325480418,0.11545032607047016
0.08407524061292836,0.10900204059457064,0.1260960805905145,0.10263467642473552,0.14547647237149938,0.11247673485960903,0.09020724993242242,0.13030610581049618,0.09972539880322395
0.10938852223642637,0.12304051820995092,0.13180596539348668,0.09450242563637556,0.11629869675176412,0.10698028653125284,0.09855957587580982,0.12461049992778621,0.09481350943714745
0.16031952845815178,0.11587428000046794,0.1256929167986184,0.1452055855966301,0.06139601769870338,0.10791532347585048,0.1237077835410132,0.08624369884461007,0.07364486558595472
0.09729854600264153,0.11065729298040546,0.08865023029409136,0.10077878245180605,0.13790016818908923,0.10989761330972937,0.11285396567000365,0.12181627143477576,0.12014712966745765
0.09464735725419333,0.1275315840425672,0.16935081633148372,0.12398075186090075,0.06270483552935165,0.12456028987601937,0.0991917818676138,0.09933220797098352,0.09870037526688662
0.07904404928069188,0.12419707561772002,0.08907524429795488,0.07114304647809404,0.16443258240602518,0.11491233912497854,0.09432160591657775,0.15448493909540567,0.10838911778255206
0.0890840682380301,0.1059815933839355,0.16562484078851172,0.13534651028774805,0.07369585492234183,0.11843202743715926,0.11308230546885194,0.1063404873114168,0.09241231216200489
0.1263166280141289,0.1152602647545795,0.1037703728588844,0.1094657688149554,0.137158238725942,0.10313911524345054,0.09127907691093584,0.10667802159182878,0.10693251308529465
0.0855945851538648,0.1284422070329838,0.10180027214522469,0.10864213270429691,0.13786921672806732,0.11862419017718223,0.10708765692679008,0.10455552879363043,0.10738421033795979
0.0932003375714371,0.11723936151240259,0.10992114890022307,0.13338480791896515,0.0847182585782398,0.11110148119427517,0.11857141064240917,0.14412313533132481,0.08774005835072322
0.06304939410273977,0.13822845870082143,0.11121731616348651,0.09175142826863529,0.1017544999311545,0.1245178568510494,0.10151943138493474,0.14723116739694686,0.12073044720023159
0.12110845581496354,0.12055335188848681,0.12261015164931409,0.1257572714341797,0.07127424667841753,0.12852707919363612,0.11381484788523398,0.11694041224739027,0.079414183208378
0.06772416477010772,0.14567003158755573,0.1116897630750248,0.07036068390202734,0.10596440155451332,0.137657951553217,0.1001696403004201,0.13515472698068903,0.1256086362764449
0.10162798178806902,0.11145337240626452,0.14611889190127694,0.11818279101203795,0.0555118283063654,0.11647082453593392,0.11335337868879213,0.13857913685632633,0.09870179450493383
0.061532927743483845,0.10382948167902639,0.08647595351509267,0.07560465681267871,0.23610816857363834,0.10271308246578338,0.0730873104981952,0.13864028782514168,0.12200813088695976
0.08894168495563885,0.11566638567127023,0.1730827055081472,0.11011677893389947,0.058449635760015356,0.1255197770067947,0.13152873059110076,0.10659673658123685,0.09009756499189658
0.0961854331954749,0.11068774253425727,0.11158608210373971,0.15229358354823375,0.08002892532768625,0.10001774004342122,0.12586798284332526,0.1201706164555311,0.10316189394833049
0.08821733399190974,0.13825984508177955,0.17260494898637516,0.08690204700127978,0.05945979334707322,0.10627587276656415,0.08304818980804402,0.13302549143987621,0.13220647757709814
0.07095447461209499,0.11602173027324546,0.10605303326520539,0.10572861403543203,0.17246751169332467,0.10099523596361165,0.08774766317890147,0.09971836517782749,0.14031337180035683
0.0743252889189877,0.16025267513472555,0.12480440397171033,0.06741397405034015,0.11693931288512475,0.11748642310268637,0.10078197401768096,0.11063487095147606,0.12736107696726814
0.07511991159127297,0.10158528457544187,0.09273888484641295,0.06764128855561675,0.29620933305104713,0.10028981018545374,0.07142172856170283,0.1032136045523943,0.09178015408065741
0.11806014222365491,0.13147769083835656,0.1441067345057625,0.05522182212428909,0.05676053549968527,0.11510236449050948,0.12218386862730636,0.1482298534339169,0.108856988256519
0.08999695957069713,0.09060165363180178,0.12526043908027118,0.129537713533135,0.2027050095229422,0.10402282988714351,0.08826589290825142,0.07021539314642598,0.09939410871933173
0.06974317519302185,0.12790653068183733,0.09966412987515953,0.08415685676375957,0.2027023436408709,0.13033512858348895,0.0712920544493125,0.05843307864019286,0.15576670217235652
0.11298344949550472,0.11721482061103249,0.13848209035391756,0.11833307604159872,0.10362023340744093,0.11974693314422795,0.11674624503406156,0.08007970606112734,0.09279344585108877
0.09263279974864212,0.12103515266215194,0.11140920771687823,0.11020537572076061,0.09601518307070094,0.11920161484034926,0.12901577061322947,0.11753787754752805,0.10294701807975935
0.05984211565550412,0.14300774852889978,0.10013707611165794,0.07267527432068932,0.07875899131174245,0.12393567587413014,0.1066860779613396,0.18604660937760906,0.12891043085842768
0.13054483035737421,0.12498266141019126,0.13629988697998616,0.09357255333444042,0.06615984527163771,0.12371475937135883,0.10806609785983627,0.10829185042364482,0.10836751499153031
0.06747400159830404,0.11871741524904451,0.10239463997880065,0.10540348588934545,0.13296590643190023,0.11070202657171324,0.10382621701248447,0.1230585077722164,0.13545779949619105
0.09020857491963467,0.0736148664032125,0.1731811279451588,0.13712380601810392,0.21517223581687314,0.08309070626868935,0.06350257824921514,0.052424002649461954,0.11168210172965058
0.09507185846379872,0.12124942343875704,0.12424529397402799,0.12864147840182233,0.10523879923634753,0.11788303834507137,0.11679755753248748,0.07925083634176354,0.111621714265924
0.10337439308992809,0.12387347158045474,0.14599879439324828,0.09211647855169615,0.058329101860000364,0.1137349000301049,0.11412168934582549,0.1435082741033821,0.1049428970453599
0.11249407262623416,0.11538031855370266,0.1409892396688246,0.14894362018637605,0.08252225475047635,0.11690259343782035,0.09917503669491849,0.07910270687673768,0.10449015720490966
0.1589999714513963,0.12178771124974049,0.10491040187283886,0.1562388643635409,0.06678868166202902,0.11232457048236645,0.1307252859139818,0.06769814608350672,0.08052636692059947
0.0976822920275509,0.14140363439537365,0.09047053606133192,0.07401942179541376,0.1116498368239263,0.11894267785817686,0.12429111196603483,0.1527890165448952,0.0887514725272965
0.1223594116519825,0.09511058481678737,0.122636951967109,0.09896323349617807,0.1369701989952242,0.1109497664062098,0.0999540776635968,0.08241402498768037,0.13064175001523187
0.15238594744553574,0.11245764098604388,0.12101038151185839,0.08622251098191785,0.0764084036987791,0.10105678380806771,0.13648015804993133,0.1233788192071051,0.09059935431076094
0.11027026575995212,0.11665562015613977,0.16711949257623696,0.11556346371811625,0.04914102474219236,0.10853239988333202,0.13359499250085208,0.10195240485764305,0.09717033580553534
0.07460830258871358,0.13184005706300353,0.12470629671474559,0.087387937012055,0.08040655193096342,0.12314362962043175,0.1141708764130614,0.16287658859022605,0.10085976006679964
0.12253458027283197,0.11458525394540857,0.10118515944516839,0.09185345152696826,0.09893500229504172,0.1100542575495716,0.1207773640128562,0.1687481860148036,0.07132674493734971
0.059976094036099985,0.12457349088732378,0.12360711762789252,0.11125213869497108,0.12098067520562729,0.11999376206682626,0.09236257028884474,0.1022004793935114,0.1450536717989029
0.07554270669721998,0.13896236446310709,0.14763101852473318,0.09586360059423164,0.04737956564051535,0.12002975275909848,0.11269597155459142,0.13340111402922014,0.12849390573728275
0.19006142500615042,0.042982467421119476,0.20449092716744052,0.045105047327708446,0.031128904286190584,0.03075726918467715,0.08030690031807415,0.1722422818223953,0.20292477746624393
0.016126660258967345,0.11428757071074924,0.11045288572924043,0.07079415940828498,0.1783754964873976,0.09118407475435102,0.052182029987195504,0.07069292988774256,0.2959041927760713
0.12382083744322765,0.15461662295823553,0.08710979360818237,0.0934823391272816,0.12374298515326103,0.10413498393348762,0.10902157826431534,0.09316023791296861,0.11091062159904026
0.09367297332695641,0.12181787131321696,0.08640595630801849,0.11527400537627362,0.18346673639723557,0.12128090760758987,0.10763367371927014,0.06102127394565473,0.10942660200578419
0.11308860234308744,0.11005484279201135,0.12336657606502753,0.12495115434106856,0.0959473425219984,0.12085931605388649,0.13659875655725542,0.08317666238071754,0.09195674694494722
0.05529066431799703,0.11986768530010157,0.0831362924848824,0.08073527950807109,0.19700982708538803,0.0935957662719703,0.07786169570751815,0.0871207334582886,0.20538205586578276
0.08331637353608146,0.12399641399423063,0.08002794060966201,0.06210156780736186,0.13936447847920574,0.10916346770234708,0.10801507834439983,0.19399807062823735,0.10001660889847404
0.0753657911626779,0.1517059001881473,0.12601941332152292,0.08452034661388529,0.09512306905387963,0.12160836007074323,0.10745149553795325,0.09442592553699958,0.1437796985141909
0.08009385439657489,0.09969974597709412,0.10336118049045252,0.12046649724885679,0.18772352594292072,0.11332801220824433,0.08582875368622106,0.11720501902101339,0.09229341102862205
0.09056867418479615,0.11315003063024737,0.11504141656167738,0.1104265427420255,0.11632477286464321,0.11020691699503664,0.10480356303688958,0.12910796839426208,0.11037011459042212
0.0517259364081937,0.12214760295652065,0.11820516859505821,0.08649786400918393,0.129830641088821,0.11265375699446378,0.0827932538196239,0.1615094012025662,0.13463637492556868
0.07031307128568666,0.12852311445670137,0.11206148612336349,0.07938175437114765,0.1368132682385982,0.1213970849221566,0.12038595556198355,0.13151173026197663,0.0996125347783859
0.055734945678514204,0.11475928087940074,0.11700214625292006,0.06450390505969071,0.21937637509515093,0.10202156675082115,0.06975436740121015,0.15895804446509001,0.09788936841720204
0.07899605641922004,0.1385358894730234,0.09574858189928548,0.06352538690327753,0.12854609433181433,0.12516203229744807,0.10199503562068042,0.16691581869018898,0.10057510436506169
0.11196933669749116,0.1393228550961831,0.11424011304357949,0.10867259515898364,0.07078656276700158,0.14068827963070288,0.13581695446517772,0.09235867484246979,0.08614462829841056
0.0885427057465164,0.11169234891438884,0.14010231114381896,0.1156033736440386,0.07526662151063783,0.11806623372152385,0.1064023174095185,0.12778954683768687,0.11653454107187021
0.08632512121760492,0.12280158487460595,0.10006679610000542,0.11430914650186293,0.07356738019596779,0.11663040131689782,0.12751091897623337,0.13323107757368416,0.12555757324313763
0.09454152287358238,0.10604880467552465,0.11780027005646099,0.08569736040620128,0.0919494981766656,0.09504180872189127,0.10579478948227361,0.1823548887221127,0.12077105688528754
0.13799262161061102,0.10061515257263438,0.10921291957780516,0.12875410843434218,0.08739359724285563,0.1184751635724065,0.12659295840050802,0.1171644153814344,0.07379906320740269
0.043734373121044307,0.12385742200659322,0.09250354050927202,0.08040261397079838,0.1783325118252117,0.1073712713308665,0.06785271236179868,0.08617668234295582,0.2197688725314593
0.060463281104821374,0.13230042621481705,0.10247167433735083,0.08563005268352698,0.11231782530220828,0.13141884276103646,0.10735143812093488,0.1508729498898689,0.1171735095854353
0.13776759434022226,0.11931581885987486,0.1054720910462784,0.11487441286287586,0.10417893946488753,0.10547973114746023,0.09665760574942901,0.12523066014506667,0.0910231463839052
0.09729065909892809,0.13039121247494967,0.1105775534153312,0.08683456346931022,0.10027344162538454,0.12285579836155414,0.08823985198602068,0.12940407258283967,0.13413284698568176
0.06146932248433553,0.10968534348435699,0.07354230767184634,0.07104182320800055,0.19294500028639802,0.11030940626532058,0.06376840505241853,0.12015243566788258,0.1970859558794408
0.10976195857526423,0.1027319930769891,0.08442111295466141,0.09352390794777321,0.2299785129918751,0.11590416698943147,0.09487440086761612,0.08115553175900767,0.08764841483738166
0.11050533822624596,0.13290542428306049,0.1463414027258986,0.10915551185721921,0.08142472551200329,0.11095306717215596,0.11629345540414572,0.10089738183374238,0.09152369298552838
0.15411494255277094,0.11560155992122827,0.09833455242379573,0.14523760224799906,0.08257752404446489,0.10535331038032954,0.1150720286832077,0.0864848640943122,0.09722361565189168
0.09617506365897581,0.13694619717145484,0.12217137165736842,0.12456014332825786,0.07796915514856663,0.10752958991395191,0.1380866472158625,0.0917835321121172,0.10477829979344484
0.08464819904456099,0.12226479760389519,0.11095105290327702,0.09663268930750764,0.09943861241083314,0.11682625004936815,0.12495906017181278,0.15859241937554894,0.08568691913319615
0.11548545013447305,0.09714543877349864,0.11217399338647281,0.10621032537393306,0.14270194176503173,0.1123616661202103,0.10813286169063711,0.12586943635626416,0.07991888639947915
0.061619410546239484,0.1321262880028415,0.1336993064450578,0.13846934580446413,0.10583629003061078,0.11272971671023657,0.09483426821729733,0.083057046174309,0.13762832806894343
0.12081435033874303,0.1328701041326921,0.12155006384295543,0.0967648044599791,0.06223679322077293,0.11180862232517204,0.1237941979006979,0.13238547588369257,0.0977755878952949
0.11039815177571743,0.10823559487114452,0.14816470994895983,0.11965575739453427,0.15868970162303275,0.09667155930669695,0.0894558095288896,0.08735175821277479,0.08137695733824996
