0.010318780848413296,0.00379226100096425,0.15237548747157817,0.24204227494907662,0.24278273887389465,0.014804746058202966,0.029850476590609184,0.05250417002271304,0.25152906418454785
0.137472664832068,0.08283941525038246,0.03552185918483498,0.20438136871529058,0.06680141629668783,0.02907464880808835,0.21159927666172396,0.16054623123965062,0.07176311901127326
0.015939735486489758,0.09265764441876312,0.04365926497925996,0.028885919015298744,0.2697897413180897,0.09111223573081495,0.09047491882863701,0.03632657477411652,0.3311539654485302
0.034514060651178395,0.06678845839558367,0.11582843436373175,0.17365332151187818,0.10563347402063351,0.08280194719919559,0.05920572289609873,0.04084931916435967,0.32072526179734057
0.5623670059889961,0.03663482306081387,0.03248398734879871,0.06534366802502133,0.0489493613284424,0.11467098388964429,0.011593400051323722,0.07577407524625901,0.052182695060700446
0.6466308054252621,0.043214825247768436,0.021003395133892436,0.09738357243875458,0.03070245930540007,0.10110455294368294,0.006020857302651878,0.018808393267312384,0.03513113893527511
0.03280459835273929,0.19542238770361364,0.28126265315590665,0.08342871661035622,0.10873142448896005,0.07578268196532721,0.0182829085464544,0.048282172071719275,0.15600245710492325
0.0414395701946511,0.015194555490134118,0.15347379624151225,0.018518298774199474,0.011470183329353982,0.041427480311269714,0.08833815259842304,0.6055222995374048,0.024615663523051556
0.0259982639927291,0.24170231235060194,0.056628485356129826,0.06839293604828502,0.11575399915769365,0.12719380458058013,0.26677311987042684,0.06031234898080226,0.037244729662751254
0.035437732827503905,0.022972882934530186,0.07015246718346481,0.10356655417847499,0.43407946566259353,0.06436449413967364,0.014556218921593748,0.047947809483086884,0.20692237466907826
0.5614760908644967,0.004214909745964005,0.014550409377378596,0.140432780833629,0.035557796266762746,0.15429580588268466,0.03357337465809567,0.022896308492113535,0.033002523878875124
0.1544020919867738,0.09807692117064777,0.03705639034672297,0.1131220910867155,0.08270796794080233,0.2510948587871713,0.08328452959404094,0.10601890452332123,0.07423624456380411
0.09072884926681822,0.06481094280861856,0.014088553109895445,0.048154793562446084,0.07125621596688468,0.4038207432301477,0.16154231849032463,0.02955142769085299,0.11604615587401178
0.4495628371352107,0.03802591025123408,0.06909012266393638,0.08769026857128968,0.02306394030157057,0.21988395816394757,0.048576046461743926,0.03226724177684429,0.03183967467422283
0.06322539315110698,0.16099545474432755,0.06797355995137506,0.15761819807474534,0.04769287062232875,0.2835590154179327,0.04941557655118065,0.047400389232253114,0.12211954225474993
0.018538001900996064,0.522586042281434,0.08756456896984266,0.16708777067469585,0.04180177929654364,0.05888503936499475,0.06774897257206458,0.008884414025983249,0.026903410913445214
0.5490011680966371,0.015170482326448619,0.02682489136830467,0.08669668647362005,0.05852417312930758,0.10907053035847551,0.0442869868957567,0.04350697736257728,0.06691810398887257
0.0673878791640815,0.09191976986453976,0.029687125093509032,0.07316689204543102,0.13741630243428757,0.17098768136491246,0.08663488442621724,0.08020028800405571,0.26259917760296575
0.0423438268451582,0.05376340064628066,0.04926522107692075,0.05260079298671375,0.1759974418248378,0.2623699930895846,0.09138482255985762,0.029883009138089913,0.24239149183255668
0.04461452934590587,0.0812114251341629,0.09117998638216296,0.08268764501871584,0.24001976038220776,0.05325341206471316,0.06737477856672774,0.03871599854679402,0.3009424645586097
0.06594610159710253,0.05036925649597174,0.017218009664855732,0.04526141867254794,0.5445059300106473,0.1397061148101493,0.03376095202939317,0.03616622657795743,0.06706599014137488
0.099008212035034,0.12601993050473273,0.027104819595173264,0.1933359844412251,0.34563077206672616,0.04321211809866057,0.05807250576234776,0.024445430100987504,0.08317022739511305
0.026205608803497944,0.048693623491950326,0.14830248301094617,0.026283988932013762,0.04795563141217335,0.40707644161474094,0.13413781802032376,0.018747533237858726,0.14259687147649514
0.019552885570908264,0.02689420490203351,0.16101945668175296,0.0444616297066199,0.06500901995112086,0.017373981164388513,0.07070733652446343,0.16002763325430439,0.4349538522444081
0.06981686429884734,0.15369735537758208,0.07753679033715281,0.09347066424624136,0.11247795684405858,0.1755473523844616,0.0280133164864427,0.0922215284392938,0.19721817158591978
0.027173324858065732,0.32101018711204676,0.12009333229237969,0.049684758022069266,0.01767869523062138,0.2284648870456857,0.06788039868002681,0.04089258803069365,0.127121828728411
0.06310350017740683,0.0677900813063053,0.06878499122483317,0.2621913905598841,0.08574972488093081,0.24893775442061158,0.06784695869335244,0.04294505496936026,0.09265054376731545
0.09703868979203535,0.076315135938651,0.02053801817404399,0.1689569099770586,0.09366148052142485,0.3448351709719328,0.04930494893426692,0.06336902985269255,0.08598061583789401
0.07403894304500619,0.029790455922303696,0.039519258399635646,0.0929034343871098,0.03977472057203852,0.005844394552156417,0.0507029768665729,0.5726275077306352,0.09479830852454156
0.037175971984869244,0.06993766988969508,0.15473609428416385,0.2090551927787174,0.04578816638542796,0.2931599300972965,0.1040633144782448,0.026089340559713393,0.059994319541871816
0.02245786634797536,0.022018259321303083,0.014581764565660293,0.2407245664466701,0.25084970610793206,0.10201688272011937,0.04993274455839109,0.02818981551375486,0.26922839441819385
0.019052526859016403,0.05338881145015451,0.028611629509035386,0.35361405478446467,0.17675090335218235,0.11159509144127737,0.07261105348862876,0.03860353844467371,0.14577239067056671
0.612889463597693,0.0222375243439132,0.08533342816588448,0.02279890752815696,0.10342291267520397,0.008373701795830288,0.08400065142070672,0.04319862037418637,0.017744790098424917
0.6729151137038308,0.025966737422427267,0.03287493046427232,0.08377315273348486,0.021168078880665964,0.01799340205052435,0.08879847407141006,0.04086700466200762,0.015643106011376865
0.0836684709429647,0.04853999403539039,0.02867562566832325,0.11414245416915962,0.43566198228978364,0.07794197236316784,0.017179241481727017,0.12767200522293018,0.06651825382655334
0.18851575769503867,0.1364423878013565,0.059380821468277174,0.07195265930083243,0.038310432255138506,0.1869539944912375,0.1482079225542446,0.09325239197432866,0.076983632459546
0.03525503330291922,0.11246200626470604,0.013234098585401324,0.3902517364867201,0.08537067276153737,0.017405949466063986,0.021342635187541283,0.029852373246462883,0.29482549469864777
0.047680516578044375,0.10480413949615226,0.020106822658401285,0.3495720490529774,0.07448921601706425,0.3042670792398978,0.0712506599418736,0.008211986910001337,0.019617530105587675
0.0833005829765105,0.19345012196971964,0.06674913267324167,0.27008564201864654,0.05923506635380368,0.1541238888003987,0.048194316769648,0.03732663804287599,0.08753461039515531
0.5689461592181253,0.029072513537420325,0.02152779364061426,0.06321221711495202,0.022564887608162273,0.22637960246746136,0.012064322137941017,0.01890130903057668,0.03733119524474684
0.014870444211942129,0.36758114030000866,0.06485085746327257,0.04732831730241024,0.026811600927907714,0.04128332548691354,0.3106066227633762,0.06886687213708859,0.05780081940708045
0.10485212705377052,0.176585964662631,0.051704129676883766,0.1808229138660681,0.06238944830223847,0.1158404013871957,0.0728981697031999,0.08902133538193828,0.14588550996607422
0.1267881946390638,0.15270408188759765,0.05239824302189513,0.11378712035494692,0.22481058513849825,0.11751665037784649,0.031459704605064344,0.11930923207600301,0.06122618789908451
0.5701709203310172,0.09325139604599707,0.023310493033954147,0.13905509431003135,0.0530228917894206,0.03301013564879093,0.017097250928758537,0.042134737920511256,0.028947079991518954
0.038674584597712815,0.02608046587679701,0.14070080080946473,0.007822355020783073,0.053753725679456625,0.01427065587002708,0.05394648970706751,0.5714856457518067,0.09326527668688438
0.09065796307934927,0.026533116082765512,0.24354102483211523,0.02730690609403817,0.17396661843586447,0.14919113342163415,0.04197972391479592,0.12140006109820013,0.12542345304123717
