0.008535778951994163,0.07736875991854876,0.08003039668206162,0.12061808681915966,0.01304656550570135,0.02811000229386133,0.02745786091546802,0.037241827268961365,0.6075907216442438
0.07687470237949713,0.2134037825506315,0.02436375946135112,0.11689322539083134,0.08951326801089791,0.06475067100340198,0.23442615486620433,0.05610991277624619,0.12366452356093854
0.027038491064417847,0.06581681558123541,0.20890977357572535,0.06857235785336248,0.11546490991849027,0.11267018086365214,0.09829354115547502,0.24398904172643052,0.05924488826121104
0.08680891839363797,0.04218367977331868,0.014341268609182084,0.01592915637077194,0.6169782037373143,0.04392036042525365,0.10992395418796329,0.025758301075301193,0.0441561574272569
0.1381695222725677,0.4066879403436996,0.017460154314741193,0.09177079714778073,0.12941023432262047,0.11356607615045838,0.03884835100380817,0.044118595756298305,0.019968328688025446
0.07880386864089818,0.14683006451304986,0.04613218087741122,0.10838940819587391,0.2943221045290562,0.07406874585086216,0.07791121044072218,0.0756436670657078,0.0978987498864184
0.12516872692337686,0.3074429979466051,0.17136345437275446,0.045132403252611565,0.24012676362672783,0.04541975420219043,0.0048075253567337875,0.03185543568860475,0.028682938630395116
0.04447629961868244,0.06893838439359413,0.06626663435764464,0.08724176538728538,0.04459305062937483,0.03939012041292816,0.02356216278306704,0.07472773843145805,0.5508038439859653
0.06719058945525917,0.07927258943515393,0.01604173898692608,0.0901754415234402,0.2500387829498604,0.058313695354090866,0.07814735109110162,0.24478677146456032,0.11603303973960748
0.022408788604011187,0.228813176024432,0.23293357067929174,0.06169986468035773,0.18112181008609962,0.06324707737720249,0.0192422369478899,0.036316001529863653,0.1542174740708516
0.06356619141514916,0.05356352060502872,0.053133782239925896,0.011736480602625492,0.4794325166844337,0.06132333156956601,0.0836479636909362,0.161145960108673,0.032450253083661784
0.06680229952364806,0.10840536281968582,0.005833134522044082,0.02234711907946522,0.08951502419901902,0.04560660552733411,0.0466590700574058,0.028657438254679663,0.5861739460167182
0.038776879786500615,0.05733680344916279,0.07647377381136138,0.029438716281726687,0.050881980488335754,0.0934914655679363,0.0360353268427523,0.06292125026096224,0.554643803511262
0.09879073442672304,0.20026926210653992,0.01168278717053961,0.08322091782384618,0.4672812363759527,0.03275442990467125,0.04016437351756562,0.05639544433427027,0.009440814339891362
0.0880841605462274,0.2259236096070125,0.34647217406367004,0.052053137993433606,0.05567004792699171,0.09976584794085025,0.04087168404411548,0.05531788188069794,0.03584145599700109
0.16974397105533257,0.025228180864399305,0.02009356414236943,0.014581997381803796,0.06709593363038249,0.21961623678771638,0.004943696905651374,0.4707675817825204,0.007928837449824165
0.13395227857745218,0.08988316651669209,0.030322930768335383,0.023483594588012014,0.03854906234994208,0.045349997658618746,0.5695797848683769,0.042407844544437946,0.026471340128132865
0.13687261461936717,0.13552139439346708,0.07874841428978123,0.06944987948431601,0.18629330375714734,0.0884473145653687,0.194167367806965,0.036645888197505416,0.07385382288608204
0.00966026563433984,0.1953539629691838,0.0464362506289297,0.0886164194756315,0.04116650925125324,0.026900680639333836,0.01678453301614259,0.030364822123238166,0.5447165562619474
0.011424928206157002,0.24624727222529808,0.37496179570628924,0.07636644347796567,0.026038425201824585,0.05843049038483119,0.007473227287671496,0.046250399155834156,0.1528070183541286
0.11872122046882076,0.11387286562706311,0.0194529652407095,0.1797365027714722,0.37646990364499255,0.11641593080387891,0.016146148009244684,0.028753891861620574,0.030430571572197775
0.08005525113329766,0.1106714344440971,0.005507409586942434,0.042562554193686396,0.5512797013318728,0.04009697316311498,0.029736708389195943,0.05424084186106278,0.08584912589672988
0.06688674192611953,0.44765499299404893,0.1663829208118284,0.11239440402787186,0.008577164308175164,0.06502008388938173,0.0018368588866019284,0.03951705078778041,0.09172978236819201
0.04363982983976202,0.06018190885569497,0.009704777476040649,0.020321422814939243,0.13891830031147837,0.05081802323378387,0.058773168422827704,0.029911504826354768,0.5877310642191184
0.06412904192462959,0.0601679468456644,0.05812119286627119,0.177515803256338,0.3826112027210713,0.1343171566332804,0.012718613159277872,0.08089104814715185,0.02952799444631551
0.036979597073881466,0.2515972285588484,0.011576043279144113,0.04003769488292137,0.15303749934623317,0.030474002546679896,0.388030459682085,0.03770714319890214,0.050560331431304346
0.16076366677110734,0.07705529483308633,0.023065131683906313,0.17402252818698616,0.2978047160891977,0.04722431169212632,0.054986815560763104,0.06171143725659775,0.1033660979262291
0.3792890834146161,0.23365975686248133,0.016844093388731524,0.026516549940262663,0.1768626380743118,0.0333469540014373,0.01357797280210706,0.06654254002031386,0.053360411495738315
0.14296027692060478,0.02249559218829153,0.0214417002601887,0.12081605659530209,0.48904371349663983,0.101900582530631,0.020394301809407458,0.048425800052261374,0.03252197614667325
0.020459205697222847,0.017465456208481788,0.11019219203877807,0.06235999904622625,0.15963314777111934,0.31247508439779786,0.04526563916865472,0.2462362911775484,0.02591298449417073
0.1705448784507455,0.4098666552134964,0.027728324751022423,0.06443083681342232,0.02824830935105506,0.12746998829008424,0.057367069814712596,0.06732292938523816,0.047021007930223346
0.13801582405099033,0.03997165318253489,0.012583826720943858,0.09423604732812775,0.1802172125869248,0.05694709399201638,0.4126648666964039,0.03661507479825978,0.028748400643798327
0.058067178299629964,0.254129684930533,0.020674854843872607,0.034968024987936185,0.3059417935708177,0.07687079911220447,0.04446676841501218,0.15516179720214537,0.04971909863784844
0.015105782703642009,0.16458035502599064,0.020203738530797263,0.12290935642092404,0.31694292648603944,0.20342061336622472,0.03915119787526786,0.05564559292074506,0.06204043667036888
0.10677122850010906,0.1302772148130048,0.22471586213339056,0.04234955312220213,0.027572809728088402,0.16660554165203542,0.03893072291722324,0.20782358354988362,0.05495348358406271
0.07657283115799073,0.07763714186179736,0.012411404640666096,0.22489236714600355,0.17850346170562403,0.10600908211977829,0.05949308633876304,0.18330988087733077,0.08117074415204617
0.060338411059642105,0.14693141767008397,0.07300020462903686,0.04887910705659674,0.17416197038710166,0.10732354685741698,0.06063899829760445,0.1828004342545794,0.14592590978793782
0.10328415482817632,0.32066537012697754,0.1511902060589647,0.046164866595432334,0.1989338241246145,0.06247026106883899,0.021975890452023125,0.016637602816421737,0.07867782392855073
0.027752421634080916,0.09369924105482852,0.030702725172820383,0.04413854202062024,0.12859415179765973,0.03992695131265934,0.03073246959239075,0.01764703032451254,0.5868064670904275
0.11349462126811716,0.15270059184860674,0.05880324368329468,0.33359249381667716,0.07899961556455475,0.09957224624735313,0.0867663570298754,0.0404903918421986,0.03558043869932256
0.07983783295848819,0.08768629111295602,0.05780457079696256,0.08748772828203542,0.36669740940570067,0.06360637770989615,0.01789675264760482,0.14248215200580464,0.09650088508055148
0.023840052006713238,0.17060521224848543,0.026397943939256253,0.03621352322167887,0.15211765003246483,0.022161522292794635,0.009826462839235536,0.030513258733582252,0.528324374685789
0.05990458386407225,0.11683097997394974,0.056589420270498764,0.0593481055810036,0.048888933902597576,0.03145084671090582,0.09390252420968488,0.03126787457276678,0.5018167309145206
0.03585273791580069,0.16678616868787513,0.07229558107563958,0.2752293915159518,0.05774472225124614,0.20556326007155645,0.0639712740260912,0.10768950500830284,0.014867359447536269
0.06328654791681163,0.16298569746204755,0.0946197256324748,0.08087119249209822,0.15885202449802055,0.11263924182207298,0.04858594710900035,0.18882273395437335,0.08933688911310056
0.009696308958063971,0.10316630050416072,0.011301298986441536,0.11865506037308256,0.04196513387290268,0.02777528454451016,0.08201221216679365,0.018328924845725344,0.5870994757483193
0.03615960144282408,0.13238571043664896,0.022449025968000285,0.13800038093415556,0.5023605377767929,0.06093044836822015,0.01285416524845577,0.0826384120737735,0.012221717751128852
0.03195732153987212,0.0571602696455982,0.024878734867010848,0.07189214731933996,0.4825989436152474,0.07502478500799421,0.11712463450133274,0.12172407423480754,0.017639089268796912
0.2651159116868693,0.08290033498729973,0.027031324276915635,0.08071753186208336,0.35238783651580735,0.0806237695614636,0.05781673431020345,0.02881355907965252,0.024592997719704943
0.08131961237434526,0.25841687320904166,0.20560452157536405,0.03660787905209526,0.10880329490998482,0.06277582567506683,0.13351151799880773,0.023720723400509194,0.0892397518047852
0.061300330523841456,0.1973010269026407,0.16504016877286934,0.0792771155096637,0.28129929114832447,0.035817932972106586,0.04161156616992222,0.08384916659707842,0.05450340140355318
0.03985620501691377,0.08789097701034786,0.0369659857008146,0.021663228977945908,0.028564224650593,0.03592244423149891,0.01650287894426822,0.04009008642257591,0.6925439690450418
0.10824759192570847,0.18472737716414903,0.036799309827791594,0.06134133245524955,0.35280227941684994,0.09035758338096529,0.08437936275256923,0.07280167081420201,0.008543492262514892
0.14386726296399854,0.07514747115336218,0.011479141778324077,0.0741306960554751,0.14599343341469487,0.10716148406404595,0.3195175544865902,0.09321421675794396,0.029488739325565116
0.18563354744617952,0.08327399808983597,0.02814078148657316,0.4351902395785397,0.01815848713958439,0.13464113124013577,0.02998947894640351,0.025864080562808967,0.05910825550993909
0.40508998036771987,0.1607895254186466,0.013962154648287733,0.11110478727492956,0.06703666209883592,0.07388809670966491,0.015836294228863006,0.07975597510535999,0.07253652414769238
0.2691057722542895,0.19645082938324623,0.014710024117987927,0.07467280366445737,0.24256265286489265,0.048366661419808284,0.06500614270045806,0.04932474677654097,0.039800366818319007
0.0954068139794728,0.1938346480833666,0.07836209990080373,0.07307244019860241,0.16383890035568852,0.06305175633266717,0.160352443225268,0.10308415830672667,0.068996739617404
0.1604845039720405,0.09650163471167973,0.19534504858273535,0.013962080949886489,0.353322904519531,0.05936514752545718,0.02072778151224245,0.06351145526975946,0.03677944295666783
0.22066601689970797,0.09108236503632194,0.0427211558758504,0.2858008707312119,0.07330547450411179,0.05051379386851112,0.09986411001831628,0.04132048477219612,0.09472572829377257
0.21644930742915056,0.09911897101823579,0.020402477514007145,0.13603460935563222,0.23383228034401082,0.026458133822622354,0.20147754951413344,0.044908482585953556,0.02131818841625405
0.0770483022427385,0.11547891245654862,0.02524110493500629,0.05730305848423276,0.24027864729731607,0.2260965550445376,0.14053621250543427,0.1086191050349234,0.009398101999262422
0.03949884555024373,0.10226800699440408,0.046059108532591604,0.009577161691227585,0.5437012335737786,0.08802675034813578,0.0992841504249481,0.018183111103804186,0.05340163178086644
0.2730965339202314,0.05389570650534037,0.012094338041605238,0.10045504173095655,0.37681590120387426,0.04007742185053676,0.024809649354448945,0.10787563544491953,0.010879771948086892
0.019621783045013358,0.05112952420986189,0.04587976066226193,0.2745709383057007,0.02007636476268924,0.36116437247765254,0.1065799322869168,0.08702361844469127,0.033953705805212335
0.0668816823646882,0.08998929456433453,0.008513279468584213,0.1870131563694355,0.3298477494035745,0.17467424398058037,0.0161623445268119,0.044849040838290936,0.08206920848369986
0.025722982703562297,0.15221549367213047,0.5349395659621398,0.05820662304658001,0.046385099669193075,0.04926838370725858,0.03946147716991474,0.03718707597662458,0.05661329809259652
0.033381187725356094,0.4658463978196807,0.02342100419949203,0.11508475545282519,0.12912369214395447,0.06632834545992025,0.048219639231975586,0.029977869814520722,0.0886171081522751
0.035662840632686134,0.0678951345173595,0.05236197595874342,0.3224263689916196,0.04062347053021858,0.11945035257863434,0.3023023966784795,0.02924092635665607,0.030036533755602838
0.10509460240689113,0.06645507501097947,0.2684488620299333,0.02408479768582933,0.052850300503524295,0.17966401752397676,0.04787663914163151,0.2279996439547396,0.02752606174249465
0.3067963743744737,0.1088744057136646,0.23481131520989407,0.01865742463919829,0.20670441117482277,0.04585368762225156,0.035324724957084226,0.023244839708517154,0.019732816600093607
0.11972879343810373,0.1038590885806563,0.017620494217951893,0.15799445197119616,0.3320985534284201,0.08973332437935048,0.013630878535928835,0.13783072640099425,0.02750368904739821
0.15097733806016914,0.23250330237892536,0.08104296640370293,0.1761155628434543,0.10678259832448006,0.13511205432611384,0.039885254522021074,0.04476795925462742,0.03281296388650579
0.03971829267698091,0.0959373372126568,0.0758827868520353,0.06808874891964307,0.07717113179258756,0.03873648650054896,0.023991982738854573,0.03382626332091611,0.5466469699857767
0.039500578712624995,0.14113585334208736,0.358396271724611,0.056616011296379505,0.06127244180933784,0.03374725956266183,0.2393970777948766,0.03775385063951822,0.032180655117902524
0.06036345979448662,0.4233904999012066,0.14201812167187752,0.08774408501401422,0.09135720840517775,0.028753572211086903,0.0022359582911079968,0.14073551162991452,0.02340158308112782
0.11468818166040695,0.2114511729344227,0.06227255498252809,0.11089757256445014,0.17328967169743137,0.1832704161759812,0.06477855662568034,0.036065645935949624,0.04328622742314958
0.11074769023930951,0.10009238371943736,0.03457026543415223,0.16690811743779832,0.14667284442013223,0.24074700411122782,0.022723384026643378,0.12496876659174978,0.05256954401954935
0.03723661192634994,0.09839575850708426,0.46830091711320687,0.034661296624709945,0.03524134287094236,0.14362059418638787,0.06970173091346162,0.04875825193816125,0.06408349591969584
0.0943853582416,0.4361220109205499,0.04382109689555622,0.03746559701121962,0.0361155366127183,0.16030093173309481,0.03307842084064908,0.13763720537878993,0.021073842365822087
0.07827777352312994,0.27811207361596946,0.017344547607733483,0.04063086040348793,0.24614328783543596,0.05455701277156979,0.14410054719598886,0.03768564100157581,0.10314825604510873
0.14673996998668037,0.09878760018198558,0.03322474606556133,0.039787633805581944,0.5261824622183765,0.03099421688602219,0.03312399824104525,0.03608140295391917,0.05507796966082756
0.02011451422808281,0.0948550649267424,0.03996857354233765,0.04642523709740406,0.06788695217189052,0.02141518366374251,0.05283970727769723,0.02024183476624448,0.6362529323258584
0.10329802078061147,0.13987036432931432,0.4720426697123847,0.06440215795228064,0.08585756601261324,0.05787448792468434,0.014637040316332978,0.02285372706120123,0.03916396591057705
0.04176641163870106,0.2065846902495433,0.0959105890816561,0.04022019893732945,0.32675460207735046,0.07654470935846787,0.05496021304125992,0.09762077103155105,0.05963781458414078
0.07529737673385213,0.2603104178468376,0.017392979201532145,0.29295998328270473,0.03804286023018117,0.10880424666116233,0.036689535776142854,0.03654585778189913,0.13395674248568787
0.24075651229153947,0.17349080214432142,0.08591216549404686,0.039070104224944106,0.13724193029747175,0.13929391435771488,0.07604868723538634,0.09727197082360291,0.010913913130972378
0.18986749223846008,0.3465259124531321,0.018300354057860267,0.16438584173567894,0.11046387596430869,0.023683515537875007,0.05377172405196978,0.05702983593879063,0.035971448021924625
0.15592956803484972,0.03441100783230094,0.022550773984057162,0.14328027606522367,0.40795424298790955,0.0423419264604519,0.06492711402706862,0.025431183783692964,0.10317390682444551
0.030938826510810317,0.11000612572059193,0.10245005159117308,0.07172951348336781,0.08121757069712997,0.07668774440555892,0.05071952260445665,0.024043287738906117,0.4522073572480052
0.1749369043736193,0.06744091720899381,0.08067329818420711,0.008370522952822297,0.4711050165690594,0.052555003023553044,0.11612709544144174,0.01822025066136712,0.010570991584936079
0.01404518318530737,0.1760177088039688,0.049939692104747115,0.056361967386085975,0.05330574559147309,0.04929245753354622,0.026211558932349555,0.032469848145598994,0.5423558383169229
