0.10069105720392324,0.08984585269767252,0.13447291409875795,0.10291115857258078,0.1178357220316345,0.1349369989507039,0.10621410464252064,0.11061516137483735,0.10247703042736905
0.16336999130718857,0.21639247023788297,0.06210513843350002,0.08773459622400859,0.12920192641189635,0.07837964741789137,0.09283075333653378,0.06660651811862503,0.10337895851247335
0.10047743945821365,0.13217815779844846,0.1193079138765546,0.09412938628544248,0.10535161421885035,0.1232945006747345,0.12169250878159088,0.09135198899834639,0.11221648990781864
0.10069105720392324,0.08984585269767252,0.13447291409875795,0.10291115857258078,0.1178357220316345,0.1349369989507039,0.10621410464252064,0.11061516137483735,0.10247703042736905
0.10069105720392324,0.08984585269767252,0.13447291409875795,0.10291115857258078,0.1178357220316345,0.1349369989507039,0.10621410464252064,0.11061516137483735,0.10247703042736905
0.10069105720392324,0.08984585269767252,0.13447291409875795,0.10291115857258078,0.1178357220316345,0.1349369989507039,0.10621410464252064,0.11061516137483735,0.10247703042736905
0.12299490712995298,0.09420374894283301,0.1194913366542542,0.09889823396994503,0.1233663513471522,0.1340908318311412,0.09147998324081791,0.10778287508577067,0.10769173179813281
0.12598344736325617,0.08654847548446959,0.13207491242040192,0.09854762055501692,0.12101848107312359,0.12690551522524066,0.12339251404628122,0.09626871896730795,0.0892603148649019
0.16078416244314758,0.08618868232256595,0.0810699973470591,0.19271622716781164,0.08812593884684478,0.08410237976177216,0.15387475476865006,0.07012967876482408,0.0830081785773247
0.08516063674310269,0.10720705289143824,0.08678737693672615,0.17683541991812435,0.10658181776961323,0.10049419594961169,0.15784453712101798,0.08687871455426122,0.0922102481161044
0.15643028823217453,0.17758881391311876,0.07468860618753614,0.10500810228126438,0.14211015018073442,0.0935434603939259,0.0887725087295394,0.08120725923640067,0.08065081084530588
0.10069105720392324,0.08984585269767252,0.13447291409875795,0.10291115857258078,0.1178357220316345,0.1349369989507039,0.10621410464252064,0.11061516137483735,0.10247703042736905
0.09084355664203203,0.09824180094957069,0.11289836917636298,0.10148542750648547,0.11128729093426955,0.13782488743991197,0.14101319773798474,0.11288466019335508,0.09352080942002755
0.10069105720392324,0.08984585269767252,0.13447291409875795,0.10291115857258078,0.1178357220316345,0.1349369989507039,0.10621410464252064,0.11061516137483735,0.10247703042736905
0.10069105720392324,0.08984585269767252,0.13447291409875795,0.10291115857258078,0.1178357220316345,0.1349369989507039,0.10621410464252064,0.11061516137483735,0.10247703042736905
0.07797292467850016,0.10443981180222524,0.0940558114558696,0.17770130268097573,0.10400471249408622,0.10156030688642219,0.16010195744930963,0.08933164668188309,0.09083152587072814
0.09483820228887158,0.10438688640431694,0.11611247226733389,0.0983736467672377,0.11584762509939522,0.1328675772493706,0.13426181511818044,0.10856689457849865,0.09474488022679506
0.1047038026354296,0.09058014726978249,0.21418176671461167,0.06801255629560461,0.11551595253139683,0.1040997776025992,0.0664335546424467,0.0891227191816044,0.14734972312652453
0.07464758882962697,0.15471670661431505,0.11235142410377418,0.0724237303625426,0.1316933177256435,0.12360441581810828,0.14116449303379383,0.08971068114808974,0.09968764236410584
0.09083553567478407,0.10404361627992915,0.10606762840278842,0.12834573413120418,0.13127182230322107,0.10087221885072038,0.1339471866913773,0.09618832335823817,0.10842793430773733
0.09061332871040438,0.11949087547876504,0.1270255156264147,0.0864704895980291,0.12633053842190795,0.13806653439575478,0.09204264705717653,0.1318745396933681,0.08808553101817936
0.10069105720392324,0.08984585269767252,0.13447291409875795,0.10291115857258078,0.1178357220316345,0.1349369989507039,0.10621410464252064,0.11061516137483735,0.10247703042736905
0.08806854630537747,0.062229226123516834,0.09542768915441631,0.06206682354162729,0.14482482304527763,0.18166444666172787,0.11280619020334837,0.15228682798731089,0.10062542697739733
0.10069105720392324,0.08984585269767252,0.13447291409875795,0.10291115857258078,0.1178357220316345,0.1349369989507039,0.10621410464252064,0.11061516137483735,0.10247703042736905
0.10069105720392324,0.08984585269767252,0.13447291409875795,0.10291115857258078,0.1178357220316345,0.1349369989507039,0.10621410464252064,0.11061516137483735,0.10247703042736905
0.09379059200179578,0.23135463906513545,0.07649632758449217,0.07040754702446193,0.1279916256302334,0.11321148918729178,0.06023110391014188,0.14632797022789013,0.08018870536855754
0.11461210986662747,0.07781381662067753,0.12999320379455703,0.09776143669955446,0.11841248296165803,0.13857258276740503,0.10412997280895729,0.10427945195008614,0.11442494253047697
0.08533414662122822,0.13292038172119489,0.19784774701570554,0.07339528604326119,0.13866502231368044,0.10671632380281083,0.07752242081998799,0.09629971072229611,0.09129896093983476
0.09265431174709547,0.08526619711370241,0.14061808244689308,0.08004616766850205,0.13201008334917508,0.13148257243146344,0.1117480953024806,0.11674586550090221,0.10942862443978567
0.11829468778237436,0.10299075978396484,0.08305398695159061,0.16488704121717088,0.0935577714470327,0.10914471373142126,0.15583737324510438,0.07139008297444557,0.10084358286689547
0.13390096667871867,0.10030667058653704,0.14031186831092338,0.06673372250469407,0.1329214880787487,0.11911864333736194,0.07424658554053216,0.1179205489195918,0.1145395060428922
0.11081764987942455,0.07989232605524707,0.12660927051818396,0.09768160709141256,0.1264323971506511,0.11809273575467182,0.10974740854239746,0.1105703995388358,0.12015620546917564
0.0762293865767223,0.1456888485603375,0.07801477690966928,0.1710908933818227,0.09473724625330426,0.10782433405872889,0.159028589101473,0.08323058651527038,0.08415533864267162
0.08023655856660687,0.13847119039792757,0.060601918916966625,0.166762458005658,0.09413831555683604,0.0806208127614783,0.22564500239821997,0.048736330687506775,0.10478741270879989
0.1447517170758403,0.11251667741786665,0.09127151767127432,0.08710622800958066,0.1105892406135553,0.1293705583015228,0.11052819583467531,0.10961089129425357,0.10425497378143105
0.08861723142167409,0.2106870976175219,0.10015177445995664,0.0793712954567901,0.12047367252235508,0.12399604704894714,0.062280726039283286,0.13103737774252583,0.083384777690946
0.10069105720392324,0.08984585269767252,0.13447291409875795,0.10291115857258078,0.1178357220316345,0.1349369989507039,0.10621410464252064,0.11061516137483735,0.10247703042736905
0.17246999171786234,0.2023105511443588,0.06884240934578784,0.07631272324516834,0.12893469778449532,0.08555774869653289,0.07539205077220355,0.07728416646586227,0.11289566082772862
