0.1350908622068157,0.11143730023444327,0.10929895552301466,0.11388698749257294,0.1960642865903773,0.05754881881057818,0.10066939476567134,0.09946736219932246,0.07653603217720413
0.10997841604057318,0.14975052762555333,0.10410066570795277,0.10541471380295632,0.09359356429950001,0.09393993438336316,0.11914535371036773,0.1333257118939665,0.09075111253576701
0.06705333438359819,0.18068565814689927,0.08022126930073989,0.07537973528416003,0.08601357581729734,0.09116849128776157,0.08011204453832164,0.2235758639836659,0.11579002725755626
0.1310015561752715,0.11645555219293163,0.1052348440361689,0.12020011704278839,0.1266896303465865,0.1023150086069781,0.1189244037980654,0.09119010715685416,0.08798878064435539
0.10911063420682965,0.1249459250993785,0.11396729824381584,0.1258806321902266,0.10019958112411918,0.0880035324163357,0.12929071487370053,0.10281669752443533,0.1057849843211587
0.10911063420682965,0.1249459250993785,0.11396729824381584,0.1258806321902266,0.10019958112411918,0.0880035324163357,0.12929071487370053,0.10281669752443533,0.1057849843211587
0.15486578838432175,0.11909429606511723,0.10130172132628261,0.10183103010697075,0.13525831400721303,0.07351783589190349,0.1155602824269023,0.11107937185673555,0.08749135993455326
0.1941615803164964,0.12054377620387298,0.11949707495310824,0.10573624812849142,0.09655396220417727,0.06750121864439636,0.09802100631242182,0.11013886794985084,0.08784626528718464
0.07658311334339657,0.08374239130874687,0.08457875558905932,0.09174835824234497,0.08089727135005449,0.3283324081888271,0.09574857528161852,0.07928093946612617,0.07908818722982593
0.10911063420682965,0.1249459250993785,0.11396729824381584,0.1258806321902266,0.10019958112411918,0.0880035324163357,0.12929071487370053,0.10281669752443533,0.1057849843211587
0.11035965205077085,0.12823768251230694,0.1119215440461731,0.125112959102989,0.09474568873254065,0.09182435168682397,0.12836779997949557,0.10809876536482353,0.10133155652407633
0.08898991903067206,0.09011433579038737,0.12452559623005792,0.1067978540895339,0.1370826313739343,0.0825649078797596,0.11233033266038712,0.12797602337527483,0.1296183995699929
0.08127879838577337,0.11663869038983603,0.10951637531064178,0.10517515382950415,0.23994817524339118,0.0661853441711391,0.09765092750247072,0.10683378425331586,0.07677275091392786
0.051039936468322424,0.12605049027544257,0.08782846225537273,0.09147254530018796,0.10913019322809464,0.2316711368827837,0.0921896263157928,0.14703456576992538,0.06358304350407781
0.11177037312041103,0.13807249131602414,0.10258067762713552,0.11818339306727567,0.07681978323577593,0.1050272976943092,0.12083309545224781,0.13256964411276256,0.09414324437405819
0.10942565361114331,0.11264642515151818,0.1058292820415081,0.11139497209722592,0.18904740155579894,0.0783087514653838,0.10850948154092031,0.08879212515000305,0.09604590738649833
0.1954524883871099,0.09447904278923741,0.15237790067480023,0.11240496787467479,0.12839221445616164,0.0605755279824279,0.08940902772425319,0.08530710179789641,0.08160172831343858
0.10650501872541905,0.10971714714445358,0.16281592540169676,0.12579455603888504,0.039574562076014334,0.08445559311436616,0.11551069570223045,0.16166617908186678,0.09396032271506782
0.10911063420682965,0.1249459250993785,0.11396729824381584,0.1258806321902266,0.10019958112411918,0.0880035324163357,0.12929071487370053,0.10281669752443533,0.1057849843211587
0.052337999494916444,0.08789992102184181,0.11967153597689066,0.09852313878300463,0.23366081179133583,0.06333495397768853,0.10000293839492604,0.14419683332597222,0.10037186723342384
0.11541329876105931,0.09937447791036984,0.10537982063937545,0.10648355772105822,0.07742242690912444,0.10486197139780433,0.10677653767441177,0.16205949896987973,0.12222841001691691
0.12015859101275633,0.10457859552376826,0.10795615284289871,0.11149317199933045,0.2186190819223253,0.07594068515774494,0.10957792050357391,0.06485693198752955,0.08681886905007252
0.12659326256537223,0.1207563007567889,0.09600369301534849,0.10776837681762792,0.1074072705122826,0.08750684161444393,0.11259132149671107,0.11281763938870533,0.1285552938327195
0.15764496048428808,0.09648968872273016,0.09376765716380005,0.08890375700113705,0.15930826110611623,0.05122371604867882,0.11225406803020925,0.09999085029144143,0.14041704115159895
0.09843367169141072,0.10497457778016915,0.10725008279386399,0.11895957279510865,0.13702975538044762,0.07591791598794943,0.1124241384793004,0.10676620911235091,0.13824407597939922
0.17316338977398896,0.09428580398471582,0.10150750401090787,0.0895939590706994,0.15104748224359535,0.06097795193619199,0.09765444510500726,0.1055953133576975,0.12617415051719585
0.1196874044691462,0.11221556912430797,0.1015174783160712,0.11028735383234427,0.12950059685471246,0.07722255380384714,0.11544667991160808,0.09169350723701326,0.1424288564509494
0.1604422961944299,0.08548007357768343,0.12169840673714609,0.11729937368136722,0.11880304861631485,0.06596808841004193,0.09512679841652875,0.1183294715645848,0.11685244280190295
0.11163284552797693,0.1387245929793642,0.10167201865529957,0.11730434020630313,0.07542878354423117,0.10606379465572106,0.11990370168366789,0.13512740956621414,0.09414251318122187
0.10911063420682965,0.1249459250993785,0.11396729824381584,0.1258806321902266,0.10019958112411918,0.0880035324163357,0.12929071487370053,0.10281669752443533,0.1057849843211587
0.09546583121564123,0.09827089004892058,0.13795782125995795,0.10666041450292184,0.11899315337217953,0.11829220201250458,0.12490634357924117,0.10575796059087013,0.09369538341776291
0.11771991641128743,0.11167917394800538,0.12973065487822008,0.1440317395704062,0.10338297253289848,0.07951551258666349,0.12365613449720127,0.11305280179748863,0.07723109377782907
0.1179727737100506,0.1221339561878837,0.1437235612341257,0.11299861765647577,0.0725083052234742,0.08791005131925468,0.10274339394421994,0.1317538912254915,0.10825544949902381
0.1812151075978765,0.08787483575394801,0.09922920321670448,0.0813606972134137,0.10535082471855256,0.08530090521085741,0.09799816603741407,0.1578876106308329,0.10378264962040046
0.10911063420682965,0.1249459250993785,0.11396729824381584,0.1258806321902266,0.10019958112411918,0.0880035324163357,0.12929071487370053,0.10281669752443533,0.1057849843211587
0.10756265277142225,0.12942871536924602,0.11828705504146882,0.12787387635479364,0.13316313703348823,0.077208686137888,0.12533028652415815,0.08685547579628104,0.09429011497125388
0.11076819898117234,0.12949773088480987,0.11103408537137266,0.12466794910563224,0.09262211281703936,0.09334486138957403,0.1278579608031493,0.1103607423730704,0.09984635827417976
0.10622869020772278,0.12121909010747223,0.10940645196274433,0.11775961841254606,0.07118476730235516,0.07874794589562878,0.12067948929429094,0.09691166622945295,0.17786228058778683
0.09719817566693552,0.1003869445871085,0.10650913840614694,0.11364994820874404,0.09930263784476095,0.06800778505520624,0.10757138249072336,0.09059686790728565,0.21677711983308875
0.15574249792210407,0.1204693830799831,0.09950507255725054,0.10717126768459202,0.11094395813072551,0.0715971406905662,0.12232186502755386,0.10857007076720881,0.10367874414001588
0.10911063420682965,0.1249459250993785,0.11396729824381584,0.1258806321902266,0.10019958112411918,0.0880035324163357,0.12929071487370053,0.10281669752443533,0.1057849843211587
0.19171325461930885,0.08534589722810283,0.11259252247600626,0.11547575108439347,0.14086724305028261,0.05616256675506313,0.08973913024474277,0.09441750549504747,0.1136861290470525
0.09141690986101901,0.11402561162138376,0.11440476517474757,0.10915979125559412,0.16565142109936934,0.07255658607561695,0.11196353300722615,0.11630600763501926,0.10451537427002384
0.13857308572466367,0.10067340386706407,0.11795202331036347,0.08604087254523925,0.13226094594350127,0.10415904364796279,0.10768854945703092,0.14031079779321423,0.07234127771096031
0.10911063420682965,0.1249459250993785,0.11396729824381584,0.1258806321902266,0.10019958112411918,0.0880035324163357,0.12929071487370053,0.10281669752443533,0.1057849843211587
0.11030942445843016,0.1415339828186922,0.0969538830915575,0.11229512845332595,0.06873786914423753,0.11098090643985487,0.11465342216555945,0.14921122483939028,0.09532415858895206
0.10911063420682965,0.1249459250993785,0.11396729824381584,0.1258806321902266,0.10019958112411918,0.0880035324163357,0.12929071487370053,0.10281669752443533,0.1057849843211587
0.08964000259166416,0.12057168616469881,0.11019999680993875,0.11436399474642346,0.1825397589502026,0.07504899984014789,0.11569683205241021,0.1139598490667184,0.0779788797777957
0.10911063420682965,0.1249459250993785,0.11396729824381584,0.1258806321902266,0.10019958112411918,0.0880035324163357,0.12929071487370053,0.10281669752443533,0.1057849843211587
0.0718187520503198,0.127172804666038,0.11312367555524046,0.11769930925297194,0.18099257318728923,0.07663180672141763,0.11755112868487542,0.11373076795641761,0.08127918192542986
0.10911063420682965,0.1249459250993785,0.11396729824381584,0.1258806321902266,0.10019958112411918,0.0880035324163357,0.12929071487370053,0.10281669752443533,0.1057849843211587
0.0957419020876269,0.14811366962783654,0.0787620093025127,0.08502737218669998,0.04576713664094297,0.12656164537233305,0.08666594625212448,0.22093745014044872,0.11242286838947467
0.10911063420682965,0.1249459250993785,0.11396729824381584,0.1258806321902266,0.10019958112411918,0.0880035324163357,0.12929071487370053,0.10281669752443533,0.1057849843211587
0.2312497559774749,0.08768018574928067,0.13456143073780716,0.11039875077357653,0.08751158682839827,0.06956155824317937,0.09366573379161196,0.09314658250390856,0.09222441539476256
0.06901829294694475,0.14379405401580242,0.10245250003558919,0.11101447496439971,0.13250788483862078,0.0901105405937097,0.11043847275910117,0.16249584576079043,0.07816793408504176
0.09842467152284236,0.12560237189344112,0.12138206778324945,0.1384448420848691,0.047202248890751884,0.09180620975509109,0.13438913900149632,0.13566203180439926,0.10708641726385947
0.11488956938272749,0.1542530227602774,0.11098959226659955,0.10906120438895517,0.07191353002512506,0.09208740986640833,0.11999823647927664,0.13010032429317397,0.09670711053745633
0.13880352463867654,0.1252140797197416,0.08552710502706846,0.09020431672749035,0.08107467297084646,0.09683792697112215,0.09112844561543482,0.1732669349593514,0.11794299337026819
0.0996312380918823,0.14452385872765705,0.1204473085919678,0.11949511556781202,0.05021921317933705,0.08394283474474608,0.12566341261512806,0.16996996374358156,0.08610705473788799
0.10762097134332697,0.1057836240909077,0.11677932695491984,0.11870049520766988,0.05737976695929046,0.09883198841611367,0.11252624522088296,0.19452824872113214,0.08784933308575649
0.11182148841929494,0.13427640542839414,0.10696768559037291,0.12197945614289867,0.08422756562216954,0.09949790630358518,0.12489252548342766,0.12077667731957605,0.0955602896902809
0.15942344116205023,0.10198532344526368,0.15316266095219658,0.12157331500228336,0.08630122399496616,0.06864566116608001,0.11926125420153005,0.09780688085010385,0.09184023922552603
0.09040701526491124,0.11080021882581363,0.11842423914850675,0.11432982323734035,0.19158469379786755,0.07770316485115518,0.13931440893826422,0.04605832302096965,0.11137811291517136
0.17969333720013872,0.10337734583112257,0.1302887306663559,0.12776051618500237,0.09044140104930604,0.0789856755321953,0.10891254568564838,0.10505772228015069,0.07548272557008003
0.12326962171105592,0.10735489503636103,0.1487586573882895,0.11931655844137563,0.10091128445939095,0.07679712132491238,0.11104682991307065,0.10622117313658734,0.10632385858895659
0.10911063420682965,0.1249459250993785,0.11396729824381584,0.1258806321902266,0.10019958112411918,0.0880035324163357,0.12929071487370053,0.10281669752443533,0.1057849843211587
0.1181013996879972,0.11359237295649068,0.13945574548785808,0.11454116873065973,0.056310267334306635,0.08707912454588329,0.0969468128469176,0.22384820471780062,0.050124903692086165
0.10911063420682965,0.1249459250993785,0.11396729824381584,0.1258806321902266,0.10019958112411918,0.0880035324163357,0.12929071487370053,0.10281669752443533,0.1057849843211587
0.10963627850338149,0.14230997360766637,0.09533694295987276,0.11041565382565517,0.0665980324057398,0.11251583947658966,0.1126983095906568,0.15438173393297877,0.0961072356974592
0.12921592720609415,0.12691130367443504,0.08933314842668261,0.10187203414046751,0.08784145408797343,0.09665327267340185,0.10621635744758545,0.13901504304851028,0.12294145929484968
0.10911063420682965,0.1249459250993785,0.11396729824381584,0.1258806321902266,0.10019958112411918,0.0880035324163357,0.12929071487370053,0.10281669752443533,0.1057849843211587
0.10911063420682965,0.1249459250993785,0.11396729824381584,0.1258806321902266,0.10019958112411918,0.0880035324163357,0.12929071487370053,0.10281669752443533,0.1057849843211587
0.0919115368822976,0.10907879204768561,0.10855859583158627,0.12007964740657827,0.05131144845184857,0.07918218895755792,0.1162237995884632,0.13451921868405253,0.18913477214993013
0.12185926778406843,0.10845194119580541,0.100753796571263,0.10831610148018765,0.13121067840103764,0.0817324213418801,0.11725817716234499,0.10119720169666456,0.12922041436674822
0.13860627735714556,0.10403060985016721,0.1476476857300922,0.1085984661561706,0.0930675255208452,0.07904059220940453,0.094629798560438,0.12259319117081535,0.11178585344492131
0.10315063430162326,0.09219666921339997,0.131324964100113,0.11652423074865935,0.17684709863203776,0.09404991785349155,0.109302502561522,0.10684912680332274,0.06975485578583025
0.1035554706302118,0.1554316766406207,0.0998133165286144,0.10133329668960411,0.15315718062922734,0.06365788187172924,0.09703887787065278,0.13494217775721143,0.09107012138212822
0.10911063420682965,0.1249459250993785,0.11396729824381584,0.1258806321902266,0.10019958112411918,0.0880035324163357,0.12929071487370053,0.10281669752443533,0.1057849843211587
0.10911063420682965,0.1249459250993785,0.11396729824381584,0.1258806321902266,0.10019958112411918,0.0880035324163357,0.12929071487370053,0.10281669752443533,0.1057849843211587
0.08855977182387416,0.11184243535244677,0.1285372011852066,0.10260317876318233,0.13308772151747114,0.08391716652459742,0.09813768461179169,0.14454896935687297,0.10876587086455698
0.11041306809732476,0.1283951610545555,0.11181410250772393,0.12506233317507515,0.09448165204750059,0.09201246407033524,0.12830924241919306,0.10837313673473875,0.10113883989355299
0.07148261131001901,0.1446901313796266,0.10738480815464028,0.113501321870584,0.10254373204354904,0.08479690917504112,0.11303204462934084,0.13181669198300067,0.1307517494541984
0.14754783132315985,0.12591785131575817,0.08570776555833139,0.10770101229817171,0.1203040770763919,0.07074850430447836,0.0996407142620262,0.10064850961137019,0.14178373425031232
0.09195067045350823,0.12118110989435325,0.08587768540651353,0.09383126672360136,0.07183883100457296,0.095956052786833,0.0881838051078035,0.19975131353627948,0.15142926508653468
0.10911063420682965,0.1249459250993785,0.11396729824381584,0.1258806321902266,0.10019958112411918,0.0880035324163357,0.12929071487370053,0.10281669752443533,0.1057849843211587
0.1510479910621709,0.10705557773533797,0.12870125694608459,0.10268526435193383,0.12620868088984288,0.06698407739110389,0.1152300014386153,0.07714226655949612,0.1249448836254146
0.10911063420682965,0.1249459250993785,0.11396729824381584,0.1258806321902266,0.10019958112411918,0.0880035324163357,0.12929071487370053,0.10281669752443533,0.1057849843211587
0.10485462700064614,0.11003255997370752,0.13663405171325718,0.09633698641925141,0.14350854163060123,0.07230031092805364,0.08041925555774203,0.14790568177893812,0.10800798499780277
0.10911063420682965,0.1249459250993785,0.11396729824381584,0.1258806321902266,0.10019958112411918,0.0880035324163357,0.12929071487370053,0.10281669752443533,0.1057849843211587
0.12224394835681925,0.14504927535766554,0.10172593398014614,0.1109771520634631,0.12247170307974892,0.06809793769875577,0.11286658014706268,0.10440442370189744,0.11216304561444124
0.12534666400381642,0.10467950605339867,0.10795479404588271,0.10256727737335591,0.14036633475453564,0.07616480338899947,0.11223439765754288,0.0879322745178905,0.1427539482045778
0.10795959818824037,0.09161858239219851,0.12441578030024836,0.11675260914948508,0.11989730705231905,0.073387704106694,0.1063111515955558,0.10896483878281088,0.15069242843244793
0.10911063420682965,0.1249459250993785,0.11396729824381584,0.1258806321902266,0.10019958112411918,0.0880035324163357,0.12929071487370053,0.10281669752443533,0.1057849843211587
0.0838271875329929,0.1177882310871589,0.11756288156467926,0.1042142636575144,0.06120116599624756,0.11854959015128803,0.11669188669117288,0.14418984622379938,0.1359749470951467
0.10426993552113477,0.10734694102498765,0.10189230688773497,0.10910259497821567,0.11660553765138872,0.07885431917902208,0.10958394151628788,0.11136327764824543,0.16098114559298288
0.10911063420682965,0.1249459250993785,0.11396729824381584,0.1258806321902266,0.10019958112411918,0.0880035324163357,0.12929071487370053,0.10281669752443533,0.1057849843211587
0.10911063420682965,0.1249459250993785,0.11396729824381584,0.1258806321902266,0.10019958112411918,0.0880035324163357,0.12929071487370053,0.10281669752443533,0.1057849843211587
0.10822547416724608,0.1361191209450562,0.109369673673594,0.10738456098397807,0.11225520338547605,0.08422163662885163,0.12215588488292843,0.1138914619186624,0.10637698341420716
0.182162152088186,0.12567903630179242,0.07362588210624571,0.08429802611904263,0.05837020619477612,0.079826872072618,0.09463398268853752,0.16060341156361746,0.1408004308651841
0.10911063420682965,0.1249459250993785,0.11396729824381584,0.1258806321902266,0.10019958112411918,0.0880035324163357,0.12929071487370053,0.10281669752443533,0.1057849843211587
0.10827776024784629,0.13640036413833723,0.10917002018332601,0.10665532985598875,0.11309790774280067,0.08400653249221186,0.12174412671974845,0.11422068744697352,0.10642727117276725
0.10911063420682965,0.1249459250993785,0.11396729824381584,0.1258806321902266,0.10019958112411918,0.0880035324163357,0.12929071487370053,0.10281669752443533,0.1057849843211587
0.0957430835792954,0.14369038709947712,0.08894320618752172,0.10354622157868153,0.03451657360491293,0.1281176028645259,0.09941569033038063,0.23087194027622246,0.07515529447898238
0.13095512205004448,0.08942877037351783,0.10435901288113338,0.09984362657394723,0.19834780252433148,0.07502419171074746,0.1189035427200375,0.06935095975069283,0.11378697141554779
0.11835870151891677,0.1008987453740728,0.13637108973807802,0.10809384472128185,0.07718142747595381,0.1111907467984634,0.11706988748000524,0.13176795834178182,0.09906759855144635
0.15473658770775775,0.1158991629427108,0.09996316645883802,0.10538958040912634,0.1210684019946484,0.06676552651283815,0.12119855906734385,0.1012615193335009,0.11371749557323578
0.10911063420682965,0.1249459250993785,0.11396729824381584,0.1258806321902266,0.10019958112411918,0.0880035324163357,0.12929071487370053,0.10281669752443533,0.1057849843211587
0.11130479188853115,0.13144586549670256,0.10952471450985479,0.12378345468337441,0.08927857354467306,0.09577141552744044,0.1268668233250709,0.11420172986128115,0.09782263116307159
0.10911063420682965,0.1249459250993785,0.11396729824381584,0.1258806321902266,0.10019958112411918,0.0880035324163357,0.12929071487370053,0.10281669752443533,0.1057849843211587
0.11286279102856284,0.12095220920837517,0.11328893763579372,0.12512404413686481,0.10371508687089677,0.08804569996696023,0.13035688381663682,0.10244572511084034,0.10320862222506944
0.09237427135407676,0.11320471876238171,0.12905496226327065,0.1016718921143183,0.0888795090995884,0.07618354187084675,0.1277125907701149,0.10197779184483412,0.1689407219205683
0.08464017084758996,0.13709817205913902,0.11012160028613875,0.09051944230167631,0.1315389521477546,0.06157964269117291,0.09054023593821246,0.09670219034177802,0.19725959338653795
0.10911063420682965,0.1249459250993785,0.11396729824381584,0.1258806321902266,0.10019958112411918,0.0880035324163357,0.12929071487370053,0.10281669752443533,0.1057849843211587
0.08165537116073768,0.10841086595672002,0.13564364249604638,0.09365595268207179,0.1709007530554353,0.06547822497444755,0.08858903785320286,0.14526084875795034,0.11040530306338807
0.10911063420682965,0.1249459250993785,0.11396729824381584,0.1258806321902266,0.10019958112411918,0.0880035324163357,0.12929071487370053,0.10281669752443533,0.1057849843211587
0.10199811551029615,0.11631745292729083,0.16292383249143702,0.11523562216472129,0.10450343531208676,0.07508814114566907,0.11083218324609179,0.11283573545413927,0.10026548174826781
0.11941807094088713,0.12262449582335255,0.1055857502867003,0.1101753087547948,0.13104189841266736,0.08998695005862069,0.11140119254069251,0.10988574350654257,0.0998805896757421
0.10911063420682965,0.1249459250993785,0.11396729824381584,0.1258806321902266,0.10019958112411918,0.0880035324163357,0.12929071487370053,0.10281669752443533,0.1057849843211587
0.10911063420682965,0.1249459250993785,0.11396729824381584,0.1258806321902266,0.10019958112411918,0.0880035324163357,0.12929071487370053,0.10281669752443533,0.1057849843211587
0.13008427718825336,0.12664297282331427,0.08828279999204386,0.10065378941647811,0.08717298120291754,0.09677048139701692,0.1050048274541493,0.1413491915201704,0.12403867900565624
0.061873995637575285,0.10714112600940813,0.09838137591226824,0.10464939833892921,0.20415896141561288,0.06869942234481907,0.09553627721523657,0.14690948302637186,0.11264996009977872
0.10268943755815074,0.10185921418043997,0.10389693156266228,0.11417687156776146,0.15910149129189752,0.08222988137995187,0.11304682240443274,0.11155171961748307,0.11144763043722035
0.06753344460776885,0.14405843941840957,0.1014717847957712,0.10951772256630114,0.13455337721822283,0.08958318619829042,0.10874716699683647,0.1668959747881922,0.07763890341020742
0.10089680472329064,0.10779151724010626,0.10408910821804161,0.11379873234997988,0.09055394238507393,0.07440921357826118,0.10830954858301911,0.10182988306699182,0.19832124985523555
0.11768414597858506,0.11179908826156654,0.1296129026004877,0.14392563413818182,0.10325907925237439,0.07960301412064778,0.12372553319844772,0.11300206034907646,0.0773885421006325
0.10911063420682965,0.1249459250993785,0.11396729824381584,0.1258806321902266,0.10019958112411918,0.0880035324163357,0.12929071487370053,0.10281669752443533,0.1057849843211587
0.13597391289481756,0.11902544077499073,0.140178126262474,0.09912481826834056,0.12786021051320753,0.06314926580902715,0.11289851604323164,0.08220890250059003,0.11958080693332075
0.10911063420682965,0.1249459250993785,0.11396729824381584,0.1258806321902266,0.10019958112411918,0.0880035324163357,0.12929071487370053,0.10281669752443533,0.1057849843211587
0.10911063420682965,0.1249459250993785,0.11396729824381584,0.1258806321902266,0.10019958112411918,0.0880035324163357,0.12929071487370053,0.10281669752443533,0.1057849843211587
0.11192055817669955,0.13663727466275,0.1044007432715176,0.11985297724948613,0.07973851105039269,0.10284673762072476,0.12260772876210113,0.12757501904748758,0.09442045015884058
0.1117871161181998,0.1339957889927692,0.10724378265112201,0.1221905385962316,0.08474172284379723,0.09911597204399197,0.12512137804442672,0.12005927994759147,0.09574442076186995
0.10911063420682965,0.1249459250993785,0.11396729824381584,0.1258806321902266,0.10019958112411918,0.0880035324163357,0.12929071487370053,0.10281669752443533,0.1057849843211587
0.0981868488419092,0.10458735252463837,0.10711023230401968,0.1187877312037507,0.13773413122975478,0.07572133518690792,0.11208123145338279,0.10688176920071717,0.13890936805491938
0.1237630520511892,0.11707717202958101,0.1086032521198198,0.10012900811482543,0.13930544136435474,0.09843638160779233,0.10306581486559357,0.11293582219056801,0.09668405565627582
0.11112350749227877,0.11624510062533906,0.1231004765979641,0.11811140209355836,0.11537531867467994,0.0944532363695314,0.12362297744632363,0.09538685434508909,0.10258112635523563
0.10911063420682965,0.1249459250993785,0.11396729824381584,0.1258806321902266,0.10019958112411918,0.0880035324163357,0.12929071487370053,0.10281669752443533,0.1057849843211587
0.10911063420682965,0.1249459250993785,0.11396729824381584,0.1258806321902266,0.10019958112411918,0.0880035324163357,0.12929071487370053,0.10281669752443533,0.1057849843211587
0.10911063420682965,0.1249459250993785,0.11396729824381584,0.1258806321902266,0.10019958112411918,0.0880035324163357,0.12929071487370053,0.10281669752443533,0.1057849843211587
0.10911063420682965,0.1249459250993785,0.11396729824381584,0.1258806321902266,0.10019958112411918,0.0880035324163357,0.12929071487370053,0.10281669752443533,0.1057849843211587
0.10911063420682965,0.1249459250993785,0.11396729824381584,0.1258806321902266,0.10019958112411918,0.0880035324163357,0.12929071487370053,0.10281669752443533,0.1057849843211587
0.21069716890176546,0.10612975035945098,0.11894176731021107,0.11273875311595312,0.10076901770364384,0.06263879173943561,0.09577015860347288,0.1078024015385786,0.08451219072748832
0.1719353587015171,0.08877207995891416,0.12219043162162128,0.09293978574610995,0.14942500886289214,0.06829839617351952,0.08628933033275345,0.10772554320404672,0.1124240653986256
0.14679386143139306,0.11403724350922395,0.10301885119066685,0.10741343249217483,0.12549522461615337,0.0659544691843867,0.12238677442159125,0.09368117599557611,0.12121896715883392
0.11755593769591062,0.10505928438187771,0.13805853606532095,0.10784513821597558,0.19825039330241134,0.06946185843014387,0.09338747849090197,0.08779862974063474,0.08258274367682322
0.10911063420682965,0.1249459250993785,0.11396729824381584,0.1258806321902266,0.10019958112411918,0.0880035324163357,0.12929071487370053,0.10281669752443533,0.1057849843211587
0.10911063420682965,0.1249459250993785,0.11396729824381584,0.1258806321902266,0.10019958112411918,0.0880035324163357,0.12929071487370053,0.10281669752443533,0.1057849843211587
0.1280805876432444,0.12739390737908218,0.09637722847633136,0.11429363281802853,0.04237682976466736,0.10186684972143241,0.1110947200291791,0.176810053962939,0.10170619020509564
0.0932504385534455,0.14484206086687196,0.12367565606029367,0.117906156671086,0.09416202557080335,0.08334585930265637,0.12633205735034606,0.1208690316726284,0.0956167139518686
0.10957476047866595,0.14237157305926262,0.09520092269924361,0.11025384067056017,0.06642068993533337,0.11264200741084383,0.11253027780666647,0.15482528297348894,0.09618064496593505
0.09136890253867014,0.12602551225197656,0.10269930250535526,0.08096993079150082,0.062043586175945166,0.12207734040958211,0.08954737761409258,0.19201908215336538,0.13324896555951202
0.10911063420682965,0.1249459250993785,0.11396729824381584,0.1258806321902266,0.10019958112411918,0.0880035324163357,0.12929071487370053,0.10281669752443533,0.1057849843211587
0.16675685160129697,0.1272174557927113,0.11630734566028966,0.1009396196946597,0.14167682941628004,0.07754880967654885,0.11090704695939461,0.05869644210890727,0.09994959908991162
0.09616199882875599,0.09003092876407688,0.08444085975520549,0.10836819799494761,0.11376944366103851,0.2429887458580914,0.10425838947791022,0.07700468772557813,0.08297674793439584
0.1249635586386843,0.12313243614775558,0.10408836869866005,0.1215494763381133,0.04795529765525308,0.09273053120855296,0.11883129363240018,0.15069447339182082,0.11605456428875982
0.09865275874923159,0.10867283690590479,0.10283135028985585,0.11563989173502576,0.12165589238312409,0.08019359702490052,0.10880325697824646,0.12249336084867508,0.14105705508503588
0.07963024171081708,0.12155151121833878,0.10081408646191509,0.09912194784477522,0.20088859116816385,0.06255969781911654,0.1131564249943211,0.1281972715069996,0.09408022727555271
0.10911063420682965,0.1249459250993785,0.11396729824381584,0.1258806321902266,0.10019958112411918,0.0880035324163357,0.12929071487370053,0.10281669752443533,0.1057849843211587
0.1185960817847797,0.10083047924744866,0.10876912489742384,0.09720975274313925,0.11095969969556485,0.10815241182892682,0.11183608154033735,0.122502847303073,0.12114352095930658
0.10911063420682965,0.1249459250993785,0.11396729824381584,0.1258806321902266,0.10019958112411918,0.0880035324163357,0.12929071487370053,0.10281669752443533,0.1057849843211587
0.11036898657286533,0.1282650656345984,0.11190293028811758,0.12510425500693856,0.09469980247805736,0.09185702356684848,0.1283577201374711,0.1081463123593744,0.10129790395572878
0.10679873282678994,0.12296892460319138,0.10530317308703525,0.1141769870838728,0.06289901357155957,0.08017727663075307,0.11679991699743712,0.0995533690672105,0.19132260613215038
0.10911063420682965,0.1249459250993785,0.11396729824381584,0.1258806321902266,0.10019958112411918,0.0880035324163357,0.12929071487370053,0.10281669752443533,0.1057849843211587
0.10911063420682965,0.1249459250993785,0.11396729824381584,0.1258806321902266,0.10019958112411918,0.0880035324163357,0.12929071487370053,0.10281669752443533,0.1057849843211587
0.10911063420682965,0.1249459250993785,0.11396729824381584,0.1258806321902266,0.10019958112411918,0.0880035324163357,0.12929071487370053,0.10281669752443533,0.1057849843211587
