0.08335854149366273,0.10446257612292757,0.08968536716202631,0.10839355817368306,0.05024605023591409,0.13261156143410754,0.0821457417628029,0.09609806856847358,0.2529985350464023
0.07668025457462357,0.14743129357384677,0.11977793926614926,0.1001143597792763,0.1377729946857853,0.08646898816321998,0.08983502931780547,0.09795105311515705,0.1439680875241363
0.08757703076837581,0.12245081587560151,0.12905275672040925,0.10395701381734025,0.07085372562398118,0.1673440662641524,0.11590782338644844,0.0918356710985781,0.11102109644511299
0.12420682942482537,0.11263129559249734,0.09517501945556732,0.08978228549734796,0.13496008627404418,0.037412074768119474,0.1883192998938016,0.1068569658168899,0.11065614327690691
0.09926177507072216,0.11121375764553217,0.16824166909282914,0.09683769063617022,0.13924671119357188,0.12044362088429161,0.0998627870394352,0.10000942769366493,0.06488256074378268
0.08530367378566561,0.13083638689859506,0.07182456880689118,0.15390452654384076,0.14585424971557967,0.08349720829229101,0.07946515499286327,0.14868898844877373,0.10062524251549972
0.16037892249160315,0.12305033689477692,0.11879040949827564,0.0785431019566844,0.12062460717154322,0.08814006425040884,0.11071641650605653,0.12201002035857222,0.07774612087207904
0.07695236557859969,0.0928134772910696,0.10765734868010361,0.11720865694631989,0.051030071374922305,0.12823966533366213,0.11661002771144931,0.08678128498804448,0.2227071020958289
0.11200759088982705,0.11403348044811523,0.12796666114576014,0.08248834079497366,0.10988698747185399,0.14757959198969986,0.07591823095768617,0.09271628851473955,0.13740282778734436
0.14026292594140324,0.11725892510199935,0.08101260055350039,0.15189169086087026,0.12119190183071267,0.04520678682402204,0.11096671898927402,0.11666504713390076,0.11554340276431735
0.0707115062847976,0.06866560817598494,0.18248080807949427,0.07151379314021829,0.1819807120092983,0.11809664892380041,0.12262034690181407,0.07576732500944951,0.10816325147514266
0.08269285417931214,0.10344660533136603,0.09003433914037734,0.07989460088457986,0.1465915761715775,0.026636716986906034,0.08405929109389669,0.10968424750504556,0.2769597687069389
0.05244505456708329,0.11412065317370908,0.0902209671028487,0.09299397913826812,0.08701272720972895,0.0626701403721706,0.1397318890148171,0.11136716767571557,0.2494374217456585
0.09571009387943967,0.1127260191699689,0.18145329839743216,0.1009688042325868,0.11982915545544735,0.12240213789369635,0.10500609314504374,0.09812383988843858,0.06378055793794642
0.12131180595784952,0.17227720013883296,0.07355309141815279,0.11769604211919522,0.025280903272217242,0.06732292013455583,0.15698915969286095,0.14155448186472028,0.12401439540161512
0.08543698283544654,0.10019426512041256,0.08379145483396892,0.07739012920987137,0.12171295032864904,0.24165554273631865,0.07912627520775496,0.09311267798433838,0.11757972174323959
0.11749364306594719,0.13756899322286273,0.08581932878904515,0.14117756305744752,0.13993628891835946,0.03690327376666973,0.1123311591761379,0.1307434093732954,0.09802634063023495
0.08886168522963572,0.1071735326301268,0.0873166936523545,0.0993243009246585,0.0981183058980768,0.1191485829567394,0.08867847132990903,0.10398819174934265,0.20739023562915662
0.11624848876919086,0.10119782571016527,0.0641479581785896,0.10113446137244492,0.07894082996988692,0.08758018459992578,0.10147400080300352,0.12076730811839907,0.228508942478394
0.0863521202903722,0.14150062245346393,0.08857902002527035,0.15976987187081418,0.043307503341588345,0.043972341709237396,0.09839373585090082,0.09885449886202817,0.2392702855963246
0.09042064340979862,0.11883334344306613,0.07395254653333228,0.08279329207972048,0.12032959336347593,0.12786658122814157,0.11151952389639191,0.12004622042527491,0.15423825562079818
0.09579674815754514,0.09985383414125211,0.07575582943039445,0.08814233463581096,0.2527721787743186,0.06845179199415,0.0838243597991248,0.11626320398732516,0.11913971908007871
0.10004282818614535,0.13824618222244486,0.1089133397540783,0.11851652346201606,0.022349052615840248,0.18529761164616607,0.13096993760830522,0.10890577460234736,0.08675874990265653
0.12655887157861992,0.1377017304063483,0.14350131071966293,0.08478110514068272,0.09593006894001539,0.09673271821943084,0.07329348530655656,0.12640723276904733,0.11509347691963594
0.04870588508855061,0.10790874736774093,0.2022620721394384,0.10532078646187036,0.07040106744242937,0.07545414470331818,0.08567955848421437,0.11018343116460179,0.194084307147836
0.11647939460117905,0.09777283089181789,0.1073417503499496,0.12448537293217943,0.14023172836167394,0.0573614025912467,0.15257286577452053,0.11094648551122975,0.09280816898620319
0.07601816952507943,0.12868570071536264,0.11109300002858073,0.13795594010428394,0.09085815709894567,0.07922114789826017,0.127529270467557,0.11806226671893709,0.13057634744299337
0.11484269826599787,0.0762660353572706,0.15469331614170193,0.11352554527482354,0.14167678414125615,0.1347530854602991,0.07959877075390506,0.08605757016634892,0.09858619443839688
0.10001319353192163,0.10678118514378467,0.08855777876927114,0.26414478463399643,0.09032413244747449,0.07149708862759217,0.10362225637597454,0.10580973684658407,0.06924984362340078
0.10891302328873194,0.1446048483200623,0.08472599569979765,0.09672780729439572,0.024045178070197865,0.1788374196721676,0.1298693835554459,0.1283278444698602,0.10394849962934083
0.11456183843731449,0.10944847916169942,0.08059341789298129,0.11502221677041657,0.07682133549122101,0.0827565004358191,0.17106758784939455,0.1422330203844211,0.10749560357673262
0.13497683498876353,0.11418585664666993,0.14941840848061236,0.09488600143559679,0.12238759109795395,0.05469827994926108,0.12496522377402992,0.10038028053167512,0.10410152309543734
0.08508859280413363,0.17334604604872425,0.10816610291426537,0.10796242914851432,0.10207746245205383,0.05557063565330169,0.16582732217094487,0.111872202250284,0.09008920655777813
0.12579603997382216,0.1366716807952204,0.1386931033977079,0.08222180012349573,0.10408264906297197,0.047191758981843246,0.10101581859454767,0.10677437389359375,0.1575527751767972
0.09857940916769166,0.13073639620732394,0.11843446134630758,0.10169692506569171,0.10630803833621076,0.0544412103207342,0.11707327413604864,0.08437758361105509,0.1883527018089364
0.12896418806544427,0.12458759246757566,0.09882897530754003,0.16382466051013242,0.059452674877282154,0.05343970917362884,0.1598612238891106,0.13135703372784494,0.07968394198144112
0.17366089794917575,0.11226979713584802,0.08789996653593923,0.11231590189911934,0.05226708278956658,0.06378931724433191,0.12987573411949024,0.12188030657402683,0.14604099575250207
0.12187605512986777,0.1149892467443719,0.17397072418091275,0.11337215236401095,0.0905341632338491,0.07288305323721163,0.08188297404268555,0.09025278465621318,0.1402388464108771
0.05670681143217543,0.10838339888747095,0.15539981216902296,0.07634841430914373,0.10280749251761508,0.1108985812778112,0.09933658454147036,0.10839072514996606,0.18172817971532437
0.12826448365013302,0.132292852434177,0.10340953349051733,0.10726280083028328,0.07356262907364784,0.025689682906610087,0.16645436234058886,0.15064511886702245,0.11241853640702015
0.09735554579987145,0.09555692096308839,0.09097804280671336,0.0901104705335849,0.24458125014893708,0.09752613369580183,0.09945081793876019,0.10565038655550414,0.07879043155773859
0.06497118759411308,0.12159540782589547,0.09342704903637293,0.0871769139209807,0.09471100760952578,0.04055743790459745,0.09044557476487895,0.10479349730395088,0.3023219240396848
0.12629084672532231,0.12595927616919786,0.12252663298551562,0.12096661443842412,0.059355929792250794,0.06362226548331945,0.08568618388557785,0.13263500459352737,0.16295724592686456
0.13209447376271213,0.1425639041643604,0.12970228828199717,0.12544731943645435,0.04701580651974544,0.0783906073337249,0.11073161542814743,0.12239927882766648,0.11165470624519175
0.09811705362999834,0.08324919965891497,0.10805952089991265,0.09994061552224087,0.05441636524739676,0.17746685695826417,0.1109635410034699,0.09449342549695498,0.17329342158284733
0.069691890456814,0.14346988737890162,0.07230613999879833,0.14713630825297153,0.059170934281330245,0.12469532641594695,0.11039416636764544,0.14618446948533587,0.12695087736225596
0.10475408439183563,0.12478474221037132,0.11300255720916937,0.0844188161008869,0.1656076547432017,0.11757437882265305,0.0860859065293675,0.11833246877831786,0.08543939121419668
0.10831972383230735,0.10820265775715432,0.11833977537361418,0.0783761834165983,0.1112806229980093,0.13808793947572254,0.07938398454573463,0.10893538301030285,0.14907372959055648
0.08435768031481045,0.08107085509229828,0.15498071079884002,0.07628727008419957,0.10872777209289386,0.19228297387286072,0.07655970582172276,0.07097230739530817,0.1547607245270662
0.08207096355914585,0.1112717868763487,0.13743569230566083,0.13751235108009938,0.10942934462962549,0.1312577542852869,0.10154490462488448,0.10165704361944032,0.08782015901950803
0.09587547922657223,0.07851353748328928,0.10741861995474154,0.07683071915391432,0.24614176563868825,0.1100046947145103,0.10685288982310885,0.1086459328603462,0.06971636114482904
0.07710523319996923,0.10128877375934421,0.16331695071267432,0.087219007578804,0.13046843918054474,0.05971425614095033,0.07996144264895765,0.10160857151048049,0.19931732526827495
0.09876908999947652,0.09237859486496747,0.08107499377706294,0.09554074860229356,0.1543434765090749,0.08120249591538216,0.1318402479406302,0.14108628398846668,0.12376406840264552
0.08500429179311875,0.10372050256496416,0.10285539000047393,0.08433889053733289,0.17542239425808379,0.09013477665161375,0.12906779550172817,0.10671204844389776,0.12274391024878689
0.1655895194213939,0.10314636256998805,0.11887615900397534,0.17143697448525316,0.03997558800245256,0.0970052876561381,0.09429839975426874,0.11631106928514146,0.09336063982138869
0.07850392524629089,0.1497910788462222,0.11215010729974545,0.14031403955135638,0.07913277001659078,0.11130673936619069,0.13756433917287134,0.10227176879863581,0.08896523170209651
0.11131716705986616,0.10271153701559495,0.07781584823200972,0.06705290563377957,0.27944363951493023,0.05431140483862033,0.09438078203177543,0.10481449412151417,0.10815222155190946
0.09150767563833885,0.13931283601972652,0.11073434635679086,0.10493641793544657,0.16707634312037214,0.10928577611065164,0.08861620526599935,0.11236719688656194,0.07616320266611203
0.14335763997980178,0.09108406491535474,0.09481107252025205,0.1204421202752406,0.0840761705390295,0.07302399279737648,0.1030148050616838,0.12245425049371146,0.16773588341754964
0.12079682156731754,0.14346249648327866,0.09699167774353233,0.08395926529581767,0.08693875876445556,0.19589544065208422,0.09609053616974399,0.10231959078376966,0.07354541254000045
0.12513219234070191,0.09103909279761169,0.20335977713242823,0.08256275450682576,0.08735070517081449,0.0923635994309406,0.093977736120548,0.1134028609621794,0.11081128153794989
0.13269661124530216,0.09742682465061865,0.10668319604809999,0.07625408149571287,0.063384352029428,0.0675678647410213,0.10385120111342638,0.09933285252195811,0.2528030161544325
0.1513506848948788,0.12122492125369295,0.1020233477580033,0.06835296110552916,0.10450340872961851,0.08854454889577919,0.12583612673048236,0.12376914606565605,0.11439485456635969
0.08920827838758205,0.09897835194574171,0.15637688873129904,0.1065364249570062,0.23711830160893885,0.05216043003678169,0.11446892562991423,0.07772908438273966,0.0674233143199965
0.09252533870416223,0.1467090530511225,0.09655568767470613,0.08008095830096368,0.03232615602803724,0.2106327112825811,0.13987730021634473,0.11353886268372372,0.08775393205835873
0.08185424578358348,0.08130819894020185,0.1289465005579352,0.09127567756937054,0.021696095569396542,0.28269639464978175,0.08575457218133194,0.09099637982639669,0.13547193492200205
0.13351689262697183,0.11067900676864217,0.10164990839966816,0.11608678884872269,0.030837242247540503,0.09291387589656064,0.1382899073082199,0.10771552179048076,0.16831085611319344
0.07548477816772901,0.159388033352757,0.10034553630394905,0.1064857863166091,0.09244801184698591,0.12428072855007888,0.11494836394652057,0.10922950912308112,0.11738925239228941
0.0907847849577514,0.11157127254349401,0.124103146648794,0.13131422276745855,0.13305079921994636,0.06543737348710704,0.1255737908659096,0.11808257883110218,0.10008203067843684
0.09583352412999874,0.11945930750313861,0.09963166063050576,0.09291587334390093,0.10771180799161795,0.168977591267263,0.11086229432624621,0.11566494292384422,0.08894299788348457
0.10743938552815956,0.0834922917721278,0.13548726001354552,0.1267156406178083,0.15497130305486112,0.12119219875598268,0.09505676185402549,0.11420900738192041,0.06143615102156908
0.1292069729132713,0.11318400904133896,0.1277541529985072,0.17831182328542802,0.05962249836439624,0.08279116873717,0.08432670257658455,0.09896054062218856,0.12584213146111525
0.1079523877742284,0.11059203129174282,0.09080187581306039,0.10224858679269838,0.13921919497827004,0.14819649298522047,0.08103913358087196,0.10038446714383636,0.11956582964007116
0.07585086900430706,0.14963628374746085,0.11185675503640706,0.16002595749825138,0.12725575134046943,0.06409332840528881,0.09865541758254072,0.10391309340040868,0.1087125439848659
0.10024409801053176,0.14363288155762483,0.07502347940493265,0.1444942645203342,0.06226061296937044,0.06489189502015447,0.15011156949823692,0.13032148353239978,0.12901971548641492
0.09365536827295518,0.1473444368486931,0.06954299047135586,0.12658141271919207,0.029899608314511678,0.1318935189118485,0.15796041157515153,0.1301128609633918,0.11300939192290027
0.09430804769277867,0.130806316437202,0.1839319353597478,0.09717433297397295,0.13796623970185393,0.05201279608565981,0.11223836092623013,0.09369001854668459,0.09787195227587005
0.09780134840508847,0.14854645349174633,0.14641780082916214,0.1459408003831547,0.1356051811075157,0.02470591766520468,0.10078676114082226,0.08482908868267337,0.11536664829463228
0.10991615955177385,0.1326975485917193,0.10834728391685693,0.13998660452882625,0.038518687517597065,0.19893746007992108,0.0806837628789608,0.12068225921109627,0.07023023372324848
0.07811409576748078,0.10550676580829228,0.08544268724842703,0.10103965143409188,0.06677675826300448,0.22627497820127862,0.0996845243815136,0.11776726054717844,0.11939327834873287
0.07886886262041466,0.15151134480371167,0.07659448067459773,0.1140753830784584,0.21501296448858934,0.11230860663267939,0.06551999719917019,0.10966845511845114,0.07643990538392749
0.06912961257844498,0.11000063760166441,0.1616084551620463,0.09230716181376786,0.24629035334725943,0.025423893293877935,0.10188215332035876,0.11735633059491996,0.07600140228766045
0.09321078514205934,0.11199935767226121,0.09672723764167797,0.09431373897860185,0.12279959824117016,0.06845620617616717,0.09213556331939221,0.10803909669200414,0.21231841613666588
0.15068903746788087,0.12971579321414167,0.082234998694862,0.12673115640450255,0.03478406072989061,0.19079747465688524,0.08284045434779781,0.10828956392960819,0.09391746055443102
0.11119505466049993,0.1254853258772877,0.16049372880629623,0.10587416632715357,0.09675785449845566,0.07898487635931577,0.10757592401498123,0.09682885130437896,0.11680421815163095
0.08756598515695714,0.10024541780278694,0.07195186896832727,0.1151572398641622,0.03839876458272961,0.2874254497269344,0.09433532043920716,0.12071120122051722,0.0842087522383781
0.10200184528660039,0.13820335221309818,0.08680085922585339,0.15560357751158937,0.029305448246607465,0.07941055958102972,0.11375020842443295,0.12723021352649153,0.1676939359842969
0.09172290249879915,0.16732449647546957,0.0955553190820239,0.10406400320755571,0.04412299288115801,0.14125803589685748,0.15131758369459655,0.13041274345867357,0.07422192280486606
0.11872269388416591,0.0919110159836372,0.07736610752683117,0.10598914507170361,0.224400012888509,0.05942213956656998,0.08172999640167519,0.13039844135209475,0.11006044732481313
0.0953370416803273,0.10778276852829904,0.14746186944080542,0.07805830964962625,0.062171447932630956,0.07137453430757378,0.09966205686826184,0.09677263521608509,0.2413793363763903
0.16107522498612728,0.10772705510494089,0.09487860906085771,0.07724229488372536,0.24316207303796822,0.0746645665594526,0.08098086510295488,0.1067855185280574,0.05348379273591559
0.11447274821062348,0.11674340291243783,0.07056355334729619,0.11497628901838804,0.029014708844805743,0.12625193884619976,0.10504355945762393,0.11676039551376498,0.20617340384886004
