0.11981596780632232,0.06028910336733801,0.1063737924390542,0.05203133447419514,0.12097263372688026,0.1250282394152145,0.14934840759496973,0.09666401309757262,0.1694765080784532
0.10381376058393456,0.032706159835089316,0.11679948878137236,0.08058445298103588,0.17691196922167762,0.16762457794855604,0.08410374204636088,0.15008661317629787,0.08736923542567547
0.11381631877506636,0.02570067858997444,0.02797551561575902,0.2384203918391269,0.10162504089879267,0.08637908793095422,0.16218623090667636,0.10305813602136299,0.14083859942228708
0.1238351729482093,0.018612281329587452,0.04144049625765542,0.06307532117507908,0.09293155358970652,0.13123426521161088,0.1296108210131737,0.19576407859485226,0.20349600988012528
0.16343479479062642,0.028849838175107417,0.039294186971349426,0.09726226554920825,0.09839781948915045,0.1928464462813223,0.12893591073833435,0.13238752263776407,0.11859121536713728
0.12402596651175991,0.06917104693452052,0.1027106248238227,0.058883349483473145,0.09562221302052658,0.17550395138407895,0.17860907817179136,0.10568215616383801,0.08979161350618886
0.10921217077447741,0.05608971456633124,0.10594164603281975,0.2657332785802979,0.14072893048614668,0.07441949839992595,0.12577531195286876,0.07732523622207754,0.044774212985054795
0.0941545230510492,0.037256486592768846,0.06884432691422317,0.09203695957584063,0.1382175489893013,0.05809774791417841,0.10683070390582299,0.10850730435256688,0.2960543987042487
0.14062717757583848,0.018260751265693886,0.021269936651290778,0.12860766326626039,0.18289294702310163,0.08248229830786606,0.0775445074648134,0.12037756028975144,0.22793715815538404
0.14705263992552367,0.032738951262850986,0.0389510200343852,0.11156860677559355,0.17759231953364388,0.07660857975335876,0.06608885757596973,0.22397901287862632,0.12542001226004787
0.14414402161743955,0.06361621321497529,0.04064549750635995,0.11005323878926747,0.18727835990960603,0.07871710125033832,0.08327340972868073,0.13335634625726442,0.1589158117260682
0.1350991687262082,0.054202285595187034,0.11194074796831792,0.11633918051684572,0.11356891541252052,0.06036086603867415,0.1323532891048157,0.20713276178155735,0.06900278485587348
0.12808610812558993,0.03931145653350252,0.04332175197441231,0.0958308067792459,0.09113492068600583,0.16729796661134688,0.1802235300130819,0.15076777190089827,0.10402568737591655
0.09442821650831251,0.03509827460489274,0.022737212901141824,0.2835837233029164,0.08991386555489668,0.10056489322806146,0.1631533364955763,0.0928152390662386,0.11770523833796337
0.09059251850754745,0.021015848415662938,0.030340060420991435,0.1423021893477622,0.11598232429795095,0.22397063195390943,0.08432817324741519,0.12127448547843589,0.1701937683303246
0.11210975500865071,0.09308846942731026,0.052205883001772146,0.09287785286702967,0.10207585524887586,0.12287342403747158,0.13405081390500756,0.10223317525807203,0.18848477124581028
0.09021090376831957,0.2582717918095874,0.21514302246713626,0.029510652157277825,0.07055255347622678,0.036241046490741106,0.18082573997256424,0.06615078358854586,0.05309350626960086
0.1525598371678724,0.08979524272440564,0.14533690000427937,0.029274750589774166,0.10067283197907213,0.1289679388619425,0.14647989082844468,0.09496549531768284,0.11194711252652641
0.15564280365279493,0.031926617254776336,0.04000851443946777,0.06284486243186141,0.20713686350159952,0.13931478632255268,0.1258017377899938,0.11265912077877908,0.12466469382817462
0.09960279107902494,0.01864604177771761,0.1099031118775541,0.06378552199197211,0.22150072273558954,0.08119000200253096,0.07959487655046554,0.13925650686314495,0.1865204251220002
0.10899537954096117,0.11917305883978362,0.3033912753749814,0.06084670285471392,0.11717689671612509,0.08185255871736945,0.09088342821103017,0.06900761960792752,0.04867308013710772
0.1369501414529257,0.07418632298342176,0.09925885988650911,0.10488876234282941,0.08145163597659748,0.1051611080268809,0.21038758124328383,0.11296929305563629,0.07474629503191561
0.15815335408165007,0.023953264278748696,0.07879848814728264,0.15631102534935043,0.125413452802682,0.10091831024511189,0.10761270785680015,0.12022056419876555,0.12861883303960855
0.09596907110461156,0.0513725999814153,0.05824819675720999,0.0958917136284892,0.06051052367407756,0.2812820732515623,0.15796719032714882,0.11603561234061495,0.08272301893487029
0.14058149345660273,0.03619981583436896,0.07888403458503222,0.11690947313485094,0.12220585335083047,0.11465059236159443,0.1704777498326959,0.14571112619178198,0.07437986125224244
0.10936732385139188,0.03802433669342391,0.043961995281019024,0.0782087771400406,0.14673207599232385,0.18413537403769556,0.09867803721554891,0.14051821057830408,0.16037386921025218
0.09834582178808376,0.06486947883438504,0.08984981700079135,0.05673477652254996,0.11297565069346867,0.17778558127741026,0.08375509327377562,0.19262748796134363,0.12305629264819178
0.07215510324689611,0.14323517763356675,0.3922111495484042,0.1013045162031388,0.048114323736034005,0.05187141233104905,0.06789071466278028,0.07476602433896247,0.04845157829916835
0.11664410933972413,0.06212843654305814,0.08881883068459444,0.16619822377442403,0.07406162483025247,0.06543388397964343,0.17146199763660677,0.08904646787429298,0.16620642533740362
0.15812066924216303,0.11889663244795397,0.1962176294030086,0.1284073062822746,0.09441283472569038,0.06064567509666858,0.10227474343642244,0.09892124262240744,0.04210326674341098
0.13353683640505212,0.01974923775369669,0.03735661531699858,0.23396031076476675,0.08435786396406449,0.1475105423667667,0.15304809052160726,0.12396333570363388,0.06651716720341358
0.09563545288669129,0.02572488733599255,0.03589323237023983,0.3499260419869208,0.14230844042798413,0.05499234501064301,0.11203517224040575,0.11396298366526182,0.06952144407586096
0.0648448629365801,0.12900514139015637,0.451243017746767,0.011500730786358264,0.04745374845763345,0.07759109178945461,0.14034921062674655,0.052766187067092164,0.02524600919921151
0.10632726729969653,0.05320638241497483,0.07358512374903188,0.18299350691763663,0.16026685674189445,0.13614581102799186,0.1272629407965369,0.1005828923698045,0.05962921868243242
0.09294857058490963,0.042827111764695475,0.053981795782541094,0.21303480128556332,0.1946407764914734,0.08448983001747219,0.13502169803885486,0.09178145561582562,0.09127396041866431
0.11435952200766679,0.05865681560336675,0.06525272709754577,0.06118297948229615,0.09130261300218916,0.12432866342040455,0.12503652444138927,0.13192270402397865,0.2279574509211629
0.09663213902557362,0.0277011865635072,0.05515856076831847,0.20705226707581983,0.08009701310448603,0.10702423578793452,0.07242980458420442,0.09110656031808313,0.26279823277207276
0.11042912640428411,0.041460310319320876,0.08657156977532347,0.11127129497455718,0.08208860184172288,0.07689318127176582,0.10203971249183795,0.19514844943170861,0.19409775348947908
0.07336044202995182,0.03655766886003254,0.03874959772122157,0.27449427074197735,0.08695509670558754,0.05570790622299654,0.12208696674567404,0.12611448068772416,0.18597357028483444
0.09863617916428326,0.04058334043987744,0.05984615848651837,0.26526362248364965,0.10990560309987445,0.17381593414269106,0.07725261974788063,0.08537811071949748,0.08931843171572762
0.15054941597050236,0.036856732541465966,0.04139470397459014,0.2576875807768396,0.12737318390080152,0.07634270215104799,0.07609775361466393,0.10660153095873032,0.12709639611135812
0.12098646271430104,0.09417349845285979,0.15454835589307125,0.03090803018527094,0.12592639124249957,0.15834606834062126,0.09391866489770961,0.12850239471442004,0.0926901335592466
0.12677887239385038,0.08717224426481561,0.10617272258998565,0.07353363127129232,0.09223968698110807,0.20504974473955084,0.08680238257452288,0.13539913335957413,0.0868515818253001
0.1816526131217726,0.15295470471263098,0.1404516592373188,0.06011194869136919,0.12460677585636175,0.08916795859365789,0.08357700796076038,0.09713749672839196,0.07033983509773656
0.1093730557901564,0.05588065585402711,0.10149713345274247,0.13934540376166374,0.0873685960647206,0.11174738553041443,0.20673868361662107,0.11994944910965138,0.06809963682000288
0.15127914342646376,0.09155601395970937,0.07709781195668731,0.04853283469067426,0.1084492283232496,0.06779766326885452,0.17613293845382913,0.15495751843043376,0.1241968474900983
0.11697676404245133,0.027704648669554164,0.04430710210224479,0.31810165226061393,0.09658823987623949,0.08696607967790315,0.07890276107276809,0.10340681821008098,0.1270459340881442
0.11718492263579576,0.17267635155120517,0.16518540927341985,0.045841539550880404,0.11000482073700658,0.08474220879182504,0.13592515443386552,0.06869017950280133,0.09974941352320037
0.1101460361127245,0.09220132295300239,0.10872429025022064,0.12308282669448982,0.08554502275543917,0.05905845176408431,0.17784612728014373,0.1131656553839837,0.13023026680591177
0.13776939020465007,0.027619302999091756,0.07186617274688716,0.18423979191345222,0.12635187823932445,0.07275423843649224,0.1263362330691373,0.14732855615640994,0.10573443623455488
0.11156231248918651,0.05428507026482877,0.05856111908482229,0.09115042564190219,0.1712783900389189,0.24591132411847738,0.0545060789518905,0.13866133782471754,0.07408394158525593
0.1362973579188914,0.021669394133706225,0.02701581627580622,0.11024522053149467,0.18376656864152238,0.06305001887556802,0.058302038971546226,0.2054841825494769,0.19416940210198808
0.13346146644576243,0.3241721308028322,0.17432966522243606,0.02666625632117828,0.07799569446458626,0.07926495790191011,0.10692016763343058,0.054214333251900775,0.02297532795596337
0.14827684432961588,0.1263617060934655,0.16930977703445285,0.14373889867597997,0.08054664611409645,0.06446843798490164,0.10499318462306369,0.0774471681186901,0.08485733702573388
0.07205042607309024,0.34172953268376144,0.2947234221299784,0.024495733756350942,0.07196049702327112,0.05534286521954232,0.05809840960580417,0.06009431978418075,0.021504793724020612
0.09369512143068849,0.0742802516019249,0.16673250522514474,0.1190877935247856,0.06767619217997617,0.08104619281095997,0.17259416279043036,0.15555690060670513,0.06933087982938471
0.07674841390598934,0.43455661747827423,0.24832397526015595,0.019106395174428633,0.0421925781911738,0.02987620692439154,0.07573028382516381,0.060410254886627025,0.013055274353795663
0.1269181728610788,0.1635803060435567,0.12367181660196032,0.1267934368184063,0.10636423991112139,0.09156867676942258,0.11686735578288569,0.0821967282015462,0.062039267010022076
0.1264455358943127,0.04548484925885543,0.09508984609229804,0.1796055609428849,0.12354470677757819,0.08364444197094127,0.11695864198240581,0.08744441515976842,0.1417820019209552
0.11239515768716357,0.019270923822274567,0.036299132922655186,0.11810852479763849,0.16166626570693007,0.06862617774916456,0.14049952507582955,0.15281975898686448,0.19031453325147954
0.12391570479428919,0.09480154716650581,0.07590347529893625,0.037312845820500616,0.1101184942515257,0.2616594873067794,0.08439524722699743,0.10209358478190982,0.10979961335255582
0.12543563778172537,0.0881585432703938,0.0906741248482142,0.13134045658037558,0.09147945049323232,0.20213852344175454,0.0669962811195254,0.09441028273950806,0.1093666997252708
0.12605897216590986,0.03725285590566327,0.04158079581389872,0.10773116777802283,0.1353516982374946,0.14344561278109566,0.07645756790083942,0.14646817937028236,0.18565315004679328
0.120812983127421,0.02292129041465676,0.03234563617973576,0.205705151322622,0.1102758253898713,0.0604428651982317,0.11698602519637664,0.10636264018073838,0.22414758299034657
0.1470208423243757,0.0309523281839495,0.038381520237303894,0.19161125070417936,0.10599360319470437,0.10050021252924009,0.15434434487535262,0.07841489948440226,0.15278099846649226
0.1672401198005545,0.01532600010684085,0.020323280444189476,0.03624907756871238,0.14243122069395356,0.18716215524024613,0.08107425121989244,0.09561248584129396,0.2545814090843167
0.12148766210836899,0.03084435437866546,0.06675709373594733,0.14062061024836456,0.1694178385112922,0.08391493988510157,0.09609293443796041,0.13700937034801558,0.1538551963462839
0.09493906766855154,0.2064034419243974,0.266796686962455,0.04739412187882314,0.08193109264092631,0.06763764330535117,0.14044405505917187,0.06055623796617262,0.0338976525941509
0.15847613526480153,0.030555700293874787,0.031135991649176586,0.2626401105172891,0.14352905594978824,0.06433995109706776,0.11009136139696092,0.1340120684686444,0.06521962536239666
0.09794470442320652,0.053077891814020874,0.056541003005940914,0.16099810577209578,0.07902302403507146,0.08828209003017724,0.1894632295281776,0.1738317742366877,0.10083817715462191
0.09820910000529881,0.15775147963954153,0.3913646828055115,0.015308052425358184,0.06665387302021693,0.07276296682465636,0.0863426116594782,0.07442385024933677,0.03718338337060164
0.1552648061585396,0.05754468991382065,0.037845075689378775,0.18673539257613989,0.14556525090119088,0.07991327087753529,0.11424487713674451,0.10495723191900934,0.11792940482764107
0.11922520668979449,0.051275123642793276,0.03915877807554101,0.1403113494312473,0.12098237249806887,0.06666526945739559,0.08993014564430375,0.21263009549816206,0.1598216590626936
0.06331858589643183,0.22710827504831413,0.3561021582543935,0.05473428450275497,0.0476582586223713,0.04963562558044415,0.14206373381702536,0.04725128573459026,0.012127792543674533
0.1358978785029492,0.09986223954352409,0.07381697541830311,0.0794384212108878,0.10714538314881356,0.04311122090319986,0.11848050841607227,0.11916980420073035,0.22307756865551984
0.12940515364855207,0.048325776408026405,0.03356844875939948,0.03571350252558181,0.099610109723738,0.04487434094565093,0.21102984456249918,0.2435350369133249,0.1539377865132273
0.1317748964962864,0.02932144555105631,0.05119234765252623,0.3302570051758528,0.09385250241342817,0.05534913236346937,0.06085299235063025,0.12153307993937662,0.12586659805737385
0.0998222998610629,0.11236717895787551,0.0427692940196576,0.2666324882639596,0.0785337320373208,0.061799283565363246,0.07607853836093721,0.11894098691771608,0.14305619801610706
0.10932063204321785,0.03932709338646936,0.016079313491912734,0.26174501446844006,0.09435770583896057,0.09798246557306052,0.05663227119979967,0.0827553971060713,0.24180010689206796
0.13249914272691438,0.036330014782536835,0.020933669179988235,0.4603361007306264,0.08799562378813687,0.04252128051013654,0.07860889335141556,0.0772489311653201,0.06352634376492505
0.14642078489104973,0.022733925470694,0.057465833100097154,0.2779425027405839,0.10110072253005353,0.06867997009575762,0.0971429178331336,0.16659340885762072,0.06191993448100968
0.12327116863110622,0.07698624551528438,0.08755125948995808,0.10336250785929896,0.07209216728867827,0.20278613503801568,0.11097550212186602,0.08878840917692173,0.13418660487887066
0.08700564436360647,0.028748888974650767,0.04092596547550896,0.21378674883420754,0.11309330226700642,0.15988553986653423,0.09427992127395413,0.1579330244164692,0.10434096452806223
0.13701988621626385,0.02610716181724985,0.037591156405265676,0.15409051429634057,0.09491797183581374,0.15755243056336296,0.13666746969613555,0.0997828415960021,0.1562705675735657
0.14129480504287587,0.03918323088229575,0.08153874234340867,0.12136559683035104,0.13346863188088054,0.11785744050490125,0.14698997683844717,0.15780793319142433,0.060493642485415465
0.10239326964744659,0.02188456962194642,0.055090711191352636,0.12399311943398152,0.17096014107855495,0.1527993768920405,0.07659157447515415,0.11889338234584888,0.17739385531367433
0.08362857481097746,0.18275310010168147,0.16882047615879991,0.12660117345930647,0.08350523502351061,0.14826380349873688,0.09533567032426972,0.05788351185331827,0.05320845476939914
0.09988563207777718,0.0555685568210399,0.039588298222376424,0.0820125686572904,0.08684775528832828,0.1455392275917526,0.12055109156961918,0.16272763259238368,0.2072792371794324
0.14129480504287587,0.03918323088229575,0.08153874234340867,0.12136559683035104,0.13346863188088054,0.11785744050490125,0.14698997683844717,0.15780793319142433,0.060493642485415465
0.10705146420974536,0.045700935368753165,0.07604634294910347,0.14237405003817263,0.10852751098600111,0.1298597507563615,0.10876358764316424,0.11136361252979186,0.1703127455189067
0.14110394709980742,0.09493663108343113,0.07289706366106162,0.03681536446449118,0.1369875110518832,0.2134364059719859,0.07439541360305421,0.12596594555545307,0.10346171750883233
0.1392937487081941,0.10225955160603362,0.10769293189096774,0.12238428858411447,0.09521582198520573,0.10435514008475871,0.16299562918883773,0.08068160867034212,0.08512127928154589
0.11405783299798322,0.024429899495605024,0.08661520788143935,0.1480777402443001,0.12866353355041635,0.052323520910757725,0.12743637071266065,0.1350702716655017,0.1833256225413359
0.12858762952101657,0.05215807369732997,0.08427256166534741,0.24396313253032528,0.08962340511337828,0.045710268050433434,0.11729840342587926,0.1271391735953847,0.11124735240090505
0.14872192639740575,0.17551431239261714,0.22931254828623393,0.03642417605938683,0.08153488169478326,0.06373160718037935,0.10238070543780277,0.11293956794391348,0.04944027460747743
0.09676773581947475,0.07759483202917754,0.04630917266001128,0.1430980113855613,0.07910774740093056,0.051853232800183,0.19419811545933693,0.08564821112340153,0.2254229413219231
0.10864364285619625,0.025261281032396988,0.044086533175596715,0.14185759161588815,0.15908053814522963,0.13873090301427746,0.14915503229641458,0.14093650997250567,0.09224796789149466
0.12368564397427874,0.05964362492144774,0.18751850823650498,0.14719457894157983,0.09144815743770172,0.092534580206878,0.08766357003709467,0.08680491020983198,0.12350642603468227
0.13757970507004633,0.03946609382628352,0.09037269689990642,0.12711777401406207,0.1671534186968815,0.0742007378938405,0.08697821441801874,0.13244294019775096,0.14468841898320992
0.10844994763711975,0.030597799222736425,0.03695835707828641,0.17884696700773697,0.11826712069051411,0.09016858097469073,0.0668819558998468,0.15400378083499291,0.21582549065407589
0.08968754920796444,0.03609587079323663,0.03632150120570968,0.2603107867348151,0.21140940289440943,0.06995043075897318,0.05624852744856052,0.157545918840712,0.08243001211561901
0.13916089451469685,0.018499362138875684,0.08448063772204761,0.28971592026181,0.15691164786944115,0.053699738668814355,0.06371775007214227,0.1260820260894054,0.06773202266276661
0.12809168811643015,0.04006151238047473,0.07637151400502608,0.06340000355337118,0.17417240455628194,0.10125438941128116,0.08397485081627808,0.193745737508629,0.13892789965222757
0.1498532750177856,0.03768970057213075,0.04466865579889614,0.09110382571961194,0.09301904847272265,0.14390825072258673,0.1344807725287561,0.14526498280189568,0.16001148836561432
0.16670008378752307,0.11568954994208752,0.0948964946327308,0.12004608205479667,0.14955988024431346,0.08650110361039576,0.07686533382274946,0.120422585903047,0.06931888600235626
0.13970096113458386,0.040776921681290455,0.05270039718485422,0.08499976827670584,0.11761930488388568,0.13988081560398813,0.18449789265553293,0.13279091250540184,0.10703302607375713
0.062279356847996875,0.2997666394493113,0.40210839441588764,0.010733393650810325,0.035574797614568734,0.03602516807476946,0.09133066790357376,0.045741435928325226,0.01644014611475672
0.12142341826078311,0.06241453908403776,0.06300252580154393,0.21669610260816485,0.10763020773765745,0.08339262008893816,0.16365168862000426,0.11152968233616944,0.07025921546270103
0.14487835852290462,0.128174538230132,0.10530750877907895,0.14831473799693629,0.12268384898892722,0.06885212391378483,0.10654369278797683,0.10820520914009002,0.0670399816401692
0.11534037823327938,0.08121582534000815,0.2047754204700345,0.05515053065597933,0.0972548908596277,0.06113030147448506,0.15347326197527655,0.1530694748185891,0.07858991617272025
0.1088954303336787,0.01556532735688843,0.05040021852903772,0.09883387033116198,0.09772660822696921,0.04269024947842137,0.17109641220715396,0.21290946763821572,0.20188241589847286
0.13471092283703925,0.02035986332071176,0.04630323583910135,0.13362849417074316,0.15222316408604705,0.11760651405044213,0.133000026465797,0.11784078988611003,0.1443269893440083
0.15768822675690233,0.04865573818417921,0.05971179053013986,0.17401045427124273,0.10128460583242371,0.12983168848603488,0.14199226788680938,0.09060107746775885,0.09622415058450899
0.10725664141395524,0.05760114969490148,0.07430859956311602,0.09421191614999562,0.11256205247540618,0.16365238922104372,0.09650293848026455,0.0772876576982275,0.2166166553030897
0.11914365785680518,0.03351952496383218,0.04722577880870795,0.22896416243740578,0.13660067752232274,0.06301639694618001,0.06736100949359863,0.13869035239619612,0.16547843957495145
0.15238957040233617,0.03288399215877127,0.08377587365998547,0.1622009525802105,0.13208475732851033,0.08449619815631855,0.08881261931187166,0.15982020119160467,0.10353583521039134
0.16210273477441325,0.052530946934895496,0.06493843065742567,0.05966165105800105,0.10935872642458466,0.07649809313725375,0.09708303355677504,0.23343862630301135,0.1443877571536396
0.08047039172643101,0.1836421899238798,0.3028989614369679,0.027117020471171125,0.0792859207351609,0.14078093475292933,0.06674686953516196,0.07857898161894146,0.040478729799356586
0.11154597591994952,0.046752728168430936,0.0750594202334053,0.22090417172107243,0.11708323025248164,0.1473684769766478,0.13073228443673635,0.0815248699522904,0.06902884233898567
0.10192017505352398,0.055183411312345776,0.05258774033833569,0.24253232408291026,0.1888489152576072,0.06173976975126196,0.07603633730841398,0.13843014284165245,0.08272118405394868
0.10895210087401631,0.02708631847415939,0.021077791149503852,0.10934208897153751,0.09856398515003935,0.18019934079079528,0.1887359775646844,0.09985548855017974,0.16618690847508413
0.11420162243242675,0.024554772482752733,0.047179467722353687,0.279678514412587,0.10010835526618961,0.07450674159700224,0.07756271837269209,0.17645392074436672,0.10575388696962923
0.07620315093907294,0.31773489449825915,0.28649408827107026,0.0161943134830192,0.058261795651385506,0.040274745625344784,0.11341425186191972,0.06538237259766205,0.02604038707226639
0.15482375864214906,0.04236983376228235,0.09906493889937079,0.22090791429056333,0.0991078018292923,0.08833789757132192,0.09796212776022606,0.10939947347268848,0.08802625377210575
0.09821729604578304,0.04062636433575203,0.06457038472885153,0.12469824336064937,0.16599880741261533,0.1094325458707281,0.12192039377403381,0.18781301267591913,0.0867229517956677
0.09700232152442001,0.08733621645537526,0.14763785951095498,0.17108442528174184,0.07586411637163644,0.12827024284509134,0.13103295027952525,0.09103407488625204,0.07073779284500277
0.07821438554202478,0.1944323657306487,0.3449460652704109,0.017878532201577764,0.06663419538586661,0.06539784655217451,0.13840261750245755,0.060690195737342134,0.03340379607749689
0.07750132042117013,0.27453281039842925,0.2397960209107464,0.027510061724812008,0.06961811345349367,0.04490791777148854,0.17835724101152914,0.05277861603930129,0.03499789826902971
0.1471302734911406,0.026480977937566808,0.053090650383228376,0.2893307664037011,0.1308644735171933,0.05768085962246281,0.07089537769715831,0.14744788012226553,0.07707874082528313
0.09504891674503035,0.12526640407419992,0.10725572944673123,0.28010461769791833,0.0833793492632637,0.07101025761393111,0.10884139190991032,0.07995870497019351,0.04913462827882145
0.13305286711132241,0.07305052231435806,0.04094165166589663,0.13316474881690746,0.10938917420669403,0.196981867365832,0.0694087528665984,0.09731760359779067,0.14669281205460027
0.07460747832883872,0.19281117996642627,0.40667202224419213,0.017332812701731763,0.07118179016765698,0.10476261000109814,0.06731396372207808,0.04739516152705462,0.017922981340923242
0.08162740881156767,0.27654044386292437,0.27639346400220727,0.04021020240735338,0.08418446265791195,0.06076718177595836,0.08701225898195476,0.06516342031681054,0.02810115718331176
0.10875280191795207,0.03245474892899996,0.06519991456477796,0.09608982047429178,0.1094118456081043,0.16911814683886736,0.09404008636607708,0.21622260966242998,0.10871002563849962
0.15261716736130307,0.07613322372023729,0.06160771368523651,0.10162637897711291,0.15317530947795943,0.09468074123664916,0.10553698139040442,0.19316712712809256,0.06145535702300468
0.12985535564331385,0.03406273183074386,0.06265100710701739,0.10067686383263545,0.11447048703926123,0.21211247286612067,0.10455364646008303,0.11898097561228298,0.12263645960854148
0.117471961136083,0.053096291543334666,0.13395961931387745,0.15933142596654795,0.08711453692886122,0.0694536922805838,0.2033568750787501,0.1112808422577344,0.0649347554942274
0.1334680129997047,0.08848661615485032,0.09193787773945576,0.22738101164762967,0.12875110534609172,0.07352720042745427,0.08960344475630633,0.10063884900795261,0.06620588192055459
0.11472460915889238,0.23441518622535973,0.1895527311547914,0.014567100275223564,0.07434351961893922,0.08680828049461227,0.18672909660012238,0.07447241676886734,0.02438705970319176
0.1586538462390765,0.06882652955845835,0.07880846338234325,0.09411798940574045,0.11224593628790046,0.10408445616421665,0.18098141307213408,0.13857231630995204,0.06370904958017819
0.06212656257759624,0.27651037278619756,0.36296998260932417,0.025397057402159817,0.06345013215600777,0.036127718108052,0.10380825804721705,0.04600467390716514,0.023605242406280296
0.09517813245707163,0.15673431022279305,0.39924797124589245,0.027658461097931856,0.06984397745348492,0.06061363173283635,0.08072186266428664,0.06630951365126493,0.043692139474438174
0.1138735301040416,0.07132371528943508,0.08694138608431229,0.07655271969472056,0.07335206795019278,0.10871343818771657,0.22091179236156333,0.14572318414125365,0.10260816618676415
0.12107869464643117,0.05181334644864305,0.062037761853507824,0.19946473611767648,0.08760926804740748,0.16490371895720457,0.09883608103607998,0.13103456300536728,0.0832218298876821
0.1136674170665463,0.026649670352587685,0.028207373056975887,0.032257022239313655,0.19216272976052817,0.06264149988371914,0.11643109794888555,0.3074220116421901,0.1205611780492535
0.07999451685972545,0.024028107062792747,0.07834060513622874,0.1338609886717461,0.10444875637050395,0.24765123645017562,0.13765770340204098,0.0749143324147465,0.11910375363203991
0.1653564392450323,0.025255323651464334,0.025313971521284378,0.19695445215740395,0.1801378196735035,0.09656273370199141,0.0778630822993164,0.1176056523370133,0.1149505254129904
0.14183083895840873,0.04051617874199983,0.0502548578662245,0.05442124466502855,0.08662087640486271,0.3210661095087363,0.1274956897470297,0.12423046741410927,0.05356373669360038
0.11596611614842779,0.04435381749912621,0.07952517580144172,0.25867537445603067,0.07776139147003099,0.1439902184045509,0.1284832750916648,0.11109531492111357,0.040149316207613285
0.10220321746130838,0.016753938577184668,0.08159465126356091,0.10480207093895193,0.1892535554379351,0.08372542143067375,0.14231355446320362,0.10590789418022355,0.17344569624695808
0.09658216044995534,0.12220495811512312,0.1946269249523621,0.0748535566357284,0.11192368821003194,0.07114749951212963,0.22761534230999106,0.08172156147112625,0.01932430834355223
0.09922797553076838,0.031068701294168253,0.03416507426264595,0.22391356175417595,0.11929553132913064,0.1303693289540495,0.12225377364966443,0.13346969414850754,0.10623635907688939
0.1232300643450737,0.03208154282382136,0.03000133872925906,0.08944331325554872,0.10837870534480169,0.10456236727557215,0.12079221801442004,0.11517150661121107,0.27633894360029215
0.11816155805473512,0.02785301331621462,0.07218079473223424,0.20973946822888534,0.17774560491230842,0.08340704887390149,0.11540060523011775,0.13236545186817628,0.0631464547834268
0.13712690193771584,0.024864465017746386,0.03087546236890126,0.11961378486264368,0.08236668111353018,0.08236573287743366,0.14912611613890445,0.10378685457384158,0.2698740011092829
0.11201419378956974,0.04273879288946828,0.1240800092267856,0.14380343507810225,0.09019128947851174,0.07765753616419503,0.15119228634074747,0.10018943612292837,0.1581330209096915
0.13544516302810117,0.0275594141164259,0.028994665061766716,0.22678625467208344,0.11002942577896235,0.07062293352581285,0.0670349062644864,0.17426221399459974,0.15926502355776143
0.11151650346738122,0.04882958679281576,0.06382440785972009,0.10444878445203569,0.10065725769850105,0.08416162322268084,0.21052136627478904,0.11743955698274672,0.15860091324932962
0.11445327702170216,0.06588837939648927,0.053781525565071375,0.25278694861951506,0.11182918866982705,0.1718762421074057,0.0817526767241121,0.08593445463753595,0.06169730725834142
0.1439526978789623,0.028782144537509508,0.0362000361509014,0.22869582111718625,0.12085425074605714,0.1525023726905477,0.07656252856597476,0.09365809468549514,0.11879205362736579
0.11470413552680392,0.06722033086150521,0.06413296680261031,0.24446706030606413,0.11350098942291859,0.20282484935158498,0.08033539862671693,0.07094988614767873,0.041864382954117235
0.16439866943108686,0.08840364577507369,0.04621972846366371,0.0787030077550325,0.12556280493253594,0.1562504189898599,0.0853348752694813,0.10263665129493567,0.15249019808833048
0.09355259433272227,0.04300671746996528,0.042727791639368705,0.09317608766484682,0.16237853325572035,0.0777097547630528,0.1856301910823306,0.1506347422894997,0.15118358750249358
0.1256571938832217,0.09520019507120513,0.08046185403452068,0.11020370420030295,0.11653350452745814,0.0887597579307073,0.11220862745792953,0.11820837549419964,0.1527667874004549
0.11993357229914973,0.09093957582997841,0.1353546998473318,0.1307784748988645,0.08953887244852883,0.16910727924498617,0.11300453493964296,0.09102644072373445,0.06031654976778313
0.08165170236203804,0.2436267921925579,0.29566413413940845,0.03554119252250193,0.060414271009353517,0.06841845874354512,0.13339413642266376,0.05442086470519167,0.026868447902739564
0.10253320584894471,0.029875840140293056,0.04216042588723786,0.1677016410619984,0.0987258803850604,0.15698867480099132,0.11701691913021123,0.18032146978930844,0.1046759429559546
0.13384422599110582,0.07764564640586982,0.04625537034853167,0.19966379429656866,0.10307535469732522,0.07178860974454404,0.10904525427324518,0.11036593021273211,0.14831581403007735
0.16897531256956236,0.06948933140331884,0.061504665706920696,0.09324068866712491,0.1351723539381995,0.17883688137870515,0.07658830714821453,0.1083002529867075,0.10789220620124652
0.0565585915498471,0.2961247301037622,0.40592611495302827,0.009840587255802544,0.03309561204611152,0.044554623161803454,0.08654680186320841,0.043390163167007084,0.023962775899429373
0.12654989246181428,0.09864819205307218,0.0640248499520621,0.15424609701152242,0.11032639631627751,0.08004592313711827,0.12506094890710662,0.13545827116643686,0.10563942899458983
0.1762760385198777,0.05607596967628542,0.07337726053897593,0.06770835453604186,0.18495669728969663,0.07555785249833731,0.11295993689158705,0.14887302402922462,0.10421486601997355
0.1178346067656068,0.033663258707825765,0.07750245782903305,0.32882020053902505,0.083281182675226,0.04342758420228254,0.0877483081982257,0.11740521232918479,0.11031718875359035
0.14799770832515122,0.030619685598432422,0.041564863727662965,0.10995566038265973,0.15241793942065301,0.09177018063270531,0.1326575451530145,0.16244564736898373,0.13057076939073708
0.1586538462390765,0.06882652955845835,0.07880846338234325,0.09411798940574045,0.11224593628790046,0.10408445616421665,0.18098141307213408,0.13857231630995204,0.06370904958017819
0.11498265791363395,0.08822409632841223,0.08606011163821681,0.18704885882579284,0.11942275413640835,0.09959213447757985,0.08709938693076129,0.14045678099574577,0.07711321875344893
0.07068272293512377,0.2602060994189341,0.3742277409681334,0.04082594607880311,0.06573999643110617,0.04761059563272943,0.0543491128951443,0.05568277378520398,0.0306750118548218
0.11731048998901066,0.10133705868467069,0.1257368218613709,0.11019821822682956,0.10202002505404438,0.08440586611283168,0.17685366473778183,0.12451494642743684,0.057622908906023486
0.09539870692240915,0.0493973773093446,0.05213467845482786,0.04978057567346739,0.14193651934931864,0.2604656433873398,0.1424883183367008,0.10189934336518501,0.10649883720140674
0.11196907751254985,0.016894302014313748,0.03150229467054466,0.09108109536452573,0.23080026244416482,0.04031603172132233,0.0631041050874606,0.10107955689768848,0.3132532742874297
0.10848876991233232,0.12216076494670937,0.06731528250249964,0.06945135863604633,0.1112281309612561,0.0634995343010583,0.19124695692512772,0.14247982706410442,0.12412937475086581
0.10748572023900314,0.12204027733525781,0.13199505547542145,0.07577879699352728,0.13416443954227328,0.11490835101436621,0.10724425982515122,0.1377462654429281,0.06863683413207153
0.12204809780808062,0.0533670479398864,0.06460664431937406,0.29906068905052147,0.0986842163456989,0.06391903763982157,0.06583256956282478,0.11885970653476684,0.11362199079902534
0.1146613656988283,0.10248743185768235,0.41236073687619007,0.029659092976732793,0.05986896093591437,0.08599770878629627,0.07781151943488766,0.06495491351601412,0.052198269917454056
0.08018032676804299,0.19209382040283543,0.18587057014053954,0.023227005044040048,0.05043007532466943,0.21973808317269106,0.08039442982343709,0.05873126108414809,0.10933442823959623
0.14520879849237364,0.08617908004491652,0.04640395533785644,0.11639725305085492,0.08775586503647582,0.12803682598552665,0.1541370179679387,0.1510529247029335,0.08482827938112385
0.1535869486768532,0.03877913402500043,0.03536865952742495,0.15068035924593337,0.14056778290921626,0.11269619468329596,0.08226587448440838,0.18142540460214776,0.10462964184571967
0.1498532750177856,0.03768970057213075,0.04466865579889614,0.09110382571961194,0.09301904847272265,0.14390825072258673,0.1344807725287561,0.14526498280189568,0.16001148836561432
0.09369536922949791,0.073665788691471,0.17828440354827904,0.10747249711391882,0.11701913303393896,0.1783277880714035,0.0857742844666493,0.10757874698113111,0.058181988863710364
0.13172621574267776,0.04787108538466001,0.07397894319520755,0.22047203653622174,0.14772016796822088,0.11702751295531548,0.1139073187081333,0.10191668683225275,0.04538003267731044
0.13234583031990335,0.028963739491813804,0.03863860321495908,0.24404622406276213,0.14582285356940594,0.07119056757149962,0.1026769684410948,0.14401450488384757,0.09230070844471361
0.11510362043955619,0.021001766522154363,0.05615774789378003,0.11094702163629001,0.16258009577039825,0.17766737295951618,0.09340673449781733,0.1262521337961081,0.13688350648437952
0.10230730972741293,0.026466446445936168,0.024348150320958366,0.22390773830076735,0.1203059099317997,0.08518456884619925,0.0948150886427861,0.14173099211996878,0.18093379566417142
0.06468155273158498,0.17658220013522494,0.330632370572387,0.150436214735461,0.05874698692869521,0.03718997204558418,0.1161725098049089,0.04988892164884865,0.015669271397305267
0.1269199169011441,0.03585727333798921,0.03808124418929873,0.18381717423432373,0.16216656515155745,0.14579252258468392,0.06249783065481181,0.12905163497371705,0.11581583797247401
0.11180898346433471,0.061139348083691224,0.1340941867151023,0.07790525757400361,0.13703322051568678,0.06366243071540036,0.1388163512913295,0.1871311550287319,0.08840906661171959
0.12452407451201632,0.041060800709120694,0.07660779597773697,0.15042065628484844,0.09212553899050537,0.0959861800249489,0.16551922991103096,0.11452151164308484,0.13923421194670751
0.1121583847793104,0.05823570691801739,0.07504439404888553,0.06030235125921157,0.0935196984956796,0.18788440648756244,0.11396618373852145,0.1483452454836917,0.15054362878911992
0.1096448650939275,0.0458916609363929,0.06581738345467336,0.2568424289064488,0.11243997620919045,0.07805952257409053,0.10557375566643605,0.0920728421641025,0.13365756499473783
0.1261593251944466,0.06949448851631133,0.08796805083883896,0.0753597840417524,0.0982505652889969,0.14964281391853407,0.13514897080307,0.11982933911027567,0.13814666228777406
0.12599539499651935,0.03557264996070256,0.04389254202645315,0.20677337795857423,0.14377733880472268,0.0902141794371698,0.05728613515663918,0.15759527681873567,0.13889310484048345
0.13664697668463902,0.06332890134138543,0.057440792517374606,0.0685742623824089,0.08333621574148269,0.16115794164779115,0.1678962413755333,0.18357275026010686,0.07804591804927809
0.11296308015186451,0.07277378180475681,0.06737525476970639,0.15807685819476583,0.1248889556408953,0.11123874769995118,0.07999768364707677,0.10200825530571116,0.170677382785272
0.15138988398946118,0.047863240913306265,0.04894097496254596,0.2331314922409327,0.12494762009798442,0.10198163268453393,0.09657098647945944,0.12331663040302765,0.07185753822874852
0.11245460876112989,0.046133683690615795,0.03730933402691369,0.08912307504137625,0.1045595370034637,0.1983836625405596,0.11659714329489508,0.08713605068852788,0.2083029049525181
0.08979940209395247,0.357905818913524,0.18213135933613003,0.043375915375359085,0.04666842341545708,0.0746865448607671,0.11266934338175898,0.0454842068673876,0.047278985755663507
0.09369199639171044,0.03634968480397271,0.057220697432986745,0.10989482168914307,0.15891434100076163,0.14589106174882868,0.05806005079529101,0.1445552909902044,0.19542205514710134
0.10975286432774456,0.042611561082691235,0.051126597967251,0.23406109758147464,0.11379397385789332,0.08301363084256226,0.11795872794862695,0.09643026300353667,0.15125128338821936
0.12644005401861447,0.024287302951995358,0.05203551517628369,0.16180684494235942,0.0962588101255087,0.08242206571688047,0.12789790999219122,0.2567029462909814,0.07214855078518524
0.1042297956140465,0.27702459483031777,0.33387248882522585,0.028229257488654114,0.053713165262117245,0.0531040955083537,0.06376319239684626,0.05007338483335924,0.03599002524107931
0.10202520792210996,0.19020439261766442,0.41088174304664005,0.019067809992942508,0.07102308043948875,0.06268894745055897,0.06583965101115806,0.059033657813964725,0.019235509705472487
0.13616778758748393,0.012651664651484132,0.08340742311093167,0.11684458527635465,0.10585243204186699,0.07248349007363791,0.0759720563059879,0.1978151360724609,0.19880542487979194
0.15070749913231773,0.031948641551660696,0.05272114799637458,0.13304171759613842,0.08673553361629976,0.050388713445422284,0.15620823066068304,0.1269103271075309,0.21133818889357256
0.13389697843322743,0.0729856160801123,0.08756628504146986,0.21201560291594343,0.1002912600658647,0.11791396956351247,0.12367191758801843,0.09622356852390558,0.05543480178794579
0.123728363832501,0.026852419727392995,0.07406312364373209,0.16941818746223883,0.11978654763853035,0.0797156815946064,0.13792788993562763,0.19608107016884832,0.0724267159965223
0.13331128588269026,0.05738132941533863,0.12040323251833902,0.17621957104851368,0.12179778579103055,0.05901891285642357,0.11089499081121622,0.16686927723783077,0.054103614438617297
0.11043914327735994,0.048109901964074386,0.03619585867224068,0.11581052483290792,0.15462314512996736,0.11160657756247466,0.1513523509375253,0.10050108806220222,0.17136140956124749
0.1220192455864707,0.031793651796565604,0.06276818381419537,0.2548237394366875,0.07403798224026115,0.09070498155557923,0.10666597995210793,0.09076720283831159,0.1664190327798209
0.10903203428732605,0.044071351544991005,0.08462993567022319,0.26542765451235567,0.11836569700350204,0.09302906878484073,0.10241195242694413,0.1131964371474478,0.0698358686223694
0.055394740226507304,0.2737664656713135,0.3788732349611082,0.009151650915128989,0.03776116344988168,0.02700271298810041,0.1302011113180754,0.04656819017859246,0.041280730291292034
0.14969998801075346,0.05374242240659616,0.05044344995490441,0.10470030184934025,0.09278755884520895,0.26556241650216006,0.1158004827405309,0.08875408122238233,0.07850929846812355
0.11386743008485066,0.09808767654704459,0.12102831310587663,0.09818820221814019,0.10896233710802218,0.09079390496968476,0.08604191230648238,0.09289089268334966,0.1901393309765491
