0.04995017473780605,0.07888103669302676,0.09910466709965376,0.3779634843185388,0.01897956485044108,0.17181162921378432,0.0672576873607056,0.04532751284137804,0.09072424288466562
0.07749191283174951,0.11184446420641787,0.097162168384191,0.11625485048245297,0.21327791369567442,0.12791831820400576,0.10819557403075904,0.07023917505081184,0.07761562311393759
0.04570512340958536,0.049656902546349906,0.09410457026014685,0.1234445330620813,0.4018681637783095,0.06220537665441178,0.05333179743212024,0.10543913526919917,0.06424439758779592
0.10637895090400269,0.11747837635564722,0.1284962826319263,0.04003495936173083,0.029217538987912208,0.13023603735038583,0.1575455736717919,0.181660480483439,0.10895180025316402
0.08935091567240287,0.18463572199033265,0.12123390603784862,0.06126755842788443,0.09735306793199128,0.07616780317852125,0.09499443064014401,0.20005307040119027,0.07494352571968464
0.11711757251824666,0.15467859697539907,0.10623511055445566,0.04348600774505349,0.11388812235795014,0.09440662188735355,0.1567225977241243,0.10566968415625592,0.10779568608116118
0.09805324724034181,0.06250321125012694,0.11308760917631001,0.32255762133468907,0.10284181541463057,0.10067568976108922,0.07580976739443311,0.05499513502914103,0.06947590339923816
0.2770699215731258,0.13212618315521726,0.11313867943264581,0.05563348917490877,0.0341896282602677,0.08699892252641234,0.10436454476625928,0.1220068451617188,0.07447178594944427
0.02826293439341364,0.09687628489469559,0.10694000887360959,0.17051004066517086,0.19771618305184346,0.097369574487787,0.10075129378335461,0.1115512241207166,0.09002245572940874
0.1832854278258891,0.07610012812153394,0.09970616677371262,0.12346931810542715,0.20774163139422683,0.07963042393135544,0.06067263800673638,0.06489347542445746,0.10450079041666101
0.22713610828635974,0.14664728924353854,0.12585581727042064,0.06094907995594371,0.05788998396880735,0.09199736356418063,0.10048658330662336,0.1176643933821479,0.07137338102197814
0.11551291184512269,0.0982762379840797,0.07770297177710235,0.11323849739315738,0.31027990920486187,0.0568576317537916,0.05008840693404301,0.08659763914494352,0.09144579396289788
0.0347518259816939,0.13533257872251528,0.12174570034339878,0.10056763610138707,0.1939750210935504,0.12194606683693969,0.12696919699810072,0.08074816887351628,0.083963805048898
0.13013991159545849,0.12077527845358647,0.12855040565313078,0.08863514939740948,0.06751400044564863,0.10338846636810883,0.14670721340920587,0.11504439858250526,0.09924517609494622
0.02242958502359778,0.1122405409843857,0.0899143286922064,0.08732177680206676,0.20954243317507423,0.08293641002497677,0.11077597416102679,0.17923562215449296,0.10560332898217255
0.1196189067498498,0.11113441036864773,0.10283849923453083,0.08576585701111607,0.22026236251271292,0.0841834074850764,0.08343221595307704,0.0986050249351947,0.09415931574979453
0.07068588166100732,0.09652691200161552,0.09297913237626483,0.14490336835548848,0.20754470759940666,0.08103690656648826,0.08189073984857047,0.07092499763181663,0.15350735395934179
0.049763377889420424,0.10863636655944243,0.1266442788405052,0.12741935690932096,0.015124512097719292,0.17839257844471815,0.23763237981110372,0.061377313971977515,0.09500983547579239
0.0720244554001772,0.10505466268636994,0.09247639737201353,0.2563930708350876,0.09868809468747412,0.07361611387971007,0.10585698094096352,0.07444790421276917,0.12144231998543475
0.042837795221285634,0.07471437064713744,0.07915424850888818,0.29160691338284395,0.14911909477953667,0.08930598628028215,0.0999318206288883,0.05290464475394805,0.1204251257971896
0.16607872851245475,0.15705835702096937,0.11069409892965502,0.05539635069145552,0.09201574749741089,0.1005000756919824,0.12012615821729782,0.09755525703796021,0.10057522640081396
0.20836599001385536,0.11115615953725468,0.11610344997683071,0.1661154429598137,0.06781923260910833,0.08903030334243371,0.1041713434847178,0.07243491555418342,0.06480316252180231
0.044089508935371134,0.0859069162810312,0.12226254132638588,0.12719520398905051,0.07731468657488343,0.20280658480697097,0.1351652777463687,0.09364022043187827,0.11161905990805998
0.15562343381583268,0.10014373036792684,0.11554435157268013,0.09560875222177356,0.1469921676866899,0.07427292917666294,0.08417156235785907,0.10808313910258587,0.119559933697989
0.08617582381609296,0.06718409632060686,0.12936320885990604,0.1260658957910639,0.029182848283606577,0.26942533593005075,0.0715979697550785,0.06039713399855609,0.1606076872450384
0.030780106576398448,0.062030874702415466,0.08506729412748881,0.18504727025089074,0.3989779927311119,0.05990678318606618,0.05528275929578782,0.056199911596895295,0.06670700753294533
0.1796285526837189,0.15231555543418263,0.06660764068377241,0.10416946736772185,0.09024701373257053,0.10235504596453282,0.09384523905613212,0.1166795140700495,0.09415197100731916
0.042244588657089695,0.09098627291803818,0.11038881109277972,0.09446803216301647,0.08072671576859178,0.187486608363273,0.07297789759083781,0.0974144283623023,0.22330664508407105
0.3300450424822438,0.0960648273538683,0.11941866085716642,0.06807689097223098,0.01849736205444012,0.07922620623786376,0.09449090600283355,0.08744552703218915,0.10673457700716389
0.34958697734055333,0.06647969381225381,0.10887766339922972,0.03670346258226593,0.022834289230014366,0.10275439753916948,0.08530718537903997,0.08638173868463195,0.14107459203284145
0.05641684913632481,0.12472676312194993,0.07857605437074998,0.16132334209694388,0.18729450723109423,0.16793607735949626,0.06428218717011765,0.09142766268620718,0.06801655682711606
0.023741811370368977,0.08062168154266579,0.08745818166682905,0.29794445958263255,0.20720175805876628,0.06281255941366658,0.06948210530122857,0.042910214906149845,0.12782722815769246
0.25568081078685573,0.12632684373343775,0.12642335541009975,0.053023959768662976,0.03242845504257898,0.0853249175770995,0.10446134992335403,0.11354397368791337,0.10278633406999792
0.2707146454846836,0.13363448519105464,0.11363982302867236,0.05542507469199337,0.05172718610551099,0.07731951315490315,0.1353707947951529,0.08698675881180468,0.07518171873622438
0.16973974068096584,0.0824460665446174,0.13461577383403892,0.05643184222097789,0.1364857639359948,0.08809573603681346,0.10496853622928781,0.07427587994305941,0.15294066057424446
0.15003396630107954,0.13280204540889096,0.11594430768742524,0.16197409038553892,0.04493604706349741,0.08774164249101234,0.09748865639439523,0.12216856510943093,0.0869106791587294
0.07335606361402543,0.09309848504610407,0.13812199788742827,0.18935490440090197,0.03720929264763568,0.15417485095206893,0.11672993568162586,0.09292700321916841,0.1050274665510413
0.14530841756647297,0.08027191022530171,0.0984319564790322,0.2384797865599552,0.12718838987866649,0.07248319264752172,0.07207934657253522,0.06148999883887966,0.10426700123163479
0.0416512797619674,0.16758141587674702,0.08521366428801976,0.04081606227729943,0.12491290273959414,0.12024178397113443,0.1885731663906098,0.1150212462580165,0.11598847843661159
0.25403737380074715,0.11980919180067694,0.10261915255446737,0.04781406571019886,0.05266086848467266,0.08718064193823045,0.13031747271586214,0.11628789533603882,0.08927333765910567
0.11871155628641683,0.12016805104509391,0.11779879012764237,0.0785733289427357,0.14613880021432782,0.06881080376848696,0.08536927257100439,0.1360249640268184,0.12840443301747365
0.10620278570398069,0.08601269999205613,0.13223741424459853,0.049800930643691926,0.06890524927324258,0.13522670093539188,0.16478259486893787,0.11841105770257361,0.13842056663552685
0.04815086817362285,0.11256845875846751,0.13766223221106894,0.172170755010808,0.11375910674239366,0.09702678606348196,0.09665855061406071,0.09773109945633145,0.12427214296976485
0.3285780529055162,0.09101076750563726,0.11400431993482375,0.04070861713085342,0.07688828329781551,0.07024200505887428,0.09399734043538778,0.08557090370197644,0.09899971002911538
0.1609168313491994,0.11898220769564587,0.12776960800640616,0.0878504317238785,0.07566913645452845,0.09250494544704241,0.13337951527446798,0.11202595629578178,0.09090136775304947
0.07815675488258378,0.1264070577587411,0.1199211043794612,0.08492167610180251,0.03795143767340147,0.1405123187693957,0.1339375013089049,0.1402328551647559,0.1379592939609534
