0.12514079502157763,0.09325325603335749,0.1434127309796386,0.07880610674263204,0.058600648800066525,0.10460012614560764,0.1453087208694721,0.05962158935247414,0.19125602605517378
0.16446731676937515,0.05502456668072897,0.05571353240239082,0.139453256262446,0.10625119867560852,0.12108359888746441,0.08884100024670112,0.1641184096847035,0.10504712039058149
0.15486669188694593,0.13636710619393536,0.155033614158933,0.15826476839022882,0.09260697189554946,0.02036107293435492,0.03665181727203441,0.18064689663960318,0.06520106062841494
0.09288731326273686,0.0772731501182055,0.037576234650347685,0.40545063991726993,0.01873768024100327,0.01698411638020778,0.2509368407177207,0.056875428600081775,0.04327859611242651
0.1701198618252857,0.060959676604160205,0.15526829430456793,0.08773417160814416,0.023082270015233514,0.06502125185555224,0.07863170829756295,0.24343737216900388,0.11574539332048937
0.14860471503147152,0.08521068280561424,0.12276451507008378,0.10684542820327925,0.04844387071450421,0.15398191157115967,0.1849590041266679,0.07747970802094334,0.07171016445627607
0.08254733455037248,0.0446187490174774,0.34808900579983004,0.035293666850140695,0.0053511483422249055,0.20108044725940633,0.221559732888059,0.039358898573607366,0.022101016718881785
0.11178534459766093,0.031096683002765062,0.0782910742513306,0.3022620748549119,0.0702438472648899,0.011640731099898527,0.13294213906728014,0.07024914281084652,0.19148896305041643
0.1157949067926647,0.09535245904133104,0.11907163840977197,0.09243754425353258,0.056656627088511574,0.09402132639890122,0.01680793447239395,0.054302591132970146,0.3555549724099228
0.07771665280379812,0.07369148584584449,0.08438143173250158,0.49519805217423674,0.09492040747947071,0.031032454450096104,0.023745660570725274,0.06155817100843083,0.05775568393489614
0.10252084107933658,0.11868188219738142,0.1428355221313978,0.06396775475795224,0.04983964921171668,0.028772953463485716,0.20199165799742347,0.09690443978097733,0.19448529938032877
0.10653904355800616,0.1142323861703991,0.0772059934060265,0.3467601726781185,0.0317427939357238,0.022380717739384142,0.020995213489880805,0.21062320327898498,0.06952047574347592
0.09981100827886379,0.12847862915315697,0.08776881946396042,0.4018141084342945,0.013702615129999032,0.03132490344372943,0.07986650461331064,0.10491465982095351,0.05231875166173177
0.12226952928067907,0.030249847151046172,0.06334700591805205,0.07451429228818973,0.06941618776794664,0.01784909126411093,0.30549285277738736,0.17678859624603518,0.14007259730655275
0.1096915758414783,0.040325816093191906,0.09017134061502967,0.4064103674368394,0.09144487346638352,0.010997826179595382,0.07041881266683894,0.15080509947594387,0.029734288224699035
0.154446085486963,0.06201732958732609,0.12122388036718168,0.15023025041990493,0.0778907861298478,0.041401301451238916,0.16959089205683173,0.1201120088032226,0.10308746569748323
0.18219119940898457,0.13731654924450498,0.09634664903066852,0.05583164944291446,0.058245644848391565,0.03965210373645978,0.0785482022271754,0.07096616868923229,0.28090183337166846
0.0708403264715875,0.13125635496797095,0.13089584555678002,0.3681564455063291,0.04458056395113111,0.03956942824433907,0.02320835737977083,0.14588834769506479,0.04560433022702654
0.12069909527577942,0.05848288425268461,0.150778999748887,0.13985961126416144,0.05465107089273493,0.1992809662055467,0.16074799144386379,0.04123474918455775,0.07426463173178437
0.10360686030760646,0.08218147598166196,0.1948476508236302,0.3340876924200673,0.03962975718045083,0.037992240812192254,0.15406390750684265,0.0163020689034994,0.037288346064048995
0.08909604643919727,0.013670591968304988,0.14878189578122739,0.21662818168474673,0.007011663913495107,0.12594632907378472,0.20661996214164327,0.060087325215001104,0.13215800378259943
0.13718519572038662,0.06756468173609287,0.17713734902680364,0.10612091498177245,0.14430051819637738,0.09500255010101684,0.1717281469569428,0.048846600909154554,0.05211404237145283
0.12821163393333845,0.04932899900536871,0.0964177688299173,0.1916383405713209,0.040331118476037514,0.06864007504585216,0.2039459420658464,0.14459550617981695,0.07689061589250155
0.09874551239058639,0.04888385501554121,0.07195872059551028,0.2634917863985538,0.0899331523620469,0.052187572338562166,0.013521564375568175,0.13637524165236117,0.22490259487126982
0.08581332473907355,0.04713313069211739,0.08051073133459634,0.10770694754751677,0.027597655271997198,0.033096456744159806,0.5318717550586094,0.03665147239920754,0.049618526212721954
0.1261460206161752,0.08925972384127945,0.23641770057826403,0.26966596937221476,0.025613825975965943,0.11888465896160971,0.04127089984412977,0.028324837931235577,0.06441636287912571
0.12499364756666075,0.11646647493563783,0.217277570710622,0.20697794293203917,0.03389013262431737,0.03760648353442481,0.11930163697207452,0.0671957320651476,0.07629037865907595
0.10798938158902333,0.06733926892249983,0.19936774987424344,0.05874010857762169,0.05845438056158958,0.008490104951511793,0.09798125452688611,0.15708532060210686,0.24455243039451735
0.08644090207731468,0.04090386014515664,0.05887135765394607,0.4432399996467993,0.16101867667649758,0.023007648511861472,0.0715283074706881,0.08946660642069333,0.025522641397042915
0.18054862850223719,0.1016067735424856,0.1993443964496783,0.3247536279304029,0.016836765167643406,0.04857416312966519,0.04871537503556508,0.01816196675830802,0.06145830348401426
0.1367480547285318,0.027686063257677893,0.04878676846198978,0.47455444717368717,0.10955158669900679,0.03367718262951737,0.014218973317538249,0.11617569637163296,0.03860122736041801
0.1094220795066647,0.09087956966342946,0.0652933179350222,0.14934474452343874,0.0765455793807835,0.005952965840782598,0.3666246332956504,0.025147772018507677,0.1107893378357206
0.0982254420724175,0.04729631100809669,0.33258623846801033,0.07647289742648333,0.07474960211335148,0.04240417614314366,0.18363746191150007,0.04453413152199942,0.1000937393349975
0.1204856207501191,0.07013371449168436,0.06463928065479187,0.5397066449663553,0.01933016625239543,0.03472946040341982,0.07801363772869822,0.02292021981795178,0.05004125493458406
0.11740354383979303,0.04724067456297399,0.06542060676262802,0.20060937462661974,0.02282800925029636,0.032948781730870125,0.39899081114251683,0.06963844723597871,0.04491975084832309
0.157761075553468,0.03380168637407432,0.13180750797284924,0.2841417261042111,0.04394043977946546,0.04949802581145518,0.1275880644953865,0.07595172263185387,0.09550975127723628
0.09159975196835261,0.20185631420902642,0.13452088566395767,0.27743438394259967,0.06012614005731479,0.12046064919990897,0.03642906863354491,0.0340014088731665,0.04357139745212848
0.17573541185092326,0.20054152746819787,0.10774422146894758,0.03647185612846025,0.04371528863109179,0.03469220866161504,0.15606047272483117,0.12314643598215713,0.12189257708377584
0.16222058479998527,0.08163251361057126,0.05580940677047053,0.1826219905582039,0.03808364970145577,0.023874648339451358,0.32006563115247083,0.0436061274940962,0.09208544757329495
0.09859684343974329,0.11028684111227623,0.0684361727964576,0.44880939538343295,0.12573144692478036,0.015429262588555856,0.016281283945917383,0.02928538974109272,0.08714336406774359
0.13797183702673818,0.07330620013889154,0.16579939806191538,0.10495266663252108,0.036939658448245136,0.025017340831641737,0.3435998230144158,0.045043309765631645,0.06736976607999957
0.1105471289772183,0.04896848930147029,0.08092894652719103,0.1554985273654093,0.06426293092538243,0.06353701821056125,0.13354367550498245,0.06455025179102135,0.2781630313967635
0.07839378524763026,0.016041445788517725,0.4095980630742231,0.22277844537374106,0.023596527446083593,0.15390928140244478,0.029903242463108253,0.018577376778897467,0.0472018324253539
0.11572083654239768,0.07879252333771992,0.09134099663113504,0.2749374936990993,0.055983145622839924,0.16931077424685592,0.03716582584805507,0.15920059874129247,0.01754780533060471
0.1674673809120277,0.04955785000064499,0.07921970928009558,0.1980711338822988,0.06091260119417093,0.11577969087439115,0.13736544521924468,0.1428223587463692,0.04880382989075708
0.09535352687776073,0.01442020087495082,0.11884708068712156,0.22162247503976226,0.01960139394519905,0.08737848522052051,0.3108084556498561,0.07539249606117777,0.05657588564365118
0.12730319980074298,0.07909198960322167,0.16070597643481752,0.2652509581449484,0.09125614938485917,0.040164915078107884,0.06257451887593804,0.06850293023284117,0.10514936244452312
0.1266868939191845,0.11533939597625842,0.07820086191117215,0.10359682528142966,0.034932184922625266,0.01389318524444985,0.17782022986398302,0.1462608521980394,0.20326957068285775
0.11405066804154096,0.04678343466837995,0.1155199520567316,0.37277118509323676,0.14671292641024056,0.03396602450030227,0.03736656859781961,0.07514415956882833,0.0576850810629199
0.12239302631851777,0.10552823109752174,0.121364855911411,0.1736790353283589,0.23996523928445054,0.14085397791943607,0.020281726334386872,0.0600239322662792,0.01590997553963792
0.11943447793611546,0.23993054237498604,0.0953549655945652,0.06617787246094754,0.07455202223309981,0.1090119377452111,0.04881814336106885,0.2012554525482031,0.045464585745802866
0.13766744927655597,0.11732961880503896,0.09630277363188723,0.22691506320243704,0.08101739859194308,0.017122900345849304,0.11422363997902879,0.08038916083510393,0.12903199533215562
0.08859113371790511,0.09974555351636467,0.17427350570780628,0.18563431377667614,0.042456566233904126,0.06383883119638625,0.2736758665027005,0.03173257919560427,0.040051650152652586
0.10619316709814364,0.06370899639471618,0.1122203087952179,0.3054737441054822,0.09376504306853746,0.02315921351257032,0.07907097713468204,0.18146021777780533,0.034948332112844996
0.11232841112216123,0.1421577613952746,0.11226536352598,0.27062875573252526,0.020233327839775165,0.030148154145002017,0.16845783316852506,0.060985727675009725,0.082794665395747
0.09995534409517655,0.03594689220236243,0.13725800100079702,0.23266656060672028,0.10069083667437038,0.16318238970061474,0.07036365711931618,0.03939870589895322,0.12053761270168918
0.1266933486547129,0.07623093725411911,0.06319583269947256,0.2302801422657603,0.09724101577784305,0.008922342734500223,0.17888791906084064,0.1873813177259176,0.03116714382683358
0.09807137893725044,0.04076420601400415,0.1350267389492921,0.23564603454444857,0.02754229315051317,0.05530882315547194,0.05739876658446929,0.06397729221188242,0.2862644664526679
0.13088137247085982,0.09676505280550314,0.07024597028609443,0.1870036461602953,0.041284386873112575,0.03693094025688446,0.3437691085348768,0.03294463125636929,0.06017489135600418
0.08567112355989522,0.19333421323396063,0.1383811286866977,0.3131367392328049,0.016870061002699346,0.07852532979150488,0.06206813699352618,0.02546179154645486,0.08655147595245638
0.12544267075654777,0.052165593697395006,0.22987193556819854,0.3190883928678245,0.04620427545192757,0.01994894304079983,0.057337974272471615,0.06782265211201073,0.08211756223282445
0.11323920944651078,0.07210948657748678,0.205660029309962,0.27325544538202645,0.019235897865630888,0.060232642782317214,0.15481543356783267,0.023694185326673278,0.07775766974155991
0.08936181618372796,0.058135663070822054,0.27592868297926293,0.2608714592740881,0.0037932255569823044,0.03479217775903206,0.19690591130125348,0.028610379513018657,0.0516006843618125
0.07913953881748151,0.026416121506207063,0.07138128590890842,0.09753978198776642,0.016440729603431927,0.26712293472040116,0.37397764601723166,0.039420766602799064,0.02856119483577282
0.08974949883228267,0.15981989758009402,0.14764805525235294,0.10058902039548158,0.019548383146434655,0.03903941835477785,0.19509146560437465,0.07016617080836263,0.17834809002583896
0.08239359880711111,0.10512037336207604,0.2558925953170554,0.07320300068356253,0.008280519383020095,0.08922053854796663,0.04424458464278963,0.028447517501081394,0.31319727175533724
0.1032037676732343,0.0539921172379764,0.07378431774184642,0.28343973903009134,0.08678856998150004,0.011091465987634871,0.2771235038800151,0.04406427813896205,0.06651224032873947
0.10322597067047297,0.059016148634956654,0.08824077619647963,0.38355257260807735,0.008519905901972382,0.0656995771951559,0.18893002291789707,0.019906772120604904,0.08290825375438322
0.13979016998144578,0.07889746765913644,0.28921155961730965,0.08868824839214078,0.090626782613568,0.07531218616151002,0.04658627080287229,0.08183705031225713,0.10905026445975992
0.0959206302776056,0.10349128084756724,0.09767181292316786,0.18215514924463458,0.22833208963641058,0.020783012199955136,0.17356459293778811,0.0477324803744076,0.0503489515584633
0.070751497389463,0.026672402071862705,0.10949760597681509,0.2697603248787228,0.03213147481198211,0.2379909750916889,0.1283908778075162,0.03228291371025019,0.09252192826169903
0.10763135669654424,0.0889531819856547,0.25061754931692876,0.11507327799551616,0.008493780096593734,0.13370284090095097,0.17964099433574654,0.06851872467793811,0.047368293994126724
0.1401111059351989,0.042320056151813855,0.1771796856208611,0.23653274862137544,0.04151521911336246,0.10756861735770684,0.10608035809788008,0.06740041447545346,0.08129179462634777
0.12794527008091042,0.1319795570977964,0.09395413125584474,0.29806404551518056,0.08047982584176784,0.08968436174358341,0.08239571574756238,0.06383685065103561,0.03166024206631864
0.11910418274130825,0.043095074645142596,0.0921383180370423,0.26233342706797647,0.026647642955876367,0.10502597676513585,0.2248774769353679,0.08093221748675364,0.045845683365396635
0.12077101780368932,0.09662649705167681,0.2586571070817015,0.19617811913955233,0.08410702825714393,0.064613576374373,0.05341010444726787,0.038339273148989696,0.08729727669560561
0.09883028181536115,0.020415554378266944,0.049714438931586974,0.31168246741918565,0.043046234886324856,0.022491827051057702,0.262510352854286,0.09019562025906831,0.10111322240486242
0.1668321933615556,0.07884948987941749,0.07837711503639964,0.38828418885545934,0.02462760411798078,0.011467326442942414,0.07500823558027175,0.07587545270040393,0.10067839402556898
0.12725927318195127,0.06621073272811724,0.08383247155403944,0.26671802998694516,0.03502237683943172,0.02914826466952618,0.060832993692921104,0.27622766078323946,0.05474819656382838
0.09620018067761447,0.04177037555087893,0.15919304591466427,0.3272534051637659,0.054324504729425176,0.05234445395113959,0.16307534990476402,0.08575646760334825,0.02008221650439943
0.09911402784447666,0.03401950635612084,0.06955307100869752,0.36729620802375,0.03937438152964324,0.003273389105491993,0.2524667660678006,0.021624305951960385,0.11327834411205866
0.1328526820389332,0.21817830516344183,0.1524565415769459,0.12922782323630347,0.045800312009071226,0.0174286723988946,0.07412156345543457,0.08981244870325884,0.14012165141771624
0.1653499791303496,0.10539714823164437,0.06209119844905756,0.22770576848346327,0.04846855940407733,0.01894282127964565,0.08749641613581371,0.21796585299894855,0.06658225588699995
0.14824867450650211,0.14947241845683798,0.048605309590086,0.2914106455674023,0.11633608612370223,0.011500420711761564,0.0729211772632942,0.09702115958107445,0.06448410819933913
0.12121667903443756,0.04805538491592018,0.40497220319861293,0.12099692962375924,0.016314695962282955,0.0432597738472695,0.06235093702503963,0.11009974089457324,0.0727336554981048
0.13119161442100666,0.059949943847620334,0.12970752495389268,0.10597159559566416,0.03959156494392216,0.026762537178257172,0.20151485219052187,0.038634228608763976,0.266676138260351
0.07970922296815051,0.06784120112114805,0.2845715247653806,0.22347221228584027,0.027989900701820964,0.013142415046016922,0.012326902142928376,0.04993299756016963,0.2410136234085447
0.09305461596602405,0.032611773501514056,0.06019231425108801,0.2118397354308105,0.06423654500376254,0.06674629779593362,0.2923095541495524,0.15298760876522113,0.026021555136093732
0.08658370014328574,0.05431526209166517,0.08919056015634286,0.36337773806218826,0.051627375518140006,0.15009189594891958,0.05852144624669867,0.033060065154838586,0.11323195667792113
0.08312471155105748,0.045210637681684616,0.13887192854010605,0.030723207029580955,0.04484716180754947,0.02059420600553034,0.24532620478234102,0.030141776542806763,0.3611601660593433
0.12562932513748948,0.14352535637505703,0.08377217293554418,0.06689861757142625,0.020504560007647537,0.0219300965042457,0.17456642528495134,0.04502382174318536,0.31814962444045314
0.11142862732793611,0.014947973314929598,0.10199907134451547,0.20798162281276242,0.05965325533500215,0.13035390582363848,0.2200713865250216,0.049870628042339556,0.10369352947385467
0.12513797698466753,0.1171639525742836,0.11704917184921378,0.08644668827202844,0.034410480201368276,0.03502440776995899,0.04786999163860961,0.03222223088738238,0.40467509982248734
0.16145067089533163,0.10731407209680059,0.09026856748174777,0.07572156651622132,0.2359145075992998,0.10799312920089281,0.050355128075643164,0.09451714227104398,0.07646521586301892
0.15313196605968857,0.12375825490013176,0.1431083828971122,0.09290674832834007,0.06416345542443182,0.015353176542873881,0.09576760939389978,0.16430056041243912,0.14750984604108272
0.11814116642473776,0.07504443177246141,0.08612019334300014,0.13080829913740696,0.01648220143453376,0.014038230966864164,0.14193756119451417,0.16754805081555116,0.2498798649109305
0.09360359505883709,0.2506796016193695,0.1712111528978312,0.18464233127284957,0.04426558552752444,0.06456025711314296,0.014215249597451858,0.022273644550599363,0.15454858236239402
0.09069757886583574,0.061525875406488496,0.07912198193633631,0.29305849545463064,0.011845253680116257,0.03165346884070847,0.008201893251524138,0.2873834281085299,0.13651202445583005
0.16302134054438852,0.043454989349057414,0.1410584283034387,0.10974385096465593,0.048622323138880284,0.05780144872429003,0.024608221889401125,0.09592706018093204,0.315762336904956
0.135654870672497,0.06513929582975629,0.05755382693826794,0.29608402367401737,0.049487035676469227,0.009924565047355581,0.14294358258279752,0.07772534698657296,0.16548745259226616
0.10029321578526135,0.059702680856860445,0.16551894978889595,0.1300252565346509,0.018031966368049667,0.06151676585253788,0.15240275332406347,0.11859698852213196,0.19391142296754835
0.12823024289610763,0.16980068138633572,0.21314437176978798,0.15947011009329634,0.07512180537651005,0.07437198691318567,0.097118809053874,0.027783251270733514,0.05495874124016895
0.10759064720544087,0.026652289258438832,0.051174594561330645,0.25464296335757625,0.03446307760556907,0.03633140269469181,0.2681163842690212,0.0651996789986783,0.15582896204925295
0.05732642035687486,0.23360601010668067,0.18249805712818667,0.1594923684131161,0.00938016074285742,0.11560320285565899,0.008668488374894296,0.06165026562285945,0.17177502639887163
0.1297171589046601,0.06623899034528934,0.1219996023476047,0.3244383779160336,0.05172789055570697,0.017825606001307264,0.08441264568877206,0.1541361018587683,0.049503626381857714
0.1188664782281239,0.1205913446005008,0.10834596802627532,0.2636358782214295,0.0351184245870469,0.059123257723085736,0.08843631132319696,0.06851119764762716,0.13737113964271372
0.12289792953660879,0.1136733609172323,0.15034003534255938,0.285891123245636,0.042428775949204134,0.03994385633085751,0.11024311676923486,0.07158015083395079,0.06300165107471618
0.11535667775311098,0.049418878756758634,0.12651784200637115,0.34150026075250023,0.011668610223692782,0.03102715997514759,0.054126408415791256,0.1362490108028295,0.13413515131379786
0.07712364305926239,0.0704201522372152,0.12177324537567553,0.08395623808602147,0.0619856168751212,0.2600477026974521,0.14465752336736362,0.04941219215855677,0.13062368614333178
0.091152239352239,0.13297189960903477,0.06635734842770208,0.09769460115111182,0.24472952052041475,0.04112141266125128,0.18643619230322947,0.025908589156590247,0.11362819681842663
0.10142753661777644,0.12412694176948708,0.11716382764146487,0.0728313506611697,0.019506616288464715,0.037005569495184104,0.06856383785217753,0.025881513023932864,0.4334928066503427
0.11232766952297955,0.07445247033919818,0.1022871739677374,0.42569530175033127,0.020821696527893455,0.020633891655655854,0.07865213623936639,0.12316885814375467,0.041960801853083284
