0.02818539599428907,0.09492088391049713,0.1083286945546716,0.048492696166111765,0.11687311769135082,0.12510651754374555,0.24647302648879024,0.13458078312663732,0.09703888452390648
0.05191206323396935,0.22081737888817388,0.041130666753275015,0.2120441467551986,0.15611115278601706,0.04780650461563867,0.017989004756056474,0.11784838958941951,0.13434069262225146
0.1015727274804772,0.12141924731250542,0.22061664298982006,0.06130126179754156,0.11179016866204278,0.06623872541293174,0.018553667506999164,0.17155732536038368,0.12695023347729847
0.07129821579296948,0.12481434564754572,0.13655318710623673,0.13072804982913705,0.14787347117252417,0.07579089653044131,0.10749827589075218,0.09059890261323851,0.11484465541715487
0.02158176269466219,0.09094633905541023,0.10905834635559843,0.18312373831307713,0.18374989741394676,0.06063437727191476,0.19254569823729617,0.07070284959713541,0.08765699106095891
0.1282517213702376,0.06507761483869424,0.2439978069427858,0.07968937047819742,0.10993910987846268,0.15334413819263387,0.09592418769520722,0.03631883819613451,0.08745721240764663
0.11140693901618877,0.1722807677123037,0.076866593621979,0.14100012178508636,0.11479727181459487,0.10153644296432242,0.028731983258437736,0.12257698720564425,0.1308028926214429
0.0628514122234263,0.05185918797686396,0.24659770053346683,0.1254783292634446,0.14786549572292315,0.12368552419919053,0.055770829632487924,0.0984798176449642,0.08741170280323256
0.17588005320885144,0.04436642567221172,0.08091022561195546,0.04562929303796751,0.12484678342556066,0.13204760977214428,0.21060127523666353,0.0771653439912568,0.10855299004338866
0.2731076924921301,0.0657443034378943,0.07645726285934933,0.04865035831439916,0.11125232135974762,0.04872218850948736,0.14297909331315467,0.1363111644319898,0.0967756152818476
0.09330724702997989,0.08311698166353472,0.013928058201231407,0.06867856714602164,0.10999483693725327,0.17891779451661013,0.0948139258958632,0.24828384808106674,0.10895874052843896
0.022082539421412122,0.05387604896773591,0.1121813615942076,0.0755285761402007,0.08228212647691197,0.10815996016145558,0.40364900925017483,0.053296008142964334,0.08894436984493702
0.22322253179381338,0.23037804693665545,0.03504732514017561,0.04885324171716818,0.12008322276282013,0.050451498072984276,0.048127659281841234,0.13846968681226998,0.10536678748227173
0.05205069678499502,0.09899359370861453,0.19475443919726645,0.20302220471488772,0.12888520281085777,0.09222736656256558,0.07604768466784158,0.061564626404086165,0.09245418514888522
0.1350728080846762,0.028780542482061074,0.08322916042662741,0.16024168092795743,0.12628846366523258,0.07840569121464064,0.06592058244182177,0.21508594496953767,0.10697512578744532
0.07670126388732819,0.13737915207252369,0.1406440114433405,0.07638983541112775,0.1427408940158951,0.09331930499080056,0.09664567769203318,0.0952844927353849,0.14089536775156605
0.026256182801140223,0.0586186372743687,0.11149379339350955,0.07634047281080915,0.1290489529648586,0.05239590777050097,0.34255835675464175,0.1142852031699525,0.08900249306021857
0.05439296069474587,0.06645715009908451,0.17333868472146463,0.13192278470286334,0.1046646967024662,0.20818284495105058,0.040981993707660265,0.11646818573267186,0.10359069868799277
0.14650369041259267,0.07450698670175683,0.060905112347030214,0.18514688445114544,0.14103967516480406,0.04066266992279222,0.12147884827343848,0.11775793977575806,0.11199819295068204
0.07281449497635105,0.1178218583002477,0.08282651505422946,0.04726382924889514,0.12359957699187206,0.10225959871601432,0.1855943661124415,0.14503031768782623,0.12278944291212253
0.05237238904267021,0.047940383013252326,0.05132433854924151,0.18965439832597372,0.10119734035662627,0.19530978393709486,0.05261775949367426,0.2039944443893036,0.10558916289216325
0.0610556682879712,0.03767460493541669,0.1139974122076055,0.10674213170271678,0.13059321946009003,0.08469482024023474,0.16205134544764394,0.17083033226850017,0.13236046544982097
0.04785093338562823,0.07967409303819378,0.27662976862429617,0.0866955399215001,0.13300064114555468,0.06865846797606003,0.12010786174561017,0.07404776169847264,0.11333493246468414
0.06871841600758798,0.06575996120113291,0.12536039753926836,0.14257944407566103,0.14189582483593122,0.10858264468554511,0.2272618181612035,0.04075437114855369,0.07908712234511614
0.04201739293724749,0.07210751735112962,0.10172831190342839,0.3291798399258007,0.11145860325979623,0.09204629122325352,0.026816857251613244,0.1261269041242753,0.09851828202345547
0.150345477617163,0.07975658304351287,0.038479457990576886,0.07523299213014857,0.11243043354882047,0.12652683873461826,0.08276731271022157,0.19717494218300688,0.1372859620419315
0.06553920496895499,0.09390669701547322,0.05796093840888226,0.11401336673631984,0.13272367499533452,0.16161651391076048,0.032340014584642945,0.22643323656257555,0.11546635281705604
0.09748785034048968,0.06429533070907695,0.17126622330767172,0.16661564921433344,0.12166646036387278,0.07068590316489506,0.02769021914266863,0.1560855062319046,0.12420685752508716
0.021384180375796518,0.15642527014161015,0.09501005740797175,0.09216942624569689,0.09155236616599942,0.15290439146552567,0.1881702428445123,0.10541619134467917,0.0969678740082081
0.1062451448688143,0.11014024873397753,0.025594145519623815,0.22945177840995776,0.13145491329568162,0.14659314204954502,0.022001232370301497,0.12990936706020206,0.09861002769189627
0.0903619198378791,0.05613841097486438,0.08442350505177311,0.06997037615943695,0.15452618346251587,0.02662923175356063,0.39078930437484755,0.04356543615692839,0.08359563222819405
0.02986757621020987,0.07375856660918721,0.19770641405011427,0.19986321708833168,0.09838063303455573,0.06350220408722625,0.07104455720327325,0.15945137931688708,0.10642545240021457
0.14495429458512474,0.18787216810995347,0.11300512037954376,0.053041888261920946,0.1481924573169343,0.03924009948996917,0.08272351789813917,0.11322337774151481,0.11774707621689955
0.1402105652712703,0.16670311197687085,0.08416644068056633,0.07282586704424866,0.17840469423505792,0.06526959567154628,0.037837933722409116,0.12795801214858069,0.12662377924944987
0.2527036924379363,0.05240111511866252,0.19171786177359973,0.027822265874994836,0.14402220203747437,0.1468463549377603,0.025311756591442015,0.07783919666855946,0.08133555455957038
0.05257624684677106,0.04667224826983337,0.07049155749190368,0.09782353593680064,0.12899228946986857,0.14825429413959934,0.07708058561442484,0.2572414250069712,0.12086781722382733
0.07403177610252006,0.0804372237133057,0.12183873428019454,0.07407525547433168,0.1550549230578517,0.08650529230629116,0.09349913450661519,0.1819239079337712,0.1326337526251188
0.1015080130245552,0.07572142185265163,0.023613568722001873,0.06541042813067141,0.1178040983256335,0.24189380975239863,0.18665971293657957,0.09543877058094404,0.09195017667456407
