0.33070768443699655,0.07590415660000545,0.11143413096827082,0.17655692757685384,0.10204299552966378,0.09926840488594564,0.017840566084451115,0.05415660222954854,0.03208853168826418
0.09109386036158347,0.11974488850593228,0.14114096856608319,0.11243271085931657,0.11768418946236592,0.07916422163596064,0.053919545606902215,0.2203896495834967,0.06442996541835909
0.019278223159621733,0.0574141783333727,0.09806703302532747,0.1075526430313156,0.262293746544073,0.31759701482266056,0.01749170890582579,0.04034587364671204,0.07995957853109113
0.05449750757614231,0.11518012541273735,0.09734891744480695,0.0762084505304891,0.2165608532805461,0.1892692640000547,0.06270485409598774,0.0795743245042091,0.10865570315502669
0.1957617184272097,0.09895211912965973,0.1250168845614141,0.06554938382272513,0.05692053659631935,0.16807816980848855,0.0806245066115721,0.14468432154480676,0.06441235949780456
0.07827270287771847,0.1196690062892226,0.11942730813476253,0.1167946757276153,0.02518819305867516,0.17215385638612843,0.06669970511158008,0.11809770235833561,0.18369685005596184
0.07663220479837428,0.10133971562804227,0.12950716080035007,0.14185114934200457,0.16111432542255613,0.13074211251749054,0.026598060457483735,0.12796445576518242,0.10425081526851605
0.19262184389277404,0.07900265729257319,0.10191354435278017,0.08995877646161808,0.16724630076430547,0.015373796100089598,0.04614160291451152,0.24327073621581272,0.06447074200553522
0.06791167795424426,0.09966247226324358,0.1304058393105119,0.06708835873997347,0.08967185469294152,0.25940869240937797,0.13673492933925768,0.1104049257968367,0.03871124949361288
0.01712019057733124,0.07309216586863794,0.08780007973543168,0.07686733435603188,0.3752297742307291,0.1527029062970239,0.032855271194654534,0.06287971676491323,0.12145256097524644
0.09384592334993525,0.08008707141765362,0.1542027192006723,0.11152205231637181,0.0944041816810205,0.04929149407279817,0.07134457360931427,0.30333079080746167,0.04197119354477247
0.05094640920634164,0.13903048955722722,0.11176215304792192,0.08913749649270004,0.23605279788133285,0.1854975015717497,0.024808193514530192,0.09506507147934978,0.06769988724884661
0.3995330092019061,0.14005206971257256,0.10277669741126938,0.08166081393135809,0.08368717785875658,0.08569083497994161,0.010766156843872783,0.060304399790374635,0.03552884026994823
0.10368788218660478,0.08495908787310473,0.12203080480920835,0.07950236506909343,0.13425574597947038,0.1653792457764108,0.13096055705587661,0.08041725817124366,0.09880705307898717
0.0962426969133071,0.1548342615123595,0.10257096794684424,0.09257635019064608,0.1571785029543544,0.22218672879011758,0.037013175081239504,0.08857047710803383,0.048826839503097776
0.15076918292473232,0.3338337218707927,0.07693600881708396,0.12558399594295921,0.08525327283850603,0.022007462062672706,0.06662013594733221,0.09737995255692371,0.041616267038997186
0.1583014242722718,0.062096399998880586,0.1208437084293431,0.11746210861801125,0.13750511759009446,0.2187494233899299,0.019890916764604413,0.12596670709872637,0.03918419383813821
0.09490093455342902,0.10222122989023615,0.09547933406701575,0.06473471407023872,0.17532174845049311,0.297929508883443,0.04599059089076916,0.05820458591649997,0.06521735327787519
0.018265546964953274,0.0700654836043812,0.11473707720909467,0.08460416735640457,0.29615809583739366,0.26909520102452095,0.015115189455121941,0.07468498677914737,0.057274251768982404
0.04657514171651622,0.07305454232941366,0.1430078351748644,0.12779229011238788,0.18051350624779047,0.18380940271272883,0.06659952638212227,0.06729699775839636,0.11135075756577995
0.05353545027234021,0.043711325009785584,0.09835245231798734,0.08510270217182785,0.3889474357778581,0.20107170286241594,0.0018717657505800285,0.07995795906372229,0.04744920677348268
0.17045521928195276,0.1762280268288204,0.13080434663234672,0.06697058700950907,0.05681540692651715,0.16537773262079072,0.06337385314315656,0.10699338700466021,0.06298144055224654
0.12646520102719258,0.08653761929037862,0.1258473057758852,0.08947202164434036,0.07565495030311309,0.19786434326148186,0.08111499635823412,0.051373773202288586,0.1656697891370856
0.04017617177636587,0.08728507048078162,0.10158732882093685,0.04473983200327828,0.13623286711105598,0.4101951155014223,0.06458336300213431,0.04850406596425444,0.06669618533977047
0.05279949762018207,0.05384203616265829,0.10068665252070604,0.10445924765419341,0.2697809171240338,0.22365014791917548,0.022365352375704552,0.05724648623478734,0.11516966238855893
0.21742436624750514,0.1386588506003058,0.10258820685975063,0.14922684582494208,0.1740817080822731,0.061441859600581315,0.015666265738282018,0.10886355370974547,0.03204834333661432
0.07443054881435758,0.11523351523493404,0.12437274016748041,0.10230067909506159,0.276836742177565,0.07086589016196798,0.05224641776173187,0.11690870146912861,0.06680476511777299
0.06908507648515695,0.07178986342338363,0.10936178515721852,0.0760306969235445,0.21773979761186912,0.188634080021538,0.04419293839297495,0.12143749767586802,0.10172826430844632
0.09978509453224277,0.09687376822553123,0.13022151073101837,0.09878788572526977,0.09499701745548855,0.06766413023209099,0.06044426385184279,0.2759413090419914,0.07528502020452411
0.011629360486616133,0.12479810416519314,0.09688044268424723,0.08078250033006555,0.37213900971451624,0.09089331356497331,0.03173502046430349,0.14737587025675625,0.04376637833332873
0.011927227307531563,0.07301522715162721,0.09998920578055685,0.1063963754545915,0.2894730212222824,0.2496485974090005,0.07414446953065622,0.06453360126965021,0.030872274874103448
0.07428432642398924,0.09195037487738977,0.13107402277951155,0.1046463011233844,0.1426448651088906,0.20459996621058504,0.023077025652907923,0.1391279424052594,0.08859517541808211
0.04893994411093363,0.08349048615432596,0.11517608493603061,0.07008727023387429,0.09300558340395985,0.06047238825526208,0.20512800146207807,0.21380955983328134,0.10989068161025423
0.17153849147204916,0.05486821336152681,0.10627344609686583,0.0770292287491285,0.02756913852965714,0.041867563763103084,0.31143018835132286,0.10556408190394789,0.10385964777239864
0.024722614976232776,0.07380909166543133,0.11452393776831037,0.09197417058269212,0.3579316498383695,0.07231449895026913,0.038131447354568866,0.16313554889852647,0.06345703996559955
0.05355881478109772,0.0922110990871123,0.069597591606358,0.05818906532724386,0.2648776023209433,0.0496958808456783,0.2433568412691741,0.08325697484751922,0.08525612991487315
0.05237997666648073,0.1534984237898742,0.11000013118549869,0.1731221449250253,0.23221930066374838,0.18765320089674323,0.024553693507715756,0.0518901956818671,0.014682932683046638
0.13621099685727991,0.13787128095775622,0.13722776103282083,0.08772974823422547,0.13953427064904592,0.07935381743677206,0.13084431712124148,0.11789809526189014,0.03332971244896797
0.03485568696561881,0.09200500738215923,0.11716484022224949,0.0945346641169073,0.14327870480496016,0.2011609575319574,0.15737220536945518,0.07505019467128793,0.08457773893540443
0.15673689108663783,0.12485084079246207,0.14885118648197881,0.11771684026352952,0.13674222432166502,0.06535676922493396,0.03326695808827731,0.16737486077201327,0.04910342896850229
0.03983416143127035,0.11088252560781299,0.10856005986363455,0.06640412682370807,0.08697680047695583,0.22572123165603372,0.1756915003529322,0.15284637789689154,0.033083215890760666
0.1842735915536896,0.08694178076156057,0.11371366591433246,0.10597203942418264,0.1953233823860188,0.10864948683181815,0.015370748905239623,0.13955813549767393,0.05019716872548418
0.10957149999957783,0.11651155290768749,0.15603712233761366,0.14576197566912805,0.09438590199195433,0.04077590779282796,0.025833514610971664,0.28478131104467996,0.02634121364555909
0.20258485777477334,0.1299143669109137,0.13700674048139513,0.1253042522166328,0.03558372188052988,0.06611963808156134,0.08902762547144889,0.14503555454348033,0.06942324263926464
0.05528830118287171,0.06864924141820393,0.11343319314951873,0.09521299241007809,0.09305493555792604,0.12320055340925211,0.1447183106031843,0.218827367588225,0.08761510468074013
0.140463427763059,0.10923925887776471,0.1434683959340166,0.08853228662981451,0.12484688606568421,0.08925974706858923,0.01352729994702552,0.21377666224622302,0.07688603546782313
