0.12350040077143654,0.11694061648441294,0.116251105724741,0.20605718931347813,0.08462081062942989,0.0640361139677693,0.1047860653029236,0.10203822829279935,0.08176946951300929
0.11222700034049315,0.05378865049510473,0.13112280273448912,0.11916885011136745,0.13867095122048403,0.10152647004742266,0.0876792635731296,0.07074511809807839,0.18507089337943097
0.09905818760506012,0.12142287063092248,0.08751654583075556,0.11413994186203413,0.0780725826040975,0.11918638804053167,0.08927256082076106,0.09649485205487458,0.194836070550963
0.12610691507627167,0.05993506023267845,0.1214850702377291,0.1050991812775788,0.1463871454431315,0.06841564420764586,0.12242434509723647,0.13324193559453226,0.11690470283319591
0.1086793193180402,0.27650346958537597,0.0745012657159112,0.058938966950746664,0.10121941474646222,0.15957949032827093,0.08302834620402129,0.09268398826914519,0.044865738882026385
0.11111628060891036,0.04814501487339107,0.045333539126754335,0.24557027557695701,0.10924826348918663,0.11807727960915419,0.0986665838459002,0.14595298122582656,0.07788978164391962
0.10003190956463938,0.19994278466359142,0.09159283272544805,0.2217084961561542,0.1220699017316285,0.0557901295969935,0.08280244568710113,0.06739387489357135,0.05866762498087247
0.10984097734745218,0.11437456082270464,0.05557296904915201,0.07057517815176269,0.16654267700951195,0.058553570615213026,0.11803279055557696,0.13896881082969367,0.16753846561893285
0.11909610747894532,0.2711597069715453,0.06973654198307462,0.1408560804582338,0.10190129065809299,0.042361953711367854,0.10154503163644524,0.09018414415685068,0.06315914294544422
0.11223338452724431,0.11521674397826476,0.13440077068791048,0.10882770281749803,0.1362303318043447,0.11713267780334809,0.10612622491476002,0.10225383377191831,0.06757832969471138
0.1090208207672062,0.13797184132883014,0.07838343922348094,0.046298490287532114,0.07078445904618454,0.1340571882265971,0.09709498989573144,0.09612200161119148,0.23026676961324602
0.10679052228160357,0.19929844320684667,0.07299588381320202,0.07526830128236517,0.06342782050025451,0.04047176883390582,0.09637290715207662,0.06449985012045674,0.2808745028092889
0.12290268694572726,0.07331428999221179,0.08292755349002955,0.12055314231425406,0.12909320034822522,0.07032059187590889,0.12198041370435425,0.12907439800992995,0.14983372331935907
0.12130155501254587,0.19401042934118803,0.10780721464290255,0.13579792058556017,0.1285878431088293,0.0721024169062894,0.11873309496649781,0.09220509616307887,0.029454429273107985
0.11193231753000799,0.20806122100727734,0.19588029422350597,0.07062953135108553,0.14200925039035917,0.05263620808444874,0.09675393297425755,0.09452523594179514,0.02757200849726252
0.09834976578919903,0.08172746206462929,0.08708824412006215,0.10716750639451256,0.20091649712178042,0.21337929606509962,0.06506381941593753,0.14245985551749435,0.003847553511285104
0.10655863287701528,0.13799983816439956,0.046150841126236575,0.17424114227479226,0.14516567020140758,0.155568747766088,0.0992753194331733,0.11972212920621644,0.015317678950670937
0.11574525108459978,0.11098005564849907,0.1734159255600507,0.1465383735203591,0.13541281487178866,0.10080743557353229,0.10500912116718956,0.1084029259420818,0.0036880966318989963
0.11865233469060059,0.24820712696065184,0.14020749499329968,0.11244343655724753,0.07439022520245393,0.058351783544015025,0.09944611321727502,0.0954363902474467,0.05286509458700971
0.11352323355006173,0.0688933842304819,0.1803483309246957,0.190451834630449,0.09375811308578529,0.07552389231476299,0.1227255906807304,0.09496767124374829,0.059807949339284676
0.11038810360731911,0.21154022382475424,0.06822061229678024,0.11926315706811408,0.07957005201768334,0.07460411519263291,0.09819765080917477,0.1240295507295116,0.11418653445402975
0.11909174767907484,0.10450282782005642,0.09408107399900456,0.07055518176464932,0.12770092737089542,0.09872812875130783,0.1013356081880397,0.12479400904623632,0.1592104953807357
0.10159114743750268,0.2163173787725137,0.0563259660844345,0.18236327382123427,0.05648159281709151,0.10958598418842802,0.1300099410468145,0.09702031659717657,0.05030439923480425
0.10693161254112932,0.11338600231715563,0.07178444164626432,0.11825751666707218,0.06904710235875038,0.058874339853470375,0.08300470719361978,0.09515289947723232,0.2835613779453056
0.11245749801044057,0.2148862686733779,0.07565599304164615,0.07230746001329108,0.12647061072556184,0.10761018863083675,0.10001126591844273,0.1166165492596265,0.07398416572677648
0.13749662583815297,0.11413124205487761,0.08072318756348111,0.12495211251424614,0.12823877798758232,0.06771763953865069,0.16687436145833945,0.12022832774558255,0.05963772529908715
0.1351438409131195,0.07665619433239486,0.07869480896700191,0.13378284380825747,0.15761850254008944,0.10317168462413658,0.10442779067189589,0.12751423386064517,0.08299010028245919
0.12726458474707028,0.20234244757896325,0.06871613734188448,0.058615289120882645,0.14860977146381607,0.06367052422656636,0.09147001278174786,0.10591114294444696,0.1334000897946222
0.12169687569758263,0.06761704438039065,0.17101088263453998,0.21885003352778534,0.12675696550481133,0.04809151668798064,0.11751696571103186,0.11013224734554768,0.01832746851032984
0.12154033017354653,0.13387707632376084,0.09409136502742114,0.13154162104352837,0.1540865525214451,0.13336366786764187,0.09135324580497334,0.11869251336912247,0.02145362786856039
0.14127956629554128,0.16630623646150455,0.09040637300265765,0.10078504630725547,0.10121164955183852,0.12162376125641204,0.10698083892771067,0.1281582457047841,0.043248282492295696
0.14047978687969567,0.08700889683764303,0.09730661728282221,0.07720952906091179,0.11349495967979979,0.0932579271488797,0.15871484993332804,0.1527858320535975,0.07974160112332224
0.1112434413545199,0.07764879802007013,0.11480591419872126,0.09495015724375433,0.144432005946547,0.07129901415417866,0.10567128206380472,0.11767455260475211,0.16227483441365184
0.0947401024425721,0.32728767400125286,0.020089284490804868,0.07819735674713142,0.11916729518069318,0.08583851593405621,0.07177265455301413,0.07727627339866337,0.12563084325181187
0.10967645419702414,0.04479931008819917,0.07269688927481417,0.09855613462776695,0.07579724631829128,0.24949410358476623,0.1178307354645593,0.1918606784297364,0.03928844801484235
0.10133354048098304,0.1262267272325479,0.049160971755774115,0.04393553576686501,0.11529254252740029,0.18840893887322188,0.09604263290256936,0.11038024128840686,0.16921886917223158
0.1136503183649689,0.1298039880782241,0.12423573692316614,0.08457576948964028,0.10958764742322265,0.0713679543697391,0.0824724979660845,0.10001441458393978,0.18429167280101455
0.12204701255342099,0.2067852401469935,0.08682349361285202,0.09508692057791006,0.1605364203981677,0.08824624080365027,0.12793680155989906,0.07839401141301895,0.03414385893408752
0.12157204413201413,0.11328484932608605,0.13235064524418796,0.15595890035512194,0.09077471700719646,0.05589237281955686,0.13612087627731545,0.12272009067205854,0.07132550416646254
0.1126833820498746,0.08651995388630611,0.07612760234484899,0.1443282188451249,0.2026882496706369,0.09391844446489693,0.08964247413646191,0.08798367318327845,0.10610800141857117
0.09560107522274446,0.1568649911630223,0.10731845968088354,0.11665851006337839,0.22209917793193723,0.07420570260077285,0.059897006189925994,0.16330142653609034,0.00405365061124491
0.08910825257513533,0.22971602065937624,0.048611184234977844,0.07902326247666085,0.13944916637533386,0.03156571756800319,0.06829658491356189,0.09984494615288277,0.21438486504406806
0.1081833492966625,0.1065273185464997,0.05993454694790631,0.1186880070157772,0.11515468036293959,0.0495261283729293,0.08670098254393255,0.07460594038101737,0.28067904653233555
0.09422003148232132,0.16182460340735294,0.05646038323894337,0.08260793542912011,0.2425201016795808,0.1275777814425533,0.07394579661418611,0.08955255450407106,0.071290812201871
0.11419291566442581,0.17136891407695587,0.15248202632295071,0.07886180260394822,0.12824402029456014,0.06468064121179988,0.08921221412811264,0.12102007150966954,0.07993739418757706
0.12724050013112334,0.17524552653804962,0.14960584032632354,0.08437479491301077,0.11285140758516139,0.06358388842630337,0.09755308222045912,0.08605664666138746,0.10348831319818137
0.10045077902132261,0.20124089888958596,0.08423685883794498,0.11373536826014154,0.20394786734100165,0.1299878124849438,0.05978485755166646,0.09235150190367163,0.014264055709721382
0.12323415480767397,0.10476629803754965,0.05585886767022196,0.20199165098135832,0.1107273210868478,0.14914526762934685,0.09208994625166182,0.116908962180936,0.04527753135440365
0.09901745416386287,0.3316161794987877,0.07509252017684233,0.06124678359156738,0.09677402704506151,0.0863179074628439,0.08335029324009607,0.09335709432330759,0.07322774049763071
0.11258610801441456,0.15888718860825835,0.13963350837217156,0.1170864386386306,0.1407973045821349,0.06348403904789458,0.09287064708839776,0.1547984691952702,0.019856296452827465
0.12182581593767727,0.13587436083661436,0.0905165487833189,0.04965944619404645,0.17153063946381727,0.0850186149852233,0.12351594278846356,0.13582738291645882,0.08623124809437994
0.1267852679715527,0.1279820642037813,0.11566012552040773,0.04569962204218222,0.17168553088010388,0.07354480236590138,0.10888293456896936,0.1334543803145928,0.09630527213250871
0.12618002202336687,0.19428132945669485,0.17403944381997835,0.08169461055375778,0.0953475246291469,0.08783582394442767,0.10129905303820765,0.08789735716865286,0.051424835365767085
0.14430589436253313,0.061981965594224274,0.1682914129174283,0.06790856186792747,0.14715583013874103,0.09938418522403698,0.1518024049396711,0.11733958722153637,0.041830157733901314
0.13037815738449285,0.18526730555976367,0.053487023102931595,0.09854839234479462,0.17478386082343902,0.10673787320835852,0.08992383352330556,0.12567063583169827,0.03520291822121582
0.10392297509753363,0.16231057831487727,0.1234704248671044,0.1251520556341336,0.09576457275033097,0.08892806302848315,0.07943801361914123,0.08289812474658052,0.13811519194181518
0.129469306243517,0.1975710676618514,0.04668002788783703,0.06504429130239572,0.21710769686260642,0.065432530973897,0.1347552281446698,0.09936762449303334,0.04457222643019235
0.11401644187708881,0.07996283061591519,0.16119167397190873,0.14621255736120228,0.17417690314862064,0.07089864613074574,0.07812825538353686,0.0906948369397748,0.08471785457120688
0.10718271491185172,0.18103805332442913,0.09924850090545341,0.04864368786340695,0.18397711074876352,0.09501633492919333,0.08628728285241392,0.11799434205676955,0.08061197240771852
0.14073622930261434,0.05687137520492932,0.13004508271191598,0.0827203176521031,0.08800146505389578,0.10451460812278628,0.1204896249911539,0.1609764073461897,0.11564488961441166
0.10368605534537367,0.12249759626212409,0.06060541673524444,0.13070852252415407,0.2714281146111501,0.038812551552515624,0.07686442770607856,0.12645626764145765,0.06894104762190183
0.1204472192109582,0.12381442964594506,0.09512004095909922,0.1254273642964807,0.15193623852090776,0.09970724893918094,0.11100878423740684,0.11196797232498391,0.06057070186503736
0.11164584194485816,0.24934406635982254,0.030817956089998766,0.10366189329709628,0.09027724127857266,0.18702199059716698,0.09824342346619219,0.12046719411588051,0.00852039285041189
0.1235213321596234,0.06267911057935079,0.12352038287963767,0.20122301846003657,0.12745312808287226,0.09903482804269288,0.12013708146729611,0.12827338473390004,0.014157733594590263
0.10504850417638945,0.07577683811279755,0.03742525725284043,0.19976817569345265,0.12655491364037183,0.20591574318086917,0.10728922333084225,0.0934545239889162,0.048766820623520425
0.09552130075229483,0.2099084240832235,0.05902380178811404,0.08009556367882141,0.10024045453852785,0.16422828130442946,0.07381154925685136,0.08760843800905256,0.12956218658868504
0.11667600759255407,0.14886485998275947,0.1811796830130059,0.07371576159525149,0.10780792902789356,0.11679373124834021,0.08008834930698412,0.11411797341781123,0.060755704815399915
0.12043928129714088,0.20828552413642118,0.12703469994063332,0.10352171005678519,0.11710266400898828,0.04845422378564563,0.09642207062900372,0.09909770690937404,0.07964211923600774
0.11223078485812799,0.06355199863916182,0.06947379261342806,0.0689043286040571,0.131935295730455,0.13801522188849083,0.13500528022261257,0.09140574415247156,0.189477553291195
0.1130841174104509,0.1103345742474197,0.20731956863218917,0.1024783368701934,0.12779368724633258,0.09148228635287899,0.08449907244825965,0.12139515605242857,0.04161320073984707
0.12406194714747014,0.1267795693122886,0.05193565091815186,0.1844955620467911,0.20470854751869402,0.08507350221050913,0.10694537156470074,0.10893157193759573,0.007068277343798675
0.1308163422899852,0.12759187337432407,0.07590885177448305,0.1064789285589796,0.14622587449827887,0.11400718598459884,0.10564420608659342,0.1515524515147533,0.04177428591800362
0.10232142425963708,0.06354161434835008,0.08060683480724068,0.22917138128795236,0.0624800000859648,0.04319155608777963,0.10152894242389753,0.08419900112393591,0.23295924557524197
0.11442871574707296,0.05874081018489006,0.08782895590912099,0.17186142496719672,0.09437469388586624,0.20421094494421518,0.1192328797479106,0.07601918222054384,0.07330239239318333
0.10537143243809273,0.14123552747453885,0.2981016949512996,0.0686181525646599,0.1017630649015198,0.06565553977943554,0.09502501026390937,0.08381362539161837,0.04041595223492579
0.11418822670191513,0.1824058198835605,0.1359950722971528,0.06021763931916494,0.0818610598058581,0.05477129651234105,0.09161445725255203,0.09445523160423891,0.18449119662321664
0.12722018050546574,0.14138772268735064,0.09755419568748869,0.11055347854812485,0.14023981380534692,0.1531350262745004,0.09949729983340716,0.11027038497428883,0.020141897684026775
0.11748300616284336,0.09475514880899222,0.14277405536738771,0.12631364470871084,0.08361449791780777,0.14150026886902456,0.13462168815925737,0.11589020665529036,0.043047483350685804
0.1227284820008474,0.10063546473672248,0.1797980705385843,0.15644946327103648,0.09553998429970252,0.06176365662271558,0.12412535726493738,0.13367787368749473,0.025281647577959237
0.12399971609855191,0.11296685819542711,0.22293054867551695,0.09139168857922288,0.10480268184472223,0.06947446608509138,0.13033187399774726,0.11293518269438736,0.03116698382933296
0.11900293533429145,0.1942184986957375,0.09588472251634354,0.059204207585287515,0.16791786446331103,0.051524447194424505,0.0888945062304169,0.11145783420117604,0.11189498377901148
0.12868432828856216,0.062099398551599454,0.045915217529454995,0.09605293287192691,0.19314548148803276,0.08635197104088256,0.11037023762603504,0.12230506304619781,0.1550753695573083
0.11916101990982512,0.10147576284658359,0.24405393498967268,0.12614014569319984,0.12727801840150657,0.05134814399780931,0.09908234843263301,0.0780825224690846,0.05337810325968529
0.10736616663532128,0.14703313555337305,0.24067356013177363,0.1347696255936382,0.08281687824347837,0.08538307307339883,0.09235128608737848,0.08461597328172893,0.0249903013999091
0.1633561023342187,0.07779798542507319,0.09576687715353938,0.10091050511870082,0.10418978811206958,0.09214172950438798,0.15183401240485414,0.13532479222339588,0.07867820772376033
0.11492904414957412,0.13926632122154808,0.06185767628089065,0.12315222563251793,0.09547653365459863,0.08231660136443311,0.1140450098489662,0.09780615995307845,0.17115042789439286
0.13042555868111522,0.17510139657412702,0.1019550765296749,0.11956592363841605,0.16175672837149221,0.0681868152989901,0.10282070732956256,0.08244026437563977,0.05774752920098217
0.12143341323948768,0.14316020997287285,0.07903210572019499,0.07757758204496995,0.12841945134095623,0.08176204208385379,0.10889939036132157,0.1008183623292157,0.1588974429071272
0.10953928438693483,0.07742107422857454,0.06535514284357657,0.25231156057510673,0.18623297236103775,0.07230049912979301,0.08124326310187742,0.12468717758318615,0.03090902578991303
0.12579193263019559,0.16014950790585233,0.11064986759567474,0.055232057293189696,0.08634185219682648,0.061649166819744194,0.1306914847187137,0.1328539435179597,0.1366401873218436
0.14878655568727495,0.13487819696264958,0.12504796751334402,0.05637576896017859,0.12763244314033154,0.07993304548523693,0.1450600758348105,0.127654529736033,0.05463141668014088
0.12869377184705966,0.08556007004368281,0.11678231259051858,0.09424008665268134,0.12305248756615295,0.09845705740018514,0.14048675328850446,0.09048146043426424,0.12224600017695086
