0.10105066633097343,0.15238681411340302,0.03477159889099174,0.0996510683189344,0.13090176014410718,0.08716137099743985,0.051932940838651985,0.08909021479540036,0.25305356557009806
0.08629826716049771,0.09635544017558366,0.02731921827011527,0.08987162305452952,0.46442357710869414,0.06778633567600129,0.06816585441735873,0.023998401137961558,0.07578128299925814
0.09653736415376528,0.23676135292667966,0.21074350367713282,0.025377916312457883,0.09211895429288296,0.07652350330666204,0.09389692542155272,0.0913792809146164,0.07666119899425033
0.15575759147807827,0.09195761722464028,0.0727514517939624,0.20140465162194865,0.09548043034904023,0.1156157831061777,0.11797981539643969,0.04507715361415284,0.10397550541556
0.13504583444827434,0.1216494355886173,0.0450473439912464,0.14510229826512813,0.14684654748462725,0.11980440336033753,0.10017142381310633,0.0456975276259299,0.14063518542273282
0.12332169906444719,0.07546747399534597,0.11614110120111033,0.10540030933572873,0.13872921289222592,0.11757268958491957,0.09930407413700275,0.08621465281245648,0.137848786976763
0.07304079013959268,0.21125567127486874,0.08475749069440659,0.026343171898540522,0.2643606914146854,0.06659018828901281,0.05672503979173954,0.016582941795128012,0.2003440147020256
0.15348481454151774,0.10581498651932823,0.07118570568431522,0.18050468651299664,0.08082939377299864,0.09619268715507923,0.14184643925705842,0.053640202708696016,0.11650108384800989
0.11059435030958457,0.01688069546532747,0.042448352261035494,0.13134107447743018,0.124009596645779,0.09288377929722792,0.10397735550553076,0.14016616648654776,0.23769862955153687
0.1287961569581574,0.1361765413567241,0.15056437054089944,0.04658295801967489,0.11378661767890656,0.10065507654348253,0.07239944395359144,0.07955278328393334,0.17148605166463027
0.110678691141303,0.05569851159310474,0.14358084674826752,0.13116880841002931,0.13143813837289037,0.13309894318997284,0.0829212569709236,0.0659230843238846,0.145491719249624
0.11045549332112901,0.07799193179352025,0.03169079697640885,0.14264684130049218,0.23876257447810265,0.08055361962150968,0.05669357324516564,0.0647412577552397,0.19646391150843212
0.10785480044737983,0.09615694442639022,0.14298698449562527,0.05755518108253884,0.14504492521093632,0.10398137533848106,0.06210444408476875,0.18254739342611415,0.10176795148776553
0.10492003961077033,0.20507780868717784,0.09763537998266138,0.04201670417378676,0.20279172116525404,0.0938516844649767,0.11819336930215356,0.06137853396259516,0.07413475865062415
0.10003407334517307,0.24895674074402865,0.07600612553127872,0.12764077644914995,0.11431675662625175,0.10273598352540221,0.10767253571049318,0.04129909517926422,0.08133791288895816
0.13355392981410455,0.05722983516625842,0.17485878616035463,0.08041577065354932,0.09844035829372337,0.09492168020165927,0.107610635420198,0.06567133527142678,0.18729766901872558
0.08246812139452327,0.21181148866901434,0.07990132983955979,0.01808726925286593,0.3168746063272781,0.05575927962652128,0.04365765335862104,0.06540068437733791,0.12603956715427836
0.06369133997968232,0.3531643941226658,0.06747943613909914,0.033945384633955356,0.2580616844100641,0.06430024389291825,0.08229019419687984,0.04822991750782687,0.028837405116908413
0.10540977757912011,0.21683740035253418,0.07377322632637144,0.05730064504538141,0.1815656786549491,0.07737379660005106,0.10375098205204636,0.02404648931180725,0.15994200407773912
0.12607941522164914,0.09382217511127773,0.07011914858325542,0.10292608500672497,0.10618430309156139,0.11265870303681369,0.11969048536839344,0.12920773911435204,0.13931194546597217
0.11521389911565949,0.10962692652284019,0.1131748665536117,0.09687893173947149,0.16635984192788353,0.14500728144802177,0.10650729289607998,0.06599834435792039,0.08123261543851143
0.12875138525701044,0.14050351411226766,0.1464364225138546,0.08020879817058156,0.16177091315868206,0.09066568808970203,0.1369439487105468,0.023771664646925057,0.09094766534042975
0.12184556108909857,0.038871699422202984,0.08355670246158681,0.12377061836135135,0.0806086364116765,0.09951200699456199,0.13605793254660148,0.12004644365473309,0.1957303990581872
0.13088191936650903,0.06327565921341363,0.03692582826168523,0.1966529859830819,0.07899936319497385,0.10834812193633418,0.1345190831766933,0.12326025719833923,0.12713678166896963
0.14189519470616654,0.14436990962439167,0.1017591332982533,0.11586000260573104,0.07811037389668764,0.11749039318111199,0.14116376785278018,0.0670822903834716,0.09226893445140612
0.07506341828336381,0.18511303286658584,0.09135587867938855,0.04176306621480885,0.27766694221918725,0.08950265599089237,0.05329074903428854,0.12184363082045623,0.06440062589102864
0.13802291181530224,0.04949689348868828,0.03971709265545652,0.14061888242369033,0.15489070803127833,0.09736359559649661,0.14432393498638688,0.050448546640996426,0.18511743436170439
0.14557541116248973,0.06530789923610515,0.07352431167680325,0.17456260307331947,0.05459750668321354,0.10173845354709048,0.09924526016786163,0.06713821667308845,0.2183103377800282
0.10981280350492355,0.1386130210711506,0.06791486581782694,0.1785937038425596,0.1738347686740803,0.12209833081201954,0.08886924698009775,0.032744437837374414,0.08751882145996726
0.12778040517651612,0.04569855144537508,0.10486417336063901,0.12423197564486364,0.09510795572006782,0.10497468192398067,0.13498510007594763,0.05884464592639266,0.20351251072621745
0.1054474782331245,0.1189639752693662,0.07307937779783803,0.08914875953187103,0.21268182891828213,0.10947832679728575,0.07778022185202244,0.07402471697445004,0.1393953146257599
0.11729366355597272,0.12426616624105553,0.09046384230318603,0.048410073185993226,0.2288795276091861,0.09313404566451298,0.10312407490800814,0.12968649884457376,0.06474210768751139
0.1323125979587759,0.0568534369260963,0.07456621229218258,0.17718565341769335,0.06321806382249356,0.12241284024536185,0.1263309150319781,0.14336554382339764,0.10375473648202072
0.12420441233174229,0.024175260611811203,0.19087534737710818,0.0981973648067062,0.06465779077958986,0.09475698507724432,0.18281846237327715,0.10761688783036132,0.11269748881215952
0.0709182202840098,0.09376818948806971,0.052676032062622384,0.0653442117625904,0.5321223382296568,0.08765879631954877,0.03509301342618464,0.019022704525980448,0.04339649390133702
0.0865661687324245,0.03632732708440218,0.07207010201806051,0.05260715984004011,0.2806506790935676,0.09149524829328899,0.0635046227029484,0.11606735099278914,0.20071134124247858
0.14132193522518308,0.13093471728471506,0.05195372855540927,0.07488229280974223,0.08195287218470171,0.14077477430449428,0.15190019900714105,0.08766600698028403,0.1386134736483293
0.09465430783271818,0.05451662750167902,0.07366163437015456,0.12296048780848444,0.2220654876784136,0.10414252265601893,0.11232264398388198,0.08324675353230547,0.1324295346363438
0.11489560376530596,0.30758774490801116,0.05826745347144694,0.0870126689374513,0.02813375993723218,0.13144461650526743,0.17560131845019192,0.020648709858809577,0.07640812416628347
0.10158705511807399,0.049448862403575024,0.25806244832609376,0.07038081417309362,0.0742170445567863,0.12119427654406728,0.11299926375708658,0.08189446229758249,0.13021577282364094
0.1265742965602509,0.12486838597141554,0.08469065583867068,0.1376142482488813,0.10317832826440203,0.14131784386170818,0.14075728263043696,0.058956748961137694,0.08204220966309672
0.08320447744949473,0.11089330717356836,0.07167648788371292,0.07803887075285633,0.23435289267205697,0.1378793066317606,0.14618089433554257,0.022636661688466952,0.1151371014125407
0.11501733245756252,0.1535956610393736,0.041054593622804066,0.09587804521051453,0.2436245251896,0.08277685199295833,0.11408418886436837,0.024107160103424796,0.12986164151939375
0.1215607624138121,0.04655294710089709,0.08495322308913118,0.11408274715972681,0.015274095527978435,0.1011900970351297,0.2461312501388954,0.08252920418343913,0.1877256733509901
0.11696042920845882,0.07738096786991948,0.06862833433964341,0.22662127689700906,0.03706441120448827,0.10260493720530445,0.12479209184017624,0.04039736923605966,0.20555018219894058
0.11889761934792274,0.07944700598942968,0.08077871145802998,0.21334371702851976,0.04339443574301888,0.14111580362949436,0.11914478868544488,0.05913600590178483,0.14474191221635485
0.1205894504130625,0.10849334745589588,0.07710660385633973,0.056318996351533195,0.21648275338524695,0.1108918730335516,0.14088878352807002,0.07812299232027309,0.09110519965602704
0.06764955645371923,0.06285955101037684,0.2552041902917796,0.03724906286862467,0.14739998867725232,0.06787658537527386,0.1515707107027977,0.014506792409476693,0.19568356221069916
0.09598624421050002,0.024268506199958535,0.04288629707078076,0.06066654343090255,0.1694899580757854,0.09548917518411437,0.09954761027122357,0.27452693310746645,0.1371387324492683
0.09467170284611832,0.032525402963833674,0.1607509412367897,0.022502987032430116,0.057369267170186505,0.06605597229535348,0.11028769860980825,0.0671286010358207,0.38870742680965914
0.13632772067129392,0.1127834043064286,0.06990347535355118,0.1889443708105123,0.043645247707568335,0.11610810829223657,0.1350547989140586,0.0938815742363243,0.1033512997080263
0.13939229009788498,0.0413903417529752,0.06590413510669425,0.14518304995536094,0.10065961625103227,0.10220275167708308,0.11510084412487803,0.14470055817499985,0.14546641285909137
0.1012984411989289,0.053492615620080126,0.15976282399217875,0.03632997226483529,0.010264095642959235,0.11327633325772836,0.3383811130759926,0.11007956814934217,0.07711503679795449
0.1264254051937983,0.18042540416935535,0.06523210693529523,0.12034836042039505,0.15801563460418858,0.07207015512590015,0.08238809361755355,0.058257875553932005,0.1368369643795818
0.10871947530104238,0.14210399174246277,0.043319603729373185,0.03984060456539859,0.09375279243492825,0.11634701461674501,0.15735574558632978,0.013282168402261284,0.2852786036214587
0.11500900381165628,0.18660375688613773,0.0435118647990082,0.1090448390471886,0.042717401866348946,0.10825275456487317,0.10677740744725124,0.08301610462474181,0.20506686695279397
0.0981550261852598,0.03382905223249371,0.23450030573024708,0.07087409295927892,0.1540553347801227,0.08806847336954698,0.12053028019218577,0.08235390310207773,0.1176335314487873
0.1528718799515256,0.07890180382669791,0.07222697332528606,0.11464532519144922,0.07321032424066208,0.09493927737533679,0.25065615430095933,0.11958249411679704,0.04296576767128599
0.1306650303758004,0.1303036588752873,0.07603143980805223,0.13654600715297066,0.058566717964296765,0.11077842937425797,0.07000220423268957,0.1781570903252371,0.10894942189140794
0.13501321462313304,0.15825364486403032,0.10340589491338581,0.06102461088851658,0.05854460398130416,0.1378312073598259,0.08967333319991587,0.09138670229334533,0.164866787876543
0.1047411122421083,0.2067445457239447,0.1427691969880509,0.03850109473799381,0.010624252686414482,0.0904213298078605,0.09007750953985787,0.16592632938692542,0.150194628886844
0.1486057689850109,0.039720129046748355,0.11338140650594299,0.12412626690210156,0.12826545584366397,0.11602434311684669,0.169505188557451,0.05542193936137301,0.10494950168086159
0.12729638192756346,0.17936658901095384,0.07612621898500303,0.06727178482162306,0.14881516493903482,0.06532056538504594,0.07779517177770136,0.030762041287219266,0.22724608186585524
0.13718272764367312,0.1116537755145078,0.06657788346422729,0.09036101472325941,0.09306905284884093,0.08567501155711867,0.11008698137831517,0.12551370712029977,0.1798798457497579
0.1073556048044433,0.17276486940882418,0.074079098382911,0.141498903946916,0.17533281395954123,0.09809242333001196,0.07108845238181512,0.06283118740477284,0.09695664638076447
0.10347085806639766,0.11262215201062194,0.07308378963692591,0.0208552739044037,0.11351137216076024,0.07867208624151528,0.14159443520580758,0.05694896907119882,0.29924106370236886
0.08289890723396502,0.13481518429522207,0.06985278635815427,0.05286606407974279,0.23026607417531378,0.08645273528025842,0.04504009375041948,0.08590207480951502,0.21190608001740918
0.10363928728735446,0.16853853579607567,0.07316572909424023,0.08761126063074635,0.17082645090630524,0.1378001340639572,0.09566866425661535,0.0340442532187296,0.12870568474597577
0.10088707956984959,0.06109847378262148,0.11709808538757545,0.039452060806917204,0.10274908044494935,0.12181370008675123,0.0700649191372517,0.23157093160428296,0.15526566917980109
0.10691439540796659,0.08535496741701659,0.03716319157377834,0.13173145933086633,0.23355420443109517,0.09805145573267056,0.0925127423697163,0.08974603244666891,0.12497155129022118
0.09858662637589984,0.1309105742523942,0.07646919642957475,0.045276115335321665,0.055135762753317975,0.08359303327015744,0.16065161379996343,0.10197908301626785,0.2473979947671029
0.1282121710188442,0.025813671958651946,0.09685181366550533,0.17592433407124244,0.05879572492042446,0.09955964316835482,0.16450094500501963,0.12595610716251124,0.12438558902944592
0.12370350551781406,0.12635313358154973,0.09603686697514598,0.11867686750827884,0.09206246365592012,0.11323438435253937,0.13899283787124653,0.05593876799518799,0.1350011725423173
0.10456134204070312,0.05456813865736038,0.10343387411549576,0.04036358899007526,0.023322324631243608,0.07052196493552675,0.2357690093988446,0.18887581504029946,0.178583942190451
0.1196517033955934,0.15391876102319538,0.04693781740468106,0.13124923217797888,0.18299262869289523,0.12483970062784532,0.1050063492713521,0.0804776422618237,0.05492616514463496
0.10456421592194809,0.09491280546551596,0.1414361657580312,0.07489685681628461,0.046443260083332764,0.11578369791840065,0.06946117393453739,0.21881173064338055,0.13369009345856878
0.07106411737140633,0.032038835626229493,0.11395015393330622,0.03842253357982398,0.3430037295882243,0.06556692687590643,0.05503401175577407,0.09506582355416592,0.1858538677151633
0.11913773391140992,0.09188473776929473,0.04829072910482068,0.11118089551621933,0.25105224963064904,0.10333254147375759,0.11778952701273288,0.06289591469054297,0.09443567089057286
0.08835269094412967,0.04426717587207365,0.3014739553672583,0.04987508294932729,0.1379071791811521,0.0953854820297393,0.06582291786336204,0.10902329174075537,0.10789222405220227
0.10767415612762819,0.2205168548692978,0.043011290919364224,0.1143441150352505,0.25721515516164173,0.0781958438075872,0.08299279137088085,0.023894250996631932,0.07215554171171754
0.09512805055591983,0.3163032836735618,0.07503780743030324,0.050080361358057955,0.029602832237025256,0.07701650773616492,0.23264778423976182,0.0130318616512625,0.11115151111794273
0.10640313766149478,0.1282011962853564,0.06565352299002077,0.021128663435119918,0.35339044310211704,0.0882541479991869,0.09407314919607689,0.04936366063325293,0.09353207869737434
0.11030220953712348,0.2362494252467008,0.04494683673283346,0.11575887135859637,0.15031738505594602,0.10701181993599068,0.10473413943760274,0.03640983830186347,0.09426947439334286
0.15392222421141785,0.27297096533145165,0.10820574844291804,0.06518830910755996,0.04739412394731371,0.10316654000604149,0.1412478922000503,0.04915549649906917,0.05874870025417783
0.09235312412040901,0.08313445086926118,0.14464120630191968,0.030440028312563667,0.011599446018801585,0.1242731214713862,0.1195132220813695,0.15451558751541888,0.23952981330887027
0.12338785389185458,0.07700103852140121,0.05852144539490076,0.069080628319044,0.26733540705858916,0.13374783641525712,0.1319819701266397,0.08446011339278191,0.05448370687953158
0.08381115584584982,0.17100646250632412,0.09040304138999115,0.0753540590391965,0.2506172196961897,0.11541352722998516,0.08884347084311267,0.020839462172988387,0.10371160127636248
0.07912594011181744,0.0557040717615803,0.05534460912351554,0.23833388106608785,0.3044563460381771,0.1035582616496865,0.05703805264001253,0.03529165209600052,0.07114718551312212
0.12034276921578073,0.06887541456969289,0.04252826848090993,0.12438103288978757,0.10267259662659815,0.09619009646770982,0.0853847297799284,0.1255738247683997,0.23405126720119274
0.12851055184055793,0.2086081616459253,0.11445875836004432,0.09767198464917921,0.07180888541355518,0.12368083146416235,0.15282792723359098,0.031229529092394907,0.07120337030058976
0.1475458847140998,0.09510292760459498,0.0447300777510695,0.11983274379449549,0.12114107393663216,0.13936327828882297,0.15728765487966065,0.07673918325649205,0.09825717577413244
0.1405744891293335,0.09045764178902509,0.05607810550507103,0.20842397274306093,0.1053795182761627,0.12980539899721732,0.14344943776030475,0.0591143282700658,0.066717107529759
0.11448147321515771,0.06331154694154965,0.0929206989559647,0.10463670486546607,0.018598851991126708,0.12929274306799243,0.2284222335477426,0.061319182953880634,0.18701656446111947
0.0974413790307943,0.08632179293926835,0.045306996860127374,0.04578277311985074,0.43554438743342977,0.06327529953636785,0.07778558226908025,0.10399379705376287,0.04454799175731852
0.06978332391036161,0.21340143420395272,0.023115379866307306,0.028101301991078704,0.49693817801452406,0.06861663465528363,0.043165289385320264,0.01832607007856667,0.038552387894604995
0.09262322900703368,0.04183191965611829,0.042479397583227975,0.11095451391618799,0.4025192658259375,0.05536746200968817,0.036341220513032624,0.06473567933502404,0.1531473121537498
0.08876517752979228,0.19859081401656534,0.10667914423953828,0.038353759359461226,0.32165956630245973,0.08293205270121695,0.09803019230005894,0.011507879877781492,0.053481413673125866
0.08432512560598687,0.29290477532894194,0.05246802430651903,0.019315103166528406,0.3459587860270153,0.0777266881673981,0.06793426948575788,0.028481711500331783,0.03088551641152067
0.1382327006844708,0.06576445713628747,0.053469144723260635,0.23733518208865176,0.09078212357316608,0.09333289418222797,0.1572837001280659,0.10326353690047281,0.0605362605833965
0.10319247828486262,0.07043589087797304,0.09671875928275074,0.09011039446415574,0.05006721288765025,0.10983502567435395,0.1433022397010318,0.056560345865929285,0.2797776529612925
0.14873706519462385,0.16640368167573483,0.06659274427794602,0.06088204456339008,0.07897258243157944,0.08552056632235859,0.2109459275000151,0.03205382267808656,0.1498915653562655
0.12611023939680693,0.1277887521408478,0.05840298725105266,0.07348131913612523,0.06990986113431859,0.12658423548566056,0.07687736131967533,0.08912656159236411,0.2517186825431488
0.11296447990774583,0.05552556738583819,0.07692371353117088,0.15521245933258562,0.025462711819728635,0.12121645235612544,0.0723025720966267,0.27969280019133436,0.10069924337884449
0.11627590640729868,0.15973625599083272,0.09239367319384784,0.07495176751928427,0.18396744420467548,0.10703222876304241,0.09278736934974947,0.02414310231460269,0.14871225225666646
0.09427287467199176,0.02188166223569567,0.20002058629018812,0.021996841336653056,0.1666408851946549,0.06013324839185303,0.15354111112048244,0.06307510839860896,0.21843768235987215
0.11722290518643758,0.06324018506652594,0.05645775240617098,0.2752462589667689,0.024202789849879582,0.11651996867530212,0.1463327126937453,0.050886173340082365,0.14989125381508725
0.11753647563121246,0.1991435242126179,0.07619595745670216,0.026723639306164546,0.21112332093188632,0.058608062768368836,0.10760674500828582,0.16328090530197323,0.03978136938278881
0.12485478483790058,0.0977064837044437,0.06133230526944115,0.12192407239696061,0.15373436592470954,0.11901098510107483,0.10520122339064257,0.0851814917898077,0.13105428758501933
0.09645163143247078,0.19942642845910233,0.064408426727659,0.029102542979738525,0.12295889152332377,0.11838771906296176,0.1001955400494348,0.09284194253281546,0.1762268772324936
0.14347410486554057,0.019439873057158694,0.11721614980773061,0.1062613488731768,0.019299982988227958,0.09756304122700298,0.2236454619626156,0.03114584184236817,0.24195419537617865
0.09984281158712573,0.12987784898982996,0.091639723419707,0.0691258923104275,0.18961890924909883,0.13350352251811815,0.11820954967542267,0.0761862395562173,0.09199550269405289
0.12954137397225937,0.12728865804039702,0.10516780064149346,0.09987094417131322,0.17770175557148624,0.10860151679987111,0.15200725559832048,0.05090732129155667,0.04891337391330239
0.11015296582783457,0.04600500147877453,0.043543679398433933,0.1404096258499315,0.287167979245836,0.08459596195390885,0.09601299431591949,0.036787063233057506,0.15532472869630354
0.10325458603248139,0.0750611718751734,0.09122124834738628,0.09432309114646191,0.22535914282477845,0.09400593962095706,0.10384109159512367,0.1132014001039763,0.09973232845366149
0.10079761139465943,0.33053472204258144,0.09311256289575033,0.07068672359156919,0.10010570109547251,0.09775877575694843,0.056939007632853346,0.02930062955963973,0.12076426603052554
0.1217373973041378,0.17247859826053283,0.10394306778914424,0.12743309815849316,0.1311531208588088,0.08169127579405096,0.10090072106899774,0.02603873997851432,0.13462398078732007
