0.14670155089284306,0.04934288799136488,0.16979123149237887,0.07479582771170903,0.08308535058256165,0.19044074414218237,0.12668802236103785,0.09205176890352128,0.067102615922401
0.029481259603251417,0.015598511827593885,0.19160887768518145,0.31080037222537144,0.048765747789176195,0.09889920136020358,0.08729306196734539,0.15458721491616115,0.06296575262571544
0.1747628026999438,0.2618186134231429,0.13594153565400133,0.04108562638541547,0.08651460289145359,0.017483664138227595,0.09403504454165663,0.14730904412341342,0.04104906614274537
0.1300450344244853,0.07393240502101513,0.11701461432926057,0.08532136774712688,0.13613432381034127,0.08841101928435269,0.17229809544623367,0.13053461349511933,0.06630852644206521
0.18857570015709077,0.02757246147867382,0.4068647830793351,0.0693685596640319,0.05503581432515533,0.0673194727175775,0.085264307039472,0.0480512649628509,0.05194763657581264
0.05496385923621886,0.012728164781061249,0.24144630888222582,0.16562641884291296,0.11910658681868157,0.10043167336432846,0.10362593317835538,0.11247807204087924,0.08959298285533657
0.10043273187266906,0.1337370334954901,0.12050420724195843,0.06345685362411481,0.07896426872910918,0.2526582135207272,0.10520403658464265,0.061329417951841624,0.08371323697944688
0.04069590004430767,0.0704275335312566,0.5780897742609566,0.03917289445379527,0.034379487891207726,0.031336802950205814,0.07034972919965388,0.04446040498138637,0.09108747268723001
0.014939150075765817,0.2295481246270007,0.20941909395484837,0.12414672767564439,0.07070033128936078,0.07051612332513148,0.093103883371646,0.1150275915159128,0.07259897416468974
0.09260236183649756,0.07922660862527417,0.06480218583351564,0.15859005448088695,0.12146438686077558,0.1542952751166266,0.1550835047047905,0.10150821429127414,0.07242740825035887
0.0769955255532004,0.06983095710078055,0.3844196363100825,0.06729359962965027,0.10081477336609147,0.09078385218983658,0.09707565642857274,0.06864883947019514,0.04413715995159039
0.030783745717166425,0.011847495074962707,0.361994221225084,0.15888451519023705,0.063880750596588,0.1667813291477024,0.06074363894348007,0.05710531772298381,0.08797898638179537
0.07391639485698577,0.03561080988635145,0.1562530246854111,0.07757802341104512,0.09375996087630396,0.19797666710588965,0.12288914705672162,0.18053501734986802,0.06148095477142327
0.008653443669873145,0.11959231847179826,0.4235952123138891,0.06007713042767554,0.09136932075393274,0.09191601679836088,0.06398715692697497,0.09886169855413672,0.04194770208335863
0.05006744322182776,0.08076101322948098,0.3524850435804853,0.12989994834173377,0.08450356784199912,0.046343379240684886,0.11763097854866962,0.05987483774032142,0.07843378825479708
0.07275998410149152,0.008850153628791088,0.5335647243564813,0.028456336367462445,0.06956124298925194,0.08850072084343019,0.07911030413881638,0.07276524219109047,0.04643129138318466
0.03013782822425365,0.07843498048680941,0.43573887946676715,0.10688197062194461,0.0505484068404104,0.0881547571592833,0.1004323535445447,0.09202930270552069,0.017641520950466092
0.10754323434253689,0.01287737106013648,0.514852371332528,0.04531228646279121,0.07405312665236806,0.0316734637202199,0.07455641730379896,0.06170812312625885,0.07742360599936161
0.12878209586101494,0.2788852161654371,0.07045305972901925,0.11328598846989017,0.05326149627899421,0.08827357690467418,0.11845710606622213,0.08532476671742552,0.0632766938073225
0.06323341973084788,0.0774132008765275,0.5032765636089122,0.04573993006387731,0.05775840742706521,0.05486843009279115,0.07807085438620877,0.0653223372088003,0.05431685660496954
0.0366324498145264,0.08757040165039608,0.30761283949295787,0.08473853293368915,0.09771040248650964,0.06937637526632973,0.14323498110713787,0.1030439768183492,0.07008004043010405
0.03963360851437403,0.13049761117101838,0.33571213737505295,0.03410292063727424,0.13451011413915567,0.1027457275073836,0.082682732127911,0.08410790930289376,0.056007239224936334
0.043322456782894536,0.05753534428869476,0.12187865949440002,0.17915166731877932,0.06521388277351946,0.22023403736514593,0.1530385720121529,0.09662615954281044,0.0629992204216027
0.30425233663883233,0.024207902259206854,0.05243757023771175,0.0730987457097635,0.11740826556657628,0.11723447082154198,0.09951727537497852,0.10343436398098893,0.10840906941039985
0.03256147362517806,0.02267280689330955,0.5791418152698783,0.07609951478006056,0.059664329979586816,0.0436530051918027,0.07950790547939102,0.053282685063326285,0.05341646371746674
0.0506517440004157,0.12600013960133158,0.360119294394403,0.0640616434268624,0.07492072186909643,0.04553691401566024,0.09044982242823729,0.048300565667454554,0.13995915459653882
0.06747137402896387,0.061027732913673804,0.48819244593790706,0.06483408655521007,0.07281421475854048,0.05082132176456013,0.08887430306008255,0.05030519128153782,0.05565932969952411
0.15468641000180686,0.02778984113155852,0.3004171158990349,0.0329083381286956,0.060224298906395864,0.17588692728511826,0.07974447147723275,0.06232037899450621,0.10602221817565105
0.047932671896769884,0.005942050635947957,0.3821876532085073,0.06722088876459333,0.13639661065516775,0.16622585086125685,0.07417522608736096,0.09338681696637159,0.026532230924024295
0.0717587915557259,0.23092806545010455,0.28889072419307577,0.07151781548004732,0.030713279312170234,0.06739243343987321,0.09719977312785112,0.10275522041177466,0.038843897029377204
0.12468739338756635,0.01507366689189176,0.33249170239151704,0.09346181801678836,0.06344464965124313,0.14929835929803273,0.07490848797985115,0.06447657587325377,0.08215734650985579
0.14426599634876813,0.06550152363528128,0.07781410258539179,0.059801185857802176,0.12891151930488357,0.16442337799261095,0.1338081986530123,0.15670643599618286,0.0687676596260669
0.05570139891471448,0.05159559424282233,0.17209805762514077,0.2248517771839452,0.1030273439242651,0.06702385017070323,0.11140053292890727,0.13638166365198937,0.07791978135751226
0.04013166425606945,0.07487624038247369,0.26586793165389166,0.10492796564808944,0.04873973498913357,0.19569152039577165,0.09774171410953132,0.1181599345827467,0.05386329398229247
0.08219902178839063,0.19357249062655346,0.05932415950933939,0.14842416465409444,0.09723224835005895,0.06771966656226007,0.1097816898605235,0.14609110108255594,0.09565545756622364
0.06269905067789451,0.02254862023535766,0.0741043023447797,0.04048086626561426,0.158997482639036,0.241522263858402,0.07197641314207583,0.11841650179734832,0.20925449903949175
0.286007052522155,0.02129588859588603,0.13232954342628397,0.02400991053553125,0.15086241235397482,0.04597569573736208,0.1654277090888897,0.09552846633539909,0.07856332140451791
0.1966164083626282,0.07230795594349276,0.18694137461431967,0.16029176180600502,0.04614203780041335,0.0676422844929246,0.10638696642655515,0.11230597358598456,0.051365236967676725
0.06316393839324985,0.11719051798970949,0.17372734514344942,0.0443724090847453,0.09844473730436946,0.23588093438966617,0.10056463801322829,0.11759054460522211,0.04906493507635992
0.059542604951148916,0.0466458786323841,0.32344607170508,0.11293711684162681,0.15352155898937206,0.03696819342856961,0.12028983001349287,0.10164445985891853,0.045004285579407034
0.11309519727059351,0.02551141945350957,0.19004496886929959,0.05279591865959612,0.05549864235166441,0.13102604986035216,0.07520681256142071,0.09606657959551636,0.26075441137804756
0.04490740380760119,0.053230564871678286,0.12288984347465115,0.1912256286150921,0.06277196504629291,0.10724610497163263,0.08322125459665324,0.10094858041744285,0.2335586541989556
0.05883856491506437,0.07383059447053521,0.39482475793766786,0.06563072457114057,0.04729987444806564,0.04856845949974729,0.08526188809940549,0.1124400533181548,0.11330508274021876
0.0424841451577325,0.07384044450734678,0.30253323239388835,0.19706184837551532,0.060399326840469614,0.08841271093535825,0.1152104289645458,0.09974438139871189,0.020313481426431468
0.07282889776947338,0.16562170543042426,0.04862851503375145,0.12325805051071713,0.1241397635184,0.08335411100419786,0.19736396319407756,0.13523571345663635,0.04956928008232201
0.13191109951919613,0.02497840411847135,0.4724136071598413,0.08275506773634787,0.06818620384952812,0.027265576511716103,0.08558900319705394,0.04754051624275225,0.059360521665092786
0.06468462353359385,0.015982227758040018,0.25843710139433923,0.05477139975256509,0.22462732722495635,0.07194637489707206,0.10114147423401931,0.07756577459975449,0.13084369660565964
0.03683151708140334,0.42789978061961126,0.025209313669806447,0.05047072692777505,0.13793742622199953,0.11545762622838251,0.06965328854441351,0.10621321088994357,0.030327109816664807
0.20766914416117968,0.10172594325157613,0.1669743816663479,0.07746253335093987,0.06024766940971291,0.14051610918730714,0.10635119723782101,0.08263409497923324,0.056418926755882115
0.07340948891766384,0.13581997751716332,0.032310631116821247,0.19924401734990715,0.13196065850686542,0.07893240403856538,0.14342468107988895,0.08261593951050254,0.12228220196262211
0.09792810345815582,0.10702515543046087,0.08129838284049058,0.08307294456825152,0.09832227633103259,0.1952802273760125,0.11028856616542297,0.12048101927704512,0.10630332455312795
0.1547767193613125,0.12255428783656687,0.0423515784208448,0.05403948041234826,0.06318316187337893,0.13785409898526663,0.14420711461927802,0.10356848332225556,0.17746507516874843
0.013357187267562928,0.01009011443569836,0.4309876529500158,0.21337257352164818,0.0713082141944234,0.06375761731465851,0.09865503514862829,0.06119214238430209,0.03727946278306258
0.03581548604173554,0.03832365686367519,0.19918407468658228,0.07902671603621832,0.11011541808740716,0.06288375875345814,0.11294313384723131,0.1776978810301166,0.18400987465357535
0.25815343586360356,0.02397869662880508,0.09251553102257581,0.08293494555748461,0.0751444745916935,0.10153894315871159,0.10956051658419226,0.13274493963739117,0.1234285169555424
0.05359393210523832,0.03197308656062746,0.5907673933365127,0.07072893424288101,0.0363268579860132,0.03242890597123462,0.0786782032444089,0.06147628077667574,0.044026405776407984
0.13365237542244612,0.14683636277274797,0.01257031000924102,0.15850961126421412,0.16290777542219573,0.1140145294379628,0.10137375579700265,0.10223489641970677,0.0679003834544829
0.01687244944298384,0.19078228583423526,0.45446314012401795,0.09219625681420535,0.04334695571362392,0.06031615770963178,0.0576202391724078,0.054810814479295346,0.029591700709598868
0.029213683568943032,0.028770009689057848,0.12611383579304572,0.19471592674404717,0.09695721227713207,0.19196588754861876,0.14545387572545784,0.10326408871959906,0.08354547993409844
0.18730758060441702,0.02688261326464952,0.2391396920527836,0.1318957356636187,0.11060351386709592,0.04482075937936025,0.11349367280319152,0.0758105882725335,0.07004584409234996
0.045422281644296854,0.2377836627675957,0.05318930683805983,0.12739955683829107,0.11785667929616463,0.14829522706738238,0.10400963152148561,0.10261579043269269,0.06342786359403121
0.16192125655199327,0.17086032272638674,0.08123340895240481,0.04388248076307218,0.14837140220440762,0.13204820158664385,0.1338689527424881,0.05969446860980071,0.06811950586280267
0.052357381715017144,0.01846667682583465,0.3231549744749163,0.02785020494300475,0.06916205125561824,0.15295725308779062,0.08577182805979672,0.18967789314264338,0.08060173649537823
0.05519715503298806,0.009624110466545802,0.5800467781052513,0.05644263565161769,0.06497049999705871,0.07747581446536349,0.08019538696531847,0.0606634129404011,0.015384206375455315
0.011271309050143868,0.11119378955883848,0.4139572766336823,0.15788382422467043,0.038695374967247544,0.11789577189625315,0.0712983179416707,0.056751015914528274,0.02105331981296522
0.03844078908801873,0.01890384181019436,0.4485454035157172,0.11339037148657925,0.055192435894114815,0.0401914317815042,0.09094734953356982,0.05154163464087613,0.14284674224942548
0.06144431154202201,0.015425788587576242,0.4224800132712996,0.17086382116966659,0.05142577481852817,0.06862443765797485,0.11070690869494804,0.05963154062466625,0.039397403633318236
0.06066755914419717,0.01376228111899374,0.2186277449007942,0.17420861612122782,0.060666655336888815,0.12057737037516954,0.10562879838084932,0.08545824338055548,0.160402731241324
0.09612940337869001,0.03909352411278743,0.4714580314841676,0.07949574637414877,0.04308823465749784,0.061283923935238765,0.07745091860805468,0.10087181586967937,0.03112840157973561
0.1608065255822165,0.15848268078710415,0.07426095170964278,0.08060748122416704,0.1287198656040664,0.04847231855838821,0.13057396717578537,0.08485009666589155,0.133226112692738
0.07337163118845397,0.21648441275714114,0.46162127399263736,0.034889853890963614,0.02904476857204283,0.036844580970183206,0.06667060624828182,0.04283035373878088,0.03824251864151513
0.08794456887334867,0.1178984263306976,0.2776259722997679,0.07554575316619712,0.14285581730953348,0.11018009696148671,0.0783449138525667,0.07647063131867664,0.03313381988772514
0.11452663108926031,0.13181373438527363,0.2006174782019919,0.10936112893768968,0.09761198610666462,0.11617023012797356,0.07926799500914959,0.10765562794061333,0.04297518820138333
0.03481235434087989,0.08664621361720287,0.18559453612968976,0.05150339369691082,0.07214354362369212,0.10004420292988227,0.10062546575882057,0.09835152490714073,0.27027876499578096
0.01157803607446315,0.037847341874393974,0.26096475733494834,0.3298736710001382,0.03172971939693143,0.10069089160383844,0.06754676673113313,0.08584258142999547,0.07392623455415792
0.021178767992561767,0.18301448412021878,0.1839256337742896,0.037701290724389575,0.06855859973550064,0.2384367216027433,0.10723489799627854,0.08297731396513257,0.07697229008888522
0.02367340185366267,0.12463979675100183,0.30705006497029985,0.13454967708363683,0.11727972303682459,0.06138826152018825,0.08489726894605544,0.10063486119122238,0.04588694464710822
0.05494950114157456,0.3462628795406523,0.12195629958685665,0.15845398652535933,0.07056778891330158,0.03099214275882511,0.07149862644145685,0.06663555955661696,0.07868321553535669
0.01484492947264691,0.038389969716413,0.03086543115082714,0.3629252283053083,0.09822769239637413,0.08275969546212864,0.08406335041851241,0.11097460306924016,0.17694910000854927
0.024544913590372735,0.1121600496275544,0.5242221825255376,0.01835087745578111,0.04823377186963187,0.0727435464791238,0.09196699266948648,0.05126699887902148,0.05651066690349043
0.018945835296137678,0.23961147805056482,0.1953518548144284,0.11330663459975894,0.07545726279793723,0.07242340650785549,0.09642131066470856,0.1237009365300077,0.06478128073860122
0.04048715719775701,0.043121453725302704,0.4956173543373808,0.125283941784797,0.05757981660456094,0.06003531751216129,0.08469174963839372,0.0480975438956075,0.04508566530403906
0.02323585183339717,0.01138087962617519,0.4116095177119332,0.15512498209620387,0.14162512626093338,0.04410998548594496,0.09824455103875501,0.06442593943766374,0.05024316650899349
0.07285631447870766,0.1342787134466659,0.1887812452780577,0.04645664669820343,0.12950745700630673,0.13581622593269557,0.13821311926628643,0.09744164706077668,0.05664863083229982
0.019927375227784868,0.035312997827456026,0.44948300132644414,0.15813052807256137,0.04766096824397176,0.016905843627318857,0.06433014841007921,0.1286324823585544,0.0796166549058294
0.15295267110018887,0.08564206498556128,0.374888747082063,0.03407952137507982,0.06402323946811946,0.030353137335485236,0.06536116658520151,0.0632055860991839,0.1294938659691169
0.15361717473639117,0.0047390900090904355,0.20624000906410722,0.20168037360831328,0.053542452187072855,0.08726471121638174,0.07801357185571038,0.06336227003116061,0.15154034729177232
0.028907869584116022,0.07743211976041206,0.4422382762542178,0.11078543060075251,0.05917455849017367,0.08146219656523591,0.09783863474808184,0.05623313041563973,0.045927783581370375
0.018830029713988457,0.035454538565176406,0.39653468759233057,0.05944114764648276,0.03663173337746036,0.10554216206658018,0.06707242812817893,0.07707743749633368,0.2034158354134686
0.05364479359007553,0.060469985292072044,0.209284637908249,0.16882135236840126,0.05641415772656621,0.19885016350557985,0.11571790228053862,0.08019092785946014,0.05660607946905736
0.04335424362120297,0.14748888215666592,0.3016029018496093,0.234975909939698,0.04300630361390217,0.0442210649915313,0.08865055055373566,0.07203190588926062,0.024668237384394092
0.10467958253090646,0.12549975125392315,0.37259696723866015,0.0462474080814801,0.07208109007650738,0.0664574642563569,0.11475560469496482,0.06520220390439939,0.032479927962801636
0.1727416289924584,0.02236294879025688,0.3177140384963733,0.09236867615447454,0.06876704504523255,0.11790477033344188,0.09080570056849656,0.09259848943541299,0.024736702183852738
0.04673634624719888,0.06468367947907776,0.40336688745270655,0.08058399117519928,0.07656972062037228,0.07568797973771409,0.1083039995810366,0.07995266426550529,0.06411473144118916
0.04445271399623316,0.015382322877875007,0.18162383387884304,0.3156672110934845,0.09619011345070737,0.08619279543883836,0.14132289909193965,0.07198811329463291,0.04717999687744609
0.10212653943297985,0.04029011261975908,0.4012257959208523,0.10033991633565364,0.05003024453861609,0.03592775807569495,0.08594586401532549,0.0938959547851337,0.090217814275985
0.14270503232978657,0.020105454048357067,0.11404253951088313,0.09921861307423868,0.10190129242811884,0.07880581462764648,0.14945586569531036,0.1494380011703953,0.14432738711526363
0.03792226669636883,0.005949110396197037,0.3940218789200447,0.16511271080610304,0.11114125403151383,0.044923192689861446,0.10169661441471727,0.09028008642322409,0.04895288562196964
0.13841995178348512,0.11403545004408595,0.08448215235083334,0.03771743548713506,0.06802758337307432,0.09756506654920723,0.11796304921751839,0.07216584514665104,0.2696234660480095
0.048494744772972796,0.060625853493811326,0.45228053011895036,0.14297232409154723,0.029027565866533375,0.05312017977414008,0.09328304076360315,0.04634768465444807,0.07384807646399368
0.0604964139004557,0.0370381280147496,0.3255028906530902,0.09782945771855049,0.10220438840867689,0.06103201898137548,0.08134966353319129,0.09737591145454293,0.1371711273353674
0.3007676763367334,0.0181936315802358,0.26087782947960375,0.11070718253070473,0.06637584321152572,0.039521479163843125,0.10084032199543502,0.07060964327854165,0.03210639242337684
0.05947884101100156,0.30673178772005244,0.33077067300175494,0.02530272119460969,0.04089415079813309,0.042147809512079505,0.05720979963571713,0.03601397373369798,0.10145024339295362
0.0755549052457176,0.1566201593965602,0.10775022079122243,0.072266272348759,0.12764710008175853,0.1206276743514112,0.1264108109541533,0.09870225873963379,0.11442059809078396
0.04653588337802197,0.023937586402854216,0.36659071794024367,0.15614729213023773,0.16159687090125197,0.06662151044307398,0.06872632455940891,0.09275752350554754,0.017086290739360032
0.03460254980821543,0.41648731555424656,0.1653297668974025,0.0990669687880889,0.046665458900357254,0.06414927205731837,0.09589487114971289,0.05191665588703481,0.025887140957623345
0.02418072120650013,0.06853813777120585,0.2969405226590974,0.110968530224114,0.1434900926623184,0.09305963272298194,0.10386300376934697,0.1027403551756182,0.05621900380881717
0.05575241516911353,0.06522490824055661,0.23762923857522447,0.32194359733835226,0.06483624912596492,0.05882360527585275,0.07745215608736843,0.09704257370746848,0.02129525648009863
0.035229230374439334,0.030739036245648804,0.481187645951428,0.06089812038806685,0.06371352572539428,0.08140810536232673,0.07628889157088332,0.06587571180946132,0.10465973257235135
0.04434816234105416,0.07097948802344063,0.35201841879217416,0.16212841438998266,0.05925337360448172,0.06950694977914916,0.10493431702607402,0.05694976037921668,0.07988111566442682
0.07574797513349357,0.04146006020522986,0.2956930820844738,0.1324985916093747,0.09172897170460122,0.10825798438899505,0.09489652735408134,0.09003152060668151,0.069685286913069
0.24305914319274277,0.016520112600197003,0.03705285460028249,0.32255105094693765,0.10715731584140714,0.05097442121363837,0.08947722489008735,0.09027806792074318,0.042929808793963964
0.05328277095058978,0.014099426439316524,0.31626884222074075,0.07812989596193844,0.07402110441553711,0.17688990484571807,0.11275057184527758,0.11490646653299612,0.05965101678788561
0.12412674221095475,0.09908296240056495,0.3846631387175028,0.047621834290685394,0.04448452844825307,0.0936939620355776,0.08404911362604948,0.0501707281467015,0.07210699012371048
0.1058434285177567,0.1048743085419775,0.3500399589536132,0.08375544645243575,0.041592204898048935,0.11828085025158887,0.09049835825839044,0.07738976609614386,0.027725678030044814
0.07355701509602298,0.06093689001825131,0.25560685152233603,0.164573226413718,0.06609886839550594,0.07459250897540194,0.14645640157007858,0.08769362913373308,0.07048460887495211
0.07218181495455502,0.17819882904874684,0.05020743318942384,0.18922358284568855,0.1160821013845262,0.09075686628811519,0.1345958631563293,0.08230052546533607,0.08645298366727898
0.3547704157086289,0.046757646749547084,0.03248810664186699,0.04182882337503723,0.06192231193989209,0.14523545080860187,0.10603459176268985,0.13711361289711346,0.07384904011662259
0.033979091763413204,0.07814064651860957,0.3890042866763031,0.1259571912487811,0.11930961094564807,0.04336830527465502,0.0783638387746668,0.06522574225069501,0.06665128654722811
0.03945048749915477,0.09699090103187796,0.2930342728948119,0.11506993045394744,0.13782192314274574,0.1161679028819671,0.09289330944185693,0.08554840031911198,0.023022872334526222
0.05477018631303463,0.05657087820391724,0.14415188532291065,0.03688429939512302,0.1783040634273592,0.11040265930711668,0.1779355773298997,0.1385992208018298,0.10238122989880905
0.11109622880893133,0.10319711794201096,0.23266485891959823,0.04710332301510564,0.054754701623527774,0.19681828854453068,0.1078952570162308,0.10852252888444676,0.0379476952456178
0.06989369205245326,0.1301728287371251,0.1519940287510181,0.17137858041364926,0.10856920644443041,0.12052649476453192,0.10575384341623482,0.07756096689909965,0.06415035852145745
0.1316608780422991,0.09773073554899335,0.44549793087760775,0.06696424851150558,0.07584553534659834,0.04989199638728573,0.06483653250855276,0.04609967241744841,0.02147247035970909
0.04686331396144949,0.024691267072115625,0.04813433811921245,0.15433631742041923,0.1299938248331322,0.2828831183560179,0.1066178501878698,0.08216704693940585,0.12431292311037738
0.09316061447557737,0.04054907873608624,0.13515161639935916,0.13112718046082095,0.08010494982345749,0.08921238022193732,0.09685774303761575,0.19374285103070818,0.14009358581443757
0.1342262579201412,0.04805586542517785,0.1294780898543847,0.14477061884755474,0.11795442517631449,0.08005114260353775,0.16944845201946993,0.11419318162031915,0.061821966533100244
0.03324831430813044,0.013522286290613349,0.607403500306651,0.07950703591959386,0.05184090971196428,0.04115221940547281,0.07579377889035004,0.05517127028065314,0.04236068488657103
0.13146047042151543,0.05030390527588813,0.2193225757471482,0.11670754275119055,0.0442623810640203,0.07624670904146648,0.11083555228741543,0.11450698174357644,0.13635388166777906
0.16380930910993158,0.022163496339073052,0.42252622110077004,0.035216364132117185,0.11341506223277369,0.03821190054106801,0.08668595862186317,0.09932504622227849,0.018646641700124863
0.04549333712609577,0.052443291386515524,0.5486558240631743,0.07226772377456364,0.034068701007253836,0.0754730897580817,0.07685552401932678,0.0702733103156435,0.02446919854934496
0.06707502825978223,0.2736697909857461,0.040390077420732105,0.03867715862300105,0.0679143198242869,0.10761137236906,0.09385567798163898,0.11655306874217881,0.1942535057935739
0.03278651671086144,0.09489978339370116,0.421664813463327,0.0785666763024636,0.06688571777958281,0.1275408437197672,0.062463394375233426,0.07870812237551143,0.036484131879551886
0.1023190973039148,0.006111034720039528,0.4391343114036755,0.08294374726717722,0.0542661425067159,0.08736994392346066,0.09370790960578716,0.06609656468849114,0.06805124858073819
0.11426701864655488,0.05407607140166939,0.2656136277471033,0.13743904976921803,0.07172431366462755,0.0744247158689605,0.08707407214166707,0.09879768135419627,0.09658344940600301
0.11203759236966478,0.18432384416811629,0.14008958900724897,0.12833938380713686,0.10256343735823921,0.06989958624659799,0.097161379154953,0.12599901121755153,0.039586176670491406
0.029170971653496677,0.02873918895851579,0.12613920190228733,0.19487236749411255,0.09697728523488292,0.19187825800382238,0.14545335118086286,0.10324579822232323,0.08352357734969636
0.15820221413537575,0.05182526235982162,0.1047132503714618,0.2722665326960882,0.06086197594257261,0.0930294115721283,0.09800500105872477,0.11465795754270662,0.04643839432112044
0.11660114627246516,0.09542973599421935,0.11889077536446645,0.1607467012193765,0.0922953554447626,0.09062034883489391,0.10707257247218688,0.1031709865792617,0.11517237781836753
0.03590832021407018,0.07644166283953567,0.33251369999663144,0.140313190964885,0.13167623617419663,0.07228826483266607,0.0834705022317267,0.05965340525671409,0.06773471748957426
0.044601595296149134,0.10704702911943136,0.33678833780835893,0.06416041051133682,0.06011616729572813,0.12626879526731868,0.09544019447678269,0.06748586155018656,0.09809160867470783
0.028563310596598418,0.06835429169198899,0.1742504940732907,0.25463491464922383,0.11383300654287519,0.04196817179996668,0.08744721729974318,0.0674373251404569,0.1635112682058561
0.040031750553945,0.040522050357847554,0.348298864649089,0.17952858290724782,0.0512562466294375,0.041059627846550824,0.10162676818811663,0.12767518883718473,0.07000092003058099
0.11445470367900985,0.0948575628076892,0.20100447769339239,0.11797627485195993,0.05366780989268538,0.05384711468750547,0.10692162900131941,0.09839760772698196,0.15887281965945638
0.04835410825432551,0.022639337826863944,0.3992779159823503,0.07540435612895056,0.08351663629119062,0.07647134866388096,0.1048608601035295,0.11585351124513837,0.07362192550377024
0.03240293504650308,0.01564373668981277,0.5121965191789862,0.0940807750299567,0.0679506378895249,0.05517310777101969,0.0750590382775737,0.09463998219836713,0.052853267918255765
0.13982862591812617,0.07245873428262449,0.048638572244335876,0.14271468375797844,0.11804388644392623,0.1549441459901889,0.140719510883467,0.1027444362621552,0.07990740421719768
0.07877372788016335,0.08381098326738991,0.3755014578561324,0.010367450345833607,0.10202632754456058,0.16046707938980817,0.06547757635558124,0.07860529578608244,0.04497010157444834
0.19615219302457235,0.015843586186946826,0.33366366479499493,0.03368159088553554,0.07339952176657073,0.0888171746143712,0.10856566370635845,0.08047500000818786,0.06940160501246204
0.28625534398595065,0.008572681515226803,0.09426623525119786,0.18173326497060072,0.06359120787959495,0.1343790319817372,0.10620460160105354,0.07156510570779535,0.05343252710684294
0.014832059862945233,0.08496202604863047,0.48115449168934715,0.1554600529340678,0.0532849024329916,0.06336977916925314,0.055130505456436975,0.05486614366732096,0.03694003873900665
0.03800386512579943,0.08273339014198737,0.44708019722088954,0.08072827743513883,0.07907210493872359,0.046917598304729635,0.10403741586387545,0.07183174826278906,0.049595402706067084
0.05750916762751087,0.024545736527334754,0.4414280613387859,0.05737281867984665,0.058687003074991084,0.13216344532233285,0.0830168823452747,0.07907026869418708,0.06620661638973602
0.12450215896659432,0.05161009249951981,0.1429618164485242,0.08802462373276375,0.07455572680903155,0.24901964317140549,0.12127818269257402,0.0822475062579054,0.06580024942168146
0.26562756551272276,0.020831076228485984,0.18469361500005724,0.1071777246258605,0.08226087889131782,0.06472276007497231,0.11319471359872968,0.08232679363471741,0.07916487243313626
0.34634017174807247,0.254050707446388,0.010539004759546966,0.034108830050274076,0.05385880478621596,0.09736916396613134,0.09151927165855933,0.07869180367568633,0.03352224190912552
0.0795858526985422,0.15077217252814942,0.36993065644038925,0.06835491773450637,0.13841566915250472,0.03069813434429844,0.050023129806235016,0.08822562405510613,0.023993843240268566
0.08692690166975124,0.12015446150574584,0.15353990974119072,0.06480502603483758,0.10547570809486084,0.21929595279761505,0.1093530465856301,0.11086110980511592,0.029587883765252777
0.021636394904882107,0.09120600537439398,0.31664443249230767,0.16049391502468308,0.08679029203058979,0.05226071625643872,0.10339098970834583,0.1068734448986647,0.060703809309694136
0.08929080815241736,0.07309533025821129,0.07150141813910053,0.12989398373366634,0.07374150618561408,0.2789332342697641,0.09596883235403526,0.12773516916165642,0.059839717745534586
0.15680650900869705,0.06644222758163547,0.15307729579366167,0.10969894132895379,0.07236812294627622,0.08247918483053385,0.09196695248406485,0.10272521342777129,0.16443555259840587
0.009967752679065049,0.36495529134748844,0.23114397823019053,0.08137507289385283,0.031879286184838374,0.06555486645703437,0.0712813982625743,0.06199404887795012,0.08184830506700592
0.07278793941917751,0.09125989990647669,0.167160810075926,0.10204136465797621,0.14773914900964083,0.11185300987348229,0.1459106853619167,0.09627926795545472,0.06496787373994899
0.042605884884763384,0.2909773167697025,0.1620777526739863,0.09295662642161524,0.09370020663985758,0.13843012609135263,0.0667233394533597,0.08768373302299581,0.024845014042366734
0.009026287403476515,0.1827856375885244,0.1640610206791802,0.38907762441197674,0.03038572478325822,0.040630280335113476,0.058312308540496634,0.08521605461992737,0.040505061638046444
0.13299781125186025,0.34483347732465425,0.04301990357702671,0.03728325047313838,0.07856676945061934,0.06764774002005258,0.07568676884622116,0.07154584511855945,0.14841843393786786
0.056832860448693366,0.1651729724392406,0.15920012686532933,0.08477386468734384,0.1464868654735584,0.06668383387801004,0.11971195140984085,0.0900054673409974,0.11113205745698608
0.08393039844516999,0.055497819696374816,0.3200291278742237,0.08734099200610919,0.08724830428258841,0.10775891124937668,0.09584068967487291,0.0889523454865231,0.07340141128476121
0.061117690874528396,0.06658912715329825,0.4538966673328895,0.034860183910634716,0.09985297937248659,0.032504019314638456,0.10909308674907763,0.11176230613665748,0.030323939155788956
0.20413524576522576,0.024180004861333804,0.28084147051324865,0.16289553163567919,0.06838019775517858,0.032565417821265465,0.08088962235946218,0.058098450290755964,0.08801405899785048
0.07617286961395553,0.25357000518316364,0.187649006652716,0.1438828753956075,0.0678362750856892,0.05814456459682766,0.09442989835893362,0.07651687917464702,0.04179762593845973
0.12023771467580409,0.07523635697041875,0.3381060806744646,0.11149233747446537,0.08233560963296688,0.06743292000366703,0.08059826016132916,0.05277681220557823,0.07178390820130591
0.1995159664377076,0.07788571114602995,0.04250855479919361,0.09225509661258831,0.12724318378343627,0.12122640789496636,0.09206400923398317,0.10411535897705919,0.1431857111150355
0.09170763830808543,0.03904568202189705,0.03135171199160742,0.09089687827177924,0.10303635116207448,0.25035296502832644,0.0923633508203341,0.11548723346351956,0.1857581889323763
0.1439791841958966,0.0628026028327779,0.274821409060938,0.02647372577095584,0.12362662006124338,0.13914784826270474,0.09646345204268479,0.10011161202264081,0.03257354575015794
0.029237307566532797,0.14676673932799206,0.29286423115749116,0.07233972807673146,0.16903267947623365,0.08985752664990276,0.08065582331092248,0.06234891113086143,0.05689705330333212
0.16510762564145323,0.025808307412582717,0.4137508558613215,0.101925090271215,0.060730872700872074,0.07213013074973978,0.06670357481592333,0.051775551091273526,0.04206799145561879
0.06968779469766406,0.09491909627181822,0.13578294233287544,0.13341594656632275,0.08711805186922021,0.06002864173534549,0.21736014468818024,0.16756116072326765,0.03412622111530598
0.06547130791802129,0.01898360950975245,0.3995693591201482,0.07786994821408724,0.10803982770731695,0.08547156940769875,0.10620719494861153,0.09629346882498231,0.042093714349381285
0.04489879237789263,0.0321315697608554,0.5773947658213058,0.06172321758712349,0.03150653954141072,0.07928621852959843,0.05946126984108635,0.06688050300364189,0.04671712353708534
0.031918071254430684,0.09479529003774685,0.030228523601988636,0.05515078232808627,0.13853188180848297,0.2536772122561344,0.11084061268365526,0.15416228781757302,0.130695338211902
0.03403911988750304,0.22759129732483388,0.3054496252471275,0.06490812288275215,0.050861717989984574,0.06015117894319114,0.0845495417772112,0.12038026593144537,0.052069130015951016
0.06660979205098126,0.04159126410077954,0.4380287442302134,0.05411923551255721,0.08434084270703741,0.07667024596375709,0.0786947970076183,0.08069478045711645,0.07925029796993938
0.06984754950827916,0.12855235603981952,0.21432912658572734,0.08114510604571835,0.03567038888831849,0.09518399366582075,0.10884310477660214,0.09773705168324716,0.16869132280646706
0.029923438614142334,0.028855211195182157,0.15241080437821541,0.22235315364429956,0.11915096766694078,0.08730902590306215,0.1670360546098858,0.12760482035916212,0.06535652362910967
0.020616773621772423,0.01444059961040899,0.40882349576176796,0.14685392474347178,0.033861235730171024,0.11797156156820994,0.11688199513505491,0.059773314235328535,0.08077709959381443
0.0493602891827726,0.2275004203327823,0.02458113990974044,0.2635588289597826,0.0968307694991883,0.06402645840371014,0.10264614051596989,0.10628200797225477,0.06521394522379893
0.16143842546383835,0.22719692939494152,0.0954160681677559,0.06839945006713417,0.10969631226649518,0.06134658075554766,0.08338841456375502,0.10444000311652951,0.08867781620400268
0.04136808305571444,0.022652138213146617,0.057426364991647716,0.2849425690142008,0.17418359738925412,0.06611872149408778,0.1612112840445121,0.13538131647047677,0.05671592532695957
0.26383251043745704,0.1128763870281247,0.012193376678842918,0.06464300749114966,0.06067082880311315,0.14934695044224613,0.12060718206748788,0.09402234703773464,0.12180741001384389
0.18213357737055538,0.02675898431892342,0.45351688823403996,0.017073056979835282,0.05439307559560554,0.09375418821864945,0.07355321068981718,0.059493435673022954,0.03932358291955083
0.05360761962944729,0.31345190331904144,0.03734851184008764,0.028767603796168842,0.12764015619168304,0.09891444935000282,0.10972491741757402,0.11287074088003844,0.11767409757595637
0.059542604951148916,0.0466458786323841,0.32344607170508,0.11293711684162681,0.15352155898937206,0.03696819342856961,0.12028983001349287,0.10164445985891853,0.045004285579407034
0.043118048801638685,0.01826640461560627,0.21314178803866846,0.35057803498873197,0.08535538491362289,0.03983361912120705,0.09603368371146653,0.08873943542007401,0.0649336003889841
0.06825053875448035,0.030882836801232463,0.43704637054718604,0.08982587121017353,0.04095680869083795,0.022514288415168796,0.0615649957701866,0.10478045299013272,0.1441778368206015
0.12518264897176787,0.05836014095070638,0.35603668725085297,0.0676403369963263,0.08499869002111742,0.04848031989092333,0.11668944981121711,0.09330283123075274,0.04930889487633594
0.02646493629776293,0.051899736414245695,0.3723670241336638,0.15839933165528206,0.04290156367772566,0.024274965605002734,0.12273590085914991,0.06046256614520001,0.1404939752119673
0.0306587650197272,0.03657885086115387,0.4427063752138276,0.14816609942998044,0.12768101317532157,0.05499757765245489,0.08096904120295877,0.05247622701246649,0.025766050432109226
0.04143388916155883,0.14723338939134742,0.2897523787669484,0.16708386334130318,0.07533885149318763,0.0386169978639544,0.10755466180998823,0.11130672323994566,0.021679244931766182
0.08392198941051236,0.20983067789163848,0.2354290102014621,0.0558375492576998,0.10851312319287236,0.0561476941820841,0.0867392113891136,0.13274181220797843,0.030838932266638742
0.15621053632159126,0.0547006438943075,0.20549093178199115,0.0391169561974956,0.11039314599543071,0.17643365472438197,0.12534536696617682,0.09090009198622086,0.04140867213240426
0.04892665122292499,0.015504615579497028,0.07848415454375147,0.46414126119740357,0.09976393573429641,0.05721764483289613,0.09225611266794931,0.12264912700352615,0.021056497217755057
0.08613411299574203,0.04081819613916453,0.26935445045459244,0.058324760657268215,0.14352758972455545,0.08616870714292556,0.11550029197070322,0.10779376145759849,0.09237812945745001
0.09432367978256834,0.0634831636742355,0.4949662113238928,0.03721340915417083,0.041941059237973394,0.08996060246013386,0.05514696108744105,0.05151257055013894,0.0714523427294453
0.16321497557512402,0.06187868294453699,0.010302718869315868,0.2847764099162674,0.04699289692124283,0.06925593591744865,0.09669412325630022,0.07266910189538582,0.1942151547043781
0.12086123622275573,0.03556436509096743,0.23964762097308312,0.12863342120584056,0.041210853951349796,0.14466743095951565,0.1012226041788477,0.08268449441448389,0.10550797300315613
0.1323013704289385,0.33914337292411806,0.019239765276498958,0.07595680710863946,0.10578381936866131,0.08828737013499344,0.08953731020239258,0.08824990044501944,0.06150028411073836
0.035229230374439334,0.030739036245648804,0.481187645951428,0.06089812038806685,0.06371352572539428,0.08140810536232673,0.07628889157088332,0.06587571180946132,0.10465973257235135
0.25350344544797004,0.04612711895570563,0.054361037119708105,0.05350062936266114,0.07040747540131852,0.15923294387032758,0.1269804132935292,0.1353658277622242,0.10052110878655578
0.19931205923983356,0.026834225865361997,0.2698014601213581,0.07704930536416452,0.06775644833990842,0.08557242067933125,0.0948035012719984,0.09727495362269496,0.08159562549534881
0.18986704626169684,0.01659442967699405,0.268445872481527,0.11540327995085932,0.042207760839989596,0.06981568972030777,0.11724703029178003,0.10160187377735357,0.07881701699949185
0.053738141812085194,0.05116975170268561,0.4854964790758786,0.08839864986107974,0.06822659313825533,0.043405506411910676,0.08246959480393812,0.07736706541814607,0.049728217776020656
0.1504786740001446,0.14016895201279875,0.07612479802527113,0.12395468368520453,0.11997197680106501,0.05366145471159441,0.13477904791075,0.1644711657437173,0.036389247109454285
0.1432562744063012,0.12845641434145258,0.12121492794204129,0.08036144118074348,0.0988266968489796,0.07776877759794266,0.13239450437091296,0.14906594419931027,0.06865501911231592
0.058909932167068586,0.040048239744176505,0.24701329976344347,0.1564090077920478,0.14925063491133325,0.09782051875927762,0.08300256169482599,0.10689075401206331,0.06065505115576348
0.06711701729698634,0.1232644458491372,0.2870188704673922,0.11162117585899624,0.040308671663273475,0.10565639930498115,0.08899848023396932,0.08637576990978314,0.08963916941548095
0.02983954495894252,0.010226399872330028,0.1766229735647371,0.08319832786486762,0.1147137291948625,0.21812857609045025,0.09253405553648038,0.14325821315136142,0.13147817976596818
0.09584083048894038,0.04292787992478516,0.46570848357936634,0.08898824450959915,0.05544791756313434,0.04940052434330408,0.08219345378773914,0.06347241260151931,0.05602025320161209
0.0491947511880532,0.15490393448929393,0.1740276183037022,0.08780082208323159,0.10452371761610124,0.197294745635467,0.10293870324296966,0.07902573798813965,0.05028996945304159
0.07850142439394732,0.06661299867132824,0.46172327743269553,0.02855930862255653,0.0364189418630154,0.060738870021785824,0.06197225619367308,0.05084689329512226,0.1546260295058759
0.04157559811813004,0.14394906305933627,0.21772810403185297,0.05974557353529075,0.10845840591068838,0.06823367137461221,0.12541062760540936,0.10996221254048642,0.12493674382419366
0.028874745281969153,0.07184624038173922,0.17121692249116513,0.131859250041808,0.06429368058174278,0.11306500125878666,0.11590588555112319,0.21593083942074562,0.08700743499092017
