0.07666473262686109,0.18040683189691667,0.060715480503215936,0.2530474029721437,0.07884081560567831,0.1138862022144123,0.12152194051727853,0.08240255594263883,0.03251403772085476
0.0908599031054624,0.08442565783528229,0.11074476494043184,0.08543581572977543,0.11702221207767016,0.12499755868770616,0.08698760395802414,0.1538528091372583,0.14567367452838925
0.06369847386127762,0.1634748338919865,0.08674028176578079,0.11077515681795587,0.09567365154774006,0.11886742160199182,0.1423486596718159,0.12198677355292602,0.09643474728852537
0.05523346308684741,0.12467348611257711,0.08790600102994628,0.13545554247016253,0.12432157591269065,0.11500312824430041,0.10677291533614856,0.12824918644403951,0.12238470136328754
0.11520600604047472,0.10410175151849366,0.12933201754728954,0.09071855113416095,0.09895498827394038,0.11777516700986328,0.11834032220838887,0.1257300294652344,0.09984116680215425
0.04087238147244722,0.10861419647532107,0.09617923633581811,0.11985674604727907,0.06319607211061305,0.12057894584287804,0.16428242983520205,0.09085139561295834,0.1955685962674831
0.10605642948692406,0.09669245239399511,0.10869246320746567,0.10959160231217924,0.13054352865690266,0.12066377245453815,0.1071316098414216,0.1225183674378567,0.09810977420871685
0.10257542201188334,0.1104496493865768,0.11383685166749928,0.10266277284667578,0.13126908309157306,0.09927782221210722,0.06375980289789755,0.11634563708323131,0.15982295880255568
0.08573217002163523,0.08845884014588412,0.10427799999582991,0.1186512528973287,0.07419945457247724,0.10533997517872956,0.2339804487909722,0.11025770422725793,0.0791021541698851
0.10027109052190253,0.060803250136519965,0.07964067454158454,0.11349365859563314,0.20411214382993634,0.12313574097459336,0.11739529762370376,0.1189846851769618,0.08216345859916453
0.10748627501605883,0.07858383930260371,0.14322568755635057,0.09119296702044162,0.13537586751568492,0.09859026425347099,0.12749199062574063,0.09203275217691416,0.1260203565327345
0.0543653401057457,0.13592454584429017,0.059299750174482156,0.2590565391802618,0.07164787219171727,0.10999814572020732,0.150657908164398,0.12186538089382164,0.03718451772507584
0.05451567482712044,0.07083020045478648,0.11873967929039443,0.13096363866978544,0.12929935371492,0.12333588808689483,0.09597268591532919,0.10518737697710046,0.17115550206366867
0.03594006922377321,0.0847819957326274,0.09132933200181566,0.12401564166109735,0.07351577284512849,0.10658022449984787,0.22226714679229964,0.1181400404245716,0.1434297768188388
0.05231055105457481,0.11230936952859978,0.07164468352609896,0.12346904485662706,0.07403768479507149,0.13673892402923396,0.2225320697085119,0.08461922295918067,0.12233844954210138
0.08579167372341533,0.10595723416087192,0.13052988325849577,0.13207832437725933,0.07952205172631595,0.10724152934706466,0.13670078674014738,0.09459532884296255,0.12758318782346725
0.08426963401820681,0.13695319593595975,0.07960161067895277,0.06920804457247513,0.11061791576141633,0.11023759831787477,0.10983345757779416,0.1260832820394062,0.17319526109791414
0.02988069697307603,0.11116026096653685,0.05916565719175985,0.10496338056321748,0.08631706027518755,0.11936522081393715,0.20862720522699893,0.13806998060808987,0.14245053738119626
0.05619596337014047,0.135114783680403,0.12060468492819343,0.0758599532014849,0.11191557854708667,0.1170847252421864,0.09601990855774944,0.1304804175288329,0.1567239849439227
0.11189201835652705,0.13297353631815248,0.08323635312926098,0.07318861496889341,0.09911258090272479,0.09179991565044494,0.19401632073205186,0.11731153232825066,0.0964691276136938
0.054146266689688555,0.10044398825294625,0.08359589025740595,0.12208510838714726,0.07965395817234361,0.10375708492031428,0.22388969548763563,0.11664322097009405,0.1157847868624244
0.03454281886199271,0.14932125790068398,0.06051026647292773,0.2355139942415382,0.035882633792172186,0.11072977867768069,0.24639104684864366,0.07791450596164168,0.04919369724271915
0.1293291571167711,0.13264402545834666,0.10612267796134256,0.13555045211108796,0.10242445659744309,0.13606479722003464,0.09668736302476055,0.09031499576930352,0.07086207474090989
0.08913510595640615,0.07808013295858639,0.12125026203303545,0.09019706942911081,0.17327126012647567,0.11119453559014449,0.08154808684515837,0.13995819258033712,0.11536535448074565
0.052731530805484705,0.09510682078217926,0.05307298635265018,0.18678636914202115,0.054162338395436015,0.1200230596573985,0.24843904735149835,0.11561371618263787,0.07406413133069402
0.03823376791283794,0.14968688821155368,0.1225228822776595,0.16153560828063196,0.1289646875159092,0.10695199068355075,0.08863026452623167,0.11006727073556027,0.09340663985606491
0.05053036710204186,0.1994110733472907,0.09602914804704267,0.09426983277436436,0.11698027048313803,0.10815312095249217,0.1346407143171316,0.12031679084696341,0.07966868212953515
0.111916365038862,0.07039401852962314,0.1341474661602122,0.09970127425372684,0.17349999767080013,0.10125955580492396,0.05352969130996917,0.13220229081332777,0.12334934041855476
0.09064326205744522,0.19444857833295867,0.04893888763898527,0.16881512494857806,0.06765912376326892,0.132973131884313,0.13099284876760295,0.11269089025297542,0.05283815235387257
0.09601003272854529,0.14532758369857998,0.09943163195639791,0.06071487792581188,0.09071290893296924,0.1032384888189357,0.12505177885721916,0.1252497556206034,0.15426294146093744
0.15320266265700536,0.08168382506628057,0.10798696899945633,0.08464730643792145,0.1380350570863318,0.09923745931667954,0.09902321689350668,0.12034553950708345,0.11583796403573493
0.07123721236929918,0.05693676375440714,0.07919365404329928,0.10610933107641358,0.14968042742057822,0.12858929189303583,0.10252710504354902,0.1316302576737015,0.17409595672571612
0.11676278118697424,0.12356684637922317,0.10438566852537651,0.099865397602231,0.14233904768539843,0.10027724937140735,0.1226668513793725,0.08436427549906117,0.10577188237095564
0.09336803592692015,0.11622230337467254,0.12872284914071272,0.10052467689529826,0.08451186245532845,0.10489674140431866,0.16076450940230202,0.10749607205249571,0.1034929493479515
0.03855574596869516,0.09953649086501637,0.09554548916010104,0.13137476504368192,0.06518133729945977,0.0905426618995413,0.3209437727323616,0.09293717166443087,0.06538256536671207
0.17082125811915816,0.07281767649959947,0.12332870454884905,0.09862525920005338,0.1302761168355908,0.09539348515446111,0.10761002287288218,0.10933599978649099,0.0917914769829149
0.09462977900243924,0.1277308317655858,0.07005698940678366,0.1102404903815843,0.06794937415774809,0.13242155442571457,0.24801306779906981,0.10121492317975313,0.04774298988132147
0.06775872258825254,0.0715386389489638,0.1537179657555783,0.1053136136600215,0.0923658169032852,0.11817902915768369,0.16628958299245425,0.11665430779281459,0.10818232220094619
0.03922034429692328,0.21072886533612278,0.08527788814809421,0.1500495678314753,0.10803997169005458,0.11322174247511295,0.154952974755254,0.08633573067426409,0.05217291479269879
0.18193193634222748,0.0867326993371812,0.10191870493019774,0.16315025796402832,0.13370165941257753,0.0945682192376774,0.06913155371403105,0.09733634506740696,0.07152862399467234
0.09272773390872734,0.10181779094736655,0.12741645081950725,0.16470371559759486,0.07985182541948951,0.10227493172049608,0.07486216659931431,0.12092952961865167,0.13541585536885234
0.09909321731316663,0.05349163364896114,0.14682306795797426,0.0835149718414051,0.16233432760676733,0.0941292005577154,0.08597722710319429,0.11705797205235435,0.1575783819184615
0.08077512315669258,0.0916060283241505,0.15842863673632304,0.05164388366478675,0.1356324421102603,0.08336019519142195,0.13327908424101356,0.09388955815204868,0.17138504842330263
0.03178483970345602,0.13667145029954386,0.09879711125773975,0.10962930643241948,0.0703135003079019,0.14691325264774088,0.17796448679101443,0.10958089522895031,0.11834515733123334
0.10660507346542912,0.08914209878800879,0.1330104988759611,0.11881673521263136,0.07479549982931649,0.11141348793370447,0.17236174918961567,0.09853313043552285,0.09532172626981032
0.12580795760968272,0.08084984472599992,0.06798507752556192,0.09877739643701805,0.09330879456582648,0.15014022061931262,0.1554986081045071,0.14788027847786658,0.07975182193422471
0.08883644222852276,0.11089764368700943,0.08560930648208655,0.1267086843876444,0.1158804224755756,0.151437803185609,0.13604626279855625,0.13609513617790917,0.048488298577086836
0.07965007423899269,0.16098683416944343,0.12756941917411727,0.09810420651521147,0.09815650180555312,0.11037804150146414,0.0663357409805192,0.1416363572153634,0.1171828243993353
0.19897756963984659,0.08617400962986439,0.13530080748768383,0.0928111341782986,0.11977769184104314,0.0835936829340922,0.05613201173418189,0.09402635839515129,0.13320673415983814
0.054018301164220295,0.14043123267322796,0.07885097652283542,0.1454336399969605,0.04978786658449313,0.13759974968379338,0.13849724771379812,0.11510725855132035,0.1402737271093508
0.07730476314365259,0.11413823218563128,0.11673113478977903,0.1159087097758426,0.1571919855552961,0.11000217206703393,0.07709585954023772,0.10106507627428439,0.1305620666682424
0.03453505879171343,0.16430493069850607,0.11444909670426211,0.11210508975778431,0.08982428909568933,0.12157018022003424,0.08118646523638956,0.12806224962889995,0.1539626398667209
0.07667563636707624,0.10737363769976747,0.10005686019978854,0.09349342825077948,0.07528711098814223,0.1412832632315051,0.1329102082403921,0.0980923910027014,0.1748274640198474
0.1262461258425797,0.05820310331182662,0.11755640758984988,0.10685088482982778,0.08398151393890702,0.09849045468091762,0.12132403300817218,0.14090381518459794,0.1464436616133212
0.11559040521522845,0.14969870621111334,0.08068266518571905,0.0884686562859981,0.08648365748549708,0.14845468005373266,0.10436195948960447,0.10006986921900977,0.1261894008540971
0.18522905149105728,0.14844111587072314,0.13652945742211062,0.10716124116663601,0.09249742436079882,0.08896462143650267,0.07818791105552679,0.09489610980281228,0.06809306739383249
0.0673558014445903,0.1271996834857647,0.1325235779990478,0.0694736687953175,0.13425319014974743,0.09601026515937061,0.09178175088597366,0.10984393204028269,0.17155813003990536
0.05509515191654932,0.1192228145117028,0.09413959724650041,0.20759751094661252,0.06798217118467814,0.1321722272001128,0.07707986564698781,0.11645621246501199,0.13025444888184426
0.033592692827328734,0.2531118141316235,0.08323626557908005,0.16425375430974334,0.0576580733068065,0.11565353735630914,0.1599216994185532,0.08898364781991931,0.04358851525063623
0.11462140915000067,0.0800899129475474,0.0968856062807734,0.13758662695921653,0.12223452610008606,0.10480834067275102,0.07871875949827269,0.13980858381255087,0.12524623457880127
0.0439796535998041,0.0605754826809988,0.107655045772291,0.1193155198304892,0.10499878289769415,0.09845287182349165,0.09200488877182218,0.13484030204638217,0.23817745257702674
0.029427993649636316,0.12455575059887919,0.12608997490953877,0.06942375371816055,0.11892118552117399,0.11239715017561984,0.20613580625093678,0.11743462554586477,0.0956137596301897
0.11603826689318635,0.0825958559519674,0.10676901143897018,0.11349877711580424,0.15110667406357942,0.10601619785056583,0.09108287885045145,0.10319969193548807,0.1296926458999871
0.11543817108496723,0.17382228968988747,0.0828352930837986,0.12418219619585592,0.07095872270535059,0.1344891657753168,0.0462270635795665,0.1448585627618617,0.10718853512339514
0.04226488597239118,0.10201587454440121,0.05267456327126604,0.140913501117468,0.11484093063939023,0.1665415555119091,0.14707338670434986,0.14144584527637052,0.09222945696245383
0.18010247528051174,0.06192332650594632,0.109214750396941,0.08638707852613464,0.11835974949352741,0.10314823825840173,0.08671440877853821,0.11857352343601246,0.1355764493239865
0.09279142006490737,0.08154944019895666,0.12454084135621046,0.10811462148934443,0.14599588446893855,0.09588865385413094,0.09434700274040848,0.12419139306367548,0.1325807427634276
0.060119678567412876,0.11325732868198368,0.1517975556957215,0.07946396378388813,0.1158759482089865,0.11276759051052433,0.09588646142716122,0.12771299427433228,0.1431184788499895
0.08388389485745722,0.06749426811582211,0.112394431482436,0.06849466673551001,0.15624785378275546,0.1146284024773981,0.1251560572894725,0.12214037579247776,0.1495600494666708
0.1117087700429261,0.12485535397226688,0.11666911972116406,0.1047082002059313,0.1338149403058354,0.10314826020199608,0.07583657689065604,0.12641457618181898,0.10284420247740512
0.12110642762743169,0.08862651720826692,0.12215467256029776,0.2235342113726655,0.07778003551236602,0.08893928778925288,0.09392766090113835,0.12327438800769756,0.0606567990208832
0.048327790032138,0.08971860395590099,0.13735885676238005,0.17024636369593196,0.14084449510330563,0.10150832472982275,0.07367816808275789,0.13767255019950006,0.10064484743826274
0.13047640949573455,0.12508357062982803,0.08960552538621162,0.16286305166148965,0.07700936171646312,0.11083910539171014,0.07168180993498928,0.120675772849809,0.1117653929337646
0.17922743525275994,0.049452475117252565,0.08363456661101026,0.08025157942965157,0.1717742381521329,0.09971112606654126,0.07585698416726623,0.09753961834907349,0.1625519768543117
0.20817452623692687,0.08409646551786969,0.05619417626922459,0.1992796687304216,0.06841407947172493,0.12222357251333456,0.04946107320564604,0.09227997152677891,0.11987646652807281
0.12948796833532908,0.10368087624045792,0.08001387512603882,0.10067637912865142,0.16707243306636918,0.1283638983775939,0.08248608556810903,0.10926643751133003,0.09895204664612058
0.13131241910738256,0.13702048052909996,0.11399355442770585,0.1258330463317222,0.1168503373596053,0.10146927301009274,0.08643066472075046,0.12153904813003928,0.06555117638360168
0.11351389039366862,0.09771554159009865,0.1472924315469675,0.16231830785453283,0.060850389375787385,0.07623526736279705,0.12750972402154148,0.10966513777011792,0.1048993100844886
0.11696536325332625,0.11018034056668535,0.1073651357906366,0.0638673459856924,0.11191382267557681,0.08478636991777729,0.26094044520864285,0.08866910269822047,0.055312073903441984
0.05775901536162812,0.16904970072164435,0.11210676617944011,0.11735747927640099,0.12125339910966478,0.10000726050573339,0.11847240302964146,0.07919353961189039,0.12480043620395637
0.08128647102566959,0.09330777181285115,0.159371764097742,0.07523195017513391,0.12902364129552685,0.10132972001993379,0.06468827934056823,0.10806868377640404,0.1876917184561705
0.021474121463057206,0.13927999903815244,0.0660037477252781,0.17133783469907996,0.053963614750408555,0.10892165818218941,0.24942673816955932,0.09804440944621495,0.09154787652606015
0.24709692155819832,0.08081594851902031,0.08435845861837081,0.1165996488439046,0.11788841261655247,0.10440518178774356,0.08771627009753717,0.11586576529476554,0.04525339266390721
0.1290857907935367,0.11331893297743086,0.10324451088109109,0.11723572166620293,0.10080719389806896,0.11220026985496397,0.06517910466700404,0.10697760609338247,0.15195086916831904
0.1554692676818554,0.11613590952636471,0.09528400108242563,0.056306505348932,0.1110682254127839,0.12292859510802905,0.07910719145662964,0.13217322459307368,0.13152707978990602
0.055062907510912744,0.13520551399756434,0.0690193722095892,0.10104810377660967,0.08055951749178736,0.13569881060538208,0.25082093792196264,0.12268776440663415,0.04989707207955776
0.13171392084818284,0.1869858620699096,0.054954059853099986,0.15010254617878935,0.05812974120774755,0.13196630991455574,0.11012633556998773,0.13374298794442882,0.042278236413298344
0.11418858566375645,0.11611332529961649,0.09673948797565313,0.081456723337038,0.13885162934775544,0.13417391794425262,0.09252501916141831,0.11208847260842338,0.11386283866208624
0.07162400411574417,0.10451170508990866,0.07498931994940325,0.145517619407755,0.09332908773351521,0.10118319362699063,0.16612166986308474,0.12947309491367162,0.11325030529992665
0.09451288628727698,0.07925136612317522,0.08924718030196725,0.2647405798290572,0.09447342285478887,0.15667075082984538,0.07263385992146561,0.09440989931047895,0.05406005454194449
0.05521001526531166,0.14314383001946107,0.09117967378254666,0.22924153973560626,0.09382992372661536,0.103989242788857,0.0648921829441508,0.07554164872083412,0.14297194301661706
0.1285729902191942,0.06857214573807859,0.1259603663270686,0.12159446186092537,0.17242300735124919,0.12609091114762896,0.06655252830449361,0.10364819653896702,0.08658539251239443
0.07637010731270506,0.07880306409564751,0.13162470479122465,0.1619356282361987,0.10645071420374895,0.09340633654489387,0.10564196379735828,0.1472829002635746,0.09848458075464833
0.133307709103217,0.08731051971711469,0.09712310679188191,0.09681682858408985,0.11433154287249685,0.13465390983352982,0.10077712374091412,0.10901844766780579,0.12666081168894996
0.0686618863270948,0.06523873219432404,0.08418431331825298,0.11188097836727788,0.11387803018909137,0.10207504408683733,0.20165205401441919,0.1257834047447468,0.12664555675795555
0.13398091273569582,0.10376577121484369,0.0958226017341521,0.08719707883759024,0.13534453493903495,0.11965713420984697,0.0747765472831531,0.1125884681937453,0.13686695085193776
0.13901723953808798,0.09843374859081327,0.13511377263913155,0.07552521823125635,0.08159612310105205,0.10068816050553642,0.09029990565006767,0.13583977139944653,0.1434860603446082
0.07829925953815497,0.09028497231582398,0.1462678254567923,0.08790596411765954,0.1277194658051925,0.08577778471857318,0.1858639374600128,0.10460024350945452,0.09328054707833618
0.08287899392049188,0.06788616639653589,0.148813165506509,0.09818296578888179,0.13001401455337233,0.0946837164370418,0.08992179036609604,0.11171834810898705,0.17590083892208433
0.026267368575459516,0.07216559166826299,0.09941928008973379,0.10937129663023272,0.09048256808509515,0.09233135557280138,0.21872320012033852,0.12397731709050097,0.16726202216757488
0.10647704387599947,0.054421175612829865,0.12678656820418532,0.057335846788903216,0.18229816809506963,0.10199170005331794,0.16674915443857097,0.11586319062047086,0.08807715231065272
0.08109001418203453,0.06136307284049156,0.09505090562060992,0.1275255820984257,0.14853929098888954,0.10649528276985748,0.14625855843790708,0.10307386761026398,0.13060342545152023
0.058537186123011016,0.11682242397567148,0.10959980294460663,0.0637561026469673,0.13413039799313148,0.11328617233379833,0.1526666813401772,0.12099266182377254,0.130208570818864
0.11939409851609571,0.1279101926009226,0.07632727631431478,0.11778226545513726,0.06638779941753069,0.1272959447050488,0.17852892275492493,0.08255475465264626,0.10381874558337904
0.10331408158668447,0.09563935123344926,0.12056558217456415,0.09320692955980488,0.14823008262168377,0.11149192938529702,0.08235416113188858,0.11762544911728788,0.12757243318934003
0.16949132595929728,0.11780244794366727,0.09580214382960302,0.17117868482505286,0.07815291598917219,0.10929765598077741,0.09832482608155609,0.08249467816848159,0.07745532122239229
0.03662859654778497,0.19388024580092997,0.08022598137520434,0.07949931435279715,0.08967795557672258,0.11931412147687147,0.20449886573769363,0.10438433239238044,0.09189058673961553
0.1469313939941368,0.08672900679047617,0.11645752172708068,0.0893340752602128,0.14337773961144726,0.10814222098118896,0.08660559844778894,0.13348369094000187,0.0889387522476666
0.039099051729016794,0.14305591953367403,0.13612401655277942,0.07281407884275214,0.15431814267355945,0.1015642706941761,0.08504842274454001,0.11779274850622216,0.1501833487232798
0.0755683259960544,0.0901396200101422,0.08679728471686561,0.08740864110277698,0.1087565235195143,0.1419999974520451,0.21515138283358737,0.12046160086985154,0.0737166234991626
0.024635328440153953,0.12159028769111606,0.08787252328178273,0.03896294799750878,0.09893610831358318,0.12225933576051162,0.3068846280693746,0.1090997409244477,0.08975909952152139
0.0634894871457677,0.06487477480883252,0.0933540103576756,0.10936069399529776,0.11134732204731988,0.13651150000530127,0.1946813601187285,0.13180530020847944,0.09457555131259736
0.027756065535861973,0.20597410356888124,0.09795437062500056,0.05808284619352865,0.05995169543006625,0.12366028462564989,0.21412091403329858,0.14445028551485492,0.06804943447285786
0.06112646383886413,0.10770309017811706,0.12659655245465049,0.16821978711470043,0.11044402932454515,0.12442934116180686,0.10730166066546075,0.12644590477315173,0.06773317048870332
0.07510252533425543,0.07118760925176716,0.10646611808661517,0.11427978752191947,0.12861206874383194,0.10175350149486932,0.16009393836897332,0.13861189325832482,0.10389255793944335
0.07820581724888503,0.10517502148729456,0.1310123333524631,0.11455610492751318,0.12620849371793716,0.11857850733757021,0.08818541914623863,0.11043452609847311,0.12764377668362512
0.05199724865164832,0.14223978188772193,0.10332985501716363,0.09120160587874347,0.15461933734725652,0.11036017757929974,0.09022972129328759,0.11592311901773929,0.14009915332713951
0.13912132133529856,0.08760308811785471,0.10548311359343564,0.10391064142686963,0.13196986531725496,0.09425112910680784,0.14692745304743718,0.09945653740024403,0.09127685065479736
0.1304536796547187,0.06522367225440391,0.148922814355075,0.08905761974541442,0.14230771603817713,0.11718960555954955,0.0560041236464159,0.10727950210277724,0.1435612666434682
0.06240561912050941,0.0622291976864806,0.18453187530123913,0.12439669249245498,0.10439431835097923,0.0788228725012375,0.1411165030308986,0.10632170290507731,0.13578121861112316
0.08676015459321462,0.055188588878373725,0.12395221312134552,0.06769731231994248,0.14036578593496504,0.09417735795184508,0.13484826963551896,0.10547700240430302,0.19153331516049157
0.09220304851714739,0.140314966110809,0.13034544948178486,0.10575017342241222,0.07740195630857032,0.09641890116387138,0.09734140096310433,0.13180374757132207,0.12842035646097838
0.06244885664705243,0.09126807644681335,0.12354551533372897,0.11530607726689135,0.09742155314486645,0.11065275721638772,0.13318636468081255,0.11952743702061823,0.14664336224282887
0.10047794282647764,0.13616976840692238,0.09638967588621698,0.17212270789058617,0.08458277408443766,0.146201801891296,0.09012716075465094,0.09553076966768387,0.07839739859172833
0.0731028668213895,0.1286934621656914,0.12389777671016157,0.07600401024553961,0.13437191869653006,0.0977810353426848,0.06537583741426724,0.1191987642072232,0.18157432839651264
0.06499223233630445,0.06666886526664934,0.10917336641588522,0.12513374201628144,0.10752380589544679,0.11454694264839944,0.1322017058378537,0.10689975920182397,0.17285958038135565
0.06765130584427205,0.22741804020741144,0.0840193430953769,0.10199378188437923,0.09676849423493854,0.09883900614595581,0.1969872831517284,0.10988447596765033,0.016438269468287206
0.0919427073250546,0.09448852008908504,0.08346707494567052,0.1850275340662395,0.0812566932938275,0.15420875039343254,0.06888513662825095,0.10172370686310339,0.13899987639533598
0.08163497523651984,0.11542754157462515,0.12184685932024601,0.13954595192587207,0.11759168137947838,0.0900910396642823,0.1358853167070907,0.11702912714486702,0.08094750704701853
0.12864235576740607,0.06048513502315067,0.14619908490538183,0.09086658436679344,0.15569770409975517,0.10549014252283802,0.06255557410937614,0.12807028581568922,0.12199313338960949
0.07558511057913028,0.17241891565535786,0.10405882702663712,0.1380420044452039,0.10167117044415953,0.12019552471331894,0.11787094118265502,0.10643224294586319,0.06372526300767418
0.07136876748322216,0.10432747565825644,0.07162683868875973,0.10075147133295355,0.08347929352800583,0.11631791942963819,0.21293011411114346,0.12202816134226883,0.11716995842575174
0.04553922697500212,0.12493514023525636,0.07380416273333996,0.15932281259856376,0.09436654055355632,0.13939103169597633,0.15488023514794202,0.1441065907756776,0.06365425928468553
0.08718958951738838,0.08182131385599499,0.11392279476198768,0.1158470434544886,0.14228905311203602,0.09838641935548942,0.05627257551183681,0.11779149238378128,0.1864797180469969
0.16965570140711592,0.053575759628189105,0.1348672156072436,0.09879256994201524,0.0850918955473729,0.10831357224006026,0.09267716018102364,0.09658021104940129,0.16044591439757808
0.14147098019400067,0.12851250295083408,0.13941447001956758,0.06517051113492346,0.1050965388287871,0.09981803928003237,0.11193829012843848,0.09862391277391754,0.10995475468949867
0.05639465727986583,0.12142333070308524,0.1679712064597111,0.07276238507374948,0.11298299417578432,0.11247668897200917,0.14067409244850276,0.1408471814252276,0.07446746346206447
0.08636945442210953,0.19643340222665925,0.06886197333571296,0.17506988839541301,0.05564301616024311,0.11145796567886133,0.08350533894302935,0.0883169738746233,0.13434198696334823
0.08351311477119105,0.107933244796264,0.09435951697696199,0.23023980913738765,0.08014630706171885,0.0925668708392724,0.15406871285998228,0.11080429655394719,0.04636812700327453
0.048348088672815176,0.10391791711263897,0.06524832949209582,0.08539235011508506,0.055637783381504914,0.10580311682768728,0.2267355875974949,0.1536932118470574,0.1552236149536205
0.15506203391969997,0.08765307909909396,0.07366156569239468,0.18867326535257498,0.06923634101225906,0.1252306626555388,0.14851966541484843,0.0854124417997902,0.06655094505379981
0.07086244051804022,0.11326759478439341,0.08234834124463135,0.11509306073271029,0.1286847599741499,0.10246583764947981,0.14647199106999004,0.10013260282323287,0.14067337120337212
0.1135029737066004,0.0787286178551091,0.12070202713468299,0.1148671615850264,0.16222151508485536,0.10785303696770539,0.05899080511477009,0.13977759839447115,0.10335626415677919
0.1570601867065056,0.07121519912556017,0.16382895954992435,0.12569509097536724,0.12599821598187919,0.11132182544228335,0.04913817932234792,0.10544744316891991,0.09029489972721229
0.09080159327331543,0.13338987618479395,0.09113400178145047,0.06704093289948372,0.10865337781406982,0.11274045913313746,0.12336988221553297,0.1192279699847915,0.15364190671342462
0.12673705065480512,0.05476903434355792,0.1197256160519784,0.09701582042591177,0.1531897207489015,0.09985177216339519,0.04545875462345805,0.10653386577679837,0.19671836521119368
0.10370027496008798,0.09587663390437902,0.09301080816632638,0.20863530821217802,0.08978456676863895,0.1356710463833787,0.07141940219032933,0.12989828721792804,0.07200367219675363
0.0804464343447719,0.12746180538392982,0.07125895004011623,0.12381455700082455,0.06980801910177838,0.11447990935506504,0.2649623476210501,0.09283295370705635,0.05493502344540768
0.09997762158334017,0.14698720406680146,0.09850789900477747,0.08231813278125871,0.09732873799360649,0.11316964610967227,0.08121279782015285,0.14682481262542427,0.13367314801496624
0.08647978543235624,0.04858706240460616,0.13281125501560934,0.15723399926490111,0.11519434049978333,0.08624963843438743,0.0933368929140973,0.11239172570915414,0.16771530032510498
0.21324660315967392,0.06466574227286262,0.08560397276905633,0.07300337580808125,0.1006896175541309,0.11022233402392008,0.09923801425966644,0.09298965368070576,0.16034068647190278
0.06651374513104354,0.11242140628429671,0.06705997717339546,0.13445448079633396,0.08249661240035967,0.0929712478256155,0.31515890832716226,0.09365659719718315,0.03526702486460979
0.10497101717160617,0.06919759314992695,0.11876727722672749,0.14438633138584933,0.0809623552554113,0.1450305052864738,0.15742824803468458,0.09270739185515166,0.08654928063416874
0.07930477848128403,0.09094464965931782,0.13173727166197777,0.08598708101218883,0.14321104167828716,0.11093194407804619,0.08959912734927238,0.11259009768410906,0.1556940083955167
0.08849256784225103,0.11339713227845999,0.10699880721811861,0.06338087557149316,0.13232089497847185,0.11159858108835967,0.143632919247171,0.10856321024455301,0.13161501153112168
0.06480096566322462,0.05006612174309751,0.1558144394883999,0.14193543466488887,0.11769009472934781,0.09743627217649613,0.15694958731812828,0.09360565974494772,0.12170142447146921
0.11581006717712931,0.0946515372646022,0.11977679424929344,0.07709319142963686,0.13394048810467943,0.10658942857613123,0.10459394797732326,0.11382250682839397,0.13372203839281024
0.06753267538710828,0.09718334185514395,0.12044209024706325,0.17322354644022805,0.13809067693662566,0.11239291968852316,0.11747578480031791,0.10438835792718232,0.06927060671780745
0.1110203455881088,0.07806546976855384,0.10824429956742658,0.11266809139384559,0.14878049924036194,0.10859020081593317,0.06216581186680382,0.12747898340781336,0.14298629835115292
0.11985443802380251,0.11536765181165119,0.10689973123370407,0.10159164093462399,0.13035656528254294,0.12097152550910895,0.18167825867650275,0.08870473677150022,0.03457545175656342
0.07065347049093791,0.09593067574807675,0.06078868799651721,0.20654113790990447,0.06703804171462725,0.1280391633379913,0.18549437509843844,0.10011478962714425,0.08539965807636245
0.06560311264480538,0.07401491743144356,0.09880981470244314,0.1066868188982371,0.08492415333182383,0.1104509786708631,0.17125427999947418,0.14870642245316723,0.13954950186774254
0.12936188851230448,0.09519820193619388,0.11459427339262353,0.18697732207708492,0.08073275967826331,0.10026454778926408,0.09630502998590816,0.10147538026855489,0.09509059635980284
0.09219223138386445,0.12028618178679935,0.08890381201078838,0.08496238949893735,0.09892292691674337,0.1395739164778401,0.11941325592989649,0.1399852781662086,0.11576000782892182
0.16128764455804204,0.11043492185712313,0.11507766196488477,0.06174497068977161,0.09557616788154681,0.08989388329266358,0.20594297452739388,0.10036889458215242,0.059672880646421754
0.0805386530366988,0.0725403309636274,0.09942749115664563,0.08466446697290521,0.12844718141323197,0.13432934363680374,0.11701340811294308,0.1225987043539271,0.16044042035321707
0.064910966651599,0.10316146772203276,0.13430861431878788,0.09571688115993308,0.13034767071659967,0.10342526821656846,0.04574522687671207,0.12222537726948195,0.20015852706828519
0.08542040549466338,0.0741962637552594,0.08158213409681149,0.14567823538066652,0.14942076068821988,0.13186828289291955,0.08057346397065729,0.12316536492289694,0.12809508879790568
0.08365900279762754,0.0891031570029633,0.0981727371607362,0.05303299158649436,0.12567274465753606,0.1262586263149705,0.12721546433489558,0.10622047048345373,0.19066480566132263
0.08709375452182089,0.150963284077315,0.10585419085612076,0.10564635986525639,0.06792306304335825,0.10743294840553536,0.13786944824006261,0.11607466410715543,0.12114228688337525
0.03609318789286517,0.06138488110817405,0.07778894172174816,0.19098109396104676,0.1359211124272741,0.10026158713755141,0.20715835947383318,0.10456802552251072,0.08584281075499646
0.11179964949451499,0.06228195873026218,0.12789045273787203,0.16352916758230468,0.12124329285582003,0.09014076820055217,0.11102901885534262,0.10512431055066174,0.10696138099266955
0.04739652013002851,0.13296318791152287,0.08228937981407182,0.18880132518773549,0.07884117076360804,0.11078355076747186,0.18509490194370684,0.12381320116753065,0.05001676231432401
0.1061680869324419,0.10466766045612998,0.05813133398180503,0.15786441759959138,0.1200088643302956,0.13010941411378468,0.133964617182701,0.10055027900374236,0.0885353263995081
0.1349239937132084,0.08876163234145502,0.1099607330094018,0.1661488364505516,0.06479749923170029,0.09060505710902085,0.1898728443965564,0.1151664764083407,0.03976292733976488
0.07591689617452393,0.0972161136787208,0.08818056334023856,0.0936265216174265,0.11140392602894698,0.12789441629569895,0.1402678154746341,0.10829881959882114,0.15719492779098906
0.10247927852822082,0.0699860379979395,0.07096235993096665,0.12792968237135216,0.11936549476926599,0.11987721353385856,0.040053546589267054,0.11609496572601362,0.23325142055311562
0.011423325148555376,0.17389691703520116,0.05525069748212891,0.2391722989018541,0.030906625281972865,0.09228397778712223,0.2595791590576992,0.09363573876203775,0.043851260543428416
0.09668973209887126,0.09668794530835634,0.13556864648350433,0.11486986864401667,0.10589877655091802,0.1325383169804977,0.11309227434510731,0.11738694153046199,0.08726749805826638
0.1199386425541335,0.11841999094294205,0.07604626679645383,0.1759307056702093,0.06966135397827027,0.1306893885994311,0.12868503273794377,0.09053932622331622,0.09008929249729995
0.13299040330916753,0.05922335620666516,0.1046863989460022,0.09736079095998074,0.11908221502873222,0.11365230729371147,0.11921593666560941,0.09551483110158537,0.15827376048854588
0.027692616221316635,0.10831706352921777,0.13903851953710913,0.0932043253401269,0.12040445664631587,0.08149224630149822,0.18874138467970258,0.10026486196607594,0.14084452577863701
0.08956973031525838,0.09651297945665939,0.10566824092211684,0.2060008721244949,0.08957631192770037,0.10670680531365911,0.10679257988144726,0.08259091294673565,0.11658156711192814
0.049919816399538845,0.10675662508907156,0.12798933337742843,0.09370618886435844,0.07412331454778444,0.11663249668202062,0.2110978498163948,0.11739144410368875,0.10238293111971415
0.08401955341251856,0.09820644798755908,0.12042401190372394,0.10311768580572916,0.04720810309863854,0.1216557414481833,0.2267965936132256,0.1052021647170427,0.09336969801337908
0.05378323314953387,0.166874361970594,0.09736717149600033,0.10576406172736734,0.0650291744381916,0.10946525979464644,0.13188604193470774,0.11635202693045628,0.15347866855850234
0.12521350265313633,0.10652293285451221,0.12459203848198246,0.06555656785126635,0.10096884014132897,0.11121530067738032,0.12212446965797502,0.1131334642455797,0.13067288343683867
0.04090244527375854,0.1293119783213246,0.10337590168747764,0.14810767998760166,0.1430284926749982,0.11239496401934106,0.10688244716279804,0.10763748079220398,0.10835861008049619
0.14700408568538392,0.08988829954671072,0.1222140302566368,0.09787445569102222,0.10522893602586926,0.10010538555687226,0.09212826836391756,0.11001423995602387,0.13554229891756336
0.055198397021485164,0.15459318125414093,0.07541443994894687,0.15603381880367573,0.12986609250697842,0.12690522018284328,0.12656535584114137,0.09326965837901868,0.08215383606176956
0.1357374488427574,0.10464846323011978,0.07422396534726328,0.11815879010605879,0.07569692443454563,0.13119717457829008,0.13329292423864017,0.11899399889995493,0.10805031032236999
0.07025893915960452,0.0812485990771284,0.06859936331983298,0.16804506170066502,0.08066159687191218,0.11419895364168976,0.2717556395091267,0.09106680878756322,0.05416503793247716
0.09405359575470978,0.07081676813702038,0.13529675858164844,0.11110063203789707,0.13463313315436906,0.12480846207397085,0.11328134500138198,0.11148152458775928,0.10452778067124315
0.12845085711688034,0.10678582886517989,0.08763884750066296,0.053878837812666315,0.14728907046656226,0.13077146936547157,0.15302980208922493,0.10749710081545734,0.08465818596789441
0.0807134351735626,0.11232097044424015,0.0996700841708944,0.13884076050900587,0.07072500523492638,0.10955139140966391,0.20308760390828154,0.09921113984652308,0.08587960930290195
0.06705762765614506,0.1511698335847351,0.09352378750359829,0.08470021757834806,0.12182469004173314,0.12485734858393704,0.09354108617834511,0.12775198442379396,0.1355734244493642
0.13213094454170857,0.055997373667886485,0.12362028223192774,0.08728259523346497,0.11103905672771885,0.08499078725595499,0.1126805759317378,0.09491627101117028,0.1973421133984304
0.10456695187530259,0.08117712946342577,0.12192275057659936,0.0667724320971853,0.10752163496539602,0.10473437770307671,0.08959958514992322,0.11078751545964116,0.2129176227094499
0.10057569244866721,0.05986097137739132,0.13908871491804028,0.07836892091718065,0.14614000235181093,0.10652532660136647,0.10213044301300228,0.11429129589567845,0.15301863247686245
0.057554199921502326,0.152552383995936,0.09009763046768582,0.06878531591213277,0.10932357109552555,0.11292950378785549,0.07717644985111814,0.14294946939534145,0.18863147557290247
0.07846661725518628,0.12592969852841143,0.10296243067833634,0.09859258135907072,0.12939602103234818,0.1178837614350959,0.11029368715282084,0.10332619961324056,0.1331490029454897
0.1109961890576296,0.10728925473707995,0.05686682802973295,0.21299797512724025,0.08884732611315783,0.13261440627251678,0.1350900835314414,0.10562095803130155,0.04967697909989965
0.22618568363811975,0.0633531493112764,0.12328154575668077,0.05870284307692016,0.1348429617961231,0.1024696754797334,0.0843788804468546,0.11554618370298579,0.09123907679130612
0.1374247818183271,0.11115078713576121,0.11244990144858175,0.11879358756771391,0.14051147509600137,0.12217017435446088,0.05923176827205714,0.10515045423593407,0.0931170700711625
0.046330422545450445,0.10602669680587766,0.11152184964003371,0.22949983590233058,0.09047574448926872,0.11612315682327996,0.0758417769436359,0.1168463510026528,0.10733416584747035
0.12871979880413079,0.0796965522132842,0.08626657569754424,0.1206466371336135,0.11921926638162307,0.10755001746833233,0.15385009186814458,0.10638555636412166,0.09766550406920561
0.10137811805782866,0.0862447227286839,0.10835411387926448,0.17061441309355962,0.12769233305240735,0.11585376563247685,0.10146415681651666,0.12707928674094182,0.061319089998320635
0.06841149912714349,0.09400206382607397,0.07106268654713639,0.24108093909430842,0.07035150646064517,0.11530833143694347,0.20035271008557554,0.0986726051635815,0.04075765825859215
0.16402190323116406,0.07919978220751178,0.1462872024520021,0.0808326970511961,0.1077063491360744,0.08315285738417473,0.10973387551559648,0.11959340226719535,0.10947193075508509
0.096269395682569,0.07909283263052579,0.11166983028401527,0.04863252921485845,0.09258648751039056,0.0893852591513596,0.18589729399134022,0.12598263883648667,0.17048373269845452
0.1269593110081604,0.07427628474070537,0.1002673333970832,0.07476842070989162,0.1688359207955167,0.11076482846685044,0.0375962744454723,0.13125430870314325,0.17527731773317676
0.14560611222943357,0.15862726216056777,0.0669008548082235,0.1044328161880232,0.08687460813337022,0.12322235244622785,0.12462976149994565,0.10754862602716599,0.0821576065070423
0.043467843975916305,0.10353088945780703,0.10984729508553626,0.06538223006465199,0.15649166539073356,0.11866079516850558,0.15790063095228987,0.10711785385510408,0.13760079604945538
0.14061274045916677,0.07662216772375895,0.08622999976745997,0.08703714356654439,0.13563956401354219,0.12109973861413191,0.12510308665357792,0.12427193796525719,0.10338362123656065
0.0838722337112639,0.13124972657818215,0.09469729598382064,0.13036852710744462,0.07732346302479896,0.10572317604891064,0.17365916141632268,0.12313628394274286,0.07997013218651355
0.07483181260107656,0.0821376196589631,0.12809617580673124,0.15491130250358706,0.09025824682801302,0.09248312758990196,0.07863398651349669,0.1078701043057519,0.19077762419247846
0.0921739492507998,0.0673233208644992,0.12989861283523182,0.09974932959588691,0.16653498636439432,0.10963021055161348,0.047947878236821916,0.11967095799380113,0.16707075430695148
0.10588742037787653,0.1561319121571361,0.08996283243286118,0.0905413768829524,0.13624294718818794,0.13074853933558508,0.04307667771363451,0.1251428807449823,0.12226541316678385
0.0837922780652842,0.10517704189422054,0.14748723325506713,0.1194762862806017,0.13383536288062511,0.09303642254307692,0.061921264932844285,0.13518449667498922,0.12008961347329088
0.09159380197021982,0.050226625898357025,0.14202411618268962,0.08236120826132041,0.11374512698286798,0.12118712514268352,0.10007234510369308,0.12253789926371987,0.1762517511944487
0.06989918841783382,0.1000686237588662,0.15155496260791976,0.1362836519841247,0.10761263695816721,0.07871692684518738,0.1291611647162961,0.09999467276536489,0.12670817194624004
0.10088339047888224,0.06818997356987318,0.12863268058318203,0.10283854519225614,0.1439561496664775,0.10665718533466441,0.05930039854114055,0.12152771215767626,0.1680139644758476
