0.09964207199301427,0.11987469694949658,0.09878571990175494,0.14558729671375994,0.08229757604196447,0.10801824409462417,0.10108513125406042,0.1396500866795595,0.10505917637176576
0.12662815752253556,0.14142341524555446,0.05669317549426228,0.13699377107107044,0.12387428581811923,0.12025621649047506,0.10891762741757427,0.06384508915824001,0.1213682617821686
0.12514150596379248,0.0997741012533596,0.08694279348315088,0.09843007069892835,0.06972709132248861,0.11447314642266604,0.12405532389611588,0.16913937859016537,0.11231658836933274
0.07243526973190088,0.0974794788731715,0.08979952367023265,0.12175918556804073,0.09340611434740413,0.12601355377598786,0.14346385914258716,0.12903591084057778,0.12660710405009726
0.11101584278696354,0.12334642239547672,0.05183697336325013,0.13109415774380775,0.12138021370566371,0.11870219840218192,0.11079996969095153,0.09309174408190475,0.1387324778297999
0.3083358678783,0.09325264939282642,0.1714226957885495,0.05440941607118909,0.07341040059900687,0.06533863153151065,0.09618833803676563,0.057990153062845017,0.07965184763900683
0.08162172933982849,0.11798204923847803,0.040414077181114956,0.14607894910270347,0.11017481212087461,0.09295441635561986,0.09595426917792264,0.20471299400070522,0.11010670348275274
0.0946481710968286,0.0972310671197091,0.22670462648191556,0.08556690799910838,0.07150072120551133,0.07766189323537158,0.1132999599550754,0.12964777872126962,0.10373887418521038
0.07137770541059396,0.12238098537845972,0.07789434384331363,0.13253478431956392,0.09896810002846997,0.1314248310129561,0.1344014770641173,0.1072803246810977,0.12373744826142762
0.17246460395958033,0.10130679378913654,0.08775567304053646,0.08995669366136787,0.11589365786629997,0.08947568252787115,0.10529811599352752,0.12133529312255258,0.11651348603912766
0.054419635928459574,0.11685035602836595,0.23682788934910273,0.0784726275830384,0.0779694737168788,0.07906635459472376,0.09935275885283112,0.15495916665159706,0.1020817372950026
0.18016143309014612,0.08846079082674231,0.12755783349833663,0.09042322312267388,0.08392424396439614,0.0969289396023959,0.1165523539249882,0.12123868954210903,0.09475249242821181
0.2836888764211774,0.07271455725012212,0.07633428889250549,0.1206245801947095,0.09010063925009461,0.09897779697761262,0.09546829528964083,0.056340823559596596,0.10575014216454082
0.1584525900895528,0.11110742222520209,0.04512140843869067,0.10437603199040156,0.09509364400614727,0.08619588059779626,0.10652113101344039,0.15083675012258194,0.14229514151618705
0.298197690418399,0.09523090009031747,0.17160758567525544,0.0625057925216571,0.06261197179664461,0.07971021062337784,0.0927201434043216,0.053200002039676196,0.08421570343035079
0.17113496334610426,0.12842964804825965,0.07325547571977171,0.09332462680066074,0.10844094411605748,0.1070171516365625,0.09925181365651238,0.08691922056688735,0.13222615610918395
0.12504663041556788,0.11786927954924976,0.20173803121101674,0.06566361051630638,0.08643322501493804,0.08490314014198526,0.10721936216038012,0.09887249779192468,0.11225422319863114
0.07628469462068149,0.11091252627829552,0.023102230758358405,0.12783107199342073,0.1391696501533772,0.1013607996881531,0.10774389403796164,0.1983413437164169,0.11525378875333502
0.23359468074064735,0.09082891152830881,0.2020327572714767,0.06080070302491006,0.09404436693422731,0.08859912902784084,0.09801754882547054,0.04791112872310851,0.08417077392400989
0.10536495769501907,0.1299147842272038,0.028669183999899667,0.22029415042508058,0.1250725104833362,0.11025236488856636,0.08829585648217132,0.09225892115842682,0.09987727064029615
0.2558203558284185,0.11875413565943714,0.02366060875033992,0.11189584360139959,0.08136134509622713,0.0991203827191975,0.1050396295138778,0.08199913986798125,0.12234855896312104
0.06793488915950206,0.12283683411277722,0.04029659746835213,0.14053716295390536,0.11158179640195091,0.0956683574358489,0.11268700383998642,0.2036367612167482,0.10482059741092879
0.3385983970539354,0.10086976744461602,0.03384195040190597,0.07090421480589847,0.10076508676713904,0.09805704027481095,0.09472568995989927,0.058053647639046725,0.10418420565274815
0.03160734963487189,0.11528834691126395,0.1701351903672869,0.13162351494059585,0.12923728242845148,0.13019603623403644,0.12093921759750043,0.08680671861062357,0.0841663432753695
0.06413826475014008,0.08434768349260409,0.03990718257589329,0.18833754303574146,0.11678079590777102,0.07416048547172772,0.09920634972629135,0.22983087722946838,0.10329081781036248
0.18929489873729943,0.129566698260606,0.022282480059450504,0.08406665233740647,0.07058825014471505,0.1073862642202083,0.10677773066063619,0.17293444130681865,0.1171025842728594
0.095708431854347,0.1661077642334846,0.012971570881855401,0.10620217590040289,0.13106296165691877,0.09995373958686997,0.12348142442792705,0.1707577977904368,0.09375413366775746
0.06207587355382543,0.13975269257055997,0.060696096032014514,0.09820693618626182,0.1365445122343908,0.10433802106465095,0.12371310728543668,0.17334404701789438,0.10132871405496563
0.09056111578976085,0.12277173214375074,0.12809552008872038,0.11736242328976154,0.11607941393111694,0.09780475376750396,0.10184160090648355,0.10982455285869723,0.11565888722420486
0.05295281402328669,0.10498329812663239,0.1250482638384963,0.1870997575211435,0.07933382140764104,0.10475042723633043,0.10368669169732554,0.14650465734523074,0.09564026880391337
0.12455701233564061,0.13271594951330568,0.1435448349274616,0.11438823913535327,0.11467217583389916,0.08907398554919115,0.09391409715784522,0.07112168443314948,0.11601202111415376
0.18645918243887302,0.08858187259740324,0.19988322067222355,0.074615080204377,0.06933988613901562,0.08409734963927847,0.1220656601612458,0.0796157817450124,0.09534196640257091
0.025380415283687358,0.09184029193406527,0.1514218239478038,0.07569812558747288,0.09206144066926758,0.08153243544538462,0.11137156723760196,0.2374091359234166,0.13328476397129987
0.196233419774445,0.11927320494238802,0.07958929950571912,0.09580339268507132,0.09170919867753446,0.0964243965019922,0.11270531834818061,0.1034542155977145,0.10480755396695478
0.0636439383439296,0.08552617670032436,0.09724596261999656,0.20206619622681163,0.08710746640229276,0.11307989818814516,0.11300265069130679,0.1184453595717968,0.1198823512553963
0.24406330780546828,0.11091544944185831,0.09744210525123002,0.0777774651028041,0.08886349333954911,0.09685006964725157,0.10998546507566997,0.07634875585949281,0.09775388847667581
0.15168007793071728,0.12656832015195224,0.07170262007974953,0.06290012299376872,0.11007561693555407,0.11106760666781623,0.13421029514724706,0.14739669428764515,0.08439864580554966
0.16231781939235748,0.09435630001202204,0.16115887032480347,0.09844301272486232,0.12014082755985722,0.08833337691641212,0.09998076689242093,0.0785229389224849,0.09674608725477958
0.06658986267618085,0.11245740519738251,0.11523708257202729,0.0915296111105538,0.1083471021546728,0.17198370336468607,0.14535817166624265,0.08709163189940879,0.10140542935884524
0.05327670256705965,0.1434112740304694,0.19723308242905735,0.09165741566844338,0.09479370916073504,0.11316301960129786,0.09748129065968052,0.11416563816667595,0.09481786771658086
0.13996551347039202,0.10403411816632974,0.12118072298326749,0.10706849424348819,0.08147428895510432,0.08344521941119143,0.09069210603791973,0.16133457969443066,0.11080495703787639
0.06916957885392805,0.09408333264187453,0.122202201633745,0.16280663764273526,0.12056057481668479,0.11571478787408601,0.116427287749713,0.09101380607937158,0.10802179270786177
0.09727543832055115,0.11582604900350608,0.06475093173707229,0.09832683070129482,0.08710324971888049,0.08295455632850207,0.1046655607446391,0.22610519165720155,0.12299219178835248
0.03308759427174346,0.08789657926217741,0.2749779809113459,0.12687262281990508,0.09168636313274203,0.08599238695848632,0.09029487975270696,0.12133706225457712,0.08785453063631575
0.03242039652297579,0.09824984838920027,0.3506918195978508,0.04876969111754734,0.07946608672615234,0.06788279940694024,0.08849889953046423,0.11940590180005169,0.11461455690881735
0.10458703216262256,0.10546443081888908,0.05879673061613486,0.1419077519821244,0.07997040382075149,0.09309288181438034,0.11069839631893609,0.18147777643967736,0.12400459602648388
0.11341006386408387,0.11540071743027142,0.23215739471113495,0.07859994318440561,0.08588308140187649,0.09254098919089858,0.09530144255224889,0.09081821750154152,0.09588815016353862
0.08685803943382664,0.12976435471013192,0.11440633065703854,0.0956584457641627,0.08070574549894549,0.12373394381185741,0.11427420195604972,0.11552519412917583,0.13907374403881168
0.05530137098411073,0.10428253819006973,0.20419754743724386,0.1402173917798322,0.09570540303398443,0.1066414057109576,0.10021582001102995,0.08399642465094494,0.10944209820182642
0.2177116567635148,0.0926512251877284,0.06147903383981845,0.15725697211851297,0.09891989159699834,0.09996837268511065,0.08694859613232314,0.06458741562050273,0.12047683605549046
0.07423986724623703,0.13723671054525033,0.016529763734041317,0.12689138723040672,0.10981508302278015,0.09461734899286034,0.10420305895609892,0.2184299774444419,0.11803680282788326
0.2620475958608252,0.09773464789157278,0.03413135975061759,0.07833421859138952,0.07171160081947354,0.070842953245856,0.09901175613096998,0.16273874338588337,0.12344712432341204
0.15429768476301747,0.09908685462633071,0.0673491894533848,0.08626686012168179,0.11710410102761022,0.09332811539801021,0.12004221927532994,0.14382781211829554,0.11869716321633932
0.04028232293274094,0.07926733364196757,0.25130451010133853,0.07310325854936621,0.1463316774239018,0.05942027462077032,0.0932993610653338,0.16249648852557455,0.09449477313900634
0.07017164369062276,0.15863083118173668,0.022862781603366664,0.10856133941630437,0.10303109328168714,0.14740022187314714,0.13718878911609553,0.15245500709362222,0.09969829274341752
0.1558775964204605,0.11314358067154888,0.10820327691396302,0.06906716881568191,0.09096810365920312,0.10694191822090655,0.11756837260804277,0.1379114337054293,0.100318548984764
0.2153324058211532,0.1253446190299834,0.13302411508010523,0.06894322580055558,0.07341788695475242,0.09985568196964234,0.0825779379303175,0.09282268383617481,0.10868144357731552
0.07730857797032985,0.0939739833866451,0.12498332242878633,0.15022983704236337,0.10618372265192151,0.09032059886260561,0.09998717440560247,0.14807566668539596,0.10893711656634984
0.18481203500171306,0.11122306564216762,0.0896119313687601,0.09157813807732566,0.12493422208009537,0.11710984468431168,0.10490038750593038,0.0650831982989139,0.11074717734078232
0.08064125846831575,0.11539297735012129,0.09615264863248191,0.0999787923720481,0.12702156144602186,0.12333149540833928,0.13883821427473497,0.13040286132549037,0.08824019072244653
0.0996626566575907,0.08531602365952741,0.09303231811954833,0.2075284993625568,0.10013645564218486,0.09505963381405248,0.10671406025590234,0.06889862951722762,0.14365172297140946
0.037391906063049034,0.0778583681370313,0.31368716201324726,0.08044696447222734,0.09716686203576368,0.0934494403304136,0.09498043897782471,0.11417295843779794,0.09084589953264517
0.04457756050281523,0.1051033813406933,0.12402656936724565,0.12783933601142602,0.10218523878101665,0.11191701303368712,0.13212370204158447,0.14401014447448493,0.10821705444704664
0.11079018699459516,0.14574085435391382,0.03050491325413873,0.14017112249803299,0.09445563165859062,0.14666446358856947,0.12283492318820766,0.0846347226995171,0.12420318176443444
0.2193556550002195,0.10866707816349215,0.044397210086151793,0.12174225137711396,0.06752159771197361,0.12640451218375126,0.10155721528756793,0.0853291831787883,0.12502529701094156
0.032834683100295727,0.11794117950089322,0.0996558614020503,0.18884068759033065,0.11666810866341093,0.09778823742394704,0.10863627502338201,0.12405129068973118,0.11358367660595896
0.10803518481048502,0.12484713578680888,0.10151518671767477,0.10865679463223595,0.10731768651115532,0.14025547650419282,0.12248687238372846,0.08426949485512085,0.10261616779859795
0.04582186174454286,0.11750094036512937,0.25004058665947276,0.09337686974446818,0.09917771878240178,0.09102234707139155,0.09976919555325735,0.0914551738599209,0.11183530621941525
0.08693584125376642,0.14193572304468272,0.03149591569090546,0.11306390585842892,0.10524613805198292,0.10676678389463123,0.12892062911357757,0.15931514938769187,0.12631991370433293
0.06247545914333107,0.1335934078546643,0.15084790454730765,0.10563025639491974,0.11352035606051691,0.10217694911272068,0.11809607678188834,0.10006369043186802,0.11359589967278323
0.22972615101350238,0.11186483978620342,0.03832980092333397,0.16251147939394403,0.10284217236442461,0.09315070485765202,0.07065478587430746,0.07173018239513425,0.11918988339149787
0.0653729007789837,0.1160915210549975,0.1995733917006511,0.09363729800461322,0.11329283062527677,0.11815969572740026,0.10469926686697777,0.07526755897634328,0.11390553626475648
0.11760873846089243,0.12301111386371516,0.02908601707481796,0.1048693983116205,0.116140990548087,0.12178435049899239,0.1158539848396476,0.14547985277003095,0.12616555363219606
0.07672871775791872,0.1232619896666719,0.033666752978709316,0.10141190944174583,0.12593743606442134,0.11282386785161606,0.13335394648743956,0.16206390011460048,0.1307514796368768
0.2617342205988474,0.10546350411596435,0.053167908528033735,0.08203556271877732,0.08202700004225251,0.1266267533355605,0.10857210379565413,0.08385464194222915,0.0965183049226808
0.1864778290944549,0.10420668729688731,0.1881585459482419,0.07558726735149385,0.08881395567563266,0.0832072543721983,0.09645304112422438,0.06724323252904035,0.10985218660782632
0.05231883620306898,0.11361011480629545,0.1600901255632524,0.15540752006346772,0.12076056688305037,0.09002287583985528,0.08140846017860288,0.1182998187457941,0.1080816817166128
0.2291265841479473,0.11001327024829759,0.07769761998689785,0.0694921498772125,0.07027404130283225,0.06694997530241417,0.09831584856921403,0.16443414738396808,0.11369636318121619
0.09575673044886272,0.1211310917190885,0.20780744232217518,0.09710513556358402,0.07177068933568591,0.09185885057372929,0.11142391795535785,0.0992526086563566,0.10389353342515999
0.17346695900331466,0.11767863390245951,0.05298970707332795,0.10148617128006672,0.101190388673651,0.11607690548304718,0.11771569711756608,0.09990970622899782,0.11948583123756906
0.07637082060562443,0.11823929933756988,0.10054524334423114,0.09195476950444063,0.07362005020485864,0.08592893863344718,0.1161164125139915,0.21523410522756936,0.12199036062826725
0.11108483295223487,0.10457774988842465,0.0521283744210446,0.16019489859946054,0.09247725611683873,0.0844515430933717,0.10177959695632256,0.18243484567088133,0.1108709023014211
0.30644105564230034,0.09177597675491604,0.06122190709185313,0.08758651025184845,0.0793320276227203,0.09075519987533005,0.08902746814489387,0.08268707241818883,0.11117278219794895
0.2183419178636815,0.0771851609210252,0.029429713524585472,0.13717661696276365,0.13178358227133344,0.06914050696614933,0.09045690468119934,0.1757072973605837,0.07077829944867838
0.09144905062012852,0.11096408369360285,0.0270883893494248,0.13246539533238577,0.09704071117361866,0.09694070891077139,0.11687704341058293,0.19567412731128211,0.13150049019820295
0.05460837755800509,0.11265299875110724,0.2130721745393063,0.06266712966039263,0.104494781330623,0.11929082005241638,0.11449375439246905,0.12632394936616212,0.09239601434951826
0.1359591750907387,0.12083200322964589,0.13832509345991448,0.11640640827422644,0.09986622427934588,0.09400556509566217,0.1011898304348519,0.08988508563895166,0.1035306144966629
0.1333699889993607,0.15117412397069538,0.07041237297533631,0.09851089290353193,0.13340463122678634,0.10568433700615665,0.10198262159998615,0.09927120462782642,0.10618982669032025
0.06505463851533573,0.14507077093332285,0.07181374864490214,0.15849365748894548,0.09439822133424902,0.10465285440644063,0.1034903735009521,0.1422812431390615,0.11474449203679056
0.10688478657909091,0.13951591437863953,0.03977783248373587,0.0850214544919065,0.11387887638155558,0.09848574703214558,0.1129312381352613,0.165723607052389,0.13778054346527568
0.09025775474800148,0.12041203544868284,0.0868742349251068,0.08858189281492396,0.09927563899261556,0.11141260694058874,0.13274222154626747,0.15587964625210682,0.11456396833170633
0.04175624314918821,0.1049085384644498,0.08800498742796903,0.2565722558841694,0.1070363150526053,0.10080605861869178,0.09951998844096817,0.08218003301119554,0.11921557995076286
0.177304765143831,0.09275456620446575,0.04777591646886415,0.09403640019305488,0.0871867518155926,0.12989768162491291,0.1185998826397599,0.12664526735907725,0.12579876855044145
0.03951869488934697,0.13768699208304205,0.21652497946596563,0.14661771463615197,0.08331356417476925,0.10106419260596317,0.09121016042821854,0.08462342359375095,0.09944027812279144
0.054791340041049574,0.1050942277951093,0.17893297211840986,0.1358374980173319,0.0995823317334048,0.09133659331074491,0.10885809678774949,0.11562323731799008,0.10994370287821009
0.08058077316422955,0.07917908340573372,0.1632281782226551,0.11197923177340523,0.10748922615935208,0.10878192113799866,0.12835977214782968,0.08345572507643577,0.13694608891236018
0.08546619706077892,0.10306757641848756,0.08449174063920499,0.11811724908793776,0.14378394427112376,0.09261853446351044,0.12021357480626788,0.14201781173686023,0.11022337151582844
0.08468684411774467,0.092597463963813,0.27577875549085923,0.08914154319391976,0.10199035192467697,0.07753937760890801,0.1046910304162005,0.08453278226157297,0.08904185102230493
0.09120839826621807,0.17065285762684343,0.04120975302189501,0.11176793784281307,0.11541889013835865,0.13524430798861597,0.12923667518845458,0.10161222128870077,0.10364895863810043
0.26155299694138034,0.09349821623914739,0.036161561062600746,0.07963691301407452,0.10987733603619139,0.10052413726928315,0.12823565283777502,0.08644580315816852,0.10406738344137899
0.03762891451589172,0.1147231433741696,0.15539221388784039,0.12997057942262055,0.0848674871541521,0.11851235786698937,0.1036121472860861,0.13635262254392555,0.11894053394832456
0.08124310550335088,0.12437414019386211,0.11060934923898015,0.10465643852617638,0.09582224129114414,0.09042925887385513,0.112096844719483,0.14831529029517052,0.13245333135797768
0.284235501105439,0.10065832857143338,0.0855111621245226,0.06766511455919007,0.07622967581282696,0.09810734331806846,0.0924004915351893,0.09748519416462127,0.09770718880870899
0.23126537064320982,0.08563598754564077,0.01441611344813124,0.09193021286807151,0.06964082899950176,0.08825983961750107,0.09139326597901513,0.19030263752556034,0.13715574337336836
0.19424431822813149,0.07702204795879179,0.265529580069685,0.06053204534533089,0.0817679759409576,0.086840629838236,0.08683006181627202,0.05898578088156118,0.08824755992103399
0.16744887488991989,0.11940637538768518,0.05818586478573224,0.11919431470376905,0.10026370631884374,0.08444394576775027,0.09827441472453342,0.13413770579032305,0.11864479763144316
0.16388913793134052,0.14500872343339008,0.060167877411566595,0.09274565154560559,0.08348592002627697,0.12279360886206026,0.10851188341419027,0.10363171238507363,0.11976548499049607
0.05738832533693953,0.09103479798798479,0.25586134559019547,0.1427813060943224,0.081028389236448,0.09743361784860079,0.09168014075281317,0.08718774876226532,0.09560432839043048
0.14533760292249323,0.08398142503048515,0.10208327045834888,0.13031561329070254,0.08164363904074558,0.10289471183122807,0.1108067195159055,0.1441519813311453,0.09878503657894572
0.20069138076560813,0.09326115250973366,0.05902081714820737,0.09777587665569713,0.12934793172296924,0.08753261453125767,0.11260898974672656,0.11795951029812558,0.10180172662167458
0.05342529457517037,0.12686382190823972,0.01258814276364008,0.15157791671719725,0.12538246038227138,0.08539170434057403,0.12812995412980785,0.2323964815431628,0.0842442236399366
0.09942873746766055,0.12244573471217994,0.026833133017562266,0.09987011536612987,0.14142330005343254,0.11520841447130149,0.13051543032222276,0.1479190071522398,0.11635612743727075
0.2012525941808603,0.08682858534917172,0.09516624528550406,0.0823645989254612,0.08669864836659369,0.12392490098171662,0.12750659961378455,0.08408781225715627,0.11217001503975159
0.1146629744090754,0.08739968114717002,0.25311697191907145,0.0823968769214126,0.09546521860218322,0.09833353111924782,0.0981740141587092,0.07808787036326614,0.09236286135986416
0.1401077467740858,0.14048690517241605,0.08398352996521785,0.06341424520107423,0.08317569213006208,0.1011595186781547,0.11576721202927182,0.14980151867617106,0.1221036313735463
0.06308512061288708,0.13136006924599833,0.04377965876545984,0.09451939661960003,0.10462668386733652,0.09673816668033126,0.11623860491473163,0.21502499638028572,0.13462730291336958
0.1353683284026688,0.13720760894413292,0.060953559332668106,0.07573740132309613,0.07443791635085262,0.11674964277398688,0.1132263621754454,0.15028138152039064,0.1360377991767585
0.10184163103774779,0.10757622896505364,0.056143102540372525,0.2104735230145288,0.13920549798326345,0.06930881796107469,0.09251733487934581,0.09752375617512894,0.12541010744348427
0.23273542224857277,0.11047519785438338,0.026006183454239124,0.07697889587246519,0.09699992317653548,0.07258591552970695,0.10833276394346734,0.17239387477338264,0.10349182314724714
0.19071664689472168,0.09226985224985855,0.04672749933153187,0.15642586100492598,0.07802519112794899,0.10598132411134724,0.10912695888128267,0.09152400335344892,0.1292026630449342
0.096292299427429,0.15317703419744655,0.15620872272449612,0.0754542616992878,0.09757767467216479,0.12017933372213818,0.12201834493309686,0.08244365760426783,0.09664867101967285
0.054685522425659196,0.1388653213848913,0.056144499475400934,0.14812746389922082,0.09771718120352664,0.12644490853606405,0.11476448434882025,0.1503794869946484,0.11287113173176848
0.042472892581151035,0.09125304904638105,0.3031165641474384,0.1033597139736795,0.10398615222852621,0.09615600831598109,0.10216117627270398,0.07542941822804645,0.08206502520609225
0.10095675587505805,0.1180402935543763,0.11554033550472452,0.09405342712487542,0.0906328384350366,0.0973366099036922,0.1105168381871513,0.12973600547243777,0.14318689594264788
0.06402719333313116,0.08662922134041447,0.0960155544353664,0.08669750520311569,0.14498940251331646,0.0894383022642381,0.12630715501327192,0.174162236549915,0.13173342934723084
0.09585146953860323,0.08809783206026194,0.06727662270455224,0.19057610910919645,0.11253161611359343,0.10730179835100562,0.12448880007742812,0.07753872264423194,0.13633702940112713
0.20259046395667993,0.09850899182703121,0.11269650797832477,0.06923610430503617,0.07854306357352853,0.11539117702574692,0.11854622669992848,0.09377587590219257,0.11071158873153146
0.07643532098214982,0.1086634901753508,0.07079974091984388,0.10863232164643433,0.10220961645878567,0.12175700110855787,0.12895684002612207,0.18264925646140165,0.09989641222135381
0.27214079466356017,0.09809991652486509,0.1165762449571567,0.07405327371904276,0.06767605841590488,0.10976504105094335,0.1139859457511837,0.05992154965564444,0.087781175261699
0.08308236394407013,0.11304423572121054,0.03982059346217049,0.08197925471317079,0.11251903781023935,0.10096816599995068,0.14151627117092988,0.20744481825952557,0.11962525891873259
0.14984578658138628,0.1477766297236215,0.0688943426047701,0.10762982825927771,0.10040789252744275,0.10010628242802229,0.11867429487169702,0.08820034337062993,0.11846459963315241
0.19854467078016938,0.09868479369597798,0.02579507029514207,0.14567840082525493,0.09951248251043356,0.09576203895510586,0.10254465807830165,0.10843531132486002,0.12504257353475456
0.3411442400478378,0.08909855687142644,0.028344163120497933,0.10402175137785401,0.0784406900399371,0.11908260252291768,0.09516011790247547,0.042828329914849805,0.10187954820220389
0.21227507265210632,0.09207129925523864,0.07483089339858859,0.10479751417096768,0.07981975241614732,0.08485862918723885,0.0942223416159322,0.16372382744422337,0.09340066985955704
0.09634276333851007,0.09011536935033737,0.16825676379292753,0.14238737333138937,0.11002175716247932,0.0851598668202886,0.10777629305458365,0.09223941887681236,0.10770039427267165
0.06268766882432097,0.11689252444329058,0.26344802371637405,0.09807836987559675,0.0967729103086908,0.10195168400268441,0.09578099038497256,0.06464421996149304,0.09974360848257675
0.0332015816064514,0.11572743315708582,0.11970320902976421,0.1692991368465273,0.09570003107096696,0.10072349493442223,0.11640269817188788,0.1436613927073304,0.10558102247556382
0.10610618297335468,0.10227283795516788,0.19586862971539543,0.07178733956881557,0.09107561635146659,0.08965776429756724,0.1068922282159414,0.12617638036257972,0.11016302055971146
0.07135488598089769,0.1450153208931491,0.07149286321748365,0.09779822741528521,0.08648599107683368,0.13997047730280057,0.13112168236325658,0.1393449783665519,0.11741557338374158
0.2725934511997872,0.09447526017158869,0.05556518233060642,0.10841774427558275,0.09055338571633594,0.07037723242672066,0.09486528238993312,0.11276962453994106,0.10038283694950412
0.06078472179930047,0.11201604396101572,0.0349647355136997,0.10354241066149944,0.0924000222084846,0.10116662359626105,0.12426218663058834,0.23087931104806292,0.13998394458108782
0.07793826397379505,0.13194865214165452,0.0625649386281779,0.12701557608572414,0.11234784515042258,0.13721780732357733,0.11741701344699418,0.11795673354117629,0.11559316970847798
0.0839944449172882,0.09893806383734301,0.11489202758187034,0.07967515833917764,0.12186525253611426,0.0761314814722946,0.12987200898969145,0.1932969368113244,0.1013346255148961
0.06435897954373516,0.06595830758637519,0.21479172211596897,0.10888720526196317,0.13927948906742585,0.08704983468863108,0.12610279880824615,0.08640912924872296,0.10716253367893143
0.19189873386045112,0.08471913476479699,0.05486430629580321,0.08167343967139852,0.12252106565243581,0.10263775208576566,0.11417698823616478,0.1694418150531897,0.07806676437999421
0.03543915426665793,0.0911460926886576,0.3919840631419724,0.07070929057134893,0.06851274023570152,0.09068086871171831,0.10218615748699524,0.06662511751608712,0.0827165153808609
0.1794510768652776,0.122731970698038,0.03145577794963377,0.11440326594515926,0.0976838202208503,0.12554264006770477,0.13202029241828592,0.08411122439699796,0.11259993143805248
0.09312673767759662,0.11761088897773812,0.13042715056124732,0.09641766811497345,0.10365326130121999,0.12841837672426673,0.12579605282666403,0.08147955087918089,0.12307031293711283
0.15987968824995352,0.1176325582305688,0.049387105425891926,0.1670967341533879,0.09588936473371214,0.10411284641843964,0.10944298839976818,0.08689350932375767,0.10966520506452022
0.08268726280562387,0.09424317841675052,0.04123194869600577,0.19473484795468657,0.08660403479776622,0.07517372344438145,0.1043936564454435,0.20457025618323751,0.11636109125610467
0.13422555614586498,0.09689656079716469,0.049260425292017206,0.08513780731106387,0.09520520924866821,0.11986559730567457,0.13944614767835692,0.165472787040871,0.11448990918031855
0.07673988672662631,0.10987362291572762,0.11210854324413731,0.13932217894653234,0.1096664433771623,0.08487626087675544,0.1051851332552658,0.13401282220103075,0.12821510845676207
0.08407162817103508,0.08194691787860929,0.07405565277224652,0.20334275378408184,0.10554706411222797,0.13140532375075129,0.1329163742623176,0.06614554305381115,0.12056874221491921
0.05077283055429895,0.11688624038996355,0.040316005707357196,0.11847309854760947,0.09447365665832325,0.12124752296477352,0.11427512262396379,0.23485122667260216,0.10870429588110804
0.058213908991783865,0.12088805173879558,0.1705304096482971,0.1253709954937277,0.10438996010376479,0.10263183400190114,0.10462777829753085,0.09423691828677609,0.11911014343742288
0.0760996357043322,0.1451332713607351,0.13907144085457465,0.09069544117104243,0.07343630179831441,0.07915814597736313,0.11004170309270843,0.18118418736086792,0.10517987268006175
0.4270730874287692,0.08135116688686353,0.030398131668450224,0.06240583163994112,0.08312149737167406,0.0778880861692237,0.1031646204908256,0.049924068135993795,0.08467351020825879
0.2955114868424391,0.1188482258377368,0.06676718008226852,0.07170422448190165,0.08939892855695032,0.1010915088632301,0.1080994517852582,0.0609757265832363,0.087603266966979
0.0869300270199675,0.08561040876964614,0.021474740388847807,0.1435730853529865,0.12970672272646208,0.12509670166362655,0.12383371210854353,0.19565212261376264,0.0881224793561572
0.16360538937897517,0.08229276539351484,0.09908238392146183,0.1137118253190484,0.10579212779122639,0.09084087423778382,0.1333261651781165,0.10890329373205843,0.10244517504781471
0.30055316350403855,0.11641848941183876,0.06597080441323062,0.07785269453466602,0.08242748344690665,0.08751258728972501,0.09077168229326926,0.05462270545140128,0.12387038965492397
0.2494869264292218,0.10375754553418552,0.05696906386810491,0.06686476645169707,0.08629724781425525,0.08687006425253836,0.10319370355809615,0.15081540613491665,0.09574527595698441
0.03827774209931947,0.10785275745039531,0.27420030254129607,0.0729108878178686,0.09314132838423322,0.09835410836832192,0.11511344297785582,0.11509815046331838,0.0850512798973911
0.16583368233933218,0.0825180849601788,0.2474424445610238,0.07187368032374519,0.07953640494293612,0.09762545603985522,0.0940630855370081,0.06602314639637387,0.09508401489954667
0.0264158762993744,0.09132705755041519,0.373270950828096,0.13344383349081954,0.06753929944272805,0.07662806052990044,0.08523907301069729,0.06894026274192584,0.0771955861060432
0.15476374824970593,0.1173226867552778,0.07654046564718565,0.12615207665971595,0.12756144713944026,0.0963723669213518,0.10566613845252171,0.08928759287972798,0.10633347729507293
0.2625271896662571,0.09064599319743134,0.13717328134939197,0.06338898337092597,0.07365843235661486,0.10746333423698806,0.10811997276770828,0.07174763657554997,0.08527517647913256
0.11007566153055705,0.10417450016395162,0.37340400046569683,0.04409871808161377,0.05914428000039137,0.06427868299223238,0.0925361455828696,0.0604944322760253,0.09179357890666208
0.12071108782880664,0.07891900002451983,0.09654866006648448,0.14026767412698993,0.14496549517546767,0.08292323310253018,0.10326856620736297,0.1354717350578839,0.09692454840995439
0.07451772933363951,0.10606980201515459,0.21941422431770072,0.08458295322505834,0.09139155197491634,0.10042253349882573,0.11995432351591306,0.0983993348463232,0.10524754727246838
0.05916908873513483,0.10806934723750448,0.08445086252894818,0.18283738169602728,0.10906756853082844,0.09518274996960822,0.09561426751682485,0.15606150023033566,0.10954723355478801
0.10490257829611878,0.09322670334329503,0.044676383418936705,0.1928422795926901,0.10852217660565654,0.08427303672686885,0.09515922829594332,0.16134226522753012,0.1150553484929606
0.15994177006218865,0.11797692354887586,0.061866745803577206,0.08049944368120741,0.06937073258579295,0.10600452628554204,0.10506073141348145,0.18570314676878663,0.11357597985054779
0.08562296330654157,0.1175725771495326,0.24415931695525306,0.07871253737401782,0.10636016005966657,0.08995373979657993,0.1042331917493073,0.07718632787554587,0.0961991857335553
0.055251451566452454,0.09942650545612845,0.24539640536110827,0.10728161950860556,0.09506302968317015,0.09722644700963472,0.11953912266880777,0.07886033931794968,0.10195507942814291
0.15381226418425867,0.14493982010037978,0.03564896913911935,0.09744730796628324,0.12623592514253623,0.11814162667834915,0.13006306610469684,0.0823096189305903,0.11140140175378649
0.0754304619871678,0.12634941904040325,0.021798606083463363,0.15835968806143805,0.10818365119589779,0.10630671746576033,0.10821484153224054,0.18173101413751538,0.11362560049611348
0.05072641450409382,0.09906946500070485,0.10801450153621069,0.12985953453316032,0.08050003963712378,0.10829113851556078,0.12808061992687989,0.17997683697627886,0.115481449369987
0.2070571397873345,0.10704766758334631,0.0877022949457117,0.09698290757950195,0.10565358497228568,0.08727432678921714,0.10965736252348117,0.08567032841364762,0.11295438740547392
0.19601934645582442,0.11303317573336684,0.02914215159364947,0.08669993055976995,0.08136342331647997,0.08497210457458904,0.09300005341453449,0.21268689319268677,0.1030829211590991
0.09159126339402612,0.12012402591660575,0.07114303702826395,0.097034602881578,0.08185532891214525,0.09730538395571488,0.12791818876946914,0.1857362284304754,0.12729194071172145
0.2939910804876283,0.11061134828784001,0.050817945287482374,0.11801430365353566,0.08158059201310405,0.08019765783334554,0.09809382804636828,0.07519149313157679,0.09150175125911904
0.16906087430002606,0.11454481823461364,0.10028664137841015,0.09746590380309349,0.07891525696117359,0.10932024780105681,0.11719784969276255,0.10411704351018103,0.10909136431868266
0.05491666720413999,0.11996877514187475,0.06422278904857524,0.1595854150081969,0.10072181302838551,0.10011416314464738,0.12111327429371582,0.16053854710880264,0.11881855602166184
0.2712252534786565,0.09329974872175928,0.055062049388060426,0.06082412036060081,0.08480394262189624,0.08801107501772616,0.0847312396599641,0.15330648886077403,0.10873608189056234
0.15579417319598932,0.07460283407264967,0.16990612143438577,0.14413655014210483,0.08030925347093297,0.07631650024864002,0.10420808931490431,0.08951876710169593,0.10520771101869707
0.06213060762620314,0.11053070730239212,0.09072709569646704,0.1597154706203954,0.07659952875651159,0.09499181270440699,0.09632026023169132,0.19163050116971506,0.11735401589221732
0.06769797654733535,0.13201345624608,0.07363256507045907,0.10710478776198251,0.10940820051599469,0.10540025407317287,0.1113002565551318,0.16658487413127313,0.12685762909857054
0.10963144666603981,0.12177446465284832,0.024087300702798863,0.1618977695212724,0.1514027526556498,0.11826109047068196,0.10017226605047308,0.09251917291516316,0.12025373636507258
0.134887528012146,0.11384539026880836,0.1562655023597521,0.0919782094944297,0.09395934930810095,0.1033320650285365,0.10937495550618265,0.09274117035274247,0.10361582966930132
0.07219350481712192,0.11601337737148909,0.18342121042140144,0.07009488678376163,0.09743886229689043,0.09862725503967984,0.10782217047394466,0.14558942693521468,0.10879930586049631
0.14945325138042398,0.10969474239467504,0.10662302440782312,0.1273203115381539,0.10370675106296372,0.1006232423642714,0.1058394264205621,0.10194678639419541,0.09479246403693138
0.09480923645697127,0.10067941967475968,0.04108661027012795,0.09182499742546697,0.09147795800865755,0.10336592651213565,0.12298467354597854,0.2202012651696487,0.13356991293625367
0.06492516217461942,0.12126285162361188,0.18389877076811204,0.06609076496535225,0.07180924202620063,0.08847792365535516,0.12177301693888591,0.16548013975798948,0.11628212808987322
0.3127821925453915,0.08768652272651596,0.03761334569553407,0.04630429168007625,0.060438780003247455,0.06385182174806263,0.10637687926236859,0.16825658635070673,0.1166895799880968
0.05156978318947262,0.13465184292453045,0.24325237974841527,0.08363691941530778,0.06735320356124919,0.0878357752282591,0.10793598904230313,0.10734629570786265,0.11641781118259986
0.15111665316182424,0.14063542743950977,0.06129756587514253,0.07938267382393314,0.10189779919436293,0.12653297189374527,0.12840984711019354,0.13074528793165405,0.07998177356963443
0.03881086111082966,0.1034678446517724,0.2321871358660191,0.1555965233617883,0.11032491216366014,0.07753147746477432,0.08943091284368883,0.08250517931359226,0.11014515322387504
0.06569133676445578,0.10442665732286889,0.17818083331267284,0.10055900971756764,0.07490947925011203,0.09451036622239833,0.10733622518145254,0.16897887928079633,0.1054072129476757
0.14451613622417872,0.11291404988283421,0.02947521216628164,0.07327695171406111,0.08972985259438326,0.12900908511554043,0.12051216390895025,0.2013408042892819,0.09922574410448841
0.03936806554215086,0.1120882676044303,0.17305030136720712,0.11694294832954187,0.08248791225187344,0.1252717580884898,0.10854891658629369,0.13306842887769646,0.10917340135231642
0.11253199388649186,0.09255591790608562,0.2650533057718207,0.08915205126201149,0.07884866825512825,0.09104918809045205,0.1117090743420911,0.07226922197722849,0.08683057850869051
0.16729662942160015,0.09583611694692971,0.12317534943224268,0.17726583472975166,0.0833243875089502,0.07274738301959847,0.0989683284514896,0.08428315716110872,0.09710281332832876
0.08090768125882024,0.10133266822102427,0.31104016433324294,0.08221392687832045,0.07147306583094179,0.08562268904306308,0.0931234024780427,0.07592729776987071,0.09835910418667382
0.04243827533473715,0.1167580195838299,0.1401099266667307,0.13082361713512294,0.08143294138570187,0.10855339963806276,0.11412059918365502,0.1533393207620378,0.11242390031012185
0.056868326905940146,0.13519420297750476,0.3137492630985952,0.07946082431994589,0.06904263870191076,0.0970501075029034,0.07355952623459011,0.08890170797263176,0.08617340228597803
0.09132431364194189,0.12484700600536484,0.14200033418656008,0.10368758665533839,0.13578700865727963,0.09689933554655646,0.12234144559590783,0.0682405336930832,0.11487243601796766
0.1082695490056066,0.1386225119523442,0.05412477355759827,0.08687687311849794,0.10401657883381793,0.091917741369627,0.10872782679622657,0.18501861208237122,0.12242553328391026
0.1125340499247968,0.09657195155442978,0.167678612220334,0.07906715059965304,0.14844036239958644,0.12162137927423568,0.10783177500327645,0.08107331513679719,0.08518140388689056
0.06678564321422785,0.09207207800466521,0.20367695493257845,0.11257489433922778,0.08882369748981293,0.10001517080536726,0.11861252471334778,0.11194533319281826,0.1054937033079545
0.10410118166556111,0.1223441675314574,0.12757926128443267,0.12849198291174457,0.10944110972117116,0.10094237509662528,0.09957575116393681,0.09238841825650658,0.11513575236856438
