0.10984695013628598,0.15555474046384068,0.10421936356099802,0.08486579680935002,0.11841393851258432,0.10514413093243054,0.10045093619645325,0.10968322044657432,0.11182092294148283
0.10516151841880052,0.15149849354713787,0.1145465797358815,0.10188182891710158,0.10825583559146962,0.12204409927246657,0.11534531915308525,0.11462163912105555,0.06664468624300164
0.10105563904977828,0.1051216152161381,0.11483496888483558,0.1304340718311367,0.11546193037911402,0.10251660872244028,0.0970128687662916,0.12036728265227115,0.11319501449799428
0.10363122514533236,0.10984627128819015,0.11890164846520025,0.10664655822798058,0.1207382730773454,0.11764047951163363,0.11959390030322226,0.11772347993405702,0.08527816404703831
0.10768929353568767,0.09195826652169221,0.1121450052586685,0.1485808387082186,0.11001355198410372,0.12210245295047058,0.13207075975779145,0.10796741683705798,0.06747241444630932
0.11325556534270237,0.06949336320497139,0.11620190553849237,0.07490661371603353,0.12718009567899496,0.12568132732190726,0.13309090067239512,0.1207686643597588,0.1194215641647442
0.10265523611030174,0.07550273892636243,0.1225226478828187,0.10361413886091136,0.12848421282184305,0.14363745567406502,0.10260886635653621,0.1126956348310247,0.10827906853613677
0.10734545891938546,0.11132325127443872,0.10220503949883553,0.08348563308108874,0.1126104937801252,0.10598364775158327,0.16722211860144084,0.11291682994404441,0.09690752714905788
0.11233778123460103,0.14618946654201131,0.10233217763289815,0.09481516776508776,0.09801932775493281,0.10066328045483154,0.12129233587399856,0.11855621466270527,0.10579424807893355
0.12038803417592452,0.06238463729235916,0.12088422866247435,0.07036630105405972,0.11110423852504725,0.1378466390298231,0.13770566141330673,0.12777063062437452,0.11154962922263072
0.12309999046206348,0.10740324734168101,0.12796750909646118,0.07254615770769601,0.0978653504511865,0.1045158511243431,0.10463134940719565,0.12654303357583974,0.13542751083353335
0.10250302726304987,0.20102896238885307,0.1037222784819933,0.08613415751492402,0.09304306742705115,0.10408714597266165,0.11544914043929316,0.10720000433122512,0.08683221618094873
0.1222273427182048,0.08033087624601583,0.10867522914366601,0.10218461956619858,0.12149650497005908,0.12636869860937783,0.11131422647201704,0.11907695348960419,0.10832554878485656
0.10308184965540913,0.12514794189442854,0.11789278258398002,0.1545862161898078,0.09771187609397484,0.1136769640711081,0.08820570980764182,0.09273209283226845,0.10696456687138133
0.11172414190988052,0.06303233306392932,0.1149865314772512,0.10349920863525197,0.11429782260524368,0.1296446131275608,0.11260780367575907,0.11546443651771958,0.13474310898740385
0.09838899627620405,0.1633110064483879,0.10349210074935833,0.08770180245418611,0.10485363570931089,0.10753703595064129,0.11826844918592572,0.10444475962310366,0.112002213602882
0.09192874824494207,0.18423550639306732,0.1155229065434721,0.07556881426047175,0.11169583952275808,0.12078595611823705,0.08270934270267395,0.11466715252431676,0.10288573369006082
0.11276267418925794,0.09952543615419747,0.10996317464306156,0.09715308617957512,0.12082435606919445,0.12181784554341347,0.12065644536924323,0.11567698741388534,0.10161999443817142
0.10256277042240958,0.14684784571152185,0.10196898527579339,0.1186852037032586,0.10061798827460804,0.11268438504166227,0.10781440979628111,0.11264582551825787,0.09617258625620721
0.11594492337788453,0.09712406767444115,0.12367897544266392,0.05659297449908668,0.09890920490194517,0.11268304306783443,0.13478982633167472,0.135051732512132,0.12522525219233735
0.10488367592704366,0.06709955807126802,0.10227398134157235,0.117863361948146,0.1371138361471689,0.12002912823629457,0.10101688376326497,0.1170348101351741,0.13268476443006746
0.11100227452082902,0.14501665596823687,0.11374953485961657,0.06774621141509667,0.11524870832653517,0.11482520485341004,0.0965303662117017,0.10814911894527723,0.1277319248992967
0.12315940026376089,0.1038607909954668,0.12269798932024349,0.0711185347163531,0.103982965410656,0.1158760503150913,0.13424683479048308,0.11940679176000459,0.10565064242794081
0.11130270025370592,0.07543281821433585,0.11823587508319171,0.07773827666707793,0.112879150802892,0.16337787331787465,0.12354404361598875,0.11981064218594119,0.09767861985899189
0.11084930743884917,0.12796693288298577,0.11700551933842272,0.11765434308588925,0.11787767024054914,0.10452592502472134,0.08202905951049372,0.10783574237566673,0.11425550010242212
0.1157549060623718,0.08387554414484755,0.13536181121116073,0.12481598000742873,0.11128976733789926,0.12196966070574371,0.09376437072337333,0.11936414986269506,0.0938038099444799
0.11158897538910717,0.11810601667909665,0.11443022402350918,0.06317590027372945,0.09668341087799581,0.10226914553111548,0.13937037156400145,0.12258915456373243,0.13178680109771243
0.12524223085761574,0.0910518759919735,0.12235102198223595,0.08888486390932891,0.11230312566596372,0.11056892004812656,0.11733548011526525,0.12240010397434058,0.10986237745514987
0.12139100641131668,0.07943768805481098,0.12261452196444095,0.0786202626038412,0.10237342946119297,0.12429015200251266,0.1316076400878841,0.1268175786248745,0.11284772078912597
0.09925413712596137,0.10117482855319292,0.10957819870134172,0.12731614280780632,0.11647359820611303,0.11577670402125273,0.12022588865754318,0.10630076934269382,0.10389973258409502
0.1178939668667361,0.13158578465034254,0.12153607155416395,0.11114352540008869,0.10905372988922403,0.09937500007726326,0.07707464042511951,0.11197803276019945,0.12035924837686253
0.10484997636183818,0.14793923885086382,0.10454970857221733,0.09496049093099951,0.10517897479651224,0.14359202677249036,0.11113594145044824,0.10521941254492262,0.08257422971970774
0.1094552500047844,0.1536869082593252,0.11158636953924339,0.09596807423552622,0.10892888647187987,0.11559902883635838,0.09588162310122768,0.11415061682724471,0.09474324272441022
0.1065187314734138,0.08913268562928502,0.11923731410002843,0.08259017839328703,0.11779943386460845,0.13122147492689343,0.12865642627723856,0.11951602358535966,0.10532773174988563
0.11854160775824807,0.12289012627641209,0.11696824274690616,0.08413641603884563,0.10749508314359361,0.10369978842164913,0.12048945021948428,0.1148283184237474,0.11095096697111373
0.09188057330232542,0.20407229837246102,0.09799302111362206,0.10818502501019385,0.08239333059294522,0.11142448556673686,0.10721043363933642,0.11204849119062547,0.08479234121175366
0.10368274871595785,0.16981948889306073,0.09614085364240892,0.14794860702220575,0.08808953262533005,0.09898959899931727,0.10642199323613306,0.10812738633394137,0.08077979053164502
0.10687948072137916,0.08191747776127913,0.11616394128491882,0.0889936253536644,0.12089452802938139,0.11601617747751637,0.10209896788434158,0.13239157028149107,0.13464423120602806
0.11127893057151106,0.10421377831631368,0.1136145802670163,0.11226125661737364,0.12397679755332858,0.10027311022287975,0.10699895031861988,0.11175785427951268,0.11562474185344447
0.1065624411817797,0.08367265808052571,0.12050342371498678,0.111838382461534,0.12261567546341588,0.12703831067296498,0.11691354802636313,0.11918330478591599,0.09167225561251395
0.10513116898204429,0.17711633375885247,0.10211353512228127,0.07814170476447788,0.09098612322290332,0.10968663122499674,0.1443092166419569,0.10245632796206106,0.09005895832042606
0.1004432427090529,0.10149416843987046,0.1119783781195096,0.11142972349258727,0.12004002259579043,0.10688927659652786,0.13370862821563306,0.12443889092272266,0.0895776689083058
0.1015942075634056,0.17946855789535934,0.09715009651169727,0.07843466293527672,0.09224544471329055,0.09848646273437729,0.14238197364114927,0.11338653743582716,0.09685205656961672
0.08772823926832134,0.10658675776075725,0.09507107178554082,0.14929589152154046,0.11832017045567018,0.10400252978351504,0.09086350572138806,0.11978250503162473,0.12834932867164214
0.07352377525948676,0.11785106089906162,0.10825963511571464,0.14208569364984652,0.12299234510588077,0.15865409112259432,0.08700265273818251,0.10520969108171459,0.08442105502751825
0.09489855750348557,0.16007346470862355,0.10646675543073668,0.13382562082922256,0.10203149349021556,0.09623578554067115,0.09648087381822044,0.10510266619315752,0.10488478248566697
0.10283365881367262,0.19621958381776017,0.0979878357611527,0.08366707056339938,0.08197733185205792,0.09511820348554852,0.11802019607036246,0.11339902834101416,0.11077709129503215
0.11136325020946632,0.1157861679300805,0.11534591286386205,0.15434164450678614,0.0970818595662896,0.10895450508118239,0.10006406932454502,0.102854545125153,0.094208045392635
0.11419609864163205,0.10728904396763761,0.12700330551964742,0.07802116778687228,0.11164225951565877,0.1285057061636637,0.10491224422481472,0.12784670134737922,0.1005834728326942
0.11291072272148762,0.09045073082513516,0.12371318069414161,0.1223941367129739,0.11736786075644445,0.120273782414331,0.0874790619615252,0.11607277377145474,0.10933775014250634
0.10198721687981495,0.17798945351918094,0.10616428724210884,0.0681174772495807,0.11444571667103055,0.11900129240390926,0.11144931380061784,0.09922927401248945,0.10161596822126749
0.10422780997821035,0.17608820404932293,0.12311282684249096,0.08777007755327541,0.09518919666354664,0.10806924525376098,0.1055306091902074,0.10521052620871078,0.09480150426047455
0.11842009979547237,0.06428278283156567,0.12450980138272986,0.07280089370702804,0.1243179171049932,0.13793996323650715,0.1296864816007087,0.13343280120415754,0.09460925913683749
0.12447172552513737,0.0868803447126321,0.11273739616294853,0.13944668101923405,0.10955288091698272,0.1155529392617411,0.09695441393515673,0.10998163149592875,0.10442198697023879
0.11807464395009272,0.12407608495844609,0.12467835079521537,0.10523825363704886,0.09745782853872431,0.09984055386261252,0.09828081443969139,0.11644305413250379,0.11591041568566492
0.10621147816011049,0.10265300729632647,0.10212487143179842,0.09780872990506118,0.10527277252962862,0.11152107803626533,0.1256785877626575,0.11677808708298841,0.13195138779516366
0.11187058545847127,0.1013967551785001,0.12151281115803803,0.09093584295493401,0.10681005342235445,0.10972001647970397,0.10965508806806377,0.12314175210116501,0.12495709517876946
0.12504651077265874,0.07001708697514027,0.12170549044468237,0.1553370198893166,0.08221476037950805,0.09557071412307698,0.12355001680485456,0.11331234266520433,0.11324605794555809
0.10482576264139694,0.1267915242296429,0.10087436568379893,0.15209286796062718,0.0992154407434247,0.11052611916343096,0.11485451086870417,0.11065622960489739,0.08016317910407679
0.11927305036386605,0.10173253238675668,0.12110968798883226,0.10264197371325072,0.10389893559361237,0.12172332257916862,0.11183062508824775,0.1162438526350268,0.10154601965123877
0.11263212005528644,0.1233605703237856,0.12516358437409217,0.10587030599745494,0.10287936284598857,0.11154932253292814,0.10328629067622136,0.11326926286519935,0.10198918032904346
0.11368421336654046,0.0684204898965372,0.11937333579742605,0.1433275930354264,0.10456248050277585,0.11625531899267373,0.12303997363792078,0.11638284508162522,0.09495374968907429
0.09842128298815718,0.14026266410340069,0.10771136537718175,0.12128962688783453,0.10816117930280222,0.09842948566330101,0.09390949968558031,0.11800536879825378,0.11380952719348846
0.10730893828267445,0.07759084863104183,0.152418353847247,0.12485280232039853,0.09459250695704872,0.10736106805459318,0.13598617358002593,0.09563947274708297,0.10424983557988739
0.1089933585829254,0.21791088169126935,0.09728001588242284,0.07477094330113804,0.0769555563505136,0.10286757647581357,0.11162124531810717,0.1068743233959817,0.10272609900182834
0.12134849046745301,0.07785074315536256,0.10217815853623911,0.09549448070025396,0.1152033491253565,0.10519515226509439,0.14206549535136118,0.12179984434553044,0.11886428605334888
0.11787001300411297,0.17545765778688152,0.09860210985976965,0.10163268728386891,0.0832748749324871,0.09086938931490053,0.12726748601568275,0.09964678143376103,0.10537900036853558
0.10966801581241864,0.09059422397084699,0.11588315004288365,0.12976017690488392,0.10934978214765144,0.12415157186403569,0.07389641587311184,0.11269889155239592,0.13399777183177197
0.1029665852385065,0.10049212307062227,0.11567577683391465,0.11319493509339384,0.10701796214161056,0.11268413955028522,0.1316861739692746,0.11680075000261068,0.0994815540997817
0.12427871631487443,0.08510419670743864,0.12498685369036504,0.08406691002628476,0.09781213856992299,0.12135386130356728,0.1251318193973174,0.12563127128426302,0.1116342327059664
0.1165411233823681,0.08355337983108106,0.11557028891990269,0.07159462537732926,0.10880312604761655,0.11260862019534212,0.1483720551918721,0.12311460900148892,0.11984217205299924
0.09998548412240969,0.07417949652892404,0.10923502893670449,0.17070337480956624,0.11504931779461837,0.11272093900722123,0.11223318937426492,0.11136040362807065,0.09453276579822036
0.10232657558650682,0.22036170824006107,0.10587949636426086,0.10630238501938448,0.0744457662937818,0.1013133010031065,0.09258359949283224,0.10137174595837979,0.0954154220416865
0.11181147886356474,0.11578581086216466,0.1164003457640227,0.10220652394594641,0.10315574812883348,0.11871065247352186,0.10225840773696548,0.1296054707913795,0.10006556143360128
0.11159533625983524,0.08340484485619422,0.1165417367812172,0.08349022905064996,0.11947962001630881,0.12337553549211333,0.13512272887398077,0.11821732920022394,0.1087726394694765
0.10765034217927572,0.14098883091437917,0.10700179372681684,0.07439857459561496,0.10229353339797685,0.11647966653857823,0.1318095700418993,0.11890522621873423,0.10047246238672468
0.1327556890382609,0.12002755003906106,0.12381328591181934,0.07945809986156747,0.09734634620672655,0.1050561476648022,0.09297044188121532,0.11720207626420738,0.1313703631323398
0.11769509661201659,0.10754848677964728,0.11079466964268812,0.0800052918529921,0.12175717733448214,0.11647512727214171,0.1216950826822379,0.11531736486477873,0.10871170295901549
0.12346880773960696,0.11452621020841665,0.117851373499562,0.112084305686186,0.09587596534712117,0.11162943121131512,0.09697777797090591,0.12181527894036377,0.10577084939652241
0.11743808185994242,0.07945374104499532,0.11203743738869938,0.06991215973150999,0.1353859021483512,0.1408798509110386,0.12421794651683553,0.1012346330409409,0.1194402473576867
0.11240920616101129,0.08844173213224289,0.10829854543462646,0.08027414019345451,0.14349172684473824,0.11641959629849614,0.12489516192285732,0.10836252967690589,0.11740736133566722
0.09609796726270538,0.09547567169656551,0.09941612812665455,0.15428801933675343,0.12271086714183432,0.1213856389462119,0.0887557813674441,0.11300122014152085,0.10886870598030988
0.10704949499878906,0.07290243376053143,0.10031456679888466,0.09162686142114991,0.14905358212827483,0.12930184548774157,0.14073399221059932,0.10204825120681156,0.10696897198721766
0.10176616762737585,0.12983832075206667,0.10508457827338298,0.12811273676640567,0.10632004118021714,0.11615245879722479,0.11853297820936605,0.12362511245043606,0.07056760594352478
0.12047681415768104,0.1922419309808101,0.10926404692833813,0.10545753007128018,0.0908722143219729,0.1004735708333443,0.08958651726712895,0.10300310237835693,0.08862427306108733
0.10110950247168075,0.1785538864411427,0.10501213694026663,0.1007381078830889,0.1087870316379533,0.11802234053360272,0.10257431384587233,0.102323988988831,0.08287869125756166
0.10443292314947421,0.14412791680956483,0.11315882518843255,0.1286838520252501,0.1166130016285339,0.1205638543681068,0.08280591696354524,0.11607896241416006,0.07353474745293236
0.11722460841367448,0.09834794755229155,0.12252862449618152,0.08920384631372191,0.11892825423831081,0.1208477112524045,0.11061434662442554,0.1252025558000953,0.0971021053088943
0.11877759750786927,0.06988707471838586,0.10912224777953138,0.1322091177255338,0.10158157323759294,0.12768249155412523,0.12816596808852135,0.11574528774986682,0.09682864163857341
0.10354146174370198,0.06840193094219839,0.10947435996636412,0.06962650316748965,0.1204276519558967,0.1426717844756478,0.14829861979885214,0.12423456453763797,0.11332312341221122
0.10441508702553141,0.11013542167488732,0.12952824906651791,0.11221788140291365,0.1013974513911053,0.09903937307327926,0.09844188920460929,0.09229093694983558,0.15253371021132026
0.10765738244238922,0.165935307354886,0.09131124086352164,0.09915770683122686,0.09651886472156172,0.10646061051216073,0.1414314597680627,0.10514121184244014,0.086386215663751
0.1099757582331518,0.10518439968887165,0.10627586869491729,0.09761799532007935,0.09022144911645902,0.11289111781515809,0.1600304677787763,0.11524309597001131,0.1025598473825753
0.1107389991307081,0.16526304544535247,0.10238946358623874,0.07183850824019818,0.07078635951622615,0.11255509948093995,0.16268309035978462,0.11283091296828977,0.09091452127226195
0.12519878983572066,0.08114189456079171,0.1290495930065722,0.07180561788229094,0.09988752816332562,0.12119212810117987,0.12999754717110665,0.13675592534457195,0.10497097593444038
0.11831493688759409,0.11790333447029049,0.10712272040319981,0.1626482875686144,0.08990082723180581,0.11395174171916604,0.09042239533875875,0.11094975506852651,0.08878600131204417
0.1114357085698856,0.07604789227080477,0.113504587189252,0.11424101311047118,0.13177145419514244,0.12756598741529726,0.10342429408325497,0.11614703709799497,0.10586202606789681
0.11747768791029001,0.07499909515615352,0.11224277839367038,0.07945859716657837,0.11885592756385392,0.12690365512748983,0.13107459077134664,0.10724084460928808,0.13174682330132922
0.11554292824136132,0.07629572516422362,0.12857812200203636,0.07814484411779733,0.1269936979653334,0.12250173187209083,0.12220579166031113,0.12489433124495149,0.10484282773189445
0.09550052603272774,0.10141765161105476,0.11109780062361134,0.09100262771625516,0.11889377051835924,0.11361191686024667,0.15304307584878282,0.11776390866163437,0.09766872212732795
0.09695316702430079,0.06473971058529603,0.10966449888702001,0.09299997094942392,0.14302571657861798,0.11841555026845602,0.16830815240880545,0.1172290439767703,0.08866418932130955
0.11955857288424825,0.07535803502878831,0.11687915515465293,0.09579567046063653,0.10552830648455412,0.10452160857059319,0.09683025127688143,0.13790445732625492,0.14762394281339034
0.10785569404519402,0.08316673300177867,0.1178171248834362,0.08183998612003983,0.10940752199633945,0.12887534296878775,0.1567403410095578,0.12554861944647813,0.08874863652838826
0.11635283725770272,0.06016687349253089,0.12115836937090681,0.12125797023624423,0.10704867917353665,0.11962888463147014,0.11139787090054239,0.11442191334201113,0.128566601595055
0.12409728223213305,0.07620995254636397,0.11877659200790806,0.08423468142703099,0.12522559460196672,0.12146067894535291,0.10931075203528882,0.12020319591086963,0.12048127029308585
0.10520977742994743,0.14202034322060708,0.11561288017773715,0.090029984024107,0.1208061388344836,0.11990113614833453,0.09541585629988165,0.12325379773467511,0.08775008613022633
0.10075709318491499,0.17984684054929642,0.11104541519627076,0.08925731319526024,0.08946749122451318,0.09722676011953213,0.11694824672990893,0.10837446588262155,0.10707637391768182
0.10775005554965733,0.07019947226761143,0.11844232487008453,0.05626420655769532,0.13154648398704424,0.14173220202301434,0.13938234969456123,0.1252561224162081,0.10942678263412353
0.08181275302522274,0.0988857460906258,0.09917340837603493,0.12045238263873005,0.16022989909046056,0.12086401244347622,0.12271572187485573,0.11104641551268997,0.08481966094790401
0.11627034530664883,0.12717043369161626,0.11159516983004059,0.10043108077744596,0.09985943073132529,0.10406001641746798,0.1145446377974858,0.12412818183209683,0.10194070361587243
0.12011442593369002,0.07237695295116112,0.11636624851886117,0.08805937433317661,0.11984124157322422,0.12794549691784438,0.13221588651961905,0.12027244107410086,0.10280793217832258
0.13076735058906414,0.1405858054942832,0.11631455820422193,0.1215013451107843,0.10763807166448591,0.11880200031165873,0.08132899808597371,0.11184613399310468,0.07121573654642335
0.12025895240219923,0.0757230864632883,0.11452425643637433,0.08212595757319403,0.11030840577231628,0.12512050825043622,0.12956359055833425,0.11781374522313899,0.1245614973207183
0.10886121604372806,0.08400541362822961,0.12216035874357956,0.13209646817744697,0.10718261404144135,0.11161882734248774,0.09288257647959797,0.11182133251188464,0.12937119303160416
0.1059657482791017,0.0725779425892258,0.11082454572609779,0.09602978381834602,0.1460572361114966,0.13087537640601773,0.1297638694598985,0.11360892934321631,0.0942965682665996
0.10209062511391397,0.1626035976564973,0.0985572409792738,0.11539850211105314,0.0867898264738627,0.11862503107564622,0.1037293596588104,0.10808275559159947,0.10412306133934307
0.0880233227739468,0.19441273650852198,0.09126140029297936,0.1053658904873503,0.08995881380373572,0.11929877056992762,0.12120391932664008,0.10551817049053032,0.08495697574636786
0.11431934351855715,0.09045019363484004,0.1198185908527129,0.06836254077764549,0.1452266093808878,0.1265971239389757,0.12582263532071314,0.12615314587435644,0.08324981670131137
0.11859761127748568,0.07547031132184852,0.11834037428791254,0.11297454531310085,0.1038541505898996,0.11083757462197032,0.1217565411690432,0.12131366668300718,0.11685522473573207
0.11243434402273005,0.08818713181644806,0.10594119115256755,0.08662544810140049,0.13060084105424927,0.12637330799017768,0.14583343284889927,0.11088958674330741,0.09311471627022029
0.09918144250190201,0.09232039615170061,0.1127054808882062,0.10877446838737322,0.14208976760452044,0.14194994652277734,0.1047270556277848,0.10290614904407873,0.09534529327165668
0.12244068342601067,0.14474370958241867,0.10287699969394572,0.11161292329717487,0.08111904705474299,0.11391082895322228,0.10757814147493176,0.10207698033856259,0.11364068617899048
0.1263211988985871,0.0741579415443661,0.12013881939869912,0.07349420222048664,0.10424483431501498,0.11316291144955722,0.14881179743688797,0.11855487448678204,0.12111342024961891
0.11357212684246455,0.16387360662248593,0.10522455998331819,0.08809390422700565,0.07306065870533549,0.09481878605200499,0.11925140109856831,0.11757467369375912,0.12453028277505773
0.13185649554091675,0.1073457375056397,0.13014369338016513,0.07947386895990421,0.09826327015266863,0.13486328112235219,0.11594920792753192,0.1207423074208092,0.08136213799001225
0.11847652906919466,0.08933888813430746,0.1177188927997072,0.07127741303462197,0.13750129604222464,0.1369455315298926,0.1257846600233762,0.11108579231852916,0.09187099704814601
0.12231171357340641,0.07407902653543834,0.11771074757596824,0.08459530811498388,0.12220343037875396,0.12111076623510048,0.12082199035518465,0.12041812567226201,0.11674889155890213
0.11594447668355568,0.09480751512537879,0.13056245274154407,0.09445080924695086,0.1157532509811333,0.12353589045263208,0.09355535301846896,0.12004106325625041,0.11134918849408591
0.11639453798902832,0.14707725180480283,0.09902347742292765,0.0874353352598415,0.09712122419185747,0.1030985092805518,0.1272458873085561,0.11617834021716855,0.10642543652526583
0.1192117209870074,0.06891659535382245,0.11736155772014585,0.1337895616139917,0.10104503331502394,0.1064991614757238,0.1052459228187166,0.11874941161242754,0.12918103510314075
0.10920254377985163,0.12990146255146975,0.12206416995381804,0.11276392692321402,0.10161632326774865,0.10847812941639423,0.08534434505635256,0.1088798399710183,0.12174925908013273
0.10960395427181835,0.10049651544092424,0.10774864011513936,0.08154151176372625,0.1144229856059757,0.124527939524171,0.11410584687877338,0.1200196062344015,0.12753300016507027
0.1278950157919839,0.09701653738509179,0.1367930751217765,0.07190585420378483,0.10766358768938145,0.10672384518241822,0.11558448908603978,0.12316041716580284,0.11325717837372072
0.10516103885468918,0.16790975910605424,0.10701520788691521,0.11734843067855734,0.0985825527822541,0.11313157584675666,0.09261023620441788,0.1102235353291033,0.08801766331125215
0.09381816548540468,0.21066086216655214,0.09760220245593294,0.1491594437648591,0.10309913762370752,0.08445738421639314,0.07991160443778027,0.10476144047959472,0.0765297593697755
0.09710291248442121,0.09881452692760852,0.09326234558745755,0.1569770107390877,0.14083925496335126,0.11214863301265916,0.09889534797132299,0.09935365777770837,0.10260631053638325
0.11622387050775469,0.11212002047416629,0.11729063577178722,0.10062485286173073,0.11582912405623967,0.10397791081211218,0.10575112242532403,0.11376271134712963,0.11441975174375552
0.10085278179557082,0.09492844896882875,0.10901117434280089,0.16187099632080593,0.11077608052708911,0.11286606587471608,0.10226009531802638,0.10928202087785048,0.09815233597431161
0.12594514520770483,0.07323962377625357,0.13110753260519567,0.07104158118478214,0.11951048129439346,0.1251490232397852,0.1026598781869313,0.1301387918030993,0.12120794270185446
0.10277113187832948,0.12464225154465806,0.1169403887879435,0.11242373671620559,0.11504438333658695,0.10925587880515697,0.08531043074367889,0.1123183518111945,0.1212934463762461
0.0978193573406664,0.09170468869704591,0.10639364046933898,0.09021323977409851,0.13485112639318772,0.1291854167559855,0.1537599741666687,0.10801001739759873,0.08806253900540967
0.11328003416979025,0.07297696163799051,0.12629350515208268,0.10519098692151434,0.1431210430183908,0.12834050151814366,0.1069312514738258,0.11000716710399566,0.09385854900426623
0.09444287106219855,0.1773705559124441,0.09654607258187863,0.13396449206259484,0.11836001993058505,0.08792238557580158,0.09842335743558046,0.09781223075866591,0.09515801468025083
0.1160787781656089,0.15664004104325563,0.11253152953472512,0.10879477096481717,0.07586204647009832,0.11107502491277742,0.11430950582836448,0.1032292667166476,0.10147903636370541
0.10128764855027043,0.0945462577157463,0.11959908448842042,0.08985496612849604,0.11593166456629733,0.1041557272995593,0.14391584609143349,0.12025713967565761,0.11045166548411905
0.09948628099164632,0.10722409344024142,0.11614660246879976,0.0969816637339967,0.10474068952858924,0.11239991803562509,0.13895908818624098,0.1132916714562315,0.110769992158629
0.1114299803502362,0.07166278338688781,0.12330816311038285,0.08345438756851294,0.12255989549166836,0.13205165274385436,0.12636461146130176,0.1294911209736609,0.09967740491349485
0.1222794842792199,0.08663523622307318,0.12105813818304818,0.09633539426972913,0.08286629841522236,0.10757274990572319,0.13738154672841976,0.11759093708601885,0.12828021490954547
0.11958765916090887,0.0753072270516806,0.12755198125228154,0.07602485066452709,0.12542511125562059,0.13340362738096578,0.09181388593445207,0.12066366442649651,0.130221992873067
0.11671583693678551,0.117238289820637,0.11592806411703428,0.109450716664157,0.09130262422674147,0.11198322707337292,0.1312607174491257,0.10761063142457561,0.09850989228757044
0.10355753683625374,0.17030176999779656,0.10114947337249991,0.13961295362056267,0.09750514366599596,0.10054057533351446,0.10176243042452364,0.10369274054112788,0.08187737620772521
0.1421249095019744,0.061441882743630764,0.13160094135882258,0.08341962832523098,0.10838395384759786,0.1076140790863514,0.12547297835977902,0.1294288654685972,0.11051276130801586
0.10684556089701625,0.11145257960763238,0.1067705342374266,0.13098982621193553,0.0949326931688852,0.10196594549764608,0.14442125418666754,0.11451370661187839,0.0881078995809119
0.1104279105458097,0.11888727390832454,0.11367368246087435,0.14289027073433577,0.10409609733798503,0.0985220373148848,0.10613914221777031,0.11077066685506255,0.09459291862495293
0.1050689989219591,0.10174947551276768,0.11064128513519937,0.18063163834902615,0.09386401030838336,0.11605751665964108,0.09901181096353377,0.10742523444888415,0.08555002970060537
0.11158786155819439,0.1437699452951656,0.11164336941896136,0.08689313002450667,0.10966541275808701,0.11369992189192,0.12292813839158241,0.1093250457231824,0.09048717493840014
0.1102760378214508,0.07563346279026086,0.11477055395358766,0.0806964306895852,0.10449301059309547,0.10748521304079035,0.1811125647375668,0.12006428629075827,0.10546844008290453
0.10899259999524098,0.13755299873019436,0.11897001396122657,0.09620711224906105,0.11933787014076518,0.12401671337536853,0.0994731911492423,0.1074211504825084,0.08802834991639258
0.13616490841833276,0.08417082632884615,0.1378803490602132,0.05611704998189779,0.09786864814597958,0.13935652993920658,0.10823451704583538,0.11943841751701627,0.12076875356267223
0.11334216115995084,0.10495515647033322,0.13107604665869135,0.0906154641160441,0.11004538561055921,0.11808910489282293,0.0892596730017553,0.12064983020975896,0.12196717788008399
0.11543256458633462,0.14699885065233978,0.10147648083688306,0.07573326405883656,0.09058077743771618,0.11131380576526777,0.14334003646687807,0.11740500637359404,0.09771921382214988
0.10620847206707273,0.1502008138936925,0.12200514781871181,0.0755255660304011,0.11771252006872417,0.10994723501876073,0.110690445442252,0.10946899362021667,0.09824080604016817
0.11729812704293617,0.07208793916951405,0.11269529947325291,0.08537409625601954,0.12862430187745666,0.13189277622595272,0.141663928019497,0.11150329637273497,0.09886023556263597
0.11633108543365596,0.1450731366085279,0.11963785180716523,0.11049437310971293,0.10159735982554378,0.11186469200707268,0.09554955538217602,0.11205626237029426,0.08739568345585125
0.11946299922646757,0.10828104667853655,0.10542109298530938,0.08624718481717157,0.11629873540799884,0.1264290910307353,0.13149670128032617,0.10427124517107556,0.10209190340237907
0.1003025580798908,0.1166662879020755,0.1295849241388566,0.15957857425316502,0.10462419633475638,0.08145860709913542,0.09957451194701249,0.09604694167888594,0.11216339856622178
0.10777337270817289,0.10274054471334725,0.11502228512699812,0.08389078845029337,0.10764904861742848,0.10956610695859335,0.10068643074843621,0.1206070330849398,0.15206438959179044
0.11952338326085826,0.10045859924551216,0.11576787691903134,0.0910113767136036,0.11109374268330914,0.12076021983064927,0.11723020715619246,0.1179455874846028,0.10620900670624099
0.10755313776184615,0.1909538815066376,0.10650093774192237,0.08796630388198261,0.06818286786869744,0.09144606646893465,0.1481134739822458,0.10294798552216379,0.09633534526556957
0.11811462410236913,0.07291365200414891,0.12270112864011985,0.09674116879721685,0.10803794416764244,0.1318280564431589,0.13069923573014533,0.11280151791623676,0.10616267219896185
