0.08680631434440778,0.14162687154404693,0.052001038436788584,0.12780149315892245,0.10935158557396603,0.13401408666527442,0.15291257828941718,0.03189232393151884,0.16359370805565776
0.13973451512795415,0.11270425592363914,0.08760813924125305,0.1607725304438378,0.1378779453214336,0.11708228799758658,0.0678012417450153,0.07945622503557302,0.09696285916370735
0.056402236486602864,0.13212052744706107,0.1340380149311123,0.11876801181487051,0.10060267046364489,0.10573505255484793,0.12364780924041656,0.12452663088165428,0.10415904617978956
0.04828074293655683,0.10924797191033608,0.17416976312268093,0.12279783554215595,0.05365686955446183,0.13382937698689776,0.20786093741401215,0.024720777623803855,0.12543572490909463
0.08835025691129243,0.11966775657560928,0.14999068695847023,0.10968346688584289,0.1316673113138522,0.08882647595412724,0.12705610677094334,0.025799808351212084,0.15895813027865036
0.06443976399531415,0.09373948098677294,0.035541345526105286,0.0822634049521369,0.1181750363704529,0.15627560122400866,0.2711710357818464,0.011084452585478494,0.1673098785778843
0.1019331052188888,0.11618839831673881,0.23454696196492572,0.15616201225644813,0.1094418785826778,0.09457112448360605,0.042074294287822944,0.030930108075337585,0.11415211681355424
0.09737749536195145,0.1093473283897699,0.15689744153627921,0.10518439329298879,0.1339998853727709,0.10496921104754976,0.09214950490738873,0.035789369942378815,0.1642853701489224
0.11031432473574763,0.11336699899607557,0.11264074365242838,0.1832106510743727,0.10337945734473879,0.12378108049385074,0.09728560530333086,0.03668198689239735,0.11933915150705798
0.08925377776376174,0.1487167516990493,0.07498001541861145,0.12230982843715434,0.11739939772418438,0.11070005885532036,0.14527602116047722,0.0748062170177604,0.11655793192368079
0.14806217615333983,0.14652007717753116,0.05575203725174377,0.11599941654419027,0.1037475913408758,0.08260088450493312,0.10460530689959961,0.13639784531590213,0.10631466481188429
0.13284133902270828,0.11340891715423856,0.10868508752649121,0.14829968875166155,0.10486174936646682,0.11951786762362009,0.09575468556428014,0.06498452693443854,0.11164613805609473
0.0719382993106667,0.13048573659463175,0.1507277573654714,0.13806936302240014,0.08138233441941257,0.09872087753615266,0.13791876919639143,0.0695415089705428,0.12121535358433051
0.10211282741590512,0.13135415307915518,0.15838231203921888,0.11629720239953806,0.0835696503150853,0.10558119346600235,0.0751541517376896,0.13986877731998576,0.08767973222741975
0.1018672641147413,0.12566787243862823,0.13515025193009766,0.13657177237454485,0.11780101994353055,0.09808015523738138,0.10447483902626158,0.07595520379342123,0.10443162114139319
0.148580170906744,0.10234087512013723,0.12408060540468098,0.08980152901384679,0.0601954093760237,0.1318188271796954,0.25272997232893374,0.017550187499457397,0.0729024231704808
0.1115885074284117,0.08359532279631211,0.10995335268585305,0.0898010940077167,0.09839931571802178,0.1811615043385065,0.11813843206082142,0.04145821263195676,0.1659042583324
0.33106643988806256,0.09839024847843243,0.08199920468458849,0.09607769653120164,0.07332464298818415,0.09286894131114969,0.09566822046930383,0.014460499462241108,0.11614410618683607
0.09784684038013268,0.15863604868030437,0.12197501750432001,0.14900340692626649,0.11871460855246968,0.0817521041679723,0.10017765089390013,0.05707230779068615,0.11482201510394813
0.11031150433243335,0.12432979107007947,0.04708893217271362,0.09628008601239797,0.1127468065384787,0.12431419862482863,0.13101822099608737,0.0700338909858144,0.18387656926716645
0.08598531345465665,0.08204953033331025,0.24568258186160227,0.12598243259518355,0.12794785493574837,0.08676926842934263,0.05623498795980383,0.02860190326222435,0.16074612716812817
0.045629026846651134,0.10408806148536114,0.08077251593032449,0.10843348098313332,0.14631042534950864,0.0971528549804455,0.11410928523289499,0.23508405848607886,0.0684202907056019
0.07669516398567662,0.08294870850201408,0.1842040108490158,0.15192786028182148,0.13555327142498189,0.09793081192987112,0.12023136703646183,0.019680649886772508,0.13082815610338477
0.19229171079855503,0.0935443337701858,0.1394248270827448,0.08319954367188118,0.06562828065325034,0.09748814817136137,0.15717331859665484,0.051159026180964906,0.12009081107440168
0.07956214580493372,0.13903193075060263,0.08465106888236314,0.08727103817101241,0.09726352471613381,0.0854760580196543,0.19589453638542256,0.05342210926918243,0.177427588000695
0.18185325756101023,0.11969624143823021,0.10021853228739297,0.11637013707193651,0.10880875335799679,0.1047506851011698,0.1390677393055112,0.01990463092902383,0.10933002294772842
0.154664063279038,0.11535974634173211,0.16447692395878835,0.10115751797347466,0.12411723881263059,0.09599754236505126,0.0978474859179987,0.029951113101693693,0.11642836824959263
0.06883927672086104,0.08025132090891281,0.1576655588901136,0.10811941193471014,0.10211165687307866,0.1316772928321731,0.10708265942985011,0.11439776237783748,0.12985506003246308
0.146768170947816,0.0896076761227746,0.11232590655272919,0.15540000819824873,0.09574261861416054,0.14365755809431158,0.13752202794852356,0.010418940479687297,0.10855709304174849
0.18775421822693808,0.14244039996751,0.07512944259708512,0.1343769158128647,0.1175403176393635,0.0826815057093358,0.05596186976575871,0.07407617371248801,0.130039156568656
0.19927701337097914,0.08745037740700097,0.1843758173601369,0.11736567636874752,0.05951198422108764,0.14743166105873826,0.0351712616250142,0.02704122359603652,0.14237498499225876
0.05600449570781823,0.08150633080318916,0.06901711756858271,0.10912666087776364,0.08641092103616439,0.10282031439616261,0.08176257479052537,0.351191430290533,0.06216015452926097
0.1574401757756778,0.0941238084360186,0.1306554649148114,0.08499951523441322,0.10926847983441516,0.08640008122470455,0.1164269887196614,0.11099865674025289,0.10968682912004507
0.207788451747687,0.07348808913341381,0.22528906607680868,0.09458471166455405,0.09028062906518088,0.1016598101311988,0.09752359351635577,0.014055192318142474,0.09533045634665845
0.08267700345679542,0.11711247473330633,0.18327310666272548,0.0967092725884041,0.07393214497855667,0.07980464646951792,0.10410766426610962,0.0680566420737868,0.19432704477079765
0.13159936729425473,0.08573208285776306,0.11111287468860635,0.1352063045642735,0.14197967063615427,0.12926846956056373,0.08282773558575618,0.03391076955841549,0.14836272525421265
0.1085799406087179,0.11514052064003151,0.24152646407575892,0.09632400326613809,0.11218517937642959,0.1071332007520044,0.07304261713274919,0.06205144314709826,0.08401663100107208
0.17252983120505436,0.15568659018923023,0.1003218962257673,0.13067839883121826,0.080786855620943,0.11891040122254244,0.07671577112301375,0.08013073216590044,0.08423952341633018
0.087321468179251,0.11076963713716285,0.08871346335072035,0.08527557738940668,0.181741469740934,0.08299580626325613,0.12418530031690685,0.047704162596509316,0.19129311502585278
0.12099904716160204,0.12320947742288446,0.21644017095780485,0.11459744181268783,0.11776371068673959,0.08449447791825061,0.09768481092527555,0.02361320837096827,0.10119765474378685
0.2642947805838826,0.11822864728459466,0.07741231811675198,0.14100430978678433,0.06812478438247693,0.15203171195679874,0.05849362808254552,0.025253326679780044,0.0951564931263853
0.1699743218657733,0.07222372821780482,0.12149226246120053,0.07936926632061408,0.09653256824038814,0.12409415221217833,0.2099938403112971,0.026909653178687352,0.09941020719205639
0.14399718274065257,0.0794621316600621,0.16405774494428232,0.11515644966278486,0.04687650226822485,0.15330904186631808,0.2032186517579495,0.014242453666601299,0.0796798414331244
0.14253229456249247,0.09679106056525254,0.14275600063248595,0.10800246799343032,0.16187794374881048,0.10286274868967023,0.04620150010363273,0.07861387028448558,0.12036211341973972
0.06167652609958283,0.12759594259818877,0.0762949301518886,0.17623810201904666,0.1477191341119298,0.12534330203494962,0.1125073967020123,0.05630568357249414,0.11631898270990733
0.061514533615649236,0.12429854302541989,0.28219027109172823,0.10901875774122873,0.09917400854811902,0.0689180319236619,0.10048487548681977,0.05598217820308358,0.09841880036428963
0.09452676866698424,0.1249540886558541,0.057838800008512915,0.12783870421659205,0.1307460939092215,0.13901159021934503,0.06009605128922032,0.12003398111162972,0.14495392192264003
0.09869405687928638,0.14868005565248263,0.10972235608292302,0.12432441120810012,0.09296264742124938,0.09209898233948526,0.10091231583332312,0.09085514659567394,0.1417500279874762
0.1265323273828429,0.12395474010239356,0.14616306380964797,0.10333287442763779,0.11654882130357669,0.10004549645928264,0.08130104448372812,0.028777822598361005,0.1733438094325294
0.12071616668690872,0.10103249359249476,0.09126820663578965,0.12772548779276663,0.19683714453438603,0.09680204317803552,0.08075445218470333,0.04084989236847098,0.14401411302644437
0.13552705400170065,0.11098940998483431,0.10961949478271045,0.10045219376324115,0.09794887939353052,0.1311643461410163,0.10739225770363664,0.10317875398226878,0.10372761024706124
0.136275213744136,0.10129564641289979,0.12526808168655754,0.12718872692837183,0.1505446492892563,0.11141080653222703,0.07651796302482022,0.06376643158821359,0.10773248079351776
0.0660687790177853,0.11868554662657506,0.1093363695528901,0.14896022949865498,0.10287105772520383,0.09125809655875326,0.13452072069559984,0.11386407425269184,0.1144351260718458
0.15592830609635736,0.09841607876072626,0.1675787618558522,0.18130380013256056,0.1007850675932348,0.08648935799690664,0.06912213577057214,0.03887581217686218,0.10150067961692792
0.1301672594451363,0.11908404255108258,0.02381919247709828,0.14552475336365311,0.1164961859292879,0.1333054337018392,0.11353174705085518,0.11212924324635719,0.1059421422346903
0.1039948471492279,0.10104889927861883,0.10126887766725756,0.10837396366211254,0.08405467957297817,0.10547229401164109,0.050017285274373664,0.2869046397737778,0.05886451361001255
0.12250909275751204,0.09450253216289885,0.10214694584035067,0.09342633353234427,0.15786645912706906,0.10175629404693243,0.15283043884917766,0.006017060035193329,0.16894484364852172
0.06332298713096114,0.08526523587434699,0.10849050668457007,0.11312795269513738,0.14434644366148414,0.12006135246270322,0.1319851390029209,0.035065856757801474,0.19833452573007473
0.11084526029157639,0.12532759226146933,0.0351674313325816,0.11113847909450188,0.21057045425022083,0.07871410409134845,0.115309785290102,0.10328570175407968,0.10964119163411978
0.20896225441862792,0.1376693893731766,0.07439286165063802,0.10692946604428934,0.1031264726454374,0.08916129999138749,0.10999010296127813,0.029830061666542524,0.13993809124862264
0.03825832086464105,0.11419320810847311,0.03602092796962842,0.09319661708931404,0.0979286899718097,0.14735910993578816,0.2558300137913327,0.058054782441787856,0.15915832982722497
0.05796199131024741,0.12024999160263718,0.14219758799181248,0.1472754222285543,0.15795168376494864,0.10330626341940234,0.08536928117245596,0.08013288359190417,0.1055548949180375
0.0814380725165081,0.09310731571869481,0.19383709766352633,0.13844845674108774,0.12831191254616395,0.10335917244494175,0.037406043304984246,0.1064390541930128,0.1176528748710803
0.19543271817879007,0.0750083553392953,0.16710032043125297,0.15179217386132413,0.09385540017000456,0.10443643359733935,0.03253901800827294,0.09946242925787019,0.08037315115585057
0.08649460668618285,0.09804130933156195,0.04962642611876278,0.15934660584303895,0.09696398521435227,0.2528372505972425,0.0804594353883389,0.033957173379369446,0.1422732074411504
0.22877929799416988,0.10317432587128096,0.06391267977272487,0.08258169755148687,0.05935499468779107,0.1526898881310333,0.13750261633909214,0.009143078579579774,0.1628614210728411
0.19263658452727525,0.09854079284043793,0.15277019470532419,0.08316574462145926,0.0936023136789091,0.10110975324504094,0.11402777901302275,0.03284295413415278,0.1313038832343779
0.10194461325617647,0.10627265976142886,0.23647603853408203,0.0835914938126885,0.08958480050613465,0.054021285568843704,0.19655137273073167,0.032273871004582344,0.09928386482533173
0.05570754742357737,0.10914754312932189,0.11857940286381763,0.17418792287866292,0.15823516713864466,0.11839494100610565,0.10614678105309346,0.022014303925399294,0.13758639058137714
0.16321014390483823,0.13412106324551362,0.08778543018917347,0.11415760164391629,0.10697214445012464,0.09517969004772205,0.13728684463843963,0.004064269508905054,0.15722281237136704
0.08519147449499548,0.1081178386594474,0.17969527665676002,0.1385313045932575,0.11496070798392842,0.10646068941972137,0.1279280427405434,0.04742638628439192,0.09168827916695449
0.09758505495966657,0.14538480361008985,0.13903081665274733,0.16873352708655465,0.08322515068701579,0.13559643442899705,0.07634457452396552,0.024153533025444453,0.12994610502551876
0.0937445913787317,0.10812565402634548,0.1650305004223865,0.09442288865325756,0.09593232603932338,0.0995058231481812,0.1678840800995128,0.0802032154613737,0.0951509207708876
0.08448287131703767,0.1293979490358129,0.11548910936974423,0.18096528418977934,0.07932528249650828,0.09442994558268585,0.14126742045618154,0.058876547804327085,0.11576558974792313
0.09915829262396435,0.09027153164343027,0.12025119211375394,0.06848624618868711,0.08508028474145098,0.09802428132555542,0.13761260537733067,0.2510431624624138,0.05007240352341347
0.13811949304682758,0.12438739829517555,0.2579735957807357,0.10568320815628107,0.06813089443782541,0.09337225522107125,0.07928059048875806,0.03507365664130122,0.09797890793202411
0.08277401177407556,0.1193630285444753,0.2291837273232696,0.09579262256888516,0.1118760820535275,0.0774512627812322,0.11771067527171945,0.03313176882082752,0.1327168208619877
0.06426579659366462,0.08902097895702597,0.10190632373557351,0.11697242645344663,0.14467667949793658,0.13684027056164902,0.16983430655886086,0.021547414334915166,0.1549358033069276
0.1541917103442423,0.10993094147650373,0.08504980181805526,0.1142643269226055,0.10067938907736101,0.11950620317579858,0.09549306620880109,0.12837145270074204,0.0925131082758905
0.08532942169566693,0.12640351725528443,0.22176256164411354,0.12436665019776505,0.09497084507304054,0.10507380143315519,0.08840784406782304,0.057497956156913534,0.0961874024762377
0.10003717966916614,0.10378131434989075,0.17651191903761132,0.16267043683968033,0.15638770805759847,0.08179747910729787,0.07582899076487742,0.037748074037080734,0.10523689813679697
0.12679267808871583,0.09967062687438001,0.16359570679459357,0.16051136323087054,0.1017171090248948,0.10967641239778958,0.09248335842804861,0.03871593051033911,0.10683681465036803
0.1334266145786371,0.11651890607598965,0.03994568920858859,0.19437416592834722,0.10505922683215889,0.15657922424590717,0.11586572011406605,0.02879054204853744,0.10943991096776788
0.08989794369266933,0.12436404222158963,0.09511781349547033,0.18980422521915627,0.16216739982588022,0.10582992495503585,0.06942500775484546,0.03961720932879192,0.12377643350656102
0.09266372773673683,0.0964344421575496,0.20894571678967475,0.09099840833771823,0.10149900411040613,0.06508002171999569,0.08293796702497154,0.18887101793100905,0.07256969419193814
0.11783969299814673,0.10436740599466182,0.11238908835451493,0.1100802768649428,0.08345280932698873,0.11560187303060872,0.24548221392587646,0.031199410749086876,0.07958722875517293
0.08610567117484669,0.08516344145539344,0.23500700087495882,0.10429578988274518,0.09333295340726448,0.09171276027948312,0.07339005708894492,0.1269960931943995,0.10399623264196389
0.10432476334976397,0.12455785720217831,0.061387793085350285,0.09852271669543373,0.147648965732717,0.15006734799831048,0.13786449258723482,0.05205011347135816,0.12357594987765326
0.11510723267804551,0.12135611297682686,0.06745230346907627,0.16407700186198648,0.12404280061053313,0.1189181316325415,0.11836261706513725,0.07043187442367836,0.10025192528217462
0.2497732058157428,0.13891643664117254,0.16710201876787548,0.12503715598071424,0.039889469580202494,0.05778414246196634,0.1145061310053342,0.03168977077094716,0.07530166897604486
0.04882367962624354,0.11110301927358139,0.1528486946117533,0.11965339195182877,0.16416428237832847,0.09091537459775519,0.10944053001306736,0.07720529576775255,0.1258457317796894
0.19427091021171491,0.10529814145005201,0.09751238020537038,0.06331731178043108,0.10165817118833205,0.07188717230614694,0.1514341399560902,0.05382240562623621,0.16079936727562627
0.10223562686708927,0.11922105479822785,0.0731269728797222,0.14311313913349075,0.19308392978209496,0.06870492283237317,0.06921238369097038,0.03004820790335927,0.20125376211267218
0.26765720099895524,0.09000677808836066,0.10984816693935323,0.09743760742291944,0.08698774033000863,0.08645449907551488,0.026907082455499845,0.16965813200864913,0.06504279268073888
0.06745169288139634,0.11918869485862615,0.12852129931189002,0.16326101098305068,0.13241281215233777,0.12078687060701815,0.09457637179441238,0.052403510869340975,0.12139773654192755
0.2583769102486699,0.11913564691076885,0.11008594536900279,0.08612742700633032,0.09245002382852424,0.10000180667624588,0.09238969601898701,0.02171300934349893,0.11971953459797212
0.14211447584672646,0.10717563195266562,0.14440087083367067,0.08948964295399575,0.06448971876072762,0.10651695575589752,0.2164113667175714,0.018737313333138463,0.11066402384560647
0.23432510504035284,0.0938944568858389,0.07340771278128498,0.11186477167176619,0.18389621952646631,0.09302133626468038,0.056577007092507875,0.03826914387393043,0.11474424686317203
0.16060222103595126,0.09354260709863842,0.21865862486641907,0.11761934570570583,0.08683377958300838,0.10075734309425095,0.03761192197246481,0.049254162816211644,0.13511999382734952
0.1531086587826672,0.10120660040395087,0.18014519836053264,0.15470665810597506,0.10877291906758589,0.0811790214712458,0.042175291680427794,0.06992554073974817,0.10878011138786665
0.1392740277961911,0.08152112621745265,0.2540440580058171,0.11094967530434909,0.04616043770116291,0.12918503712179866,0.036503179420697,0.057662341258989225,0.14470011717354217
0.1249957946831346,0.1212852989395004,0.1860281613447271,0.15440214780254805,0.09635208320794751,0.09787247834986207,0.09614447574098961,0.025735812047374743,0.09718374788391594
0.14690385030645092,0.08105786827728288,0.09890036533365687,0.08772370275543977,0.09618926814121241,0.15458188979557255,0.06521607637846415,0.16454027216496667,0.10488670684695382
0.17051970004304917,0.11684636071751346,0.10088720939096037,0.1844415052506623,0.07492719973179485,0.12332195578337585,0.08242076184037835,0.01732455314561454,0.1293107540966512
0.09976249008854228,0.10913348684966773,0.08004066517734315,0.15975265064171548,0.08832068531293798,0.17484841763400935,0.06492992039920269,0.044224220705811744,0.1789874631907696
0.11665279459404332,0.0953582625281059,0.07220065669955392,0.0996897055771981,0.19713814824807582,0.10704481271295563,0.10894342149585873,0.026792785011255843,0.1761794131329528
0.09480204338679393,0.1277787409206669,0.055583950632621996,0.16365064322109887,0.13632137222395632,0.12251662334220477,0.10170569538151968,0.0051677657045791575,0.19247316518655852
0.2196688399611949,0.11579125758278237,0.13770234271475246,0.07036606811676953,0.06513398050241917,0.0730984302864802,0.13503433335948092,0.027898227743537396,0.15530651973258305
0.1949694249534312,0.09632334601070797,0.07408869595968268,0.12669523040428346,0.10435541483685258,0.13633174599959222,0.10016747136092737,0.024265217377995335,0.14280345309652723
0.1299229615684209,0.12405906142518884,0.10172666709101197,0.14968524312379494,0.07863369024428069,0.14615604213308783,0.09412264169668426,0.03349077646125994,0.14220291625627068
0.1719789769403247,0.12106779870677077,0.0845244985151112,0.12215073035618934,0.11743791192035014,0.125851760461103,0.05112287991714254,0.06055316962361992,0.14531227355938836
0.20376917479389126,0.10580328071658512,0.13014021564433498,0.14672032549481961,0.10406217669487368,0.09857385781221657,0.07345703006378657,0.05239139924916484,0.08508253953032736
0.11559520747896242,0.12909400347268365,0.10299027459592769,0.1238993451797577,0.14963708589008054,0.0922599885799945,0.06145714496098867,0.11992919541477622,0.10513775442682864
0.08805468353105694,0.12669048262638635,0.18784171978358252,0.14329076298812354,0.0954931353645095,0.0755141610733422,0.1176067378075284,0.08487558782076632,0.08063272900470424
0.06586159693251185,0.10707990327309173,0.04146806896319496,0.23101431290887423,0.11491762890270707,0.1563845891109743,0.08871834406810701,0.0851168966428496,0.10943865919768929
0.22278246364677246,0.10424552841573327,0.05224087158485849,0.0953144976626943,0.1165831129766084,0.16023713006247461,0.09007113413091798,0.047533819178918024,0.11099144234102239
0.12134831487967133,0.131758402908281,0.13019048104541198,0.17898138556646812,0.12618538653525854,0.10660308485651228,0.0566439775285966,0.04211840711553919,0.10617055956426097
0.18352825023037508,0.08185066909856595,0.24550092774583357,0.13558028233718022,0.10536883111227983,0.07775722941935974,0.038758066932270414,0.04812775049863576,0.08352799262549943
0.06046724377357865,0.11079551001432686,0.028703174090593416,0.10211610047060277,0.03400818218427355,0.15836817544169468,0.1316712705247763,0.30378618047110734,0.07008416302904646
0.2759741722452265,0.0911367320833948,0.05974736800687597,0.10124019441759798,0.12050743542235302,0.11369890971735509,0.08271855600262934,0.0772144170075462,0.07776221509702114
0.05255171417540631,0.10356926101064719,0.16649535431271592,0.11136469810884257,0.10087887984001886,0.11389363987283359,0.1520534049227197,0.06288946840591458,0.13630357935090134
0.12194109982659301,0.13292119549908213,0.027181856536029888,0.12607340649529417,0.13311211809113654,0.15791727441721773,0.11466313317946603,0.02771539019830266,0.1584745257568778
0.10733132670702479,0.132876146591128,0.054738843830409334,0.10076739285709446,0.13230030770116277,0.08087775917990987,0.1842808102124288,0.07238933502200832,0.13443807789883364
0.10844344929954486,0.11882671933472695,0.15233858322789529,0.10538963671855457,0.14043577333722743,0.10809927994208723,0.1272342131931648,0.01644520532580359,0.12278713962099519
0.17870686375096997,0.09597156615941659,0.06148376778066805,0.110829313764113,0.16334771925214678,0.1125130221795938,0.09948091096795603,0.07917578723391172,0.098491048911224
0.11270205149019136,0.0993030569685472,0.22923767740099713,0.11538834052415271,0.10279007232609229,0.08495157387351322,0.06426655372191757,0.0684818877215954,0.12287878597299311
0.09101508854863709,0.12003271045646058,0.1525547514650736,0.13215627915868458,0.11254433322230768,0.0951627074382751,0.07287904731680106,0.09083094419816799,0.13282413819559236
0.06461440609855762,0.13343956707707347,0.06659290545307,0.08934181926925715,0.11599382947212855,0.11771905310522317,0.2017837653946765,0.10059201192180338,0.10992264220821017
0.11059384867966332,0.11719296957816983,0.09205376696063129,0.1743522594664443,0.14331351809442835,0.10260429433028502,0.11771038408476465,0.053055520597943516,0.08912343820766962
0.12820051681773437,0.1549627377864515,0.13177665114848863,0.14334069326651475,0.10781610652576977,0.1004397745481151,0.0905914603565251,0.03076639772744991,0.11210566182295086
0.1538205138939117,0.11557099257409427,0.15493139921229454,0.14090960662203733,0.09992252192461781,0.10582825615532464,0.07624229327326601,0.026650164189103338,0.1261242521553503
0.05009455357136127,0.11411256998340535,0.07117437285055757,0.14499994873903918,0.18557502109231305,0.1453681242813567,0.08645630080908041,0.04869178515556336,0.1535273235173231
0.08045515696823825,0.13906174705515342,0.05043970128709122,0.1606650521626498,0.112734734510277,0.09837393301220339,0.1058225897824792,0.05616630116904586,0.19628078405286178
0.11570903070201273,0.13833105028145495,0.07057071296185513,0.13229333424730086,0.14001809866936962,0.11501038908071089,0.1140490599143887,0.036271547269010836,0.13774677687389622
0.10535173640920019,0.13655821813048655,0.14089890213957348,0.1198923785541857,0.1259453096511933,0.0885040977078156,0.09557006102133632,0.08032635285340194,0.10695294353280686
0.17573278738626907,0.0704030165841285,0.1293327718667632,0.08582696172634587,0.15204405511099597,0.10934743219772446,0.11601832650913933,0.0816972616863148,0.07959738693231878
0.151525168625206,0.14656720162183967,0.17967363412827872,0.1581586681718403,0.07449214997635768,0.0979436756617569,0.10254335143481481,0.029011734249049948,0.060084416130855946
0.15260278479276598,0.10900163233471775,0.06830463289949483,0.10601832522356362,0.10477388587488477,0.10619181767409674,0.1954197293927227,0.0786246539036085,0.07906253790414502
0.1478471104818037,0.1273398986585965,0.049685313380610635,0.11812599121576413,0.15551148396276374,0.0788016638416353,0.12901482650716647,0.06994882630407968,0.12372488564757982
0.11527971199778475,0.11390224849706303,0.09640144836335512,0.12766954081941448,0.07723086480191048,0.16329614738416656,0.16093076182837754,0.027478133673172683,0.11781114263475534
0.12979027673632365,0.1478320249131747,0.16442316325992604,0.18675798031205004,0.07723838508532127,0.0781897164076636,0.06764222948012259,0.06463834112564633,0.08348788267977177
0.125363886502089,0.11408934845808223,0.09957884539590973,0.1096419917174379,0.15677582029892298,0.10344980237921088,0.09200301861750419,0.04898391650961378,0.1501133701212293
0.10401342395960378,0.11957186526430903,0.07050839231882998,0.09385559888176831,0.0985012101785659,0.12719235664909642,0.12641838622094595,0.051439167399868334,0.2084995991270123
0.06211327727851377,0.11780538441997128,0.16232212496468032,0.1369541052225571,0.1441664864961509,0.09530494509353031,0.08081290499537425,0.08889266709224038,0.11162810443698164
0.1403023308993626,0.12197535109359885,0.050425837240623606,0.12288422858230974,0.1285478992911975,0.14259380385270184,0.15166581658984618,0.016328916238381622,0.12527581621197806
0.038544179801759046,0.12044668537509719,0.04015642019504432,0.1344212074893921,0.06092861643914605,0.1957294467372647,0.08404773144502505,0.19473013898894806,0.13099557352832347
0.14434414772847168,0.11728310379923945,0.03760583010247236,0.13478412670017328,0.1618712756658103,0.1195866104048924,0.10125268005103427,0.11165106382117046,0.07162116172673579
0.24881857449571307,0.11257030655500812,0.0975935212001776,0.08542850891426079,0.07847843774465518,0.13031506133537904,0.065540553562536,0.06186296818091438,0.11939206801135588
0.11302179583475158,0.1168207894186148,0.14904546181809644,0.10741525182334666,0.10333917997391183,0.11926577485890481,0.10720037567724912,0.04265796261104118,0.14123340798408354
0.11774997435705521,0.08778813728564477,0.17876341456695052,0.1056707935636945,0.13995913685575354,0.09525900727184618,0.08189578023251133,0.08037995072230664,0.11253380514423729
0.07669651363091698,0.11454794936175024,0.11279916859850216,0.13654309722857058,0.08749389769466016,0.1372206160526487,0.08501993697404729,0.05306328938554536,0.19661553107335852
0.06680232149048436,0.10464398052689046,0.17964699154977606,0.1322327505750082,0.16656075914345891,0.09051281448202826,0.08428192817916204,0.056904688248175905,0.11841376580501574
0.1191672332004002,0.0845870596632544,0.1703951505962834,0.08958435454279906,0.09712788748850293,0.11462099051684273,0.11306800832457613,0.04507347820482621,0.1663758374625149
0.08046183395410451,0.14272351927570617,0.08515268421476445,0.14157289458101288,0.11036089496817843,0.1048693970286275,0.10441394215391381,0.11395676626935551,0.11648806755433687
0.041284139907766276,0.1017568559721564,0.07910903984170607,0.10821091698262549,0.1677580773260298,0.13189509293049984,0.09387845043069891,0.1370056335910175,0.13910179301749978
0.11537947711068268,0.12428594992293779,0.21993488893597202,0.12478611918255066,0.06989235587302807,0.10506735990551436,0.09785117424508756,0.04380331214160035,0.09899936268262656
0.07590253389819258,0.09754444213911893,0.12448116093033544,0.07625908678890687,0.12290811431258937,0.0862123422111944,0.1426259970427248,0.19025715366815324,0.08380916900878427
0.0817375388656868,0.11610885389502607,0.09406565971758563,0.13141761131054222,0.14414399116715207,0.12398407429339219,0.06808976785153727,0.05846407620490151,0.18198842669417625
0.06769083558997338,0.11293291518147568,0.025447195489177205,0.09789208064959147,0.1116193210452564,0.19034887444194912,0.13378949937804585,0.15516910574645945,0.10511017247807149
0.07337213688534111,0.10977294450598375,0.11779853254041821,0.0963085916670701,0.15502410934254338,0.09741238936495476,0.14711388007130477,0.11749559598191674,0.08570181964046723
0.11050315934095684,0.12858070334822322,0.24194850689169636,0.11698369574098762,0.08090077029040998,0.06907543442001066,0.10272161133542557,0.048993032738812024,0.10029308589347763
0.07283245797982779,0.12007628688175394,0.07160481277734476,0.1358074322611099,0.13191110725110597,0.10200761261753162,0.12024427890370627,0.10122300192094184,0.14429300940667789
0.14638243327062306,0.12348406476635533,0.1615103798600247,0.0993679639298714,0.08756319681667962,0.07018840126954,0.16805101594198293,0.04797907991382603,0.095473464231097
0.17296989408059127,0.10379250816408626,0.05742613918788512,0.13064630181132633,0.07855070122226647,0.17262747909075196,0.07519954864819907,0.09340648596447558,0.11538094183041792
0.20923185529121166,0.061955623910940394,0.15146007554427,0.07971507248095934,0.09606271733026493,0.09766203696943306,0.20871289985545038,0.006298017717109664,0.08890170090036069
0.13610048669304728,0.10475392850312855,0.1405261998099954,0.07958991475354318,0.0662724792730034,0.14680178378178563,0.06237102688793678,0.15907881318046838,0.1045053671170914
0.15004531120616407,0.0814124294382316,0.19725592063998718,0.12613837981462983,0.05662557089821036,0.15613328119191544,0.09939207242372324,0.040129773359163685,0.09286726102797467
0.22742777072779705,0.0782550653546908,0.07835999958490432,0.06961717185408312,0.12239535158836962,0.09714013026455141,0.0949026864966266,0.1440026672354749,0.08789915689350225
0.1251349652713634,0.13189258247759197,0.10370459999025743,0.19061048526329594,0.09690884440252207,0.124325105731873,0.0848558882898492,0.028226736134158426,0.11434079243908862
0.17672792659007222,0.11960225720682101,0.07035451038721693,0.14437366375142646,0.09865897685879547,0.11752550713160247,0.14264435983523369,0.03678493524930196,0.09332786298952978
0.08239075708497794,0.08303360186066568,0.17973465947012646,0.1347755494042103,0.10828888145340033,0.12386448497624432,0.13752358977380344,0.0459097751797943,0.1044787007967772
0.08897203448299301,0.11282464599488197,0.09410688297307566,0.13031153575136187,0.1491998997061473,0.108611912062323,0.1405602725680665,0.04484119476932994,0.13057162169182082
0.1977635029976221,0.09018304188954364,0.20321469867095754,0.12175847247953138,0.08152192553522042,0.09729851331349164,0.043320027898423534,0.0966134873064931,0.06832632990871658
0.18911623436694738,0.1303883456192883,0.03874334014437031,0.10493511264047616,0.12470712964294238,0.08383326959512155,0.19215045751626955,0.029900228685425346,0.10622588178915902
0.14920223933882215,0.09912300072065437,0.2607096892790119,0.11829482842269863,0.060131981635037496,0.11953009568366631,0.04984238465414328,0.020250178126492543,0.12291560213947329
0.1348532697430112,0.13122713928730229,0.11618395387435553,0.1336480417183061,0.11266224380337281,0.1168549802897002,0.08544519350799824,0.07100385653384399,0.09812132124210958
0.10681402953121394,0.1269781575257919,0.1141615129507917,0.15233101464493745,0.11179507659732905,0.1252128422522786,0.09052536813741045,0.05035749678587766,0.12182450157436925
0.06606711092934943,0.12520360294873775,0.03408907905050992,0.1008715976825613,0.1351645831007247,0.14008577991568097,0.20818406474160142,0.06854861825628898,0.12178556337454545
0.1383772558512987,0.11950275928744432,0.16809856936333034,0.12175072426352158,0.12927470355408324,0.07811448073237988,0.10808216323654046,0.0360645445560891,0.10073479915531243
0.14612801333083084,0.11490076300676759,0.08445082631675087,0.1550389668948653,0.11816967507313059,0.13660659576401465,0.09104703938278154,0.07181033956559278,0.08184778066526577
0.0873949270053076,0.10282281067806949,0.15894882396232254,0.11110131029498342,0.12581147093462677,0.07877232697473961,0.08650526112395389,0.01721515091094314,0.23142791811505362
0.1684168516535022,0.11066553283017767,0.10815932278637523,0.1803195753076802,0.09167965124958298,0.11944170350315865,0.046091570050561186,0.03189792452392972,0.14332786809503203
0.24956169337374864,0.06554963332224499,0.08157715867507387,0.07843658594489245,0.07372609248355595,0.15867623239434892,0.12571323487019673,0.057659457736253035,0.10909991119968536
0.03882971415903505,0.11209924617152799,0.19031579560491654,0.12948255823811414,0.12791948817401833,0.09110160240039382,0.08590317578550645,0.10855889573483464,0.11578952373165312
0.09007313712908323,0.0997779446211624,0.09820136715375903,0.12517871219222687,0.16735860135242775,0.1186228210660919,0.09870004160271235,0.06137304497140811,0.1407143299111284
0.18456012775888916,0.10065524548317706,0.05957428524156219,0.12158840398972538,0.17434333913142464,0.0813179877629838,0.11268551834030661,0.0536898635421685,0.11158522874976266
0.20889064761885304,0.06420695842017259,0.07443697872397291,0.05105375911034902,0.12534656512091377,0.08238613521949083,0.28284271929279403,0.013188411189414726,0.09764782530403913
0.26401610150490257,0.11670204073380963,0.051751853653346204,0.09334652071373643,0.14198830239188107,0.08035057589610707,0.07622824024109552,0.08572755708235681,0.08988880778276452
0.08125281997970975,0.1333032432751404,0.04582182890986281,0.14232075511520223,0.1796218478703939,0.11630904564118556,0.10639042562007066,0.07769724856318524,0.11728278502524943
0.18057586074335383,0.11697550671623902,0.2007263297096984,0.11031518550754797,0.058939884558617726,0.09439231816773476,0.08959257078742518,0.0724639140902821,0.07601842971910104
0.10248444256098792,0.1061521415195353,0.10349837721496986,0.12583937140611554,0.08114914177625535,0.1724201590267286,0.09331816041670499,0.06471763917905286,0.15042056689964953
0.05060323990519764,0.14296192385396705,0.0617139739959435,0.16377486944579364,0.12061837694315691,0.13945633393564114,0.11272173765662215,0.045481367867611,0.1626681763960669
0.07057444894934653,0.10850293570026759,0.0890748590785619,0.09039772144873959,0.09202643238828996,0.16976823922909387,0.17785044825821794,0.03318255565188951,0.1686223592955932
0.12186321889505787,0.09240842665455312,0.1499133385729393,0.10866556718497661,0.15188003771344416,0.08363734893632783,0.06652498704234036,0.11609751847399098,0.1090095565263698
0.13010294985837442,0.09785215208302951,0.06702335779124492,0.1513621214024421,0.12415870818355017,0.1344750508091482,0.16639506133976964,0.0454857174078064,0.08314488112463463
0.0799179795491543,0.10001215153344907,0.04282392633311166,0.09554855736977481,0.11016650770936082,0.167220505276513,0.12937591980480848,0.20051057919047208,0.07442387323335586
0.08925705352749373,0.10415004741447441,0.21544361621634986,0.12842232501151543,0.07425158189109492,0.11663291994689606,0.09643845172950383,0.05631533239517734,0.11908867186749449
0.14739235721652375,0.09336813798417505,0.20693617980712398,0.08878498029472998,0.15166302423832903,0.061695415576403866,0.11579521611619208,0.03612826899778846,0.09823641976873387
0.33335415536825175,0.11638501883559942,0.11327132481897632,0.119809794349932,0.06707365800121108,0.06960547367996339,0.06001646644659553,0.008030210843211651,0.11245389765625881
0.18720844825207208,0.0954257463290757,0.026262930060715853,0.059521673574750245,0.10968933738853255,0.09923008316476145,0.25660779615401613,0.028095988585132823,0.13795799649094317
0.08944798114494718,0.11650388485186451,0.12989416668437714,0.14490673420133227,0.12410914846851225,0.12573804473559644,0.12857016827878928,0.027005701728213028,0.11382416990636794
0.08877234089765342,0.11820695621550459,0.10302148675881145,0.0937004425532043,0.12680654587889564,0.08362030654603668,0.1920149592056175,0.02610249353923749,0.1677544684050388
0.1161632545880467,0.10181611607670672,0.17311551344092116,0.11665066720407635,0.12071449600473422,0.08530496435044482,0.07970547307794806,0.04701229482613726,0.1595172204309847
0.06986271502301386,0.13048743928731335,0.1098177379908103,0.1245962585015768,0.0866479400651537,0.14197020748337225,0.18712091660433153,0.01097641680001614,0.13852036824441208
0.11133775599684541,0.12207989828743881,0.1879304624445665,0.16442878255148005,0.1173570239015204,0.09008539160364426,0.07345990619657687,0.03750553780227489,0.09581524121565288
0.08057554655626704,0.1562265991225637,0.038636001482102444,0.18814007635274746,0.07254537841877579,0.15364532419105037,0.07025812607768801,0.10626558642972223,0.133707361369083
0.12436553209163631,0.1234202955435331,0.13284186962211528,0.12739375815921813,0.11253952946534146,0.11997898485273799,0.10836539417426257,0.03845060535693564,0.11264403073421964
0.20517272845140785,0.10967388872974489,0.17128865748407998,0.0774533530207372,0.08208480587582438,0.08671503872622392,0.0834901429027824,0.053999442791727865,0.13012194201747157
0.05910107964788042,0.14251835032910046,0.09094792418606319,0.18934223357240076,0.11809426538481405,0.11376893814508131,0.12817318397834632,0.045351497481483614,0.11270252727482982
0.1639620608599287,0.08827183207455397,0.2025754251582659,0.09955586073845835,0.0890861309007994,0.10797890270131115,0.11619790365964067,0.04894816789409889,0.083423716012943
0.10412886925237362,0.11917647301251007,0.17342793419571848,0.11886063225537025,0.07469370556688508,0.12577479566123853,0.08782894733770914,0.10035205690858855,0.09575658580960635
0.24165189668281592,0.10512616998168034,0.18230917050557993,0.09055249099795405,0.10873965216299646,0.08338838907795232,0.04297815151098081,0.027036861054645523,0.11821721802539459
0.1799116185381482,0.08891339428420227,0.11941903972551626,0.09245046647830886,0.08488188473273643,0.12821695381920697,0.13002680514093595,0.054914317306105465,0.12126551997483957
0.08925583373280525,0.10616918802518294,0.1602936608630253,0.17271534202622452,0.1420184183250572,0.09717295781871049,0.07267087023816095,0.06394236308327171,0.09576136588756161
0.26600920187256805,0.08293524320597097,0.07139198555388644,0.09362048655721474,0.135323022382422,0.1293436192377691,0.07954273877504543,0.04299589780120566,0.09883780461391761
0.09825790322389154,0.1162810620625615,0.13726148443697647,0.16571724256304582,0.14464283774065648,0.08012919518203236,0.08657118316730683,0.05339891023150545,0.11774018139202362
0.20850879835532254,0.08941782624288512,0.13464381971993047,0.1012557908956292,0.03950767993198631,0.21657185101632728,0.059471134728618376,0.07526119813279576,0.07536190097650496
0.08078730652129135,0.12557699134166278,0.09091716129647398,0.10815653771655144,0.1346731592552149,0.1055639813470806,0.14324005513045288,0.03635143755220376,0.1747333698390682
0.13957561577462754,0.0911532604333755,0.2530714701942518,0.1428905231739734,0.09887788008683125,0.08211334141666643,0.08072088388477729,0.014609432940017786,0.09698759209547897
0.11340217547389649,0.11043415171611005,0.10507011151567179,0.1067574378940473,0.1093480727947424,0.12628316586742538,0.14825603029569484,0.03193208860443721,0.1485167658379745
0.09311620483009653,0.0899956364872298,0.21917612118011534,0.1436510608914253,0.13676197963500555,0.1019735422810603,0.10711442186489799,0.010529131522413566,0.09768190130775552
0.11566544302846632,0.10044449347179935,0.2505158746831509,0.12875417203083794,0.08833408911906092,0.09280568856090206,0.051923804265316786,0.0530745790628126,0.11848185577765317
