0.10942750411718788,0.11200147203881002,0.11408411428202432,0.11416134130264739,0.09988469522661193,0.1385870755398428,0.09337880328067168,0.1043842548317277,0.11409073938047631
0.12522047300698705,0.1207762161332821,0.08995880110120218,0.11926809757012624,0.13354731837241407,0.06759175653271718,0.1247600222492377,0.0938582925392915,0.12501902249474195
0.12679907152022354,0.11386283074795456,0.052589947864021956,0.10823840849942969,0.13619786339183335,0.07935193917461922,0.17303728434211296,0.08492907128343848,0.12499358317636618
0.10130464298389348,0.12291899946112071,0.07973085862312895,0.09156069037049008,0.12288554161319276,0.22194787338101227,0.10247096750170799,0.05964642189220554,0.09753400417324813
0.13511965596514247,0.11982129851531415,0.11363975976908125,0.10273194206598507,0.1206398794766131,0.0670138770537309,0.1145523428813892,0.11208508021585258,0.1143961640568912
0.12363854551553503,0.11949437037731221,0.08884194462858151,0.12322201090547351,0.11920245061690767,0.08829206234205994,0.11469130271595877,0.10030430356363536,0.12231300933453593
0.11560789753479837,0.10732326866915755,0.0917030958785326,0.11700721362676451,0.11874695237599393,0.06238668401776554,0.1529861362896485,0.1095048454824588,0.12473390612488021
0.11724111327879616,0.10122030122907076,0.17225531591601517,0.10474084071842127,0.1213727738230302,0.05530971916153857,0.13128737292861367,0.08515818348437004,0.11141437946014421
0.11724559147318865,0.12103267444554668,0.06651618848662298,0.11390652636155647,0.12538087972380904,0.06581774639281683,0.15159141321737407,0.11008998457288217,0.12841899532620307
0.1075434442688304,0.1254056596266962,0.12381266514622492,0.11527356096342965,0.12331296289418796,0.09092662180381945,0.0783396049736327,0.11674526957418728,0.11864021074899139
0.11349224980763783,0.1197751419681536,0.12716826796974176,0.11002355888886384,0.13485915893765088,0.067501554290834,0.10994145120517677,0.09850773969931102,0.11873087723263033
0.12532094436156574,0.10994441254890212,0.058055835858050166,0.1169026715164155,0.127278782401559,0.10109530043186625,0.1454337574597034,0.09036237611956537,0.12560591930237244
0.1303443654658686,0.11560533760626616,0.08296051040509249,0.12354179922113163,0.12624689242375042,0.06787498296634961,0.1271336363737848,0.1010915934907732,0.12520088204698307
0.1233110706686152,0.1149385800029906,0.05274358420776228,0.12468357051423413,0.14106775791246948,0.08271207887156516,0.1307877552893234,0.10133474517039469,0.12842085736264508
0.10506847942344766,0.09984416920418204,0.20091714112950798,0.10875119279954558,0.10295440363119734,0.11346097733948042,0.08950215016166763,0.0785567305674937,0.10094475574347773
0.1055447747143959,0.09021666210415447,0.16283956986596185,0.0899675354821735,0.10402760127664169,0.09829313481730807,0.12759199684766434,0.13286824086855462,0.08865048402314556
0.12400728061164289,0.13394548357183003,0.10463076438481363,0.11397300140126188,0.12177545833667121,0.06522253272692906,0.10829221711424253,0.10310683614297718,0.12504642570963162
0.1381710536930476,0.10771668307385525,0.07688645598883448,0.11804866608582017,0.14015378780668938,0.08294043571332434,0.12784196551131524,0.08444000275080361,0.12380094937630988
0.1325706921508944,0.1152481720739632,0.0932235844960249,0.12880593722444347,0.11542178240869021,0.0918452235398461,0.08102693159041219,0.09900733079417834,0.14285034572154723
0.1267321539969072,0.13329242760283325,0.10879273126924145,0.10171750801104255,0.11994723178387545,0.1036996522191365,0.07537619663784932,0.11120798469235967,0.1192341137867546
0.1058805243163009,0.09881900227660846,0.07767754999945713,0.10546366135437973,0.12181395210220924,0.16280958992325756,0.14213088188841255,0.07129655403061032,0.11410828410876407
0.1127864745879686,0.12698269216311633,0.09384534203686418,0.10857442419667107,0.10694122606327072,0.08028872514469633,0.15558456914826338,0.09504113692255145,0.11995540973659786
0.10258906282019202,0.10927931530327047,0.09054778015098253,0.11279391076312473,0.09593837345273276,0.10671948441296936,0.14473660165867144,0.12364286709950312,0.11375260433855368
0.1280160809628752,0.11395387866101271,0.05453850303263245,0.11490843913371783,0.13426588664078654,0.09185421268472745,0.16261798546691858,0.08016507452976697,0.11967993888756229
0.109972256877009,0.10136352965041034,0.15620697201356196,0.0965625324381623,0.11936540467298488,0.1038386635363151,0.11805496829976198,0.09200265654381394,0.10263301596798051
0.11911639593600098,0.11590187276420093,0.08473583556086269,0.10987882448167728,0.132376294441339,0.0750892356074274,0.1337281838405567,0.10234336625868723,0.12682999110924786
0.12156056673197886,0.12368145406939994,0.09236799274447578,0.11659199751118147,0.12898313154128985,0.09506624555390715,0.09429477659699352,0.09667948936494673,0.13077434588582668
0.11917614182469478,0.11105164166997276,0.06683429929102601,0.10582790149907033,0.1132881572096666,0.08555441304487059,0.17729853753691738,0.10422447988981982,0.11674442803396184
0.08283193653422445,0.10457232456621152,0.26030698050135853,0.09974198807442902,0.10713969420661833,0.06546408003637184,0.10153646934627954,0.09084786864845468,0.08755865808605201
0.08935595954635513,0.09679414193274177,0.1226730992499856,0.09184122039900115,0.09092336169782474,0.13568189352935717,0.1718997519701586,0.10415591439106149,0.09667465728351443
0.13743053512569553,0.12025358903394649,0.0671053386746846,0.12212545922956612,0.11887580478917004,0.07674424854147696,0.13806019796251798,0.08851283174053926,0.13089199490240308
0.12582765444719915,0.11719550230054027,0.05725792592127251,0.12197968685078571,0.1254341721310109,0.0699038064205638,0.1375833912802588,0.10982101541259921,0.13499684523576969
0.12438534255830219,0.11936161649079134,0.05996918804745521,0.11238064269609899,0.10554647791144428,0.07578704398684623,0.17029945446690556,0.11316654257765864,0.1191036912644976
0.09605969501191287,0.13381524790585222,0.16757521911168713,0.10476899517352606,0.08104079436003742,0.1053435595343714,0.07025142559308285,0.13282180991640544,0.10832325339312461
0.10175416625034421,0.11781096914130884,0.06563231721543666,0.10006087976554034,0.12342727301733662,0.14477350716254714,0.1598261531997317,0.07779303760345614,0.10892169664429834
0.12433796163141868,0.11788805636938171,0.11875177519026518,0.11586894769908851,0.10859388458129753,0.11136303768048368,0.07461001092690032,0.10427961710974364,0.1243067088114207
0.13537437519019554,0.1450359704917953,0.07152297927640816,0.12246547082988797,0.10386337773820246,0.0684559958767095,0.12198937060259833,0.09970899908609793,0.13158346090810474
0.12501359961595102,0.10726975868064753,0.12178060087592585,0.13480400779034685,0.10486679413626067,0.08366008245137646,0.08643129269321427,0.12114224325582505,0.1150316205004523
0.1149174695857379,0.10590218849566214,0.07280146784799922,0.1148963205310763,0.1178972951376967,0.10830478785949672,0.13103386083081534,0.1187497678345432,0.11549684187697258
0.11763347326488993,0.11064703584211029,0.08516013167584276,0.11517912687595189,0.13113013088214698,0.10640826043531226,0.10491656215246715,0.10047746315542892,0.1284478157158499
0.11965164372542632,0.12062479944862557,0.07424051376673507,0.11384050027189602,0.09657559209548182,0.1694616186307687,0.10850425265490544,0.07845863694370221,0.11864244246245885
0.12867849874810602,0.10694580594216717,0.09646792284949379,0.12985784356846297,0.1292775654109257,0.08363381275009955,0.09730474465458183,0.10151012306479375,0.12632368301136923
0.13379640531452788,0.12219718653498142,0.06375315651728652,0.12265185942982508,0.1387442254651288,0.07080284466633992,0.13263320190349195,0.09347299833514032,0.12194812183327813
0.14594609301564518,0.11010895859288629,0.07238106917620202,0.12478253445437267,0.1091448854403508,0.09171148660708935,0.1254966061133254,0.08995471253647697,0.13047365406365138
0.11735617333948677,0.11410473768563308,0.06165305866741638,0.12455080651405474,0.12719842144123816,0.1289367900189113,0.11761839764205624,0.09140672026191504,0.11717489442928831
0.14542594495368427,0.11000577978587678,0.05787541601450752,0.125816095720498,0.13537749161758225,0.08360194521247004,0.12226665244666367,0.08731769469210919,0.1323129795566083
0.10162311014151754,0.08986388588982865,0.15458519599885626,0.11632313675259504,0.11266479221223037,0.13765180607502292,0.12561188005609106,0.05915914086103375,0.10251705201282446
0.1428254870683058,0.12202785361909237,0.06757149775103388,0.11063769903999376,0.11509564556854053,0.13072243009365772,0.12443966081928488,0.06891678447719653,0.11776294156289446
0.0746951786954918,0.09799541426935271,0.19115761676355061,0.09074057973594811,0.0706127920831051,0.19966598112997622,0.10094313976077003,0.08700164151616169,0.0871876560456437
0.12259262279190848,0.11020810824420822,0.06469890543421265,0.11719852562426906,0.12338858683763394,0.08686512070650203,0.14845865258796528,0.11065681930104694,0.1159326584722535
0.11514197033525102,0.11737375419544821,0.11355000086446192,0.12016149965697764,0.12497136847212498,0.08147057617777463,0.1138225112219695,0.09933661586138887,0.11417170321460335
0.12903412534854128,0.11747697510024958,0.06394926221003623,0.12232133274512429,0.11813789476918435,0.08404742494903979,0.14701404236718799,0.09104085219950529,0.12697809031113125
0.12483583718858816,0.12114997348013982,0.08426458861964727,0.11531498244022766,0.08510871817617664,0.10480552728859466,0.10573137320616367,0.14175157473762426,0.11703742486283775
0.13421843980029216,0.12033290856546348,0.07528182196395199,0.12523995052260706,0.12380004853372917,0.08021813666916407,0.12138643917110115,0.07750900909455298,0.14201324567913795
0.0959597309038468,0.10968914591862067,0.1371998906664401,0.1091757295799584,0.11301408838398534,0.06977430642134884,0.13300675660184103,0.12586104701493547,0.10631930450902337
0.11710665583467132,0.11719167770180894,0.07142840412233338,0.12076219272827754,0.12175061477522525,0.09463031717438569,0.1302832732410946,0.0977057064542907,0.12914115796791256
0.1416391793693868,0.11275591124602809,0.0654530078715185,0.11038274622162114,0.1351146584365455,0.08561215111180731,0.11157114091569813,0.10647403674365734,0.13099716808373715
0.12185253824409853,0.1180869574960886,0.12599390248863876,0.11827091621015173,0.10089674670862674,0.07219917645378539,0.11885072662725371,0.10458164443583862,0.11926739133551782
0.12332595228337019,0.10917053852309871,0.105636582266452,0.11455269498985658,0.10147110801009292,0.11492767714141383,0.11460129421518002,0.09883624815449703,0.11747790441603873
0.13908809405548497,0.12700640553722972,0.07747430130087206,0.126232784674368,0.12698089933244774,0.08410276459735806,0.105663998787009,0.08478358557104049,0.1286671661441899
0.12322408087324765,0.11727826067838724,0.05440092417981138,0.1259706194643366,0.12432544268409855,0.1027310169519715,0.13058110862128547,0.09528712972795846,0.12620141681890304
0.1295153072714488,0.11676623282228664,0.07239674616721332,0.11779733495942128,0.1450115627697354,0.10610024450669552,0.09248486023899714,0.09470505303148115,0.12522265823272072
0.11530388174323691,0.1271600239004911,0.08428537481075236,0.13332311351207193,0.10421373412599892,0.0688197310225386,0.10254763643611327,0.1347319072801508,0.12961459716864607
0.13580903535591712,0.11420872998199931,0.08281237765533579,0.09530554147546087,0.1401189071749253,0.1553506262994231,0.08774255308789987,0.0788129533643542,0.1098392756046845
0.126388666342697,0.1346233798888051,0.07756302012640685,0.12189148400638378,0.1252285503173801,0.0679627807426457,0.10766746589829172,0.10401257760709719,0.13466207507029263
0.09815035820677546,0.08698735031114853,0.14088571267412572,0.10237647979714802,0.10024056718270997,0.22593271362260214,0.06220321040639613,0.09870342307986919,0.08452018471922478
0.12103886726539526,0.11711016822759224,0.1912133496114735,0.07284338109626153,0.08484699223188606,0.058015869589419206,0.1377775774709594,0.1248544221826395,0.0922993723243734
0.1245415722321724,0.11785237277100158,0.08341929577852647,0.11841026487867368,0.12782742695879665,0.073767530056679,0.13067222859136376,0.0959620323076144,0.12754727642517213
0.1280481389645124,0.12099922780671257,0.06392160301606431,0.11639411899203916,0.12682396535271034,0.06864261581861535,0.14235786890729546,0.10564968485302413,0.12716277628902636
0.11939913124983026,0.11005069077127515,0.17790309893195344,0.0990390953325165,0.09920084576388137,0.10827341655421041,0.0831927035585502,0.08701942498848715,0.1159215928492955
0.12228880834148802,0.13073869082251346,0.0872322324102116,0.11345334814540224,0.12372660247783591,0.07195961307036274,0.14982647466636556,0.0868115367017898,0.11396269336403068
0.11334461422172358,0.11271748506875286,0.1339714917647453,0.11879912143822229,0.11319271896415779,0.0811608744784688,0.10376976185364534,0.09980989896860874,0.1232340332416753
0.13862895331052938,0.12240987042957163,0.0572061014134996,0.11712206406642638,0.13166920963877207,0.09489847233225447,0.11369291077748639,0.0935876008701975,0.13078481716126256
0.12994536926802963,0.13072339012993575,0.05943658839304458,0.12666978039722213,0.11028095891598862,0.0885887406405055,0.13426670935045468,0.10028275815697058,0.11980570474784862
0.12659856070561948,0.10253847920659816,0.16304983878808982,0.09879142340442491,0.11617153400945306,0.0789006535730246,0.1120213610528018,0.0933668389243224,0.10856131033566575
0.11702202879343415,0.11752628604679231,0.22964261382088705,0.09387102503459627,0.1086459673638684,0.09059565797716283,0.0517255000485713,0.08244058706435652,0.10853033385033119
0.10595887181584986,0.11514571341887199,0.13725156135858083,0.11313117050692408,0.12449554079632892,0.06936152025907728,0.10511855800737435,0.11290501301120481,0.11663205082578793
0.12498107659681029,0.1144417427126732,0.08281935381930812,0.12161102660811314,0.12912877450198157,0.06645742590046194,0.11869749836789252,0.1132932094294646,0.12856989206329467
0.12155602489929614,0.11200939387884983,0.13073606651875597,0.11386632024794496,0.10561845160302434,0.0864513402234624,0.09975468413857165,0.10706079899387122,0.12294691949622356
0.1308769214757908,0.1147872339149358,0.07446618930934913,0.12557066794692243,0.1198170406458417,0.07457698827312416,0.12962091360079028,0.1005068442204921,0.12977720061275363
0.1199455707391441,0.10906560462818708,0.074547469469753,0.1069370824037315,0.12757751363229067,0.10231116664755611,0.1170108881395499,0.12531364277981064,0.11729106155997697
0.1169766312444836,0.10573228131736073,0.07437738312249324,0.10696938914176417,0.13353799598506924,0.10032166851945713,0.1518201492538625,0.09610670342099113,0.11415779799451821
0.1196829888586239,0.11386614181413046,0.07843856775839118,0.11668248618149167,0.12768282561536556,0.07642151574976562,0.1368262810255231,0.10038956866550779,0.13000962433120075
0.10566101325786581,0.08982196681712634,0.1316590574347338,0.07853295090133962,0.0929813002293991,0.1688629413064137,0.13123617183436126,0.11864114765031757,0.08260345056844275
0.12563189898014984,0.10777220535490827,0.07665300807973614,0.11868915906138093,0.11197105809336728,0.11976497619662176,0.14974254514789367,0.07366428221268188,0.11611086687326022
0.12065860679969163,0.11442953020714652,0.0635005519464495,0.11431977877705263,0.10394338618977694,0.056333271847066525,0.20284952407809356,0.09823670396762041,0.1257286461871023
0.1115806051756552,0.1161557397348731,0.11051821723978421,0.09396656982322481,0.14436626233754862,0.07006258472053829,0.1435282318158195,0.10625255778502467,0.10356923136753164
0.13955466244052686,0.11716337392649007,0.07263713053085506,0.12968053337502736,0.10920589133010357,0.06889159258339862,0.10847606771159744,0.12523640085222154,0.12915434724977945
0.11729050382216218,0.11668117428976643,0.12371330524733654,0.1193219181356544,0.12229216040847,0.09794974589058987,0.09290714301437486,0.08114712127298525,0.12869692791866047
0.12333806080503017,0.10583372515060546,0.09733144541864662,0.11750003390002606,0.1161808166175783,0.0896945885689156,0.14051050554962233,0.0952067983079703,0.11440402568160525
0.11497262524520668,0.10813404465348425,0.10920359102442236,0.11651640866182172,0.12499948958059004,0.08563003845285322,0.13043280550244699,0.09456451630726714,0.11554648057190757
0.11301951677276335,0.11203356110920921,0.17222621973123556,0.10414525032023926,0.10632543329627879,0.12939512166594766,0.0810106348733229,0.079480667757951,0.10236359447305228
