0.11371499260575695,0.12502037925911494,0.08069841435389748,0.1075103974500184,0.1285114864095787,0.1567860513503921,0.10370222321182702,0.10338203702605607,0.08067401833335831
0.1124681255098814,0.09728107356050845,0.0908436753587622,0.1047256139722696,0.10083211257547642,0.17853544771862098,0.06429241376128553,0.15189648408153497,0.09912505346166035
0.169598769945677,0.11959077844048567,0.08085318420861452,0.0824137206238678,0.09416953959501688,0.1694308035467779,0.07657393480787632,0.11696912127333708,0.0904001475583468
0.07426659057052352,0.09304377214054199,0.06840544750345537,0.08878324697166882,0.08396937777841207,0.12563933682342288,0.18914640467504737,0.1776087871686712,0.09913703636825678
0.13264643025661216,0.12505078378821308,0.18345625683652492,0.10218625211774879,0.12607171199589418,0.050493632152944036,0.07536173401778255,0.10726237861205201,0.09747082022222829
0.11007108932591474,0.10520422201282635,0.1584906334924238,0.12702858107506312,0.1020782241822714,0.059904460505292446,0.10150691508013594,0.08758154353784998,0.14813433078822222
0.12398293798977511,0.11914057657289827,0.12989825890597084,0.12419792176105438,0.1276008751810179,0.06539162155714918,0.0943406759837316,0.1011577876303323,0.11428934441807041
0.1492624194838727,0.09905778723588825,0.08707980211691795,0.08155278176560193,0.10992135881242322,0.15008790715857823,0.1586431276387067,0.06805707615104474,0.09633773963696635
0.18877799063489317,0.12230756679029493,0.08877115942235099,0.11174470947603903,0.12261277431678551,0.0712729167895647,0.1035527883697958,0.09608525128864148,0.0948748429116344
0.08534037711292702,0.09602617149286848,0.11209449450717734,0.11598489957833813,0.10411996448910742,0.11123334478464546,0.09157838322439722,0.18297554087332316,0.10064682393721576
0.09374017805588675,0.09044916972502164,0.06382018044235212,0.10968049111916163,0.13093506584904735,0.12406451271011021,0.21227340589184804,0.08666999068017028,0.08836700552640202
0.15884623437730544,0.13032703690915437,0.09403372122457569,0.08584171221646181,0.11970962383694224,0.11189678225965527,0.11135771498599965,0.09468354189876672,0.09330363229113882
0.12330668246218209,0.07342114596060265,0.16078827350946454,0.13316789612288626,0.09129026587171392,0.1028365644230277,0.15328953727230887,0.06646703547923559,0.0954325988985784
0.0934532132433946,0.07303171125629616,0.14025664773666138,0.1347228455626773,0.09287803281550207,0.1084255757985652,0.13238048596016794,0.10730639529289747,0.11754509233383792
0.13392369865999443,0.12554798077666215,0.09573059852662064,0.12847573903262752,0.11336555172514219,0.09209515854140499,0.11114619696920146,0.07121405219481737,0.1285010235735292
0.05052140842224573,0.06917707587557144,0.1445305070362046,0.14991256522529253,0.08390541166212262,0.04955775629083081,0.24715852830225485,0.07817337655325078,0.12706337063222672
0.09313003265599601,0.10248234797878314,0.12442787338630523,0.1311150919317942,0.1081817453483816,0.07382541879992108,0.10092441241666096,0.12285092507930219,0.14306215240285564
0.1354371537259956,0.09998427543068034,0.08619280199885493,0.10538423509781368,0.10763422416340784,0.08848996261380228,0.13422269317739433,0.14511133876572604,0.097543315026325
0.15793664063247298,0.1147348908649405,0.07191456740806793,0.06697662806007448,0.08476408033171277,0.20061846557854754,0.07249039301327663,0.14956205887005872,0.08100227524084842
0.13152489087383543,0.13269380999909156,0.08733696840572223,0.08678882955717453,0.10892730508747517,0.18708229498828202,0.0694964387500866,0.1024435522326148,0.09370591010571765
0.0988032711379289,0.1053053419780448,0.11755545101028057,0.12223013810274104,0.11874886802491232,0.0936939480505513,0.11707340653574123,0.11451247589374357,0.11207709926605637
0.13529575720438985,0.10728499923055229,0.16125044869624203,0.11301665712407738,0.1123722952528694,0.05209968848176256,0.15308819848027222,0.07352109723921774,0.09207085829061651
0.11692842919776064,0.1634953675512648,0.18048728110287884,0.08458467831744183,0.1284562256363995,0.06623407227046069,0.055807410733006386,0.11363631918520861,0.0903702160055788
0.0982682614428582,0.08943457957399482,0.13211900070604696,0.0843139358836764,0.10610560102464246,0.1691300171771634,0.1466952718754064,0.062247293627096446,0.11168603868911502
0.07637887084942664,0.0916936235390995,0.16511612719157404,0.1409574308951747,0.08190684639392166,0.05395731975105731,0.12461540112726711,0.11663699042824094,0.14873738982423815
0.09638155474108046,0.11765124527610865,0.1017616188434227,0.10644132209058882,0.14369916831965585,0.13743841380279212,0.06990195462711186,0.14418375317271973,0.0825409691265198
0.09044784443384134,0.0889502287886416,0.09718318145776923,0.10540464739396,0.10057102838352332,0.06150087675173599,0.23850223052277783,0.09778958712621505,0.11965037514153576
0.11274831846033596,0.1142548235176596,0.1154360320475956,0.11611440074384762,0.12268968817765886,0.1161338178027394,0.09138029377288705,0.11694764283842797,0.09429498263884796
0.08724178411003931,0.07598856001357772,0.07648402147277462,0.10947382193620882,0.08456594628661007,0.1449877330544705,0.24812324886646164,0.055877336870004846,0.11725754738985239
0.153406033500862,0.12304843222759583,0.1656506195238321,0.10359389415994406,0.09692324513417032,0.06690043872125069,0.07900823655528971,0.09999743588090998,0.11147166429614523
0.08505799403532639,0.10859022315898215,0.1218281328648602,0.10381518864092341,0.12557716665740423,0.09004426692856667,0.07428817309768888,0.19256954341509722,0.0982293112011509
0.13863416651198832,0.09251946878068625,0.09369534374747762,0.09265896058897231,0.11287328912693088,0.10055222006191626,0.09110607167013067,0.19787106860685055,0.08008941090504722
0.14725578302753475,0.10819680492429855,0.11723208595427521,0.11515282857241388,0.11034188740204658,0.07175198476612175,0.11637905219957251,0.08965700209724821,0.12403257105648846
0.12935707513859018,0.10113118929017273,0.21046833987298977,0.10896765155483108,0.10120334464284382,0.055655114995136305,0.08531037795328533,0.11127653358462197,0.09663037296752881
0.13235133745167726,0.09320770158144816,0.05016955532806446,0.07781711228014143,0.10577560980779875,0.16378336693645162,0.21075292510443425,0.0787795930584954,0.08736279845148871
0.10603635964704732,0.12339433436197572,0.13784549137744526,0.11326708410504532,0.14772944425444293,0.08337794504388697,0.0811064601343811,0.11236635403305308,0.09487652704272233
0.16198478361238267,0.11186961021574987,0.06691553537860204,0.08238342410358009,0.10091125319571914,0.2218302245626074,0.1004205667159316,0.07179162217118636,0.08189298004424081
0.1330094168948822,0.09276178208848536,0.07854709314565882,0.07174844192055663,0.10590555180129739,0.18002329710801848,0.15988908577828229,0.07978109624198083,0.09833423502083805
0.10968910551120022,0.10167137026876238,0.07398966478069059,0.09058334534814784,0.09072446970691718,0.20596131556960948,0.07060561056720065,0.18396780944088556,0.07280730880658608
0.066964186885887,0.08253851201994915,0.11925640077483875,0.11629572978069862,0.08735447392883482,0.12512269351463876,0.13727740017299564,0.15243960825533684,0.11275099466682043
0.1457221155830063,0.09266730762056004,0.0802560405417678,0.10677380001540465,0.08612652053105184,0.09853293997322364,0.11940942048320546,0.1534471697202944,0.1170646855314859
0.09093833132934025,0.08721262652537541,0.08859840905160841,0.0968966444307281,0.08456188642810365,0.1954988122544178,0.07163632833453171,0.19465128270728535,0.09000567893860938
0.07619396824995812,0.10656717785743604,0.11944178812383838,0.12300049779691398,0.11298479505708477,0.0992265572592226,0.14709863693411054,0.12452162259797418,0.09096495612346141
0.11279860383034412,0.11730353553332191,0.14194228974170667,0.12651628566387113,0.09548937762711758,0.06050289821043012,0.09785842619561351,0.10075211956850354,0.14683646362909142
0.16127875552583112,0.13301780142179517,0.08323077209954555,0.10645649519060159,0.11939087324967633,0.14653133464093976,0.07966184149419604,0.08317341094349538,0.08725871543391901
0.10028104204285788,0.1563731533359313,0.17023586699682025,0.08878554936599048,0.12482678178121659,0.09115668814162443,0.06541742190262852,0.11322409167035363,0.08969940476257694
0.07244273518670234,0.07862250810098588,0.06044571204677628,0.11672195708814807,0.07683707512335429,0.13197445957008283,0.25038187345109314,0.07258992108712944,0.13998375834572765
0.08507410239754115,0.0747796312231948,0.05901694033629259,0.09451939774418688,0.07042929929020127,0.13249320413166532,0.23636069055793063,0.1334784165872272,0.11384831773176012
0.1405210857356399,0.10728273982089243,0.0737723963072942,0.1005640923135356,0.09358506601361401,0.11205890828978345,0.2256976946284749,0.0646042643292671,0.08191375256149842
0.10839660146454912,0.10200475491448896,0.0853932850055068,0.1063671307858765,0.11865626786236967,0.13740516386645488,0.11971255941972392,0.12883544826940138,0.09322878841162878
0.1564603255183782,0.10381937250662936,0.09581662045765323,0.09508420141403616,0.11913704754952059,0.13279080514747962,0.10414985963641397,0.10837038875752136,0.08437137901236742
0.11455581619074963,0.08442433717478066,0.13359297751435845,0.11122123885722329,0.10944982465117283,0.11396527500145459,0.17682348456489486,0.06879500297675213,0.08717204306861358
0.11346911083951598,0.10041666321011826,0.1794197937856817,0.09647955927704477,0.11269901127308973,0.05884051281896998,0.14477030699034718,0.08924684639317561,0.10465819541205679
0.0700774322502483,0.09496638890951055,0.07481327013759519,0.10106433365782563,0.12068833646638606,0.1108724099071887,0.20022063378200813,0.14075766116813757,0.08653953372109986
0.08418993413296423,0.09104452949558783,0.14698234243840816,0.11304807374248915,0.08851860388153206,0.06470632945795231,0.1956442309878401,0.07902887383494796,0.13683708202827824
0.08636677951316181,0.10264597425973711,0.16066757248876765,0.14079177059685988,0.1330700816319497,0.06285471054130323,0.11047505545119485,0.09100313174545928,0.11212492377156642
0.09771569789973257,0.11420596377628024,0.11403568936966806,0.1126521044226604,0.14064747377185655,0.10808565824937122,0.07805937724862087,0.13891196669595846,0.09568606856585164
0.10167239943983199,0.09372567477973902,0.15641612116536593,0.1472562266498701,0.08318514679393058,0.08394460208286454,0.10959780399058262,0.09051514325448144,0.13368688184333374
0.0815987042905751,0.11924449268758537,0.06399219196584871,0.11380482794845016,0.10110991399394438,0.1994805624054482,0.15019614325909844,0.09722290367685564,0.07335025977219395
0.09915884558189077,0.0783230515465105,0.05655713575904032,0.09232643889942777,0.10006271506446505,0.12717239507409525,0.2532753940468453,0.09575695155151288,0.0973670724762122
0.1060379599717184,0.08590175602367765,0.09358526065410382,0.11965990237076651,0.08667320057437262,0.09815259135301169,0.1278845634024797,0.15917251808679742,0.1229322475630722
0.11008812193274507,0.09254513498296923,0.1781904164457162,0.11835991620255008,0.09753991841586811,0.06010083068345764,0.12717135412921612,0.10671765468239747,0.10928665252508007
0.07591395069629685,0.13787459207918173,0.12824708016247788,0.116100685475882,0.12377864131222223,0.12698112011596677,0.08946254887459858,0.08652582982019476,0.1151155514631792
0.11241952074821267,0.10738035422519594,0.09457298894074923,0.10863935571923063,0.12284894525210215,0.15418900399394617,0.08300492955645186,0.13848577905030363,0.07845912251380767
0.12032690637248629,0.12482553884216624,0.1538431591251636,0.10172065571671289,0.10975581927593671,0.06624213840961242,0.09306077052001954,0.09946359870862787,0.13076141302927435
0.07387167376075755,0.12091198186039559,0.13039686444054124,0.12568451515838297,0.11619404741189394,0.07836384833835765,0.1340329431577546,0.08695902378366405,0.13358510208825233
0.0687754856916256,0.125836183090386,0.11738724297541843,0.12437650407934098,0.1152172743253902,0.1322964815940407,0.07299223894567144,0.13157970683503453,0.11153888246309208
0.1454593717409245,0.09183933568244718,0.1330139597758961,0.10214739358264735,0.09509216283443238,0.07952237797351136,0.09765849761807917,0.1593069028797325,0.09595999791232941
0.07264726407675691,0.15661827814654541,0.15894431709175336,0.1029509658131934,0.09426990352026714,0.1378762626376854,0.06558864110608663,0.10445230429279813,0.10665206331491357
0.09611914503998277,0.11074997283993326,0.16045898110266713,0.12472356003079964,0.10092029322991568,0.08008177979054287,0.11873666600656198,0.08354942587450903,0.12466017608508768
0.15005604291057104,0.09894643329549745,0.07861739830747348,0.09243073765096639,0.1032770726281554,0.15061295867450128,0.1375228612535879,0.10484118642531921,0.08369530885392786
0.10676154099686959,0.10674289635269074,0.17906318631337845,0.11932842351577834,0.10409553140444054,0.059468710014589865,0.11218547707602844,0.09259969965646218,0.11975453466976188
0.09577530264337852,0.09195122353827578,0.06644012478332002,0.10826238359321254,0.10058753734785746,0.18439209719331603,0.13546937663972983,0.1176318617697703,0.09949009249113955
0.10818632448856218,0.08032774883564249,0.08879464163259863,0.09608030134628777,0.09842386830915593,0.09053626680072042,0.2632653387132181,0.07671319676820665,0.0976723131056078
0.11914887783074209,0.1147868108579954,0.09023417008929992,0.09543907832896582,0.10342009953216717,0.21905880804441735,0.09177697815713752,0.07443559456438388,0.09169958259489082
0.1139736509797636,0.138272632701427,0.12393496315000109,0.09810173569997378,0.12913413534815163,0.10553691629280211,0.08854649980322327,0.11178976108681266,0.09070970493784476
0.11916091268943714,0.08364810621710546,0.09310050794169862,0.08361377426567683,0.10075462266415836,0.17856648791751295,0.16651832700936323,0.06481020781836729,0.10982705347668005
0.1338456027244297,0.10484853353283587,0.10887034404670509,0.1252745516046149,0.12307779669440737,0.10651062940593702,0.1032606329840917,0.09804852508320881,0.09626338392376954
0.08658238050646594,0.10447680072056648,0.09554672644449519,0.11476609553865902,0.12557767116583193,0.13311774277987803,0.08342166798681268,0.16652036889445243,0.0899905459628383
0.09098431442484013,0.10438973687553739,0.16801546396542918,0.11983311169601467,0.13774806561564187,0.0709838194764157,0.09129728237355923,0.10900519772140828,0.10774300785115343
0.08945307718131916,0.0949374133953142,0.06554827990263662,0.09412262597408876,0.11091425787069976,0.11478125368328557,0.23863507816541504,0.11121514305293707,0.0803928707743038
0.10324612535250728,0.07916968288016506,0.05154780195848998,0.09525265509072457,0.08401005846094571,0.1633735083133693,0.22108712772114214,0.09037482582171753,0.11193821440093843
0.15272852411170879,0.11796812014305517,0.117426163776112,0.0884225945303465,0.09660762830061954,0.12996873393011413,0.08722688535682777,0.1088416558248843,0.10080969402633178
0.09162225668763192,0.11695269995046441,0.12677267915998744,0.08627363648814464,0.11548789219856581,0.10745290248878892,0.06209404829961465,0.19980103366684865,0.09354285105995341
0.08701769902068107,0.121428246727966,0.10883381900664087,0.1319223886433377,0.1384878820778653,0.1581775996144863,0.06362217317949065,0.11790354439653372,0.07260664733299843
0.09631699945033045,0.10776749632607807,0.11962454469850053,0.11345767962314689,0.13197323024974736,0.08989925214595484,0.1153465728555838,0.11313212330743731,0.11248210134322074
0.15546842141241715,0.13914342897959212,0.09481230821403175,0.0951782615676348,0.12217155249348426,0.10951587882156084,0.10429085621527069,0.07997379768602456,0.0994454946099839
0.12403537474316534,0.11882474144481847,0.1338702034150787,0.1330248991346825,0.12309728825130382,0.08059472142981992,0.08615484127307481,0.09456971433007244,0.10582821597798404
0.12213058599304812,0.09946135927893622,0.0806382387303443,0.11197427782230217,0.09964514553079945,0.09618512115954576,0.20489967084259555,0.06674491638577895,0.1183206842566495
0.14241986773772716,0.0756848256076565,0.059034676424131426,0.07092115239750234,0.09498465764423175,0.17059977180402644,0.21725114173995652,0.06325339271186936,0.10585051393289864
0.16983482761679355,0.11393426457565252,0.07758622182607423,0.10932883264990949,0.12534508434955985,0.1261437772815233,0.11009306493953973,0.07900203738677065,0.08873188937417668
0.1456964792549396,0.1296903664287777,0.0741395070643604,0.07340970227831937,0.10423462840509416,0.22029408075618273,0.08866382265551932,0.08016513096188876,0.083706282194918
