0.11182344699311908,0.1376234614189283,0.08606633213484076,0.11118275781265309,0.01981390806511241,0.040702174149275086,0.282854880268361,0.13652850193746366,0.07340453722024667
0.1052920222460801,0.07035576285815119,0.09477262303545549,0.09557492959790855,0.3302216409228737,0.13589729733932035,0.012158157509006241,0.08229962711274792,0.07342793937845649
0.10491187673563053,0.07983017023381113,0.10535285035795038,0.10284555854926102,0.06303495335204476,0.0727477590612846,0.2251824139149693,0.15810700976341244,0.08798740803163584
0.10914702243850294,0.08669283198842749,0.10921646457139438,0.10842915998365425,0.12693456875446052,0.19190724360769537,0.06760222104640315,0.06432427347982085,0.13574621412964102
0.1397101215298707,0.20355533324081695,0.10539405384854379,0.12051772012145379,0.02370361498949451,0.12488294179260799,0.09304041816894658,0.04715926265420259,0.14203653365406313
0.08872082023099986,0.07333911652649268,0.11734646023994894,0.08817896580021072,0.3013172080456839,0.0882812836081191,0.03399956877848246,0.13690137341209468,0.07191520335796771
0.08128201231307836,0.12246587907659816,0.07156183014445561,0.09374793261608165,0.008802349778541557,0.06554046754726646,0.42875298647277726,0.038570862670665056,0.08927567938053586
0.11862399915621813,0.12390029082844443,0.09008484780696925,0.15167455507050534,0.06171525355479196,0.09088058160199886,0.12780479663670954,0.14950390388528745,0.08581177145907509
0.14808753595178384,0.13941552186767006,0.14628295283596032,0.10900992864618227,0.10239991002840136,0.059026521695074725,0.0748311794656752,0.10100180318146505,0.11994464632778722
0.094998134029888,0.08429162872706329,0.09424418688190868,0.09878015599352642,0.064085859328661,0.09395286044558077,0.11574274622856624,0.12699159751642478,0.22691283084838076
0.12422616008883713,0.15309031371315743,0.09341940539800686,0.10242300870579539,0.02528638160026377,0.04938061964774765,0.2354453160514761,0.10655085410723676,0.11017794068747884
0.13795172444475504,0.15510475640123633,0.08851347647521139,0.17162213274308136,0.08869260855445145,0.09989343231048725,0.06820922477266286,0.13957660211363573,0.050436042184478634
0.11889919655639654,0.12353388134575129,0.08308415477785668,0.13984500503207895,0.14912285659457525,0.10094185644877322,0.03695201834388497,0.20686382050509255,0.04075721039559068
0.119533780545172,0.15014309524161573,0.11766049024484537,0.12839343365038514,0.02839234425484648,0.13017229555646484,0.22424973325181488,0.043377057886406306,0.05807776936844924
0.0938936760558743,0.18149179069792076,0.08262426568621413,0.11648668304471843,0.37604947778996345,0.07291069513361757,0.008743518453748373,0.038933408612748695,0.02886648452519432
0.12270112279208507,0.13151860286222014,0.1218704966895441,0.11312257592022645,0.03496453935407224,0.1740613269226806,0.19712287766753753,0.03457288840125203,0.07006556939038182
0.09275771414061296,0.0834147623601965,0.08002705825479915,0.09795887796843183,0.4197314828513421,0.09044727470652482,0.006925855701697271,0.09891209352348357,0.029824880492911755
0.09553342068787744,0.06306645130514972,0.09572198892842569,0.09002026484136834,0.3259099020767929,0.14285764985919716,0.02828446788759433,0.10829015489476546,0.05031569951882903
0.09637644293011771,0.07625746751237335,0.0876770477230427,0.10258428716691144,0.16148169817826763,0.09960709695141197,0.07933353213839604,0.17223004895875973,0.12445237844071932
0.09871575039523116,0.08552196355354887,0.099450024192742,0.1093368837460132,0.14845260625903636,0.09204192038868732,0.05835970332190077,0.13485499864355857,0.17326614949928176
0.08948979682216092,0.07409193956759848,0.12865016252051772,0.09329438323937474,0.16140699180961207,0.1521442586834604,0.03974727548750869,0.05673434677416087,0.2044408450956062
0.10480141129456703,0.09364266763651724,0.12684475954025895,0.095568054786707,0.2361869572892692,0.08309937635652531,0.04016701199588477,0.13380295899581438,0.0858868021044561
0.1164305767632765,0.11410518385624131,0.10828186705662506,0.10641444208277384,0.14291954336381804,0.07287827912693379,0.04191534819882146,0.1385811821366108,0.1584735774148992
0.12421497691541776,0.1145650612807448,0.08282513065610493,0.13975241935971336,0.13424871771249033,0.10872526239060072,0.0536429997877396,0.18302498216339647,0.059000449733792044
0.13016452590731045,0.1786863608876137,0.11532582741083676,0.13706434880582544,0.03511781626330838,0.1544950695252172,0.1154834655125509,0.05623698294868213,0.07742560273865506
0.1109550024741582,0.09403366753946324,0.09072561836152426,0.10066253516360357,0.027371753289460288,0.16398895258108534,0.17704556076813419,0.061850395209839065,0.1733665146127318
0.09775262868805672,0.089954718733059,0.09876838177087673,0.09368299385668773,0.023256955205577908,0.07112051689603481,0.283079920735774,0.1747226031249557,0.06766128098897743
0.12217456360455477,0.11943827730617619,0.13877158887230404,0.11154012620315212,0.1864580458568118,0.06642809028888341,0.060931426279715394,0.14765850663292832,0.04659937495547403
0.1329440146658288,0.1549186648327856,0.11599556097927584,0.09481865527432302,0.027237644871860155,0.1571265304548307,0.11297933206245576,0.030033806801154722,0.17394579005748545
0.15048587374713415,0.12499759790664215,0.08807143622047524,0.13032130472681377,0.18715168166630944,0.12461958594358329,0.02251937592153284,0.12144868235356854,0.0503844615139406
0.11768257492681804,0.11595643318291972,0.1068258934643398,0.12656876593985586,0.05070092280912971,0.12887689681411077,0.1435214002243039,0.08996921507261323,0.11989789756590906
0.10147876254520961,0.07307408235071966,0.10353421295531041,0.09490680717787363,0.038994113155660697,0.08241490448767444,0.2991012011675575,0.12016904628080316,0.08632686987919082
0.09468931092310014,0.07350755435466357,0.08522241737831437,0.10780208016532287,0.045862226794734055,0.15202313665603306,0.22850749213045632,0.07072619171710687,0.1416595898802688
0.12498597085445808,0.13737628153187842,0.11486488784224104,0.1344344145192055,0.04623294001226439,0.11889292934740235,0.14568852489071646,0.080486670088134,0.09703738091369973
0.10945722168316833,0.1022452846515665,0.10807301600061026,0.12210993650582459,0.08155838874473255,0.09574727907558805,0.17892364392055823,0.13323595522740875,0.06864927419054277
0.11986293741373139,0.15873966971985165,0.09660348407108728,0.17748332299868727,0.049430199317205485,0.09971970739799862,0.1502115021560028,0.10234693982361105,0.04560223710182446
0.09914965208408576,0.07527137709920242,0.09837559044459793,0.11367541746034689,0.08213826961172926,0.11960184679890855,0.18804021504918414,0.127106005716523,0.096641625735422
0.11771812979254716,0.09054143487652654,0.1102985885194764,0.09185990444196712,0.2751922336448642,0.0965223381849392,0.028362707546970473,0.13178746580750217,0.057717197185206605
0.07722735979222205,0.09642259916759834,0.0554368190783347,0.1024890981197048,0.018449056384692727,0.1793994965588841,0.22462750795822903,0.05468170377827941,0.1912663591620548
0.1311041266710499,0.1643244191518772,0.11379668962030483,0.14552176352036308,0.03743284669041592,0.11865414000018974,0.12401357111716771,0.08194796538008166,0.08320447784854994
0.12271776885843212,0.12389649682149069,0.1106792485065858,0.13820491599755905,0.13583067600459328,0.12860769777098677,0.06196041912717676,0.1270206096239531,0.05108216728922249
0.10370295496136299,0.08930367186204642,0.09727528170318413,0.1035038455230109,0.2780154594963282,0.09535124692200807,0.022245447395471445,0.1477417219212063,0.06286037021538153
0.09100541913892579,0.10907479217338183,0.0731049080754705,0.11524248435662628,0.020391445717203947,0.1067306846524021,0.2974876870310648,0.05506525691051021,0.1318973219444146
0.0937658500131728,0.06211737939212345,0.09029239381181343,0.09082268171729614,0.03254291917486835,0.06960400771261317,0.36713494177565975,0.13244494862930883,0.06127487777314412
0.14499361127251575,0.20050872288771235,0.1116786220559735,0.13431847538294805,0.11640643103876208,0.04913902006103855,0.06562352604753051,0.1438017702984937,0.03352982095502555
0.11102473857283586,0.11811466196697888,0.05979727402919294,0.11826193368487813,0.25022031473326756,0.13811920231677574,0.02448229598329905,0.16948855662405007,0.010491022088721715
0.10586600664886302,0.19583087875023183,0.09643356385682399,0.08003914128468083,0.011892639125756443,0.14412418451059872,0.27531375113115436,0.013543996458291269,0.07695583823359955
0.1082764726909964,0.13825780410952795,0.10838129264369362,0.09524948099245582,0.017699417014025304,0.11323385340864171,0.3022279491223118,0.030731998425650834,0.08594173159269662
0.08366551406040491,0.10692252989997748,0.07621317861703862,0.09574283744313677,0.009399882116594146,0.060273768638412765,0.4601643831902893,0.039510447984400836,0.06810745804974512
0.10952383060727587,0.11135462563051655,0.09344233312630272,0.08453445575982915,0.02018488975802493,0.07451054351761147,0.14689758566234418,0.09235680038704897,0.2671949355510462
0.11005222904734992,0.13216157872150675,0.0814485968695719,0.18311038691653211,0.056768306641280124,0.1018264040048571,0.14592961054644665,0.14258947342386985,0.04611341382858566
0.09516106180840866,0.07451699367096994,0.0913684434095901,0.07787904152275614,0.528492632874693,0.08375114539385065,0.0031866134541667667,0.024020280356032844,0.021623787509531905
0.10810316848066844,0.13179970154874476,0.10395642331882166,0.10179036013714347,0.23449210528884165,0.06600721949442813,0.023164137140537864,0.08823417753034753,0.14245270706046656
0.15175720178329985,0.23717925891008518,0.0802006153400113,0.16929469617141868,0.08528784272066392,0.17974903934039743,0.027132453902029566,0.045690995954171455,0.02370789587792269
