0.042341556328916126,0.06686827850034673,0.08778103416272998,0.04404767645808177,0.03742207168384769,0.17870481930583737,0.17832533651233984,0.17707964115306926,0.18742958589483125
0.051175031362214546,0.03652917856553553,0.08630425671770552,0.19540076051157174,0.2010153649887451,0.09649794756403536,0.1241622547636995,0.12665627749604186,0.08225892803045089
0.08327375295902464,0.027096406911901762,0.08471026509365116,0.03225369017266095,0.1866996889038671,0.2360447135845413,0.11875244877759288,0.14508227585435982,0.08608675774240036
0.0629558799901457,0.04760402252258938,0.11337436227991408,0.08431132915623478,0.17650406431932888,0.1777976204638697,0.11418637143331284,0.1245629238341817,0.09870342600042292
0.05288724331241725,0.05719820992152719,0.1682145346183251,0.2582368855544659,0.112451551458712,0.06171016702802647,0.1180987813640062,0.061848972346741284,0.10935365439577853
0.05584562076270294,0.07661567406256041,0.14469374878450905,0.08704684426376975,0.1131359726253845,0.14133752909846584,0.12088045873657331,0.16033744750410786,0.10010670416192641
0.0579860212816204,0.05178289734427575,0.4133223405681845,0.041564272797215925,0.07749559890029685,0.08654847247467595,0.09840936034674402,0.06371208334213689,0.10917895294484975
0.0549920376855203,0.06377856304624287,0.23275002090950472,0.11486201300705717,0.12754413059451772,0.08547761088348722,0.1315755659778367,0.11319426191877292,0.07582579597706036
0.10137248487831252,0.036033298680384185,0.04498330845369098,0.032026849009063364,0.08851742873837577,0.3386297394795837,0.06335858525790926,0.23938506804411408,0.055693237458566136
0.08730482615483777,0.1808333590171006,0.03808509674856598,0.0326589166810732,0.050636389613585575,0.23598100311439033,0.12958856237686403,0.18361076125766998,0.06130108503591253
0.05576785052833774,0.16901092257642167,0.08094534300508366,0.04749173071486356,0.03831560914190627,0.20275740562345923,0.1512386312779973,0.09683479831976995,0.1576377088121606
0.046916250966958395,0.06847246694666276,0.08423443715863221,0.05749961049184263,0.054381611453261515,0.18969269185955065,0.1978452065525372,0.17751074421321897,0.12344698035733569
0.059372519994315,0.09228036945141889,0.07008775480701852,0.06578905638083145,0.18632953979971148,0.12004394996611878,0.14898058191093413,0.19175051492294903,0.06536571276670265
0.06543699362338727,0.10528601905486352,0.06779552847223631,0.060713892954277,0.27937069007933635,0.10260707407229235,0.13438717283413748,0.10137712020431273,0.08302550870515696
0.04724153958608766,0.15443142337355,0.03531923472751647,0.03347868528694692,0.053545534909595384,0.4819364747502248,0.07634374729976857,0.07761777506141528,0.04008558500489492
0.04492345667909556,0.3090688488517073,0.08753957553138665,0.05248531770761524,0.07944551524386531,0.18950459626745086,0.09207284651708177,0.08227099471666864,0.06268884848512873
0.04403775429884857,0.1374806612325363,0.05740774699833814,0.055686801346490615,0.0991654807871087,0.2335203421796387,0.08877186859701669,0.23350508676887446,0.05042425779114785
0.08097923076678998,0.05054835262511739,0.30647048296555474,0.0314917971523605,0.21174366335791886,0.15238271996204258,0.07796831401315248,0.04881531625472157,0.03960012290234192
0.18440190977097468,0.02891644228033886,0.04147152322124068,0.030270647717935823,0.2248785278010553,0.16632757669915058,0.06224901786089387,0.08882049193331214,0.17266386271509812
0.04386285045401348,0.038849554524958696,0.07643204481010964,0.427861311201863,0.12337813358468153,0.0502462836059654,0.09303824598304078,0.07025724993136973,0.07607432590399779
0.055724594547457644,0.08176552064452823,0.18262950351061136,0.13086167101375934,0.19071445028843168,0.10560793452765371,0.10689981863323517,0.08426474023173813,0.06153176660258481
0.06627841790397754,0.03879518406718171,0.08767333453327393,0.0680385269706562,0.3703154148013814,0.09124865250521935,0.11817024505180594,0.1046971498579556,0.05478307430854837
0.059802615850461184,0.3417980348268788,0.03892245732542456,0.031981451133369004,0.07322242852131473,0.09442740383183307,0.07240814542171757,0.24217274589327412,0.045264717195726854
0.1313844204103092,0.042841775636615766,0.08277263943338327,0.0437137302379666,0.12016148048367696,0.09620759897871389,0.13599526401911896,0.2920530035604609,0.054870087239754506
0.05307978306780382,0.10056030912622477,0.12110683261860757,0.18763248195393034,0.11014030878784864,0.13469253852150695,0.11384288420115603,0.09452469128411435,0.08442017043880752
0.04537082104407952,0.08218204755629382,0.1613889069487336,0.21140068206370344,0.09779644190112648,0.08083753225219786,0.11792669911490668,0.1369104234636079,0.06618644565535065
0.07802771311371492,0.07399323697870949,0.13244031539065118,0.048925251060702585,0.13569944075916654,0.11673613770804918,0.16269066767030793,0.162253477606935,0.08923375971176317
0.05085400053746484,0.09964703904795902,0.11529109637087347,0.1071094307299143,0.1788006564127663,0.12140988422569658,0.10865966500918749,0.09589536784126969,0.12233285982486829
0.07069591023415026,0.05382031726432302,0.13417229178588402,0.19576843529897744,0.18193248163795914,0.06687994233799947,0.11883058189623698,0.09462586578260113,0.08327417376186853
0.531829666740432,0.02935764678528859,0.0503863472150378,0.008904830935991785,0.13960680646481313,0.019563618865068345,0.06210238980332463,0.1087979580270408,0.04945073516300295
0.04767060083357542,0.05529570191913258,0.1559970396945535,0.1665275628232342,0.15276848186923642,0.11971791439996475,0.12480656228447941,0.09317641433639397,0.08403972183942972
0.0925508956185271,0.05658914968512866,0.16222184952350568,0.06071787404452176,0.11679332166182867,0.11429432562744928,0.1653264326990914,0.15782946690444552,0.07367668423550207
0.06230669890708663,0.0813533481183944,0.1290637116800971,0.10725616073368971,0.18959538707899395,0.11112512274513457,0.13454566463410159,0.11865425930288331,0.06609964679961879
0.04886032484704985,0.056747686117239814,0.09119077039363677,0.06817806690998059,0.1361030059908153,0.3709788089512022,0.09504433056091778,0.07748444651721759,0.05541255971194026
0.044758672485778084,0.07427890176088736,0.21649981233977658,0.19304489366773145,0.10718687574279183,0.08859186702815207,0.09763517991666167,0.09399743007452659,0.08400636698369447
0.07707818134484579,0.07801657889007108,0.10115949455019495,0.07088247218172294,0.10450793716534056,0.15481571395308724,0.15965862563659594,0.15413167522286694,0.09974932105527452
0.2269010667365692,0.03971154446901687,0.03902000357583651,0.05096825243356647,0.036509664067885896,0.23491274590493347,0.07713908624480395,0.1187846776416352,0.17605295892575246
0.040092708078335114,0.05353096457111095,0.3799262693337549,0.056626546181901605,0.12097699676004009,0.09304438455242094,0.08774463334372073,0.07041484838165867,0.09764264879705696
0.18911594640546003,0.06207706222242479,0.272235410103662,0.08944516346123843,0.11549276906987221,0.05328015535794183,0.07260676811982857,0.057449164383011175,0.08829756087656097
0.03986135710789401,0.0779814100737422,0.0823081655300444,0.06090210206515606,0.0348396509223225,0.34197786784956774,0.13630900238689891,0.1490938555418365,0.07672658852253766
0.05657559531268238,0.0457958047185095,0.07135948532810212,0.15034178738128343,0.13204415525391258,0.1758811791158733,0.1369477840559095,0.16267067235150792,0.06838353648221923
0.09629805860936037,0.03999436158007159,0.0881777872506041,0.03172429997812223,0.306003369345267,0.06086616186507928,0.11742153168235915,0.11862500362235111,0.14088942606678517
0.10870515671304531,0.050402540461897787,0.08334365389290577,0.03569804557720276,0.1356038937175219,0.23790114232138015,0.10298625067596785,0.14053244411281773,0.10482687252726075
0.06303303775021508,0.20409080258960866,0.03736601830216399,0.056091921832584435,0.07854970888643992,0.13339726264384114,0.1475506776468045,0.2256816640357571,0.05423890631258519
0.04838679111250719,0.12001782742102807,0.09145012145447136,0.06405619356804813,0.09496097223357047,0.19550434798309468,0.1538287943424472,0.13183298216957814,0.09996196971525477
0.10725016342406131,0.031185511531482957,0.5214523203809365,0.019294821385911654,0.04255352338803003,0.03888530216342523,0.07136837245204491,0.038471720040087934,0.12953826523401954
0.06476190953183052,0.058854576117080636,0.11069375994091742,0.08290307004031715,0.2811065266322093,0.09747277217656598,0.13482217322197174,0.09748019188903985,0.07190502045006743
0.4896099848314223,0.023534080800099916,0.033475755298009356,0.013336145776843352,0.21273286323388144,0.04832010995481711,0.04488842772109621,0.034095046125476085,0.10000758625835422
0.1431338744021291,0.04580168092345863,0.1738863516195859,0.12743912447584385,0.09909761585087289,0.11685802961670254,0.08363500785913384,0.13084669522454295,0.07930162002773035
0.13592301642999774,0.04582277278678637,0.0699215498505009,0.03940804299619274,0.15480526091358052,0.14899648150512093,0.1325873780266621,0.1298967471998432,0.1426387502913155
0.055166182594639755,0.08036017050948518,0.12074495883166646,0.17326992689547918,0.13502656020466855,0.11587348223039962,0.14985971005202955,0.09599809732230491,0.07370091135932676
0.0471580043992651,0.27885199049977366,0.06563227106365982,0.03438586136603916,0.06051968723988158,0.2624381075965339,0.10210370691792892,0.0934073809769368,0.055502989939981116
0.07961427337630271,0.04803978646894257,0.0731003336251121,0.05809404717461223,0.2390386703763787,0.14668174454538527,0.13934456128200315,0.13868591019921295,0.07740067295205037
0.20620344022140727,0.049736328442481915,0.05959766280036937,0.03583832148954677,0.22913122725931903,0.09925028040834816,0.10080318764044399,0.13481077469669792,0.08462877704138559
0.05161526511192721,0.2658867080015048,0.06480597801374262,0.03646383186014604,0.0730058295975357,0.14926720164353077,0.10923348464245508,0.15457484852949907,0.09514685259965876
0.04939307323301708,0.08102363342009532,0.12513558874775238,0.1129384500781288,0.209734567592287,0.10685673070545983,0.15030180949638058,0.09490514217500813,0.06971100455187092
0.07482342208106608,0.11694050238081488,0.1017587698698877,0.0887859441717571,0.1527672302714855,0.11483407173684486,0.14498953698140948,0.1349931855477356,0.07010733695899872
0.06742013462852335,0.0355062000583175,0.14711733119992493,0.35472064312965035,0.07729738046979652,0.03580502283733283,0.11764228129972266,0.05258144547993681,0.11190956089679505
0.09059228800018441,0.08869296581591009,0.06772400936034982,0.046917734299648316,0.23673580739147174,0.1210939479525757,0.15146964415335065,0.12043817815254516,0.07633542487396415
0.04519221883574812,0.05313644040523058,0.13972202609659917,0.2163274661124708,0.13500131004997265,0.092374905340305,0.11554265420368469,0.12191941515478595,0.08078356380120305
0.07313074381664876,0.0543684690193113,0.10852818008374425,0.0575068841902474,0.16337067980367023,0.13724248130828787,0.16591410383339525,0.13224395847838044,0.10769449946631444
0.04884108334078027,0.03816407262008422,0.4022696749088228,0.0970781437482839,0.0953720829294853,0.09092332169204682,0.09613110949120494,0.07124192049590224,0.05997859077338954
0.08665975559672545,0.11957394220176944,0.046086195713929363,0.04842776221799702,0.07594569089831306,0.23282311572720374,0.12184547419269805,0.21584670878026532,0.05279135467109861
0.025877084304447757,0.09205975730529269,0.49843109506838523,0.02741701707162925,0.04088377633564282,0.06381972815441524,0.07138935463246932,0.05265187748725301,0.1274703096404647
0.05197005346614144,0.07724531017760844,0.13608295432755638,0.09566969434466781,0.20288502065112646,0.18644017983666528,0.10061491674145402,0.0874563773255357,0.06163549312924446
0.052734683914068076,0.08082323030952299,0.1338584387164617,0.16814859048679706,0.16265969507742103,0.10182697084435983,0.12575125258169284,0.0865114780582996,0.08768566001137684
0.07911179373332128,0.07883419487353828,0.04242844160355986,0.049737289988901943,0.08917586269998067,0.18748077686532064,0.10418881452506627,0.32017118494528496,0.048871640765026
0.08158304080196026,0.06407560045675766,0.10630423699337636,0.30362610745749025,0.10225705137156432,0.04397422437865658,0.11463535321970131,0.12874507400480162,0.054799311315691684
0.04735052225675746,0.4651563295838956,0.04636015199243778,0.029282488401448634,0.0516799018390483,0.12134753051010548,0.05558130785169622,0.1144513373346001,0.06879043023001047
0.052379846151827426,0.09199149738511737,0.04487573970966207,0.04543185257191019,0.16934163826365045,0.12436088513361598,0.12871255142572743,0.286353018119325,0.056552971239164106
0.05412707903707633,0.053675590020524445,0.2184202168456887,0.26354894805370016,0.08649978690854045,0.056280862854603285,0.11078251801743029,0.0676032329612249,0.08906176530121131
0.15804532151220166,0.03204018417948883,0.04127117616000242,0.027411189351693833,0.06167924850163728,0.2877299904844917,0.06192680696812063,0.12947452879514623,0.20042155404721732
0.07253221384870119,0.07776444641521035,0.25239069537578646,0.04301787482269435,0.10528290072520502,0.12516647812428291,0.08972968898922225,0.0849695317130295,0.14914616998586794
0.08275210100516785,0.046573639274109346,0.0586150018552331,0.028936228634429018,0.07501757366213681,0.13959517331734497,0.08801441270587707,0.0695900380331964,0.4109058315125054
0.05316580653081368,0.02827427330437071,0.5133203644832157,0.032018263208672425,0.11648915495092634,0.07578163052617554,0.07583628328109239,0.03902657699346407,0.06608764672126922
0.04888659784247155,0.053850901856296894,0.09012010981308706,0.24806171111628386,0.06826505267663613,0.11481323236581502,0.13887635178556143,0.13355060942608823,0.10357543311775974
0.05348427818629572,0.034195813668441856,0.11405742686728249,0.30627562638740885,0.059995661515009485,0.07131735336581015,0.16801452356919913,0.12956904935855626,0.06309026708199596
0.04489951406129484,0.03537375307851227,0.08098919560001189,0.2535245566959013,0.1350211431346716,0.09151642984511421,0.12417261889850247,0.14566766567524836,0.08883512301074308
0.02948965148833298,0.03593495716909607,0.04084871106880792,0.5428563258355191,0.04220817779500205,0.04021981126966965,0.08347009587154963,0.060971557030589894,0.12400071247143263
0.046026112368310085,0.27894829962789097,0.09402027599598999,0.05596668510499878,0.0931990805990871,0.24967604724155476,0.0718207078578596,0.055492057030891835,0.05485073417341695
0.11681976036212033,0.03480508882614345,0.043416861556352736,0.032197403737905465,0.08836069095073773,0.3376056849959859,0.06311727599991523,0.22710556990513386,0.05657166366570521
0.04788818056631428,0.044677993016836115,0.08820916351578718,0.4472326888305693,0.0976343191157854,0.03926545637927436,0.10915493433746115,0.05212874206606894,0.07380852217190319
0.07874754686297529,0.04944027644077831,0.08713501118877813,0.07404269873407286,0.23729845504681055,0.1171816020428743,0.15103569876022627,0.12960702299397406,0.07551168792951023
0.08153477810952225,0.08360501384172547,0.0945572446790095,0.06376024545230995,0.12931702684733956,0.12690392719273916,0.12600549573144523,0.22466726859654618,0.06964899954936271
0.05735321491937406,0.0710116646010565,0.12724213429505546,0.10695127980642312,0.20251311504661426,0.14495627772584313,0.12212668663530746,0.10064581333422669,0.06719981363609932
0.05689014923622356,0.06430572275488802,0.1662805051405842,0.08246743396856608,0.17341208286880747,0.1194531106774991,0.11769122819827815,0.11621146425368856,0.10328830290146485
0.19575961246012205,0.07015062842206606,0.05489229394593228,0.08278936185602702,0.14397501125340914,0.23113886485018423,0.0763467986551668,0.10961985138339136,0.035327577173701066
0.05337333947377568,0.3050507454518748,0.05350281220138098,0.02437879379730738,0.03853111145251349,0.08625319869349786,0.0850283554248991,0.2820413459283659,0.07184029757638474
0.05507858099960793,0.0597737007374104,0.22380265433646485,0.20816340463073627,0.11570290389099587,0.06460339418950632,0.11885460465365368,0.061407912370603425,0.09261284419102116
0.10422985399451017,0.06063161098433722,0.0894337284687284,0.06424198591450297,0.11387407149568872,0.17227313095826757,0.12815070785033897,0.139428956390076,0.12773595394354995
0.05081330537768394,0.10395837283110805,0.1328325923941183,0.09894538425656974,0.2531803259321941,0.11226205552948416,0.11821522778231397,0.07151051522804548,0.05828222066848223
0.043969015417532696,0.07110992750427153,0.09463204935718787,0.06929728765586718,0.06996552687170417,0.1905361963016742,0.15885095356391118,0.11453571664169217,0.18710332668615906
0.04094534083506637,0.03313192037639307,0.5143862882127813,0.03960038339089508,0.10318556673466774,0.09213461639247285,0.0832039061399552,0.044296668565117,0.04911530935265123
0.5141529960077852,0.03532977380497624,0.06611833268864706,0.015302235658472585,0.1039869200732481,0.02413668757178727,0.06347104627322751,0.12694648357219532,0.050555524349660784
0.07098863980037878,0.050021989299952135,0.08322152074388887,0.2122360040176621,0.08225667453735458,0.10024401339938234,0.10609563934844868,0.18454808824263372,0.11038743061029878
0.04958428066445208,0.14582398592736182,0.09183541627308713,0.04511636800560364,0.05731969988019814,0.2686782681662658,0.11742942794613788,0.11676846984816887,0.10744408328872468
0.06518905993700662,0.02735329321963909,0.0696338533713622,0.032954750295757486,0.20266919027270844,0.07269665297707213,0.16180402521426515,0.2866343325169754,0.08106484219521344
0.04964901225352799,0.1376078994988387,0.08059321159630344,0.06564511332151642,0.25071694246517434,0.10510100877728308,0.16108874068017587,0.09418269194593933,0.05541537946124083
0.07904104952917453,0.21795801893840205,0.06314812466260052,0.03780831127981063,0.08272156929530351,0.28067908690293847,0.08200540306762766,0.10666459223712205,0.04997384408702077
0.06286037786771953,0.07257780374250448,0.10356732675043677,0.09195311360414375,0.1600882612377207,0.19250704835338925,0.1344847395979689,0.11622931396767378,0.06573201487844287
0.0971906020538194,0.026437365114826028,0.11202883292409822,0.10718549131570616,0.07429572447629602,0.057705782356072356,0.12897193484861721,0.14106672818349972,0.25511753872706483
0.08720159378779964,0.08678970902612171,0.1298627457631458,0.05173402788549211,0.2400146980528087,0.1378553777433618,0.09154728980928613,0.11132056583746737,0.06367399209451674
0.0577686213581429,0.07450256161647135,0.1621051093258896,0.20988999585254442,0.15604016324586736,0.06912532420040654,0.10997545377043355,0.06426851794274191,0.09632425268750243
0.07226728790590141,0.2156775471874581,0.10091585016447274,0.0496073724850676,0.13753764524605783,0.09810721164572782,0.11383784296340525,0.13861836772079342,0.0734308746811158
0.052519939610969034,0.07764303345805036,0.11117578790262965,0.05904431435018257,0.11615488197317363,0.16520498783748563,0.16568414553372038,0.13992079184477468,0.1126521174890141
0.04553373272610383,0.08024958011063947,0.5459258218914499,0.03416674735464442,0.033186731357316895,0.07615824318833526,0.07973643112349842,0.04487091798545684,0.060171794262555006
0.07018563936358231,0.06771823387193958,0.16124314723269992,0.04731432534093544,0.0841010109058566,0.15716270819349507,0.12057052080374948,0.15645581847211618,0.1352485958156255
0.07637165083014408,0.11874781193887159,0.05705165893374911,0.03368350802586916,0.08053204464556944,0.2738177826332332,0.14188841828611212,0.13739348881718041,0.08051363588927085
0.07225425411179175,0.07903108229069043,0.19813519785331343,0.22688720172563984,0.10447054464009858,0.0554933862955486,0.110531357722936,0.06909290984344017,0.08410406551654116
0.046055845742841606,0.07905185414732119,0.16577454394966953,0.25808086670728553,0.09102798671348193,0.07687833496712994,0.1051854337955266,0.11328082990763355,0.06466430406911013
0.29673055912872326,0.08231743364927828,0.06986068254809503,0.029626966140487838,0.031625487290677344,0.08389789334009216,0.06554736642858464,0.14517646098464268,0.1952171504894187
0.05476817608796125,0.04090716795270904,0.07921172125064098,0.18717303693874446,0.13316157622170188,0.10407441060575569,0.14619059255138403,0.16921757681074057,0.08529574158036202
0.045951242189341074,0.0359741581256402,0.4178369438468332,0.05489450889554226,0.04576580717515688,0.04423237380840812,0.07688173089913644,0.11368488226399316,0.16477835279594874
0.07358583493498187,0.09430325955982888,0.0681885645357877,0.058160614666933765,0.14550439782512042,0.14670120814589163,0.1143406263928593,0.24358877486079952,0.05562671907779695
0.07540336672851002,0.06737215504765222,0.22708511752164284,0.09289732647494424,0.17575872303017837,0.08706785199733806,0.11006574279914884,0.11035642725061663,0.05399328914996878
0.049231751759974955,0.05239139773115729,0.11610813429546694,0.14828339246646743,0.16005742775331208,0.13173017552527433,0.1431540057260768,0.12870215050941322,0.07034156423285697
0.09783770068916953,0.037578223600910725,0.1033682210190654,0.0687190838014212,0.20508478064165345,0.199284264131834,0.09954673598397422,0.11410797573648797,0.07447301439548351
0.24626220758786865,0.04148600155572484,0.0177086986158793,0.043020468139166206,0.14024499245760982,0.18397948171838466,0.08486060706852373,0.09766946520279023,0.14476807765405264
0.04552111112699566,0.0527194865894715,0.10450733525253049,0.08374637738011936,0.29329964805932235,0.08815982027806707,0.1614097644063409,0.09880134619617299,0.07183511071097967
0.06548754918101407,0.05973703676493675,0.0697340510978778,0.16830829668231184,0.13790240981314686,0.10520093559777038,0.11026191822680537,0.17241213223508847,0.11095567040104841
0.12454703718087794,0.1424316733519618,0.054495409241237525,0.036311370082216944,0.10173604989637636,0.1428976693700455,0.15977922052851237,0.14190700746032994,0.0958945628884416
0.14264707787801917,0.03206819399579461,0.06426439099304504,0.05169064775898549,0.08687510458143437,0.3503658380436369,0.06471669698416087,0.06390809607703297,0.14346395368789064
0.06618403556061922,0.13501454201481555,0.058226938036256705,0.04200738806047124,0.062186067884493136,0.2661906399086002,0.11117854382052017,0.18796911124271934,0.07104273347150436
0.043846351659206285,0.06326590364217309,0.16004388744479092,0.3100041124173047,0.07925437001350649,0.06455021110883241,0.10041922786674917,0.0878726538546606,0.0907432819927763
0.07687467586461776,0.08673831194222015,0.08973921033539756,0.029492737964039163,0.07780170723078884,0.18907645685156835,0.15603979318591296,0.17712785030485503,0.11710925632060026
0.506871775498742,0.014706095261718745,0.043184551980308496,0.012355015832071728,0.14230156615833991,0.017232040667582004,0.05583307499319778,0.08815794269237355,0.11935793691566575
0.2292070676804344,0.018753496322285776,0.16621904138191776,0.027462305777688475,0.07755712893328626,0.11293487122623513,0.06921317302089637,0.040054469509317576,0.2585984461479383
0.1740590046051591,0.06222827974188952,0.18817599246559535,0.045449359496374325,0.12124842957879052,0.1277270503717581,0.09021943221587098,0.06632538126699501,0.12456707025756704
0.06597528075892355,0.0759767335625896,0.13640402403751287,0.11477857905535166,0.17768380400462705,0.12539716084092778,0.11416995050751651,0.10682412478628828,0.08279034244626274
0.053668741134306384,0.09604339406109685,0.08604864068383256,0.19648409769166733,0.09587729537707645,0.15611059423839924,0.12685407953607072,0.10049161669167994,0.08842154058587053
0.05968375932477037,0.07321539197280579,0.12397798787782584,0.12285988668513176,0.21206729917769854,0.14988665922291558,0.11519983589344689,0.08359310578003525,0.05951607406537004
0.06234055565699768,0.19883776827700586,0.09536784572441133,0.07561797823193661,0.1780457261573537,0.09016597646484598,0.1060763724393422,0.1265359171535643,0.06701185989454243
0.026550378743450887,0.061374602496003156,0.48036620354093945,0.04765597351192269,0.054132402212557884,0.13629476371278582,0.07536159976402439,0.06935714712031048,0.04890692889800529
0.09390974051312291,0.07764624917323583,0.15957007541912752,0.24125060929166398,0.08788739899359121,0.07920088846581995,0.11200358229749008,0.06651925652015517,0.0820121993257934
0.057035263699541115,0.06251401293530111,0.1017964259927761,0.05925714726723055,0.169990213954874,0.22062958573310265,0.11779087027954928,0.11343498827743882,0.09755149186018636
0.09024573774390142,0.08704726166076926,0.09292914070092251,0.12829271230573983,0.08401978219972446,0.27495987586310017,0.0958225914590295,0.09025038534808634,0.05643251271872655
0.09063291775570022,0.08868648102142955,0.0676699360439378,0.046888189734569576,0.2367207962805248,0.12108953245942322,0.15149803980712875,0.12046797314846185,0.07634613374882415
0.04890125406784768,0.1027582194784451,0.1379734360851738,0.12508924733718832,0.16957944082707077,0.14322095631165868,0.10313598787794981,0.10997330776515372,0.059368150249512086
0.038498889266062895,0.076105305496806,0.06925779027663061,0.06404699520604402,0.392844643902696,0.04752061942745356,0.21686482218454137,0.04689992014380336,0.04796101409596221
0.03853540350807345,0.050203676354709875,0.08644178890366001,0.38784820351910726,0.07574175179169892,0.0849520261879584,0.1080057987517714,0.10185800540305577,0.06641334557996494
0.18572693563421463,0.07787832085753409,0.022727259741583874,0.019181366006063728,0.10088341341265981,0.23406594843974537,0.08735640696825564,0.22875611712188437,0.04342423181805841
0.06014852335308111,0.048309730388838235,0.16372578892604783,0.026334051217679278,0.08044243598358067,0.11534631847152998,0.07451722488670241,0.0545069247621216,0.3766690020104189
0.059308915334142,0.06079392236912543,0.2182898522830861,0.11271692671144821,0.1201882341288708,0.08091129876477908,0.14121924885872858,0.11016894541433397,0.09640265613548592
0.039581973092568834,0.28945093202563493,0.0941499910310803,0.07323246902727605,0.11776862082955225,0.16291441613066282,0.10024095232654641,0.06602530024432345,0.05663534529235486
0.05282959227069695,0.18022246644581774,0.06851864627910535,0.06072563539170025,0.08025216184032403,0.22129702340572063,0.09748366034049506,0.18658283381502772,0.052087980211112085
0.1097535288945139,0.04336235994418084,0.08064514944170162,0.04058439573619829,0.16553562889659626,0.13802346399983587,0.17101177163175377,0.16236523086426788,0.0887184705909516
0.10745077397342546,0.0634315503201985,0.04481881670437405,0.03578584931567452,0.12199526708269338,0.2669130138535605,0.1205609749218234,0.17715492880004288,0.06188882502820734
0.04653970414599266,0.03138456712620453,0.06717889298943305,0.18694894115153726,0.09881488643922325,0.13314049526073743,0.14782190694434102,0.21399583753662965,0.07417476840590113
0.12819966613554937,0.1465970217638217,0.17040478048561936,0.04138404683024741,0.0949446357852245,0.08019292433844649,0.09992983593760958,0.0715550109244917,0.16679207779898986
0.43624972857215266,0.02263053490186258,0.04078545105573849,0.01274103330820634,0.16588741898320503,0.04605501303072096,0.07629858802818339,0.07258510433897006,0.12676712778096047
0.09818034261030535,0.07163140964867229,0.07052109467252027,0.037312022465884935,0.20649130842276917,0.17005172953422684,0.11329544442386082,0.16373905830175883,0.06877758992000149
0.06943040781619886,0.04076605103134817,0.1180704680195473,0.2503587422040185,0.16954607698845214,0.05786704214267696,0.11318782564073648,0.057354015617881116,0.12341937053914033
0.05160134384922457,0.05455561076395388,0.12871878293132852,0.3228804090383816,0.09958862617426578,0.08110498182715455,0.1004844997563042,0.06082242238764727,0.10024332327173961
0.06023921121093181,0.04269103278773889,0.13503273238285388,0.26643796704839917,0.09487762992165112,0.08343406665252186,0.12705786111357753,0.12991647352213964,0.06031302536018609
0.27928320971973086,0.04390196994061183,0.045511754004554844,0.052165600420596425,0.09417159696829865,0.07571830000705916,0.09115776100212476,0.16513255193441018,0.15295725600261326
0.03774038836436838,0.3902071470179138,0.05083384427789852,0.03872956375531706,0.03866613341197963,0.21604367845978034,0.08889419702149788,0.08934962218453602,0.049535425506708176
0.05907742986982591,0.1485155257998793,0.07092037644299491,0.09024324574734106,0.05651339141998404,0.2207302143007462,0.1384638492149424,0.08061173554664487,0.13492423165764125
0.11668387489696957,0.035166452157218864,0.05636795026924693,0.035221228592519936,0.1765415824391782,0.17078910919442677,0.1285728470484286,0.21138430819355983,0.06927264720845128
0.06363243608987862,0.07539982985106426,0.1001790049728181,0.06544975606844926,0.2273118362594653,0.14919283322468394,0.15876942783430206,0.07180915189061161,0.08825572380872682
0.06535383289583244,0.05492335457343189,0.16981132052671224,0.14108836758398638,0.17959145443848504,0.11651886023873075,0.10402809039933852,0.09641795997126675,0.0722667593722159
0.2007207791308546,0.03749497919203736,0.03389359168677099,0.022383408537681976,0.03519879084066021,0.2572937905198767,0.0633981345117361,0.06108788683559005,0.288528638744792
0.053471079738211934,0.2235798046451091,0.06885133432159328,0.05248062999591888,0.061766548539475406,0.10878408039394243,0.13862346558331914,0.22150530717726427,0.07093774960516563
0.09157120989465779,0.08217725507793186,0.06608094803627862,0.05686709778537145,0.08491308118505714,0.3593577513878207,0.09608648391023682,0.11083751955314054,0.05210865316950502
0.0465453370987301,0.20143167672232354,0.08030109993231692,0.05914325102353237,0.10694788774966389,0.20527312967756253,0.14081447101633907,0.08754543949931293,0.07199770728021866
0.04590331227660177,0.058320540505787166,0.06974416717041304,0.39506508381579536,0.0575474994620653,0.08090212557413563,0.11101378450493471,0.12958937235021026,0.0519141143400568
0.07178331782694877,0.08372950072109585,0.12421758296795037,0.07433445335617682,0.14608289659606508,0.16224318766363025,0.1402560017053119,0.12147898322912655,0.0758740759336944
0.057478702620181406,0.035451008747013756,0.1295919297892674,0.08829988376253589,0.253953660168266,0.12194619429198846,0.12926638698271084,0.11718337022204833,0.06682886341598791
0.1631982174643857,0.03394687958480072,0.12822588605422447,0.03337194047234732,0.2865570640141391,0.07291420805465793,0.10220401325504146,0.058350722657699305,0.12123106844270402
0.04977169077684559,0.051440923228807056,0.2722289578452927,0.05396075402192091,0.06698394885549538,0.10782454633382103,0.1081498471173809,0.17337284396709954,0.11626648785333686
0.05825426988287299,0.05590036059660695,0.10509435026508655,0.08272893420389896,0.3140076360681066,0.0867295494820412,0.12986521431419507,0.1109929278120093,0.056426757375182435
0.048208657186608696,0.10574159605420697,0.13233611379677668,0.11851755827959191,0.216658306238068,0.12032646329802088,0.10786499128577116,0.09170544669471144,0.058640867166244275
0.04665063527962748,0.05598000498950929,0.2549010026406727,0.10567048151647378,0.15418188946302686,0.0856699747884417,0.12006256121583551,0.11882298479410179,0.0580604653123108
0.431886753844396,0.011184317801763813,0.03272676979807259,0.010187875420703563,0.17975891900721833,0.147147661326602,0.057621482418175884,0.057869179542755195,0.07161704084031272
0.12184772097870726,0.05085177940834357,0.13074237091701046,0.03186298098656771,0.11881694034400604,0.04308112717620621,0.0800778513729914,0.0863366014379241,0.3363826273782433
0.04974673945376551,0.0610835751099383,0.14715895503503396,0.2558386492057589,0.1181164458244131,0.08679705424652244,0.11104513559628103,0.09677141069953354,0.07344203482875321
0.09952616060904479,0.05931296268747446,0.04750187442190799,0.04797402570302825,0.16260520504669992,0.1866564961112371,0.12302028294266006,0.22098708876883844,0.052415903709108924
0.05707607601138387,0.12228905290701308,0.09501819231243275,0.18710023573478365,0.14527271130949757,0.07714910148438449,0.10355983175054144,0.14537977448572226,0.0671550240042409
0.07239584747915961,0.06957307686803677,0.1042725061276037,0.08573831699050015,0.251444432941025,0.11427267244804307,0.12381566177611546,0.11103130439767554,0.06745618097184077
0.07081439675069003,0.04503524726217892,0.3031311398620786,0.0332113965163808,0.12119313099928732,0.12957226291188548,0.10411185363093822,0.058211448651139815,0.13471912341542075
0.043031835520388646,0.05799371585008337,0.20531738397952035,0.19372111629954705,0.13161907260900235,0.09386138588039,0.1050260972208427,0.0713973528545274,0.09803203978569817
0.30060287141034586,0.010841840329333732,0.027293788836114097,0.008797342710538478,0.071270637670427,0.16295530354980567,0.06481099293072963,0.03627719554825923,0.3171500270144462
0.045173938209814433,0.3101147357337284,0.06445966045678636,0.037248002468779066,0.10323065537807037,0.16101924570469586,0.08530243213241934,0.1294100324267664,0.06404129748893984
0.06805590548427203,0.04754782902201191,0.10192180930141909,0.12879296957257272,0.20333214622142717,0.11293102863774168,0.143913152203728,0.11108320515099296,0.08242195440583448
0.07700749792979637,0.02900052865530996,0.047550106047307965,0.05520896083876633,0.034632115654488885,0.1528452495703484,0.07190748011111657,0.19260518850520195,0.3392428726876637
0.05238267697014651,0.11771942927224328,0.08971193236975435,0.0376888569442557,0.058092639814751414,0.17378482267005876,0.18962222034520385,0.15916226723976154,0.12183515437382463
0.07337474152707242,0.0509864347974906,0.09798030666179673,0.11106112518445632,0.13112109388221047,0.13904367696273717,0.19255098462127607,0.13227867645335875,0.07160295990960142
0.052993371782294275,0.24019245422186375,0.07174398975103748,0.034600870825371055,0.0717357681255042,0.12603910578199715,0.08050227872022751,0.26628111785980874,0.055911042931895916
0.29391102174125333,0.03211428654979714,0.03397939766307512,0.024203207548006356,0.10145986544251691,0.27136379416793344,0.055965078749500526,0.04833860384012962,0.1386647442977876
0.07724236269611526,0.04025313162434441,0.1158559746562506,0.22265360461776898,0.05410587120114494,0.06374638662037217,0.1980913653282539,0.1381048340588665,0.0899464691968832
0.269725493393499,0.03383665665397879,0.04290701185815445,0.030370328857126455,0.1640230393888293,0.2101726455638475,0.09651604938613056,0.10286886569483429,0.04957990920359954
0.07636630070961564,0.1000092448267732,0.12649675076422143,0.07440750002600328,0.12837986809016824,0.15532694326526478,0.14727597264913642,0.11936450694837475,0.07237291272044226
0.03450237398078311,0.41058140707081603,0.04550561639522904,0.035904040982095715,0.05611809436302806,0.17379739101822644,0.08808393115550156,0.10504562107125252,0.05046152396306757
0.03986135710789401,0.0779814100737422,0.0823081655300444,0.06090210206515606,0.0348396509223225,0.34197786784956774,0.13630900238689891,0.1490938555418365,0.07672658852253766
0.05237815417723432,0.06403828020321702,0.09056466410551027,0.08529960977944667,0.1371313627308579,0.15592320087744185,0.17364699883450183,0.16239361458034252,0.07862411471144763
0.04919358447378211,0.057878688243888726,0.18583365490836337,0.2295809425976889,0.1236243231457878,0.05120903307325511,0.10819303371046318,0.07808109327359815,0.11640564657317266
0.0796865126919696,0.01622437373750453,0.042662927168926355,0.03898231845301229,0.25716133578603145,0.10261863645545603,0.13586616085082376,0.25206937791544726,0.07472835694082881
0.06503575471037895,0.10384092900681936,0.16076255210627735,0.16060845390231918,0.06379300776991671,0.07791227110583127,0.1460053810368059,0.14867618803508167,0.07336546232656958
0.07374988836229084,0.06296145876324911,0.1359188567349496,0.06580959591442932,0.13014052475097537,0.13020411941528945,0.14705549337779814,0.17419477135187408,0.07996529132914405
0.04973614034491486,0.06110615705653168,0.09242270394615591,0.1534568566806551,0.1731989030695779,0.11810499971490836,0.15108323180630545,0.12224959447459083,0.07864141290635994
0.07646782268029255,0.1185660739650539,0.07102753689406288,0.05067526951190119,0.09319654849306759,0.2096159329842825,0.14959500503933335,0.14764070781704072,0.08321510261496533
0.03819639241754188,0.1371695405462954,0.08489428022234084,0.08317909499348393,0.11660156957888052,0.3417220873546904,0.08500559443112578,0.061520007206089744,0.05171143324955143
0.03990918322721303,0.030167726892408268,0.06231563027442768,0.37058757632931677,0.10660400481974923,0.08219043997897443,0.10153582675349204,0.08229427177075896,0.12439533995365966
0.12911472441625696,0.06101166832605031,0.09359691754299182,0.1046054234941237,0.11028016149209902,0.10004865263843854,0.13513716614086876,0.09499533644352316,0.17120994950564775
0.06527027021936932,0.0425533577838865,0.19250175866392674,0.09106385002462253,0.18119832929485022,0.09021992930221105,0.12296840664870483,0.15405491020471399,0.06016918785771493
0.04822214664367516,0.11424244033145418,0.12966410626609734,0.12010364745872387,0.21229953308615504,0.09398500556528196,0.11628162533847437,0.10535495173580449,0.059846543574333604
0.08342599262055402,0.06286357898153226,0.18132142470553522,0.05651031012850122,0.15184764077254356,0.10693401728123426,0.13372737162208673,0.1248086020779016,0.09856106181011119
0.05176346684163699,0.089091561729848,0.15751563208301042,0.1053013458838218,0.21709340668115606,0.1237347133250618,0.10583364506053956,0.08655231367359047,0.0631139147213349
0.07225425411179175,0.07903108229069043,0.19813519785331343,0.22688720172563984,0.10447054464009858,0.0554933862955486,0.110531357722936,0.06909290984344017,0.08410406551654116
0.25752856325310275,0.021719829335078194,0.055499818939851696,0.026555250329641483,0.09975418506293586,0.14090406042224402,0.0851177122418862,0.10315543541723067,0.2097651449980291
0.35600656321313556,0.023408445468292797,0.03274461657515412,0.02063015363370461,0.23629061731647494,0.12124517274382567,0.06931285114181988,0.0863523064610724,0.05400927344652004
0.45772509177829973,0.01143618797592412,0.09020838523011854,0.010322343929698545,0.18083840433886453,0.0352140785722646,0.06124495268696079,0.09215074274420026,0.06085981274366895
0.06833002567168871,0.023950859493000493,0.07286851302139973,0.11154729775629778,0.25271767049494454,0.08791527833958714,0.13863354582122125,0.1341108533306216,0.10992595607123874
0.07596405263640192,0.04447168357654951,0.0623443339014595,0.09243195900745449,0.30039732368943656,0.093659654379446,0.1257568945371933,0.15171599424233664,0.05325810402972214
0.02021193474647549,0.061725609914867564,0.501857243037821,0.05508529102024706,0.055227564880094365,0.08166539054229134,0.07997608305722326,0.07695547573179208,0.06729540706918789
0.06261248824653776,0.08190120253937187,0.09974940191973865,0.0874458280110416,0.23368155020201278,0.1081117212601035,0.13624105188424937,0.11577992193802832,0.07447683399891608
0.19054001372700094,0.027825792932214644,0.03919585456738415,0.032224944990666915,0.1031391700564792,0.34606343155506153,0.07942278640450944,0.1280678526865277,0.05352015308015551
0.06519280554557755,0.16399392869849994,0.05026108519553732,0.05742765485764594,0.08165375634145008,0.2394519936369355,0.09225848997084794,0.204812525260015,0.04494776049349077
0.05223443538032701,0.0480414616291362,0.5265752170556859,0.033140017893772085,0.021833344042655453,0.04858793139132667,0.0786036123894887,0.05507715198964173,0.13590682822796624
0.05823478527510132,0.05877415432744928,0.12278726016095846,0.08005787704893928,0.18299260111322005,0.1507938247465729,0.1266405061914823,0.12264212365003811,0.09707686748623819
0.056101426868761406,0.2878928646307383,0.06596043751647512,0.048099833099567106,0.11343912120799753,0.11741303634221811,0.11760251742281332,0.13109240496400357,0.062398357947425466
0.13450037592037234,0.03784374975744801,0.07867104670270159,0.026392286794778647,0.032733200665525916,0.07602076220377325,0.09019770056028147,0.14794338068118226,0.37569749671393654
0.05591336584682457,0.06705203830868638,0.08092156188962994,0.15597477549384256,0.19049364436892605,0.11285988480438032,0.11347677035270178,0.16140640813297133,0.06190155080203714
