0.22151334920524576,0.08215456515749296,0.07471726818699594,0.1946981519893823,0.04366263536135181,0.07192859561031101,0.12063114896072717,0.043105424319308604,0.14758886120918438
0.1801934158471495,0.06303075583776535,0.06078841798599449,0.1465256550761199,0.04851839564175034,0.07416328181911337,0.10902366536358016,0.03055441930643928,0.28720199312208766
0.10083578135221678,0.15622022314986792,0.17503537520585713,0.0782838174281385,0.07263077652316226,0.10091517127596335,0.1379904477349119,0.0782525320606816,0.09983587526920064
0.17075141115257061,0.0612188377175004,0.05374715100360228,0.09693101131838096,0.04078211558483987,0.0641114606283224,0.1043378922178358,0.14266376300377742,0.2654563573731703
0.08302375928354495,0.10711557339258199,0.14894299829280988,0.03562890273058963,0.04399058945071093,0.3427739549779381,0.12039077674314103,0.0669929554265198,0.05114048970216365
0.08591390927255958,0.055640924281186145,0.042886839370419656,0.24393757820668835,0.03530335338017912,0.061914528661847684,0.0940916598906062,0.02378101906322067,0.3565301878732925
0.12853875331325715,0.054406414214575094,0.05177044249132833,0.10169412636959753,0.037339261773405276,0.05615916147873016,0.08068978884514655,0.033882138023260254,0.4555199134906996
0.1400751964240352,0.05889793041198268,0.02874779576382444,0.4134698834447892,0.03653617062230188,0.05565926187041165,0.11353634331997371,0.019000668204399624,0.1340767499382817
0.08566386798583407,0.051553913788673134,0.04632041978381473,0.018237732093605196,0.03136751928548708,0.05956483901389236,0.11561678861479478,0.07794753834755785,0.5137273810863408
0.11151608030236226,0.06054872380406298,0.05589661128384401,0.2928261893045649,0.033934332252565695,0.06219105022718136,0.09906105468389799,0.031782029823651116,0.2522439283178697
0.19192916419810388,0.06697979169614969,0.07115449820607606,0.1951607977549985,0.028740411331981363,0.06064326144121792,0.1009041189357822,0.14433231327184562,0.14015564316384477
0.17188414810483102,0.06719535014313628,0.04526155054622025,0.3780995603964556,0.029483431010894914,0.050771115102361326,0.08406037047588728,0.02991533080804931,0.143329143412164
0.07649765454988934,0.17645315786056578,0.17302890857641953,0.04814641912409434,0.04017807094748626,0.07482573755060405,0.14596762006076283,0.21097744936423277,0.05392498196594505
0.07868992596492748,0.14407492983966405,0.21851563240732455,0.05196068448362784,0.06274277544887567,0.09890462232862635,0.10887755683416768,0.17804762423329212,0.05818624845949419
0.1292490813354353,0.059733189050725555,0.07422494444674016,0.049466322078276205,0.05124564043735292,0.06938816125537099,0.10007343325592503,0.21341626811440198,0.25320296002577175
0.07427205278239363,0.14002198492930662,0.134861052606675,0.032545564079598945,0.09054046460624099,0.3548583485578098,0.08817280119399555,0.03821399311700041,0.046513738126979086
0.07994533059809507,0.05629874173911159,0.04158669027653184,0.23634673239577564,0.02654393511640754,0.05501679365471244,0.08008312614827658,0.06630328108741433,0.35787536898367495
0.08086081383237208,0.1541688879605023,0.16832180159963808,0.041329853149614355,0.08154231905905279,0.10971742203400563,0.17059557477930531,0.14779152247318494,0.04567180511232458
0.13760092948265226,0.08679337435842056,0.08302900196700999,0.10719404595927551,0.05453779869793161,0.0744395294176531,0.1206007442337107,0.13108679050101432,0.20471778538233196
0.10710961669845183,0.053796065077890365,0.03056957217930731,0.504220873373667,0.024259306191409907,0.04968237719994308,0.1010976448571944,0.03354841647475811,0.09571612794737798
0.08595721433185961,0.09918028359984275,0.12313689110343284,0.0387606736318434,0.1576604264769287,0.05644662675318272,0.12799502719164504,0.25441182128514545,0.05645103562611953
0.12097136065022139,0.06071298406349506,0.04868067837530443,0.08466808887105215,0.03385241477096934,0.05974843483947661,0.1046698903894212,0.051932444169911496,0.43476370387014834
0.1536048331142361,0.09324928568056547,0.0888827513535031,0.2032601588159175,0.05190411958354302,0.0753576857630927,0.1346133161196106,0.040451886091660165,0.15867596347787138
0.14887258205141699,0.04506379853915524,0.040523741504624566,0.08666835265346412,0.04753042890207937,0.05577380323410603,0.08670372256401838,0.17632242265663722,0.3125411478944981
0.11979783881000938,0.061981897186296674,0.05543673558328672,0.3022707442422315,0.0266122096814617,0.062297798677084924,0.12530138336523367,0.03705486064230664,0.20924653181208883
0.1580800465200497,0.05530877422346777,0.04427894679456934,0.4395032286662885,0.02387226835849388,0.05562685065223446,0.09086158865927178,0.06175111350681292,0.07071718261881159
0.20290622249576493,0.0699193340799825,0.04902375109900725,0.2714221055023626,0.06915528241706993,0.06745877809199533,0.10386707455436911,0.04909092863881118,0.11715652312063718
0.07283034763060918,0.07226145722138168,0.0567886598860548,0.02269063797037769,0.219298888008384,0.23407204703399995,0.10849705086922456,0.15353056294989714,0.060030348430071045
0.1115393333773567,0.06041721330454641,0.04503913079404379,0.24924551484944113,0.03124673871481257,0.06232871017883468,0.10443960274522597,0.045320313138023816,0.2904234428977149
0.09694829857974252,0.07500168558575476,0.07142937869186562,0.29379947559879654,0.04895720652819032,0.06390769316267315,0.09113911030169852,0.04164746206055351,0.217169689490725
0.21182534821012747,0.06938004966738502,0.04853692686931288,0.3274299140656388,0.031750314417589375,0.06774465906369591,0.10097031911026898,0.041849698516233234,0.1005127700797485
0.05899764518927294,0.06547895767617533,0.10280840131521922,0.017825057971423322,0.07573798433997901,0.0959514549019364,0.07258395727516591,0.4692108558195018,0.041405685511326125
0.10554386089143412,0.1888272642218187,0.14158871306745222,0.05386528571424098,0.13372331425491632,0.0926123722629341,0.1343175763702969,0.08063711802238994,0.06888449519451668
0.09911636755556917,0.13337726778591644,0.11352404337010241,0.1069146041321853,0.09479328673097925,0.11760767070946003,0.12666109808401935,0.10522435709820654,0.10278130453356153
0.08804248360778806,0.09177273192555403,0.1303391727714914,0.031080504114356575,0.17046138095710908,0.10649943013908154,0.14791420498708444,0.17745624905467405,0.05643384244286084
0.17593406457427288,0.05450161342447054,0.03586990737755896,0.21961451299233156,0.03459155527590915,0.049777756125330475,0.08587161096182479,0.028886673318953948,0.3149523059493477
0.07511141765750444,0.0615477462757815,0.04699628817667092,0.377826454335949,0.02781356863982076,0.056059868747247,0.11304497841823073,0.08968794740697827,0.15191173034181735
0.0810488517131452,0.05395462369937832,0.041233332453455084,0.588893663380757,0.022799803490094347,0.04535354225722656,0.0829724614902909,0.022993011700205724,0.060750709815446884
0.10579092782146694,0.05538341885939759,0.05822416391510616,0.217915152718975,0.032619424600632656,0.05728064477201359,0.09783686958798071,0.031057330269186823,0.34389206745524054
0.16614530506376698,0.0681006201402291,0.0776722623456495,0.26170716133558525,0.03375123271202481,0.058693190028178445,0.09687249472612942,0.030435195957403766,0.20662253769103275
0.16903014735494715,0.08489978337339772,0.047341473720664655,0.1626370612788411,0.03981361692893084,0.062478897180893694,0.1388991961109935,0.1337503237644846,0.1611495002868468
0.11138534137005608,0.04666242187700653,0.028223028924713175,0.32647000221442246,0.029608416123911418,0.04947857507980915,0.0811435303693351,0.02718390160028039,0.29984478244046564
0.09396638558029528,0.18621847847985237,0.06174403909270837,0.047936430269404445,0.06762617727225191,0.1599120903986789,0.13719415115652114,0.18722773376526772,0.05817451398501992
0.21376073475975876,0.07790723317809417,0.044131983190469626,0.2021104460212276,0.058594004994428385,0.052844981780048324,0.10588697844138967,0.02492643500431571,0.21983720263026776
0.09526682340560498,0.2939722998891143,0.1320183199670909,0.06560469355051195,0.10040741276187559,0.07023706086650709,0.11406034218709543,0.048072589883538276,0.08036045748866148
0.13457572930232456,0.06036403605794564,0.04847593097989906,0.24042102741748528,0.033086603965396276,0.07203916174590448,0.109580796444273,0.041549526718552963,0.25990718736821866
0.06589831913855415,0.07478430221238147,0.2699307190947097,0.033523136824011396,0.25834524204119613,0.0453829925635551,0.10009992692829417,0.09252650802279927,0.059508853174498666
0.15555967703519705,0.07483732112399132,0.07291598758232752,0.28130648649671225,0.03536654725893098,0.06152717684622875,0.0964076736246283,0.0635025769928413,0.1585765530391425
0.08001342110725491,0.1319920360521448,0.3061731068271224,0.04478054855871932,0.031126691575237803,0.14212951793924458,0.14899627869928792,0.046273879887859824,0.0685145193531284
0.15560778803978834,0.066819635583552,0.04674859371783555,0.2532319753883642,0.05136252063963781,0.07518348680132121,0.10737530725638132,0.03602608550773093,0.20764460706538865
0.2958144456831254,0.06517187372292292,0.07492407153982271,0.05686288098606427,0.04245057885392869,0.07024036404067145,0.09551199154672851,0.05374058498147757,0.24528320864525835
0.08742387983758941,0.1018439640018969,0.3870975583704681,0.05123644713995825,0.06623693104463461,0.050409193507021756,0.1278380192807163,0.07288010548564607,0.0550339013320686
0.24087969138046064,0.08801693875057683,0.08041864885449539,0.23354165042746367,0.04501318292043068,0.07144546531083588,0.10898932152376868,0.06331803932693232,0.06837706150503595
0.08150720999723919,0.2523958642244292,0.3085102456064139,0.04950252452732621,0.02997145722060109,0.04900236111930025,0.13939812322653197,0.03972692998678085,0.04998528409137731
0.24250812881999584,0.08344267883228013,0.06461434167334716,0.07781519363395589,0.046758352571338535,0.07056686192285677,0.12210758519430286,0.051227542790026094,0.2409593145618966
0.16570075446543717,0.06362481160014151,0.06538696443194754,0.08210856956457128,0.03741317374893353,0.0656924885052826,0.09622679647916987,0.03732509628710196,0.3865213449174146
0.1538356887137122,0.059712874835078505,0.04259813039275236,0.3900553059481538,0.027939186286673284,0.06146438928120149,0.09194558038152793,0.026373501555798328,0.14607534260510213
0.17960598027655453,0.08920147533902423,0.08538978857230939,0.07263762079960133,0.04921606858620712,0.08310850954844425,0.11941342102196606,0.10590347660032635,0.21552365925556682
0.11867373866576238,0.055145338002462296,0.041232523064365915,0.3225339878109171,0.02831627962006114,0.05315521054244077,0.08662870589893738,0.01986101982637625,0.2744531965686768
0.17640503792911008,0.08402510067683135,0.06347226112563296,0.2474588769112799,0.051302199722138266,0.07058201171510504,0.13897477189053078,0.04995233509541457,0.11782740493395692
0.07549923867357715,0.15205381470539422,0.0728986982996805,0.031904618689950294,0.062627464302396,0.125741496420996,0.13776169478344458,0.2822779797821311,0.059234994342430125
0.1191883857185861,0.15387458767151105,0.1319501468865009,0.1318871759070334,0.052245345230658026,0.07437067906809693,0.11500802943301092,0.04918368676960654,0.1722919633149961
0.18290261934240903,0.06803994688396528,0.048578122121528206,0.35542330852695087,0.04179679088005761,0.056136542416781954,0.12240762284913877,0.0610979493416978,0.06361709763747057
0.1009437335292741,0.10533452025787622,0.25721641823954317,0.06863168653478297,0.129117970005859,0.09065110376369034,0.09231348655964977,0.05859194939413659,0.09719913171518779
0.08225830096920896,0.06111549024132745,0.04995610905630855,0.48451949765373775,0.028649233536914554,0.05624918440541068,0.10765032026463293,0.054389587447306785,0.07521227642515232
0.2027867973673436,0.07948568462723797,0.07369998545184736,0.30170366058022674,0.04691203856734402,0.07128924561066104,0.1089212117900961,0.04571028491769776,0.06949109108754538
0.13816081193953766,0.07696858844975767,0.10896843984725317,0.12630145601022968,0.04891846443197384,0.07290558427871567,0.1021344538412768,0.041856135163601614,0.2837860660376539
0.11701765728232062,0.12161899703690182,0.10245821202482308,0.10420330908489366,0.08501084080156178,0.11739096630628514,0.16174311169354882,0.055929091089779275,0.13462781467988585
0.14224441055266634,0.06478678707734355,0.046383141248288025,0.04577479283911618,0.07496795230624652,0.0654046783431135,0.12043674896874344,0.08858977627513372,0.3514117123893486
0.08894581810508995,0.26021074608134326,0.19967148925813402,0.03869653946732928,0.07537774428671327,0.11788365491342068,0.12078142790713332,0.04015162230408004,0.05828095767675614
0.16943479121748664,0.10502642149531888,0.10389887529924152,0.1257793631862676,0.06833459110314954,0.08044474611323059,0.12822948074389273,0.06325548295267586,0.15559624788873663
0.2093518887489866,0.07042450011398872,0.04974045480436223,0.3294614066918315,0.03387911519734998,0.059373793615795235,0.11988865442388262,0.02415462871969278,0.10372555768411044
0.13229535961944008,0.07925619941558183,0.0831381495449267,0.3066337162082349,0.06470010214943481,0.06204121296761215,0.1057045264278124,0.0420736732128821,0.12415706045407508
0.19734240905245584,0.05768227755739631,0.03962621946403416,0.12413882220413451,0.032820390248934427,0.06775709959638446,0.12199721091416808,0.04516350466420585,0.31347206629828633
0.09899386748444021,0.09136801705532648,0.11064557613493957,0.09912233146638201,0.11016047931493862,0.12602160078842908,0.13395600281471962,0.14033802971993628,0.08939409522088808
0.08624975531018599,0.07389975776333625,0.045002015897984894,0.25352774772394054,0.0447864107003877,0.05488759977108428,0.09410759712525112,0.03793188647586565,0.30960722923196343
0.20325075058290695,0.060045571608316604,0.04529670220016441,0.23368599870460308,0.022423981064027803,0.06111548974896855,0.13033413890785572,0.0459178299211351,0.19792953726202178
0.07705428049650022,0.2077544355454358,0.16024639869783866,0.027490282645592248,0.13012817991937695,0.05438950969486097,0.12050347074460886,0.15655922837077335,0.06587421388501292
0.19738920295545137,0.08376306342743815,0.07295980519169004,0.18162318303344116,0.04538550569703454,0.07628623293241864,0.11909552016749468,0.03678100722757783,0.18671647936745364
0.11188136883891442,0.07755040891750375,0.05767700990028376,0.34553370673182054,0.04064278313762054,0.06358836496687399,0.09796679585120187,0.04025165595297522,0.16490790570280586
0.07789170912317224,0.07519660742788824,0.07400419456249252,0.33750596756689105,0.043044539839398675,0.0634788308689206,0.0915033568581398,0.042221398746782705,0.19515339500631415
0.14568136802840706,0.04289905000324858,0.02478842563382479,0.30684184177873014,0.021396981225062294,0.045959382376610326,0.09278551144020471,0.06695615751873416,0.25269128199517804
0.09154654596975309,0.0586583271778838,0.03829106670749327,0.2507422937181,0.0374918129511164,0.06761606838915696,0.11121867390325374,0.04545247931227875,0.2989827318709641
0.26466687492268903,0.06092127379086204,0.04465487705684309,0.2139951061185186,0.03829820580755762,0.05998892656573104,0.10187065919961776,0.038741168750217776,0.17686290778796301
0.07427260856112403,0.05318107136707494,0.16956525660074448,0.03035021070818068,0.2042049768072496,0.22076310732764648,0.1029895281535233,0.09888532684320268,0.04578791363125373
0.11070470948139423,0.18863855603870436,0.10597975311241607,0.06777563697257159,0.09182516798671203,0.1450382740953251,0.11020636922771805,0.06854848843456124,0.11128304465059731
0.06742880954055024,0.13773119272532983,0.07594777117425351,0.02678231509384282,0.14509471150149403,0.25878910435179076,0.10299252666208158,0.1476458463577831,0.03758772259287422
0.08311680407421183,0.08868059533787287,0.1619917570130677,0.026769565974453968,0.24217639544966316,0.16466063519158844,0.12320091149172219,0.048807204320562014,0.06059613114685796
0.11148208617737643,0.05941428811846375,0.05494000873790463,0.3658446637783011,0.030085545133890973,0.05777191625843059,0.08278658922464474,0.031994148935299054,0.2056807536356887
0.2462902056889139,0.07810061238341821,0.03290065969532493,0.18731966265291564,0.0367714150774709,0.061901552390277226,0.13498768486793936,0.07038912126587503,0.15133908597786472
0.14319690157576834,0.05868883070225789,0.05296968324631804,0.2071724405803724,0.034239390301904434,0.06307513615734558,0.10065443342484846,0.03234447160236629,0.3076587124088186
0.11025317761295983,0.19605080304990696,0.11491091256807691,0.08772098550830208,0.11016840625092972,0.07077899094104445,0.11639887550307564,0.06519962958737707,0.1285182189783274
0.17014532130998283,0.08191075987067277,0.07575181149049347,0.23988621159413706,0.06385622213690235,0.0692716393786638,0.10686522768265956,0.04281634555840797,0.1494964609780802
0.08329401181298791,0.0619815334845625,0.05283860127858233,0.35683647626250553,0.03595400773346749,0.05546271685233397,0.08028406273513122,0.029427638367154663,0.24392095147327442
0.14985259278785307,0.078913687237636,0.05547938953210028,0.3363333955575017,0.038412459483373414,0.061987567869144194,0.11414817218961804,0.04072363792791992,0.12414909741485337
0.07238978042130696,0.06076615224358598,0.04324346321317742,0.23977872696120564,0.05201744767403762,0.05944870351197149,0.09733779058880598,0.05093644036068427,0.3240814950252246
0.10966788262168214,0.10156089800195796,0.11334698931466307,0.07795820273938468,0.1464302034314314,0.1186725341280071,0.14016436925310743,0.04918754262730407,0.14301137788246215
0.22119203256061437,0.07527703959243898,0.029060852677863364,0.039478943679662114,0.06792599080456498,0.06841162234182947,0.11600505479662944,0.052988810865704616,0.3296596526806927
0.12308967983030135,0.06534801660966687,0.06997243385649606,0.2637181723268742,0.044419531148810164,0.06715714423506113,0.09777403954474044,0.08284095073928766,0.18568003170876216
0.11581237578423037,0.11666362820599807,0.11642400910081507,0.09024730513285084,0.16022869841791684,0.08915493870167544,0.17177753957480968,0.031389270564393876,0.10830223451730976
0.05763865637758122,0.05242494278825016,0.04102906899783839,0.09010663792101518,0.03529385206377215,0.05697236132862681,0.09920454708527875,0.0445480310968303,0.5227819023408071
0.2549009013450177,0.0979541707966944,0.09258953597722186,0.07389264966373779,0.06393316560680627,0.08243969607213121,0.11681979475515586,0.059991424369476735,0.1574786614137582
0.11178649462848211,0.05785977586997095,0.034817166975724956,0.3767804632482868,0.02461461379967887,0.04631008450107485,0.08325915229211392,0.04319951878242596,0.22137272990224158
0.19857603015533834,0.1112958063877124,0.09677361990442652,0.0972689221642648,0.04496506156016341,0.07837904109817134,0.1337463154829205,0.060740310611983435,0.17825489263501923
0.08979517779160219,0.2034683283578728,0.22849416538418285,0.05821367506657136,0.05737853741621274,0.05850984624994665,0.14105615036503005,0.09566277652332816,0.06742134284525335
0.12215906506705644,0.05440348841025444,0.03041626741992437,0.25099046553717025,0.03195396127939321,0.04485179077614312,0.0995923614760232,0.02571882155031657,0.33991377848371834
0.11888213977703521,0.13381636113767967,0.1650287062888798,0.10617587854755828,0.09992186661750059,0.08045655618711763,0.10981419124185517,0.04112044639708076,0.14478385380529288
0.13324608498572799,0.10889474656402791,0.10467587780266678,0.07597916305419557,0.046487770524179926,0.08158580258808452,0.13119677124478246,0.08738548888781782,0.230548294348517
0.059248032607109306,0.062030184784860304,0.07229984193039315,0.022470182277494265,0.05108471903765577,0.13531687747132573,0.12868713865008083,0.4267598524178535,0.04210317082322717
0.25890947845925244,0.08535351724150757,0.07758612820014237,0.08766507395899621,0.047137009447609755,0.07570351875166272,0.11592808085302786,0.07549971974753962,0.17621747334026142
0.15353501051089313,0.08294460730001126,0.07073944144234914,0.36966530891138455,0.03938604628208598,0.06556703722878525,0.10227164243490237,0.04063405328341949,0.07525685260616886
0.061808233039549194,0.04664640241011314,0.02981125094261271,0.18806498792941784,0.030163552667991717,0.05556135458642033,0.13432481864846568,0.035820004264946366,0.41779939551048306
0.0897173141581734,0.12266463027280479,0.1283268553556177,0.04760085004022274,0.10124303963269506,0.2684844098388773,0.09993944385425528,0.07447134635849617,0.06755211048885755
0.07532239178107342,0.12005804140482061,0.3699262722273202,0.05963231843469977,0.03979730517714521,0.06952640697820432,0.14986127025711907,0.0616077232878266,0.0542682704517908
0.13573378300603248,0.08967084693086758,0.07565918392108056,0.21293188518783981,0.03793183658258702,0.07877467829862654,0.1235054316967404,0.0509837620588045,0.1948085923174211
0.15054846715423778,0.05755372198099149,0.06869288228364512,0.2931716431033698,0.04312411299354387,0.06715997471221946,0.09021626575534526,0.03447421184422048,0.19505872017242665
0.11569257798661142,0.17133659266436632,0.10602400218759257,0.10242898217718051,0.05851299069802662,0.09173230731571376,0.1314240554557337,0.04551081890555877,0.17733767260921626
0.1053294080529153,0.07417806455109403,0.062199682167324834,0.3341451465712564,0.054571723993414555,0.061473797982356776,0.1030804578106216,0.07188032887964463,0.13314138999137182
0.1076323736824909,0.17090642785113652,0.09595638886278851,0.0869722587313181,0.13532205383215498,0.11857595168858566,0.11238085894315425,0.04553641746140372,0.12671726894696725
0.12240744141376758,0.05968570776118968,0.05025752555659017,0.11832821537235301,0.045661980719785646,0.06577216898804052,0.10805405516728062,0.04183281494108968,0.38800009007990316
0.10690576036157144,0.18811567740349677,0.1867298117429742,0.10085113843726752,0.04417216909776644,0.08713879364613956,0.10300297683523285,0.05555270605567845,0.12753096641987283
0.12831752883683112,0.06227497128682558,0.03794543196586304,0.3598425453190918,0.03884354310478195,0.05652194514222528,0.09665337011978407,0.03732868083348483,0.1822719833911123
0.16759776357342684,0.06936856334443796,0.04962665110896924,0.41667935535930595,0.03840495171777767,0.05833093254224806,0.09539899096159075,0.06851139288815512,0.03608139850408839
0.08931423987353104,0.13412454093022141,0.24585650272893514,0.042266088881239415,0.11433070856809792,0.1512694608329317,0.1336335855300471,0.021620256258576137,0.06758461639642019
0.15663335335053782,0.07787058966883709,0.04783225880590671,0.1656024212185094,0.035402477407706495,0.05720348756250537,0.1421027186863583,0.05228784157626007,0.26506485172337885
0.14628216521342494,0.06781617072143926,0.07718757525439669,0.17249912917152033,0.041853037367752706,0.065529035663059,0.09700153232503698,0.07091602431880474,0.2609153299645654
0.06653393039625914,0.10392868429086982,0.11791781939035136,0.028280124142973918,0.08058284526083204,0.2520877004220858,0.18818978700118802,0.12284173903190339,0.039637370063536605
0.09457865520765295,0.11152900569729014,0.1285480481919626,0.058611820854496975,0.15757978159262487,0.13964764466940266,0.10538250878865012,0.12998194955620487,0.07414058544171483
0.06999748421197706,0.07924568512248391,0.2803041765959395,0.03360692701585519,0.1133616496086511,0.05966724132040672,0.10197604270413169,0.20168143104075462,0.06015936237980022
0.11828232415163675,0.06840187938407336,0.051953165772566125,0.289762669151231,0.04052630339007107,0.06504515742093715,0.12595037210060261,0.12693712093761303,0.1131410076912689
0.07989613223217962,0.19278291680665569,0.05762994760347518,0.03890276688755262,0.2564564719876204,0.18654252009412317,0.08396090624159691,0.04624054262641055,0.05758779552038582
0.07428534963708827,0.1365438728023662,0.33661329685495517,0.032593785773622735,0.14726897876609074,0.05182502276837566,0.12604381536002743,0.048935753148760204,0.04589012488871363
0.11079144725816543,0.14249718947243115,0.12927054186908804,0.08611883647832895,0.05490304427431895,0.149072347264308,0.12503213094687873,0.06775030150640042,0.1345641609300803
0.11080763228912908,0.17021086358459261,0.10613179963424091,0.08212967660331266,0.0899571725070758,0.08619415655390823,0.12410057343562723,0.11814586739663775,0.11232225799547572
0.17829695468059223,0.07006290720902829,0.05597977845241569,0.3064540796247414,0.037007550474284605,0.05915890630860821,0.09366575880249488,0.05769659721785487,0.1416774672299798
0.11226688274904388,0.0693071318880727,0.07953083466398664,0.2697579437445536,0.03871460259690099,0.06244227686588666,0.0914065451797423,0.059173030263552084,0.21740075204826118
0.0723337885283299,0.04706178950017118,0.023675580266967044,0.3924893470471424,0.027002206375587715,0.04672761619927499,0.08534783934041774,0.05167838214137475,0.2536834506007342
0.10734603338905084,0.12183812776530749,0.2933799830668273,0.07550733959110749,0.07519724636381851,0.05757979595973389,0.11413084207429669,0.06022503635395688,0.09479559543590092
0.11878500834814411,0.2531920141816035,0.10796837702272781,0.06420235974488092,0.12135783234351939,0.09880746591998481,0.09625449710654572,0.02733966924121987,0.11209277609137387
0.1302496682662743,0.08391279591286162,0.060565886474548664,0.2708082892620885,0.04224703341602534,0.06396923611738171,0.1376749793570908,0.06675340839042199,0.14381870280330708
0.09048065083739554,0.09800171461695024,0.07425640516957173,0.04823368663787992,0.18969347018937086,0.1485956145444171,0.11654055989068668,0.15637037569450515,0.07782752241922272
0.1625900900075987,0.0787731535258463,0.07423720173114724,0.20642711165792393,0.04070648677428682,0.061354119435692245,0.11222721827252191,0.08169923558149254,0.1819853830134902
0.2853414908709755,0.08723535141602545,0.07486232352836532,0.15766105472258188,0.04581193585107244,0.07531905167850171,0.11725847610812522,0.03880975465411946,0.11770056117023293
0.10681978709631684,0.05864274432721647,0.04655929542459439,0.3735569998437982,0.030850852018271913,0.05239007347126235,0.09999571301351273,0.019797859840090814,0.21138667496493624
0.16010584077314258,0.07489485592178907,0.06314485175261077,0.1926710293761994,0.05096213732196734,0.07386474231285142,0.14015840189886683,0.03947599552369706,0.20472214511887554
0.06439583138028808,0.19821966594938237,0.129465702542431,0.033004467252834284,0.052361563418097536,0.18718147713287833,0.11550578721945332,0.18043813449663784,0.039427370607997225
0.13474024669522452,0.06716182778159868,0.05473608436734517,0.31125140386604855,0.040565247915970847,0.061597893192165167,0.08962773080777597,0.08873431826186838,0.1515852471120027
0.07784093754262146,0.04836400792941281,0.0425322780272962,0.34817032587440533,0.0299110179676489,0.0527096374486912,0.08583732176746482,0.025512094115257872,0.2891223793272014
0.0684003406047164,0.13259151104260428,0.1670686071203414,0.028079820590020083,0.16411156791569484,0.2710478209057993,0.08613749584233299,0.017554021380649088,0.06500881459784151
0.0790733053307698,0.06846147062112241,0.11197173928196132,0.03844446908296074,0.05650570147364322,0.05140491652596474,0.13830055714882275,0.3598213126978829,0.09601652783687213
0.12858820512196614,0.06887659093055525,0.056593397794188406,0.22428860457089997,0.041523811816033415,0.06776409999806325,0.10688436895582072,0.051959913556364944,0.2535210072561078
0.11537001968840543,0.06349349797234156,0.06327259530136128,0.3383723028315187,0.03357472918643467,0.05994975936350048,0.0830223362908459,0.03147474760670118,0.2114700117588907
0.0921659464185114,0.1525574291534235,0.19989113186760307,0.048802301788949405,0.05278001106575691,0.1706592469967908,0.13984421579142106,0.045952785141115726,0.09734693177642818
0.13716480493194327,0.12587175075578208,0.07071810763709208,0.18210706855815484,0.05119077079476495,0.09228237514690558,0.11287492732255182,0.031373833330450636,0.19641636152235473
0.09721078584145759,0.12693723811601373,0.10978325575131774,0.05389930763263625,0.10222410730612395,0.28052099092957533,0.13228764735459045,0.027679782243909528,0.06945688482437538
0.09363238824332565,0.07257342456887532,0.06893672178392599,0.1396966126623115,0.03180678927651131,0.0698832848471116,0.1684558237428336,0.05895965907147458,0.29605529580363044
0.10811749488426292,0.1659650988418791,0.1333956645581822,0.07335189973190011,0.06555197272700226,0.10293242864128992,0.1212670912758456,0.09022677049442142,0.1391915788452165
0.10556878500069593,0.1311226720947739,0.15060305891670736,0.0791365081877159,0.0661315231947432,0.1483257914460375,0.10978713184073396,0.10416557439796748,0.10515895492062476
0.09813611548289447,0.15148969580510696,0.14231530289017885,0.05733139738333375,0.11829967362118927,0.06986827284850121,0.18440362486508768,0.11761989087004492,0.06053602623366294
0.19384094859486056,0.0735651884088916,0.07728246421491893,0.1170924139332465,0.042066418763403585,0.07304614165519317,0.09777097766198699,0.03811475233452344,0.2872206944329752
0.14385765110230345,0.08127093799086134,0.11697468086604328,0.1224099193335887,0.06313911793704297,0.06690442847805415,0.10778051893996114,0.06401211626877305,0.23365062908337195
0.06658296951817573,0.11949274704422368,0.07944139499435406,0.03227520204352441,0.08543690980659881,0.06838123237132664,0.12994691211112877,0.3394670545972032,0.07897557751346461
0.06034203865471682,0.052976428332482534,0.03989236413331032,0.019786183023413804,0.06917813416427225,0.1402002540718251,0.09721585180346999,0.4941148500354206,0.026293895781088584
0.1010630565234736,0.12479538356541153,0.15528202370038915,0.03340733907825621,0.21132457874658317,0.14480861353250843,0.11790943461386912,0.051546649042991534,0.05986292119651727
0.07007800456358647,0.0606866763559226,0.11228930862459674,0.04269738029941137,0.22885932670270429,0.17706291918309305,0.08495183613888597,0.1776822236344153,0.045692324497384106
0.0699914729873981,0.15241449400313392,0.05535561490639843,0.02930426888236971,0.2340935227496129,0.255723680276806,0.1091337298780269,0.051262621969624965,0.04272059434662905
0.07703990058293012,0.10104556005943754,0.10646575304239557,0.04829381255528509,0.2610768213595897,0.13628216029391355,0.09410734813050796,0.10232825270453659,0.07336039127140397
0.12676022586662333,0.08373436002363259,0.1315868455412769,0.08688868589098525,0.10367547231610615,0.10183340879563595,0.13925304348520356,0.08289426762605295,0.14337369045448337
0.09860378032104038,0.07019414100882047,0.0702227869555108,0.17534161944645935,0.04519830365569979,0.07342871112740554,0.09878332113118837,0.054881834843336606,0.3133455015105387
0.09346036286537986,0.09092711104048135,0.21638697145782623,0.07286353099524977,0.14963784601082053,0.09464840308125853,0.10475489239662256,0.083887541247453,0.0934333409049082
0.1245759338488827,0.08539185320800613,0.06902391476364127,0.25473793168182746,0.045544898149128786,0.07133566406980187,0.1237610247823165,0.056790650982404246,0.16883812851399102
0.11195924339446132,0.11310323159838372,0.17128894235630568,0.12679820314282983,0.04634447936230066,0.06735694795875757,0.12701543199827756,0.08020543597982467,0.15592808420885898
0.08565320419618476,0.2339462521096405,0.15470048363302913,0.04230167856418019,0.13912233744598337,0.13306192772263706,0.10881725335446361,0.041569475762070755,0.06082738721181058
0.14659303464547035,0.08179040788185549,0.08058276484274436,0.3288795073077649,0.04412424510826798,0.06667279939607204,0.09765197150206772,0.06351067675240517,0.090194592563352
0.120806144220669,0.07064859544339797,0.07631367335185481,0.11633850470312208,0.04277420921704828,0.07037906705432724,0.11599185780783773,0.08793548429607485,0.2988124639056679
0.12313419377189407,0.2093133215155629,0.18577180960182085,0.05684306266229242,0.060613355069906456,0.09203371478374989,0.1070853735190958,0.07579599302065154,0.08940917605502603
0.06521443511562863,0.06308360892299913,0.07902914592487163,0.03837606917031974,0.15172617991028337,0.08627256667503695,0.09786096045213828,0.367319199835013,0.051117833993709234
0.07690077652617029,0.19691610133265966,0.2207721385815947,0.048367770890716026,0.14294031243705071,0.06127312465767781,0.1094483966975055,0.0924525566376953,0.050928822238930055
0.09272583972580561,0.08708948065589406,0.07286905398978837,0.04630619749104415,0.1398813454606732,0.29780951898153774,0.12687460027821706,0.04892936543684548,0.08751459798019438
0.13408511241395485,0.0698537542956043,0.07532399010915063,0.24253998624375875,0.03813589698437208,0.06529333544179557,0.09088570109424005,0.034972850967613316,0.24890937244951053
0.19229510060796953,0.11800483189737813,0.0683042148124982,0.10140243254358182,0.06668966147901684,0.0732602484618403,0.11916543609508401,0.05458283914674047,0.20629523495589072
0.14138364841836626,0.07469273684004087,0.0570677449087143,0.2724089792697942,0.04464422416901909,0.06780801479443603,0.12528924750809523,0.07870967009816006,0.13799573399337406
0.1281145489217155,0.07735478826088114,0.05333416975363356,0.3790860937234449,0.05789909113348751,0.07100763053518898,0.11396919586523929,0.027256001012738756,0.09197848079367033
0.08356372769365135,0.0879959610165857,0.21892281754483275,0.04685630674954503,0.10658128685598695,0.1689244180002301,0.09898240075563669,0.11724020135121821,0.07093288003231324
0.08384451887322243,0.1408558500010469,0.19454618873150178,0.054055673510025624,0.0951899999921997,0.056096504456576705,0.14359669135064165,0.15335881391014158,0.07845575917464359
0.13512348309271227,0.20855487366515738,0.10805111839966204,0.04448063016266666,0.1594685276149311,0.06510935418128709,0.12590950966075112,0.10838786552414531,0.04491463769868711
0.05803270268739902,0.04546664954875884,0.14182027350997198,0.04526541881966111,0.01026275342801885,0.05416605039421648,0.1275836792495223,0.47066043643349015,0.04674203592896126
0.21362275014207968,0.07439543034701278,0.10052360076516592,0.10685725034184995,0.04301252652626958,0.07581607378546087,0.11984592733207526,0.03644904116547963,0.2294773995946063
0.1062676246476066,0.11299770582068473,0.19803332356337588,0.04674811723598169,0.16660301435390093,0.10851738802023574,0.1264868738079177,0.03802161289399242,0.09632433965630426
0.20779611147003596,0.06813487367895261,0.052819999364308666,0.2571404768611156,0.0362443142597029,0.06677509594107565,0.09982768637913826,0.03659440608888526,0.17466703595678504
0.19183129877828428,0.0940149397013983,0.10387190292928587,0.1156294409165055,0.05336321897338129,0.08213824492700035,0.11091127724950267,0.05211510765278158,0.19612456887186014
0.08381616747083596,0.09926795389071773,0.25109053296084366,0.03697664630354134,0.26103932302486105,0.053753814026609135,0.10956177739678097,0.03892572532996446,0.06556805959584584
0.20704749279364196,0.0567120620765,0.057552937017459345,0.13928119517290563,0.029382025959297304,0.06517872999956655,0.09675261962937205,0.03618363029367666,0.3119093070575804
0.0776793520402102,0.2843712616148994,0.13292197619871682,0.032212709211438754,0.08234333340137766,0.1458719975605173,0.11937594710150538,0.07254925555189035,0.05267416731944421
0.11202263178214078,0.06263952019785768,0.05047372719905785,0.3048418525133733,0.03217577047249888,0.06360835124490206,0.0929316350997184,0.030862868223322067,0.25044364326712903
0.08736788593436207,0.09732785493652274,0.21995491515767396,0.049460149405131,0.04515326670989286,0.25033981066614946,0.12927259844454253,0.0562799321430823,0.06484358660264315
0.19264123161145807,0.06467853553125824,0.034072595119840246,0.37678383513845654,0.03641733041109752,0.05456181590916645,0.11144804615342972,0.056672184263959306,0.07272442586133389
0.1988717747736287,0.0833097154434742,0.08322659808889867,0.18423486127859637,0.04845753975745488,0.07848955543023478,0.12073704838601529,0.045663970419382784,0.15700893642231437
0.1391439340772945,0.07565623966622541,0.0779152676050278,0.08018121417840111,0.0553108951009997,0.07038901245025929,0.09932560656790838,0.05648909474017938,0.34558873561370446
0.16748835249055805,0.07665353595502998,0.09394846663701863,0.10488679800380925,0.040724414923183044,0.07747790277351015,0.11247002194277189,0.053835794584265795,0.2725147126898532
0.20470655584953815,0.07621334533797346,0.055993447742932766,0.340856606074098,0.03423069350170438,0.059376894585422335,0.10693301319702246,0.02794855559052294,0.09374088812078546
0.13174395791865953,0.10900397804022378,0.15174381686881136,0.10603937448081109,0.06430859838956753,0.08418538005470007,0.14597092211389043,0.07983852726447227,0.1271654448688639
0.08603283684592983,0.1741608150231173,0.18681495724901084,0.0354029425915913,0.05269154872828774,0.1421583356238647,0.17688764907409651,0.0952752477800905,0.050575667084011365
0.19034769292060713,0.08050614280401454,0.06332324388187609,0.09686284564073211,0.061815032119441504,0.0753374540437833,0.11828485835168791,0.09201155059275566,0.22151117964510178
0.08067650874367582,0.10102867269846301,0.39400109882416273,0.05758558259053396,0.11373921748255252,0.057692860657092,0.09313773825247311,0.027467693432243867,0.07467062731880302
0.2426767529062963,0.05907384377516933,0.03434330704824898,0.24760194146438375,0.024373008975850253,0.05564131099740727,0.10759910709427638,0.027250261749548827,0.20144046598881893
0.09939591832171614,0.059479518647497016,0.052445912550816265,0.30926416839173837,0.03197311505950682,0.05370817367527856,0.08135516619895974,0.0392570335478336,0.2731209936066535
0.09755914988202996,0.05058182463934505,0.040106417639648076,0.4219349910979708,0.02691156780128498,0.049262640980442966,0.0754956747999229,0.022611096032264022,0.21553663712709126
0.174104504490826,0.08610679586546888,0.07276695752435076,0.09609815848835679,0.04115041227959874,0.06743511904592099,0.1637713296386623,0.04251671564178438,0.2560500070250311
0.1100690523457482,0.13062859351819736,0.0655562576389161,0.03730141176841741,0.17806833116895562,0.1079058784609274,0.12283464346481127,0.178019684438532,0.06961614719549464
0.05890024499505275,0.07849594836894479,0.15011496781095046,0.03001451116960122,0.05180542666319001,0.10780920460604841,0.11181482078813183,0.3410354606936341,0.07000941490444638
0.08298508168778153,0.21461030297960035,0.1494886304950315,0.03965518487659398,0.05081533442180423,0.14374429963219812,0.14130431704050903,0.12677135815734672,0.05062549070913455
0.0939729961790326,0.21268237553373268,0.21782988121052513,0.08015996916398295,0.039994953236451414,0.1223583148781801,0.1273684962956041,0.028061884701035267,0.07757112880145575
0.13350263455561687,0.06819855455334756,0.05600420418159822,0.3422396375213599,0.042582208085823865,0.05466111008474095,0.09935000051755712,0.03338556025787183,0.17007609024208362
0.14936570923582693,0.06364522859576895,0.05739079929788108,0.23642888958647998,0.03667659361993527,0.0676696192547019,0.0845557468205922,0.034026540690934026,0.2702408728978796
0.12583366889792724,0.04960233167962836,0.02853082059312247,0.548820343343523,0.011899507448057992,0.047158390371362456,0.10390200128084619,0.05368038503937119,0.03057255134616112
0.07952731924620346,0.12767573698094756,0.09367363151011442,0.04346325654763275,0.10302316385801576,0.14028651890513105,0.11068754844044865,0.2376811283183481,0.06398169619315824
0.17656996791722698,0.07576166986460159,0.06742476112684975,0.23814805972468625,0.04758932036797,0.06949530838873617,0.1017682784396975,0.04305726971801483,0.1801853644522169
0.22536064008891796,0.054530194114696305,0.040096548111668,0.2139418585682831,0.028631087054729224,0.05769391978375302,0.09402145564890751,0.024388819086820196,0.26133547754222464
0.051709018852998834,0.0849067982359165,0.19107354911313426,0.025059349144540808,0.011872231359148123,0.13177526851591678,0.1268435828109869,0.3285569203483171,0.04820328161904061
0.19647891356085076,0.05408133048058201,0.028483281370359867,0.16853316573389351,0.058313888215151766,0.06258501305339824,0.11847992780646072,0.043327540451467035,0.2697169393278362
0.22150791508733528,0.08543359365996772,0.08601189127693316,0.19779366280117275,0.03663980404330133,0.07130130870099873,0.14125535099424116,0.05834454195700701,0.10171193147904288
