0.13895521334363978,0.09712910126448641,0.11572633051097543,0.09571330257300019,0.2735515609613006,0.04930131178811831,0.049141595356317826,0.15752954856451648,0.022952035637645012
0.12841637273207349,0.08079436527377953,0.13281524204838324,0.04823029512690913,0.02490290837669849,0.07407457495594794,0.05474449623059583,0.14122884264430827,0.3147929026113041
0.09120877229454294,0.031096654292655863,0.32241618453577064,0.028658166874570592,0.15974996291529514,0.09990691470569746,0.05411000064116359,0.04225690822397255,0.17059643551633127
0.10876318605123048,0.10954726096681837,0.05631665496734641,0.2255021268386177,0.08744936995625281,0.23571872345353606,0.04404302393725903,0.10568642939671304,0.026973224432226144
0.1387810156109537,0.08180196887134684,0.12645235179722603,0.07552312815390382,0.11883535762961535,0.05749394564995408,0.05989278992110505,0.15951021312622343,0.1817092292396717
0.10403390691906496,0.04584998507908044,0.2286498361711485,0.042814153237192065,0.10368144028932935,0.0269382697281453,0.20684197753311492,0.03333878294076964,0.2078516481021548
0.1444270223747465,0.08655244461538812,0.14587147519750238,0.07116013525151141,0.0871445099508684,0.05888776888794853,0.17308054882043944,0.09422372342181323,0.13865237147978202
0.1441501425173057,0.08389793474120792,0.135692580781511,0.2316898783107372,0.027132827079035294,0.2004059707244592,0.05793226945300864,0.08316202133298957,0.03593637505974532
0.1514416150802812,0.07298270435898882,0.17257320983595018,0.08121359931309209,0.12132357786608554,0.0952510884997591,0.08784087528295176,0.05991884997786597,0.1574544797850254
0.14805014563528393,0.08025285699126383,0.10967116217153716,0.0978837525493488,0.0630161950067688,0.08240636987078652,0.06336150363329317,0.20788342899883752,0.14747458514288025
0.10890081033668264,0.04426906880791139,0.08765152039801583,0.04892242514884499,0.3315766520148858,0.24197696757903175,0.06655240623945886,0.036202489725560116,0.03394765974960857
0.11908599139041542,0.11042129353316409,0.10127815034532418,0.09920464172452463,0.3741957332500883,0.03749154198787146,0.046694993091333244,0.07607982655263928,0.03554782812463935
0.11479102224576776,0.0618905869984386,0.25374536381488855,0.06539168381365461,0.2562555195764225,0.028655275257677512,0.0820489458111779,0.05336156539856451,0.08386003708340806
0.13251151292539617,0.06717114805832715,0.10301926693845402,0.11037414498825404,0.10183213324450326,0.048135160822282086,0.12889633268767256,0.11725874544866899,0.19080155488644168
0.1257292025052922,0.05176986181088803,0.15647586178104758,0.17157956929534887,0.12049181267520892,0.18503282276110136,0.04038661801558077,0.09349475963023662,0.05503949152529559
0.09553790299934561,0.04280725706103553,0.05434215725654495,0.05080880286434009,0.43608505851844054,0.024924738870364272,0.04848721379108508,0.058429735635253034,0.1885771330035909
0.12070300386963767,0.1385776483979721,0.11813149444451058,0.08466535744393726,0.022035817531167342,0.20401687862931586,0.0522016803590403,0.21217418872771773,0.04749393059670128
0.07655832566402461,0.6291077067371884,0.03630813081446253,0.11184975718574837,0.032308301463886725,0.028573399514474768,0.03691001762481646,0.020920467301334743,0.027463893694063355
0.1089278923256699,0.04335001035756708,0.20400230036622233,0.2208452021076195,0.11498135105564933,0.11167436693386401,0.14500024185989469,0.039252612110171774,0.011966022883341504
0.10769616390681507,0.046270277028905536,0.09935801908379831,0.07740889274244288,0.1045576169846495,0.033018430798413774,0.38584485210742314,0.04793617533219836,0.09790957201535344
0.07769783146455207,0.03104757989864602,0.02800631400875263,0.06965005533531626,0.2745033364184963,0.44304691098817806,0.04013221924009288,0.021805224611170116,0.014110528034795665
0.14884212440827974,0.06409462040811627,0.19418697807048182,0.14511033415154675,0.00484087949774755,0.10987681887710109,0.047942305823014376,0.06979576781610881,0.21531017094760355
0.14214827463265564,0.06720143001911065,0.13749335283829964,0.12424151774973012,0.16544256751984387,0.03293100907980304,0.06190617859426498,0.1290271286584305,0.13960854090786154
0.13314073875761914,0.05612394560143665,0.12764100350178167,0.104400307097901,0.3047835371855559,0.04103497472204185,0.059700290071714866,0.09840290240874545,0.07477230065320341
0.09855756494555422,0.03866714727658906,0.10578766436377252,0.02659977815012475,0.1554706576857404,0.3906100850161629,0.06795834182521353,0.036405275454865854,0.07994348528197684
0.10339892166260445,0.046302369543361165,0.05137385473178572,0.04243744009997565,0.06167990036367938,0.10740944212288912,0.039785801129637206,0.114686118354183,0.43292615199188433
0.15107988243330048,0.1389411965506225,0.20985537933621434,0.07430123055544365,0.09037781114503685,0.039316302142211185,0.06814021830751117,0.09645248833668679,0.131535491192973
0.1264336224335049,0.052534948273325666,0.12091810399184026,0.0816750253436288,0.11604229596333465,0.08572325351019756,0.22153978724856763,0.044233000407300105,0.15089996282830043
0.1422863443111861,0.08573046847437155,0.12029316206751366,0.1293443011405185,0.12692534475202497,0.04699232701675856,0.06631007105369628,0.12578890715243954,0.15632907403149085
0.10242141017243349,0.04177210462116581,0.08797319886602739,0.10427095494849892,0.4138546527861618,0.0721049559711016,0.041984336376777766,0.026033772224230273,0.10958461403360294
0.11640644198938756,0.08804880593285215,0.09895314771768504,0.30139374503605226,0.02504068904742882,0.03995736354293985,0.056091666396956126,0.04869153298138159,0.22541660735531663
0.12000811010976893,0.07603369917255094,0.10206030924979485,0.150546011436843,0.02529874528298005,0.029329854440580266,0.05023854335760684,0.3819073425927497,0.06457738435712534
0.15968406634586682,0.12513376267560997,0.13297190957763882,0.12419977726078126,0.04740039159951829,0.04452657465650207,0.060770428023438385,0.21381239063468116,0.09150069922596321
0.16243686309041241,0.1022949159297128,0.17767322036547395,0.1563420587143477,0.1633625841641377,0.044893532624932585,0.058125885328904954,0.09571907954210679,0.03915186023997118
0.11402641712125207,0.04576647407013726,0.10628139135876742,0.10301504120899636,0.41691943529222925,0.09102938170521431,0.03694082105107614,0.02829258773984326,0.05772845045248384
0.13183783470984473,0.0669300351643039,0.10259770901269316,0.13469319134408206,0.13706747986689183,0.05762181488070268,0.09124088052861286,0.021977557651281926,0.2560334968415869
0.12273386577397098,0.07934752364056404,0.07316006261841736,0.31032559156586276,0.035013472302633276,0.22082095435557592,0.054173053504563196,0.04981302428649461,0.05461245195191794
0.08779801980152167,0.07181000763059812,0.051766667520121386,0.056800766979592666,0.01459107174546015,0.058535837233649135,0.033294471957710924,0.47292788913818606,0.15247526799315994
0.16991467332667587,0.13264546331118912,0.1686873198224316,0.19983629455056032,0.08504948106886716,0.08839970785961763,0.05907267563619709,0.07291367619376876,0.02348070823069247
0.09451034264067977,0.4788043518838194,0.05344926749462405,0.08128253625459257,0.031711568464806515,0.03559988347908831,0.04454669269228253,0.10231094327877306,0.07778441381133366
0.11934612620466965,0.05048279878515066,0.0805516618736417,0.10964145592407663,0.35225348195720724,0.03044773293155918,0.057983243208260836,0.07876073422347156,0.12053276489196252
0.1559828919354546,0.056020035909488376,0.12248110400406025,0.08189398232840893,0.054724587294957876,0.1117665565788581,0.060959092599285454,0.09796084043019325,0.25821090891929316
0.13576011818314293,0.05693033814792594,0.08193849019711229,0.07697125008208916,0.13168510540363412,0.07251083212515623,0.05833998355526196,0.08593206267607216,0.29993181962960525
0.1236627672131178,0.037130100432043116,0.07667510585526889,0.17985636606320007,0.03399762351292352,0.0335260174128957,0.04638650672670321,0.31286765907448455,0.15589785370936315
0.14016443594736774,0.08529792979935596,0.21224857088098895,0.3030036710461345,0.02142326042610621,0.04987390108050497,0.05688725626758356,0.10514654903511476,0.025954425516843415
0.10418654811060392,0.048645172811775945,0.0639879136982642,0.06663033080156607,0.39001490295251534,0.04983386560147554,0.04446283806071664,0.06804288615775649,0.16419554180532575
0.1151816432040255,0.050528293340872936,0.09185598420256087,0.09966749366964689,0.05260344552981943,0.04854389002519157,0.04480784499370946,0.46178481515427666,0.035026589879896736
0.1708927383179434,0.09760750673660333,0.1292463872430013,0.09305741350251684,0.07934305573845928,0.10902110180643887,0.07119360184587382,0.12169191478925885,0.12794628001990427
0.11178342002382047,0.04108378803896277,0.30530176329428466,0.17146082157156248,0.05268984336871696,0.018416958556659813,0.1565089589874617,0.050169595343278896,0.09258485081525235
0.11582103322877468,0.33382402394030297,0.07256956284564393,0.07922144072634656,0.05690730815511247,0.03409173106671338,0.05658364904411811,0.10268536543926876,0.14829588555371911
0.08637163963250395,0.03977406184320716,0.0834912180865488,0.3195740575178591,0.025904049967598528,0.3203882087206695,0.0459325534347553,0.06011153032274822,0.018452680474109355
0.13424612875208405,0.05640166887273742,0.09221748348196691,0.06314244529202215,0.06366240092166142,0.05414422364775758,0.05369831658960528,0.4200649912513102,0.062422341190854914
0.13925272399265243,0.08132310332173488,0.10743915097992719,0.06831849745809156,0.15597329103817367,0.18237750360879013,0.055098576814055854,0.1024843437528669,0.10773280903370737
0.1043847577484433,0.0462543358326917,0.22757514782001062,0.03312888504043307,0.17419854560839443,0.04753117397650674,0.12996768351843693,0.018563157980128513,0.2183963124749547
0.14838973799817282,0.09839767494452752,0.11685908404188161,0.19562412967670126,0.048030844323378945,0.052342718372453544,0.05888992952179863,0.2417673985952065,0.03969848252587912
0.16571239767939774,0.12574609285558505,0.1730671267644146,0.12167512770226918,0.18317031709422885,0.05501157251451886,0.06504971437130531,0.06868376834013083,0.04188388267814957
0.104548978224962,0.43105539008865246,0.07105376705654576,0.15623323889440502,0.03788183000495762,0.025852817125831484,0.04387184902547309,0.06776918689383447,0.06173294268533813
0.10438769674823374,0.0375745788743303,0.16364336985298072,0.055724690833033,0.10495709071406217,0.2245798429543134,0.1013394043661975,0.021288030363506974,0.18650529529334225
0.09254449757957352,0.04165833811467584,0.07704503027152282,0.06098703768106418,0.21960965880923555,0.418089966759386,0.03432149874239596,0.02909598965751826,0.02664798238462791
0.0752350173491656,0.037818418569399326,0.3129788903300285,0.030881031163006722,0.015714372129150802,0.17742681883379804,0.10474531708203198,0.028842656836412985,0.2163574777070061
0.12380928242085597,0.0735293009068474,0.0751048804620517,0.06649747391173863,0.1046956216954612,0.09098097874185569,0.056191622636486555,0.10772147963516908,0.3014693595895339
0.1243606292469537,0.054843531033788744,0.09226309811318144,0.10434449258834948,0.07313615545055503,0.041224446380734886,0.06076238712598627,0.35158958649863764,0.09747567356181282
0.12972970878616644,0.06585816990889219,0.06992043440709302,0.07546354371374081,0.16062760663517137,0.19012332596907652,0.05164152138297363,0.08553293779900256,0.17110275139788347
0.07539621518676208,0.023918936756046127,0.050500886885155506,0.31963503399282595,0.40101399565115114,0.05016642195226325,0.03504839879505992,0.015147448136320518,0.029172662644415565
0.12453569753821818,0.057483219650244666,0.14364518206834123,0.11085559554290614,0.12330546105238555,0.09102483498909009,0.07881033305745516,0.06997224301411624,0.20036743308724272
0.17997756832880793,0.18807723923898656,0.29689622930015563,0.09014350258959312,0.011986803768524519,0.04799945051078241,0.058144000805275105,0.09893055994650041,0.02784464551137435
0.09329524975511339,0.5043674434960168,0.05367843726753002,0.0432793694402784,0.037489876942861225,0.04897794981885825,0.04645664359682372,0.06163895850799147,0.1108160711745268
0.10567121161054327,0.052390315629693845,0.07258592176889568,0.07954821698542953,0.053702450576321066,0.42535210114443905,0.04387873013009813,0.14169829165814637,0.02517276049643295
0.15506586670221958,0.11848796829429951,0.227681876703129,0.14519927503942223,0.06522481929295493,0.10229216746637759,0.052488736453382444,0.12318889355840384,0.010370396489810883
0.14416551622008955,0.15688485197025603,0.22755475104276157,0.11888894401437373,0.12031847693392161,0.03132167791229585,0.052081503258543604,0.11831984607160206,0.03046443257615587
0.16748687001784715,0.13368931145812893,0.1485699538116563,0.0590282435274179,0.09122652956271465,0.1374752366413213,0.07688223370074329,0.10729393760049855,0.07834768367967189
0.10487171667279342,0.04563050064918678,0.07863087747815689,0.030661779229673964,0.26222024984359615,0.12594173384256324,0.14571464404613155,0.039721266581394424,0.16660723165650357
0.10957602139180041,0.04806956689598163,0.2735471597644415,0.10954904504748009,0.21786306807789493,0.03177004196825985,0.12478111499203648,0.059792759668508166,0.025051222193596918
0.08717691004044624,0.5394915072534626,0.043550478360818046,0.15454729400624173,0.018421205673691668,0.035274155339060705,0.03650843659569699,0.04722828514871732,0.037801727581864696
0.12023142185655324,0.06063526078754574,0.0746367732415917,0.03971617551451665,0.1576635398325325,0.09521637838723,0.05005846370085546,0.08398215179472172,0.31785983488445296
0.14187673071983653,0.10036372929403853,0.10478440773500648,0.15135464921859773,0.2121532220907056,0.043020273812611844,0.05784108367090727,0.14741147613768452,0.041194427320611515
0.11965750931437606,0.07255334685995951,0.0821904260095298,0.0680113450645734,0.06047898196267327,0.036655454539956174,0.057954913984010314,0.3584835747932294,0.14401444747169204
0.098780301240882,0.04724267107749761,0.07338911710892083,0.05834982056407872,0.28099134484644667,0.08000945342103043,0.043104236864964375,0.0517049404370725,0.2664281144391068
0.1312151188696117,0.03210895509690343,0.12343362495219083,0.059983390508216244,0.21417339488662124,0.10645496521914259,0.04369555899328236,0.028865187418251864,0.2600698040557797
0.1270167290088587,0.10531277456842869,0.09848514404324077,0.11182089779741228,0.07371711709099014,0.028676902874953208,0.05266471974377393,0.36175885505961675,0.04054685981272541
0.1544534168128399,0.09105733793409759,0.13045088236293922,0.12344866509101697,0.24449228921983746,0.10106253836073724,0.06313104995097536,0.045382538390220634,0.04652128187733564
0.13757138178497255,0.07309499515392268,0.21501833792791056,0.05893508558927954,0.16380248687938181,0.04508551228479276,0.11745744556874393,0.05480321617429015,0.13423153863670612
0.16014220860579842,0.06305136005771327,0.19434331941987124,0.10314756069946192,0.12346243047998495,0.06887425458022767,0.06049465587570463,0.1976902917837344,0.028793918497503537
0.09317180531753406,0.033153019342419016,0.12076819247291916,0.040142961463887766,0.20198724953230476,0.06787846157429754,0.09098158372627507,0.024792248581075375,0.32712447798928723
0.16860949462326616,0.06947968527592709,0.09928935983753993,0.23622080410944438,0.03482259642877933,0.08620420608945263,0.06810005562859917,0.0702434818789057,0.16703031612808564
0.14125002593781344,0.09372613272245044,0.09653672193007438,0.10234163711642742,0.0740958253850486,0.04931974484055653,0.06553658906010734,0.20154577448793676,0.1756475485195851
0.10527091510709645,0.04327343726884723,0.05292049514851487,0.08748465053594746,0.21524877055551625,0.08199052745880679,0.05215719434627713,0.051399834199168194,0.31025417537982564
0.1309658809454956,0.08580226426869801,0.09210020063838813,0.09916581997019774,0.050613294361847715,0.039459933328763255,0.06603098261888021,0.2759800133574882,0.15988161051024116
0.14691006956421382,0.15734894464266605,0.14260848791261346,0.07263907401705218,0.08508597906681348,0.057455542754729326,0.07076604580150696,0.14083018839333702,0.1263556678470677
0.1439697009014541,0.08999968778794154,0.08439546896411086,0.0842654991505312,0.06898877320244955,0.07962425477012201,0.07008557195967656,0.22946671663550802,0.14920432662820615
0.10736449632432121,0.05259067748272291,0.14368188715980265,0.06621718553962087,0.11750463533793766,0.028062355464683452,0.2836683227149152,0.04940786750254311,0.15150257247345286
0.09686595455055443,0.0409416792816309,0.0835306175275397,0.08709837593293825,0.029466987670178316,0.026044818829718635,0.04048529905294398,0.5326123407057481,0.06295392644874778
0.1513295339727035,0.09307294628741387,0.2769042992431849,0.0749167295646531,0.0091951758795139,0.029645764992687392,0.052122912602538825,0.28146140003779146,0.03135123741951315
0.1352208238372388,0.11369168803318074,0.07130349245876814,0.12726439502777892,0.041347297492708664,0.0479032718433686,0.05804954856724637,0.300326910633365,0.10489257210634474
0.14044639814372525,0.10432982705479286,0.09027350163536964,0.30578581569772983,0.060849654930445383,0.03099400208376292,0.05394961088835986,0.18414820933096665,0.029222980234847623
0.12262750804017553,0.047071006334684494,0.29849767252197573,0.034107876354911824,0.12013408503620536,0.12773410171703212,0.06871415927444774,0.049263495107291826,0.1318500956132753
0.13592242686180453,0.07602219955166757,0.10055947712489748,0.09289928109467116,0.05057013721351014,0.039149608925723355,0.06469589638241285,0.23102829607263362,0.20915267677267935
0.09721567900675214,0.0364437897112166,0.04824496536105285,0.08785015466257984,0.01821483900005277,0.05224489614123843,0.04166455333754115,0.3332993277845221,0.28482179499504406
0.11113105663996238,0.08369473173573812,0.14171091797196303,0.08056459457539819,0.030218397518184264,0.033698034258149046,0.04292044275699519,0.42439641521009414,0.051665409333515676
0.1359646962481792,0.10800818615215631,0.0890093755502948,0.08930650127249314,0.03858389067866446,0.04805149906144557,0.06339868318952335,0.21323655285386342,0.21444061499337974
0.12191301410670856,0.08019447016118714,0.07396151503689412,0.21436002441234384,0.04212107842994492,0.276575202512005,0.055391009745252746,0.06475173873461122,0.07073194686105248
0.13524030390355676,0.04513070491516468,0.08122112346838482,0.0720499483938921,0.037337328577666355,0.041346446067370264,0.06333398434041179,0.1617092498497306,0.3626309104838226
0.1133331600609706,0.09407318909410357,0.13620414059387967,0.11752707787380355,0.02507299896466167,0.035056709047503964,0.04467936064210717,0.40924406027648397,0.02480930344648603
0.1274296223833297,0.04356949252388349,0.11328133865997275,0.08836596600809075,0.11853322174767396,0.3731217611047077,0.05340075291812241,0.05351383061919288,0.028784014035026322
0.13802160299427566,0.09260058068268401,0.06928452652201779,0.0679912615318276,0.015610556860234355,0.08013090709648775,0.054225658105289974,0.09629519396086435,0.38583971224631847
0.09693830489904831,0.07052091797054695,0.0828044222472621,0.06423218225871334,0.5497390108879002,0.050799184724194923,0.03704417709210653,0.03635376239443211,0.011568037525795596
0.12389579863605883,0.05230752186987867,0.2007900967690134,0.08960912705322693,0.08068596715907006,0.026594241261236936,0.16369717860775346,0.05126306529193017,0.21115700335183155
0.10304181840941345,0.040898758544683105,0.1764493781591608,0.0720954191615576,0.11964048083808565,0.1502424973769993,0.12388583801006682,0.027289678196689943,0.18645613130334324
0.13535117943470076,0.17410214899482923,0.15609208651280507,0.05773660337867471,0.08827782912383413,0.03952947127637215,0.06607574444270942,0.08451973071463031,0.19831520612144424
0.1489391775939662,0.084139302604011,0.10281596904495449,0.06162007927963298,0.09784332053345596,0.03683811291680456,0.06385523049754059,0.10111843375173578,0.3028303737778985
0.15864779545839408,0.07899294367335954,0.2378382813754496,0.17887867172856406,0.08499296435041119,0.10179024883650717,0.06089189011171306,0.07680998364056714,0.02115722082503411
0.11585644563870083,0.04343276792019945,0.3052623157999716,0.10076773833305282,0.07105227748154937,0.2258572415453404,0.06807697320987928,0.032602545641686145,0.03709169442962014
0.10119334200195362,0.04251424533588238,0.04148785431616067,0.0803023883983094,0.11415094842950424,0.07931060909093957,0.04662409975036743,0.0688049735907716,0.4256115390861111
0.14909549433666172,0.06311645959722645,0.16506774492884915,0.05316419570319981,0.14943220476459995,0.2049870776159245,0.051379956306295105,0.05150261437268875,0.1122542523745545
0.12499520355230946,0.027179388075009015,0.04328797200258378,0.045331233701237185,0.18465218999225064,0.14882657747336658,0.04460898378237548,0.04730907376116413,0.3338093776597037
0.14515936818353245,0.049231661574042906,0.16537998522963224,0.1901156946889466,0.21392036864381545,0.06445558819032478,0.04829280874086019,0.10050768988530183,0.022936834863543667
0.14639273292873156,0.1021526098987578,0.09277985959783137,0.16164717052470445,0.04218495189851134,0.05423874461278314,0.06650283543194568,0.15977282050420305,0.1743282746025316
0.12893125990268942,0.073050336562155,0.1957274327412338,0.07494821467751443,0.11048592726928981,0.024218977583675624,0.153994963470181,0.07166752723403566,0.16697536055922532
0.08671523317687702,0.03776176645394584,0.15501324771497124,0.03539922426403641,0.047999555399078415,0.02078981315799718,0.3911163695235687,0.03293039436600267,0.19227439594352247
0.14093743183333748,0.18877623989475842,0.15941122710932157,0.21200495573693315,0.04009042982016522,0.031960137556468655,0.061461517465681216,0.08346193966050629,0.08189612092282804
0.07757207375511814,0.02107312838044471,0.07368897961157776,0.15331806997920305,0.1743673635679315,0.4316402596557485,0.03142622908670393,0.013099451489741546,0.02381444447353087
0.0929837039240281,0.03263207827522547,0.07860935962388992,0.03343404396681127,0.48105169339509235,0.06910788563448599,0.029619685733648957,0.027625897382233994,0.15493565206458396
0.14066219033911007,0.05147662568544817,0.11853419365667499,0.13738668195518913,0.035123298595409504,0.04750212636880811,0.05466343610091775,0.3174107414042529,0.09724070589418944
0.10667636472059461,0.1611967942865472,0.20238215309854146,0.17081211263003512,0.007438969529125927,0.08841820905524501,0.04191805693195555,0.20085976215027432,0.02029757759768083
0.1269061233597494,0.06277977715210568,0.09822900628610788,0.04976179927851255,0.13005327926562552,0.05626556811785042,0.1250308984728575,0.1842867919199734,0.16668675614721762
0.11917634448102964,0.06048061257821944,0.09092703884828564,0.05327722576066915,0.07331312349686979,0.24901066784750792,0.05946473726602261,0.07686747548687915,0.21748277423451667
0.08453646942930292,0.02996219724704662,0.04251462090504884,0.17439219381231508,0.008886954662462025,0.036110284069847676,0.034808848271576966,0.5661791741264554,0.0226092574759446
0.17352106566806916,0.0656917927141336,0.2194155600789416,0.17271076786119235,0.18383867976772938,0.05862199852645502,0.05863843748713644,0.049951321574017854,0.01761037632232454
0.11887861849553116,0.05458689963957044,0.20205841572166572,0.07827710245691423,0.1776912590542581,0.13240252035158293,0.13405055699163518,0.0555531412168613,0.04650148607198092
0.12561844031560246,0.06176511776923471,0.08935361129830399,0.15722730393170417,0.044795960014123615,0.04236471820941599,0.05992751815166736,0.28549166689654776,0.13345566341339996
0.16554925307618554,0.1464147403093177,0.10743805733885353,0.11995300382018197,0.0383168996795857,0.08332279964496664,0.06508522993469873,0.09266329379667232,0.1812567223995378
0.09300772350957585,0.05019801894937165,0.05765684900441315,0.08631202883898899,0.03172647111427499,0.05796531240508825,0.03932073926050526,0.4346955905418162,0.1491172663759656
0.08582472265797632,0.5749360320532056,0.04577691129672721,0.06254147399908737,0.035902896023117276,0.04041537239768426,0.040470319486690186,0.04684710264210105,0.06728516944341063
0.12257476972090875,0.059048048792776274,0.1896488354667638,0.04414190307492511,0.09970350568924559,0.13311368958926392,0.2343706738167192,0.031207351896116578,0.08619122195328077
0.08209235864694837,0.12250901515452339,0.060139329335413716,0.1054313812797167,0.06217970157290922,0.09355051441202378,0.03138597052029474,0.43563071160460964,0.0070810174735603665
0.08975164335361063,0.030874119834957327,0.09536044414357876,0.025665091728862166,0.1270733318827065,0.13282891685460282,0.0939790936643009,0.015542598437740572,0.3889247600996402
0.1294924126450903,0.059964446146090124,0.10644724896580153,0.08344753583374187,0.1843353265269907,0.041440842002259275,0.06117133168238489,0.2457385922723725,0.08796226392526889
0.10035118783087527,0.05227700733340888,0.05683326237908657,0.08547061796055094,0.09163256229153022,0.48140095951400635,0.04319279268001566,0.05603563181738872,0.03280597819313725
0.13859330293380154,0.0870483804315552,0.14645972554346345,0.10333118075352808,0.04560223507104846,0.0665379157873746,0.07589921568951795,0.15200639721727682,0.1845216465724339
