0.12191633393537733,0.06813860927606656,0.036531466556300934,0.24947079309612308,0.06406141359859942,0.10415781106352788,0.08011043072633935,0.16246274423803986,0.11315039750962556
0.10203346937600088,0.17529051649285318,0.04569554920599844,0.07968253015677139,0.09624589626537326,0.08649642263698104,0.028001032493998847,0.2536773070560954,0.13287727631592758
0.10558735048001953,0.13088220348189325,0.02615426513176954,0.12321018505633556,0.08339293662153636,0.10372481694171727,0.04969780475056581,0.2074192450934811,0.16993119244268154
0.12080566833455363,0.08278435843487834,0.06429896391693636,0.16244602700963037,0.09190286555855266,0.1404349279302308,0.1320884469709841,0.10387165752285392,0.1013670843213799
0.07367744307697122,0.4292762571519557,0.07507487634047479,0.013168976688162878,0.10259520259492634,0.20458853941667546,0.007697983652095899,0.03217771897929284,0.06174300209944484
0.15227544323829983,0.0733069434301071,0.1232397174130695,0.04327953724895894,0.06472879204556624,0.10891550703303281,0.040106216034871904,0.22629224557615957,0.1678555979799341
0.12236126656534564,0.1113589212519757,0.05743109834830196,0.10186768876409176,0.0753884138247561,0.0948483319153982,0.11062394325594649,0.2153666574839478,0.11075367859023638
0.07545761587279123,0.019641047580269595,0.4041971097964156,0.17726189830401162,0.02598951851988629,0.04237003815568779,0.0810705270052368,0.04762848595766783,0.12638375880803318
0.10243747332971036,0.05629811995909944,0.11188632463604316,0.3050262388537497,0.1487226370190407,0.08841442154787212,0.06370906360474053,0.028913321886093548,0.0945923991636504
0.12498273038258279,0.0743604753334833,0.04049989195509253,0.013739574358369843,0.06731962810585308,0.07145964287211937,0.0871110663484605,0.38764515826526696,0.13288183237877157
0.10644641094832791,0.06618014560233972,0.19343902809742977,0.1327511567496129,0.13008170711187106,0.07188208878119451,0.16136152640220863,0.04782483921379632,0.09003309709321922
0.14069043789977156,0.05926491120402455,0.049722202896095496,0.1401485586122848,0.0651171721109347,0.07848726025948087,0.04399808659750896,0.2863960262303579,0.13617534418954103
0.07653263750310806,0.022814949685340886,0.25629311453093767,0.12878523347781626,0.07651292294585459,0.06646366779511606,0.24049638541287355,0.03103555624730096,0.101065532401652
0.1185135782720906,0.2970935379779294,0.068260013379514,0.0306072791894679,0.11776336570483519,0.09137581090877132,0.030988061312705543,0.1303235596484755,0.11507479360621041
0.08389955601106447,0.3969404438977761,0.026743047035809323,0.03994567967642554,0.07604985855244732,0.06428971342760552,0.1009987655414772,0.11218063131072555,0.09895230454666899
0.08956831460805022,0.19782021989934936,0.023565117251696775,0.11578593641183414,0.08187954587322616,0.19546040119593802,0.10216153399585626,0.11936552217949441,0.07439340858455466
0.14380954934952858,0.1317334000882656,0.04459345929242734,0.13418562726557412,0.06297399626740785,0.11034385394920736,0.0382426690524074,0.15386337921594956,0.1802540655192322
0.144893280318828,0.35621651005937505,0.05108110139938424,0.022169485070397833,0.0718677522135322,0.06594546512951545,0.010754488131470752,0.1907172152582187,0.08635470241927777
0.15800961638549837,0.1434856069855028,0.0635253398247786,0.06600011832185654,0.0651620670109593,0.1007725747644825,0.06322153230850776,0.1929876439489876,0.14683550044942653
0.10486086435825977,0.03475858752632784,0.06883520359628119,0.12305110695386667,0.07328806560946373,0.09941144265047945,0.3143792210934206,0.04715330721565794,0.13426220099624278
0.17478571515968677,0.06676814341865518,0.06041455813415455,0.04138740125214228,0.07783040711960497,0.22234307329225741,0.03987133964509771,0.20406440842888776,0.11253495354951333
0.0740840874332482,0.16443492929123302,0.1431369267766404,0.13781546828068678,0.14651333271501157,0.11596387282388994,0.1210196864794441,0.02702006153688206,0.07001163466296394
0.157998772524599,0.04926710366573073,0.07176913586042799,0.09896352084811509,0.06111589784670126,0.07961963633096822,0.05890950952506426,0.28605499190869593,0.13630143148969753
0.12118962194450235,0.12636579168321516,0.1288154709541001,0.1189659324311489,0.08284207980946541,0.07796156751701837,0.05502017688568004,0.15216106956738729,0.13667828920748237
0.1360701628798404,0.03276589019305005,0.17890810125354487,0.11167029208621619,0.08236130439838023,0.11637102781011799,0.1636653606115538,0.061027376699235636,0.11716048406806075
0.11454657086373367,0.08702255780726091,0.051963447003517634,0.10335034092238775,0.09551896207277372,0.06851419508665053,0.09309414768557513,0.21452317918912697,0.17146659936897365
0.11423076587822241,0.09561483515603875,0.05930198005144468,0.11908282472176494,0.055194579999689734,0.08696011281263476,0.03449529812971448,0.25790542678973755,0.1772141764607527
0.0885405330046994,0.3260274140326868,0.019735682273542582,0.030932683493134588,0.1871174321285581,0.07510299180838981,0.053870517198420974,0.11249847683646474,0.10617426922410304
0.10660001495499109,0.305509581922137,0.07461238834830879,0.01965603174852225,0.08152103220118558,0.06282259776447517,0.05395323173208974,0.18350799294671413,0.11181712838157624
0.10250668550470084,0.24423902654509608,0.10731255385168008,0.023392090741277616,0.1375010498456758,0.16755953793650555,0.02030528434969352,0.0732345853050017,0.12394918592036881
0.10346288893904869,0.12671802743011965,0.051948074311255255,0.08454982944888444,0.08240971178626226,0.1592245472108211,0.06387776751239298,0.22126154206327797,0.10654761129793765
0.07880184131769136,0.01327101746877415,0.07580348970873618,0.05903982592099521,0.11133211419301754,0.1848097114783469,0.33682102288383087,0.020716665715912835,0.11940431131269492
0.13233768398905218,0.04676820014630815,0.3782011401900973,0.06966320482784771,0.02786463305252101,0.06655057924862946,0.02706588137462544,0.1447043433393768,0.1068443338315419
0.13042676143154466,0.04921614630011139,0.07501716207725408,0.12230507069617402,0.07064676521287681,0.144331213470704,0.13300082655527443,0.16082889755029373,0.11422715670576682
0.10582411687457555,0.049192083153890336,0.08674370569902912,0.12104464057183299,0.1090205180365692,0.08348126484798309,0.23262486624477682,0.10660800713502223,0.1054607974363206
0.07268346540540556,0.4794856284723466,0.11383742747551658,0.020067990149225435,0.13210089705237593,0.058685938655878435,0.005956012339633687,0.0610761038466712,0.05610653660294652
0.1962856975389666,0.08329961975392945,0.11305258663082353,0.04558568252968256,0.13263553800971736,0.13320041303764088,0.04224090601075453,0.144711791085236,0.10898776540324913
0.12165388656371157,0.07112744390100356,0.06661276270061756,0.20313364061635886,0.043159675897764094,0.1438663199194795,0.035081464222938015,0.17649662923547313,0.13886817694265377
0.10430504166914106,0.04366988152660043,0.06625141712950604,0.16586574646561922,0.07486684907001263,0.14622491047402367,0.1626039351267922,0.050485102383664916,0.18572711615463988
0.15783846498973284,0.05973937725031045,0.13318275930468895,0.1051258580493869,0.0688375249562635,0.07679430469637798,0.02664244741991573,0.25734801486271763,0.11449124847060599
0.13598134275223417,0.06498956055905676,0.11430241637296112,0.08150349720565601,0.10299079953342445,0.16251721377770761,0.04789394344026335,0.17814496469716345,0.11167626166153306
0.1001522097760052,0.05023605958597981,0.0935284132852753,0.39174488799780205,0.05426307197638299,0.0859841795734511,0.04417110619197912,0.08144556956237205,0.09847450205075232
0.14885636142051348,0.12029727198586009,0.0566430305369424,0.10376428700428536,0.05604536211124128,0.16204660263287976,0.050176048852987466,0.17769945369864368,0.1244715817566464
0.053157058758011605,0.012626767461373228,0.2641717730688737,0.1075931977667101,0.17573086038303762,0.10972238411484063,0.17591766155782493,0.044981281509470956,0.056099015379857314
0.12166433940285669,0.037391615649403555,0.11917536846611343,0.13774552130425494,0.07745938191036733,0.13386949488839708,0.2396714897417156,0.04139208164122223,0.09163070699566911
0.13605372986679212,0.10128209026421826,0.11628252689571282,0.08716172307997698,0.05185334092576493,0.09697996272234805,0.08262871489213956,0.2179429469992097,0.1098149643538376
0.10678214834166709,0.24189433635726632,0.05731440573465324,0.061606412704226156,0.18965841961582164,0.0777413734811606,0.06406956950305602,0.0579972133608927,0.14293612090125626
0.0656589124634007,0.39649136398854995,0.06449539191801194,0.015062150151356937,0.3153160752624129,0.03614874743031622,0.006297731883751737,0.041523901863350206,0.05900572503884935
0.15308252552503368,0.12001916382034017,0.030957542710857447,0.1180954560238074,0.11812326960417503,0.12290096980407801,0.05557644616645915,0.13344227441556133,0.14780235192968774
0.09640489030540504,0.2853797476924183,0.020992983800395267,0.03662070678797125,0.14398804971170417,0.10316887457116049,0.013091664300786914,0.2045942279459272,0.0957588548842313
0.06616880725383978,0.021553362825832936,0.17001443303716587,0.116290252557133,0.13575677380712806,0.14583480089519743,0.20055898997515176,0.02541705806309502,0.1184055215854561
0.13579373049640112,0.1073144197468171,0.14076762843860693,0.09257085367861358,0.06947315760562035,0.13353502963162422,0.06796920952801459,0.10530941301362717,0.14726655786067497
0.11927362715933339,0.18562195842478868,0.05856462540502311,0.08512643159659965,0.09816800923155362,0.10002341803724775,0.060728347120700486,0.1610230283550644,0.13147055466968893
0.0980451067385079,0.035620774978228444,0.08016797967135492,0.11393525825147773,0.1068395703225714,0.1268770384799537,0.23133399647781427,0.051859923705249666,0.15532035137484193
0.18424385301883353,0.06712515745307007,0.12483849685578352,0.05574630746086622,0.07105910657743454,0.09594534635512085,0.06614545385716748,0.1833591187656204,0.1515371596561033
0.060775411206173115,0.015741553607957,0.4737068717070619,0.02717055239704574,0.05514907593601046,0.06892086401014409,0.1357609990152346,0.06061793300460549,0.10215673911576766
0.1167434565505631,0.021670312433041947,0.1617779488788134,0.1252748610742653,0.0774061918941706,0.10118031775377691,0.2026194503417762,0.07096322655061689,0.12236423452297564
0.12902827049973525,0.39292791003837774,0.04371728136174308,0.06263916418444954,0.06362866495274058,0.06868754841085806,0.024353984121998264,0.11456010842240888,0.10045706800768876
0.13821859851573431,0.06901115574386185,0.04996974809780009,0.19893088777152193,0.05934707059625547,0.11641487174294908,0.079310989704771,0.11577312856192644,0.1730235492651799
0.10373178419508426,0.06336733514835631,0.24474082230819527,0.15185891742482158,0.07557792632519202,0.13844673522464154,0.058312209628162005,0.059260595393378836,0.10470367435216815
0.10290705664106843,0.03597519655890744,0.04937564124552774,0.38729185379189857,0.0708428177427447,0.14596433242785736,0.04091686167547323,0.06085139549572272,0.10587484442079982
0.09495862099206442,0.09717772310672425,0.06008913473182139,0.17348134121707703,0.12516615857678717,0.1410437017180025,0.17155582525072235,0.042360430196385024,0.09416706421041582
0.09992529772414166,0.10277652825672416,0.026147723289725897,0.06463102253231222,0.12873086478953485,0.13848859064216454,0.256872671657371,0.08532383809938655,0.09710346300863908
0.09777847331811028,0.09408131032803885,0.022862645377524648,0.20268880081015853,0.0628545199808617,0.11518497283834139,0.22513850470021743,0.027248623232687202,0.15216214941405995
0.09110366711849797,0.0660305901628006,0.04592574034296146,0.32801715976563023,0.07531766651695003,0.06397570367648442,0.14564723940642152,0.08213748117103721,0.10184475183921653
0.14514782027563375,0.17179505489731803,0.053328421129103215,0.1380457686226897,0.057812499146664816,0.11572346102184489,0.05846456497306881,0.09310017973996994,0.16658223019370688
0.09407639411718356,0.08275461256620877,0.46095403668047225,0.07573802505552331,0.07730823602570634,0.04757972995605093,0.027429744544139517,0.06896307948738328,0.06519614156733214
0.0739651548266775,0.021585501970605436,0.1527056715851899,0.07669209870050944,0.10516673347599413,0.051423366511299584,0.4138585745254419,0.011915794335575783,0.09268710406870628
0.1322887053878923,0.07915354560059283,0.0670215336207728,0.07138556731507122,0.048648766556539456,0.1808616546508961,0.03294537409019752,0.2686105597837958,0.11908429299424196
0.08104104367126735,0.26160016502799205,0.1056585347288969,0.05431606162171074,0.10406352196769551,0.11946175702697891,0.008677239481292972,0.18626052062430087,0.07892115584986466
0.14105942034817828,0.08631436477273052,0.1418513881169585,0.06168232358370212,0.06878260275306389,0.15561175506564962,0.05849083471695445,0.165074673111571,0.12113263753119163
0.05146693203729686,0.06178753332237522,0.1362536787501724,0.06146036393066185,0.15113479802557872,0.10371003687775039,0.32021955835128213,0.01302949625038694,0.10093760245449546
0.1332787052471418,0.05395870046094504,0.12799817855720433,0.08939199004713992,0.07354051317077086,0.0893415186449505,0.109574067973774,0.20416634258985333,0.11874998330822019
0.13114092211622785,0.09654782141779665,0.036240892812223896,0.04805002327116714,0.06847997449676525,0.07396491867953532,0.04072316705626263,0.36428435551064037,0.14056792463938092
0.10847804078287976,0.11264231597326768,0.10644974492080021,0.2239107006364991,0.09322810096714042,0.09983339276078047,0.05528419370082898,0.059175619702712505,0.14099789055509088
0.11820832093473858,0.1008446106708472,0.10924860245760233,0.04622368135986447,0.056878636414055384,0.09334228423935374,0.05253238721937246,0.3054978707125522,0.11722360599161367
0.1331951965454152,0.1377205162523882,0.10493244401892295,0.09483474888117065,0.059189885480885156,0.10834104319213107,0.03307347249663195,0.22624270105380817,0.10246999207864664
0.12476390915469406,0.19034871642894666,0.047177849638408105,0.06941352503610955,0.10957089039176375,0.1275890380306319,0.06270416009692426,0.11632960052801762,0.15210231069450408
0.08111337837053129,0.47757470310227457,0.08664269312652406,0.01800821781588971,0.20974127392358458,0.048831784564048096,0.004752442173447033,0.019916005964639646,0.05341950095906106
0.15071924470974415,0.0518083866445749,0.05288242186786884,0.15365008836860775,0.06179378138462449,0.0986003498637536,0.07242200351928535,0.2132097919735035,0.14491393166803745
0.11058816525466085,0.20901939685075996,0.045114044037384386,0.0778616797094586,0.07451950560633606,0.11502104597993013,0.03667244401338066,0.19222973288445955,0.1389739856636298
0.11774351695834788,0.03637522537937251,0.12391002172319905,0.05208414657720468,0.07084807161618363,0.14229722645227294,0.12373243691105078,0.22753923820239463,0.10547011617997389
0.14616730490281468,0.08904019162831346,0.04091862259175572,0.0814684385260001,0.08945320553576759,0.1235877002103072,0.0351102650554549,0.270373882977537,0.12388038857204937
0.12130616089055439,0.02760024574174629,0.019688219401937743,0.11942438510026064,0.04740124263915021,0.2493497728990127,0.2084065353820068,0.07290711901612991,0.1339163189292013
0.09965713241468332,0.04331955600680243,0.09887201627801556,0.09217103285387644,0.0935551282758258,0.06761408330107285,0.2764708989796247,0.10870878469659133,0.11963136719350764
0.09370733750300275,0.08408651952835126,0.20386396195011944,0.15641022140532138,0.12072621257140188,0.0680875465826328,0.08174847139524832,0.07753234863104534,0.11383738043287685
0.0774556107064641,0.016753362132427858,0.09149385063505507,0.05074640665502348,0.10320471909113908,0.07175674657420143,0.3841159578761067,0.03724837113282579,0.16722497519675641
0.14708865840860214,0.21306944146982057,0.043188267172848294,0.1352419911773209,0.056884673638723404,0.0802233630906793,0.017720340439055324,0.18987296276310373,0.11671030183984632
0.09060971541617228,0.12810556372607837,0.0897592481886398,0.1285623358723237,0.1584134920349431,0.23085077926966033,0.012490845070328554,0.08787325599179384,0.07333476443006
0.08802474310859999,0.03178055609960175,0.07062095671793227,0.19523682047925014,0.12851788966041935,0.21752510374642112,0.11958103185710739,0.05750025498200587,0.0912126433486621
0.10531453307963479,0.1091704024714751,0.07772829898221921,0.13203867177946974,0.07477327027468018,0.09499819229287777,0.10246585310942974,0.11377124622065331,0.18973953178956013
0.08742762389850954,0.017562776752428885,0.035928849429837706,0.36204266132262797,0.0965346344539677,0.06355966491613571,0.13058509107194646,0.09856122002510624,0.10779747812943981
0.12562165130462463,0.05604975142766261,0.16327136703607695,0.145330968001442,0.042542040351774675,0.11357092386410843,0.13630847883371564,0.13002201730866356,0.08728280187193159
0.061869594229937874,0.21775065216066372,0.16939623841911,0.04920488323939933,0.23205057164506548,0.05344552397169374,0.04923755283912109,0.03303544703056426,0.1340095364644445
0.14939597749953035,0.18081859411257603,0.08229699140976149,0.08775155001769887,0.09069739524613257,0.14267165987664784,0.015015939173181994,0.1340499676961949,0.11730192496827607
0.07765705076945932,0.07114823451866248,0.3967006357259432,0.057769772654457076,0.09368538660052032,0.050216475222393954,0.12630016492029478,0.04689126060910693,0.07963101897916199
0.15912352129165575,0.0831705099874968,0.1596336849196896,0.05314145403527199,0.07946839624740439,0.12978239812053985,0.056245363156896024,0.14231735532444992,0.1371173169165956
0.10801967558100645,0.04887197583832106,0.1328349171475806,0.0471439046277321,0.2188448603792518,0.09904406718251331,0.16794459650061686,0.02343719674009263,0.1538588060028852
0.0897739042736685,0.03199771578630314,0.447630646163465,0.11772774787111799,0.03747883755965059,0.05515032956135344,0.051309275434599295,0.07144555454258496,0.097485988807257
0.10162975385723268,0.07403660827744125,0.025224315584208182,0.09212053606169346,0.08942579670527802,0.25132011989537234,0.20253011227671747,0.04829207746668349,0.11542067987537308
0.08683462796780213,0.05404540265529156,0.0443106724227387,0.32672462954816467,0.15555521423110913,0.0629813986834904,0.12919451487336206,0.03947535161584446,0.10087818800219683
0.13820749918578143,0.2163437580613107,0.10759111882409807,0.05438792116112264,0.09876982728161839,0.12584552649609068,0.03379255955813487,0.10146104358163026,0.12360074585021295
0.13627836048219433,0.062407299692903546,0.0624078673279043,0.14606241189412916,0.05473976544039074,0.12564744750696027,0.06836164716003022,0.19079875682806866,0.1532964436674187
0.12388902299270087,0.026661818980440868,0.0538160496291973,0.07525186478467825,0.0964570852210853,0.1186931287145649,0.2860092283744109,0.05756285708577949,0.16165894421714214
0.11236571465215535,0.01995117299293592,0.05251590125953118,0.06963413663622937,0.08762945199864565,0.14347507456690659,0.31579161549203516,0.08483031986890337,0.11380661253265749
0.08131947287054285,0.034202955118288615,0.45689565919520675,0.1123297519756849,0.029622462866888365,0.03950137694214798,0.10170174308792973,0.05588545667860465,0.08854112126470615
0.15038652479687722,0.05173340942186705,0.08365552279554289,0.14382276747460315,0.07331959963982057,0.09974484920966893,0.06326980324378438,0.20419033549544718,0.1298771879223886
0.06217287905041901,0.013632835687805893,0.06368085775922024,0.4599012657610329,0.1412188415191493,0.08730884485184054,0.004683728958252992,0.10763930680252735,0.059761439609751756
0.1529300447114933,0.07478439186672656,0.10830952455586555,0.12606569122866185,0.08063356163081932,0.09810631155204926,0.05282317162614716,0.15290121578714674,0.15344608704109025
0.10922368985230653,0.06250159728654597,0.05543948342542027,0.15052888809538978,0.09409222473847785,0.23336149781616725,0.02339061813551789,0.1595397646334023,0.11192223601677216
0.13612656936959752,0.06882458296637646,0.05668474470658241,0.1367262841532357,0.05843419165058722,0.08861253767066528,0.08508142728939773,0.23661874579945788,0.13289091639409992
0.13591807431066946,0.0891148271122779,0.09607348406207605,0.1405414044831612,0.07688328125179116,0.14611087232973952,0.03948143426683296,0.16588812453851365,0.10998849764493802
0.1067619940237366,0.10652610854396088,0.07387494637197682,0.20426989090943326,0.10102589372292163,0.07189088462298203,0.018656505025532292,0.19622298202953933,0.12077079474991718
0.0937668591488946,0.06492776323702142,0.1799188137000908,0.17594041701941407,0.06744005829612848,0.10821959898134663,0.17416372441578817,0.03795295998786249,0.0976698052134534
0.10292915616805975,0.02963234084130025,0.4431859916787804,0.10167974712229633,0.028745660374314624,0.050527376180559795,0.04839984650910517,0.08370119552941573,0.11119868559616801
0.13776788572662468,0.20954084603974152,0.10413565389146844,0.08427371982110055,0.032601805944337155,0.06581039523384992,0.046718272728005224,0.21341266732814165,0.1057387532867309
0.13780731886130224,0.03950155655171305,0.13068608630294476,0.15237534512855253,0.0954882576552073,0.12303476611824594,0.08374056325140268,0.12226514420256658,0.115100961928065
0.15832712061161427,0.21328326718504867,0.04558987383696531,0.0379487605498832,0.08653820771691843,0.10783656901909738,0.03616945533732763,0.19152748089982552,0.12277926484331952
0.10850042429639765,0.0665471874145747,0.04227260529809068,0.07326637302329048,0.0996319891169028,0.33687729290413987,0.10295874797157888,0.05833858267436529,0.11160679730065959
0.11539946840651077,0.059500815866970015,0.04924703128734956,0.26352447867306567,0.08250155485404699,0.09375044520073567,0.03496721550001212,0.1939296892883671,0.1071793009229421
0.13172907183861993,0.22992416022746207,0.10165199472240961,0.06445793623028921,0.07903925750986766,0.06934877046029951,0.04298576514961455,0.1546361419596214,0.12622690190181607
0.12578208473012673,0.09601833266387005,0.042091278376171916,0.16156335784357836,0.05488238137037552,0.07751762044839722,0.21512599611226016,0.10089035606402948,0.1261285923911905
0.09208981280998597,0.10790584487548192,0.3767990137301309,0.07088752656654083,0.08951690306383008,0.06119411333173827,0.009424451863395501,0.11332743581205108,0.07885489794684537
0.06189651352490929,0.008595354380567325,0.07897423978197106,0.30096761513768583,0.17813502966639772,0.05582917139482879,0.006250463143019154,0.24093159168401032,0.06842002128661052
0.1197820618111393,0.07208289191179319,0.2646277437277755,0.056154326384920954,0.14260714197419677,0.09465714863362122,0.0929105439356593,0.052447889757323236,0.1047302518635705
0.07518463628986992,0.02403612162691059,0.03322395979325544,0.17899726950527542,0.05411846423964558,0.07548181018486895,0.34901609296222924,0.02058781909857355,0.18935382629937123
0.10017481428146806,0.0441020521013153,0.06333081846233507,0.08832570757692419,0.16603119477508216,0.14506036666109032,0.15137986982192378,0.14121266231946472,0.10038251400039643
0.10017462055078567,0.222159482571174,0.09867601929770194,0.1713540673428007,0.0709531198233451,0.0824801948948994,0.021531287755586326,0.12315264006553167,0.1095185676981752
0.15758648780650916,0.08320921733496052,0.08151154320662056,0.07077754067636732,0.1094012793471289,0.1170857640506633,0.11052566784002275,0.1488348565643304,0.12106764317339712
0.12180234380147448,0.07100893239480015,0.10070908127739416,0.10435792526550007,0.12417560772254732,0.09378196864153614,0.17394367704130734,0.09219066292047239,0.11802980093496801
0.11526064030379451,0.05926579857080629,0.05861922619731067,0.20135164710610945,0.040730144033958936,0.13834290053270099,0.19233703246582037,0.08971191057285621,0.10438070021664252
0.11321949776463981,0.18986887093535873,0.05388759030085144,0.11033620028409498,0.10000874089364287,0.07960057394397807,0.10842800810899451,0.07231098305461486,0.17233953471382477
0.16345142421312397,0.10890862190621385,0.09082540625392105,0.1081511205434126,0.11935251259418334,0.15121154430960787,0.03323512609311848,0.10458586034182636,0.12027838374459256
0.12520104738741264,0.04935755127254434,0.27047180747857263,0.09493017813554994,0.03494844882604763,0.10257952746109263,0.048637865023561995,0.1576242906061677,0.11624928380905053
0.12472306865247583,0.028383450554321083,0.041747977685769995,0.058699065045922316,0.055666190654791226,0.29708199576204203,0.06350832705251908,0.18557354295695075,0.14461638163520782
0.10710861873237743,0.03721429972865951,0.4435734397603275,0.10858510052483084,0.03981709982701106,0.06432849652538138,0.033398631472568795,0.0810949375837432,0.08487937584510032
0.10642791490587163,0.0416163665056207,0.4236575814708086,0.07741921397792015,0.03819078915722549,0.0638042654177834,0.02835877309181829,0.10283601294963929,0.11768908252331256
0.13820487024679798,0.049064785444724035,0.03328276859541418,0.07848536738189575,0.05532591380680896,0.08758324760439055,0.08984519341133096,0.29926801958649957,0.1689398339221381
0.10561925659942883,0.07218980517775293,0.16894961450038384,0.11613804474679358,0.05994068762732277,0.08110476660711355,0.12926818531733475,0.1007938589399579,0.1659957804839118
0.1156615535225571,0.21530534152110414,0.05250865123644103,0.16613811117813201,0.11934536799090655,0.07864952992081034,0.017288168239533438,0.09248378277727141,0.14261949361324397
0.08235517986471945,0.031258406006998356,0.07511601595421559,0.04941116223641129,0.07024594975532876,0.08072389625231216,0.432460547690432,0.05003937401880101,0.12838946822078132
0.14433833497039578,0.21071071612930414,0.0522897385914988,0.08627502772956774,0.18657731399470914,0.09858914408829701,0.020842384191077045,0.08312243519628004,0.11725490510887034
0.1256444020741154,0.07036550852469368,0.07695288506402621,0.07222693009711406,0.08785052853408803,0.15907261160664612,0.2266718779840939,0.04635817283197164,0.13485708328325094
0.08281471366008708,0.0829295705392906,0.04874974836665071,0.22709371726645786,0.06297204084134715,0.07167358464204109,0.26601015364767205,0.03447532764425168,0.12328114339220186
0.1148641597516767,0.14822754263366691,0.09312075420990874,0.09008494203063773,0.10947347683841913,0.11754226585457149,0.07146800781260919,0.13460602504168465,0.12061282582682543
0.06348310253788773,0.12188813819791629,0.11446771544386802,0.1428840167254381,0.3459507413014093,0.10344520568139122,0.0130866834070666,0.016767807138692862,0.07802658956632998
0.12875603839414654,0.09366302662875903,0.09676827055117554,0.05462916989940355,0.07524819216973275,0.08341908506979102,0.02755847651866154,0.34514707172704256,0.09481066904128743
0.10704114787971312,0.026129465364894102,0.16517864846263217,0.13465223129995427,0.15389363181316193,0.06445074717612538,0.02685907868828834,0.2171639670038877,0.10463108231134298
0.13401357143895318,0.056896969899729664,0.15985095965988924,0.15066377970599856,0.07946521168851665,0.10595954443295237,0.04056760583799919,0.15690268855381143,0.11567966878214973
0.10786846339572416,0.07029623363449915,0.07393300268476348,0.2952766091184226,0.06732438776530374,0.0911585239117109,0.039057743460977526,0.14428991763771495,0.11079511839088353
0.10613819947534547,0.029599420502747747,0.12210355145617828,0.2186038568823263,0.1340048621262152,0.10966922471043987,0.05726102085002552,0.12319229118241641,0.09942757281430514
0.11576310690552792,0.23214607137842871,0.06270115862906918,0.08601195528968857,0.10004473784510098,0.13470367368782193,0.030947128321789464,0.11960446583454876,0.11807770210802448
0.10783031036654178,0.10258313291935839,0.04229137550342207,0.3414575206036301,0.043840314884603264,0.06692941653642798,0.06195720879602035,0.12033352291825095,0.11277719747174525
0.12817311461650072,0.06622117367450965,0.025868263043317713,0.2580043483831144,0.06567257073357938,0.09156632439815345,0.05879102937836933,0.16261297659737042,0.14309019917508484
0.12383333501991918,0.05037548584110363,0.06967279562758961,0.1282910199629864,0.08502590870438781,0.15939677992000179,0.16966120763930673,0.07351662135993588,0.1402268459247689
0.05132610735761894,0.0422930712795238,0.053754892698440714,0.06901352192284323,0.4568409681551784,0.05887982194524518,0.014536979969303828,0.17197998976211762,0.08137464690972823
0.10749296713631541,0.03136919430639306,0.13707223986413172,0.069532288030948,0.10965582014381216,0.17913495268583338,0.1915600234706539,0.08815224122955649,0.08603027313235577
0.10626253014326703,0.04694777799407714,0.05782409046482804,0.2748348820642814,0.04837142488123022,0.11069201647859789,0.10438387851629528,0.14689507850764025,0.10378832094978262
0.12957467000087133,0.060661331492505376,0.2213941698137254,0.08873240720158156,0.04682348391863398,0.11787263004974415,0.08544459216316254,0.1255664194981268,0.12393029586164885
0.060799460709756135,0.11630262438590554,0.19112443758448613,0.10094463274608889,0.14888015086213482,0.0923176061973797,0.16624562341948854,0.04710426023591335,0.0762812038588469
0.12708261865199197,0.13059285855445013,0.035483437039650643,0.15765670332147527,0.06862212311845012,0.11302778929180585,0.0600216071922307,0.16756380345514532,0.13994905937479998
0.10966726226249494,0.18637153331562364,0.04379941749392279,0.11703135063668572,0.05206055581983592,0.12488106775337182,0.019153642022546647,0.26839237709122826,0.07864279360429015
0.07258502318557286,0.06833123809033893,0.45395107452338684,0.05844273508103309,0.16771209986460844,0.033153662710927255,0.030769981917690342,0.029086590434750283,0.08596759419169198
0.14454989195360854,0.06264141862719694,0.13400340782930195,0.10485414370776706,0.06529166455052807,0.06556186077345864,0.09722443474551823,0.1363508251550174,0.18952235265760323
0.06728147798585231,0.0781324237849978,0.014413876786804204,0.06017613202796306,0.11568839358109662,0.0852045304792969,0.42187796709590514,0.016980769795729003,0.140244428462355
0.16571993528075885,0.14574964210323782,0.056701399705794464,0.09178076640086393,0.0608865997404762,0.1599539864470901,0.02177315827416813,0.1962116214750016,0.10122289057260891
0.11006315559074285,0.048009336832883144,0.06169335843691604,0.20461911962048984,0.07985183506208728,0.15861026553957205,0.07102714985314673,0.12123009523014396,0.14489568383401807
0.13598438319045597,0.1346212898844014,0.0776610943750712,0.09561803387227581,0.09374086037556954,0.09475997029192557,0.08232372719149396,0.16087926073745293,0.1244113800813537
0.09578902698412335,0.06486856794694403,0.06580655186611699,0.16308178638502174,0.39027524609196007,0.07077997816259557,0.007793984102500844,0.024403761503594634,0.11720109695714274
0.12768999418623114,0.07126522296408734,0.11264020588772718,0.06547391385696656,0.05449129574698203,0.15780028361834697,0.05926157485526721,0.2232259903001028,0.12815151858428878
0.11913416961158448,0.08862071327033232,0.10542444672233076,0.12706676202212053,0.14290812169243236,0.07156568165772505,0.03261679279616901,0.20576582090937445,0.10689749131793114
0.11438999120794507,0.08896177467057348,0.059945659165373914,0.2128872998334045,0.057524429794899856,0.2035976208878405,0.06758324050088814,0.07651327326443928,0.11859671067463524
0.153696702122303,0.07727139236448716,0.1469188500471882,0.08794820263692439,0.053929491268096985,0.10936073079249344,0.08848116434905069,0.14367068437071548,0.1387227820487407
0.14542993459594267,0.10226150032420324,0.208705731103779,0.04547470899467277,0.1948460067966652,0.0991328024019394,0.01927757941401689,0.0926115422507079,0.09226019411807285
0.04832840962542945,0.2996628789329681,0.0647077710666595,0.03294178157080862,0.3306891652910227,0.09027683137451796,0.0610133440052413,0.018426701283045358,0.05395311685030707
0.11235507982261266,0.030315065638555613,0.022762406399747543,0.16825895959634407,0.04370956334814897,0.13713895675404789,0.2109632738171604,0.09843955409434159,0.1760571405290412
0.14805489159131097,0.06996778230187851,0.06410732490936914,0.13331614349648616,0.042266676663462184,0.06746309811491737,0.034626059858915516,0.2856620699919185,0.15453595307174164
0.059579847059020336,0.39149316732546513,0.036568143542701256,0.09063355783142685,0.25072513938892976,0.04979259642251061,0.006107279286555237,0.04669373503319124,0.06840653411019955
0.12015069472562168,0.2348577033323603,0.06415052814352173,0.07748372216213496,0.2636111260785066,0.08334558255032565,0.01975819336417502,0.029992716021581798,0.10664973362177226
0.15935892399198415,0.07485956465650669,0.1243106027828151,0.04784238118751578,0.05191713676576163,0.08070453097216056,0.08625328637640123,0.2514131361812933,0.1233404370855616
0.12569301509246736,0.15007496344072505,0.05616559005856476,0.06307234382781367,0.10216575200209821,0.17853872237296417,0.04605915834256019,0.14808433861029033,0.13014611625251618
0.09985260669735291,0.08305454605873555,0.07842245395544924,0.25950672378732004,0.06368020168826179,0.13653351442777442,0.03555028826987753,0.1578294332149809,0.08557023190024764
0.14667804955608182,0.17335598997900434,0.05063239950910468,0.11094078215064553,0.03433505787954221,0.10565840544769141,0.02433158144607365,0.21527170607553778,0.1387960279563186
0.1053558212164376,0.03400323931917303,0.0468001758954139,0.2796283033650265,0.06522155703545118,0.1068163212847615,0.05970417173596618,0.18103681712913375,0.12143359301863631
0.16889852319181078,0.28808897274606277,0.026906568922591228,0.02931427178005436,0.13776034568929693,0.0753210869356926,0.1023458131409505,0.04176455232989094,0.1295998652636499
0.09995097631162601,0.04843747632045517,0.2098928310402355,0.13388312793976945,0.07643629465859281,0.11172116371522857,0.12462811533636763,0.07092220342801211,0.12412781124971274
0.12873011838402273,0.020323812283905136,0.06611112125915401,0.1957162130063628,0.06574840496951029,0.15838780193025984,0.18549531364437663,0.056339696151324566,0.12314751837108402
0.12060552321792843,0.02701840405025124,0.07605836362766757,0.15085391958849023,0.0910123406120284,0.2200555961109967,0.11051279633374418,0.10563395287293258,0.09824910358596067
0.1393790880949053,0.06968186780590323,0.07586464382311027,0.06370534663557925,0.061137739317883986,0.08097668960192117,0.20660311203215276,0.14920245640475052,0.15344905628379357
0.11079830695834386,0.13457269212667253,0.13860967355130838,0.13601499822512933,0.08792364280456144,0.07199905639828653,0.03418543974617534,0.15764402633497998,0.12825216385454263
0.10080436537793545,0.03715382207776125,0.12611743290655592,0.15474346620622298,0.11742442624989763,0.09152210376948822,0.1271491446282551,0.08549400387116635,0.1595912349127171
0.10042150642845209,0.04557194009947798,0.241467040488527,0.17004517896247542,0.1469401951553845,0.0645011964937494,0.10746584795398767,0.03484388751866591,0.08874320689928006
0.058730136262054776,0.022849429841555153,0.183053921038118,0.051351118332979416,0.05069678520590821,0.06656764525895419,0.43414858165466924,0.017675393605969952,0.11492698879979112
0.09574436579453109,0.05520025800423131,0.05850584916240447,0.2835259057830241,0.12964864658500244,0.07903182426496695,0.03192255834624927,0.14420931097617792,0.12221128108341246
0.1599352775729993,0.0742717706626319,0.1564954428392926,0.12073102122201611,0.07228223390251802,0.09024247508617916,0.03113719206739861,0.1820130277758337,0.11289155887113062
0.07144131799898361,0.03964869684490849,0.07176562355954344,0.10552267743543127,0.09333803784561544,0.07040245053736321,0.387171330382994,0.036345922401379654,0.12436394299378084
0.07940148359555778,0.17272937419055964,0.20775540124915873,0.16078258849910068,0.08484910080279222,0.07132887306228952,0.07575264171476412,0.056654431479069504,0.09074610540670776
0.11232197863892529,0.11847592421040365,0.08163010515583252,0.12298414135186764,0.22230029272218596,0.12087303462196657,0.006524815745682498,0.13794600676793242,0.07694370078520348
0.06975394480324518,0.019051246360914858,0.1931067744274211,0.0676692830849903,0.13022470821849605,0.13747708354829727,0.2650934581870627,0.02082741454493298,0.09679608682463964
0.08743710347361426,0.19918710130471742,0.4147116538229703,0.02673933833997154,0.09682485567452036,0.0663557811513192,0.006541199315910212,0.04006429038359259,0.06213867653338422
0.1371159253366786,0.1419559948596529,0.058040439747650885,0.08217900984284765,0.11863763666207323,0.08447317827725537,0.14554416519437172,0.11642964156470774,0.1156240085147619
0.1354234072429491,0.07396764810372657,0.04615604749297871,0.20352466933277225,0.06079367809568273,0.13139720205815894,0.07645644148364644,0.15657648954626216,0.11570441664382303
0.10781458293681957,0.052759861667129836,0.05773627493998278,0.18114670231003052,0.10159223652727191,0.08583953179591713,0.09664300969118235,0.1653991987125332,0.15106860141913264
0.09488703291130517,0.04681666165763892,0.19442865611284513,0.10926212073022586,0.07126434260554326,0.05154720034338076,0.2817100037601972,0.06145262183059962,0.0886313600482641
0.10304933788078204,0.1920113306097783,0.24725237437357037,0.049541287691010766,0.13536101148282711,0.06806096027425958,0.010182373697482115,0.10827485855831037,0.08626646543197937
0.12285098406245998,0.10471478578842863,0.031194418500045087,0.18266804537507095,0.1697248051994988,0.11605094264221964,0.14534303362630002,0.01941821486926731,0.10803476993670968
0.1154517966073847,0.03814345804555649,0.335693477512113,0.08689049415337402,0.033455867147213034,0.05506345090043646,0.0668206964138584,0.1582497794568002,0.1102309797632638
0.134784106134375,0.13873328556519837,0.06988016578653704,0.12999007560585724,0.03759656323472089,0.06067826627595573,0.022051307470212996,0.2555314930275345,0.1507547368996083
0.044641113455791526,0.11638750093286258,0.02375159748476811,0.015313060103808604,0.40345333411834255,0.16426769254380133,0.07189532232612887,0.08784392578848722,0.07244645324600912
0.12957855481918337,0.0817267270397724,0.15325774262475997,0.13164811519202288,0.07701983250404243,0.09530781692031391,0.026112510015027537,0.15358292583862407,0.15176577504625346
0.10917492948564571,0.03381643950799096,0.11389248249347722,0.14203292570102033,0.08894455414678319,0.14250064915382246,0.1125686727898888,0.15529353651664077,0.10177581020473053
