0.07733504056351495,0.11819015683074192,0.14143157656489913,0.16376861143556398,0.07293516013200396,0.22375780809016257,0.0643517016969047,0.07330497154740544,0.06492497313880331
0.08945524546348078,0.08718646127875011,0.14861880516977463,0.2034505103072625,0.09985266126710718,0.03226161662599291,0.09922525005303767,0.08795940954709718,0.15199004028749696
0.13601537283620824,0.15761099675373505,0.04540524791660927,0.15949104060977662,0.13790171992080216,0.06227405118731649,0.1361884201710524,0.08209978310538063,0.08301336749911913
0.07437090677748287,0.044301293145073216,0.13536911577284394,0.24983359778517342,0.0637303309429056,0.02787067609598001,0.06191943214024483,0.04240840429763218,0.300196243042664
0.07921650212620386,0.07515503931302477,0.13904415297768724,0.07037572656636064,0.08323257072369482,0.1852333943438316,0.10383581501430128,0.1702169340360574,0.0936898648988385
0.11909813833810691,0.11655296388464603,0.14759808830474475,0.09074457722494424,0.1218275536029404,0.06124381429600564,0.13423142633779986,0.10840150318839713,0.10030193482241502
0.12094016355269792,0.14516882852144627,0.11523640556694693,0.0588027352916203,0.11638376248377967,0.1541789384804197,0.12980739202313404,0.09526993714525393,0.06421183693470123
0.10300123610470725,0.19009977781823398,0.21297408576813812,0.05580836304659053,0.10549959683316394,0.04689384309260237,0.13369245488334439,0.09518642704708609,0.05684421540613329
0.10220032332465755,0.11024439697076417,0.17911872228453687,0.03943233394808009,0.1249579584638501,0.11666458069932274,0.12791904877003818,0.03679415822930833,0.16266847730944192
0.13240637472663308,0.2517326490229665,0.10348362935968476,0.11806006664262121,0.09260578440419893,0.034992200346945286,0.1363312584138053,0.0616453555952735,0.06874268148787144
0.1639567260272123,0.11512378717004697,0.07079298633345892,0.073369899120576,0.1293575223859257,0.07796394252902998,0.1551389870429289,0.1183352194299941,0.09596092996082706
0.0983075234440592,0.11627033710361212,0.25238347700261504,0.1329063539188808,0.08509321370565265,0.0760101904448406,0.1340250844224966,0.06396848010829413,0.041035339849548776
0.07383623030842583,0.05669592817647821,0.09627966676082066,0.3639315383939315,0.09729812637306239,0.10942123961837173,0.06934686769277618,0.06686861251313987,0.06632179016299355
0.11633208620937606,0.11104456043459521,0.12321100370603238,0.09865304992224015,0.08354330136105155,0.0954259628008451,0.09794314238315059,0.09777370826212868,0.17607318492058024
0.1466294515955645,0.13948534253621112,0.0719921584146695,0.14562196918739848,0.1070645022928009,0.11194537396896653,0.12702775920943743,0.09224426030915926,0.05798918248579236
0.1416604322629427,0.0941824069060978,0.10966816258792449,0.0341865786178796,0.05385836136179945,0.3009476175210382,0.14070444211256597,0.06604899483515474,0.05874300379459698
0.12493030404325721,0.10908085736047037,0.2063664362184582,0.06218227619588682,0.12214528143432284,0.07933123140240947,0.12970693094827154,0.09548796491718649,0.07076871747973695
0.10104750171835498,0.08598938805212465,0.1681351325033671,0.13690844898914856,0.08828043882297011,0.058431353034389066,0.11215335053394436,0.12251280020403359,0.12654158614166752
0.1534333801934498,0.21808189577029335,0.09381810060597724,0.05718153141069416,0.113438603706166,0.06768913138052635,0.10877580120974943,0.10423220431134939,0.08334935141179427
0.12950094213486432,0.09965094496146466,0.147016435363922,0.09453773053639224,0.10540480480929747,0.10031205776518842,0.09018173135030387,0.05871430365931573,0.1746810494192513
0.15807485757057074,0.10532720050075546,0.0972087473809715,0.13774757382550434,0.13243808639127108,0.08356494232402405,0.17604341140325017,0.059783286818051756,0.049811893785600934
0.0962106637400949,0.08383202715973642,0.12510055820888347,0.24833604723686623,0.10398401408100515,0.03628893407632274,0.0873538543390963,0.09426102950062454,0.12463287165737019
0.13244592726081764,0.15403332734675076,0.08209953143170697,0.08056491341958581,0.08964431764235808,0.12276941386935508,0.14433877062030448,0.11808411448621735,0.07601968392290388
0.09220558703151316,0.10382715591066578,0.19549264266443586,0.0915166078734133,0.09747683930635724,0.06428073468072566,0.08971765632363399,0.09306582975670293,0.1724169464525521
0.11723288947452354,0.11835494398124613,0.05639259018769155,0.061339973679606884,0.11364814997324696,0.09705466750290022,0.15915363193941842,0.16944332159977785,0.10737983166158843
0.11369398456985925,0.08817640753503803,0.1447808354430323,0.06618126498824405,0.05820245610510267,0.2258843869861589,0.10980869917384185,0.10072364871703032,0.09254831648169266
0.13572330946766317,0.11943372394874653,0.1123741157054715,0.0759860190520206,0.21356408774723692,0.04193458904503546,0.1447887194934515,0.07965419279153729,0.07654124274883696
0.11121883530001427,0.10651178308154663,0.14040589760968622,0.12679551453115534,0.10802686823050282,0.04053998471834636,0.11432512341879154,0.12254308647974038,0.12963290663021645
0.09304066268384203,0.12835511423057275,0.10234085704838812,0.1851373929273907,0.07810643830800751,0.08992725828446102,0.08582710593899386,0.17021507264810765,0.06705009793023643
0.11876062534041339,0.12996982079600172,0.0885926110706526,0.1984651815272009,0.14584331681152082,0.04073207233577182,0.10774363476650349,0.0691763540790326,0.10071638327290272
0.146085802001628,0.15339933616875137,0.05580903345116537,0.12881655351594898,0.13696242625914196,0.038695442175475575,0.14639508192794007,0.10380106613924045,0.0900352583607082
0.10216432794105962,0.10301703581304907,0.12358688044153292,0.050623711774060394,0.11100176884002862,0.10630220908842412,0.1333652158558557,0.1187496524422997,0.1511891978036899
0.0872113264933156,0.1285846474848038,0.12447837327302815,0.04576977983097807,0.0967478376022236,0.2493405332737879,0.13083827359775033,0.05439258180875184,0.08263664663536069
0.09203792111851732,0.10628305041478488,0.14752947464286767,0.07685399473337329,0.17341910236293576,0.019272266390215172,0.13962146731244687,0.10851978188811506,0.13646294113674395
0.12306749922842042,0.1175604707909688,0.11716364683905117,0.20073833941752728,0.08866543557016976,0.009510944092509813,0.07861788488695474,0.058757379631018326,0.20591839954337976
0.12578318454923318,0.09874318271672394,0.132553448581923,0.05143604374172814,0.12313253063804763,0.09974896365699802,0.11915128415101324,0.1038364546187693,0.1456149073455635
0.11766394493555017,0.10067176194778722,0.14366772497604352,0.20845797241526245,0.0729529912932453,0.028177178070863045,0.09094523919036292,0.07262212120934815,0.16484106596153714
0.13306309742314706,0.15972782410851835,0.09688060735435823,0.05486223458982201,0.1624930506450646,0.11144786814021419,0.1424078774526674,0.08286636514956823,0.05625107513663996
