0.09655561502404814,0.2951878814810789,0.08987826691030565,0.08158613301430712,0.08186972483840532,0.06789419476234858,0.09244848059635102,0.10717187912859427,0.087407824244561
0.12111505926994659,0.06947290759586798,0.10451847941278529,0.2221442871205008,0.06889431338376835,0.11541175719341018,0.10917420291236941,0.13365538599676782,0.05561360711458363
0.12480103204281674,0.0971118927943979,0.1893213805527353,0.07939305956461475,0.04414545063315791,0.12960779496558417,0.12955131590356253,0.13736262639333252,0.0687054471497982
0.12300093034833022,0.13039776844364134,0.09889656076235255,0.11239329698465557,0.08986908239662605,0.06693024127023713,0.13254152737541428,0.1436577280080312,0.10231286441071162
0.12776551571331654,0.11449238364099301,0.07848525798547265,0.17523833790486854,0.15973859226140494,0.05924997039188756,0.11781699003196272,0.08653681554375793,0.08067613652633605
0.11472156963103648,0.09147614715940044,0.09386536057356733,0.13137806643118566,0.07103147825843999,0.15306164474180597,0.10128921738948808,0.1273689891410292,0.11580752667404666
0.1360338459418579,0.051159100322865615,0.12574747939311745,0.0866288181765742,0.05724530100169711,0.1200878522344196,0.14862653808952073,0.14033055895596588,0.1341405058839815
0.11986456148287793,0.08799814501210691,0.20471044826756857,0.08923729435928789,0.15129420454039016,0.07829705833322768,0.10689095422670793,0.09245495802644027,0.06925237575139266
0.1389595632187635,0.09943585616887775,0.08985390225828405,0.10700877672646035,0.050498681634939833,0.11756872631949529,0.11895146471730357,0.16121192979896845,0.11651109915690723
0.11536177519567609,0.020585745711503147,0.13212536914338946,0.12698588421165988,0.0857645204805642,0.18224393342283873,0.11513801812999575,0.13731949514576855,0.08447525855860429
0.12551274645880553,0.06769492497991719,0.16331457941126035,0.09671957201200516,0.04319618883639351,0.10176474457833756,0.11690142118166913,0.19359597370601453,0.09129984883559696
0.111432339305226,0.04532986851665274,0.13783122652239177,0.13583896094159217,0.07218912024174971,0.16034606207854754,0.11654411115448521,0.12804725118874868,0.09244106005060611
0.11809645716429161,0.08881633203897056,0.13846230516520894,0.09207301680356654,0.21272848923188337,0.06521803994419804,0.12290215644647995,0.09524133629429206,0.066461866911109
0.10725028461256471,0.06423635840204571,0.1368870246839956,0.19874563048028912,0.09903706743920367,0.08347977783148852,0.09633031583372002,0.13531417718617558,0.078719363530517
0.10838780572121481,0.07710438503642512,0.13642122975491497,0.2264187585986077,0.07728510094096085,0.04977296000677809,0.10133999466767689,0.09596326916080504,0.12730649611261655
0.10462640633388935,0.0558664123676843,0.11814455933519881,0.231648454796056,0.04326947776840603,0.08976293494773914,0.10948817566438192,0.1560497948592671,0.09114378392737732
0.1210873139546751,0.06424588545565206,0.14477395658443776,0.1873681561352817,0.06433804243145823,0.10413467544356303,0.10808917853623506,0.12354511270668161,0.08241767875201546
0.12337282039022575,0.07191396695748103,0.13555565699202812,0.14909270052770393,0.06952312761985223,0.08763483366365425,0.13684684885033302,0.1635919228011772,0.062468122197544475
0.11007272788506249,0.04974806480896299,0.07641709508362883,0.07631759834449413,0.033972009842295044,0.2031574605689336,0.09561127944909485,0.09407150029366936,0.26063226372385867
0.13247084487827332,0.1283547170938575,0.12562633759456912,0.13592722434858848,0.028669064867760958,0.10310274633885093,0.12819991978372383,0.121404097570458,0.09624504752391783
0.1159057232202354,0.04404160704926991,0.13411250069603034,0.20579211983531462,0.01789947447692856,0.19363237401412414,0.09649512765578021,0.14987453625514222,0.042246536797174494
0.1186304107290556,0.04703164683560961,0.08411913891643892,0.21074420041499006,0.1855941245142463,0.0682846376799837,0.09602791119367977,0.08054200528789789,0.10902592442809807
0.11300466624574919,0.04787844557312585,0.10358736315953739,0.10072019890445201,0.19590103482393192,0.12744346573712484,0.10782920921655548,0.12682398804734848,0.07681162829217485
0.13679213136606486,0.06539588559065548,0.11285044446356662,0.16748755947688596,0.07604712387162721,0.11130677017520792,0.12323254772542085,0.12955889039465154,0.07732864693591956
0.10414995333579662,0.28454851439692413,0.10233325817921031,0.08462151492891057,0.0647951204382788,0.08524019307275665,0.08791600948617595,0.09728948035927897,0.08910595580266796
0.11917052941635753,0.0630658829739018,0.12637506533451262,0.1826257178043226,0.04371869544999998,0.16309543659096806,0.10206550537044297,0.11643767458011367,0.08344549247938077
0.11277114497981013,0.031696042820252096,0.20498375524295934,0.12182173726391361,0.03663250685155636,0.13579299748379803,0.10468279180075442,0.09912012370954539,0.1524988998474106
0.13475808004185855,0.0917663676430534,0.08877269842861457,0.13423271370374998,0.05256161002681637,0.09794554494189588,0.15522422721871373,0.11182568794602839,0.13291307004926917
0.10403994371892938,0.1579968095655502,0.0968023254811894,0.1357295126022023,0.059505924198054255,0.11838852925095804,0.10429547377963326,0.09018224347875264,0.13305923792473046
0.11539800904740632,0.065289457369788,0.09829083781599886,0.1896705306346762,0.12180942043716182,0.09049908500539529,0.11740175644718169,0.11531029445430163,0.0863306087880902
0.11214356001029024,0.11856721249249397,0.07918205532452255,0.12434205918046061,0.11421078485076568,0.10692124867420082,0.13143475202661015,0.13255551392453846,0.08064281351611745
0.1171527096141425,0.06649187528153937,0.1182050341479997,0.12049424211649179,0.11978447091557988,0.12936860228108008,0.1159269040146086,0.12080432379223756,0.09177183783632055
0.11459506423179633,0.0870700922837947,0.16630615577294874,0.14659656706899682,0.06064460959265064,0.09286638048540867,0.152136201571311,0.13010316589428342,0.04968176309880968
0.10799531422206991,0.056865208994847226,0.1112722358891688,0.07150961778279324,0.032868862300919614,0.13199068547724438,0.08620067298747029,0.1624868732801165,0.23881052906537
0.10935268088903483,0.15286881917121345,0.06448545814718425,0.07820074133311687,0.10309020160905252,0.1977619234416621,0.09419089639653434,0.10690816223017226,0.09314111678202937
0.1235782306349902,0.03998555042764083,0.12547582522255415,0.13192074202483575,0.05622807349634623,0.10152257129359414,0.1082569786505186,0.12064660584063362,0.19238542240888648
0.11493828859046341,0.13241838169500939,0.07479418695695433,0.13703040476181513,0.1663263332249466,0.10689604486852623,0.09127893529265695,0.10855641381895188,0.06776101079067613
0.12450548159311843,0.17580608083970514,0.12808592837646662,0.1449985232821792,0.05015925987579101,0.07979349614114904,0.12023315148789615,0.13171028113131278,0.04470779727238163
0.12917058887740693,0.06021567033046781,0.1840019629622159,0.11255960832287604,0.032987279626918775,0.11658595843603901,0.13722191199577818,0.11025206653054997,0.11700495291774737
0.12437780610444993,0.1379871631698832,0.09653488324710402,0.09489650829793651,0.0901586613536303,0.13627148361847374,0.10727303379168733,0.12480899954206015,0.08769146087477485
0.12486132051977306,0.04116402293856276,0.15370514005730918,0.13458548136533202,0.12270060137898565,0.1088741150193183,0.13619000080230734,0.10583685665043303,0.07208246126797865
0.1227138734097476,0.15045780492171842,0.11661106912407704,0.110829989942186,0.09386407133454445,0.06681930045658681,0.12114374841868396,0.13575687376359893,0.08180326862885674
0.13009545813569703,0.06533789164586626,0.0975086423562281,0.10685175336659318,0.19640254601131768,0.05822427126725779,0.11704045158213887,0.14951615043225264,0.07902283520264845
0.10949921529718827,0.07629781856550015,0.07889198885971854,0.10485888172325288,0.13348031115927386,0.09106884151772232,0.16558044029395472,0.12954038661278355,0.11078211597060574
0.13598488818809448,0.039064318445589115,0.11394631438294982,0.12797302638087474,0.1478584755813039,0.1126120696186918,0.10704263846166068,0.14401737185268693,0.07150089708814857
0.11352812495593784,0.064330028448499,0.0734692034178893,0.08832896564751225,0.0951653725679198,0.18837218438317016,0.09614161171621671,0.09589091252756936,0.1847735963352856
0.08803951156465754,0.037236731230625895,0.059633747393164314,0.10789547815645356,0.44492052998253157,0.044446503943508374,0.07580089104035224,0.08319504451694025,0.05883156217176624
0.10722467775103839,0.11768935927551634,0.09932891733559607,0.19858253890041797,0.1535484022700585,0.0807355298689956,0.0935819418682583,0.09298487125849485,0.05632376147162397
0.13324229312391464,0.14454700747753865,0.16788961872068023,0.09989488627433683,0.07291279739885054,0.10229736351009013,0.11431706614480863,0.11833506605333492,0.04656390129644542
0.12377227745166135,0.11353776656278554,0.0890510797418377,0.16474453828099264,0.07011819470544542,0.10309681834394509,0.12102581959113771,0.14550435250787244,0.0691491528143222
0.11602314426339615,0.09417813917020278,0.16709772460984695,0.16215797263942353,0.04673563140045628,0.13369258693713826,0.11292610220716959,0.10696520387269903,0.060223494899667385
0.10620293781426986,0.11481709111203013,0.1022998140686288,0.12535224321812796,0.19777255876564456,0.09047653122681217,0.10340210186585562,0.10381184476234494,0.055864877166286
0.09939928934583946,0.04125619382896724,0.07630344946474034,0.07914677826186915,0.19689235256688242,0.0772170104995477,0.0844590116006431,0.13316775154744823,0.2121581628840625
0.11611482081621959,0.064198996617888,0.08547983694686619,0.091863000198458,0.11645934623552269,0.10007491957310526,0.10755505395649327,0.15349913565206752,0.16475489000337948
0.12737189487175374,0.15202017742309862,0.10124205947353086,0.1185321315888277,0.08737806894949758,0.10654888158300935,0.1159374255200809,0.13736337592477174,0.053605984665429506
0.11640469194133751,0.04764221821080799,0.07610869021513714,0.0839845476254764,0.10824467781844355,0.16470482734660627,0.11014625707820062,0.13004576889300762,0.16271832087098292
0.11686762411744424,0.04034725680932688,0.13379279982241707,0.1305534768317331,0.019113768225182893,0.15442468604711249,0.1302391654103592,0.1246148101240852,0.1500464126123389
0.11553852536570343,0.07365271004236003,0.1156405371948462,0.11642154243278507,0.10299587414609757,0.10961380535146305,0.10470163664456011,0.1277456506174852,0.13368971820469946
0.132237198194386,0.040700981951022515,0.12514748327612252,0.10203209085182265,0.15585684710759373,0.10132831796518682,0.12268199117058282,0.11629438759462475,0.10372070188865819
0.09938252573140018,0.051532002251959454,0.09696949218957925,0.1742477924588731,0.11839391171796693,0.10600195200149161,0.11935984476029654,0.10593954812417476,0.12817293076425826
0.11428088937248859,0.11210752418551441,0.17521196235961164,0.07825650765814658,0.07762625256076326,0.11917176477068292,0.1045626374275488,0.12688809538555237,0.09189436627969146
0.11698186706100877,0.08489796149764277,0.15219285741523778,0.17467748453092777,0.04935714192859434,0.09911300261678864,0.1188192452016358,0.11733167096972015,0.08662876877844401
0.12102965943495836,0.028213211205111225,0.11485848125925013,0.1671624372934392,0.022010477222626765,0.15680841734924944,0.12835762071068502,0.19940639511372793,0.062153300410951906
0.0933947386013726,0.024259225671180853,0.24286763891038468,0.14654402372469189,0.2019962497687711,0.06980208775877332,0.09942692752386406,0.09574483278149715,0.025964275259464337
0.11661793945849012,0.04796886502823327,0.1030966074993694,0.1119992240463941,0.07842606508616007,0.11319472518727834,0.11412396545461273,0.2010496626200572,0.11352294561940479
0.11478692471429446,0.10046486132921234,0.08852707436111261,0.1225158439058008,0.17578813149482495,0.10346740041228042,0.1115263264633654,0.11693038088346945,0.06599305643563962
0.11760613988436269,0.10349558563591338,0.11387904192933616,0.13276406533160204,0.09444675064883795,0.0726846606760106,0.13177620668214718,0.15504443656761815,0.07830311264417192
0.13205265387225187,0.021856717509025358,0.13586083853060135,0.11651223630682951,0.08017657735211617,0.12130543932726179,0.13623340167273468,0.17882237773553192,0.07717975769364727
0.09590954120430377,0.019277507856988518,0.1873083492768192,0.12442658612101427,0.13138764319312538,0.0758913849085287,0.09705733995132904,0.17690139899053647,0.09184024849735463
0.12492570660056608,0.0766355537126718,0.10979433378268104,0.13266579710667017,0.14685361032603475,0.09217989874755357,0.09980497476552559,0.1024388370899482,0.11470128786834884
0.10518123273859076,0.06008869494750854,0.10469794454071601,0.08625939533186018,0.3257493989905981,0.0792389705762044,0.09876998946604303,0.09721639021020101,0.04279798319827797
0.1328594734202916,0.04640159389867107,0.1309556499107357,0.11840994129394482,0.12217969910012767,0.12060310011586084,0.13659355073084203,0.12700914809900415,0.0649878434305222
0.1260035255152323,0.057664108339057614,0.12298729870031395,0.18953095986883858,0.05810724442059994,0.12915796954971667,0.11657195070940035,0.11081452338087176,0.08916241951596887
0.13541679611963933,0.07745826910840455,0.12834724235914366,0.13660108705152488,0.031769879787688735,0.16220024202307226,0.10435966116015068,0.1360661548404652,0.08778066754991067
0.11359086572995676,0.03356998833030753,0.10888630620640403,0.2700188931242565,0.028769396473352915,0.08864924709137978,0.14219950556625086,0.13612117236056656,0.07819462511752516
0.10005170344837892,0.17581612752892906,0.1294073655606859,0.09718786965344027,0.13971201532798966,0.09240754944699163,0.08367762477556434,0.07628143446202766,0.10545830979599254
0.12648203591112783,0.08041380493950813,0.1420237234443609,0.17115628002262182,0.05820545838817511,0.12102169603289899,0.11387534219740758,0.12225463437265298,0.06456702469124667
0.1511467087498238,0.06208281878760974,0.17140193062062536,0.11986347337814883,0.06148654944170187,0.06428026268398225,0.13429806251560839,0.1583776844969376,0.07706250932556216
0.10352116053761416,0.03490489358251663,0.16421305972755,0.0975587375709076,0.20964431210014287,0.05803932862500504,0.1094309075566156,0.09737284532543182,0.12531475497421632
0.13290155119594424,0.033464299501134234,0.16378900446965375,0.12713356531885026,0.049592724096359286,0.10065852712148621,0.12034795852768188,0.18409367815662073,0.08801869161226943
0.11571216049119469,0.04085034668503526,0.19659258376881183,0.1263702867529475,0.04396519775709692,0.1343245478106058,0.12575730703255716,0.10334105190653696,0.11308651779521389
0.11702995195798448,0.0695033557577456,0.10262761303059502,0.12328304020160889,0.08476474416936348,0.09056529964507491,0.1302728175066541,0.16865810173408333,0.11329507599689027
0.1056395973774273,0.0328281357322921,0.2364632908523757,0.0793694755146054,0.08073196703935462,0.13915670262734978,0.11897772019961317,0.12026267760276593,0.08657043305421604
0.10376864698309045,0.10410594360157494,0.06112479825692579,0.18294398233916764,0.13686082263878194,0.06118811536924662,0.13321588315422453,0.17330807260954414,0.043483735047443905
0.11929762397381288,0.1208899463784356,0.11663756758084272,0.15856414720400622,0.04426996077654718,0.13575430340600625,0.11629239057533836,0.14974459300267554,0.038549467102335304
0.11773756767132944,0.062158580120027195,0.11788690864826597,0.10765959190271852,0.12436575087172413,0.12531724545865094,0.12494577104355138,0.13789964287689915,0.08202894140683331
0.11735654363331427,0.1429111837575241,0.1155686912371157,0.1554389947020041,0.12013414131813353,0.0781060848006867,0.10262709706101601,0.12020289227905379,0.0476543712111519
0.11947271726079318,0.05525509712478179,0.12787352321784404,0.15241189569526092,0.053695227037129124,0.18678913019079435,0.125468719781032,0.12277452655644071,0.05625916313592385
0.12709413472058015,0.07714675659587328,0.09353215742475961,0.11045037800483631,0.05691457852927789,0.1556584080260971,0.11167788197248336,0.14822060760099684,0.1193050971250954
0.12629432347274028,0.12023547922017476,0.1120262456331295,0.099475762520771,0.07558550522744062,0.1139968545960534,0.1218130935821064,0.1292885692320804,0.10128416651550361
0.13132003729322375,0.11371862290140759,0.20956951771668378,0.13758285079784857,0.03520512810868127,0.07249857826445019,0.10590127267162434,0.12052330001096223,0.07368069223511835
0.13157506444436706,0.12311066428060762,0.09104763274197995,0.0978225955895929,0.05215946867606162,0.12350983010857004,0.11406944460735095,0.11560309318806718,0.15110220636340269
0.1192406774095665,0.049586684775423995,0.12625573664709683,0.08643653672293299,0.09799978197303127,0.13890662097240322,0.1088046855993343,0.12090279501858746,0.15186648088162344
0.12020038401895679,0.1770445460066782,0.14392201146261743,0.10732107371374057,0.05736970026035205,0.06961382357367785,0.10987709732204543,0.1259461870105948,0.08870517663133683
0.11219361642025538,0.05682043585422513,0.10962662657509287,0.07819251217486631,0.2898569312177956,0.0785599996367989,0.08930122396662303,0.10549550918111567,0.07995314497322709
0.13722830120297985,0.04624492671943146,0.08607447848925837,0.15997339551596454,0.08003743498524755,0.11026170342247828,0.13222150828179668,0.14116738702745665,0.10679086435538669
0.1212319391117227,0.07203636709075183,0.14141893139169862,0.10434922306835624,0.16923796857459214,0.08206268424979345,0.12278845348290347,0.14192000385061432,0.044954429179567136
0.1333561536791101,0.10394846184725115,0.13327641824477585,0.15560241580894177,0.09970059476462378,0.05844136467508887,0.11662039917922516,0.11921012775968926,0.07984406404129409
0.10663861359523567,0.02663458267321057,0.11520280702729631,0.0861299435330606,0.20123409430200032,0.08546134955254309,0.09805657668931007,0.10678320019671517,0.17385883243062814
0.10840743396145706,0.14141274994596084,0.14665815058305565,0.10727927006282793,0.048579213665606025,0.16697905395689383,0.11532982033559518,0.10286655090797714,0.06248775658062641
0.1255204270872898,0.080422190267858,0.13757126371002493,0.11870985643024079,0.1054278092005612,0.08400144681482186,0.1163130935468183,0.1328244267946249,0.09920948614776015
0.11357016414731513,0.09001246027625621,0.12309587542442073,0.23083863651092953,0.02382871655450174,0.06831752963678184,0.11362697054189201,0.15736102360528295,0.07934862330261987
0.09877103587926088,0.07378927399691236,0.19242725870733168,0.16636338750097893,0.06524031074910497,0.12235259790549517,0.08692913879544466,0.09991084170461939,0.09421615476085189
0.11299241137500844,0.07128889363971201,0.10038239837696376,0.08273976109952956,0.17702387304203437,0.0873246715403647,0.10598605943320753,0.14014897069602297,0.12211296079715667
0.12359085014588295,0.04745176205315014,0.09544330141070227,0.18930709396871115,0.08921952785688587,0.12724548237233335,0.10764866050247378,0.1422598130187671,0.07783350867109336
0.10985136883978114,0.15073014530362677,0.14955062971775274,0.12229385095723366,0.13796889754530137,0.053118951416404846,0.0977733271648311,0.10443417234624926,0.0742786567088191
0.13098729164919776,0.07678810219846517,0.1061785047368025,0.12228344097780662,0.057857182452434645,0.10906124724236288,0.1791033096990526,0.1181062214022084,0.09963469964166934
0.11189483752923529,0.026403142583438538,0.09034307213958843,0.11858991791144718,0.16843512511112868,0.15353742420440988,0.10957330919387813,0.12730965216221343,0.09391351916466051
0.12363208152276911,0.12342025635337918,0.08272562211840777,0.11728567252353668,0.04581262615621723,0.15357780824530406,0.10208527052277323,0.11850113366533781,0.13295952889227491
0.12432750621683646,0.06876990676105155,0.10887839497897876,0.14192560128654916,0.05865236015884273,0.07544392628825332,0.12911977844167402,0.14743579370278911,0.14544673216502482
0.1141126118491766,0.0439519203049288,0.07743037457321589,0.10346434463751297,0.13608648697893236,0.13381573833199115,0.11515490510811055,0.13183710186248487,0.1441465163536468
0.11499069609608857,0.22733423744146677,0.14055752874119126,0.103941085970734,0.059170717712537534,0.08667637412030177,0.09620933004296177,0.10062451687722258,0.07049551299749567
0.1322769693388304,0.08653243645912707,0.13945387239595639,0.0872656262246283,0.09305981718275332,0.06684798740903136,0.13057689807359893,0.18890141574181232,0.07508497717426194
0.11542875259860358,0.03301984785925937,0.10442239430799545,0.08291592508900389,0.26821090013582366,0.06712015068882941,0.10186683840207796,0.11504498097450534,0.11197020994390137
0.11358005340918685,0.13663860819366003,0.10255002556628974,0.17861020456361573,0.08176152399248172,0.07546515073631677,0.09430304157559526,0.12100705767422681,0.09608433428862713
0.11524970957783419,0.07000393848401754,0.13004497018035924,0.13056837951356173,0.1564135520315589,0.05234565766320496,0.11078305575901126,0.0953991596945618,0.13919157709589036
0.12217971809432711,0.0626946490054232,0.08161022051271861,0.12220818844261287,0.15896984528282818,0.09049907109954587,0.11465702350830435,0.16832583893443331,0.07885544511980645
0.11340324859231639,0.18004466710973133,0.1414147627305866,0.11982077833335576,0.07750597339061559,0.0889586989113194,0.10122005042936678,0.11826385810780725,0.059367962394900775
0.12080228824066182,0.06106265393623536,0.1661308085903588,0.14162959027076916,0.09009144618207994,0.12743929120270578,0.11917920399766395,0.11342033574046212,0.06024438183906305
0.11995958837966135,0.09079603271689518,0.14153950943750102,0.12499769767996853,0.07479342062380111,0.11795425559537752,0.11604625846426046,0.12780488435956525,0.08610835274296964
0.09924033691631078,0.061985163181698825,0.09963240848220029,0.12414802003873728,0.24578408779486124,0.09814697176792386,0.09071476435505232,0.11362324109549445,0.06672500636772104
0.12341435135197626,0.19954731251791982,0.09881466997850123,0.14788752457734997,0.045610512420332115,0.07518486171835727,0.10005292455080866,0.12690200853974645,0.08258583434500824
0.07714366518697584,0.14617975942788,0.08229850139769639,0.08347945330766099,0.3989296331922465,0.05739823052158947,0.0683515827261657,0.060498267249222415,0.0257209069905627
0.12495172818777626,0.1155656205740181,0.11710662609332884,0.1299547135012979,0.09680972714275345,0.10555113854555266,0.12744046136910905,0.1281091383100889,0.05451084627607484
0.11097871534025804,0.045077581571154844,0.1548666680693353,0.12742915452565487,0.11235253343929714,0.09626260395821966,0.1033775595919354,0.09937135770445811,0.1502838257996866
0.12460816239870026,0.06919398116945448,0.12192033230342403,0.13840541537946435,0.10676466629306923,0.06836670893597424,0.12520376261214528,0.166124018890924,0.07941295201684412
0.12034704427104707,0.0444325771830435,0.13520586297434337,0.08602185868930501,0.12882338328771603,0.1081765860968214,0.11491872994918255,0.1695170757154398,0.09255688183310125
0.11665187044939322,0.1249517314126587,0.18262051160878415,0.10468984596760951,0.06247105955973651,0.11901076757119207,0.11187251967598429,0.11311897056460556,0.06461272319003591
0.11857095276432399,0.10949352443092834,0.1377404266349178,0.14139610014818452,0.07804621492127055,0.07584596929115435,0.10734925025317583,0.13056778578560183,0.10098977577044278
0.12318613835136842,0.12969620854064354,0.1204708889480229,0.11567407794204672,0.13704699371149456,0.08982434434624868,0.10218834364713077,0.12167490777435604,0.06023809673868826
0.13381732321616,0.02063989637967484,0.07194072316672757,0.12755367443252666,0.07022726195378337,0.08830547325075411,0.12189644071919153,0.10860901798430855,0.2570101888968734
0.10763213928479472,0.09559940596256443,0.07773859212416549,0.10231719778907122,0.07211464097037155,0.10535161931794314,0.13821038849824827,0.12525712870600206,0.1757788873468391
0.1264400174570295,0.0913295532553307,0.14414212427438025,0.09504113131554744,0.07474681373162796,0.10848046307211388,0.12693996684737532,0.13427549605516464,0.09860443399143032
0.12372443550795624,0.16612852224901656,0.1148021333992727,0.10934735126438111,0.10828248101310477,0.07634736549132073,0.11378720019586963,0.12138213738001154,0.06619837349906672
0.11539086700816947,0.10283711243124168,0.07061475932483084,0.10381322679437817,0.11755241306803538,0.12582091148903943,0.11136055758867491,0.17978121069116115,0.07282894160446891
0.12134237801314975,0.1248521127143943,0.14642501570252595,0.1449520997717307,0.07977232658556965,0.0791373040604828,0.11616005795678915,0.14754989713459782,0.0398088080607599
0.12848673051175014,0.09107840375808281,0.10351248724795643,0.16805717089738406,0.08309178575271209,0.1210024187873008,0.11565491541320444,0.129158677709971,0.05995740992163819
0.10876210438780591,0.3652321911512914,0.0809356395670794,0.09652408584956036,0.05142508176832533,0.059544096861797145,0.09338670620512389,0.11212268514589807,0.03206740906311848
0.131651766431698,0.04497108221263226,0.0938060179161873,0.15524410069835978,0.13311768729544896,0.10824868188113605,0.11233227786084958,0.15044109768515296,0.07018728801853523
0.0981053705061944,0.09342768144568675,0.07641491059605889,0.08711286344103475,0.13356950833778983,0.14905040410938267,0.09515149643151484,0.10611626980180533,0.16105149533053253
0.12199799408576717,0.06264489259173853,0.09355522346978767,0.12414689337348712,0.11697989028301704,0.1539489467517653,0.10891540617264946,0.13788079068085726,0.07992996259093038
0.11954511497635052,0.19602076908734486,0.08856531698803327,0.10209608627852969,0.06922515667279887,0.10163582002687842,0.0906691820313747,0.12022584090416345,0.11201671303452611
0.10754170968130221,0.11539643035871783,0.14867154455120168,0.2249237300529708,0.04274171030935123,0.07059721926268085,0.09665118007670977,0.13960813581194223,0.053868339895123345
0.09972033053260304,0.2138741863715653,0.07754439565863755,0.2110681870854775,0.05175988912520043,0.06548864069569593,0.08610650714805197,0.11886107148207133,0.075576791900697
0.13180242916444362,0.04248611714742146,0.1058415970623291,0.15080840291601416,0.07072701174593547,0.15027898777691723,0.11946497814487456,0.1319446694769068,0.09664580656515755
0.10171416474743622,0.1560162946807729,0.13292417044492535,0.07238047590133699,0.14771163216115513,0.12793607127003148,0.09130906559553548,0.09124743341724688,0.07876069178155962
0.1192325817634422,0.06519918683421093,0.11543966565046711,0.08692493174909072,0.04592495284976105,0.1610719705186494,0.11931719171394617,0.13489464530279732,0.15199487361763517
0.1200889128092691,0.06735683576269087,0.10189270854361497,0.15225814027720375,0.06656312165549354,0.09984265955888359,0.12377578803574026,0.1387487959953247,0.1294730373617792
0.12764893957767387,0.04317253401266796,0.14846878512539313,0.09797673187855842,0.08145065358606476,0.10561281528473458,0.14719410110289977,0.12797943183936464,0.1204960075926429
0.1131414998019213,0.14823211830323643,0.20276065499544157,0.1039735984860941,0.058456135923736385,0.06962258112534571,0.1001646835331355,0.11010537101859559,0.09354335681249341
0.12076916234905676,0.06295810214780577,0.08911874363625387,0.13588460283782167,0.14701230242627822,0.12352448640862852,0.12490661858156882,0.12315523606461835,0.07267074554796805
0.11587700576813643,0.07464125984590807,0.08340948782930045,0.10806633176220108,0.21904475672528065,0.10704213231733706,0.12284541988811827,0.09618540681309477,0.0728881990506232
0.12210917936599484,0.05141590587085492,0.17823072708364354,0.08238039277493875,0.11371473323028565,0.08603603523930185,0.10536950178685507,0.11579906373212807,0.1449444609159973
0.11289642006279567,0.040695647482661905,0.19767775131672508,0.1458777106958766,0.05610066207714781,0.16328761314563073,0.1034954094776291,0.09351604457765565,0.08645274116387747
0.12444833923822184,0.08720869173013597,0.10639619944171486,0.10229424578194153,0.05656318387472869,0.07820242922007568,0.12540067134505076,0.09567501272250001,0.2238112266456306
0.12283560777859505,0.05682835182405053,0.08701363957028248,0.2599567047487763,0.016652473358887747,0.07782638257825329,0.09050407503592839,0.1603525527379026,0.1280302123673236
0.12647079250344315,0.054535804607536986,0.13657090309039735,0.11823710703033291,0.1332006131517023,0.09574147771177606,0.12294262766299537,0.12909391672744489,0.08320675751437105
0.13880131643284702,0.09831067091413616,0.13067348504232304,0.11467224724176273,0.06449836709388616,0.10280524956235026,0.12609636040886887,0.16769937616735717,0.05644292713646857
0.1397707612239876,0.06817124583122068,0.11740164378072741,0.14212204768128833,0.06523419285884578,0.10030727712878744,0.14977278059634427,0.15991914040536528,0.05730091049343309
0.12619717369346842,0.04266368465641537,0.18231136709754778,0.1633966641924857,0.02907952866339804,0.20693600750808885,0.09594062407344989,0.09984904853779931,0.05362590157734667
0.11030174504430008,0.03320531178314947,0.13201641478273032,0.07872849138442482,0.021409777963980803,0.1655026493176058,0.11519778667227831,0.12313040349594538,0.22050741955558495
0.12715764711198027,0.1058391068821024,0.12870384304184357,0.13525315929519635,0.07232038092523527,0.08742156916070605,0.11068483263799257,0.11718750157600451,0.11543195936893902
0.10491759223964854,0.11076543574707436,0.15125882176727193,0.08450112047647311,0.0990797022865963,0.10962676967516007,0.10555371205656916,0.13785156978895843,0.09644527596224807
0.1290377478446353,0.01638898728567718,0.1360205561122938,0.09301723302994906,0.05004793242066171,0.1292291490778363,0.12213796969092311,0.19054370742373924,0.1335767171142842
0.12853200942786422,0.07749123196290483,0.1363277234716325,0.17426064382677073,0.10492906445025556,0.08075386705841943,0.11414087701860932,0.1417963790720245,0.041768203711518875
0.11314425639888144,0.1245601926770399,0.08883564488235059,0.09366950298119632,0.126113226529196,0.0970387442007032,0.1072422897015967,0.11110404864985801,0.13829209397917772
0.1104018089267798,0.030108257667049578,0.13101495025892776,0.07290862685476768,0.06480496022443856,0.16417828588001016,0.11339872230076349,0.10437409900715706,0.20881028888010592
0.1288665300824368,0.09301509067189918,0.1591697019573036,0.17897898621055233,0.0743858501959484,0.09197522021116923,0.1036286674095887,0.1222673427569227,0.04771261050417904
0.12183082438523878,0.049871767870518925,0.23114088059885765,0.11374977617221556,0.04545586418578342,0.13574536315742727,0.11556448592592272,0.13365596749402,0.05298507021001569
0.11100798301601555,0.015027946986508089,0.09423669317267107,0.14848585375936205,0.053367542715388745,0.10217807506741473,0.14070742376335157,0.12176075668229482,0.21322772483699337
0.11741313671305788,0.15952056424648736,0.0973536199697458,0.16344822606528217,0.07049466950500409,0.08592689220126408,0.09969987655412234,0.1286153092045301,0.07752770554050617
0.11627003842178552,0.0754665316552577,0.11170172533926755,0.09714309214068524,0.1321152334017807,0.11141154026435396,0.11814887124415634,0.11786097297533477,0.11988199455737825
0.12173659085375128,0.10724894408188608,0.12668765111477012,0.10904408166946057,0.08607085580931913,0.10125145025083454,0.1361812724238126,0.139855072949578,0.07192408084658765
0.11624102467893815,0.12200769649174119,0.11643636090304256,0.14757887127788075,0.05086622767705779,0.09011734029665308,0.10167411077132453,0.1614329938321247,0.09364537407123724
0.12295663403831225,0.09587596546788969,0.11549119708466411,0.11875473567267802,0.16209302786879154,0.1324411542570372,0.10299801914162987,0.09678472990533304,0.052604536563664255
0.10101797557112659,0.06403600587861892,0.09221902127517904,0.19385345382178812,0.11934839358629107,0.10623019127078444,0.09965931130831895,0.10354269952157352,0.12009294776631925
0.11767990084841844,0.17262317154708048,0.0998249671816089,0.09563163834296923,0.04961517912487152,0.10052972333005279,0.09202031702594878,0.13680728503763187,0.13526781756141795
0.13533156262810553,0.09352443642983817,0.12483379253275019,0.1492925680842118,0.08128496301893737,0.11550612020433547,0.11926799471512799,0.11930373213711674,0.06165483024957672
0.12612102009007933,0.18041018897626113,0.10401715511585242,0.10623879433738632,0.04667092708460324,0.10521986800202661,0.1153816372288834,0.14232906439253543,0.07361134477237215
0.14827519040216766,0.0726287226227823,0.13028242981127308,0.08189855571172089,0.04458931663895766,0.10418145894354076,0.14293158407016304,0.193127324326439,0.08208541747295568
0.11940259070042071,0.03736341110950519,0.15713984251763344,0.14197445637818776,0.039709259798805206,0.0829180185779627,0.13558828421190347,0.12065985841161765,0.16524427829396385
0.11872619326212736,0.09944271466383729,0.08849230283539167,0.1697944500502996,0.026302452707257718,0.21751089722031144,0.11482211325623227,0.11057991360968356,0.05432896239485905
0.10337934538385009,0.10990516253720546,0.08973905875893169,0.13816676771750128,0.09298960515535733,0.12851374489271186,0.11132610391043317,0.13671692549046624,0.08926328615354286
0.1094653184005433,0.03764774596916839,0.11191399739901808,0.09573867349847413,0.257444329077761,0.07355932617288892,0.10607056214705242,0.11360541776443028,0.0945546295706635
0.11548477554966818,0.08258991568327528,0.11469387540376542,0.11308108046035104,0.05614820222326722,0.11120491595536192,0.15618233419187064,0.14952421939304894,0.10109068113939135
0.10565084825489261,0.03748892668192605,0.15190253108587579,0.13845323607046822,0.24668938209800065,0.05366626239949535,0.08893570423032522,0.1293646690244891,0.04784844015452703
0.12132716896809133,0.05831174382195822,0.143683707586206,0.09179846064823349,0.13785795056343478,0.06594488563989158,0.11927294999061706,0.11239561086861005,0.14940752191295742
0.11457864272928152,0.07836097168620926,0.08602114761190266,0.061982747833081546,0.07432558139256856,0.11383789723952524,0.0825955628787902,0.1055545103593963,0.2827429382692447
0.12148322857947673,0.10184816162672011,0.1529199097215774,0.1321228429048467,0.0576402653814603,0.12291984712003756,0.14082602542064415,0.10005308505606958,0.07018663418916748
0.11443601271275405,0.07486219641497001,0.09956402766175355,0.11518305117221311,0.042038075283691634,0.17707466186186838,0.1053474819732154,0.1256977692131663,0.1457967237063676
0.11525544604783367,0.14355188453224613,0.08523737789969914,0.11237239251997728,0.1513508999933824,0.09582662115014919,0.10485002417311072,0.09384157456640418,0.09771377911719736
0.1134066531744694,0.13003874300631366,0.07931725021403342,0.1601702601820365,0.060175605179505355,0.1522956328750716,0.10903620130928889,0.14570871604435254,0.049850938014928604
0.11357378733104136,0.04215033287636508,0.17450402435304965,0.1375361445664276,0.08673360974852427,0.09786570410593132,0.11566440605939192,0.11861041329967026,0.11336157765959864
0.13063033846011485,0.12115431056201721,0.1344560431797578,0.12847172686865166,0.07813331115728606,0.09759816930115932,0.11989690341295982,0.11918021358114794,0.07047898347690539
0.1256253764793932,0.09029986897514947,0.20279129501136314,0.11086384697857986,0.07919091774847002,0.09453128466854964,0.1253206474714784,0.11947850928791388,0.05189825337910234
0.11349718805187019,0.06279563641357304,0.11392095839525725,0.1081908068445571,0.16907185706059794,0.08166843931236163,0.10459862977258864,0.11144038768412523,0.13481609646506892
