0.08523154925500591,0.10946462361415245,0.1088176100096308,0.12916495854474705,0.0647746077180849,0.15192581571855832,0.1692722809778933,0.12481075362574458,0.056537800536182625
0.08974753592145342,0.10544112249987043,0.27440720660557105,0.06485131239984815,0.04332050057818021,0.1331400616000799,0.08623389586356783,0.11960684248369291,0.08325152204773614
0.10957333310262533,0.11032367382418318,0.17507496086449492,0.16039893279394332,0.07292074426406209,0.10791157164862826,0.058627210791957624,0.08455054972339504,0.12061902298671019
0.1554403577627088,0.0972514440908226,0.09445150096286288,0.11410729444668855,0.10038666805638403,0.10515106360797248,0.14449346928037052,0.1056008474596265,0.08311735433256355
0.1056197328798368,0.13106874317510317,0.059289047799254084,0.14674461817631101,0.055795181146310074,0.09169721794315039,0.09225773044709555,0.22124162886490054,0.0962860995680384
0.08536177902729869,0.06757204946372042,0.2041710800059673,0.09250706580954116,0.025934519838857556,0.08960571700097529,0.18192528221699975,0.10820532864283412,0.1447171779938057
0.14722598812040413,0.09533059331263832,0.15482709606607128,0.07154150820449891,0.033590098534703315,0.11347143597497822,0.09910708281874166,0.16445224676936365,0.12045395019860045
0.12085264372542888,0.14404327805587516,0.17331945082287073,0.18228063387571544,0.03400925172259545,0.1170611406452809,0.04970683440900562,0.08815638098037724,0.09057038576285059
0.09984325567184583,0.14405431158236595,0.04891895449957868,0.11168122489572109,0.020763956731257586,0.10699589076016963,0.1315783951491372,0.25839162465148285,0.07777238605844115
0.07432751835308576,0.07130982764979076,0.0533880845710788,0.10600560962735413,0.28536835448580794,0.08295759600700793,0.09503658903317169,0.11738082481307026,0.11422559545963268
0.12374777761229849,0.10350216056470614,0.1385346210422395,0.055960273875529244,0.08897823090985972,0.11604660886107225,0.047278170934297585,0.24409526684901098,0.08185688935098619
0.11735757127136637,0.06745390721171517,0.06827863692172388,0.05421791163728435,0.3073750569390197,0.08372278827019493,0.03823927597044192,0.0691296450869069,0.19422520669134688
0.15247665657302936,0.11541876252796635,0.1252713925523259,0.07815327683408885,0.035205905840310754,0.10819399018943808,0.125687337967722,0.10666227255127352,0.15293040496384513
0.16312252632628457,0.1259249860781703,0.09386875662510526,0.10184585174528832,0.18395570025039457,0.12004377099379741,0.04894151990195367,0.06184349977613789,0.10045338830286797
0.06955280115110189,0.12169299180348551,0.11450712528950036,0.11870025195164895,0.09772020872745833,0.13759096620028763,0.061429178150529014,0.17962267475548652,0.0991838019705018
0.1052476911027559,0.12132651105038213,0.16686387024235227,0.06330542424614684,0.020020417318009794,0.12147247798856174,0.09755605937187474,0.17224600313918514,0.13196154554073145
0.1277642954925806,0.122565417558332,0.23028084161436987,0.12056546606937628,0.03503604199496846,0.1210479408768943,0.04353148149126989,0.10294307535046937,0.09626543955173926
0.04680245231211888,0.11400043854659664,0.05067802596551548,0.20772561527124078,0.14456920851378838,0.11238112117419398,0.08664161561330093,0.14734671450275272,0.08985480810049222
0.05469465872671842,0.10614444180543081,0.08552929612038773,0.09028814223507296,0.06207119368453468,0.08301945378776501,0.11772806487016145,0.2576318998190037,0.14289284895092522
0.1816161819941339,0.12273040499666928,0.052396544537417905,0.12065220950672356,0.06435768279513143,0.09705889007150843,0.09536921201985149,0.14843913254060034,0.11737974153796356
0.12229466641208762,0.09032588458495837,0.20725117732019918,0.03919524114724053,0.025591450409215618,0.11279113766327305,0.05256871603015197,0.2065562905925331,0.14342543584034048
0.21463580832673404,0.09411688806791146,0.06603495904936947,0.17033416158444373,0.03195019780504995,0.09403100888319443,0.06584346881052076,0.11566132752094627,0.14739217995182982
0.10343924845641254,0.0935584150414715,0.14139334138534154,0.22517642449151176,0.033550507052475635,0.12281898851498424,0.07878514508190386,0.07141468508725919,0.12986324488863976
0.1278267560076076,0.07867698337289641,0.08945346775988934,0.07156406560199328,0.021810601598442798,0.13592610475032063,0.23134129161443806,0.12203852312039948,0.12136220617401254
0.11591514980266315,0.11243997698167695,0.1479498739024299,0.11282922351893272,0.07529043434604861,0.1207724961228362,0.09926513898394612,0.06641159916165645,0.14912610717980992
0.11881698723383677,0.13078728263524653,0.14175435220012733,0.06856554653690279,0.03271119196215219,0.09942883088626069,0.08383599107606783,0.22270180318990174,0.10139801427950422
0.15898632507649899,0.11240999656582172,0.059626922575030016,0.05879648585159982,0.06874559461652757,0.20494260120086438,0.09639050971668751,0.111102978019612,0.12899858637735795
0.08561899183085404,0.11249757987470055,0.04528992350692588,0.126884902150424,0.256945881782606,0.11662167635717731,0.06296178474993873,0.08476508454759046,0.10841417519978302
0.18750995777369364,0.14612744182194867,0.19257574025838298,0.06660667089783623,0.015653876818726844,0.11986522153138617,0.033459769822412694,0.17360543333128053,0.06459588774433221
0.08273426050181891,0.13435739046219963,0.16239921030260399,0.1623808785193936,0.043889270668824955,0.09816498504941933,0.13091528241492403,0.085516758745342,0.0996419633354736
0.07275878152869274,0.11366064983291346,0.1874107528333722,0.14848654987493895,0.05029972324731354,0.10479948533208155,0.11223590416227514,0.0866642239929679,0.12368392919544446
0.11265146953292186,0.11110918595710417,0.10380875778944132,0.10216489084473447,0.08532803571011477,0.12351178400223446,0.1651017792813965,0.09815233996192226,0.0981717569201302
0.15404224598719032,0.10855399828064499,0.06983920471999881,0.07092318648351786,0.17565730869201449,0.09771133659699387,0.10243207646710221,0.10404162625514768,0.11679901651738978
0.04383059212401196,0.12440827713883686,0.09842701873516953,0.10726969039765492,0.10854655223803679,0.10531010987609446,0.12488029904089311,0.19039855615041337,0.09692890429888908
0.13742464365944265,0.14297120918518205,0.16299506874970127,0.08197119869167707,0.02190930533377286,0.11862108788810471,0.13400332200154205,0.08864487468926735,0.11145928980131
0.06890012933363486,0.09771012713488243,0.03343020520317475,0.19265392381159038,0.14826768364913004,0.09067312752304568,0.1813448425621076,0.06650015382183554,0.12051980696059877
0.17105114869567664,0.08784359198546009,0.045509396460066104,0.17718881407098652,0.020398344146390596,0.10255415376590599,0.07154871895748671,0.15874948749081808,0.16515634442720925
0.08362381415219783,0.11405525916854704,0.10537473274438873,0.08862385722658461,0.04997323980394761,0.08527778587416845,0.10863200542158953,0.23872865246729869,0.1257106531412774
0.17120079138108876,0.08736121999130275,0.2004894763635329,0.10455426165410546,0.008848531763734109,0.10063487104699231,0.04491876487909172,0.17854381556347063,0.10344826735668138
0.15234122976474176,0.1559200031763404,0.14351743585881674,0.05161280106606698,0.025918765856745397,0.09614721091354557,0.2099500700409709,0.06360137310897673,0.10099111021379553
0.19303482630314553,0.11966747963931113,0.06340109111470459,0.07758362186910865,0.06500806485311005,0.1409872672092232,0.08280417545832677,0.12946910028803393,0.12804437326503618
0.05314830452141269,0.15078354533641694,0.10478658050639271,0.09126602052858322,0.028609814227356548,0.13930848821551348,0.07785359952683231,0.26490646322596106,0.08933718391153095
0.05944665705989346,0.10940979847906042,0.10508374731005106,0.08991129953325816,0.0951142977073196,0.09876022167467506,0.22687482880535415,0.08306394591209593,0.1323352035182922
0.16396316731237712,0.1670297889102649,0.03514891551199693,0.07633117614360907,0.027585055862220154,0.13882602615744047,0.11285202886081876,0.20547604948830536,0.07278779175296717
0.09705853439713504,0.0995065057179008,0.1396615315336663,0.1036136482724009,0.07975893890739384,0.11085490459233228,0.214496363202205,0.05205627981926822,0.1029932935576976
0.23855035452682008,0.09344963517929182,0.12910650858333908,0.06285318796856904,0.01978053157790287,0.11938916628011632,0.08734755849970112,0.11822476676290795,0.13129829062135165
0.18833901550902854,0.10901185700715528,0.08782587280459632,0.05390157070054665,0.024911190763215463,0.1344094091633134,0.11343692339200391,0.12177630141963218,0.1663878592405083
0.0725010567229944,0.13360416650060247,0.06438773224275053,0.11266497946973547,0.11780669527183957,0.15021769317584263,0.10684005133051223,0.15348284820537886,0.08849477708034388
0.14054370303779182,0.12651635660288088,0.03134359199516882,0.09438039069607841,0.04860166761592429,0.16338421088794183,0.10828915581534587,0.21259210662292358,0.07434881672594455
0.05095022696386468,0.1838573992241692,0.17832213309476366,0.10025728364430314,0.14676633184020388,0.12601427819377667,0.04967540960216685,0.09263850963387815,0.0715184278028738
0.09834446004103059,0.136491445080079,0.07895571930999663,0.06372983125177288,0.04460964283720322,0.13886961661680147,0.15900639529106242,0.1912455485494018,0.08874734102265198
0.14911614883863555,0.10131331848974813,0.10841356814521007,0.18480866898106438,0.02108745452522864,0.09543677240520132,0.1091119128247862,0.10557455708459412,0.12513759870553165
0.19845466309405654,0.10858211060610297,0.07126636933069018,0.11192395211839251,0.013013783332248473,0.09329603570517388,0.18964605929379807,0.10540363526968961,0.10841339124984768
0.1507880840238964,0.10909285591680924,0.11456468101418789,0.11056586976357545,0.005103658774689668,0.10497512455949339,0.14148183725638633,0.17383733869610363,0.08959054999485805
0.09465873779764884,0.09746146346802664,0.1598513954184893,0.03874153393308836,0.09115955699610521,0.0900102481897746,0.12658204325829112,0.15429921893737736,0.14723580200119854
0.24799819573983495,0.10529635048751244,0.08303185689848387,0.0865039732378195,0.04922000694910961,0.14037042835855823,0.0897212656335209,0.08634525946747562,0.11151266322768487
0.13209981623122444,0.10388164023560346,0.08827780640546871,0.06816610030066708,0.07190646887548005,0.13472334969173894,0.15653663390573935,0.13491290002771078,0.10949528432636718
0.18529842072211644,0.08395984934320967,0.11364239467120231,0.0695338623419166,0.0963261976032097,0.11587012625826076,0.13359668183666087,0.10837375128642122,0.0933987159370024
0.08055514315807268,0.11468028352858523,0.16694386538398176,0.1881400775149865,0.03165064389108604,0.12324412900917565,0.08091408056170928,0.09810311374102693,0.11576866321137597
0.12353285128926182,0.1120529030799944,0.06801321798926152,0.07132134570371157,0.12112693885807586,0.11017577142225575,0.2145741987229118,0.08590564807690705,0.09329712485762016
0.16635986862380528,0.09405036569250996,0.2630245141321559,0.048960159274074135,0.037905742610788024,0.10660973662083577,0.08172670517296228,0.057192084934092,0.14417082293877673
0.21666643066821925,0.1446389727682,0.0388385095613067,0.1358563609901329,0.017004013355724885,0.12001160995698712,0.11753679351375046,0.11746484068411056,0.09198246850156806
0.12894026522856686,0.13563802350052256,0.08437384872971036,0.1530900884199159,0.021508587364677468,0.12540848163176813,0.10013034186294034,0.16308987305766406,0.08782049020423434
0.06273221287425142,0.10312163393899161,0.2246181747356647,0.07369385784171162,0.1495335445809317,0.12366517511067887,0.05480141401160097,0.11197509773216084,0.09585888917400827
0.14705184856908005,0.141085753485141,0.15685995891202587,0.05941287414495571,0.031674933030386404,0.10038101479428814,0.20095515929530627,0.09456089235397173,0.06801756541484483
0.15334203047503753,0.10278884062145648,0.12843809651002444,0.12432195305016829,0.014880463422376186,0.11410909205803528,0.08385174370337249,0.15027213948237778,0.1279956406771516
0.12703570603839512,0.11044378219176286,0.09734409345637551,0.05613344753335248,0.022357571771789736,0.09963323801524017,0.08987575312842729,0.2367433870914656,0.16043302077319122
0.12045050434940548,0.09551728530134902,0.2835033626415162,0.04384612855839389,0.016457569100324584,0.10067984595593098,0.20358178678684577,0.04449432232209532,0.09146919498413882
0.09247447302891526,0.15753332548118038,0.10368771357887312,0.14798931264434487,0.03842570070988059,0.125367237441825,0.06038741174902824,0.1808939999077421,0.0932408254582105
0.110161179974174,0.11271062394186353,0.11726614568351641,0.12516746883004007,0.04823376219286632,0.09915344152040943,0.13106406096703294,0.1235158573219624,0.13272745956813492
0.06168608440289978,0.15939823222537305,0.051674753055812934,0.17982124978821112,0.022094116521694948,0.0985112924468365,0.08800911823952418,0.22361958142166416,0.11518557189798333
0.17514781425470335,0.100109069479324,0.06502438618144196,0.04311954057038486,0.0383814641689482,0.08694294939996632,0.16490092941913198,0.22634615934233415,0.10002768718376524
0.16618432082973697,0.10471093841193951,0.07041661247577789,0.18252940862002573,0.049403170480084656,0.08816129452375977,0.10421050957140436,0.14504419868233287,0.08933954640493831
0.13476501640039032,0.0902104962693312,0.1670925880013232,0.027548012480676468,0.11995933105216301,0.10668950178334435,0.08144879592680251,0.1750320338625888,0.09725422422338025
0.12729785905481042,0.16339516757485384,0.14376081624612538,0.0953442934377104,0.015558472741776646,0.12632272940044417,0.11718029403276958,0.11391490657127203,0.0972254609402375
0.07997944077475434,0.1487116197233258,0.17593071700797824,0.10619586154473733,0.0225323051755129,0.12948295938769283,0.09937140282988766,0.11112143237692507,0.12667426117918587
0.21945827698296028,0.0997308596504,0.11596634257663835,0.08499966041185818,0.038223996848356645,0.10039805198776815,0.060406231559578694,0.10558024726910065,0.17523633271333905
0.17786185481837227,0.12168556721988849,0.07558809394269679,0.0896985617238238,0.06633374532759427,0.12264534600276976,0.17749002261108593,0.07427549625613578,0.09442131209763295
0.2776661099727575,0.12378233565557291,0.061469201784231486,0.12345522535088103,0.04128604831231895,0.11684609046128203,0.08623574442247013,0.07252206409615618,0.09673717994432984
0.1338376540197215,0.08816817644683889,0.11290220537083157,0.08869787635202166,0.07329074786017716,0.0933120363721811,0.24493278467521165,0.07963901952415427,0.08521949937886215
0.046142519338341924,0.08743111158621171,0.12360714916755383,0.2359444504216995,0.07495655213338269,0.09285394534101182,0.08935774330970658,0.16612471309752772,0.08358181560456424
0.10818293446812155,0.08742001809685403,0.22279203266445124,0.13952764063334086,0.09891583393132929,0.11573066742104167,0.06074553726801609,0.052524644032511586,0.11416069148433368
0.10862328372261519,0.15680069614349065,0.17330913866939976,0.09954181217638151,0.04433375625187443,0.1193102540338538,0.12882211304979005,0.07358617890190554,0.095672767050689
0.1126587336625869,0.09079833668201533,0.07640321142884171,0.056563889503567,0.16461683213743183,0.10331584608982398,0.15207759223611453,0.12718607432659557,0.11637948393302304
0.08958575396362863,0.12046533706783409,0.27467030664497777,0.10570035024956015,0.08651390388824431,0.09348748173680643,0.06394627459665218,0.08945750969012262,0.07617308216217394
0.08528167011846614,0.11607852765330647,0.1233162873964022,0.07783001422944615,0.04936048115118535,0.10510517556261013,0.25932698261834575,0.10528476511422673,0.0784160961560111
0.10948193348552326,0.11783993761726323,0.0888989676941143,0.20164596239565094,0.07769604583187191,0.10144059845212328,0.054108697058649485,0.1678063635808944,0.08108149388390924
0.09041414980344155,0.10109202563723137,0.12280867879835032,0.12026149444771676,0.09161905577823119,0.08116351535763705,0.20897741523182342,0.07756799085983117,0.10609567408573717
0.06252694296892757,0.1041898156730497,0.06520375270543377,0.26484062874021513,0.04706514218928017,0.10739759193120184,0.0858244794786117,0.14883078936790162,0.1141208569453785
0.11184377030434271,0.12094915529732181,0.14159089556163093,0.2094118541592408,0.03294301105448191,0.1247560978478049,0.09620495319491913,0.08427958472394786,0.07802067785630994
0.08663113773191593,0.13843679781051388,0.08760744339860586,0.15945471653507295,0.0764307702206965,0.11310779328572802,0.06528478143832205,0.1033567514306079,0.16968980814853682
0.1348521226728339,0.14196009360139675,0.18294130900392105,0.03175532915817284,0.03735560708781372,0.17675249963826248,0.08753639760491433,0.12811781390866425,0.07872882732402066
0.13492094181287395,0.10383532237807275,0.16806536633905314,0.10887813731602412,0.04074990604518603,0.14348484024920308,0.05005423586155727,0.09859312983099511,0.15141812016703457
0.1493976709913675,0.11734554399640117,0.12822041211979265,0.03316153192303558,0.18247891726765716,0.10161022861320272,0.1807431986215872,0.03271977729853899,0.07432271916841705
0.1318889292051749,0.09254435572780771,0.2484039306857352,0.0351173437581129,0.0823261651302611,0.08164071279769541,0.10507541885202877,0.09544437325336946,0.12755877058981455
0.11352721330044353,0.16873846851811378,0.1482862423461022,0.06383441586072851,0.14620518613219563,0.12930839565945526,0.05211477567014914,0.09951195324167239,0.07847334927113951
0.14948692285142548,0.06481259135426848,0.11761762127860494,0.1290754512369594,0.07501183394498086,0.20920402906896363,0.03687220857109088,0.09853188502215038,0.119387456671556
0.11342624747295023,0.10130122190798636,0.12453295562232454,0.061931728042018956,0.02407005308846918,0.09656531438361478,0.21371000772849233,0.10828879734331513,0.15617367441082855
0.0652908569945689,0.10087821791129807,0.14261045771284817,0.1438967115873764,0.018616338270658433,0.10387884076063447,0.10894108395539794,0.18104588052275994,0.1348416122844577
0.12027214895981869,0.10239992635866797,0.03538036701344405,0.08227612736033584,0.02201217048511302,0.07326189981995919,0.25139784600082005,0.2383412082730428,0.07465830572879835
0.20717987394268755,0.11806071897834491,0.09393782452235931,0.05744205973457845,0.022264182178487992,0.11512202707166387,0.1391592788750994,0.1132835030381853,0.13355053165859332
0.07925584710157224,0.10723128803295416,0.07934251445522018,0.14125150943915343,0.09203362663288261,0.09671823968454374,0.29125559685533337,0.05066692393570845,0.06224445386263187
0.11282271484154144,0.16143225822323523,0.09227596663950588,0.13016372492177627,0.025073413656504326,0.14873568508263998,0.08834561923074878,0.08056016356203242,0.16059045384201567
0.09277040556769327,0.0951876926953485,0.12391331337295348,0.1643325814181823,0.1497058507951734,0.08679435638776349,0.07096981298058286,0.09888536726830781,0.1174406195139948
0.07874257352391213,0.12002429430706145,0.03928335857887324,0.15801269343768398,0.3144902754781138,0.09445750456998414,0.03468611977130459,0.1008609689536414,0.05944221137942526
0.07613774769650446,0.14111335863568547,0.16564679717735512,0.17509643390771915,0.04980072344084472,0.1188012882856782,0.07418723352029703,0.07788107377231353,0.12133534356360226
0.038314394617737925,0.08964236028403579,0.06684872446062623,0.08376933607533044,0.2987617508636132,0.11978540082886475,0.12765805032675237,0.07108569169528789,0.10413429084775143
0.0692873008347807,0.11281684990972694,0.13532808155967269,0.08512088851355142,0.1497189456200354,0.08610473724015577,0.04092508975011355,0.23806249205339694,0.08263561451856664
0.05331106031736174,0.13922698090073604,0.08712524389474317,0.06824001893365883,0.1326945964333939,0.12664639930394933,0.10469817673170607,0.1898876333755497,0.09816989010890113
0.0769505721732021,0.09945991567692854,0.029228474379751773,0.03555650831492609,0.2826213550752557,0.09888846072783393,0.13120884225809082,0.13920426413973377,0.10688160725427731
0.06174774163065752,0.10410241684706438,0.21647236077141954,0.08043760424898605,0.01635262132783673,0.11262788527006884,0.11383816212146647,0.18560303100492484,0.10881817677757562
0.1880304954532912,0.12131886145584915,0.1593876097760434,0.05525304167665183,0.00827805356857419,0.1331177570739235,0.060562504155964675,0.1875267893229812,0.08652488751672067
0.096896309842268,0.08347744268247115,0.1829859719291674,0.15034544403715774,0.028920417802921063,0.12727275064476232,0.0623912440687949,0.15972404953508512,0.10798636945737235
0.10867568831147771,0.11539751685193499,0.07560959072703291,0.04274377280086197,0.06314971628112472,0.1725556167450396,0.16480520022399073,0.18793475230379822,0.06912814575473912
0.24185280308485899,0.12166123050890061,0.14264167322219878,0.11958779924613883,0.021339508910207083,0.12653633518573223,0.06998408014629147,0.09331513537725052,0.06308143431842159
0.051743744122758784,0.0785758252756872,0.22254149858879888,0.058234244278269655,0.057269950682825706,0.12452840114052573,0.07680690386820899,0.2066466801566873,0.1236527518862378
0.04785172408554691,0.11980898127367416,0.3023644677271245,0.11265357323219245,0.04088625837495282,0.10399462006846764,0.06819746292299353,0.12277130066029761,0.08147161165475035
0.14902068332785556,0.1435317924531155,0.08542688831019425,0.11100949358172764,0.048085784960662216,0.11420283943958355,0.08501857115650012,0.18539599992190073,0.07830794684846036
0.14768336865431486,0.08983246968761434,0.06101546858219851,0.07819263882359546,0.18502102918620278,0.09422011979656747,0.09280397052281693,0.1255932478390467,0.12563768690764296
0.11764723095254148,0.11002012402327703,0.0692353423754787,0.17610799697995852,0.05974803432752449,0.1551895231406662,0.09705594659461429,0.11773414995900496,0.0972616516469343
0.1217825342391262,0.12666535357900832,0.07523797518346359,0.03998756529911581,0.18135748872842586,0.148754889945255,0.053465671192000845,0.17016735242073092,0.08258116941287348
0.145316380070816,0.17962161442172267,0.030543227452746655,0.09860248469479256,0.02175539644673174,0.1445870690263048,0.07654250922941505,0.21772072378468424,0.08531059487278625
0.07625263801590916,0.10334474636195838,0.08491625582052098,0.13072951570274052,0.03264104136475152,0.13524145480288133,0.10327045434586579,0.2102817356690253,0.12332215791634706
0.10179336284116651,0.10116519583510224,0.07105792151536856,0.29644266379341694,0.1258423876293315,0.10106490562304203,0.05664365983742533,0.044926178968568986,0.10106372395657798
0.07185878966095534,0.12784952914681058,0.1224859513817453,0.14912601072456808,0.051888117147856544,0.1258454723184007,0.1567326529035222,0.11504187792395036,0.07917159879219088
0.16320145774837178,0.1584713901727053,0.16769259924951233,0.07383127809989985,0.05149807209476918,0.11866360464048509,0.1255866342513814,0.048928617485764415,0.09212634625711068
0.053794136421144424,0.08711392611160802,0.07847295273279674,0.262745814183769,0.07329639760045735,0.10077962219239366,0.14683175539617055,0.10522437639924702,0.09174101896241323
0.21197019628532554,0.09269037185239115,0.12260499932421771,0.026883000857820565,0.21278714703866985,0.09984510754508495,0.06956096376040553,0.0687948124875241,0.09486340084856056
0.06697446834965826,0.13834895979436615,0.1658155646272972,0.18142925613302477,0.08177724650567096,0.12888189370002126,0.024961557101927656,0.08127741873974785,0.13053363504828577
0.09859621150961019,0.12025708710703353,0.18289618693632195,0.10035300798212977,0.033537037035125894,0.12470268854131672,0.09448289040220414,0.15058909938496134,0.09458579110129649
0.15130762394696573,0.08646398578904431,0.07748761630457322,0.05211276457300266,0.06304226783377988,0.07617653585222339,0.19734917930144769,0.1948878901797683,0.10117213621919485
0.0761416304522883,0.10873118470987118,0.0770343784934724,0.2715001196067403,0.06814172476354681,0.1418270132745237,0.09237530570534928,0.05190214952803801,0.11234649346616998
0.21125185408062988,0.09608293234318012,0.055862767330793435,0.253653372075989,0.018047796353393788,0.08609672545131412,0.07964715648506121,0.07260072725678818,0.1267566686228503
0.18143831583503425,0.15256578119900735,0.03726736873153757,0.08629387452762005,0.027146592352077264,0.1530852805599749,0.16539379035076665,0.07613847214809254,0.12067052429588943
0.0729784074670828,0.09487458213722484,0.1757957860146386,0.09102913832151072,0.07460354222291822,0.1306952920149855,0.07189499927996826,0.1461083248064562,0.14201992773521493
0.1977131920946444,0.137727844917702,0.06853981544557633,0.07339264732820298,0.118506015869652,0.10790304508758967,0.1072661574078101,0.08892891710378907,0.10002236474503344
0.16754654554358775,0.10510643473192537,0.049546767853449115,0.15682038555833921,0.03859794238812599,0.1113671344275791,0.15685353509165298,0.14257879529840636,0.0715824591069341
0.08219292310653632,0.12889299515802302,0.10814043781451609,0.15464543817532847,0.0609076786846364,0.11634539177730013,0.14142456690175356,0.11239176148422897,0.09505880689767697
0.1737783976536992,0.09842939364941176,0.19452754285260976,0.12578611018030691,0.03429685240335439,0.09046858172591517,0.09778945122904865,0.08300104842040185,0.10192262188525225
0.13410348298606709,0.10207554926173411,0.14797945236593302,0.059526568235837074,0.027951776199357264,0.10165112806853928,0.09016494706923461,0.19290523818868177,0.14364185762461582
0.1355162436811428,0.08095147267695882,0.09829394963500258,0.26859477880020616,0.05629516721289914,0.08998536053377772,0.06624062007963911,0.07403859252336191,0.1300838148570117
0.10544059057188566,0.10704352262313838,0.1216771953538859,0.17498519268695142,0.08310344713430778,0.09664026515341088,0.15075634495322798,0.07828046778928617,0.0820729737339058
0.16158072662931064,0.08083390800905488,0.06797567089214931,0.1664377051508438,0.023140952620875278,0.09008154863418888,0.07118944921410468,0.23506128372702828,0.10369875512244424
0.178465231218369,0.16541024467359097,0.08928202596202937,0.07031583878462792,0.08365904198187639,0.16526755287799857,0.027108523306837298,0.13637414555147784,0.08411739564319272
0.12631569155127306,0.10951945229558428,0.0917718268885226,0.08730697082274096,0.08721174878648415,0.13269170538606967,0.08238768098535769,0.1841901568507539,0.09860476643321371
0.2627387633553018,0.06788640538677519,0.1447706936332814,0.11812774215953818,0.027747992749038997,0.1431641815945691,0.0650071224270619,0.044481132249004234,0.12607596644542926
0.16192061741399252,0.1135451483972575,0.056153714856336835,0.313445239911555,0.01950424527934613,0.14388655908180292,0.07911887736354874,0.032611824387601164,0.07981377330855934
0.2296586730231891,0.11867575412853844,0.10365190092913022,0.08402516972351633,0.011023640770566426,0.12322255355622318,0.1480614359802519,0.11966132825507907,0.062019543633505425
0.07206426090388487,0.10829619120966717,0.1776234589898482,0.09250955353147149,0.23858399050059612,0.07989872795182733,0.0650491128644984,0.06975610272816023,0.09621860132004616
0.15668452134119681,0.10970115165864869,0.10537113418240542,0.10902751160877777,0.05696766384551794,0.11069745898367851,0.056576576805615446,0.1444438206888605,0.15053016088529889
0.11927839485716975,0.11402564534845493,0.1502839648646879,0.07695427479229701,0.02711936681767051,0.10932062605986283,0.07392754777279463,0.2221171235219057,0.10697305596515666
0.14464072373635192,0.12084861759863537,0.10939435897944001,0.0812959942341616,0.13101611023262286,0.09709253320106981,0.09878953788612514,0.06523627447314757,0.15168584965844575
0.15339827970617603,0.08828300739768626,0.12683325544653898,0.04337556519901333,0.04080044405264531,0.08579965206062862,0.19428042095300682,0.14852663010303893,0.11870274508126576
0.12552135025349515,0.13008633748678036,0.12015702752755077,0.09357037933395838,0.09042959149094604,0.10442411374563222,0.04202218048156966,0.16418953212881357,0.1295994875512539
0.08906608231545825,0.09409132987587397,0.026080768587359717,0.07767970470005853,0.3404569212150754,0.0684551008389623,0.09484493422873434,0.1355592984487843,0.07376585978969312
0.1262389476187993,0.10774485486021752,0.046383055364069524,0.05609300388227164,0.16456744685149702,0.1379350890818497,0.19858515135096858,0.09021107211113581,0.07224137887919087
0.21843125799104265,0.08230707618813947,0.0628357823810109,0.055955263192371874,0.034679884239104695,0.14408988476554266,0.08300652895401991,0.18835494368590208,0.13033937860286574
0.18387573526955894,0.09611369778725899,0.0805334263169823,0.1880798186370758,0.11149016176680443,0.10823716075426969,0.0848250336735088,0.062092069320437815,0.08475289647410318
0.0979406982782763,0.12181527856364129,0.1159681595929206,0.15386785220952504,0.013240178467795516,0.13450917618462566,0.15061304911947834,0.15292789613653993,0.059117711447197206
0.10620323430841698,0.12242797464329576,0.26718116614243304,0.1467524395643022,0.028860109262130017,0.09531940108771207,0.05154092550917197,0.07116378468885065,0.11055096479368737
0.1513310266638648,0.12185082477349463,0.17027312585915255,0.11210258211701789,0.05395517091144734,0.11504925814143412,0.049638581946533394,0.08497524397908325,0.14082418560797197
0.11657391242651054,0.07060218551376002,0.11483565512819716,0.03515071423827191,0.09272571616489295,0.09242295966830694,0.21882246417908546,0.08744331838678006,0.17142307429419498
0.0570416119326135,0.1196794410930263,0.19569187479582859,0.18211795924385585,0.0243879649662247,0.1322944878922376,0.0650828190063315,0.10140832413856853,0.12229551693131335
0.2512954181181754,0.11459312370420154,0.09241056559214396,0.05625762618534753,0.08570276195171139,0.12301115023166843,0.07560686341662147,0.10155934476786833,0.09956314603226202
0.26443721904853634,0.08653538499708852,0.06781420832437085,0.08391708884433406,0.04410289681589786,0.08974499458894529,0.18179103525354542,0.09407464724679702,0.08758252488048475
0.13442518897185116,0.12186158436387295,0.044049354278153936,0.12489299390159415,0.013023614423144411,0.09383182653340878,0.24612492578260495,0.1541277404910296,0.06766277125434
0.09027363849647568,0.10395220556812361,0.20105593067302033,0.07408694547386131,0.024435871070227072,0.0998412400504081,0.15718950417795882,0.14454308783915357,0.10462157665077153
0.09253699862547214,0.099534062527573,0.09395875962071441,0.05684516567333995,0.10485953002686492,0.11641409881004704,0.19200084030652012,0.10050021735952148,0.143350327049947
0.044500284135858555,0.18164409587378252,0.052692883681402576,0.06132894320065935,0.315215250426707,0.12543182359961955,0.0612348957701015,0.11734255177730306,0.040609271534565915
0.0479980656848596,0.10600737456422626,0.12977103308181537,0.1116996319671744,0.17135543673528972,0.11301740823927083,0.09494970905566645,0.1328013163038901,0.0924000243678073
0.17881768554595734,0.15748243332546777,0.03671235794434761,0.024969398520646852,0.18058685460673848,0.08367493448500102,0.09733094404948606,0.17587823639298397,0.06454715512937086
0.058389037634970144,0.11205211379329895,0.21184717379285603,0.035812451929780914,0.06878494296848787,0.09416168538284393,0.08779891650029163,0.2444903306463544,0.08666334735111618
0.13258362129655865,0.11156183431258326,0.12749977616344702,0.1321645950316881,0.04362166984877142,0.1203077941755854,0.11413125845268797,0.10593615984255274,0.1121932908761254
0.23699179763957368,0.117636856627667,0.10839156556744604,0.13980551751652834,0.04005009724312023,0.12431691027958565,0.053213675822120186,0.08818668427423364,0.09140689502972528
0.07723653695025431,0.11903782998322894,0.08618306272226205,0.2571689810394476,0.028459420694530852,0.0880960215728643,0.11618126330426566,0.08663961469165005,0.14099726904149626
0.18008240778576637,0.15618934287789804,0.0980818965834387,0.07377333495467424,0.05263290419615776,0.09912155334582577,0.11924208475453647,0.12956748430593382,0.09130899119576884
0.11934344098856726,0.16282655503099394,0.1762879440129178,0.09563332427722,0.04147052472885879,0.14032014355454284,0.06665099719319749,0.11379981766143121,0.08366725255227064
0.3175638285428591,0.10744753657157809,0.025616402157267387,0.19343090878796776,0.00510189502139367,0.10739052108589274,0.06717820475558113,0.08007873520526505,0.09619196787219518
0.15424780267799343,0.11327520652444384,0.12425271908601114,0.1479225258226434,0.04421463215555429,0.1087136653077956,0.10534474310480085,0.10982416021221142,0.09220454510854602
0.21604818668836456,0.10701261493918766,0.14748208588906575,0.09014804881084088,0.12288266980177094,0.09376711092605883,0.04396790915757285,0.08447461225138085,0.09421676153575768
0.06181970057259642,0.13499636263112227,0.1358695364735195,0.06845174386725116,0.13208656881126038,0.1227420099597598,0.14426719198013804,0.08832354463089868,0.1114433410734537
0.037186275992063623,0.14406891801727337,0.05730034313084492,0.044268844333883506,0.11078262663495826,0.11209637348948427,0.22948593531126035,0.17972725758217803,0.08508342550805369
0.17248427001198233,0.1207264233222413,0.1453374176584469,0.10633743446485923,0.05452272085042714,0.1250146354605001,0.05570507154959898,0.11289648620730515,0.1069755404746389
0.08425508108756537,0.09264120912680872,0.20618016405342196,0.06912528304265583,0.03690909552671374,0.09942551670691091,0.11511532603149986,0.11474558427636017,0.18160274014806344
0.11958505024665013,0.11011700354780544,0.1876477745661905,0.06639487940982136,0.03499278008406464,0.13650719464156472,0.08993971589153582,0.10087229393622353,0.15394330767614386
0.059362275838735046,0.13767440807168327,0.048636142515529966,0.06854802607172948,0.11397422726585761,0.08020759838396753,0.14017662372566642,0.29105911500506615,0.06036158312176454
0.14250586402085563,0.12798291174587084,0.17567066437210213,0.06813383153322387,0.06541585440563825,0.09248255336795942,0.18206742881694848,0.06780575226476376,0.07793513947263751
0.05065263953904262,0.10873964215215187,0.08303895662095007,0.10621188444150957,0.16538281795494503,0.10481058382954551,0.1513292947131486,0.037617944741336694,0.19221623600736995
0.23954250466431723,0.09935146487337067,0.19941202548257722,0.037845559137803006,0.07526151214189368,0.08937920528364252,0.04468604629521808,0.11738307485269463,0.09713860726848295
0.11419795206174578,0.13551261512637258,0.07395097183893849,0.06027858743875747,0.052438080192035295,0.13843879265405737,0.15519664893446602,0.17169718017182475,0.09828917158180221
0.14985451617604525,0.09744244853341326,0.10997381409365431,0.09909835516904046,0.01333791978020732,0.11116591191936515,0.17497526663790766,0.06772677581872098,0.17642499187164562
0.07031550376981803,0.13814465377538865,0.04687720891039431,0.18236331391584962,0.029595466182489812,0.10312448082782337,0.15866958114045304,0.1858516427371585,0.08505814874062456
0.07273183708868579,0.1429172481304793,0.10116103886490853,0.06742696220107486,0.09533160067165021,0.16576243934598858,0.08844174572041041,0.15745537404244073,0.10877175393436156
0.11347895478141967,0.1639874197707878,0.11057550619434746,0.05829832638201345,0.020636747565399727,0.11710148354772802,0.2018152315447135,0.13683937787310962,0.07726695234048073
0.23959711522884666,0.07305422004887833,0.027441013241597177,0.03813856673032668,0.027289978920026187,0.12170342931401538,0.15761800101166853,0.15831693854273798,0.15684073696190304
0.11127569979588686,0.09251461197895705,0.14081306902531476,0.06306233363312178,0.08394561840751803,0.10254858731664211,0.12820313737643854,0.12128997686379268,0.1563469656023282
0.1270137842595774,0.1545310925406033,0.1222061100511695,0.04304545102582084,0.00929182622250578,0.13058390166320866,0.13299466889707026,0.16221346669557826,0.11811969864446605
0.2004745916650261,0.09046788519100696,0.09377735577635388,0.02436824708052096,0.09729553766166137,0.08228819394353125,0.18220261831922255,0.0891999770710926,0.13992559329158435
0.13160198961559655,0.11156784699630078,0.19374346583382462,0.11579517306040706,0.034582470086432254,0.11682039551847595,0.0693456393037843,0.12298408221192798,0.10355893737325043
0.10207822768011798,0.14845427018934762,0.09075673265001666,0.11897195496534818,0.08018286269422871,0.12970487108165737,0.08365164744727639,0.12036038609809145,0.12583904719391562
0.11787338360158423,0.09725380376446414,0.13853019828948288,0.05134318410376518,0.03956926077090175,0.11832674568542957,0.1633293267315219,0.21585413132473388,0.05791996572811644
0.18969493554659464,0.10621446738548239,0.11143611136609066,0.17746005041441368,0.009846561970444744,0.08255570090552358,0.04339227755314348,0.17753776137580854,0.10186213348249828
0.1853540399861405,0.10283912663624617,0.16843016545657027,0.03845421711524913,0.009682618524134441,0.10032341746347889,0.12949441230061387,0.15521985339280964,0.11020214912475712
0.20533735214254187,0.11942128984545182,0.13330437504542,0.049221746474087814,0.07534493282992039,0.1350715274089759,0.16198605877421138,0.04402591828795082,0.07628679919143994
0.09164428009225689,0.11752339205176708,0.15162298446209568,0.04888981801365783,0.21716973594493705,0.10213180236287667,0.09404407569100937,0.07734459303451265,0.09962931834688682
0.13389579093138138,0.12063784487366791,0.11921631761220718,0.1098504732968603,0.05936362589170283,0.1282214213113885,0.09402372174715107,0.13902333178787776,0.09576747254776302
0.08679128801272075,0.11864254513745597,0.1756309211063324,0.08758861848813755,0.0464676504136138,0.17807458615078262,0.06454896887218431,0.12484494807937536,0.11741047373939724
0.09886323905900248,0.13410554656976129,0.1460964802517142,0.07330209777805123,0.1896782038392795,0.08392426772285529,0.10389143160642052,0.042460024742761976,0.1276787084301535
0.12217138613484381,0.13345153689193887,0.10464760728492555,0.09296657974331862,0.025776669752073905,0.1512885752372816,0.10573307020098842,0.14391046543417554,0.12005410932045373
0.07158389450271188,0.08516304654957689,0.24005569193505769,0.1302287360952968,0.12100062891049239,0.10722962314655288,0.08828765308746049,0.09152818923972865,0.06492253653312237
0.09214683248604039,0.13186498695039084,0.0734427053422574,0.08835525615900218,0.11425495922402834,0.18474387770210376,0.06271760627902302,0.14631783592467187,0.10615593993248217
0.07722628853512935,0.10600765709460784,0.19643224994963163,0.0749444768101909,0.10177363795058582,0.0871467002379035,0.2209117708401285,0.05664614090988942,0.07891107767193302
0.09962041235413256,0.15502240124299246,0.0397185948896527,0.12192386937401282,0.1382531891744379,0.2282349046327278,0.044585905441699325,0.11128530212893047,0.06135542076141401
0.09460886450448382,0.0921925603295093,0.13308623272956943,0.07930599685682777,0.028528487178695282,0.09239528829264299,0.1841211303672872,0.20763245423953547,0.08812898550144883
0.1372749640215127,0.1017631097390705,0.14404931003245727,0.13574332320088156,0.04362637766727711,0.09937358640742792,0.08863620230983288,0.0911455143294368,0.1583876122921033
0.0650586162343063,0.08802406993777016,0.16299638591678914,0.08540569383423792,0.01593948287654773,0.13160504156769667,0.19430931971807872,0.19225547799734524,0.06440591191722808
0.06301429708902086,0.11847530318797299,0.10813646131330962,0.07894213784292932,0.09834819828341657,0.12444586988521616,0.17833879201600475,0.09194589049759044,0.13835304988453923
0.12631574861407116,0.07254661958421302,0.05258198663882179,0.04120234746703593,0.08060614417658087,0.09634348891713568,0.24952099247959214,0.1818102732591915,0.09907239886335795
0.10490948896906649,0.12222590655797123,0.10440445360717447,0.09104538350036954,0.11577354733772198,0.119639016174017,0.07828870913213014,0.1579512218159389,0.10576227290561026
0.0759208920150528,0.11405337138323408,0.194475051607183,0.06718103050859099,0.08836669166796572,0.14322233507452378,0.12456813708525295,0.07798365115461452,0.11422883950358209
0.1873337917124628,0.16364318168122308,0.03363072408486666,0.10564776131688951,0.1360443173582246,0.09882427164320669,0.05228514627842488,0.12769526213367485,0.09489554379102688
0.06293107743961217,0.11476850159339745,0.03539423882634022,0.24281538771472122,0.07185322146186618,0.14753925651615404,0.13786756644226617,0.10009508823356617,0.08673566177207633
