0.08820197373146636,0.07272775651085989,0.1685013858386308,0.11808036659663447,0.14301275704542843,0.08968274978728519,0.18325401374340608,0.0699515922256092,0.06658740452067957
0.05231493509008172,0.1155386094743079,0.11094771400942756,0.10065321193486815,0.11200549631906252,0.07429561801883518,0.22609001441377022,0.15192535119568246,0.05622904954396421
0.12115201095693266,0.12243236767622112,0.18453209322351757,0.10827610544879679,0.10934890232386611,0.087702244647525,0.11176849650086262,0.09206109159457883,0.06272668762769933
0.06085639196419907,0.06195998629429413,0.13552652816239505,0.1140631053397226,0.12422096633672701,0.07818878920201533,0.10421045257520628,0.1788120019555517,0.14216177816988881
0.1934501308818928,0.08089579371541035,0.07975119284038296,0.10776331108333743,0.13217312424554614,0.08618387674433124,0.1820207511846195,0.09169952232448171,0.04606229697999781
0.08394922412017479,0.070110926206161,0.08083903859093867,0.10302779049990463,0.12044660085452868,0.11888376529841764,0.1327705523033462,0.13651246677991535,0.15345963534661303
0.08966886263469075,0.049495969200542916,0.06607224157247048,0.11397168732745505,0.11405692386215237,0.08503451319334539,0.11072315076490398,0.10744901563445027,0.2635276358099888
0.1327373742269759,0.22415372231075614,0.07928264992436386,0.09324953616696595,0.0829547960392954,0.06204097329167399,0.08996082485328062,0.06791710508554294,0.16770301810114516
0.15717597512667722,0.17242799717549792,0.07580401108239705,0.10065037173898071,0.11433723389863167,0.07801137554821666,0.12830004236452222,0.11146206014819675,0.06183093291687989
0.15531347813931665,0.05077802076864032,0.21426596271408274,0.1189430665637433,0.10962350077897536,0.08345271744795807,0.10104716651827145,0.1122524773387021,0.05432360973030995
0.09456078599243223,0.19372766476700506,0.08647526993297494,0.09142393986609494,0.09224924909019168,0.08189910220583753,0.19981225708574968,0.0521494092829053,0.10770232177680865
0.1917370523800516,0.12803529380550985,0.11068219320830093,0.11172339972465256,0.12177411544694237,0.08973222546871464,0.09860404177887738,0.12407957342580729,0.023632104761143358
0.0707445240685803,0.09691397674418457,0.13948075149732064,0.1174039423257854,0.1527291293654659,0.09825869139065592,0.10330898056545966,0.1062145614199619,0.11494544262258564
0.14912144131751007,0.08486893899337926,0.0955775116137663,0.10167836368224155,0.11186501855482629,0.11816812148852446,0.12865313299660583,0.10372387563714362,0.1063435957160026
0.25993200068688394,0.06998442417191991,0.08063617524877885,0.11034685961242419,0.09675668698792482,0.08519769982111451,0.15155338584602152,0.07407672748818851,0.07151604013674374
0.09929079229933913,0.07878374751289573,0.08249008982967249,0.14310563498686432,0.12910701930220222,0.09367988354331978,0.14916120430047972,0.11826382714636414,0.10611780107886255
0.08351303681540095,0.08459534325327477,0.10253923492417667,0.12071432397737747,0.1367990971667051,0.11306021663580441,0.11179306742609356,0.09455058221777468,0.15243509758339244
0.10539430925033921,0.024593959638410726,0.13651965371099029,0.12341376186954976,0.1319596728524491,0.09671546743421007,0.11162980391778153,0.08224989826230178,0.18752347306396752
0.178108130773438,0.047328774759427594,0.13088573709692933,0.10930806707429513,0.10397388382058208,0.08857416321486522,0.11214621417732923,0.11667025169876417,0.11300477738436922
0.06350384212514093,0.1481053191461773,0.08083007575762062,0.12386530577549099,0.12822158782085016,0.08317150009620639,0.12922619454470316,0.10640350487918693,0.1366726698546235
0.09682362162271264,0.11544900304811882,0.08989633384194733,0.14145176833504736,0.12880398424332454,0.07735841892403296,0.07621671530544473,0.19084444647531565,0.08315570820405595
0.08106831683221731,0.12980208227252188,0.17736077341870646,0.11425274912730582,0.10428984285429477,0.09054711325277794,0.10728202347812855,0.14037550346741803,0.05502159529662921
0.06259978033149087,0.1878789529980891,0.16562019339058032,0.10197484635771444,0.11798495679854766,0.10289127797366038,0.10659960184122036,0.07812183092157447,0.07632855938712235
0.13946429363442034,0.06950699647365732,0.07070752176085994,0.1065212130012874,0.14308529693005875,0.09453989550370684,0.0848097109606113,0.11770480537803503,0.17366026635736306
0.056830723961178435,0.22411977553796045,0.1279889567750992,0.10420971963767321,0.12869365932869328,0.08316429342991756,0.10660203588024135,0.1198545002240502,0.04853633522518636
0.07940315450017078,0.03674910839725971,0.19027455468187324,0.12384637866985189,0.1398901539151482,0.0836794645827218,0.1359061670831273,0.08670531506187756,0.12354570310796947
0.1673250041491189,0.05921609716144599,0.12362661790895496,0.12401413794022649,0.13294287340872069,0.08093333453774723,0.11052749879752917,0.1370851442328841,0.06432929186337245
0.08190615180314044,0.17965464285062513,0.04735508289124276,0.10112201970313957,0.10775194766454706,0.09007280763875951,0.10802952356889191,0.10778512108336563,0.176322702796288
0.072138306843177,0.12124601079088393,0.13681137258842332,0.10095978133138885,0.10915956713969378,0.13390457040914994,0.1827195590908698,0.08671662527386437,0.056344206532549006
0.08808320228666953,0.08412333394733935,0.12296911402332251,0.10296665633091888,0.1095370574707087,0.09454345666855148,0.2617233765054324,0.08789343145062811,0.04816037131642908
0.03685046554382538,0.37832613178026225,0.12352923283752228,0.08100663051970682,0.07085182299732595,0.0678874936191705,0.11247183940138185,0.09379223128892171,0.035284152011883174
0.03738953269674412,0.10241810299648259,0.11295048012891733,0.10879818661524336,0.12597361088531575,0.08257067379283599,0.2395589010069299,0.09744059670568406,0.092899915171847
0.0849661425306597,0.04917280804209431,0.1458061865137425,0.1078014039029576,0.11613457536857412,0.11976099552791512,0.1031852851763186,0.2044857194851655,0.06868688345257258
0.11503893737276742,0.07252483864333027,0.12814477203677055,0.12104096035612205,0.13056646771977534,0.10525235752436683,0.11734600976662722,0.11304461271816957,0.09704104386207073
0.10708182029418149,0.09937629933393832,0.10692259914919605,0.11100182963946492,0.11555351424382769,0.08922612040437428,0.20907917699175926,0.08711796947007518,0.07464067047318283
0.05879147720821873,0.04973845998218199,0.08508266503149431,0.10282873295339456,0.09499062088422279,0.08608129016602739,0.07001796203184414,0.10368734943486778,0.3487814423077482
0.20652551652376658,0.09492227477301825,0.09428363432068344,0.10663580450925451,0.12865582303925427,0.09407303904154359,0.07984320014546076,0.1275209661481796,0.06753974149883897
0.1723539730459617,0.1286829779733126,0.16622832952892405,0.09897739997415943,0.11972973788359782,0.08517991560449588,0.0892003554837617,0.08034917085685686,0.059298139648930076
0.1647966400053666,0.12328182644537455,0.07537131216732516,0.12646837244502174,0.1395128055505327,0.10580365920813971,0.08876949624561632,0.13616162315478741,0.039834264777835894
0.03790704748232917,0.12456646871878636,0.13336669104790824,0.12077704302842358,0.1099865073010644,0.10508989277300244,0.1188727334513661,0.16296616096942018,0.08646745522769946
0.04950292856624163,0.08203047710716373,0.15726908142334728,0.12192120371077919,0.13720251126197644,0.09534049571608022,0.1459330096922775,0.15551257318641515,0.055287719335718966
0.0567496768064161,0.21933488588823158,0.12222604766384887,0.10520726685910116,0.11004930909456119,0.09222337788108166,0.11748924001105003,0.1416185750134728,0.03510162078223659
0.25484661562356364,0.20157378922001767,0.030421451421673625,0.08324117356129981,0.10217393746298926,0.10053087629494452,0.06698445693803347,0.11267811096694841,0.04754958851052965
0.10139406638339771,0.08287351447108382,0.033830633474162694,0.12504522181246502,0.10151662449182312,0.08386844482565399,0.12573186499006386,0.09770931912849351,0.2480303104228562
0.16138549352117018,0.059208051507340036,0.10374594523819221,0.12009113950005984,0.10620350809141765,0.08677948425016367,0.1931380614607917,0.11817590825351369,0.051272408177351014
0.09551734476670269,0.11900372460584285,0.13412913861959688,0.13958698687103116,0.13156903040768134,0.08312803612267318,0.13830582485997175,0.10001430841714827,0.058745605329351795
0.1318169159077388,0.07740361766112862,0.13560620624424644,0.11428420799902018,0.13302513413970882,0.09247908258799377,0.16571930487924658,0.08826424675501743,0.06140128382589936
0.08750928006829321,0.22213622985471856,0.08246960459237766,0.09589973656869659,0.0858902918220038,0.07823718951277225,0.17085653656963098,0.11664644261811856,0.06035468839338837
0.17412836866894923,0.06255059873698314,0.05622371489530853,0.11832916957732074,0.13794494644822028,0.10942861936722159,0.18606709758602924,0.1250501386973444,0.030277346022622793
0.08299305555977045,0.10683616809260489,0.2217749235768299,0.11029852462457969,0.11363089594842457,0.08130217137886207,0.15066578436200342,0.10198819705513194,0.030510279401792934
0.09204266873584872,0.10581234891610392,0.2112339683003721,0.11087578900336363,0.11590188825282795,0.09773589782701986,0.08599963775497162,0.11861034850850966,0.06178745270098245
0.06011747170120513,0.02983755043293776,0.21814495343136928,0.10712397895707543,0.13055949872189995,0.11983510182893814,0.14662225166000478,0.12169959310413574,0.06605960016243378
0.06440915724276725,0.16684789203595016,0.05295213731484577,0.11921013452045971,0.11771831805485045,0.13035468186190005,0.14699714197140953,0.1277593825853421,0.07375115441247503
0.3073396515426307,0.09094658042625936,0.057399732861442086,0.09230284161860779,0.0962207500117354,0.07320053296688075,0.08017951358180873,0.0548688901384406,0.14754150685219458
0.1215816663135227,0.238187578519825,0.0817614670199664,0.10843186205177574,0.10223238246022877,0.07655767659107582,0.0909776918095609,0.06660286399744682,0.11366681123659787
0.12231120329634869,0.09299379624852928,0.06618763799817146,0.12533994753958727,0.14463284771985999,0.08095068905825241,0.19165094434568708,0.11877697699044058,0.05715595680312336
0.14771176736561023,0.15734878986327563,0.12458328674628683,0.104912644487213,0.10487002575567779,0.09750962758902439,0.11172336713036185,0.08973603029418188,0.06160446076836837
0.18502450654177185,0.08877877207367811,0.07710839908014844,0.10722233740777021,0.09946721062493857,0.07560173340889037,0.10443353110238952,0.0759115707525166,0.18645193900789622
0.13621956614881547,0.04213457173087246,0.14332029246477052,0.10619886541909546,0.11634677788954445,0.09950972643253682,0.21971249913127297,0.11028866344615351,0.026269037336938333
0.17351926053589928,0.11358522246998004,0.09019098537347803,0.11056823146835397,0.1189304376035676,0.1214087808618926,0.056565315200658106,0.18642985383606148,0.028801912650108882
0.1177395155462797,0.1124356409457955,0.08779469383920412,0.11980047390298938,0.11257403035423819,0.10847779479581775,0.0803648275067045,0.10937349155565873,0.15143953155331222
0.039563485797623775,0.21324128747318163,0.1946566369507274,0.10247824261783296,0.10057811255054776,0.07658708829557359,0.12591684010989837,0.09476783815739837,0.05221046804721613
0.04686517528756426,0.12850039873453759,0.2118892250474849,0.1066845195252857,0.13395595504403077,0.10562465428889163,0.1453338962324744,0.0803389299997209,0.04080724584000988
0.07673554493183936,0.13135074279214123,0.09334109275427471,0.1434643277911066,0.11439131702046916,0.0940112851310587,0.09259236836025908,0.1793518438224345,0.07476147739641668
0.1613544283141824,0.033938335196768254,0.17395746702196316,0.10303693165404205,0.11786603464919014,0.08164926266925888,0.05448651681322828,0.15155844595754364,0.12215257772382314
0.032889128001735206,0.16058913878940495,0.10799300017602109,0.09334022342550186,0.0972860436447438,0.09074070623070624,0.14210237539140122,0.08163918843521555,0.19342019590527004
0.12686769285891097,0.0850435619613666,0.05653689085919104,0.1152140788208859,0.11676869532167926,0.10508450537911534,0.18781306194273698,0.12392771546069759,0.0827437973954163
0.11174547240069832,0.11115524702233019,0.1344497583444354,0.10893152667166424,0.13314703478068332,0.12366120499372608,0.11399513998206119,0.11392620538766368,0.04898841041673755
0.06923444290892754,0.08070503095260177,0.0929635011994716,0.11530741916325603,0.15257207831022282,0.1124438093676713,0.13184974976069488,0.10315738313208554,0.14176658520506857
0.12089200925793063,0.07283662648272336,0.17607666798756927,0.12188589196632009,0.09834520425460776,0.07941115426377153,0.1491147817446575,0.09522406389965583,0.08621360014276407
0.1142571109689164,0.08763632946487478,0.15553957940802013,0.11576191566886192,0.12312031108703363,0.11973580619108082,0.11823417186987321,0.08092371879105376,0.08479105655028535
0.05493651110211532,0.09459825114564346,0.09729857460162157,0.13619908783374612,0.12108309460487275,0.09458434426230723,0.14767298627477932,0.14096607051865287,0.11266107965626136
0.07365948371801492,0.09772330999747887,0.13569131823320327,0.11083394370785592,0.14141470794464142,0.10392541653461283,0.17821188509968425,0.09330960616477611,0.06523032859973242
0.08027430935258363,0.14629388688850328,0.1537149303726734,0.1291472309696519,0.12013401890484436,0.06889349433746543,0.0860454651891344,0.1863984464794806,0.029098217505663073
0.15016348328319848,0.07478161705165132,0.13624148689591709,0.10325445691637185,0.12375249845837148,0.09478876858394165,0.10041891175574212,0.09561217405806617,0.12098660299673987
0.1786547147809451,0.03551653028904998,0.22233971258502586,0.10927241794587957,0.1120601988820128,0.09270764303738971,0.10086708250734244,0.0785148497922666,0.07006685018008799
0.11656901554583758,0.04496919757191536,0.13310825651775415,0.11773963126342935,0.12228965390888681,0.10782319645604167,0.1516586516112662,0.13740520956972035,0.06843718755514856
0.08654573647640613,0.0521640253209244,0.15354361962376042,0.10646880753915966,0.10882429241993556,0.09343740558784915,0.1487392009608916,0.122767351553627,0.12750956051744614
0.0684092048183927,0.08723045519092432,0.17520563013890125,0.11543754450081718,0.11744558665001355,0.11820185648873423,0.12788644536445803,0.10549238134947214,0.08469089549828647
0.08802940878416582,0.10714899975523333,0.20852655859950722,0.11174167616796567,0.1353486868393491,0.12350870718241126,0.06779201901835535,0.08561072335956461,0.0722932202934476
0.12320615685954373,0.07360915949039341,0.10157999808229674,0.11257492371841771,0.1186125417737174,0.12445174008031455,0.17467321092400878,0.08553585041181268,0.08575641865949496
0.06923462803152938,0.07911778221437017,0.10570145563159307,0.0941475908667826,0.10031410335743841,0.0881227270134896,0.08997934169161925,0.10631719667626331,0.2670651745169142
0.07077153929077067,0.028605071975266627,0.2513388558693417,0.10722340881465901,0.11477074282409949,0.08970830368538348,0.14279407401210012,0.07129400335965635,0.12349400016872265
0.1431870087720669,0.19246787649678895,0.0750772532961337,0.10734196760635062,0.09894504370353048,0.07380927776858069,0.08315796248843936,0.10520287242959814,0.12081073743851123
0.09626648781858842,0.05242943049388856,0.08376731621475486,0.10459415305832259,0.1338765704353744,0.17373598030401136,0.138778622886513,0.0903050322544177,0.12624640653412908
0.14082887261825983,0.19104141963774524,0.06303762239675072,0.12955225499859743,0.1293361612295261,0.06970540237935106,0.08586730212456439,0.09280906947193852,0.09782189514326678
0.09161015947912528,0.0683822764143983,0.2372080570753449,0.11953090461084694,0.11947281998742289,0.09075868077982335,0.11578288078192785,0.09985599556612101,0.057398225304989524
0.14663450645149953,0.09122281924208508,0.05641477415539908,0.10426326550407927,0.10678548391701037,0.11311063715344553,0.15899015592559929,0.1383882399882422,0.08419011766263967
0.12178892916340352,0.11209112296945216,0.12788354151871298,0.12071061476321591,0.12340631207925272,0.09061731283809478,0.11129609518482285,0.1138406552544438,0.07836541622860123
0.10287400540153162,0.08307547813757948,0.08706129037233475,0.11892550390183727,0.12394634276595551,0.10574101807256496,0.09458255528282687,0.2023996515393169,0.08139415452605257
0.0487943703874476,0.11473704162005205,0.18105401026008242,0.11124743847099311,0.1290227686562398,0.1145518714957486,0.10777056620008041,0.12840532425169104,0.06441660865766505
0.10934362215417226,0.08215575421348237,0.08015931660231218,0.11367893860533951,0.10668675576453397,0.07127667466864623,0.12401460001106857,0.0893721099203083,0.22331222806013654
0.11464821934909651,0.12175043543187558,0.08611942564923701,0.0976091502372911,0.10731169464587298,0.09562775568070801,0.10209203259698484,0.0782293935304003,0.19661189287853376
0.07846832394370523,0.10650029340983676,0.10232214539670725,0.1189227199439246,0.12071053979580142,0.10889078617070237,0.10086311341413658,0.12756997121585226,0.13575210670933358
0.153334070524853,0.20666768773050273,0.06214927878219909,0.09770132735369193,0.1224809662351621,0.10333166686562767,0.07922179699363201,0.1401379986754656,0.034975206838865874
0.1095066569364951,0.09805798977615236,0.12221447869733348,0.11829614053109651,0.1335402764342318,0.07744926990455551,0.16328005432281648,0.10679581170103047,0.07085932169628828
0.15853629571782377,0.12272566445236271,0.0726428164422709,0.10163325989628913,0.12499185909735577,0.10331910860249087,0.17199271590989176,0.07421861275831014,0.06993966712320501
0.14201328943504313,0.03483387503725644,0.28537363261844645,0.0894645399663447,0.1113799071196641,0.0995612977911375,0.09621895993747966,0.11672933790812827,0.024425160186499765
0.15142780882988102,0.0625182202469579,0.17676798757850043,0.12062004700288087,0.1350080570230144,0.078474903709482,0.08425498208362564,0.103593788054062,0.08733420547159576
0.22506958599352153,0.10793358078445771,0.08088427350423781,0.1076058163883186,0.10089534022843238,0.07753773084636216,0.1492324266915974,0.12176161143489721,0.02907963412817527
0.10102442085812328,0.08194319561507242,0.062044983364377505,0.12226182212869392,0.14495239679593505,0.07798705716448028,0.21484727187418082,0.13167548665944753,0.06326336553968923
0.03874733830893768,0.09371462942138958,0.14628358624041438,0.10672861825870152,0.10062861112936344,0.09044214460599594,0.15494351942335985,0.08535610689474128,0.18315544571709633
0.044576163262265635,0.13194486878727382,0.21236553086995516,0.09507312086600789,0.11166381693552169,0.11597133699053498,0.13332834042581784,0.10409178195572379,0.050985039906899225
0.12044116994295388,0.09390877083254444,0.22748988702739914,0.11162953589971074,0.10322731545726799,0.09247365237376187,0.07448867120322748,0.07992510815540772,0.0964158891077267
0.05324921105861411,0.07137819725681689,0.19109400847253233,0.11921134075786011,0.12172390298593157,0.09787364165044432,0.14985138330599845,0.1447113810391044,0.05090693347269785
0.15136243122339166,0.05061379928252452,0.07486286606760902,0.107912537534252,0.12895671483299873,0.10734753244028424,0.2177607108779299,0.10712818670397144,0.05405522103703847
0.10555839396009921,0.09136942116790159,0.12198025148613355,0.10523807496247051,0.11025886534871394,0.09546478101559817,0.23644730918125823,0.07439372401619855,0.05928917886162619
0.05926991971130266,0.12639514345395705,0.07860009704548794,0.13182393897105257,0.13077639541558214,0.08838081098275626,0.16614719082119808,0.123232428467159,0.09537407513150432
0.23888045170875527,0.08011672611386132,0.13934435290442979,0.0961439801263581,0.09675067966439105,0.07266651895385144,0.09419427444249727,0.10195723380770609,0.0799457822781497
0.06928169252738302,0.05330458164914716,0.08646675677517525,0.1135796173296485,0.12384895595525043,0.09090666875969917,0.20538611732492162,0.15076730017927287,0.10645830949950198
0.09691683576590356,0.2039874294687493,0.10387965556585693,0.10635693262323283,0.11692582753523417,0.07468749904199974,0.1319051084634577,0.11369809708587585,0.05164261444968996
0.09997643113899601,0.11851570245868943,0.14891148488815897,0.11971153111352428,0.1324258533093441,0.09554212768306343,0.06909009563396727,0.0848493733979057,0.13097740037635086
0.07662006164884147,0.10949938248222406,0.28730296561621455,0.1125210658187465,0.10405481810514516,0.0789769200848235,0.1025507319079948,0.07308407222035523,0.05538998211565472
0.11351908416427849,0.10154489945737499,0.1227136324572267,0.11737243822548443,0.1327657855856237,0.10614073180675732,0.11571811063480543,0.1100776483078218,0.08014766936062716
0.07857074195980011,0.06696677877855554,0.12865981609654167,0.09533476068726532,0.11742584476880208,0.1238554104228227,0.1988921418628271,0.1177726377067223,0.07252186771666312
0.20950619123776706,0.057466611041575986,0.08169864168896489,0.1111836951093968,0.11229671067335927,0.09694149834718248,0.10436048587501828,0.09811840812371704,0.12842775790301822
0.0711985766829923,0.04901272676068614,0.12269352314843092,0.11241178657412083,0.11700819099676303,0.08785578553362812,0.20291347121651207,0.07653937480630267,0.16036656428056398
0.17651108171451366,0.14189590738187477,0.10256162531856326,0.10138298935564877,0.1257329842191822,0.08409883501065052,0.11852809677750985,0.07649069146113,0.07279778876092705
0.06380876644523205,0.15546729599639028,0.14586628135235954,0.11717544603942757,0.13583370429356295,0.08557264307087507,0.11845067803523017,0.09597651829664293,0.08184866647027943
0.11340832517591469,0.06444219107060838,0.20925857647717572,0.11892156347332244,0.12374779699111642,0.07548947840433527,0.08934152610752438,0.15464174736797384,0.05074879493202882
0.10465401974716904,0.05398496682712018,0.10475211423567998,0.12906535873057026,0.1134020287979678,0.08334083489892181,0.13853107674827433,0.12283923736136847,0.14943036265292814
0.09522923552035999,0.053893754676212595,0.19133149519965617,0.10673885682458001,0.10910696476668214,0.1197814740940697,0.14104909171598998,0.07266777635005604,0.11020135085239345
0.08910824518814174,0.14142060725834005,0.1660258022732005,0.12495292674333293,0.12510616278801143,0.09080014808046283,0.09419235810646313,0.10220608527674128,0.06618766428530613
0.09841302594706507,0.048431438481227045,0.12565872759453386,0.112178167772142,0.10889969206234379,0.06824156732301685,0.13741017614072673,0.1034502162848706,0.19731698839407405
0.06209413776604442,0.08103169385332205,0.20503428297091553,0.09023041369831475,0.10572677776139212,0.09908628007727453,0.22368915092696132,0.08687401436822136,0.046233248577553704
0.23219265158298888,0.03185484618922726,0.202421562932557,0.10381364835358403,0.10700231799114623,0.0790007902590664,0.0948367145442165,0.09388498864855406,0.05499247949865963
0.20001589186258384,0.18034677962159126,0.034637471604536764,0.09640618018046021,0.09925449189132034,0.07679168245398758,0.14343543325986519,0.08548899158979224,0.08362307753586261
0.07306936171754018,0.06902761493987826,0.19151528214577906,0.11083457315208285,0.11597044450868722,0.1058522682023912,0.12578901373528045,0.09626148581802396,0.11167995578033685
0.08748825032819889,0.20515563544844265,0.09543123134180052,0.09423824517521755,0.10371017032219669,0.0902982375046318,0.09547346582009965,0.08823699467269784,0.13996776938671437
0.07533829513910424,0.05383359872975766,0.18497956701894544,0.1145826380366212,0.1309428806933762,0.09840985554327568,0.1342227257024764,0.1282173967157799,0.07947304242066343
0.08868662829605563,0.15884364015055877,0.06305736869179987,0.11213105130508015,0.10723241864817172,0.09306722246218879,0.140402728126556,0.11304685841989144,0.12353208389969761
0.18021619944775347,0.05447450491268055,0.08031188319180076,0.13691659156083721,0.13528673606451389,0.09037667794583391,0.13097283849293423,0.10158895760630926,0.08985561077733668
0.07140902121506867,0.05066497850533761,0.16871991454333016,0.1021125124886345,0.11618505987554277,0.08585418711222537,0.2650312206822755,0.08028492363037194,0.059738181947213524
0.06464547106836556,0.05825119687144992,0.1649735007112204,0.09677369247577187,0.10266779491545001,0.1240666686004086,0.1654592341639455,0.09037731274143755,0.13278512845195062
0.15442549074886452,0.0785195143777183,0.10510827378148867,0.1269773924667445,0.1448579238755718,0.08383378208528425,0.16300181556417057,0.11563589715520883,0.027639909944948433
0.10127271249879573,0.10968636827632965,0.09208019230595858,0.10434716659004949,0.09895007496160184,0.07901302058455346,0.0856336086571729,0.10251278108980842,0.22650407503572997
0.18207513239122283,0.09067606847071347,0.14075149729524195,0.11196213016236893,0.112775171640081,0.11294539277014369,0.09202724176733813,0.09420506710290595,0.06258229839998408
0.12254315446096224,0.09602098092235718,0.1707932358251354,0.10987009918874568,0.11606511461055154,0.09899783057386335,0.11128915974538701,0.09928129382966855,0.0751391308433291
0.16624683954021305,0.18659350253821574,0.04709440810330371,0.09849006102192785,0.09252554123757085,0.13183876751703125,0.09847446513258003,0.12437731763997849,0.054359097269179014
0.07649379416012907,0.0831685408103407,0.06923671698497334,0.11703503089936684,0.12498878789443797,0.10461494061345149,0.151256886520681,0.1543796477820405,0.1188256543345791
0.18028099496646544,0.12276860487274475,0.09070610760894887,0.11247683480554908,0.12220481145699456,0.09139401334014995,0.11874113195292603,0.11997967933042057,0.041447821665800764
0.08896725579802994,0.06012767926990903,0.20163435050962544,0.11306252413890323,0.12198585660688405,0.08438980832036902,0.13964034651437526,0.13850736833049307,0.05168481051141093
0.09966315709958173,0.12002371845016056,0.15035704209021825,0.11404236013317655,0.1304944652625957,0.08795104091076428,0.10741248375230307,0.10154004121794107,0.08851569108325869
0.09979429023721344,0.06485828652204678,0.09595872922624031,0.09852114227926795,0.10875607297155386,0.17572929692133732,0.13742476224944544,0.0949901211752993,0.12396729841759564
0.18908687718751407,0.07523362743203693,0.1243429498458493,0.11381950064528716,0.10871856838754838,0.08495331463729561,0.04830482412460077,0.127752572735345,0.12778776500452282
0.28133691518636056,0.07491213159357753,0.06454930190316084,0.10735360532599547,0.13446315566538056,0.07775160158726369,0.10785844926183251,0.1103301237531406,0.041444715723288256
0.13095356945495293,0.1003336170299673,0.12435523069228911,0.12410127073782486,0.14074926774865146,0.10763428111568751,0.0826603261606393,0.13540611225185428,0.05380632480813319
0.10183039917412944,0.05674121477201291,0.13403194241261548,0.10216260317682237,0.12548007733180447,0.11296622187607737,0.17439233345915936,0.14045266293139244,0.05194254486598617
0.08116386117169556,0.1995910080450192,0.17445126029256278,0.10080274348715279,0.11029931414494636,0.08078340390906796,0.06978104101346076,0.08160809566028683,0.10151927227580755
0.04385961349647077,0.09708916648047737,0.09191435854160475,0.13173602289989841,0.16280968544198257,0.10090367103397307,0.207683591773288,0.12098252985225377,0.043021360480051306
0.04037851895796716,0.1686162753858018,0.13216968584979347,0.10789021832334829,0.14709883515040847,0.07716180017981242,0.11678487034594513,0.1003041302211672,0.10959566558575602
0.1387376419449431,0.17572568137058853,0.09810969095258666,0.11087287519308708,0.11275603691727908,0.09687039713336455,0.07356299013330893,0.10549592326887634,0.08786876308596574
0.11222736302815112,0.08214988584657375,0.09016737296150058,0.12273180236493442,0.11826308183720104,0.0835601489237916,0.12040026374015754,0.10503129010674638,0.16546879119094368
0.05732073142901845,0.11475989390730025,0.19700071015471335,0.09182068783064228,0.09637230157114664,0.11710636810507376,0.08891651745527224,0.07714054868229471,0.15956224086453832
0.038517679648850604,0.2580051837412439,0.0920335822807446,0.1067122243475056,0.1308845429401457,0.08468306594111243,0.139323958058692,0.08145015234030607,0.06838961070139905
0.11336898227231584,0.13367164307202542,0.08762509530560429,0.11605064546021442,0.12886015286694305,0.09120104350073564,0.16824227823655333,0.12578274949262444,0.03519740979298354
0.16681924135738488,0.12307024082472517,0.13439134429482313,0.09186717950663544,0.09410489233088104,0.10850947516253145,0.10618066477730842,0.13966222281318108,0.03539473893252947
0.10052967834221745,0.10782444678155956,0.09795270370172186,0.13215143170346938,0.13863069716463342,0.07457175143722662,0.13101241063859467,0.1467240964802932,0.07060278375028381
0.18308923487158868,0.05259308058316723,0.12079045077320683,0.09542256171161835,0.1113853007679535,0.1484278943518385,0.12428115813562367,0.08440649728021027,0.07960382152479305
0.07976175478364551,0.1196827378270144,0.08958036910433347,0.11964596839708523,0.11875017324772391,0.11489842341606865,0.10531189877172041,0.08237286183290497,0.16999581261950336
0.04977691558128328,0.23402828180706536,0.15308580227950594,0.09704868163529956,0.10219375346060679,0.08854275299193921,0.14919983023514577,0.09980122073882687,0.026322761270327243
0.3014886657518075,0.1210139983025143,0.04795630810868728,0.09599167267669405,0.10777693348459094,0.11268417498307261,0.07620114038510582,0.07499748065560803,0.06188962565191943
0.06442420091287798,0.13632431708900924,0.10368691456632045,0.10299318261162398,0.07008909712446502,0.06426704452011898,0.1363601156677459,0.1637363704422584,0.1581187570655801
0.05304074442089023,0.10891703067473348,0.08761493869344054,0.11646767248454938,0.11762650504462567,0.0948754974485752,0.15326120105301302,0.09601363846631612,0.17218277171385643
0.14866869717229494,0.0681855561274316,0.15584973427154822,0.12280923788475313,0.12942667005883207,0.09340740130006975,0.08422543187091397,0.08932462510539248,0.1081026462087638
0.1568502738247184,0.07934969805834262,0.12849755792553239,0.1351704425103715,0.11768647750441301,0.10623867480179712,0.12110817433594995,0.1227203103500955,0.03237839068877956
0.054803415049278444,0.16333531777058907,0.185250535097388,0.0887362374314014,0.1068585531810246,0.1281771830503121,0.0514142928715016,0.1589906245340428,0.06243384101446201
0.0922782440249661,0.07306106348647902,0.11156060270060046,0.12581881522181385,0.14134846062570625,0.0951353195359765,0.13940142729327962,0.09754553041550214,0.1238505366956761
0.056389925175674684,0.1120880505791441,0.1652362205668253,0.12917627196140988,0.12111890967041929,0.08759816314581402,0.10146978692683546,0.11706194453882364,0.10986072743505355
0.16203069274547674,0.04355807388639523,0.10230102259722978,0.10756290080891227,0.09699614018223097,0.09407138975380323,0.0893232860399491,0.1195984685938714,0.1845580253921313
