0.11657906615421343,0.09012857228224984,0.07066169519605808,0.07487526272811619,0.06336495940260008,0.0287752909437306,0.10389722653478228,0.2315594478251979,0.22015847893305163
0.12083851488846807,0.16496617759589274,0.10209704870370932,0.077267545717441,0.13904162873620193,0.03220568465540654,0.1160906193660437,0.1584739332357101,0.08901884710112667
0.11308687156985527,0.04891859642779439,0.09648138624452389,0.11884537227417828,0.2963695862745072,0.09515037435128987,0.08790809888276896,0.06715448728182218,0.07608522669325996
0.12744897616236042,0.15154203402824076,0.10599162573547422,0.07367455359017545,0.16202758148543212,0.025748411648206657,0.10579806708527921,0.1350452094717691,0.11272354079306203
0.1273933047649057,0.16760136651360225,0.0987334317596072,0.01529486973885614,0.08618285711708627,0.11512673068532554,0.14147011129415507,0.1159279693669467,0.13226935875951515
0.14119299588228723,0.12802199077071996,0.09372665619684085,0.06273349562185014,0.12522504476940577,0.045827906498483784,0.2239421447621033,0.10249243001977211,0.07683733547853687
0.13545706927903922,0.10376662838035854,0.09777653673055726,0.17547139983768323,0.15346731552808138,0.02872446703282371,0.10446241857972238,0.14291478120389714,0.05795938342783715
0.09047840276529623,0.2568429509779182,0.1255489008578217,0.06352190555136066,0.11996926364140718,0.061129621009778,0.09726206459622504,0.09388296971027972,0.0913639208899132
0.07308524352287943,0.04566162808960137,0.07065247219975467,0.11721535756437174,0.17700950944668817,0.0509693463872552,0.23473070773676408,0.16821066542800056,0.06246506962468477
0.1097142614115687,0.164690269566215,0.09626095284071069,0.10517295994414572,0.12758570804267105,0.1516269061642023,0.0898881801499759,0.08356650977404168,0.07149425210646891
0.09684259009625275,0.2572071025089174,0.0772717891823576,0.0666286520156289,0.09614907813857326,0.14446835482996837,0.05563557219800617,0.12692980830546377,0.07886705272483181
0.09201418462574196,0.2050545259974744,0.10140030975767118,0.049747248029367246,0.21149979241318026,0.0248717429948101,0.06216928889478867,0.13968814928095155,0.11355475800601474
0.10682661347725175,0.04415097197573232,0.07277017309764293,0.22528638892496286,0.03751389303023224,0.34218998286295016,0.03805644242400987,0.07291213058006722,0.06029340362715064
0.10052235645251988,0.04705114961142436,0.10729559579049652,0.050740090150953654,0.24303122879266267,0.13303573839296343,0.13886947668567395,0.10567495719833707,0.07377940692496851
0.147079792725727,0.09909213323529252,0.1079927568054166,0.08715557152952634,0.14705939602579732,0.05366140774324524,0.12085282311910428,0.12859863725289222,0.10850748156299855
0.10113211847573546,0.13050061939609006,0.10548529016881932,0.10520525548146302,0.12839860002420544,0.028472647381953098,0.17485241709045019,0.10675114372001687,0.11920190826126652
0.14342591957781994,0.10386883000883729,0.10816079795944807,0.13985229699609922,0.09700829445443286,0.06252218225907726,0.08461309545323924,0.10250674530852512,0.15804183798252094
0.13408508254302198,0.09172174882478569,0.08605091868900065,0.33550848944727574,0.08295925131277289,0.08498525467850486,0.05320370624582713,0.09053044607370418,0.04095510218510691
0.10722411377972209,0.17353604157159178,0.10962620350585217,0.13743583210451343,0.038551021111774754,0.06412796307971105,0.05571846038987691,0.24701469419256614,0.06676567026439169
0.13784448067825888,0.11018116970706832,0.13047432210992246,0.08877050590938529,0.0294888752407609,0.07370877063876331,0.06852690864588674,0.25665027259874446,0.10435469447120967
0.07130352484504042,0.026519940867689745,0.06730978144197099,0.030428822804933215,0.05377450354168478,0.5433336128392677,0.07032492524147894,0.07904598109793827,0.057958907319995874
0.08797588830678532,0.34225642688718705,0.13841700353320108,0.04176307319694745,0.13249994172627383,0.03233501565210045,0.03575143893537027,0.10043732882794872,0.08856388293418578
0.1128013892819333,0.0978406703411352,0.08460518610519217,0.17898600308465742,0.17727798558355645,0.07452486689254605,0.07285193371351519,0.12697047631533712,0.07414148868212708
0.1171196219451391,0.07464568877034046,0.0828218476309935,0.0642530383604011,0.10561563818576826,0.1716552331261715,0.08072148220448339,0.06708472962215883,0.2360827201545439
0.09893919557326648,0.1602113815192151,0.0864172401789195,0.07153448175998017,0.18824269657667259,0.05877784849744214,0.09153087612738948,0.11970096919662326,0.12464531057049115
0.13903327637812526,0.26170574833385046,0.11166096694809043,0.028993782427557447,0.13631770174886695,0.03635029084810094,0.12649589074983722,0.10080027121632167,0.058642071349249585
0.10652486865852072,0.11862201011480543,0.10839040138198695,0.15158008727958663,0.08709854480110563,0.09472115941489502,0.0890358329434678,0.07600528261801616,0.16802181278761555
0.06931216196568192,0.03244354326607541,0.09433228480078715,0.15808199898326744,0.13034184545144353,0.1805926310514779,0.1189226694154794,0.12452384004099559,0.0914490250247917
0.09672311818236616,0.10272317582308554,0.146129401941436,0.06868221914341349,0.18417711352905627,0.04883097394244506,0.12683491925345117,0.11061491105315972,0.11528416713158662
0.13071739281909145,0.18769570930137003,0.11286306699457815,0.11062573938068158,0.1136627540142674,0.09217120436995639,0.10858630342298682,0.07613884597304056,0.06753898372402765
0.1336243461276511,0.09569268069018048,0.14355351884083647,0.038751002775541464,0.2687537158281252,0.07843734627324138,0.08641655340060755,0.0914646428132359,0.06330619325058047
0.12595831436425006,0.20700046480385892,0.14186431246892,0.06974077384648121,0.11786179897048164,0.04943354670229458,0.04464039585599375,0.06249310472888613,0.18100728825883372
0.08700163878337473,0.22368981891067008,0.09727767240195291,0.1362465910465909,0.04527377919998312,0.08173998004742783,0.04825633021587347,0.15939987755701812,0.12111431183710882
0.10268275768090203,0.22932432736650257,0.09092175025990286,0.06024434146189345,0.09879186728432914,0.12701546967887795,0.14015629707051205,0.0688939210426213,0.0819692681544587
0.08533846156311635,0.04437897470161889,0.08042598088463168,0.028920731737163183,0.12463329872389012,0.08739373388296486,0.3684149867986049,0.07478633473997051,0.10570749696803948
0.11825532620559058,0.09323204183116614,0.1395158997931494,0.0708875697766475,0.07995615360203437,0.09634006616713363,0.08004074220270761,0.2566201179964874,0.06515208242508343
0.09842482875173002,0.039358039347148245,0.10951935057098887,0.12214166307189193,0.1774430300819869,0.043836441685188264,0.1269763900354414,0.08672292822227802,0.1955773282333463
0.12060434633266294,0.09605252640336699,0.1229667636396376,0.1896946512351961,0.09278722539496402,0.08910883886639342,0.04315141325550099,0.15337170146932755,0.09226253340295032
0.0823148453327267,0.14059040174740592,0.10451809345962156,0.14164097701948816,0.15453296173522899,0.05332305112244368,0.04128993096604167,0.19305817823646343,0.08873156038057996
0.09729053646479323,0.11911039365055524,0.08657036963532509,0.18234337745599682,0.08875863654631032,0.08405179346890233,0.08245347544072439,0.16904447765091865,0.09037693968647402
0.11178859304923335,0.12474746273451676,0.11163084141743744,0.0737277604900722,0.10037366766499412,0.10556408353824631,0.05340571657632715,0.195935738017469,0.12282613651170365
0.1177488708624229,0.14264445644524357,0.09340606774610115,0.021088851672412225,0.13816541242534505,0.037391570735804264,0.12360398152694685,0.2352609451735943,0.09068984341212966
0.11099316031065852,0.21754191286044586,0.08631542104043609,0.08288809114050645,0.09569753469769977,0.032325929455222537,0.21403552372008303,0.07144846951722303,0.08875395725772463
0.08378193120093003,0.10053367397180307,0.06725794540781116,0.29756942404761033,0.04730339164983549,0.11423936356871066,0.052804797910628365,0.04335197475685409,0.1931574974858169
0.07745900771950621,0.11056741748634595,0.08677951521535998,0.12956670994026448,0.19595032981772295,0.13879212646680927,0.07579863551762084,0.07305286271040985,0.11203339512596044
0.09087073289759041,0.10016201710430388,0.08935091558721335,0.12402635804625278,0.21340534400427058,0.06462450542816839,0.06685314025815063,0.1366033418407457,0.11410364483330425
0.08935001320257241,0.20657454871648664,0.10339245046077754,0.026065596940664505,0.20491505137514912,0.14830081330990805,0.057982042915885566,0.09777579958499721,0.06564368349355895
0.08703058662187396,0.0353322518732401,0.09600803565958078,0.09343296992080823,0.17958379460252152,0.0699595222958415,0.11611960471343367,0.2233993605636131,0.0991338737490871
0.130428696247908,0.06428896472447325,0.10172491286622835,0.03889317425470571,0.21892208717165104,0.039763990804534764,0.029918690290347095,0.20874818875434442,0.16731129488580732
0.15812349727130767,0.05691618635435342,0.10064158247049966,0.08672473177029398,0.13930767352901385,0.07025448147724785,0.1545245999981133,0.06207026248294103,0.17143698464622922
0.11395055293195648,0.06724398856033031,0.08580495735978809,0.05716586207741687,0.2921981885070385,0.2384436445423768,0.027655105857081624,0.06068659049446843,0.05685110966954294
0.1042803504294361,0.05889097449749847,0.14548967387828918,0.06989765084185014,0.13770680924929954,0.04866777154661426,0.13738940037388545,0.21097247629402474,0.08670489288910214
0.09658633024208814,0.15671259949017366,0.14780847236917405,0.03496851580745065,0.2308460806927245,0.0792554890922209,0.042588649031302585,0.11778821383748994,0.09344564943737556
0.08524281961573395,0.08631037492550298,0.12634309145417985,0.08116724355706174,0.09890622818720866,0.09670111808163843,0.026240308993864758,0.32658818683985574,0.07250062834495397
0.09242664332169637,0.1966547057140251,0.11127465541702215,0.03060780931517584,0.21610340156676233,0.05077149806768413,0.14066071292443347,0.09110964837804314,0.07039092529515745
0.1694039307064775,0.13844583218150217,0.10395777051177925,0.073624429249987,0.15903379397559844,0.03758672739828578,0.0780846975296844,0.1121173810100395,0.12774543743664588
0.07265936995562862,0.06732677014017772,0.17997268847836992,0.04135482289818098,0.2343467169067107,0.12948714391808513,0.08588304435889453,0.09219029945903195,0.09677914388492041
0.09563434800709675,0.059070602734028844,0.10449053936824156,0.35575550947164203,0.024031135171399685,0.1932727941362994,0.061172922455578066,0.05754790754072947,0.049024241114984234
0.11494763923997094,0.1352407152732617,0.08617341691378948,0.08740957435325691,0.07022547325539592,0.20526998551160056,0.10752022631161277,0.09918982044596858,0.09402314869514315
0.11970675836296274,0.12193495073423961,0.07806645322755747,0.17192567575824283,0.1307040747206201,0.1537411361152965,0.0455585955680075,0.09462894895386592,0.08373340655920723
0.10674798460450712,0.10469731477345003,0.08033729887759648,0.2168524091339933,0.04532911734389159,0.05891404161415112,0.1806506531067041,0.0960421580075072,0.11042902253819908
0.09960834360294245,0.19877696470024653,0.08077362050917965,0.03649569531284164,0.203133591041096,0.13010601194594631,0.06690426261490863,0.06429715858273452,0.11990435169010427
0.12257995467089189,0.08767614075404746,0.09608328462051628,0.038019199209953766,0.2822985609119218,0.13551077833185712,0.09476090011626805,0.08118901243273942,0.06188216895180416
0.11380688728034265,0.08371322327525199,0.10902892552810599,0.05818829194585809,0.1295687366192744,0.2664474652100628,0.06073540405289366,0.09227923230768133,0.08623183378052911
0.09948925661416759,0.2632548731620399,0.08885553504284506,0.10509161888712637,0.17539405436947794,0.03790626755346463,0.0931296581175508,0.06366418718340063,0.07321454906992704
0.11546638795322355,0.17510665219756882,0.0930856579445022,0.04843674025201872,0.20854740829457796,0.07020101179449144,0.07597609766505821,0.06897438501933643,0.14420565887922268
0.08947335518015968,0.15919960516368714,0.09400520748622465,0.27473758375698476,0.049506158474273664,0.06937157047102446,0.05090843776958525,0.15520307527292757,0.05759500642513286
0.09329112500567499,0.10093716178134837,0.10524828953257814,0.047390890558155374,0.13793580218218962,0.05033731861137435,0.06144761202852195,0.17653674259551377,0.22687505770464353
0.13672710529397253,0.12405666384058835,0.08262414157887361,0.06881297649829236,0.13626575252965553,0.037203043379510796,0.18015551542681799,0.08338272284728837,0.15077207860500044
0.10782100333690268,0.1941368392685913,0.09359312517020685,0.0715353623091219,0.10193995479448685,0.0663674126001511,0.05118366405188437,0.14861400604941835,0.16480863241923663
0.0959689072984299,0.10743103654963393,0.09792065815465086,0.038595909042720145,0.051572268446011614,0.08142011910254192,0.30603624139644264,0.1025116389473773,0.11854322106219163
0.13003874580822727,0.07622231386176014,0.12175702374803603,0.11470952331285,0.12842371899000543,0.12412865084101628,0.08173386773765394,0.0757464861592577,0.1472396695411932
0.11170381533597228,0.1387771261587013,0.10947743542585127,0.14429487009355754,0.08779586694423497,0.048593881128791615,0.07382547861325844,0.2083760862182639,0.0771554400813686
0.049870206910988445,0.03317269994107199,0.19218288106006434,0.16024361953297592,0.1775151545371352,0.08388434655254717,0.12850018370514288,0.08947303209759144,0.08515787566248263
0.11150135712313569,0.13807732723610835,0.09503492465004927,0.17619777555760785,0.08849649085088547,0.01326644495743707,0.135637305000573,0.12275052108042056,0.11903785354378273
0.09393364112352369,0.23129296171441796,0.09788545524083518,0.05396127093868067,0.16156842099119106,0.07936260033421902,0.10068554747273355,0.09890152663893044,0.08240857554546847
0.08918134714015691,0.08308766312971733,0.10302151466907937,0.07343485117064809,0.10632254338534375,0.054338202640635554,0.22137176977517506,0.20185190239833517,0.0673902056909088
0.110327632842811,0.15647138390051302,0.08708035732042756,0.17623663554431404,0.09897123840947099,0.043832648210811564,0.09091106358994928,0.07974690644332484,0.1564221337383777
0.13118898807941026,0.10779740293255236,0.07909373570032814,0.197653330158753,0.13679260695206394,0.02786314333180627,0.14444996630431098,0.07453550048134594,0.10062532605942907
0.0818846690996765,0.08548520572821555,0.10194154976245202,0.043280682709070616,0.22396433967600435,0.029596783212254795,0.19195663728506662,0.11368488045919443,0.1282052520680651
0.09579451645906596,0.06473398174071734,0.10442709156565533,0.1373525591333286,0.20330200567684006,0.17743321676755489,0.04301270522579717,0.08543290095718369,0.08851102247385685
0.10852168786135825,0.24121172838257507,0.08398055148237066,0.1333328117198377,0.06935102823293068,0.08493046155124197,0.12961419883936062,0.0854991773437469,0.06355835458657816
0.075143359065808,0.09990033669771042,0.122883316934934,0.09628556155019563,0.24439989037079224,0.0404366145365767,0.06144452021754621,0.11563139442468877,0.143875006201748
0.08264604052039441,0.340712512825226,0.10742908435469373,0.03095137095180461,0.15951445951301477,0.040756164436158336,0.060783243055691334,0.06991719558985234,0.10728992875316444
0.11207874021129223,0.12235232522049096,0.08783729119250051,0.1138256330139949,0.12170836499536435,0.0666001414967914,0.1728479771641318,0.07900364264545948,0.12374588405997448
0.11761464868457305,0.0882799786935799,0.08754933316101511,0.13137849385202036,0.10497063142712644,0.058053993823641015,0.10708247671546589,0.1752669162940034,0.12980352734857473
0.12142812374023482,0.0365717144088653,0.1987870420430713,0.06966051882214257,0.1678247254463581,0.11107212158060813,0.10916946960563984,0.11775638080188623,0.06772990355119367
0.11020803249759477,0.0654577726153026,0.06841045260521424,0.1727425974688324,0.23973143517505313,0.035974040417164795,0.1324370856947589,0.08914123451375845,0.08589734901232071
0.07514588526519578,0.2711117784789825,0.10794288369649087,0.15708695135597237,0.14192992908533686,0.017840295384080135,0.05059627346381353,0.10010821549264858,0.07823778777747938
0.0977995200971743,0.1201839696825937,0.12241386964679123,0.17187186603605628,0.12926243762167353,0.05260833014677713,0.11025835381714538,0.0880452130388764,0.10755643991291207
0.11068558111902095,0.08013208952832485,0.1156860678791209,0.055249282351760576,0.2866482259326625,0.13203006348450816,0.05643210701181123,0.09146923341483078,0.0716673492779601
0.12463099845359504,0.12076514603565058,0.12417055909578945,0.04944987470076336,0.1570153846577606,0.025562232893818638,0.09055682444584634,0.23163676526059204,0.0762122144561839
0.13976833309942033,0.18927786701425828,0.11838578919723208,0.0514495845630682,0.11850053531325468,0.053401293939484486,0.07985961017067071,0.1589972722047495,0.09035971449786168
0.10347526760813804,0.14732816551393743,0.1049602558626971,0.09285232191779914,0.11922517030475856,0.06773807179352564,0.13793283869614717,0.11650621617777368,0.10998169212522317
0.09788721651758085,0.19527116873418904,0.13270008952575754,0.12350373674800919,0.14931435167041,0.026313460563335226,0.05978996207821508,0.13069841139200714,0.0845216027704959
0.12450885762107289,0.17690914086194554,0.12913050994032457,0.09616481842998452,0.07244414540832064,0.07967502418678435,0.1027675330384173,0.0683634937533682,0.15003647675978204
0.1242552824005088,0.1453622000168087,0.15126059439346434,0.09403205345116815,0.12673968269740368,0.028382841852538754,0.12621140211746565,0.08977758693285705,0.11397835613778484
0.08684684608861215,0.25777611622566643,0.168441160338349,0.06334709617305913,0.10951051671066203,0.07485378798116747,0.07008342197427737,0.07290960317150924,0.0962314513366972
0.147310441571369,0.12734762738196195,0.1364165247952438,0.05985346346350143,0.07179413447918459,0.12814384635879897,0.08023336037160697,0.17498094745187417,0.0739196541264592
0.0907115664194567,0.258506264665226,0.15628951102353641,0.08446687839515042,0.06045983081428737,0.09968563721837269,0.07764916235530761,0.07099198793136008,0.10123916117730265
0.14549910987177286,0.2143927155249049,0.12462042061594043,0.051176720604615665,0.14986829777093122,0.048145465294876594,0.07398303428595875,0.11683707818686147,0.07547715784413815
0.10015388448965522,0.037429439916227214,0.08508264016999696,0.18399100740912977,0.063902056895204,0.22189269398551828,0.0545047128975607,0.10702645863634132,0.14601710560036651
0.12637486375412357,0.10891710545550609,0.07340506196983441,0.08636186485567394,0.06288077291891674,0.180160505134787,0.10408079582738887,0.09793711291777589,0.15988191716599345
0.12897127275068004,0.09319555876634979,0.07731239742412989,0.10131329216901606,0.22258266625216838,0.03297190716912217,0.02856907677419922,0.12262632001457076,0.1924575086797636
0.14897986660480753,0.11579601720857967,0.10153325354049446,0.05428795461750913,0.15454005919823985,0.050257065321246325,0.08709098784911558,0.11228796155967556,0.17522683410033202
0.12158177503166821,0.09385347349326455,0.07118182080143916,0.029567984659399995,0.17423819728942594,0.0955587926864289,0.21931862220704781,0.11295732648738431,0.08174200734394117
0.13480251550224517,0.1028137364424755,0.07426388645784561,0.09456843432496964,0.06115518075943402,0.14968196944862885,0.15841011496559662,0.08106497139974755,0.1432391906990571
0.10027175708025797,0.0504131720696935,0.10520287531085577,0.061510804661853824,0.07623299658769639,0.0328843923106239,0.1277205478772411,0.2682062858427526,0.17755716825902498
0.12621955371753507,0.0922822548173068,0.0793808321225627,0.04245012709149499,0.19617283855053283,0.06506469519567547,0.11851806378479661,0.1458588736080418,0.13405276111205366
0.13667620865760652,0.09411934902242992,0.12568947885626647,0.11077907932470372,0.15233484359839375,0.10024168885866758,0.10557995707153611,0.06703246505418538,0.10754692955621063
0.16416475443634512,0.28481213821957235,0.08556797897009792,0.08518018168931173,0.03651776289944462,0.06663875119758748,0.07098911684622265,0.08802013850762737,0.1181091772337907
0.11902210036255612,0.14617389610065695,0.13596778024008668,0.052748777266496884,0.06846822489615066,0.14340570706846925,0.03804615284351887,0.17128872685375066,0.12487863436831377
0.10546785453234354,0.2882691920668737,0.1087975717266399,0.08203314166647564,0.0870501149598843,0.06814200829879305,0.07283274230605664,0.10030382121610654,0.08710355322682665
0.11145432609598598,0.2454229390511479,0.07510788278963196,0.058299158640709774,0.14058070351064078,0.08114471439037384,0.08516585106376695,0.10183074764564866,0.10099367681209415
0.07545151620240062,0.22452886725910984,0.18729540305164624,0.10805464251441967,0.08862405062630006,0.06790021960091268,0.025062351019239013,0.13008679589597263,0.0929961538299992
0.13932303684035152,0.25562235715623954,0.08975857609464437,0.039428571292197456,0.13199193575372795,0.056458036117433434,0.08760713730444109,0.10750018213561968,0.09231016730534496
0.07248900116367706,0.3525682523570957,0.07322679147115053,0.08656988422923838,0.12960344703240878,0.09256849202168359,0.061509061764556915,0.06514678703717595,0.06631828292301302
0.10898671149685153,0.06589625970855469,0.09253501787916474,0.07783925602249422,0.33875397599154944,0.04668545400726851,0.07465911894579201,0.12361979261630657,0.07102441333201835
0.09691143552072927,0.23727000153372216,0.09659062191018024,0.03491234529107256,0.10642609792786228,0.092659194482597,0.06983508697577097,0.16370044743670242,0.10169476892136307
0.10089699925525213,0.04748023043642558,0.09977198462117587,0.08029311969686238,0.19497638332924858,0.04141839090462259,0.07346002999708816,0.2818498607847244,0.07985300097460035
0.1310538951691471,0.07642395700682073,0.19062443838108198,0.14778471199888696,0.11699931042906782,0.0534359335329411,0.07989166173300642,0.11627942184139135,0.08750666990765658
0.10132299551970252,0.051695147961688226,0.17941117421470387,0.032120151643501606,0.10613898090858466,0.12778018854488496,0.1954784454603812,0.13542833653678304,0.07062457920977001
0.09294313563184116,0.06899898608473704,0.07774921375751985,0.11049890924621818,0.050688147458152394,0.15902884540472004,0.09498340720377352,0.2368526803067259,0.10825667490631193
0.1257947069796078,0.05370802144297998,0.0759621963815265,0.17153330794977872,0.08683178995921315,0.19945729354714556,0.15670654607722811,0.06273221016775754,0.0672739274947627
0.10204179836229711,0.08965894822622879,0.09261844234046013,0.04862987990403323,0.07743387705792902,0.083664909479074,0.26989546709285317,0.17786355399190734,0.05819312354521725
0.10314587659633719,0.13173713270474227,0.10742119404092076,0.06876128045781096,0.21673423399036018,0.05579821885559297,0.1118779884114965,0.1119351764735651,0.09258889846917405
0.11935733475109428,0.1602106547939208,0.07107237847786894,0.2486896984676107,0.07422565742604424,0.041267811002004856,0.045416308264375295,0.1144236299900467,0.1253365268270342
0.086714329672454,0.10596023564562544,0.10702425317429225,0.08154611880438332,0.21951378773984417,0.025847635734563265,0.14873022970437166,0.09191697854859367,0.13274643097587224
0.13267081183955132,0.1816096539571844,0.11946666696794579,0.07542279209931305,0.07094024479258602,0.03215816275496968,0.16118263546878206,0.07340863506972933,0.15314039704993834
0.13903288782357381,0.09479549439740836,0.14791730543243622,0.14720077122352518,0.12611452997657005,0.034615914199229804,0.1251080772124787,0.11561604388045939,0.06959897585431846
0.10021910335409041,0.122337020836431,0.128004925385711,0.0439789476194751,0.12402378257444391,0.08578371759187724,0.08777461405358629,0.18935926533740743,0.1185186232469776
0.1322816210773101,0.0996685059514748,0.12286922373522143,0.027818527276342583,0.18309317289233307,0.13063243350190643,0.0446984765559057,0.16911713183744004,0.08982090717206587
0.13422161477261838,0.10829914625952153,0.15509410920861832,0.05225914901616336,0.1212639308048371,0.08819038584198573,0.16499246876370413,0.08220599704454425,0.09347319828800721
0.1054635943689879,0.06832471639809544,0.08354769878529977,0.11925271549383108,0.18344674653561843,0.08934136562988354,0.10536303010434622,0.07748717962233964,0.16777295306159792
0.10907491523331081,0.19487465443709182,0.1133813644188902,0.05310874858685233,0.24594126826723572,0.018697476193405792,0.05632198566934329,0.1321939997347919,0.07640558745907812
0.08088585487743725,0.2995994791867582,0.17262725713391816,0.05577321133379239,0.09300084409735872,0.04058467234689566,0.12772158554717408,0.0645165184782736,0.06529057699839198
0.09734044665817594,0.11950763088276821,0.08106497665328842,0.030972055811869504,0.28577441729082953,0.049561766822543624,0.22201916468963387,0.05978919945514002,0.0539703417357509
0.10320797049698248,0.11372821145607792,0.09142138679199546,0.040457174003210666,0.2213685804406824,0.04279782425745584,0.1843523097726293,0.09082294353687588,0.11184359924409004
0.09631429233901088,0.07196220770418932,0.09447169716963665,0.08968858341543524,0.20306536915129783,0.04216695455458432,0.24238079129962467,0.07898609426293324,0.08096401010328798
0.14000628735961532,0.10264529562645114,0.12065571924330916,0.21665190855650726,0.09702865165994194,0.053592442634275574,0.09125108093562513,0.09287782572089097,0.08529078826338356
0.14942117926721032,0.14951637567432138,0.09428585504086967,0.15274449270079662,0.12841124630463976,0.07472598259792597,0.032368929218688954,0.15080337888959913,0.06772256030594821
0.07753035744731042,0.18283685861558122,0.1122116652501176,0.05375754776324127,0.23292068923127182,0.08940259612198716,0.026428969548671424,0.15343976449737928,0.07147155152443972
0.09700731361190562,0.10942045772397983,0.10210293496941965,0.06490109200442255,0.11998789226295692,0.09282286534801343,0.15738229110664861,0.1766263617523377,0.07974879122031572
0.08677451133891036,0.21108682008048207,0.10105314860475896,0.11292936476237454,0.07577135655523505,0.05430473802762333,0.1746953435896522,0.09556499388605451,0.08781972315490895
0.11070143250332791,0.10900825858372283,0.12658511179033752,0.1308715724074668,0.07730431459226748,0.09918600560500528,0.058327534297076426,0.13247422386805544,0.1555415463527404
0.08346010627247206,0.10082067830467428,0.10339201532919433,0.0756411313153786,0.3417574405884989,0.08117035594658216,0.04834764791048304,0.09384927664580921,0.07156134768690742
0.12207285790579707,0.12658406217866905,0.1308519578031925,0.06597286507321654,0.21630663218586002,0.06303689197549624,0.04119815703093748,0.16236913209236223,0.07160744375446883
0.126558411161281,0.1269923217602205,0.07957067921826126,0.054322614686790095,0.28564743159930706,0.02590996484914161,0.02912129372778091,0.21263735843814144,0.059239924559076146
0.11849438363276639,0.17207510952862934,0.08293115504517072,0.10229583393619578,0.0724389080951043,0.04330736383520887,0.11589200375504598,0.20604333417397058,0.08652190799790808
0.12081242201057768,0.2334493151022675,0.152423478053402,0.0380225548170528,0.10049393720910327,0.10742410645353483,0.053576251692450255,0.13823529234317725,0.05556264231843453
0.0838049873815222,0.0948810167230714,0.07156118216920437,0.04116613920320914,0.09161931124301105,0.0493451668045771,0.39756179196232194,0.07851129027290606,0.09154911424017681
0.145395365418755,0.16106967472693157,0.21064908316606837,0.026940665714976136,0.15770450401570263,0.06020405920531407,0.05602540701002782,0.10513705957952535,0.07687418116269906
0.09255499808067635,0.06323039644293964,0.09344695193508513,0.19732195961684904,0.15031007655476405,0.013550931823117953,0.15541949191067686,0.08193593163666842,0.15222926199922257
0.10059671911353928,0.033587556220042496,0.13232049129792667,0.14621084085972563,0.04775146792366306,0.05865196807664302,0.20387172725978783,0.17157314844843308,0.10543608080023888
0.0875430324854393,0.1581471750635988,0.084778223601645,0.04295078445699215,0.11507909953254723,0.07248205546377985,0.17973173759203379,0.1944736343749025,0.06481425742906148
0.07473202179814738,0.12615411281096614,0.08715182794173375,0.2341060990370006,0.17341289018297176,0.07271984570397882,0.03183139438243854,0.10954650689951968,0.09034530124324325
0.12509905659328094,0.10199124247439423,0.09339548157784623,0.08838060067942993,0.06471662182908341,0.09955103030100726,0.08858374230528039,0.17284131805553368,0.16544090618414387
0.09724579880702548,0.09434143282667617,0.08821329513232216,0.0780331180110055,0.23000639428621583,0.1607581415743801,0.07339915267421133,0.11244566812239283,0.06555699856577064
0.13075162548442867,0.09804427237495543,0.2559188265692481,0.1503803695043607,0.06002852700980066,0.06916704853528986,0.05189969337414283,0.10062119874339903,0.08318843840437479
0.08421872202762572,0.2737423958031646,0.08031841690001722,0.035696251995533404,0.1491564727825692,0.17173197931201004,0.06991220288921339,0.07506103781084679,0.06016252047901963
0.10930193784460761,0.10364506521589285,0.13180146458852426,0.07049041546596592,0.13074182709911553,0.12336432913653868,0.0950941409836175,0.08436499491288037,0.15119582475285728
0.11500977699700872,0.12924701204257444,0.09775565754778205,0.047687602345268476,0.23566668745296385,0.04697797429769251,0.19332707489095166,0.06941951456219535,0.06490869986356294
0.12645487592868823,0.2601908512346695,0.07710621569280546,0.032743746913058557,0.12254364787226024,0.09104809235611777,0.031134729998071552,0.17732592012526668,0.08145191987906192
0.11526049532194638,0.17164528284512884,0.10934166773302063,0.07011970653701259,0.11392543869590634,0.04010171431348652,0.15849394349458842,0.11151607088916739,0.10959568016974287
0.1337185553641267,0.046822750362738086,0.07559915487084558,0.1019208174622893,0.045791978299171206,0.3141685627034862,0.02181084166425654,0.13383892726342964,0.12632841200965678
0.1305145041318085,0.21176936161566987,0.07242304819833995,0.06984005969299499,0.036520440126101755,0.1280441041223447,0.07893844425041809,0.15823686547401164,0.11371317238831041
0.1138883662935745,0.06957855735234296,0.05721294915170966,0.05474123425711951,0.1278331145395503,0.2796462908514965,0.0424533919694027,0.06207035343305176,0.19257574215175224
0.09975233403717813,0.11115555506507019,0.09524851338162625,0.0681757489479105,0.16427017049454784,0.06394431796345394,0.1916225966279814,0.11768495859079448,0.0881458048914373
0.08945904361423467,0.08766874351031233,0.09011995797100776,0.03035011715650456,0.18691446162060346,0.056787498479064086,0.04293789702610084,0.22964454145322455,0.1861177391689477
0.08404022344614226,0.05819668496592544,0.12546360253943337,0.04358476307187853,0.20617401720678993,0.03581102030825925,0.07745397992022998,0.16145185546855043,0.2078238530727908
0.13353320086661533,0.24011222707602642,0.06507877076270326,0.13777269192909625,0.0297864083882218,0.08619668585132623,0.2094257377595382,0.04400982260968787,0.054084454756784583
0.13613753893798305,0.18188234918517807,0.09709296988831573,0.13034156066764166,0.07573658195607016,0.06662851515306478,0.050850221809103084,0.1513318039968197,0.10999845840582369
0.10699681930802135,0.12620157271692087,0.12248581594177722,0.10653479875701533,0.09721479673576212,0.06983537610555586,0.07163755640455097,0.17915889572181723,0.11993436830857905
0.1168057088118372,0.0634239976894357,0.10370095241464701,0.17271903720672152,0.14327839748228444,0.03382942543066432,0.16691643551511615,0.13948535463816877,0.059840690811124884
0.13993433225834442,0.13122471602920668,0.11694289861888925,0.15631961595277497,0.06827727405783689,0.04165461891708675,0.09245386747443803,0.11265841308743445,0.14053426360398855
0.10524076009327404,0.13986837871174843,0.062334499458931304,0.1103445114447885,0.1557605927092116,0.09057739625767795,0.2149638245928723,0.05526767707422825,0.06564235965726763
0.12041463866690717,0.08595426347654535,0.10082830519759896,0.12095460481961111,0.1451546641243853,0.06266082835428198,0.10020079358677596,0.14206004304422185,0.12177185872967233
0.10647950905977126,0.180752713643649,0.11590894727402339,0.12516479817594342,0.1385500216955462,0.07124237855004427,0.06768011779244798,0.09725790391652156,0.09696360989205303
0.12074831358411352,0.0485860697300384,0.12542000583600935,0.06287896851657306,0.14141142131933895,0.06475653506005585,0.12372214220605922,0.2191561807131367,0.09332036303467493
0.14802156377828066,0.23123382317613747,0.08440749676517516,0.08883508701774405,0.11289927950839396,0.045602360785361805,0.09536771587963555,0.10509354332461557,0.08853912976465582
0.09591287088654611,0.09117972830984679,0.10405045981794303,0.07067437392182958,0.12640763553713996,0.0478399841420408,0.09421145276195526,0.2064564210088722,0.1632670736138262
0.10451532609706027,0.10894014336001275,0.1016226121159267,0.10261128501295129,0.1412344372323391,0.1728532234051757,0.0551611332593794,0.06170578259283762,0.15135605692431722
0.09845642479145278,0.061157743559853955,0.09090224238157603,0.06427285951070512,0.2633025115762415,0.08775735854000677,0.12351835743087125,0.11679711306778771,0.09383538914150492
0.11657332113339386,0.044689052088337324,0.1035661466616697,0.15918182963724292,0.0606763400015041,0.12768118120075625,0.052556105020330625,0.19824866821631168,0.13682735604045357
0.09489105824664766,0.08443659338687586,0.09806804791388955,0.07963090342508207,0.33562909834286964,0.07334254495883792,0.04597432438112256,0.10039185996688871,0.08763556937778612
0.08180954055987838,0.07158591612633863,0.07088782049222923,0.21714220942899465,0.182410677928898,0.1842253469374869,0.05428284315446915,0.06733334414511315,0.07032230122659193
0.09631827557390639,0.10660583896043886,0.17111712750528293,0.0661134488902222,0.13309850234412718,0.0952620007188456,0.05841396403126844,0.2065195521262683,0.06655128984964005
0.12455062076262802,0.21189203961592407,0.08538267807395881,0.036041404799484734,0.03711217855587342,0.11966983792747338,0.09743994907116911,0.19346052344892672,0.09445076774456175
0.089720673701797,0.19318876127334914,0.10337448814659463,0.06621219873609344,0.06709214796621947,0.09296042654718406,0.14946260273837633,0.18143725555119758,0.056551445339188385
0.1189807006241408,0.3501082210254031,0.0724401160040499,0.052941615288499555,0.06763328998020324,0.05664395048938928,0.07841233721400145,0.13993612892646548,0.06290364044784728
0.1209667865171241,0.15015161958269727,0.12088937884934632,0.04127540934595233,0.1674727642390632,0.08356383497177444,0.1070106517474142,0.0961942145262545,0.11247534022037355
0.10440179930508393,0.040321420388581684,0.12869258407620973,0.22358177243280605,0.10537117305772213,0.10655593205705223,0.06404219271084406,0.15861768634745974,0.0684154396242405
0.12146463876580314,0.12934189258010995,0.11891870165408858,0.10935459101552059,0.09605268453903387,0.029637894416961814,0.061642204076132655,0.2268952971757249,0.10669209577662449
0.12207012984132815,0.20809936387022723,0.10022967687542912,0.017186306952071375,0.19867819926809985,0.052802784838748985,0.12180155962165588,0.08294409500246562,0.09618788372997387
0.10490137602498927,0.051073404808698764,0.09162314971392704,0.11056093598494017,0.25340605113592424,0.024520319520652954,0.15719079940106365,0.14841877734521866,0.05830518606458535
0.11121857381411632,0.09557758161980928,0.12437307507068589,0.09561968606855269,0.10640448058436396,0.034690155398173016,0.1182532178804875,0.21541962958759983,0.09844359997621155
0.11570072810692437,0.1925419194336362,0.09049391941947227,0.04226582051724196,0.14039182182617946,0.1340682080216659,0.07351723924233271,0.08462343604438803,0.12639690738815915
0.09399321551213918,0.06704625240923758,0.101568471381897,0.16553162439829425,0.1534613591337891,0.22207536381077778,0.04421586390067179,0.07325399218197383,0.07885385727121952
0.12720393055252127,0.10757659290984961,0.09969697148231331,0.05127715741750586,0.13478679894545118,0.0520325920078357,0.16245899424296675,0.12456659143061487,0.14040037101094135
0.10431058203859178,0.07773611596802342,0.11156906396400952,0.17597620440997264,0.10195178318671876,0.08306537622778247,0.056398855379121066,0.14709430610998278,0.14189771271579762
0.11826833846197848,0.0801076237097867,0.08487410234379056,0.08270900782737313,0.36473717791174937,0.022704961940451292,0.024329066260667363,0.10626680618384497,0.11600291536035819
0.10434552806544851,0.12802021397699795,0.07502012086174362,0.04226862612721577,0.1125660357555071,0.07354656574560169,0.3014825927388772,0.08158179202543299,0.08116852470317525
0.07284913074452555,0.07885588021954001,0.059756728343440264,0.2053602448288924,0.19257919938215465,0.21232035330789578,0.0481607073222578,0.06008557228362236,0.07003218356767126
0.11166556138039323,0.14417059331451307,0.0950595710967538,0.23152303338773159,0.05418243274344429,0.12135304248020345,0.06564996074024898,0.09229747806807553,0.08409832678863612
0.1191851169418902,0.08537490210506667,0.1297655075446637,0.11966734404719463,0.14714537789800275,0.06932003301261559,0.15344810694160219,0.06064464139958895,0.11544897010937531
0.10779429059133776,0.06797066296523255,0.10998584551673772,0.24132686433081807,0.06389994449974186,0.12323350859618536,0.11555055316734708,0.09487169443756038,0.07536663589503924
0.09451052439170939,0.03882205911146578,0.10391909310098661,0.17732145789902543,0.09625198334181256,0.07485137990097072,0.08456301884217148,0.20672166094354547,0.1230388224683126
0.08498942216618395,0.23384934929142628,0.14751670957755983,0.027995685643488075,0.07498868143007055,0.12344635251006064,0.17987793705164057,0.06473345176890956,0.0626024105606606
0.06856780273232592,0.1401201881194177,0.09199979601509194,0.19687870714680214,0.1089301092328246,0.028149054410080837,0.16910195978981238,0.07730051720547793,0.11895186534816658
0.10952687025150531,0.13819508781295584,0.10406697376403766,0.06577788877141676,0.23356135021244817,0.053051367535514864,0.05232327606736975,0.12941603674940608,0.1140811488353456
0.11950372814239757,0.053218578128753524,0.1195133532783349,0.07037263748326916,0.22099006574870148,0.06185850724158284,0.17420495277171363,0.08751936424161966,0.0928188129636273
0.11154046724759172,0.188797942820899,0.14860132269377288,0.05049506219124048,0.08702433999060886,0.06563873462443513,0.1807605709861498,0.09488742664922696,0.07225413279607516
0.08970429276060299,0.1783352019120036,0.21090255801010716,0.17789241891970534,0.08244698171791702,0.07306118974823667,0.06342700157470109,0.06945931765588054,0.054771037700845536
0.1282574317484336,0.10783661260196532,0.09175809196804023,0.1935690657787077,0.15802565461095278,0.10354562997333151,0.04700405851943399,0.07900567628305412,0.09099777851608067
0.10621256577461981,0.2743856464064232,0.07797438772785084,0.06767076190120956,0.11855764126953482,0.05788209734426597,0.10135050327864754,0.11385743160220012,0.08210896469524802
0.08858079445396032,0.12129936561511474,0.10480388671005224,0.030476474066331527,0.19403172285236434,0.02590804007391639,0.11895872237943977,0.20503563537950353,0.11090535846931705
0.11744465506218009,0.13097417138746603,0.08077117309154208,0.06919948380216383,0.1776890739648446,0.057977661557528364,0.1933965380886776,0.08635859676192233,0.0861886462836751
0.13243017620466,0.36698461229455703,0.0900359539638819,0.05444686378619249,0.04469944668419142,0.05930718498730745,0.12072765580185145,0.048436384405449034,0.08293172187190921
0.12021967314830746,0.09900345997425324,0.15939288344280356,0.10255475063129753,0.08922249573273837,0.04435319308237046,0.15461330428282657,0.11745347482527091,0.11318676488013196
0.10993641970629199,0.09288360186793955,0.10060439085528139,0.19447614340622366,0.048333087873202986,0.09687074176272241,0.03988860918887463,0.1659584374603733,0.15104856787909007
0.07316276172882398,0.07909709302590252,0.10006393734435344,0.05560407115848307,0.1054831562254848,0.017939715567297305,0.37260342001135927,0.0974092205800788,0.09863662435821668
0.12107220358638042,0.10756283736605195,0.16741920344464398,0.08486151238109814,0.08174440207621413,0.233483017606863,0.04137153901083437,0.0816783745965645,0.08080690993134941
