0.021584946017945413,0.07466514163292932,0.05518967610220438,0.06379991177308465,0.07197424400304465,0.14009122480565514,0.12380878801307288,0.014135573317830144,0.4347504943342333
0.03136428943081504,0.16453383898345988,0.059467979171509616,0.18280831828778096,0.14225049370342313,0.11941543555386334,0.0751156835002861,0.14985301790430222,0.07519094346455972
0.015386994080437357,0.0894057744664099,0.22670239889438015,0.12921644617609887,0.16466136166925208,0.024275775841012443,0.11356350094621155,0.19969673265022114,0.03709101527597646
0.1678062508967554,0.04518400606149418,0.040464732985945634,0.04230982947841946,0.15715060556874239,0.3057628186825604,0.10834929822028179,0.08935232645203871,0.04362013165376199
0.13579503545192786,0.37119360374694604,0.0549492165456024,0.11729559037401649,0.10052112448301302,0.04778121319934104,0.058939952107515216,0.04423510241155728,0.06928916168008063
0.04270905335372684,0.05518868556964132,0.02198431821416408,0.16906287939335804,0.4589570257478135,0.032565565540110315,0.044441314271648165,0.04292740215656026,0.13216375575297748
0.05251210208189192,0.18207308902879826,0.082606130399964,0.06162907508597495,0.2620709173437385,0.12411322395523351,0.02743557153490292,0.17506691099336882,0.0324929795761272
0.03598886149562362,0.05315319083099468,0.05884378159039009,0.10223077786956587,0.04867532261587288,0.040409666215549686,0.05040734578198101,0.022513030200617068,0.5877780233994051
0.075614133018223,0.14206760388256992,0.10885741144875723,0.04560693359472583,0.21190989800079882,0.04218326699976788,0.042081195524686366,0.3093834490253515,0.0222961085051195
0.023948106778141288,0.09199461799401305,0.21137575954670507,0.1233676114306611,0.15573774260551765,0.08012249230153301,0.13469107437729064,0.03901686128778788,0.13974573367835014
0.21036225241507137,0.0552868264069371,0.13099248062615293,0.026205355499899868,0.3102763238114265,0.061908672015094424,0.027518784608789416,0.1306954789640826,0.04675382565254584
0.006271702537376145,0.14788840718122656,0.11156389559189506,0.0669031776372466,0.10472562550154906,0.09108648806219115,0.053898424930083476,0.05106170643724456,0.3666005721211874
0.03932601916404099,0.07959100967350868,0.060524814792167515,0.07244706988281993,0.07186104034608262,0.04514594516019029,0.12738919911003754,0.041616388397948546,0.4620985134732039
0.01750972209364751,0.13402043035167013,0.022459658935072502,0.07132275729322755,0.5114405397111957,0.0594315630324413,0.09819745417910027,0.07395785642169354,0.0116600179819513
0.03417029692333445,0.13878405917337175,0.47246166757476465,0.07674615075318933,0.07049861515026798,0.05325651688498493,0.03973060530038405,0.09804766760222944,0.016304420637473366
0.06466630997501156,0.01210140522967003,0.02542284110046909,0.055689870880093806,0.04665309812167393,0.2559931844364629,0.03920605564840887,0.48494789888244766,0.015319335725762223
0.032268945839439844,0.21651696353359454,0.04688088600767896,0.10890142196660586,0.052432055017080044,0.20823563069285211,0.22526909671815032,0.00999780391041945,0.09949719631417882
0.08593893393548624,0.3121891176810824,0.09133656811179076,0.1631694909720021,0.06879018287291473,0.06440959047990512,0.14922508895339912,0.017658268404166663,0.04728275858925297
0.035048198481367095,0.07644083011183246,0.06630719997030333,0.05030143678706733,0.0566624830248566,0.04739150209193324,0.10418169595028644,0.01816467454020736,0.5455019790421461
0.013594958850629274,0.07428955767565763,0.27482363395298304,0.21094166588214716,0.02403833344024599,0.08407777885860035,0.06849271482799339,0.0645058351084138,0.18523552140332933
0.03689126798507381,0.1367763327116692,0.05861104715668996,0.13860626069618828,0.12361023745829434,0.18450769018485144,0.09968493119562148,0.18253351623297917,0.03877871637863244
0.0949523982481601,0.031698143806479666,0.0465371061393948,0.05366471134177139,0.4377620012632926,0.047374809811467,0.03182993231518225,0.1899700020156124,0.06621089505863968
0.04111744020268602,0.028210156372254824,0.020504086402889237,0.24775305887053534,0.042149069091282354,0.02314584916854211,0.06103121040221245,0.36463179847813065,0.171457331011467
0.03184097411629103,0.17594103814716347,0.022760120474747455,0.0961486855514848,0.17426766437315802,0.047978534731949664,0.030767308717204594,0.052559123570082106,0.36773655031791885
0.12159130755346553,0.03430229621337187,0.0749174275156791,0.16921824381447625,0.30303063124188856,0.044362417952290546,0.016086750305610752,0.22015500109749828,0.016335924305719108
0.07770748405395567,0.24374876892872155,0.1261016513066694,0.03242302763083052,0.11567049724416158,0.043334394482034355,0.3174129675971961,0.014723965382094207,0.028877243374336666
0.17026140999517084,0.09007851534253537,0.061216023870916104,0.061270174551351884,0.23466586340199388,0.06592995608637953,0.09183640279799309,0.20788054566489386,0.01686110828876544
0.06393894250699374,0.10770688858872539,0.02887237509186842,0.1346968044099516,0.23407366358040604,0.12359245446044707,0.12401066549948049,0.07109361901647046,0.1120145868456568
0.11554668589375612,0.010023006612707571,0.13205808564561386,0.04809027460801882,0.21376479724597441,0.20987934010200315,0.08838526721294863,0.1273234892943211,0.05492905338465639
0.026250937689154246,0.01429901400724666,0.042239436536492016,0.04252637571297906,0.23444914722133595,0.16526154205400886,0.02224408684528569,0.3774722673841661,0.07525719254933146
0.08205975333279338,0.16951752413361487,0.06839944487519223,0.16258052364638342,0.10544087976711523,0.18784703507741105,0.08291060011057126,0.0326730954082005,0.10857114364871812
0.03341099701266194,0.026077601289187662,0.08643438895493875,0.11729108581848646,0.11502396855585222,0.10659084981640514,0.42138755974310566,0.03964687851018903,0.05413667029917312
0.026466558847261224,0.14824458839289237,0.04864953222592383,0.13029643102803135,0.38800217828172023,0.057749256563204864,0.04714930872557188,0.05820589688452385,0.09523624905087032
0.05021884139777075,0.0841495523898509,0.03348866053828075,0.0498831509924732,0.3640600293040013,0.1565921115575776,0.012138651300425908,0.1540839357492588,0.09538506677036084
0.04318757078487173,0.05262470804111039,0.04242382989310459,0.04231282971837024,0.025876257225301205,0.19313173505378037,0.04409407493124697,0.44462754380613845,0.11172145054607607
0.11379925031407356,0.1454713114216481,0.024536714470439855,0.034871023437239496,0.18744415362365965,0.2494478997334091,0.021342084553313597,0.13247343498248132,0.0906141274637353
0.013291268493633678,0.08722388373244866,0.24261126804358235,0.09728401762857915,0.3948030698039635,0.03055826681939171,0.05658442462372653,0.039705307080101476,0.0379384937745729
0.05475092328654218,0.37707688589897037,0.039151556015024604,0.10121980333041869,0.08677098001209825,0.2004340588364172,0.08573615724580491,0.025695265626661953,0.02916436974806177
0.08504155802528783,0.07049531571113439,0.04534282889624858,0.09921478144438396,0.03362666340723677,0.10000431865849861,0.10862645107479858,0.10067407711306259,0.35697400566934867
0.031834892109291225,0.1945212911906654,0.3444227828107352,0.1088009904049359,0.0372342295201571,0.09761564374621612,0.07932703390283245,0.07143247566630585,0.03481066064886074
0.014669646431947696,0.046497027718252225,0.027296037449389885,0.12329726668559944,0.1744421975616176,0.147386820914416,0.01903930041900712,0.24403800959219737,0.20333369322757275
0.026900812314500255,0.14506993996344378,0.08750632382648534,0.061587215470229106,0.08967510297462895,0.044281421463442855,0.04210876850429229,0.029902970998485105,0.4729674444844923
0.00902458798708534,0.0928413740999408,0.10179944899266556,0.02676586192360797,0.09900232033666968,0.028222488598802997,0.17015339283569667,0.01218096350787736,0.4600095617176536
0.07989420668946448,0.08393472146319954,0.16697486562827768,0.32618647902702314,0.07831306612264723,0.1460916430706454,0.030140770749328267,0.08224088414592685,0.0062233631034874825
0.07368522969637469,0.12629684638977234,0.015501595827989179,0.09536287799690531,0.05155751498414338,0.19785270443705535,0.016998813461029553,0.32660607519539947,0.09613834201133076
0.00867411498879155,0.0516369707486461,0.079134164092942,0.18102286302321305,0.047051102213622104,0.010970494264554603,0.11385218899184439,0.0211220314871193,0.4865360701892669
0.0719858799164349,0.053510693508511196,0.0940546364793519,0.07647160306782401,0.314165287075126,0.08810707024165221,0.04414537388224144,0.17983521514363984,0.07772424068521848
0.014369620825038676,0.16719646291176649,0.012848887119555471,0.08525997123578082,0.5057330858998518,0.054272139123698486,0.04064719616935559,0.03488230412076238,0.08479033259419033
0.1036669632116246,0.23146418108698386,0.06183517694107599,0.10376070656445661,0.24753568863073003,0.07446101869685469,0.040564101807190174,0.10587360963538313,0.030838553425700955
0.0457790757973085,0.17746387725868465,0.044608090510442955,0.15645554815290094,0.1336746778647987,0.0939954842807799,0.17788691234092568,0.11837659287789755,0.051759740916261156
0.04842113814594684,0.09030361517647911,0.06640698751500336,0.054117373719331875,0.3631096408185123,0.03928525998900557,0.09762078835496647,0.036097711390300144,0.20463748489045439
0.01556480009362303,0.07518610352184675,0.07711603788970166,0.043177872587157475,0.03391624517520928,0.033645563983333675,0.1073374857538284,0.03359352087993765,0.5804623701153621
0.12059516844384478,0.09844171257481533,0.05153398304199206,0.16605141093428888,0.3905354026002928,0.0780478102057316,0.011972284709283512,0.07381967435661341,0.009002553133137671
0.03793786417628545,0.08863489657019284,0.1322462787675811,0.04741907195410016,0.12688080515551653,0.08779684299188047,0.14253305073872238,0.26932128429681984,0.06722990534890116
0.08076601244088967,0.23629438028893843,0.09107956646317472,0.1796578106391,0.015603643739718467,0.09775356656861717,0.06566312900692385,0.06878288741602752,0.16439900343661015
0.01909371363117847,0.19754036628531446,0.3197616142565803,0.16341198064454146,0.07136748637216724,0.0432601755504719,0.1016134975020334,0.01612859368816511,0.06782257206954768
0.05247572029758845,0.12037657762904515,0.03116986620099588,0.04549319432574752,0.40879689128615143,0.04994194654814954,0.1715567725794204,0.03427040401375849,0.0859186271191432
0.03887073184424941,0.20581231959159518,0.08130858903922052,0.07444933718692275,0.06875489116867102,0.08091973891637154,0.1402776766146485,0.09106492174974995,0.2185417938885712
0.0878922547876827,0.1472201844230554,0.05018421305866692,0.06468519577100044,0.26585613269694713,0.16305366849233596,0.01018091696998411,0.11141333098753305,0.09951410281279423
0.06480697331724657,0.06654313108103914,0.16244039503818197,0.10543234539788016,0.08630453757627986,0.0974246968235215,0.24814110339520526,0.037670004314576365,0.13123681305606918
0.05032564231676367,0.17452111091291567,0.13194022238387873,0.07921587904088362,0.22230391638181413,0.13961844183758182,0.06696592557502196,0.06141038616927507,0.07369847538186537
0.27391036662739693,0.0525695838583486,0.048396825093746966,0.07458926591201469,0.20124982827154136,0.04176092388781896,0.028317670913428,0.22611906804818582,0.053086467387518675
0.014289508522050515,0.03305507614391029,0.15703330737647822,0.05523762943429882,0.2862738828629083,0.0395359990148968,0.238564167711287,0.10165927170337134,0.0743511572307987
0.06017719358964249,0.10976443284932891,0.07890891208295159,0.2048285008245898,0.13194507625736726,0.04595982035763339,0.12195909124662023,0.1764516933296454,0.07000527946222096
0.01948629228323052,0.043301576341618235,0.012679032925402357,0.06406085407085572,0.06047139733218829,0.14632370632117384,0.16092654469110984,0.08402567381506322,0.4087249222193579
0.07817082978267882,0.12817628671597261,0.0037589857665617024,0.15608961466279195,0.167167663210999,0.14484448961378735,0.0181814517843733,0.08870809891169505,0.2149025795511403
0.06347289693286369,0.040140697003187974,0.2625870159310852,0.05074064893088459,0.15240855153413102,0.11577863722618224,0.010924232563682324,0.2371262723563282,0.06682104752165476
0.026356111088509725,0.24596294594451948,0.17988275936646506,0.09426893698883858,0.0636560831010699,0.060279019507188024,0.20001447868558545,0.06360371352393492,0.06597595179388888
0.01959900742252313,0.14643822357436892,0.04069449690685998,0.1654951510838816,0.13179065222500963,0.058657413687606574,0.26165270697710025,0.057937419439176914,0.11773492868347303
0.1877266002002811,0.0678263597553938,0.02775851943203957,0.03504770276394037,0.024437508015564744,0.3200798942415555,0.0821804129147149,0.21804482569548025,0.03689817698102977
0.3101993207099232,0.07410268885275621,0.041197866870657206,0.07093969970888202,0.20075834423337538,0.13111035398204302,0.10300475804020043,0.06390252287048016,0.004784444731682399
0.0859815140532979,0.09107992604542182,0.02946964077569894,0.11365774100788191,0.24540325019684786,0.12695612495743872,0.01699524399067535,0.24218534417004997,0.04827121480268748
0.05581039214178338,0.09224486437191093,0.24272580998528503,0.16298488177176587,0.058672881379230546,0.049211046363918855,0.08185645094964346,0.008181505071018275,0.24831216796544367
0.02124398870534891,0.03330098291097177,0.122585498188913,0.08977310223374613,0.0677670062409398,0.02282229407812217,0.11109327355612886,0.04132764058202699,0.49008621350380244
0.0380602014880464,0.1574429658906398,0.26701754739995637,0.15264528319160134,0.1231652044773248,0.0261247018411427,0.13195038483966529,0.08923491723856043,0.014358793633062916
0.026125196643461576,0.3001104474782493,0.04616270509480047,0.08751900465800529,0.14529351988084435,0.11790532137910274,0.043959548631083846,0.21276825411133363,0.020156002123118872
0.049451304510322584,0.2766326913020365,0.07654629719580978,0.18663637095836658,0.12067236906841762,0.06877915126721602,0.04916064697479183,0.10671627220119262,0.06540489652184639
0.11877201983127961,0.1673705968823153,0.052439942537698375,0.0693458929035285,0.1415264609181032,0.26053825138053177,0.02282973454796795,0.15538358997306567,0.011793511025509624
0.025945411794992403,0.07301444873818325,0.21247327375495936,0.15637981066648457,0.08040436806764485,0.15632872608394993,0.0990905571526906,0.0287833125890597,0.16758009115203543
0.0365694911902321,0.28701496084028094,0.16813159961403043,0.14099167762182752,0.05890620966856941,0.1655015406587458,0.07615898822514165,0.03188907202604913,0.03483646015512299
0.24884835348871534,0.1841389118604281,0.040269745774759204,0.08722642214120381,0.22827184637169493,0.06661545854359242,0.040753345019644754,0.07958085962122223,0.024295057178739202
0.03998569617384055,0.11786318458858303,0.0403508649612045,0.048826620411715656,0.5260004373214254,0.12053292422012936,0.020691740661886986,0.04373880245938039,0.0420097292018341
0.016466617447759336,0.07394119586400115,0.08306381000110252,0.04366019337006729,0.031701107191285265,0.09671000562072302,0.09226267921373117,0.024160977825346108,0.5380334134659841
0.15508380910520228,0.07792217082594961,0.3056218979667308,0.11039987168939275,0.09558495471007651,0.055601030893830616,0.023525380332249907,0.14125194808846778,0.03500893638809968
0.13822510747439276,0.10210634353674118,0.17615161009474622,0.07376297093577021,0.17367038615609162,0.08845077207338532,0.09487613624459455,0.13255821518833888,0.02019845829593926
0.021193588585575292,0.21343900001597052,0.022387170306848603,0.11834969315230696,0.1814546152041422,0.15697648851166968,0.04693391599958278,0.08759508955566941,0.15167043866823457
0.21562388822239045,0.04218386522281859,0.2107867860048069,0.13467060120962823,0.07515006313535684,0.07123377873147686,0.0748792382154569,0.15674914074011456,0.018722638517950505
0.01379675709882782,0.28294922126468175,0.24679523008700963,0.06178731160097892,0.16839891699102397,0.0914139591331871,0.0840740950416704,0.030918452076983242,0.019866056705637267
0.019939894441792085,0.10632098296028673,0.07904167004817055,0.27401934688775076,0.2218572633427068,0.08707594408699554,0.14558304649502818,0.024468146850504146,0.041693704886765215
0.0651173069618095,0.22964790619994643,0.15583464819635398,0.0868834815062506,0.04865796422130514,0.06680806825278457,0.20311396990375893,0.050561408516683705,0.0933752462411072
0.21829695380975445,0.05078460877626347,0.07616884689166313,0.02976225753895387,0.4037200355276198,0.07640809446543344,0.06032682156238367,0.06480123382725068,0.01973114760067747
0.059934894612885446,0.24807968606086414,0.05618261779005576,0.16249737986742874,0.057726135945594316,0.07966954811092052,0.05460621189834103,0.042467647890690685,0.23883587782321936
