0.17552915404183653,0.3408285147905084,0.18162955370222525,0.05229426795175476,0.0441837733326916,0.0369768415156709,0.023434554856006626,0.10555490612504796,0.03956843368425788
0.06925118362913618,0.019051897822309885,0.01838537776928029,0.11649146068995092,0.24569236329313723,0.38883008172752803,0.05039688417166097,0.049507042916457134,0.04239370798053935
0.021602000806798582,0.13538604617725664,0.09717052110917392,0.22513720023409936,0.06911563358895655,0.23708300223150627,0.05693357607259883,0.0748733371527248,0.08269868262688512
0.012804212573502713,0.05225632349008954,0.389649580492776,0.09164280058166863,0.2023718913477682,0.10011487454055291,0.05585019800798835,0.08449211099618192,0.010818007969471804
0.13521241167451994,0.10675680323137926,0.42984231687396274,0.04011410294162276,0.09074870585735755,0.012381087493855988,0.013221627245030928,0.13156115238342758,0.0401617922988432
0.034172240856580195,0.05502820276069306,0.047085003264184494,0.04354466877992532,0.3484984079977422,0.2375533714469893,0.09135272152725983,0.10786780027868877,0.0348975830879368
0.017426901833421295,0.017484621475148152,0.23036160703081773,0.20238285065438663,0.04127150905502841,0.29996552089505313,0.07632142881806031,0.08584229344762632,0.028943266790457996
0.010293599083467228,0.5527805183867582,0.046290449581397365,0.04017820497152407,0.06941933571410179,0.009175770373103834,0.05916803224917475,0.18666115287428156,0.02603293676619121
0.04214371002580273,0.0534594397868999,0.12911450110550052,0.03332801744432254,0.0131468831798673,0.10188054921382979,0.058627430673318964,0.06125409376590441,0.5070453748045538
0.1881762812724063,0.01132267559262437,0.09375389626730181,0.31831645362733424,0.07827257467011504,0.16786569919426983,0.012168215095022,0.05037767617926175,0.07974652810166462
0.024448356087614437,0.009578112515776812,0.21195883010750058,0.09272363169085612,0.027792318416126286,0.18146404791153806,0.12389865727777731,0.2833614709349776,0.04477457505783286
0.12994329000896646,0.04272960088220712,0.09052650936199157,0.04509501030492397,0.04564374804976449,0.02394509608179471,0.3044966939556695,0.20375116807665636,0.11386888327802587
0.0032158121497885598,0.3147129698967674,0.11117038751251196,0.10894708457344542,0.0996735259468315,0.12976657823269508,0.09076892386792047,0.12184816823209715,0.01989654958794249
0.06481695478991575,0.045079041352930165,0.19219995220620714,0.11344258319026229,0.1588099925621144,0.0614641304152505,0.054812837648295365,0.2516375006023111,0.05773700723271332
0.11314652294506113,0.08540436206318125,0.019505713493605647,0.04086014266307338,0.2297842793861522,0.09466440333445388,0.34166299226000896,0.0653230816812252,0.009648502173238292
0.4756805299494575,0.021832194552383898,0.04372690717611933,0.061772119730224145,0.032684349112219166,0.1115465779806359,0.09188758841559458,0.11677328257376383,0.04409645050960174
0.07664559253515957,0.0978869433530511,0.21341618725447412,0.21079302428964128,0.0654361079655633,0.010010185977644434,0.02131775301874964,0.12042601765414557,0.18406818795157096
0.09130517608484157,0.018343029119865722,0.09293561792455152,0.042124834114108924,0.07527642483226994,0.3688911243424529,0.11175687764685686,0.14853321971505648,0.05083369621999608
0.03048873434291861,0.021221102334420778,0.07331925452587491,0.060847904048684086,0.022310082536906566,0.14603401382195552,0.0330871460366273,0.0643443704918158,0.5483473918607964
0.027072094216664438,0.013280344325210391,0.06533196702644777,0.315660287546317,0.05411559948722339,0.10142305731286626,0.21449800645106656,0.15778785331072842,0.050830790323475754
0.09918710917090023,0.09004764867983482,0.5476959186138247,0.033751104372101555,0.047133500863924455,0.02203324510879402,0.044714408225233815,0.060480940855716335,0.05495612410967012
0.23405580344489407,0.031151907585020205,0.026789457735920143,0.12044764977460147,0.03227576255651137,0.1391961171915642,0.1583132309098885,0.15048114301097343,0.10728892779062667
0.427387091389776,0.023917210233264253,0.06878584833375995,0.02039009321372809,0.18818803292378125,0.01849828346095771,0.04593838841241909,0.1832626714411557,0.02363238059115798
0.020550627266811037,0.02139346513650761,0.2252333676831043,0.2100807753228722,0.11337459599027248,0.04673482426084091,0.034691622260403066,0.20207145766728254,0.12586926441190585
0.05698358364983842,0.5859414156387097,0.03182213007903679,0.038427248781596486,0.0531548899729176,0.008666383000956027,0.04974591563833858,0.053076584357331986,0.12218184888127438
0.07888057927891405,0.05890779111483519,0.14363764335423804,0.087980261750692,0.05068951929324833,0.05287727092461589,0.041629825985210756,0.4070151648154649,0.07838194348278081
0.00529175691362058,0.01280083536435611,0.06895782407651325,0.12346406408753045,0.151387815685116,0.3297525707096896,0.00615989853633124,0.058423285355890676,0.24376194927095218
0.5527051867140224,0.01418672155871184,0.15770934871128364,0.01905312135183493,0.07507950837872189,0.061790469714150885,0.010384113064494304,0.08899413511847175,0.02009739538830844
0.0659596354438213,0.5982490014243664,0.020580893659624493,0.026159359498372513,0.07874509222155186,0.009869675732502428,0.08325654880448756,0.052131888138219167,0.0650479050770542
0.07602212867084952,0.00546615221389309,0.008379774502687619,0.2732557050297713,0.020190425543767654,0.40149553072796434,0.08242186301471738,0.12317593504111408,0.009592485255235076
0.4661604755378095,0.007446533707208829,0.11736600021083378,0.029832340622350743,0.03540638073269234,0.15287072559847759,0.023832797739578637,0.0598062994748898,0.10727844637615874
0.12614687520294196,0.22616904185013856,0.09131685169587939,0.021313744916533567,0.15656361431923146,0.1866371406277881,0.012274289996842191,0.1026702217906691,0.07690821959997571
0.06036351833268621,0.06346391766970881,0.1316043466180205,0.011995863970613438,0.14894419851520307,0.17608631697184926,0.21707293981773676,0.17297658153958506,0.01749231656459692
0.02483937322573107,0.12811242763993322,0.07537378475254396,0.06834773042107542,0.05788554050517913,0.08831071329655948,0.06212076424042378,0.14589598377763688,0.3491136821409171
0.04350244049551544,0.004787233608999274,0.10266878175342602,0.4104808265448335,0.055991293596629806,0.2842649414647615,0.02631784284458656,0.024300700127453643,0.04768593956379422
0.07250660616916622,0.08385335120605453,0.060835182417604806,0.10559636690135005,0.06816385236989168,0.21296858588034417,0.07777479933096519,0.2609048930861711,0.05739636263845227
0.014725528302733132,0.14360675059844424,0.12678451777240668,0.09686241622649004,0.13345948349213443,0.11429123108352623,0.07583784296362363,0.265483276840018,0.02894895272062373
0.20524109622272416,0.12851735533012734,0.03238438104916411,0.11500808172735477,0.22517680219200562,0.02177465794871943,0.08345145946458603,0.14351770267306072,0.044928463392257846
0.5536648612590692,0.037616849901637155,0.045996735617358585,0.03739595344901926,0.03637774778719454,0.059858019677420916,0.07780169053004406,0.09223559535887403,0.05905254641938237
0.03806225110577245,0.022220927287805323,0.430187740870247,0.06866650460761277,0.1178369924960519,0.08415473578394501,0.04599782730697503,0.13020941679041756,0.06266360375117293
0.2567694071115191,0.2267467234827947,0.08455159383415282,0.036678529647372206,0.05159680324859273,0.04293721411386617,0.13118210896702232,0.0894352395212723,0.0801023800734077
0.3972612211709832,0.04377081419354578,0.15894978239850352,0.05755177049627471,0.015189723025409987,0.07592081219994225,0.14960826224043958,0.06818232771189138,0.03356528656300952
0.025713722975392067,0.21077377768779815,0.1705651614325182,0.08211240879398907,0.09818880334510716,0.07196305155845173,0.17350063252864648,0.10348437807643542,0.0636980636016617
0.2643834089542983,0.14743382894479293,0.06521422605234171,0.05772940888370054,0.17814600089179858,0.05664625942376562,0.03624017587148139,0.08937564677218877,0.10483104420563218
0.022318336154051318,0.021489902158845182,0.06284035633872927,0.18815829825426608,0.03326644953837688,0.3568387395442795,0.042202128185269965,0.10557078455923295,0.16731500526694879
0.0048499427226905934,0.025878552112462507,0.01293073619732174,0.22560473999533728,0.08685620767696565,0.4692601399043988,0.07044817057223825,0.05870670294620306,0.045464807872382086
0.026172741430942777,0.11701623801147219,0.06856861433558424,0.05261198185685089,0.4840845423426048,0.012836455423098803,0.12237178410280301,0.10832861770854198,0.008009024788101324
0.012085347468960212,0.028175863704386347,0.10194489646501102,0.07850643625380482,0.19702756398944965,0.29409338814819813,0.0897927840655639,0.12876415712895037,0.06960956277567576
0.015592458669092172,0.4536009015452827,0.04125134355225976,0.12407030728213075,0.18745959535128434,0.026652408031044572,0.06071418096704587,0.07609922296803938,0.014559581633820486
0.03416624752890543,0.07812687602129835,0.02240047272253884,0.03438583867331749,0.19122194186500696,0.03625854226579266,0.32790798007932415,0.25368416606945937,0.02184793477435681
0.4655196834347921,0.030283293137461625,0.0575649574590382,0.023626895293654183,0.08052816530907332,0.025699629261161816,0.12191409923243553,0.12779851730565248,0.06706475956673073
0.04395804544200532,0.36305781911698753,0.0431900830307984,0.021238055751201735,0.26674373015496505,0.014293961010033954,0.1410850181332265,0.08379280167089313,0.02264048568988836
0.036889488128040486,0.027133395394340953,0.06270478560954758,0.07105770802219068,0.18936718957776344,0.15414660251449575,0.2607845105599736,0.1532750501937539,0.04464126999989365
0.04057826289981616,0.17524692375147086,0.25566793975598234,0.12288756418281373,0.1829802751371301,0.056455612886234276,0.021294839927913117,0.09318036518014185,0.051708216278497525
0.06833589716957242,0.042620607627353695,0.3045689963687797,0.13246801394696917,0.14676530757873432,0.16791477380105313,0.025476553350089286,0.07267676983264797,0.0391730803248002
0.11257829581641875,0.021605074887278853,0.02823427388994648,0.2292183456417551,0.06387527169623965,0.22359424791270532,0.22974732889965122,0.06777337109077648,0.023373790165228073
0.47691329502277036,0.054218258379626884,0.013583394318870437,0.05241182488323632,0.03468872385653499,0.053878955468218075,0.040543537125829525,0.10229962387966789,0.1714623870652456
0.04789499937016184,0.03876949839875791,0.09315612272591829,0.09416790512921419,0.11434298504284772,0.05486703643499264,0.2678055979568407,0.27081720502173373,0.018178649919532972
0.08692033057502535,0.05713414550884052,0.2731624021664574,0.0469941697082327,0.057954312047766986,0.0795831295203958,0.20255600336745605,0.16138220617616214,0.03431330092966305
0.05054378845482272,0.05542449565303273,0.024060749625845975,0.11927489821822174,0.23353245894588917,0.1353105187978052,0.18949245757316904,0.1469871211818719,0.04537351154934147
0.21325959031130282,0.32750378761009563,0.04237437876512648,0.022993530568124226,0.18333063143065753,0.016600806371700968,0.03415876183516727,0.09475758129607441,0.06502093181175071
0.124071661560182,0.02851889583522459,0.019276363006554,0.42527921709900735,0.12295919999940841,0.0529263250905662,0.04471896812961192,0.05432195631046813,0.12792741296897747
0.4756012567141239,0.044926281743912666,0.028259030862712326,0.05726089192882261,0.0751650560292486,0.01906721954710877,0.04782679355319291,0.09820979716735323,0.15368367245352493
0.17000878863572513,0.1870112374884085,0.23439096862239614,0.019203545375939657,0.04514934177753713,0.0383837486626459,0.1553764869318894,0.06949762368293048,0.08097825882252768
0.13535058097672867,0.028587009720360487,0.39857034287362764,0.030691683202895805,0.07808295403794818,0.11655143966983932,0.09770464096663933,0.09608059681738335,0.018380751734577237
0.08519692931177263,0.32986555039009674,0.15591059269214194,0.049174729769938606,0.2677072165768682,0.0071810482787011175,0.03791830369568533,0.044392437600079,0.022653191684716426
0.033458415919812655,0.062451946233421395,0.14159426494723248,0.3028042097769415,0.06413003344251225,0.1847838729695549,0.06110846802940056,0.11023246083433096,0.03943632784679326
0.002446944032811049,0.04805667726289833,0.23492336003588077,0.1080410435871843,0.05473156789725823,0.3316313946911086,0.03584645874848628,0.1584261916574051,0.025896362086967436
0.2777954967999717,0.006469045893353696,0.3370126433821221,0.049152126146139584,0.0628518369749405,0.0746132411090075,0.030077518351317705,0.12532016069260288,0.03670793065054428
0.07558097089836308,0.017180411728808197,0.2100941258996113,0.1631902140756126,0.2016185763918424,0.19995764989878836,0.004643533040969942,0.08291142664999913,0.044823091416005025
0.044995130082500716,0.05961257691051635,0.0205175128137419,0.024013637680731975,0.5106435784553077,0.04959378497357328,0.19351774495918808,0.08581050779298671,0.011295526331453276
0.06811175084704664,0.02211426106402387,0.10809516944186652,0.07908666074435917,0.035976725801447264,0.0772602058084115,0.3046721284519119,0.21998796126985906,0.08469513657107401
0.0162507868906155,0.030647463342349135,0.054404114177077245,0.18754147534955132,0.03983610588812166,0.5183591774049218,0.08539556930095142,0.04177334707735817,0.025791960569053845
0.11968633107432868,0.13249798477510757,0.011927588180466873,0.0112478208634966,0.3219838822686377,0.027046097986044546,0.04769587709470293,0.2657817958341688,0.06213262192304633
0.0011525768796831473,0.036300302714092354,0.1661710089948237,0.4650006400540094,0.023893731781203627,0.09791582187672504,0.002408539780488311,0.1002056217067931,0.1069517562121813
0.09246537466219269,0.13346662232987222,0.03795277156150745,0.06096499987358859,0.3320350382011066,0.010604651830974999,0.08386460872871425,0.16989402774933035,0.07875190506271294
0.2554663491600842,0.06692118472941236,0.053609399661419,0.08984320596364037,0.05449121033367942,0.08168288588712812,0.15144879401521638,0.12940163909764368,0.11713533115177643
0.029780069095690854,0.05936065687097605,0.39280004148593867,0.10917946685983689,0.11629045089216387,0.17168754556407073,0.003912894076332167,0.03865581407489701,0.07833306108009387
0.024577109609457883,0.01855038882810708,0.09276930084928359,0.1026698446605178,0.06564557825146511,0.4313769195753887,0.14148919623504363,0.10262185505651579,0.02029980693422043
0.5047483278686885,0.022713819180309753,0.027667484521573447,0.05632782913411858,0.03758481883063431,0.1183097887954715,0.03714475762738842,0.15743911124913593,0.03806406279267948
0.501509269028798,0.024256281545986077,0.05447853578857121,0.05342669757868183,0.043481430709519375,0.03213374636913254,0.056377077967120125,0.06944452548844804,0.16489243552374278
0.021966903615185867,0.0229540757602337,0.40893643063402246,0.03448312257286596,0.16070052062847737,0.057621542450452395,0.04570649480096254,0.21697994983167557,0.030650959706124175
0.06736886561241706,0.02936499458618694,0.06448626836078447,0.17473896377946574,0.06743786347801074,0.26512187674544774,0.12193669770506514,0.15396220987397588,0.05558225985864627
0.05868573010724095,0.01407298169428943,0.3115353963055616,0.108209097819152,0.13649333214025483,0.0633002494745905,0.23571392460075757,0.06591595464032009,0.0060733332178330044
0.04949221578184057,0.5348032079426283,0.03534823733613814,0.0864551909939566,0.11523309877021061,0.007332254622017284,0.053719516531186534,0.06685043971588357,0.05076583830613839
0.00498808068100761,0.05073380458329372,0.0863817758599545,0.23623059502630325,0.10401891631310696,0.3212877611331791,0.034127898016895336,0.04177342776536556,0.12045774062089387
0.06522021271156576,0.6431437200820611,0.021879703086828517,0.03269745059490381,0.034329373454575554,0.016357855801191198,0.09463816003616538,0.049523869829243096,0.042209654403465524
0.1551247432242111,0.09188536021141135,0.5190779237948814,0.01711604608102466,0.024919906296490508,0.07968012546803631,0.020568931482023923,0.04713811692152505,0.04448884652039564
0.07058650812323852,0.1522409487118582,0.0775019883287875,0.011540443899419198,0.2081509137613395,0.05627711630894566,0.3265686059347262,0.08110981148386998,0.016023663447815348
0.0830519205767778,0.02391423339042917,0.1162619248834254,0.20481729110090063,0.0743923917644755,0.17666584126208631,0.06843801847392399,0.22899651078281544,0.02346186776516578
0.02949526463490551,0.01376431883855611,0.02470657086037803,0.056870804706057355,0.1033417901191353,0.27316168647697386,0.3004189050404332,0.1896915192784315,0.00854914004512908
0.030628725897981976,0.025379152490471946,0.046801309270201874,0.025793745909426416,0.1467678786743849,0.37503259755556423,0.225164721521436,0.07972687986004708,0.04470498882048544
0.10496417161231485,0.13341201528099522,0.2702222922740852,0.08040040558078938,0.044039245431586466,0.03887082195729181,0.04359426737353985,0.062469121218927726,0.22202765927046955
0.05436494123362754,0.10846894855269364,0.13545535252414437,0.08580493839564686,0.37068822526587253,0.09028867349283924,0.04344108675565415,0.08190128972795967,0.029586544051562077
0.002846865896086527,0.011402743406468184,0.10308396438976937,0.14591611960611003,0.024947473623252014,0.22431387889187593,0.1603090101517297,0.0755409581106851,0.2516389859240232
0.035835230368437124,0.12519885413060886,0.07346799538530814,0.15382833452396602,0.26269138037101947,0.06651669392583441,0.12079211415348516,0.08871203871339593,0.07295735842794496
0.01168444801557989,0.39638285326763595,0.11661738927145432,0.04851928014448148,0.28526269081691025,0.02147158128898971,0.007434937479761496,0.06760465618448741,0.04502216353069946
0.022822495210615634,0.2309825888677497,0.08892847652049019,0.0776025589990892,0.2661165558495035,0.1078746273234427,0.043055184874053215,0.13288954358539806,0.029727968769657855
0.03214280977203867,0.10238298820217696,0.23435965332444209,0.1860404702824825,0.10877996111997357,0.13340776163596765,0.02885238249836487,0.11992008301286568,0.05411389015168807
0.14395707948390707,0.021950471720116483,0.30063451287805104,0.06238599088902619,0.06606631402229386,0.18823271122611485,0.042450626188140245,0.08238449772029854,0.09193779587205168
0.012475378793825929,0.00864859087626115,0.018013336828243107,0.3793057419340872,0.014436592077084871,0.22558499165151738,0.08103682160313265,0.24314941288157646,0.0173491333542711
0.1529944580743957,0.08590935858579456,0.2495579400519452,0.03341397062479492,0.1010899491971657,0.09384310432666164,0.06099219066042683,0.12172986722368412,0.10046916125513133
0.18951732399181112,0.226456686654428,0.31457358125657026,0.037713961823212544,0.029644169033844245,0.023156733188597123,0.04727011631898151,0.056809368847972004,0.07485805888458315
0.06276351842313345,0.02787104824889726,0.1183978056385304,0.07271201284440074,0.11470764956335944,0.20020391092042622,0.23517902296960247,0.059224433621629546,0.10894059777002045
0.012874169083520896,0.04246205637248804,0.06731987519393162,0.1551742502179183,0.17479192882407765,0.1914469372531792,0.14133856946051357,0.2015284877127248,0.013063725881645923
0.008999939789271282,0.04088242917661054,0.13932021269732744,0.0323566840770465,0.17972517185507056,0.18192478950786248,0.15869563105947457,0.0931000786860674,0.16499506315126922
0.09397644280119494,0.12724092813077817,0.10955238442011889,0.09381820064019526,0.09345857018777236,0.057046128078272244,0.10675356568278249,0.1166414535033472,0.2015123265555385
0.12569674630937097,0.03709095748139665,0.06356745682559846,0.024856332663947104,0.09320245460197309,0.13953098239535308,0.3529774395984903,0.09871270962593053,0.06436492049793983
0.0017911318452813888,0.004096334299501997,0.0038137299188360694,0.17956189196613734,0.18845802350155372,0.40679323036778464,0.07447217206707865,0.12196489984731464,0.019048586186511535
0.3768911583422929,0.011295495207273099,0.194026052969782,0.03270034982998996,0.06806276116826786,0.10780112662289337,0.06672611097684861,0.07649471703091737,0.06600222785173478
0.13347251433464827,0.054526995494336344,0.13281357250318332,0.19267801829297818,0.13882536915190394,0.058341444679148625,0.043778207759564126,0.20531469778927805,0.04024917999495904
0.08143446492918274,0.15418313311864926,0.014169598799594377,0.03978866626158658,0.3380643245568928,0.013397990257287275,0.17581586420601958,0.15988858524111416,0.023257372629673284
0.02041123749588462,0.028549461033469257,0.3978157993148936,0.19861019732856,0.09515574842558794,0.12881763171670604,0.03208372353153099,0.062308172818730155,0.036248028334637576
0.06596505553393804,0.016369961499800693,0.10040024536007508,0.0999790012302841,0.07544213178095044,0.10467856951835165,0.3697928355213282,0.07044350537990693,0.09692869417536494
0.011853597611469709,0.043097709699018126,0.03306405476521968,0.1400953669614121,0.18919752420530112,0.12222316717033262,0.013973961521350844,0.13901067301387202,0.30748394505202387
0.10042161189357769,0.03600066063605198,0.037641866489759354,0.05002867512079149,0.14428515015525875,0.2326503827895803,0.12821432503106595,0.16565641318558225,0.1051009146983322
0.10352211341572444,0.04914474759934229,0.04563547403451853,0.14375232175449734,0.14495442644540657,0.0245777707061491,0.28704889273598033,0.08370296323525665,0.1176612900731247
0.11904121030758041,0.16304526442425557,0.03276050133479356,0.02797477008532077,0.30736073241919754,0.009938039973322819,0.06982886870672252,0.23408256347176584,0.03596804927704101
0.020405614379043837,0.1211497163547006,0.05237226460872622,0.014274173288444355,0.3366888805158723,0.2149890400350809,0.05714272082852608,0.14136094441924527,0.04161664557036047
0.04637628049430593,0.016015734054344696,0.09338796208253773,0.09522512282722158,0.12466314911659208,0.35558497174594733,0.09075373941061016,0.12906906622676373,0.04892397404167668
0.04580024278874321,0.021420492917184647,0.09452424267807479,0.3793823170590848,0.11516790841407554,0.1384677699262444,0.05251813068847364,0.12577063597504437,0.02694825955307457
0.05041392742693726,0.3793492782785106,0.09531412039579967,0.04028324362705805,0.08567603793450167,0.03992295881528352,0.05034909080615763,0.20548360236397759,0.05320774035177404
0.033641216263029475,0.2396773413395649,0.03160240049329787,0.05696041321362991,0.23884731697297298,0.0668022767797528,0.12384338437202302,0.16555545512652758,0.043070195439201486
0.016069686754080128,0.06863040433952507,0.29687124883661525,0.04783703563194614,0.2051357733220088,0.13476008917114476,0.02002989896087072,0.08814338357278344,0.12252247941102577
0.10918702067716841,0.015965904686056895,0.03377392460406512,0.0645397423373379,0.0642676260784491,0.2748450633283042,0.1835456245924738,0.08191020824047428,0.17196488545567026
0.06500151811817607,0.022587823237298327,0.07542306320225557,0.0587767788146121,0.1238528102026794,0.08263508880803533,0.1284477679495043,0.39126247343803006,0.05201267622940894
0.06424303948128447,0.032034559967393066,0.05927664857547547,0.08323654644256621,0.12813088758462157,0.08006368494053517,0.25006878752231004,0.285081281218978,0.017864564266835973
0.052697103397312296,0.10371959603673542,0.04148878167533046,0.12648371510695375,0.08013882849288335,0.1361565780184081,0.12813046006508305,0.1603022211905396,0.17088271601675398
0.21229357979078897,0.006128948702963328,0.21997858784615376,0.1715670747526726,0.03717953831451165,0.20046397775975855,0.023973062445747637,0.11672984578591676,0.011685384601486742
0.07160652497652083,0.0523919244658812,0.03629123130657944,0.05644787851684228,0.24847441418755756,0.054156237249828744,0.3825444623788934,0.05653074867072282,0.04155657824717374
0.0723711291226577,0.05471385709544132,0.09008182223004506,0.17219825647099452,0.23636846762335065,0.04927782337142902,0.14876320757902836,0.13221955886529876,0.044005877641754586
0.06963244695223257,0.16239666799446237,0.054078151972859305,0.05578018962873003,0.22629258807381403,0.057961027041624535,0.117094720929329,0.17406816537923822,0.08269604202770993
0.13853282625108668,0.008389049795489803,0.044115229538995084,0.13595458238255353,0.0266918652649667,0.38296379089494254,0.13400580507127022,0.11617585670073383,0.013170994099961609
0.0031150601514731524,0.037833873109459994,0.09426480317013951,0.04545854712836355,0.0775165695621715,0.5338565259380753,0.08268474976763036,0.0632039404189314,0.062065930753755216
0.01753719334480567,0.030319842505206116,0.2407797570499035,0.06438932128330743,0.009157914067248639,0.3955430146103785,0.03531167984286022,0.03605838159483064,0.17090289570145922
0.054203839817693854,0.10607573343168486,0.02759047535146132,0.05003688821431085,0.26790404438939147,0.05643171703631115,0.2251854652881035,0.1721618943674917,0.04040994210355126
0.00683723764862848,0.026030908720151413,0.027658409735667175,0.16167662507734282,0.05567974574265969,0.08433970693909965,0.5612400893564452,0.05544610830178376,0.021091168478221855
0.10353711411812148,0.32477130312702557,0.03194039635492748,0.02268870837024751,0.05127168762781833,0.030134281689948982,0.2413591930219248,0.1490166189780843,0.04528069671190165
0.1239016771018483,0.06080846209955371,0.017619737505220178,0.015897515012166723,0.29885658955628785,0.11997719127835811,0.29027057158543196,0.04739596058975507,0.025272295271378115
0.09524617312780444,0.01862768501920992,0.06454509375196057,0.17827307080642998,0.02997515437787487,0.46575600871329775,0.04373867020956907,0.06306631456213561,0.04077182943171773
0.06965866673116626,0.0353177707099302,0.05091786914321694,0.057132117256685794,0.16967276193043057,0.13618911458662009,0.15405622781756542,0.12566965242763886,0.2013858193967459
0.034043799463313866,0.4883821227780943,0.02458241550357948,0.08290720662998224,0.1527705153247775,0.00844013747171871,0.11356879805747849,0.06777697526373815,0.0275280295073173
0.016199182484967815,0.020826438462858695,0.22120557085911494,0.030107011156603775,0.12093574273715162,0.1980890279705011,0.15418328783996385,0.16354195320259554,0.07491178528624275
0.11445570203957123,0.2240880504144865,0.059109825586651905,0.03149605884833975,0.24189432371441988,0.04199334135904954,0.032635759211665026,0.17125537832618543,0.08307156049963074
0.060763006344686336,0.021195089245862164,0.1306682940536241,0.0934136804225031,0.20494121173932864,0.10351427312905948,0.10093234246625626,0.23814518394395143,0.046426918654728457
0.02072764481972485,0.01687413887137745,0.03685838975657455,0.22291513996036816,0.03315595237708265,0.3366145948847897,0.1831748817469571,0.08818362074547392,0.06149563683765157
0.055940923612264624,0.033249198232497744,0.17802174335102136,0.2016408377664172,0.08935608461890308,0.19059660402567694,0.03209046285547964,0.0446447563724813,0.17445938916525816
0.16806261493034022,0.05829233954577371,0.01899489730947891,0.08305665663072076,0.2003272290873455,0.23241387272663572,0.1255107258393209,0.05196534446251438,0.061376319467869894
0.011941128946402146,0.027959318307500914,0.21408599515312218,0.08126375708510973,0.316797693023571,0.19294059392514593,0.03238649287617281,0.10043865281030441,0.02218636787267082
0.019303201487052186,0.040354248215018554,0.029182881670840818,0.25216667077711424,0.1334130452064536,0.15268140232634167,0.13219342676990622,0.161971310492286,0.07873381305498664
0.04444600357002466,0.055696605631207076,0.18132866427232178,0.23167652625180313,0.19780495956781188,0.07746989161654554,0.041005372939429324,0.1305658569442261,0.04000611920663059
0.011392026931719283,0.04133899269171884,0.029438520523025747,0.058809334373548156,0.09742871347225635,0.025644564138513085,0.6553183723872026,0.06384816666873956,0.016781308813276292
0.14585077342352704,0.05175233672706462,0.12097779345554405,0.20304192848207858,0.042533631479916956,0.14251609739120633,0.019780106978009943,0.0678697461888825,0.20567758587376994
0.04901986214039176,0.02180315039451039,0.1415286497131436,0.09306263502764706,0.07605060872804441,0.29771214026331266,0.045020448349518745,0.16400216273026894,0.11180034265316241
0.0617567424675618,0.0395731165109001,0.0387400421643595,0.061139613560050377,0.03474211937528549,0.18228274344468698,0.04615463690390432,0.05307500432952819,0.48253598124372327
0.11223215030059004,0.04590261041201554,0.16632804051518932,0.01601634844957134,0.13102658023772445,0.016019612339449953,0.09224364873772957,0.33836073572694797,0.08187027328078182
0.08441632731905822,0.02927679552071123,0.03872217177965104,0.0919953154391721,0.025046662342506642,0.32914769524385035,0.08537749608415994,0.3047507752726741,0.011266760998216463
0.09851458454125545,0.0288169267528811,0.036175081905896626,0.12941080096780352,0.08045878547523051,0.20578901688448706,0.10188142453937223,0.2705942885407047,0.04835909039236883
0.6713806478604379,0.022869207072693614,0.034920433413026315,0.0899575228514426,0.033159480562433855,0.006928882633796457,0.050482502626093606,0.06162121324571179,0.028680109734363718
0.0017928611498710192,0.010460011012110882,0.016891686724852594,0.4111526977257611,0.19348596119058495,0.06808090186176913,0.030370631434428554,0.2595541127239152,0.008211136176706607
0.054529975599289925,0.06461491790990007,0.37774141620918505,0.038016770006265625,0.06005009670201903,0.178312536089721,0.045156859667606485,0.12215135266124455,0.05942607515476824
0.008802675012711302,0.0178704172235231,0.19408544568829744,0.326420058079041,0.20877226623322295,0.10620544639281004,0.01411074744981096,0.04000085853431015,0.08373208538627304
0.027207690647839556,0.027875753206001923,0.1378060300288278,0.07144928894917191,0.11940720992909122,0.2798166541412203,0.18262352772190402,0.10723962646423668,0.04657421891170659
0.06192166384540821,0.28530651749102803,0.054918898532667314,0.07033047226436498,0.06684823755631708,0.11499198618260108,0.22530967970828886,0.09204909920048475,0.02832344521883968
0.015286231889168464,0.1179756095430524,0.017002322013550283,0.0492602251521474,0.5849232043402416,0.016083264684470872,0.09841544014365873,0.09268303280574448,0.008370669427965606
0.11937031287234567,0.03047369304380072,0.08949782933597893,0.051687838564591894,0.23742009592469684,0.3117308066193723,0.016866876967966318,0.07312610906037105,0.06982643761087627
0.07655484049315152,0.03415026342908356,0.20223817703213046,0.019090470659914368,0.06938785487957393,0.22012171789169122,0.12968423395128992,0.14108550357513802,0.10768693808802703
0.022890389330457686,0.07160981098517903,0.3533931760303059,0.1846508043902794,0.06178480248587093,0.046199109353342614,0.08229140761120239,0.09344239415158623,0.08373810566177575
0.033035763128321786,0.02173989889671449,0.08985858670064369,0.04186555645878807,0.050648145384999566,0.19689035557573187,0.14216386159368816,0.1432144515123914,0.28058338074872097
0.11780578283210452,0.006587098129313795,0.20319995819182313,0.08102886607386284,0.0346894833288789,0.13628341278225617,0.1726359226855212,0.18122694300771677,0.06654253296852264
0.09963265352299754,0.0444918869912057,0.04450137088909662,0.01894674232083614,0.12649027472338945,0.2596931792549572,0.24441774028429572,0.07267526800512085,0.08915088400810083
0.020779794849323865,0.036176609909869345,0.0736931956246929,0.03133178494159722,0.37444909107138535,0.20811407898338077,0.14942082663660236,0.08062408405200573,0.025410533931142416
0.5602211406707654,0.031279741617694416,0.039201217242287284,0.025467402001515784,0.03203276109951506,0.03081807667300987,0.0445160042472845,0.13935675557626426,0.09710690087166333
0.0203370141392005,0.03657116885411917,0.205390795244586,0.01477285528891984,0.07106548868447876,0.4318075865605513,0.11767324047059909,0.061181382795950194,0.041200467961595204
0.011715796771332297,0.1833662039759892,0.03271584460972165,0.13506403483273888,0.5058571407594888,0.007179268666763441,0.05235178914978936,0.057748956600409025,0.014000964633767333
0.11742767461247587,0.026411465863056937,0.19945962991565924,0.14161023390818914,0.12970771751994595,0.09722371023701461,0.07530316570573735,0.14355731388148557,0.06929908835643526
0.07315255913433433,0.013745901521521492,0.27623284582925334,0.07415045711329928,0.05958474101361987,0.2932419583760866,0.0946157056824955,0.04057790094006115,0.07469793038932854
0.0369063751480325,0.051595601857342334,0.03424905302960885,0.0695419783013808,0.29402740019515744,0.1349838085767754,0.2192288146375021,0.13932626911829216,0.020140699135908508
0.09190972184105158,0.05778730955994282,0.05195675564370758,0.07732692530465962,0.11324127896333884,0.27842365209760883,0.09506439841082077,0.19951436048631863,0.03477559769255124
0.09709781462247964,0.1570991612992537,0.026998217810608915,0.058721567214630475,0.07486265662713702,0.12344156273850769,0.2506382221982398,0.13819308010917755,0.07294771737996526
0.5127765149770745,0.05658954068344172,0.06401207729500129,0.029948781618695002,0.027881447092628995,0.02966261990952557,0.032360110475298,0.18822785696363,0.05854105098470489
0.0054383934046177045,0.08616625804917806,0.024073430884359575,0.25946016804363786,0.16908203716167566,0.03714602862772745,0.06414636666451011,0.05874294165515581,0.29574437550913774
0.15107170820165128,0.22056038351458693,0.020333096327997572,0.02262362022782517,0.1274323498048455,0.11014680754993134,0.043953309195064884,0.24847681109442124,0.05540191408367608
0.06751644276049776,0.006617127225638317,0.06214418592278387,0.30535182716223114,0.1691068171122668,0.2098693271741178,0.00642528935870515,0.04122010716686089,0.1317488761168983
0.6900641063269299,0.03812992840064313,0.06900243146422563,0.013039126129032156,0.045918793517913725,0.018537806423278545,0.05208877313481031,0.05217701795819934,0.02104201664496706
0.03125241723526434,0.07455419068047676,0.023049890873222244,0.03989940937934758,0.3675670624043181,0.13540676073037353,0.2383750131565073,0.061079406960201886,0.02881584858028835
0.06980296417066169,0.08316325593851508,0.11715062532608801,0.06320609974952464,0.05684600219309682,0.06542187566940325,0.14490673406287538,0.30294686139668475,0.09655558149315036
0.1779420059214183,0.02535947431760499,0.048929227286534566,0.07642370066240034,0.02569066952365003,0.1931152274403628,0.05660955223408982,0.08688017755973255,0.3090499650542067
0.07719237889514118,0.03320284222502879,0.0849497443208999,0.056059633124462334,0.09880390228712287,0.2326158379505574,0.11140621590308675,0.21670056072101843,0.08906888457268235
0.10669101319319174,0.01914751135075628,0.05582985146292118,0.1369196134003944,0.03868341904539977,0.42415100105003223,0.017510668665887685,0.14958095492811324,0.05148596690330343
0.07183242346728262,0.07202260820931759,0.022113202739698228,0.03159405048275412,0.4801159432435666,0.017949921486652153,0.18926084171469093,0.08988956421839056,0.025221444437647136
0.05344962433995674,0.06999210112631629,0.05158191701379522,0.06558705921031513,0.22221205072683237,0.15263956813943147,0.12189298035518127,0.2116328931221739,0.051011805965997525
0.5939936390945677,0.039717464744929216,0.08250924577708262,0.07362901860617145,0.02810276695008762,0.010759858769173153,0.030594459766962345,0.09639591929876495,0.04429762699226086
0.01604585961571923,0.34514912913016893,0.1992622571689319,0.02228895192817724,0.1215058474083603,0.022965612894121617,0.11806531569931063,0.11457068634929446,0.04014633980591567
0.08501886966263306,0.08945251939479189,0.15412819975110992,0.09662201924052338,0.16581063274272678,0.062104918634922714,0.13240571506137738,0.15423277387350126,0.06022435163841363
0.04355458587245813,0.07569640932626932,0.09874339620670851,0.061475100074157595,0.28778984712674976,0.24785259995073228,0.08408633879957549,0.0481782143101834,0.052623508333165536
