0.10727651523742276,0.44198130668504754,0.06771511836852585,0.025719315008883716,0.047340199267867276,0.1702749109625862,0.04679885562163716,0.06825051889436647,0.024643259953663024
0.03718349868902521,0.06301671887477374,0.030362897692938703,0.1484447093295278,0.1172295789477747,0.01534384677091189,0.14032603092679183,0.43169254884999386,0.016400169918262254
0.1252790532133626,0.048969964148930144,0.19225792499432529,0.22412470615057342,0.04677855767580422,0.13323820172696768,0.08084313015611362,0.11593361394994584,0.03257484798397733
0.06887462802269993,0.03712017625218759,0.1997291320390512,0.4293630462064584,0.057783815929124877,0.07219301606582267,0.05556363535405664,0.05082944662138286,0.02854310350921588
0.043614763818651,0.04173446939227191,0.39227580543638957,0.13527248548417845,0.108432489640783,0.019511456448047373,0.1737560709273769,0.0514301367204786,0.03397232213182322
0.030442512616023158,0.04892119474613738,0.0793811054989917,0.3261245649608399,0.07549531707945174,0.10400948868321332,0.04723533934801296,0.20685234858879653,0.08153812847853331
0.1507646311329295,0.041182916107975163,0.08204806826160857,0.3792347161195055,0.07370341891373382,0.03155236232784819,0.03865065259084455,0.17549506808882445,0.027368166456730226
0.04412957850321463,0.4384592458588639,0.03755321122423285,0.2871028209089556,0.045262791175427135,0.02496449858396416,0.03796014613400765,0.058829170450446354,0.025738537160887576
0.13456360363800057,0.06406587827770356,0.05763501008641534,0.018759043016794597,0.04963285226337689,0.12293760996408794,0.018797250642981708,0.012171045973808775,0.5214377061368306
0.04360559766138022,0.04599215151214298,0.06464494946154924,0.0952629572024289,0.08217953169420483,0.12604194577378003,0.1301511826258342,0.25519702614758,0.15692465792109966
0.14623981415088874,0.022455913036368885,0.2998906456107232,0.21548480927949396,0.04742634412799659,0.06415884793657096,0.10101133752785568,0.08093399229857073,0.022398296031531355
0.04092108172630335,0.028452990282160983,0.3386867960781313,0.07473463039475743,0.027130422768744847,0.11548158546466558,0.0883780021605584,0.26404580461976307,0.02216868650491498
0.03187440856945542,0.10817683089891632,0.1530454730893057,0.21888495256480986,0.06802665484714145,0.11174238852975948,0.0758648098673945,0.2096850962247251,0.02269938540849217
0.2347575851751442,0.03672714871647017,0.17913936924601606,0.03440070369201117,0.0656648255499707,0.02806386174758835,0.0750869104528641,0.308327783445754,0.037831811974181194
0.06988904358116474,0.10051221312010868,0.059025696282647554,0.04504528082263223,0.10143638799897274,0.09542870641267148,0.34685165347001506,0.14077235789440826,0.04103866041737928
0.4717739813498258,0.031826882760700455,0.09571924475703115,0.10526542542220123,0.02401567120943147,0.021515389118098204,0.0654851756456856,0.08983330000060047,0.09456492973642565
0.10658495628584148,0.05209373776378436,0.13604747657876956,0.21011430001989362,0.052743907333737815,0.08346434442578314,0.029918678605703245,0.04043458815769538,0.28859801082879133
0.11500879473388483,0.03564557129968129,0.06487451258677718,0.19273379258612802,0.03979024046977841,0.33570571373326147,0.02806292703326003,0.058832118938735044,0.1293463286184937
0.042182558118182334,0.02854038445500329,0.02529547095300556,0.03133016924784916,0.027283767321825844,0.26498434665805587,0.020167235486930394,0.018982672927433625,0.541233394831714
0.03570952790763323,0.024433235900761487,0.06716974074673193,0.36496484876892493,0.038908572101793,0.23627217979494516,0.053327111220805544,0.15299908286012934,0.02621570069827525
0.09539968322663712,0.02549722145354145,0.4400802359526576,0.08415329844113086,0.061814400948240394,0.030584460896663748,0.05534198855380995,0.19129926417452678,0.01582944635279218
0.056585290741544246,0.02895550907883526,0.07962256370524858,0.41069844066964684,0.08364390427816674,0.148981517598919,0.06344506542312324,0.10019681430388494,0.027870894200631203
0.0715142909343798,0.038042049140854205,0.08751484618705857,0.08564575685382432,0.131576379241545,0.056474165080742995,0.062269681741548476,0.44104966825676334,0.02591316256328323
0.047511531237252776,0.020708482875902653,0.048515020264736204,0.3468601124739951,0.0903973780478957,0.027264748753758478,0.015071079491552189,0.37455039630874687,0.02912125054616002
0.075380866386156,0.6320766320934436,0.016715538384065202,0.0695359188882798,0.04754028620214662,0.005380878254543251,0.043080512527812455,0.04903978077807969,0.06124958648547337
0.085941574449154,0.03970548674189533,0.16348600950096392,0.3714196214677781,0.0722625157071115,0.11187051611649523,0.038148051666629414,0.07408953372762005,0.04307669062235247
0.07602100725407289,0.03498093623878363,0.06264034538747658,0.513515946600196,0.06392688349638763,0.11986990137115146,0.014254412084877576,0.04214854327928572,0.07264202428776853
0.6256909579962978,0.0256427270924869,0.16859158679026698,0.006897259285859783,0.04835661122349477,0.03883755155325915,0.014911685704153873,0.01575766923335176,0.05531395112082906
0.03339418305005386,0.6677438231382004,0.11750625240519602,0.010638879091117548,0.0545956815591472,0.01018406473838991,0.008093937596116664,0.01279600042879595,0.08504717799298252
0.08601219341655693,0.063623827142477,0.09335251382648409,0.21436670323310691,0.136860393935469,0.17927148227486608,0.07491978811467115,0.07179571551149272,0.07979738254487623
0.622885723746847,0.02293696314815052,0.0897046827345167,0.011499248912730735,0.0806908456835549,0.0309620492913385,0.036048999463656174,0.06967331621374691,0.035598170805458636
0.15113875681354685,0.09798386073123282,0.03547152654563517,0.3230679309532907,0.037705975049713736,0.12675373722653716,0.026613237878426062,0.1437362636750583,0.05752871112655925
0.07284480481010049,0.05280703001416289,0.17400002555217928,0.3790191538116314,0.04412714830308775,0.055636717311729054,0.03106876055856402,0.1597778368522109,0.030718522786334274
0.05802977264134416,0.025426231527206116,0.047604404970314006,0.060972162318969486,0.03901794956995211,0.10261492893811719,0.0378275136243264,0.027725535440774978,0.6007815009689956
0.07927562478573517,0.029079823060821238,0.08726635805142546,0.46358897812363226,0.10097696108975292,0.1190400169489475,0.03782551406202369,0.053430225312423245,0.029516498565238528
0.02855662849648692,0.04331298010005549,0.08707596025222807,0.4148114392592556,0.05610995805284425,0.21699350007032017,0.04397101361255127,0.06510082517297838,0.04406769498327986
0.041432473850846675,0.02836678678131672,0.06316673405767198,0.5439800024173447,0.098471696241546,0.016374233954340272,0.04367156750630218,0.1333849091718501,0.03115159601878135
0.1050215511532701,0.07862672923549702,0.08773537540723064,0.25858956579408204,0.0515769975742178,0.036231106324718605,0.03410200623346474,0.2962296956802881,0.051886972597231
0.5228174535867333,0.024938458816802844,0.1643202729166521,0.004773873610376651,0.01289479543593708,0.18047084272314018,0.023463183704132154,0.051541455368001754,0.014779663838223886
0.10301351109997463,0.05399287907376484,0.14800486862302936,0.36543367484763273,0.036590091774010514,0.11786653962052668,0.026844253372989207,0.10641919620900965,0.04183498537906243
0.22409915231065336,0.06251491125323698,0.04385243708582783,0.3445055865903475,0.06604698449237034,0.04181600495500495,0.1377459179978935,0.016298405166840692,0.06312060014782477
0.14348945296101798,0.04973223840215676,0.1554771772200715,0.020935577959734445,0.019488965293462734,0.12024031851084581,0.04005707338674832,0.4393947690638215,0.01118442720214099
0.14228363694749238,0.06678778177510716,0.08048154071933883,0.06354189526961139,0.33518942693084747,0.049789703985256256,0.08408399666862203,0.14682451299719343,0.03101750470653107
0.11795113629215892,0.1330483439020069,0.07791799407796768,0.283173568819936,0.029130193937070458,0.024829046424784545,0.06394982567387479,0.21455116622046244,0.05544872465173836
0.07520404964656811,0.05075281845262292,0.1091217271418377,0.22190224309918757,0.06463006007839013,0.32365759938656186,0.021379399294204432,0.02966591894885155,0.10368618395177574
0.039164514288271814,0.04442327409109134,0.05830076198826606,0.25297699642509996,0.10227375812724328,0.1867549820549401,0.03155629574800602,0.22847063234614917,0.056078784930932206
0.04239691713004975,0.03250520863372428,0.04965191258096555,0.22320310950795105,0.47131379335894313,0.009600999734393026,0.0605732281695714,0.07037326554248712,0.04038156534191478
0.052103552299874185,0.021475929845141017,0.050866337216845775,0.4022577528534204,0.13509384760099508,0.034894333311178034,0.23675062754201157,0.027339171273526253,0.039218448057007645
0.02462634863858353,0.09003992264947053,0.04291371481016065,0.3670432603301779,0.1039690001691795,0.0648373590352948,0.035361944312439185,0.14347288010085182,0.12773556995384205
0.03721503546589952,0.05180858112127044,0.034641652098600956,0.3664203431657543,0.038775786285999925,0.04066656146593356,0.029750274353845807,0.3681441538860571,0.032577612156638375
0.3877089246971582,0.022096248528692224,0.23366871553104543,0.006380552151375112,0.011718797754915187,0.24374104957021014,0.015666627314754756,0.04466287529900814,0.03435620915284076
0.06812615641351953,0.07003747528482522,0.05731831180383007,0.0677799104331317,0.33849226582104047,0.024215169142660174,0.018259092904197343,0.32563868696851966,0.030132931228275872
0.045705685617760415,0.04031822851807609,0.07610943272270437,0.1085820501786998,0.08541702546360098,0.14295345077345536,0.06432079860384786,0.3681107748385177,0.06848255328333752
0.184772440935239,0.07360551338387657,0.06491269880870443,0.4385554281332891,0.05948307556286559,0.03248362812889965,0.0377880340598243,0.0821394110740587,0.026259769913242675
0.02547013517183101,0.021936942351101416,0.10701194310979963,0.33554705331900436,0.08608115941598375,0.1645146677807343,0.03865727873512453,0.13671312619737006,0.08406769391905099
0.1897843554747183,0.03626338741682911,0.13093344754677114,0.014886088455836792,0.026544839652499486,0.07965295519334353,0.4262573127622149,0.03728956974730595,0.05838804375048078
0.6615012549623697,0.029297430602018573,0.0864681065467953,0.006634193365865606,0.027662645649225544,0.07271828855937941,0.042747707225563474,0.03068477773784498,0.04228559535093745
0.06230661232666943,0.0418045218814963,0.07419422996034934,0.23584513600609358,0.07249705568531631,0.13336610112905667,0.01290571850473593,0.34425719847553243,0.022823426030749938
0.07940811613587322,0.026322808801391234,0.31721882885591396,0.0175548342193516,0.010872021362114877,0.037252207111603236,0.05525085142170231,0.43908931538817936,0.017031016703870083
0.03345022789964514,0.0335352187957929,0.04994634937871201,0.37846981631416937,0.06951335511109376,0.13399682343905486,0.01202642367323957,0.24620499807648022,0.042856787311812146
0.051521469702460125,0.35662326276114964,0.06576750407679696,0.11369556746870242,0.16304297237593962,0.023605789322252203,0.14446953111278343,0.055181438152558854,0.02609246502735672
0.08534510720241861,0.02216641540070761,0.07008915698132982,0.39818660232546915,0.08565839137089604,0.07389104298212279,0.053809564928355,0.17449640070759986,0.036357318101101085
0.6654142093073754,0.0245460637182307,0.09187889025311946,0.05790643988973462,0.019542809744587136,0.04858482539171827,0.04561375538559883,0.017160332598805537,0.029352673710830116
0.043447681380252685,0.08631226262722043,0.3528171759932621,0.06832062616157077,0.09060449748664412,0.23284149655116157,0.07507958381236074,0.024484521305113496,0.026092154682414066
0.02788749994141838,0.04614180558225578,0.0903622647842806,0.15259934983487858,0.07563264712197806,0.11709961866984225,0.03197030267388954,0.44051924881351345,0.017787262577943382
0.04603616550660511,0.05954944364166619,0.04691423704458372,0.22659732419762793,0.3938599288318465,0.06509949754806482,0.08471181649145416,0.050192819296786186,0.027038767441365314
0.05193159264031788,0.039464237883641735,0.0627907986281517,0.5670628307251393,0.05637094923662934,0.04245426844965595,0.032218184085578534,0.10366366487509626,0.044043473475789165
0.03504575202660951,0.023111651179487932,0.18319095229798968,0.4254486222449077,0.06048319696031016,0.07273277685000847,0.047373452973976875,0.11373358490454295,0.03888001056216676
0.5855134383670287,0.055779311278340356,0.15172634723347853,0.00939121365744183,0.006490025486215857,0.042956834168320024,0.017793434785118935,0.09861295738646746,0.03173643763758812
0.0531866642117246,0.04293842333308506,0.12551265672155476,0.22996604719301217,0.08610575634024253,0.3269869913412998,0.0377141081533348,0.06008689525509862,0.037502457450647654
0.0440350438547408,0.0361568540807558,0.04027699862295566,0.26165726110786464,0.45206580857368434,0.011301959423894952,0.05611082865522846,0.08362903320737473,0.014766212473500623
0.49991618240528446,0.037741487865956574,0.1341082517960723,0.02424149581025491,0.019479028039339628,0.060804863095214934,0.011846103278409537,0.16596812667068783,0.04589446103877979
0.035353025430497474,0.022502922850122443,0.060815538703908885,0.4111485647977613,0.08575041759401393,0.09986452203990043,0.026722380571410288,0.22873199722696072,0.029110630785424585
0.04134616725984123,0.025728959620066365,0.0926887067959164,0.05124440899008371,0.19627170543256187,0.04299184501947719,0.05565594814996785,0.41955893462800486,0.0745133241040806
0.1749929421156776,0.052054456942061546,0.16374875518106688,0.1997392741963581,0.05930709600732562,0.17331199507590123,0.03355586563401286,0.09488764050596754,0.048401974341628656
0.04130644552371685,0.0819327133349489,0.059765900641081775,0.42811707868107174,0.21394454959722498,0.01491751454959371,0.0673911372372941,0.056472553036512114,0.036152107398555774
0.05951108442410064,0.06258528599636308,0.08612279002893868,0.5135887125532385,0.07916378418934418,0.06033497332355267,0.03198199978855972,0.025810584909637464,0.0809007847862651
0.06804738216968341,0.02487788232036896,0.052595290812992905,0.5276803104650188,0.08297728547173702,0.09735180342866372,0.028450083047171948,0.07894715923374672,0.03907280305061631
0.06908065589761168,0.022880733212524915,0.10328379297396538,0.5641985406420026,0.02826452282170631,0.0757898220041835,0.05503364796838225,0.06261996487795014,0.018848319601673175
0.5198684398517367,0.029840462202145198,0.077371855440334,0.11809309984179885,0.08463498282534881,0.02202092020876466,0.05071186101603043,0.05822248995332357,0.039235888660517755
0.532452746787548,0.034721520488544766,0.046822521393546666,0.09878199773530115,0.04998510671042894,0.039843385957116804,0.02727859387450852,0.1422450686964953,0.027869058356509904
0.13443412931027843,0.03145242524185248,0.1750419623084131,0.21731328906793326,0.11766665697535757,0.10080433519695765,0.17562923765099328,0.03786308557367087,0.00979487867454329
0.10302921203480002,0.015158438817282202,0.0629878454161787,0.589617618337992,0.023920595966075864,0.01733107754188311,0.13018779349106002,0.0406341210134299,0.017133297381298068
0.18695180105364684,0.022510456042676753,0.10873987616157603,0.1632307694615908,0.11596566399601176,0.05405419773331784,0.2373626978819842,0.04826582111345449,0.06291871655574124
0.12985152589878726,0.28018184016983944,0.02812063547414843,0.016241370547874077,0.2792625207113766,0.005380560807094161,0.034868172010007824,0.07433162342231094,0.15176175095856123
0.05566943247174277,0.0352493166220731,0.09097921862599863,0.31513430930171416,0.10507705952656293,0.14322487192973113,0.06449078608442906,0.1532336658932141,0.03694133954453411
0.09305072881827596,0.5726106090749091,0.04441908314576537,0.019541687544566238,0.0993684861541843,0.029065519203442136,0.0618005132707366,0.024467498870940213,0.05567587391718015
0.14105527797759967,0.03263675365405225,0.2675675818354158,0.3002208492057798,0.05779725075356778,0.054642639695521016,0.03718894644670362,0.05859686735930587,0.050293833072054255
0.11875303347002451,0.05703627349085194,0.11998076652040551,0.1758302341882715,0.08189346293040027,0.11592218917873875,0.08718581860808348,0.17287424978855778,0.07052397182466628
0.0823719773050268,0.024689771119706976,0.09152534482076076,0.4911209512265062,0.056891511910914294,0.03644556206416318,0.0619144472403406,0.09872679525050772,0.056313639062073456
0.07147153947432917,0.04696645982906658,0.07832244784244409,0.18663741821521637,0.06937125534431245,0.11094349905586749,0.011269212220248884,0.3681538015145182,0.056864366503996865
0.047267140891330724,0.028193019696268928,0.11412791487616576,0.17802265834353317,0.13977776314126844,0.16978913142034002,0.0815804179076083,0.10376835545363884,0.13747359826984573
0.09187092512564453,0.039387600943034146,0.05147963860173058,0.11740272291176189,0.03482129482873291,0.05589165044972629,0.040785649436842354,0.009966848869148682,0.5583936688333786
0.05810741865056388,0.06264560173198286,0.08076552214121717,0.42830961359972664,0.11357729784504449,0.11276503112412806,0.04087526116374713,0.05479055380912545,0.04816369993446425
0.08573931876211817,0.0326218113609946,0.20957962573125685,0.23169312410095025,0.06581262771744517,0.16326593111542237,0.0913734427870972,0.06704289196538703,0.05287122645932831
0.03737881171285843,0.06297741596615812,0.05462708184082513,0.3600196801089135,0.15818773341189074,0.03242535554140571,0.08157644532671858,0.17329627377535575,0.03951120231587398
0.03961959139670021,0.18091131560266493,0.11747594287558726,0.3258990106037308,0.19834226859940432,0.028247509015121203,0.030676576096369246,0.03500966658815019,0.043818119222271835
0.08741841214150133,0.12958239280547698,0.06203891317830693,0.07618256124256134,0.2702190669881723,0.12039248758773143,0.061723271613077835,0.1495605602451486,0.04288233419802335
0.03358537995955688,0.022991925590908655,0.17854076816191075,0.28897075061421246,0.06712767588380243,0.23297834101210876,0.01555013733810981,0.1309645969845518,0.029290424454838482
0.12711621927190891,0.033554412761590074,0.11150538468538905,0.13353392915247184,0.04961654352975307,0.22825348756861594,0.010260524195256313,0.2635263497916072,0.04263314904340759
0.0367166129078405,0.04783887558832104,0.09379837232322652,0.3852084337293693,0.12210525583254783,0.14773070644111852,0.029409672961201967,0.08919045436961008,0.048001615846764184
0.12831215196234144,0.027503817761298274,0.11026839462960496,0.3284408620982537,0.06526149141566213,0.06811423655310374,0.03642278880078826,0.20617334563286469,0.029502911146082833
0.1460083734223994,0.028141391654668974,0.4853942054203853,0.025468748262153812,0.02628367329742652,0.048695527674302276,0.030849503045593668,0.15247735550586813,0.056681221717201934
0.13082373092580973,0.012716212158086234,0.2585590082210323,0.2756969813718591,0.05081259761456449,0.09560773837324664,0.05181701146672657,0.10338145105621817,0.020585268812456852
0.03871871100710498,0.057816444596842174,0.04029714523546659,0.3786945675130638,0.03386978872818239,0.042115557664594495,0.0353825595370997,0.3186347000710444,0.05447052564660141
0.16100807917933727,0.07668609645584905,0.2155148474429495,0.10556406494347174,0.03175031460445854,0.06997145876407551,0.15988082876204637,0.11146593146941043,0.06815837837840161
0.1739539207723483,0.02232465220195733,0.08503776754675474,0.2247663382972016,0.0690485461210856,0.06393314435212219,0.08865764661768032,0.24647900770078188,0.025798976390068024
0.045047168481415246,0.040262388490633176,0.16481929260913908,0.05352192707598885,0.03942835360306702,0.06070740917085441,0.19092760435023104,0.3468104415942654,0.0584754146244058
0.037776297449643205,0.04127144619293938,0.046196902655953,0.21861546645723562,0.12021093654862218,0.09374011950813078,0.015322205642712547,0.3978872751016234,0.028979350443139762
0.6251868681903638,0.0435251631061409,0.20016703543989042,0.011823486220735493,0.010910126269405492,0.025955894928233598,0.025341253088490737,0.03872980395752353,0.01836036879921597
0.05561877164751209,0.026363969044169353,0.16271543160741536,0.07399754480014208,0.14904904993674206,0.1641417893170116,0.13186783409118305,0.18901964780482594,0.04722596175099849
0.02818700482249097,0.07575820485741279,0.09094219204344195,0.42544597546223556,0.14455364479520616,0.03898368884031222,0.09930986763444533,0.06688874816914075,0.029930673375314163
0.1497327594291066,0.029962155464253393,0.0977697805779365,0.22103109715416566,0.10479661172666643,0.09912558853432087,0.09333240452780822,0.1677801143515937,0.03646948823414855
0.1738326822980345,0.04537327355334509,0.11258906130531439,0.03960870240938687,0.02878527356131975,0.06141548095938395,0.23059980295751767,0.26038448613093895,0.04741123682475883
0.10932940754189686,0.05384579240233408,0.1021504532818528,0.08503131038509615,0.10605735890446581,0.14868080300136954,0.03134134494989522,0.1734405222774946,0.19012300725559497
0.07027182981501601,0.037888770044488394,0.052198115648426795,0.49854050255281557,0.0540121400326794,0.1650588435647985,0.027578898569208615,0.07127913735211357,0.02317176242045307
0.05793587563265903,0.06619382756943766,0.036629681353839684,0.09206510746031386,0.26637832744300277,0.03202003276871337,0.3267675665469366,0.06690105227799246,0.055108528947104586
0.10967039640583569,0.08076605271134112,0.05916797977116637,0.27256123505309154,0.18899310038982164,0.04353560401802023,0.04012267787190829,0.17221976078253565,0.03296319299627944
0.04566022367369634,0.049015894752903216,0.07118493378261725,0.3261169947570221,0.21499953215351889,0.02653775433772119,0.08768771308431243,0.10279919753690765,0.07599775592130091
0.07640957658785534,0.03572401322332445,0.1247592611801213,0.3084612872738364,0.03934913378671385,0.15893951617640317,0.04510394450214825,0.18701630066019737,0.024236966609399835
0.05280146668088906,0.03474744676488342,0.1462587284520865,0.1833801232534339,0.08974217730907459,0.25583405323987585,0.055997255391696664,0.12965601712399843,0.05158273178406165
0.09624245652493997,0.4743684213724955,0.03604925543731809,0.08264599654087351,0.07420389011656991,0.03043644139493412,0.03431610391800923,0.1442972611962758,0.027440173498583742
0.08560015133787363,0.06182693739273199,0.09561013139534498,0.05097515208403149,0.23618961800487437,0.023079221109559216,0.08253632047935992,0.33109175004936064,0.03309071814686385
0.1295549910741024,0.055921536716974946,0.2850422668899395,0.14340085640660152,0.09577378487090658,0.10816233157320426,0.027240965899332132,0.10410501609586886,0.05079825047306977
0.09361108607380127,0.03568536754679316,0.100050689385142,0.114042330252088,0.057373260765826446,0.3138695694991866,0.09435937034815439,0.12398998084018413,0.06701834528882399
0.0948184369179324,0.05627936169109665,0.20246003126451742,0.21525496965466698,0.07446179902501021,0.10725064088110219,0.043729192095618076,0.17200654635307608,0.03373902211697997
0.05889750938828389,0.03391495661289551,0.09332274494853249,0.22234965132479734,0.05918081748506638,0.04428386460101493,0.04039664257806452,0.4243131541369843,0.02334065892436057
0.15430957080169735,0.040743627485607996,0.041485725351057455,0.41527735362669893,0.06298505989497867,0.12923659440156807,0.057231816684304056,0.06823249286802602,0.030497758886061387
0.10568481363336628,0.026148221447764793,0.13353147209059374,0.29897634720630933,0.05585793646655964,0.07543121768846987,0.0279023500551822,0.2526858784500177,0.023781762961736497
0.03846760596475161,0.04151245055932312,0.06358004426225787,0.34881629362735955,0.25084921867784876,0.12176349194993692,0.06284722069135268,0.05312256466075626,0.019041109606413226
0.1167577297282514,0.03268631888584074,0.06811727442981381,0.05150375223113305,0.09782551380360438,0.04618958343852291,0.4154397431914367,0.15025476831663076,0.021225315974766346
0.10661776299795978,0.05073330600895908,0.06712070951708535,0.18127545432000325,0.1746340913876385,0.07858472691487084,0.09213922055957698,0.2286953002288913,0.020199428065014922
0.05448761804298193,0.018420929559817185,0.04011238172289466,0.4602998445704792,0.05190727551221402,0.08083292941846633,0.029500376781417453,0.24894159897595128,0.01549704541577799
0.025602519333041363,0.03937532379229399,0.0622213772252338,0.44860735360822873,0.04342583521624412,0.1395652130168098,0.012279499095610866,0.15050137119360607,0.07842150751893132
0.03710894459181319,0.027189113133924355,0.10061023093808648,0.3728706778754358,0.055412190454252275,0.09340329251301267,0.04821555995632793,0.23518171955188547,0.030008270985261848
0.061767631609503,0.04144617040592402,0.1290047236578614,0.273453299618817,0.23896736001621569,0.03253556259306082,0.03993302420579082,0.12153415985741167,0.061358068035415624
0.06738055511604667,0.039956998499154024,0.0541373036519072,0.14239396283711445,0.06179332450547618,0.24843422073460816,0.1712849428383326,0.12834869842851473,0.086269993388846
0.03773335061727651,0.2843183029322249,0.04429803873352873,0.20958726807709613,0.11371452801647863,0.0436239211032407,0.09808499443796659,0.05193523345860022,0.11670436262358763
0.19090821012986423,0.059454194611630345,0.10243067215959634,0.2902802724506505,0.13241636409724197,0.05993951995276666,0.07526113387522597,0.03300425076458149,0.056305381958442535
0.08751439677742921,0.03748547551306469,0.09441064309242357,0.33669138794330195,0.11761421966120329,0.19746462028341494,0.023939174600422594,0.07489525987719675,0.02998482225154303
0.04231458185150403,0.043703631620557924,0.06322117285907436,0.35542105771450755,0.09405623940294115,0.08042152555208808,0.0917136543333752,0.18045185810597628,0.04869627855997547
0.05807215459269072,0.4983086130240348,0.058460158585687705,0.010777095380631471,0.10606639768965126,0.058687004349447576,0.09804187617338751,0.08713953178172577,0.024447168422743155
0.032358592268494045,0.02768310159295548,0.0724164034156138,0.29733156583988407,0.15042702288366283,0.05148899122887999,0.07007213060763354,0.24474591158994108,0.05347628057293515
0.10991791238557298,0.07621430092300858,0.09983453924805578,0.23081836511059375,0.13988118980438996,0.13533247693278802,0.02101014712538042,0.1338890654684569,0.05310200300175369
0.08216515028838543,0.02646350371435277,0.1319475429202234,0.2308955120747508,0.08963792184527546,0.07106182681217695,0.04285287399009763,0.2945748688275291,0.03040079952720845
0.05079330157912279,0.08991818967346589,0.05444578125488097,0.18280078865754348,0.027712034325822588,0.18736941382024527,0.06825252905967681,0.27165429522772105,0.06705366640152113
0.0637298605353737,0.030251350983664743,0.09633181161358212,0.4277825744567217,0.05418566397034954,0.16360399799143407,0.013394645952997783,0.10518165876527813,0.04553843573059823
0.11358542505929951,0.05892388917006828,0.19508278079856212,0.184073966585084,0.16432848511466588,0.10633588470245492,0.028344948093338856,0.07999474360052307,0.06932987687600335
0.07771752550656658,0.062100071694289216,0.16868063428221516,0.12199722334286613,0.16148995270841648,0.08352435237315582,0.15678886674429102,0.12364464489932997,0.04405672844886959
0.05599383240877919,0.043151567288747694,0.030333073391533585,0.41204614048188537,0.0628226684420012,0.22575712868323247,0.05012694229130518,0.06410990232115303,0.05565874469136229
0.054514690745235295,0.032925735048621,0.08413689369443922,0.5225419869836186,0.014866328541686576,0.10045940089762771,0.044113744654796415,0.11917879903825035,0.027262420395724785
0.026427386703297,0.03843886848858977,0.030642051638886083,0.12311749950246043,0.07989472390577762,0.030772763028708627,0.35075485392812117,0.26087567869176165,0.05907617411239757
0.07230011853394512,0.05271658738242022,0.1071481373498272,0.08425822396342292,0.10384035392339863,0.11237204346567227,0.048795930952387156,0.0413661307896186,0.37720247363930787
0.22086751380960745,0.017866390314686544,0.07818862099989293,0.25195930179586407,0.03653491776134929,0.13812260473796395,0.0813847207922816,0.13086529264611294,0.044210637142241244
0.06411220100226571,0.03324885431032441,0.02386236605402774,0.1138180404990013,0.03532963803128759,0.12645941245835957,0.04075551063192676,0.019917801833925258,0.5424961751788816
0.05008983550177761,0.06177074522250137,0.13320884477655287,0.12204597326005363,0.1848121025510144,0.05420830619900835,0.046283544766354066,0.28749217054145065,0.06008847718128698
0.15888641200392925,0.05173446792962936,0.1428009180687367,0.3829179223626277,0.0508045968534468,0.08224963075744245,0.02603431605193571,0.061920752941586554,0.042650983030665585
0.11246139148820378,0.031533940394519185,0.07424915745508665,0.45064864564735085,0.07340215625892517,0.05661062605738595,0.05640921435123144,0.1085061967402623,0.03617867160703473
0.6471117153833357,0.020837021644310814,0.12997785267685877,0.01274082335880946,0.020038964981441035,0.018354664158683368,0.09095562226654043,0.030229530269366676,0.02975380526065378
0.036728004623476224,0.05449817238361434,0.05267387424123568,0.28794039764809204,0.1648320335913652,0.09232203691517606,0.02982868063934101,0.14352728981271,0.1376495101449895
0.05931605147888874,0.05202817376297695,0.08032129742961978,0.38871834714818826,0.08671648968262807,0.13714842995465634,0.03312466850335396,0.11315035485561864,0.0494761871840693
0.07988212228067788,0.016455210499437937,0.07679774231487166,0.4573963419929063,0.02950579024485095,0.1273163668541246,0.04255062013111344,0.12956744237668597,0.04052836330533145
0.08096291564200304,0.04596867062301282,0.07817791669761963,0.04510302928716894,0.11564283894156928,0.10601202916641267,0.05706713294295345,0.4138151717369843,0.057250294962275884
0.21679461544743048,0.05965315220120676,0.11712425315608577,0.10939890419789311,0.04044938981099875,0.04301465071435497,0.11591691558316945,0.24288801823095515,0.054760100657905604
0.043125140860557055,0.07013250627976145,0.025410282149983948,0.13165355688288588,0.4741423852703736,0.018197996018275046,0.02170136808985038,0.18979596596261247,0.02584079848570019
0.08987585495913442,0.033266386953336065,0.1369100057193965,0.34678549684048915,0.08762726885184262,0.14361919650805824,0.04401467176161692,0.08232229708972348,0.035578821316402505
0.12482465890760648,0.05789111044259273,0.16694128316446136,0.2906351952507175,0.03433224303684849,0.11762060432660604,0.08182150536632415,0.025347141989151976,0.10058625751569122
0.0671477074395009,0.03804710318024332,0.15065432438356066,0.3983974486653343,0.04332066497503739,0.029865188472271178,0.05425398057897309,0.17348546008154808,0.044828122223531164
0.04421449770442335,0.03681764103817444,0.08394776928050196,0.486943810515694,0.0644276654011072,0.17210541401402157,0.020250546269819807,0.04234289125152105,0.048949764524736566
0.2941613215394983,0.02792859385432664,0.13003607541771997,0.11809009197752736,0.07577886564835296,0.07969078286606923,0.20296469843193443,0.035217690543700914,0.0361318797208702
0.15866011744239614,0.03822412363449371,0.1514724244427769,0.12901300214458464,0.04202908785993049,0.2602006106059231,0.02729304458899559,0.04779472931940276,0.1453128599614967
0.036942208641316206,0.054997892896264056,0.05502923075063648,0.265152964139254,0.24693845646547877,0.0505357483409318,0.1380736185986179,0.09021921882138888,0.06211066134611195
0.6199148465541936,0.047514317619524155,0.10333356504362108,0.04698661134627347,0.03317069307232418,0.006291559955416563,0.046450532697383994,0.05806579854666044,0.03827207516460252
0.09429153836009019,0.036841425446694685,0.19434977185934177,0.04011615590061205,0.031002380476755898,0.0587862772760043,0.14431510282623136,0.3603995998199381,0.03989774803433161
0.04533282471962735,0.06737399465008605,0.029461813086459576,0.13136352038861301,0.599167993248795,0.009464522453506756,0.06384974403981934,0.03390124135726246,0.0200843460558304
0.10279254121222627,0.03106390567437377,0.20255124318022255,0.24678793772456883,0.06761468497590754,0.07801237844836763,0.059874385127613526,0.17909018479413893,0.03221273886258102
0.06525027440915628,0.022044223295757573,0.07432109694674134,0.236128227212039,0.06495172480954704,0.2421789504404721,0.021698746652152795,0.2214972804756885,0.051929475758445365
0.04086564841874466,0.06838457117589082,0.08928005277112304,0.3323274489937727,0.18402599530857597,0.06822409399847233,0.03789141957633798,0.11873330067878919,0.06026746907829336
0.08073329532785802,0.02841896496102189,0.06559950250358218,0.30601593414294875,0.04881511959439671,0.27756033468487923,0.0760625260213282,0.03252476377406482,0.08426955898992021
0.0504191563182619,0.0661314458546606,0.07540327424073508,0.18981953352569492,0.17409073732863625,0.08126911643246935,0.16009599287353393,0.16528165010922738,0.03748909331678057
0.509846597227157,0.04471222856301718,0.22367887960751495,0.0043459113677513156,0.0032483940224078294,0.09794698175163163,0.01951524726690422,0.055582891205573776,0.041122868988042086
0.0721447649136735,0.058862035866135025,0.09581132318413516,0.2828597159350686,0.09226724971441551,0.10944822062481196,0.054482946328401616,0.11333483033871528,0.12078891309464342
0.05828458166337543,0.05894550477629864,0.0581738651594402,0.24356308935599902,0.2754012824467898,0.051554553013106186,0.047302092213334944,0.1696897840207221,0.03708524735093362
0.029889602205099147,0.0226367350106526,0.06494662348841738,0.27249377483160114,0.09662451449576444,0.21443780983468094,0.02255208364776216,0.13044936311664865,0.1459694933693735
0.6751399181681196,0.053138493702457906,0.10433094820397885,0.007142789289551184,0.01343906820929071,0.021341290967450004,0.035030955123345885,0.03080720433840818,0.05962933199739775
0.09957809211668367,0.02828749955978486,0.03303291529679016,0.17957330711668443,0.44791119493768755,0.0607954296076342,0.08700968183916212,0.03573475929863062,0.028077120226942264
0.09626228672874092,0.07106749338793682,0.25487273144398537,0.1477546032451087,0.08703183601367727,0.1482715172438702,0.060433065935658024,0.063490758372571,0.07081570762845173
0.03480098266100492,0.03740803824069175,0.021091179417480826,0.021441785722379796,0.03541797227935037,0.1478857500722314,0.02852497770935647,0.10120606095775149,0.572223252939753
0.09957175484531362,0.030594834392170617,0.15127549656504458,0.19621325213336496,0.043932940326604934,0.2166227179952784,0.036822475126028126,0.10646161837562201,0.11850491024057269
0.0686810865814995,0.027742605805136156,0.08414128847048345,0.4801256677631716,0.050361114911836945,0.06486982458961948,0.024802800154994323,0.1308286542214401,0.06844695750181827
0.06401387793795593,0.02859225807797862,0.02123611245769405,0.11174032176421224,0.5356945694152234,0.008174070867813975,0.08796333864218402,0.12474866812861103,0.017836782708326674
0.03758294925732601,0.034669009525131134,0.04957311710914162,0.13080100688436908,0.20637202959620618,0.13988424765863497,0.17604772868091176,0.1450024561464579,0.08006745514182133
0.5124723993099005,0.01514721103529582,0.12872088627915587,0.053660675458052844,0.021620068786183746,0.034581244699981147,0.12785095665265664,0.08434822469457288,0.0215983330842005
0.06849092694503774,0.4665263203807751,0.04182904723299691,0.10162219909919439,0.09340998343113938,0.037848953249190166,0.01690134966031887,0.1434238853686148,0.029947334632732765
0.09893446908593605,0.0837680537714881,0.1671805220883754,0.18914159583528964,0.1943351990911301,0.07796231870278461,0.06833486499462033,0.05642802467966007,0.06391495175071575
0.045680806698890984,0.09206264292509725,0.06561386876240602,0.1076380111684273,0.17712197078857103,0.1645958146568665,0.02999751708043276,0.26468720688560227,0.05260216103370593
