0.041564294104694276,0.014349665885336751,0.19529857683836593,0.06365685927691861,0.2459580580547441,0.03595783828195083,0.2570100812975475,0.055927783949340136,0.09027684231110185
0.00915296905466003,0.19042672412303688,0.3979730095340832,0.028135822392556065,0.13856435404835435,0.049958337593314674,0.08232617493303877,0.07534512419539706,0.02811748412555891
0.11343941719019612,0.023344362185893763,0.09385060055453742,0.27433924524447356,0.1574880894114356,0.0423771960402325,0.05333301863557358,0.16952578194554277,0.07230228879211464
0.021583455616795116,0.028847519568360472,0.3449038120919708,0.005556919861358388,0.22953138555122687,0.07557228013104457,0.08042389568145451,0.12972415858994946,0.08385657290783986
0.02938854245902368,0.07353083954958119,0.2627515518459922,0.10083533619160827,0.0952959114801278,0.06523629197114485,0.26533832557634,0.0900606436021711,0.01756255732401087
0.018464622640637435,0.12190828849325581,0.4474503281250892,0.04511479043500322,0.11839036997680681,0.024189811248715443,0.1251685754082985,0.04994103095024754,0.049372182721946094
0.049170816214281265,0.08564032043054566,0.35445189306905484,0.08594686187965639,0.20963434159264704,0.0436260683504707,0.08744279969719747,0.039104528022317016,0.04498237074382958
0.02196650897588795,0.05348797417074497,0.14824888056879185,0.12281053162827282,0.4332553539350836,0.06512294608936943,0.04965208828828421,0.051379601692919864,0.05407611465064525
0.03409424353156327,0.2663933123054587,0.1447849329729832,0.07853370570419399,0.07756181221395303,0.08424339581330437,0.21923273823370917,0.04976577838021931,0.04539008084461494
0.11446895919933836,0.04820435141706073,0.0962429462927674,0.07609961661768398,0.2198861919746391,0.07107574747538546,0.14435788188515233,0.13377710369201748,0.09588720144595518
0.04067952936108251,0.056981398041135604,0.34229319375345296,0.010925446845702272,0.3079143446131655,0.0527560338640545,0.10689077733622761,0.05810846177842341,0.02345081440675569
0.05643114967913282,0.0837608527387461,0.19841143322710006,0.2111067188269152,0.27197929310497165,0.05799741015107302,0.03957281663536702,0.06427443091846508,0.016465894718229044
0.025384155367593187,0.17906368088589045,0.24172497874818374,0.0796095911560936,0.19216302615103886,0.01954156001480163,0.17689212442128166,0.07057506483707106,0.01504581841804583
0.17482562565812143,0.01729559203986178,0.2358995956105883,0.15603777299188265,0.2460853745730034,0.011722261443994283,0.051795254491757904,0.055191694751578944,0.051146828439211235
0.01522610715277639,0.027263721153623365,0.2550888496521666,0.3290439645338215,0.09171304800560892,0.04965190891019403,0.07992542577444083,0.11221326740393085,0.039873707413437535
0.08680557299006732,0.04089442031581864,0.1797876309716866,0.07632177682844661,0.1717398682141776,0.05134792197795918,0.1757940034855404,0.14978347419488544,0.06752533102141825
0.06108016855668221,0.05799988973843353,0.3187059204123556,0.07797707375936797,0.19551255660532837,0.0658431416132739,0.1123523741684251,0.04909686898175436,0.06143200616437891
0.08256699486193841,0.0056517417735577466,0.20600091651799432,0.011516703631030472,0.1862013289456529,0.04588185746583288,0.09003732319580038,0.1342316669923502,0.2379114666158427
0.02275276888272713,0.2607850227696699,0.08907108842351584,0.03158695688801979,0.045485631226151506,0.10263375466753384,0.1411172814835372,0.10027586170837612,0.2062916339504687
0.046575309572240216,0.027947543099594834,0.13627722552343713,0.0567007820548173,0.05405126998407656,0.25001772790297244,0.16088303374946478,0.1163549828842505,0.15119212522914624
0.1156022858914328,0.019943194305763842,0.09392455053887366,0.03546028724750233,0.1988867757820505,0.07235538672881447,0.04700252496105104,0.09823500644278964,0.3185899881017216
0.019724163120120815,0.035696929285887295,0.402362462199309,0.02062345729620968,0.16249101796487997,0.06756533874963766,0.1777031099826786,0.05769113563020652,0.056142385771070495
0.03693201484081159,0.2663855452653721,0.320168524313775,0.12605955044412334,0.06965260077798373,0.022843027111429933,0.03844848442477797,0.07497342718368134,0.044536825638044925
0.017289265936610204,0.03967347712840225,0.23636266569343764,0.05477478196267149,0.46617224052000106,0.07438071001567394,0.021463120228919,0.05427777034337019,0.03560596817091432
0.042647996837732384,0.22981166603055328,0.36121768915692654,0.010370339901443476,0.1633386678178055,0.020928936164127488,0.09915458981775616,0.034147851725601704,0.03838226254805338
0.05911188083855515,0.05031400061445591,0.4325246115767309,0.04941591208105891,0.07288703974993166,0.07060052629363738,0.09391943850312988,0.07819636478528057,0.09303022555721974
0.049687070010722756,0.04136524098020749,0.11823685047511345,0.1800516089330578,0.11532281740890332,0.07736489199212325,0.07293035427007144,0.1813163562327054,0.16372480969709505
0.05151765277073084,0.21236001343918412,0.10479091563901681,0.010183958037724455,0.06412578680758932,0.2640115013361128,0.0613364389487184,0.1636436228066842,0.06803011021423895
0.0133756974023758,0.025711776662493833,0.46854366220655,0.006904681570053559,0.15807155724186825,0.05824331762482898,0.15463459647728828,0.08858742820561105,0.025927282608930197
0.04257243875646799,0.04226736368970765,0.31079244504197495,0.09855478152461043,0.18412240824521878,0.052822788483622575,0.193836622380647,0.0363471893374583,0.038683962540292376
0.025139018538054465,0.08997535039360088,0.2093903047410973,0.02901819251569086,0.32457137318528506,0.08853683232374504,0.18652900311285162,0.035074261220549095,0.011765663969125734
0.040841735634918525,0.4291581104848239,0.21885344627754197,0.023357559105977144,0.08797194420071908,0.030095879294293148,0.10833241411572625,0.04635021269375073,0.015038698192249284
0.13012457725758828,0.05204591227535844,0.12083163207732216,0.12375020898389832,0.11484844774501025,0.15440594085464643,0.057189597314830844,0.1354154811893097,0.11138820230203557
0.11280109054205527,0.08143660596063808,0.34024606761359383,0.07134857896812434,0.020929697544161397,0.07130955467527335,0.08773261118517513,0.1523548822091878,0.0618409113017909
0.12287481883389517,0.0951464207005336,0.11398271145610524,0.06129494950413833,0.1614200791055135,0.037725347504934455,0.12366937745042957,0.10449062300520583,0.17939567243924434
0.0674774013781757,0.03991592189245315,0.22059340008409137,0.06964188574906233,0.04684542046412566,0.038549153515605956,0.06541594263356912,0.16148579091763723,0.2900750833652795
0.09979897696096689,0.02918539404539804,0.22575377710742647,0.07262774099641009,0.18924681109966698,0.030481393097256965,0.0981508860244858,0.16636331653500527,0.08839170413338353
0.03389680473019014,0.037200866010638475,0.21356890694578876,0.11767476255977888,0.12437829361967623,0.0889388792373037,0.12063488258327908,0.1975427876083664,0.06616381670497833
0.10272584369297481,0.1977358943287727,0.1985703281875478,0.09548556549293259,0.22067219117769324,0.05228253816598951,0.07397680171018058,0.036675641867781585,0.021875195376127237
0.015121112725652239,0.09355529603287199,0.07857091534377458,0.1727834061862159,0.054115214130476874,0.16836802951377705,0.023573194065983644,0.36513387036659967,0.028778961634647975
0.04074383324399725,0.007918135033058315,0.07992150901199982,0.19014940585259654,0.44817166901945454,0.0222301150800025,0.038143952209336425,0.1102156233039809,0.06250575724557376
0.13974001820490284,0.12934373334334465,0.1934553237700101,0.07328462986734523,0.08408369371094483,0.11863097206025479,0.06509434690743258,0.15791735991739592,0.03844992221836913
0.06908166569603973,0.036063778005337464,0.2843444339193311,0.05279842186532119,0.12496273929722061,0.025355371978757275,0.08921040173703725,0.033200800012924046,0.2849823874880313
0.1048807747250488,0.03985720803904776,0.06287987561884074,0.2346294104468183,0.15114632000824668,0.009959208017134928,0.1597168255339468,0.08260784130535008,0.1543225363055659
0.055000198089229346,0.11200748473286315,0.06309408642444582,0.010586855338027062,0.03891684988436226,0.2534901491474428,0.15165515464348153,0.30255841151721724,0.012690810222930777
0.021713738794795438,0.0314955554848521,0.2910845607184952,0.04969626889296259,0.35386291387512053,0.06458217550447642,0.09784630764454379,0.07154070235848024,0.01817777672627365
0.04642872084159069,0.04071754777392512,0.27924822889048107,0.015613390630504138,0.05131730801931853,0.050410507579588114,0.15327193190988433,0.10975551192313769,0.2532368524315704
0.10376576800087517,0.0706991561312149,0.3598688753144388,0.07721917687498679,0.15370709192234175,0.048132518712278916,0.12542166751120795,0.041758669809213576,0.01942707572344222
0.10201274695571326,0.0320691978733248,0.11120541424159404,0.03299768880016177,0.25859024107032846,0.05033880716497607,0.30248698824140124,0.07885197988000006,0.03144693577250022
0.020258084508208846,0.34872720911221866,0.06502010735212696,0.03831939489482985,0.36107032962280555,0.02117327897400605,0.057963596017609975,0.0569231291386299,0.030544870379564285
0.0052860887731139145,0.02026292699063682,0.07905285167744185,0.09898400167718242,0.5441890150737171,0.029360460085721147,0.0619161283610419,0.12196890324722774,0.03897962411391727
0.068627483013819,0.0301269849954267,0.3412129387407729,0.0672342612601843,0.2570957610679425,0.024625495042381425,0.07470530973585641,0.07399130724735775,0.0623804588962591
0.06100971693379909,0.5204903041784286,0.09347967577233847,0.0492902965516342,0.03073643443278713,0.025551062970741056,0.05729931203882482,0.07907530065688259,0.0830678964645641
0.5448115816723882,0.065625316689754,0.05872769429356822,0.0555663187439695,0.08961218896846655,0.024034528510587072,0.03747533386569495,0.07417681109511427,0.04997022616045726
0.061171741632445376,0.04329882671503476,0.2991104639070666,0.06774919109071613,0.13619275269100453,0.04742854377723537,0.13183291740915373,0.10158561185822838,0.11162995091911508
0.06643110909735568,0.2504717426239714,0.22293841952617613,0.09911634304007001,0.07110682625737018,0.030126829522201155,0.11987810272244903,0.0844195261589672,0.05551110105143908
0.06227599382738317,0.0960205047245124,0.2572220028432847,0.07099823594377228,0.16861549352903507,0.03854968444332902,0.08957300526330386,0.058217138917515183,0.15852794050786426
0.5257535878635492,0.1563947417928292,0.06876881174111756,0.019815578122155685,0.05849232820767722,0.05125895452146475,0.056355551307785856,0.054037263029870525,0.009123183413550128
0.016757904227873942,0.018925987070475787,0.25076021594029907,0.04454116770385443,0.30467321207835546,0.05733663120217314,0.16371963940026815,0.11557706239356606,0.02770817998313389
0.033789620986214325,0.38315926572844855,0.11100093089028157,0.0939182812685347,0.07014185315890507,0.029200163697707282,0.03713066271334127,0.21071673917952474,0.03094248237704245
0.029371269649678473,0.08920381004614641,0.08526117109596042,0.06708834310268529,0.06133291287049717,0.18741996754292214,0.05597926054231933,0.16065111111902372,0.26369215403076707
0.03738627599390123,0.02850161914811991,0.10003042415300545,0.014818733840235979,0.37307293700966904,0.07153793572142662,0.1581557941008602,0.1459597591566736,0.07053652087610807
0.04892457497215458,0.08272942684381618,0.3700702884839297,0.11671828449727502,0.0514138854824161,0.06882458566482047,0.14136341579382017,0.10458725516684808,0.015368283094919758
0.024711468689181726,0.03534250556711202,0.13213418247863176,0.011544476954415087,0.07653722758699534,0.5596984201530081,0.05506025894420422,0.0790973615878602,0.025874098038591618
0.03647905903394567,0.04949168732053672,0.058435363932576506,0.04838901235311575,0.061038537126087755,0.26417920056469507,0.057163386040714886,0.4051917393063103,0.019632014322017267
0.025485662448949148,0.05561048967898078,0.23325002498205039,0.17605769220942513,0.2113255509131278,0.0805226575174416,0.10676512130716713,0.05676590092671848,0.05421690001613964
0.027036837725553403,0.02434034167514641,0.06742345923537073,0.11334477206057114,0.5552955473459211,0.05982086870239106,0.07814251479893852,0.05115214106737553,0.023443517388732196
0.031946146470885464,0.02206779089779336,0.3802213633253499,0.02764646751897834,0.1179486993598659,0.11990612401563001,0.18638672701348669,0.07806766491171745,0.035809016486292894
0.024441087271702105,0.07450241048898132,0.1959143121331248,0.0337949634885214,0.20707800549937283,0.03138017426328993,0.24155246863294025,0.13884207521015576,0.052494503011911546
0.5498287940549714,0.03830839824395672,0.05576269304506881,0.01919140365945968,0.036352849042152864,0.02005084367155328,0.19095497129385675,0.02187866002234766,0.06767138696663282
0.0789517318884514,0.023674082150514017,0.07423279693544975,0.2334731730431143,0.03329863048678403,0.13640817224210053,0.10965582509832605,0.11484743743465076,0.19545815072060901
0.03806578862753272,0.04749545939269014,0.19866511973121637,0.08742161502109742,0.08960028509452518,0.09423350519981129,0.052771269048781454,0.342526979056569,0.049219978827776456
0.04907141668360592,0.05154952041130672,0.3756572015712169,0.04688499467784361,0.19065047596277698,0.04694765909116799,0.1751492665541078,0.05182675939417627,0.012262705653797732
0.02556844538241169,0.05018830683312797,0.11169157858135699,0.0202465998452409,0.11134540832591062,0.3507074271337163,0.11401796959122046,0.13719220243686678,0.07904206187014835
0.06625168469013905,0.3403347501653243,0.17919260136432424,0.08776749684053259,0.06695235178551827,0.035777384692115825,0.08099872357733214,0.06473835627243252,0.07798665061228117
0.08582337706879167,0.08929642149681576,0.13995873304202178,0.09913239551009974,0.24046941975731753,0.08213626474215376,0.13973534738071836,0.09321019219763504,0.03023784880444629
0.09682013122979738,0.043144930260935695,0.29990834574926,0.11974133998635927,0.12797083626969738,0.08036326794156144,0.09683584676100336,0.03657091438827189,0.09864438741311354
0.026412492264089833,0.016941223492411218,0.16357942269192385,0.0869497186387253,0.1765231901626774,0.07244444568433615,0.22347844038020068,0.11934953297280522,0.11432153371283033
0.017357369485535262,0.08350437597106908,0.242573012318915,0.03216160508886619,0.10915922664072257,0.13522601752215024,0.11051948925829096,0.2100239614699461,0.059474942244504676
0.04093838069484681,0.028633150745306136,0.09588177893915596,0.05845846101914395,0.4953174670658353,0.030095612686813638,0.09607065800629493,0.10606124300743736,0.04854324783516586
0.0638755764686741,0.0378895047996521,0.12036254817731522,0.2343827763586278,0.13534212851434366,0.037843056455712946,0.20086644836272827,0.08165962782313703,0.08777833303980888
0.05562334821042678,0.02015604949788135,0.036804134169296156,0.10944726860109126,0.0618734415077777,0.07695650494692087,0.04943110611669745,0.13416225830444883,0.45554588864545953
0.03702287757235257,0.03338754850849757,0.13496987988931522,0.0448450390253974,0.04230598663098881,0.16232654632018606,0.3088476836679967,0.1907476027345424,0.045546835650723184
0.04175030743576653,0.08013832435816641,0.09658580773660973,0.19250180703996037,0.1128273252907344,0.028941755726366064,0.20889756105367985,0.09300761390353379,0.14534949745518286
0.03451830622228513,0.018818757427551108,0.285428158341184,0.061098766038939496,0.2669428861869124,0.08755570855012278,0.08164214561080503,0.09195981933892598,0.07203545228327403
0.012530889760218322,0.011619068370733262,0.3392940321477469,0.011382412277668076,0.37302484687644966,0.10758368998887363,0.030323920590391726,0.051593377467438604,0.06264776252047992
0.03723153997410391,0.04474386431421343,0.4639781047902589,0.08769860648628912,0.12265263806643638,0.023741104732413133,0.10426234284659426,0.035909097607937576,0.07978270118175326
0.02685879611545457,0.004458837312621225,0.3022154280794532,0.01498466150073924,0.09330753440486102,0.14014447179489023,0.07421753239655439,0.09003126835268271,0.2537814700427434
0.04465902570342415,0.24181878972877868,0.1801583496894433,0.14021469531261185,0.05945849605841167,0.04083759593792446,0.09865461082445844,0.12951495842940544,0.06468347831554204
0.027502765161801113,0.045376743608836194,0.4003792166126572,0.09207211736882837,0.10880378292263888,0.04425622062846982,0.09135864822801835,0.09047411940639838,0.09977638606235163
0.061436475541609144,0.053666730455515156,0.1427178434172795,0.2135225397895609,0.31962387065970993,0.038339924376712006,0.09952974477378353,0.04658595332526205,0.024576917660567684
0.02586855139999744,0.019430389812972414,0.4219878838562658,0.12422662121308929,0.04348778618533006,0.0921371323905265,0.19801323974382432,0.053070291169284974,0.021778104228709266
0.06264535478078925,0.02254461213767126,0.20918956051699913,0.041740607481187054,0.2847449662066196,0.03359531858007165,0.12391871820778684,0.16540506227789228,0.05621579981098293
0.01941848733863307,0.45662988803950394,0.09723114132696853,0.07254447027408971,0.12371590316539836,0.015415555263018658,0.09880170230701113,0.06544748112871958,0.050795371156657006
0.05295353725059235,0.010744381386163382,0.2193317835314514,0.34599364262983,0.15335299630303156,0.033712811103393525,0.06505606949850984,0.06304165739268285,0.05581312090434506
0.038604964408452395,0.16093673765259217,0.2144251439113041,0.06919742356492518,0.22255854728357968,0.09320749102354063,0.06735817408687114,0.07525189062844306,0.058459627440291595
0.0766963117430301,0.03812919304607317,0.4047926286544379,0.07646448235650351,0.15650603684054157,0.029468485164291413,0.15602258851529893,0.028201855213813912,0.03371841846600948
0.03291558762590297,0.03299601996346175,0.229314599712627,0.03013606190822592,0.36189535392873773,0.03494066139298715,0.19819053428975264,0.040146642910124306,0.03946453826818053
0.033836688274408604,0.0621007617723409,0.09626623052165324,0.016248277729506024,0.11274040786306938,0.1704462557165115,0.24751663608019414,0.19387629817224727,0.06696844387006894
0.02825285216624852,0.045484283024813464,0.32242515734193306,0.03238692884529371,0.07518580511830335,0.07769006902893612,0.232451568509803,0.08720020106418873,0.09892313490048012
0.027369402378203622,0.013320022370272305,0.11465320575410631,0.021398066699075652,0.21338768557480925,0.24934756323882154,0.25230427663814664,0.08039972322945486,0.027820054117109718
0.05756551878651255,0.13829453720768264,0.2961757479145955,0.026027340327300547,0.07361029968672932,0.02624336729634903,0.2993208868298315,0.06305971848851472,0.019702583462484213
0.007166563998158325,0.033411584636404264,0.07946070600882822,0.1721323831114339,0.5274751987909665,0.013959959023727389,0.09572106252424999,0.028660852073975188,0.04201168983225633
0.03989423377670811,0.04308749434925032,0.23703894400583483,0.03661667214341716,0.1874436141093769,0.0518583280795862,0.2732697087116058,0.06749690079499841,0.0632941040292222
0.04397367019656525,0.041333370040001656,0.13436787078054702,0.0449587489218474,0.4766133126355074,0.053831269815868825,0.1164080837011723,0.05150981469715494,0.037003859211335095
0.029633855476650862,0.03571637945195407,0.13484763179075565,0.02059155436543227,0.16111554138164177,0.2460703292202825,0.12255926445379124,0.21618648492088718,0.0332789589386045
0.02753390738042021,0.020033697413192903,0.42796304422201437,0.11989696578411502,0.11881925101615463,0.06696642976967875,0.08736061798330673,0.07612865303717815,0.05529743339393923
0.03936594696560002,0.032826723517666606,0.21369319389968955,0.03176411089810876,0.14024388987129927,0.17704938776644238,0.2525731442238703,0.06456880233658124,0.04791480052074187
0.06532430251018544,0.11465984008626351,0.19322235684116829,0.11087410669019022,0.20588636307305652,0.02459210085051081,0.08817475684300986,0.07565214401844335,0.121614029087172
0.041726506651473205,0.013024722085174143,0.13011034924388612,0.02675174330360605,0.06165233391358393,0.2213358111151487,0.0881028729058499,0.09897792617871572,0.31831773460256224
0.07656187590916301,0.2498127867356192,0.0633875505917691,0.2746363088339672,0.11716746227506035,0.042632649641303734,0.02507270888196857,0.12378200039786846,0.02694665673328035
0.057547673331630356,0.05159808966941091,0.1377170923290771,0.09018926824152018,0.08650763531584538,0.16990308703340862,0.1930160562977791,0.060120855693845045,0.15340024208748324
0.01269544194704178,0.05801755795120178,0.27260430526915175,0.01699923542329859,0.32474340907683624,0.0615899394427768,0.06482165949137723,0.12972433715907206,0.05880411423924383
0.035166742104865055,0.27818697776467327,0.0795030947900623,0.06352958321034578,0.2437102538322733,0.08785356691662849,0.09528444226463652,0.054691881335476006,0.06207345778103926
0.10174673609493756,0.140487869914715,0.2592363425328992,0.0592781108906718,0.0942853689073565,0.04966902398612733,0.1992190781650148,0.04571706767554657,0.0503604018327313
0.0626507913058577,0.02398149646675211,0.20246343226430752,0.12972790792179598,0.19489831524438875,0.04439231160055909,0.09732076985834348,0.10487902519206055,0.1396859501459348
0.017103218253864433,0.010997322919314665,0.3518603126569931,0.014798715363761273,0.31810901089202337,0.05711294458560042,0.17018763454217725,0.0421306245766159,0.017700216209649587
0.008648580648769381,0.05470715179203226,0.307223882123211,0.02335705637274187,0.4097454546448904,0.0628411942065647,0.039299050201044135,0.08101245204717399,0.013165177963572422
0.00828784670637279,0.04031857173769165,0.328800200684205,0.008975386194258422,0.30827740033511786,0.030247407095550547,0.12380050147154366,0.1226340622783,0.02865862349696008
0.020861405873441614,0.10552264869790585,0.24693665369407358,0.015568461242753198,0.3961494778814636,0.03547006471459476,0.06363007938990019,0.05606117660747151,0.05980003189839561
0.017220391346653676,0.02503527880784956,0.45037989769304326,0.08947844538989314,0.09085998158320087,0.06663159922557292,0.07491708185186256,0.08894704254983028,0.09653028155209394
0.03309580651225277,0.04674208868374572,0.29816097253380097,0.11633205645455875,0.05873594110408766,0.09501505516277924,0.18587882796083652,0.07405222513869397,0.09198702644924439
0.036470213416879456,0.4181309969547811,0.12544187104317298,0.09667342304932329,0.06488000832184716,0.04609273720143847,0.12139315678625869,0.0652339295245263,0.025683663701772608
0.011784679215735267,0.011549866850291393,0.47641406761969235,0.02198530485530847,0.16075751399790517,0.09758609459485522,0.051074589087221095,0.08804521821660798,0.08080266556238312
0.016771487066757556,0.07206979158001357,0.28881427716909874,0.2527793968109944,0.18079773460406667,0.03933447866665939,0.026278387971720597,0.08222883130347847,0.04092561482721052
0.011031271494915547,0.011482616477034467,0.12038225760486503,0.0547222318857028,0.1803903620062688,0.13596542604334083,0.2880366361166742,0.15329947447315595,0.04468972389804247
0.04352443963051639,0.011638169454586081,0.37367808189376167,0.03225322618017686,0.31765020302859526,0.07218540171669455,0.032365877405689976,0.0645824169666221,0.05212218372335712
0.02864184657039522,0.1308639276742379,0.2900827369502155,0.03681652980495328,0.12443551898221661,0.1284617526316462,0.0762852777264229,0.10841676861901224,0.07599564104090008
0.013469227231366876,0.02923694905612298,0.3235281145362705,0.019786965692275078,0.3338348284292388,0.04360364823678713,0.13985369217537885,0.06318426989462732,0.033502304747932414
0.028972600221844277,0.10090613412019278,0.28547603471516764,0.028348043997720423,0.43405602609777194,0.021134135219057628,0.04477833012804977,0.026997877742436154,0.029330817757759375
0.046261267625501895,0.11278993599850284,0.10760087800013175,0.14526561465755347,0.10058120041137471,0.10962465998678257,0.15545721471830196,0.19289820747855202,0.029521021123298727
0.04251715274990305,0.04249528413346967,0.08253837167530866,0.04389260940733023,0.4999992720562389,0.03254196164157896,0.15649710936992842,0.06020622788790289,0.03931201107833924
0.024828638716176455,0.019995557468940165,0.31311113464034646,0.026718506418972738,0.023499698296682903,0.14753093713463167,0.31176660117002536,0.06421409550837213,0.0683348306458521
0.07427514764412214,0.01118248026082574,0.23131915336066186,0.029750596862358605,0.10088095800094575,0.0854247182445516,0.21977498631560324,0.11428678159859872,0.13310517771233224
0.024570087775589954,0.19616253457776436,0.2274256233608627,0.025604830815483925,0.2965158058207819,0.04123649822940284,0.1089054794862772,0.04915459542610928,0.03042454450772779
0.055784385286138126,0.059583342769060944,0.06325213851306867,0.08257876748064898,0.06678602596108783,0.08139723401253078,0.1457677606715245,0.334730162733957,0.1101201825719832
0.05368926123726572,0.08297012012907477,0.2013297087827219,0.021885525856313325,0.04473838614636538,0.07622613945103318,0.2119568873271724,0.20768791439318945,0.09951605667686382
0.03534273477059591,0.08549245335309129,0.15269580938844582,0.01704818394744734,0.024536819602689847,0.10571331479413944,0.2903901863713518,0.2492033185614357,0.039577179210802914
0.08032160784334302,0.27173026580241894,0.14927322322718464,0.062869393011906,0.2068952858204597,0.019035823022774363,0.141005959669699,0.05435090908063649,0.014517532521577727
0.04123725272762468,0.014459172414433378,0.1031095119948751,0.07823485560400123,0.5358845200897601,0.02392650936225472,0.09137952623507799,0.04899362591903004,0.06277502565294286
0.03905105054675692,0.01412799928912598,0.15488049050176103,0.07241983659066116,0.1038192475717441,0.2731369500693968,0.09768272583107107,0.21746756880359974,0.027414130795883188
0.032422811164719074,0.011359388849816396,0.39893838813997246,0.01101600242789059,0.1168711770494974,0.04986795090151907,0.2628072547001496,0.07394196583411121,0.042775060932324145
0.1001369802613679,0.13353647732454596,0.221171198973291,0.1031774164424004,0.06303922990969534,0.10804689809545263,0.07637966760630242,0.0759193243172966,0.11859280706964785
0.029932552756511948,0.004356902651756147,0.20597087734046582,0.14148140403226986,0.2627395495661507,0.07562850900674073,0.0846351172416873,0.12310330158024807,0.07215178582416941
0.01332244428985901,0.036430174736767997,0.29792682838461887,0.04814624544994683,0.10468981039618136,0.10198407320099893,0.22162747716270095,0.08793045132976025,0.08794249504916575
0.024317219676342722,0.010423517615120788,0.2309003811368601,0.24953527613777934,0.13852740739969827,0.025426411459034348,0.12000092135109904,0.12286401719592754,0.07800484802813783
0.032408318586297225,0.06965772372543629,0.34501314936866007,0.16045115854247582,0.21247656995234485,0.03740677974819173,0.08389227981824532,0.03463780551449373,0.02405621474385498
0.028588029335136256,0.039919869723230195,0.24427054477104126,0.07358737530676421,0.13654672871555093,0.10208547596056448,0.1484504802285206,0.10564205307368753,0.12090944288550454
0.01120255286752602,0.07899817950920329,0.2957531240822971,0.016467241209080687,0.047462078862703365,0.19898613050819045,0.2274066144958428,0.06347290060412236,0.06025117786103398
0.012817212950733951,0.006943784608784896,0.08346143818952974,0.016669404301430987,0.23353911508821504,0.08929636425901015,0.35767336728826876,0.05860782049608509,0.1409914928179414
0.01945322516299685,0.017123499816389377,0.17784724006260108,0.0697316533848002,0.47014782660673576,0.07219967551383712,0.06566394602309501,0.06937938899602138,0.03845354443352324
0.04058471084708783,0.08229577026350487,0.1656202128007005,0.1763892894476088,0.257764536738786,0.02690460472488469,0.08479557465353099,0.030233553028551585,0.13541174749534476
0.05475836364200884,0.022038438855260623,0.24887974922170017,0.05698337239242054,0.4606423602711356,0.05362787109328385,0.04370633689455621,0.040577850578106964,0.01878565705152723
0.025976686289562536,0.018551392645797523,0.3516401181438767,0.015720535197478912,0.18094744173926194,0.06883715494293514,0.1724401768327796,0.07668658697632792,0.08919990723197979
0.05505156175291753,0.03456181872459146,0.2121148965163114,0.20766850971074802,0.1268425306696964,0.05850588115157188,0.19555788761398896,0.07568884872770194,0.034008065132472426
0.06045720385991348,0.06928434612251434,0.489872194748229,0.03847723300053837,0.07824798325814028,0.06368809505165444,0.05048889496750359,0.1394824652111253,0.010001583780381162
0.050943694513826264,0.0750962703655284,0.22364236058736808,0.06592010026797314,0.08648798215573465,0.028526394645475277,0.19226568545613731,0.07917338481681589,0.197944127191141
0.006396998615892514,0.02303060475834613,0.19763945786302006,0.006245901202375735,0.2726049668027887,0.09664606799405312,0.2763563089145896,0.09109120736091592,0.029988486488018256
0.047449950670630126,0.04192812932700666,0.1825980517359571,0.09264724715289614,0.2731199656578211,0.019261558720049556,0.18437630633822055,0.10957178373703698,0.049047006660381726
0.0658925010996159,0.14631004196491396,0.3522525708712756,0.09429556747127373,0.09608158785269194,0.04214462892972095,0.09430756986618137,0.07213095120827862,0.036584580736047805
0.06085215442838343,0.10676415446682957,0.3299050108737129,0.007632355577837614,0.3589173436246291,0.04563674232114184,0.021191271297782005,0.05158275222962181,0.017518215180061792
0.1056708547125993,0.035218122180010976,0.26263357377135704,0.13798780730476534,0.14754168143420668,0.017783035988737397,0.20583633797896628,0.046032346002896886,0.04129624062646006
0.02094330145436421,0.0028440657953890734,0.022073435700541183,0.004615828775625376,0.09497472662127034,0.16080282857348813,0.05320935682760473,0.12166044815308918,0.5188760080986278
0.11252084668459338,0.14006934743462693,0.13947065027593267,0.025512826109752917,0.0325237564834206,0.041315158345221176,0.32341257945668805,0.040467109351951754,0.14470772585781255
0.27884054935355423,0.0397425389045922,0.0891570986355637,0.1962046066930664,0.1546448656972709,0.029324360070716055,0.05433848571684346,0.08912059681069533,0.06862689811769761
0.009633470998810824,0.19656810018471857,0.1372960685182139,0.020517703073710078,0.1207295665929562,0.24263815945918296,0.01718935945272054,0.24539596812242284,0.010031603597264061
0.09652789336160787,0.02079744544302641,0.18370703028769353,0.17746660142682535,0.02706970668202675,0.19119212162206836,0.08415653009609565,0.114261039005486,0.1048216320751701
0.027837452217805633,0.01781698944568981,0.09183067385423373,0.043694038403086465,0.5431474596131272,0.11616285273525752,0.04335994944258049,0.08514894727575058,0.03100163701246859
0.05277408688119998,0.003973980270920207,0.1934399086284604,0.09302547489847102,0.18073175653696186,0.08598194260021601,0.2552209964339586,0.08287858493973135,0.05197326881008064
0.03518391493724716,0.1289995442897154,0.1785111006392587,0.04821238247907476,0.16450159611732407,0.13206418873776343,0.03137170503266019,0.2684268267680188,0.012728740998937416
