0.27577319864763267,0.05112103354367808,0.06335963265897811,0.12386034917368156,0.12288764286799096,0.07261640990813174,0.11379539760829178,0.12771182363613062,0.048874511955484506
0.22883908368284214,0.07480243598665152,0.031027631815859255,0.20666410984247605,0.17845993407656313,0.03375175817803989,0.0851475390304175,0.1035984690631296,0.057709038324020905
0.07163042643739748,0.16818456593993572,0.10341489647484949,0.0603540561861331,0.2547551006792977,0.07610438509023314,0.1102353212702124,0.07607686999860423,0.07924437792333677
0.25548331907956623,0.054278541655026796,0.03956139608849266,0.15896557427155614,0.09681586792795822,0.07860976988809287,0.04122265658918748,0.02035418769229239,0.25470868680782727
0.21815050736820174,0.06482995783407476,0.30347604109651577,0.04576501807984187,0.10692863563138622,0.022933792191958114,0.15271070332944237,0.029335797368220933,0.05586954710035826
0.3635227795901739,0.026351295550032672,0.16150734792422908,0.1430508288051706,0.062247755292595665,0.01531715144374587,0.11443837763039312,0.057158994565506875,0.056405469198152126
0.18383532679532663,0.0787494548354591,0.1244978917740801,0.05866534239996165,0.06510012362402191,0.20304115047722307,0.11825556203569894,0.0678364047870878,0.1000187432711407
0.3431049393530208,0.038320585538554254,0.05709320553220656,0.17970415218105873,0.13082424633125442,0.01475430243286377,0.16440428023134612,0.029799724436517367,0.041994563963178
0.4763011280228391,0.05443669744507362,0.0919730525238515,0.08006772108620223,0.13268727682442527,0.024739846597700715,0.08091546629668216,0.027494098388323007,0.03138471281490238
0.04771598595711846,0.1179705851318927,0.18781712541860784,0.20696432816045648,0.0720926357117486,0.1846131827001287,0.05618839652433146,0.03727208443706569,0.0893656759586501
0.3423942452845478,0.05029171991225787,0.03023335223221918,0.05322684369739369,0.09612965342466419,0.027921446431216686,0.3104515700017599,0.02359794723332173,0.06575322178261896
0.5102600248373811,0.06066787999816766,0.10642906854455143,0.09071050664229714,0.06606675476344645,0.016996208430839967,0.03204798028751799,0.07742220245521207,0.039399374040586195
0.08593769069173755,0.05496903328976766,0.17815591269608408,0.11020246227159913,0.15635411077492872,0.08067282378159067,0.24133295296497628,0.05222018826699026,0.04015482526232571
0.012317183615625699,0.3388275063870632,0.06884458631028612,0.02735408269305514,0.05315269404658094,0.15245723476498077,0.03648693318816301,0.22806579872270635,0.08249398027153876
0.1946816084885035,0.05412091651153932,0.05804193051136123,0.09290309222529965,0.12009139268897052,0.011146952387057646,0.07907256180825145,0.34599806124276383,0.04394348413625273
0.06728131673913441,0.35988043175851625,0.026601945244728115,0.026373134051308644,0.09711191498849638,0.2700603448873056,0.07650546039073752,0.027546594855147228,0.048638857084625925
0.27853917411611107,0.22545785518095154,0.023375596083325997,0.052369143480551855,0.15683501332164498,0.027333528312735653,0.025405894415492555,0.13185393200767828,0.07882986308150808
0.05685660763471717,0.159601587038124,0.06900785685145143,0.027106193977065235,0.12823127061628606,0.06635088420137918,0.4161058552732085,0.02243925012472249,0.0543004942830459
0.13085422111074993,0.09757208314836867,0.024215470931152564,0.19875637511465638,0.08701756725112521,0.052972718226556616,0.0972695818689366,0.03182208108277646,0.2795199012656775
0.36957828661708997,0.25015788956418467,0.056137184661967376,0.05774109848306783,0.0419095943401196,0.013543038759737891,0.052297886071659805,0.12363941145780322,0.03499561004436962
0.15416415331187047,0.05621598364956768,0.04163196780049089,0.20917900799782238,0.054337236597899775,0.006997722126999328,0.3949298032068911,0.06406646244634434,0.018477662862114014
0.21904252172822472,0.1389928920998213,0.08636647349650657,0.15197506015235535,0.09007994545981689,0.041433881607498106,0.02421240446476011,0.19167164183794394,0.056225179153073006
0.36617558469640704,0.06274186540944125,0.06161708799437649,0.16726970614996683,0.059527596592417464,0.05442196762756791,0.07424225622804961,0.10227893720515464,0.0517249980966188
0.0753032543996403,0.03116003804823256,0.08606264708275062,0.10270911351428232,0.09242910234651458,0.024523051872861617,0.2632855446244897,0.2967628336460382,0.02776441446519
0.553768111699198,0.062255840524506036,0.05208660047953826,0.1150609545278257,0.03023461408141175,0.031092702702522654,0.03573599337215791,0.06575101078534822,0.05401417182749132
0.6210452404082539,0.035440567815293124,0.04538452639827109,0.08935464693791906,0.046628835616617216,0.017816840373980933,0.0762341330349598,0.017578998626288683,0.050516210788416206
0.16036894095248141,0.07806546937463298,0.15776711602897703,0.27498949354167695,0.06264279669259233,0.027809548010734226,0.05701229869286136,0.06194027680853518,0.11940405989750867
0.0797745605867662,0.09202174406092493,0.09046045989093236,0.03899446630434681,0.050558741887250645,0.4329692874266689,0.12281778481841991,0.026292857928609314,0.06611009709608091
0.40179479939197105,0.09891889354203943,0.08207086022330289,0.10342274409842649,0.03925653729300441,0.0238178887766206,0.17431764630777272,0.037159141082803764,0.03924148928405862
0.2378998541682887,0.07027220255646367,0.07444256345703389,0.14146284408329476,0.18234410115604063,0.05583232212299466,0.028072331810433903,0.12075190524968095,0.08892187539576883
0.27573031841492285,0.09386742831000001,0.0662482986737405,0.1582477211606021,0.10342611459170264,0.016183708364518757,0.020247263318827816,0.18702065840340695,0.07902848876227837
0.20630356235761327,0.08048005625262165,0.08310332867617906,0.0711902748611134,0.13069170541074562,0.04372299146077696,0.06127292123927308,0.2763671436591621,0.046868016082514834
0.1379084808283856,0.15183887750615413,0.2605558951557559,0.03150488433170102,0.19137626344534475,0.10102042143165581,0.06494151221677492,0.022680863382896533,0.03817280170133131
0.25889156641809485,0.056887045560631705,0.12277123864540747,0.07875719218073092,0.2272094432967687,0.010457264591263485,0.14872207547628083,0.06869003800413016,0.027614135826691765
0.10487896738501919,0.1590916411394631,0.1232494787377016,0.05002914769775132,0.15697728859456037,0.10462208606347138,0.1978916905876523,0.028686812290216246,0.07457288750416448
0.48116360507836514,0.031419138333992444,0.061118749554585856,0.09872709249841899,0.09933102805829913,0.009266966318610256,0.07579677019536422,0.09518550410302812,0.04799114585933579
0.4558546011672117,0.0212144408804049,0.05735173053847781,0.05331607778664488,0.15839873774493696,0.014870488745130084,0.16531246633728028,0.021376518176839165,0.05230493862307412
0.5165937706338445,0.03979947020847648,0.09278482269801014,0.106239195184291,0.022347924837499047,0.05221412334188896,0.06945020030019455,0.035605084156751336,0.06496540863904406
0.20337006350818654,0.07936445225237626,0.08111589092616071,0.04611621390134957,0.06628886846740968,0.1245740034611576,0.26716340065956506,0.04727163606938815,0.08473547075440639
0.14452900242487143,0.08353629792683111,0.05679674544032919,0.4020949362857082,0.08412756432026497,0.016682092198741148,0.05625494114308203,0.06196242048259206,0.09401599977757995
0.13145777056939564,0.11771125239120683,0.0569146182207395,0.22434336443122685,0.10311007430680459,0.05144567694905272,0.05579116726484967,0.11669479762540431,0.14253127824131986
0.4994256195996088,0.03586590667358665,0.03158961003420589,0.14992378400486062,0.05357264686690419,0.011173397870069476,0.1553451659187988,0.03230850988285965,0.030795359149106
0.13586423050776075,0.04063155604605476,0.08303384991046178,0.10482112504841763,0.09144856710502147,0.06854081331033064,0.3178314586513207,0.10982223140593349,0.0480061680146989
0.09157732360726169,0.1991219515973431,0.020659402237875903,0.12015162685231302,0.20636049961410693,0.036198712842236885,0.051395275956752216,0.1971131124755502,0.07742209481656014
0.042220486137579595,0.24213874974088578,0.15214772923160705,0.09978995378209558,0.14897220022199065,0.116876205664394,0.09022970674748454,0.06013999556125347,0.04748497291270929
0.15392095883380524,0.11013403259301442,0.1621631879078244,0.15726435733622215,0.14363678340537828,0.03077480229280689,0.04828408558877654,0.08488672324841685,0.10893506879375521
0.16997396833456224,0.11998255073947066,0.15096513970614722,0.037347981326279193,0.07238315181391312,0.124410833566744,0.16881638921725972,0.1049050327575544,0.0512149525380694
0.2818704642702249,0.12430947110509144,0.06231857296740517,0.14458760505296372,0.20880288793265253,0.014718863520035383,0.021366667017340215,0.04914115935494576,0.09288430877934084
0.1462491341825419,0.18620916501567483,0.11905692200648077,0.06709306009999012,0.09843449148917134,0.06253210486105393,0.0825174171171995,0.07640555280890383,0.16150215241898386
0.2324043746229841,0.0883475465733272,0.05733829903147642,0.13301267440305517,0.11981175141078032,0.07981535766374845,0.04138729614023522,0.08494712176476456,0.16293557838962858
0.21575472383536853,0.10751724256007637,0.14757401269927245,0.0782044414099667,0.1209491187767789,0.1363869082417509,0.06846420503597195,0.05872942475926766,0.06641992268154649
0.13359818131957923,0.03945507395058593,0.17547883539073486,0.03204353780922597,0.2134532005543209,0.0912243817912487,0.17254209078012464,0.07478567848926015,0.06741901991491957
0.084893061701015,0.0857903286324304,0.13679562140044912,0.16789562019197748,0.19119852173686547,0.09738752508883969,0.059900980492251586,0.06736173578854798,0.10877660496762327
0.07574807159380993,0.09086402989959892,0.17827737611321479,0.018240292810582894,0.10134814326403029,0.19125430636871868,0.21850499295676198,0.09163617956016462,0.03412660743311795
0.4373768358655041,0.0455702342023725,0.08139056586087816,0.17510322389660002,0.08024822429374177,0.03082797027669612,0.07602255082039776,0.027759735247438664,0.0457006595363709
0.5623870208025772,0.03579614264813258,0.08376744799332869,0.052648830346121035,0.049623562256766306,0.04863374782860843,0.10016676486618692,0.01277792265170826,0.05419856060657052
0.3142864571883158,0.12301781626328588,0.02583984692244566,0.22192700846971838,0.10483156562163126,0.05606914020615309,0.05738935382558652,0.03623851771008031,0.060400293792783076
0.13547725531237756,0.1513799400208653,0.06893529096535052,0.13231741902670083,0.18621098584566464,0.026832881950740795,0.11805296020036286,0.01823571035919826,0.16255755631873933
0.2849122453018704,0.05484268183475332,0.13946013219235723,0.22658209024513454,0.07195019479592447,0.06855209520584572,0.06767194811691986,0.022719397255021607,0.06330921505217274
0.36388987203453266,0.06595463482495764,0.07769816268765917,0.18254242247489114,0.08917212657579464,0.032531939740448095,0.0950807128486977,0.03463338138368719,0.05849674742933179
0.07238858255624682,0.28323449549686464,0.12393683876547022,0.020338593633608317,0.16725155580668138,0.014624814803439376,0.015572498130020146,0.2434920213971048,0.059160599410564264
0.11531375918083366,0.14828317453838058,0.33121550691084556,0.1148556588604381,0.08378282746832756,0.026220531184513455,0.06056019533211176,0.058241883440398844,0.06152646308415042
0.12938857633028697,0.05763913730993848,0.1234447091221537,0.11201925778978976,0.0684443524339357,0.16822595973195265,0.13233434999574334,0.02891073243582414,0.17959292485037537
0.050506335409699066,0.17161085010796662,0.20568336572393645,0.053884359288898766,0.18166295359888793,0.1315097910072326,0.08993332792440661,0.053428145676273714,0.06178087126269822
0.53926866403599,0.05353131246926324,0.06804906481075815,0.13283612746461046,0.03169076469852181,0.052156304377912806,0.064914169575194,0.02829779026873022,0.029255802299019185
0.08058590742496038,0.08605791607168421,0.2509814713017319,0.15500374139020748,0.09995518732781251,0.019713136625209866,0.1169831601372965,0.038176195507188974,0.15254328421390814
0.4610031244736441,0.045229355688106675,0.057634369928862665,0.058062686362922576,0.1372581425553365,0.04925689671932799,0.060274013987151154,0.08551828282114056,0.04576312746350778
0.0691543067802471,0.12237179750049822,0.2539708773634666,0.043586341715353284,0.06611843239533317,0.026688986976893803,0.26216419773523997,0.1203885161873155,0.035556543345652454
0.3573420674005612,0.07181064402911205,0.17656605877118162,0.06024844408583035,0.0801615989703927,0.07679233671976661,0.048190050150178,0.06225711588361802,0.06663168398935952
0.0877208904600012,0.5050315426518517,0.05361567725056656,0.038265549585154164,0.051049001713805414,0.060904264012365594,0.033895869670035134,0.10833205595878144,0.06118514869743887
0.18641380138255556,0.11453267016261044,0.11933907013983286,0.13538801818707535,0.09987366568057511,0.06521811169270404,0.0774698958549043,0.09671347894984321,0.10505128794989917
0.26287243594909954,0.15003601048671983,0.12157457537760286,0.056758369317516315,0.050213698280245134,0.031045895527309474,0.1917981914128908,0.07314626505535725,0.06255455859325877
0.3674074577927147,0.0674631781814304,0.1489861184643748,0.07584748206699297,0.1131415584554513,0.016166482281486115,0.029545217559926354,0.11595440110488482,0.06548810409273863
0.4389012858994321,0.06453781620828786,0.09211558546639416,0.07586537371552882,0.08037592906087902,0.029254204616832313,0.13022713301137492,0.028658242404304896,0.060064429616965904
0.13111490112107135,0.12727438917919703,0.15635534367149684,0.033969384461166374,0.2263331630484734,0.05717046083948218,0.03504698827528946,0.2025272349817828,0.03020813442204061
0.22055672142434646,0.06975772983745547,0.07563476455474978,0.11433448785446447,0.15631107080288867,0.025358044222970607,0.19520572294056474,0.0671474319030924,0.07569402645946734
0.4652288966631968,0.057970107138959594,0.14210054054156016,0.04025589066650965,0.07201782226750035,0.014349760697458898,0.09113132120577133,0.05450147027428015,0.06244419054476311
0.12167829344666707,0.11696970825043974,0.17200990169381422,0.04819060530520098,0.19663606654103624,0.06864636015548865,0.04335387968803565,0.15416434258676298,0.07835084233255446
0.2513651060624247,0.08959550507594181,0.08372528448112337,0.11907653057078793,0.17357928944233092,0.02605727219890754,0.11142215831197022,0.10343261204455599,0.04174624181195752
0.4176098758967289,0.07369284565880892,0.07046003688819681,0.1160686495275024,0.03869971640798879,0.04479482995749351,0.16719548036503898,0.02776007704825198,0.043718488249989716
0.09071439300585887,0.06312681716461645,0.051664585511069144,0.4302407815062766,0.13081045783049008,0.08239055221477387,0.03285811982002193,0.06152528987580506,0.05666900307108801
0.5708252645035388,0.05162469843127548,0.06127208723455488,0.12122148415884591,0.045811322884850514,0.015585927768515867,0.06611990404939437,0.013585546728797184,0.05395376424022711
0.5246000757094699,0.06888276465893722,0.0794776617903662,0.10809710470903777,0.04507579477155966,0.014082131677541168,0.06621702347543895,0.017848826031074457,0.0757186171765747
0.3451092271737693,0.05771549578616169,0.09992416627370171,0.12136899084523971,0.0711994313949624,0.10466788031326109,0.10666227423525003,0.030070012538085545,0.06328252143956857
0.030508563462919847,0.08219899974503198,0.12264061237111429,0.024656322143546797,0.1909301100890853,0.23207702278360684,0.2229817178564059,0.04384247324819993,0.05016417830008909
0.07999712587690294,0.16594041808519958,0.11400161119953278,0.08188356232162608,0.24045258183973986,0.06594751516632245,0.15007011499027217,0.04107271838144128,0.06063435213896284
0.09614967776285732,0.09602313995530282,0.14835797629089373,0.03950948708054668,0.09029807787259925,0.2984004152268009,0.11846333815353938,0.040723686459057676,0.0720742011984023
0.08842992946756051,0.1544213057708448,0.06838707166438864,0.03878648582797936,0.11747166574963468,0.29607690723349583,0.09715622680900309,0.0762867378840625,0.06298366959303066
0.2849421457654809,0.06270815512588528,0.178293187622768,0.12063556183960233,0.035501955021871125,0.10363869548001718,0.1073180230612333,0.041015278919470016,0.06594699716367187
0.22959053863882314,0.07820324090839148,0.08264836477799503,0.06032041030714155,0.1374469685613456,0.05044260002738974,0.08398147391849427,0.09199551000488687,0.1853708928555322
0.23733153891858913,0.07098491809397552,0.1620237363475284,0.07826344609031038,0.11143899363575509,0.033423607301212806,0.049711205473425335,0.04459074079803785,0.2122318133411655
0.0741905238316469,0.07141908519742284,0.18970609522280193,0.04113253410097068,0.12114526905675276,0.02710681395962151,0.3000112753980409,0.1314706615120364,0.043817741720706016
0.23174663746534055,0.08794237314820114,0.13103450300743277,0.0968034024898704,0.19974044494034718,0.024494947829844117,0.05357265545406937,0.07723426107575806,0.09743077458913639
0.3355186748232364,0.09965411494093028,0.05940913734505815,0.09981468649431406,0.163849635004116,0.03913817667243455,0.05226998708414348,0.04320799708972151,0.10713759054604567
0.39427266067039574,0.10925321932772036,0.02479310600034872,0.14467730425816808,0.07803343842956274,0.017506204030993927,0.07133582339710276,0.08168987602998734,0.07843836785572039
0.1371784297025621,0.16048398248769977,0.10920088430465481,0.12409028322146143,0.09973146510670072,0.09779549877969557,0.06620548244504186,0.09464944106010152,0.11066453289208218
0.04929657248866692,0.1337979945923847,0.29135579530786887,0.03348487425527181,0.14957304864124774,0.16676168797678012,0.0336681750875849,0.08922483551368898,0.05283701613650602
0.2502338176889283,0.11797114527308467,0.09107365500655314,0.11864075672964518,0.16117746282049866,0.018597739188138437,0.051377267575046535,0.1009743267545921,0.08995382896351295
0.27535516080151706,0.10119697803104166,0.10899053847702195,0.07397331915173909,0.17191212952765125,0.030052369340307767,0.09315252072016976,0.06835615757146565,0.07701082637908577
0.034247575729716824,0.18513382518654276,0.12911544709720696,0.043396391835993677,0.3256255623742966,0.14765385874301737,0.04125351829499404,0.04359157728074487,0.04998224345748694
0.1996418730859529,0.07761468271333409,0.08829116410623157,0.10901420729581757,0.10470640032979665,0.11717497045796055,0.07789064909357328,0.15676561203307182,0.06890044088426155
0.4650552285322785,0.1449785037852617,0.0332971425979515,0.056504172747454645,0.10461637148034604,0.03601006148037319,0.03347853643345473,0.048597761524029996,0.07746222141884963
0.4316852949768685,0.04013733746230802,0.07951849779674662,0.09538804388997268,0.03779761501104717,0.07456099650902,0.15450542693881802,0.038064407069815676,0.04834238034540326
0.2547100025661135,0.09212456208823143,0.040680127178024876,0.15623806228563053,0.15710470148344843,0.02959456147422183,0.07865834325255583,0.13840598651873612,0.05248365315303747
0.14513631926713394,0.033436507779424626,0.054661086481023524,0.09647512102739329,0.358133241308559,0.04447138716105795,0.16434697238800375,0.07596563631997345,0.027373728267430397
0.236635455263596,0.14590669745679455,0.027978392613830016,0.13731711942956806,0.16389414671058808,0.05543776209686655,0.02725495486908137,0.08593621034770042,0.11963926121197489
0.017967803557512093,0.2592664982327606,0.21500262418632268,0.046391242640179915,0.20777530733951707,0.04957417972564418,0.07960919910149437,0.07784561918435602,0.04656752603221304
0.1638378315060314,0.0428681879008802,0.1529098697364957,0.2584335556467727,0.03362726374994609,0.1664078045944258,0.09655320620775136,0.034245504374358034,0.05111677628333877
0.048321211989305425,0.12530964460838154,0.10587914472864207,0.03465449595580011,0.1810219114742666,0.11356682420221943,0.1613015546033476,0.03435486945253182,0.19559034298550548
0.38760696089071467,0.04453552622462967,0.10674962020007417,0.1896775623677821,0.05918866511096086,0.030995127158676444,0.10811862213086898,0.043713807648909975,0.029414108267383148
0.3186296015554839,0.08507878045296902,0.09881699909646785,0.08889076024893361,0.12862642115635725,0.03466265048843157,0.06588784315729593,0.07626540424326471,0.10314153960079621
0.2947900561353188,0.04866516573674798,0.0739345335458753,0.060750660709032546,0.07304737972888976,0.023896128286905887,0.2565346541922802,0.1096581173917411,0.05872330427320843
0.049227470846006115,0.08690288278837095,0.0760513401835473,0.0628762627576175,0.06640759941481615,0.23273419737267323,0.36886945004818034,0.02627601274427296,0.030654783844515355
0.10420795841589202,0.1112194373866382,0.10870986316688643,0.02695456742279727,0.2066946539402772,0.15705970704498357,0.15858910994679112,0.0747748236138267,0.0517898790619074
0.3788897022450149,0.06542523969305415,0.05968755576899595,0.046436492784729,0.0732463050042176,0.1756837288437044,0.0664140216358821,0.06471914401400518,0.06949781001039675
0.28471478541349493,0.0633625305041924,0.06923030084955452,0.16247309753569095,0.19949801453532887,0.02461131130269222,0.03696055637170494,0.06627803587511834,0.09287136761222291
0.20978228970992865,0.14894960747670363,0.1550754216034166,0.03538286437117346,0.06666331257971289,0.14883130672460548,0.08393388051325727,0.04568871887216918,0.1056925981490328
0.3541839942188427,0.06758246704800937,0.08399903145683528,0.06826436313989839,0.14808919705363047,0.03357465831278157,0.1456277305846355,0.03163035961947384,0.0670481985658929
0.05892456786019718,0.22775810253616688,0.08691893027323983,0.0353302214774071,0.33960886243843325,0.07682336123652729,0.025457001324659594,0.0840792927947136,0.06509966005865529
0.04954901848165904,0.17643213439071156,0.12089902750747415,0.11138013457707878,0.10207565693249894,0.08743168215434209,0.02572975045416871,0.22858555643877962,0.09791703906328712
0.11923563982984225,0.0987591712794717,0.1698559282348007,0.01873636604444654,0.29502840577829376,0.13518013412440025,0.05572514612416749,0.05040306066428279,0.05707614792029455
0.41382273874849024,0.06562746351842455,0.04598094744785337,0.06670247291219322,0.06443769457368631,0.04792567871026787,0.16411810328269166,0.09125247895464743,0.04013242185174538
0.23681841574476073,0.08643756981786162,0.14168030940232682,0.10185941885415802,0.08550111115053571,0.05456049848381487,0.18383215062868818,0.023546317710727602,0.08576420820712649
0.11512857735025173,0.1460585837094097,0.1482011336457444,0.0484258945701971,0.060848407607649285,0.19935525665147535,0.18503800064003892,0.0250261537675748,0.07191799205765874
0.3459141539541866,0.02820681365957177,0.16807086120755607,0.04397905015536064,0.08818939382964781,0.059639077657029305,0.19137906011985498,0.006801176492325878,0.06782041292446689
0.19293902817554373,0.1010410196484952,0.10849914788195614,0.10987267554804887,0.07201194839660825,0.09485220479974021,0.03180103339053106,0.040886688441350426,0.24809625371772615
0.05197215247227529,0.3239006338030113,0.11801522743686249,0.06410960596561531,0.17896364031809078,0.07625138494809255,0.04941726203550334,0.047131201654296274,0.09023889136625263
0.20628533987408784,0.12545431149255903,0.0945467634765431,0.03623070518796468,0.1603548285706032,0.16463197616843764,0.035951491143933256,0.13196447718296409,0.04458010690290715
0.051985984031919084,0.12185348887310182,0.19056791069907672,0.09491735753595269,0.16895315671166167,0.07286559150483872,0.030340040213027792,0.039692845086063896,0.2288236253443576
0.3960762943154468,0.05044508022341324,0.12358416687716993,0.09441349086322985,0.011477592618107687,0.05017366505914891,0.22123691633054351,0.014892359086841236,0.03770043462609892
0.12878179190481584,0.0610932831004079,0.18135603169840342,0.06844957018043275,0.10164756456506352,0.32524059862097326,0.05489298385117239,0.03294951861298805,0.045588657465742866
0.07832328464717424,0.1184561834783765,0.038323021813396474,0.11372916701468021,0.06392696082971841,0.2653792995821752,0.13946810054305434,0.1443475958060617,0.03804638628536289
0.24322209584815288,0.06608348686087673,0.05486085163920146,0.10586901657227092,0.13929098764565948,0.034031653959002366,0.17675163062844598,0.13560969758728886,0.04428057925910126
0.06863845299982081,0.12127121976912018,0.2507552255287166,0.05462280811564613,0.12148998382131837,0.09206903592127458,0.13474424234838264,0.04269932703739734,0.11370970445832329
0.20708750955290692,0.07682728077826678,0.04916721962612444,0.18073032886866336,0.12677545799947174,0.08605027896309629,0.13798151558216376,0.0644342703676105,0.07094613826169623
0.17057322723140156,0.0723799129252824,0.04362913929963105,0.10980278963969992,0.19677964184278338,0.15499285790034636,0.06174403077973891,0.045685311583169,0.14441308879794745
0.027944736733391467,0.10893532660995785,0.09884627419856895,0.3196555038940032,0.09390033564327749,0.06085901922661699,0.037540230062467844,0.049062488944106086,0.20325608468761006
0.15108718294253115,0.1429752116251803,0.1155893273364223,0.05541851929492442,0.30012130520775737,0.08564787524773597,0.022298765270202386,0.04227615361463116,0.08458565946061498
0.29977842128672855,0.0731848807421178,0.019953261991854265,0.029336829021892635,0.050244906440696326,0.1362376937251952,0.305599049762127,0.05711737548284387,0.02854758154654446
0.29435681920652335,0.0613319744509462,0.11085967578860928,0.343643130191798,0.035894257919265544,0.022158493579386762,0.04005702174782078,0.04350980781673227,0.048188819298917863
0.12194650670061145,0.08358926712794386,0.08168659502649199,0.0549022412379645,0.26265996840142614,0.03687899369982569,0.06110968446968699,0.25650565487707977,0.0407210884589696
0.19953901806520177,0.07629025733964527,0.12096892717319634,0.11412417428984896,0.1284987629168021,0.03795475050538721,0.177013084388245,0.0760727120094702,0.06953831331220317
0.548957659558272,0.022018725992986658,0.07683061385972419,0.14928872960915784,0.07974503969812596,0.02001906781212742,0.022805404031490655,0.028969622893122948,0.05136513654499236
0.42608352023041624,0.0394961998595949,0.032533110190942134,0.1307842244797456,0.07459505938951255,0.035071592131484745,0.15146635804995356,0.06847235610684418,0.04149757956150608
0.20747530536409878,0.05575803031684091,0.03885777589590045,0.12912616064497934,0.130102451920337,0.005569814091809216,0.21802921673951345,0.1752948041716198,0.03978644085490105
0.08435450737452094,0.13781151918437193,0.18829539183475086,0.024065895701868192,0.09735279659001488,0.043816531350011186,0.2416025855829881,0.11605689430428678,0.0666438780771871
0.44256408040715245,0.0506117333674721,0.11848967717149672,0.07836791043430656,0.11489194077161902,0.030885860405496388,0.0496056219527454,0.07506109448592696,0.03952208100378441
0.37516764516974493,0.04283767767072138,0.11040725111444194,0.13112845432509787,0.09555832751776244,0.01869392273039722,0.09006844026263121,0.04529285801617214,0.09084542319303097
0.039887804266501264,0.10993612944861438,0.09983430077783274,0.016616028824614656,0.056581400479467164,0.41454802016116116,0.15490152017897937,0.0244231430242392,0.0832716528385901
0.07050001262114407,0.0455111040532167,0.05449425894690907,0.04719826107077535,0.09431180361817693,0.3184782712256936,0.273983945858189,0.028086646936117326,0.0674356956697779
0.40434164970802616,0.08920925043690442,0.08774936541199758,0.17889668494093605,0.07750711217131502,0.01835817064009431,0.025210260938651443,0.06499762471174762,0.05372988104032735
0.24104682682340628,0.05205426200709098,0.05358545044318869,0.14754162910127103,0.1061562317485909,0.16302609481605834,0.054710886052790154,0.030720769878400556,0.15115784912920305
0.0442951579420919,0.14464136219867976,0.26532601270828854,0.029092320152816,0.11229381096120207,0.12543000423107387,0.2079840791816874,0.027606046365430792,0.043331206258729604
0.240090988613592,0.06213895731047059,0.07132735627219854,0.1252530939369091,0.10441063021359913,0.07984551974758546,0.2239812180043719,0.023874923660308547,0.06907731224096471
0.057691879564417396,0.11989890729981724,0.14361797078445102,0.016976371616565115,0.0573637873114452,0.41112793881257576,0.13975459585519204,0.01572077387643529,0.037847774879100876
0.28147232147570994,0.09373811786565785,0.14736693240469917,0.04418232464681616,0.06403864241750486,0.057307023193008545,0.13420345472321019,0.08188719652494429,0.09580398674844896
0.13028911578512672,0.18026003498035045,0.1535206103471689,0.032745271107161966,0.23287860521764125,0.0387311138874727,0.048359947651172686,0.131578550260041,0.05163675076386432
0.19634642329771265,0.03761785853746608,0.17608696094108114,0.0887588220332242,0.08994750936886838,0.08088467381958551,0.253279722337773,0.0403293886192107,0.036748641045078266
0.15765482138976747,0.07315008757776474,0.3813890334840297,0.02944329871276811,0.15458044288546793,0.02048511314078351,0.04027561846990576,0.10976805349380099,0.03325353084571188
0.5142154654072412,0.028796916740864525,0.137759116522255,0.09972790819606388,0.043437063745952305,0.022752381782090488,0.06485794734304713,0.04527985104372151,0.04317334921876414
0.14202452927151085,0.13713860955689863,0.09383091718111386,0.27757484294452,0.11750766200341245,0.075999864893552,0.040550756686594795,0.04955455455436356,0.0658182629080339
0.09174493147532838,0.053987574055271347,0.08032842692195598,0.0827839047064904,0.05200230247193185,0.04452652709604499,0.39037252175435544,0.1535009928848061,0.050752818633815554
0.07102465130296325,0.14455013014569731,0.19901820635021342,0.051680156500218156,0.10463503777701948,0.04636532589644946,0.05286229614093604,0.23196138961733906,0.09790280626916385
0.12330295453199829,0.09332998381955925,0.11756947226225423,0.043088031821424344,0.08162895023847606,0.15471725895885602,0.24959132284331284,0.04843927437740386,0.08833275114671507
0.12677282517232388,0.13503401833013623,0.12061300824827263,0.03984606673305218,0.24094381006724405,0.06752607248372453,0.12707350994722716,0.09793355063808452,0.04425713837993478
0.05338841832004254,0.02763028302288402,0.2641842632133205,0.01596014148742537,0.08822305885643307,0.40191218194899764,0.05160062989478925,0.026578406052719317,0.07052261720338833
0.08361504325583251,0.17644015959270307,0.13263507504575636,0.058260484601500385,0.15002871909717527,0.04375784989113435,0.07623073414326569,0.22597068366599923,0.053061250706633145
0.07206589585870703,0.1749372867959901,0.09001460111705957,0.10007923648582084,0.2955681870731146,0.04400207104931796,0.06276573864526563,0.09106323895441008,0.06950374402031421
0.4054720707925506,0.042733451339862,0.024262613144819273,0.12058136989206776,0.050921365295584,0.06753715266063104,0.2220488496616174,0.015376479000712944,0.051066648212154925
0.16142666370766645,0.09100617585903881,0.16842172214998966,0.060272513610450995,0.1347512202848248,0.07316825500827916,0.08698164150444358,0.15410222319170166,0.06986958468360484
0.39170063089934465,0.07747997551589665,0.07708330612492252,0.08228717004811371,0.07277767215500801,0.03237484250439286,0.13958077338942398,0.0687075444259539,0.05800808493694367
0.209820618879614,0.09960750947526341,0.08493993570911634,0.05430084977297961,0.04841675429559895,0.14027469498242273,0.2810917435227139,0.03554039443984766,0.0460074989224434
0.07782266674878653,0.07660407744209514,0.16684590618982295,0.07068698352733134,0.15625508146891012,0.025296635636463536,0.03298477712619717,0.3451948979806281,0.048308973879765134
0.16281403970379207,0.11605077777981797,0.158438673004105,0.11066729760724216,0.08028684068795343,0.07600978470088633,0.044935361715927186,0.17176027229750304,0.0790369525027728
0.25253101495073155,0.054809586173167106,0.13309204106671368,0.05115059523136698,0.11855613714393509,0.21114551861251776,0.0787812216205913,0.029506527263465112,0.07042735793751143
0.06685647702647998,0.23447792777765755,0.2087601986207559,0.03684283789139687,0.09356269770993049,0.045504930960902766,0.019374864058541264,0.2131457335781645,0.08147433237617065
0.08208203044570313,0.20618948410126361,0.05725545698390259,0.10700330681826191,0.15153763081348973,0.12843705978418943,0.1573042462961274,0.03923987972179417,0.07095090503526791
0.06764300994639268,0.0723552985969902,0.3101932652788702,0.013366716726878914,0.055437544228162744,0.2377913008857919,0.14743281570910213,0.01643743391594957,0.07934261471186171
0.05255268128399735,0.14144472606176453,0.26057416911087694,0.047003918212978946,0.15859622022546196,0.07485476767653289,0.06742406406696515,0.11762592715341831,0.07992352620800387
0.15284463480303698,0.16346454964092846,0.09082884370425885,0.14345378844548531,0.07108267987317564,0.05464065881687145,0.05613146163118199,0.12574467718380142,0.14180870590125985
0.07404828123041994,0.14169121015215405,0.11975746549106141,0.09325971564099929,0.06773521783412052,0.1135235511623992,0.25061700495597383,0.05009051295902058,0.08927704057385122
0.2666080037916822,0.1114130139381241,0.1038537223227642,0.11499229380778182,0.05770237336582954,0.07696831017504487,0.16167792205206835,0.04140383585057699,0.06538052469612791
0.16788411163122138,0.05375835278853532,0.041942292592423464,0.1369823933780009,0.11388871203987831,0.15825154138432984,0.2419766932797495,0.02327493870393162,0.06204096420192964
0.1225934249520491,0.11018970929932585,0.07994032270881464,0.03820886513066832,0.29048893699675854,0.014673008889632062,0.07681335630740803,0.1938684583433087,0.07322391737203475
0.0894429090346918,0.37252125347486276,0.01778672381450425,0.042675202015186715,0.18827389522244622,0.03538006790439899,0.04944859993125148,0.15052161756655158,0.0539497310361062
0.13687619132850418,0.1103664493451358,0.2014648370094786,0.031948393459561734,0.14257263825317015,0.059755743752366176,0.21808019152424094,0.05750877749693186,0.04142677783061052
0.04123187064395725,0.04258727350351865,0.02751677510499433,0.1665231451143577,0.18149804353707402,0.14691120078585737,0.2342541153526947,0.131437068296966,0.028040507660579982
0.5218490245907095,0.08298725990633773,0.03597602663911134,0.058185888070505766,0.061352226814539175,0.03135693255664588,0.13758907150633837,0.03970133692449824,0.031002232991314087
0.14746865046749194,0.09434868406495729,0.23522972597267555,0.021940194015595504,0.08917511173565422,0.07572046472231266,0.1577609422405443,0.12722036463973596,0.051135862141032586
0.5112609616523837,0.039706321056520305,0.039275038768383626,0.17288428213011733,0.041180363850852594,0.010439560118599098,0.045877876812060736,0.04981171800825618,0.08956387760282636
0.26371174800832586,0.08642415955259163,0.06071094983029942,0.0743692680103392,0.13138199280501653,0.09971847229358992,0.08719848000457657,0.09317726631861806,0.10330766317664276
0.1630190678272503,0.05019733184729611,0.09972431836327957,0.03683678469427006,0.13049353260429788,0.042459257023102825,0.38557796169180336,0.0530938326944993,0.03859791325420058
0.478158178361483,0.06214890308987442,0.061539860147234525,0.05722445451960582,0.04729142647611945,0.06221375050854038,0.15065277154901072,0.028694925753439977,0.05207572959469173
0.16739604135213126,0.1656518410298689,0.05513734508830922,0.06031746565721383,0.05556337479758879,0.13775776140912274,0.06601939057354575,0.17549743025476372,0.11665934983745574
0.28979895129613065,0.08022353034916845,0.04782326783125355,0.11276836143363882,0.09317028732264553,0.048712003145731826,0.20813525695600144,0.060866496440386775,0.058501845225042926
0.02918414979516802,0.1438440193263351,0.08751344453371902,0.0555132890822403,0.14746306885104185,0.1395161536438724,0.2730232181936227,0.07379164072279933,0.05015101585120129
0.4966663412949122,0.04906833133452778,0.08921264052992212,0.09824959814529577,0.04892249390247819,0.041364876215918854,0.08859541973912016,0.03601076808445876,0.05190953075336622
0.31173620866340707,0.11024697354536424,0.07717096259597415,0.12773011436680756,0.09558250935888131,0.02778432643765491,0.07905008857816699,0.09189758977303895,0.07880122668070484
0.12014600700645273,0.18715522289434391,0.06457383293436748,0.11381995294894313,0.08161814181478845,0.0450291795732607,0.15968343795354634,0.12217369885058572,0.10580052602371158
0.36513222655705885,0.08043086110235098,0.05713610006766053,0.04858165149636314,0.061249435654933994,0.034764792344962596,0.18285706306188845,0.1371452449833598,0.03270262473142154
0.14245364587406653,0.018622085919219596,0.05025346907724066,0.15105171653198596,0.11426958461422178,0.08920166262588773,0.2709402102381731,0.11286703649916553,0.05034058862003907
0.17472446386811788,0.07944826172146785,0.1380342630403494,0.02829472988559456,0.19888750102983646,0.09600652832805208,0.13442323674259224,0.10260006021426393,0.047580955169725526
0.09856928638087749,0.039142386614405215,0.11578413887625487,0.04811013011392279,0.07617271104081193,0.19705685369012085,0.34180335735713535,0.028058630144161587,0.055302505782309976
0.07824348090940315,0.17932204857190318,0.06942567160158435,0.12369175780027021,0.14881647963446934,0.02014620567835262,0.04742092974748583,0.16272742238992402,0.1702060036666073
0.35369011369918213,0.08275199344035866,0.12369655817341467,0.028574828784190986,0.15745998682976153,0.12320194915018384,0.05125877776259096,0.039740962088033176,0.03962483007228403
0.3725655279981446,0.04606967063751342,0.10501798648784684,0.08594888086222134,0.06959706913063965,0.02092408498008803,0.22697604826601028,0.03083253650692809,0.04206819513060774
0.13811091038314982,0.11224791803750933,0.10538825904744165,0.06682924003253482,0.28829072578778736,0.024278816442058634,0.057548313543151965,0.10779938658077205,0.09950643014559436
0.2870230948650996,0.07093591541199613,0.0743692559729604,0.052564426480943255,0.07487574030578846,0.052236470221922966,0.3201697218452774,0.021436203823907804,0.04638917107210397
0.16397270612536693,0.05251757318744019,0.20817978852712118,0.09169930801693942,0.045617571160977206,0.05995060689455458,0.32130249517325143,0.017959236445210875,0.038800714469138194
0.04896343942294496,0.07717370746730799,0.15608978035343177,0.03595271365120873,0.1907160382865765,0.2151465457944518,0.1568559069652153,0.07460778163686516,0.04449408642199779
0.03977669418009042,0.1686152584075041,0.1229067879947245,0.04142530986234049,0.11753295593484141,0.05257319365483313,0.28765686724311074,0.11161186736334001,0.057901065359215166
0.09639691236518809,0.1052172984679125,0.08149320670126585,0.11203517359574096,0.04947054051420738,0.3255486028813359,0.10315845722191201,0.08708780353108257,0.039592004721354844
0.1394463119941259,0.22264081860905507,0.07532782054896268,0.04402498807901787,0.16416992924246124,0.06778087351427693,0.11087849183975042,0.09371463507974513,0.08201613109260458
0.2491538701294456,0.0738651373138514,0.04665527519092876,0.38487508343316496,0.07573450022824003,0.02034186174351711,0.04691714725043177,0.06529879000419825,0.037158334706222144
0.4804631897744452,0.05709387692190807,0.05896406774544477,0.10680804427566691,0.04539843755888836,0.03688126690111279,0.1549935797731221,0.01434222466774853,0.04505531238166332
0.45461500984608705,0.06711037732370628,0.05871097511794141,0.1677668741705758,0.08561487205419589,0.00974598695016788,0.11471952412993026,0.012359742968164384,0.029356637439231028
0.12910020277276654,0.04206822678628227,0.14857166354099346,0.02724774541521695,0.17354804008566438,0.09993061300322274,0.27038042107325205,0.06062550555096608,0.04852758177163552
0.35547517961740344,0.14825924093005213,0.036241676147862674,0.06795344520911414,0.083200316109373,0.05610831726124869,0.024199699642132935,0.17205783441264133,0.056504290670171604
0.3895530643424321,0.056704652289520784,0.053816820781353275,0.2378316509357952,0.053530942605150816,0.022604190133943807,0.01939098164659757,0.09932441844965183,0.06724327881555464
0.05204868634949759,0.25497529252728335,0.06289738232445262,0.036151410681366056,0.0949991633045875,0.08068560452138354,0.20222984098992136,0.1521959725578312,0.06381664674367676
0.11955433244343705,0.17697313035169193,0.11829472693615288,0.10207316673044631,0.1371952199100289,0.03655916534880597,0.05172411424088183,0.059858293719403745,0.1977678503191513
