0.10935519029195016,0.22510986058291185,0.23259724725412534,0.16509675194114012,0.029222746687322027,0.10511083749822243,0.04910297726369069,0.035337422527355465,0.04906696595328195
0.054589408985458526,0.02033889401465462,0.01427643357200207,0.024646130804085255,0.2035397197718536,0.022151102877136456,0.006445397369489317,0.02982362659532195,0.6241892860099981
0.09167761492225679,0.131092898485863,0.2684469767636715,0.11330581544824074,0.02126805805692249,0.22670857962885851,0.04952182915307491,0.053318141525588864,0.04466008601552319
0.2169163601725155,0.16674698708931993,0.1022919502264494,0.05218967696405064,0.12755941665038348,0.1874829146204684,0.09813666974841297,0.03182341594657339,0.01685260858182634
0.3247808817342312,0.026540451793497923,0.11524827352456864,0.18657440293440106,0.10059843979265103,0.04308921943843518,0.12660898607703114,0.06048814963444484,0.01607119507073897
0.0985995863284564,0.03111349820422521,0.05323371315445672,0.04281851019695082,0.07363327071103686,0.10885698108073809,0.3290570019473426,0.13234493116616222,0.13034250721063123
0.2623759327507018,0.1874726860139431,0.12302678833844878,0.11129443049400493,0.036031451046584374,0.07591006033720783,0.11365767893652036,0.06418830859330817,0.02604266348928071
0.02619480743486277,0.05375392984863019,0.005019327954537268,0.08206138901793221,0.17284341732660158,0.053830578556939214,0.010029385971928052,0.046900554481891975,0.5493666094066767
0.21771339151205585,0.15599517819696354,0.08084546077507851,0.14993823236653925,0.14447978944978487,0.11012242534057744,0.017647860932418227,0.04075892032581713,0.08249874110076517
0.1486866365686322,0.030130204402739145,0.08418632700302198,0.04341844626968707,0.08950595597890337,0.0884322554039611,0.33433727811463404,0.04438725825439671,0.13691563800402434
0.11738272298803416,0.014026162446692886,0.008760624641516881,0.03481656084744318,0.5224167078990458,0.021809499909032155,0.02045877652365514,0.017113405684007595,0.24321553906057222
0.375704487205551,0.008392777217219545,0.08746487981290663,0.03506167033007614,0.22194700460334205,0.054501884130705676,0.06100469151147923,0.11599051942692074,0.03993208576179894
0.1244762033589177,0.02446551729957151,0.4406164129121965,0.03410027886721948,0.1812380381902898,0.047914586339450525,0.05027392537871464,0.04106032000239209,0.05585471765124784
0.47394207677265315,0.02874487399309368,0.09401547733974175,0.047172287751185434,0.041066751300963565,0.10751018895685284,0.12031478261966032,0.06440329979089303,0.02283026147495627
0.06948068593684492,0.13629630771422593,0.07957535384864982,0.06737613293116068,0.09178053013172492,0.26800896671069524,0.13465730554480507,0.0425745940775298,0.11025012310436359
0.12134180544682242,0.02950293658123744,0.059361609663636856,0.3963376402224261,0.06358907159006029,0.1422459292666021,0.07484850025176155,0.05330948715750857,0.0594630198199447
0.3027498604152045,0.04834479459166776,0.04233436735640315,0.131482075799908,0.0776840362306532,0.2154041951372586,0.08438640408069364,0.08411865119989881,0.013495615188312354
0.09997943974357011,0.06945213310884309,0.059784503021613866,0.08885315123811464,0.1065976162363787,0.045905218969087176,0.11831375436438163,0.014628462529176947,0.3964857207888339
0.5908304770287762,0.028596391067937554,0.06929836770479891,0.01732916852020951,0.021664251351065755,0.04393918394154848,0.0994263271898543,0.09045728699297913,0.03845854620283018
0.2937324489953625,0.03551457640671014,0.07262312478594739,0.045410488436265495,0.01041324484247184,0.4334650431328792,0.06338209277745069,0.017593261783970488,0.027865718838942215
0.04905755059506702,0.03910082108968543,0.23614894020999655,0.01583736969519819,0.3605861439429265,0.07519208199370796,0.030241093349299003,0.045399507168942144,0.14843649195517725
0.04129625589309905,0.03801231894939918,0.07263431915097529,0.07725736943636292,0.058731150838376385,0.30052134892858823,0.12516153493080776,0.055636459736231554,0.23074924213615952
0.09490427263560891,0.12116096872006932,0.049550139564860575,0.23232234174420166,0.06187702709634077,0.20984223482973083,0.06710106377508429,0.09783068576935229,0.06541126586475136
0.02414142709936575,0.14382098080313158,0.11045991257254269,0.026688459653007424,0.20718542811425802,0.04173133027583509,0.04747625168993617,0.03852993765205578,0.35996627213986754
0.08527351207648215,0.05789646158372005,0.16815120638260275,0.17873390437446332,0.10944909388094014,0.15375750243821681,0.14339865648233932,0.0451532381273447,0.05818642465389073
0.13037014259330829,0.06504044787061529,0.12058754538461862,0.026451507548615503,0.08463615393806301,0.19008445105784336,0.03680955970762761,0.12352756501390372,0.2224926268854046
0.06440294715070337,0.06073757301223571,0.05045956956427213,0.07035554733893531,0.1482382656692673,0.08153280009462392,0.057555307907392106,0.08295662134147766,0.38376136792109244
0.5546154400756654,0.05955083548090414,0.053284112808016,0.03216474485931592,0.029293742507716426,0.08828929563630213,0.06803313424531333,0.06780564958021652,0.04696304480655015
0.05465806888245316,0.13133612480040757,0.31064582288581183,0.04622708533519165,0.18148243742676198,0.11119505489857633,0.09016400317454366,0.04659069151278351,0.027700711083470348
0.07551359239232806,0.2181959349796312,0.05529610885222889,0.21402996410477934,0.14361848145087577,0.12612753941076832,0.08703178837370479,0.0512829673983484,0.028903623037335197
0.21028351710208595,0.029180447818153665,0.20242451659364313,0.052729984227054015,0.2866189521573602,0.08398322666087306,0.0165235365846759,0.03918010037110747,0.07907571848504667
0.41311636921604694,0.03719305898640957,0.07637329032958806,0.02820036422843532,0.10803555906636401,0.16178446691738357,0.030336938395697455,0.10291342199367691,0.04204653086639818
0.02679508158801927,0.029721974984612657,0.3001500353528125,0.03283028463985271,0.16490666005641288,0.24558570999469542,0.13485706711056775,0.02692658932567295,0.03822659694735398
0.23638569063221163,0.03084341052271668,0.1488801863284129,0.03388781200613019,0.15592531360389064,0.10914662809322184,0.2274769510798832,0.026166616004791546,0.0312873917287414
0.010916101895395576,0.2005913668365815,0.1316158926757467,0.16946194661461544,0.059043172705385456,0.2290642441668915,0.1058324774954647,0.03303352447577287,0.06044127313414627
0.39028895134793085,0.025246455959060877,0.17539895458429766,0.0622841519961607,0.030981686493227318,0.137369123243164,0.044247203725306994,0.06557793410904798,0.06860553854180358
0.03347463696793074,0.07277738274375574,0.02537904925871574,0.037434988639841266,0.03751072560260504,0.3036921588363399,0.402773629645735,0.03202700203853303,0.05493042626654357
0.27704479068190285,0.038401247996616934,0.08512607816836822,0.03423892263540472,0.18373384359068126,0.04754569168031764,0.0796695046314091,0.19808998198017372,0.05614993863512535
0.47361053557137894,0.030015636032865212,0.09453774945933924,0.021612945936647397,0.06051113973500622,0.07755064857514173,0.07164277736690554,0.09040043238864942,0.08011813493406637
0.045462761761637015,0.14508882562371225,0.0137240936963404,0.05942089927260067,0.2870911744230545,0.0373529038137878,0.07142105145979794,0.2468504579082198,0.09358783204084968
0.11102999362983475,0.06908252877310443,0.01366330191372223,0.07010222765253334,0.15957370107211613,0.0599929546065855,0.09853192799511284,0.31576199875500005,0.10226136560199071
0.07950488679013816,0.05050747357201441,0.2898013569948727,0.04773716797723526,0.04648334362583389,0.2024881340861028,0.17478652988588414,0.06350040315249278,0.045190703915425894
0.06905704261443452,0.019399414599463618,0.019033881360783808,0.057584448899295225,0.10790861640596534,0.0168989019092571,0.014233309207854377,0.06081343646092537,0.6350709485420207
0.1118101002837572,0.04429852929138587,0.013039739146939794,0.043600356893395364,0.2493001924283156,0.08695231785180078,0.01744018271727654,0.0567173997929597,0.3768411815941691
0.3025305613546601,0.13309688184756172,0.008050986024449572,0.10793108956056519,0.2622345539796282,0.0375129314172568,0.02726941882413601,0.03397882932482086,0.08739474766692162
0.09687340456728778,0.25331484767030593,0.09595468431620108,0.07121694911850877,0.1972146829797906,0.10320137820178939,0.09552928288951434,0.014693788110341775,0.0720009821462602
0.05205362925332169,0.10123057111759486,0.08962289384418813,0.07034570006294243,0.08506818511308752,0.26731044800698933,0.22550148397271433,0.06860946358881387,0.040257625040347744
0.15788737908384087,0.020768822784955326,0.2828822970987097,0.02028500192575597,0.23278682756014932,0.05725287560836484,0.06531495046351678,0.09038619299911348,0.07243565247559369
0.17212168745575476,0.16313791395826258,0.04089479911205992,0.09021554377950695,0.17384734210798183,0.04784134938262886,0.06835422568360636,0.11787653614051592,0.1257106023796828
0.26130848018501923,0.015570589711011764,0.023529374037418546,0.22459385479411206,0.13718884221529637,0.018457616150718798,0.1762085960342835,0.04599344740824634,0.09714919946389346
0.06189719575056705,0.12048940396387937,0.29146267607102666,0.07652740505620503,0.04687324670675314,0.22346408333977977,0.0960488388264334,0.04123459518545439,0.04200255509990103
0.12281357183877906,0.02307576155782749,0.12200746406439282,0.04480956945771478,0.03360104119135104,0.08012444255018232,0.05143594638408344,0.10626492783974943,0.41586727511591964
0.3403628797297857,0.037462740458104715,0.02527476324136681,0.07798353338190687,0.07445492290396218,0.03200639581258597,0.05050585047254693,0.1504132677920301,0.2115356462077108
0.07014712888381608,0.029496823302890527,0.035112282878016904,0.05963908797542705,0.15662712804407639,0.04816207872482083,0.032572367900683206,0.06402894991266883,0.5042141523776004
0.08802905501141504,0.09335204693893938,0.03787475595562662,0.20022744820446906,0.20787447732407593,0.09999055363713988,0.17432940478002315,0.07240039150252348,0.025921866645787425
0.6167208746775434,0.028410084537724187,0.03944568956325581,0.025427012659670577,0.15825338084372484,0.06368700313306196,0.023028022691079942,0.019596331015233504,0.02543160087870573
0.04743630861036465,0.07152862015774065,0.04681922032557281,0.1590735375210599,0.03495617179353425,0.3938756446646507,0.20312519477423444,0.019198084945298927,0.023987217207543654
0.03838422773854508,0.06369084988065742,0.011536319032961468,0.16320579778448555,0.3648969543642566,0.08622858278243434,0.025175909115132292,0.017062656285365827,0.22981870301616136
0.19099703832307482,0.11446719395470217,0.1390459404044344,0.13666672498929258,0.0904430270294488,0.13843436087856895,0.08086683753840877,0.09311778231078134,0.01596109457128819
0.4255506458090219,0.041251083743763024,0.03963927793146095,0.049680504785018585,0.07417737530630499,0.03944718621858658,0.07471688317555666,0.031681320682182434,0.2238557223481048
0.03413812524012779,0.013236065708481856,0.01633575290496279,0.034071144488788674,0.19049898313478952,0.12201192393816324,0.2173069467619663,0.1655693053492755,0.20683175247344435
0.06964012488954467,0.04370154063325491,0.2440871076564024,0.13588612015119392,0.09345986203791244,0.18658318300316742,0.1296577065717108,0.04652295699826081,0.05046139805855279
0.1261541024622844,0.19369429962161688,0.12532186074514706,0.10445720856345454,0.1261935707004098,0.16511851884863682,0.07781938259530842,0.04391719734948248,0.03732385911365962
0.05805824704442474,0.06700264714687544,0.052123258728679074,0.23381935582740684,0.02902155062713462,0.13148681704661494,0.2677478953819581,0.040409485220644005,0.12033074297626217
0.2741237542289477,0.035512571912897035,0.008455269392676316,0.1602671272495634,0.27002815360535753,0.015393466857481204,0.15920047018118166,0.015859360276231336,0.061159826295663834
0.3010434743470385,0.03117772060437785,0.08076734553285492,0.091148343947555,0.11043071949584993,0.07143309980337793,0.13377895959438393,0.10280533275411814,0.07741500392044386
0.03000739902462457,0.01847436538236911,0.0051396606823819425,0.0462593065112116,0.06721540186587587,0.028206218391333915,0.0020445515386392286,0.06729987623006493,0.7353532203734989
0.0908596399310458,0.11319390322874584,0.16382566608898408,0.2386537710645434,0.18262623548079981,0.0415990209777058,0.13914701076760802,0.017376312188082294,0.012718440272485018
0.15920698900073185,0.0736107069897049,0.15703889920194236,0.061782013157862546,0.10672526858919622,0.19242128272743683,0.03950125357341042,0.1337908932046122,0.07592269355510274
0.3332795423977431,0.06421183219981097,0.04231611647205032,0.08923590113684915,0.1381427814244949,0.19182190173303837,0.037098865637250844,0.045471083153626524,0.058421975845135816
0.04827707612366519,0.3105197003734205,0.09297753732963855,0.1420365770269547,0.08175534770147766,0.21549286914129795,0.03447457976512383,0.02716189421181663,0.04730441832660498
0.36033914949355844,0.08500577320673365,0.04762393550603116,0.06061602184697024,0.030019888228810892,0.15194134563314257,0.052762814457618525,0.15984973303906128,0.0518413385880731
0.022549285312946532,0.05704441073795143,0.14601671842951333,0.0511844577541496,0.03422386659730808,0.4427831250070737,0.1808350672302189,0.021025952690978438,0.04433711623986014
0.031546250013556605,0.016448377955629385,0.07386511644703393,0.07752499296707582,0.05412243672919522,0.06010214513530907,0.267650463924726,0.04630477046307458,0.3724354463643993
0.11723132694231993,0.15306190899536384,0.12372522320275962,0.03610824848335174,0.10653046400706544,0.14796807527020842,0.12604749367811233,0.10673649376080485,0.08259076566001385
0.6682798830304227,0.06546660284317248,0.02434269079628752,0.05070065860015086,0.0382042052489435,0.030477071049824916,0.04524777945898876,0.059342008656572326,0.017939100315636867
0.0099218293795798,0.1389495184211662,0.406288859761124,0.043819826704720254,0.05949046508575123,0.17469833734009535,0.1042390207645935,0.017646151686270595,0.04494599085669906
0.0772245080994017,0.047989539919728375,0.05444773028320252,0.17074672111871572,0.05212446374350995,0.3155779971451788,0.15889008771757016,0.03434241074674702,0.08865654122594563
0.12334691649427959,0.13488995080967822,0.03518711254844966,0.2028197137260351,0.09320832769586086,0.17332865776378115,0.04988143699720398,0.08992920770863648,0.09740867625607506
0.4280480748270425,0.09698847337987733,0.03254850131215578,0.03142383378553841,0.21648956236383152,0.09245152706317206,0.026517560895506873,0.04544624608800149,0.030086220284874194
0.11200054787314322,0.16239028201911096,0.16135663771940723,0.08973434092609639,0.04944031270321054,0.3262782058622746,0.03166907028528468,0.04047931924154529,0.02665128336992704
0.06984167555469067,0.04355625886130948,0.17103051128991076,0.11251163186814615,0.15577949327967205,0.30492193575210613,0.06698156893326378,0.034612750741890345,0.04076417371901058
0.5669069389342236,0.017221317599750156,0.019811168662726687,0.03142513658254291,0.04920183992718091,0.21281460814266637,0.012684728123222161,0.048481321054245574,0.04145294097344163
0.048947707083794444,0.06363847123635016,0.019514069890972187,0.07420134454362909,0.1671482487522659,0.12971861396783355,0.01176112050112362,0.07952097187752377,0.40554945214650734
0.17153432737778718,0.23815504578608016,0.11137177176114448,0.07017156858949565,0.18669585834820826,0.0485667568189325,0.07611714582386414,0.025035973515555577,0.07235155197893213
0.045403529804364046,0.06940953445961,0.24490014809589375,0.19118376621919767,0.22411925977910654,0.03248101225134932,0.1318407238698758,0.03803643690123928,0.0226255886193637
0.1408931028066519,0.1575605955320788,0.19597613924942284,0.09164336291638277,0.16473228788211117,0.04693854533104999,0.08424940378439828,0.05328119955548946,0.06472536294241482
0.28774661981686095,0.045232229082007525,0.12320471794177013,0.06694395072675598,0.19928522346956565,0.05289902464859517,0.14412507367375643,0.03363260371151908,0.046930556929169066
0.166215890890019,0.027444085901035514,0.041300559984699566,0.021815791908995682,0.24021311783905183,0.09452480283005786,0.15379469654458505,0.04877017478894193,0.20592087931261358
0.06628824395328181,0.08930278981536638,0.37026049580607384,0.11059712500437159,0.14088467828956186,0.09163358527313763,0.07854409731539001,0.024599422633387005,0.02788956190942977
0.45900031946231906,0.04598037932421217,0.08020163287309912,0.032721430154553005,0.03544253185052653,0.05988779282842339,0.20654297797840557,0.04909004766917024,0.031132887859290925
0.06426149237139943,0.10078618069353784,0.12631708625553015,0.3556079994743369,0.1136875643825687,0.06844132652989476,0.1088383020649367,0.036288429394778325,0.025771618833017176
0.02759866122758145,0.017745325624891912,0.004417697507537028,0.030141042567992424,0.16413656617494107,0.027169234322456052,0.00615177047909348,0.031166042631153648,0.691473659464353
0.16291815294554068,0.11530949632546118,0.013017159263992833,0.015094208451088007,0.19519477609316868,0.19214282830188067,0.23772589962473104,0.04052892102533404,0.028068557968802768
0.028436943532325964,0.12301274848430695,0.04788512456240387,0.08054084903039466,0.20686197431056083,0.17883950189586728,0.2526158311319715,0.015256798276315743,0.06655022877585315
0.574058893210888,0.018380072500572765,0.09320999209608204,0.0293176559427808,0.08047602585284921,0.06849251612907863,0.06082070057849296,0.045206532985214466,0.030037610704040967
0.042077882836714604,0.2157932277186594,0.18815771760244646,0.08300087907843075,0.059494692370905655,0.27720390279304896,0.04697134963353879,0.054988399531299366,0.03231194843495598
0.22829966946549796,0.05081997314423967,0.14064435073010276,0.12197634185172297,0.07179540598804891,0.20187545785322736,0.09371521891007754,0.033989301105447185,0.05688428095163569
0.05492457091933467,0.019629538015966588,0.012753040277005833,0.018497087028713093,0.26339492278837995,0.01916512243547501,0.0036417358667313955,0.021024035063150384,0.5869699476052431
0.05673272424629483,0.10214534686718457,0.07056936480371938,0.18476279003453344,0.10413014634774818,0.0739834713168916,0.23534298328343425,0.09018759207824452,0.08214558102194919
0.14132567407935484,0.21159957613842365,0.16628876243679583,0.06057865085996467,0.10305012336898457,0.08816200154419734,0.11155264357392326,0.07977547169583517,0.037667096302520665
0.10619008873391371,0.12006707955937508,0.03729544888287709,0.05037846376424313,0.1696040213003558,0.06903169903391197,0.2216862680388886,0.07320768967448855,0.15253924101194605
0.038153417923747594,0.14591167485278286,0.19015023418643465,0.1438648729377549,0.21062063248271565,0.1371276360523009,0.014255429543202802,0.02076356887444289,0.09915253314661776
0.11689502059284429,0.2173711095902503,0.07017237736759263,0.09840645592384857,0.06060400283737425,0.19579461895588657,0.10235519725188587,0.021420471421336424,0.11698074605898105
0.21320848985931096,0.2324770603964844,0.06496360697864313,0.06156003906803728,0.06386477160858223,0.05227250797820839,0.12415509815043879,0.13269468045232377,0.0548037455079711
0.1239851070405642,0.07306337125450357,0.28852195091861715,0.1778486520065603,0.06559375801306909,0.11664565626038668,0.04200040667104552,0.05418872934262236,0.05815236849263115
0.10104407774769271,0.08384812515572913,0.07105517831150238,0.03808407321268009,0.25180290778045156,0.3269401700043831,0.051141972818067545,0.05249672546676742,0.023586769502725962
0.11211123022693432,0.06716561834798586,0.04120904252580628,0.11452399827681335,0.03492490997917784,0.05494331604052216,0.4465230801338343,0.08372645039917011,0.044872354069755815
0.02797553724574293,0.052078051628031176,0.006057884831254107,0.029277867169523852,0.28150482628147383,0.03945420696785845,0.012288768311505936,0.038361235384992795,0.513001622179617
0.3416821409106474,0.013490329986142685,0.09899773840667414,0.04168095419815653,0.132442141825054,0.0638255991124547,0.04829612121514152,0.12174272126205754,0.13784225308367146
0.2615097081264231,0.061328142111295024,0.11390231718381665,0.07417883647848952,0.21582901308023664,0.09762018523397735,0.0933404219895592,0.0640922615141103,0.018199114282092258
0.18276443077073135,0.01744297244216308,0.03620457918630078,0.027629704281425166,0.3565207339301466,0.06386651079866172,0.1838730004400997,0.07008859450131837,0.06160947364915335
0.02944460097584343,0.19449911663539268,0.05421671848406628,0.21139340688438035,0.07618312183582066,0.0731451008395271,0.1670113992982608,0.05092011307416656,0.14318642197254208
0.051752758862076385,0.03348183441609801,0.015868584294035634,0.04327171503127882,0.3423361462503549,0.06688835974784946,0.010596096813901784,0.05303304757148278,0.3827714570129221
0.03962669772942125,0.0728211059163363,0.04593054845297612,0.09896869748593645,0.3244446641003773,0.1909594101294342,0.06383614195815866,0.04418669395093286,0.1192260402764268
0.5276181164427544,0.014743973067133728,0.03020750004246797,0.1289720802642603,0.04513415850369291,0.019965828539352522,0.12912481288496228,0.05253558637200512,0.05169794388337081
0.2949839158576098,0.0034004668719671283,0.15239161226555378,0.054751982089864794,0.33916094015399684,0.01418664352854058,0.018588178614424664,0.03558634782172216,0.0869499127963201
0.03266272592459063,0.10022607125113107,0.08787226497639626,0.13140070962410286,0.07902541935086611,0.4277624838525133,0.07740838506485977,0.02702452652630073,0.036617413429239215
0.04448429500573955,0.11459937706975866,0.030620932337592142,0.15291248649701197,0.07596365629780148,0.08333188539286668,0.011062733965719164,0.0138357230791011,0.47318891035440913
0.0756788697322225,0.056756664540130945,0.13996363780078824,0.09102616033948178,0.05398864662075566,0.17237222456952303,0.21242477227449166,0.12361132269108721,0.0741777014315189
0.0528460172345063,0.13466693671751676,0.0492050843541178,0.3088551376862345,0.16944028120629126,0.10971706687956184,0.07051338729595917,0.0591726891294611,0.04558339949635124
0.22543648741247443,0.01772030387753436,0.05204306704037414,0.06908414886882748,0.10272932051800833,0.05091401943479465,0.10138416670800836,0.35257751592209186,0.028110970217886364
0.06338662122116621,0.05009077568682996,0.009118027226661307,0.0389514779234083,0.09847726734147329,0.027555927244750925,0.006151310843765888,0.02677125091376903,0.6794973415981751
0.6227432802640015,0.035375783462859224,0.06778470221551776,0.04405704257990601,0.04095320502867072,0.05609601919268369,0.03115497327114865,0.06766169425998113,0.03417329972523137
0.10626369323781511,0.016792192260485492,0.08123737130452402,0.024662315942646586,0.39570187308544175,0.05800935168074909,0.047708502767655515,0.055828023037126,0.21379667668355654
0.04382485534889167,0.04075071123304285,0.0789830836436574,0.31600035132597865,0.27439273754974774,0.0674043302521345,0.11854611063555155,0.018200140897906295,0.041897679113089364
0.28453008485329234,0.022423879528397552,0.33789924555135586,0.10170060611050476,0.022532028952127314,0.14947466051535108,0.03497382708747293,0.034704875504460754,0.011760791897037435
0.033442491970936655,0.05593282305969497,0.17623346073322463,0.11985393969942955,0.2495111483797864,0.24454362927413723,0.03254448450725878,0.03907978771960477,0.04885823465592696
0.48956877532430765,0.025995754360126817,0.1184718975802173,0.02559654407213245,0.053908496961317186,0.0649441649426487,0.08252408500754878,0.09880558651000719,0.040184695241694
0.45019618079744683,0.0705956048454452,0.045958957063402035,0.018489492834211776,0.1665065077840692,0.06343989228224733,0.05714261893261063,0.07356240356598186,0.05410834189458515
0.029978884660381722,0.06514501263250427,0.008700397997771876,0.10346206967417822,0.0943020553354914,0.016452335860375634,0.006333744169270651,0.05189751187077332,0.6237279877992529
0.017985536555794112,0.15633292864085382,0.35900789867893995,0.07330287697279803,0.07861074567471389,0.10434495595618691,0.10941875296630348,0.029755810336100197,0.07124049421830954
0.32876443014382223,0.12331351784075213,0.19717106650010896,0.03091217002437542,0.08471402203848112,0.02399554687532961,0.12471736726756287,0.05296617272233183,0.033445706587235814
0.13087242837963514,0.02989371398459942,0.14901746424077922,0.046952562561954216,0.10390563866574831,0.033695972008613524,0.24551065731314195,0.044479330959321266,0.21567223188620688
0.11771133018911632,0.058010137490413526,0.29398459529522336,0.1409928819475149,0.026545678762204167,0.0561492175018449,0.24751963463780616,0.04448940539576687,0.014597118780109738
0.09072247370010074,0.09849975308066307,0.12106268422841365,0.1475727738575574,0.1350438799642009,0.16915544079530956,0.20182688311914018,0.015749279270889347,0.02036683198372512
0.05977660311390004,0.2110250756751949,0.021098399549539643,0.11286568745433719,0.2208194380232447,0.0945301270327344,0.04598440431378851,0.041618684862041504,0.1922815799752191
0.09380505773519003,0.09587541426655066,0.34110296505005916,0.060358136426420635,0.16773576243763663,0.058137951419876766,0.04096215726057336,0.07874716310034822,0.06327539230334449
0.02432995774990286,0.06991759385775732,0.18987417379702998,0.052216883875722764,0.021817313994083588,0.04724806893299074,0.01904182559149695,0.04594178846577324,0.5296123937352427
0.03856265957169568,0.039481177204129914,0.10897626640346293,0.19165595228282864,0.0665123170481197,0.07828362178259986,0.3519056488273853,0.02049634057288947,0.10412601630688849
0.5660153016339923,0.026450652814413275,0.021931186046729747,0.04596607763819624,0.05413631712296337,0.12721612070345498,0.03672171810834197,0.09928228330593429,0.022280342625973757
0.0458535554066093,0.05294495307485663,0.01877952748507267,0.042621225652025925,0.16881313219269142,0.18096167716752767,0.16343614503899354,0.12723718361509775,0.1993526003671251
0.1023014637870533,0.0532990753534909,0.18008176377439566,0.03210541981470457,0.25230761202399465,0.23805001750215768,0.04305406926638831,0.0651780112917013,0.03362256718611353
0.15389366363690596,0.09496322025209218,0.1921180405554753,0.12135129806747784,0.07744065397750236,0.24423228190054203,0.01896219798022764,0.027174031842166425,0.06986461178761018
0.6227432802640015,0.035375783462859224,0.06778470221551776,0.04405704257990601,0.04095320502867072,0.05609601919268369,0.03115497327114865,0.06766169425998113,0.03417329972523137
0.3414474407897425,0.037890917932562995,0.022083966274380654,0.029947816163906196,0.17994526536009292,0.19259457808047367,0.04503230884674953,0.07575502713416474,0.07530267941792679
0.05832323011267964,0.0750829318526846,0.0587093334913043,0.3043036042683707,0.052336785117376994,0.18309875547690613,0.1312297009533077,0.08533626102386306,0.05157939770350691
0.058708989861385306,0.03266449432547538,0.22301314583540677,0.058594949770459655,0.31889303423486587,0.06045300856140765,0.039686273054331055,0.0892501733389535,0.1187359310177148
0.27744232124107965,0.043448140755111185,0.06066017877888805,0.3174070957675023,0.021373288070804523,0.1620806098387351,0.04333508957090157,0.01429002849033395,0.05996324748664356
0.574058893210888,0.018380072500572765,0.09320999209608204,0.0293176559427808,0.08047602585284921,0.06849251612907863,0.06082070057849296,0.045206532985214466,0.030037610704040967
0.15072008134576567,0.05196035626876805,0.03598099515931994,0.38352078436005405,0.10895440907227692,0.0795365546874817,0.06777895111468275,0.10235527374746135,0.019192594244189568
0.2815766558677426,0.08045190424193639,0.07430531835871577,0.08407785831751106,0.1430202234796994,0.06965109474356958,0.11304679393025334,0.11209215552143163,0.041777995539140224
0.058885185263304135,0.03717450161148498,0.2972063245092856,0.06503880222161436,0.26807798140170386,0.013998645268262196,0.0997582941361081,0.06494635741494308,0.0949139081732937
0.18820576457153426,0.04139388222815001,0.25635659869130784,0.043540050850689654,0.19426720533470224,0.08908006679288961,0.07357542108685469,0.08479971991727049,0.028781290526601142
0.3099417766151893,0.09381666839862213,0.1685897142300673,0.0840741549385048,0.08796880765567483,0.15224105788629816,0.04484892699732435,0.03932909130838358,0.019189801969935652
0.2048968590635992,0.08226138290238523,0.3025746324759791,0.1995958009141557,0.033038754734596526,0.05509548587871308,0.07545330167261721,0.025467550306187747,0.02161623205176617
0.12313929141147624,0.02813720361848777,0.042568114335533626,0.08854606308031245,0.3360265738697601,0.033687898529822465,0.023309470312030952,0.0780385731378449,0.2465468117047315
0.5616781595534671,0.011607973483729198,0.05380026275162891,0.025028161619687846,0.04283263073496873,0.08896289710034545,0.13402661027592466,0.05065645593101725,0.031406848549230676
0.03849994273820483,0.08330906383748578,0.06627880762377736,0.15446906280158085,0.3410160399164505,0.15929536649859252,0.03151872452168932,0.05859193550657452,0.06702105655564429
0.0428786885939537,0.10908097499812842,0.10074207910438393,0.22126588827562377,0.23481856319847283,0.08264055038007638,0.04804242590506443,0.06785765990976236,0.0926731696345342
0.07873158709914939,0.05705152602484342,0.03185310522917411,0.06623051138364787,0.19269115582260007,0.089871423690087,0.34821058203515615,0.08104217332739987,0.05431793538794211
0.21046377182649798,0.04220072845631548,0.19261628632966898,0.07515475131445694,0.16821994868385626,0.06805292387068837,0.09610672928678837,0.10943022897375103,0.03775463125797656
0.042760945013695366,0.04477779740817714,0.07457464392617409,0.1414478175690634,0.05996017779403495,0.19718164374319289,0.2863623766177504,0.10025123698425183,0.052683360943660086
0.015246903693889728,0.016262708319206152,0.045666759179226336,0.026036500945605362,0.44334929371761156,0.07285455161968979,0.016267778736955285,0.050692240059645115,0.3136232637281706
0.11003521157006078,0.010296262636393326,0.22853646838099753,0.016404011070522133,0.37085826475068595,0.03778451101227806,0.03641487376140834,0.07494087753139755,0.11472951928625641
0.1852913024104589,0.050700877231233565,0.04378587768104969,0.03660169484775707,0.10478571677591092,0.18813406791218779,0.04377109843709762,0.09326035433869982,0.2536690103656046
0.6059452638685782,0.03640725865188759,0.015756766270403445,0.014048587004280778,0.031389680324019426,0.04402395137868554,0.06171139599440855,0.1158439072457677,0.07487318926196886
0.24988145196663222,0.04664602783579658,0.11227053834377444,0.11063719039020332,0.034805400938085845,0.18307045554737558,0.13164270794603158,0.10130076413060551,0.029745462901494935
0.05572998369443768,0.017619669215993953,0.0944443744716661,0.04769492572700514,0.11905178546844997,0.11561693805867518,0.018582378253749917,0.1137797907890186,0.41748015432100344
0.25232065301628187,0.02424132658044556,0.04110192539672414,0.17440009393114972,0.16405485842047912,0.07380936215551977,0.06166080963384304,0.13529992824887602,0.07311104261668076
0.027539388234921223,0.06289768864870422,0.04896522828985509,0.07624438171900148,0.06316803060118598,0.47822391349986476,0.15265697288872596,0.04732386895075993,0.04298052716698141
0.33261406116886466,0.060487229248476104,0.0506552820208368,0.045034872373092526,0.07291125793414693,0.06271137802064362,0.2221592848956652,0.08705322325816141,0.06637341108011274
0.5968877832663119,0.03233014948873845,0.030839562315606073,0.065702851735569,0.07610325700299243,0.04055102464056981,0.05122596398131143,0.05457733535665401,0.05178207221224703
0.022094357911294018,0.09886302721075607,0.09589061006835385,0.16104083672584804,0.18266403457954059,0.2495602143241281,0.13811036184428413,0.02181471327029011,0.029961844065505186
0.32966085292528496,0.014564879895710654,0.1296805838723291,0.046720149860706106,0.11145684810793048,0.08178776596287309,0.05869260925516157,0.04831257430532426,0.1791237358146797
0.21652622764286442,0.027177980052736906,0.09741872824087111,0.10113161763666938,0.11710211243493114,0.04896098017739331,0.04268141955291561,0.3163583391639393,0.03264259509767886
0.05000838067055085,0.2814472647867923,0.1140030224401074,0.150108285695197,0.04949599986187469,0.12079608878984081,0.1036308508181525,0.10754915764298008,0.022960949294504384
0.1585490656486813,0.0159310493272579,0.0830847688429402,0.08949333160918067,0.03949023783330954,0.024258060071239804,0.16333281056988394,0.40732152431589225,0.018539151781614582
0.04893303926123488,0.025783924441656628,0.009457384882102451,0.046955496275301135,0.125785597801474,0.019992580249262714,0.010332516443167569,0.03063619294903931,0.6821232676967613
0.31455230546461,0.09371072684595767,0.07497682598858625,0.09740080830572438,0.07132754975484533,0.20365766823145126,0.07857069089768993,0.021243520001646195,0.04455990450948899
0.06068492125668875,0.3338118467914755,0.11645074489191092,0.12761558281230392,0.10141243695683884,0.11522232662452021,0.03782607708619082,0.02140882366355883,0.0855672399165121
0.3017137515856014,0.006437791322910878,0.05625882403634757,0.0802569017782518,0.026803065661290856,0.07973990956389441,0.1245385063402971,0.2813349886142573,0.04291626109714864
0.2246073274002636,0.01734765226617403,0.21771558670920596,0.06049219648060414,0.06911482493053696,0.04119091754046751,0.13185971495063434,0.05367309369445966,0.18399868602765387
0.024684242224563408,0.17290134718298297,0.10027414203958607,0.069186140627389,0.05511439151323789,0.16250244054852173,0.3680172569598361,0.021329645292739594,0.025990393611143237
0.008712340542835529,0.08640894676787737,0.1723249756599202,0.03596175873463151,0.02991759610964893,0.48375194818836453,0.13655030298772278,0.017959285757317128,0.028412845251681963
0.10663384727258833,0.06146902034724203,0.12991813955490664,0.04674917051214542,0.08580139602056902,0.46403732526438296,0.030358570016693977,0.02246538776142204,0.05256714325004976
0.0402520322934496,0.20530858725586665,0.039689595464867035,0.09173133054634619,0.12450147225293277,0.11858088761655595,0.2582928041846425,0.0947861736299898,0.026857116755349405
0.05086817878422767,0.29322673881163286,0.20945246166206122,0.08306174818180613,0.018345778629334102,0.15525597162017993,0.0673960188260662,0.031074909243096378,0.09131819424159553
0.11700296931202937,0.29434290004752767,0.033219107830007484,0.30117386023053033,0.034309579485753264,0.11628015097194082,0.009197674654287079,0.058308009237363005,0.036165748230560936
0.08043059940297624,0.18757158291885068,0.11128078957512903,0.12614519908315838,0.15792654302097306,0.19494393817703046,0.02431259756205086,0.06394844581749581,0.05344030444233545
0.15658077894410605,0.03774432668597904,0.385270046434022,0.09943624343493225,0.09426919539227786,0.031349448840761594,0.10059298343192119,0.054991615529030285,0.03976536130696976
0.024156596803518778,0.059876446532210297,0.11633517080722873,0.03609860884196887,0.1436136788414841,0.5309874928927603,0.030167002094459133,0.03753463579353098,0.021230367392838807
0.2574527093083087,0.0434112759100328,0.06718011070897008,0.0647718309886597,0.09414953304664002,0.3160836528235544,0.0663892129198173,0.06198478233009246,0.028576891963924596
0.07813208300347559,0.1752403821228413,0.10545596585303009,0.17705872433294031,0.10756691482234555,0.2784173251925471,0.0047714819715316764,0.0433285598264736,0.030028562874814757
0.0190071855073328,0.02805971256203484,0.008140713453148006,0.045659669430260875,0.11994650220673432,0.04128287292416663,0.003093458486594641,0.03275976475659115,0.7020501206731367
0.029392414671313816,0.16365560991012693,0.2859813648241763,0.09322246190982707,0.06261281164397266,0.2493644692273244,0.03629762367486473,0.01639978211789834,0.06307346202049575
0.024006007139886983,0.08342603239184924,0.3471896611107093,0.04665684576733602,0.24479256523559187,0.0334744144406118,0.02220599292740381,0.040976380132224426,0.1572721008543865
0.522774094826067,0.013316825309257338,0.05816962520931102,0.03928541092116128,0.16585970715858164,0.04346971970943919,0.03903203362934419,0.033150231929222805,0.08494235130761559
0.4503682323864972,0.02685665186704068,0.013714003382581982,0.018845074780626275,0.213149050377644,0.07776108928448065,0.0681314820177228,0.06641270887518198,0.06476170702822438
0.17153067895722796,0.3574860829554802,0.02949286352781769,0.09895252447311254,0.059987272266581536,0.09424259406822284,0.052377430916813794,0.03632598761595906,0.09960456521878452
0.1335476782700397,0.12665250602995093,0.08460383440561588,0.07295554015691462,0.3715121007490236,0.08725367437085034,0.052362514786918474,0.03597180580202614,0.03514034542866032
0.3635924695873654,0.023764613514730425,0.04115099552933025,0.07973355934295003,0.09152753980661303,0.02164323409689094,0.05758059732880331,0.27114350888031996,0.049863481912996686
0.1253371073595291,0.04617100794719903,0.05218060748689502,0.17936851078392477,0.055786232466116116,0.4219685211011391,0.04331564225937711,0.03869518800565928,0.03717718259016046
0.08764028991447408,0.030425598246346622,0.004632710362715148,0.07077564553399744,0.0737400748436071,0.07978570275344964,0.016265237469046488,0.1292784529807467,0.5074562878956167
0.5763654468757644,0.07355304931853658,0.03264327404239529,0.04182509270132461,0.038938546556162155,0.06447192875424847,0.028972116873237835,0.06061586615241355,0.08261467872591718
0.02619480743486277,0.05375392984863019,0.005019327954537268,0.08206138901793221,0.17284341732660158,0.053830578556939214,0.010029385971928052,0.046900554481891975,0.5493666094066767
0.07792312726217371,0.047291158524767674,0.4061494243262083,0.1020167453161402,0.08041344174304171,0.031199744574849243,0.10018772717841506,0.06108703346902716,0.09373159760537696
0.09759750503083149,0.16254258433046812,0.2888430393596673,0.08815550101464185,0.06356639551113268,0.07535479139024748,0.17892954130159486,0.026468841139813057,0.01854180092160312
0.013036114014730057,0.03937570105318077,0.020583035732242298,0.05178953921162379,0.17257188197096515,0.054306842071498516,0.026002309748224765,0.0592871157862492,0.5630474604112854
0.410885329775137,0.058367065286042914,0.09821181503650618,0.05588310541604067,0.10342445543443864,0.05175575970130852,0.12947224609920124,0.05660915157117363,0.03539107168015122
0.09340728906555373,0.013446657613110024,0.035541001586127274,0.034776589002367984,0.5386025239132064,0.04045873953397327,0.013769376244678442,0.08290103504979551,0.1470967879911874
0.06539021131001364,0.06398173224956512,0.28706217490246494,0.0959386302280939,0.03826139775525353,0.2511122491557219,0.04488575171886446,0.08003259287179566,0.07333525980822682
0.22705950932576646,0.24182484659588724,0.20592308187049482,0.1095914926640052,0.04959408619834488,0.0664534627914124,0.014058791151220155,0.045162011171460126,0.04033271823140865
0.032542914351616166,0.049891507390629274,0.05267461044847819,0.1440867387741112,0.04816412836045366,0.3733532170607823,0.21618201089917488,0.023924108514619125,0.05918076420013516
0.28470225491850715,0.10810121704558733,0.19968917255042654,0.07581016477768666,0.05617491278373737,0.07653753865873635,0.14758137868372798,0.033364217665709954,0.01803914291588077
0.028877319452020694,0.08744956089416715,0.02047232416643775,0.18550777431069218,0.15654400166190016,0.2723434870239407,0.01926016500025147,0.07515910184202944,0.15438626564856048
0.38814861412300067,0.012796890101791464,0.061299772967858386,0.10645257303609958,0.07873428566657405,0.13626573430950414,0.02738855506019496,0.11946534341335609,0.06944823132162059
0.1911461580002455,0.06442971794769849,0.09350883094281086,0.12738714486842853,0.07804268032586213,0.08333370309176565,0.23783107982225082,0.07352976574294952,0.05079091925798849
0.03476146566938993,0.008161562128656043,0.020013980759456193,0.025652615488270886,0.25117990987997835,0.05118858953807564,0.008848090437413351,0.03784289029818001,0.5623508958005795
0.09903584245996051,0.2191956233718352,0.08615413417641349,0.08115801987093883,0.12324883565235532,0.17656767714691893,0.08423660003488327,0.0573706154855243,0.07303265180117001
