0.04895603944490944,0.023275579849413797,0.07991033104078514,0.012056981374739978,0.09141140154009414,0.5517723430485834,0.08552286106352482,0.013881518175393381,0.09321294446255596
0.3269182167342795,0.013835463398384215,0.015024909191128234,0.19829866206553892,0.21634602466052003,0.05014239076058007,0.021906096545902046,0.13180430347733943,0.02572393316632764
0.3307220030053082,0.13932455882784217,0.0387077594726647,0.16302438568918554,0.15090294193626877,0.04238362020070633,0.030928743081573395,0.06726004168614884,0.036745946100302115
0.23974656899814184,0.08841943825821001,0.03395282040977322,0.11733155232121177,0.10626766769543923,0.054997620913962875,0.21267638207510378,0.096767109505204,0.049840839822953266
0.13242002353630114,0.02268642177154058,0.4536493705342712,0.02750198290233573,0.0932552332388706,0.0668457888049519,0.058650528993388705,0.07669688880918502,0.06829376140915526
0.10685312034788996,0.07072410311794114,0.01854578163383344,0.13082846500326475,0.10319584852625947,0.23718303369241345,0.05744669690281152,0.054366205740066974,0.2208567450355193
0.20351016035790756,0.04022183931051291,0.49486068851814524,0.029453581362512308,0.026008440153857195,0.08901433230475118,0.03588792667794841,0.03998010849966527,0.04106292281469999
0.296008808842742,0.09027972472699801,0.06074162610016536,0.1633123983141265,0.09902042707628306,0.06778966301287982,0.04990136676913762,0.07853765110148175,0.09440833405618586
0.07077353783193649,0.02069393170808146,0.030017019331067693,0.10016171542331175,0.04654297364052848,0.08735030522870564,0.03747073547898629,0.07116439672927692,0.5358253846281053
0.043512630289215405,0.043107628733706695,0.052717015405597055,0.5687084596353139,0.05380658803702828,0.07420802868502148,0.024649097352991384,0.1111405602974422,0.028149991563683613
0.07605193487985765,0.04617570463548642,0.06261496788845115,0.16146184827494858,0.0971960613698623,0.17545565357524642,0.14005310446425262,0.1650909481711612,0.07589977674073374
0.11512251910271169,0.17340468195802958,0.09347148025538408,0.214812927385185,0.19785650424080767,0.036750415685118394,0.04225270179493638,0.06224043238910565,0.06408833718872155
0.04429857721619509,0.27435602631349054,0.017730000209453745,0.21376079912130116,0.14528802920283038,0.03147987802488709,0.07915185435588253,0.14161859556807918,0.05231623998788031
0.29928902301243737,0.028477807948637968,0.033451522961974095,0.039288493253165094,0.20913990135376062,0.09402336130846804,0.04816906868549172,0.22354378946561956,0.024617032010445555
0.05897170578601583,0.017967977032461672,0.007684513751420415,0.10997901448479395,0.16786684674819763,0.010314264234636753,0.014478809743970913,0.5979723171250183,0.0147645510934845
0.2718040456596494,0.026875989097977355,0.06268387476885011,0.15448145368607816,0.11121031282325133,0.022065766734806026,0.05899531206500197,0.2667804513385164,0.025102793825869166
0.22704731344493334,0.0793489887086446,0.1277637689063743,0.03332039361999734,0.08442919632890104,0.2890290724653069,0.09790602854627821,0.03168094522512084,0.0294742927544434
0.0604485711670655,0.09058859535274943,0.07685816049980043,0.5584132764658037,0.028756741763553233,0.029716002738185327,0.03687542790079592,0.06284434796170481,0.05549887615034157
0.08666216891058452,0.24215631341216823,0.31969174735461886,0.04291236741630344,0.09645345674992785,0.07173813471850504,0.024871385858823102,0.050835528689646144,0.06467889688942284
0.08388963723485264,0.03232937534939025,0.40414754599395114,0.2394900983527544,0.032689299294297675,0.044732373834817846,0.08115466285049608,0.04443319770094411,0.037133809388495725
0.12049815668038129,0.06108358669119271,0.33842659120436275,0.091772088406051,0.05897217784985612,0.11448201810534298,0.03395620339043619,0.11865453361542931,0.06215464405694773
0.20116970671298653,0.02941572288998349,0.28285607032598015,0.0903203862988663,0.09999689295578973,0.06283642817451195,0.08040323916273166,0.09233478689844787,0.06066676658070222
0.0956624948697365,0.14061206344296726,0.2791985474050042,0.06817895356422962,0.039601978895313084,0.07364431606513348,0.09977360277825927,0.07481523891056169,0.1285128040687949
0.07246791153073158,0.06727234949794848,0.09637951511434857,0.0828743997839513,0.08615038547135807,0.05645928644564996,0.14685696045364774,0.08062001934827155,0.3109191723540928
0.13178135786096398,0.15549129304312095,0.04881876028983273,0.06436689826560829,0.1279324668142197,0.0492928929131217,0.13023876065518997,0.056074073182184304,0.23600349697575831
0.05483058631947959,0.10417931231494271,0.071087842958561,0.22382196189239956,0.13557898978852234,0.08202933454480565,0.04600502210114222,0.21309532454372418,0.06937162553642275
0.12338705094612025,0.2702570730113368,0.04939440622185536,0.21880746829958864,0.07550563244973162,0.04692280433735626,0.05397428984237764,0.04742932350049487,0.11432195139113858
0.04294323703913949,0.07600970971357916,0.46450235347630464,0.04086147014622663,0.07250279643424357,0.03622403662431922,0.03932009803327117,0.046460081809746014,0.1811762167231701
0.06967888987586543,0.06740655486844903,0.01303135637827435,0.5504251889900326,0.09482394701692394,0.016010945123796454,0.020127587182182508,0.16244419178290345,0.006051338781572448
0.1678919812412949,0.0168826327522676,0.03615054720388806,0.061674328681790895,0.14459082947814184,0.04509111455571341,0.14040261946315602,0.020214325628980827,0.36710162099476645
0.09869535616757551,0.018171128995785994,0.03549160183910543,0.025086733329187007,0.26771578853714567,0.024031473811943458,0.017484285993463123,0.4736179364237281,0.039705694902065686
0.09379066345411524,0.1466100543673913,0.07997458147646659,0.07502687733125762,0.24971644349653146,0.03530211781956304,0.0485555064414141,0.09103832833303965,0.17998542728022107
0.0577973847717673,0.203507014658631,0.05423922183981796,0.035668258833826225,0.0893608263850016,0.14189702847478372,0.14776901829503888,0.24098946831676538,0.028771778424367973
0.08672155166370211,0.024067626752113616,0.03166916641922981,0.2658271623648773,0.18171295102633725,0.01724235442939937,0.07336571037572483,0.04429591554843529,0.2750975614201803
0.06526859763823097,0.07382054747929523,0.007275612055832609,0.38795779092221405,0.02197379686311433,0.03460160435708223,0.2252850710861332,0.14387437627234778,0.039942603325749636
0.20826492740897237,0.004936275374236902,0.20463473926514789,0.028713177465595735,0.25158462653360003,0.03171019820275958,0.01855328436486137,0.2358076251133547,0.01579514627147152
0.057835929752455134,0.22921247701246097,0.05187280580196405,0.09238641998566736,0.092386513734197,0.07562325736454939,0.130105783052926,0.16870670765741705,0.10187010563836296
0.10068259044566208,0.18024418192395988,0.05671039124460672,0.1381451001696147,0.021295895767688106,0.07228959189066224,0.07583197538338056,0.21695085831751326,0.1378494148569124
0.24225533019370118,0.15782937031213642,0.05318056790791903,0.13545400718769607,0.0982015599522173,0.037555439491315665,0.06485696869835915,0.08194192636934167,0.12872482988731357
0.2345868988594869,0.07081703717327173,0.2014452509528387,0.27761106924252027,0.0329879387501098,0.0168928525824413,0.04743072951789625,0.028462334600916506,0.08976588832051852
0.17847707390856704,0.07126239487142516,0.1906333791002569,0.16667957298197314,0.05928544590696131,0.03278672355153317,0.09785749629584406,0.05819814467876399,0.14481976870467528
0.08384993792335609,0.07545936173749691,0.027783320260815227,0.0492416027216365,0.2520222099178721,0.06258998554990217,0.13059045200593863,0.07913734805559254,0.2393257818273898
0.02739509038199288,0.07047624110460458,0.09342139271498258,0.34411186192847315,0.10575741231508484,0.06343904188336037,0.16959480421324902,0.06285216892829051,0.0629519865299621
0.1673043870539863,0.3107478877372576,0.04794683719262637,0.09839250464468281,0.040042104182899295,0.12742937881655245,0.06429021786841524,0.0778428841296095,0.06600379837397037
0.07595740105891063,0.1607692313268926,0.17782807417504765,0.1462891483322513,0.050799231759863527,0.13723808968568044,0.06337607425725234,0.08651608187316305,0.10122666753093844
0.21520914975671432,0.019631281803368802,0.07682786835517731,0.3081223550127514,0.03145992948215042,0.13442835927146618,0.03313398297545967,0.13262492558321395,0.04856214775969784
0.13068093717903942,0.3944382150671744,0.016779695398394936,0.023845310144865763,0.13922981103832408,0.03560098422399479,0.09864053311194314,0.036498723265668505,0.12428579057059487
0.13063774545915188,0.05053470940485292,0.1915492227336361,0.11696063212587542,0.09866433113369377,0.0863797958403242,0.18422213670524876,0.05016057346310091,0.090890853134116
0.10775490916631832,0.11703265115406973,0.03536929440486903,0.46685921050701923,0.05500642767861518,0.06948197820813588,0.041812592285508245,0.08185514470943693,0.024827791886027472
0.16213294628013938,0.04480482889502346,0.010684485953998998,0.41149994734683665,0.12245292274508157,0.06281380889470176,0.019266137686585066,0.15142473742470386,0.014920184772929302
0.06684796687009593,0.22928994188380603,0.01454556675095449,0.32461965392101183,0.028279340804411274,0.10562298734493603,0.06155945835901078,0.09694370847131077,0.07229137559446283
0.5446780732369927,0.026427980377945137,0.04648648403591171,0.11358883718671069,0.04321317960989333,0.025074201457562294,0.051818629664268596,0.10763701422126777,0.04107560020944779
0.07898448081461083,0.03133141722568081,0.17638172832288246,0.06889798464390945,0.04677751896778006,0.10428782272002789,0.13850525365179148,0.08280974710750703,0.27202404654580997
0.28231569177889965,0.03242813720655558,0.11614368099722112,0.09593468862512194,0.12761832579391166,0.042852075712867276,0.036912789084111775,0.24442055584088265,0.02137405496042848
0.3914110419116293,0.036495616591744336,0.10624973902045982,0.07320193405144226,0.04059393940994943,0.09954968219236825,0.0820203843439886,0.13800834998366196,0.03246931249475602
0.03994566388324264,0.09763296923216191,0.03931481764987738,0.19419604912754004,0.058019946840455416,0.043013634175919156,0.027735920985395787,0.09115501013517062,0.40898598797023705
0.15886537882244958,0.08889337172858343,0.07968345622417133,0.10118950770453557,0.014679300120591182,0.07235347173618305,0.038368878590528906,0.35625147278503083,0.0897151622879261
0.05967049920924274,0.0602537748790296,0.1391514099842941,0.2124381302289041,0.17982067433954732,0.09796701578281775,0.052579213532179286,0.11413846987631678,0.08398081216766828
0.4642776004840979,0.013663122444738463,0.11763461970403026,0.06425702229035966,0.11622582762285376,0.030386591578157984,0.03194793586569504,0.018826379445322918,0.14278090056474396
0.029291214661294102,0.2145193522690949,0.1799107994671368,0.025218832445802433,0.09695352235451145,0.06235770647423827,0.062034433512597416,0.08688495598586486,0.24282918282945967
0.18511215333616668,0.02517418519880717,0.30432792782473,0.08778739367036893,0.10323500895227582,0.07911776963326038,0.03556793790672392,0.1593023774089257,0.020375246068741405
0.029167113657196212,0.08604580721985881,0.12499914552017193,0.05261994139936533,0.0740194603048578,0.03425205093915038,0.09023185853167032,0.048710712880962716,0.45995390954676657
0.0980222985156755,0.06139616583963491,0.38961358742322477,0.05709535794926588,0.028214001276455982,0.1349781829564013,0.04498267942928771,0.0934960632793434,0.09220166333071045
0.12228738581122327,0.05743581602057122,0.13340835898449258,0.008960719351712155,0.1336621595606292,0.06170095980315026,0.13577878314347,0.07925651299868396,0.2675093043260674
0.04761666462489395,0.08492975058738328,0.039104969782504655,0.5331227489472042,0.04032742284371497,0.03591697836536503,0.024420428638960715,0.06363159836615932,0.13092943784381395
0.06915385109436599,0.03397537828454753,0.07254283555272917,0.05188589704572977,0.1793472471392885,0.2970348098752036,0.030749062770517355,0.03619553605385784,0.22911538218376035
0.12704513220902172,0.149745077433062,0.03993908993561573,0.15105845776313126,0.08050341945965032,0.06723211965000403,0.3368871487616687,0.04081805071027505,0.006771504077571197
0.05220981132280459,0.0578507156647029,0.3227609153353011,0.05469453261593952,0.16998431560285568,0.04948092629026459,0.07174848289873491,0.09979919469150801,0.12147110557788858
0.0898280522571253,0.1166917064425806,0.3516591167216057,0.05175654565973012,0.0418645105405869,0.16185907791700793,0.045276130210109365,0.09088696678346658,0.0501778934677874
0.09678506486758558,0.0208244658846964,0.13700421623885015,0.15665558714371156,0.34733929127874896,0.07855790191344349,0.07414855497969347,0.05894538842289737,0.029739529270373002
0.07125569085947497,0.1250500167865111,0.08601193828130947,0.19100805443017807,0.033535338322238484,0.22516168318802987,0.08005428773299625,0.03732574228072779,0.150597248118534
0.05106095710640102,0.05593233987936939,0.3742192466163456,0.10165666838674085,0.04274047518627494,0.178707726917975,0.05955593427958452,0.05254755291471252,0.08357909871259617
0.1221556970891695,0.06545544119707503,0.03504498898980202,0.15246306760404563,0.027366171053426102,0.18098713547230708,0.136792914417447,0.13270711519651093,0.14702746898021668
0.14922639440903443,0.0951339979883566,0.1691951384975399,0.0727812942522152,0.08209312804124852,0.11063104461229194,0.10990829345618029,0.08260339935470273,0.12842730938843033
0.3084154343146954,0.07943110919167873,0.029371696819540414,0.027012959188522655,0.11076565928229243,0.15619175721391662,0.09935756757700204,0.09678180720842082,0.09267200920393091
0.08038296932562437,0.028758669470462715,0.17301568778957757,0.05991705454876428,0.17148278343163872,0.04951693025811096,0.06783442525361216,0.28757829483688174,0.08151318508532748
0.27923381218183113,0.08230954454033618,0.025469844616765044,0.14590463706932347,0.15115813282614962,0.030800463276427298,0.17541859857271444,0.0659779353513082,0.04372703156514465
0.052912629454985975,0.08940183310627116,0.12231501204938706,0.3993598687177536,0.040560595354130806,0.06388144820035783,0.04145600835118606,0.08282749402916594,0.10728511073676167
0.09864619973035944,0.022491863822295784,0.029074453292413597,0.5268357157770094,0.11293464198025777,0.07721885843713729,0.02455407679637468,0.05454454218031283,0.05369964798383912
0.05249053127756768,0.060719615390201286,0.05832873204690298,0.5839789808033843,0.0542966518234388,0.09459774018727592,0.029476031855363172,0.040204256878118974,0.025907459737746857
0.1434478566470455,0.03221620188677926,0.031311474805206435,0.07685614302515426,0.3195174104036706,0.03402940407006638,0.0848913633773738,0.19265624728573902,0.08507389849896474
0.1495227840231463,0.07635941508849374,0.12152728804047323,0.07337677940818504,0.22043296973485335,0.0943729113332205,0.09216665291588831,0.09275668452433845,0.07948451493140114
0.02198272773785934,0.08692117922941399,0.033468016112715535,0.0865578316091415,0.12750300187419097,0.10093074103622769,0.11807284296249491,0.3218215797498319,0.10274207968812422
0.259173451538868,0.02742318895394709,0.03274215045872268,0.2048482279104281,0.08798968921163564,0.02814845134363959,0.026220518174235857,0.3172312559915218,0.016223066417001105
0.08902369564207173,0.0421954888756235,0.533525381121671,0.04581281827794383,0.04326148583959664,0.10984663347821537,0.04138393583129862,0.049310460777253144,0.045640100156326184
0.20799046430403909,0.1470069132238506,0.06843778146647304,0.050801984808833155,0.035758081311026264,0.20789167939880362,0.07979413204153707,0.03609202704924854,0.16622693639618866
0.057499034733312714,0.06517724633730854,0.31121665931529835,0.29016045626009335,0.03360154485095243,0.07500486550387435,0.047954579322158665,0.08395249241126856,0.0354331212657331
0.5091615901367758,0.048027318179217356,0.08029993623516891,0.04514707571928769,0.08945952563968995,0.038353695294025686,0.05656929899518324,0.10089824228480443,0.032083317515846956
0.01585583851635095,0.04310017258955906,0.23511016004582905,0.14278091853564331,0.28452238496918575,0.04128589610445244,0.04593367614259559,0.1455385347334599,0.045872418362923974
0.056231617226479035,0.06883539874891503,0.29360301420353746,0.07408613612313518,0.13088482961921327,0.05772153757160058,0.04851391615875205,0.16984171552170338,0.10028183482666404
0.3243166400519913,0.053312630086734786,0.051768900908444604,0.136186202198226,0.029413070720771928,0.0451471308061076,0.10618180556100698,0.039233048938476095,0.21444057072824071
0.08908011941283589,0.09558931379719578,0.19874133203239733,0.24471405035655538,0.06661510282515819,0.09435246300558098,0.04232048523789903,0.08459848372636243,0.08398864960601499
0.11151714401397177,0.10147797028290435,0.34662159508082313,0.14841438041368776,0.07421494037300295,0.024930015634016842,0.03179867897042425,0.08789763931547064,0.07312763591569824
0.1698882835691582,0.23834573713642995,0.06569377008673126,0.08479150417481374,0.09654873125409406,0.046141049830757445,0.08371098204476228,0.1514629126071075,0.06341702929614562
0.07387536550132565,0.0728717940165104,0.16142502940489586,0.02343724982448682,0.1935816146939806,0.06079889212988556,0.04244618209370767,0.2644631340455987,0.10710073828960874
0.4240807677218373,0.028235050434811008,0.05690602369362868,0.18351279902299358,0.058748048697167744,0.04410508333889502,0.06713747618130257,0.11384578279612619,0.02342896811323794
0.040889796314369266,0.03369221757159104,0.051888186658584835,0.6204016112672207,0.09395151681042051,0.029867828604147145,0.029340967729956712,0.047325782540137105,0.052642092503572636
0.5238898162431281,0.07985467417813752,0.04156540943738802,0.05226116992371394,0.026788101597666952,0.06270399320956893,0.033835413953415334,0.1623249823524163,0.016776439104564885
0.06438607203381912,0.13505327720416951,0.32906276240945814,0.04201675046638986,0.09774572020944555,0.1402153539030118,0.03278662589954232,0.037885246531976745,0.12084819134218693
0.14067839658227513,0.046754262009625513,0.025772137026143494,0.32430254692717553,0.13476068294178145,0.10275930289016105,0.07245314485673565,0.06259727709546947,0.08992224967063256
0.0434002398258432,0.12045053137517436,0.19081886780191612,0.20282298783398775,0.08361846293411938,0.07264735538620297,0.11731999159516465,0.09986893246506791,0.06905263078252359
0.06892040081600605,0.05449603668112551,0.3369762973398422,0.11538755450650758,0.1277200014716259,0.08217389954200827,0.07561850938481923,0.09942782333498519,0.03927947692308009
0.0248609702690689,0.11107988948325254,0.0634054808562715,0.041558746011453346,0.06090021240567605,0.27760948208429165,0.08186487929505855,0.12099675733899919,0.21772358225592828
0.044458157014945404,0.02854187478403077,0.041447668898722145,0.15310476257386535,0.11377774339366224,0.44553118025260624,0.04383928657338604,0.028999568399006984,0.10029975810977487
0.13802605719150976,0.1142398403958596,0.1051061781401993,0.22931065822848148,0.10207804999616106,0.10960007747688516,0.10228128853036296,0.06129039527932329,0.03806745476121739
0.040563338989440555,0.05470433553752504,0.3950747998069522,0.044805987685122416,0.03968516404181229,0.04163566146446838,0.06631526409165935,0.052939060552967154,0.26427638783005264
0.027894231649316092,0.10904370247904283,0.23280473056086007,0.18680042459394017,0.06486489693873128,0.09395691398082566,0.06842772986428497,0.12182499405775704,0.09438237587524195
0.45330619925585164,0.059868278084859415,0.03840189019066632,0.049233531495289924,0.19347251101273297,0.0299800630777034,0.018588086474785694,0.11221886520038617,0.04493057520772443
0.03139728234869909,0.038190924006401575,0.10662327800459864,0.1088458490653277,0.05459071557611595,0.19241367811379215,0.07238585641357106,0.08830901440965093,0.3072434020618429
0.08634487003182612,0.03420380993519211,0.36357868545947486,0.16614361460849106,0.0474580697424224,0.023618726342790497,0.05818575274751148,0.1494236588381078,0.07104281229418384
0.10951530606467326,0.03800400838811736,0.18695491166027853,0.07383492676435863,0.2141067097491182,0.10566414484187704,0.07133055849378966,0.09854011345992952,0.10204932057785786
0.037605975613416144,0.03666660826192692,0.0393219257731795,0.6370244513110737,0.049903334478794525,0.027519946701959935,0.02094458433252952,0.10382194841065669,0.04719122511646311
