0.12228011092231957,0.07159210338483496,0.032823579366496464,0.10916550640152706,0.09307530193520118,0.10844040469389073,0.24979215606930583,0.1031730905112699,0.10965774671515431
0.18261450258424214,0.10032949583885808,0.041680872750112445,0.12057213672033414,0.11855536955408451,0.12095131071971678,0.104898088302681,0.0927089674355031,0.1176892560944678
0.13715359398566448,0.11344189349811702,0.0872177004092336,0.09583770251410491,0.11088560177776996,0.0852227301319564,0.03512078783337368,0.21021192661831925,0.12490806323146077
0.08229938191461904,0.12223949758576759,0.02393016432060321,0.12696809910269063,0.1394539290195674,0.120507627505962,0.11741256512371258,0.1523354349719228,0.11485330045515467
0.2164316140141098,0.11056283670995513,0.044737023674353726,0.11589447311477537,0.11083932601129677,0.07363099086525758,0.06921015197327096,0.14194840369596204,0.1167451799410187
0.048339194467782086,0.1240199482446102,0.021647868762669675,0.08867478912519901,0.13264742766873694,0.04428258341407376,0.3267984996058357,0.09711626820711101,0.11647342050398153
0.1489719113478372,0.13309227104884358,0.023245329072867766,0.12110140274987659,0.1029848241709974,0.09169798368480082,0.18351870300640324,0.10677939787762081,0.08860817704075248
0.060806354212206454,0.10764364596907772,0.0870582086842604,0.1565601608421261,0.13590117242659241,0.05531686720339122,0.06518459110458198,0.22831568303939118,0.10321331651837251
0.10909030597071327,0.07985368077366635,0.06887173812968429,0.11389498585137599,0.12893788992112737,0.1425276065431926,0.11292942113823262,0.121681598811607,0.12221277286040051
0.05614099954578245,0.13091370552827833,0.057758115360177976,0.1253596717219427,0.13907092067568969,0.1248706312802476,0.15413691831325846,0.10643169743706064,0.10531734013756229
0.11240330262348942,0.13438719638763336,0.09531316703072755,0.12168607624604562,0.11963810195815712,0.0701900259120874,0.1338193104899111,0.11223539919855025,0.10032742015339817
0.08391470314067047,0.13758827879674787,0.04509860042685034,0.11069671823681572,0.132228784716976,0.10266052029736333,0.203514002895287,0.0746666832240649,0.10963170826522439
0.12401499695862095,0.057936972635820594,0.06866654901568252,0.10984290024032939,0.1312006648018187,0.08710371945161877,0.1405378648260973,0.12257443895806837,0.15812189311194347
0.0448719357997567,0.1699167033662714,0.12247016316086268,0.09204069129983423,0.11626436060446523,0.02487816125965328,0.2415723908594685,0.07780321189133767,0.11018238175835027
0.2070008595968663,0.08500605980858204,0.07951476954279138,0.10074276255503721,0.11215620640734343,0.09417921248915807,0.09942419516986516,0.07765314469964468,0.1443227897307118
0.08483000477233271,0.11729925104517759,0.03135381024541131,0.08543449446609985,0.11287354581050173,0.0637793576126812,0.29715154385165743,0.08302261885147631,0.12425537334466191
0.1175974164460296,0.17707188864822124,0.03771990517406207,0.10909866061312545,0.13925281714962576,0.09512960410194893,0.09585547510852145,0.11157122062032286,0.11670301213814267
0.050455086243608754,0.19119628684339332,0.04582741100435464,0.08583984826739671,0.11261765271673985,0.0285392050800068,0.2858764988631719,0.07538786449384643,0.12426014648748158
0.0947114726554875,0.09939315598051067,0.07643567750289759,0.1069925545056783,0.12082120357048191,0.030574391062928943,0.17981674609332865,0.15498828059975656,0.1362665180289298
0.11422271814996238,0.13818875489241852,0.21039661702160686,0.1057438631203398,0.09855278640761816,0.05025293889303923,0.0671067296016654,0.09717670753240899,0.11835888438094062
0.04098185237131158,0.05263259842348376,0.4920556980706356,0.08154477767934487,0.10032923664806005,0.026289584699422,0.05783784945532885,0.06213249421557283,0.08619590843684054
0.062176937812030354,0.143380815964005,0.024414882833972695,0.10062478826651265,0.13657377726138226,0.09055943795220611,0.24287937344502522,0.09526540723327442,0.1041245792315912
0.13401126676066144,0.1163896608469248,0.03481522548151712,0.13611178586155567,0.12906066711382072,0.09479249137147082,0.09578596368011905,0.13226711904240082,0.12676581984152965
0.06289906135955887,0.16924786862590013,0.01742852997819429,0.10507746695275078,0.11652640558562323,0.1613505309601114,0.16802920797853216,0.0769561890237135,0.12248473953561557
0.09876190042033413,0.15689939071060052,0.02492345975071854,0.0949149736672465,0.1376754175684955,0.16709394209727982,0.12614930034370272,0.07676730022412202,0.11681431521750019
0.07844567698219711,0.15105742063265118,0.03177658926902763,0.1035173167805676,0.13790370289793172,0.07285258835839314,0.13630584900877035,0.10901629565946147,0.1791245604109998
0.10008434969191558,0.1287936308451378,0.010169195124996405,0.08766538441426892,0.07900125988729874,0.21778741379378408,0.21933854385396398,0.05511430151109728,0.10204592087753726
0.04114788652501506,0.04760375739792566,0.5402714555075884,0.08076535451769624,0.09995291483294355,0.03182020276147249,0.018062496128109628,0.0669684762036598,0.07340745612558916
0.13122706551308547,0.0429668906998358,0.10493233656685984,0.1316590809040876,0.10175589189041455,0.20386773796943713,0.033799378043702345,0.14290333224608756,0.10688828616648965
0.07901272635146005,0.06869949836327897,0.04724113679067183,0.08760115591512956,0.1050242044920006,0.06728050728010637,0.34463707140165684,0.061824527655317006,0.13867917175037883
0.06120399422742553,0.1098021844434242,0.12766634373144636,0.11433337898086926,0.15827068234438565,0.037841595606663336,0.1252459818614312,0.14201682319343065,0.12361901561092381
0.1229027713774453,0.10205774252452045,0.05019711680058759,0.11451406328950768,0.12678323702426567,0.17011953241082592,0.03274157630157092,0.16221549722475806,0.11846846304651837
0.04472798265954384,0.03813742709926339,0.5033207912714261,0.061890023931805545,0.0793298172311482,0.027257202072816126,0.05861343018676408,0.08537011536340423,0.10135321018382842
0.1114666225617502,0.12058500892472528,0.01742156293323403,0.12891916926369626,0.1416096938469362,0.08826881022594331,0.1293615298913825,0.15700008744955418,0.10536751490277803
0.08879549987060231,0.21034989731155154,0.013318548328588526,0.11225645535634943,0.10315756421776767,0.11317399668916579,0.1640195472349939,0.07967047895760208,0.11525801203337876
0.051335748798354924,0.11795227661036879,0.06080069629586745,0.10001188123728388,0.14054090146720818,0.05490659566456316,0.24073797474702094,0.1098843143618037,0.12382961081752897
0.07872530574046771,0.1693874053661453,0.02517266201628619,0.14049183630338025,0.1272964235650009,0.0928412691368095,0.13310503707795204,0.11541612422831678,0.11756393656564124
0.052594020119461966,0.2586998822445583,0.03101492283683695,0.11103127327741441,0.13333458201331186,0.06855107679374821,0.09075637841885664,0.14781063055392693,0.10620723374188475
0.08290913089450702,0.072236610492513,0.21735055768390732,0.09178604892806948,0.14043665473844147,0.05890153890240579,0.11052122860234448,0.11107148890777689,0.1147867408500346
0.16273514182201065,0.07507466858655047,0.04876101251528323,0.1368410030273137,0.11173828381733504,0.08600882380205865,0.17322279587401523,0.09520603501592521,0.11041223553950784
0.12483631814222328,0.09169733142491919,0.027798923159704808,0.10869762470581089,0.1475276155532779,0.062409360914143126,0.18192454057965224,0.12906425624691278,0.1260440292733557
0.061228335782533776,0.04927971088405438,0.01124737126124948,0.06943865964817232,0.12490286699931569,0.22639743926811595,0.2934590434354285,0.06161253980234891,0.10243403291878096
0.06917296043052522,0.12578252207294113,0.01815510079704272,0.11219474669238294,0.10955439163628218,0.09846127538954791,0.2593220266584117,0.10078670805201988,0.10657026827084636
0.05063836137718825,0.13998137732509722,0.0422034914049918,0.10573636491573495,0.11664878351513347,0.07295727953874376,0.24670324302956245,0.0850044116603955,0.1401266872331526
0.08557745376436605,0.06421930590703379,0.055695906676178464,0.11997802460365455,0.11731825693081462,0.16735430194114284,0.13160777246917346,0.11956561976156634,0.13868335794606987
0.04735825130622238,0.11335105004581862,0.024336964910333644,0.08931272232416887,0.13564066734340555,0.051870684827689695,0.32383235067884814,0.09312421327711985,0.1211730952863932
0.22721319012219657,0.13491311740011366,0.045528609647119196,0.12959711191222942,0.10503353018221122,0.06013920543662918,0.060187026632568884,0.13693011908996938,0.10045808957696241
0.12303157490221295,0.11632535582834884,0.01985511431071193,0.1500155832864575,0.08088426068283737,0.19899767132197055,0.1707986457307877,0.057474400129214676,0.08261739380745842
0.0839837101193139,0.1391577902728768,0.07759825708651198,0.12230278973154506,0.12675474055595873,0.08418963166741594,0.16673113102794976,0.071209908562223,0.1280720409762048
0.05840167525996289,0.11435373556306642,0.03959592028046125,0.10617004184288342,0.09194056463865541,0.09034398911759882,0.33478208022120554,0.06501658128268788,0.0993954117934784
0.06554386306548415,0.08363174364484745,0.014211435641361389,0.09755550494829619,0.1257368049024243,0.2536826370691767,0.1357457569658182,0.11406322925410661,0.10982902450848497
0.1324920858270142,0.10788859290236169,0.06097239995676273,0.12416236217610412,0.11867596419055172,0.07044560795231684,0.1207679557364731,0.12368665577509032,0.14090837548332535
0.06446146611234234,0.1570362891201552,0.11078961150958344,0.11048029687931832,0.14504076846474576,0.025432261468351553,0.1376229958185016,0.10985315593730567,0.1392831546896961
0.054766484342828714,0.18469161973102502,0.02106703486304176,0.11901938379699895,0.11607305865025903,0.05065635413893708,0.24774265878620758,0.09027285443673326,0.11571055125396863
0.08751652360579293,0.15331904107486846,0.203590787558531,0.11532147724869535,0.12487550070440127,0.025778583614291323,0.12590899573837785,0.06628475534634615,0.09740433510869566
0.11229248378925079,0.06232486561404288,0.026816552199317428,0.08568978918198035,0.11501669061757387,0.05026952587666794,0.34789025780971167,0.0747115761204238,0.12498825879103122
0.09042627238708993,0.11622363242503402,0.07793118852838,0.08631580753663039,0.11003824519073564,0.04714797519161259,0.24909002924062293,0.07165808231589907,0.15116876718399544
0.06371697536486438,0.07528074946758775,0.0868433518497402,0.1266501165187961,0.10214179985912226,0.26271569568780545,0.09006424842144085,0.07628469736866254,0.11630236546198036
0.06427523956322195,0.2131933811173228,0.04673301047569076,0.1157681360707552,0.12613352340661077,0.07954680788320508,0.11719923102026791,0.10554360420454038,0.13160706625838517
0.06575093429670352,0.06446260080205106,0.27538120053240706,0.09563545844995279,0.11250944572738904,0.05613868166757141,0.08583073980611149,0.12464492270967198,0.11964601600814166
0.056393075629604446,0.0851536731257405,0.021391011107883245,0.09059864152802678,0.13988364867374994,0.07176587367184889,0.354168643526404,0.07456692842102342,0.10607850431571875
0.07969579219465754,0.11912005170394864,0.03387309280666468,0.08936150011138937,0.11692109965921164,0.0927249342001976,0.24318167589596792,0.08289412602224706,0.14222772740571551
0.09318510308772787,0.12920452114472544,0.08600832801134158,0.11572793884901976,0.12799622732179414,0.08549410973341882,0.08302101753134063,0.1417855667223082,0.13757718759832357
0.1605653003760645,0.11884250586187232,0.0806279328660906,0.1098181523918706,0.13294826190217449,0.06860653471062152,0.04891318739837328,0.1521650032566292,0.1275131212363034
0.09419186202264239,0.12728721240016339,0.010597057409140978,0.10968094268231486,0.10398094990853547,0.12402463118028355,0.17105646419630482,0.12583605590223232,0.13334482429838226
0.13644123568700342,0.1353402553742473,0.19772300232409454,0.09832612137327812,0.1098983993479079,0.05287779677317601,0.034202797450528975,0.130336583170726,0.10485380849903773
0.09319456580243768,0.0789236687340133,0.06212393321609203,0.11628938964380027,0.1314890825341089,0.19080575102251932,0.06608444973188744,0.1230026878687731,0.13808647144636796
0.05545615294116029,0.04746408504347969,0.08893321970618451,0.13635037250457546,0.14060881379498805,0.09255245779248893,0.20957226205135285,0.127414667807032,0.10164796835873824
0.10346758429097785,0.08506101781121299,0.11791966018830986,0.1437131762718914,0.12040941087184348,0.08174089374143183,0.06115792721881793,0.14767161814107402,0.13885871146444062
0.050558480026502504,0.1289967635393691,0.03144197729563784,0.08929342427808624,0.12770754600884512,0.07653619948393894,0.17225262938541652,0.16167517234400997,0.1615378076381937
0.0389938636453105,0.10108450198132325,0.41822458190166384,0.08785760824841188,0.09177767106554204,0.02190722425455151,0.06596965348166998,0.08204531662977523,0.09213957879175184
0.09360184387326702,0.07647139858289856,0.016289198587172125,0.11487349483392277,0.1174855602769566,0.09211827170917113,0.2633720843682037,0.10604767293364736,0.11974047483476069
0.11644936086257357,0.10482889400502181,0.04169951038437167,0.1125860400740873,0.12116874309044386,0.14529034143924188,0.0771004815250774,0.1610991039164484,0.11977752470273408
0.034393925076894365,0.12508175168044547,0.5206788702122985,0.0677505146975431,0.07645800349748598,0.016764664997218067,0.013978465834284722,0.06835577068112447,0.07653803332270531
0.08070793994122326,0.16637067509760373,0.014309787280761143,0.10742665775905035,0.1026288879127925,0.06777222824216199,0.2670844896086744,0.09438660214084309,0.09931273201688955
0.09419307855965951,0.05581821621709874,0.07169841767943527,0.10970649348887655,0.11044349714086815,0.21725876308554284,0.1873137212416994,0.0497487658778222,0.10381904670899729
0.07394758956271663,0.14627134757162807,0.09519590466009016,0.13089088267113194,0.10298780582812435,0.14901255770993282,0.056456997949526376,0.14543706175645776,0.09979985229039186
0.05179231699564612,0.10698955850795457,0.03161679681834274,0.11847290184084718,0.10960613117018946,0.1394504307443163,0.24541417407116492,0.10227986197989762,0.0943778278716411
0.054032812311934665,0.11876400727996006,0.3017978302245925,0.0908605030235996,0.10945731499366233,0.024511635795613357,0.08169569379443477,0.12160370113244395,0.09727650144375864
0.3169816020528794,0.11282542524416461,0.08342762568422574,0.09748364713865991,0.09537118881814399,0.051128294838657745,0.043344441881182035,0.07978119570997498,0.11965657863211158
0.15191371088190259,0.065185699387296,0.04734077671013053,0.10338233429795674,0.10606180685286314,0.1424467389257986,0.1302060181369234,0.13806009451117823,0.11540282029595073
0.07819114535148629,0.1447076778946563,0.011178264050726874,0.10618300014286351,0.09270834175719282,0.20334490217540738,0.21558847268309708,0.07051473912026339,0.07758345682430641
0.055286191274269404,0.08640943955496712,0.016499393381779078,0.10531917376834998,0.11539521114670868,0.2616736293757109,0.18148582144310452,0.07870923634520269,0.09922190370990763
0.13688110841320236,0.1633665078133256,0.05408632440493685,0.13481015313014175,0.11652121539155036,0.054554012024220645,0.05476588082872893,0.1551018007018707,0.12991299729202274
0.05279392702301398,0.12113078782944516,0.03397634504605807,0.09058702693693826,0.09616110617790408,0.052036694286243836,0.2946225475129662,0.10442753603920452,0.15426402914822587
0.10421142628470514,0.16061793908612637,0.017482962036648505,0.1295078801283258,0.11075777239122901,0.12045711176223543,0.09384551219164204,0.1515725312346626,0.11154686488442517
0.032043811514611296,0.06776188267747493,0.5325054652898565,0.07317701416690299,0.08174924121605211,0.016241950798601693,0.031799629056712214,0.07562969517163089,0.08909131010815736
0.09122582637884709,0.07695729682943721,0.029062302851858058,0.11044708955362255,0.1048294231765013,0.15956870112966487,0.19169475691669002,0.092347073780355,0.1438675293830239
0.05279392702301398,0.12113078782944516,0.03397634504605807,0.09058702693693826,0.09616110617790408,0.052036694286243836,0.2946225475129662,0.10442753603920452,0.15426402914822587
0.13786866750950655,0.06921535327556515,0.08123694435220345,0.09860832366135723,0.1364300736447606,0.18211877583294864,0.044860254797585375,0.09389372410561463,0.15576788282045836
0.12396688284830953,0.12860382739799614,0.01527510833832857,0.0916566753517392,0.12035461609724009,0.06682941345904524,0.20771414036526537,0.10205129960713087,0.14354803653494494
0.07128851426123713,0.13408321635190576,0.018685419189877133,0.10767497085182211,0.13464751718690626,0.06195047864328455,0.21853671649768128,0.12820497699238892,0.12492819002489682
0.16608362301435572,0.10418725277616366,0.15979756764645406,0.13471373357118807,0.11018368996164561,0.08579724548454175,0.0335985998978612,0.11095563873558652,0.09468264891220339
0.07869905090626499,0.11425906153005742,0.03154768536165103,0.1037072891426915,0.12328619696692383,0.12380774895403285,0.2512689244320422,0.06519060761701423,0.10823343508932194
0.04859757960997035,0.14540368852157623,0.03890200084896761,0.11028780034028257,0.1282063019753424,0.07320224819783518,0.2783870218718169,0.0650493614746664,0.11196399715954242
0.03933561280425571,0.13038999577815544,0.021938042358360884,0.09104154357884886,0.09693865715497717,0.09983610134936367,0.32925792319729097,0.0778372097017695,0.11342491407697784
0.21371923169058993,0.14643615670939936,0.08162528034581022,0.1091614692237715,0.10687509469568035,0.02815756681002877,0.12200720256940621,0.08155707811409782,0.11046091984121585
0.05278923817424211,0.1396246900643179,0.008283084585991982,0.10657025855539937,0.09599350370988578,0.2993717334427218,0.1169353444527602,0.0736527005845809,0.1067794464301
0.06959338583116499,0.1891272590542776,0.04608319994696178,0.10870574318575617,0.13698200561081644,0.07568217005215859,0.13495496290068457,0.12331568986073721,0.11555558355744255
0.12370249487729283,0.11708257596957966,0.014785458618444358,0.12105119457284964,0.09471605546590929,0.20933097153270255,0.05221632630818204,0.15852458051772184,0.10859034213731776
0.1164770121885423,0.1372702691038816,0.0359433046902176,0.09599455878954066,0.1118724411086412,0.05379416273208052,0.19191334866177193,0.11609187350805193,0.14064302921727226
0.07184709008813789,0.056190123250865205,0.08041645784989841,0.12063966433290625,0.12818426412791015,0.2837225851786482,0.05319792602086198,0.10503975467326641,0.10076213447750554
0.09034576955790889,0.14676030705370632,0.025622188151473917,0.12440810643974103,0.12062648545640868,0.14095650924976885,0.05775895211788829,0.17412358632106675,0.11939809565203735
0.17986659692137752,0.05342348539881655,0.06899590171599931,0.09937852403616511,0.10144376733027934,0.15449533135073204,0.04998973577899752,0.1658482053516677,0.12655845211596492
0.04930847740728467,0.13745437607306843,0.0366989146957457,0.09053770766345288,0.12127974736559734,0.09375390589571718,0.24395668784990923,0.09068119779034972,0.13632898525887474
0.1073803710972397,0.18633710634103698,0.04968669416015679,0.11488007762670575,0.12017147138594479,0.07169971621164521,0.04620783435511491,0.17400237259234883,0.12963435622980707
0.036688090420759524,0.0904351681820451,0.5403637402988689,0.07500211032684206,0.07262427299872908,0.025443221633065023,0.021310712839968327,0.06239684002775265,0.07573584327196939
0.0803148159427184,0.13740036669658084,0.04993377322217537,0.11620376936256367,0.12628962526295331,0.07324696017263728,0.16073465058661343,0.12838903581908928,0.12748700293466833
0.0765895620195261,0.07976080478530646,0.011925859146026391,0.08489986632742237,0.10064662420543868,0.17627316153352704,0.29795772083513605,0.06731244821886416,0.10463395292875266
0.04214481913563337,0.12918689074946432,0.015737027265468457,0.08877157183461616,0.10949599598115645,0.08458344365418073,0.383859294127475,0.05269229034942189,0.09352866690258362
0.14654551165436216,0.07648406287715277,0.052479658180021566,0.11793520190537395,0.1169203012683745,0.05910524602669901,0.13669734699254232,0.1367566513192872,0.1570760197761866
0.0851189445433161,0.09137610208585463,0.13442613592860067,0.11565748832652101,0.12055621754926786,0.10500727098393302,0.07415909390465457,0.15650684159132913,0.11719190508652304
0.12257515324466907,0.11626714564987177,0.01033822765775454,0.10142992641825115,0.10782228557856673,0.07648145853236889,0.24455956495202927,0.09012960372947128,0.13039663423701722
0.11521018275812141,0.139310119310054,0.022444352953238964,0.12271265660552833,0.11666516399772646,0.07228211490330767,0.22054057091017285,0.08479337806407544,0.10604146049777481
0.13449763602522855,0.08118576551138262,0.16963958504466123,0.14109935503624585,0.09134457236259293,0.04478376989330937,0.07391552185358584,0.14510696592100314,0.11842682835199052
0.09711902394442566,0.1465803167405697,0.036820412598562204,0.12015890194013074,0.10319236259459554,0.10431061313089239,0.14123255122483355,0.11641202081472542,0.13417379701126483
0.06509922159038527,0.11400532222489697,0.03783786440659694,0.10824846503648351,0.12544569579224385,0.15975357481225771,0.16629888947112187,0.11691125935241074,0.10639970731360315
0.043436332421073254,0.1005788710095387,0.408356749955783,0.09347992545145513,0.08411340015248246,0.0517731920858005,0.052709085188305825,0.06587804137600745,0.0996744023595536
0.17190537539802916,0.07608625055452557,0.03325992407878133,0.11753774365768888,0.10135904367374494,0.08684497591308384,0.11435140121846704,0.18547050249587524,0.11318478300980406
0.07648460154174146,0.16621489561172456,0.060917267160398574,0.12300315149188053,0.1227798001867504,0.03315535247136575,0.09012727847915257,0.1877561902468119,0.1395614628101743
0.20840415311666405,0.12450852962281204,0.06315906196907083,0.10745658103813116,0.10601495487674005,0.04412117944631302,0.06947806827489816,0.15533579355761318,0.12152167809775753
0.11822834481521231,0.10074295865012979,0.08337308537555915,0.11904339474109482,0.12947332667723557,0.08082372565013599,0.07820901468708631,0.14930332992016052,0.1408028194833855
0.07108550911117299,0.11518114180943449,0.034757366243469645,0.11726316772273766,0.15060412946512788,0.10724014300377342,0.1279580147908187,0.12730344879975491,0.14860707905371037
0.052864431111427634,0.09925044310272813,0.03345549176332364,0.08635635481733982,0.10993978487508353,0.21414006512840678,0.2337109025967441,0.06623225917955157,0.10405026742539475
0.07929685308633436,0.1361969782698024,0.039564189536462964,0.12037341442719147,0.1081053001751366,0.13647102798950458,0.1003812357334657,0.17519141075840192,0.10441959002370005
0.06651304463924625,0.15354935632368064,0.048137099917800595,0.10292192445631064,0.12689012662183363,0.048834022307603475,0.23078795172561806,0.09834939496808691,0.12401707903981975
0.03397110017498139,0.06923306193475685,0.4814287145109862,0.07163658989847889,0.09021851009919507,0.03433227109291192,0.036849592947538964,0.08171062668366243,0.1006195326574884
0.20427084770183046,0.093738803683378,0.08831013858864185,0.1237869596666145,0.08449424221294428,0.11149419315485054,0.0631374768960948,0.12256274585431974,0.10820459224132584
0.05065992820848141,0.07504703994030903,0.04482898202348429,0.1031334416816503,0.11480720787279608,0.23131084465420362,0.20549547542038407,0.07722760248400679,0.09748947771468434
0.06438574346817723,0.1002756421051318,0.02041710922721852,0.09384415646599337,0.11976392913538814,0.0870985367781354,0.33378817483714524,0.06578325604390776,0.11464345193890246
0.04359675479136806,0.12421063022643171,0.02063846902907725,0.08124262304116202,0.09618959660219047,0.06438901795423446,0.3395082739405151,0.10418641921199445,0.12603821520302647
0.03465227841377936,0.08231775827480979,0.5259362868862413,0.07086080174504121,0.08238402061215737,0.026067318887788987,0.025240403935561342,0.06835894887518197,0.08418218236943875
0.04448063679893441,0.22568882434804594,0.1386289917721831,0.09720758145103088,0.12242691043390223,0.08899425016384849,0.09911017528059057,0.08638204621411459,0.09708058353734983
0.2322046184891635,0.07748526042610658,0.1134098749918886,0.11378098862834124,0.0943908519269034,0.09579781276450273,0.0442541391237642,0.11732147291991935,0.11135498072941037
0.12573091020765473,0.11542283161118407,0.031316804097725304,0.12837320352433454,0.12383150701821377,0.18656079744390874,0.07395761036907228,0.08801429803954046,0.1267920376883661
0.14465867408263297,0.06591397041847177,0.05183262560169236,0.11619193294420194,0.11982979696891534,0.18175156164485193,0.062035046164761166,0.13349835667296786,0.12428803550150458
0.06331385813499886,0.16266921976277568,0.03189600618474305,0.07241861855868925,0.1180241880665659,0.07108104591246665,0.26649652110763705,0.09285612085231242,0.12124442141981114
0.12223958712664758,0.08149582483637129,0.06261020833705923,0.10686224102514941,0.145459113947325,0.06894674979655296,0.16092997603164438,0.10955530213643085,0.14190099676281934
0.051843248349548676,0.05440908224778825,0.15917807746819093,0.08913380217058786,0.1363338446666498,0.08704000164102073,0.217884354799272,0.09201015818566143,0.11216743047128037
0.050307446917101206,0.12708322047100754,0.0726284965567034,0.11288960166800595,0.11956995569844768,0.11558885234804729,0.19198351262160016,0.09504169172030623,0.11490722199878058
0.05987334735848435,0.090613929627281,0.3683260966193241,0.10995685403873112,0.09644250596644889,0.023660040957090983,0.05620967677741962,0.10461919140602662,0.09029835724919326
0.03650897418381307,0.12457862307864638,0.4162026191133561,0.09865925893763172,0.08301281290627038,0.0292821273366623,0.055088966179967974,0.05760526562497758,0.0990613526386745
0.09498599113466953,0.06527633058968399,0.03307636206367336,0.09866353746910272,0.12077822363882884,0.14995146478028276,0.22708345508579253,0.08232331562651596,0.1278613196114503
0.11304738910832189,0.13518982699650947,0.024156139732898593,0.10963688023083991,0.11811409232944592,0.05684849425266399,0.16116564935662078,0.13246899790748448,0.14937253008521487
0.14979457930331966,0.08942396115432553,0.05601401660572498,0.13932301471230715,0.11052859248242382,0.1134217020573921,0.05171688433804986,0.17088628493337435,0.11889096441308265
0.10782339833084187,0.12100067800194285,0.032923590268673746,0.131941325649354,0.12575172920100017,0.07896952813162461,0.144715786038729,0.12380885699384914,0.1330651073839846
0.15270884350457595,0.12093941337392182,0.08769676371655848,0.09835933840222531,0.10081431147472651,0.1073857997512277,0.045971124842192033,0.1617166800819482,0.12440772485262407
0.05371960444019419,0.09207866514238251,0.009457701663421586,0.0704079222750324,0.10527077569070048,0.17498861210798045,0.30927322122175716,0.06388403466650418,0.12091946279202719
0.0678879860020634,0.18764636987351072,0.07834017136937425,0.10728429954624484,0.12970722769394594,0.06528066798408212,0.15573568898603452,0.10203324891922029,0.1060843396255239
0.09023491110139037,0.1874993435406802,0.07739203280095876,0.12100638432718859,0.10737040664996371,0.12313912074691352,0.04704429828930628,0.137452806220601,0.10886069632299755
0.05413883295538812,0.15012413083576429,0.027591463972982927,0.09528835695160211,0.11385279375556852,0.1480142368886027,0.23250733991884642,0.06813163510586628,0.11035120961537866
0.113517776846081,0.07200503130044471,0.08052173139855197,0.1369444944241741,0.13323426123904478,0.08818651844458558,0.0756629937536826,0.15486643820995535,0.1450607543834799
0.13535991271290274,0.10297509388957309,0.1098964210174657,0.10534374986669365,0.13494337880453458,0.03440961630452609,0.06359799814771544,0.18333461578996949,0.13013921346661933
0.0633876154136387,0.11345268041093855,0.10655135003529877,0.09561325876549946,0.1142233960206998,0.09211217274762491,0.17621083086073627,0.1269077945926977,0.11154090115286591
0.06656043700713489,0.12390670872716779,0.20586361372139764,0.11457086929376441,0.12634534238063594,0.04228145475989816,0.04241915648512234,0.16839948811864605,0.10965292950623277
0.09931515744412922,0.16793137491156576,0.04848981448555497,0.10533591121046428,0.15083145890404462,0.06519063120696772,0.1010789917113092,0.12562991607779359,0.1361967440481706
0.22162661401788375,0.05058074917185829,0.15997427705233658,0.12948224828516783,0.07457132146858296,0.07051634098746391,0.035198736272668944,0.16395940330001738,0.09409030944402036
0.07105650586509592,0.14258509335948513,0.07395401018071612,0.10428308836903526,0.11341284024909055,0.14823561089992598,0.15878657257536843,0.07215417315515725,0.1155321053461254
0.05197993581412167,0.09614512601498916,0.057524786838125154,0.11538702024199375,0.09563653817453947,0.12779924239907162,0.2757053053918948,0.07988620931643799,0.09993583580882633
0.151905818686328,0.13174968699378317,0.062310216812438056,0.13989157477612446,0.09230643909187175,0.14903961984741032,0.04891724459976404,0.12154856782887878,0.10233083136340142
0.06392660806694957,0.17535984773673122,0.016237371488644417,0.09282120780600762,0.1123891441059367,0.07181434807951263,0.2764365870204223,0.08132933608357933,0.10968554961221626
0.06882311670869873,0.1296474443819866,0.2838857246513809,0.09899438114268132,0.09778981406685829,0.07364967562763118,0.036904025529328165,0.09237452475043745,0.11793129314099732
0.10505674839774137,0.07502922558164661,0.07019662875408766,0.12600869475815826,0.11481279371154511,0.12432680396373867,0.10750432171809454,0.14309213244830396,0.13397265066668376
0.04701559880811431,0.10466785241809773,0.012723717916734436,0.09652773348392589,0.10779832042503264,0.14961235612751336,0.30960087758650956,0.07654449322883033,0.09550905000524178
0.051459045908756364,0.14421754558131067,0.018961608354358783,0.0937355848824593,0.13648456986123167,0.15194080959992193,0.21332955089511688,0.07467252073943907,0.11519876417740531
0.1219642121987346,0.11531851180896142,0.089555846792253,0.11775068456845682,0.12635853700109026,0.11347599328784864,0.09762948794803968,0.09795642692435187,0.11999029947026364
0.110917155934469,0.08539917552325238,0.13911137599456505,0.1218764659418992,0.14361833296399362,0.06935240087123486,0.037359537015581964,0.15734636807965732,0.1350191876753466
0.15818463601141666,0.1986283613872956,0.045717675884721774,0.09349794474990754,0.12577358778908182,0.06407664301969528,0.07199476940356653,0.09856045375702222,0.14356592799729267
0.08049399255241575,0.1002781533797441,0.026032960353617716,0.11897574085619411,0.12503208476875963,0.15411272415492983,0.16085990205502557,0.09933351435531206,0.13488092752400124
0.033685545118088335,0.05611916404825753,0.5246274515371591,0.07413961017220787,0.07717583865763782,0.019716168778295025,0.06778287415167768,0.05636836958356451,0.09038497795311225
0.10484698334913063,0.12496167015562602,0.058920673375589705,0.14253771008994012,0.14529096507414493,0.04745929334600146,0.1310257963339415,0.12445974950435228,0.12049715877127327
0.06375937538148975,0.14751699480592254,0.013836444380979723,0.1052142221879651,0.11628802107781595,0.17264881678910374,0.1651674727213834,0.1178205978228714,0.09774805483246833
0.07756805402248625,0.1274900365833411,0.06321899297275504,0.11977950821617074,0.10076524900840562,0.11701353179991007,0.1915394824475992,0.06669645544827914,0.13592868950105289
0.20475128363933467,0.13814724686128885,0.031614721495082605,0.13703415469343752,0.10755344129251355,0.08905117687032726,0.04391430397607423,0.12618757941439432,0.12174609175754687
0.050307446917101206,0.12708322047100754,0.0726284965567034,0.11288960166800595,0.11956995569844768,0.11558885234804729,0.19198351262160016,0.09504169172030623,0.11490722199878058
0.08052982337805727,0.16549193045723853,0.008298428997026984,0.10931973706942388,0.09832789868390245,0.07556637157481154,0.25513537637469014,0.10535480421324606,0.10197562925160315
0.09838199052515818,0.06469770618618999,0.3781531024893616,0.09170894516797112,0.09682649804210235,0.019202518164794295,0.0660213827698266,0.08237033115192859,0.1026375255026672
0.049281659534037674,0.07415751507541767,0.039595719164215774,0.10909311322809145,0.11071887972425615,0.11571453347803161,0.27209551041634306,0.12289907129595978,0.1064439980836469
0.06452906692029642,0.15599398553219337,0.017949004324589703,0.08526048755308095,0.12320036564398253,0.163607623871471,0.18908173732094083,0.08977203495289844,0.11060569388054671
0.12465380781192271,0.09907218499391994,0.028305754849724304,0.1388702040117868,0.1029120624505464,0.08672253941277708,0.1411587134662791,0.14851611593001876,0.12978861707302494
0.14383510884038628,0.13895590912741618,0.04620494094931662,0.11470022090297649,0.0953898587991024,0.05071403864300944,0.1921664922241555,0.10662631087590596,0.1114071196377312
0.08721741249865146,0.11391647034683061,0.017430264502355807,0.09652356122058763,0.1358294328498893,0.15113110904597402,0.2318366218584372,0.06696617591932987,0.09914895175794415
0.08878719771093811,0.1075532951174105,0.05460302581330744,0.13928270192407963,0.11080748053287764,0.11775418767705169,0.1475550850681331,0.12408269360846051,0.1095743325477413
0.09165797861747556,0.101567170475051,0.3647913882997609,0.08722961778916094,0.08744880384922533,0.04555318728183492,0.0539706492657708,0.07218006644946366,0.09560113797225699
0.06729933034736992,0.11694141328143036,0.08115122277389487,0.1311458921994139,0.13457480786904996,0.03900612240939356,0.17544590617551492,0.15839686872136777,0.09603843622256479
0.06191649936745358,0.10713650359915838,0.024839282206544754,0.0934879897867112,0.11340928294952131,0.08074401391002117,0.31967935108081497,0.09454177139930524,0.10424530570046937
0.08450689392368049,0.10767358139192153,0.19141694618434432,0.12357168289211858,0.10800212988788915,0.10216810102815503,0.03712402801348159,0.1335011424980789,0.11203549418033049
0.17986659692137752,0.05342348539881655,0.06899590171599931,0.09937852403616511,0.10144376733027934,0.15449533135073204,0.04998973577899752,0.1658482053516677,0.12655845211596492
0.0746114496813645,0.09839656441374574,0.0077361922556971495,0.09227189751989373,0.10661301089336456,0.03996344243182453,0.4143507859822862,0.06017552064427927,0.10588113617754431
0.10022983946157998,0.1244449004117006,0.025921283189784105,0.09573838023657495,0.11636653369993248,0.18971024907412293,0.14681139020079986,0.0847554184059595,0.11602200531954554
0.13904698975640656,0.1294712644508703,0.013224036040791328,0.13691320424132783,0.13628690460072626,0.05133287354512258,0.09740644748585665,0.19053885356820724,0.10577942631069116
0.056101728220387274,0.06708895671778851,0.31836361060737906,0.12387820246382958,0.11742723095990797,0.05465882177869111,0.04750883634327139,0.131323624176921,0.08364898873182414
0.13270224545753675,0.17464568626041396,0.022317162268383626,0.13652405329209186,0.10762463538972482,0.1004582892344486,0.08686646937757692,0.11109233006624343,0.12776912865358
0.034028603167788996,0.04891898586613238,0.45285179157914673,0.07422663163677808,0.06927601201545959,0.13944377451156154,0.01935774471436721,0.057118425757198554,0.10477803075156689
0.22168908308692123,0.06830633745293171,0.016654183823501464,0.11826898243893519,0.09143122486312805,0.06281459697059306,0.12975509971968946,0.16517035023147617,0.12591014141282375
0.11160136403038308,0.15488610674812311,0.025530302210267752,0.09312984403770501,0.10825512487362766,0.11981234219997881,0.16940735225497092,0.0958071238831889,0.12157043976175459
0.09069543708996512,0.07995336272926114,0.045480361573801066,0.10696232278592714,0.12190594201338516,0.21006264846805114,0.09030832262491634,0.13876180728720347,0.11586979542748943
0.06747905342328452,0.11066323841975696,0.07674171230743533,0.12010857671525692,0.14520147896743119,0.06572635609330339,0.209882250644121,0.10088367786840506,0.10331365556100568
0.11423764362549017,0.11668989296922126,0.018373986081970495,0.12242911029476984,0.08504572797549748,0.27724818461373485,0.049744758202051625,0.12711544430067823,0.089115251936586
0.06890747650397634,0.11135982443374191,0.0458768576859934,0.09056607500134863,0.1188667907427578,0.05872566196811239,0.3006739591724325,0.07295809825854245,0.13206525623309456
0.1290989876233101,0.1371497132286079,0.2521630428680761,0.10217302225671647,0.09208499991210332,0.06004294633587923,0.03635034169815327,0.09856036569067829,0.09237658038647534
0.09250983120874001,0.11951050170762569,0.027144015844601143,0.1446814292636669,0.13026534542378773,0.06496740989261458,0.18192766731972287,0.10782606555609182,0.13116773378314925
0.06864188792447881,0.1183160866945337,0.013079171935836383,0.09640188130507647,0.12201241330236447,0.08262520573961263,0.3233573863718599,0.0661508342059857,0.10941513252025199
0.07544846288477774,0.10351515361595097,0.06795203756667198,0.09470741802518473,0.1636422301769209,0.16734583906861547,0.07200341214345825,0.13827815074595554,0.11710729577246452
0.224358838377394,0.10666443761198836,0.02260742787172092,0.09989765585852033,0.11140918613749397,0.1447428675941522,0.055449358389855964,0.11124202587594319,0.1236282022829311
0.07223376514892138,0.16758210619371838,0.1523545122354408,0.1211091214616515,0.12292454611185298,0.05260595341562204,0.10355447761747365,0.1033990240997879,0.10423649371553145
0.044157428267270905,0.10814794686205555,0.10604411272269411,0.11547283388370351,0.11969715083760483,0.09556473078365417,0.16412801462691537,0.1378083322176759,0.10897944979842562
0.1251485818844323,0.09800752739642322,0.09060609788816316,0.1166931896820294,0.11561692579583754,0.15077408191808675,0.06296743510793416,0.11390566654518636,0.12628049378190723
0.17333573076972741,0.05154488508776913,0.07787788607538254,0.12268630344640656,0.11164042992083718,0.1227532785027079,0.08631626918714054,0.11425675907939604,0.1395884579306328
0.04053290971253353,0.05467511259755647,0.516092271172946,0.08479469127836099,0.08102755586795653,0.03917695761419801,0.027245795881334037,0.07698248449268431,0.07947222138243011
0.0394959283910455,0.04887254670469479,0.566991461577265,0.07755848254084417,0.07475180303085482,0.03719512154430904,0.019522602914523245,0.059900129394433364,0.07571192390203
0.05238002180411886,0.08734625473590125,0.09508763867564511,0.12755622289840574,0.13555068570715953,0.0853404068310914,0.16739147806527935,0.12242437766289534,0.1269229136195033
0.1289757373760157,0.14362414611293767,0.05050172850985052,0.10562203830723531,0.11287928251002853,0.1479767603076789,0.07365514073666463,0.1350041448783956,0.10176102126119317
0.04219672560532147,0.10652615992751469,0.009445384104789378,0.0882154302600222,0.08200398992294332,0.20914074587827527,0.26784762656491895,0.08659703052211133,0.1080269072141032
0.05667348250234296,0.10378140312724156,0.01931751648770871,0.09294669989348543,0.10641877299573839,0.30618917005601215,0.1417236556729458,0.08038856194667669,0.09256073731784825
0.09156881052391648,0.18189341764414987,0.007349633975646713,0.08375365931533107,0.12604385298222318,0.06049635198327213,0.2984059203115617,0.06667637437285638,0.08381197889104246
0.16743688118149583,0.10262513139673314,0.06509985228619962,0.12760102683797503,0.09030333747475332,0.1531392012881707,0.06719636616360088,0.09960048934040344,0.12699771403066804
0.11803766290844675,0.09431941964989488,0.11892263909126675,0.13403756832951536,0.12416741379811547,0.05315574033816769,0.09633300844764232,0.13840325339836448,0.1226232940385863
0.053521169329846706,0.16626490291702867,0.05803742648073052,0.08146073532187009,0.1271089555073919,0.0427988558741838,0.28798080317696995,0.0744133362652915,0.10841381512668687
0.03602954177534982,0.08886949504260817,0.49821872273476214,0.08106363996621736,0.0710345798390238,0.01454877589983015,0.057398970532837414,0.054823639363800136,0.09801263484557095
0.06423841452304496,0.09907315840601917,0.09893168784628181,0.11074860471498049,0.1130062559670325,0.1641072883713716,0.10427077413696285,0.11401274698011654,0.1316110690541901
0.09110781360350678,0.14277120776816724,0.020205904154280724,0.10256952161690626,0.11328637589439106,0.19001668145639403,0.17456428352543987,0.06618004971256303,0.09929816226835098
0.06331633296722432,0.21208441051686344,0.03246543948201796,0.10432503302050704,0.12559937967061485,0.07185436188681447,0.1518169280703894,0.12302821492936587,0.11550989945620273
0.061858807372669154,0.12572902687423612,0.020903019484110635,0.09011007254992698,0.15362646459747298,0.06771268114864197,0.2700535625642872,0.1053040262740335,0.10470233913462151
0.1319160687497988,0.07963552695700366,0.11576515390749116,0.11731183622024377,0.1088331735308931,0.10895473873550977,0.1044837314492348,0.10865350569495712,0.1244462647548678
0.035255552230772425,0.09544704714129652,0.00860577708986499,0.06867432897367688,0.10263579662631095,0.18157618627046368,0.3769008432881565,0.05462389630070088,0.07628057207875724
0.12867750856221696,0.14567032796639373,0.13288658458655975,0.07617238648293821,0.08103441017752418,0.037380070519826725,0.12187571508055761,0.10022549424732981,0.1760775023766531
0.057788339503289425,0.15588178003753175,0.054061258345965583,0.11506625806638382,0.130342383186237,0.04497442319763426,0.18690618498790346,0.1295213296793089,0.1254580429957457
0.08255155038605562,0.15941320710263626,0.0476961610499412,0.13262403986975937,0.13179617973863786,0.05996863358093089,0.16224522996467275,0.11331537054315588,0.11038962776421013
0.08629402061441126,0.17167457096655114,0.05282668104153013,0.11691412308467743,0.1590793677411992,0.07240967138296357,0.10193895105572331,0.12876629704166626,0.1100963170712777
0.06430620525061463,0.11302297829065004,0.051216160173757554,0.1424109920155082,0.12632531300882235,0.18529939703347853,0.0825280653276949,0.11159482928666663,0.1232960596128071
0.14458741244410467,0.15964434786147996,0.051298012358676474,0.12490683581199798,0.1312588056250474,0.07167534590674886,0.03190885471005971,0.16990495529940708,0.11481542998247792
0.1344576991423207,0.15148744781282716,0.048262648977010804,0.13316961566602237,0.11860553889162662,0.037545519118302305,0.09917208986355848,0.14602442611718194,0.13127501441114964
0.054766484342828714,0.18469161973102502,0.02106703486304176,0.11901938379699895,0.11607305865025903,0.05065635413893708,0.24774265878620758,0.09027285443673326,0.11571055125396863
0.11451885960125012,0.12642262360538623,0.02364047046628263,0.11410941835657278,0.14164544604992704,0.07514929037575407,0.18758748893095475,0.10509079389525218,0.11183560871862024
0.09469811803953683,0.1248404082457551,0.05741973314852513,0.10768834587938098,0.11426854472878019,0.06965089850314883,0.2096906620151844,0.09734503678366735,0.12439825265602127
0.04000935571902987,0.05187093261620734,0.48224083621641317,0.08296471108700985,0.07896550870751544,0.0671677088639525,0.04830857415219217,0.06186311631947936,0.08660925631820031
0.06284763943037859,0.1360387684408593,0.03003333027132545,0.09928686378271878,0.14243509164360746,0.10288098322290712,0.19182207887036049,0.0965847715141339,0.13807047282370888
0.06289906135955887,0.16924786862590013,0.01742852997819429,0.10507746695275078,0.11652640558562323,0.1613505309601114,0.16802920797853216,0.0769561890237135,0.12248473953561557
0.0916180780484992,0.06661727972007231,0.2130756426111564,0.10845032013997413,0.10972002907312776,0.09723863307332421,0.06911093058622024,0.11490319792558508,0.12926588882204068
0.13435504616530788,0.1202264927259523,0.12877791255454626,0.09482396974624063,0.10516478102773265,0.11802953557395289,0.05678074609926224,0.10915788100218514,0.13268363510482006
0.17496925936096866,0.09111489590256755,0.05352528243138501,0.11890584948807818,0.09730175653471707,0.14293612809895626,0.09594961304027715,0.10123429313704556,0.12406292200600454
0.06554386306548415,0.08363174364484745,0.014211435641361389,0.09755550494829619,0.1257368049024243,0.2536826370691767,0.1357457569658182,0.11406322925410661,0.10982902450848497
0.04591925304083979,0.1205406152415604,0.01806906550293908,0.0863579185859119,0.1246369071133126,0.13061187985080033,0.3011123469208729,0.06403523595345112,0.10871677779031182
0.09206824547611696,0.08682785489208811,0.031095392278357795,0.11279889268979026,0.14312178589857155,0.043848926740894516,0.29073205890086135,0.08275964452939229,0.11674719859392718
0.2273541016285717,0.11981067201759366,0.02162626045881072,0.12442788521276214,0.09717592868406251,0.051965375615958244,0.11069284980656029,0.1265544245855371,0.12039250199014362
0.05341886792220182,0.06698656401797785,0.10887986350781735,0.09287315482062886,0.14965141945685373,0.04090642916807342,0.23725660509056454,0.10952703043634225,0.1405000655795403
0.05032987716221713,0.10076707201857936,0.19471939651327452,0.10417039868979187,0.10531291048509722,0.17652073829009216,0.06845003046469889,0.08735484579786999,0.11237473057837888
0.0525562018176669,0.09224337952237538,0.09151263771909175,0.09296506975587533,0.12495982676987716,0.1587859045140677,0.15975581728471502,0.08873792180589103,0.13848324081043964
0.05525674519618132,0.0710502988902224,0.17623881746809325,0.10375392807951388,0.13466462062291754,0.11790786737537828,0.1322178566100279,0.0911982506641013,0.11771161509356413
0.06902958709104934,0.09811161662027379,0.03057640171351871,0.10398366874066696,0.13375490170359838,0.13851694070836568,0.21559364662352187,0.08491723919960203,0.1255159975994032
0.08714130533716939,0.15467106940609818,0.028564733939403873,0.11032143835652707,0.11510605329894767,0.130188123896698,0.16446050593048775,0.06858400472897931,0.1409627651056887
0.07276626357487921,0.1747843610492492,0.024343711155103368,0.12187264376986562,0.10601371806578432,0.07427060707600042,0.24044910203052183,0.08226002954400605,0.10323956373459009
0.04444339102176287,0.14282363605371895,0.0276356488380451,0.08104976515569547,0.10197687787589411,0.2179071275296649,0.21837368874966576,0.06586689380270518,0.09992297097284764
0.04046857748212249,0.15185332709316587,0.009362895146787639,0.08080220298816009,0.11916927487942096,0.17292519538631998,0.2764188150523379,0.056678937897516025,0.09232077407416905
0.11809570049809542,0.14502964627411022,0.039347261641005694,0.11898433255735225,0.1303399626648836,0.06454014910323998,0.13342193651710177,0.12720232686975072,0.12303868387446026
0.08404775636083307,0.11002690030594996,0.20454373248052513,0.125966614845556,0.10809100494236273,0.10131868435786129,0.04270884518793261,0.10852951725154476,0.11476694426743443
0.06864813570649526,0.167291721524807,0.03439305820215493,0.09216059643741108,0.09569304059296585,0.22909798691749741,0.10358037714504065,0.09813823393565202,0.11099684953797594
0.06864188792447881,0.1183160866945337,0.013079171935836383,0.09640188130507647,0.12201241330236447,0.08262520573961263,0.3233573863718599,0.0661508342059857,0.10941513252025199
0.1234584029293966,0.07269785817637446,0.05326548636394862,0.10349139494339177,0.132340228792486,0.06248282695120542,0.23884136459172603,0.07980373602465073,0.1336187012268203
0.06092757215324903,0.08828857368204818,0.19925233797652556,0.12160459881462325,0.11228236249770633,0.04033927748702653,0.09602028015342906,0.16755440529893204,0.11373059193646005
0.0664191295086477,0.17246651619132702,0.029767114521355265,0.10376023274320233,0.10383121586384618,0.09597899732219994,0.1977994371437104,0.0952389791444288,0.13473837756128237
0.09023666254233369,0.1959194800797646,0.0716110432734669,0.11525247804924545,0.12253315976354202,0.05184841297988202,0.07955260875019926,0.15208400883378972,0.1209621457277763
0.05532409647845223,0.08528431021327894,0.24028944669701768,0.10359296098049516,0.1015287344995532,0.02113200586788286,0.10530934479649863,0.1693518784418184,0.11818722202500292
0.13882819350032075,0.23423468703691983,0.0112516542108535,0.0866746178310253,0.12413918685578945,0.10257210833998383,0.07654241286817277,0.13384123164689427,0.09191590771004039
0.056901797902626505,0.08151303644541827,0.01969510938226295,0.10858755286556503,0.09601035763811004,0.12046413925597942,0.30193855603415953,0.08820805519085939,0.1266813952850189
0.05547513530040385,0.14490743076741508,0.013846199131395795,0.09556500419564085,0.11538562343609375,0.14578073946448364,0.22474309559773487,0.08357827812988199,0.12071849397695016
0.04886884312517007,0.15581261645569133,0.05118394370342105,0.10779760596189696,0.11354667499610409,0.16743821226163014,0.18464259264705185,0.060497468836443795,0.11021204201259067
0.09108268934052877,0.10122764216596314,0.06999551178240766,0.12244314832701464,0.14453434037200574,0.08781267138032899,0.12972862698345236,0.10934309483018893,0.1438322748181098
0.04591953711067107,0.08033546828714307,0.02350209315089558,0.08612036131632178,0.11925184109157062,0.1256035403575805,0.3449983613715708,0.07497896648927292,0.09928983082497363
0.13132846509082782,0.06583511501842192,0.183965381384114,0.11572522344421349,0.09271474766786754,0.144130785701811,0.024086114123171725,0.12126654048496545,0.12094762708460709
0.07756805402248625,0.1274900365833411,0.06321899297275504,0.11977950821617074,0.10076524900840562,0.11701353179991007,0.1915394824475992,0.06669645544827914,0.13592868950105289
0.07613421298410893,0.16743251597857575,0.0840306779532749,0.12368702014604721,0.13371525038901358,0.036311790733592454,0.11432934414874722,0.1302553043023438,0.13410388336429607
0.07355042589783957,0.21060626890485157,0.08375045082703443,0.11374190331459798,0.14788189519428782,0.04687483967051063,0.05459160369449909,0.15811442815565277,0.11088818434072607
0.06157110867380681,0.11107754782808572,0.023607511955806983,0.07876928319497024,0.13239780044101732,0.21862601313546035,0.19795545572790266,0.06135417606073896,0.11464110298221082
0.09951878995922497,0.19611004344593932,0.07655078805221908,0.13162674021736384,0.14103037758777923,0.05487291677134565,0.10160411553303417,0.09510768144778188,0.1035785469853119
0.04089232159186501,0.08894058909828008,0.5418236681932568,0.08935933235157639,0.06922112894876041,0.021643159771537277,0.01182854513009531,0.07055197635774356,0.06573927855688512
0.05644848306226207,0.1498778107975319,0.028432517825428317,0.10072451012111755,0.09199143378528879,0.2102152952786136,0.1935257061404754,0.06999710024533264,0.09878714274394979
0.05561486805502352,0.1385602192387862,0.049707529949685574,0.11350488357155121,0.12836250532032212,0.11558179217921415,0.1623906704620849,0.12186552115220377,0.1144120100711286
0.1287708680980535,0.11523442291021253,0.036947790304570564,0.0985203696420222,0.12847515464562206,0.09103704371014905,0.17998624549512365,0.0900447374420958,0.13098336775215066
0.05797873162163819,0.13059227165204831,0.0273830604630259,0.08708557327827528,0.10215284534043252,0.06943680405988616,0.30402885346075553,0.0852944947758177,0.13604736534812045
0.1269766574196469,0.07997345510240668,0.12201933877554387,0.11434023766688522,0.12822517211035103,0.10797218388900333,0.031420524337096904,0.1560905056982368,0.13298192500082928
0.08185141544313568,0.14048752331020598,0.028510660576378077,0.10821390455470481,0.1129646352742963,0.09430746845292982,0.21238373338668207,0.08942054976255409,0.13186010923911315
0.10473412859127623,0.11389210323476916,0.029198946409817184,0.13284525745032777,0.12631726849496425,0.04349229613829858,0.17165129908897073,0.14293377410465646,0.13493492648691965
0.034839275130558345,0.054287240672638216,0.5390968459922744,0.0734911338211684,0.07912016918815284,0.039672221143699865,0.017935478162654003,0.06710760275915995,0.09445003312969406
0.05081702672413385,0.02313056216917179,0.46739815049070854,0.07059132497104231,0.06090685675329616,0.15241945524871078,0.020053464357946343,0.05970009014069997,0.09498306914429017
0.10953983737622928,0.1190025766260236,0.06862299767763837,0.12287210034396873,0.13453237147537367,0.08991893878903529,0.05430895417054151,0.1516034285944986,0.14959879494669104
0.033685545118088335,0.05611916404825753,0.5246274515371591,0.07413961017220787,0.07717583865763782,0.019716168778295025,0.06778287415167768,0.05636836958356451,0.09038497795311225
0.08249443738697437,0.1827273887345251,0.061777788965437085,0.13837141634465147,0.12321186785690236,0.11265772264452999,0.05844248018997945,0.13709371468306453,0.10322318319393571
0.184746442839996,0.15901278739118047,0.02338180600384962,0.15084169962329885,0.1070898243899072,0.06087815460252683,0.07960369064190918,0.11400882428633487,0.12043677022099693
0.09376076192660687,0.1140248263655493,0.05496235332815089,0.13150678357669832,0.1586143475862505,0.11317783380648894,0.07196807468273338,0.13790661323550166,0.1240784054920201
0.2500829014991241,0.029416596952225205,0.055257192176834245,0.10066458958761522,0.0999033940582532,0.12491528216394125,0.026733251337920465,0.19214614916925177,0.12088064305483455
0.07608364468312172,0.18791334026767814,0.059687076773729364,0.09371134597689797,0.13753591337444918,0.1120916283844607,0.13690254085266182,0.07148897414275267,0.12458553554424846
0.11426050341996963,0.14293479991670932,0.031490421925754804,0.1215759084275897,0.147482186427505,0.07182444413382794,0.1552701787747471,0.08962604967446469,0.12553550729943194
0.06674690443210164,0.17072984867288524,0.01892260727616989,0.10549347695528265,0.10506036948998497,0.12507959407511698,0.18878257258356182,0.08733449798904318,0.13185012852585365
0.05360450442871334,0.15035213892150898,0.04246212584206895,0.1019632602479358,0.12806490446589944,0.11280303641581245,0.17806438448309783,0.09802990224124808,0.13465574295371516
0.09004408405671795,0.09257284720267826,0.03477775736379186,0.11354132617986633,0.12406852636023262,0.04249191838538735,0.22649201456603388,0.1366248269665661,0.1393866989187257
0.1207095690134421,0.13128868278104713,0.062321773883721676,0.09528408301964618,0.14007937142492988,0.0675825846211691,0.1647374625085209,0.08336655522610363,0.1346299175214194
0.05012869664994998,0.10802461301269306,0.00550349568686459,0.07877177975342375,0.09440514711686371,0.10720223518103557,0.3185109872874747,0.09770133406984273,0.13975171124185196
0.07368489005044028,0.09872095492809015,0.038542838699797875,0.1069415684270209,0.12386803689720151,0.1503452727250957,0.20853988792721198,0.07230613520180747,0.12705041514333415
0.12599924939983562,0.1665722467738068,0.02941658098735911,0.10572844343033651,0.12375198278329917,0.039004999928097,0.18773876212616938,0.08603417974654448,0.135753554824552
0.06318976036520117,0.08497481527409984,0.013595572802027426,0.08438394998614955,0.12879328032323148,0.08543987364172412,0.34819399151175395,0.0730161171981016,0.11841263889771092
0.14865484920794997,0.08169741244473278,0.05640960496697441,0.1415358173971826,0.11197697981776661,0.05466668449087692,0.11797001884598111,0.12703359991563745,0.1600550329128981
0.05828512112444212,0.0799427668473022,0.08592576294593801,0.10917031214237183,0.1221494050584691,0.1951268042270303,0.1565500435926747,0.08176457520002776,0.111085208861744
0.05269077676327987,0.08603524404512236,0.0536975016060714,0.1088482955283225,0.13913155919483425,0.08837381714734373,0.2692427750524052,0.09507435493074813,0.10690567573187265
0.12146717221216359,0.15763152843051184,0.07662162657430115,0.10868971845706459,0.10989653484139472,0.05900294003123393,0.1074223473731944,0.12463914912355734,0.13462898295657852
0.1547738231682992,0.14527999675627093,0.029612785018090223,0.11054700029966365,0.12285293067883375,0.12403464072617638,0.08573499322346916,0.09751198917037636,0.1296518409588203
0.06578238546280113,0.1386457033222988,0.015410428181315673,0.1295809557437323,0.1079950509513022,0.0952523440126188,0.2047771618503822,0.1344237351857349,0.10813223528981393
0.14249833046676708,0.12289431284803852,0.054746040672624785,0.10320690063197917,0.09811677992805368,0.2209666188337852,0.11702907792593527,0.05394246036046096,0.08659947833235532
0.04296409029315034,0.12015947147132777,0.020673861929664267,0.0904480106828963,0.11475043722477139,0.1705445398205344,0.2850281327518419,0.07125255432883135,0.08417890149698228
0.062176937812030354,0.143380815964005,0.024414882833972695,0.10062478826651265,0.13657377726138226,0.09055943795220611,0.24287937344502522,0.09526540723327442,0.1041245792315912
0.10008434969191558,0.1287936308451378,0.010169195124996405,0.08766538441426892,0.07900125988729874,0.21778741379378408,0.21933854385396398,0.05511430151109728,0.10204592087753726
0.10224615018147053,0.10285926836419473,0.14016888125239646,0.11595109081697856,0.10335475850390685,0.05427734428356862,0.10115353300670042,0.1480207043279049,0.13196826926287905
0.09981404380360849,0.10102414871156584,0.05523278685056213,0.1310112037552241,0.13053514235102046,0.10884342549267635,0.08717526275880588,0.1383194590573711,0.14804452721916564
0.07957717401078689,0.09293478112867447,0.40314857758599015,0.08301040095187134,0.07774628769212943,0.016625996900186776,0.0487784760268106,0.0755679111962929,0.12261039450725746
0.14695935971868987,0.10553284538060499,0.04591192997591043,0.12688515349160315,0.11187713221533202,0.04942443127956337,0.11753543613319717,0.19673782870406678,0.09913588310103212
0.05030376025665682,0.18811382787968015,0.0746397547625902,0.10538534574362596,0.11963655153925945,0.03082700933809016,0.19284490688046474,0.12354696830084011,0.11470187529879233
0.10387678119058467,0.10734931926673019,0.05846598949712495,0.13162412184779276,0.12236876445188678,0.129926351054552,0.11645913869652891,0.1169246096277819,0.11300492436701785
0.11808007210394089,0.14876757590641973,0.02118562474350198,0.09241481434315028,0.09983016769853366,0.0796912216753876,0.24390606497028175,0.06835460601751926,0.1277698525412649
0.14996008800773883,0.09585395634941017,0.01561717654792275,0.09518459580223519,0.11819853424956574,0.045164170202237265,0.26624598362792806,0.09553036753501219,0.11824512767794974
0.1710617391059193,0.06963044941052642,0.10359966762457722,0.11205649041238834,0.09206629329931186,0.17957343606912549,0.03208002297648566,0.14977154171418508,0.09016035938748061
0.15476813482630844,0.08317672494299842,0.019256992143262045,0.10754369539537528,0.11734902801726425,0.08731504329717275,0.1439967541244843,0.15671897267648693,0.1298746545766477
0.26170814550810934,0.08263813069606134,0.036480744503498086,0.10761197394304507,0.12893755812302563,0.05692439169732242,0.054770406045840915,0.13176371734327108,0.13916493213982617
0.1276562852371467,0.08204445928337371,0.030864048751878436,0.11294464961679514,0.129513347104974,0.09813206040699039,0.1520296745328443,0.14379331570363177,0.12302215936236553
0.05179231699564612,0.10698955850795457,0.03161679681834274,0.11847290184084718,0.10960613117018946,0.1394504307443163,0.24541417407116492,0.10227986197989762,0.0943778278716411
0.061979967588428164,0.11632676204470942,0.01595340677318979,0.09178017200113799,0.13525246179580666,0.20136752263187374,0.15975924193617386,0.10451038876249939,0.1130700764661809
0.11138399767543365,0.19745732948327066,0.03715978623179611,0.10274781733502508,0.11044572951228243,0.07766062657339358,0.10055030181398143,0.10698331187602524,0.15561109949879173
0.033653405419866965,0.0653133887248577,0.5270432483090198,0.09004775873640475,0.06502455494691804,0.060079340496009076,0.02403416617517143,0.05366063540005389,0.0811435017916984
0.1047581423152631,0.1279527499753839,0.03834860574406886,0.1187085414755722,0.10871480113067448,0.07167976535112126,0.20460726569281837,0.09284656005121467,0.1323835682638831
0.048322533124621654,0.13212275344516008,0.026242708784743708,0.09043422387160273,0.12852890268126055,0.05424085261196244,0.3707969377717735,0.056776853177305055,0.09253423453157021
0.08737102740854313,0.1184535995605731,0.1075554028355134,0.11504121418997822,0.1326404460368331,0.10081653219593922,0.03294175721899912,0.16402626482359992,0.14115375573002076
0.0510115279439905,0.08122133537960655,0.07231647946506646,0.08077546811190023,0.12933225851426025,0.04634399438645951,0.3362395648246914,0.07035658201840621,0.13240278935561886
0.23977193093127805,0.11032097467783127,0.015271726458460694,0.10873676730507542,0.08721117046560113,0.0936215516912061,0.13559034349964372,0.09643477802189367,0.11304075694900995
0.07302141568065365,0.07151168662530673,0.19633943765436723,0.10910421295059564,0.12928027771915604,0.075560160617176,0.06617315734904519,0.15214537151113758,0.126864279892562
0.10182370908510639,0.08712164659222776,0.016380193337995588,0.11165952213529436,0.10320632407496504,0.11010906250573599,0.22867448608779237,0.12087858260318578,0.12014647357769677
0.13057632229081392,0.11972117150912652,0.05125571308519298,0.13729985576568995,0.15043943485722489,0.12856872901726668,0.09445777500225244,0.0852513030782842,0.10242969539414852
0.14594278531414534,0.09949382581296706,0.14767242762279822,0.1060671543661101,0.11959532541783391,0.11750910926217888,0.02068900422164285,0.11977538084933186,0.12325498713299181
0.11777637019125616,0.09357006976133779,0.055839598164755144,0.1130349984713419,0.14330248706433,0.09981292825024246,0.0631328773615722,0.17131424558415811,0.1422164251510062
0.061483914604320365,0.11537871140288496,0.019937525196511718,0.11107517466641352,0.11015260442890946,0.11466713127766172,0.2722209852091031,0.07961165570009475,0.1154722975141003
0.08627287454052708,0.11906462897115133,0.04704985964336356,0.09121187391373375,0.1264344255169821,0.05199185707909243,0.2317110440712747,0.09215718380768718,0.15410625245618798
0.03457749290357268,0.08571040006842785,0.5120975139694152,0.08798358559455738,0.07430005505265831,0.027635821943407312,0.030735362518871174,0.06473055613814564,0.08222921181094449
0.05194478151869189,0.13467238355469033,0.03475992684980735,0.0957464981821516,0.1288809155348357,0.050525898012368696,0.3085614929284452,0.08346684465786171,0.11144125876114765
0.05266929336880172,0.09437607869740633,0.05809943761811362,0.1027100056445372,0.12074791458662441,0.1166915844856568,0.2462991024173914,0.08430773427181339,0.12409884890965507
0.20868414171927338,0.07701687527692447,0.02681749683574031,0.10588919145553742,0.11199861359668628,0.0768404290686003,0.18635799328736868,0.1009205313314217,0.10547472742844749
0.052788976790972615,0.15219308041577734,0.015402621499660207,0.09211847314539036,0.14014374620214617,0.0761946410609573,0.2683980569300889,0.08687752081399092,0.11588288314101619
0.10274987497944547,0.07387247280608156,0.3387538932607678,0.11258946521203213,0.07483988511803925,0.06715189592332022,0.06452213562749388,0.06769176305341687,0.09782861401940281
0.05178686624991613,0.12009365508778315,0.07494035335166249,0.10914824411683995,0.1413894862427437,0.06171822712293196,0.1898346630204056,0.11555945216462417,0.13552905264309292
0.16098761585680382,0.1690664373458489,0.08726899786481464,0.11670508415988272,0.11749445718614489,0.07215582735501273,0.04382372018774302,0.10529876866075293,0.12719909138299643
0.07910120160363403,0.16315602791851086,0.10777761292415854,0.14835722212047406,0.1124120168170204,0.09443096172601977,0.09156549349293663,0.11156585793709807,0.09163360546014772
0.10281203467846117,0.19920429823315558,0.09800050992716576,0.10709565362671619,0.12642534462606567,0.05143121321435023,0.0802896262742166,0.1113407927885629,0.12340052663130592
0.0317731567208747,0.10195003612826208,0.49715763844811994,0.0854529280709434,0.07837552521614277,0.033434562011854733,0.022520204220351128,0.06916248158353895,0.08017346759991238
0.22604260390700168,0.10216296864145313,0.034376015807041735,0.10323353074676898,0.10703756876020165,0.04617605263498406,0.15414788606349897,0.09437900570722484,0.13244436773182494
0.058844275137004354,0.1347295921400208,0.1847711982841872,0.13902714097866598,0.09428334318072418,0.0807315442133247,0.055009317541585945,0.13480133938631847,0.11780224913816843
0.05209085006944125,0.09398303864962627,0.04677809130024363,0.09798808283733869,0.12426165821539188,0.07400371162931972,0.33608900673364,0.07494885111068962,0.09985670945430887
0.09300357980129165,0.08478369173241372,0.1506237802241626,0.10485603596234422,0.11548487633419495,0.08199286956165792,0.05946377508588457,0.18531137297657854,0.12448001832147189
0.035272796620274875,0.06097564172696662,0.5107585403290092,0.07893143016470368,0.07732599300780679,0.02787478905672044,0.04846452928829768,0.06450338815269908,0.09589289165352156
0.15816882966598697,0.05636711039348797,0.04511470906064733,0.09754995773110997,0.09946664939160525,0.14711458928743476,0.16637917361742108,0.0885981780709539,0.1412408027813528
0.04489328667656738,0.07857725303665135,0.03131827224523859,0.08700097519299643,0.12980208322138656,0.11703147488940968,0.3339194411498532,0.062027907193897704,0.11542930639399901
0.16619081177520842,0.10498140769393999,0.05483131768507043,0.16139421422296252,0.1252306099185105,0.0641484375172639,0.041884740398523655,0.17632785366170253,0.10501060712681809
0.11235578508267004,0.09135859522386942,0.03158086542595683,0.13714346390947565,0.12269307636268366,0.1344746729510964,0.08399588001617396,0.19736722604883916,0.08903043497923481
0.07284955420692561,0.16503326066273483,0.009812040961838945,0.07889741779402536,0.11917760828578917,0.16908469538547133,0.19284488503944683,0.07666781809595595,0.11563271956781197
0.11539187553947063,0.12607031784780867,0.03812033985265894,0.1427564978120792,0.113587116947924,0.140994074649744,0.10254029321789791,0.11834510356429036,0.10219438056812626
0.041065077001404666,0.1548355709987882,0.007826446570383392,0.08250013736434053,0.08965231765768533,0.13925291617996796,0.3165621502447448,0.06350341704057091,0.10480196694211426
0.1565182457960559,0.07396884515662443,0.0296011323103376,0.11909447962493103,0.10210222419642911,0.20872976489771236,0.09400270050298475,0.1106878070238157,0.10529480049110916
0.07584215752161495,0.1405256393260741,0.009697012221410761,0.09686492498497153,0.12584540652130857,0.09775222644859878,0.266440303135248,0.07870350247464401,0.10832882736612925
0.0448719357997567,0.1699167033662714,0.12247016316086268,0.09204069129983423,0.11626436060446523,0.02487816125965328,0.2415723908594685,0.07780321189133767,0.11018238175835027
0.08608130172687488,0.08280734276130423,0.05882896699744387,0.12712800742215857,0.17142210855310958,0.12721612006727792,0.10499577482892658,0.11984849365334838,0.12167188398955596
0.06980682552711542,0.09946330828848016,0.2965210156868839,0.08885936338779804,0.12776083998210755,0.03786761255608414,0.06177353895376928,0.1002483892637294,0.11769910635403212
0.10054985316063686,0.11505381343356315,0.047217006730318,0.1029174323253439,0.1140340027658861,0.20999473427259785,0.1343725765315361,0.06081740851819103,0.11504317226192697
0.05266929336880172,0.09437607869740633,0.05809943761811362,0.1027100056445372,0.12074791458662441,0.1166915844856568,0.2462991024173914,0.08430773427181339,0.12409884890965507
0.045875253467814264,0.19752875147387475,0.06199632194103925,0.10914592243061493,0.12492702417521521,0.06935277827060066,0.17920688344886412,0.0861380624613347,0.12582900233064218
0.06047948468247414,0.09935544640772313,0.061547006859296476,0.09812020219205225,0.12239276459324018,0.10739822216269314,0.21713888808176074,0.10618861715568702,0.1273793678650729
0.20583530455468088,0.061863474040118306,0.044051873026583234,0.10976122149674666,0.12398226831122054,0.13081627539542548,0.05912769572848037,0.12213042853464735,0.1424314589120972
0.1477306199368388,0.0694416188517658,0.05373644037581051,0.13549458891760385,0.11826770393561854,0.1082866704413397,0.12221603765930496,0.12229219837510308,0.12253412150661476
0.06339509060905657,0.1256760176339059,0.012997005271914051,0.11590125185996099,0.12307966819247794,0.17389194194214266,0.17209757231547243,0.09892106943094892,0.11404038274412054
0.06964876997545573,0.12105380727834451,0.09511305603210952,0.16063244428770565,0.13828428890832598,0.06309295089084761,0.07565946853475215,0.14304531733041262,0.1334698967620463
0.14422397584493965,0.16943229411960925,0.04573149305792965,0.1347709195620808,0.0949840181494311,0.0599999912477403,0.07010299655780272,0.17337105820736523,0.10738325325310123
0.2770690558304824,0.09041395194159235,0.0160218800423079,0.11158689672899828,0.10477572904279571,0.04096468021948554,0.15864340336451335,0.1193657242798608,0.08115867854996367
0.06881006419268097,0.11244409835682401,0.094095531281489,0.09554058777564382,0.1266668215086873,0.16947775733365664,0.08371553123428428,0.12218416134787087,0.12706544696886307
0.20085269455250096,0.07146709928275757,0.08131463388382314,0.10869869536415143,0.11242944223936802,0.09680106533798309,0.06616240046628696,0.14606866462602916,0.11620530424709967
0.08722984576358968,0.1487631814698633,0.17306545563840012,0.12605845456807044,0.09968150944394212,0.031102590119917683,0.062775982033444,0.12710071424458752,0.14422226671818517
0.03227238167952348,0.11436102090962941,0.46843476710759874,0.0635734221144742,0.09497250394600747,0.02602571883463414,0.03941839483168387,0.07042925629805749,0.09051253427839122
0.06496175801049546,0.12220609432411918,0.06953401706027147,0.09248587059455249,0.13603555439642512,0.10056188135978027,0.1657274057842971,0.11222227593037133,0.1362651425396877
0.05082251981199349,0.10584010203499006,0.37114446100268483,0.0922797944826053,0.10471107983302996,0.0601031383308964,0.04751964828356153,0.07256785149543331,0.09501140472480507
0.05705323444420446,0.14226608161956447,0.04839137922886794,0.09967481529103757,0.12683138086129547,0.14135245733275173,0.15110728316517782,0.08730937860248476,0.14601398945461583
0.06943394618791617,0.15700526614480134,0.011545111681474896,0.10466250009792617,0.13832694252358324,0.06509599500215625,0.255109334447767,0.0874753015885269,0.11134560232584807
0.0959932099009682,0.06975929466122303,0.14135829414623888,0.08734895930386888,0.13242258427728562,0.054611627539079714,0.05402298174724105,0.18571568809771388,0.17876736032638083
0.07521017785980698,0.107574198521724,0.018104087515997278,0.09544246361525642,0.14691613084420654,0.12978995297322057,0.18415287565752844,0.11048490440330871,0.13232520860895114
0.04501375026055352,0.08169149063719379,0.01879716238493723,0.09176233470781381,0.13045835393430913,0.1510674119073853,0.284938352538514,0.09776041745120971,0.09851072617808339
0.07554598858056046,0.13317970047794125,0.056407600020903566,0.09198965931792902,0.11983280592201274,0.1682373340194325,0.13834106487011255,0.10461270717453926,0.11185313961656862
0.06756880223952358,0.10412380270588482,0.0249827735775648,0.09218991357335811,0.09260382616996161,0.2834034083775219,0.1597901210757522,0.07908974705181396,0.09624760522861893
0.1501075827102204,0.09157529596857877,0.09515466064606183,0.12290688429150792,0.1136454875738528,0.08224301380983974,0.09150502527103814,0.11369859957511012,0.13916345015379028
0.05092565424856102,0.22578384939153628,0.03831987940888683,0.10530106259129172,0.09507444522090085,0.04503796209086198,0.22875327990154218,0.09038407904204056,0.12041978810437859
0.06925869544666037,0.10126226973459211,0.2534738226041389,0.10494010027501406,0.13887226813787304,0.04193123857637184,0.04164759070516243,0.1340431146921169,0.11457089982807027
0.07632682029428277,0.07314341709180466,0.05073557328704529,0.13675963607218652,0.11125270962972339,0.04512691630374712,0.3052570100666403,0.08603952483213963,0.1153583924224303
0.08219320542286458,0.24506216463973965,0.026931801766292257,0.11769172217271817,0.11011819278024426,0.0752209922408858,0.054641682365632875,0.1590025773841688,0.1291376612274535
0.07657033985911381,0.13408639589937663,0.10908781291080251,0.12743889632731506,0.11063812061837779,0.09104481293568885,0.10785331999605952,0.13619415767076223,0.10708614378250364
0.20475128363933467,0.13814724686128885,0.031614721495082605,0.13703415469343752,0.10755344129251355,0.08905117687032726,0.04391430397607423,0.12618757941439432,0.12174609175754687
0.22308545833895413,0.058667775236442975,0.054387092740617586,0.13939580025051632,0.08708868489572774,0.07430540459961578,0.04754534075231324,0.20269135931194882,0.11283308387386352
0.11727683205158794,0.09492622056160593,0.10215264244913093,0.10514477646414626,0.11850365070520337,0.0684421382918944,0.04790162985225835,0.19479692477712787,0.1508551848470451
0.2418595484870213,0.11312656316480729,0.019275948174329958,0.13443566306825805,0.07895375323825367,0.07748014316838388,0.07946984365460281,0.13423654157482198,0.1211619954695211
0.045945455837208486,0.2689568272443558,0.010959481158250009,0.08538783884910682,0.11736734918115709,0.1422980761343434,0.14913717490549325,0.07754462668104213,0.10240317000904296
0.0776682903887257,0.1769481148691733,0.02510675117106576,0.10413724869993651,0.1394368927554501,0.11013777926211278,0.16527289255180425,0.0742359164592559,0.12705611384247575
0.09274515820831246,0.10464101229162176,0.04561208377063249,0.10100080866006432,0.14440117405745148,0.024130580753234616,0.2363321838428575,0.1394757712801877,0.11166122713563757
0.06068565413156044,0.14711991585929607,0.2092482050612168,0.10350325734726544,0.09947702324984627,0.02727426759736291,0.16252928402393504,0.08731121071891712,0.10285118201059988
0.06477513952623855,0.1056117473184597,0.015108582010232796,0.09521246165234676,0.10174827483409611,0.09028921991864786,0.25137083505424196,0.1502190222117634,0.12566471747397281
0.08938473014976593,0.0987682744089447,0.02854347607346014,0.11911075022824437,0.11460012845449385,0.1667902722102772,0.16698010959772538,0.09671632186006285,0.1191059370170255
0.1729068285072329,0.1153065065852052,0.043666799008757175,0.119428471118232,0.11493486612475673,0.1012392156580535,0.04958016524027991,0.1686598386852528,0.11427730907222977
0.06762832569177546,0.12855545590094627,0.06294853488632775,0.11120344328781019,0.10949751475186932,0.16927799121515577,0.10973860707972782,0.10568162976943679,0.13546849741695058
0.03597769422533427,0.11109701956593639,0.44026601029935675,0.07991081343082442,0.07752523592826426,0.037473401075029444,0.05347618327601431,0.060044639834887725,0.10422900236435245
0.05770979988131004,0.14100799485317925,0.031039026356287667,0.1081006298946388,0.11187658021135789,0.06525270577156705,0.30042705522240887,0.08169082894880109,0.10289537886044935
0.08315657151485611,0.10350274829809263,0.057372243970089644,0.12174991459482194,0.1149490224939582,0.1486116874199527,0.030154645658728583,0.2153832554359745,0.12511991061352565
0.04333060424638476,0.12251630028916094,0.016051020524765355,0.08306325383880124,0.13456974096077876,0.10527085928740172,0.3450224371448291,0.06400436300135197,0.08617142070652618
0.2362482697553061,0.07604514907959016,0.07725691397560723,0.09829066073183469,0.08751169857377505,0.14820586998834664,0.030692880542278506,0.13896346034729187,0.10678509700596966
0.0867852383179986,0.060519492613163216,0.07606160398825741,0.09421036994394054,0.08972762849185041,0.22589983188754448,0.08370710409517888,0.1370441807408043,0.14604454992126223
0.05820968590074813,0.13195650327850506,0.03114578988211179,0.08946434126810521,0.09169578512750742,0.34270754698245715,0.023643608801226675,0.12982496094028295,0.10135177781905562
0.051871943337221504,0.1466079654338146,0.06352852113912942,0.12016757525597453,0.11288773917774264,0.0498908914489575,0.25787233296296463,0.10684921731827685,0.09032381392591826
0.11108722791003887,0.12714298833324042,0.012256964196218939,0.11732633914176255,0.1254470332012933,0.12961516785819063,0.14255191413837784,0.10946436717052181,0.1251079980503557
0.11696184890573609,0.11904471797908638,0.02842776841727519,0.12562602319171423,0.1295327699347302,0.19149207634084497,0.07083231530533754,0.10632844151632664,0.11175403840894882
0.059236279965600463,0.12569678115623895,0.056391256020125013,0.1111372898665095,0.11550918084600224,0.10730237128125168,0.18390597426708707,0.1014870553585447,0.13933381123864041
0.2324741944825294,0.060823662381516576,0.10378332832756705,0.11318219170268422,0.13337467047685084,0.06023810303976133,0.05571795528624526,0.12562927985150776,0.11477661445133758
0.12328012584166621,0.06282166519185725,0.19090951890245664,0.15260562233801755,0.09187585490947846,0.1378288510715053,0.06355529056697821,0.07455099944311068,0.10257207173492966
0.04753224725150407,0.11420129048424386,0.006394936047223955,0.09116169086281083,0.10667446350490668,0.2406440676619148,0.22380742421192623,0.08229591173725713,0.08728796823821244
0.1303829099713986,0.10139274872714638,0.037649595491943355,0.09097253414848337,0.14685137074327279,0.08028424845128146,0.07489827455623625,0.2259202153139522,0.11164810259628566
0.10928978583489113,0.1672415553411933,0.030900687078862826,0.1028045701212678,0.12294231601195978,0.0512787226343577,0.2554400043721157,0.06519918315571936,0.09490317544963249
0.09274515820831246,0.10464101229162176,0.04561208377063249,0.10100080866006432,0.14440117405745148,0.024130580753234616,0.2363321838428575,0.1394757712801877,0.11166122713563757
0.17556811583801266,0.11196923791875585,0.1593968405889364,0.0947084725800652,0.10981504135756305,0.07367210754735258,0.05043224338119565,0.11465734614458555,0.10978059464353303
0.07217494587560015,0.06477052708670135,0.15806986622729627,0.12948278095786606,0.10521650356114098,0.20076361857370303,0.04675487667378739,0.10277898968445283,0.11998789135945187
0.07901272635146005,0.06869949836327897,0.04724113679067183,0.08760115591512956,0.1050242044920006,0.06728050728010637,0.34463707140165684,0.061824527655317006,0.13867917175037883
0.046891784122900036,0.14013890464264842,0.02278179224544336,0.08955336759980954,0.10891462296001088,0.052286825918643066,0.36794496743235966,0.05837207004864022,0.11311566502954473
0.08828305632366291,0.09787217024890256,0.15469836735847334,0.12630493655165873,0.13546517683203277,0.058284606500079196,0.054457710717531915,0.17126933474569692,0.1133646407219616
0.049965736767216745,0.12677694179649468,0.042234294649908584,0.09666378515772008,0.12881240575619615,0.13061044310552858,0.256037938787667,0.07870268418873633,0.09019576979053175
0.07959042486273031,0.09439174370523833,0.06635258125220622,0.1290451675950526,0.12891205118328056,0.13889558448841147,0.1567506697552149,0.08644001456819726,0.11962176258966851
0.06383404125867834,0.15107781394383937,0.05219398955967852,0.10984060379315985,0.13612474854062398,0.10929012316043335,0.09281695270464414,0.1638763730218855,0.12094535401705697
0.09463696723982512,0.16730175529841237,0.012835673050619592,0.1205502165473847,0.15594662265707748,0.08060016775198293,0.15907619388690242,0.09102597816421676,0.1180264254035785
0.07594673336753743,0.11192862634487498,0.22165709732269542,0.09378957365569236,0.12537111077040272,0.05254596938266745,0.10326746291125379,0.09023725122115918,0.12525617502371658
0.09397217391318137,0.09249679739700316,0.22152591521376438,0.14230575589350578,0.10409082065249381,0.02361527764896462,0.04501913903771021,0.1611467905277176,0.11582732971565912
0.06970460959258783,0.09811209858598448,0.04433275518392297,0.13025626912682403,0.10340974308202884,0.14132044230409702,0.18605635967236248,0.09425089436540006,0.13255682808679228
0.0684261009491467,0.20292105065120802,0.03354871197360995,0.09095341037665737,0.11443699888702884,0.09828606853543731,0.21279140854217546,0.07213918764078064,0.10649706244395575
0.20085269455250096,0.07146709928275757,0.08131463388382314,0.10869869536415143,0.11242944223936802,0.09680106533798309,0.06616240046628696,0.14606866462602916,0.11620530424709967
0.09249437901156676,0.06619356478643103,0.037268175844148176,0.13901507895471396,0.1484542712125796,0.12394179000807122,0.08705007056067637,0.18423068819233338,0.1213519814294796
0.08483000477233271,0.11729925104517759,0.03135381024541131,0.08543449446609985,0.11287354581050173,0.0637793576126812,0.29715154385165743,0.08302261885147631,0.12425537334466191
0.13364706373275076,0.12408122151431716,0.04433488392577143,0.14558215903891789,0.12361268326955348,0.09446862644354564,0.11440491057197744,0.10690479719570266,0.11296365430746357
0.1308551281347765,0.10787638585744724,0.03629790202241578,0.11146001349926726,0.1331417788392104,0.17209172252105143,0.0879238105131815,0.11338995235406917,0.1069633062585808
0.11771580940781723,0.14861654070768024,0.020410129330794464,0.1024777494863005,0.10871808566709168,0.0740795207747165,0.23384126823117177,0.0781978363520694,0.11594306004235817
0.0793567243596095,0.07284323042433505,0.14311288834045102,0.1146363973854596,0.12047036120188721,0.06983036386348628,0.16543045204276782,0.11337299290883977,0.12094658947316388
0.06584131979360319,0.13267578223151055,0.025263287865369622,0.12522697858811824,0.10078976254442369,0.22423636918086606,0.09769528214853761,0.10897021161910332,0.11930100602846772
0.1241788426398109,0.115158169715128,0.12161380685230781,0.12286280755484608,0.13166248234675884,0.05886547651225175,0.038969877292671644,0.14687655233541538,0.13981198475080958
0.08982223604560537,0.08604573456364945,0.06014802075427442,0.12492791711259028,0.1490950346579594,0.07803020644859103,0.19126706857162387,0.09407509106922797,0.12658869077647825
0.06919215295676727,0.1475403284951506,0.024227517809673305,0.10502348552278706,0.14330287430348695,0.1585567024670597,0.1481823148772938,0.08864610842943066,0.11532851513835067
0.034703779760138484,0.07742936068813085,0.5564359867922299,0.0809379266305677,0.07358644121157343,0.023015966350441574,0.021701796935149675,0.06645861242254164,0.06573012920922666
0.10897407134640558,0.0731696249341751,0.05507381802288195,0.14314760222277362,0.11408914727160446,0.19091118809048677,0.09886105769110176,0.10894817477541403,0.1068253156451567
0.07411841041379624,0.10723239930191088,0.06254820716311664,0.10697620440032334,0.09043748645129364,0.21075948381690765,0.13841018920704556,0.09492513463809882,0.11459248460750714
0.10987672211123077,0.061596007894349235,0.10884115088934167,0.12165908673210583,0.1396162517402265,0.1184351156955639,0.0607824295715557,0.13254958249954527,0.1466436528660812
0.163831049611497,0.10660667843262016,0.14817970688067764,0.10631090031590051,0.11124326657342705,0.03392434347764459,0.06975321319921803,0.12002220216648997,0.14012863934252517
0.06048226164397837,0.08582474567602112,0.015636642373161685,0.09722125923596081,0.11293820376255481,0.06693130892155234,0.35284787023394965,0.09657099506940194,0.11154671308341929
0.08438626647895464,0.09759680281877814,0.11010351451181995,0.12671607655884262,0.12717461162085952,0.0698319764756201,0.13579385581573042,0.11979685543936842,0.12860004028002617
0.11519782315334925,0.18338737257980273,0.07155740349030244,0.10489753441728278,0.1274529331339613,0.049443726197301606,0.09820663498832699,0.1251096584967229,0.12474691354295003
0.05660407605851883,0.10677620546304399,0.045542665813362915,0.10284360911590334,0.12290212865600408,0.15225483041256138,0.2429917036105794,0.06280873082215183,0.10727605004787429
0.08440646844236432,0.07907609375874858,0.06424868417070921,0.09116501704017958,0.14734808640699176,0.03155758640431714,0.1730141580712218,0.16501685287749665,0.16416705282797092
0.06572540968849092,0.07676796691657702,0.13119152685138422,0.12535510217543674,0.11883077785152629,0.06344677719995044,0.14411806715231443,0.14477805777184102,0.12978631439247887
0.05417324292784353,0.15667467414389488,0.19669703643791273,0.1178355560287041,0.10668982147149271,0.05292855818601635,0.07829034664045015,0.10713053765651413,0.1295802265071715
0.11141225593251552,0.058430149566611966,0.09590073165213024,0.11747609254092728,0.12257378699262843,0.10323376485207007,0.060383098274769766,0.19759651588951055,0.13299360429883614
0.0847357088865142,0.08203463407664513,0.009885005220273193,0.09879464784502134,0.10154815357750864,0.26578988193232916,0.1514498714352354,0.09207671885857893,0.11368537816789397
0.11626485608820332,0.06413846546525569,0.08601920032460353,0.10335929790431986,0.11133719541863485,0.06232353989841902,0.10443831475451887,0.16002200481393092,0.19209712533211395
0.13116848972451026,0.09687563602881606,0.06314189737976357,0.15157387865648983,0.14095120081108192,0.0942253014447456,0.05332384135574108,0.1632868943804876,0.10545286021836416
0.05346132814879512,0.08237562481877438,0.4669626493762126,0.0859879186796107,0.07944493219480984,0.042552171686255386,0.043646029210087096,0.06083255112016603,0.08473679476528874
0.11277296714428685,0.10923989658986182,0.08189767673853006,0.10989188238248854,0.14685539923393162,0.043376220905434366,0.07071868633906715,0.1667866781803152,0.1584605924860845
0.06433612749071617,0.11982193953238206,0.014566135248387665,0.139238578588409,0.11702599508999804,0.15379870773755344,0.18077372575337713,0.12581415661319614,0.0846246339459804
0.03494840680003506,0.08119730457617437,0.510548117140003,0.07358689952281179,0.07682168713649329,0.03658660721603973,0.029155399381495875,0.06111637109970644,0.0960392071272404
0.1386583612730485,0.09187087473533741,0.10100537257573795,0.106042373290974,0.12086886412550145,0.10778641037750143,0.1512142575963379,0.07206694225849777,0.11048654376706359
0.08501325345487513,0.12766496290773346,0.010726424403787715,0.09897426452112985,0.11825235777998211,0.051412887403494534,0.33900038260539783,0.0763671668802199,0.09258830004337944
0.0884251292935641,0.10871735452462379,0.013624634966288395,0.10045428753251878,0.12642295537590328,0.07474737739886826,0.28474354321659795,0.07774992488790174,0.1251147928037337
0.0644765710621314,0.20675001194591994,0.04438395190607183,0.10567359105791829,0.1491327578473093,0.0366318440569775,0.1412388042100722,0.12570709651825263,0.12600537139534684
0.06472721891261171,0.0991624130471727,0.03435086435018844,0.09423887477286093,0.15338382014795246,0.1894959567168705,0.17449406441991067,0.07614222748874241,0.11400456014369031
0.08288637016093386,0.10026442144894983,0.023289807218436227,0.09316683012608133,0.1162968944706481,0.1098679444518535,0.2922671292777958,0.09216933272739124,0.08979127011791009
0.03641873488922528,0.19103994015722944,0.035998520434193694,0.08270608452765238,0.11085574449198836,0.044270082290711506,0.33507124048301273,0.05409042816912768,0.10954922455685893
0.05244386505322429,0.06141144709400825,0.5207076845604098,0.08512038933703521,0.08103494298700169,0.0343867084380318,0.02631496441793306,0.07303912468509378,0.06554087342726213
0.1096596360929331,0.14961151420767582,0.01896114556731873,0.11365771023240984,0.12415857201850043,0.09469448377991735,0.2158679244081921,0.0686318422093986,0.10475717148365404
0.13336714655296938,0.12513152798538932,0.027324699323842738,0.09021873140774622,0.11539961506943903,0.07018036028797638,0.2390095628886183,0.0683886590785391,0.13097969740547946
0.06726436594380288,0.09377136800975706,0.04940312610664027,0.10798391905456961,0.12024083371724331,0.07146698445893372,0.19843103267596154,0.12744817962379576,0.1639901904092958
0.08889595840400437,0.05694016715965868,0.2647366084071995,0.08113030726795128,0.10005927112143981,0.11623129829361972,0.05721156552042128,0.09313147654189308,0.14166334728381233
0.13135261342623003,0.07733473696372595,0.04877335504954491,0.12663434520983805,0.11935003074569671,0.11211443853759025,0.13718167567689876,0.105845142839005,0.1414136615514703
0.17114146579276437,0.11385308639626261,0.016896221690719058,0.09218951540197044,0.09574460748150293,0.13220521721628392,0.1779575802999802,0.09529604675028154,0.10471625897023491
0.054744201170352204,0.11925782602162079,0.0472180207319543,0.12209164202069255,0.1127849083082824,0.09508522914502987,0.24409814473538263,0.10215434016354864,0.10256568770313655
0.07377928662262735,0.07072731114196255,0.06482461798048383,0.09559723986539814,0.10226651383307732,0.1813748819003869,0.23894856295435032,0.0712914236624663,0.10119016203924724
0.04455545166890625,0.07683823171285757,0.45015321341720754,0.09049266166614829,0.08359168969232374,0.05057724839035832,0.03342996082185307,0.07428799712675317,0.09607354550359197
0.1402480120920104,0.1093365829254556,0.04740805896753162,0.13519929598912606,0.12689661120629572,0.054343111677644836,0.12497428696433648,0.12811050823852033,0.1334835319390789
0.07802893127232327,0.1617012338723701,0.06692921452441097,0.09438473733675895,0.12666500767407665,0.1457576343608147,0.09052535533247041,0.08485000382324422,0.15115788180353074
0.08231748129615844,0.23092925667437192,0.020982593435049157,0.09309177896056915,0.12134505935460216,0.11970233624791186,0.1288227883550261,0.07081785948649792,0.13199084618981327
0.04778077352716572,0.1006317617763628,0.39009272666941036,0.08511699386329531,0.0878488365022832,0.06946564539242887,0.04927869132058404,0.07823495326476419,0.09154961768370547
0.07189978567715642,0.21245203961597484,0.18918491849940544,0.11229178918425664,0.11921772898810185,0.07149523185767655,0.04255983282123595,0.09852493589242532,0.08237373746376701
0.07242961889632535,0.19965760192155566,0.05261711301598251,0.10014882322721685,0.11937418550804607,0.09613437773691587,0.06479093026719905,0.17079836489557965,0.12404898453117898
0.03570103771838783,0.046531656915920795,0.5324654274331349,0.08936793278058952,0.06001135446310588,0.017621618039223394,0.05887597902813124,0.07660786567302873,0.08281712794847779
0.1240389514045651,0.2508378415735744,0.023210822544406113,0.11556523699109174,0.10336056350176048,0.09854638189946617,0.09075779779392074,0.09291959649069713,0.10076280780051822
0.07756801654616512,0.035908963511663054,0.03935220496770683,0.117582575992723,0.10929521690447364,0.2693168810216065,0.0854896588241311,0.11867670675657205,0.14680977547495874
0.13931399140496412,0.12007231204128728,0.049539362939715725,0.1180599108813425,0.11400565615674159,0.08560089566488145,0.11669047986489023,0.12470434783481195,0.13201304321136523
0.08539209086603157,0.1564845344236269,0.04991459547365992,0.10823953392401846,0.14934179221031613,0.0713178499554404,0.15087346809683358,0.11959055396837025,0.10884558108170278
0.08083410263443123,0.1162019806703032,0.016046513903681534,0.09338919741379632,0.11369187751638393,0.11917568694029353,0.24555851490688863,0.07290790124304174,0.14219422477117988
0.07746669021572533,0.08659820016005172,0.1459732181990463,0.1033601460739061,0.13304762558038796,0.08701802321601691,0.1076247218446229,0.13060852309807022,0.1283028516121725
0.08579401050640052,0.12049709588881292,0.014103695866493212,0.09689127888239539,0.08694368715211809,0.18350840473975213,0.22945689934474559,0.06453964945363107,0.11826527816565101
0.047437053828773244,0.11948084359700246,0.021983564361036347,0.09738442963145992,0.08569653737296697,0.22271680037605898,0.24177713657314617,0.06625727248150036,0.09726636177805541
0.20753469697744978,0.1908671549278009,0.06127517518977812,0.10653356862801855,0.12230549758858959,0.035222899380375206,0.06648273049735184,0.09321014471147936,0.11656813209915666
0.10614343275653974,0.09009615588324134,0.07482576506419857,0.12854314431864147,0.13071079577214506,0.08660064812248082,0.12578243504507716,0.11039477129538021,0.1469028517422957
0.1422008700913593,0.14409516166798864,0.029044318230523145,0.10059168333696687,0.13757923867828337,0.08288657987017638,0.11404804499291248,0.09217658193435951,0.15737752119743045
0.06279078915230239,0.08018883024223893,0.2739690478670584,0.11212142159092274,0.10087283195488843,0.05033847078808401,0.044276295334936655,0.14485662674209954,0.13058568632746895
0.08387058726715774,0.11239816846991428,0.012113115199866123,0.07923608736303799,0.1031674347108427,0.1714911209955398,0.2532371996710308,0.07661430749548309,0.1078719788271274
0.1361503641772492,0.06315497820721032,0.15166777969618986,0.09685674897955669,0.10458012484683708,0.06407390933056416,0.11186970960921618,0.11557362294893612,0.1560727622042404
0.05980827463122764,0.12429847371303111,0.0807554953350079,0.13779150589242986,0.12535846502774559,0.07239213308453328,0.14794470980130747,0.12229507922013787,0.1293558632945793
0.04210060589461937,0.16759129593286,0.029455104554210337,0.08983666849134947,0.1325682345126388,0.06077871779045523,0.28431064285081353,0.08135700377870116,0.11200172619435207
0.07317122294775877,0.11279618535449802,0.009745972803766304,0.1078650025543319,0.11347868975767465,0.12811904518327627,0.3004463618913773,0.07071694077524152,0.08366057873207533
0.07217494587560015,0.06477052708670135,0.15806986622729627,0.12948278095786606,0.10521650356114098,0.20076361857370303,0.04675487667378739,0.10277898968445283,0.11998789135945187
0.10271656622409027,0.10403849426014306,0.051062973146439546,0.1272831900266989,0.11134480118984062,0.06044463915790472,0.1942976257384282,0.1257647139084271,0.12304699634802763
0.09460590874346204,0.09681068935828792,0.025651076936684693,0.11351298493235629,0.12103246860457702,0.12579883807646486,0.23104526095331793,0.05875423438138949,0.1327885380134597
0.05331964198973105,0.09464821942010067,0.1530735111334985,0.1116978019633766,0.12932380729631385,0.17293652151066388,0.07741623937927078,0.09114609897631236,0.11643815833073246
0.10683146215660856,0.11844881258256422,0.07007733639894069,0.13949728433981037,0.10455050898737743,0.1712619188191237,0.04345857939202457,0.14378512168024896,0.10208897564330151
0.06416656616247803,0.06796355737078534,0.015018817071142929,0.09550619250952479,0.10777909124927747,0.13023532288514936,0.3474892509521454,0.05693693893230811,0.11490426286718859
0.04640307134904109,0.05200782109123936,0.2479877342957659,0.13792547481619785,0.13453706665259624,0.07623542274478694,0.06288934480078558,0.1307729851611016,0.11124107908848546
0.05797841348558654,0.06839626976891938,0.09836709951483573,0.10189284055730598,0.11070138304081896,0.1808973302708786,0.19893773136844703,0.09044401678005644,0.09238491521315138
0.12182189171539064,0.0924277072424825,0.058544124349001504,0.11930490062167681,0.12635325737151148,0.04885226860058719,0.09231703667990311,0.21698891147781496,0.12338990194163175
0.09397438023381637,0.08588720759069209,0.17767644098313232,0.086692548379188,0.10087672476228682,0.06375006062436563,0.04883435876344555,0.19979612514623857,0.1425121535168347
0.08529676987492973,0.13787569995192392,0.029265596639136696,0.09755908874345515,0.13006028761702648,0.13632593621537573,0.16287253854365238,0.07703192960906875,0.14371215280543123
0.042456814970766484,0.07637472307436428,0.01794672695750822,0.1046934216911496,0.10406420538893464,0.15691970848813477,0.35071388518829383,0.06577656320610815,0.08105395103473996
0.10342484246624621,0.17017232691942505,0.01648673693460072,0.10167392242392607,0.11851065065660639,0.04644736517642407,0.23283871310330206,0.12030070642462332,0.09014473589484616
0.06964876997545573,0.12105380727834451,0.09511305603210952,0.16063244428770565,0.13828428890832598,0.06309295089084761,0.07565946853475215,0.14304531733041262,0.1334698967620463
0.03371608632134092,0.11666085393546193,0.4710341785985623,0.08385562070372797,0.06285823999306296,0.01911599598794848,0.041060623075835044,0.08326082578318174,0.08843757560087871
0.12429891402061011,0.07797981551953859,0.07740069534508395,0.1259211630192927,0.13888416067341322,0.054331600994569705,0.12563180845044694,0.1481982026561888,0.12735363932085597
0.04291439599713474,0.09397133645691691,0.41073114889745893,0.08654947523211531,0.09384686419344827,0.030937348183662044,0.04105688334546793,0.09819615747184225,0.10179639022195364
0.07613756142092017,0.1029514574972939,0.03184271984767858,0.08549283197031678,0.11920973231188607,0.1170270122193417,0.21287988063678578,0.11371908275840421,0.14073972133737275
0.06045673742969809,0.20145805890303178,0.06554318745258937,0.11762703151826555,0.10680831757348375,0.0396272233593702,0.19961599831692858,0.08887778601991758,0.11998565942671503
0.0457461068431009,0.11685434984757008,0.016021725477114918,0.09718921231763715,0.12427158293285923,0.07480348454717105,0.2954588755205289,0.1039405341480311,0.1257141283659867
0.054315102519410595,0.1162404550920078,0.19919997513270338,0.08918340948084524,0.09837525057428653,0.17756752744688628,0.05674934897316521,0.09749916324136453,0.11086976753933044
0.12285777457245138,0.07119604691484886,0.15317970933694044,0.11707206392747309,0.1030165138449008,0.09321560799549215,0.045319175098128404,0.1705845577142794,0.1235585505954856
0.08185141544313568,0.14048752331020598,0.028510660576378077,0.10821390455470481,0.1129646352742963,0.09430746845292982,0.21238373338668207,0.08942054976255409,0.13186010923911315
0.11580147948920251,0.09960661998938745,0.08447128538598607,0.12217247044060514,0.10620440349238058,0.04794903795132919,0.16393311798208762,0.12139194917587177,0.13846963609314972
0.13134200677803667,0.11089370394101962,0.011837113147163757,0.13231403323581473,0.1408226960204566,0.09042672982602669,0.06867772938333785,0.17220029382684063,0.1414856938413034
0.14904476877871062,0.08458119502164725,0.1022190340007843,0.10385512406187629,0.07766517686739786,0.07872651173976931,0.09345146784718743,0.16439562576341452,0.14606109591921254
0.04473984336303216,0.07498559637383703,0.03499484478831465,0.09454718965302551,0.11672344430905536,0.06914668796936457,0.4046678554664898,0.06362941820116272,0.09656511987571824
0.04682531126152089,0.0946111004878215,0.043627252937221354,0.12150442171944831,0.11574838803035836,0.08564226091669691,0.29204423728895584,0.08822003998568688,0.11177698737228997
0.08475193895881879,0.09739812302607487,0.013264638264329075,0.11643916527148673,0.10457738642745111,0.14889313914757218,0.2725670376738342,0.07533052289105414,0.08677804833937881
0.12248009411481768,0.13308844332204517,0.039172553903380626,0.11933510902419887,0.1346450725437238,0.09017458602741202,0.11845898274071372,0.10551461714543148,0.1371305411782766
0.0778931525919528,0.13883487604161696,0.08931453932864925,0.1144447191103488,0.13409223994822156,0.10130050734384631,0.03350176763342015,0.19403885496933806,0.11657934303260614
0.07607548623064196,0.08857343557654435,0.017307625133488446,0.12059383249543654,0.13345808676746146,0.17262738904021327,0.15019894087031704,0.13232278075005244,0.10884242313584447
0.07114354235703678,0.1489191171287745,0.021509677928743157,0.11686867161760457,0.14866235374858347,0.05594367895228699,0.20590097972199417,0.12054347440993536,0.11050850413504099
0.14383510884038628,0.13895590912741618,0.04620494094931662,0.11470022090297649,0.0953898587991024,0.05071403864300944,0.1921664922241555,0.10662631087590596,0.1114071196377312
0.08551560593541833,0.11326885281490817,0.07908975328000839,0.13774551291700388,0.1261332272402159,0.10995380599944064,0.0641763447541752,0.17319054030126146,0.11092635675756803
0.12154974980620636,0.09113949194119973,0.04195661425846042,0.10146154658780122,0.10879120065428564,0.17636372564922662,0.10348616867757698,0.10828237906977049,0.14696912335547252
0.07931416927706149,0.14751831909115684,0.1077777342203673,0.12581848265219434,0.12464261931328156,0.05781467871918552,0.08615873124804187,0.1475904449089377,0.12336482056977342
0.05102034674269984,0.0986715034803408,0.015473023331315075,0.09267230559765804,0.11082697067621959,0.08305790464927336,0.3589006191721671,0.06359561911315066,0.12578170723717552
0.1379033091959889,0.18280948854253812,0.03914880063919648,0.13512872110273186,0.11318296035373489,0.053328103911832715,0.0907640778094123,0.11842665047527796,0.12930788796928674
0.06884900152471557,0.07017399989025817,0.024514584878455817,0.09950899680941701,0.12736817781229173,0.1262722393617244,0.2482992684619244,0.08597780366571357,0.14903592759549938
0.18711575723357296,0.11505662061191685,0.07633434352312847,0.09693627503720308,0.10860970202511676,0.02798176855460947,0.14001175981686798,0.13866286645408601,0.10929090674349844
0.034540061601363574,0.07524769812569863,0.503851311412908,0.07715650807916967,0.075948807086846,0.025290415064588904,0.0768749898668911,0.05201336044505217,0.07907684831748198
0.07769772370986834,0.14434421925521884,0.060711046274644576,0.10193647771570229,0.10235060793885374,0.08296601065540238,0.16994254509252352,0.1158545442507581,0.14419682510702825
0.035113906683038106,0.07609173122542412,0.5070826103125148,0.08733633644285,0.07808695036371738,0.021659109701373237,0.0374421754526802,0.07126440204989982,0.08592277776850239
0.06792268185784345,0.1680746548061681,0.007873395704764611,0.12218501314573453,0.10624185231621915,0.232178628772191,0.07773463500662994,0.11771797341528112,0.1000711649751681
0.08186817912023069,0.06363724966166362,0.08085990072041682,0.0938107125242212,0.11790125104803628,0.18034914829353366,0.06114318453194447,0.17027777799398425,0.150152596105969
0.07659947953777835,0.10355671180654491,0.07252154333071194,0.11495211931563798,0.10976708373552724,0.22056682249927562,0.07663700529839722,0.08808353588947086,0.1373156985866559
0.22283447302555007,0.09976913969304861,0.10052249815466556,0.11262600390747242,0.1049158377975945,0.09541230695559799,0.026549001643668413,0.14099142429230002,0.09637931453010244
0.09589786845229131,0.09746943787504532,0.044084766452122275,0.1329147704783529,0.1324998919003638,0.09478357436106351,0.13020406451103714,0.14481365905204557,0.1273319669176782
0.06301944418879225,0.09930266548433442,0.08847293647022751,0.09217466462549906,0.11970837517165282,0.10794763247784268,0.22431142987708755,0.07529080905367684,0.12977204265088693
