0.06878415532743777,0.13926861366772483,0.12342444952427133,0.04702043379404927,0.1891309864497617,0.10679101328439833,0.14941506733184604,0.09271197470374574,0.08345330591676486
0.11359129775373479,0.1071538747790528,0.10545944240454835,0.052902541493004114,0.08384014321119204,0.23589483147579005,0.12582567540984,0.10108965465805243,0.07424253881478558
0.3559287712196542,0.09005906598909558,0.03620369266055399,0.05937858778083708,0.06343305298231232,0.0934714070952165,0.0633338974017114,0.13995106656513842,0.09824045830548045
0.10033166778568375,0.12176383390984541,0.12517164517917975,0.055692648566233315,0.09938689789387807,0.1642653417195932,0.16127790343481183,0.06811397901701198,0.10399608249376263
0.11039672617334818,0.1230163088873057,0.10012146612932145,0.03545385902196341,0.1427057096632795,0.1740166951827383,0.10155247526294452,0.11114391101709364,0.10159284866200519
0.12091002752295837,0.1069490473146062,0.028537147785974517,0.10932692907284085,0.1430278634740025,0.1400794151385056,0.11203106492336233,0.1547701677839297,0.08436833698382
0.18019713550454905,0.1328839485577845,0.07880628072282672,0.09793922109892467,0.09983154529265108,0.11547567301071233,0.09429226961936639,0.1135517417096051,0.08702218448358011
0.0262811395673407,0.07360168324303455,0.3559199740827877,0.03887915716052611,0.10195185290278454,0.06962756501018834,0.09530247434972756,0.07200034686332601,0.16643580682028447
0.138308976676213,0.1061116871600803,0.11141068565792284,0.08455492129887972,0.11780492848205394,0.11927292168372512,0.10610578004446476,0.15983868606738638,0.056591412929273915
0.06800463823096138,0.11890364888535616,0.04414017918376704,0.12343433599847535,0.10361795371099881,0.21909848232808693,0.13242064799255085,0.0788075195570063,0.11157259411279714
0.10390013945764857,0.09808438477672966,0.15998649006744403,0.17626309677139373,0.10695466350776324,0.06908661595923027,0.10523248590482594,0.11589592086302188,0.06459620269194273
0.08549706724688606,0.11195484309813418,0.15828565603584413,0.12574521021855634,0.0834824829288993,0.11391337363894782,0.1302046018607922,0.0980263530822818,0.09289041188965817
0.06427731946544273,0.12019524803834435,0.03753433625381303,0.22561532187491543,0.11755297458889648,0.13992635909305148,0.09773323788883702,0.06128624244146303,0.13587896035523642
0.05747493364267183,0.10244817599105589,0.12082793171861726,0.16715987995298395,0.06944408369045725,0.1552223646030056,0.12922721492938583,0.12077815965529182,0.07741725581653061
0.188919389753372,0.10272070569060428,0.07415928535803853,0.05374180916832616,0.11156033707058828,0.08484029928476582,0.0914076709930609,0.15602118207957819,0.13662932060166577
0.048657989330002115,0.10528486515781599,0.12839252636698675,0.059110586322649844,0.12172951959809512,0.13199838688004217,0.16174023692707531,0.10714390492157667,0.13594198449575598
0.03318774404060789,0.11030548937519398,0.31718320464635763,0.028084972088079686,0.12057332253407109,0.08976680151939809,0.12912017928048644,0.09578188116941559,0.07599640534638971
0.04033439607104033,0.11481024802026785,0.20504414421249773,0.15683437280771353,0.08838536698867268,0.09871798443259278,0.1071084232007898,0.10481026464696004,0.08395479961946524
0.06125293431232449,0.10567930895404558,0.16300062411622226,0.08365264953869493,0.17994149386305627,0.07959354426177444,0.12691575503115157,0.07867095350310899,0.12129273641962146
0.2207315302437649,0.10055183323076282,0.019581273487634627,0.08698139420094515,0.129345270739626,0.15288691408467212,0.08300220793115841,0.11959272625804827,0.08732684982338772
0.06860852133422513,0.10013757304015913,0.176021703360857,0.09984098080004335,0.11201004119027407,0.0954524795004325,0.08987786129160229,0.13865418046737746,0.11939665901502909
0.03572003320422123,0.08230451522878769,0.21709786589168503,0.09794964765582692,0.11927859223980974,0.13351161054650107,0.05754830792375771,0.0898138505792508,0.16677557673015975
0.08120680261506674,0.11701941259207405,0.3033320011367901,0.03230629988605752,0.11959198060207676,0.052252911230260796,0.11513777752190317,0.09024927058040111,0.08890354383536982
0.06768395593922268,0.1243055014420048,0.10882890217077146,0.047330137220245184,0.17241642538237742,0.14034607037380198,0.10133717336056595,0.12101142527553042,0.11674040883548002
0.06230747911718488,0.12541177139984055,0.17851205724152522,0.09516935875465767,0.10718845562243455,0.07680780585655045,0.15295580922187432,0.0838137763976719,0.11783348638826045
0.12828236476851848,0.10588238500331247,0.12772147755118715,0.06732147324095078,0.08230169277195863,0.11809942702621035,0.12689215171959986,0.08752679947414092,0.15597222844412142
0.03760541794351847,0.11305476535738494,0.04071085967903219,0.10481422340818332,0.22896057205671236,0.1455333065593487,0.14028140459961513,0.094485939867959,0.09455351052824591
0.07433387737864543,0.11775954619885314,0.06328546737487116,0.10953823359185577,0.1291793747210252,0.13380295637529122,0.10837669951960928,0.15202611606479852,0.11169772877505028
0.11445201792030406,0.11243363261397772,0.06372069530005918,0.09964631997781732,0.12832155659777553,0.12941184778419543,0.17606148198735017,0.10892832370570045,0.06702412411282015
0.15332602106847767,0.10969652161468867,0.14811204684872256,0.05526990708187789,0.13900074656656777,0.1106629549248716,0.09718269905251624,0.08483551292514313,0.1019135899171345
0.0962726071506584,0.12720930875046263,0.07845328564062784,0.07387494085491725,0.18077921224155943,0.05258372216697665,0.12034514985470594,0.13462688991296792,0.13585488342712396
0.11916170028396268,0.09118686603270691,0.3320246004287467,0.03566824801359527,0.07073007703474103,0.07142227989913891,0.08532380710926273,0.0893692373579036,0.10511318383994223
0.05566183831244129,0.10640706560111672,0.08828028959479828,0.13888092102559066,0.10138850367684915,0.10689114003497184,0.15077764146856268,0.1534898521905602,0.09822274809510922
0.10091912200209363,0.08478222116733485,0.1663293481052999,0.2082908625697696,0.10177103731397229,0.08256927047461111,0.11992410792406705,0.055566375640632076,0.07984765480221938
0.05830639366712365,0.13625017620034244,0.06380853024282306,0.08197823324449643,0.13099289343092704,0.13007457443505846,0.17496573660419515,0.12854673437414696,0.09507672780088679
0.09435468531182956,0.14361535158239327,0.10445634892871808,0.07420720309918585,0.14286925673496761,0.08980006939338274,0.12080225469132055,0.13274855460659737,0.09714627565160493
0.20810825238449346,0.10968879091191235,0.10263851396905321,0.0935778221474411,0.10559740652891496,0.07649315002484264,0.09168539024710694,0.10102048204260657,0.11119019174362886
0.05738443122004255,0.10996624296076385,0.03947040599612132,0.16588460881303327,0.23543889009472507,0.04974110740365914,0.1254919864060544,0.11258735306359917,0.10403497404200124
0.08237812170493165,0.139270751181099,0.06078990556780146,0.08964972889053267,0.10330138264837317,0.11032625238644071,0.1794050293824971,0.13071459587279308,0.10416423236553117
0.06904554691731656,0.08985152883592677,0.165288245261712,0.1823784387127508,0.09115598097399412,0.07232794842608216,0.10005280951824812,0.11024886672773432,0.11965063462623514
0.0634096957577321,0.14017225619338372,0.027049331917182774,0.09182392188202161,0.11406224547576556,0.17275146724931142,0.12089542630038917,0.1515432424526971,0.11829241277151652
0.0764670319204915,0.12251272326366609,0.16255101007183256,0.11266874594926324,0.1180454397601882,0.1115870560905915,0.10332704119687963,0.1289240819698009,0.06391686977728629
0.05072444795945896,0.0947346881991512,0.2847594253518915,0.02058724445663897,0.13378245456926155,0.11117829755532031,0.07552071897713018,0.0912872010462269,0.13742552188492035
0.07934376098520256,0.09227809735641795,0.10095512459802193,0.09626284188579548,0.15220060315640865,0.11393491175613575,0.0842261091834476,0.11114732234184112,0.16965122873672897
0.030710489891957512,0.10081984044869696,0.03975902303436677,0.2935681377992196,0.09535284816580791,0.11204866972940519,0.0845012157601346,0.10097640361382054,0.14226337155659097
0.16376917274371958,0.11117893576305561,0.08232441277641171,0.07477129774951952,0.18217565177256054,0.07145758298077086,0.10764613931626887,0.09555764841628471,0.11111915848140867
0.04544489442929186,0.1072648178085986,0.1333825111580568,0.12048407737098436,0.1000130221353473,0.1397986919971367,0.0998762270754736,0.1308992632023655,0.12283649482274524
0.1394119962123275,0.1027145130018109,0.16637091562474574,0.019936213447603563,0.14156199432020308,0.09712998831974784,0.12285427740272163,0.09250309198828222,0.11751700968255752
0.04570709242602685,0.13320438637854146,0.14554086400889385,0.10420217385074894,0.1364920645732738,0.08623377743473103,0.1418516977475969,0.11037093514154499,0.09639700843864223
0.06324947435460337,0.0995839291305813,0.08909656935839368,0.1787189164358243,0.10784972790753165,0.0661994387745579,0.09775165881422482,0.09391844961966415,0.20363183560461887
0.05855454297425428,0.09505532680448907,0.145485207203258,0.10768775704921525,0.20768715700109705,0.07782077926094359,0.08415432933020527,0.13450307031967088,0.08905183005686662
0.17586969432321028,0.10681620138386282,0.03270810664804477,0.16952805852515498,0.1288731337851062,0.05349111795394801,0.12917039009167255,0.1212202304329753,0.08232306685602503
0.05721010290930018,0.09572049980254771,0.1391289193919323,0.12229204687131558,0.1282512869115957,0.10560903959570948,0.09834330195225803,0.12547112772558702,0.127973674839754
0.1703313297746243,0.08480162502749121,0.1304064801963665,0.06321952832340892,0.15563715957947075,0.07771643652466352,0.13350437713559501,0.08759683647749157,0.09678622696088823
0.14800641172338566,0.09204574116510895,0.10093910037563096,0.08329838901098985,0.19549383016101993,0.06299138997266245,0.06614268927092957,0.08422473985689848,0.16685770846337414
0.15050621960031327,0.10105992619134758,0.22341591588966628,0.05127273779801906,0.11748666300296677,0.06970950398337585,0.11221900536674097,0.08760730891011849,0.08672271925745162
0.02623438275538632,0.09338614017683793,0.2592197800263899,0.08091428038530214,0.13128959848588231,0.0869372081970932,0.10493925793733028,0.09502862063481798,0.12205073140095994
0.06704908205783493,0.1110869817315131,0.15207462047542641,0.09896754037965254,0.1345590607994963,0.0788649716343089,0.09840249848036214,0.12397609485612826,0.13501914958527741
0.13323618397092907,0.09761339559496135,0.06903065917659268,0.11294839022842307,0.13250096013022739,0.1481833072109829,0.0941692846688633,0.09425045010211745,0.11806736891690273
0.10312978680957863,0.09969837072748237,0.12308527566949932,0.0850289783327306,0.0789014949806292,0.18304942181106135,0.09860238368203483,0.11828681277077334,0.11021747521621032
0.13308669242816512,0.116076559444374,0.05234805826258407,0.2248844510664565,0.1479196523602496,0.05193101270237857,0.10806621430334856,0.10998264594370628,0.055704713488737345
0.024574241785571743,0.07602659411097379,0.2869900396271751,0.08661678519303624,0.13660013972847332,0.08259625967087537,0.08651885919590095,0.07350704105274118,0.14657003963525236
0.029391677191199134,0.09598517893240127,0.22215545749700275,0.1120542625768573,0.14721589724356107,0.06996035185447291,0.1015150357564867,0.1073667702724899,0.11435536867552892
0.06241905635320105,0.11332255342756907,0.10235870795418582,0.1821049961826328,0.08243301009036254,0.14031239042101573,0.13403784275076594,0.0894598712819162,0.09355157153835096
0.042821877788778405,0.09386706966418479,0.2825528003174891,0.06467041554927301,0.08854857356732715,0.13407765286198917,0.10113199212398898,0.07167429967525397,0.12065531845171545
0.1427324743981159,0.10075453411851439,0.10867658874629131,0.03857723872995727,0.09825181566404688,0.10717956336375245,0.14544485895557924,0.1059834677914594,0.1523994582322831
0.14835497384583626,0.11155799548270946,0.11500127660831017,0.07932045020314364,0.11100269567390542,0.07338895971872657,0.13808689970376806,0.1165927473370853,0.10669400142651521
0.02609817247515606,0.09291081921903088,0.17058677976332237,0.12008627978482762,0.13111460636885194,0.1093388327448429,0.09002374709179234,0.1265814983726488,0.13325926417952713
0.06506800026924951,0.11656233180164995,0.09287185529624818,0.16303483685438808,0.13224716557223648,0.0961157867543883,0.1408455042909721,0.09180668919626937,0.10144782996459804
0.0507245043740338,0.09730032865353506,0.13894062157753642,0.083968330412111,0.16307219938175688,0.09953198370925127,0.10452850518051687,0.12593217931955203,0.13600134739170663
0.0728211489851089,0.11319151822883149,0.10017846648035396,0.027289514121259597,0.1661164832201909,0.17203418873412357,0.11273265496525957,0.10146760158768538,0.1341684236771866
0.1275722841835413,0.09680848164999852,0.15242600933574632,0.10727549558212934,0.14916352688546763,0.07025382420827767,0.08780029642578485,0.1219486607821872,0.08675142094686712
0.12900248845918308,0.12316352606393677,0.03233519017608623,0.1040915126242669,0.12274600859397344,0.15929174669913562,0.10387912614898158,0.06574965403084902,0.15974074720358736
0.05386041806291183,0.14537246120915903,0.09159851919405025,0.08145772641551263,0.11999331918937828,0.14051802267642347,0.1314581154770741,0.12390608381019097,0.11183533396529954
0.17338881788035318,0.1108572890351122,0.07107270841145509,0.10234553568778577,0.1302196425451886,0.07019447852688745,0.12872376357485815,0.1446642617341981,0.06853350260416137
0.0787809996562503,0.1214345863970668,0.04302790468977339,0.15296341044073092,0.0973576497423705,0.1192770719876915,0.11113090783599001,0.18923029685959758,0.08679717239052902
0.12285933956016148,0.12160342421243357,0.03777764444033632,0.07296554430796483,0.18339134458922435,0.13525940209112575,0.10526654119457479,0.11574353872483951,0.10513322087933936
0.05552129069481256,0.13125963668629712,0.08009129614647549,0.10845614845835978,0.09570625676397408,0.09396235935278963,0.16713448691762764,0.1675923836686657,0.10027614131099803
0.06737775427144582,0.11113914766020881,0.0934374663163668,0.10313058869618369,0.1401370447800878,0.14135827157962405,0.14416779418756864,0.08895260539617895,0.11029932711233544
0.08685994316435841,0.1392099231135507,0.06495770241378292,0.12895013976551398,0.11594808169668075,0.10163457830951039,0.13698098245416102,0.10216568677360721,0.12329296230883469
0.03082695519670357,0.12065795832587402,0.21885093253926813,0.07679917996925995,0.14101374288620294,0.10405572015871238,0.09979525213251239,0.09949605572847857,0.10850420306298798
0.09532053394171196,0.08590694219991157,0.11512838468332186,0.09501552421277037,0.1565966687383925,0.06833620784279079,0.10149293940842023,0.12455306052482773,0.15764973844785302
0.05791508114689275,0.09900421611706216,0.2122182230988022,0.06355254684880447,0.11528310068712676,0.09476778854772006,0.12413536777447964,0.12380349692229915,0.1093201788568129
0.12115092454062337,0.12569362310104135,0.16256673346056347,0.05886726296943449,0.09285553381372602,0.09489642671246094,0.12665040887005885,0.08856693503573283,0.12875215149635866
0.11867567602275493,0.13935527876428047,0.050353873180899844,0.06631601915271747,0.10054532182689206,0.19403289476791893,0.1267814426862931,0.07691519682968961,0.1270242967685535
0.1302336780654427,0.08461990800665418,0.08742747563191007,0.14450851511744656,0.10531869571808007,0.11945878391990021,0.09107563071982294,0.11730354290676265,0.12005376991398065
0.04849225152994328,0.11222201939129033,0.24026526621829772,0.06448152663636035,0.11674648746277137,0.09786941845473163,0.12135159268624995,0.09935015551394964,0.0992212821064058
0.12138165883565277,0.1197628662895302,0.062441241042676426,0.08911191991708896,0.12555956019619519,0.11478352755679389,0.11498692515598004,0.09861345664228975,0.15335884436379274
0.05924278424235429,0.10419591852236715,0.20271420767837278,0.07717018991812492,0.11901102999820568,0.10987851184775482,0.09236706885685199,0.09166049482471557,0.14375979411125275
0.045951386669634865,0.1059405590507315,0.23851039308300334,0.1309380466040868,0.11589669343327914,0.08487890765666055,0.10118073997458214,0.10000317908695318,0.0767000944410685
0.0571833167098909,0.11920106813281811,0.058070647239237876,0.06361871467494983,0.1311029057919372,0.19489790658458625,0.14762310820850774,0.10318211229995124,0.1251202203581209
0.012179766651820361,0.06954691805678782,0.4332420126154521,0.04660302475572637,0.1161460665672341,0.07062298649310923,0.08017165941850701,0.08279033327297297,0.08869723216839005
0.16349246678252294,0.10069306887480495,0.09206894623479274,0.029745898455652526,0.12760359841925553,0.20222427417128305,0.10174035572564677,0.10401690625685082,0.07841448507919072
0.10152587500769526,0.14421665454633517,0.037326563231436814,0.10958915080623081,0.12878525614584987,0.09051213035535755,0.11350902514995859,0.13756726617575063,0.13696807858138535
0.06785029526346548,0.1130996008942795,0.038761786784172546,0.07420871867426358,0.15033227709201755,0.20653088753867813,0.12344767467967831,0.15361140666066617,0.07215735241277882
0.11452542667916522,0.11151022252000788,0.09089470583304504,0.10109308011273711,0.10405852106481343,0.09872149638236398,0.16105087518281147,0.12731266431117014,0.09083300791388567
0.17441450796263416,0.09122992559894283,0.020112225059134483,0.15516253431693428,0.16060256638503076,0.05737361703788494,0.08155094161276631,0.12508873198054402,0.13446495004612816
0.10479302511350702,0.11104232767325933,0.057317590526915575,0.10332468288107899,0.15576716905495844,0.16566106272610828,0.10785058839706214,0.10608291580619951,0.08816063782091065
0.031592505421157935,0.12489970083512754,0.21179348052112842,0.059541971857357386,0.08369094532989303,0.1723054190779153,0.12412585388828058,0.09663605360797044,0.0954140694611693
0.0978648303968976,0.09178008864179495,0.06988407139602397,0.1882311030849242,0.10989071773559357,0.09962398087966189,0.07615046388773648,0.10015191336114072,0.16642283061622662
0.04958121386426708,0.11146832582041527,0.03621233230236231,0.09574298062280497,0.16982113765490184,0.1769075953751363,0.15662416463832324,0.0868835494918015,0.11675870022998747
0.02869831341364969,0.10586178007869616,0.24576568923609407,0.06124111031052821,0.13787649178771322,0.08154790973237479,0.10469353786901588,0.09838053426471051,0.13593463330721745
0.12779770818484595,0.1101803746485992,0.03735207807407929,0.10567006939010558,0.08914796554226623,0.1290238595131579,0.13264749808841889,0.17245542094143276,0.09572502561709416
0.05926346731455303,0.1230422947185716,0.09948266999909916,0.14994195847601313,0.10722816764649844,0.1403139993238851,0.12474549575634053,0.09483277674638824,0.10114917001865065
0.032716827192229896,0.08751318779577222,0.33485796709597043,0.09468640721420613,0.104825731379384,0.07363936650601433,0.09553164780479202,0.08999093007016656,0.08623793494146437
0.027575475803434904,0.061009001093029334,0.44283333663811447,0.03520891316875983,0.08271469363404726,0.07542336377736843,0.058164337241351775,0.06086073396067024,0.1562101446832238
0.06739660671977511,0.12557632700606566,0.07111838636251645,0.1889509736100523,0.08180530280719295,0.14638264744084606,0.12321829597451096,0.12197736000796496,0.07357410007107547
0.08605941920341777,0.1155771925782711,0.026097588898621515,0.24651119387053247,0.08757174743856373,0.1064889834586914,0.10268567351744755,0.14097302551885194,0.08803517551560248
0.07689058504698242,0.09940048940459968,0.22584097407267525,0.061641452550256104,0.10330934409540606,0.08085425415851084,0.10856997032510068,0.12157741485653277,0.12191551548993622
0.05564337987165751,0.10227981997144696,0.0453148897472286,0.30673176983078393,0.10740576986431587,0.05625698517043968,0.10179818986773077,0.11972086646508713,0.10484832921130953
0.045595213951834614,0.12213800357715938,0.14233395340805954,0.04230520606940247,0.15628743506601592,0.17769607255472541,0.1203236187128023,0.09373561778249169,0.09958487887750866
0.03627650751437449,0.0947625252607323,0.34852633576103026,0.034593961475291916,0.09583973965188058,0.1059622057210936,0.10655764390030271,0.07477313995631639,0.10270794075897775
0.11179170024020813,0.12029010265039486,0.045914531466127444,0.07220588336750815,0.1554223341465613,0.16271797487633013,0.10162243974179601,0.10102283845818105,0.129012195052893
0.07992997716295576,0.08606375173686683,0.10658697813289764,0.08548756095389766,0.09483663766336257,0.15373329027949767,0.0913306502608785,0.13104368259169255,0.1709874712179508
0.05446252542379346,0.1013430509735862,0.14038954620761085,0.177824513970858,0.13698404000711897,0.056464535614750566,0.10676694383391867,0.15230423327796674,0.07346061069039646
0.21025086712974791,0.1325931079998856,0.03340141139876416,0.0776604841967911,0.14946812489275155,0.08525699768136247,0.1005910165194825,0.11854838293790056,0.09222960724331414
0.0684439808077598,0.1240549617886509,0.05238133715545631,0.08567972808754364,0.20418510465830755,0.12932387513756383,0.09773565451080189,0.1274971355682225,0.1106982222856936
0.05141269657275924,0.12591411581933107,0.025660414473819476,0.29012507782260655,0.09219798725292694,0.08263915563603652,0.1136746741970317,0.12235034197256824,0.09602553625292032
0.030203195921561576,0.11090790960669272,0.187909260658081,0.10669426718370634,0.14920241845053625,0.0758695457526848,0.14264254280120228,0.13276003073714962,0.06381082888838548
0.04677230409939151,0.10794198812303203,0.09996322457334712,0.07626226748620055,0.1344585778461238,0.15475143015636358,0.1268356511233977,0.07052560024954004,0.18248895634260373
0.11935078949647633,0.11866956699124177,0.07945217545694451,0.08838639019647725,0.09640484919809238,0.11575660182263732,0.1406582178191146,0.13859440922712615,0.1027269997918896
