0.10895207828897198,0.18112522223681457,0.09941902316289968,0.14001018902190832,0.0843995653740444,0.13508962177507702,0.11005968419486707,0.04016822799834028,0.10077638794707668
0.11350766909884037,0.11493759122566871,0.1186909277123357,0.14310355510746411,0.11633208555764664,0.08749804798251133,0.09200288212090031,0.08303659917315138,0.13089064202148146
0.10119057729206941,0.15950975466251077,0.09187748059861599,0.10789998693248508,0.08891982047227637,0.15319689147888693,0.09978024864950807,0.10048002233684288,0.0971452175768045
0.08366901063414472,0.08188962496038664,0.12321081182890618,0.0853527586374423,0.08696462877811338,0.05234234855927316,0.10039836280338434,0.30266579928871357,0.08350665450963568
0.06621943461873754,0.07879147282511641,0.09293976787482698,0.11629187624345978,0.10869444493056657,0.10199676052138495,0.16116745446232572,0.1563394820770355,0.11755930644654654
0.06605206978895385,0.10995015310476947,0.10133627110395986,0.10300376681969979,0.09575075631973506,0.1701371154641694,0.1894820866067554,0.07092922826933366,0.09335855252262355
0.0568887174258319,0.12559401428206704,0.08719129301664347,0.15773312728024222,0.13186960570805994,0.11269410851432869,0.06418011492158497,0.13942207018978506,0.12442694866145676
0.2186461545827123,0.09447297910901842,0.09327899763671255,0.1304277312744189,0.11098702809911808,0.08028829147639639,0.09241279398952768,0.07525243605909838,0.10423358777299731
0.15593324419283103,0.07943274897945009,0.12506010678465948,0.1211550979119201,0.07174700797197327,0.07002745582609154,0.1577581876566498,0.11022411323809722,0.10866203743832752
0.11950947000744265,0.061143319961229105,0.08100796583806343,0.07887690602208042,0.14368202344866898,0.1822744804523242,0.03795228012601278,0.21181049493450987,0.08374305920966844
0.19660499340147874,0.10923780808991179,0.07445763772503267,0.10318126880165095,0.11183439013161652,0.13823198713700555,0.05989599640875811,0.08853658241087199,0.11801933589367365
0.06050574690837021,0.12965489218700116,0.10301335419647033,0.17803526590252647,0.1149743405069699,0.13044628622187135,0.15040108100695757,0.040028038535992405,0.09294099453384064
0.17850463515001916,0.09136181564593233,0.19472753912785176,0.12432218552133341,0.10026379235506348,0.03347949325779704,0.03600944207656645,0.14111805511364697,0.1002130417517893
0.08470025574259304,0.09003501935844878,0.11244060525849327,0.11561424705605543,0.0728285235564624,0.09294846202995233,0.2567242571708297,0.0560534806335217,0.11865514919364333
0.08322016814750298,0.24636008698045497,0.12693346742160397,0.12555816176442844,0.07260048949040195,0.11598674291628369,0.09787729783946253,0.030326855543400883,0.1011367298964606
0.0701068631114438,0.08888111043328245,0.116959606974902,0.12752862285101793,0.12055462352046874,0.0708201107425393,0.2131076923588933,0.07583792780399885,0.11620344220345358
0.055155694902669,0.08996340241315216,0.20568666791572046,0.15504007267903927,0.12068709449558583,0.04157760520269916,0.055571530997922274,0.1495738153804478,0.126744116012764
0.04572170982803576,0.10812967082329117,0.0935296701797701,0.1015155544588079,0.10988249366375957,0.2508737489908198,0.08755929610805702,0.09562955803563211,0.10715829791182652
0.07343832129518275,0.11864946846814779,0.10384712887805185,0.11177291163356463,0.11557231076759557,0.11994398753080403,0.11522167463064459,0.13716528293992977,0.10438891385607911
0.0722960538722099,0.09197942927401531,0.09458265453930996,0.15447362876349954,0.12087714228521866,0.1494460048247375,0.14404135482489763,0.0827052570231437,0.0895984745929679
0.12126178298901273,0.12656983923409937,0.12059903416305255,0.1283790178346316,0.0924761311554404,0.07723405252257073,0.06963213914643086,0.13824938288610358,0.12559862006865824
0.05839765354023694,0.2014590312221016,0.09070247950381295,0.10331527793110873,0.056778168158508315,0.16701258310381384,0.232134830707545,0.013289901447385998,0.07691007438548667
0.19269094965690073,0.11874398628714179,0.07945964808542906,0.14414180058552659,0.08923273478730383,0.11666853835611908,0.0953395814238811,0.05570708294159061,0.10801567787610716
0.09453618484213178,0.10813106986430436,0.13498200564049095,0.1252443494833976,0.13140093009521392,0.04937190638073611,0.11167381587115684,0.12399610262674952,0.1206636351958189
0.0637444315427969,0.09564505083545498,0.12238999864627731,0.13392509529358052,0.1138048118528348,0.1850698439321434,0.10175996182192852,0.08505415698687628,0.09860664908810735
0.06841762942334172,0.09938445429898769,0.10667890326239154,0.09104569269013808,0.1555236564193014,0.11138395154937598,0.12677184432868227,0.12807281709197224,0.11272105093580909
0.08610076218480311,0.16638332866547967,0.08582988462292569,0.13083519705945498,0.11371479189162738,0.13529794294504371,0.06689110868718896,0.08742961404724642,0.1275173698962301
0.0747063393859526,0.1324761971208445,0.09485432398025562,0.13820477749504642,0.13188932802470663,0.09619858196821714,0.0893357748570059,0.11573902116084495,0.12659565600712627
0.12499695664103744,0.12366725756350755,0.13597320943682226,0.10959472608934832,0.08814841465254432,0.08824675167595937,0.1644681215010157,0.057477751588584036,0.10742681085118096
0.09384617779205932,0.15517426015019228,0.13225635851160109,0.1204540973539404,0.12578706497365488,0.07418399699158444,0.06499620898751775,0.11491283260581182,0.11838900263363804
0.11868805372744252,0.12248302905098236,0.08756562193575053,0.10178255473994169,0.12334459136056329,0.1567931016760139,0.12805408281712485,0.07167936656925882,0.08960959812292196
0.10220195868813918,0.0746526079271654,0.1564837204174553,0.13378612570207746,0.12205478656073737,0.046918956791841084,0.08450604418153501,0.13899976815827778,0.14039603157277153
0.055141914261888116,0.09618806644719939,0.12205097232194095,0.11875552386401439,0.1208810355878757,0.1138173134946902,0.056321399292865705,0.21590499411719868,0.10093878061232688
0.07737034985865478,0.14190720130824297,0.15128691523998955,0.14998796519904375,0.08291277037536442,0.06352849056390812,0.11613380047485922,0.10136853358591828,0.11550397339401897
0.07863410177052753,0.10938336156450103,0.08627305173268589,0.1347089076981136,0.10573411804779516,0.16815744808368968,0.12413401356506525,0.09582631699609125,0.0971486805415306
0.08149374674702374,0.10836072225163285,0.09423983172917211,0.13837524607799345,0.16789430122414353,0.12109385948994851,0.0768634938761723,0.096331862461343,0.11534693614257045
0.11210501483397405,0.11813758491402537,0.16649319492330958,0.15206621375085635,0.09669541943155462,0.07808133681290404,0.10879575508310413,0.06653674893244685,0.10108873131782505
0.08964935489162461,0.12250811659514578,0.1256512224473699,0.14911265960981057,0.10916830307589769,0.13442622828562562,0.0893571916928388,0.07059646515509187,0.10953045824659513
0.04417136209369901,0.12813981639943595,0.10610127379376033,0.12691702662629264,0.09330205672822585,0.15561233461052024,0.1785626068220895,0.0682124663736022,0.09898105655237427
0.08402127949243836,0.08318781010294468,0.0851097361441769,0.13592814776787113,0.11396744135641855,0.06569963589008497,0.13690209997824104,0.19971781996999147,0.09546602929783299
0.09545818096263402,0.14839249460940954,0.10171854435382234,0.1142006086289754,0.14100847733895275,0.09496702443125711,0.12500988227105558,0.06105173590556884,0.11819305149832449
0.06122368801683339,0.11406854266429263,0.08398161958849903,0.10736191254891375,0.0994704812971053,0.09642220055767466,0.12799934129274423,0.22018579392267976,0.0892864201112572
0.05843738518319282,0.1533432246582884,0.07654762420285849,0.11267023932462104,0.10466094481722467,0.15692698621795395,0.11321902420594333,0.11130079615150329,0.11289377523841405
0.104640885832008,0.11649842669102783,0.07661665456995591,0.0780570946194642,0.076884011159385,0.15149142317424527,0.19147281655460033,0.12240425535181039,0.0819344320475031
0.16107237414415412,0.09127915374144373,0.08155322169020864,0.10632190768721779,0.11475231307098978,0.19736246980271918,0.10103777764542843,0.060163164828097616,0.08645761738974071
0.17027986024547728,0.11029881246695837,0.15315077791119455,0.10818813058094372,0.08154383376677493,0.07800692438802902,0.13591656510634345,0.060521144299231916,0.10209395123504672
0.15745521994198108,0.09210805964068376,0.08334228764677921,0.09421067810640531,0.09725568268580569,0.2107322034873079,0.07007906248220612,0.10487390541157333,0.08994290059725762
0.08025914108179644,0.1363160909856721,0.10999325360068553,0.13251506041504746,0.12598813148213484,0.0661492404690838,0.06081049319913465,0.16636078803502444,0.12160780073142079
0.15516260156452308,0.08304767397303486,0.08129619452955632,0.15345708678000144,0.13357148519864395,0.17149313278378941,0.054718297567172065,0.052937646147209326,0.11431588145606959
0.10512705292127272,0.12702464119605436,0.11013428729677492,0.13613548339895687,0.07759807349568547,0.20471287325841905,0.0778080607993504,0.07261726169867044,0.08884226593481571
0.09031679747317116,0.09525030818983676,0.11534336133031708,0.10718197666151885,0.10668658299860174,0.1439611964236399,0.1127883637058199,0.110924534586667,0.1175468786304276
0.1139909267592721,0.12930376244040495,0.09985442907654692,0.1349594623327336,0.15868547830600657,0.08775965133307206,0.07846830422043592,0.07543145602050562,0.12154652951102236
0.14936178759927402,0.10542347068038888,0.11863214134241962,0.13796729059290833,0.10000947870991013,0.08017296521489374,0.10764383800769063,0.09149326069157453,0.10929576716094014
0.10484030103583068,0.14371327821154442,0.10472000289974043,0.12630754587716672,0.11214369678313545,0.15150666665280604,0.05480344103171947,0.10360538463531166,0.09835968287274506
0.151263241756826,0.13224158358357394,0.08106235744860157,0.15807316074460015,0.11325140413142247,0.09934065054671422,0.07705153858141517,0.061895337493268955,0.12582072571357747
0.2442087094881522,0.09158654852413277,0.11547421860930966,0.11749012817786457,0.11389306497310947,0.09154868832863972,0.05423459731836685,0.07599291061494111,0.09557113396548367
0.04154787569956724,0.10834023579021461,0.08500409935721981,0.14205707536198164,0.14182985942205123,0.125222484660614,0.11410622679308284,0.11001399728320016,0.13187814563206854
0.13787518522879547,0.11518835300899033,0.1006885557340468,0.11730617335109032,0.0885559160343703,0.1384945675406555,0.17456738865643798,0.03288274699914026,0.09444111344647314
0.0653512981643532,0.15425280371090805,0.08291835285033572,0.11357943188417353,0.08533543321959926,0.2295114003425396,0.1190131252927424,0.06179984659328577,0.0882383079420625
0.1180937506169415,0.12400422692109607,0.11126586583009031,0.13073584702193014,0.13085792993989184,0.06849929442310951,0.07144127070746299,0.12144355738064895,0.12365825715882872
0.15951198120263885,0.10895721702746886,0.09750939846590732,0.15337764432091808,0.08162780808854568,0.06997417775775715,0.0781956564622709,0.13754919495143922,0.11329692172305393
0.0693469510445366,0.09352651342300111,0.11634187227808367,0.13219101403750652,0.11709206415441047,0.13937847936222303,0.1032800495535216,0.12527058618132214,0.10357246996539486
0.16074196095633267,0.08089193823572545,0.07285060184564607,0.1445052813903814,0.11629353195644142,0.1611022910326095,0.07620420773494326,0.07512719415995868,0.11228299268796156
0.08207002890596249,0.1080402606735555,0.1115334616657964,0.1168911607481089,0.09242506705504384,0.17403548565563987,0.16573366715444957,0.05445382622298813,0.09481704191845526
0.1523280685846564,0.11366867518520918,0.12362882293944516,0.11137505673585409,0.06700092930116566,0.1142346391666398,0.1475319889196056,0.08580782051432019,0.08442399865310397
0.0860006071826465,0.12396857090715509,0.15835845548545466,0.11185775164824507,0.15542427365739894,0.07914246557486726,0.07866221153344817,0.08875908899350182,0.11782657501728255
0.10497411715486533,0.09801216015592958,0.1264488287335601,0.12867365108107257,0.1355864491438041,0.1588313894172825,0.054778215777388194,0.11057224864391686,0.08212293989218074
0.15830631555631816,0.09822377098420804,0.12428846000194403,0.11418390190089016,0.1259360046509864,0.12701865585961317,0.07539753888925958,0.08005681402976461,0.09658853812701583
0.06711750767498705,0.10427844361016199,0.18262199349494831,0.1181020581012997,0.10761073805372105,0.02950369586228353,0.06991006608109733,0.21967729651067744,0.10117820061082372
0.13759321160512625,0.11279267745667494,0.10261518896828246,0.1395669504693582,0.12759224420290907,0.11068379317832588,0.07111223707909893,0.09026011155619046,0.10778358548403377
0.10015371272729146,0.08019436112165007,0.11242102285207749,0.1281826319533738,0.09577966471460826,0.13602484420951708,0.10105175907685826,0.1259640686247052,0.12022793471991829
0.053404293287115885,0.1240057727384069,0.13589680481630098,0.12151537601768504,0.11913388124335278,0.06436817724666911,0.11410633664394039,0.14818215997466094,0.11938719803186792
0.1335572652543422,0.11231675810776715,0.16213220392120167,0.12445335632091285,0.10987044900196437,0.08097158470977925,0.11219990641377527,0.04150521349087764,0.12299326277937968
0.08793851435563034,0.07439877577889455,0.12931280870991513,0.1052212369408748,0.11304386574387877,0.07501687619021373,0.1915293299299808,0.12354934636616467,0.09998924598444721
0.09619992445648691,0.1468351666194651,0.1321883668808024,0.12934201661184305,0.09044561346250707,0.1353356369236124,0.1391948021503314,0.042639725344480434,0.08781874755047125
0.18841578498559117,0.09465929770389868,0.13989521651479028,0.11286151320102784,0.11944426079243825,0.08829511210672332,0.08021899169842239,0.06828613065935356,0.1079236923377545
0.11816847988794865,0.11249303839289525,0.09565305450695731,0.1229401593290228,0.0880100998850255,0.16484775207753957,0.16096459444404543,0.05884278778970223,0.07808003368686327
0.0704991014949728,0.10590487522986076,0.1540302752841739,0.1220718861961118,0.09386052887604969,0.06312636429918068,0.058073850868858364,0.20689571009628285,0.125537407654509
0.07926239935769933,0.08969585290477688,0.10117829362992072,0.126680005703712,0.1279032998858751,0.10099701249778964,0.14141930664385394,0.09965082718140951,0.13321300219496282
0.13672480677666898,0.1684923267418301,0.10727558667499099,0.10978841374354907,0.09146978332930296,0.08131355326088312,0.1442168730862633,0.05045953240326079,0.11025912398325068
0.1428289851332051,0.09818414814566871,0.12154705363814229,0.10370527198694184,0.15956822449836178,0.08689393435212685,0.08710770313191779,0.06865135056981769,0.131513328543818
0.03554557739115971,0.1743791766854684,0.12751577504347852,0.10776921416542913,0.0621012968203973,0.08483013462295348,0.18268455026551148,0.12763473409071133,0.09753954091489059
0.08866745609482968,0.1289405169693239,0.13431753304735847,0.1326405526557005,0.10120569252996221,0.09707316661701669,0.09204370336560352,0.10789475426232997,0.11721662445787501
0.16366281844506272,0.10947471500498022,0.09434436647411737,0.11966315547619143,0.12815174740409777,0.11241126314035176,0.0651381072345691,0.10401150586262864,0.10314232095800104
0.09901224891691375,0.1509532743354796,0.09623304546989576,0.12002916139320448,0.15655058567437163,0.11545469962912576,0.07637132575797356,0.06896286026834682,0.11643279855468862
0.0972390655841171,0.10296826193268153,0.09715121981691727,0.15056377930975204,0.08891111570315498,0.12546298192680805,0.1748158197678958,0.058378298247370654,0.10450945771130254
0.16928932704411728,0.07941361442147431,0.09927602411884828,0.1142218548668137,0.08110158485844333,0.11272735061170412,0.11385202779418119,0.12573399808830152,0.10438421819611633
0.24963846627819472,0.0839858031209773,0.10748647393693705,0.10489761200870851,0.09769660851437682,0.09380197888436577,0.0714386134983067,0.0874368821087745,0.10361756164935863
0.1914090630522274,0.11907359365304367,0.094417279335669,0.1147249859716305,0.0933402074067694,0.11870801401979673,0.08479742587231065,0.06876670176178969,0.11476272892676292
0.20680489016832557,0.07585733583688585,0.12788606296322466,0.14021461786763997,0.10131642071166268,0.06737858050450635,0.13886916330768753,0.03470647362699111,0.10696645501307622
0.1491369386998076,0.088811069131349,0.07201162623971484,0.1180580945580117,0.0860677076763528,0.23289566095290745,0.09069878418433973,0.05731234339053317,0.10500777516698374
0.1433115543517298,0.12025384009134134,0.14002662665996554,0.12408380102306678,0.132875646337788,0.06995700667848645,0.04132086264808374,0.12429059099641027,0.10388007121312802
0.13880477176709485,0.11059432820417119,0.08085601675855618,0.11501096753027351,0.0849082543465684,0.09763814383625047,0.11627707552126308,0.15443404881639824,0.10147639321942403
0.11611147737291504,0.08455244831948582,0.10405722974326821,0.14343450278531597,0.13998115265975916,0.065855997651201,0.07433132347745974,0.14326574810772963,0.12841011988286533
0.1987868015730692,0.08330641907509521,0.08394305532781716,0.14426096492557128,0.09634105872417532,0.10538866882646586,0.08413254841207263,0.07376115063134846,0.1300793325043849
0.07538510229965491,0.10288784397741302,0.09306291316563142,0.10700066015323624,0.16349678385466127,0.07942211749788923,0.10274284018830869,0.17153555597898132,0.1044661828842239
0.22228386144817036,0.08805792201530478,0.14183392487385896,0.10683753235457734,0.1311809214631843,0.06952376731861175,0.06908171335960071,0.08209158864976414,0.08910876851692766
0.10091395536366832,0.11002220490577198,0.11259389341608643,0.1176559990230072,0.13579603418913902,0.1082852977605538,0.07439185510064036,0.11800654498468799,0.12233421525644489
0.12785597976576832,0.11542723766577323,0.09783878588174404,0.1662094479394831,0.09980077071168436,0.0738763592987595,0.06001004488994041,0.13784053159594292,0.12114084225090409
0.03769579925938379,0.20150976113701205,0.0809582293227008,0.12966817732864455,0.06303632368428454,0.099620320469668,0.17929939270045944,0.08763134391466632,0.1205806521831805
0.11472041063543335,0.09184610591022209,0.08019779866504347,0.13149019654968683,0.1266295070138902,0.14705318337358952,0.05917875101527614,0.14123389723008797,0.10765014960677048
0.08575182992293595,0.1067699384609469,0.1110346268692576,0.13303429124436997,0.16261555475412545,0.08596989366510564,0.057666063170609315,0.12972398400533516,0.12743381790731392
0.11904000665938709,0.10178367401930415,0.1262652196062369,0.1144847967987152,0.1263783503377879,0.0494289776310893,0.07829708123697295,0.1737956006854703,0.11052629302503618
0.06801162148856708,0.13527646725085551,0.12403920817473062,0.16127044153176204,0.07794868667781975,0.11008752700969192,0.12419335963423388,0.09013885714590662,0.10903383108643262
0.08791734685863635,0.08535954504663194,0.1231896052967858,0.11518865143978553,0.13278154190899927,0.1094258694954958,0.10630007472243376,0.1283995329238124,0.11143783230741904
0.11839475605408545,0.14737635257063653,0.17197907518201547,0.1147752601475246,0.08820519107036413,0.08195242382234151,0.11524344587650819,0.07151982219360221,0.09055367308292195
0.05490905985057457,0.08281966582720363,0.09299410010531822,0.17106292327903608,0.1672189410310887,0.12779407724670497,0.0892949480367698,0.1210529887553875,0.09285329586791657
0.10101235456684439,0.12006721538016395,0.08552331877877474,0.12437942034208939,0.15191766197102394,0.11029333700216322,0.06718582912426961,0.11117472731282606,0.12844613552184478
0.06776125644487836,0.0885552223187114,0.11336601912545889,0.10982614750136478,0.11394737021837346,0.12624728897142107,0.15947187808348043,0.11189829911986998,0.10892651821644161
0.09776847489356338,0.08844784889025009,0.1117267203157561,0.11370655915455825,0.09273922877270818,0.10815995503232055,0.156728813919312,0.13350920875415725,0.09721319026737418
0.08332934262591558,0.1690578854504813,0.11300291626140267,0.10818783479534673,0.07852052945434031,0.11188676072241577,0.15755402034553415,0.07969952883036675,0.09876118151419673
0.16742199265456983,0.1252467786153957,0.10622102917575142,0.10629999075793968,0.08767661788970227,0.09071549899805832,0.1787109852592167,0.050432834128165877,0.08727427252120024
0.10007479757507197,0.15557747620919346,0.13804241359195418,0.11021014967243008,0.12807383607588932,0.12416198700201757,0.1019336600302657,0.04534976012784823,0.09657591971532949
0.11609412678759275,0.1397581950716875,0.09462964352097188,0.11755732126854042,0.11422275356765366,0.14610593443200573,0.0686856835813101,0.09278956463705985,0.11015677713317819
0.05017086302151446,0.09267350616396086,0.10933028632533011,0.1401442037121359,0.13517459346423566,0.16007223101474233,0.13506603188510638,0.061630742078099515,0.11573754233487478
0.2072452499606197,0.12379293408724194,0.09565883384257207,0.10666416016947906,0.08853450252396135,0.12356515043306336,0.04124760550617342,0.09067942592578437,0.12261213755110463
0.04696487772642568,0.14949189295794163,0.1260955146026447,0.12403552717226068,0.08183312392444912,0.07554650610975433,0.19029235466338146,0.09917326376360953,0.10656693907953285
0.08175367774656718,0.09409368833817226,0.14223865551765136,0.11958081805610248,0.11451881625263038,0.06723320595159933,0.11902136097500565,0.13988222773253015,0.12167754942974113
0.07915380177873159,0.12067514851296436,0.12218695972063516,0.14123347915060222,0.1261925145003183,0.08653196551190594,0.057419480958882115,0.12550263173008938,0.14110401813587095
0.036072603761761766,0.10958464185457868,0.11680952470077122,0.10330226763751993,0.16076127612742155,0.04160433280642555,0.12325996480732158,0.19777934949066545,0.11082603881353421
0.06774663844382561,0.09395209365188721,0.12295882436229295,0.15153063456686466,0.1819883029843481,0.04351663137901262,0.03889161460818041,0.16264752923017137,0.13676773077341708
0.0739277994391018,0.10891222625658344,0.0867241333049127,0.10187174365836565,0.11204431285251253,0.186084670182986,0.12904281825207245,0.09568215043991816,0.10571014561354725
0.07687134633703395,0.1376005031165725,0.12931007410629866,0.13218043096937537,0.1425253227938438,0.07013666155736664,0.06974867059973604,0.11143381674977781,0.13019317376999526
0.06158724752055585,0.1883337857397945,0.10467492414019573,0.12041966964307427,0.09016343786970187,0.13508044015029824,0.178832099124883,0.024870348676892293,0.09603804713460429
0.08789468898943813,0.10495311167787287,0.09918369620239592,0.10452482478793708,0.13626834510606187,0.14069890964841708,0.05262177248335754,0.16385035522925573,0.11000429587526384
0.1346870084701334,0.11751129610339438,0.09515571302405963,0.12895429232667469,0.10390678228021888,0.10902378978365941,0.051964309497261364,0.12878537937372878,0.1300114291408695
0.13610087815384603,0.1328968787866945,0.11093497582915117,0.09107158697385558,0.06287938487634982,0.15000115201119088,0.1746874982401073,0.059595568766579,0.08183207636222571
0.14900905062975162,0.1278843814210783,0.140712972504436,0.1563580280007726,0.08517607677652439,0.06766911625151044,0.08278663177551672,0.07969471376486793,0.11070902887554203
0.07245151234197714,0.1480464271379309,0.12958838910815293,0.11485659126316139,0.09468689630410153,0.10321955485635276,0.17193703946222613,0.05284051453653688,0.1123730749895604
0.19722174268025613,0.0813788100358349,0.13295873103224765,0.11593280705496857,0.11653988191539079,0.08079381166693166,0.02998813576094445,0.11472882254079515,0.13045725731263066
0.10142415259922645,0.10926195147635027,0.16947875878517626,0.13057028986613653,0.11077212841152628,0.11619989836775935,0.1033104098548955,0.05185446534012927,0.10712794529880008
0.15280466884908803,0.13850499413892023,0.11033372085909403,0.12228247577494818,0.1048491412171265,0.11509983431423958,0.10288008209728043,0.04210099477032805,0.11114408797897496
0.10829852513840359,0.10589106789060898,0.09323995232223037,0.09281894505659494,0.07497451860246934,0.2148623538931386,0.15103037126632815,0.0713990839087197,0.08748518192150623
0.12561717358702953,0.12852384275077652,0.13351314966881292,0.1314286304921901,0.16492733422151906,0.06149590946295896,0.041906070843837934,0.08189908051831973,0.13068880845455522
0.1302739727403899,0.09899229016536017,0.15188671333785664,0.12589902163624908,0.1684212934756422,0.04560508538539345,0.08128511211530572,0.0798138923596534,0.11782261878414939
0.1895599889919054,0.1400137616388131,0.09236327087952197,0.12191286477139292,0.09555355044129125,0.09780026268185849,0.09784626572357367,0.054242417648301365,0.1107076172233419
0.06165846337489006,0.13928136932896096,0.09773209630250636,0.1113386010410591,0.12970097153664853,0.07582532548811183,0.0933736771509589,0.17519460137904921,0.11589489439781513
0.041248005170745866,0.1272489936571061,0.10651460478854875,0.1315521747072336,0.10862697898585866,0.17718187897082607,0.0968177873837695,0.12601270050812777,0.08479687582778361
0.06343346212413344,0.11638198123239274,0.09316796634094959,0.16351198577598144,0.07459248281717779,0.10836688457691564,0.13956971965088646,0.11823696299823566,0.12273855448332731
0.07381450113789588,0.12398756414340932,0.10231293629961258,0.1209526808491836,0.10822152024488134,0.13584296687102074,0.13286402702350522,0.0863515110833147,0.11565229234717662
0.1437803255906274,0.13960646869146817,0.08116938628007524,0.1956505883295809,0.09048939692968679,0.13382790967940428,0.06738241088483511,0.040852583512958215,0.107240930101364
0.05371003682033159,0.1345252762442747,0.13365303806644324,0.1152779371337987,0.13997304556759482,0.08938880334227539,0.13305200227724168,0.09394152848472259,0.10647833206331721
0.14530770867552215,0.07613391023911377,0.12473044577653757,0.13197639205671707,0.1262785982464136,0.07544552527072378,0.04411392188275611,0.17460102183085338,0.10141247602136248
0.0835516995052295,0.10085718173806664,0.1303134672553207,0.11345155321413906,0.11226258217992796,0.12226267013523334,0.16297300515909954,0.03659464904512601,0.13773319176785714
0.16158490757256505,0.11907003945374972,0.09853412621919418,0.11881224885588965,0.08910041868994985,0.09221540207497401,0.1377108901329687,0.08435046424782466,0.09862150275288413
0.06021837623613293,0.0996554606296093,0.171334442883353,0.1148090880733444,0.19717735804047024,0.05487273489630196,0.05129179126644634,0.13584245175308307,0.1147982962212588
0.1674740630034607,0.1048701349914331,0.11809200417071608,0.10977956082492035,0.09542572124482074,0.09999455343762044,0.14117505693002494,0.052407563989804,0.11078134140719953
0.06998674907997825,0.09440020615692694,0.11461668811097164,0.11738299565027584,0.057290961952988745,0.07812038236797161,0.24791735839292536,0.1104616568801964,0.1098230014077653
0.126188415055938,0.10020809499168487,0.10332840277295831,0.1436858955510623,0.10568427200185888,0.11275366460578463,0.08672259755211302,0.10943679088482629,0.11199186658377368
0.08268086786084423,0.08024491773623137,0.08876864679812213,0.14574143942528536,0.15298200758132507,0.1404572707144431,0.0613488780740557,0.12345814520733484,0.12431782660235809
0.17372888708139303,0.08478117486136157,0.1037646044806162,0.12006119635772161,0.11126305641412222,0.10742006229890749,0.06354400479866355,0.13058372268572724,0.10485329102148705
0.09531687066433424,0.09458256360999574,0.11029723133211607,0.1227100788393012,0.07750768628459963,0.172276924732376,0.2144054408269358,0.035915460289885556,0.07698774342045579
0.10413350504202151,0.10841164773553041,0.09424821011939577,0.1335349934147652,0.0929750862185913,0.12841732949816256,0.19166445429984033,0.03988753674456926,0.10672723692712362
0.1205395511297876,0.08456547307169575,0.10259479151659838,0.11697192194352175,0.10122943885631717,0.13717075345966045,0.10312695870536297,0.12062064261927581,0.11318046869778005
0.06479480839338857,0.1314186748674019,0.11494805632386058,0.1415530670488749,0.127637014464207,0.08395278558284526,0.07637003063331109,0.13347850661229604,0.1258470560738146
0.08596701397652086,0.1304813976645737,0.10385018167437356,0.12643206066845422,0.1526212039002153,0.07467664815936202,0.08602903400791569,0.13718658314878737,0.10275587679979718
0.07238507664502103,0.1105462218248548,0.09350723749067306,0.09037922110414016,0.09786417530735221,0.087032746154086,0.10953186405290997,0.21406344949376022,0.12469000792720258
0.10983376850265746,0.10122098078329901,0.11966232082799368,0.1208470490083709,0.09987137485627268,0.13911644735514453,0.10562200094048584,0.10995543516053424,0.09387062256524163
0.06976905325391763,0.11900631216995816,0.11409410278252825,0.13541914182045414,0.22934388601257893,0.0681991738203125,0.080457682394224,0.07009354909221513,0.11361709865381116
0.17274250920019482,0.11049677416055957,0.11381191235828782,0.1058202862691069,0.09941497253357608,0.1363584569686602,0.08905881173199541,0.07326434569723936,0.09903193108037985
0.19162890048000944,0.15097764442074266,0.13844177687869816,0.11891388970216009,0.07246754824925761,0.033432436226327494,0.13661316652876235,0.052142022004783135,0.10538261550925908
0.08112836738164393,0.11690286551904715,0.09027481340980038,0.1209635054000291,0.17122610159177107,0.13834880081937218,0.06260622194903374,0.094260643989312,0.12428867993999039
0.21806421452544364,0.08575358027767895,0.18787210602463886,0.10065440919396988,0.08441095898350336,0.08419523315827887,0.10123668254227221,0.050600570657959344,0.08721224463625499
0.11812920238976667,0.11472319366942463,0.12009149256150826,0.14637561636963745,0.1523430394125952,0.08358277852846067,0.07932574272703065,0.04914156083738719,0.13628737350418943
0.1588690619498546,0.12043731657432277,0.15469554278941502,0.09955695122717328,0.08613706402503189,0.13481375530897535,0.07013546310216982,0.08699404045058658,0.0883608045724707
0.11808481955574933,0.16254883882293206,0.09127469918052443,0.11769346783729871,0.08321786703079732,0.13266118739488644,0.11073222682449789,0.07349580706394003,0.11029108628937377
0.08627735574693692,0.09870817420272222,0.1743051886553222,0.10638214111286455,0.14214962944903853,0.039082833099276064,0.10961421476845401,0.11548855408942531,0.1279919088759601
0.1479148024152424,0.09841681393444013,0.12417178016939946,0.127891156600232,0.11571851937082685,0.09651980346107623,0.10760927111093166,0.08256104496218586,0.0991968079756654
0.15148561513191386,0.07778408913106934,0.16051876221442693,0.12798328858638133,0.07299979054416111,0.14443735818912914,0.10247971011504177,0.045195693466876186,0.11711569262100036
0.14879948817601243,0.13967287062852765,0.10507675039386304,0.11495425352818989,0.12168872048891886,0.08249375274589744,0.09733376170477581,0.06260583854958819,0.12737456378422674
0.08171913940927668,0.1383633286272862,0.09042529074519062,0.12175539357407049,0.13798355629339545,0.1460585510160619,0.08400972545761036,0.09351168840879766,0.10617332646831053
0.05711992816895691,0.11164348357988389,0.0959525584832064,0.1385753762947992,0.14308431979291802,0.13509331777838207,0.06342797890683612,0.13553690686455633,0.11956613013046102
0.06616981282552091,0.17033142491268982,0.12413272543609699,0.14923517878759326,0.08551043538379204,0.11587938521191131,0.11896846768009144,0.06238005636398101,0.10739251339832319
0.07044507700094776,0.1214275889888405,0.1357157137121211,0.14540459812546558,0.11323405387475222,0.09687779671739344,0.14009104556320906,0.07807171261107096,0.0987324134061993
0.038584544814881036,0.11863554835401673,0.14082639304736777,0.11332875076460598,0.0859670806143381,0.10853528065948863,0.23772692153498254,0.056232317041149144,0.10016316316917014
0.04861339019071929,0.1215230887977123,0.11542779509140398,0.1197519494146785,0.11185271247276303,0.08267949068222365,0.10047417945725963,0.17789347350291285,0.1217839203903267
0.14474961792566712,0.0894152749977456,0.10982047624490548,0.14037020091919686,0.12234945076620725,0.10338867785618344,0.06686015265151002,0.12774835267319062,0.09529779596539352
0.1444301489801684,0.11901875792984372,0.10559970343320979,0.10180878987543744,0.054301880088199396,0.10615107992355781,0.24403048706037467,0.04268717059568161,0.08197198211352709
0.09402499835149507,0.09131548481619511,0.16903655998428277,0.11902419115751321,0.1290172885970222,0.036266100374845484,0.10020712951833595,0.1514311819004155,0.1096770652998948
0.0719221123859163,0.14199656775635486,0.1096577108553642,0.134043139702806,0.07534674202451004,0.10654751262174582,0.1833244808599949,0.07088154454565071,0.10628018924765718
0.13817498124762764,0.07550385015230042,0.1498236532208902,0.17326953470511122,0.10663791883984179,0.0776894633237666,0.04814138137293234,0.10491524270909662,0.1258439744284331
0.043977710805881094,0.12319192322479568,0.10753592852776424,0.12360999716593801,0.14422864351992268,0.09868518263030894,0.12346162904588491,0.11531485043919927,0.11999413464030517
0.17146985503924053,0.15123176442053976,0.1494041540519067,0.12458938342826587,0.08895176364950856,0.07206997646754716,0.0906186271738777,0.05837632262336289,0.0932881531457508
0.06689967547404156,0.13072371512404773,0.09027076234897423,0.1097085056499592,0.09317776819660857,0.12798112197129805,0.14212158386099413,0.118458385155831,0.12065848221824553
0.0722938444238548,0.10560697011406357,0.10091685867030943,0.1440637602757849,0.14811434146682692,0.09754639340510081,0.1802097874736633,0.0355741265393521,0.11567391763104413
0.06806702732414888,0.15660984147806234,0.10913701782745806,0.1367579390974921,0.09888310886630508,0.11269788393305603,0.11273353429440565,0.09821046717332481,0.10690318000574699
0.06629536323577646,0.10651933061754544,0.08906674026690097,0.10327940187455008,0.08936745432813233,0.2068202151306218,0.06861835396428623,0.16385628296460622,0.1061768576175804
0.07396342275658933,0.08027674784084086,0.1468348067556282,0.1313790614000051,0.12141451673044024,0.09249752423923052,0.17419065798362707,0.07373058942920731,0.10571267286443138
0.13570524060042044,0.09993782451164922,0.12758277749387828,0.10177460108352286,0.13511522664255274,0.09947683014478043,0.084055399238178,0.08537515204775864,0.1309769482372594
0.07206782619410095,0.085417328087714,0.15105954340297975,0.12061192761044538,0.12338362372696998,0.09699248835546027,0.14342129296162132,0.11591462585519914,0.0911313438055091
0.047822107712749716,0.13345353743585706,0.10703772319036013,0.14640153972198114,0.10468171088623564,0.132055452551197,0.150101094166615,0.06965538389236652,0.10879145044263783
0.14235590275250734,0.12684543800216663,0.13319472350052777,0.1203221980803361,0.10235760802742229,0.05411626978176474,0.12799226666194516,0.071915124198475,0.12090046899485489
0.10902603494895753,0.10064359657905327,0.0959483516192499,0.12672301456488436,0.14524458191487796,0.0786602271676408,0.12524557595993804,0.10664574278305006,0.11186287446234812
0.13571235768936385,0.10151292455804013,0.09810568669528956,0.12946403287343808,0.09981015282791923,0.08047056661170975,0.10049105945275146,0.1111335269349839,0.14329969235650405
0.19957225110259724,0.10493510213048107,0.1586411739661672,0.1313637275102528,0.11814193745455727,0.0812986264856421,0.02570548017797068,0.03836494558322293,0.14197675558910863
0.07010831392720858,0.14740802545002316,0.08215848658023737,0.1368829614081685,0.14667161372525736,0.13532582810776125,0.060865279509038556,0.09784859582240753,0.12273089546989774
0.14835848030433607,0.1060825655085542,0.0932725128942878,0.14041202308367948,0.128435712924321,0.11206776771993136,0.07228824020605867,0.07531770327116365,0.12376499408766772
0.12568332755207803,0.11799079104935235,0.1111864283148873,0.13069392208368846,0.14030185042791907,0.04968512265824438,0.09368607916240825,0.10601539177144466,0.12475708697997749
0.13017801923840358,0.11208049079375941,0.14356218126864487,0.10868985028167581,0.11348997034386021,0.06012330490034701,0.05883018498356135,0.1377057707448209,0.13534022744492682
0.0697447875644283,0.11059362153072878,0.16266001625804377,0.12820626039352176,0.13327991950699344,0.04370161798975746,0.09747330014881257,0.13579704253730118,0.11854343407041283
0.2507021907273514,0.12614634230629332,0.0922422776310705,0.12306628342010263,0.10760326896317962,0.03504426430039167,0.10995240191540474,0.05080952154334222,0.10443344919286385
0.08511704536540149,0.15890458889758063,0.12704632086572,0.1382082363895019,0.10858008329170105,0.1443925438490208,0.07741438610869328,0.05849981127794668,0.1018369839544342
0.1792476958343315,0.08686700226447207,0.1346793947425438,0.1256298714357499,0.07034306286362685,0.04152442359166055,0.03602603909357258,0.23190950216026565,0.09377300801377708
0.1523766247472886,0.13357170495108175,0.11059799036553268,0.11120659879523263,0.16980774754923797,0.0819582629780438,0.054578301127112795,0.05692543301095934,0.12897733647551038
0.10755458157690391,0.10369511657397934,0.11464817936690101,0.13769953247913133,0.11209466569184696,0.12374759409252138,0.07899838671694766,0.09745129756105007,0.12411064594071834
0.08924248360643432,0.10489514340637572,0.10003502350957534,0.13083952532149737,0.1328913134093375,0.07978341157540791,0.1625396237220123,0.07062225311918353,0.12915122233017598
0.11173777034205373,0.09752232639290459,0.14139076168416168,0.12996284888165144,0.15893275215836794,0.1367739593198786,0.06631793243524654,0.04062339283037287,0.11673825595536264
0.12115946956709013,0.10807241072403218,0.099705397092741,0.13656622568660967,0.09151535701355436,0.10977636056469875,0.15035783493584495,0.060914137797925365,0.12193280661750351
0.16043428851306207,0.09831688187616668,0.09195796270392374,0.10973312254834229,0.15275767400107118,0.1275804993175151,0.04238234278257234,0.08907908661031035,0.12775814164703622
0.07277424263799859,0.13664145033335562,0.11223588390389665,0.0982340638889948,0.11632346028569251,0.13073525929747218,0.08503611834600927,0.15100658754453722,0.09701293376204322
0.14371461307585295,0.11238286048460255,0.15904741897144922,0.11985509854964038,0.12284985920299323,0.0640699117732982,0.0512727173294163,0.1076061369564524,0.11920138365629472
0.09747911825466976,0.1308442892387471,0.113289049574561,0.11261997195533985,0.0814336155904745,0.09867334443932078,0.19574518038318742,0.07662259437250647,0.09329283619119315
0.060532299272442656,0.11143869174820442,0.08380040723949052,0.11142795272140847,0.13249279333470285,0.17870953439249396,0.05902821897467462,0.16426030336497793,0.09830979895160456
0.09724426277642832,0.08775210801477136,0.09185720933438374,0.132167367681266,0.12285015722674654,0.09183506114399649,0.08345753849335392,0.17786180447333455,0.11497449085571898
0.06382044971429425,0.06103890009074713,0.11204695171038331,0.12002451693062106,0.10224491223588834,0.23999994266087113,0.14158639822389335,0.07787561604714635,0.08136231238615503
0.11023901889150811,0.11203946457674624,0.10970275466017206,0.1104941233598052,0.11997578958643328,0.06085888328727468,0.04430939723684535,0.21080605952135478,0.12157450887986028
0.0840946413359553,0.09650000516691999,0.1093619463181892,0.11284698936249005,0.13313179780381457,0.10744633295342147,0.1437298360919477,0.10243770258043867,0.110450748386823
0.09242507277252177,0.12344715084518315,0.0934523309733374,0.12863529936799042,0.14844613166998688,0.13751519989780894,0.07151707535235129,0.08795437072514432,0.11660736839567587
0.0676827484519024,0.1484824294355762,0.09647791829999214,0.13509916597319885,0.11593537534788197,0.07375864312669758,0.12981097669648187,0.10716102011541025,0.12559172255285878
0.2515506339960567,0.07837982666728598,0.11684174865475776,0.13825626262437232,0.13027287429123804,0.0793154119246889,0.03802868557871706,0.06807599800621839,0.09927855825666486
0.12674559340804473,0.11772382942044086,0.07958970127214861,0.13229945679295327,0.1127147799878776,0.06271190587465873,0.08304689327246403,0.15186330967269776,0.13330453029871434
0.10351553813157409,0.10163621163373802,0.08168384254813128,0.1186487107174828,0.16385600411570164,0.11603213128844699,0.0553327446793351,0.11763899754828826,0.14165581933730176
0.13497126368248982,0.11554632933056395,0.10094947334157302,0.11770169945194875,0.1343151160258201,0.08364641194200252,0.17119357007911384,0.03960915800697031,0.1020669781395177
