0.11077641304896158,0.0731963763746933,0.12940649167486606,0.0999994084050604,0.12269641593500215,0.1560317523346457,0.1802964953588261,0.10194195577821842,0.025654691089726334
0.13221332688297252,0.1572879261488379,0.07160526862590796,0.17509870726859034,0.050915631370007354,0.2007534303721584,0.07239748538591619,0.1149453958363324,0.02478282810927698
0.12990015119476547,0.11471549586203805,0.18467491186522436,0.11920445618763631,0.07373516936028056,0.08463169037343664,0.11078789547599315,0.15948237301655052,0.02286785666407491
0.07835638720956528,0.059552070284663465,0.04709876688298944,0.12903385975177303,0.09199851437277717,0.31165288485766623,0.04095852460438413,0.09892018351896854,0.1424288085172127
0.10866098141335405,0.1393459095291316,0.05782050165516114,0.15163856414412327,0.1330440416969807,0.18120024077803018,0.08021774991960899,0.12039065728533939,0.027681353578270715
0.11119050964121603,0.18685070881286284,0.054112703995639284,0.12335771111093213,0.04624263578448281,0.07082820019773987,0.28263880305014016,0.11453069819407229,0.010248029212914596
0.10645768210546276,0.07403003675435844,0.07469441377927881,0.10654606735358328,0.18529641487622772,0.19327100386025653,0.06748641912693006,0.0984806784405789,0.09373728370332358
0.1023005928123782,0.11326690122802964,0.17349374491355232,0.14884985322394095,0.094903907076335,0.05892666820343742,0.11134521673691482,0.17913251389076415,0.017780601914647365
0.17221237172235995,0.10799254660061282,0.09522912214425294,0.14325568663755994,0.06549441490856808,0.13994000950241994,0.14139074102249524,0.10172404488073818,0.032761062580992796
0.07494817839122592,0.044869265267743076,0.05210949576481012,0.09055907215749022,0.042873311660355136,0.4405453124933927,0.14162924069084779,0.07297909283744593,0.03948703073668903
0.16046589426288693,0.19327152793075128,0.11296857546091545,0.1339626017022935,0.0846026451630739,0.057102820965588864,0.0944586289130273,0.10310663232384731,0.06006067327761553
0.09500263603514153,0.0752550285856853,0.10441380252544584,0.09052877376249395,0.10971005942587414,0.0572402516574399,0.0626408117224477,0.12602881691897025,0.2791798193665014
0.12126573330889166,0.1817611712115613,0.13165622572349808,0.12663143937807206,0.05156252832996896,0.12104774451538608,0.08617259255313874,0.11836227693002203,0.06154028804946118
0.11905764171468862,0.04797314446863779,0.112284788039667,0.08199809054844996,0.057782024880540905,0.16291500578706,0.2196977880407319,0.12153552704682337,0.07675598947340057
0.10142493829260735,0.05443664417699803,0.10318676122216763,0.11415622952584283,0.19495989806435202,0.11801026535670374,0.12172119115079583,0.1107503096202827,0.08135376259024989
0.12748899558871965,0.07919286905472381,0.07182494725587146,0.09822722087904444,0.12300983414161286,0.15341953237656786,0.18873632523152617,0.08720877922480992,0.07089149624712374
0.12050597543489,0.05156810543812463,0.07928371657814226,0.09631875304923482,0.112678132225724,0.1772334838605226,0.08260219100033425,0.1314121988035333,0.14839744360949414
0.12618623261645626,0.14489958664214458,0.0795890473847742,0.11819020427231634,0.06706690130186212,0.061091354350331896,0.1128376543840992,0.11083474572815573,0.17930427331985963
0.12033857477498948,0.12672314584454744,0.17979263314803226,0.12831782454824683,0.16142600153662792,0.06394269139248805,0.05220629734251126,0.16095525644409384,0.006297574968463002
0.0824862901380785,0.10139000722416443,0.1644375729285144,0.13533541668076257,0.17651346975917268,0.09997729028967169,0.0855639675641301,0.13493312984948747,0.019362855566018203
0.08114212667331487,0.04489730663462499,0.05434701281985538,0.12021254513892254,0.04615148574999663,0.3658930168841837,0.16702396238700015,0.08428536531888638,0.036047178393215216
0.0807123458503079,0.027163530465615166,0.0874780212716546,0.07510699902324842,0.09893490233722757,0.4708193983187338,0.07326549323943654,0.07785766953858085,0.00866163995519514
0.11174136857804932,0.11660798173172271,0.09039985162088378,0.09993640731472725,0.26041606185987487,0.02098520568428289,0.045721992421257934,0.14366886785887928,0.11052226293032198
0.11065230015512433,0.11447916589348855,0.08071640043522692,0.10113998277914212,0.07408209441901596,0.1378187789444085,0.10250635535711554,0.0901725839795014,0.1884323380369767
0.13293215798000105,0.041198391529953915,0.0625863982442904,0.14960203252244383,0.05931023091844739,0.25006592631375785,0.04995994199752091,0.09753904177398644,0.1568058787195981
0.12241805340905543,0.12607972050692617,0.0864944873732298,0.11001937526614947,0.10498489099315444,0.1771289194962874,0.1008572176969516,0.11999260461176854,0.05202473064647704
0.13396063397519062,0.05901590554795722,0.037338675803075046,0.12209918634086549,0.08573500906127828,0.20457352317231325,0.1746335236967471,0.09304987326917051,0.08959366913340251
0.06216395599272965,0.050011056816521106,0.11191702421304146,0.07443931938696123,0.11017752847359441,0.31400871323825363,0.04838706360958931,0.08144159021213193,0.14745374805717723
0.1586040629710174,0.06228559209431888,0.0818438962723886,0.11478030037568869,0.19126189020175774,0.07702961292410908,0.048702833054682926,0.12569602830432636,0.13979578380171034
0.09566280274139899,0.03132526497675894,0.04449714643327316,0.08873401869063986,0.12871859574190617,0.35937714193722464,0.16373178180473483,0.06640483118532894,0.02154841648873443
0.13732650635904495,0.16078331082949693,0.13154681796094633,0.12046908079524514,0.08952391047189563,0.17631648027429184,0.058543121007353725,0.10197693296237498,0.023513839339350556
0.22263226207783812,0.10275658801974497,0.10821119849884557,0.1327715102933732,0.20654719452267808,0.053240994526443285,0.06582336594383927,0.10359890033297021,0.004417985784267467
0.096081392349004,0.06307451895278855,0.0476054754568064,0.09735577224583836,0.09955442720907504,0.38763911153971353,0.07941895568298525,0.10515353547627006,0.024116811087518814
0.13312117807046114,0.0831328091367556,0.15238128275657292,0.10447666366255993,0.052645931760666426,0.021159391807076766,0.1236037745356308,0.16321905203715772,0.1662599162331186
0.08621304150556919,0.0618635052634127,0.09543303951797531,0.08285047919138878,0.0692010724151318,0.4422730392570073,0.03462568258556136,0.06756503222006746,0.05997510804388609
0.12344533607004256,0.13032295263312785,0.07367726594268047,0.12367833712806818,0.0887066834713079,0.25402257083478047,0.05987374745324506,0.11136805137954016,0.03490505508720733
0.06844802069915933,0.053266426505635824,0.0627094859339337,0.08884168685437659,0.028977821402471182,0.4012382906998308,0.10741803627661162,0.07496577447829415,0.1141344571496869
0.09626020669541165,0.0768709334140229,0.07238674221932764,0.16744849953232088,0.1008691375163246,0.31695141271889554,0.04158424942497177,0.09172055206161796,0.03590826641710696
0.11548664291825235,0.07863412987377592,0.06975684100978784,0.11449800928629024,0.0838816093342493,0.28044454403744956,0.12850974796596895,0.09190160645874583,0.03688686911548
0.12062023524823999,0.25049407226045356,0.13472150703496155,0.11678003547154607,0.09316635139551048,0.040031295819111155,0.11542171865197925,0.10098329971932792,0.027781484398869905
0.09873000776328379,0.07053781748120726,0.159983045948762,0.10320014645857405,0.20108182898546414,0.11574363087141944,0.03518597315634971,0.08834721736795338,0.12719033196698615
0.12278340395150501,0.1636313913817003,0.10143962826307362,0.13666924483419599,0.062015497968720794,0.038742586884817486,0.12909134495934327,0.12299003206322268,0.12263686969342082
0.12422756888380536,0.07432664750492413,0.12186342760850229,0.12878161832792787,0.15302754767514845,0.0854872457051697,0.044475630610631055,0.13105408538594376,0.13675622829794748
0.07556690367012969,0.04910222697018866,0.0591375143753827,0.10367909010172367,0.0983691244270896,0.26800045184875493,0.038596665247737215,0.07776143476003249,0.22978658859896106
0.08420918804037651,0.08668913087508463,0.0947244124696428,0.10349419717605733,0.06399338165835206,0.3046543789704687,0.18050741655760624,0.07573063079129526,0.005997263461116423
0.1701776708879117,0.09131598797971824,0.12972762629706713,0.11749666039758692,0.06140580487009142,0.19171436137187528,0.05675768271041016,0.13616739860109947,0.045236806884239665
0.11139286372474437,0.12265413594040497,0.10621137427524008,0.1197289523683606,0.09638983682503355,0.13046893015768216,0.127037136161721,0.14405212739581438,0.042064643150998844
0.07870115633885057,0.06208726343021278,0.20469238640523613,0.09878903832029128,0.04529503150645847,0.24647950251361528,0.09452522267444197,0.1275395472838042,0.04189085152708925
0.08823642625862582,0.16684223501917436,0.16895608202272236,0.12089068335754642,0.05356809932475164,0.13362986323888879,0.1028229761626208,0.11200996721399736,0.05304366740167244
0.08154567302099718,0.03359932300181208,0.09979701543769781,0.08373762443857313,0.08480112556599566,0.42050230495648017,0.1042231738710029,0.08674804442557703,0.005045715281864032
0.1073618400008652,0.06611782891631307,0.05623421256225889,0.10290655459417901,0.09236136942537,0.3453799123333607,0.1370234542617059,0.08008457518513325,0.01253025272081409
0.08373090053390231,0.050262774096472784,0.0690495867662614,0.11628574704289137,0.08343313625667703,0.27883697670700186,0.1680210977011524,0.11667145845625793,0.033708322439383
0.11804457667972694,0.16568069784009834,0.08165693569498668,0.10768380391984178,0.0994966641413958,0.1458517356345587,0.042910914455915085,0.10432659947173976,0.13434807216173686
0.11724107572954344,0.04970168140136232,0.0799369487422793,0.10207902034695009,0.0719740971369272,0.10848437614456892,0.15657470791926764,0.07962011935022602,0.23438797322887509
0.1505520972659708,0.10914501840237223,0.11354376029781395,0.14987206331574127,0.0729055525431986,0.1668704617686272,0.0905793758041552,0.13052066102601975,0.016011009576101045
0.1411818080208904,0.23886715918780432,0.1250641514511558,0.16980623253889102,0.07481871034943692,0.04053508965176426,0.02655257353039281,0.16805747130345483,0.01511680396620968
0.1066298415293843,0.21392051898531952,0.0704410971757438,0.13660601262269456,0.10137255638844082,0.02491377927784999,0.19184748442705388,0.09461496293020659,0.05965374666330656
0.17532674994292355,0.07006963214238081,0.1537318448883798,0.10934145525269741,0.07893097295042555,0.14907571182802828,0.13253038178529417,0.09446403666055543,0.03652921454931494
0.14244586080639163,0.1074533285577118,0.07143639141175442,0.1261005518113216,0.2551935060590968,0.07052610558162507,0.055077259834521164,0.11563755873434173,0.05612943720323572
0.12970460383843097,0.061407221182419335,0.09294812094811367,0.09253758111656162,0.06962727745178168,0.26955524288395966,0.1908389342098877,0.07300340267985551,0.020377615688989825
0.12570921221504885,0.13981269624386725,0.2082794416765558,0.11187938497753509,0.1240481519416032,0.07637801170063767,0.03848163119314271,0.14215974298749334,0.03325172706411608
0.0863916504204238,0.14503506875705074,0.08796496874896835,0.11346359178404415,0.10619900181566344,0.16620949248807904,0.1853755536443519,0.08945640417807577,0.01990426816334282
0.08089222918108496,0.11309910847981075,0.14939164606036606,0.14548337592610122,0.2062805601352166,0.06633889152696455,0.04645581661272267,0.12660520453659582,0.06545316754113743
0.11598828835572479,0.036395541029877666,0.09226600859895856,0.10921939526423885,0.061408028310761816,0.23237945797067291,0.11382652506522367,0.0755786363271552,0.1629381190773865
0.09891143210966023,0.10349935056333791,0.06332326372542932,0.09594357719532294,0.08767203857806405,0.3049749884234521,0.1559755525875334,0.07963680594160534,0.010062990875594804
0.1007836690917242,0.0998893258155183,0.0478938118773869,0.10508572916223002,0.07091109315610848,0.23526360858024423,0.2341800732903007,0.07705068462162003,0.028942004404867102
0.09547907002133416,0.09262329493945572,0.09223654475108756,0.135606917306116,0.14162733163366567,0.04397044013176584,0.16434917841862903,0.12294682057588953,0.11116040222205646
0.0997901155133925,0.1174903070193164,0.13679464018433987,0.1341474816094025,0.1072974971557686,0.050948356704142196,0.08619522552413202,0.10152421006852068,0.1658121662209853
0.06573452620992193,0.23802612825860192,0.1145915416156541,0.11058132141116374,0.1192487962013337,0.11907826916057855,0.05542841268853604,0.12999266990306438,0.04731833455114559
0.12692114657230305,0.16454040170420134,0.12597387740979563,0.14009518539106064,0.05920418456908675,0.06341786679781893,0.08685560085783002,0.13987448940461938,0.09311724729328417
0.13572140523056456,0.05511347195800411,0.09782604052907595,0.11593958212926549,0.17711762649665805,0.20602667282148948,0.0993724271356781,0.09648755866703167,0.0163952150322326
0.14278741568116493,0.09054343153028561,0.07747080521028567,0.10995295305841946,0.09853283520934848,0.21528810191733685,0.0716633357928902,0.1014448500188609,0.09231627158140786
0.1327794246306935,0.14725052603946087,0.10672682413456164,0.11546643497852214,0.11465389841955409,0.14266282837395375,0.09842624835955337,0.11549448550480353,0.02653932955889715
0.046839653589591045,0.12561180187851537,0.043273396570256834,0.08514908265745359,0.05485197912643482,0.3295722879233351,0.1412620171186797,0.08384976056730149,0.08959002056843203
0.11590225812376793,0.18950941056106477,0.08654302430872718,0.14370497739403484,0.07379888473749485,0.059206659037807426,0.13482043682171052,0.12313188242838176,0.07338246658701071
0.14046549770653807,0.05219575894219062,0.05434579925281874,0.08970417552858446,0.04299817747771043,0.23899530156495905,0.20242912129508875,0.08155783012768932,0.09730833810442051
0.08022440268663934,0.11309730947215957,0.12911350505747138,0.1185195593216833,0.13080539680206582,0.21625328777598876,0.02268230150040931,0.10247793690062268,0.08682630048295976
0.07659085309044089,0.09459040572008598,0.05189754106661509,0.13322444059753932,0.0648751893393155,0.3903878245908643,0.10552996679585717,0.07823867707078754,0.0046651017284942056
0.11527748272858103,0.13823156528711086,0.09084650490962613,0.15750132855862536,0.07926986505462735,0.059114890306127155,0.19620832821319426,0.12847956439525557,0.03507047054685221
0.15192757651785366,0.14244089993202572,0.09106728126983542,0.12303716722861953,0.048509304541028565,0.19743573222412367,0.09292799233254308,0.09829907735913501,0.054354968594835434
0.11722342375878736,0.09719043523897168,0.14437111019212448,0.11573321483560295,0.08917724811030746,0.09041391768596192,0.20826447161590736,0.11103965144164667,0.02658652712069023
0.06258242811466098,0.05457803001854403,0.050707882220164806,0.10371263951887529,0.11285130105108003,0.416999330020295,0.06861316409215039,0.07238674831518006,0.05756847664904948
0.1959138405380484,0.07562406989585675,0.08311914262199004,0.12635206384957517,0.1193484471545112,0.1083302759448342,0.09940577766715414,0.11063311071274624,0.08127327161528382
0.1270164220970487,0.19882566523561254,0.06310506774263118,0.0840863519536484,0.06317019977159673,0.09636558240435296,0.18020549010509587,0.10313957621917307,0.08408564447084062
0.09463358197906013,0.11825037266930583,0.15562287653177928,0.10365302301641638,0.02607777619478666,0.08472747305779131,0.24791377383249466,0.1009670166201531,0.06815410609821265
0.1430106877657131,0.10993140089217567,0.08961849180309511,0.09850416242258127,0.0893218389097396,0.013289874398247754,0.05115474304277868,0.13304702496256307,0.27212177580310576
0.08473351021499236,0.04328266171698401,0.0935443977102826,0.08298024506350331,0.06772113121408484,0.4052998246131072,0.06003450993540094,0.08252525237697265,0.07987846715467208
0.18380021148921577,0.1560373972318586,0.11616945253345108,0.112929422449907,0.0856336010134695,0.11477785517932533,0.09365298333797518,0.11726813706830914,0.01973093969648837
0.07889391743027503,0.12504683157735944,0.12507863484466294,0.10469937793833113,0.07081279377835142,0.14506196719765108,0.18038711353929207,0.11694508952481236,0.05307427416926457
0.10872911638142974,0.10076835934752204,0.057454947800919455,0.10276091765906625,0.06427691056452293,0.321188243727006,0.09129892789006812,0.12654176767852252,0.026980808950942996
0.10037253911620071,0.10702083947260481,0.17787152795135552,0.11932167375173784,0.1721984594441904,0.010434275257298349,0.1607262420233222,0.1015297184993923,0.05052472448389788
0.061250948904042445,0.03502632266812655,0.05713412459223863,0.07032715913150049,0.046526671882468194,0.4388235032866265,0.16510875835634886,0.0687262898249167,0.05707622135373156
0.10944842448994925,0.10988995233507172,0.11608913743068257,0.11244919522918724,0.17476517613364792,0.017151372134372973,0.197020163337143,0.10780005737014964,0.05538652153979568
0.0908345317850517,0.0715417098699971,0.06988792407536752,0.1018574900729589,0.08286512128799146,0.15858495732270303,0.26947870806707724,0.08269709445036312,0.07225246306849002
0.08253152685726504,0.03793009310287565,0.10285674701023824,0.14380996928862586,0.07182218244395845,0.27896214966879523,0.1064532324569022,0.11573617794841973,0.05989792122291967
0.13977246818740247,0.06402163484826268,0.06562946079886049,0.10144982599790246,0.06538941773921465,0.29465029767656215,0.14435928288851876,0.1145572051509164,0.010170406712359982
0.08415207028594272,0.06534555044199249,0.0616993623350674,0.09405253965829019,0.08513764597277695,0.43037929851143164,0.041691954193904625,0.0801266146098395,0.05741496399075444
0.13774987777134104,0.09591601660666366,0.09149075899705215,0.1210909771032548,0.09245581390029978,0.1322251095360164,0.2103041938113249,0.10246094492480347,0.01630630734924385
0.1379276516329678,0.09840585881095361,0.10824115059165972,0.14969643324418486,0.09097797646254276,0.05791484778750335,0.1508314130040965,0.12798550859890367,0.0780191598671878
0.2122067087846922,0.14352673084379478,0.17497700565720087,0.12366350328451792,0.11068351282485527,0.031217278114888492,0.0727194400081233,0.0998964255583558,0.0311093949235714
0.0923556321619885,0.08891350582188585,0.04740570198933688,0.10725136258807288,0.16095630543368228,0.1886714720225733,0.20846150777689676,0.09508176557197852,0.010902746633584941
0.09278527631632859,0.04554085652055115,0.07400771279202857,0.07455498951104858,0.03719486863843042,0.45375499953651194,0.0925846876324923,0.07604311751249418,0.05353349154011433
0.09210576088409873,0.06191958067133004,0.0847497448972337,0.10986171932110816,0.20777407539488077,0.27379196763839025,0.03440353759345267,0.11638230865496806,0.01901130494453761
0.08807606615880148,0.03992636693250736,0.07459572100510464,0.11073805080407434,0.034447960413916345,0.3829848001105755,0.14822979204329592,0.08987885079313658,0.031122391738587826
0.1265300395297806,0.12520251008354985,0.09955857665031859,0.12810236902051844,0.12824713819793357,0.1285239463124956,0.08961294026489403,0.09718230322328321,0.07704017671722611
0.10677753413957254,0.05308913136062382,0.05005104908396196,0.10295585641346446,0.07623121502061458,0.3101087124437949,0.08103500109073436,0.09465750126911308,0.12509399917812034
0.1624411627169317,0.283082738249418,0.13364353510546054,0.1162794871583821,0.07396726850501492,0.05067689152420396,0.051203853631282055,0.09793076394490517,0.030774299164401622
0.1084410197052051,0.065088365407507,0.06663507333847646,0.14345840907946392,0.08656886642434237,0.2021936288161433,0.19932923692448615,0.11263776889794123,0.0156476314064344
0.10858421142718021,0.03741125280896581,0.08956323214322807,0.1253851010299977,0.13965570768071803,0.30622496871518834,0.03311555195385179,0.09940168349865196,0.06065829074221804
0.09739807744646005,0.03696340938491986,0.09163821740589782,0.11109329621248094,0.04914136939226582,0.24674591847093566,0.26957131559708986,0.0847367977549776,0.012711598334972438
0.10645768210546276,0.07403003675435844,0.07469441377927881,0.10654606735358328,0.18529641487622772,0.19327100386025653,0.06748641912693006,0.0984806784405789,0.09373728370332358
0.10157293258748894,0.2240333028523808,0.19386321844451235,0.1430439485970751,0.08435789355200889,0.06686750703121035,0.05932210659205739,0.10545948509347568,0.02147960524979055
0.0647547777605616,0.06715867971493271,0.12645520460850823,0.13015643274719274,0.04458279574012509,0.2038507267285595,0.06865839938360087,0.09983600229240086,0.19454698102411838
0.06973668627814104,0.09828880718977222,0.06962586418304752,0.12057979724219964,0.11121149692882491,0.14649225955153108,0.14792306739568437,0.09049247050068492,0.14564955073011426
0.10141117376961602,0.12462103729493897,0.1636468482242028,0.12948109606284947,0.04708974032247679,0.06063218611072341,0.2406352100718423,0.10334462547104406,0.02913808267230616
0.15237426873178203,0.11738425282396374,0.06668434917524842,0.1258568606366752,0.05954702001452258,0.13905667203182198,0.15864798338192548,0.11323318822651847,0.06721540497754223
0.09014759881322719,0.09556018276864786,0.08975018177319828,0.11566473822408452,0.08315526968776098,0.28481603907850256,0.04417091182400717,0.0968805268916506,0.09985455093892097
0.1065445611893665,0.0921718250064237,0.12253367703125846,0.13449831462735343,0.15659186283499518,0.14028495287401457,0.10284602161442975,0.11663772949644162,0.02789105532571681
0.0852447030742632,0.2790265509537922,0.12356696300587056,0.08506964536041779,0.13677703490636037,0.033513282293579645,0.047247684614689846,0.11422168298369621,0.0953324528073302
0.09179023370133016,0.037082107475495486,0.05921919645032878,0.08745548347442063,0.0447339022261776,0.43714372245208716,0.1201784868092783,0.07411614430720638,0.048280723103675476
0.1004093566606918,0.07834362910874916,0.19688282636280893,0.11831846562274895,0.07969050681221514,0.11195927180741665,0.061594988429065335,0.13701544470226987,0.1157855104940342
0.15643306349760355,0.10509135774977722,0.086147023189981,0.11444311146183876,0.09179777676475791,0.06567827469911829,0.18548875108478477,0.10289450606480104,0.09202613548733739
0.1102358043516024,0.12100259141493865,0.04990479770127648,0.1406968917384803,0.19686431286162684,0.06435080535332181,0.1029755653857254,0.14180618569667455,0.07216304549635354
0.14381808047538294,0.06706982472517935,0.13442078916722613,0.15073774726743477,0.14735225453480919,0.1073270841506752,0.06317990954746415,0.11108642726933153,0.07500788286249667
0.09509796865029845,0.024155295683773642,0.07397086728604771,0.11204138120575464,0.06998625700254214,0.34635687129018367,0.04173707952290556,0.10221157121178805,0.13444270814670603
0.10189603719293584,0.06938017888070212,0.08888109000433812,0.10292822732046392,0.08437808152886085,0.2420384097350621,0.11990298665843413,0.10499481194739246,0.08560017673181043
0.07675050831403545,0.2235442073905789,0.05355571646284691,0.1303675560116978,0.048620726977037516,0.08858559237073353,0.18947019606870877,0.12098917087065053,0.06811632553371043
0.1295481320423907,0.10858241362679184,0.08519749013415213,0.10013954540800452,0.06796069880232725,0.22285224653288235,0.15096190275549495,0.11095972025466028,0.023797850443295816
0.1523577572134688,0.0717992981666886,0.20491804138860792,0.08994872544068433,0.11193821264529313,0.02082545827635253,0.03234193807357808,0.09186417264075412,0.22400639615457252
0.10232255928950901,0.07499455580401189,0.09405631568794154,0.11212698799330408,0.054444032262414434,0.34881263457290834,0.07690907690946676,0.10859307936367156,0.027740758116772384
0.07015286582690293,0.0944358131219385,0.0801835154420284,0.09444198310058925,0.03505277505580246,0.44994464516119065,0.06996397347866529,0.08548425397524843,0.02034017483763412
0.13273206537890897,0.08118314238568851,0.357645470525755,0.13724232426584906,0.1438340756488413,0.012345118167076098,0.01665702374211645,0.10551457595656216,0.01284620392920244
0.11634428143741453,0.20983347172613032,0.18595844985949542,0.11164978128985936,0.17121566607916697,0.02906618708891547,0.05579448871675253,0.1048203214990686,0.015317352303196806
0.07692962754916478,0.16139200544474905,0.2750329915038083,0.10166949802398235,0.05554674329782557,0.040333748759104754,0.06254673689145392,0.16640802154776294,0.06014062698214831
0.16562633976898986,0.12148966496295444,0.12105572350900322,0.16087287081003265,0.13752585588130892,0.06117746832857442,0.06185622169895715,0.1642069755709952,0.006188879469184216
0.1325108779692727,0.09910375337243905,0.06948740741769714,0.10766540601653131,0.0761063236034291,0.12224994017602205,0.1167583771644537,0.09250737551382075,0.18361053876633424
0.13533347819792155,0.08005425962579071,0.160119624874029,0.1115025776747564,0.10066259361039769,0.06338129124048776,0.04200949851982271,0.09619730427126494,0.21073937198552936
0.14309411343520975,0.0972455197006555,0.040856216236727076,0.08490647284431031,0.21834027190817837,0.033288851813022526,0.07542771082270755,0.10625644742322495,0.20058439581596402
0.09899877554780888,0.08595627157927561,0.06201908048760169,0.1159270565328655,0.1154139996567979,0.03500475854568522,0.3145098114482425,0.12339195256314324,0.04877829363857942
0.14519773890651524,0.06826616842780495,0.0772384504845227,0.10595011624948146,0.119111980827127,0.2553120693501785,0.06829741614264041,0.12605562845276108,0.03457043115896868
0.10376720201789959,0.033061194482529144,0.09919118437312929,0.09231111933551234,0.03126222358942143,0.3177434233252988,0.16039397201986416,0.06916306024934761,0.09310662060699774
0.11422817063833768,0.0463897987981626,0.13526299684560947,0.14749125483237824,0.1982690150540157,0.15958691435108444,0.031935629058841675,0.11799281217561874,0.048843408245951424
0.08509345437481745,0.07413762427586938,0.09265430290129577,0.1208257428385565,0.12926783401765063,0.2576783677136523,0.12497161322966847,0.09917347214102867,0.016197588507460878
0.13391122335250752,0.06516584394404605,0.05591822631953664,0.10611342792132179,0.05371658369816886,0.3843405407411156,0.04132189509497477,0.08692724536493746,0.07258501356339124
0.13430580760257138,0.1459414000617675,0.23676874395876532,0.1436388664666994,0.05947953394538139,0.017461492387887138,0.06152962241823474,0.13153764080930977,0.0693368923493834
0.0952651836727771,0.09215006164445687,0.09644017924905157,0.12981905120354997,0.07672744130731202,0.2834951141594488,0.02898649527160829,0.1506593142708065,0.046457159220989
0.10409520679499033,0.20131729494085382,0.15166198313463294,0.1460559208166545,0.094951380226656,0.0776395009879809,0.0641316896273678,0.12083962270628057,0.03930740076458313
0.0945600889349454,0.10526481920080788,0.10767601386843258,0.141032714247291,0.10910413561071652,0.07403537951665332,0.2526469866234102,0.10978605201791543,0.005893809979827663
0.10601460830145305,0.14175742631416302,0.09688478363459067,0.11870219969549485,0.13896701156950966,0.034177076062297924,0.2389083318144621,0.10513017742030449,0.01945838518772423
0.08510526316308832,0.08059608577243542,0.06475387686441253,0.1015679728000345,0.054751510537731994,0.13896309342644167,0.17767630728842612,0.101791234434842,0.19479465571258747
0.1586354149925232,0.03860519951131929,0.1097410327966497,0.13524941312216227,0.10387646865549564,0.09019554794000324,0.09189081480761502,0.11950939737592718,0.1522967107983044
0.10308933984927339,0.2402702805441943,0.14216108049484277,0.1210053135162572,0.11594702246749684,0.03867352097696429,0.12048577943061829,0.11214885825226668,0.006218804468086165
0.15927937692805522,0.09581080787803604,0.13899223763379417,0.12335391232811994,0.07092299094978637,0.1424784870661213,0.06524004635250463,0.1504555435453687,0.053466597318213606
0.13572140523056456,0.05511347195800411,0.09782604052907595,0.11593958212926549,0.17711762649665805,0.20602667282148948,0.0993724271356781,0.09648755866703167,0.0163952150322326
0.095528127682813,0.16899297096978172,0.06406340078438742,0.12039673677280245,0.05917402272035203,0.23571286267957914,0.13460586846410805,0.09752794536030114,0.02399806456587512
0.11586063156083619,0.07979217888437508,0.06486821372628658,0.10241604032270575,0.15082342816446026,0.18956461909758757,0.05531059377458492,0.10735358631630203,0.1340107081528616
0.09249405718384278,0.08918315497644454,0.06780840518443165,0.1042785978939638,0.12661020823211075,0.11981729920776502,0.2260801711905751,0.09371704229868864,0.08001106383217772
0.07610972124214486,0.09253783252426794,0.11632169485012243,0.09065582924248357,0.029574262948935653,0.2601576898294215,0.10517220663774625,0.089029080575787,0.14044168214909084
0.09316251452771336,0.10688402211357224,0.1295286598738926,0.09133319855422284,0.08075306834612996,0.040952178141434314,0.04922346126099319,0.0886445400824531,0.3195183570995883
0.13783109847772326,0.0708061741467031,0.07951806803383547,0.12884929915581325,0.09731720111697406,0.08915422483390682,0.15647362278607138,0.15424867211998156,0.08580163932899114
0.07758624712348573,0.1661278323113822,0.05837050717525916,0.11303803500672188,0.16681404766003896,0.1933684995894062,0.09512203400446927,0.09396663529196607,0.03560616183727047
0.10239564761520896,0.161933202121371,0.14201264936265945,0.13172217818278348,0.1034669926668876,0.14098352066064898,0.10043828017855415,0.10235201121194247,0.01469551799994398
0.12793337642089334,0.05779990380363259,0.12643846419205343,0.09606759232067215,0.12349791462026653,0.1910245975355794,0.11705333508018163,0.11304889075568662,0.04713592527103431
0.09059351079213553,0.031441123969112424,0.09097091252749716,0.0780029991827484,0.11852777154233181,0.347349585907033,0.02870244218484635,0.08754833863977983,0.1268633152545155
0.1507734038662799,0.08768893416052063,0.06042842455999973,0.11555516586638899,0.05243708703667249,0.2798753180645763,0.13506241867804256,0.10386378229344152,0.014315465474077865
0.12716332320100776,0.11582477010878833,0.06667473019201987,0.15765578050475143,0.20648923133693078,0.08023615684411185,0.11852288153345336,0.10717188301938847,0.020261243259548034
0.11314506686139032,0.30166633269662607,0.14938869726345383,0.11316472629259204,0.061498755420302954,0.0451161152241469,0.06828079655727916,0.1070747414837714,0.04066476820043731
0.139615649754987,0.05563572660651883,0.06551328290090273,0.08274933675509112,0.10482597174082615,0.3169334329693077,0.1494087849994934,0.07342907534754384,0.011888738925329266
0.14671537697382941,0.12101186917138573,0.11355462404420567,0.10159010705071185,0.07735351269341793,0.04855076024670401,0.24341875169882668,0.13338025914475227,0.014424738976166427
0.11945081504221707,0.05651187454786496,0.08857745980837689,0.09292016938315094,0.06372886073696482,0.24824073460229445,0.15257470723973507,0.0957913888725634,0.08220398976683237
0.06392560969634936,0.07290116182881136,0.07898480031106388,0.09388657687876771,0.0683869515292056,0.24733041717894974,0.2800728579048137,0.0808152141546903,0.013696410517348387
0.09365403650249442,0.16851530213560637,0.14164105124503493,0.14032473944972387,0.16301608598776107,0.014946637503319626,0.05933283694665775,0.13969633378548676,0.07887297644391521
0.11030661850376589,0.09917074034726414,0.15489214627709114,0.11159292770826762,0.19861856013095078,0.059226988410370406,0.14889894200942974,0.10011087342748227,0.017182203185377918
0.09856108822703968,0.1751691774259366,0.12025109840251381,0.11581057067667593,0.2088534830043617,0.0471646154204286,0.050926292640525034,0.14340958247796068,0.03985409172455793
0.08652606844972188,0.039812810616646446,0.053583024899954444,0.07859386084314741,0.06489832599276757,0.30787201609909637,0.24181205650248305,0.07449127674927848,0.05241055984690432
0.12067992650417618,0.08493634505817282,0.09670051950172809,0.11871963202499514,0.06114785003925136,0.19471374803277153,0.16952617343271922,0.12224727589351829,0.031328529512667326
0.14669875181803285,0.11360343950806188,0.09855482064391029,0.11545602508315302,0.030293948556892648,0.11027153823161344,0.08832535433822454,0.139094352170019,0.1577017696500924
0.1362472004962532,0.07862307092168948,0.06770103115659239,0.1286064117284622,0.04096031492089031,0.24995422301367318,0.1127846833313682,0.1036649485307344,0.0814581159003366
0.12057436118247034,0.10707328547467658,0.08907028996188342,0.10641086226161718,0.10187676095319616,0.18022004769331645,0.16776897334154936,0.11664959879124566,0.010355820340044895
0.09222030968591986,0.2451158481024055,0.10786158143739115,0.07539985385765453,0.06827760894125577,0.03974216974879221,0.03531664417512751,0.08957880975541542,0.2464871742960381
0.11441674580711798,0.09154656662087575,0.17754567751187322,0.09569715109411477,0.05812713324920985,0.18206040486294348,0.14410603285857004,0.10600802255646839,0.030492265438826452
0.13130233116185122,0.08017907446316064,0.07026540535455511,0.10369894005703083,0.0576688790089157,0.3125714155220585,0.11020748381315054,0.10586854605496225,0.028237924564315176
0.1318065749705045,0.18261657604361137,0.09751230743276074,0.13406100727903036,0.11755145020864478,0.046441140401380476,0.042124769641915104,0.10390473134430694,0.14398144267784566
0.06566352490250262,0.07297817542442393,0.10785061782928085,0.0758293972994969,0.2310550509931517,0.06141551452810421,0.023890560751219356,0.10115229059339657,0.2601648676784238
0.12635127708444224,0.04721867922348291,0.0615903502860915,0.11541416958257934,0.09839592734964486,0.3275289303583491,0.09025081368552094,0.10020719832391049,0.03304265410597869
0.0935028705503795,0.17024964529394812,0.08874155551619738,0.10287719965870286,0.04099204656871402,0.0754027141092372,0.3035275058455786,0.08205434201846733,0.04265212043877503
0.07986630155885244,0.10528862675184662,0.05071572659852799,0.14021771639023534,0.07469667023525743,0.1679925580419138,0.24512530938592034,0.0920699713334207,0.04402711970402531
0.07071188435608083,0.026231391867923327,0.10575711973901131,0.09567972299687434,0.12339406513772529,0.20829336919329025,0.11378193206282931,0.08934078982217225,0.16680972482409306
0.09368353123288314,0.2092573670239554,0.08273324701177366,0.14360349012654924,0.024830194957346525,0.22312484735608726,0.10227633986801675,0.09675225136356501,0.0237387310598231
0.08283367270511417,0.06232954299260126,0.0915622285509775,0.09025776462797967,0.1429104853601001,0.2683725748240912,0.14808223155558542,0.08845056453404888,0.025200934849501783
0.11044001448089998,0.0791689206200849,0.1447911431231482,0.10603429429810048,0.13167872121252552,0.131262968265498,0.06305462893929749,0.11585181590643334,0.11771749315401216
0.09888260970913261,0.11449702855554604,0.13936819270719003,0.13684768900679817,0.12199992766957117,0.04405327669258441,0.09161367948849897,0.10991361383590272,0.14282398233477578
0.09969529918642618,0.03676722054533133,0.06393237998840945,0.0774075140464781,0.04923736623988794,0.48387713815094835,0.08884126648358952,0.07342273983149351,0.026819075527435617
0.1222582097051063,0.112503069537757,0.08763382405485222,0.1096671413214297,0.04984825880983596,0.18327394802287497,0.12652669471893732,0.13445055675292622,0.07383829707628035
0.08064017521153077,0.025229073628018888,0.07826999835336437,0.1005045556400715,0.11886980108422784,0.2677068028961481,0.2036635308306601,0.07769435038749427,0.04742171196848415
0.07400309340626372,0.05958586610183831,0.07991248604144292,0.0998486573073179,0.09676374506509595,0.2992253669332409,0.14209004034349096,0.1200157061737986,0.02855503862751063
0.0652002804701217,0.0551680501904234,0.03846488500567021,0.10699997789323763,0.11017144021144544,0.29370883294835887,0.08596950515550776,0.08989610173460778,0.1544209263906273
0.09566280274139899,0.03132526497675894,0.04449714643327316,0.08873401869063986,0.12871859574190617,0.35937714193722464,0.16373178180473483,0.06640483118532894,0.02154841648873443
0.13436031631175874,0.05606060936334756,0.0842696247218669,0.09780530641147446,0.09999089160915559,0.10146629960503324,0.0990740278053915,0.11542658341041488,0.2115463407615572
0.10219810897166626,0.07588738177385772,0.12393997992206136,0.13130391133144736,0.06540471972138422,0.3037424884992341,0.0727580051881924,0.10379968595934114,0.02096571863281554
0.0464546877286471,0.10261536188467524,0.056241105704552846,0.09086776177308921,0.2476411749704337,0.22813459501987868,0.06344542124484712,0.11399194264202865,0.05060794903184745
0.12779616670761818,0.05597383756324076,0.08759797998153424,0.11024829832168333,0.0944964658314133,0.08416423470895625,0.15710616190303664,0.10014351473809106,0.1824733402444262
0.09028078402132393,0.1620768160431076,0.07605180564341336,0.11081412571829831,0.09346557967127793,0.12767451247423012,0.07739049649098292,0.12232725754997037,0.1399186223873954
0.1264901075766674,0.0355193516100402,0.04719242628159997,0.10498963154189678,0.08170597206696756,0.4053930594130211,0.09393446773613429,0.07842690142906568,0.026348082344606952
0.08509658544892205,0.09744819984641556,0.12098246606060013,0.09201228629745024,0.04892963601077991,0.2018014746968161,0.18813210380664777,0.08090647442238146,0.08469077340998676
0.07538446169863265,0.05146448032904769,0.08468053661356763,0.11304709712007437,0.10776516378016121,0.09427068789558525,0.12545520278565123,0.1269518015108486,0.22098056826643142
0.15811496970427744,0.23233588350105938,0.09266201057738314,0.1341333917768248,0.07559675734377205,0.05298545754543798,0.1282711533171674,0.10293998602079434,0.022960390213283517
0.14121904921067815,0.07431639136282857,0.06073184500911705,0.1251179905573604,0.07003810629633134,0.14886414248467103,0.23442474539477395,0.08805779313937223,0.05722993654486732
0.1306965748972069,0.09379099841980128,0.07447321135736616,0.1455198408771744,0.05864855969408661,0.2809521458551028,0.09710572521420567,0.09555689304050607,0.023256050644550122
0.14595436507243342,0.12809697059815692,0.11547716528353462,0.12089981382469657,0.19736974237566407,0.03775917670941097,0.144012011240935,0.10358262392738765,0.006848130967780819
0.0960252692392554,0.2092706517216675,0.18364903195326485,0.10978637268828566,0.06971576316822435,0.07317596238545832,0.06411719633120912,0.12960556017275401,0.06465419233988082
0.15442545567657398,0.06676380055402786,0.054040696709319054,0.1309380004175893,0.11619601938725932,0.23977547793126588,0.06587709341765338,0.09820511738637398,0.07377833851993724
0.15920027035492135,0.055076019904242594,0.08133175386179163,0.09728068607080455,0.07204047823799248,0.26192988806234224,0.16798797989888825,0.09464578651166676,0.01050713709735008
0.06586563318091214,0.15199248230585174,0.1067770559599579,0.1076409245678238,0.11642081234540173,0.11993704743346255,0.11759827912440037,0.10825509262238746,0.10551267245980232
0.10008256045653123,0.09432520548794497,0.12418050040413187,0.1056149110802141,0.0635978755445425,0.24577585100575608,0.09994187891407151,0.08778859299498581,0.07869262411182201
0.1373686490231618,0.10135094653638792,0.10550051417232698,0.13856422810465258,0.1491465402491109,0.0560881168740044,0.16192523660694894,0.13734217563117612,0.012713592802230398
0.11218319329287774,0.123611430612301,0.15430091549929817,0.12928142554234243,0.046914586731686754,0.04589973142824483,0.13814467283984963,0.13691208755173964,0.11275195650165988
0.12264393111967464,0.07748906062405155,0.15830961353371978,0.11000878310066879,0.06352475477670207,0.028420713337387545,0.23382056436827225,0.08454392733679361,0.12123865180272973
0.1972910005357892,0.12398895341613247,0.06419032231923333,0.18812873634826155,0.09395421657465801,0.04576592023601913,0.06451998697028614,0.19385434058889806,0.02830652301072206
0.12304145906600521,0.03984786247574497,0.0500086320175781,0.11990322045212655,0.10412169855989101,0.25326251270357786,0.172637910358404,0.11179635375006369,0.025380350616608666
0.11925338010238179,0.04611033116609572,0.1052677978301152,0.11710052145111167,0.04649030397813522,0.09636799363870396,0.2631654958562546,0.1034754074480661,0.10276876852913569
0.1222582097051063,0.112503069537757,0.08763382405485222,0.1096671413214297,0.04984825880983596,0.18327394802287497,0.12652669471893732,0.13445055675292622,0.07383829707628035
