0.1008376876384119,0.191617218340426,0.0895846209296291,0.1045918731387178,0.11070887368317485,0.130840520478649,0.03919334492222383,0.11044509369260282,0.12218076717616476
0.12598986036723292,0.09141102103467136,0.08635647334452434,0.11710255784547531,0.1143695063318465,0.11955853639491522,0.09300499783933686,0.11549793283319341,0.13670911400880406
0.1529987921506242,0.04719007985925799,0.0922944626984995,0.13102848358401617,0.1163238661084501,0.12308730476838838,0.09168299661904988,0.11823913879320806,0.1271548754185058
0.07364475620965794,0.012942298308986577,0.1129876839403265,0.08616750873305529,0.0880265604670999,0.0742211244929905,0.36166321795041134,0.09386316956664033,0.09648368033083166
0.12505838185881876,0.0393384341046096,0.09302229258282473,0.11723421608469486,0.1098125171083816,0.10502885855217019,0.16862349648336913,0.11348893089878559,0.12839287232634558
0.11630850255764041,0.13532656813756597,0.10792922081741811,0.11677553365373204,0.11962797523002892,0.13423258851307626,0.03692316338916005,0.11655134053917215,0.11632510716220619
0.07258211999712104,0.25987578051815224,0.1216912779914544,0.08876218428937187,0.10621736061253843,0.12353535707693426,0.021059950799859697,0.10764602673273715,0.0986299419818309
0.14613131390644327,0.060048220274777735,0.09038090822720907,0.12787008308640654,0.11636902368692147,0.12442192666735712,0.08677500676205863,0.118089618673339,0.12991389871548722
0.10834017282044232,0.06589746788071105,0.09062468160315527,0.10626991345979532,0.11014800860809075,0.09998027969650974,0.17399736175087674,0.11171561202904105,0.13302650215137776
0.1530771291658057,0.059043608273076476,0.09748476472603357,0.13246798363531814,0.12030844804582293,0.12945839392563832,0.06528613162341557,0.11952444386060464,0.12334909674428478
0.13556887417756688,0.09597368958287382,0.09680792170133316,0.12473790919065908,0.11956994971540186,0.13340844730219725,0.05186054255472402,0.11819924207327025,0.12387342370197361
0.09651525853983921,0.05422357792582372,0.09389022911761967,0.0983971390431781,0.10582627839412002,0.09073270019140152,0.2273666295440128,0.10788634487644151,0.12516184236756345
0.058367618940811994,0.3100644384732269,0.13532881166697666,0.07580866819681441,0.09838942913677674,0.1124127033720696,0.016282649682416526,0.10454248011119031,0.08880320041971683
0.12045884416953118,0.09573360477453756,0.0860373323165045,0.11363151177806967,0.113650257868031,0.11552825076382107,0.10233060943134069,0.1144795743231163,0.1381500145750481
0.12293874904464878,0.12601377911137615,0.09645323742942898,0.11849990377562063,0.11772475504202051,0.1343430573776516,0.044999838671204086,0.11628917163052628,0.12273750791752301
0.1201034088436702,0.08586185667246797,0.08692683795707552,0.11344749368772372,0.113330536282226,0.11269566950912592,0.11536006490163109,0.11444502794718325,0.1378291041988963
0.040095067908478825,0.4498386821016164,0.10545573955834092,0.052987228896518405,0.07661074136330916,0.09787840309577217,0.011189150224884897,0.08963313485711893,0.07631185199396028
0.033963669986808186,0.444843073161776,0.18080471174304616,0.040079172337810505,0.06489401909099841,0.06641517657322789,0.006830438835837453,0.09786908735448811,0.06430065091600722
0.11281791918965411,0.14093900663798078,0.1118971996052626,0.11535894514068305,0.11982923391601837,0.13354476257058998,0.03477060791846851,0.11641207174593522,0.11443025327540728
0.07756174945281125,0.054984820318932454,0.0966603560056325,0.08222546161220122,0.09735685439449641,0.07742751814025774,0.3028005360499032,0.09904598959661792,0.11193671442914728
0.07881368600903597,0.028410686600771378,0.1023305759821973,0.08675550532526706,0.09459175129126884,0.07844032023998478,0.32472093722977063,0.098993007824138,0.10694352949756604
0.08288672490249765,0.020688629401831898,0.10498698282812852,0.09167373218437025,0.0945071221057448,0.08016185280686193,0.3195536577198346,0.09967483272038301,0.1058664653303472
0.1279105972160861,0.043111667941910105,0.09196673254331704,0.11863799664640069,0.1109022127413896,0.10757777837068981,0.1555563021658689,0.11433546706172239,0.1300012453126153
0.14830028411843754,0.02372177520993334,0.09637752629610546,0.1287593345914723,0.11004108424338165,0.10953294916284183,0.14791584439032238,0.11401210241788802,0.12133909956961747
0.061238756718524905,0.03182864882620292,0.1057569789823571,0.06819599632261544,0.082582171735123,0.06613086175599907,0.4037912529398687,0.08685436010003163,0.0936209726192772
0.06178398598745627,0.19884659883648712,0.22544621983376767,0.07938335346292034,0.11047372375073576,0.08686897917290443,0.018590258187135954,0.12497643728891755,0.09363044347967492
0.10433661250452875,0.08835089177598769,0.08868423577039257,0.10257052000216531,0.11079496368010622,0.09948135888544767,0.15910710165573919,0.11087059691340291,0.13580371881222972
0.10112921119691033,0.13888776436626596,0.1466825923942428,0.11192710444435212,0.12409580437164351,0.12287822367110589,0.028803527289699676,0.11895990412499131,0.10663586814078836
0.11200057665876524,0.12003400480683024,0.13689641800177008,0.11782421038415884,0.12546556760378383,0.12633787242579433,0.032313137628469595,0.11942821388801324,0.1096999986024146
0.12134013207495213,0.1249720446840481,0.08641044024559004,0.11523448772718466,0.1144512987670754,0.1275670252081067,0.06275203052928012,0.11465992543663088,0.13261261532713195
0.10090890858338335,0.185405523776761,0.09835355360261583,0.10645951487809792,0.1129991699307884,0.13328170332200226,0.0340742648127792,0.11196389039163353,0.11655347070193849
0.14006723625063833,0.08168620436599051,0.09079170163684548,0.1255314712673964,0.11751964954741168,0.12940265495335895,0.06784653890053814,0.11800296110761503,0.12915158197020543
0.10829586434241818,0.045095690782149006,0.09378740558828043,0.10722325705067325,0.10766070498392809,0.097099510533124,0.20290353059664157,0.11072855408057064,0.1272054820422149
0.13783894476064693,0.08843843638560339,0.10434066295073623,0.12707995691829652,0.12219418563771967,0.13320829084076038,0.047656900005866525,0.1191977770624767,0.12004484543789373
0.08636736334363981,0.18699829396966128,0.14381211174813588,0.10103763097494724,0.1174642639529484,0.12225462713084322,0.024409909849233885,0.11519919880669778,0.10245660022389251
0.12208498340796432,0.1288861957374929,0.09394042100997722,0.11758601605092822,0.11682234637589549,0.13378341496364232,0.04676228464212919,0.11581596010321556,0.1243183777087548
0.145247554408481,0.0710045451073034,0.0920180224061023,0.1280480855030366,0.11803346424095618,0.1289398056926056,0.07021175795510602,0.11855953616387412,0.12793722852253472
0.16707224302366172,0.03291162611571142,0.1051714250749678,0.13971936643848853,0.12127218837823824,0.12303816670903578,0.07432478378049112,0.11900147085428925,0.11748872962511618
0.15189348794054958,0.04464739815880967,0.09199750521900464,0.1303874961703191,0.11549706564004976,0.1212373824181342,0.09897888636123159,0.11784123901102828,0.12751953908087313
0.11982397606306266,0.13188173010106663,0.1003510490231555,0.1175419538887178,0.11828229402876977,0.13472952807940106,0.04109608922384841,0.11623391017971403,0.12005946941226416
0.11445365309239887,0.057630461109595466,0.09094588323195063,0.11056362621849375,0.11053818041162401,0.10288922057084667,0.16753351015305903,0.11284111806051678,0.13260434715151476
0.12038691437625666,0.10147284007706346,0.1354243995184081,0.12257492991425493,0.12720583869489355,0.12618284850970352,0.03524119486237868,0.12038495155718427,0.11112608248985678
0.16218029670392475,0.014746341439882862,0.10303350204341682,0.13598594293075583,0.11024948545354817,0.1086991130049394,0.13878885932774843,0.11246934117101999,0.11384711792476378
0.14069512832395906,0.02946351941682317,0.09447134257094048,0.12515971194915163,0.11025846143557727,0.10906275454402019,0.15188538188171358,0.11432496036423899,0.1246787395135757
0.12994203817575475,0.0852811305196629,0.1303491280985277,0.12712549172116147,0.12788780315337633,0.1267814787488036,0.03905863087002057,0.12080655706763414,0.11276774164505853
0.13827239595901358,0.04715577305890473,0.09063302599364054,0.12380632905687976,0.11310919320050639,0.11453417842010956,0.12535713884815036,0.11619838379357605,0.130933581669219
0.15016154211031957,0.05900236033390469,0.1140709163457943,0.13437220844312123,0.12580341388762337,0.12824999747921326,0.05113280241167185,0.1205992396558188,0.11660751933253287
0.02308514620569267,0.000343134334340422,0.27627825300827896,0.034688828058794585,0.03978418211905877,0.027577137370931964,0.4970017675797713,0.05429686585264246,0.046944685470488905
0.13491680117490268,0.09402397669810543,0.10537662260435114,0.12587359955601352,0.1221777113919346,0.13349213595042345,0.0456837292670634,0.11898685932406465,0.11946856403314117
0.03422602626767594,0.43514026777388776,0.19435471554521797,0.03891289254276765,0.0636683234099396,0.06189310611530539,0.006669747356250093,0.10050940860825565,0.06462551238070006
0.15694460732853932,0.050024580606073676,0.09623554225975246,0.1337000726087995,0.11921860896645702,0.12716228686833322,0.07372471279563121,0.11927266705145484,0.12371692151495871
0.1647043599550013,0.03715559185690054,0.10153822920304932,0.1379065910976505,0.12035566251721513,0.12453774812010017,0.07509987823813459,0.11916837216596833,0.11953356684598009
0.13371085022043713,0.09374238982821907,0.08874987394897275,0.12210841893105127,0.11641008154518094,0.12847689718249702,0.06849361558337597,0.11701636704112632,0.1312915057191395
0.15538110428701402,0.050541273017224296,0.09434376096465746,0.13262318000135198,0.11821867022244191,0.12632350816465754,0.0783808378457858,0.11897255036779857,0.12521511512906838
0.09586137059964422,0.03393462826343773,0.09793026725255367,0.09960095698956606,0.1023530928286621,0.08862150016526643,0.2572266051815453,0.1062463372529609,0.11822524146636354
0.13077432618695625,0.05750362348752655,0.08940674490623624,0.11990175982502164,0.11312348907662673,0.11330386631734436,0.126562666691978,0.11572026361722844,0.13370325989108173
0.12283784660048018,0.043187933714285066,0.09243682723108693,0.11592495014006261,0.11010038508161639,0.10486150950121198,0.16755952026702106,0.11350660392042818,0.12958442354380767
0.0849419514162445,0.0322495589188125,0.10003867900982664,0.09139463244381257,0.09811174926425338,0.08226742790599574,0.29686756392980423,0.10211484376575942,0.11201359334549094
0.11618476595262855,0.11467801742729024,0.13179540337694537,0.11968857867952278,0.12543111976705532,0.1279545068500995,0.0338542476897074,0.11940599877205017,0.11100736148470071
0.12239807984643909,0.11467980790546024,0.08559907434470386,0.11532398101490932,0.11429635173905513,0.12406549712716419,0.07357644876685858,0.11478015117575537,0.13528060807965422
0.10704899513658143,0.17096179928139546,0.092652943530051,0.10905177965333551,0.1132106630147532,0.1328747368605998,0.03988141487389685,0.11251093928962079,0.12180672835976591
0.09632675922697435,0.04762071948029537,0.09496488521102697,0.09874148792745079,0.10488617584415472,0.09014813640738036,0.23656802309145428,0.1075160746564735,0.12322773815478971
0.12491159766050149,0.11246607990723327,0.08648799907258829,0.11706582838986741,0.11488203809810045,0.1264676011349212,0.06873681423073195,0.11535594780114687,0.1336260937049091
0.1222079027792779,0.12690705861698506,0.09858482381347478,0.11849506966440497,0.11822583378762568,0.13461576329483382,0.0431667254014463,0.1164297124571987,0.12136711018475287
0.0958794964503319,0.20588540785419848,0.09235536773648349,0.10215554259500803,0.10987856023577353,0.13123215118603812,0.034726090851773576,0.10965518425449143,0.11823219883590148
0.10842180379749457,0.13149618202155866,0.08406062644391658,0.10511907709613155,0.11210797078010686,0.11120117130431029,0.0965658941703093,0.11139863183663462,0.13962864254953755
0.07399392698891698,0.06168125488363361,0.09637676631189225,0.07824752700519287,0.09553729651144212,0.07448582227093047,0.31360837180297435,0.09660801422460487,0.10946102000041252
0.09602785788427687,0.17251844065050995,0.08257501559644685,0.09453283121556481,0.10959722906163223,0.10217710082703058,0.0968000474520435,0.10698648485687741,0.13878499245561776
0.1143480295387832,0.13634284318995094,0.11270685255537265,0.11632053572179842,0.12041567371561394,0.1334257527849709,0.035158083622484466,0.11679159166620601,0.1144906372048195
0.1439325309472508,0.07614932693181325,0.10419675267002694,0.12983096789529402,0.12264752548884224,0.13213953570996392,0.051172641472097206,0.11970318487503111,0.12022753400968049
0.06012854843845548,0.32091867147520464,0.11491203239530101,0.07719684001644249,0.09709265516526301,0.11789799199852215,0.017593137673218046,0.10199054386306274,0.0922695789745304
0.11290121421276704,0.14913116830645068,0.1013332868750188,0.11394638470025659,0.11704156738394626,0.13458446603145885,0.03772821580103756,0.1150560353554841,0.1182776613335802
0.11090242432214233,0.06560721738238867,0.09031200263580415,0.10799973903251002,0.11063777497020715,0.10175658205112488,0.16677685988250054,0.11232187972965178,0.13368551999367054
0.11753828960306867,0.10875136340921392,0.1346899570517006,0.12083703166750898,0.1263963087042598,0.12677380731688406,0.03423698744578154,0.11994249314851178,0.11083376165307052
0.1461007385680242,0.07210240674578773,0.10370325228733855,0.13070524513432638,0.12260295692079316,0.1317207700513711,0.052836741496991906,0.11980177519101692,0.12042611360435006
0.10978792083261076,0.1263545531565745,0.13612690208909356,0.1163848337240258,0.12468264681602519,0.1267032902371371,0.031604260814670534,0.11897513798449084,0.10938045434537158
0.09870581565550252,0.19930866826348115,0.08337058807649056,0.10094697918166484,0.10874318475610308,0.12432145764336171,0.04748010126321798,0.10852428104306251,0.1285989241171157
0.14677135443258213,0.021496419865424218,0.09740947886737972,0.1281522257038951,0.10903961940873345,0.10770905500858985,0.15628996196308062,0.11316734462379091,0.11996454012652408
0.12217354165971246,0.10836104805233615,0.12332054832716895,0.12196922677923794,0.12481913513960315,0.1303980214855945,0.03649026333122021,0.11925222203857376,0.11321599318655286
0.14658822613099218,0.04746964154546087,0.09088890011769135,0.1278389058334887,0.11468170264617479,0.11940622290112139,0.1063042798296968,0.1173547151730705,0.1294674058223034
0.1271312109420654,0.07061210511822992,0.08803068971347043,0.1177779428411002,0.1136110855271469,0.1144464107318363,0.11698495253243264,0.11553741835323783,0.13586818424048028
0.08112171722522009,0.18011128430347143,0.16750176409276687,0.09823766626947612,0.11880612848902587,0.11316555816773721,0.023081794568369826,0.11799495139358178,0.09997913549035083
0.07044949961929224,0.04046925087597947,0.10064391531156199,0.07688793229495966,0.09112354102821212,0.07270294085542386,0.35005166922564096,0.09429713569984784,0.1033741150890819
0.09066999700365584,0.05706274437950363,0.09433795825258963,0.093570474739244,0.10410217957519807,0.08686670220847169,0.24517630296366855,0.10577850846725495,0.12243513241041358
0.05106508474393076,0.36299215024667203,0.11995474626612067,0.06783728659587261,0.09027717517922747,0.10988533308738084,0.014428061639061842,0.09880734409646053,0.08475281814527318
0.09949525635496566,0.1784229358501944,0.11106432044267041,0.10732401737397494,0.11575961175227172,0.13257743116387116,0.03040076752993966,0.11351816963505518,0.111437489897057
0.10639626919902768,0.04920747892849727,0.0933082088984664,0.10575302401663962,0.10784132087435712,0.09655188807837135,0.20244762061985008,0.11054573091566851,0.12794845846912192
0.1271544042295713,0.0830679173106065,0.08690746761151452,0.1177514782257197,0.11425140802072041,0.11801413950135116,0.10062323398132411,0.11567728960800133,0.13655266151119094
0.08261840337682998,0.09148982426063873,0.09200380770976231,0.08433634368456522,0.10324670112534251,0.0806782603295033,0.2421855789097933,0.10195700543564494,0.12148407516791969
0.13643727291740707,0.06343516770865619,0.0886785472666299,0.12285005123361521,0.114561633531949,0.11892408582144424,0.10476614422151793,0.11678456151890083,0.13356253577987953
0.12484366652277042,0.11386521854670466,0.0866773796420169,0.11711743187556671,0.11494981639150142,0.12706959051321814,0.06695116056617707,0.11536614996180737,0.13315958598023733
0.1492353351850441,0.06356108805185777,0.09325130297518114,0.12997842115556546,0.11845942860107318,0.1285537871399671,0.07139210898310432,0.11890355967049178,0.1266649682377152
0.1626635331640027,0.03018998690644446,0.0964749859894955,0.13549295540804968,0.11557265702503179,0.11936670976908863,0.10122100023464026,0.11737601230460333,0.1216421591986437
0.12686008299550977,0.11667576658495722,0.09258219258278282,0.11973251597737174,0.11715035035821886,0.13303824844057763,0.051355967681020104,0.11646568684781079,0.12613918853175118
0.07940275250624942,0.21956659767917353,0.13584205258941404,0.09509086088720742,0.112510960619341,0.1227761466590827,0.022527283786032203,0.11199756539754019,0.10028577987595955
0.12283458853314083,0.12368513904279983,0.10163115701033094,0.11931429516669613,0.11922818481362225,0.1346883092108733,0.04180755144618705,0.11690632260334538,0.1199044521730042
0.06564873705108547,0.2294938048462092,0.18132854270442225,0.0833932380052838,0.1097435054826491,0.10311803956848521,0.018525690674996657,0.11569767160655246,0.0930507700603158
0.12546426381038567,0.028358940937696156,0.09597528019053654,0.1178137117232431,0.1074623046465582,0.10190473122209605,0.18789271063486548,0.11188069578419883,0.12324736105041999
0.11675001498781817,0.053233809229401276,0.09133510303015402,0.11211809891196467,0.11045372852771951,0.10353890615979817,0.16760789432050596,0.11309995535394939,0.1318624894786888
0.106829667248891,0.030503856912028355,0.09742749152691173,0.10722869045328713,0.10443258260598605,0.0937903223175931,0.23046165779315886,0.10870383467758112,0.12062189646456263
0.1664151186444549,0.020207099523960406,0.10058668649376563,0.13760767316799663,0.1137938635905376,0.11448232411176597,0.11458565866700915,0.11534368780381289,0.11697788799669682
0.09516420774307945,0.08777933136661535,0.0902493003338274,0.09538751789673082,0.1083352355370887,0.09148982181273635,0.1926100007749605,0.10787076674534517,0.1311138177896162
0.046724527871963274,0.2858383468220623,0.2523888584681598,0.051046227221531425,0.08312579730506192,0.06529831604611064,0.011645732940160776,0.12172837154900745,0.08220382177594253
0.08072770056453932,0.2433450465139293,0.1074511748127568,0.09407939207631044,0.10758379340266745,0.128594567122374,0.024811160074915784,0.10795126656767418,0.10545589886483275
0.14084790269838193,0.08228898677506767,0.09235477007038073,0.1262433863643964,0.11826025667269913,0.13068401573903285,0.06348460997075527,0.11828123169524292,0.12755484001404307
0.056022062544478536,0.0191718192858872,0.11417938560717082,0.06486992829390777,0.07707326446667234,0.06281005531461022,0.43613204961461666,0.08272402388300297,0.08701741098965347
0.12974728831334267,0.10531165014639406,0.10534735035051294,0.1233687910416225,0.12146391481434066,0.13404864866296906,0.043267155469560586,0.11835303976466134,0.11909216143659618
0.12321181463343182,0.1260486387239181,0.09225749545557356,0.11781989372918529,0.11650107778282437,0.13311728941473072,0.049394951563183874,0.11579773540408554,0.12585110329306673
0.13018982119885694,0.10036167769529573,0.08767556881051203,0.12010167545938544,0.11575313539390782,0.12750031133156556,0.0695126395977954,0.11638092149271641,0.13252424901996473
0.07811021758622357,0.013575049341576642,0.11126886408669258,0.08970295722974236,0.0901192753277429,0.07658735427852893,0.3457201589433892,0.0958757609870069,0.09904036221909696
0.10473396505177046,0.1764217593176719,0.08349020860595863,0.10461259238177138,0.11050512439782707,0.12410233384533932,0.05423758841122885,0.11022313807013769,0.13167328991829474
0.12994496293734523,0.0563625790639802,0.08960943294257433,0.1194752320708879,0.11288604448619695,0.11245456874726785,0.1301879296262326,0.11554235072857529,0.13353689939693966
0.1202754703362064,0.10228622382549263,0.08557601203611787,0.11354166903343299,0.11373446442760533,0.11720078619521664,0.09492506928295037,0.11439863847088295,0.13806166639209483
0.1250906871059747,0.11001674702733993,0.08627968660562713,0.1170448002849015,0.1148039704302632,0.12555763558627134,0.07157380166811177,0.11536441447991319,0.13426825681159715
0.14981252583633187,0.05359587028315748,0.09137400739158674,0.12959889411309775,0.11648498805466834,0.12406351842700229,0.08831594967085489,0.11826734869548867,0.12848689752781203
0.13311298994190982,0.08219688438037791,0.08745359892904679,0.12122708852291858,0.11527284128496564,0.12292989613942318,0.08674858737848475,0.11666561148429623,0.13439250193857719
