0.13542961426670372,0.14801940806248173,0.06659029303131593,0.12879730533599215,0.08416770277452774,0.10689310523402949,0.03520653074414449,0.18003397296898074,0.11486206758182409
0.11361790869444867,0.10430567765981853,0.1276901730447709,0.0779410318038919,0.08168345726110389,0.12782554606958915,0.06203974611753733,0.19393081701219025,0.11096564233664925
0.10890430846597522,0.09288414300634688,0.1461109616014451,0.10173488259638654,0.10171741781629874,0.08946270911645567,0.1611956227670794,0.09309901082861764,0.10489094380139474
0.09599545062602816,0.10125833701070634,0.12893409497782515,0.08260877316461024,0.10041395683325033,0.138433557880239,0.09017457277544523,0.14017278709027806,0.1220084696416175
0.14928259903177757,0.11677520938821055,0.09968013261821378,0.10262581993240659,0.08475139139532802,0.09617122932776097,0.0524066988677884,0.18749305806647376,0.11081386137204048
0.12230502652214174,0.16818294290839175,0.07087761687745568,0.14908603260877093,0.10070646731099962,0.10305855594197787,0.053481977047601555,0.1168557584867812,0.11544562229587962
0.0880619379960454,0.09750846760642173,0.1250891390437813,0.08597533083016994,0.11036931347206232,0.14210428000947828,0.11026086191880828,0.11340586339486537,0.1272248057283674
0.13322666274950976,0.09543027187406926,0.13419528385178411,0.08772180794084067,0.08805779661775938,0.10238427768418552,0.0778201476042897,0.16988585585084817,0.11127789582671344
0.14768001436989728,0.11434581854428105,0.09430232482403522,0.09285947673146394,0.07386687988042841,0.10461777193786942,0.0400448504280716,0.22559751616755785,0.10668534711639517
0.13512626453520812,0.11054739558442844,0.12878579424112044,0.10789680874041359,0.09826188515150382,0.08533189340990427,0.10189974626442196,0.1259237281835284,0.10622648388947098
0.11797183113479003,0.1557063503030122,0.054236069210078626,0.13700313483911183,0.07360477909486697,0.12214240851675588,0.022549984521013883,0.20643605831315615,0.11034938406721441
0.13299015270874878,0.15329794304707348,0.07485759706540039,0.1362714796793274,0.09553891697625265,0.10049280852455596,0.050049580765627356,0.14077118909807781,0.11573033213493618
0.12375083625454554,0.16316276147563166,0.07783491701605828,0.14552561632908342,0.10293667278935882,0.09971228210348178,0.06247747873016076,0.11131718687519777,0.11328224842648194
0.08440636874574803,0.08641548618499272,0.12454414927366908,0.09250714993577476,0.11692444221337195,0.1314953596049533,0.15139198390442699,0.08495418082198103,0.12736087931508214
0.14785782643000336,0.10968960980882682,0.10413083139249729,0.09167003355421927,0.07760673430771199,0.1016830704741441,0.04720687797624173,0.21215704335818267,0.1079979726981728
0.10379819811475381,0.09188497351425157,0.13606983475543086,0.08716101145314255,0.10190520691917292,0.12268000742642941,0.10838705377946108,0.12753565721516844,0.12057805682218942
0.14527022486090177,0.10479830181075432,0.1136846403296811,0.08877788923819556,0.07930972432373147,0.10169465892101794,0.05327308780589982,0.20485424889489331,0.10833722381492479
0.1070219540616909,0.08879646391069485,0.1396204934463103,0.08992440517694279,0.1021789625003751,0.11414907012425725,0.11848916736535009,0.12127794011636862,0.11854154329801014
0.06620330518957729,0.21874482456860403,0.058587300596266746,0.20142808849832675,0.11847762581109152,0.12776702628555672,0.07723543153502342,0.036577020726025304,0.09497937678952824
0.10577364920037534,0.09792841109417982,0.13320747441638692,0.08272722993941978,0.09543641708666188,0.1285025364021244,0.08687878232858626,0.15089729210682037,0.11864820742544528
0.0941031827237856,0.10821381455877303,0.12618942726392604,0.07986021646745577,0.09528050476403795,0.143234999964337,0.07672860947151751,0.15732937710442732,0.11905986768173982
0.11038113903561238,0.11043835129668966,0.12243580751671794,0.07584735182884961,0.07543912459392461,0.13181776629006772,0.05300446659523855,0.21404984641743866,0.10658614642546083
0.04907068386700617,0.28042590569240117,0.03695734511252618,0.20418930208484096,0.10110470190893533,0.14871729913963302,0.014436941730293279,0.05644511963903908,0.1086527008253249
0.11315091896848244,0.0959821939431329,0.13529783135849174,0.08325400882993221,0.09254929767207924,0.12119106465866336,0.08460639908144102,0.1575942771374624,0.11637400835031474
0.10521365929156978,0.10613274188021306,0.12806883088972573,0.07831757406670971,0.0863748662081555,0.13426931833748304,0.06725877032683815,0.1805537248975625,0.11381051410174252
0.13520200206099403,0.0990928954299589,0.13625787623532706,0.09873129581530715,0.09497065858337468,0.08925535538559214,0.09798707016471604,0.13992810470148678,0.1085747416232432
0.14529494475309723,0.10638481115652011,0.10948653229333256,0.08767758454608561,0.07648422254553855,0.10386663250651561,0.04847265347519183,0.21503438376792935,0.10729823495578907
0.07485582793625484,0.17988730012357734,0.0942931270794675,0.15462098513808933,0.11143787439452885,0.11021627867822303,0.14966015918185765,0.042253218604880606,0.08277522886312082
0.09278645913361638,0.11275524201551657,0.12441788557764062,0.0784593367073642,0.0913561908016169,0.14499901770262372,0.06939128485110181,0.1695719271435965,0.11626265606692332
0.12419966933368536,0.09495671806697122,0.13566102128037225,0.08447509847017909,0.08881789252494125,0.11136868353442948,0.07936877787987129,0.16793484296771988,0.11321729594183012
0.09157725950742633,0.11242153497328322,0.1242752851728924,0.0788925806760596,0.09327997896447066,0.14600876176450886,0.07162125670000408,0.1644524211452454,0.11747092109610942
0.10584778548470107,0.10259722169732254,0.13039702583050064,0.07998369140923306,0.09025518018204855,0.1320800193874541,0.07462076755871372,0.16808569274388996,0.11613261570613642
0.10970715551440052,0.09612697660953663,0.13493619889800637,0.08344261282249243,0.09452488311744352,0.12382086440999501,0.08773876003589458,0.15205298857206503,0.11764956002016587
0.11678548343758577,0.11360924421769387,0.11337120052604883,0.07530980422696669,0.06605738652747929,0.1281970034786459,0.04238922561869385,0.2442989913993473,0.0999816605675385
0.08402649834964936,0.11133703062565543,0.1210702273731541,0.08130316649614254,0.1039463142147673,0.152641017625893,0.08394199908590087,0.13786745418153237,0.12386629204730505
0.04642077306883862,0.13015712920974212,0.07611542454434504,0.08755639584859247,0.15030194601592123,0.20168943091852923,0.10028970262412962,0.06333107344247645,0.14413812432742526
0.14661837975640896,0.1060778605968307,0.11655257222476462,0.09568445315524672,0.08602620800042977,0.09495079701461169,0.06326150406002527,0.18093860196985592,0.10988962322182634
0.08522465409169638,0.0990404116621711,0.12263826321032441,0.08578793231334945,0.11212538133022458,0.14592662638161116,0.10992226163538417,0.1109185272597516,0.12841594211548724
0.12512293288570986,0.09380441310337573,0.14385519369802727,0.09804282719028962,0.09786704857713235,0.09041490764086631,0.11916024076454416,0.12331973537166059,0.10841270076839409
0.09882611122153362,0.09304281256922824,0.13318979983393742,0.08683444018329407,0.10442067030861575,0.12830202517640574,0.11003249804518682,0.12269965045365411,0.12265199220814431
0.07797206737335026,0.106575223029248,0.11601955426441495,0.0844126647310894,0.115187270544215,0.15725699221117403,0.10191685107716064,0.11025353018319306,0.13040584658615464
0.0450528952170069,0.12013011840627512,0.07020803583461238,0.08805097227064602,0.15700635356680012,0.20672101094749032,0.11458352116866295,0.05008444166287276,0.14816265092563338
0.12886411935944642,0.0927902286546044,0.13988235233469892,0.0909422373918104,0.09306041595583066,0.09910561000534518,0.09423678164798965,0.14934631720884442,0.11177193744142988
0.13393893716342334,0.14026030861938277,0.09710003544801386,0.1280261748489708,0.1013696134293865,0.09154283401211945,0.07651171161631894,0.12112620226243631,0.11012418259994805
0.03283063353324087,0.3353461810184503,0.029396259772145796,0.20324660657508475,0.11425381570538591,0.15253792955900278,0.010105456258134438,0.025296810392747306,0.09698630718580786
0.13147214522324605,0.09596926279458608,0.13305183372465584,0.08550990111563524,0.08638307553580864,0.10620164214345897,0.07371360745096801,0.17631681788909312,0.11138171412254806
0.05855479485177941,0.08054809815874546,0.09042105147582825,0.09566289243152819,0.13985786022368424,0.15691329147684224,0.1970356823175131,0.0435213722973038,0.13748495676677533
0.04893383171459004,0.13331988596467953,0.08220137939423262,0.08695454946240876,0.14355927159641083,0.19553301634109313,0.09415874479421571,0.07477386208233311,0.14056545865003625
0.07977815538455688,0.0804497822284292,0.12496659869240818,0.09918082591165762,0.11629106552397217,0.11643760370951482,0.1989773940611739,0.06404698761943133,0.11987158686885589
0.13957597847752914,0.10686735089327647,0.1085594811312167,0.08208129947375951,0.07069302481827176,0.11127467427360928,0.043136621481866276,0.23357511063602251,0.1042364588144483
0.14374838358181066,0.10893849101322169,0.1206348343065081,0.10299316775994692,0.09277411202224169,0.08940680605449042,0.07781999285893924,0.15415045906870753,0.10953375333413373
0.1414506086956307,0.133076289947294,0.07058094876487579,0.11067214524532254,0.07384784494572555,0.1091880229776407,0.0307662959625896,0.22174057519618587,0.1086772682647353
0.0381261118760614,0.16516200265290373,0.07465553545706066,0.09204950725924506,0.14625030887677448,0.19285925241300259,0.07560483913004618,0.0839664602142058,0.1313259821207001
0.061027811742582504,0.09541887560672029,0.0930856466568602,0.09032689563779223,0.13915457729313482,0.17147815699259317,0.1479700718405085,0.059912444977632345,0.14162551925217595
