0.15950363616608879,0.14978749410877926,0.1385019496389478,0.10895574655113544,0.10051311516989943,0.08694985494344178,0.05834963539307128,0.10043243486259534,0.09700613316604095
0.12612756453794516,0.1263401734061729,0.2408761140327147,0.05046371355012352,0.05388959293794288,0.07313810538979872,0.022849276537512248,0.16694744785694904,0.1393680117508408
0.11887056209311563,0.12840512753674765,0.09186649199037554,0.14030813935537043,0.1282584785999673,0.10749676405339248,0.09573167289450572,0.09406001376478806,0.09500274971173722
0.16978291182584337,0.1432801399934206,0.1469713265652898,0.10388640731596938,0.09958271465775724,0.08605463202308021,0.05879857025251247,0.09570127317420259,0.09594202419192428
0.12199128376194272,0.057779307238785806,0.3208254004880788,0.02198322805066998,0.03812246305625322,0.075681119640097,0.014139694659509006,0.16122357328604622,0.18825392981861722
0.11910690330926836,0.14659684098417478,0.1362424921110336,0.10263626182587966,0.08633485457677154,0.08269509058265095,0.04462241854885703,0.16831753359655655,0.1134476044648076
0.1401889791542113,0.1513433450083956,0.12254263528440616,0.11795268780383067,0.10378688789463612,0.0898496254123033,0.06027385212508284,0.1136805474338808,0.1003814398832532
0.10176161137499103,0.12325682149003236,0.10121875727817059,0.11741526977494461,0.09899501790950632,0.09164839812428681,0.058257849263235996,0.19053678052388076,0.11690949426095154
0.09733738466172694,0.10565726375373197,0.07855231700151986,0.1465447560155568,0.14112665873018373,0.12332071535479283,0.13100938910979013,0.08329768541748868,0.09315382995520903
0.13011002365802346,0.14820798253182688,0.18993746018630206,0.074993347572245,0.06857830367503064,0.07578524120175478,0.03173136176361685,0.16019870572352568,0.1204575736876747
0.10911531744367936,0.11424753162982589,0.08577826170237202,0.14529328816439227,0.13964179474084112,0.11679272794947161,0.1251350113267353,0.07588098518506103,0.0881150818576214
0.16163769375543152,0.15077811205908764,0.14875350621497804,0.10215150263878077,0.09453640322787325,0.08435230914758213,0.05235126108535735,0.10554845417994095,0.09989075769096833
0.07446418752162975,0.07538253994204175,0.07434451995822822,0.13316180318921375,0.15111394041916631,0.13768327648388437,0.22229465997468248,0.05561789439152052,0.07593717811963292
0.10361350683315163,0.11860431189967365,0.08539991213589554,0.13605521806899812,0.12126858196355418,0.10659664714485723,0.08591575251635937,0.1358572250679796,0.10668884436953074
0.1013584991890522,0.11498032557960586,0.08247998768834229,0.13842629769377734,0.1250783567127529,0.1101509624866333,0.09296190100269791,0.129044077261398,0.10551959238574021
0.10915695029516098,0.11847620131514762,0.08511117918590788,0.14419589976668204,0.13423261561511804,0.11414518106178846,0.10936274083461327,0.09062381809554228,0.09469541383003942
0.1424006024802538,0.15013264244680047,0.1202926272020498,0.1201821201559199,0.10680846789167937,0.09120433530788197,0.06383851445502388,0.10689433858718844,0.0982463514732023
0.13588694351148636,0.1283845228781846,0.2357915594852693,0.05349843421593653,0.05699540235650166,0.07380707508111291,0.024483882801878704,0.15572431697810377,0.13542786269152607
0.14400469434447433,0.1472933925793544,0.19448193550043472,0.07412871697496992,0.07027777808224214,0.07633692934838898,0.032736584299541016,0.1423102700319522,0.11842969883864234
0.07380806049147645,0.07985863291678913,0.06853655707368983,0.136692682640777,0.14825242846369607,0.14499461039072767,0.19056258759766928,0.0676548335620575,0.08963960686311705
0.12990405395386365,0.08819447071728509,0.2867787158274031,0.03281553531617748,0.04511958650495972,0.07403145001641795,0.017623171549557944,0.16051471947064042,0.16501829664369472
0.128040223493857,0.12001984221189173,0.1007905590835727,0.13661130740567498,0.13468942391960906,0.10710939459377973,0.11679930307451501,0.07253299107503018,0.08340695514206957
0.17779748254387906,0.12339454067619286,0.21660623154328063,0.06403164800367842,0.06989974827905969,0.07693844120939371,0.03318998616747244,0.11819096884170954,0.11995095273533367
0.12550971136840838,0.13439558967766022,0.09717613204328597,0.13692746804603304,0.12426359298358954,0.10351387428059015,0.08829662701405737,0.09508357536189743,0.094833429224478
0.13087763841889774,0.12368837616512997,0.10162720703626758,0.13605637931469328,0.1325441736832733,0.10574658105682028,0.11038218101660936,0.0744821240211493,0.08459533928715919
0.12436651482961018,0.13311982018589225,0.09606703084539715,0.13776450329971512,0.1253540629947916,0.1044094703532611,0.09025823937528997,0.09408900966210809,0.09457134845393454
0.13684201859571363,0.1535470413178791,0.1328668370185828,0.10969181518216357,0.09514356235563882,0.08579709662307906,0.05160300282668171,0.12939623627724497,0.10511238980301636
0.10444815854332623,0.11695205064021152,0.08333378849619998,0.14122126890616474,0.1287693382996294,0.1119652165206944,0.09862807754469409,0.11299521889527259,0.1016868821538071
0.13296199588421798,0.1538269186419465,0.1493985755661019,0.0981307259367293,0.08492344280954787,0.08140705231296506,0.04308303669618269,0.1458584670152113,0.11040978513709741
0.14969530420159252,0.13076364740049942,0.22665704911739057,0.058494193469014334,0.061847426920604104,0.07484474894056507,0.0273419113308478,0.1412841276361493,0.1290715909833369
0.12924033578657876,0.14292425172303003,0.10613141306294427,0.1288091322802615,0.11348468097497728,0.09641920074052997,0.07162663861378465,0.1116825883607621,0.09968175845713141
0.061926433508299704,0.06276177596442543,0.06518111587679003,0.11090922752923597,0.14170668764096198,0.16313138645863892,0.2415772377198686,0.06056358116516236,0.09224255413661704
0.12935795751253323,0.14602576750575338,0.11186354703387069,0.12367948204804113,0.1075065136208344,0.09292684667003064,0.06422365239986343,0.12200142264873663,0.10241481056033647
0.09867894752640272,0.10920128559970581,0.0789784563107415,0.14418628353710353,0.13511918710893792,0.11878717145839741,0.11417138832514774,0.10162617307064069,0.09925110706292263
0.08713117300722156,0.09633420354699597,0.07250009959032089,0.14326670844628053,0.14000760063347747,0.12850540145837558,0.13471455449610006,0.09805288848596933,0.09948737033525863
0.13881938158062682,0.12046644040869253,0.24650064371691646,0.0489962658188296,0.054967993622067446,0.07383108078245927,0.023212575960887813,0.15312768192417092,0.1400779361853491
0.1603023628871234,0.13995377131624687,0.20252034374398897,0.07086369303558467,0.07097773458456334,0.0767291973686195,0.03341082767116109,0.12761871601975341,0.11762335337295876
0.13498653788169215,0.04405429480909905,0.3341140458860699,0.019011300708538684,0.037942589229341815,0.07761974336041128,0.01416725584353415,0.14664475860161735,0.19145947367969554
0.11471130587373109,0.1090838768422926,0.0949310464806249,0.13961410330092028,0.1413909849256024,0.11302273138350251,0.13900786977322963,0.06756404733327434,0.08067403408682224
0.15077303951633078,0.15341412190364986,0.1361220111265564,0.10970610279873068,0.09838826288334772,0.08650083132663995,0.05525314640783591,0.10982004623700321,0.10002243779990559
0.11287539167652905,0.12960789810695386,0.0936484753745687,0.1333565270741803,0.11707741004188603,0.10142948182934854,0.07757699263426504,0.1296775677655316,0.10475025549673689
0.17955353205449867,0.13645597281148522,0.18022317324258655,0.08352774007224417,0.08415145449657342,0.0804215886183302,0.044466506656674336,0.10577315135266398,0.10542688069494328
0.14361348133485694,0.14499039156413004,0.20088478876844365,0.07078307226808285,0.06814953675110447,0.0758210967342275,0.03135024047521643,0.14386198364987623,0.12054540845406188
0.06775198024388536,0.07393431982537,0.05951040314150791,0.11516496573060216,0.13148949619192388,0.14350637977667172,0.15976417736621915,0.13604944835505098,0.11282882936876881
0.07659508693164567,0.08330237925606947,0.06938127595241853,0.13950776995253736,0.14774241205962224,0.14187745238048233,0.1795107793855187,0.0711999013847333,0.09088294269697245
0.14245330089227756,0.1455408678304143,0.11366140787175427,0.1257805884472926,0.11385069655805465,0.09485523270468044,0.07308215735384203,0.09628125851572367,0.09449448982596054
0.1302956012638097,0.14517057474889636,0.1097151459698934,0.12587649858673342,0.110180715184157,0.09435134706606747,0.06740549139822234,0.11613440632931658,0.10087021945290375
0.13113905235274595,0.1468027958418904,0.1127756547050534,0.12348895493894235,0.1076468315468025,0.09280729997580968,0.06438182776419421,0.11925158530888214,0.10170599756567929
0.14934030332517237,0.15072094648661447,0.12638621497198685,0.11663083785102783,0.1050990472705406,0.08974242969893804,0.062433056359814464,0.10261992689672762,0.09702723713917782
0.15407127785517488,0.14789136039709094,0.18728249147535728,0.07868736701360161,0.07491800047423619,0.07764223578162134,0.03599748453737726,0.12965124837994702,0.11385853408559342
0.10230021094709511,0.09893238461333902,0.08995771004761939,0.14045257227603367,0.14617290444430972,0.11850198168162868,0.1617318869263317,0.06363180358937494,0.07831854547426771
0.1731894180896557,0.1407357770842789,0.18276663886577174,0.08194663020098991,0.08115637961187588,0.0795060241916009,0.04145510996372359,0.11137974130702384,0.10786428068507957
0.14699466022611252,0.1542608886177578,0.16434835548804977,0.09116487376324095,0.08224906638359163,0.0800155537637006,0.041151054625702316,0.13055696591475838,0.10925858121708594
0.07975081443311803,0.086639883377087,0.07091834535767311,0.14205915795643667,0.14777529117522528,0.13866777089208412,0.17267195735428995,0.0713285293139332,0.09018825014015265
0.16935253598087807,0.1437482766783873,0.1803252954644549,0.0832345218867022,0.08117339772908892,0.07949852788486246,0.0412307411548754,0.11349340308126636,0.10794330013948443
0.07365409697533441,0.08170807018137174,0.06111988545482511,0.11798954858286444,0.12219846683628059,0.12501819533530997,0.11801755703507162,0.18096216400315832,0.11933201559578373
0.06088339223728584,0.061482655253339104,0.06407761573145672,0.10549471818370837,0.13799791326033803,0.1664132848989389,0.2360116499404086,0.06845995647079205,0.09917881402373241
0.12644473155573419,0.14360111238574422,0.10830026791766263,0.12573488624141893,0.1092823362916112,0.09430421523560024,0.06635572626527171,0.12324285081129101,0.1027338732956659
0.10302134781373758,0.11694119155778142,0.08374108837115742,0.13826407500941673,0.12450067916288084,0.1092001682971865,0.09138419495143175,0.12782186317453026,0.10512539166187747
0.18969300274009848,0.1074764282090976,0.22835236326065653,0.05826090456180535,0.06873660956421908,0.07721634280320294,0.03292211123638949,0.11409889147116455,0.12324334615336602
0.15984190005245166,0.14170876655577352,0.1287115888417405,0.11631627952301432,0.11037164041783705,0.09124390897537597,0.07128446349433154,0.08895112597611883,0.0915703261633566
0.1351255840436725,0.1275979502224467,0.10404328685077659,0.13432589893704913,0.12960207865289217,0.10360616813791663,0.10320220589901064,0.07676040063653472,0.08573642661970089
0.10643625784787529,0.11851602464129869,0.08431374088179107,0.14182034002849706,0.12955020407388776,0.11190439468294183,0.09961910161221925,0.10767513338519687,0.10016480284629221
0.14133013159507965,0.12997740605002744,0.1090538126572377,0.13079637471054448,0.12635764971781197,0.10084382708129298,0.09724125658085396,0.07822797004851534,0.08617157155863653
0.12788550193721052,0.12807884149260482,0.0976458975429575,0.13842378323351975,0.13092626521651737,0.10632156405152803,0.10351221854752012,0.0792931727082133,0.08791275526992863
0.1488857571706642,0.15060492166037656,0.1257176179355268,0.11707446772945611,0.1054377852515202,0.0899435607658004,0.06278644405061228,0.10256849333496205,0.09698095210108133
0.11637774310033609,0.14365977442141772,0.12896414105808285,0.10625882696810218,0.08900911778613185,0.08417524033422226,0.04697234646605536,0.17109913901531146,0.1134836708503401
0.09605749634906609,0.09378126518310805,0.08727063733056362,0.14014774579439895,0.14808393964777203,0.12147014810477914,0.17419776992187405,0.06178345174383471,0.07720754592460337
0.14870504656673847,0.15466151875179576,0.14118405915684937,0.10596256469366838,0.09441130777000961,0.08483451822051108,0.05129628148698625,0.11647759324952495,0.10246711010391624
0.15029100070442067,0.1422442762663002,0.2045232932047016,0.06936941442828128,0.06836383876444892,0.07598045030437633,0.03151663887838182,0.13733944088948682,0.12037164655960227
0.1353381937227865,0.14852429097288125,0.11556240305706068,0.12238087441020888,0.10735234345684071,0.09219313503249893,0.06411196984044296,0.11418811772453115,0.10034867178274894
0.07986819439899827,0.08269009618556111,0.07545120848640909,0.1393285847207418,0.1511087550665332,0.13509160647779864,0.19948488242692508,0.058284457634637944,0.07869221460239488
0.15575468961655306,0.15331242032704265,0.15860819838768134,0.09543444685558067,0.08728260772992634,0.08169457696354192,0.04542687165328279,0.11751618882579162,0.10496999964059965
0.1646335047913216,0.12391537302798045,0.2280065406579682,0.05833911192838855,0.06407724542029578,0.0756414568133685,0.028872691584372764,0.12936617320159002,0.1271479025747141
0.09612250046279154,0.10217278396889697,0.07931024941878433,0.1467293215799734,0.14507541993762388,0.12538143223556444,0.1462864462915878,0.07156366817427286,0.08735817793050482
0.1471578002150871,0.1383106930377418,0.2143867983416823,0.0642556150383587,0.06480100960873858,0.0752153963335748,0.029208368690295815,0.14208477499764716,0.12457954373687373
0.16547731967818188,0.14882479015352887,0.1634825949215152,0.09303255048467651,0.08776457599096964,0.0816853726226356,0.04644029444684153,0.10983527676725231,0.10345722493439846
0.11179343045062173,0.12242755900677725,0.08716702955111683,0.1423346126129229,0.13060453565144295,0.110977372229708,0.10086692912452418,0.09717201353714638,0.09665651783573977
0.11908194261823431,0.13731695817621895,0.10147821775032133,0.12877215465179068,0.11179229992959833,0.09685911695120342,0.0698197524241322,0.1303258692198316,0.10455368827866918
0.07954837250283721,0.08853696205487342,0.06748840585579513,0.13635122185125412,0.13698184803010313,0.13179554901248322,0.13723508815355553,0.11681024984754756,0.10525230269155057
0.10498417120925063,0.11662845634255348,0.08315895627108286,0.1425718098133908,0.13096134564812936,0.11338906622825835,0.10283766693353652,0.1056976413184829,0.09977088623531516
0.09861118029205196,0.10847139962806124,0.0789012838913446,0.1451411584441281,0.137050226514386,0.12018381419324663,0.1189327116711193,0.09533682355150695,0.09737140181415528
0.15172936505192877,0.1162424891540665,0.24664272109867605,0.04953247551701987,0.05710837038925717,0.07454251398567277,0.024386407110381193,0.1416914012140422,0.13812425647895546
0.09832848175707219,0.11024337619450686,0.0792834610844883,0.14136916598812777,0.1303980586690723,0.11533992286508321,0.10411629549958541,0.11759598587316474,0.10332525206889924
0.05871449544868529,0.057262460644331714,0.06208893064852727,0.09151374268577615,0.12871693893478298,0.17041290687895264,0.2290331422369205,0.0898022745088813,0.11245510801314212
0.19370781731473938,0.11866253287802801,0.19144803116184414,0.07739387019274756,0.08437667306355505,0.08067212118918536,0.0463415664943719,0.10098107117061739,0.10641631653491117
0.05790988758120929,0.05518439371626485,0.06486179768670113,0.09294650361127842,0.1320179938282616,0.17343680944029197,0.25433683631233706,0.06617654332549888,0.10312923449815677
0.16411807400692938,0.12847387091442905,0.2211417145668578,0.06161908378473965,0.06594368692249825,0.0758790046126545,0.030095773608959053,0.12849500652220375,0.12423378506072869
0.13834345297003373,0.14591611276810632,0.11178432539066581,0.126440359228862,0.11308399287735238,0.09497564868103503,0.0715393998994157,0.10151286245094572,0.09640384573358345
0.06985211969879701,0.07676121258804053,0.06263302568672373,0.12469063702703898,0.13789925114391274,0.1450124752572871,0.16712849201493704,0.10987935178109294,0.10614343480216985
0.13971532706099102,0.14329340840386223,0.1099022562290334,0.1285574615448352,0.11669845495425829,0.096723418663047,0.07701823288854075,0.09428941928870342,0.0938020209667287
0.08244912193613685,0.08999122910006807,0.07156729437202512,0.14345001263509646,0.146202985236369,0.1358107074345094,0.16117859902276976,0.07687589738207193,0.09247415288095345
0.07424412655372126,0.08152079041756449,0.06690487766860297,0.13570044231258382,0.14454142012174395,0.1434055931528583,0.1726730865837517,0.08386814745036258,0.09714151573881087
0.06778706523535945,0.0718420149216137,0.06671247920899516,0.12723711677922508,0.14736108816476587,0.15259014872295332,0.21619919511334615,0.061944133415936464,0.08832675843780484
0.1674871621074322,0.1288496672445588,0.21767183619041483,0.06338595933789165,0.06758595183761831,0.0762395001194733,0.03126428054953858,0.12532903418956748,0.12218660842350486
0.13590413457875777,0.15153948234037581,0.12392455775801958,0.11593216501096898,0.10077416951604962,0.08865313496559202,0.05698591819042625,0.12324514290915778,0.10304129473065216
0.19646418412717118,0.05229807887641208,0.29052916472015305,0.031646659175834584,0.055401923676599345,0.07867175390634103,0.02534527738814386,0.11580787163772392,0.15383508649162095
0.11221645829687137,0.1197260378219398,0.08693825197989972,0.14415897773495653,0.1352237342307879,0.11359459207081073,0.11180756937036589,0.08439611975246804,0.09193825874190005
0.14596433174137544,0.15505719789321698,0.15703500013334756,0.09545714052647514,0.08524535189989622,0.08114919070383396,0.043428968207635706,0.12895631867389568,0.1077065002203232
0.05158058098632735,0.03956714075569885,0.06060321113259611,0.050908298278858156,0.09773693706302548,0.18085213004556555,0.23039394150927672,0.13810726186071018,0.1502504983679416
0.10730695912527177,0.1085899663240747,0.08724301155658469,0.1441823792508349,0.14309364374741104,0.1179405363764196,0.13999795231210707,0.06845619988076002,0.08318935142653615
0.1687088316150608,0.1460157281939123,0.15149902483293223,0.10078308612173913,0.09574098035475632,0.08458403055088448,0.05435957509700979,0.10006962665462889,0.09823911657907612
0.15460099202144112,0.1527208987988957,0.1392490565412573,0.1079607785115178,0.09782919450237369,0.08604433906119625,0.05499079594460863,0.10716776255414008,0.0994361820645694
0.10749399628727818,0.11503583201503377,0.08419470725451607,0.145499045105982,0.13783204962731158,0.11680456842057028,0.11910912288792781,0.08243517346295039,0.09159550493842983
0.08698888496649287,0.09362900692089887,0.07474872018352624,0.14546538107235485,0.14735947553981318,0.13226649715048044,0.16116794781633142,0.07027159473088453,0.08810249161921761
0.12020932599943253,0.13677039931830562,0.09972848105718657,0.13116246489308533,0.11483333212775391,0.09861689570263844,0.07368089103827113,0.12229347085190272,0.10270473901142375
0.14833745992728806,0.15437987049080668,0.13843216545472756,0.10778872438975462,0.09595761570639988,0.08553750186448307,0.05272319946161652,0.11504733963139001,0.10179612307353363
0.1375524789277685,0.14967006191392654,0.11808069823550749,0.12088398195164862,0.10624858763036031,0.09137559636437896,0.06291398625470791,0.1131725229271832,0.10010208579451851
0.09810905430035817,0.11036087865953875,0.07938248616614,0.14048415903410208,0.12908042578737078,0.11438838135008335,0.10163385195755255,0.12219394513817639,0.10436681760667794
0.08548940441775803,0.09632449353567363,0.07104776438224052,0.13310288539609028,0.12574663172562353,0.11746416460592213,0.10459953277376544,0.1543932269282808,0.11183189623464562
0.08954155410555682,0.09882143829500589,0.07387392280471955,0.14424465333691597,0.1399130393763227,0.12691816835901487,0.13216218467288263,0.09595570921139886,0.09856932983818271
0.09399213258838912,0.10420826376179045,0.0762105384452,0.14382657392082884,0.13633730681628298,0.12183173272387654,0.11955452359467249,0.10372699546553281,0.10031193268342675
0.13451669884725667,0.15282556819488424,0.13123153520059866,0.11031815281779955,0.09526165473125127,0.08599667794641348,0.051698390559154504,0.13243711118625953,0.10571421051638213
0.16900327923102318,0.14257831542381658,0.14401245431138537,0.1058808659654733,0.10157098980764746,0.08688695791183836,0.061073602816591764,0.09406109430274533,0.09493244022947868
0.1433596657069599,0.15535054064561069,0.15119310354542015,0.09874711179775127,0.08728026222071743,0.08202615323475115,0.044988121501849214,0.12993040241921616,0.107124638927724
0.15191875862716714,0.15455901282334017,0.1517273666246863,0.09941593344494504,0.08960528595968224,0.08269574595201205,0.04719414011724967,0.11859904754277854,0.1042847089081389
0.15026852080107192,0.1545801678787773,0.14326869394044858,0.10475306000117053,0.09372567342768139,0.08446685890505828,0.05074815915898481,0.11572414810790126,0.10246471777890602
0.15442357431752543,0.1495842442350218,0.1813060744928744,0.08201131113840766,0.07720955225187887,0.07830201139208877,0.03762927254894296,0.12759166182362336,0.1119422977996367
0.056282303105663734,0.05135096288596382,0.060847696605646935,0.0759865620853774,0.11813383732024996,0.17393303660497175,0.2284482162316226,0.10994879004711167,0.12506859511339222
0.16093064748433156,0.14859612779365408,0.1383243792825969,0.10921014270319958,0.10137749087814812,0.0872416880981809,0.0595172659771309,0.09853539994987133,0.0962668578328867
0.12232657464231145,0.13710297001382185,0.09934427286122123,0.1326898884137797,0.11710419880566476,0.09970689738932759,0.07671862976835005,0.11433651314134043,0.10067005496418295
0.11689353369739658,0.12160761600123537,0.0900731844522104,0.14301442708599277,0.13528315917074898,0.11186795636660797,0.11260234574019477,0.07950473206060389,0.08915304542500928
0.13198511221218948,0.15328014378831425,0.14175885616914627,0.10271530976103044,0.08836571208882384,0.08292644080599183,0.04580920487763409,0.1439881030663373,0.10917111723053258
0.17748946407208396,0.1245506804493353,0.21490554845585016,0.06487972150271888,0.07038124678965384,0.07701324774505015,0.033521590562902395,0.11797635526454557,0.11928214515785975
0.1387032800335227,0.1416552635490281,0.10811054513856018,0.13002417967289073,0.11857943187746613,0.09786844606296936,0.07991806585240274,0.0921343780585393,0.09300640975462067
0.0938398608860858,0.09905434204667991,0.079019661836767,0.1461985819467476,0.14675376473826449,0.12688471369558887,0.15512667065342964,0.067912761614886,0.0852096425815506
0.08762831480400328,0.09628839025797777,0.07321651771421428,0.14461969254512952,0.14235968557840348,0.12981243039070817,0.14119666887354462,0.08850885497765056,0.09636944485836844
0.16389332327075395,0.1480643918897184,0.14351036253225982,0.10583546021287903,0.0989711119493611,0.08607139143599785,0.0572059019518403,0.09938211973356714,0.09706593702362244
0.17694855852191918,0.13914480956972755,0.17752458482340608,0.08503774876620622,0.08456856434813527,0.08054125831409703,0.04459618058470665,0.10654560810863156,0.10509268696317046
0.08829192830590717,0.09544420318739733,0.07487273238880786,0.14587448041095452,0.1462089360879126,0.1311197548360726,0.15473398889457776,0.07362517565274575,0.08982880023562449
0.15047735352064953,0.1425172906919966,0.1184642720080575,0.12328623324883013,0.11485509412289707,0.09431158837673376,0.07612628928485327,0.08868254368234384,0.09127933506363829
0.09245701154887102,0.1007247845677327,0.07605769182430648,0.1462704853143822,0.14275299690269738,0.12695094036182233,0.1386702385383208,0.08262783694375514,0.09348801399811191
0.14116866115337826,0.14693846367259122,0.11445306396678061,0.12478103544866125,0.11194663956212207,0.0940179521514451,0.07025015468164915,0.10043416191536371,0.09600986744800864
0.1223196867447572,0.1495962808356663,0.15298997466772776,0.09356906710245844,0.07980694621006307,0.07969874886674576,0.039530532351348374,0.1675066841233999,0.11498207909783315
0.11141127843194032,0.1268135081486441,0.09075082840524694,0.13592722495361587,0.1204961550301392,0.10410813561257411,0.08284998993940877,0.12400195595682856,0.1036409235216021
0.1236884335792347,0.14510715738102478,0.11508725820123718,0.11897812690914535,0.10167018733237183,0.09022382242949793,0.05809209673397699,0.14039194537699345,0.10676097205651773
0.11583033399720356,0.1403816126223779,0.2053063667689474,0.06519196098510098,0.06041757492011748,0.07366705269460344,0.02708244444637099,0.184029751069292,0.1280929024959863
0.1330710790148154,0.1530027674491906,0.16606455278177468,0.08832536538107556,0.07779331477139706,0.0786555569617895,0.03784853617433134,0.15131399438012227,0.11392483308550361
0.16056618175216084,0.1311012725570014,0.12817407078631626,0.117409814134662,0.1161682345921552,0.09350643803364034,0.0822773413304523,0.0825568145410616,0.08823983227254999
0.14287435268060414,0.15382971264430684,0.16833880841978766,0.08837934690637915,0.07950547938964131,0.07911035707019154,0.039065691049146596,0.13738987812152884,0.11150637371841393
0.07717265330412625,0.08106377290515766,0.07288101680526202,0.1386618036581147,0.15089773201602227,0.13892684724998597,0.20071000944053738,0.05885349058368323,0.08083267403711053
0.15692556515629333,0.14712462150113628,0.18713391389825673,0.07892725745051608,0.07559770875936546,0.07784577873915964,0.03654463173539101,0.12676273078581302,0.11313779197406847
0.1193505218613586,0.1313493253649661,0.09369130310409977,0.137849181476518,0.12402876832642977,0.10472604802575314,0.08776648686166165,0.10334509009363783,0.09789327488557505
0.10502141159635432,0.10875721040280302,0.08466374740687277,0.14556401635179342,0.142921919560724,0.11953524161980032,0.13756625291958138,0.07063916841045426,0.08533103173161655
0.1364504766467918,0.14992377554071187,0.11876541569435672,0.12006088709134898,0.10509688338085128,0.09086767837556638,0.06157669570697233,0.11626413139625558,0.10099405616714514
0.06032045149354037,0.05969556183914937,0.06522841552010239,0.10487144708497527,0.13912811659460422,0.1664882799025831,0.25068393669642225,0.05982819735558129,0.09375559351304164
0.14298146474717618,0.15348888423061144,0.17046311943138104,0.08717024726906776,0.07867993431331814,0.07882722961595058,0.0384738667469273,0.1379032475452373,0.1120120061003303
0.12371138396677829,0.13937614274565038,0.1021191861482259,0.1304462553374167,0.11444191750196527,0.09781219560793468,0.07297087668404613,0.11768030811625114,0.10144173389173144
0.15587313669479116,0.15128179091417618,0.1360981401584718,0.11030323082659733,0.10058121565464469,0.08718944895949506,0.05800475718211714,0.1029409968722057,0.09772728273750086
0.18584218665832516,0.12999916913703236,0.17640215195263612,0.08590617301293169,0.08861881463059813,0.0818248154840072,0.04939082603042768,0.09969449621490169,0.10232136687914005
0.1894685594369978,0.1246387807644641,0.18909291099079306,0.07863511961191244,0.0835786316847623,0.08036236766460138,0.04500115145220826,0.10274123396609558,0.10648124442816503
0.14251041772078166,0.06086241576643445,0.31143302802733486,0.02534391548618845,0.042626141374064896,0.07607221255616786,0.016200137651488897,0.14703429901215473,0.17791743240538427
0.184448315247152,0.12909986267649118,0.19244152124237054,0.07671398718909932,0.08029064977776039,0.07938656111227026,0.0415878134364435,0.10710416423976898,0.10892712507864373
0.08185235161289418,0.09116040937284685,0.06883654395181979,0.13796584131477724,0.13654788080631142,0.129463168338688,0.13232438699953508,0.11691366222921061,0.10493575537391685
0.1553998891606356,0.14411963738096295,0.12472326600743155,0.11884334476634745,0.11097570548986892,0.09195588381843665,0.07113991074989999,0.09061914287069477,0.09222321975572206
0.12501474292002054,0.12406316201051999,0.09617962214257346,0.13956906345492617,0.133742477254085,0.10826213393626839,0.1107857118178507,0.07606311426186103,0.08631997220189463
0.07496199523218709,0.08286796007618753,0.06603330812793003,0.13447633132921438,0.1412047225995764,0.1402036350170626,0.1593127345355838,0.09914222860548631,0.10179708447677187
0.12896474234631772,0.13958685268912543,0.10206054259395897,0.13281847353000475,0.11881081922356569,0.09961843691851592,0.07927765610627979,0.10199007337822545,0.0968724032140062
0.09971744890970267,0.10726396802336817,0.08009933219268371,0.14672537567344937,0.14156882680487198,0.12226172157461129,0.13179563589088497,0.07942740056224372,0.09114029036818412
0.0835459734265171,0.08692185400452235,0.07660913105396867,0.1418326813743882,0.15054274374523355,0.13281646802565725,0.18766101080683115,0.060098593026352544,0.07997154453652919
0.15199656822697283,0.15139424457085665,0.13080739665288924,0.11368231289608256,0.10279268579501016,0.08844794473322702,0.060049229702147496,0.10332757500363916,0.09750204241917482
0.08906610483929221,0.048410652459465485,0.3355176172056948,0.015976177245423762,0.02994622464598117,0.07529001912377191,0.011162691742562209,0.1887598464779181,0.20587066625989034
0.11514182348329267,0.1367822997216572,0.1054815236425133,0.12293670266073446,0.10488785808104302,0.09312102728254927,0.06216643763023105,0.1506405374014699,0.10884179009650914
0.11954798190173721,0.12586222621258325,0.0916463457426689,0.14162328669628887,0.13188485208029133,0.10935759048307231,0.10388933730868975,0.08480941672104873,0.09137896285361953
0.07416720435330809,0.08058556793140907,0.06827482474465286,0.13696142472433961,0.1475848545829821,0.14459663828819672,0.18584834933938219,0.0706861908259047,0.09129494520982463
0.1513995806926284,0.1405939176013609,0.20752295928045897,0.06790721651444848,0.06765391153623862,0.07585385053035189,0.031061411520491345,0.13679119315877233,0.12121595916524915
0.11526061462546235,0.12491994308141001,0.08923653045490054,0.14185883253268114,0.1303477545889129,0.10977970501859759,0.10011492225817353,0.09339182881628554,0.09508986862357639
0.07189142605786268,0.07915599154596492,0.06461816401446778,0.1303878008848978,0.14110807246403345,0.14428644822035705,0.1687784146187994,0.09755626827744307,0.10221741391617385
0.12268743497006941,0.1286688817340715,0.09385284634468087,0.14018240733441634,0.1299680961170165,0.1074234514664168,0.09975599423981996,0.08590287758489738,0.0915580102086112
0.12780228308149996,0.14687571964710666,0.11524316579120152,0.12034547442380612,0.10368236344282389,0.09093384879332156,0.06002566038001239,0.130545077784331,0.10454640665589703
0.17030913703487105,0.14460662132441796,0.17378154634753198,0.08704985606796677,0.08429290543280615,0.08046488885036651,0.04383343448127062,0.11016536140437864,0.10549624905639031
0.07610958965160892,0.08474269517392256,0.06487286908149205,0.1311725326977479,0.13465710865873257,0.13316170167086636,0.13851669732883634,0.12844772643814878,0.10831907929864455
0.1817953572653673,0.12928992589160673,0.19842814754019047,0.07344354012937032,0.07713676739290638,0.07854387718944843,0.03881638316402526,0.11073873387028632,0.11180726755679876
0.15601793603816042,0.11380828146322541,0.24753565625607465,0.04927601013208551,0.0575828967283634,0.07476736044221301,0.02467193066563193,0.13842547129516566,0.13791445697908
0.12559794401308846,0.12773371053012367,0.09587940188737465,0.1394652884699532,0.13126359737578483,0.10717458469099635,0.10364374573318336,0.08048143870507742,0.08876028859441808
0.1564285987602485,0.15041652701241492,0.13462769879881675,0.11141495207027198,0.10196439065657809,0.0877723754781296,0.05960567365762879,0.10089183048836509,0.09687795307754626
0.15516764890466964,0.102789927454681,0.26131905906920533,0.04344702841165571,0.05424351620872009,0.07473705078210781,0.0226225086253518,0.14019469870484363,0.14547856183876492
0.17273213982128433,0.131784651843393,0.20678878658013192,0.06895897128116862,0.0720674156193918,0.07721288468537033,0.03454348295600975,0.1190849572395697,0.11682670997368057
0.08503463242603937,0.09483655858286244,0.07069281199439963,0.1393307770308506,0.13529569429211777,0.1260622360725082,0.12500661354886952,0.11879400682632457,0.10494666922602801
0.17053297642658313,0.13037665131126472,0.21199433281432634,0.06627055748373079,0.06992499886311886,0.07673593087844584,0.032953424812386334,0.12190097585021509,0.11931015155992886
0.1273256571483882,0.14397219041131606,0.10855735771760038,0.12584323356880453,0.10956025197879593,0.09435775294861937,0.06666936122737747,0.12143792468823855,0.10227627031085952
0.16443225532844896,0.14908032528564988,0.1663657118167974,0.09123148689269085,0.08605035379260806,0.08109972380864315,0.04490246847969582,0.11214891276935289,0.10468876182611297
0.1409784074740774,0.1296550678316894,0.23218093589697827,0.0554671109576668,0.05883714348663218,0.07418468200040372,0.025530285185666513,0.15020550925497647,0.13296085791190937
0.0781509389105229,0.08649882991478659,0.06770101276780012,0.13786332776797722,0.14127409908022073,0.13673016203295732,0.15184617158315672,0.0988818267912111,0.10105363115136724
0.08628998456982669,0.09624540937968833,0.07147581157319656,0.13995701323588347,0.13512723657386208,0.12510265972823578,0.12317787266546769,0.11799871130686901,0.10462530096697038
0.14932376069885306,0.13114275943747397,0.11642414563751452,0.12561259898961294,0.1223606629864789,0.0976431154302848,0.09103134873193837,0.07977119643864011,0.08669041164920332
0.1327663992253805,0.13565608087114114,0.10161991290573442,0.13502846440107333,0.12464346657240698,0.10214211463028906,0.09002290498369957,0.08692559876149782,0.09119505764877733
0.061097028381823015,0.06186936612213247,0.05675520139375107,0.09137309202929948,0.12327785282811683,0.15659287917826262,0.18665620352038328,0.14109426312715945,0.12128411341907187
0.14478056978808299,0.15160521856291428,0.12488396533320711,0.11703898586685009,0.10407386914428542,0.08961254170726336,0.0608586938852492,0.10829782541475637,0.09884833029739117
0.16252906799291303,0.1506733428631846,0.15835826503741443,0.09604749057532153,0.0894532300258102,0.08235516849513097,0.0477026113561016,0.11015170287669324,0.10272912077743035
0.12472591314860443,0.12599214634326458,0.09544040480804787,0.13989063690852113,0.1325533462899043,0.10797546559126538,0.10695619065713195,0.07861495195710021,0.08785094429616015
0.10950627220430435,0.10765006582842566,0.09040121245425008,0.14218069664300267,0.14306783783464153,0.11614875192621356,0.1427334531461548,0.06702282298651108,0.08128888697649622
0.047034266858140765,0.029926649164757735,0.07693938439994816,0.046079997932241885,0.09429737259094217,0.19658641531328822,0.31355232315580883,0.06197530884661537,0.13360828173825687
0.16313368204591697,0.14900088971498382,0.14457555784533083,0.10505192685686822,0.0978564060276267,0.08564563570917655,0.055899367107276256,0.101034028794587,0.09780250589823362
0.16109432864345502,0.05701353931507167,0.30810301333087864,0.026471876948017864,0.04563368141431543,0.07690289748312534,0.017928754294861217,0.1350020858488318,0.171849822721443
0.06407735854087565,0.06747238816873355,0.06378393216867549,0.11591252771846601,0.1412615477301202,0.15956887149113738,0.21484023926298149,0.07454254941408267,0.09854058550492754
0.17552974713486416,0.12875554657385876,0.20939364351727918,0.06765489617976503,0.07177983677605036,0.0772223230093832,0.034447101662707,0.11786536436700816,0.11735154077908422
0.1109104680698496,0.12637523853565769,0.09048006495905096,0.13587373564885621,0.12042362091058818,0.10417019290651038,0.08282716732820429,0.12503664553559202,0.10390286610569062
0.05926235082625611,0.05713784864067569,0.06582192973099163,0.10094771625607059,0.13777126552435742,0.16770822166192348,0.26199747429364745,0.056994168119895605,0.09235902494618205
0.0909727031891725,0.10315811110562952,0.07551679621984832,0.13483951448248602,0.1240969287340604,0.11323411454573558,0.09680541631948648,0.1507778907688763,0.11059852463470497
0.15430496680771016,0.15216782636488402,0.13640723977649216,0.10991653610058912,0.09965815012062391,0.08686983446002638,0.056856694762448166,0.10526157327877055,0.09855717832845556
0.109014170422782,0.12034082764840598,0.0855952189043493,0.14237917997108726,0.13046731002053438,0.11174067313076441,0.10094807490909939,0.10133715358830386,0.09817739140467348
0.11851587521525116,0.129347463879133,0.09221977707131658,0.13942607293294187,0.1264970907517566,0.10649557781950773,0.09227193928490392,0.09867686090666411,0.096549342138525
0.06468615710667296,0.0684688030711806,0.06391232384809635,0.117762322466607,0.14186703978691653,0.15838877800353743,0.21202606401279764,0.07478144953102368,0.09810706217316789
0.1229911670093287,0.14645908662868168,0.12146750557553604,0.11390014999848468,0.0966600686102246,0.08755548805865261,0.0532583359805068,0.14894360184095054,0.10876459629763435
0.15502277288340136,0.13664654995739803,0.12174580952897729,0.12153103196686633,0.11674941949760269,0.09452081348916734,0.08096298394039066,0.08390999241215587,0.08891062632404041
0.11034306353394618,0.13498368483572257,0.11192083854678984,0.11511238398822261,0.09657944722013688,0.08883593940347927,0.054315019559909174,0.1743644711804662,0.11354515173132729
0.1596877054156052,0.08557315176529023,0.278069030902891,0.03694358911817828,0.05128904243898821,0.07530419915203386,0.020874139377588374,0.13774533140147213,0.1545138104279528
0.04969111910682856,0.03495818129803963,0.07350403877722453,0.058066091226205284,0.10723157658964681,0.18421155476919507,0.32257440972990786,0.057931502150633356,0.11183152635231892
0.12133810400216588,0.034981571013612316,0.351911885028179,0.014794895017915104,0.033554825630483294,0.07880875222837998,0.012494785176245653,0.15001606246044688,0.2020991194425719
0.15339872696640933,0.1540149671266876,0.145695151794121,0.10347860330250302,0.09339118292234781,0.08419495242600418,0.05062321099072958,0.11321198870893616,0.10199121576226132
