0.1419700655372473,0.10740726503764829,0.129764215795691,0.1042272018129719,0.12749369342621428,0.13346973739225473,0.0183437880847527,0.11012384977232177,0.127200183140898
0.11893669047490801,0.10361404511513712,0.14493248188580932,0.11818378029437204,0.1155714992942205,0.14820969398083325,0.01797021324446331,0.10702668095301611,0.12555491475724032
0.11781200019762629,0.11259683596533356,0.17967555673427868,0.12021886576070495,0.12294904492072012,0.09055751702346382,0.01963314144482561,0.1070839981564811,0.12947303979656585
0.09692077415412143,0.11554800430883776,0.13622039402056144,0.11081005294629444,0.14516889775463537,0.07734145362911705,0.04345737499428653,0.12455879508671731,0.14997425310542867
0.11600123437171604,0.08580008197685307,0.11575262123262765,0.09245233578418742,0.13106745197482347,0.23685716769136714,0.015276080393518666,0.10411571533352439,0.10267731124138223
0.19372950087326915,0.07860877144702207,0.07259235353801301,0.28063542129779145,0.1338627684033847,0.0500900043825803,0.01498985622754089,0.08062018537766595,0.09487113845273255
0.20079804337329765,0.1056205284121355,0.1304491229181393,0.08453864629969494,0.1229845068771508,0.07912755261794154,0.017660622618328504,0.12394315930384588,0.13487781757946582
0.11781200019762629,0.11259683596533356,0.17967555673427868,0.12021886576070495,0.12294904492072012,0.09055751702346382,0.01963314144482561,0.1070839981564811,0.12947303979656585
0.08386655268477693,0.11183987180652293,0.16963770984560403,0.1324103961061844,0.13241416626077498,0.09265982465936362,0.021190201976932777,0.11504537942720518,0.14093589723263514
0.1301502684690836,0.08734095661982481,0.11369686018830993,0.09604295535462647,0.10695782161415857,0.06213528645849744,0.1892357147754881,0.09951111643850637,0.11492902008150481
0.13952319212143896,0.1055083559524654,0.15077757243560988,0.1053964457760513,0.1242785215665217,0.07858797243812349,0.01964473453319022,0.10467089498714482,0.17161231018945436
0.09293228599230523,0.11694474555549196,0.15216101551648809,0.11803660633046083,0.1429279096840007,0.08248154079071808,0.022072467003943403,0.1240544289858357,0.14838900014075596
0.12049956723500092,0.10030060116779961,0.1149904649165326,0.11227505391486714,0.111135046370242,0.2003058420695397,0.03726573573521508,0.08214702086229181,0.12108066772851116
0.10886755585007053,0.15524769094154187,0.26192513717476174,0.07687470289785538,0.11127537339810852,0.061609844743074765,0.01610035012147377,0.0974871889787733,0.11061215589434008
0.12304837143058932,0.13601172332475275,0.09226785218179832,0.09361189374876709,0.10240853532040699,0.183319852149907,0.03727518413216254,0.12028881647300897,0.11176777123860704
0.11781200019762629,0.11259683596533356,0.17967555673427868,0.12021886576070495,0.12294904492072012,0.09055751702346382,0.01963314144482561,0.1070839981564811,0.12947303979656585
0.12449898803150328,0.2040478650852393,0.09664089544508793,0.0857929996519834,0.10629238828459968,0.13474481245943062,0.014407349712773257,0.11676253390316883,0.1168121674262137
0.11836340444381137,0.08827522835604311,0.06842797546191526,0.180096165428233,0.11621083902027178,0.1116104857187208,0.014499829558672033,0.18167373932191833,0.12084233269041438
0.11781200019762629,0.11259683596533356,0.17967555673427868,0.12021886576070495,0.12294904492072012,0.09055751702346382,0.01963314144482561,0.1070839981564811,0.12947303979656585
0.10353611942625185,0.09634004371160691,0.10606767828691231,0.10778833977091562,0.12575909321698528,0.054005532574263,0.17164940973789702,0.10422079477770912,0.13063298849745894
0.12202431854019634,0.08972151475513444,0.09262132504720143,0.08275967779954915,0.10531580818690871,0.061693209400611716,0.25351920441952536,0.08777510335655576,0.10456983849431711
0.1266898331648867,0.10626175960824469,0.15767301928621713,0.11951483242709071,0.11915694619349294,0.08646181675907895,0.04929784456622998,0.10697597405520083,0.12796797393955806
0.1318649050995164,0.10570560526836452,0.1491072865625648,0.1216677500186067,0.14660433028416694,0.0871011914213287,0.01875631048089187,0.10888348552246695,0.13030913534209315
0.1506635550132343,0.0992430196134279,0.11435185584816021,0.08005915399438997,0.1161853927676213,0.0710450679061468,0.14184696248755077,0.10542451230592069,0.12118048006354816
0.10686305738435888,0.05207302583896265,0.15413214064484712,0.045191485008432286,0.060135166849222065,0.028203979746305372,0.42574359080261287,0.06398996806454091,0.06366758566071784
0.13063099567210287,0.1114647657961177,0.1506902668130997,0.1096198604217582,0.12476566314416833,0.08097856535538185,0.019435701056568024,0.1434788533241983,0.12893532841660507
0.25566598591945294,0.11004257238689685,0.10424701282336975,0.08030580109616062,0.14919640029582037,0.054697920546422134,0.017883816717922888,0.10788854134397634,0.12007194886997818
0.11781200019762629,0.11259683596533356,0.17967555673427868,0.12021886576070495,0.12294904492072012,0.09055751702346382,0.01963314144482561,0.1070839981564811,0.12947303979656585
0.12703636796807924,0.11223670599929446,0.15931765697404057,0.11450610957920387,0.12547577956074493,0.08499314257427255,0.03858349059357331,0.10703531373798884,0.1308154330128022
0.10949670951849037,0.19573931368273753,0.2401027471125818,0.07301120078709684,0.1061058532885341,0.05647998245825811,0.014466595830794913,0.09876410927501385,0.10583348804649262
0.10486016232362355,0.09940022699914475,0.293410776392455,0.09375509116413376,0.10929474297386065,0.07236649251514746,0.016687314475345456,0.09690447011351151,0.11332072304277785
0.175574970042234,0.09268330098398325,0.11025522870996414,0.10949151828717567,0.15640770685902286,0.08398814675139153,0.017546559326978562,0.11994266895577976,0.13410990008347032
0.10485079286238569,0.09461526391931108,0.1022015922568647,0.08332993558441168,0.09441565351508048,0.2542506547014072,0.053165145423824445,0.11866259871815533,0.0945083630185594
0.11299713509360869,0.09723041884646517,0.13138600831315556,0.09365699062827097,0.10871530454133323,0.2640736970899921,0.016489033235295977,0.06780580629553219,0.10764560595634615
0.24643448671409587,0.09385263734889653,0.09006109853104173,0.09598963779344487,0.1129357458409636,0.061990457280838164,0.07436644124408477,0.12121588258272563,0.10315361266390881
0.11781200019762629,0.11259683596533356,0.17967555673427868,0.12021886576070495,0.12294904492072012,0.09055751702346382,0.01963314144482561,0.1070839981564811,0.12947303979656585
0.079356018456197,0.09613077751879723,0.10596846679181109,0.26750548129097174,0.13033013332228977,0.07147963165557736,0.019720578689243727,0.10137590027572256,0.1281330119993896
0.11519821959532171,0.06786149736319573,0.06218342943251756,0.06624604247289745,0.0816813124650713,0.1103078564395595,0.3385710436622875,0.0778650530016799,0.08008554556746927
0.11781200019762629,0.11259683596533356,0.17967555673427868,0.12021886576070495,0.12294904492072012,0.09055751702346382,0.01963314144482561,0.1070839981564811,0.12947303979656585
0.12920503225632293,0.23556249847988264,0.11818684659340199,0.08071323790335504,0.12478686524115266,0.06369687459775016,0.017680464405614296,0.10682013030270728,0.12334805021981299
0.11781200019762629,0.11259683596533356,0.17967555673427868,0.12021886576070495,0.12294904492072012,0.09055751702346382,0.01963314144482561,0.1070839981564811,0.12947303979656585
0.21698763533513035,0.22056360985805576,0.08692421921282108,0.06619283669476485,0.1069642282200116,0.04691228093510338,0.01296936340639844,0.1012241549578307,0.1412616713798838
0.11781200019762629,0.11259683596533356,0.17967555673427868,0.12021886576070495,0.12294904492072012,0.09055751702346382,0.01963314144482561,0.1070839981564811,0.12947303979656585
0.14795627289859997,0.10784021302541476,0.14869906601963487,0.11008608997490654,0.12423911962470091,0.09124235191033832,0.01925833843236861,0.1159886444654953,0.1346899036485407
0.11781200019762629,0.11259683596533356,0.17967555673427868,0.12021886576070495,0.12294904492072012,0.09055751702346382,0.01963314144482561,0.1070839981564811,0.12947303979656585
0.16075407297077163,0.10147414068259171,0.1256707089785559,0.1063111825112898,0.12553659827945823,0.0783364592550041,0.019046970720374257,0.10068425892077482,0.1821856076811795
0.11781200019762629,0.11259683596533356,0.17967555673427868,0.12021886576070495,0.12294904492072012,0.09055751702346382,0.01963314144482561,0.1070839981564811,0.12947303979656585
0.20152445988155454,0.07667304996758477,0.0773509961194145,0.22961319401377803,0.09689543690570405,0.064965188677842,0.014999556815268121,0.126057643633082,0.11192047398577203
0.11781200019762629,0.11259683596533356,0.17967555673427868,0.12021886576070495,0.12294904492072012,0.09055751702346382,0.01963314144482561,0.1070839981564811,0.12947303979656585
0.18695503928568882,0.10613764028594071,0.12286763423945217,0.10810656982056943,0.1392878447952684,0.06933286001766907,0.021727314190386066,0.11140794426322287,0.13417715310180237
0.14751029515112854,0.09811019734903732,0.11282085142471687,0.0961551375421289,0.11547207632255241,0.1322907169022856,0.017473456271021405,0.10374558912795077,0.17642167990917812
0.13369403589711645,0.08573096052861263,0.05471634371017803,0.051843640056981104,0.07669166621360135,0.035704171001974275,0.3820350214809028,0.1092550637312919,0.07032909737934158
0.10683915020498892,0.22275522963178193,0.08669281485085813,0.20475138435635887,0.0967205077428434,0.05686445252657057,0.013397413042121284,0.09909491537672373,0.11288413226775307
0.1202466823063828,0.22207957988725757,0.0793585983739215,0.20194065415432128,0.11603211231632693,0.05000106391572947,0.013069595227279943,0.10548988688913646,0.09178182692964398
0.11450066445612085,0.0817355978604519,0.10960848359428131,0.2170797201465454,0.09937786673965726,0.05555100128334526,0.12173899118200404,0.10646282309794254,0.09394485163965138
0.11781200019762629,0.11259683596533356,0.17967555673427868,0.12021886576070495,0.12294904492072012,0.09055751702346382,0.01963314144482561,0.1070839981564811,0.12947303979656585
0.1578067607412437,0.07909511894761562,0.06981538901466129,0.28328128590966806,0.1436444083575461,0.047480690125447124,0.012633018767361281,0.1093006984307663,0.09694262970569044
0.15290566153276733,0.09857562512720158,0.10218052006838381,0.09644393499174515,0.11600068093595757,0.07001390000904383,0.01617305466794769,0.22392503350910722,0.12378158915784578
0.12138226466283451,0.23066850224554022,0.06866873049602328,0.0631553710630844,0.18685582133019948,0.036721026788799474,0.011482789309711744,0.10136400019738062,0.17970149390642629
0.22570390847289026,0.1232340271548202,0.05354618334392077,0.0933358706569219,0.23252118514587483,0.03696051375909324,0.013325046048869402,0.10746834500706037,0.113904920410549
0.15223920366838095,0.22310007295067077,0.09664855239914409,0.06589918054553362,0.16095903766597422,0.04392659246239428,0.013782945601061544,0.1288998344099955,0.114544580296845
0.10522433100387009,0.08814619861185181,0.12527192157128728,0.09414821825960028,0.09950957883560269,0.27113727265315,0.01529233577306964,0.0984124801349321,0.10285766315663607
0.10501617017605831,0.09789562218561833,0.15984323599348513,0.09800556985947419,0.10785150697725514,0.20724960344616628,0.017176563670420378,0.09893702189884614,0.10802470579267613
0.11781200019762629,0.11259683596533356,0.17967555673427868,0.12021886576070495,0.12294904492072012,0.09055751702346382,0.01963314144482561,0.1070839981564811,0.12947303979656585
0.12624374207775535,0.10133151284191629,0.13076672504980788,0.0939570347333017,0.11620313170178947,0.07105003973831056,0.1433747760772897,0.09930249548465094,0.11777054229517815
0.12220816076381956,0.2273369202964722,0.10630652126707262,0.09989209273269217,0.1261502867387174,0.06635811943207365,0.018781105652372173,0.10656072580740401,0.12640606730937629
0.13040404710095663,0.06962378902068819,0.05828094133767198,0.2763477141022974,0.15705341731677003,0.050534686829862646,0.01362102729558247,0.11908449423246409,0.12504988276370654
0.09907992260959232,0.07137229489506762,0.06026693251884522,0.3116610322212763,0.18792809968298033,0.04708719396058186,0.014870036336693848,0.09101089914501692,0.11672358862994563
0.23095631712119666,0.09515283727773198,0.1271381514124212,0.09437666561615919,0.14101229745400037,0.06600802715904257,0.016574457856027746,0.10974211649977968,0.1190391296036406
0.12346105587439782,0.15221355993130434,0.06716249744256607,0.0587754020849579,0.0881457770869689,0.34542334536830216,0.012079226158457086,0.07728619153040671,0.075452944522639
0.1547744690219089,0.1090321311175287,0.16367749157048303,0.09174874449903513,0.11623175181245704,0.07191020359971483,0.01709559108764793,0.11367251660483357,0.161857100686391
0.12793233756190406,0.08113140848758445,0.0739009565408607,0.11396671994016856,0.13137512195409418,0.16075844851027024,0.018943601987283995,0.08234914572596923,0.2096422592918646
0.10959150417079244,0.07649937255126506,0.08925689435262507,0.08806828591273715,0.08867040321914665,0.35071528259624785,0.013353126949034157,0.08958702434090833,0.09425810590724333
0.12395796031471129,0.08576305398638813,0.10253659856534787,0.08509588894010356,0.1001798059877173,0.054720922077471756,0.252760230746397,0.08870330126276905,0.10628223811909403
0.12575150599710402,0.10736837300009654,0.1611438674908701,0.11987869485120402,0.11998857829210756,0.08718508072615554,0.0429106533776795,0.10728391882598887,0.12848932743879396
0.07433848138847902,0.08812901961978108,0.08951431753670795,0.09342000996078197,0.11337515454984874,0.18565579623641926,0.03352370638069268,0.20842235505226617,0.11362115927502327
0.06551324492180642,0.20352789632088905,0.07630398087219643,0.24420511185675076,0.1099440801873297,0.05561606219965104,0.016904603798228997,0.0944764374366953,0.13350858240645236
0.13574419102688484,0.0966319013982337,0.11175967440130946,0.11058857785560244,0.11544809278278989,0.13388920957785364,0.07688880736364305,0.09329495104947043,0.12575459454421253
0.18585075474720048,0.0787955327002101,0.07756374452407251,0.26280828222491487,0.1148964335887025,0.05720290751971382,0.014211771022940118,0.10271071552185895,0.10595985815038678
0.13914918423809877,0.09473581273549142,0.0951321767549645,0.08326363730430542,0.11721561163493377,0.05929078102234243,0.20688119293238452,0.09443684093084537,0.10989476244663382
0.08159658547532099,0.10541611129652308,0.13852919601410685,0.13603053144394178,0.1660357020327701,0.08954846305426029,0.020685326251463108,0.1178519988824101,0.14430608554920377
0.09757540476986738,0.1927923166809531,0.09814684396590379,0.07783031857915645,0.09290693765379167,0.24226261199867338,0.013665389221766253,0.0944584581258998,0.09036171900398826
0.23823638296479543,0.0924506334904431,0.08007085287748011,0.11214716800308389,0.1382021849816006,0.04750427339645139,0.05106296564745106,0.10519636232350231,0.13512917631519217
0.07379415932651891,0.09328805247079443,0.09070284060222543,0.10288229518249586,0.13778109322600932,0.05784677772917642,0.1680250557625594,0.13288082825666872,0.14279889744355148
0.16387036327687,0.11589412670806444,0.12934058368649293,0.0978535621315229,0.1546198954260761,0.07150262822998205,0.019658595545126282,0.11134003753635775,0.13592020745950759
0.18742337711706725,0.05652538561245274,0.054131360157102924,0.2614485571747984,0.20364353198355353,0.04378655430656018,0.010749424834018985,0.0913397923016168,0.0909520165128292
0.10956090235867545,0.21873398725526574,0.1275248385921051,0.11180267795789862,0.10850845526154333,0.08081469729814934,0.01665157371521867,0.10668532399108306,0.11971754357006059
0.11489138341326623,0.2534445015119569,0.09442328392427057,0.09429761979193198,0.10185842072636181,0.06564672781468776,0.05543884333614021,0.10723652228341563,0.11276269719796887
0.11917249539355963,0.10399977870059046,0.14625239449662805,0.11835619766366379,0.11596610548966167,0.14532696607273402,0.018033761701194143,0.10707026455983619,0.12582203592213195
0.20665971960456,0.09585606185977336,0.10625255290722936,0.09956751207822823,0.11742656172741768,0.08817730595146038,0.01712593818405717,0.13174061708512189,0.13719373060215198
0.12572779311329788,0.1073932878250818,0.16122378015274352,0.11988587673923494,0.12000665156251895,0.08720125016463343,0.04277166363827244,0.10728963570092992,0.12850006110328707
0.11781200019762629,0.11259683596533356,0.17967555673427868,0.12021886576070495,0.12294904492072012,0.09055751702346382,0.01963314144482561,0.1070839981564811,0.12947303979656585
0.16065781980787494,0.09585731320852835,0.10121994217413872,0.09848283340444945,0.11965508948070165,0.06460294024055509,0.05880979767864408,0.12290635138112442,0.17780791262398332
0.11882315039791795,0.10371528971972678,0.14573910298237916,0.11756118653510922,0.11549058045416637,0.1485944015315239,0.01791923182740648,0.10670780410821057,0.12544925244355964
0.06264472966828906,0.2791612336786027,0.06599223143251397,0.2207717836852102,0.11423272888870263,0.046650513808004314,0.012176832317470467,0.10589645374786476,0.092473492773342
0.12338932342095621,0.23342429041342408,0.10427676966043715,0.07467871173435443,0.11816983282676374,0.05764351281081024,0.01594923920246643,0.10767868772458604,0.16478963220620169
0.12637837446922526,0.08582372328887289,0.11056283343592428,0.08580900148869308,0.10032190558111176,0.2754231418490711,0.02958415260931695,0.08679069546102225,0.09930617181676249
0.11781200019762629,0.11259683596533356,0.17967555673427868,0.12021886576070495,0.12294904492072012,0.09055751702346382,0.01963314144482561,0.1070839981564811,0.12947303979656585
0.11781200019762629,0.11259683596533356,0.17967555673427868,0.12021886576070495,0.12294904492072012,0.09055751702346382,0.01963314144482561,0.1070839981564811,0.12947303979656585
0.2961615203144278,0.07203514677639526,0.06787975597131841,0.16984019328835553,0.12220846013472264,0.04886483340399428,0.012234625669145086,0.10823947114594583,0.10253599329569518
0.1419128467440153,0.08665773486702598,0.10394020092420757,0.25626916368093045,0.10619309581280316,0.0635282732103191,0.01689839867907234,0.12152819540847616,0.10307209067314992
0.09206819038093096,0.1185168560631953,0.1655927502875614,0.11831838869275073,0.14160173183726185,0.08474235985467031,0.022563958030013015,0.1150357435782647,0.14156002127535175
0.13082607810570593,0.11142368260585526,0.1501002495022293,0.10938955332866006,0.12476187735292416,0.0807893196724542,0.019436937703879626,0.14439651867656086,0.12887578305173067
0.11781200019762629,0.11259683596533356,0.17967555673427868,0.12021886576070495,0.12294904492072012,0.09055751702346382,0.01963314144482561,0.1070839981564811,0.12947303979656585
0.08391037943315878,0.08402181118546641,0.08162042055006394,0.07839074287594443,0.0991074373332681,0.20901075647259348,0.08671670454176848,0.16170019753258047,0.11552155007515601
0.11781200019762629,0.11259683596533356,0.17967555673427868,0.12021886576070495,0.12294904492072012,0.09055751702346382,0.01963314144482561,0.1070839981564811,0.12947303979656585
0.1532024219809429,0.10211892176786136,0.105993048120483,0.1240637439875183,0.14802661186234245,0.06386212540376233,0.021317509430928732,0.12408464035533436,0.1573309770908267
0.07398894092206801,0.0715000082965206,0.07296920115859783,0.0737378583921874,0.08920084404831423,0.41534860439498855,0.013010427237241294,0.1017938471234051,0.0884502684266769
0.11781200019762629,0.11259683596533356,0.17967555673427868,0.12021886576070495,0.12294904492072012,0.09055751702346382,0.01963314144482561,0.1070839981564811,0.12947303979656585
0.08383410306697407,0.1118581324607598,0.16971635866028842,0.13238822205545253,0.13240293992026111,0.0926630623738302,0.02118649695128742,0.115034155109419,0.14091652940172744
0.20079804337329765,0.1056205284121355,0.1304491229181393,0.08453864629969494,0.1229845068771508,0.07912755261794154,0.017660622618328504,0.12394315930384588,0.13487781757946582
0.08452084331289926,0.09837770202384555,0.31754694867732686,0.07618599207667834,0.11389049853375244,0.06878259402363933,0.015823165703936007,0.10586157126341426,0.11901068438450797
0.11045792208747947,0.27562837449712313,0.09867678350494867,0.05086816291398268,0.13395154235204432,0.05700889716981187,0.018397054939683733,0.1269828929301103,0.1280283696048159
0.1711626840208356,0.19153549935558942,0.06265701827239896,0.0780379261487248,0.09624991078987821,0.03956373334854604,0.03489897373367108,0.0851372933149342,0.24075696101542157
0.08051145683174708,0.18743683410512987,0.07791638177710476,0.08099672263268012,0.11191889597361417,0.2087432880654347,0.014920395787124374,0.11687380655638163,0.12068221827078335
0.1056853679064829,0.10909335846483392,0.14929674354233544,0.13462598401032097,0.13218296508239674,0.08689912650483601,0.021156427164277,0.11783144445590427,0.1432285828686128
0.13730349904631942,0.07401024898068374,0.0779136152537671,0.07067362885633034,0.09483409882614151,0.3428348540539017,0.01411966034496494,0.07760065606222848,0.11070973857566287
0.11781200019762629,0.11259683596533356,0.17967555673427868,0.12021886576070495,0.12294904492072012,0.09055751702346382,0.01963314144482561,0.1070839981564811,0.12947303979656585
0.2343461299261637,0.10483337510551426,0.14259915618348137,0.07848417309936652,0.11693141545235415,0.06963291284830163,0.01650402337336795,0.1149090145863171,0.12175979942513326
0.1276408758119506,0.07755359441684355,0.09110441331111542,0.08695521542867336,0.1268321455371974,0.28878906264199916,0.014673770357059279,0.08818905611422918,0.09826186638093193
0.12800805733743867,0.11105049548748384,0.15906859832723053,0.10892569161069292,0.12353528483588376,0.08055122034853947,0.019108655081694178,0.14197031107514282,0.12778168589589367
0.11781200019762629,0.11259683596533356,0.17967555673427868,0.12021886576070495,0.12294904492072012,0.09055751702346382,0.01963314144482561,0.1070839981564811,0.12947303979656585
0.12347369478195293,0.216509113863946,0.08164322518549195,0.2222260248299345,0.09444330729919431,0.05747968769660273,0.01316440795455357,0.09878562556193798,0.09227491282638595
0.11014662146143926,0.13326902435687812,0.1748940924513104,0.1064646802283663,0.13681248050765762,0.08079973957823497,0.01854193352886546,0.10791568996807092,0.13115573791917703
0.14264556891967475,0.08778496675223123,0.11607044025677486,0.27097674636101726,0.10623013326814744,0.06682378987521702,0.016945588792662208,0.08893491734480313,0.10358784842947222
0.09748753959031059,0.20342399321047636,0.2928988770816356,0.06058235827276951,0.09981197560963195,0.04156955524931074,0.012535318375082274,0.09665981801934886,0.09503056459143405
0.09016073285262549,0.20072676230024192,0.07009449510209735,0.2161716019370048,0.11119543241592712,0.05491212868579535,0.014638409525884617,0.12284685354932236,0.11925358363110099
0.17923107494834653,0.09334206251439736,0.09133961260745371,0.07550756176008597,0.1167230067240327,0.05869432759188376,0.16147149268699976,0.10583045316473699,0.11786040800206317
0.19297668522393574,0.07971079317742613,0.08269852419791358,0.23951903356771528,0.14066881852354243,0.054948021579766686,0.01452023533552597,0.09322925291575508,0.10172863547841916
0.09654188706809386,0.09487579656990047,0.15030571977704046,0.09013628322985502,0.10282611117946132,0.2436625089240433,0.014794217620915989,0.10518898322039717,0.10166849241029247
0.09638000227163353,0.09491690111506647,0.15014248871995098,0.09008119478132531,0.10280158641638208,0.24379156532798743,0.014781229899854087,0.1054654272347851,0.1016396042330151
0.11781200019762629,0.11259683596533356,0.17967555673427868,0.12021886576070495,0.12294904492072012,0.09055751702346382,0.01963314144482561,0.1070839981564811,0.12947303979656585
0.11347899623218476,0.08774834038097216,0.12237637889657756,0.08990775626116264,0.10272711109869716,0.2771298968100892,0.016347445738152794,0.08855822868148493,0.10172584590067878
0.14550916562829022,0.10035353706672166,0.11874603189815869,0.09989589792716912,0.1256285624862426,0.1863575800641218,0.017409875322891774,0.08571888348164074,0.12038046612476337
0.11974816583451035,0.08700361887411741,0.2633499464592464,0.07401491936589996,0.09900077809998657,0.09339717859968055,0.014491169937390474,0.09272538333358633,0.15626883949558198
0.12799571564318635,0.27387690162626727,0.0919742677997178,0.10864907593134636,0.09449800123920626,0.07170333567542629,0.013454253811673538,0.10518122976729766,0.1126672185058784
0.13669229768573246,0.10787415465554169,0.14845062345248852,0.09844598251418844,0.1267538719301878,0.07350936505130724,0.018990105754544278,0.11260862947085198,0.17667496948515757
0.11781200019762629,0.11259683596533356,0.17967555673427868,0.12021886576070495,0.12294904492072012,0.09055751702346382,0.01963314144482561,0.1070839981564811,0.12947303979656585
0.1328476512440039,0.2600950838366015,0.09002014601098023,0.07773303514657419,0.14285222887812563,0.04752412220505273,0.013676250204387952,0.11971066837837063,0.11554081409590318
0.09558177150805597,0.10190614057747799,0.09113078601889747,0.1223350462296996,0.1569050906400162,0.0623464745601745,0.023363304511534552,0.11048375013129325,0.23594763582285036
0.11781200019762629,0.11259683596533356,0.17967555673427868,0.12021886576070495,0.12294904492072012,0.09055751702346382,0.01963314144482561,0.1070839981564811,0.12947303979656585
0.1397614943191158,0.09393561946020536,0.19676131302458252,0.07474402377452534,0.11753191297817007,0.04656183762181032,0.024281980720853243,0.20351499046891144,0.10290682763182585
0.1320342068554666,0.10143197969518129,0.11627059666601265,0.10419755966767928,0.11660388728120356,0.12949969519836016,0.07166857681434931,0.1046077984818511,0.12368569933989604
0.15173367279503194,0.09040702378419237,0.09763947483683509,0.08624354667263996,0.10394583353445548,0.19695217187852646,0.014778938054307916,0.13027244441509184,0.1280268940289189
0.05493540573435915,0.09368031977400366,0.13610693659525688,0.1009908323882084,0.10879610146984613,0.2389270861409977,0.01653009239877523,0.12529853174530117,0.12473469375325164
0.11781200019762629,0.11259683596533356,0.17967555673427868,0.12021886576070495,0.12294904492072012,0.09055751702346382,0.01963314144482561,0.1070839981564811,0.12947303979656585
0.1176105379692516,0.1914207066738017,0.14129565352517734,0.10266707239963586,0.11982553662862803,0.07868493305058062,0.018137041789341255,0.10467087008442455,0.12568764787915912
0.13064977172250972,0.10595860254296312,0.15962340467812705,0.1273236118993449,0.12526377646964074,0.09269623381765996,0.01952347834489308,0.10436220920530614,0.13459891131955526
0.07822678409292384,0.12176702670607427,0.2208747726493617,0.1001691713770424,0.1037905364808661,0.05483536840259406,0.01204528135902565,0.05159219140847534,0.25669886752363674
0.11781200019762629,0.11259683596533356,0.17967555673427868,0.12021886576070495,0.12294904492072012,0.09055751702346382,0.01963314144482561,0.1070839981564811,0.12947303979656585
0.14552651351476278,0.08435804216611908,0.09751655546117037,0.07249154904969182,0.10277674670152921,0.269960312568671,0.028875929204092612,0.09392127140722194,0.1045730799267412
0.12765609148101068,0.081534659790942,0.10010771447042849,0.09078642162021834,0.12612577114399695,0.2660407028556469,0.015250241517547098,0.090402918719185,0.1020954784010245
0.10348057516638587,0.07186445769708986,0.07428383571548114,0.15977683911320661,0.08167087878632309,0.23929495025280226,0.04560873514772276,0.13693831336917203,0.08708141475181634
0.1547744690219089,0.1090321311175287,0.16367749157048303,0.09174874449903513,0.11623175181245704,0.07191020359971483,0.01709559108764793,0.11367251660483357,0.161857100686391
0.07623114658413577,0.09362580759146195,0.08249591207144548,0.0915570013390632,0.11682008417335236,0.06060898834113367,0.2104973189009942,0.15095001688730492,0.11721372411110838
0.10780912749843087,0.24503618448259704,0.06132374183176762,0.22833764920003138,0.08438621446389118,0.04386244421251002,0.027584749445633175,0.11378094735970536,0.08787894150543336
0.08301177767259792,0.09694137248685013,0.08298738707919824,0.22125962832168142,0.19542578859579585,0.062363077958133124,0.01881076324732087,0.10903649926850822,0.1301637053699142
0.1184798053370925,0.10320866561240442,0.14399968236920827,0.11730026574289139,0.11495536426474628,0.15252027683491198,0.01783521502867705,0.10661768243009584,0.12508304237997228
0.12278850498332344,0.19748514043187002,0.13613925549437936,0.09697881815113008,0.12183625645632375,0.07472251677063824,0.018312756058667095,0.10573611450601968,0.12600063714764834
0.08832692175179017,0.08247751463590987,0.3195277173928763,0.06879905065140908,0.0997775873095798,0.15650572174078084,0.014480087674657326,0.08075474108010933,0.08935065776288731
0.11781200019762629,0.11259683596533356,0.17967555673427868,0.12021886576070495,0.12294904492072012,0.09055751702346382,0.01963314144482561,0.1070839981564811,0.12947303979656585
0.14047442302402643,0.08608755308653143,0.08913163399091799,0.06914270505796263,0.1005856051587835,0.25328392310828435,0.054552279413857464,0.10393240884474277,0.10280946831489356
0.09459831367149936,0.11514587150985815,0.13228291476966073,0.11480742454077165,0.16006140451721687,0.0688055085584307,0.05102106480657131,0.11733345155883508,0.14594404606715614
0.11781200019762629,0.11259683596533356,0.17967555673427868,0.12021886576070495,0.12294904492072012,0.09055751702346382,0.01963314144482561,0.1070839981564811,0.12947303979656585
0.12401142822386024,0.08865106306663555,0.1014255590841186,0.11417697755397961,0.12702112316531108,0.2021347809108507,0.015074897837183054,0.10925932457272576,0.11824484558533543
0.20469384579888109,0.13163413661592246,0.08323065662228697,0.10826059984008506,0.15822834171821967,0.06979721480984358,0.014144900766739342,0.10679513949463448,0.12321516433338738
0.11595812233846148,0.11695807197792785,0.17834299120250585,0.10769266707296815,0.13471374443835313,0.08177783291565031,0.01913590474126027,0.11379854978294353,0.1316221155299294
0.15400556782530128,0.10869533235782729,0.13192149948182832,0.09377817361231568,0.12622385445676343,0.07962238203488449,0.019218260304454702,0.15334851350125753,0.1331864164253673
0.13803364763641804,0.09963971084773567,0.14042146571907985,0.12333940274407325,0.15272252731861852,0.08526218767089193,0.01852129488891348,0.1105237619620869,0.1315360012121823
0.15269934228129542,0.08627151670931961,0.10501543519501594,0.2747340356051258,0.10799843095337465,0.06364385293514778,0.01693924984852723,0.08904748532627083,0.1036506511459227
0.12580999622871852,0.11237332459941747,0.17087110139991346,0.11536590935935408,0.12399078841896603,0.08725010860143141,0.02707367258055568,0.10729694213755957,0.12996815667408376
0.10536117582143144,0.09857277528615453,0.1609407787147021,0.09911839879262131,0.10858148474789626,0.20277717265901055,0.016892539391613642,0.0987589332708156,0.10899674131575454
0.1124435634626864,0.08547338804089409,0.11664788100336017,0.08728981288215515,0.10060454724301583,0.2954962822789186,0.01604650378775771,0.08681862963433211,0.0991793916668799
0.08695616815183856,0.0840677063545377,0.29171806604091505,0.09041903189699042,0.10753790760740312,0.060392160562475095,0.014378399848022118,0.11173291468673284,0.15279764485108513
0.09238620201005099,0.10937785955997303,0.11808026510135937,0.10686747135794283,0.13916631820782802,0.06959880202624402,0.05530169649924332,0.17024751607875824,0.13897386915860008
0.061882414183084496,0.07475464536550998,0.36900079434997224,0.1064514602923858,0.08959025231040557,0.05676655846763745,0.03217220393697972,0.11651135546151674,0.09287031563250792
0.15357303341537543,0.21066334549631568,0.10836971079981217,0.09393189047048972,0.12478086071053995,0.06552454972647312,0.016922313377585523,0.10128241280468209,0.12495188319872637
0.16347205641111776,0.11584222552730916,0.12972332325186522,0.09806682553539654,0.154307892752485,0.07167633931545346,0.019654309796568657,0.1113282602096111,0.135928767200193
0.11669309166926035,0.10591784351180356,0.06281288688406975,0.17936161263811312,0.07641456873280023,0.2669412627666688,0.010190715109493192,0.09957649218070785,0.08209152650708312
0.11781200019762629,0.11259683596533356,0.17967555673427868,0.12021886576070495,0.12294904492072012,0.09055751702346382,0.01963314144482561,0.1070839981564811,0.12947303979656585
0.10395689991190432,0.1052891902105197,0.1465747671826159,0.13689538921594668,0.1341826817623826,0.08987107142156699,0.021284823803469438,0.11653024487840598,0.14541493161318833
0.13072236277222749,0.09029493094217034,0.12665156795218155,0.26094322116276913,0.10809357955919352,0.06940402920050993,0.017492959632865512,0.09075821231414043,0.10563913646394212
0.13458982263928213,0.08415395331175217,0.10933090013469456,0.21747454562818244,0.11025886002065659,0.13971758292220973,0.015532940867999931,0.09006750648898776,0.09887388798623471
0.11781200019762629,0.11259683596533356,0.17967555673427868,0.12021886576070495,0.12294904492072012,0.09055751702346382,0.01963314144482561,0.1070839981564811,0.12947303979656585
0.14125095117336897,0.10157903866770979,0.14224809837531469,0.1268869140517705,0.12278279211978693,0.08931174863350477,0.03760192464801287,0.10382892597774229,0.13450960635278922
0.0806473723610644,0.08398917260041379,0.08236940182999576,0.28044851099059515,0.16709670731179327,0.0614287145753262,0.017967354842409865,0.1046013633691032,0.12145140211929832
0.09122170876363185,0.10145302731322677,0.07567281465412766,0.06768940995535362,0.12037572466915808,0.04183564575745652,0.057545559766115924,0.3428791264787318,0.10132698264219775
0.11781200019762629,0.11259683596533356,0.17967555673427868,0.12021886576070495,0.12294904492072012,0.09055751702346382,0.01963314144482561,0.1070839981564811,0.12947303979656585
0.13812221956400836,0.09328527202198707,0.1180112106369232,0.12010163023723212,0.14245640578656613,0.13403351280785303,0.016871751183405472,0.11025406867270506,0.12686392908931965
0.14073088164081768,0.09139081353423624,0.10220492485817505,0.1313135963970157,0.10971843355290496,0.08841829834195337,0.015825542742860674,0.18992276220867219,0.13047474672336415
0.11147631401387938,0.11121681570952406,0.17219678334068508,0.10415992220782773,0.1201038701127244,0.08087855674582334,0.018386470442411828,0.11203702925482284,0.16954423817230135
0.10723994675226421,0.09405396198451264,0.2735898513206451,0.09359899977827063,0.10451072982487651,0.10178626699115305,0.015280627880797712,0.09893887061523321,0.11100074485224694
0.11781200019762629,0.11259683596533356,0.17967555673427868,0.12021886576070495,0.12294904492072012,0.09055751702346382,0.01963314144482561,0.1070839981564811,0.12947303979656585
0.2535210150789788,0.07593979751228036,0.08014866118580725,0.23456542022612217,0.09422183132093022,0.049438688757317044,0.03442726956669976,0.08725231570919102,0.09048500064267335
0.08816243569345932,0.0737550608230753,0.0758603074684301,0.10122875068465191,0.1377837305789914,0.29587331328231886,0.015945018431399786,0.09802399788080192,0.11336738515687143
0.11781200019762629,0.11259683596533356,0.17967555673427868,0.12021886576070495,0.12294904492072012,0.09055751702346382,0.01963314144482561,0.1070839981564811,0.12947303979656585
0.11228821896859109,0.08677644876781716,0.10889216815305892,0.08870613900629355,0.09969657550871176,0.24012272837958135,0.05612824057387164,0.10723273432102039,0.1001567463210541
0.10949670951849037,0.19573931368273753,0.2401027471125818,0.07301120078709684,0.1061058532885341,0.05647998245825811,0.014466595830794913,0.09876410927501385,0.10583348804649262
0.14636536972249567,0.10749216001755657,0.14388904273052153,0.12841968057695508,0.12455090198107605,0.08929162469987417,0.019201262263432464,0.11573156575813165,0.12505839224995688
0.08979447520932204,0.10768469147575747,0.12389492564037292,0.10416056871155188,0.13154168294000226,0.15954696295570356,0.019285298693467515,0.12127237599585551,0.14281901837796693
0.11072006667746921,0.23387699071795462,0.12289306883759941,0.11071953639829711,0.1057146427476417,0.07968538931669027,0.0161806337335576,0.10251269147921677,0.11769698009157332
0.12270095517572237,0.20527633350094632,0.13300150015419246,0.09473929167060008,0.12171189243120427,0.07330254491474093,0.01823655262233085,0.10561373353754601,0.1254171959927167
0.11781200019762629,0.11259683596533356,0.17967555673427868,0.12021886576070495,0.12294904492072012,0.09055751702346382,0.01963314144482561,0.1070839981564811,0.12947303979656585
0.11781200019762629,0.11259683596533356,0.17967555673427868,0.12021886576070495,0.12294904492072012,0.09055751702346382,0.01963314144482561,0.1070839981564811,0.12947303979656585
0.1332185542804436,0.10274022184874103,0.14638460368920908,0.11985353410786348,0.11759229431242003,0.08463075871392796,0.0610137173751216,0.10639711931407854,0.12816919635819465
0.13920467591854735,0.2307442866327345,0.10213826020590172,0.07151592173307475,0.11905357390440414,0.055801237020407464,0.016735819810802934,0.09905978073509641,0.1657464440390307
0.2238233660621097,0.09206837274143852,0.08283201887899734,0.08268934211231456,0.12006959528046258,0.051965877224367456,0.017068418983940473,0.09348293192537015,0.2360000767909992
0.08901868309686638,0.09118440764992282,0.14289715824404964,0.22966531951167143,0.09797698293337226,0.06658676941126587,0.0810810296735696,0.1060107935854549,0.09557885589382704
0.11781200019762629,0.11259683596533356,0.17967555673427868,0.12021886576070495,0.12294904492072012,0.09055751702346382,0.01963314144482561,0.1070839981564811,0.12947303979656585
0.1710870363070446,0.09414655402598475,0.07143189844341297,0.10838024888497648,0.19380067269649792,0.10217405393765017,0.02126693382237327,0.1050535070218848,0.13265909486017502
0.11688895946333032,0.23290768753471272,0.11673427952414377,0.09558622216378436,0.130108586635015,0.05861214997974238,0.01904061857458181,0.1061821326866376,0.12393936343805197
0.07322765393590376,0.21602183880887296,0.07868728178259528,0.24346603489897123,0.10880716791977241,0.05676764797836553,0.014760635564459881,0.09857395410621977,0.10968778500483924
0.17402373446691052,0.20281378744786746,0.11501637579958472,0.0842434396690726,0.10778688058424506,0.06464010787721548,0.031899699075527914,0.10555978236746107,0.11401619271211516
0.14991345310424242,0.053552460652094215,0.03875365327970298,0.2853089282073402,0.1306084429956895,0.035639844963055715,0.023555705622837212,0.11228580159707495,0.1703817095779628
0.1347473404596251,0.20156982699697254,0.12276852221791905,0.08794912089796596,0.12137977292496736,0.07476205639118338,0.01787134406911424,0.11198863281501333,0.12696338322723913
0.11781200019762629,0.11259683596533356,0.17967555673427868,0.12021886576070495,0.12294904492072012,0.09055751702346382,0.01963314144482561,0.1070839981564811,0.12947303979656585
0.18369120538858133,0.0982850496137682,0.10396616965320216,0.08293811477088754,0.1165666075397012,0.11407050738106743,0.016556535946262975,0.15339898574890462,0.13052682395762452
0.11918538521601381,0.08358404428197787,0.051803487906933544,0.05521930450885392,0.0664483360088396,0.34401611734251447,0.1384679006360436,0.07233013399510092,0.06894529010372215
0.13054666372387638,0.11148210785878689,0.15094257016009024,0.1097180271981606,0.12476675913778523,0.08105945806838277,0.019435240794483777,0.14308903626829644,0.12896013679013774
0.22882775536291053,0.04780852380753418,0.038819354878152496,0.16175194880006985,0.05776073024242994,0.25643709506411444,0.091597162136391,0.06162725651278724,0.055370173195610474
0.13300984635371862,0.26811279161000523,0.09233859642370046,0.08972698549034214,0.1041212336360317,0.06154842689000448,0.014621444248475541,0.12005908523688004,0.11646159011084183
0.2535210150789788,0.07593979751228036,0.08014866118580725,0.23456542022612217,0.09422183132093022,0.049438688757317044,0.03442726956669976,0.08725231570919102,0.09048500064267335
