0.1314382385673237,0.19869011699352698,0.04503319751524024,0.07084728665933064,0.11436430539539215,0.136977558857834,0.13327418085122997,0.11858950705673584,0.0507856081033865
0.01682543844617378,0.17547255860287692,0.10390778968614241,0.08540984264391534,0.1340687127171633,0.13809777998139858,0.1476423533642849,0.12028629579334693,0.07828922876469788
0.11930673884950012,0.09239871132319084,0.08717472791092697,0.11215081667216831,0.1123129431053607,0.12751931629175647,0.1314255035618054,0.12030064663570535,0.09741059564958583
0.025303549156203173,0.08814841477972046,0.10135243543973889,0.1104618722902994,0.14856251955063904,0.13114522092084704,0.13619201764461628,0.1408618488575155,0.11797212136042023
0.010425078264961482,0.08819890856037932,0.08118247651174683,0.1119356138094111,0.20499300016631405,0.10428531029910366,0.12078148533812433,0.13394231676820065,0.1442558102817585
0.03870199160961516,0.07956775704490054,0.14556428101697075,0.11049237402462216,0.13666344804918937,0.11193944971725679,0.12824830517938127,0.12508473271568735,0.12373766064237667
0.24754637753336453,0.16101728135080925,0.11091914093420334,0.0688269864585333,0.08068574002025088,0.1584510507584044,0.08048562090439337,0.06017443470248059,0.03189336733756028
0.08603572532374414,0.07938637159542627,0.0873331871306125,0.15019790645160971,0.10052991329964554,0.12688710339479783,0.1285432469614629,0.13814430105654696,0.10294224478615414
0.32603653518972436,0.08877888628852276,0.07053659475150927,0.09302961374135839,0.07780373859660301,0.08921194394883121,0.10117580290231211,0.07985511467576,0.07357176990537877
0.09287040190443115,0.13409210882659917,0.0508489019253015,0.10414879395662875,0.13937404102229603,0.10359082550292426,0.12145555660258123,0.1346448689653951,0.11897450129384275
0.019034352156388875,0.14116026253702504,0.1000198999574503,0.10800222890991647,0.12822410615220187,0.11823191672400453,0.13402625110750133,0.12084130812473987,0.1304596743307718
0.02654894135354018,0.13038475053907952,0.1258187968640135,0.11154256794857265,0.12691999093788428,0.12074873723871753,0.13114906013664498,0.10461561594616624,0.12227153903538109
0.316940672682476,0.12492092979550812,0.050030560936000466,0.08968633065251276,0.0779097206327135,0.08734190027743276,0.10229635230205952,0.08113207222832612,0.0697414604929708
0.04998307731623894,0.0908431948161919,0.11412795176909031,0.12124442338962636,0.143740057219768,0.10683785936275458,0.12501918830983275,0.12964275689685703,0.11856149091964006
0.11424092050510386,0.11732036667615954,0.09169356309235176,0.10084294132932431,0.10574373178809394,0.13208235919433364,0.13823041912885473,0.10833010434628787,0.09151559393949038
0.02884456781397475,0.06894939472184101,0.1374531947211881,0.11592516477530201,0.13924857448687014,0.12312260324428488,0.12138924189015136,0.14407829982574724,0.12098895852064044
0.002852754231878339,0.14195383685342164,0.12438305684691665,0.09807418952830509,0.20763877151454965,0.10251509529283608,0.1156716079131055,0.09498576097479867,0.11192492684418835
0.15871814910200574,0.10305678726076123,0.11238306078807393,0.08220408332711453,0.1045497697156989,0.13108895718798866,0.12688015728522037,0.11904805289175631,0.06207098244138032
0.06439608100047016,0.131465232219604,0.07247708704171167,0.12871976573712648,0.1401895172658705,0.08247010190305905,0.1171923543067121,0.0824051062493398,0.1806847542761062
0.1971348350301323,0.13556419696499572,0.10534968770156448,0.10821619550828669,0.07311460474243274,0.11337232997892467,0.10399824701318851,0.0727969928838798,0.09045291017659511
0.022998101404377552,0.1328702083029828,0.1574282913161512,0.11379674208311598,0.08132082415186884,0.20426057275022655,0.10733512606553054,0.11021253891800915,0.06977759500773743
0.2856214791116076,0.15946185412201266,0.04056164585758642,0.08079294508843525,0.08259334683200563,0.08080506270305912,0.08362220668507024,0.09212756307054776,0.0944138965296753
0.03983454473170874,0.09295195362220786,0.14768540270167865,0.13957021436304626,0.08246510571333564,0.14114662289195853,0.13549330929994666,0.12288434247648188,0.09796850419963572
0.02865288093327174,0.12026255200426023,0.07191884710033031,0.1212286957111152,0.1684576425582416,0.11022358402295203,0.13425947371063784,0.136466357851916,0.108529966107275
0.022404418687825625,0.23870814686147646,0.04486051296543509,0.10116130517314133,0.11899717432116126,0.10738784128013133,0.12178297707315146,0.15563299201560263,0.08906463162207486
0.30006989907533815,0.10282897052115454,0.06680658263043045,0.09341652059487837,0.08165515900195451,0.09325179746097356,0.10847123602643549,0.07838694797746211,0.07511288671137277
0.26969208889694746,0.09719811742092653,0.08293568797991469,0.09819094843767738,0.0835626440254455,0.09581440919320332,0.10990182799431625,0.08661869768125197,0.07608557837031692
0.019735386135043848,0.15013370984801086,0.0522753726026474,0.11747709744097362,0.1892963477484312,0.1020119884708605,0.11656151234099814,0.12004203625699789,0.1324665491560365
0.02715137889544385,0.0829500289446964,0.11105987489740639,0.11659834874897158,0.15455877208703261,0.12128037991336398,0.1315278318985594,0.14707668865872237,0.10779669595580339
0.375436105856162,0.11947419487854928,0.045255442146597526,0.07729484804467142,0.06645766617311004,0.08363642303992051,0.09023744238819509,0.07225831698983833,0.06994956048295585
0.01831018645497195,0.1310306877947847,0.0947681264017561,0.10397864904116688,0.14764624282613595,0.11051239607923317,0.13495831874362063,0.13014223430534,0.1286531583529906
0.014948523483051647,0.13029134591482164,0.10128871807940498,0.11322805023924909,0.16491523395044885,0.12032050526872849,0.13806750951191346,0.10501587646676695,0.11192423708561498
0.19277297686123798,0.11250103413588057,0.06715732242939539,0.11166968314812455,0.10446790525605676,0.10073135196677735,0.11878320207165177,0.10883428744985946,0.08308223668101626
0.1352774042514411,0.080442945132573,0.08597032332466549,0.10036353216169434,0.12349755149064483,0.10302653078841506,0.11128899416438702,0.13305802874487646,0.12707468994130264
0.18840835553571902,0.09952350938739878,0.07249692791514084,0.10274327057015321,0.09501531718883131,0.1148509017391015,0.12317321267696886,0.12090957142707331,0.08287893355961318
0.026168481059113208,0.09661727262679787,0.13172658673133017,0.11902114057879837,0.13887390692992338,0.11579412512327629,0.12966855458540652,0.1529508909050347,0.08917904146031948
0.03590509085331363,0.1453588020757578,0.07213010692997317,0.10685300498191656,0.13885325637394763,0.11625898635094815,0.13956519331602846,0.12643710510902909,0.11863845400908546
0.06703338713564609,0.12472338251388215,0.08395961362167471,0.10254768295048344,0.12391683734711478,0.12026057074307202,0.13314239962058255,0.12151738194022428,0.12289874412731988
0.05034067248685933,0.10089682919371938,0.06932850583662493,0.11294388038098901,0.13718956010595534,0.13166753060469916,0.12920769921313582,0.14858655707221388,0.11983876510580309
0.0026697109618681364,0.11664398917206747,0.21514206589512017,0.1341439282252823,0.08713240060788084,0.1669065536773466,0.1038379803805094,0.1093661963117379,0.0641571747681872
0.07995559752784831,0.14057010758732286,0.06148150596757098,0.11186611039468257,0.13192167532608248,0.1101083233598027,0.1348603075998208,0.12091247609125728,0.10832389614561207
0.02652561725191299,0.07726159951693103,0.1292443872801288,0.10923074357415656,0.12696717023365742,0.14690712748058654,0.13540137250771503,0.14711774072550146,0.10134424142941025
0.07152757901103086,0.10594782140216015,0.08793578006696451,0.11090084854950887,0.13618218493781803,0.10671740551319021,0.12495439328303308,0.12918195093745902,0.12665203629883523
0.033691301927258076,0.09511194606737337,0.09793325204730345,0.11500359770494302,0.1409451509775308,0.0962285105905164,0.1234724608789844,0.10362189402203607,0.19399188578405438
0.3682330253536321,0.09043658513149123,0.06325641285611762,0.08667146089467563,0.07037767678814548,0.08463991370858848,0.09516409766662587,0.07408792192576329,0.06713290567496034
0.019638701220697885,0.1753180318596745,0.09756382119489386,0.10445794129114877,0.1377553543061706,0.11882902269366363,0.1430159193807812,0.09687674777351503,0.10654446027945451
0.41541414070024635,0.10548546315745995,0.047530831315560636,0.07659396631735507,0.06138189179611958,0.07570083358493807,0.08489861710221196,0.06992243643184053,0.06307181959426783
0.038707409466919314,0.14679945405138586,0.0712232058843265,0.15545612739904638,0.10673795169660644,0.10122400476468274,0.13426198766912828,0.10034205891156771,0.1452478001563368
0.006975730376254297,0.0958159940465683,0.1684105028777618,0.10663162105066841,0.14795152125981736,0.10431617971258768,0.10804751140149771,0.15341255637675516,0.10843838289808934
0.013109045423683713,0.14563116019343172,0.10535836925194862,0.09476761505732158,0.1376540939434114,0.13050439550771267,0.15143004608023616,0.10701112593341837,0.11453414860883566
0.1251582612533457,0.13271125635927586,0.06719752395048896,0.09474460146225545,0.13089166686251655,0.11555141170718682,0.12932374087090007,0.12835430166371184,0.07606723587031873
0.27590751328674007,0.08683831002483604,0.0766275616458526,0.09914133879357716,0.0865183534216189,0.09464324337845083,0.10795071693493523,0.09040221053787105,0.08197075197611821
0.03394861385607322,0.2021266704753192,0.07834836795023052,0.11144310747407737,0.08304796825466841,0.11281889224323904,0.11068176741594031,0.17980612557633566,0.08777848675411633
0.03793901279119689,0.1424535187033523,0.09551733344455743,0.09988317963590625,0.1282855413331608,0.13560722550217566,0.14613856912943227,0.10334867033272647,0.11082694912749191
0.02811502996932724,0.09304577694071652,0.08931495054242766,0.11663796170137457,0.1592245199974828,0.11458534353213932,0.13536993614800444,0.1595429883822562,0.10416349278627128
0.1413133727648979,0.10689332448788053,0.08359089283940618,0.1186210298049103,0.11456260604799728,0.10882783322200622,0.1276875120626266,0.11396540512880564,0.08453802364146935
0.048418197553156316,0.15779220243747924,0.05566028183982032,0.08340527956569811,0.15450784282647853,0.12202760952709014,0.13019308920439568,0.15882601037855545,0.08916948666732612
0.0036140207263658333,0.22124847593887906,0.044385537015691395,0.09470382483468215,0.18989488274513158,0.12418650121417281,0.12461508368127332,0.09230462636447627,0.10504704747932762
0.049713709110435655,0.1108135214132443,0.09667952430255394,0.1593461950332505,0.09313363921043172,0.11409603911056947,0.12348373750745284,0.16013508535006363,0.09259854896199797
0.14862106952066337,0.1253035244425663,0.06432111409385877,0.1113354024463941,0.11156702637517324,0.11163689474428218,0.12596260073901142,0.11067104967960391,0.09058131795844675
0.042960197394675805,0.0903539098195158,0.14222893485967206,0.1113475380119441,0.12000201355869476,0.1336130579699931,0.13542582672885575,0.1274384366464253,0.09663008501022331
0.375436105856162,0.11947419487854928,0.045255442146597526,0.07729484804467142,0.06645766617311004,0.08363642303992051,0.09023744238819509,0.07225831698983833,0.06994956048295585
0.017982096760664437,0.08035826957615194,0.22891370780158282,0.1215940292905933,0.10219476090032513,0.11411265857054108,0.11549828909341187,0.10881856772723524,0.11052762027949421
0.0064434140432293174,0.1993506881104706,0.035653115976556723,0.09736660545921512,0.18402078707426864,0.1184889684713503,0.11421057296439419,0.1331780087336855,0.11128783916682954
0.0279129709602991,0.12936395387731683,0.08040877315328636,0.08330140439509975,0.15629498881128898,0.1299667253513389,0.13182116015191858,0.17440996696066993,0.08652005633878153
0.004482451944498765,0.23862707907468791,0.0515070088059966,0.08904272676718235,0.11816397418863518,0.1044597485628273,0.09990902582813076,0.15585238623528205,0.13795559859275922
0.19572232513211987,0.10302361107504354,0.07995885881588889,0.107301069949779,0.10043922316140093,0.1003779218182869,0.1162985949134973,0.10709066750450623,0.08978772762947733
0.17961497443659205,0.10644921894529591,0.07474160093601996,0.10529216087634086,0.102199980367732,0.11754843551379363,0.12463842354257192,0.09436362928303017,0.09515157609862353
0.009586130103846785,0.16477804659643053,0.06386857196451655,0.07274563944417235,0.17094156600505117,0.13168768973455117,0.12226798878300793,0.17458981512904284,0.08953455223938067
0.07109913623248341,0.10699270949638447,0.11580404409500149,0.10920164209908619,0.11180541742278009,0.13511883830799376,0.13962022928402334,0.11329128426465244,0.09706669879759489
0.026403232918805364,0.09136648862859582,0.1049154128865702,0.16255028615495656,0.12619303834238377,0.11037262089580609,0.127766694221434,0.13090681988886435,0.11952540606258381
0.021292303529571937,0.18369171585224411,0.07112802346974258,0.14841304785565498,0.09690371355668649,0.12376488392581474,0.12869826359735712,0.16512193866537297,0.06098610954755492
0.036248835505530645,0.18078905680001078,0.0507013128923281,0.18921277470955544,0.10772417643335225,0.0701158573083328,0.11092770453235751,0.07758268638729156,0.1766975954312409
0.0041005279108375075,0.10652736885272113,0.15485771314212002,0.12519096418531958,0.1289013646105556,0.12413060824191775,0.11184780202891305,0.2075620914385745,0.0368815595890409
0.10754659949295992,0.07970463172789714,0.1110614929155751,0.11320271144704126,0.12378692835452114,0.10464122268395815,0.11949080613992123,0.11739082570162518,0.1231747815365009
0.06086228578664318,0.09816655398458335,0.09869370103195245,0.11683074332739052,0.13821362720355682,0.11571007129841308,0.12603121410097937,0.12929191544376786,0.1161998878227134
0.010207542602936987,0.11947856274222246,0.09675384006644745,0.12192467592456462,0.1833443395815475,0.10876252342351984,0.12527771181638406,0.14512411701602426,0.08912668682635279
0.005864298525762136,0.12114972982694398,0.12559059606465364,0.08126780324963288,0.10371245505814486,0.15672928002636766,0.1246773195885482,0.19924544950169984,0.08176306815824678
0.38703566047194143,0.09124590531768173,0.06773576077275677,0.08085349860577767,0.06349387420683009,0.08201050776691064,0.09054050382350125,0.07264158548209904,0.06444270355250124
0.30859264121311497,0.11877571716485374,0.05559119642448562,0.08922667671838809,0.0776541834999429,0.09233472102423186,0.10754175544413934,0.0795937787609936,0.07068932974984989
0.3128496316193284,0.11466466227253837,0.06361394787953645,0.08383826358847986,0.06993212763464567,0.08643955129560003,0.09867485981633976,0.09642496854897527,0.07356198734455625
0.1182751246441448,0.14630372443367234,0.07649813118882388,0.10777195890331516,0.10347181564123864,0.11987675797599162,0.13401925521807678,0.09525681396848584,0.09852641802625091
0.08263332546611928,0.10624654010730149,0.09736110798701432,0.11077615001621015,0.12611091647777015,0.11677286144179755,0.13046393968835232,0.11068048510789912,0.11895467370753558
0.029603372618994,0.09574282763430231,0.08829998253957148,0.11670804550829082,0.1630352572873,0.11889886622462077,0.13479779538652414,0.13255595912898102,0.12035789367141542
0.06022516487033277,0.09061016223382916,0.15595024286870904,0.11457895606481694,0.12939447076114538,0.10077210850252884,0.11482998637259596,0.1006845219393843,0.13295438638665757
0.01481903739342231,0.08894125200777293,0.15354150309113804,0.08385234583081669,0.1476897380552827,0.1525131589592784,0.13740350821225322,0.14678838267534383,0.07445107377469179
0.0065609230498548075,0.1815962731907714,0.10541294497808983,0.08687022699801862,0.14015553271832656,0.13499502741700678,0.1527979873929933,0.09758198235459065,0.09402910190034802
0.03633261184830473,0.10644159972078134,0.09602030439299442,0.12749589129053396,0.13179171872359993,0.13136543057266561,0.1303802882816207,0.15202918199767304,0.08814297317182623
0.2548741318599295,0.11193692217090652,0.07011268647295223,0.09408158057189131,0.08696604433362033,0.09604621075618529,0.11233072420448192,0.08579678281869996,0.0878549168113329
0.09647895459176985,0.09175104607099281,0.09220787319686623,0.11864050938135688,0.11651226162129247,0.12446847255187843,0.12718469375734795,0.1363489972181634,0.09640719161033201
0.29723958904203657,0.10568090651665259,0.07868410620188464,0.08980747766455194,0.08079374458560029,0.08707038209176172,0.10058874535072687,0.07321276645927852,0.08692228208750678
0.37214693408128413,0.10973025340315416,0.04936362253036697,0.08266574851867238,0.06727094717785839,0.08354053398622961,0.09409200208727853,0.0803985831259816,0.06079137508917432
0.02860333900440891,0.08219323915250723,0.15426123454889068,0.10862805785218897,0.12657143224125691,0.1337078607485401,0.13178383629816012,0.12852048759237114,0.10573051256167589
0.004834300986065062,0.12129904927779683,0.08494905652880408,0.11634620967151714,0.17422961743589108,0.11805098124334994,0.12293085478106118,0.15197277307935464,0.10538715699616008
0.11961262379719796,0.13750840605005696,0.08152978426983513,0.10401922386869185,0.109533041736933,0.1080300649814064,0.12850826758855471,0.10505064060773968,0.10620794709958425
0.028632566753635565,0.10110873902398358,0.09319802527011256,0.11900597603185625,0.14407149580060064,0.13073461751461748,0.13468927994680768,0.14823982613761885,0.10031947352076731
0.005467708296987272,0.12779805047870693,0.13486627620849231,0.08231349463378894,0.13162199214333314,0.14982996026452705,0.14635382238888417,0.10593628524160285,0.11581241034367735
0.05681519828512621,0.10421582108258698,0.11705478385179104,0.12060920026261468,0.1147943612690603,0.12490040111908633,0.13782148736421604,0.11654718038688466,0.1072415663786338
0.08728204885922163,0.09234273717813672,0.09991086202172426,0.1218703819726299,0.13635747556190836,0.10566967847201182,0.12436421519216412,0.11566351048306978,0.11653909025913346
0.025437129443482975,0.10008313350208854,0.11580405218877039,0.08740385916581915,0.15633322283878143,0.13856676635667886,0.13486173660719425,0.1537987058040761,0.08771139409310826
0.05197620214701312,0.0885807767807726,0.11725975635233248,0.11495502480880353,0.14207608848504483,0.10807594482192635,0.1269864835050161,0.11959492629060149,0.13049479680848952
0.01271376931591999,0.08359477010886983,0.06620080538819784,0.092339009266712,0.17684410153287425,0.0947657535686111,0.10266763025491747,0.22763339611400643,0.14324076444989112
0.03869563458581816,0.19174366853566083,0.06858534166684065,0.08253431437348548,0.12764941252463805,0.144824572704044,0.144999005516765,0.12215458892325408,0.0788134611694938
0.24017731637699744,0.13539484167205817,0.06276091614195273,0.07979249856115994,0.09307676348690049,0.11094473323223016,0.11825397824160462,0.10179095278359566,0.057807999503500775
0.03913837290627912,0.14894055672182224,0.14578459039537447,0.1452259953077748,0.11706280933980728,0.0561260428095736,0.10744651526417914,0.03611948764798897,0.20415562960720032
0.09416373189159426,0.10256843455973351,0.0891246438520354,0.11458628937100214,0.1315701521936762,0.11025174620952981,0.13320335892589277,0.10839557110332483,0.11613607189321111
0.16182331678327605,0.11078863996959099,0.07773361321602314,0.10468399058878523,0.10355051457476916,0.12294637683976235,0.12965913236383694,0.1008192761463312,0.08799513951762487
0.010613214587914125,0.1109909360660352,0.07176928272298784,0.11472380810242412,0.1861410777995951,0.11334724027379613,0.12297143893924439,0.1579463583652567,0.11149664314274638
0.04000704024478965,0.11782298986271983,0.10053336563970573,0.12343462361242301,0.14204782481110514,0.10664638012207532,0.12193372047175645,0.14439336980036707,0.10318068543505782
0.010938448310835859,0.0781934212061952,0.11314712843092911,0.10862405183643736,0.17716743323259054,0.10871010693227823,0.12372022910094992,0.16780720201224222,0.11169197893754158
0.022175308885406596,0.18494113170213244,0.08204813275280595,0.08154191366022738,0.1069033976255211,0.155479558273268,0.1330637744213448,0.11579163554762957,0.1180551471316641
0.0922440036572197,0.12229395523614055,0.08182269712082951,0.1119279738456374,0.11783859689511726,0.12496136401394618,0.14285174450991192,0.1162385503119278,0.0898211144092697
0.08578395161533714,0.12661891754137566,0.04815613564346143,0.09317555046992847,0.12727824400368545,0.10898972163546979,0.10900115780546889,0.1867099966722879,0.11428632461298521
0.28344736730417014,0.11443350282337948,0.09721040492662984,0.10062433468817272,0.07386765988108505,0.07731280807116546,0.10095649043842826,0.059231973577328956,0.0929154582896401
0.06797627055849,0.11289044468991404,0.07864811454488234,0.11551631760876098,0.13208439208888367,0.11689832573191028,0.1398325477503797,0.13840190960717913,0.09775167741959984
0.06441334906792871,0.10138486529810635,0.08715641595792234,0.1158683325513196,0.13160260623832198,0.1268383180771184,0.1322807872153575,0.1276232176684595,0.11283210792546565
0.16182331678327605,0.11078863996959099,0.07773361321602314,0.10468399058878523,0.10355051457476916,0.12294637683976235,0.12965913236383694,0.1008192761463312,0.08799513951762487
0.3513421889173207,0.0972220685940929,0.07701042041315319,0.08742974952373395,0.06874099686681828,0.0885059102430068,0.09674948521589954,0.07289325256373867,0.06010592766223589
0.03488246830023048,0.1530412486816497,0.045090342704666796,0.09700889105811399,0.13310220190840313,0.11192813445956364,0.10464187309245963,0.19976972933153514,0.1205351104633774
0.14417213803445791,0.18170202783486375,0.021866873759387017,0.09284192073008296,0.10803565694210317,0.09115358438121274,0.09869636125250647,0.1507403917210449,0.11079104534434109
0.015768567923237633,0.13498924357573708,0.08304500827317592,0.10015573198484727,0.12518344532234446,0.13921484823888366,0.12794336294868122,0.14337379988536378,0.13032599184772897
0.008951755101650494,0.1006468033466849,0.09316670569692022,0.11580406506723213,0.17868832484502029,0.10727654205741559,0.11995193157331506,0.17788134313155038,0.09763252918021104
0.022328795029477183,0.16685413136726748,0.09924063039700065,0.07289160549958719,0.11272064806315589,0.1845346778552713,0.14271410147406638,0.1263482744571785,0.07236713585699543
0.06903001996574118,0.09951798935930622,0.11908877744849866,0.10639501908184297,0.1119952545600633,0.1363075441718709,0.13928500989145884,0.11526320765200448,0.10311717786921341
0.17056569359584403,0.12389059659489783,0.08662167302339607,0.10378463688584683,0.09859061190641959,0.10514706655765323,0.1253097332638912,0.09570614034027229,0.09038384783177894
0.21013938715117972,0.11938233580331355,0.0654831821787682,0.10002774682796005,0.0901652220412316,0.11200115888021499,0.12238665518787491,0.10528495368039892,0.07512935824905814
0.008165266481730883,0.0772022315105099,0.18747619810038793,0.15289522376904072,0.08550142965944392,0.1299554473199638,0.1180407996408727,0.15557281371902412,0.08519058979902606
0.14668903223172455,0.15348699903874027,0.057432395501222595,0.10297534693573789,0.10883587110093344,0.11087238613927099,0.11742553796388448,0.0974915279465819,0.10479090314190397
0.04278344464665893,0.12475732949932024,0.11615298679797702,0.08874168755667183,0.14303256367943593,0.1429906570330751,0.14232568989883806,0.11419716372027684,0.08501847716774606
0.028321019369595187,0.07234926552633643,0.127226644016835,0.1097724352898372,0.15095124281012132,0.10988286451885564,0.12522263145839277,0.14635244365037028,0.12992145335965613
0.032233843032651754,0.09544025908019214,0.08208319015216255,0.10856760494528801,0.160641798638046,0.1280858614069537,0.13319819795738366,0.1388200863039758,0.12092915848334639
0.01572766538241316,0.09664365065597784,0.10750214921847075,0.12197902637080686,0.14521054028483663,0.1129031868608998,0.12729512808567736,0.11815976401690272,0.15457888912401488
0.07687253122920841,0.11107300052639202,0.0952689450663347,0.12049995615423381,0.12788046620798274,0.11559027959685397,0.13409988414972193,0.12311458114341574,0.0956003559258567
0.17959841993452805,0.10010764679875406,0.06842979335454563,0.10696674718574793,0.1118734957615054,0.10481830388493675,0.11694941208754299,0.10039785955390224,0.11085832143853701
0.2699543875907204,0.13019794914302033,0.053887765818705524,0.0952341222838118,0.08637919311544807,0.09328191075702734,0.11106435121002504,0.08411134247742885,0.07588897760381279
0.046286407174711025,0.10221786130206505,0.05369204364292544,0.1203298767308757,0.15682994257683489,0.09601504746464516,0.11245698803231259,0.20256427675024868,0.1096075563253815
0.060019446726209257,0.10220676605798995,0.10038467713735177,0.12532735211959675,0.1425762447886834,0.11190091740292464,0.13202543743656073,0.12693990755890497,0.09861925077177852
