0.11224505368341631,0.005336655415162976,0.0956434100642603,0.1669326146959831,0.04087434668016541,0.17035024422054243,0.21827267046042623,0.104051173290492,0.08629383148955123
0.10677829793741662,0.017324844375467306,0.10794261925419747,0.16452743902431155,0.10068532160987916,0.06730590566313148,0.07440345997315623,0.16494672429291055,0.1960853878695296
0.12169293242725805,0.1866308800345341,0.1147933160517313,0.08713035812303606,0.100827488061262,0.099073907733654,0.06467182041901674,0.1222568298560573,0.10292246729345034
0.15717100181349478,0.08627734933079238,0.1242071922966778,0.10798035278846556,0.17762203779528343,0.0907228733013921,0.029267048678936272,0.12674454497836718,0.1000075990165905
0.12497053976916622,0.07944307593889251,0.14151624404457555,0.10886429539265978,0.16182300304073116,0.09361484379067038,0.04262393638340215,0.13727052696896408,0.10987353467093815
0.08130217750665127,0.052534197652246234,0.08016634301380175,0.05349696046347435,0.04051863713041835,0.29194667645650435,0.23082267380719987,0.09066639581711433,0.07854593815258949
0.08219814797367327,0.08721335879146104,0.07415589368167973,0.15248162187716158,0.08668024550678181,0.15006815717363844,0.26232872640100263,0.05352915005224845,0.051344698542352955
0.09821619627359894,0.14776028782225015,0.11834485758285089,0.09353483540957126,0.16626389609393077,0.1443952874735874,0.026539646272547374,0.11657275164887121,0.08837224142279193
0.13877417004301765,0.011005480119997782,0.1199153945997678,0.21167648164627015,0.10924628262382215,0.1520076608820863,0.061967079957762454,0.10712226097065287,0.08828518915662287
0.11279974470716507,0.039231231053326515,0.12268888599803018,0.08701101715927229,0.07990408080881149,0.12232764440654703,0.17974976357761205,0.13364494756681558,0.12264268472241972
0.09755144533515721,0.10687994179064053,0.09490897184782664,0.061826791490688905,0.04663291364065342,0.25983086661283905,0.12281175886631639,0.11856280843037977,0.09099450198549809
0.09804478492631845,0.016267667614309117,0.0851411693985628,0.14487773083342081,0.04956451626872377,0.2582649732642523,0.190157426304276,0.08815256961091732,0.06952916177921943
0.163237082811653,0.040928163210208486,0.09934834239717312,0.07451344917935539,0.06593870106366854,0.17813578887801843,0.1304307572546877,0.09178709405789309,0.15568062114734219
0.055814397265532306,0.003202726920767795,0.08461679128744876,0.12583438818346943,0.026439965944818122,0.12617050661831927,0.3136800258278554,0.13622873748971195,0.1280124604620769
0.07419472563911392,0.045920549340552,0.07713019403204448,0.34819344006017316,0.12730286400258237,0.17244626013307426,0.03847375217058519,0.05017479027914656,0.06616342434272805
0.10208595270493526,0.031778057241317874,0.09036319170602847,0.07511889724645902,0.0443558107758428,0.134670965631793,0.3127830174318667,0.10800211922559266,0.10084198803616416
0.11374257109408835,0.06662641904282365,0.1218127784101719,0.05415956814498051,0.08288640644801666,0.09479794556699823,0.20525725157646757,0.15960612031459176,0.10111093940186137
0.09741788906567682,0.03294345219313134,0.1052676077846146,0.09690425329029205,0.05148410046109463,0.15467370818025075,0.25350030705858634,0.11272201687485332,0.09508666509150016
0.13782499686436925,0.02189730662049723,0.13408130900405738,0.12155570998274194,0.12958158715271612,0.10407573049417713,0.06035538996708869,0.14379675969007302,0.14683121022427925
0.13455076888770798,0.00934868580252062,0.12149496751738033,0.11618223280069319,0.08137176180112023,0.10898547146131676,0.16982980419235683,0.14498105865044905,0.113255248886455
0.10466155926156974,0.14875988699741013,0.13382417610975839,0.049080731262025494,0.1422168047835614,0.08655736398280824,0.05992561119128955,0.15352319218410393,0.12145067422747313
0.13087237683638353,0.000522849361667894,0.07702802121479589,0.09236179604265606,0.02907409220561463,0.16797471337350253,0.29591572020866336,0.06952945927661526,0.1367209714801008
0.19218956446374924,0.010656987437700426,0.1142922584887646,0.08483429604264509,0.13457645706314375,0.11379477868572156,0.03261757988729652,0.09268579380509807,0.2243522841258807
0.15375892413945172,0.0026231660012413197,0.07956831834661073,0.20258375664472872,0.02405941442024691,0.21088772261529234,0.1948022365428366,0.055429577892822414,0.07628688339676916
0.07294836189546149,0.041328338343866934,0.0956052884286631,0.07389092947263494,0.04259877202710691,0.071487290577238,0.27478266604998197,0.22309440581356577,0.10426394739148089
0.10823612662696264,0.03934673047500672,0.09073579186591267,0.09942762903276496,0.04536156849365661,0.15321804264212033,0.30094240694063124,0.08912340911481476,0.07360829480813014
0.06825977068686993,0.05284321142690853,0.08323482645197995,0.14068360930967908,0.025550426808550925,0.22739661244672923,0.2827772603329887,0.07124834495851304,0.04800593757778058
0.11041293064412072,0.15775237350866442,0.10150066059103742,0.22334065017048213,0.08380159634082934,0.08575400737668888,0.05503399439510812,0.10554329367105458,0.07686049330201437
0.10402230205243519,0.08362080151535561,0.09409681663727713,0.08998609109289757,0.039092199600303364,0.1432044111185296,0.23441377262970317,0.10106651083834282,0.11049709451515553
0.10094766057478004,0.039351256341107615,0.11150952464351845,0.05915678948434364,0.07082910800983139,0.0956767365342734,0.3089861768064162,0.11532718063391323,0.09821556697181599
0.14132354395661847,0.021929602352818173,0.1038801627177765,0.11404155522185329,0.05712041038206706,0.09313184355558309,0.20349749075679166,0.14370555114710495,0.12136983990938673
0.12005185483672061,0.08994857113368486,0.13685596226442284,0.08172762318158597,0.17785622108260654,0.090165896826243,0.043132338487140404,0.1325929393491098,0.1276685928384859
0.06541460254681696,0.11014361086508356,0.15104326527039502,0.02508539055407573,0.25640249416514665,0.11022266051313173,0.053823526476084134,0.15516769081517048,0.07269675879409564
0.10972238755006997,0.010813900212123704,0.08302627332208336,0.14686678982919463,0.02628992028049687,0.1399418092116035,0.32160567559086367,0.08600770563364124,0.07572553836992298
0.11140000641349741,0.005864144073521961,0.08716521132977335,0.08319711329603856,0.03512933836627996,0.10311229587458914,0.3446070485359665,0.13326136711556066,0.09626347499477249
0.10995712918483043,0.07661088473821188,0.09886731650530252,0.12789870228433523,0.043277073926357046,0.16705081887489306,0.20682086687213397,0.10250480468307781,0.06701240293085801
0.15986267885317243,0.007721350392956764,0.06720252761912089,0.1274611365100202,0.04897774044876175,0.1698249781938004,0.2195777595738888,0.04976180655312096,0.14961002185515782
0.09919842179160303,0.11932745171506848,0.11765288952471775,0.06259868304973636,0.061233984463123496,0.09312425736644359,0.20725110299864666,0.14163099209613553,0.09798221699452521
0.09815190362842112,0.3274350510382392,0.09924106753975603,0.045688498807236695,0.10611016105793765,0.06603459749080563,0.05684303441206595,0.1066251009498151,0.09387058507572259
0.08447125488819597,0.01168427202765474,0.0957828708188833,0.06145456056518778,0.04253412206479477,0.10739867844681328,0.37962545724947483,0.1295072932042354,0.08754149073475999
0.15508719274635768,0.13719906483559344,0.10198647911151376,0.0787307384116132,0.07668736360278791,0.14609614880132019,0.08820423716438901,0.08042753385108074,0.1355812414753441
0.1121283929679527,0.01102036079987178,0.07971624636405324,0.12819083284211194,0.031232246469661527,0.1762844371626295,0.32475698341507214,0.07983045147383772,0.056840048504809455
0.11001152710386335,0.0567969163411765,0.1039278245414812,0.0826442171710898,0.05857743932124796,0.1259926235067105,0.22216658818922377,0.120515149779637,0.11936771404556996
0.08986780908974612,0.0029357032975207485,0.092444930239078,0.15389947823732167,0.03307156782720296,0.18072471893482298,0.32560363241270884,0.07570877014244759,0.04574338981915103
0.11785546863048513,0.021478565290558898,0.1284754569771637,0.07723731797244741,0.0828972255898058,0.1177408773806717,0.17494800671481028,0.16325357684249484,0.11611350460156218
0.08878784967226949,0.2163452972124883,0.08623720274823699,0.07385633213403142,0.04376513458670672,0.1368563319344705,0.19028928985273633,0.09448168685828767,0.06938087500077268
0.11217738405870344,0.16372247610884513,0.1328291824952154,0.06775892505178398,0.14283240792451968,0.08232634079264077,0.04774237324837508,0.1365100792343267,0.11410083108558984
0.10113088499699635,0.026977725444249423,0.09690801178686903,0.11895736495221143,0.049190905160839606,0.181580563741682,0.24436825358745104,0.10035193198155574,0.08053435834814539
0.07637177544343397,0.2615309596977457,0.08974815006582888,0.0523235439500326,0.05248328517642129,0.12274883678197461,0.17832709381175127,0.09618932037829409,0.07027703469451758
0.08129271373812948,0.12802433793216847,0.10895590076518924,0.07220549198884024,0.06601631106809548,0.11945214619279902,0.21306892024033144,0.11137585915858313,0.09960831891586353
0.07427777657851127,0.11046150070546205,0.07548825398289373,0.09570126435739323,0.028617787701980785,0.18905479911188092,0.2720709944474448,0.09001497134898796,0.06431265176544528
0.07423124880663855,0.44506025002776073,0.08656670072946938,0.036521818514853234,0.06591429248568792,0.06371149141005085,0.057688943925681475,0.0975882601242335,0.07271699397562437
0.1155020862218812,0.17208150633739594,0.12010900723055734,0.09688234534638591,0.12401055670209739,0.1106363442660911,0.04140222787140554,0.11899288716841365,0.10038303885577193
0.17868214736389731,0.11093518078801777,0.07861853147415016,0.06645820020258814,0.050050754100397644,0.1321582841322996,0.11938489653593727,0.0567201423363066,0.20699186306640557
0.11157008759646425,0.2730777165327763,0.10563969307408623,0.06387398009946049,0.09790628433672217,0.07901738086032918,0.04744967414786513,0.12269128200082231,0.0987739013514739
0.09536422152544703,0.04134071039354922,0.10846469037776098,0.059055175395286985,0.05722858450241509,0.10367226321900125,0.2916374824414708,0.1338943150867805,0.10934255705828806
0.09124543796063407,0.07619835992398298,0.12413375605442734,0.03216618301095053,0.11478698679177828,0.10101831807408966,0.21563139053979943,0.13856362985717244,0.10625593778716529
0.07109863600072037,0.15363504929272956,0.0950386112510962,0.09366365708452652,0.04674285372504237,0.19787430237572148,0.18346638379046473,0.08845681288314404,0.07002369359655465
0.08033218157078616,0.05837454787884256,0.07306916711403556,0.08929466476401664,0.024835384307726555,0.182437592536161,0.33723194181225785,0.09172173947325359,0.06270278054292007
0.14642695752452847,0.04210369748748232,0.12873158346942465,0.13054657022218732,0.12367750080669332,0.1145553314825344,0.061791895824581645,0.13386589681031585,0.11830056637225199
0.07842054548003574,0.012970793739133691,0.1035533413687789,0.12277729770990281,0.043655270575661875,0.15322406891071264,0.3112499859066528,0.09533578807402297,0.07881290823509855
0.16482544791911294,0.001063297564313557,0.06143041123119968,0.07022754704595456,0.02073828692464318,0.16459654397530207,0.2258932621226595,0.04604974648616816,0.24517545673064625
0.0717741008728588,0.06613796451697197,0.09614187425678226,0.17331886595277166,0.1991270203370742,0.09651728874843106,0.14451898017380638,0.08543862342354987,0.06702528171775389
0.12455547286895781,0.18641142329169513,0.1211822683127022,0.06850923192101097,0.14959931891364697,0.06960613675377463,0.03074123074578226,0.1354331347962211,0.11396178239620895
0.12620824168988684,0.02617220935064382,0.11468190031281755,0.13246638357216223,0.058353474378991764,0.14454640260776666,0.1632183851636588,0.13056009092664025,0.10379291199743194
0.13691718990820081,0.08081930611355014,0.12834356515186104,0.10615737245478528,0.13464700001148558,0.10295438344105133,0.06170744854835538,0.13278177543783734,0.11567195893287308
0.10719811862696621,0.051200343381747566,0.11288866444067852,0.07597226550955082,0.05809171104107407,0.11472325538963819,0.22018911233627478,0.14174446344624242,0.1179920658278274
0.1277953907786096,0.03253613794011192,0.13782900708127424,0.08335275935889432,0.11434693662919877,0.10868778699041232,0.11367861586551885,0.163488402337182,0.11828496301879797
0.09412149544431214,0.10436340699648439,0.11453791879843106,0.19810414057541403,0.21715169960300487,0.08437051826217246,0.03256773338663738,0.07347868440582987,0.08130440252771376
0.12308271545136064,0.07552760787449464,0.09368423395984464,0.10473955039587586,0.06428695551900991,0.1455802214166182,0.2079149981698073,0.09782952327743995,0.08735419393554895
0.1505461414208666,0.032975939593261616,0.12474433383331957,0.14665610858286546,0.0945566438391408,0.12389878677488646,0.07622709430443902,0.13911604663478805,0.11127890501643246
0.06892758937406791,0.019467487957562285,0.10471399517257772,0.1376139105110482,0.055394927493462726,0.07353268555100749,0.17461430084000648,0.21603080864148697,0.14970429445878022
0.12743772494984226,0.005350523692991862,0.08718946819631479,0.22811117738006204,0.12624597202232787,0.11940293766135597,0.13443791699248311,0.07513914282418228,0.09668513628043984
0.14028754429392953,0.08371849080060889,0.13187045688795018,0.10542693623502976,0.137160559573956,0.09814963019496949,0.053471139714510264,0.13745298763540723,0.11246225466363872
0.12598568813440897,0.021821125829845134,0.09569605504598,0.10725763727629693,0.05210305771511913,0.09720196630179706,0.24247695226093677,0.10342303461382922,0.1540344828217868
0.13932414492565223,0.01754124070775222,0.11393654274005167,0.11990895122133116,0.08674496031189348,0.13038441245493923,0.12690130975291802,0.12692823760495184,0.13833020028051027
0.13602243280154874,0.014592543616540951,0.11624007466932869,0.14811566972215853,0.16656943185718515,0.09994557169389935,0.06100676205057517,0.11402488265239018,0.14348263093637317
0.12095692712962242,0.008269607042218591,0.07351232250962574,0.15589750393351567,0.017838801050932124,0.1673194481253957,0.29435609422807024,0.0732449030978945,0.08860439288272492
0.08644929997952244,0.2620442257452261,0.10538105153581372,0.10187863005793703,0.10721271499665685,0.07222357855186361,0.08475449371917639,0.0985567435254265,0.08149926188837726
0.11403190922077255,0.10734998581606096,0.1259077610992763,0.08501403399525283,0.09834540153786554,0.1196207984185826,0.10689051028624691,0.13459909162354503,0.10824050800239722
0.15052467613314427,0.0305863452588321,0.13038632526407098,0.10006398670702328,0.19760123034150304,0.07685031040803607,0.025412822822706755,0.14353947671657713,0.1450348263481063
0.09172583606917606,0.14233256620841048,0.089451121583353,0.08657647843331312,0.038697648680382196,0.14967361296332196,0.2278687858530127,0.10158318253167209,0.07209076767735843
0.09512904392889837,0.1364025395998081,0.09150633204877427,0.07577270616032651,0.04612964873777756,0.14826588680112338,0.19029035205871148,0.09461257163535453,0.12189091902922587
0.1593348666763784,0.009895600582712875,0.12423657047587976,0.16576956051923852,0.1132538050877519,0.11384490644622774,0.05873887260674849,0.1375320207158177,0.1173937968892446
0.12211962379165597,0.01768695785017037,0.09804971931126831,0.1183904501705908,0.03735654386033203,0.12515579516212358,0.2919366432366975,0.12258592248907015,0.06671834412809131
0.12549040295655153,0.07436833403412793,0.1316621542009385,0.10502275702735397,0.19229896997825005,0.1017089281545373,0.034068883711173246,0.11924028456249487,0.11613928537457248
0.07132985739596714,0.17378188450444262,0.11035972527747606,0.10445945671859173,0.21474530098937492,0.1126548025001289,0.05972911026397674,0.07145222880018415,0.08148763354985784
0.08556233353909189,0.10978681543540429,0.1033045032970899,0.1264725012074551,0.04898498328512527,0.16059515693776957,0.2164226400845938,0.09010473619241137,0.05876633002105888
0.12211962379165597,0.01768695785017037,0.09804971931126831,0.1183904501705908,0.03735654386033203,0.12515579516212358,0.2919366432366975,0.12258592248907015,0.06671834412809131
0.12149020798210591,0.01917806927357543,0.10338181524774716,0.2055527810059835,0.1890161738706143,0.1027995354131092,0.07201716850668007,0.08452185281462116,0.1020423958855633
0.09456287379096255,0.021948889838306108,0.08160544660838467,0.18076523702345113,0.02169254574501435,0.2052999499877487,0.2696849838427723,0.07879877765704975,0.04564129550631054
0.1362463958595196,0.01094114407407963,0.09705231553887857,0.1436478792814813,0.057273634308804965,0.11004472510528866,0.11825243102836258,0.12898221345911143,0.19755926134447335
0.1477234736624545,0.01911909034242246,0.11357571825988173,0.18732872587099073,0.08014583614039222,0.15327508929399683,0.08884165697739571,0.11395618672274849,0.0960342227297173
0.1232762555302267,0.12341906545862737,0.09381359289887896,0.05917264679909379,0.06071677241180406,0.1682970045925101,0.1586979202665959,0.07279857344928818,0.13980816859297493
0.08445704430116813,0.031060823436077106,0.06802174536503669,0.04019878950083617,0.06161273712523032,0.35449323094304325,0.26337232581631614,0.04467281975643591,0.0521104837558563
0.11236422467919138,0.0014349290704863515,0.08566621938835839,0.18636477786819028,0.02241314829956828,0.14945602143419515,0.3021501698210641,0.09476890230798685,0.04538160713095923
0.10772509645407329,0.20460558216016955,0.1131145443824108,0.06701907523411584,0.09942142827116755,0.0990401540213462,0.08083803512294781,0.12110473162636548,0.10713135272740353
0.16916361179358222,0.0013699301999336242,0.07310692744929063,0.16638470812910244,0.02178301489117876,0.17645459695647359,0.20654132391740224,0.05412345644242451,0.131072430220612
0.14335597662136165,0.028521903109959206,0.1270652400948826,0.12843230607669612,0.1069510429504666,0.11941334366573249,0.07119280986639229,0.14129259315103881,0.13377478446347033
0.12833617581983314,0.004120333885014186,0.12271258380145729,0.09926992662894456,0.08649561712009475,0.09586681745646163,0.1534766684209977,0.15076065948636716,0.1589612173808296
0.10915713356885343,0.11975578302090306,0.10429355311273895,0.057209860258473,0.09274565811684406,0.0983001127654991,0.22395637154439674,0.10177199794567711,0.09280952966661454
0.1398254542664461,0.014660642025344043,0.13226249095750411,0.12034250786787971,0.1386707954206333,0.1043862583553823,0.06431890086950091,0.13788857440857794,0.14764437582873163
0.1289091392205748,0.03260447156656329,0.13426526244674045,0.10850116874835015,0.1454413902916141,0.113215814592037,0.050629190990880237,0.1375541520982994,0.14887941004494057
0.15909363751486566,0.01293186522808451,0.13264621042052452,0.048488179199895315,0.16093334886422117,0.1197837667613378,0.07670639161810894,0.10253438526651786,0.18688221512644423
0.08528338765008991,0.01600027279936168,0.07375272570515744,0.10076575504352918,0.025969331429489113,0.17188540925506438,0.39809827698574035,0.07546176465253003,0.0527830764790379
0.12804771857810357,0.16894671567851272,0.11251645964584979,0.07796616375545164,0.1080604588261969,0.09539415571453098,0.07893773918763004,0.12434755749803279,0.10578303111569158
0.11438747201235984,0.16621675899738067,0.11746368353291718,0.07449699304946115,0.1514292343834069,0.09709927807755801,0.041831893896938366,0.11644918519342924,0.1206255008565486
0.10349061730941855,0.018568544021501685,0.08776670047157102,0.1500261485770639,0.0290449074964753,0.18061225794886485,0.2785411300914971,0.09457626531347947,0.057373428770128125
0.09371991813025149,0.13029790844511713,0.08330828347931862,0.10581031805537132,0.034797335681935465,0.17217962301384723,0.22741645871587549,0.0926662505514035,0.05980390392687968
0.06921895371790325,0.14011969805666705,0.07571027330652277,0.07298654889050347,0.02890062436912713,0.16593198258291036,0.2994935887306692,0.08816178405832548,0.05947654628737122
0.15744179221067597,0.0648039588291578,0.10722917233695939,0.07028906429274104,0.10877082205626544,0.1737061505080065,0.06635669305194708,0.07607867661516081,0.17532367009908598
0.08550332296975661,0.016905270424723052,0.10842347318121208,0.2516294695079068,0.09343949774508664,0.13884159790887254,0.0983279932029093,0.1016491945509619,0.10528018050857106
0.11065487430201752,0.18399773962041152,0.09745811681609606,0.08489762390271416,0.05043235037860764,0.1225828876669061,0.14713986243273153,0.12175797555970809,0.08107856932080734
0.06145402677169804,0.2125795024699473,0.09239885505502438,0.054064113716594996,0.062439339668894984,0.05811509759528205,0.20771612682376026,0.16568120572279135,0.08555173217600658
0.14024255319283288,0.06947592731154756,0.1318233870546078,0.08620420154004611,0.15913439329663004,0.0819622007206241,0.03757717703879639,0.14819904823403743,0.14538111161087772
0.14500359219689274,0.01996871545385509,0.09005115533975268,0.09188730917668923,0.0411244760580732,0.20668997470030628,0.2215812612044928,0.07562695759144605,0.10806655827849186
0.09589262363978705,0.02491698234965908,0.09268816955593322,0.11513547010991089,0.032291300049433376,0.14503340233495532,0.3293767092911816,0.09784784823359687,0.06681749443554263
0.0828266611875299,0.3846014811000033,0.08823160692276272,0.06543572117690703,0.08203799063313222,0.09558389749938379,0.04033456105130321,0.08819825603407894,0.07274982439489898
0.12210346111206118,0.0563838892767539,0.07508304696647432,0.2951535257787465,0.11812407954057695,0.135458281231397,0.0614778622112589,0.04658545242128296,0.08963040146144831
0.1401656411351828,0.050022226067569474,0.11721397059542342,0.1342000918804804,0.07909509615943665,0.13656278847565712,0.1168694642778824,0.12343841935359866,0.10243230205476907
0.18099823270787854,0.002992603380315354,0.09183507204500567,0.19614448791181924,0.03467751998966129,0.11915631874143458,0.16185722893413512,0.07312427320636002,0.13921426308339013
0.15262877488737284,0.020026593578092205,0.1349453689643465,0.10942351172642138,0.1649041321490475,0.08190713999102267,0.038544022197818995,0.15258091305262114,0.14503954345325676
0.09808030709660213,0.21759414003035152,0.11790993829500122,0.06549616126757861,0.08788890097355424,0.09684142087783787,0.10540589938260186,0.13211313635709246,0.07867009571938006
0.1173496060167825,0.08154694270645664,0.10980267763469663,0.08240420769417711,0.05650143719260695,0.0958135860663461,0.25681811832214363,0.10171138682072924,0.09805203754606114
0.09151291314553821,0.28553123321798046,0.11520216730958992,0.037571737899689955,0.15440956653690974,0.06612114232946502,0.037880791456073704,0.1228121387557674,0.08895830934898565
0.11731353120268366,0.062451039614448985,0.09392634650228121,0.12998418413408389,0.05005765002283275,0.16824384619057242,0.21545382500373442,0.09490372204369257,0.06766585528567008
0.09485464188166115,0.20576917070110998,0.11658295066109843,0.13652679337620613,0.11009355402758018,0.07503186185982941,0.05267568847036728,0.11477506666458069,0.09369027235756681
0.09948943820551519,0.08634051429791484,0.14822141390595997,0.040064585896035516,0.24550869074703607,0.08317921198907559,0.037237514382889435,0.15430252368574995,0.10565610688982337
0.13035486303881763,0.047906850845147564,0.11368219308282197,0.14979551589078247,0.06341289882681564,0.15837813343344256,0.12329609080214332,0.12293448159862275,0.09023897248140611
0.09275782146154204,0.0985114887800241,0.08858058825603189,0.08600297234028446,0.0399020924305778,0.15206766232654934,0.27582583518410914,0.09788019522010903,0.06847134400077214
0.10987917485200575,0.01215790566296047,0.10331692165060608,0.18997293782824753,0.04188952613779303,0.1866772116462411,0.21753752914031285,0.08822434402055612,0.05034444906127708
0.1255868396511072,0.12249351394501577,0.13646209421933,0.07630668140875947,0.16871912420536186,0.07617142538412712,0.03261974494364082,0.1437128286099395,0.11792774763271822
0.09330236660971775,0.16315421524429344,0.11117297200469191,0.06443343874214394,0.0686201791861723,0.11749834025991608,0.15026044402091257,0.12438689852207563,0.10717114541007637
0.0778243408878344,0.2027061049306531,0.1088017866358368,0.1521090226679044,0.16948793213133143,0.09307893735595202,0.020216489494589224,0.0924863563863627,0.08328902950953591
0.09425982587868137,0.2838317182009968,0.11647472053297975,0.04401423189164968,0.11201339918502955,0.075723037264608,0.058201211567986,0.12166134499531574,0.09382051048275307
0.13682895928630032,0.04515692263602575,0.13963495674362872,0.10582504891506879,0.15608074265983918,0.09319940245874625,0.051983653343430136,0.14168581222065765,0.12960450173630322
0.10300578444584862,0.12181007816963534,0.10351874811152828,0.05579605087766513,0.05547095099875262,0.09799289315969338,0.24557580306108986,0.1312467610741576,0.08558293010162916
0.161758336752967,0.012078468776746239,0.07770573211290059,0.15107323011528917,0.12118314274783681,0.15151892171785053,0.12776442483707032,0.05370995932977816,0.14320778360956113
0.07085251146556225,0.24577521802036198,0.10458767443132931,0.04315846004610304,0.10363244827164954,0.1599868518588786,0.08460537669128314,0.12326437936659489,0.0641370798482373
0.10130256166943434,0.15379329409162082,0.0802820697153743,0.07708166203439165,0.029978375857869066,0.13338034739791804,0.24032089635340914,0.09432522934995023,0.08953556353003238
0.1263175945428535,0.07147404348790275,0.13770855687842773,0.1004503661650749,0.16886963179943248,0.09261420783767825,0.03722163283935979,0.13757746427280257,0.12776650217646812
0.12486464379092622,0.017871585146369304,0.13823114635521574,0.1319697045484712,0.13747122114275934,0.10405267960455626,0.0731051393006551,0.13409519237091808,0.13833868774012872
0.0961643684137589,0.17594982098745096,0.09728920423009292,0.049306617292926846,0.05315931064853987,0.1050720151780548,0.21305464045015432,0.12158897948017826,0.0884150433188431
0.1477492645884685,0.05382737479267943,0.07069643377134303,0.19581435318416776,0.03186680044374319,0.1488645433889463,0.22847305495484313,0.04934970584537369,0.07335846903043505
0.1288754815488512,0.07564998832328934,0.1370624474778909,0.07614403512713323,0.18077819410588827,0.08553681504847317,0.05744055211823623,0.1338605366604796,0.12465194958975812
0.13325091765909472,0.01019999852691616,0.07035547964407746,0.09937195716361215,0.022759838452767633,0.22012185175216237,0.272097283674849,0.056047863866016207,0.11579480926050432
0.12497843835844157,0.13358803509259332,0.1305555377078498,0.07164271533452918,0.19637327940083524,0.06865285837542394,0.02692273181992459,0.13155677975256,0.11572962415784242
0.05900045703157203,0.2746716488508904,0.079269656859966,0.06605306858450387,0.04593483836907041,0.17537159827008386,0.17991248871052967,0.07200465878727151,0.04778158453611223
0.11907168990519036,0.0048711869180203165,0.09583591789258128,0.1316767693552885,0.037105022957977775,0.13068807430270205,0.2756632017281289,0.11615886971323902,0.08892926722687176
0.10850420747814488,0.18379696055711556,0.12879942196805838,0.06351558537245207,0.1517387397953809,0.07987753322209075,0.04743173814873588,0.12623807939894255,0.11009773405907906
0.15624859521843035,0.005973745116107782,0.08610142425894311,0.15454972294552083,0.033158027856736855,0.21671903022950814,0.20203462780192807,0.06623830225893575,0.07897652431388906
0.12530409069543702,0.14870164201809222,0.1265955638127884,0.06752670033394938,0.11953233307090332,0.07901115707684593,0.060696007114313055,0.1480774937938498,0.12455501208382092
0.13132592528545015,0.01802180147159431,0.12835396309340588,0.11266880186683066,0.1111159857070609,0.10998986420605882,0.10574755693775073,0.13667470866787756,0.14610139276397105
0.1275825025071818,0.05086855070095425,0.13607497144834688,0.09492219011045396,0.1474982284265253,0.10657990657743412,0.06392014134245917,0.13749144971705238,0.1350620591695922
0.12491829488252597,0.13843966175284944,0.13127079614556603,0.07470787332570661,0.18095170490492998,0.0695073085896068,0.02632930282983224,0.13751733250087594,0.11635772506810693
0.062360465322325705,0.16902749900809513,0.10689426894288684,0.10078544223241892,0.11632300688186066,0.14450708149615335,0.18039747503720785,0.07272723227761434,0.04697752880143713
0.17937941755183032,0.009179955447752167,0.10462770590788086,0.2019131133953995,0.15743500630365986,0.09783358422536263,0.02360694207104438,0.07252302897053509,0.15350124612653512
0.15114684351094146,0.0779483438104384,0.1142157002969096,0.08812092900606132,0.10505857368568279,0.09670118260351156,0.08819313590564454,0.14053772728521333,0.13807756389559706
0.10286481875471708,0.22439833467659762,0.09688881166343805,0.06828000333772298,0.07522674555932264,0.1124605106551221,0.13423783468713565,0.10147185101834823,0.08417108964759562
0.09982194726706033,0.24257023330967753,0.1065023749380155,0.0917757377298873,0.07611783215298973,0.12169611039066769,0.07156871250974213,0.10767531786591798,0.0822717338360419
0.09286460705711513,0.06056216489150428,0.0608390498214841,0.3260400216653498,0.027265244087658846,0.21297268693764407,0.13730979910451255,0.037381746219065724,0.04476468021566549
0.12226592428590337,0.06447986070831487,0.12323195308557149,0.11035029992296645,0.10713281128235863,0.14305515458621862,0.08002420998574661,0.12755587327972828,0.12190391286319165
0.14534432366363081,0.025764355168878955,0.13385026618965468,0.11568215486909326,0.12450811028166614,0.10321208250485121,0.06716084360323778,0.14997670525655657,0.13450115846243052
0.1957893431393701,0.007944014890852882,0.08247400034366936,0.06013146374805062,0.05415866944376893,0.18904526571679026,0.16702582368600286,0.046286953551974715,0.19714446547952022
0.09287557869658036,0.004192343726102224,0.09161878379186046,0.09211058345827543,0.0351072154523745,0.11508626603051027,0.36177862879922373,0.11854136383114582,0.08868923621392721
0.11624984074379151,0.01868917450926331,0.14433388416467982,0.06672286244593352,0.22976621398550454,0.11046277506729119,0.043810801861920275,0.15726953257145468,0.11269491465016118
0.12521664816425873,0.10800722191580318,0.13210103575741014,0.08237513823458795,0.19601565601811707,0.07836184302344858,0.023597708265245976,0.13318476767144788,0.12113998094968055
0.1059061111616947,0.14232454440134448,0.12536585848605938,0.06768299329032827,0.11014706378979638,0.09981998531695058,0.11288673877858672,0.1239591287686409,0.1119075760065986
0.13827133733229116,0.0016226431832814343,0.07677505745989334,0.08484011349472971,0.028644134520182173,0.16494990047422906,0.323130872326841,0.07418128408101135,0.10758465712754077
0.12286517348785791,0.19740217173763253,0.11787289571834488,0.07264486661653376,0.1560349445105967,0.07386159926301444,0.03103875495015261,0.12317722748601168,0.10510236622985547
0.1065098988697369,0.10184777034351296,0.12025702782920934,0.10754177679843195,0.08490551781704446,0.14076671550380127,0.1164714688684813,0.12644678873057852,0.09525303523920337
0.10633069537134454,0.031526774093831374,0.13628713418868263,0.08354033815520436,0.15187278986506111,0.15887028391888455,0.1072583968570942,0.13592670543709778,0.08838688211279959
0.10531221057209472,0.0012269916154431352,0.06762037344440928,0.15331872037587188,0.017038145476600593,0.15937121298524257,0.3286722422649219,0.06424526456544807,0.10319483869996791
0.12256856798335702,0.1015749515574212,0.12820681324559882,0.10356680303519801,0.11802291721984591,0.11880444702580983,0.07274326444237282,0.12494977555776894,0.10956245993262755
0.10130256166943434,0.15379329409162082,0.0802820697153743,0.07708166203439165,0.029978375857869066,0.13338034739791804,0.24032089635340914,0.09432522934995023,0.08953556353003238
0.11975910798492455,0.008859222416129546,0.107519437498023,0.11077052732213459,0.04433723848363157,0.10711857222203515,0.27817733974818715,0.10701704891754688,0.11644150540738751
0.14058640236376754,0.08614846022988239,0.1268247103160978,0.12766966696856932,0.1304875709457513,0.11227961227000621,0.042382072290900685,0.1310011640278637,0.10262034058716106
0.09213513380961062,0.21128186717712136,0.09311682567756714,0.08756219120265187,0.06214547181404589,0.15380745519201824,0.12780100675148673,0.09214483832062659,0.08000521005487155
0.09971952083310674,0.028920045591420585,0.10398924917245267,0.14405822808935612,0.0569175475720363,0.18428031824946503,0.20529276842684685,0.09602113940712768,0.0808011826581879
0.11914887225253552,0.17707841813023784,0.12175995650663558,0.06955345539825662,0.13419444141257333,0.08166064203159487,0.040625721594140934,0.13368582285735656,0.12229266981666866
0.05979392725113439,0.26112419117073404,0.07936911026121751,0.03822533665975191,0.04546526154660773,0.27325727162447583,0.10093430953908017,0.07838812008195963,0.06344247186503872
0.1364271734854712,0.01606596127886351,0.07605270357462902,0.10805855601397374,0.027119287964626832,0.133259862201341,0.34387156207531816,0.10066997702859189,0.05847491637718461
0.21587356221405526,0.009717525044650253,0.07374456439551415,0.07455892306911006,0.03869928241838578,0.2468161678105937,0.13051065546622256,0.04015851318921214,0.16992080639225615
0.14029518844554154,0.059051037721747086,0.12619255006344401,0.0936652413253528,0.10392816813945886,0.10042862378285483,0.09922015089072111,0.14465759013100807,0.1325614494998717
0.1005587676764552,0.2607151953313032,0.09181769717604449,0.07543524029987354,0.05820174162040572,0.11051610822796215,0.09882758509362562,0.1154920267344598,0.08843563783987037
0.09683584137204358,0.006652869848340396,0.08042884057941972,0.12964515691494774,0.02705996599507565,0.16878543689679026,0.3374429805746068,0.09256387501891954,0.06058503279985633
0.1440507654531905,0.026047426016065606,0.1353112785557745,0.1004662034664278,0.19405015980228466,0.075408103796683,0.028339351699926144,0.14679266541634559,0.14953404579330223
0.15909363751486566,0.01293186522808451,0.13264621042052452,0.048488179199895315,0.16093334886422117,0.1197837667613378,0.07670639161810894,0.10253438526651786,0.18688221512644423
0.15747396031285202,0.017765715808458652,0.08128791249486331,0.11823291802497767,0.03217806123367415,0.22806003089204627,0.18949428273999736,0.06806719559140438,0.10743992290172628
0.12605223480068972,0.0035491940648071144,0.0917365019413871,0.14245137517227713,0.03323139434150934,0.1290817040899176,0.2688539625610286,0.12230162141412942,0.08274201161425392
0.1302121242722234,0.08092264729278197,0.12626237243481697,0.09396780903463194,0.16898531309956186,0.10333196699253337,0.05690621151812323,0.11597070794800757,0.12344084740731968
0.14681122380256542,0.018037558398230808,0.14083263123881365,0.12270414584395219,0.16827103610990699,0.08880812459533327,0.03866903985690242,0.1482266153504568,0.12763962480383845
0.1315276212185203,0.07643465424607597,0.13012489929018667,0.10268619640851305,0.148220430856467,0.10683983798788577,0.04889736057269906,0.13038626531837108,0.12488273410128119
0.1280236725066155,0.11867971594944104,0.1308004126583949,0.09057199531310796,0.14667169549351214,0.09303647524331504,0.049321699093048586,0.13241122616830744,0.11048310757425737
0.20321005715865312,0.014437076768757722,0.11450911948254562,0.08100056992510508,0.1516160054994637,0.10120714989684225,0.030338581794345485,0.09374263028291929,0.20993880919136773
0.13306301550644709,0.07687590774066859,0.1091061344033129,0.10357586077844934,0.07664643398127058,0.11962727380176245,0.14934779768025164,0.10066963786907401,0.13108793823876339
0.10196990472363603,0.1624902731488371,0.11064144951908757,0.05058541272670636,0.08429054246029867,0.08287603744770881,0.17666738904632798,0.13070736290085905,0.09977162802653838
0.1105872855529903,0.09439990884647177,0.1071311437878635,0.10516857528480822,0.0684309460215183,0.1352851484522499,0.14322212468157902,0.12281565382807276,0.1129592135444462
0.11125543823819455,0.01833708544658269,0.12475681437843378,0.09681850303696009,0.283165018232389,0.06907944817441299,0.09351991834944566,0.09608873479891987,0.1069790393446614
0.09335218642751182,0.3550150001265815,0.08416563340965122,0.03786841616988254,0.06969446892023119,0.07179116792377023,0.1344083681706763,0.0879844497974912,0.0657203090542041
0.07533569040297572,0.06800045731308374,0.09443568465895354,0.0819181539680606,0.0458728939057322,0.1717779064252786,0.2895777218734257,0.09145917172537289,0.0816223197271171
0.08362253776188633,0.0060857068288210775,0.09811829902146411,0.05863353827077102,0.04574454673233804,0.1378204282777514,0.3813877320331387,0.12871373451619228,0.05987347655763703
0.11101488802702046,0.06950436513056303,0.09224208729332191,0.09135256242736352,0.046261461885301086,0.1396230001867026,0.2574059163068283,0.10544443848430178,0.08715128025859721
0.1256818746699706,0.041518559474677676,0.134530064479918,0.07505336390035135,0.19747648158518327,0.08796348634125768,0.07272577206764673,0.11915695760638391,0.14589343987461076
0.08425924340453034,0.133772454503725,0.12971139320478872,0.10144556341580695,0.1921464426841325,0.11540633989596488,0.07166077503851452,0.0925589370953706,0.07903885075716657
0.0765029025512773,0.48027879893930336,0.08048857529973295,0.03920166636196757,0.060215904413987414,0.06146546115979055,0.04688347427920419,0.09212782528465097,0.06283539171008566
0.1456223858030938,0.06801260727332042,0.12462172219700085,0.09278887170211646,0.1212416003520787,0.09586100981752498,0.09289542778133725,0.1366370139768023,0.1223193610967253
0.09148673428389087,0.2530977492345757,0.10056489223050437,0.05724597863759761,0.0927631783908599,0.12051957402479728,0.1018811296290511,0.10648261588072717,0.07595814768799601
0.10148538940473033,0.037337799411264784,0.12052905978548516,0.18308157373024894,0.13722801933570047,0.18894986534863545,0.02839966571143267,0.1031839800717645,0.09980464720073762
0.12999791728683344,0.09617816170787147,0.12773541121767987,0.09509493196380181,0.11007202230043976,0.10775667530779127,0.07069019082086361,0.14153771794944356,0.12093697144527525
0.12201420249943573,0.15056463423704364,0.12955169505948005,0.07050741418572706,0.14563388335257207,0.07706918646958802,0.039798872977149985,0.14076625070361728,0.12409386051538611
0.24137737444418841,0.018284748659493238,0.07958695407671851,0.06141572644857019,0.04336102467962446,0.17952381775517648,0.16486236510031846,0.06107027360556829,0.150517715230342
0.0905905075754014,0.008196393206315836,0.13806834648998315,0.05370804795054914,0.10589038194990724,0.17361875318549289,0.1744352165183574,0.15837709047244464,0.09711526265154831
0.07062055631490645,0.0028179324968297774,0.053685595957248894,0.2197764580521342,0.036499223140801014,0.11032547938294916,0.3178538787297558,0.0363479213324182,0.15207295459295644
0.09769825503806125,0.1310899677778957,0.09182463818285846,0.08783951627453475,0.04107742852345015,0.14446361959241516,0.23305438822658398,0.10627256492372968,0.06667962146047085
0.13912428891667866,0.018809556539548366,0.10824599712534223,0.09342900081961432,0.06816661844618137,0.09388524652229611,0.18230899070070875,0.11607438869891162,0.17995591223071858
0.12627501430448693,0.10954253025573878,0.11741304872836221,0.10614014448147781,0.1598606131871335,0.11469799609365917,0.0465109233180156,0.10825297969120547,0.11130674993992062
0.11671824344985314,0.08665361900472779,0.11777789591747427,0.09291536550299352,0.10012119782877361,0.12961432159296868,0.11494057174319161,0.12209242945641137,0.11916635550360598
0.1002626356460465,0.09255261231903271,0.09995046516523003,0.061601659368445784,0.04289090174645299,0.0963999938735276,0.2840817573570002,0.1402150591422676,0.08204491538199672
0.13419117155222596,0.08360851424900702,0.12801492104659312,0.12730207090573045,0.12676674581256464,0.11976123022757452,0.04572273031852538,0.12861234205265692,0.10602027383512197
0.12209598285905167,0.08406823841947908,0.11571907207124199,0.11655844953775739,0.09930081948492653,0.14815126582898253,0.09655611529118084,0.11179600703842386,0.10575404946895606
0.08531144220890852,0.3700277235232224,0.07774023340579488,0.04956775238298561,0.049760388738427676,0.09610849516494946,0.10777970581723706,0.09480248941567404,0.06890176934280036
