0.2065297484013464,0.17090277509868676,0.12291468552191824,0.029901775299176554,0.1371111807656415,0.07067780596840018,0.11127956687597439,0.04846523040290331,0.10221723166595276
0.08086161380424974,0.08435238386840849,0.11982433216004225,0.12046234137291702,0.11037004105116142,0.12326801316929213,0.13357247290236116,0.11882304467380933,0.10846575699775851
0.11268530439837894,0.07875391909870591,0.1423362985104356,0.06497483468192387,0.12875669132117068,0.1088011453205474,0.11125926816111943,0.15698855128042347,0.09544398722729465
0.0771237738997299,0.17127837099538545,0.08760632473209422,0.21039491298215585,0.09675961593766413,0.08594783835304443,0.0881101396744041,0.08104106943186816,0.10173795399365378
0.21052562757105817,0.10140890690744737,0.10205177112765529,0.0714517934720877,0.07090789334442722,0.12217502452557905,0.09330592385286714,0.13873618340967384,0.08943687578920427
0.0715864019151106,0.06330290684213445,0.1830047176510018,0.06291879139241932,0.09195238488698886,0.12779244685622604,0.10773647949890534,0.19725734588203594,0.09444852507517772
0.12982005775398334,0.06284515256126773,0.12825893614255243,0.037162814670372274,0.07639330023634512,0.09922072672080344,0.08675168555748762,0.2740296691214204,0.10551765723576763
0.07950523558609103,0.2229080920912898,0.10451893160904736,0.07966110618794368,0.0913190456904896,0.11081570769165151,0.1228918046332443,0.08707155130532938,0.10130852520491333
0.11263591587757539,0.06451259098048885,0.11521464664125926,0.1153185785331986,0.11177504704373742,0.12016628748172825,0.1283275400920105,0.12497401088982807,0.10707538246017363
0.17359730114928787,0.07299237226136858,0.15062664090852196,0.07569572318946173,0.10417050593322962,0.0848145216349165,0.12756833662216005,0.10172575085525808,0.1088088474457956
0.11743244820455638,0.07186811389584197,0.1078335704728396,0.12020682304298629,0.11140463192547699,0.1261567650370022,0.12346522223745278,0.1174852666243114,0.10414715855953227
0.14514301108065428,0.08144697263410831,0.15281288131837237,0.09495901401521417,0.10492062874869336,0.0977539114432023,0.10987502470324312,0.1098394639248204,0.10324909213169163
0.07654273124496427,0.06725674971316518,0.10728133314957883,0.04358580181848515,0.08519898004387218,0.17773134357620515,0.09352871971617142,0.2565280292250147,0.09234631151254313
0.1767417108999614,0.10698637612128896,0.1386417926603599,0.06339543950587341,0.10007948345002603,0.10379858830979023,0.09707935737441471,0.09663885717310289,0.11663839450518243
0.09152378945144606,0.10580727718492067,0.14353870116019116,0.13709907246330125,0.09805215444439636,0.10466574060698741,0.10223289738237289,0.10094559547548043,0.11613477183090382
0.10889436656096944,0.05890481900917887,0.1276945256666674,0.1768242228496318,0.1025248146118833,0.09320096708268184,0.11096966226155629,0.11054542147734504,0.11044120048008603
0.20713287328480998,0.2073566472948074,0.12390498167891055,0.04820867115576513,0.10219977991045942,0.06265813442021184,0.10980150262264456,0.047764130462125964,0.09097327917026508
0.06786903574093284,0.21575127149574166,0.0882072875615711,0.1376777850718741,0.09280082567947774,0.12015294990992346,0.10143276029110708,0.09356995004267489,0.0825381342066971
0.0705542393380836,0.11947704753101392,0.15142952207550917,0.05295159917425631,0.0985831040154716,0.1069344150451446,0.08311591299729959,0.18662226976626714,0.13033189005695422
0.24629658374751265,0.12474690487365693,0.13995290279456993,0.042597189261068896,0.08894831155434275,0.08533422639220743,0.09575965913957463,0.06145408142640363,0.1149101408106632
0.12063757016936534,0.09701753523066274,0.1344098063519118,0.09878752156546744,0.10712233680955889,0.10420486302502963,0.11143604914308604,0.10968476312888759,0.11669955457603053
0.11153463309643834,0.10855791349730308,0.11358314619861087,0.08079854439987975,0.10852665384246273,0.11517322250085808,0.1434973556447365,0.10327248013294042,0.11505605068677026
0.07472677796747311,0.120328168902976,0.10852014886337145,0.15002238900293285,0.09578723000058847,0.12493660783152798,0.10333982064609681,0.11447847144029773,0.10786038534473553
0.09991298520559792,0.06876148974272277,0.11474999001953716,0.11661194183812436,0.11379426292120232,0.12983250872810984,0.11800721131727139,0.12792041057162537,0.1104091996558089
0.23077229771656146,0.06189799543408958,0.10279660902057781,0.03306340667777378,0.0968553027502919,0.16039451432381222,0.10779414263264514,0.10322888196935483,0.10319684947489337
0.09812485215154365,0.09913842837811283,0.15938827497034,0.10082982340102775,0.10062052527318625,0.09042623890741792,0.13259853896048646,0.10111320131371138,0.11776011664417364
0.07225258028936049,0.06550306962894421,0.11072646262643293,0.17582288048934594,0.10775506910810952,0.11946397455230624,0.11674365825566825,0.1229261697647675,0.10880613528506493
0.21118674855653044,0.12037265971528316,0.09357637574904071,0.018456268784950727,0.12386368669205976,0.18268394660504209,0.07290075188354916,0.09482013944616256,0.08213942256738138
0.1714525199808649,0.06799812623440539,0.1170955836270066,0.07245516547843517,0.11643252309407602,0.10977133115943598,0.12255766088270126,0.11021049305829693,0.11202659648477774
0.09355019328553722,0.10814637591438771,0.11129811689171533,0.1595172551825448,0.10030928443583781,0.11148391261854396,0.10387124867058456,0.1084957107948068,0.10332790220604181
0.1404105046885684,0.07421238061993816,0.11763278594763393,0.1611965807682703,0.0962151014579321,0.10494024165253801,0.09862471901279025,0.09816590136070147,0.10860178449162738
0.18347948564990693,0.08756385088431047,0.08231363784969216,0.12487405580569026,0.10185148823282725,0.1408042560146973,0.08622611088216466,0.09261029829296603,0.10027681638774498
0.052719206527160105,0.10977117111785191,0.11957196923809661,0.1341258770240539,0.07613041951053666,0.09411818795405112,0.07352690368767344,0.23573715093155378,0.1042991140090226
0.1986168152075031,0.1032221053995544,0.11717673008410896,0.04694649344612678,0.09495805218081581,0.08927504588756713,0.10222542541522632,0.0681251924716084,0.17945413990748904
0.0734234140240262,0.1869552295059201,0.09377290126673583,0.1509261084297401,0.09399271758818618,0.11190379463838396,0.10464268022831462,0.09512515078765614,0.08925800353103676
0.0702151647082994,0.11453699488801705,0.12444347083564612,0.1297439808847128,0.09572158123384546,0.12422829258486083,0.09498526952099472,0.12854330916414022,0.11758193617948336
0.10388641450988938,0.10306207151571473,0.11410375003831912,0.11057634802083982,0.10777566249359434,0.10290461510731223,0.13856992574001,0.11137120661088946,0.10775000596343087
0.04883987629621197,0.3254155750714282,0.07309581945528223,0.0990695433909352,0.087660678850218,0.14075770736055862,0.0905279562196754,0.06858779080530046,0.06604505255038999
0.19098978257135812,0.15248401173854434,0.14037041892549387,0.06384610655510777,0.0901868270076661,0.07415408718958781,0.10341903616920341,0.0616438899980705,0.12290583984496811
0.04882579138506998,0.3257500760161511,0.07311020408108497,0.09884537477328154,0.08744979353445305,0.14097332979078364,0.09043464296650594,0.06857476413307573,0.06603602331959399
0.27427852377094714,0.1160576984860963,0.11367238658260514,0.03873695629016802,0.08649223023585545,0.10764185930253727,0.08406350051494586,0.07340683872974064,0.1056500060871041
0.21793097677085913,0.16395661086198438,0.100376626077682,0.06222685663980121,0.0900631876560369,0.08823284703929474,0.08955577113536728,0.08355780822389301,0.10409931559508144
0.09288850465119226,0.1272176117557903,0.11359789931887254,0.13565331402224787,0.09959847355446749,0.10234231390378444,0.11874437444087134,0.10367741844235294,0.10628008991042093
0.12639516597424794,0.09569644440912471,0.11077835995095366,0.06966463970344622,0.10028627753241581,0.16166657208196317,0.09587662335464764,0.1323028457691627,0.10733307122403817
0.08019539545567798,0.1382571770596092,0.10052479788172519,0.16294374354114696,0.09925178342536545,0.10762457707819657,0.11151056820481671,0.10347781126636318,0.09621414608709887
0.0836266177619641,0.05773770481768236,0.12593014551765516,0.09273464318669396,0.1150889454347196,0.10146880665227938,0.11725996078297664,0.20279304615724217,0.1033601296887866
0.09269132081311676,0.09742696856606796,0.11780333468525156,0.12817662448511802,0.10677219677868466,0.10940248878812447,0.12159083550408893,0.11923272745840986,0.10690350292113766
0.14844087032295117,0.07306518880612334,0.12632288746422224,0.0725089781235123,0.10737638156035816,0.10503154397305643,0.12670717888094601,0.09488862355962702,0.14565834730920338
0.11744487777665451,0.08740718647672209,0.11250808953424506,0.12197668916084514,0.10621649592223781,0.12079810051176683,0.10834358875437337,0.11231071445783343,0.11299425740532172
0.08190392599270564,0.10255957249986784,0.12850032145358023,0.15426296051847305,0.09164600382861433,0.12335469098473151,0.10028358276586076,0.11017308582005132,0.10731585613611544
0.2890671504024784,0.07636371550564965,0.1087052993307744,0.03896726979990487,0.08057211857649053,0.09042056403664687,0.11209838708003834,0.08852181356587278,0.1152836817021443
0.10203887623070484,0.11443085975005422,0.10168931368449079,0.13404503905940685,0.10360007243867618,0.12074387749071952,0.11153169656242974,0.10508397959843034,0.10683628518508748
0.08391982115970642,0.08634574930168802,0.14266832745883232,0.150277063274896,0.08416616800676036,0.11791276470868661,0.11018258945685505,0.11006748287309316,0.11446003375948204
0.11875719169668524,0.09632338897706455,0.12471691480193701,0.07383133718160341,0.10814273581748242,0.11604118478671656,0.14046698853489248,0.10255603134585012,0.11916422685776822
0.08223634408315628,0.15190087675123384,0.08084466624842374,0.11141025722835256,0.09745454684381673,0.20008061862875826,0.10005813805414998,0.08121837380521314,0.09479617835689551
0.12584811357633538,0.0744585348355508,0.1318940217465749,0.08959188312647637,0.11783035137559006,0.09704304990595007,0.12802400498667033,0.11057288736519773,0.1247371530816544
0.1369700442497311,0.08651186708089308,0.13199940366297028,0.07410976199488015,0.10475498837174624,0.12368946688368727,0.1113191626387409,0.1048319498916662,0.12581335522568468
0.08734655617393176,0.06645310933992853,0.14338935187023302,0.11713418043771406,0.09705410408056825,0.10950042336435754,0.1375407957187493,0.11637479376771365,0.12520668524680392
0.08034685270658665,0.11594920570574507,0.09908340100739203,0.16263547210146065,0.10500929489069316,0.1164100902292566,0.11233438557561087,0.11318059955241137,0.09505069823084367
0.08758247478426033,0.1142427271974158,0.11289280727097219,0.13698525873111753,0.13184628215683805,0.10179710330421544,0.1295342038940629,0.09138236155119261,0.09373678110992513
0.07985432420927525,0.16998649590143153,0.09363816011741098,0.1344075804685634,0.08374254520971032,0.13671925754638,0.10674116898945614,0.11233879254584533,0.082571675011927
0.12001095601135041,0.058208686997220004,0.12686604454343894,0.07807753811008332,0.12663884769732073,0.10176938217136271,0.11339632245217951,0.17567974619695792,0.09935247582008648
0.10028294484984691,0.09153151687187688,0.1040669882886918,0.15624615983959472,0.13431984539340003,0.13682477422982028,0.0978348889999358,0.08994678119845288,0.08894610032838068
0.06590537641913084,0.09063028378534588,0.10702181986093436,0.1058466496209197,0.10265919337418511,0.0916492621348816,0.087786385267569,0.2323405368818836,0.11616049265514994
0.08857194654494027,0.10873342658242661,0.11308549374001385,0.10681724489544342,0.10669278668683126,0.1125191996151524,0.14192721874653494,0.11306722068276608,0.10858546250589107
0.09106847215255448,0.07525325144878002,0.13794104545870686,0.054858816460746807,0.116661878048042,0.0749781739705427,0.10586041262523384,0.23560942795653217,0.10776852187886114
0.06947423403270359,0.13172052854339933,0.12467982999802746,0.09480307390750715,0.0959721845209296,0.1302873628484961,0.13884074814142564,0.10549307564727729,0.10872896236023388
0.1955057691233315,0.1260499496462288,0.08012915202458921,0.017601698363436266,0.12366496511253007,0.17247141181503237,0.07798314385979205,0.09313800062884968,0.11345590942620998
0.12116086176451113,0.0864099786543281,0.11631092746211495,0.11080397057471235,0.10657893284293234,0.11874426599877402,0.11330205968605482,0.11062825088301105,0.11606075213356126
0.12068383500419232,0.10918965464568879,0.11320774204291022,0.07595496463941546,0.07706574190073044,0.14710361723962082,0.11346032240690022,0.13365169388396822,0.10968242823657348
0.051927805075132116,0.05588463820306644,0.09662642002853579,0.20138567368990343,0.10863428186955604,0.1179092535004473,0.08967859486172242,0.1797785260042769,0.09817480676735944
0.18413855013580607,0.08673746613023992,0.1667002066201163,0.06507828412548193,0.10336663985818002,0.09086526592493145,0.11497373927737331,0.08538766601585734,0.10275218191201359
0.08520189810343803,0.06697500570093014,0.12584907513409435,0.13420130332409355,0.10760986292200657,0.11498427532250327,0.11867448372819063,0.1302823335261102,0.11622176223863316
0.10247135332883299,0.09265840425804457,0.12112685612867856,0.10027728821302284,0.10872461819920591,0.10862851503530384,0.13990985862721028,0.11337096354083409,0.11283214266886697
0.1796259546934628,0.06299378369884709,0.1113828987909995,0.11637518467326846,0.09151364414997476,0.09982831615697207,0.11416433894252642,0.13434900707732347,0.08976687181662552
0.22649113212669789,0.07569434386377692,0.11253914167208645,0.06763012597345457,0.10057986824048805,0.09164466144511978,0.12504318491426727,0.10250108134976658,0.09787646041434246
0.08994494785007186,0.10154869077550943,0.11737967500427986,0.18159874503534465,0.09689333724797605,0.10199849234533875,0.1045830241553156,0.10059996882328474,0.1054531187628791
0.0750249626258745,0.11115687631418986,0.11421774885177076,0.061700509729461755,0.10842793287154961,0.12286094045468397,0.11186602997090765,0.17503543417413792,0.11970956500742387
0.2211168662974775,0.06582168163414188,0.11076701871513095,0.06839597177604666,0.1020446231882826,0.10502337732516759,0.1275581094862337,0.09523930296738854,0.10403304861013052
0.15689367274916516,0.17091210180140035,0.08057719282995444,0.16114203199639457,0.08525235333020209,0.09205998185776625,0.0850012460492539,0.06718769082747078,0.10097372855839241
0.16219257628048375,0.07485541122889787,0.13343187737866932,0.0716255011185606,0.11016957332033443,0.10094412445955843,0.11510695254784975,0.09988262104560557,0.1317913626200403
0.1701570177043298,0.09641519028262402,0.11277349631555576,0.16092520394241006,0.08271379147960657,0.08743550563544839,0.09795253242789638,0.10607023807201303,0.08555702414011591
0.15147691787665712,0.07909252455917641,0.11521699778958028,0.09520706928803475,0.10570056966663045,0.08607875980215333,0.13438791666433256,0.07868008326462304,0.154159161088812
0.09976947667679685,0.10043235911872676,0.1195395061928408,0.11792058569785552,0.10581919138585023,0.10525873268769918,0.12911893213078862,0.11146497659138832,0.11067623951805368
0.1789983370325542,0.1130022219520261,0.08745306197917853,0.07874321658355567,0.11046380396827554,0.15085374299583085,0.09896645859231318,0.08622764327352539,0.09529151362274046
0.11659285223866402,0.12179042700679821,0.12294248317095047,0.05357527589767739,0.14327795536479485,0.13414847953544307,0.08890317738515807,0.10966098833220166,0.10910836106831234
0.06517287749172684,0.08754242962549674,0.15453440024301046,0.09761443564284512,0.09990285871477857,0.09261873536700495,0.11607184053479093,0.19218366252917898,0.09435875985116741
0.23505979874760474,0.13371849574141428,0.11220293659186843,0.07095096851186206,0.08812189867850108,0.08900840814098411,0.0930406278820749,0.0797985141115002,0.09809835159419013
0.09848830118011616,0.08693386935861486,0.16526504656459204,0.060014565626019784,0.10359176765615259,0.12309150313424023,0.13214004104259394,0.0951238077367025,0.1353510977009679
0.21437103773963198,0.060504771410218594,0.11792953819059722,0.05703210650754731,0.11100738794443649,0.09303097426080718,0.11535766775300911,0.09574076507013114,0.135025751123621
0.13215984999171618,0.1065505374542699,0.11161244088696258,0.14466621875439598,0.10524925764623914,0.09250814557259819,0.10948296234253445,0.09141734140470775,0.10635324594657582
0.21478671962224938,0.07040132148604433,0.13397411750831512,0.052252016508833564,0.08781753917679365,0.11970361047451235,0.11583040588572824,0.09059539076604356,0.11463887857147977
0.08083977879984074,0.09526855319066095,0.11889325182363845,0.10748599302323669,0.11046483102500093,0.11447012452954763,0.1407443913038112,0.11478861755796332,0.11704445874630015
0.11089652232880372,0.07371854647493536,0.13778205585422906,0.10373349725082308,0.10711272541919163,0.10169879011292905,0.1313711898742305,0.10856472350398448,0.12512194918087313
0.10233955152134762,0.08478732954628271,0.11922640509471567,0.09666939923579299,0.11800884259156424,0.12128445477512352,0.11255066083463432,0.11913961474249306,0.12599374165804597
0.20438015628939518,0.14421345006485461,0.1386362142623038,0.05870908145618764,0.08761905721339851,0.08145082920051211,0.10768251996531981,0.07666450192031325,0.10064418962771504
0.10963614724951115,0.1335508384226626,0.10948120410575234,0.12932985916030348,0.09920059322627932,0.10925601156096021,0.10245154035954851,0.10407449685383685,0.10301930906114552
0.22298885557392667,0.063964904206123,0.14040528304282274,0.05188093511141426,0.11095644303780905,0.10045307050853601,0.10705757031940676,0.08636190647172375,0.11593103172823775
0.11795448381705398,0.08817053560519565,0.1162178036075885,0.10523619222349824,0.10431625730155418,0.11461816094529122,0.12949647072121595,0.11222584568700626,0.11176425009159612
0.14614558569853994,0.2434667386015611,0.12142469649825462,0.0613784464301542,0.0775311127506446,0.10920001364691266,0.07615324372399888,0.06837359145311005,0.09632657119682403
0.03696102242171184,0.14574137039407878,0.05488688531597805,0.07932359928659376,0.13019917040734566,0.16069886609380765,0.08967015506661404,0.18199263642901398,0.12052629458485621
0.10442526166757325,0.14645119356992276,0.07760953047716498,0.039584523620437545,0.07551213311172367,0.10912944147668091,0.07537732852302023,0.2869528953318486,0.08495769222162812
0.15473547484483374,0.08109611879146797,0.09440113392993171,0.10651446262556806,0.10143754138121495,0.14670502981999448,0.09241623894838706,0.12137665798055879,0.10131734167804318
0.13662006145541486,0.12423582601675616,0.1278287167868747,0.06302152794139011,0.10231652965392923,0.11682731454183833,0.12150222087964335,0.09373703018422451,0.1139107725399288
0.0652191508552875,0.14229263026134897,0.10366567274601408,0.16201515164461172,0.10063607035410504,0.11743434114437028,0.09944932109435528,0.10563411248176047,0.1036535494181466
0.08520182071402536,0.05208116137081963,0.1395618533487257,0.1031263592370068,0.10766744903341079,0.13802240377018646,0.13893505460252834,0.11504957644779816,0.12035432147549881
0.08494305804726361,0.06185701209192912,0.11448657523220074,0.1453095617497537,0.12457362157718965,0.10397489238235393,0.12045887481415195,0.1373277820926356,0.10706862201252158
0.12288190229017477,0.10025384666445673,0.12655377840368856,0.08739211082710023,0.10352619393716272,0.12177963190355623,0.10735080910730029,0.08744822904330819,0.14281349782325223
0.12133394169889426,0.08190318408685308,0.12244339249453984,0.08193676028511189,0.0774663698030255,0.14167582619385716,0.11884665172083485,0.1478847620285516,0.10650911168833178
0.2177547980981117,0.07018939563787287,0.1098940870883766,0.03364669631939525,0.12921530661071068,0.18555446706163267,0.08487177600416523,0.07931529073459477,0.08955818244514023
0.13440041801210528,0.15827723895662163,0.11020011156015837,0.07269284037783129,0.09830208638622229,0.10714994432028596,0.12413971495652502,0.0953079264149525,0.09952971901529754
0.27114625886602306,0.1008106030964006,0.12181118594298128,0.05340047760449413,0.09170496350078318,0.07927984981588115,0.10519027763113065,0.0709853260909633,0.10567105745134274
0.10175733584861889,0.16711916369749877,0.10381541434507698,0.09188572771249898,0.10060519522933031,0.11285221618464258,0.12254662771629317,0.10224452669170746,0.0971737925743329
0.1989936471242113,0.06545662648690163,0.11336678480516571,0.07067412077829478,0.07745176240114589,0.1263683213133467,0.11702502889549116,0.12554230239486888,0.1051214058005739
0.27475438165508953,0.10936517171485287,0.08142945342907788,0.01884890972014983,0.14773595687776117,0.10439155773292468,0.08954606666801705,0.047129278793249,0.12679922340887803
0.12194094732224021,0.11949689359069997,0.09740817527705666,0.1333432325823435,0.14675401033609844,0.09381847393429726,0.11566877364583816,0.08042291443872208,0.09114657887270361
0.20554199725472067,0.05952677870502712,0.1120787718888223,0.1254082131562104,0.10594981535962265,0.07108056848417017,0.11419246972573212,0.10615386511590257,0.10006752030979198
0.1459349560933055,0.14083217225538783,0.0838963673472088,0.14400986592109677,0.13010225922291777,0.1121453582330935,0.08978408104041724,0.07316396222920796,0.08013097765736464
0.08576410488884484,0.12532665774248694,0.11383475587646126,0.11118388082905362,0.09671265032751157,0.14270703136965232,0.11104583275645931,0.09605626157352569,0.11736882463600451
0.08224703699861531,0.12480841477473026,0.11090855373592544,0.06018966335476334,0.1398296338450781,0.19094711286252933,0.10431822643480872,0.09162053562971546,0.09513082236383402
0.08213341545413452,0.08587592286982175,0.0841701415394915,0.2171637934196535,0.13268539982302685,0.10110440312474073,0.0978980827124898,0.07529412014242544,0.12367472091421587
0.15286584022729724,0.09256607237074539,0.11502117130504819,0.10180811000253566,0.10328910438391853,0.10607033419251351,0.10033519151380675,0.10317007858419604,0.12487409741993864
0.09553697431431245,0.08052704927366479,0.1141205359144941,0.11447860284282106,0.11600279628881745,0.11200129048513346,0.13632428201302274,0.12143460800107536,0.1095738608666585
0.1298375469114353,0.13407165902022886,0.10315605833864878,0.039692366261521894,0.08897830550589869,0.134446114971273,0.09367328848944374,0.07934378741517957,0.19680087308637015
0.06756655923051769,0.08670929709719603,0.10567736556035606,0.1846006055417523,0.1114604127315759,0.10510324160110092,0.11972648984999956,0.11592722283094542,0.1032288055565561
0.11270258446411223,0.10385472892005003,0.11713924512748224,0.10228099123489486,0.10724926863893396,0.11056857444256096,0.12503455123504137,0.11282800115230679,0.10834205478461756
0.16326318145839985,0.1178946371081564,0.13314732047170663,0.09447104195460893,0.07604238609980082,0.14156146625788335,0.07869881887846374,0.0845408559940276,0.1103802917769527
0.0793248858372662,0.08721275699907444,0.09140116950520198,0.15301261359084894,0.21685736874861283,0.08909746284921187,0.09206276935778372,0.08612251005148568,0.10490846306051434
0.21436843855095722,0.0972748554891555,0.11918064502996188,0.0710352091378305,0.09717517768593685,0.09858893637544046,0.10436590807344549,0.0980044798973148,0.10000634975995724
0.11068236533817548,0.07199918316613692,0.07500379547899334,0.2502249825670028,0.07838914249485547,0.10120216661010024,0.08793217858592837,0.09919245809238138,0.12537372766642593
0.09856650968061653,0.15386273066048461,0.09578988672885143,0.13003507603555162,0.07650983782978647,0.12199964110780596,0.09829656308116075,0.13187608622702898,0.09306366864871357
0.13349922506110853,0.052223983722471536,0.1405293537138822,0.1261254884041287,0.10853207081189209,0.11703566151419424,0.10979313858929489,0.09496600429030401,0.11729507389272374
0.15724143212300634,0.10365259087454215,0.11471975102407785,0.10222791572572315,0.10377637066866864,0.09082466204364836,0.11800496668464905,0.10196805793747803,0.1075842529182064
0.09172436101038257,0.09793884303925997,0.11722305707881213,0.1339745805956433,0.11043098495029996,0.11102568726315624,0.10589881744746184,0.11364753356362904,0.11813613505135497
0.04309991310613972,0.11190189175873157,0.07307994485412159,0.11620054825828585,0.10289194053426887,0.11807489764513118,0.0766676597928228,0.26012927447319123,0.09795392957730713
0.09985393147805532,0.07709526496527906,0.13499398389948145,0.06525742780999406,0.14812720636974422,0.13028698105991068,0.11556614038006859,0.1257359658985325,0.10308309813893403
0.1162055568277142,0.09527857148123925,0.10954102574522717,0.12889002695020188,0.10593278495455861,0.11447220820972981,0.11336426332566764,0.10241307129862777,0.11390249120703362
0.08455924931207622,0.09388743913321586,0.11872616580156536,0.1309626629116837,0.11183418203799389,0.11131858534014173,0.11343921069506534,0.1174843129581853,0.1177881918100726
0.07793426275830477,0.12104242241507779,0.13200064552210053,0.12963521187226304,0.09700393873594089,0.10072073618253459,0.12472873684475046,0.10549417580125144,0.11143986986777636
0.15839922466215464,0.11847485850918459,0.12063235268688251,0.0690226126206464,0.09803747304422789,0.12102613561254245,0.10925269060263908,0.09999974229618608,0.10515490996553638
0.2112979616262716,0.06409792951839104,0.09718865984383325,0.039031025280820524,0.09246564803141226,0.12643905970702954,0.09496806359591319,0.09033188637169738,0.18417976602463115
0.059555248209737725,0.08537748633492716,0.11478510013276776,0.11039924250780853,0.11612951184464293,0.13490101381417835,0.10730143977442948,0.12683472415077215,0.14471623323073585
0.08714650495182204,0.056948014000736076,0.12107651874006231,0.06758802574160781,0.11559759488093409,0.09216746878906086,0.11349024930621465,0.25478747048438183,0.09119815310518033
0.21225701323491442,0.1522680011039599,0.14499963418750195,0.030220430762302436,0.10036093996293667,0.06562140000718542,0.0858335080134248,0.07616286087203732,0.13227621185573704
0.1298375469114353,0.13407165902022886,0.10315605833864878,0.039692366261521894,0.08897830550589869,0.134446114971273,0.09367328848944374,0.07934378741517957,0.19680087308637015
0.1006594301431792,0.0775655589849625,0.141408596701886,0.0686145463262992,0.11900298839112627,0.13016684707986992,0.12400745161119363,0.10825830493872501,0.1303162758227583
0.10414773606640489,0.09043621330091539,0.13635324080461309,0.06337390495276538,0.12085639294446097,0.13300868985588224,0.13168117768195498,0.10956917642494869,0.11057346796805438
0.2307482971345867,0.12011896035430199,0.10291441434727888,0.06987557843850252,0.08347832065322196,0.1198000350866994,0.08085653104883754,0.08407152689087354,0.10813633604569751
0.1130044310365858,0.0795831249078051,0.1150343829657019,0.09055565029411287,0.11335551657181868,0.1389962844206688,0.11212361760225154,0.1095717822210407,0.12777520998001465
0.20438015628939518,0.14421345006485461,0.1386362142623038,0.05870908145618764,0.08761905721339851,0.08145082920051211,0.10768251996531981,0.07666450192031325,0.10064418962771504
0.05421925107021586,0.1473000222180271,0.1404068761683099,0.1066870140313858,0.09169159676958011,0.10836570657186784,0.08810558833782182,0.13578239039101775,0.12744155444177385
0.08191109857506707,0.06831115047759335,0.12405287145124377,0.1299518785086536,0.10694473015007899,0.12013969841040233,0.1271229568208316,0.1224913877955323,0.11907422781059697
0.09193000268154801,0.09036503027844889,0.14667420813768503,0.10827423416174493,0.10403311582859225,0.11237150772450455,0.11655024706594973,0.11885868111319099,0.11094297300833562
0.0837151762848297,0.17736091023769096,0.10584691299921167,0.11510821122025428,0.08454545435696591,0.13301143308472732,0.1010437266697199,0.09904974042383358,0.10031843472276665
0.18562170652836474,0.06784442294658398,0.1216696634499756,0.10082133969355818,0.10159464217311971,0.09521585338463145,0.11034084779745545,0.1085623449923065,0.10832917903400445
0.27244697354262315,0.06325379556024986,0.11572221477262119,0.06107340955079941,0.09921067807561683,0.08382026568726038,0.11370229819515916,0.08428455770191386,0.10648580691375609
0.055399283015546814,0.15344709434059853,0.07819576646189831,0.1778426552538649,0.07445948245794992,0.15165511466613976,0.07524810577167403,0.15805577182654032,0.07569672620578743
0.0917684787198411,0.1360499871256613,0.08678947008119599,0.09065397173314908,0.1488532201783628,0.10646279321382172,0.08654394784903001,0.14286817887912376,0.11000995221981423
0.16420931974617253,0.1118415825500576,0.08710145079512727,0.020392167130051785,0.13868923451470966,0.17620754437861297,0.08940609714131947,0.13221751958949382,0.07993508415445488
0.11993050446849023,0.08611963815333133,0.15842130733134774,0.04302269461715014,0.10594181928851869,0.15239337702469066,0.12355517649042354,0.10094616703056188,0.10966931559548576
0.09767313978734025,0.13655257814236155,0.13266342740655687,0.09056620040003456,0.10000714304121207,0.09778704460758485,0.13499343939369965,0.09310934933715714,0.11664767788405307
0.05245959028428134,0.0706789069466288,0.08909592646119534,0.035239577976237633,0.12013973827697966,0.10373725842795413,0.08987353594635383,0.3137380694129495,0.1250373962674197
0.10121397960709944,0.13198648195600246,0.11656149762307555,0.10392783169640281,0.09261555088792078,0.11569814462924351,0.12417207813881408,0.10195903221781683,0.11186540324362453
0.10090469296863112,0.08222170473529557,0.12400701575934807,0.10066277699487765,0.1127925381854361,0.10733027380399725,0.13933811658273085,0.11385616741501059,0.11888671355467288
0.14274511310419916,0.07131897585539904,0.11839098295429991,0.10108609759356198,0.11363850867489134,0.09364793099302553,0.13522186913278167,0.11512766295562975,0.10882285873621156
0.10461640911616782,0.1782961142943115,0.1055116485066498,0.09014503922584827,0.09567069164924075,0.11817319552943807,0.10818176057215663,0.09836154277092433,0.10104359833526279
0.1439699169063929,0.07556839938883915,0.12866133601468643,0.07734153610312591,0.12051197347237062,0.10106459615048367,0.11140440526560062,0.11224264357951748,0.1292351931189832
0.16716940094242252,0.0937639787130578,0.1041063422019483,0.10954116382441549,0.0748738743588849,0.12102695107008876,0.08424730214857051,0.1457613157765133,0.09950967096409845
0.0757763761440738,0.10198328722190202,0.10718868559386863,0.13211852736790122,0.11815230809059644,0.12009017398091064,0.11162279082130795,0.12103823665958129,0.11202961411985801
0.09898081627903765,0.11197631848935478,0.12151590522302445,0.11999588529371392,0.10257480844005212,0.10853511339840054,0.11837525929693833,0.10882396079188243,0.10922193278759577
0.08251142859131495,0.17420844705942495,0.10695526864978973,0.13255338645913908,0.09458936698816796,0.11015791182258765,0.09939013664322616,0.0960410143729748,0.10359303941337471
0.09485491012399067,0.09418656205798155,0.15501745269568892,0.08095606172396996,0.10402483104901523,0.12310851554242828,0.11618126667799687,0.10399602776824579,0.12767437236068271
0.22908712727122116,0.08698758791415213,0.09637791171666539,0.04828504439608705,0.15039052844449538,0.11425034034774399,0.09913523290458388,0.08713832606695955,0.08834790093809149
0.23034899051802157,0.12165819915371522,0.11328183487318054,0.06502016357801339,0.08912618104243784,0.09394582300247449,0.08991700573687533,0.0711503158719988,0.12555148622328283
0.22793879746059112,0.08395437645418924,0.11019873945554289,0.07722199210609597,0.07283057402151932,0.11249981984160612,0.0905709428892214,0.11627980091308497,0.10850495685814902
0.1166544705448865,0.17334278603603556,0.11706098202480232,0.08795076025556875,0.08641174977368525,0.1233729538016543,0.08599686701679987,0.09109457599178576,0.11811485455478173
0.262399721851514,0.07140437617783087,0.12097440524081711,0.05828883167366395,0.09927744619923394,0.06929305865734668,0.12210390859554472,0.08805167923686673,0.10820657236718205
0.24629457950009392,0.1748846462862578,0.11733036916384287,0.03818339884569624,0.08371854995912581,0.06917266747864087,0.0944461768206925,0.06511602804462872,0.11085358390102128
0.09988923353244222,0.07677480974979291,0.10413652589172125,0.14515961995050264,0.11061803932656034,0.12865884679610431,0.12470655304379001,0.10341656031266361,0.10663981139642276
0.12444859480071095,0.07478991356548374,0.1372244823911759,0.07111281805273324,0.1125106913739769,0.11441049941935139,0.13281225706885535,0.1071004511865332,0.1255902921411793
0.06002414146146821,0.22909294393408652,0.07884203441584987,0.19537080820333044,0.10054357695631273,0.10687294006937666,0.09353881726867778,0.0667049815849487,0.06900975610594907
0.2529191743846284,0.05466328395113601,0.09884635470023746,0.054017201488258955,0.09950030517469466,0.1152209583449074,0.1103963817623318,0.11383940836252449,0.10059693183128077
0.05130586567586439,0.15897089437268763,0.07643342718462505,0.27437393235629054,0.08148662309611056,0.10355194738393868,0.0922173339623759,0.07881144695506727,0.08284852901304002
0.08656114430223909,0.11237637040065052,0.09944303895612844,0.1781907346297491,0.07622714152318438,0.12913797708226413,0.0838566971447048,0.14300557153384952,0.09120132442722999
0.09560121469888826,0.08833303928117402,0.11960597830105613,0.130090960523065,0.136020572611134,0.11365443908910622,0.1252738194989203,0.09324145295674924,0.09817852303990687
0.13128158993497258,0.08383716262922382,0.14865066639189373,0.07645954331669497,0.10647423240579657,0.09374114760091558,0.14352830705985065,0.09961051777970802,0.11641683288094412
0.05525532114624868,0.2701940305950317,0.0818816874214388,0.12428379269682348,0.08942281695688425,0.1232705311133025,0.10018016963922922,0.08063516594173996,0.0748764844893013
0.10767703543984412,0.07338827506162844,0.10583447424171454,0.10291687152239186,0.07142553927030838,0.17866559128107454,0.10132639396959144,0.15115897290906702,0.10760684630437974
0.19028383510240784,0.15731461262998372,0.12186350221801827,0.06953074880093094,0.0903061310344635,0.079226195376141,0.11260632881705095,0.07259409920570221,0.10627454681530159
0.19353668309647684,0.09731179394122745,0.11899290262592184,0.043263866992411214,0.1108304341122014,0.10470865264155121,0.12722064984642734,0.07663644531318355,0.1274985714305992
0.1438241934484247,0.07185527183560018,0.11104062597386545,0.13858529114522009,0.10489067939312678,0.10071304840483768,0.10755799340704825,0.10509056626713105,0.11644233012474588
0.08852458631060171,0.10529100900269846,0.11053091400212856,0.12792395520844801,0.10656893674192053,0.11490114589002227,0.12483976276347401,0.11633242305347181,0.10508726702723463
0.057689862475125094,0.11678945097049942,0.09337893817219152,0.061730700388865724,0.10825606294009767,0.07688991717671424,0.08072545758213077,0.2667961782394564,0.13774343205491912
0.09764927679596176,0.09713365965832743,0.10899558289617474,0.1416291364671449,0.09597614253374132,0.14976298996057283,0.09565189797103223,0.11193760886362585,0.10126370485341897
0.09497716339803976,0.06711235010626239,0.11378301766294657,0.1346511319430482,0.12274813001017748,0.0946535335803712,0.14005283136330435,0.12390210479485379,0.10811973714099617
0.09267359034246085,0.1141056703488793,0.12717640040076492,0.08997048245168286,0.10279375990535017,0.12242056438261588,0.12220274320263885,0.09891190414552502,0.1297448848200822
0.21675221469667907,0.1245281832554006,0.10830904770175658,0.08631191862034428,0.0907510866934988,0.08289726686006872,0.09559044170188045,0.08517116607131126,0.10968867439906022
0.0818476739013511,0.06495863767331843,0.12020002605258635,0.1758613047482782,0.11239610389645138,0.09572488305725184,0.11685335842217066,0.1228494657311533,0.10930854651743864
0.17454016263335045,0.08495585855446426,0.12639150428065501,0.08526890821929278,0.10367144186637266,0.08649750945350504,0.12783994901464565,0.10107977702744426,0.10975488895026982
0.07134112986290786,0.20947101265531712,0.08937347396730665,0.13467824928802094,0.0857927939480746,0.13658257892362402,0.094115964406209,0.08979199408140011,0.08885280286713966
0.11363163452637741,0.07818658391315972,0.1750155505607904,0.03724225223494272,0.10042912309439801,0.14500843820658288,0.09976274687252824,0.10106756953883922,0.1496561010523814
0.07881449325755234,0.06893482945213998,0.1272735235209095,0.17439411733399648,0.09882816452563387,0.13040273568720714,0.09736058017433043,0.1213578069685652,0.102633749079665
0.1254040016025728,0.13208864390521208,0.10961331367975392,0.0776839201468098,0.07925974649866002,0.1287378396267593,0.1090421105169439,0.12412183699624553,0.11404858702704261
0.08278860823244381,0.10815885764802013,0.10904926580544166,0.1444694917790054,0.1046783782759181,0.1075377336337905,0.12702051925753738,0.11312032229086565,0.10317682307697745
0.1484197475730276,0.10234853342914634,0.14529946668911378,0.07354192927462178,0.10251415455881158,0.09448377572036241,0.12260718949188477,0.08935443510887368,0.12143076815415804
0.07950523558609103,0.2229080920912898,0.10451893160904736,0.07966110618794368,0.0913190456904896,0.11081570769165151,0.1228918046332443,0.08707155130532938,0.10130852520491333
0.12366616839550158,0.14125133085320404,0.13328429763035202,0.07694992283330837,0.1316455507182604,0.10123337599939364,0.11965971939737552,0.07809380888923097,0.09421582528337347
0.19931243113486105,0.09730993186065269,0.10923103660117268,0.07035488894132262,0.10598028127664577,0.10064742175653307,0.09516638459649691,0.09847866103987903,0.12351896279243625
0.08322627936541133,0.0829775227133675,0.12329386133423977,0.15284578809818106,0.10487480717949062,0.0982839258300436,0.12998638951894573,0.11405306642770097,0.11045835953261951
0.06596397004735051,0.10333345865797507,0.09005842018296119,0.20289480795118986,0.15171885684853106,0.13804031133608882,0.08898348809127334,0.08562386684773442,0.07338282003689575
0.15269817820506318,0.11344016881360185,0.11322745905505509,0.11751319146976841,0.09765136681542774,0.10247229135101055,0.09912819930957395,0.09865153093334715,0.105217614047152
0.18676006346506682,0.09818029329566615,0.11304006830815884,0.05623294851476648,0.09558452652149725,0.1300171293818811,0.10819537216413921,0.09455892231572638,0.1174306760330978
0.0763654742624727,0.10365626365556409,0.11053646535959631,0.1699999526738674,0.10445228716780548,0.10265952646539399,0.11362383707174568,0.11225860099317347,0.10644759235038082
0.09501292510048077,0.08168241120447152,0.13146790571505415,0.13298913887626038,0.11297849781850172,0.11310103555934453,0.10923896339019994,0.10156789594800529,0.12196122638768175
0.07214525000746551,0.20006131511574254,0.057589309109507596,0.0069392409919478365,0.14551436391088937,0.21515923016013364,0.13241215816507648,0.06211974641556031,0.10805938612367676
0.11857412195585454,0.07478462009465531,0.12284122955253936,0.12141579454619585,0.07907308677829013,0.12288468940470738,0.09211003279363356,0.15493179695145384,0.11338462792267003
0.11083905482798655,0.09286461292710035,0.13324181534574206,0.13697485779418758,0.10207444648116971,0.08783862455537746,0.0983586555550331,0.10562040028326207,0.13218753223014115
0.18110142058961057,0.08102037592059942,0.09589793690037322,0.0900407732610597,0.1090523973424082,0.143539280655464,0.0934805713201604,0.11058085923214311,0.09528638477818137
0.09367801824941992,0.07449127027407952,0.1277294098797194,0.09975698572869034,0.11604352932881538,0.11084150723924195,0.13454705473228737,0.11821102856098804,0.12470119600675811
0.11758304342259622,0.06476598253561743,0.13966621760025413,0.11961739160944716,0.11064257305450426,0.1042339741594166,0.1099034606732735,0.11945756833080357,0.11412978861408712
0.16414070102655565,0.0883364964139124,0.11196752249115845,0.03219572844322143,0.12049921100100286,0.15372820966324827,0.09306782210780695,0.11370481916851204,0.12235948968458193
0.1011824240513931,0.1242057571290364,0.1381293029521911,0.14173541549102409,0.08850297221202556,0.11255918047767381,0.08248291081172603,0.09419971241712329,0.1170023244578066
