0.1016138807973721,0.2160160494323514,0.20866388965467839,0.08671761989594491,0.043870191353562064,0.058521643856408206,0.08481894117180207,0.08327018269446644,0.11650760114341441
0.11157573586548271,0.12249990653448473,0.15054016825281877,0.10187740459551357,0.041523310649545044,0.08044969727197443,0.1667236827482823,0.11865690247819531,0.10615319160370314
0.11437766893883322,0.10285748605548829,0.12968053355176754,0.11501443149371915,0.14237729843761213,0.05265885833550276,0.08670994485628493,0.14685575608022916,0.10946802225056294
0.13682040396468367,0.09669057876495972,0.11069700740632411,0.118284598542771,0.09398252721616301,0.06168203850963425,0.12451299000700759,0.1373281244049445,0.12000173118351205
0.12946679321737753,0.07739683517054134,0.10715181542219232,0.13811281877969847,0.11163939899702686,0.06563932855641753,0.13749101296703134,0.12714918740205267,0.10595280948766196
0.10677887293950233,0.12730527107163486,0.11206689728634646,0.1166627053465657,0.056252255733231026,0.05151373379942183,0.16427959128937397,0.14369498336712572,0.12144568916679814
0.12574647798027322,0.0405462321011557,0.17838172751004158,0.07282702234471548,0.16407160938793597,0.059487428298801714,0.21455608651748712,0.029719265427859427,0.11466415043172984
0.137514543027128,0.05736060867630697,0.15545476904150202,0.10249687260344409,0.10544398549928546,0.08313148116006484,0.1709515641570242,0.0688795896953134,0.118766586139931
0.11238573649970111,0.13914970197358853,0.13852869595601092,0.13171308531060108,0.12310218657279985,0.08162974228431467,0.05433524228969885,0.10338887862309763,0.11576673049018738
0.1413779006128407,0.1435612814400594,0.10088459346893341,0.15963414816849672,0.09144557444853603,0.09854239305726871,0.0561456158177851,0.10771624369400841,0.1006922492920715
0.10611837978522165,0.15127232544647615,0.17714911052477444,0.10028248717026045,0.07956615291322165,0.05579401919825567,0.12267159151581847,0.06376865861157205,0.1433772748343994
0.12093642066625972,0.09677104743355153,0.07902421620369109,0.17424415259207818,0.15273035580790584,0.09560628389371584,0.04295561505447581,0.1246714222695366,0.11306048607878538
0.1832546356052708,0.03730393961702616,0.13448988123348324,0.09241736521146297,0.1441600676538786,0.06717498759156099,0.15118882667960845,0.06968925532928198,0.12032104107842685
0.1259558866150538,0.11504293851169767,0.08513769925968735,0.18241876218060574,0.1325641468417917,0.10748443525816916,0.04648186777383969,0.10726959260254898,0.09764467095660583
0.12777038585280828,0.09643188811492935,0.10881929893961173,0.14108937279435338,0.07636965874208977,0.13337690904826463,0.09773067318938737,0.1222748116682142,0.09613700165034134
0.13045841280219733,0.13037799672181352,0.15800725030436533,0.11773511850611318,0.06784039393485594,0.0374813204883735,0.09883374213194351,0.1287088155836119,0.13055694952672578
0.16351137569884489,0.08288134985289247,0.11595372672602455,0.1363005505292158,0.13837621120749946,0.04649743001649398,0.06711183250276063,0.12299787498024917,0.12636964848601895
0.15201392086589796,0.05383070890751283,0.1203662308621043,0.10516512944527819,0.11290899463084718,0.09848792647577538,0.1658445959448361,0.08135825526976843,0.11002423759797969
0.17193720147118208,0.16472426212300628,0.166820240465453,0.11009876065211009,0.029516620729013024,0.04675868795423164,0.10924935449483135,0.08523404361618743,0.11566082849398528
0.13357478500360995,0.12880370057318907,0.0980586296640122,0.16143142864592436,0.09555236287781167,0.09858520932398822,0.0733400735444238,0.11313428294100392,0.09751952742603687
0.13216917043804122,0.15804245581590035,0.1342297180200803,0.11915956132444039,0.05431531480803348,0.053208250412237146,0.12089850912282891,0.11607165769000227,0.11190536236843596
0.05785112865318374,0.33216482176924506,0.1285316826286753,0.04594468005704971,0.02396345938264496,0.09476760387896364,0.17923885927385633,0.06897740748490543,0.0685603568714759
0.1279426373439663,0.13140972504763138,0.0934051889622669,0.16694431332145168,0.10760957625861121,0.09776812105265574,0.05540248690800023,0.1135053834203766,0.10601256768504003
0.13754684830224087,0.11963399828399755,0.12374028591096875,0.14614590022414323,0.07442184759936181,0.0997189525696176,0.09479366502138153,0.10394350035028095,0.10005500173800763
0.10800793621825307,0.09794488550436481,0.17239155690111674,0.09294120156578516,0.0379096846690908,0.10025639131488406,0.17956529738568913,0.11445262483008346,0.09653042161073287
0.061791661626189674,0.37206841525478246,0.13280257006816104,0.05231282871310222,0.0827520614771829,0.0927072546925749,0.06477491525781905,0.06271727702658901,0.07807301588359873
0.1381840417797168,0.11186618193992509,0.10999211952999029,0.15033118944857501,0.0765019204549982,0.12241886386007993,0.07497172903639494,0.11182315214936944,0.10391080180095032
0.11288581362473489,0.14224693291514579,0.12465148089715261,0.131002902374003,0.0760869091845713,0.08654935287008882,0.10639207108470376,0.10692935284272208,0.11325518420687779
0.12720472639826297,0.10796441666591393,0.12598212371159445,0.1319670051856537,0.09611796083119561,0.09253178658338894,0.0779097147055535,0.13030681885214102,0.1100154470662958
0.13851965439776945,0.1269108122914275,0.13815950848657269,0.13721161628322895,0.07061687095791254,0.11330604093876695,0.06358123237294606,0.10293375877655779,0.10876050549481818
0.13606737588092924,0.1180306687530326,0.13433522152592112,0.12772046481894161,0.05468474562250394,0.10766383245858811,0.10900372021102049,0.11083774610528052,0.10165622462378239
0.13606942970866634,0.1196521193395772,0.14009387607880355,0.11801717209157424,0.045794815451647035,0.12331400851182041,0.08788919481401698,0.11495805668308819,0.11421132732080608
0.10555493130870015,0.12539305150336563,0.16812654319598272,0.09430412345722645,0.11365751925273909,0.15460606650071798,0.05304850152849703,0.07049724300221806,0.11481202025055287
0.07411782833590927,0.04728599988897151,0.1803387946693815,0.07398114216268607,0.1353412871867727,0.06691223791756909,0.1620069608410912,0.12178890171749955,0.1382268472801191
0.11269495719874335,0.05989489377118789,0.07150799870415346,0.14840998143674597,0.21186807101464222,0.0774270091557102,0.054051139770128355,0.15457912039033894,0.10956682855834965
0.12399217980830106,0.1746801910741251,0.14101682763990497,0.12944684542367224,0.07904743687508514,0.095061787599845,0.05212439902795163,0.09265145334204612,0.11197887920906875
0.13507958279610902,0.09508716019234907,0.1155698848619373,0.11988310786091717,0.04307277124098435,0.13482502682212383,0.1362598103230204,0.12078298406772471,0.09943967183483411
0.17857762937186275,0.05376488852943084,0.10295502267865693,0.12356010935853473,0.15779282730809857,0.1450103073724427,0.07270885943989859,0.06298151840816439,0.10264883753291053
0.11273275921167347,0.14261701490512899,0.1143429569129802,0.11791240031248784,0.049303499473108116,0.06270263572240571,0.16916329599596724,0.12323176174575405,0.10799367572049441
0.1444320902328411,0.15130844958257517,0.10378282641008069,0.14782971091301808,0.06775741643309129,0.09880701229356337,0.05970167683843561,0.11249850483836175,0.11388231245803299
0.13636255809445888,0.024028608807770902,0.12934273534251114,0.07067815395306717,0.14056851995428862,0.11629490712523816,0.2170153213287008,0.046561938651506346,0.11914725674245802
0.13115835747468013,0.1017767034071438,0.11972506042925911,0.1465803963865023,0.10689196478761971,0.09947954001483568,0.06298503742986442,0.11709676330756082,0.114306176762534
0.09493556827147485,0.05058100522897924,0.22527631220190644,0.06995118958599915,0.055565535097917916,0.09946827117592101,0.2660933041669909,0.04716929061178358,0.09095952365902689
0.07764195860037694,0.41743678404676837,0.0730565663853343,0.058930557107750914,0.03792269084960474,0.13925278090424778,0.0618151571498979,0.07052683976644099,0.063416665189578
0.08308509955195864,0.07290660466918647,0.2047604408061686,0.07804203643631093,0.09625328905779194,0.08441459057474121,0.12188765630765762,0.1397158818944447,0.11893440070173988
0.11962960264569857,0.13356739726752112,0.12268807762470353,0.13026363573506788,0.07049954293003323,0.08979243463065763,0.10255454984723313,0.12220942126295868,0.10879533805612629
0.14229313826100212,0.16736538227472542,0.10065683485931949,0.12669600443795068,0.045263194213074655,0.0633749284990023,0.1051717090155323,0.12640428602981188,0.1227745224095812
0.14039408227571953,0.05544483314571028,0.1442222227733809,0.07243148459367194,0.14290801402786182,0.16107257386131554,0.16254389499284552,0.0312632631108964,0.0897196312185982
0.13113279313648696,0.1264427628530605,0.10681210696538816,0.15483206318439166,0.09287661956964723,0.10685642150398607,0.061754401632782174,0.11253714306810529,0.10675568808615195
0.11987869077666717,0.26519164143878665,0.0929551617290872,0.12223362015165597,0.047447010123181005,0.05979533334587584,0.07054918556903964,0.1077762089376526,0.11417314792805383
0.14133596092473832,0.07434536496912575,0.180480670587422,0.08633337808076795,0.10945217008640172,0.05608772842770068,0.17237247825580207,0.04662092283527038,0.13297132583277113
0.1285727530429195,0.23143095783073445,0.11014055966510883,0.13646004122965105,0.05159022314495685,0.043871637146938786,0.08897423179608895,0.09312844897964474,0.11583114716395676
0.07839228815974114,0.15880156204922158,0.08711936426860745,0.11683713018372628,0.08554634331214256,0.038348272942455124,0.12569192249650082,0.15731027231423636,0.15195284427336875
0.14289408423359626,0.14300011462306964,0.10320213491703945,0.1572768595742789,0.0886720262591027,0.10043419190731369,0.05880079877243053,0.10786097192998394,0.0978588177831848
0.12926876572743237,0.16642855053972413,0.1672172852153646,0.10766689583907196,0.04163691365687385,0.07107917470775739,0.10936908241427519,0.10305870120166909,0.10427463069783131
0.11230329380084074,0.12127616136477394,0.11541462596556917,0.11127136240987874,0.08379241854687837,0.1288489730813405,0.09438272674712396,0.14032799812112953,0.09238243996246509
0.12436140789469334,0.08711826493018693,0.08118887571812354,0.16438981922929186,0.127715792481715,0.10798257642909666,0.052114172630723245,0.13494563444081364,0.12018345624535585
0.06319445225668764,0.10689456509547544,0.1509519489890975,0.06309697470650567,0.0578524726807099,0.03669486900578057,0.32312917953936376,0.1161072633873753,0.08207827433900416
0.061368087022045235,0.4172091245628499,0.07165686695502717,0.04836881020535252,0.031178521985940344,0.19610032815617132,0.057550294228630706,0.05408307363390316,0.06248489325007952
0.13145358015571298,0.12108453286491484,0.09766205587934408,0.16880663421117917,0.10229595450111507,0.09656428506298803,0.07028250471446895,0.10741781921768583,0.10443263339259107
0.12784330224991655,0.18292998602566243,0.10773524469356532,0.14875647061233924,0.08064795557245112,0.04605064470660234,0.09624586567720363,0.09967742304121396,0.11011310742104535
0.13790788190295228,0.11096065873844822,0.11764234653552817,0.15155655114303368,0.08597608775888606,0.12490263953476795,0.06876397492997693,0.10560135174428292,0.09668850771212385
0.1266279319960266,0.12077879002048535,0.11336074573881756,0.14640769099609605,0.08520296605941363,0.10455402767562293,0.08065337410733107,0.11672020249067883,0.10569427091552797
0.07940235047591422,0.15248091919742432,0.11424732997491167,0.07774705157653643,0.15913513643911512,0.1298803954272376,0.08077068308564178,0.10445066108573216,0.10188547273748673
0.08385632846320268,0.03644677185631321,0.1637323685938589,0.07778676907911064,0.05547700603134115,0.09552238633438792,0.2774730819459595,0.0911764090025284,0.1185288786932976
0.09809386770140466,0.25959922249553213,0.21429300286351546,0.0895672196088287,0.0633035916857149,0.05355395420329179,0.04558893925847931,0.05614035443189592,0.11985984775133716
0.12479659178295903,0.1256918944863094,0.10050451843883164,0.15624364051545514,0.09410081940488124,0.09398610171622172,0.08073925258247544,0.11780084478520898,0.1061363362876574
0.12482533231171239,0.11596266498849617,0.09459729174421772,0.15663125686730275,0.09267311243916827,0.11168049636370758,0.06948797204202477,0.1256681552611638,0.1084737179822065
0.11531390850580707,0.08518059244823545,0.13962868278581533,0.11342899732395047,0.0756659882253055,0.08304240215235624,0.162746148621048,0.12586086441023647,0.0991324155272455
0.060279185331387986,0.3542392731862473,0.06882293488454448,0.06159532487960536,0.12900051823358336,0.15453111848026788,0.027981258544799447,0.06068068057476799,0.08286970588479613
0.12690003293507054,0.12970389111055544,0.14775103105492304,0.10232505172619188,0.03041494956632607,0.07360441039277062,0.18901283564269733,0.10580642528641104,0.094481372285054
0.13138333560798643,0.1356650276834176,0.10106579972439698,0.15842328206051887,0.09506245772990084,0.09848407706544988,0.05957231220338675,0.11308435872219479,0.10725934920274782
0.10674120438697178,0.08203885133424565,0.07858745087631426,0.09737588121403123,0.032380461822189836,0.1105928049423404,0.2240890209036198,0.1578021643119695,0.11039216020831748
0.11780125518225797,0.06221218710314352,0.13282594401314354,0.13272015780506596,0.15034877123954304,0.16802753390816647,0.05255534418289325,0.07073062128543786,0.11277818528034837
0.043216944730071184,0.19490682573674686,0.20779799889225423,0.05308157467431823,0.2506850014219275,0.03656283517147829,0.08074669615867275,0.03968123723370856,0.09332088598082232
0.1395882619192932,0.10982888192562928,0.10353979319015943,0.1482423174182593,0.06923116512165743,0.12823434201321757,0.07689029841827201,0.11711546960286945,0.10732947039064232
0.13312549651303704,0.10782897581717282,0.12168342746083255,0.14423965231468075,0.10216664834091771,0.08866018214304085,0.06962717348392607,0.11758554204118392,0.11508290188520827
0.13634989794729074,0.12768012105851825,0.09591511216081287,0.16129982259678374,0.08969227493529748,0.11109779034409255,0.05413685534834573,0.11310871162178755,0.11071941398707112
0.08645044052178087,0.07718053178060992,0.15447607444204312,0.10016360371250993,0.10478137766115368,0.04969388621392568,0.15305641897549052,0.16721870139075387,0.10697896530173238
0.06467022160450277,0.12534110703610632,0.2612142045226969,0.061893395780695803,0.04730090502450404,0.043209825803549005,0.20959004661499966,0.05351267780604633,0.13326761580689916
0.13445946099559128,0.12392220194633986,0.092860456147679,0.16627462067761842,0.0950880788275067,0.10896781744255522,0.05627669679322208,0.11328166170249877,0.1088690054669887
0.11831661240864272,0.0926843649082627,0.10407174084726838,0.12033276574150348,0.05466802624470169,0.10739015401030827,0.17196279833210293,0.13101577482884838,0.09955776267836151
0.1397919648476267,0.1392246883974003,0.09818801852857724,0.15765868850146694,0.08296524215544171,0.10356971413704047,0.05524697901657442,0.1121650083573472,0.11118969605852493
0.13674042236077463,0.11198478645392818,0.09906054267107785,0.11126542381724823,0.03678606992779691,0.09927768670673981,0.2180611604908517,0.11422203982731287,0.07260186774426988
0.1329743199481461,0.10692705718269346,0.08794691141628336,0.14874558880641708,0.08863535322447341,0.10052257257486637,0.06799544685080479,0.1430526856398473,0.12320006435646812
0.13548365123452485,0.13428417055185884,0.0899828673726436,0.16836929188543195,0.09364393233249035,0.09972974154137208,0.05549357417202395,0.11358479684957774,0.1094279740600767
0.12317934114580725,0.09412916682256356,0.10866447065680951,0.14830446800181177,0.09350636542447266,0.12791974234524217,0.09469421436793453,0.11794075000201759,0.09166148123334088
0.13881935282729999,0.13318685296765423,0.12941898637730112,0.13653095852882355,0.08474962960488093,0.07866245751392621,0.06621369733993296,0.11504082292611133,0.11737724191406966
0.17419386055192942,0.07420940591461768,0.10173039019410846,0.1227410223994696,0.21764408698294824,0.10144587649672317,0.043897645661901845,0.05382955967813769,0.11030815212016394
0.10231613593077003,0.050821214722558426,0.11865632481054701,0.11484882227104265,0.1430056397172315,0.08287428701587775,0.11514516422757737,0.16555446609318628,0.10677794521120897
0.06715445183151558,0.1750673817885007,0.2532070440677374,0.06733053572585916,0.08297570353754521,0.04349791405779851,0.1834708972395088,0.05843133825893317,0.06886473349260135
0.13768253766530883,0.11370840482926582,0.10284657840144129,0.13215551288666538,0.05287136114016399,0.12328119698041858,0.1036767414930118,0.12827553089853408,0.10550213570519018
0.12741934789633147,0.09020140863959941,0.10689798220143405,0.12487259804828894,0.12696204354184543,0.06467195887980716,0.0727649985885754,0.1542119829890555,0.13199767921506256
0.10624678843686708,0.06535909241759189,0.07081794157811509,0.16254829744566981,0.19046235903377381,0.09263736344887481,0.04492970006806355,0.14756976439230848,0.11942869317873546
0.1156881443402119,0.10137746074481824,0.11259267531420886,0.13078054377700601,0.16732331730030195,0.05733304666567673,0.057790454730155115,0.13736903822652977,0.11974531890109148
0.134526084557719,0.12619663721995997,0.10690310910438973,0.14775753869251704,0.07717750822610057,0.11248738370224746,0.0668965370885638,0.11747125063807551,0.11058395077042689
0.15489313785931894,0.08018366602937033,0.07881609377336285,0.16479027721068817,0.16773068513726153,0.05767575010560227,0.04101808949277326,0.12164884712126604,0.1332434532703566
0.12448524706494167,0.11261861494662677,0.1488043143190416,0.12481520292919492,0.0637185570515902,0.10915536735164931,0.10083801963888823,0.11154983533355484,0.1040148413645125
0.07278694331345952,0.2031816686879394,0.2477121146961143,0.06271412099984554,0.026294400252759698,0.0515402708055373,0.16592225066833055,0.07324794039935052,0.09660029017666323
0.11320216916299174,0.1404003609667668,0.1412548470015728,0.11294072761550518,0.06582303912596282,0.12280106626673983,0.08815465940883722,0.11373319082501165,0.10168993962661195
0.1382630517484304,0.14710688991456444,0.10367773361813266,0.15843620646245407,0.08455604567200758,0.08624405445894064,0.06738342221519093,0.10622141137854306,0.10811118453173618
0.2151020284007892,0.05462519542385177,0.08069560069294397,0.11823064638242192,0.09176480340678415,0.09975477431047876,0.15058015011999473,0.08909127885028763,0.10015552241244795
0.16812596985520448,0.0689667873329836,0.10999372027132458,0.14857336635206536,0.10198445469292633,0.08479885035481176,0.0793358543095842,0.11990987040556673,0.11831112642553294
0.0885064923732128,0.15251636331451213,0.09239891854737126,0.09840067406165302,0.17680096652211,0.11554125046601739,0.057097108756865446,0.10594061010710376,0.11279761585115418
0.1271090232243766,0.09794489268539941,0.08929015062378808,0.1344455258077703,0.05756619078679165,0.12624750604278612,0.11759326017659144,0.14214566570778878,0.10765778494470768
0.10319548006533995,0.08295517325922375,0.15154226399916473,0.08577612831303198,0.025163653976779016,0.05337027627099386,0.31441006201981364,0.09396788506600551,0.08961907702964762
0.10891155271072878,0.23075746308129327,0.1030655676753048,0.10725901940299903,0.0898264235553008,0.10959682980223528,0.04668365286136683,0.09974512244194195,0.10415436846882921
0.19780717711922677,0.05027802634285448,0.11589422509799546,0.10538148133765508,0.10731129040869662,0.10268622544312761,0.15499285086820044,0.058149882320690606,0.10749884106155294
0.1099677583039454,0.05166901043135711,0.07943702096946917,0.14094893776430997,0.1940445447384186,0.09479637788066621,0.054712650876427425,0.1550604091619747,0.11936328987343152
0.171192206559759,0.09235321780244905,0.0902113466620318,0.15438094253977752,0.06833898656531427,0.09084195533156696,0.09030360678664368,0.1250622877303107,0.11731545002214705
0.1381136703617033,0.13405305521667557,0.10809533072919202,0.13708613320045546,0.055348583056400856,0.10177666126390257,0.09164949590162301,0.1210292117023896,0.11284785856765756
0.10353668734204953,0.1638825530431424,0.20271154344840894,0.08520316234740766,0.1007186130039548,0.06575595349264578,0.09559355629614152,0.08098569142633351,0.10161223959991593
0.052979074634944744,0.1201029457932173,0.1986597145675543,0.09867364637156216,0.16485805146555024,0.05132908529973689,0.1294532301385012,0.035292420513233495,0.1486518312156996
0.11811480190906498,0.08893182119993533,0.09465710511356983,0.1445430799355528,0.15609384738689266,0.07319906440484202,0.06758725756927297,0.14135274736123618,0.11552027511963331
0.12084264909225001,0.0766143317008428,0.14679721924904895,0.12534922194135423,0.09256240056303107,0.10727848765391072,0.10313069781232592,0.11340663104029791,0.1140183609469384
0.09419398243397183,0.2802272338952591,0.07567398598705467,0.08463831327725928,0.05708232439709285,0.17441337267450496,0.043520145226480324,0.0936536732379899,0.096596968870387
0.0937282339960559,0.12366457053856632,0.1650034157087044,0.08810085974240446,0.06317822458818913,0.11617369627862129,0.1413656636354056,0.12351787409020824,0.08526746142184467
0.13636250133219754,0.15085328735053397,0.13271872577164498,0.1327185519519638,0.06119891795677329,0.08529692829848752,0.08549475786548107,0.10688365370499091,0.1084726757679268
0.12972332850083018,0.16661952618139175,0.12670902461860659,0.13382188484238355,0.06421242137047546,0.06757919364859724,0.06334843250919409,0.13496996072719794,0.11301622760132317
0.12161676044653047,0.11577016901057846,0.08209219473208297,0.18758112094270385,0.14011481129869321,0.09901950953295147,0.04563536561377887,0.10690768215525405,0.10126238626742663
0.13588142834553393,0.1247570236695759,0.0819631663202574,0.1685994944466943,0.08302645958647444,0.1100923793898471,0.057174656150279314,0.12423073055171625,0.11427466153962139
0.13644901977972126,0.09800833416554411,0.08989170689449728,0.11735461636612392,0.03576360181463664,0.1409659362204175,0.13308525598269072,0.1383297500093039,0.11015177876706467
0.08239774172426038,0.04867876319679728,0.11665747212623613,0.10359375680588516,0.11441291613891864,0.0586427692305542,0.22418236200351108,0.12907561697848702,0.12235860179535003
0.12732238118199693,0.10965741595073004,0.0950374091344065,0.1610233257940762,0.09537544688491435,0.11759819070999322,0.066034991348596,0.12004117222906109,0.10790966676622565
0.12559844733634842,0.24318375409539753,0.08474267947351093,0.1160294797293453,0.04703920370967185,0.10850204210136884,0.07856301920522289,0.10228231853482746,0.09405905581430675
0.10762393771313811,0.1402933668627057,0.16991526889079886,0.10043882148108814,0.046181071331288896,0.0958252010088216,0.11283722620552046,0.1090315325827928,0.1178535739238455
0.10927441461439752,0.08437933777399281,0.11202798806763499,0.09768520831083644,0.04915050439768017,0.0752157930769883,0.22067755821762258,0.14429363336191212,0.10729556217893503
0.12305853518221978,0.1180076702372486,0.08931729999378975,0.17374638322319955,0.12205505812568841,0.1042224025198929,0.05250314796914651,0.11335543809001168,0.10373406465880285
0.12278363829032311,0.12600909202777424,0.1340527562948776,0.1025077477159408,0.035653611122914174,0.07937385934380377,0.19677259673351133,0.11492605652815224,0.0879206419427027
0.13985592516134146,0.10800227398462221,0.11141615827362501,0.14168435881080596,0.061355283905689235,0.12142998665966916,0.09653527724626827,0.11459334759813285,0.10512738835984586
0.1110656444380198,0.10428899382950226,0.13419322128877983,0.08841141617026227,0.0532674366634387,0.1074780253677411,0.1781900558722778,0.1156488591996232,0.10745634717035502
0.12222196087371982,0.12454692224570424,0.0800133161057908,0.18828302785470064,0.14185122310225215,0.09328460498326052,0.04155787394815195,0.1063728864025827,0.10186818448383712
0.12336025486111903,0.1006497511423708,0.09714070807378801,0.15692063987328345,0.13256951341235146,0.09266627681344697,0.05808637417815308,0.12617022263428926,0.11243625901119793
0.12574799982635712,0.08499848056007414,0.08435956332892641,0.15144813193062887,0.1298804507305675,0.07382150917529492,0.08604996704624872,0.14532235223551468,0.1183715451663876
0.14528800892815483,0.12559713913534984,0.10725184714028076,0.138951235356995,0.07554735670250189,0.09247888380272302,0.06864535171318309,0.12832702980478292,0.11791314741602875
0.12848613305422432,0.12489772338977036,0.1514718438796794,0.10784764313001567,0.03589070810376254,0.09012848332427453,0.14600913143510633,0.10960509132067499,0.10566324236249182
0.07894941203715988,0.03345794904658963,0.22099849373566824,0.08186616769006778,0.14699082244447603,0.1585042829855021,0.11581785488051922,0.04785138233265055,0.11556363484736655
0.12619442753579166,0.10334564071780562,0.11034547708754182,0.14135767929820134,0.07073193408985247,0.10658741437418091,0.09287455988797656,0.1405446880890386,0.10801817891961103
0.13812846880858318,0.15287073347808133,0.14299168823193384,0.11587955365924751,0.07419750393800427,0.05435663894741085,0.06360172507738382,0.12436410512713943,0.13360958273221582
0.11865327291993853,0.14364120871962563,0.13429037766810212,0.12788951339126195,0.09619106395670118,0.08196034328436386,0.06501317616879136,0.10910803560411496,0.12325300828710047
0.12662241380440978,0.1152622931566092,0.09179946167639753,0.17426681935138943,0.12067752323860455,0.11101035506646838,0.04797297478939163,0.10748770963809173,0.10490044927863772
0.09741550895104316,0.13113743736869443,0.20295659899230142,0.09412725574811881,0.05835654440551356,0.046225162309083224,0.153770066293657,0.10013190571313545,0.11587952021845292
0.13816643565343179,0.15577560843230723,0.1347769954040912,0.13086481814973308,0.061457376202707185,0.0896021885437484,0.07246696395474789,0.1074216852597671,0.10946792839946616
0.12646065616544702,0.1034379685598068,0.08346576071610477,0.1785587800577653,0.11938092127550548,0.12415408982142366,0.04940754089534274,0.11391290700018762,0.10122137550841663
0.12096602451717649,0.06830496891518416,0.09385114332489626,0.1149115204432883,0.05801110242411239,0.10443468523446549,0.18637041162270948,0.14646836176968328,0.1066817817484842
0.13083249319396617,0.11886092133889407,0.09910547595527368,0.16602127152633997,0.10740315512127985,0.11270941084724295,0.05126943213230647,0.10733390394306319,0.10646393594163363
0.1280710891332742,0.12598185139792864,0.08756633315248619,0.17771081603173766,0.12255011302169938,0.10032951612478387,0.04603447697267283,0.1074470907817529,0.10430871338366442
0.10450145231762621,0.18188709273218026,0.20262746696865694,0.09352627843473403,0.047090093235463974,0.06828981865443835,0.10188478351538721,0.08821479193013641,0.11197822221137665
0.06058881895950519,0.03370072654231957,0.22964111075792012,0.05830358699194684,0.1679262789425592,0.088757105074585,0.19962664851561587,0.03507477430884041,0.12638094990670778
0.17376857165847204,0.07548024539072613,0.10115270854788479,0.15186414443117122,0.07781106432165498,0.12399764680226073,0.07232086503357502,0.11468286682814911,0.10892188698610601
0.1099557498879263,0.191852160238563,0.13712935432172504,0.09696685577657049,0.06374706441758929,0.12000817873245857,0.09472608020227463,0.07946150783627902,0.10615304858661374
0.12263104988699063,0.08515793762617897,0.11300428098845923,0.1096334355598337,0.07199816609303583,0.07235944378449606,0.150532365964031,0.15536769555245725,0.11931562454451726
0.09316827705754532,0.12294782612277029,0.13024529060373854,0.105083482971502,0.2012540855970397,0.08893385806591297,0.06949709643061551,0.08938225659549852,0.09948782655537712
0.1388136881858287,0.12625938080194507,0.10614592361475354,0.15241521250679005,0.07401001283093027,0.10387002110258513,0.07727108194268882,0.11199155860525412,0.10922312040922437
0.20944095109866415,0.06515934405709255,0.14474453922809322,0.1438860133154982,0.09312652874488359,0.06578446531319303,0.07214544148505592,0.09321001154550107,0.11250270521201833
0.1390582276231101,0.11211127092095961,0.12034102509656376,0.14272929315903385,0.0677997402404092,0.11873785995818599,0.08639452173313615,0.10958824401025341,0.10323981725834787
0.13562705180882742,0.13224073534223144,0.10183297106821552,0.16144320818968264,0.09737238697517314,0.10432874098684376,0.05268199240772225,0.10721823415616367,0.10725467906514019
0.12672358246688994,0.11728550995528647,0.09712344715436767,0.1656767277568044,0.10432170710855247,0.09989856951022834,0.07206178878523545,0.11291212931282556,0.10399653794980972
0.13618802900541746,0.12567497879862136,0.09638262329595167,0.16210558600804,0.08966356114996799,0.10947717084682902,0.058158774925471335,0.11287828727340336,0.10947098869629786
0.08110378129667249,0.1141048893901641,0.1966222117065497,0.06514569404745739,0.2654256129679156,0.08318925280401929,0.04113242799849989,0.056922443434490544,0.09635368635423099
0.13537227980161382,0.1128593710341921,0.12600512135672542,0.1338639456652295,0.06447208315919119,0.1275756448095322,0.08013949490895825,0.1147629668891702,0.10494909237538746
0.12056348549456634,0.13342836440512626,0.08911755590832797,0.14790386117628,0.10015869508108688,0.06619802000999757,0.08442132439444387,0.13906805865443064,0.11914063487574057
0.13587722372980635,0.18028748235039815,0.10050801789564622,0.1464552352270799,0.062785272610671,0.07024724195496763,0.07534007875589528,0.11252203916342436,0.1159774083121111
0.11150043155563698,0.08649725490376486,0.1396758270976636,0.11045000493838565,0.10860460016738027,0.0691217026296579,0.1099684293524672,0.14705500007519448,0.11712674927984897
0.1124918526489422,0.07376696279820394,0.136994276553035,0.11842817812461098,0.09006654340046667,0.10795645280278159,0.1296610000973002,0.13274971142529202,0.09788502214936744
0.1281857592405926,0.1337260407481735,0.12835613197464865,0.13782235901782358,0.0934501132615534,0.062144842292559115,0.06767180295624257,0.13038641585490043,0.11825653465350618
0.11552632870352325,0.2130827747847643,0.09233969257069291,0.1226018146997619,0.07101162779783206,0.13817711709391503,0.05153915640598935,0.09671617134569911,0.09900531659782212
0.12056146085879478,0.19410702582735231,0.11232025550623641,0.10222270200434624,0.050595289412961354,0.09156019088925334,0.1236470171137305,0.10547430906902172,0.09951174931830332
0.11613777108946599,0.0892683909365957,0.09680328654438956,0.1539492132546848,0.13897716484454914,0.10135731329893656,0.06085786671255333,0.13190425566150502,0.11074473765732
0.12198969424158655,0.05320354937347856,0.17431939659828574,0.07927493266298666,0.19447952459933207,0.04169586368252354,0.1756188693483444,0.03453322368940191,0.12488494580406052
0.10077657827269715,0.17481361944242227,0.22657075871527876,0.09319582000658089,0.053272024156920506,0.07326814298241012,0.08198494199713635,0.07978459190634946,0.11633352252020446
0.12539249856659365,0.12671814488236005,0.08304703584608573,0.1835444019360383,0.13225456119341902,0.09554517687379949,0.043478548113109895,0.10693426333716265,0.10308536925143119
0.13678501943361612,0.11831543849383468,0.11440348183636855,0.1463648967042525,0.08109921826316985,0.11531775918511011,0.0849729586489975,0.11207491857798779,0.09066630885666292
0.10981500350073477,0.1683717094733986,0.17029635689419778,0.09276737597180222,0.10817242478824494,0.07785467046263582,0.07620931737161833,0.09089529519890742,0.10561784633846012
0.1373777720575217,0.15381729481576867,0.09110434048610432,0.16500135889227707,0.0786533825433461,0.07814367408059757,0.0730471012835097,0.11085015792786933,0.1120049179130056
0.10041127569296644,0.06091779923790682,0.12396707147345414,0.08388285472281408,0.035924543634973556,0.05619857314306113,0.3312062431050633,0.11367106739636433,0.09382057159339625
0.12951029306936482,0.1716929289151706,0.09687958747871873,0.145968170788124,0.06789331652043978,0.0727242236096094,0.08260688436379066,0.1204577145665139,0.11226688068826807
0.13955007162240654,0.13257415024216623,0.10057269440978073,0.15411475585402498,0.07840878882329372,0.11064613703674724,0.057538510402672716,0.11383148089527713,0.11276341071363068
0.14558743307532288,0.026838130028139857,0.17917796030229582,0.07046935992570803,0.1699005496074033,0.0557921923615102,0.18554437629561835,0.06138109873983246,0.10530889966416908
0.1038853225931442,0.08543556199167017,0.17965550393096616,0.08868713531023668,0.035157042426600206,0.10197583016977345,0.2034376575031852,0.10920400323280931,0.09256194284161468
0.08696727752077628,0.06837762026068407,0.0799515953898041,0.1036347232809147,0.2637135917929686,0.06134464869714795,0.06440166606040788,0.14355758122985887,0.12805129576743765
0.1488261508988892,0.1461381751237752,0.08622131538709736,0.14880451916043666,0.06603902318506776,0.08034034140329094,0.0824156444021827,0.1205645570529214,0.12065027338633881
0.12551392091228555,0.09551803184588849,0.13248617064721543,0.11847335352040833,0.07077415118437408,0.09688968382690928,0.12434310515865254,0.13250254311702034,0.10349903978724595
0.13533756959199347,0.12250515255629835,0.09234152124745766,0.155461121472989,0.0771059955885464,0.11258801314388094,0.073166247436004,0.12486084257523604,0.10663353638759414
0.1187391200237418,0.19321736804192738,0.1006433930891278,0.12887573808057676,0.04378506987257396,0.04949343203473855,0.13305694812543664,0.11640043450749653,0.11578849622438064
0.1493836806017952,0.14342838233808827,0.09572158647710294,0.13568885223691762,0.046598533517595436,0.11202723575600987,0.0754624103277367,0.12465179203716215,0.11703752670759178
0.09494920038181975,0.08623269659499884,0.07894353894325266,0.15333138036114577,0.17164584215153325,0.04673375417781885,0.05941083305940418,0.19414776342851595,0.11460499090151081
0.13403033346175158,0.10934830529361476,0.10137779376027356,0.133536784625762,0.07828985847855192,0.09221528547531017,0.10609866056628016,0.1411110751149656,0.10399190322349022
0.12426950557565418,0.09058539385715238,0.1018752595416245,0.15533585322303956,0.1285776114751927,0.106759628271292,0.06226285509152515,0.12411481757857808,0.10621907538594148
0.09460446917555565,0.11987853386045462,0.12794122367324845,0.09500716426787988,0.031188725625130392,0.03519626908824439,0.2964016845308792,0.10152244944253302,0.09825948033607464
0.09142636811774779,0.13703547827247792,0.2182792429309938,0.07345764630897947,0.10432880125448392,0.08395464903823834,0.07593005608502214,0.08341074906090379,0.13217700893115283
0.13071567078716484,0.10825226073366934,0.14330497333812386,0.13043935534216858,0.06648204914062396,0.11828210503447889,0.09658410694786497,0.1084948072980525,0.09744467137785301
0.16795440036129294,0.09518114181779298,0.09059197539008475,0.12831844935584683,0.030418562477623135,0.06978043436804508,0.18385824798356867,0.11540569787896719,0.11849109036677835
0.13969096758632457,0.11518515487152726,0.0996326449013899,0.1601163881057185,0.10654135741652927,0.10383884422348877,0.055395046873362164,0.10814818616480071,0.11145140985685893
0.0778719337964027,0.034169393039919664,0.24453079167852587,0.06429546914044781,0.07131660970062073,0.14140602169263647,0.18428883046042097,0.053995704321794825,0.12812524616923104
0.13435136120468769,0.11188722478611664,0.11704351166739951,0.14609224514834093,0.10512162237216711,0.09438784096422098,0.0581028324918875,0.11751624589520095,0.1154971154699787
0.1370704530111623,0.08946305695999897,0.0911301577849931,0.14190808418529052,0.08367251298995033,0.1170741897041064,0.09293926064199985,0.14334146432955283,0.10340082039294567
0.12974209931683603,0.17481168180342163,0.09158744793887515,0.1468151220241186,0.07337498844187117,0.09197869538370303,0.06993931531456468,0.11457401999439885,0.10717662978221086
0.12334512136202991,0.09507091796378998,0.11873516435956362,0.13657359177608772,0.11082545808793255,0.12775436634057238,0.07654386605222428,0.0949509033666654,0.11620061069113417
0.11911769809510542,0.1730203520467134,0.10826833422961235,0.1372776376682623,0.06095253931873812,0.059991020070811696,0.07244970244550286,0.1457772906481932,0.1231454254770607
0.1380093563239655,0.12455654596527588,0.10371526384202272,0.16105314053756833,0.09441492316385623,0.1081998661794447,0.06341008895869428,0.10756759059259892,0.09907322443657345
0.11713818783547536,0.22205585859235907,0.08354309750696291,0.10952488254499466,0.06213465423261283,0.10447739666594764,0.06782526926942307,0.12211616926560125,0.11118448408662325
0.13403165124481517,0.12909255404727749,0.12528698686164866,0.12864686622225727,0.059101039715156185,0.10850718550665968,0.09158931573193659,0.11887900493683785,0.1048653957334111
0.13626168631568883,0.12801194539525526,0.12768605383933565,0.12868451322709226,0.07173362499920861,0.08140994137570208,0.0819121525064355,0.12497398756298102,0.11932609477830071
0.13270996129409163,0.09000724422052826,0.11172265815999183,0.12663713374692945,0.08852614114268675,0.07519997838266797,0.14647324570255635,0.14385396358207872,0.08486967376846906
0.1218351508840179,0.08022345023992537,0.13088432608575976,0.1088561341924618,0.040513840245013345,0.09708387437091266,0.22875342741088545,0.10441056824999502,0.08743922832102873
0.10654453932474972,0.12283924913803973,0.18272164503394697,0.10459128513906087,0.09776446789184035,0.06082363514827763,0.09063085644506182,0.10993981803155535,0.12414450384746756
0.12548454328895528,0.09174305156541707,0.12415781297660111,0.1346416840390993,0.1046501501627289,0.03644703186502125,0.1019686253250106,0.13117385605963547,0.14973324471753102
0.1352849993365327,0.13958319356964774,0.1438550253051379,0.12822254179405823,0.05885877590478433,0.09196847414595638,0.08996589826646656,0.10565331083254964,0.10660778084486659
0.12442496122606106,0.09708297579748844,0.1077319503878611,0.1493909094889698,0.12189087513165715,0.10273879527178799,0.05807234161690369,0.12500835954805423,0.11365883153121649
0.13439343359876207,0.1111917633290433,0.1127839023200778,0.13741027488809,0.061059766594900665,0.11783589968635665,0.09547007381032298,0.11955295078337552,0.11030193498907098
0.12833529283431314,0.09602751155281213,0.1279129742605827,0.11655686299528516,0.057312376926941876,0.08303593868820704,0.15584488131978216,0.12732138781879984,0.1076527736032759
0.13445012072147997,0.11592039600180809,0.10893491957891732,0.14609113207760668,0.09697220720478998,0.07676283364139568,0.09289970649416855,0.12211574816675103,0.10585293611308273
0.1229100992508889,0.07123105657059724,0.1295294116669651,0.10670692192065574,0.1075062129741265,0.0728050305874235,0.07461857549198019,0.15618446081961593,0.1585082307177469
0.19684976546823096,0.05178300549307494,0.10484347435178211,0.11722030260602845,0.12394432970428153,0.14847207954901478,0.08846779912910668,0.06617521632159548,0.10224402737688498
0.13655910189123005,0.1322543079951733,0.10619701746700176,0.1577419108274241,0.09266320660654885,0.10564611646998044,0.05433221998649124,0.10690753912430649,0.10769857963184377
0.10905157574266798,0.27552901028199844,0.11172344674348399,0.10439598407879182,0.04798675339685119,0.06185186183067146,0.08093782674064048,0.10592881870651923,0.10259472247837541
0.1157830892610564,0.11179328968212528,0.12166073335277054,0.10640154126427448,0.04300163549158231,0.12924690990399856,0.14227020596412313,0.122092553418234,0.10775004166183533
0.06473234080865382,0.4688202762994282,0.07062760980417439,0.056871299319349394,0.046708552385662044,0.12350298460750868,0.036995041136368985,0.05739958334113442,0.07434231229772009
0.12037340497786969,0.07813463155839304,0.1453668207446143,0.10592733575986595,0.054822291444469186,0.11277177582795805,0.14959741149374295,0.1313790635215637,0.10162726467152311
0.10102795927583506,0.09742880415703524,0.11722009531448967,0.14955176176752566,0.19168555343484925,0.10726964885412478,0.04494075905118408,0.10032439033152547,0.09055102781343079
0.09001991671973031,0.09992360522554539,0.21110227561099734,0.08224767904642105,0.13029700991650234,0.10278718572412084,0.08351047341561997,0.09873358138692272,0.10137827295414009
