0.12234997590754682,0.14546645838687886,0.12359173686739265,0.13549829066929736,0.10098962815862683,0.018114736963979916,0.12045617672117696,0.11984274548786238,0.11369025083723823
0.14056643351217743,0.161629394997824,0.12150165778788817,0.10971303843898678,0.09353316233760979,0.0764875408718323,0.10665841569791872,0.10676003894085899,0.08315031741490385
0.11622094340929832,0.104802585092244,0.07114458459796381,0.13539624512127724,0.12538376500106538,0.08885588791169796,0.09929549263017952,0.13246759060150695,0.1264329056347668
0.11836279088430211,0.1107118449863806,0.07597032350990708,0.1818148776308357,0.097107217807767,0.08214929985222766,0.08982956449197566,0.13619282984450848,0.10786125099209576
0.07919693037180124,0.08906260132698995,0.2806177021194376,0.0999528258023521,0.021433642074258477,0.24545746166534385,0.07705331192874751,0.04939540567259779,0.057830119038471524
0.10805932946298329,0.11890515763437122,0.08635668711809419,0.12404022472688792,0.1709125875804344,0.02422429597024478,0.10564210110111343,0.15152938163809193,0.11033023476777881
0.06951984220113222,0.08062431208155262,0.14027506045023916,0.06981311724480299,0.023350083490889493,0.4185397390613237,0.08898982241471942,0.05698833977151285,0.0518996832838276
0.10176747321648998,0.11949767163470841,0.2968712068388771,0.098013119935989,0.03145818351812552,0.11913226828407303,0.08658865143932963,0.07450846414944544,0.07216296098296188
0.1371700342886611,0.1292117107609863,0.03889762311040584,0.09147547853288542,0.07577184589231545,0.17556622150468082,0.14612824384737744,0.11627418281663475,0.08950465924605298
0.09006632496403368,0.06830736928167598,0.07660630572819238,0.2007703255799678,0.035520417168238096,0.2162075170549682,0.10182419064318744,0.08106444772844486,0.12963310185129148
0.09135379471274681,0.09984460312996257,0.16653466847351722,0.1002095213718952,0.1261160924394331,0.019576475546886175,0.09594507480915482,0.1583267951858798,0.14209297433052429
0.11522493308944025,0.13319612606913533,0.0791038049158218,0.14162494932461667,0.13487637431241992,0.045482647487166704,0.11917679242307616,0.11861578417691386,0.11269858820140936
0.14464555741538773,0.13224333411780972,0.09560449426807205,0.13459892451062064,0.15822444039592684,0.020628057287318768,0.09394479713224364,0.10905667326446435,0.11105372160815614
0.12892913907207615,0.1165186454811875,0.06777134943710181,0.16845795676768657,0.07260543743695275,0.1502038330260562,0.09830000969396906,0.0915808635270479,0.10563276555792202
0.1287855222810022,0.03838807440329799,0.2236514529959741,0.12513814526508601,0.03981686858765216,0.24535036765678728,0.061794431770831416,0.05932436531379406,0.0777507717255747
0.09123049724682593,0.1168904266925801,0.09698516142223433,0.12522463928557176,0.1471990694278589,0.031061216464201218,0.13385927153938726,0.14756529200283156,0.10998442591850893
0.09372599139908187,0.12993062373635902,0.11854670089838615,0.12009497743358614,0.08997393583180696,0.12259971317489367,0.11631655883334446,0.11436525602244048,0.09444624267010131
0.12008698733924146,0.1321530092055118,0.14082602994366242,0.13343701810874498,0.12971315100999029,0.03015594727480421,0.10378058824614737,0.1120011071492963,0.09784616172260112
0.1016177615220285,0.1283359931056144,0.05294303718917772,0.10438039001597292,0.1588810769071249,0.008861968064282964,0.18556533076321044,0.1499137030226407,0.10950073940994735
0.10919319620477719,0.1351697552012222,0.0545921993232893,0.10382378728938667,0.11300460900470359,0.10837520579249697,0.14731821506135234,0.13223213418332655,0.09629089793944519
0.11754171664481668,0.14207378007198776,0.05766969107328982,0.11109840954869254,0.07151224890755006,0.11639249318235341,0.1667603775593721,0.11977605931109919,0.09717522370083849
0.06755289183101798,0.051067185114677754,0.2523657780747523,0.08397566415799464,0.05050170890062693,0.30128568203771927,0.05094754652577806,0.07008765316326888,0.07221589019416425
0.08693608652778817,0.1155733251606943,0.11267910924876783,0.1351680969689524,0.09567247095868098,0.07519593146120143,0.1306320415283498,0.13281521861191478,0.11532771953365033
0.10354589521909467,0.1293726332686743,0.11879015786565683,0.12849693524583533,0.15312288778308136,0.014675629491297615,0.1275879861450677,0.12145218258941719,0.10295569239187512
0.0800753645925014,0.05472463405836633,0.19275472629932225,0.04773511886901415,0.022162747373122797,0.38611240696122184,0.033987063756964954,0.1317055632251705,0.05074237486431576
0.1169182049726268,0.16632860967856725,0.06774760792925903,0.09966101372409038,0.07742572339194218,0.10534489708494425,0.161030581057517,0.12068694028157823,0.0848564218794748
0.09287570466673646,0.13365240571907197,0.07087724290125846,0.12498561788243741,0.11517802059951088,0.06866615763974755,0.17628630870637055,0.11617590814211093,0.10130263374275572
0.10143533493181955,0.09348090714431954,0.031017269926657876,0.1821761328332195,0.10932319179706029,0.04079755599240701,0.18955588664240244,0.11257391715155779,0.13963980358055597
0.10778414913518393,0.13294470495456837,0.23597756059567732,0.11226083699724827,0.039065260068080095,0.11494231674762571,0.09572992557067879,0.08202124871476624,0.07927399721617122
0.09089027544568,0.10123279915902061,0.19307044599103484,0.08203139449522048,0.03220443004236439,0.13091929051738588,0.20389451709725626,0.0763660891074461,0.08939075814459142
0.150903817887889,0.13027248277815792,0.10343776669696575,0.1317721119548557,0.0976674207807396,0.04837336750103114,0.09246447057017748,0.12073758724102236,0.12437097458916091
0.11110889223030802,0.10590841565734825,0.046932855938330374,0.08623803250489338,0.1800139306680034,0.018504761355912527,0.1815496794817325,0.18120198771725063,0.08854144444622102
0.11803675935657527,0.04318020123484053,0.3826071113995699,0.057494376482830546,0.026041098995144948,0.17508372427644128,0.049003675886764846,0.08108845225093118,0.06746460011690157
0.08926112612353598,0.11142746868676445,0.16430080846740824,0.09108790765930952,0.0767399787333181,0.16713337652693847,0.0966083486088579,0.09401012031204475,0.10943086488182263
0.10202048060801182,0.15117358232318506,0.06960374099491452,0.11086697724184917,0.07589128084642745,0.12233238959566477,0.17602727033889654,0.1090869233997306,0.08299735465132002
0.1069627295263633,0.12837234938432476,0.058823698544814305,0.15000323697662857,0.08843392611950478,0.08002610225216576,0.15780677538204715,0.11706765389782448,0.11250352791632691
0.09410519854860788,0.10148602975341271,0.11711707177592325,0.06405192499621716,0.04373733504592153,0.27592455108122266,0.15699904346140828,0.09335944236629272,0.05321940297099385
0.07820426951515357,0.11351917317161214,0.07621760336048264,0.11270127840903339,0.09907203307129035,0.1918614473856606,0.14996989527291768,0.09933904949707106,0.07911525031677866
0.11985185327819108,0.10121705349839066,0.07520134276472057,0.07079483156741818,0.02943035988721579,0.3891881915519238,0.0770518335381238,0.0808022994811286,0.05646223443288754
0.13453752410234796,0.1311498087586436,0.11929481758590103,0.14145901276065923,0.1406514629661722,0.022496986542756486,0.08917900329647281,0.11003954408694515,0.11119183990010156
0.1478742164007358,0.13512026967685478,0.09430610606502171,0.12310378345421746,0.11920217902486004,0.02102430131025912,0.10368843767092693,0.13342289848580532,0.1222578079113187
0.1247816761255819,0.15284019634505117,0.08414139844883857,0.1333555907779965,0.09500285109769645,0.05180859347505151,0.13600577374933095,0.11484517729976218,0.10721874268069075
0.14189187645826734,0.11667159159917777,0.11400276306478914,0.13753052656956263,0.14782371353679813,0.010158335695631035,0.08718127505330475,0.11718111475069938,0.12755880327176983
0.1182639021648061,0.13308276103898023,0.13612510149742943,0.10558378315418147,0.07137479288359815,0.1661528658661995,0.09352701654949193,0.0994456249000663,0.07644415194524684
0.08996060307659819,0.09933962248836993,0.08513370134874658,0.1066048333351292,0.06175840014103503,0.2962229539337546,0.10229619357268067,0.09374769655332128,0.06493599555036446
0.07732887189256882,0.08855883316362918,0.09875386341874991,0.10633160281504052,0.12654248107612354,0.05407197646466259,0.20623308028489443,0.09551360934558123,0.14666568153874973
0.11111811062807204,0.145201742894932,0.15591916923143892,0.12618976979790128,0.10960120784875887,0.04855481254125376,0.10681705513195605,0.1042701890948805,0.0923279428308066
0.09667601779192829,0.14372435968468164,0.06453322112404561,0.10545783761515244,0.10348724388620678,0.06192513597868595,0.20226560978760152,0.13074187051024844,0.09118870362144933
0.10111713550605846,0.13036422289331825,0.08744535161810711,0.12481721843156218,0.1623487101937533,0.023720320194507694,0.1186090806925874,0.14777505626095688,0.10380290420914874
0.0796864008886783,0.07832980256081135,0.22131574523335065,0.05584244510541201,0.015031433769771748,0.34349168710630534,0.10756570418374134,0.05171974861319359,0.047017032538735605
0.09996048591937733,0.08354991076035256,0.044878711091502134,0.10244237173586018,0.054506399812306296,0.1764694214006665,0.22089157677070229,0.12366136675975307,0.09363975574947976
0.06941057990198614,0.09691093394809909,0.07391784709474047,0.08842659457626291,0.04331968583646787,0.40253301448677775,0.10185155096496303,0.06488145647706937,0.05874833671363344
0.09020614480754646,0.11227831966573736,0.07495318625514337,0.1041377096552089,0.18676085607464055,0.04134485556130098,0.13375524868313798,0.11554345927563063,0.1410202200216537
0.09646505509413023,0.06203963630432058,0.4899994045075646,0.1136422239243818,0.03779865995317915,0.03116305020447267,0.048005092507270745,0.057844078403819915,0.06304279910086043
0.19324041760035784,0.13319520531145945,0.14434908130828406,0.064777228665756,0.06456932516162912,0.14096853276776034,0.07390555079482315,0.08452877313516226,0.10046588525476773
0.12573604972956606,0.12646629010717117,0.09038793356853526,0.13018382398950257,0.16482845502550028,0.011812457475216134,0.10637556628911933,0.12624181211378185,0.11796761170160737
0.1404499920767097,0.1364126161821347,0.10090878821083422,0.13859089366705216,0.1457808627333377,0.024141673841821854,0.09620295439193499,0.10813577805668247,0.10937644083949227
0.08112431701846125,0.07639525703457194,0.1535459063690003,0.06893778479228359,0.020919928186990035,0.35745039007642476,0.11186422046802758,0.06406590130857089,0.06569629474566971
0.13226735726980765,0.07479427598942406,0.28739770515519825,0.11152447196790367,0.13255586406210018,0.004761319172347373,0.04877929542953085,0.07907276530896087,0.12884694564472707
0.0943194049163645,0.1406079115457234,0.08491658999647687,0.13427539003028643,0.1549296328416069,0.03336958851122285,0.14913343256379494,0.1109348134034792,0.09751323619104486
0.12301672033564436,0.12212535340282764,0.12739865408479412,0.12618799585293036,0.15690657947010486,0.008220299122223088,0.0941038620830263,0.12369411063424555,0.11834642501420371
0.1113188291361279,0.12739949345925147,0.07317947704886049,0.13398885913033953,0.14809552475978072,0.07927636389756644,0.10870428622180789,0.11485283497165394,0.10318433137461169
0.11258643220600273,0.14593123374344255,0.0763064698498072,0.12444116995627434,0.14270572068358348,0.0576160612745518,0.12617178675517146,0.11969527706071448,0.09454584847045194
0.18329064324117217,0.08121640780172033,0.02772118261972996,0.07464872018554562,0.03968690532333822,0.28834244283073157,0.10013617054334811,0.07592936978410868,0.12902815767030537
0.13662537823261156,0.08919544469009379,0.06303292095575953,0.10130155225382442,0.07213336573429563,0.2800366868606927,0.09413676301944958,0.0834220274950392,0.08011586075823351
0.1337304620476017,0.1521289197115798,0.08995881587209707,0.12332401042426892,0.07112090789679207,0.06986196192814575,0.13183236622212127,0.11926412526788428,0.10877843062950908
0.09135514222863345,0.09842287629280544,0.08595009559285272,0.11751225767791328,0.08111867413868333,0.24500809399997667,0.08784997037171621,0.10262899500284946,0.09015389469456953
0.1000718823021531,0.09316245839524151,0.041415373099861735,0.10128112482021369,0.11099357994405042,0.12513406954083764,0.19516080787342213,0.14541583953320106,0.0873648644910186
0.11429444302399301,0.11592582021788571,0.1121815408120333,0.1418196304070477,0.1475309452368472,0.023401177700346016,0.10219059558385442,0.12365410887752139,0.11900173814047121
0.09393240060244666,0.11438851307762644,0.1444976516946323,0.18388957263438396,0.07946024932002793,0.07240491505042952,0.10637236260455862,0.09643934158378266,0.1086149934321119
0.1541830460932393,0.09813033025423147,0.07261950370885101,0.09295467706108973,0.04309257936524191,0.1341287918966209,0.18201834688328167,0.09413449858021306,0.12873822615723093
0.12655879710313786,0.10644968514674565,0.06062185215755508,0.12094534665024419,0.12086378405189291,0.05543418771683254,0.1584645308930479,0.1462881245229912,0.10437369175755268
0.10782054595227787,0.12457053016914849,0.06604191916216896,0.12376767048219293,0.1137876840535592,0.11700661047397846,0.12025027304184464,0.12044563175384886,0.10630913491098064
0.16022338181445453,0.09498723243032421,0.12684321297265222,0.07132075800832259,0.07027225770449091,0.20844873708652437,0.07696464677369487,0.12431680246061842,0.06662297074891782
0.09803689406619538,0.13388209740889373,0.0865905267876953,0.14632815828355533,0.09987487674621225,0.09826764004082751,0.12920999435257438,0.10597988399456167,0.10182992831948445
0.12220104000680919,0.11584610450094975,0.0664654838152512,0.09777691583313519,0.09417696210283599,0.23420206302003657,0.09329946150270485,0.09911905029931152,0.07691291891896578
0.10522034686779996,0.1256537370295864,0.0896458547915129,0.09985195820812011,0.07599926237989642,0.14595889208212068,0.14277574797754441,0.10939159045974146,0.10550261020367761
0.06698346126438028,0.07478531355353706,0.04701087316437367,0.07006341792560639,0.08194892618138544,0.3746194190262358,0.14338483601718802,0.08686083246797015,0.05434292039932324
0.16100960426460934,0.12160000004619309,0.07900817546472148,0.10928688611144044,0.0895525296160651,0.10215154765609487,0.10801472632257227,0.13688988574901886,0.09248664476928466
0.0813649123287886,0.11262591040034146,0.18573070781564327,0.0835130291900547,0.06564356829462098,0.0531067291307144,0.16958949540676385,0.17005381193847136,0.07837183549460143
0.1312472065673397,0.13888374970932083,0.09220456435149682,0.09833059636212231,0.05533621459312508,0.1809923231676348,0.12023681455605119,0.10340535679868823,0.07936317389422122
0.2199013834549064,0.15399776571612395,0.10891785372575176,0.06156955715546158,0.07040504747705906,0.16645245470315578,0.05920297809966411,0.10108771766643647,0.05846524200144096
0.07703136983005338,0.06615634006576086,0.24364857948948593,0.05755928471804611,0.012982968793063106,0.3807458363125545,0.07077201965654793,0.052835078754808196,0.03826852237968
0.13012528927721226,0.17371633677610043,0.09748154574536194,0.10497824639178022,0.08237866717186752,0.0802137518355483,0.1330798028370029,0.11454749514187727,0.08347886482324918
0.13763280058121494,0.11508072582165642,0.11194136205623562,0.15726121175082852,0.05037772663830122,0.11333348173091946,0.09751134398418289,0.08291122169055044,0.1339501257461105
0.1624540716314439,0.11685690123375221,0.06644006530728151,0.12639801489537103,0.07872265507093014,0.11380566128529485,0.09841612860575523,0.1178118632625461,0.11909463870762506
0.08347153728775138,0.11611891402144388,0.04553522019478087,0.09476732611811804,0.08858544387291732,0.11983883718888096,0.2578384751563114,0.11622649658394098,0.07761774957585517
0.12941707309804565,0.1241687091005026,0.11063049939281855,0.14398397413491174,0.1654222069470791,0.012939925860389839,0.09214740562581995,0.10696424760041821,0.11432595824001446
0.10029013240352297,0.08896394549270976,0.2663867755648068,0.062484621909028405,0.01178749685403343,0.20437848390057156,0.12521643087654521,0.052470007765841174,0.0880221052329408
0.13061251698794263,0.12533389510999307,0.08846177373404174,0.11523034701825785,0.07821937262453553,0.1929516987951312,0.092694862035173,0.09266744767534923,0.08382808601957577
0.1153317009877834,0.11931466861770557,0.09953448663849596,0.13724716926767355,0.17499523793239247,0.0121518170052937,0.1007250517914675,0.12208413220471968,0.1186157355544681
0.12472633488903188,0.1322475766168945,0.09592889228070682,0.10792446318708941,0.05349709565416818,0.22421082115819022,0.0928391632103931,0.0889019547211211,0.07972369828240483
0.11376222954801235,0.1009549277046054,0.16537129464736064,0.13816690135208434,0.11877073882537058,0.07154130346368272,0.07459215769378023,0.10852333485788486,0.10831711190721897
0.12141326136684866,0.1351339517484514,0.1423644675094887,0.13610729624257034,0.06978018876916713,0.10210710065882432,0.10278622874829953,0.09635015495055022,0.0939573500057998
0.10940360771422249,0.13598550657122827,0.13906010658485754,0.11408065250841486,0.06618447025911023,0.19636836297290405,0.08542381087043595,0.08295043821138003,0.07054304430744669
0.10276167731620427,0.14107797561190383,0.08760497070020841,0.12189377272775757,0.13815477939410192,0.03915908094206431,0.1483943974135178,0.11937787066856152,0.10157547522568038
0.06118662756448797,0.058712922742992446,0.16937623635528412,0.04906653309630645,0.020753102058798396,0.44682115991108956,0.08613867395776353,0.043446146889181664,0.06449859742409593
0.06702092870753897,0.08173379266858884,0.07421777212585254,0.07169083568898703,0.04921518293029289,0.35617644929998965,0.14885874829883441,0.07064362115886198,0.0804426691210537
0.11496462673329189,0.14563365807593204,0.22980346204203483,0.12129874703429759,0.05031123924014321,0.06854761122909074,0.09440234862598124,0.0893112158262972,0.08572709119293127
0.10723976131605313,0.12876430259708463,0.10951649906036913,0.1458612246645157,0.150186839455105,0.016994876327420933,0.11103146809253579,0.11607189767551752,0.11433313081139808
0.10009574973375852,0.08550791619819938,0.1889842733185424,0.05285606306242682,0.015786113686816202,0.3511251467618135,0.08359079866233153,0.054975007897846505,0.0670789306782651
0.10049482050825125,0.07979229627767247,0.03822859886109989,0.07551277330055131,0.058236057126391655,0.31457183071687594,0.1158527451736772,0.0854721947251932,0.13183868331028709
0.10461641733921245,0.05504898575227462,0.0556359004043333,0.08029677521231682,0.044885516699577334,0.41254696975316163,0.09442478327670147,0.05940933400649361,0.09313531755592881
0.08848266437243602,0.05353977978443399,0.10577586521645792,0.038324586941362364,0.026215341850911716,0.3889314776236361,0.08418201772289254,0.1687866930618771,0.04576157342599214
0.09564164840696887,0.09141428173361392,0.23834661718678737,0.04669296243502255,0.042887445195143835,0.06734438867245986,0.08542296524573262,0.2514897350292934,0.08075995609497759
0.1392587714860367,0.1307797872463408,0.08692570787546132,0.0815199746064638,0.05849483837649894,0.18385616599815138,0.1191946107421784,0.12052575988133851,0.07944438378753013
0.16458221576844753,0.1261922928304232,0.10270446177120414,0.1289246408887456,0.1415421210638256,0.017396507914291304,0.09298907649022892,0.1125931435933928,0.11307553967944084
0.10677665960447091,0.09648119316243024,0.09134877330004737,0.0738495191679947,0.042224219923346705,0.3301143089797625,0.11299261072193494,0.08343541748517884,0.06277729765483381
0.09602677119430425,0.13521362472261964,0.13237186166444345,0.09220038024857535,0.07506574903092665,0.03968469433415118,0.23516793368765632,0.11259275519877192,0.0816762299185513
0.08066759280503248,0.06101773713782863,0.19642009872744812,0.04500955676347521,0.01283070301555105,0.40458005399357644,0.10233349486086822,0.046423793514584276,0.05071696918163559
0.06951984220113222,0.08062431208155262,0.14027506045023916,0.06981311724480299,0.023350083490889493,0.4185397390613237,0.08898982241471942,0.05698833977151285,0.0518996832838276
0.10381280755335935,0.10702659692648198,0.12334470956014042,0.07407170754452813,0.04640375501529426,0.3312645086816135,0.0636944563511947,0.08675258086079758,0.06362887750659017
0.11669901586279134,0.15092165661969847,0.1500701690578428,0.13813418817139136,0.08709751642807212,0.07791755878546779,0.0976409404123647,0.0935007145096593,0.08801824015271209
0.11266630529821763,0.12360722400543772,0.044162345130823656,0.12835178102774072,0.08843195270620459,0.13617850264858306,0.1532045958219841,0.10754713385895098,0.10585015950205755
0.11391628780078794,0.12430814973047111,0.0484393391902063,0.12754457139361228,0.16421456515738478,0.028399928549480116,0.14873520727056014,0.1300881475021039,0.1143538034053934
0.10964685597331386,0.09745953243958007,0.048480956336883534,0.08842109587291862,0.061228519167040606,0.2718482838025463,0.15349055965433264,0.10774087707890771,0.06168331967447668
0.10482859288798967,0.11078870809174128,0.1539433054930271,0.10776669785554642,0.14445321080807622,0.008933368922736424,0.08409834839998181,0.1746605248307714,0.11052724271012969
0.13346762916795732,0.1470008318253229,0.10310341891424686,0.10400116457562776,0.07375718987735658,0.07740689752434991,0.12697967951494243,0.14550384338154196,0.08877934521865431
0.1483397154984449,0.12177534746943268,0.16690926845714568,0.16188025574908185,0.07142709256507303,0.04005610156478557,0.08519963848223054,0.09575697511938597,0.10865560509441985
0.09803561134842535,0.11857798078294275,0.10724298884168225,0.1122404478482627,0.0666238421756542,0.26518885170286527,0.08036246046373431,0.08067295885927708,0.07105485797715606
0.12430294538161035,0.1462829593890545,0.06487106182739845,0.11469471299118762,0.0767046458560572,0.1570778878859305,0.1310200121095485,0.10079722039686712,0.08424855416234578
0.11997485530726038,0.13431726439384586,0.0895843093488508,0.1408676443931249,0.14701163815789212,0.07759191392081723,0.09649402250681005,0.09827706007330457,0.09588129189809419
0.17683065931512218,0.14110290779851997,0.06966323776930519,0.12101985242924311,0.09305926047762025,0.06214773006950155,0.1063669270794727,0.11592688774115119,0.11388253732006386
0.09491257358567551,0.058988702236217105,0.22588418427401455,0.04198191598653095,0.013213118562684307,0.39893166249049,0.08509580025872306,0.047646350172081964,0.033345692433582486
0.12063376373088446,0.07473322839014082,0.244201187697804,0.06918284041260686,0.0878131203379981,0.19646890983236787,0.055679724090242744,0.08458744978785677,0.06669977572009848
0.15214385615507528,0.1297973082661963,0.03993826255271588,0.08398257857206969,0.04105820449469643,0.17951412705292777,0.1782567049187509,0.10522244283040944,0.09008651515715832
0.13344934584224316,0.12616321992685883,0.15805120772829742,0.122014666105199,0.11559135739226468,0.0911129080063473,0.07634603259019508,0.09585223558795852,0.081419026820636
0.08343127754921159,0.10152435187290665,0.22716327344318965,0.11514587200733019,0.06948288187466738,0.1405096415290653,0.09275640162245358,0.07512508087324739,0.09486121922792824
0.12756822843803095,0.13093010652476644,0.15838701759405704,0.12937396846195337,0.10707246359168614,0.02174657111766423,0.09653160663089792,0.12077479897008107,0.10761523867086291
0.10349941798757711,0.14554132922275462,0.09850670702579085,0.12897631790488298,0.12841533207482228,0.04563797672555705,0.1391220245484332,0.11667365622546366,0.09362723828471829
0.1102482568776536,0.06203392729969093,0.13541259372729134,0.1261557690629538,0.03029685100551473,0.3128542508445175,0.04619035830704393,0.06664751972776306,0.11016047314757098
0.12515970066553225,0.10146038984167431,0.261227602999299,0.12521004158901172,0.10819119043152015,0.014475576927980438,0.07620509392375076,0.09362838612277626,0.09444201749845506
0.11263968955820063,0.13258393353494782,0.31523088302134267,0.10411503751051471,0.034765893281579925,0.04757218212848465,0.08935602642078501,0.0824281417443325,0.08130821279981214
0.13777648645075105,0.17221530028153462,0.15685720631622715,0.10261900322027849,0.07317407837926809,0.034559353546574086,0.11218243051835612,0.12067457993777132,0.08994156134923903
0.12641723183129136,0.143921393747971,0.05466297970640758,0.11356566209186177,0.11659764740410296,0.11566351712947846,0.1290683890290848,0.10992262634132131,0.0901805527184808
0.103556642190119,0.1393361381677322,0.08787806328981758,0.1295368063514354,0.13361236429389234,0.042774755757110344,0.13181626308554742,0.12459942061842454,0.10688954624592116
0.12878354048797147,0.12777084791944895,0.1152373655609447,0.147233096841319,0.14574160239622216,0.02116455997442394,0.09190642307518554,0.10906150669547003,0.11310105704901417
0.11864847683655126,0.12436199224097337,0.14920586182054774,0.12483641600016611,0.13317915369820135,0.008936920439024372,0.09342829602226592,0.12458236662833681,0.12282051631393315
0.12940566468778272,0.12636648778793977,0.10228020237954878,0.13857048838983857,0.13439250070765008,0.03776601843215615,0.09411251500887723,0.12024871900582508,0.11685740360038166
0.07520410260106618,0.04196345520022122,0.43217039734117924,0.14603870177880512,0.03565420063039957,0.07396552370247704,0.04527393097130264,0.05479223043922857,0.09493745733532033
0.14659953119499883,0.11182174828656201,0.07449017055632869,0.06216143394827626,0.03788140501154829,0.31869847053430883,0.10244473532150182,0.0913336721996112,0.05456883294686402
0.09366544019792662,0.10062375737847394,0.07641336269267913,0.07585653673312003,0.03883578007707116,0.3813371450880187,0.07035037469930093,0.09726586387302083,0.0656517392603887
0.13469056437832125,0.11771594603581714,0.050004757873061835,0.12911701297424694,0.10919868837912101,0.09984117123237368,0.1463224632823372,0.12295318295907677,0.09015621288564409
0.07810666392294002,0.06672500628811158,0.2229795926857717,0.04671940377891834,0.01226334878190939,0.38207600379471635,0.10168051029649681,0.044017503155589825,0.04543196729554597
0.15909067154492534,0.12576854762619427,0.08980596635024,0.1350952313347806,0.1270100939624157,0.02897961400707989,0.1008427193781896,0.11445271064325883,0.11895444515291576
0.1345044426087227,0.15302583006086187,0.08085620563255977,0.1329667703386568,0.0992706027538977,0.03853384219242997,0.13565191374670713,0.11809608583329166,0.10709430683287242
0.14404850293168064,0.13698955111737582,0.061353166663303815,0.14600757241296505,0.09890088595416652,0.06008506886590644,0.13241721528963948,0.1066611826367486,0.11353685412821357
0.07876752959445918,0.06314285148567914,0.255448064054901,0.04588534912738348,0.013547969917960825,0.37858219035733365,0.08651596025594217,0.042479565903297906,0.03563051930304272
0.10204723385510898,0.1303618211922553,0.0757014109971009,0.13126367808660072,0.16881278377576026,0.04592079244066597,0.12206038364442318,0.12291275267551367,0.1009191433325709
0.12268298753878036,0.12634678469551333,0.09676882898338746,0.1359027754431016,0.14004318765119286,0.02787019475583838,0.10232836823282569,0.1289703243441194,0.11908654835524086
0.12483935507462063,0.10774102288335596,0.13546160869438484,0.08845097973828814,0.09264756307184747,0.09355715807545144,0.06447766050028902,0.19399776989183845,0.09882688206992411
0.09236590617831923,0.05792257093608041,0.24986821940962534,0.043731543296590784,0.009440742798204312,0.3884993866616478,0.07666634528939353,0.041439516325322216,0.04006576910481629
0.07596601611644127,0.08592692842012611,0.09513134633586295,0.09530407572787725,0.04116893825109467,0.27531157378806587,0.1468084651203961,0.07970940285246646,0.10467325338766925
0.1541830460932393,0.09813033025423147,0.07261950370885101,0.09295467706108973,0.04309257936524191,0.1341287918966209,0.18201834688328167,0.09413449858021306,0.12873822615723093
0.09446749710202257,0.10812423322974851,0.08661350554439705,0.08421056150139827,0.04510373999429324,0.166165004318092,0.19522161804535929,0.14472084296785173,0.0753729972968374
0.07704034046675316,0.08802230156838613,0.0784134682567169,0.08891958798930934,0.11005691591249393,0.2672147752551799,0.091596721766298,0.0930307928422005,0.10570509594266214
0.09824193398875429,0.05629379249886033,0.28251734246030685,0.04904821683678764,0.014820987239233403,0.23832380490724536,0.15387967551696416,0.04849826073113511,0.058375985820712815
0.07023538348668008,0.07279522989503683,0.1703403548209174,0.05787901398851902,0.029365528733571376,0.34174225809879505,0.13468929330157,0.048785886773087546,0.07416705090182273
0.09483383408583412,0.09862094997290242,0.36122694691402385,0.10813953952273848,0.040905930969215874,0.06841297151086771,0.07461306302799973,0.07647495791872859,0.0767718060776893
0.1218634700846594,0.13332936172885101,0.12466407504624517,0.14315069320586815,0.1149208067900192,0.05691989080806777,0.09023367463782932,0.10765662732364907,0.10726140037481086
0.10385531018453052,0.11504600515867562,0.15242824427049392,0.1777114540473119,0.09126116489002396,0.04272210849071436,0.1102801347709594,0.09958433176417368,0.1071112464231167
0.09494501437263038,0.1453525513360906,0.08370711413834613,0.12124715140176905,0.0889627319827002,0.1322293797145049,0.15138528700952858,0.10063236840251762,0.08153840164191253
0.12293152269521923,0.13463172247693042,0.08700124929968182,0.14199224322648005,0.1350511965829215,0.07360987201547058,0.1009912470185123,0.10176005762357802,0.1020308890612061
0.08723058338071825,0.05223373289387806,0.3268404720673988,0.0566112229172015,0.04056197159387737,0.23775235199497513,0.06779787059694,0.06051204381082818,0.0704597507441827
0.12209092310021426,0.15847702786510706,0.08342852861304373,0.10978869010254917,0.09903718005737407,0.0944194859902308,0.12793012451364172,0.11475186357507393,0.09007617618276521
0.10734606074103402,0.07541243847322249,0.11124814591324557,0.13734631694949215,0.03610634287117697,0.30350633079866174,0.06211933396321232,0.07373660648169572,0.09317842380825904
0.1337031705058521,0.14170311198291244,0.10068335530553274,0.1484276637353531,0.11772971906322997,0.03416557693231247,0.10714444625415039,0.10692108114150839,0.1095218750791484
0.09979927871103865,0.05413819756146691,0.48267528792721087,0.06567338945355872,0.09958774600895437,0.018391970845848468,0.049887518872119625,0.06714008136748932,0.06270652925231308
0.13473663777753933,0.13525455128346395,0.06253942583759109,0.13071325928279398,0.16426470421649256,0.02176440576373424,0.12401430327697778,0.1176069153119292,0.10910579724947783
0.11033928063475003,0.05633984002248408,0.2891994502476337,0.06685265357527127,0.020222501404959552,0.2929763287085776,0.06388661855467818,0.06086692640787991,0.03931640044376558
0.10513342478067933,0.09026003524547892,0.053026429261427,0.08088234775778884,0.04916904454955039,0.33957112615144025,0.11581737386010672,0.09158857580771806,0.07455164258581048
0.14240611860980656,0.11769813838164501,0.07660299415770748,0.1682185812787843,0.1328197000994193,0.029336850357007005,0.09561730671328174,0.10930023996898913,0.1280000704333595
0.14061309601969793,0.1317707799295396,0.14135977162312263,0.13139637274240953,0.12449158968765646,0.019745885007989617,0.08281145303208104,0.11386971527695557,0.11394133668054764
0.13265055341215393,0.11860381879595346,0.09487225641604508,0.1331537090501138,0.06830977638590802,0.14513528650054489,0.1071535596449303,0.1099544380426577,0.09016660175169282
0.12900891884142549,0.1388497514761886,0.05150165423862202,0.11233907609483283,0.06761744344287669,0.15721691725891987,0.14820948572676196,0.10354671405479543,0.09171003886557716
0.09229882847098186,0.10533034073169795,0.07403550610496948,0.07405539916700826,0.028878010032240563,0.3207574564578783,0.15849389676843326,0.07824659878406505,0.06790396348272532
0.09856159106713168,0.13051052798550447,0.08026685261014531,0.12499332949032056,0.12498424444452849,0.04764178713382944,0.14620396132317617,0.13271527322453022,0.11412243272083365
0.13116670586575482,0.13744301356931293,0.09674909050543075,0.15749412904314106,0.08677946230238143,0.09046048403628516,0.09770986254800883,0.10122099814113768,0.10097625398854732
0.097226970052745,0.11212531318264102,0.18479334840004225,0.1115794218534472,0.08140301942708397,0.05487271335861101,0.0935717479503516,0.16272106649051135,0.10170639928456661
0.06557502331720973,0.0496186798496594,0.20086484535976223,0.04256353009528183,0.020812674429996927,0.35705487101221417,0.04596834617803778,0.09528493449431628,0.12225709526352165
0.0806410611344283,0.06647839499024479,0.2477155347581971,0.08749214200332071,0.08323798390578423,0.18586298516853775,0.08561231867521973,0.07674796654298693,0.08621161282128052
0.10467800388700284,0.13568022253914155,0.05955736660780686,0.11762264237219207,0.10162556198486679,0.08854680116964465,0.16281346126044774,0.1277139108629004,0.10176202931599708
0.10572284392592657,0.1055000539950225,0.15284903162702282,0.14689774240816567,0.10145182657080132,0.09025798902826944,0.08039227737798066,0.10759175973644307,0.109336475330368
0.11301188709927518,0.12721027868663046,0.0739915986168194,0.12401797628705706,0.17058043429860315,0.011137754101568748,0.12906481254441546,0.1333166210272679,0.1176686373383627
0.12809653509586685,0.051814845030270985,0.141501476414112,0.065194367978502,0.015904760818819644,0.39963492943509854,0.09425918228936524,0.05863917707900693,0.04495472585895777
0.13633730579579437,0.12697512274234757,0.06084083381425106,0.13074209461849362,0.12819174627004856,0.11626123581177315,0.1010820734780471,0.10150747268293776,0.09806211478630682
0.07617940859136699,0.06895178847859312,0.2723318831097367,0.05021105708802187,0.01066080621039421,0.356196808061672,0.07593469714699226,0.03995366143029495,0.04957988988292799
0.09430453727060027,0.048773350498289764,0.4719759430831439,0.09229647616260661,0.047471170412839166,0.06304180486359189,0.04300621231393304,0.07408292581538593,0.06504757957960951
0.11984609935321046,0.14007032179818282,0.10248409661346798,0.13888422139814183,0.13751161049989286,0.03886429378757931,0.10640074890551458,0.1108668819570276,0.10507172568698249
0.08999783133727057,0.1184601593100462,0.06723359351242537,0.12723526000720223,0.07143871894399641,0.20410635669237723,0.13006580931837414,0.09773354642235592,0.09372872445595189
0.09889795627039939,0.12057770083832832,0.05138965429047684,0.13198215705490257,0.1335157589463166,0.05548710577987673,0.15837764865096757,0.13051842020676924,0.11925359796196279
0.08523746843817281,0.08286620034632192,0.09389680101392277,0.0833516027854695,0.08443370885259734,0.319368811567662,0.07131260526297252,0.07781286369318617,0.10171993803969494
0.08577179818519176,0.08471314821769023,0.0846148333201953,0.09768775334628281,0.04528508350135425,0.2512683568601027,0.18167712104205777,0.08938276185472516,0.07959914367240002
0.101403916434662,0.1526059155885071,0.07973892759849284,0.12365191324781215,0.0889036193264528,0.04417609706386214,0.19074975683837914,0.11961881248175708,0.09915104142007473
0.08142473227746992,0.10406297200990472,0.1015318761916052,0.11919020977184754,0.12797436492145936,0.09030536149153956,0.15693022500663786,0.09674475576292407,0.12183550256661164
0.09720081753538896,0.1304167660623912,0.14137397589657894,0.08523188230260932,0.042484721601300596,0.23930767013892598,0.1041255958178224,0.09085469503373472,0.06900387561124781
0.06842731740567877,0.06538303667250656,0.06309980577550371,0.08218167559818068,0.032577496040299296,0.47352860226730015,0.07397949736032956,0.05665037943823698,0.08417218944196429
0.09089027544568,0.10123279915902061,0.19307044599103484,0.08203139449522048,0.03220443004236439,0.13091929051738588,0.20389451709725626,0.0763660891074461,0.08939075814459142
0.09363087110371286,0.1190752582642044,0.25679028697567163,0.10470759813029945,0.03820190680534818,0.11946676439342822,0.10410160579878702,0.08422597239676133,0.07979973613178698
0.11244150735440665,0.10635953621960609,0.09293045310103464,0.08297496516885032,0.038761674619126794,0.2520514611323394,0.08112579704257435,0.14936171468394036,0.08399289067812145
0.07920953099662935,0.0723213401855996,0.2383269167737551,0.08761336171705005,0.018620306477594384,0.25389029090103704,0.12226687341835692,0.056671482835523236,0.07107989669445432
0.12492123517895524,0.09819478883045196,0.08888852064137968,0.12891591539398314,0.10765071203488606,0.18670638407844264,0.07573502669410791,0.0940538311330965,0.09493358601469688
0.13027740253531694,0.15503734005290679,0.05974132863828515,0.11402617740190334,0.09363550912486839,0.04611430002256777,0.16723791311519917,0.1277442421189028,0.10618578699004967
0.08973709797241068,0.0850861945107068,0.20117569962296122,0.05590714121016368,0.017460428827067373,0.33272758971534583,0.11476755145578998,0.05692662130971023,0.04621167537584425
0.12226711136035052,0.05955242742156905,0.2319643207283653,0.039262795629540735,0.030842975609712067,0.20086856552970198,0.03523450997389671,0.20753138701532758,0.07247590673153619
0.11827794803462784,0.08450179624552419,0.3070578069334214,0.13040471489812358,0.050238691275755365,0.03695599294608955,0.078105360377198,0.09174864223836443,0.10270904705089563
0.10052600209367511,0.116846593491568,0.1540662213282896,0.11598944624679884,0.12277876961396968,0.07986940156776849,0.08860113856888845,0.097952068928012,0.12337035816102986
0.10082887226084507,0.12008920398074614,0.11207224082902988,0.12455147735690321,0.13694771621524096,0.035207851088230845,0.12713915708722054,0.14012193312874086,0.10304154805304255
0.0788528419154028,0.0560955144134205,0.19755796791473812,0.04175916580715555,0.011361418876621577,0.4013188172703697,0.1254317441330502,0.04119887654773196,0.0464236531215095
0.11218831037486243,0.14201910501438908,0.055643665406992504,0.13349324935362203,0.14868514382514672,0.04557069905018304,0.15165406893160396,0.11205952069830771,0.0986862373448925
0.16819913038449244,0.13863779826579767,0.04966363152435249,0.0998334526494075,0.12202168332349154,0.0747731212582769,0.13419989968545093,0.12372574055695379,0.08894554235177675
0.1490231179511122,0.10260946015766736,0.06327401582922208,0.08776404199528103,0.05382577067093935,0.207173000186735,0.1426037333033143,0.10360277141941916,0.09012408848630948
0.09681706438512726,0.10219787237917304,0.028284754310292353,0.0971683851274745,0.059970799235239215,0.19694833252935387,0.2093713468310039,0.10599541499231158,0.10324603021002421
0.09655728613438778,0.11111128061367113,0.061766939558951205,0.13950173696376314,0.1712671718849906,0.07118077741028818,0.12707162061594088,0.11435891462592834,0.10718427219207867
0.08261467226730947,0.08447362138143118,0.13571055409501234,0.0698599558480019,0.030190288894284694,0.3329582688535275,0.12950115558535405,0.07355413412828636,0.061137348946792625
0.1469474117834927,0.12517750006299022,0.13160216356649965,0.1370937126809079,0.12557991582794747,0.02452957052033358,0.08631817242935606,0.11302213075120561,0.10972942237726686
0.14965843600154324,0.13990120735513956,0.11071538957392059,0.12714464739188405,0.12823041332928653,0.03655675896524449,0.08776665624210545,0.11210748470683472,0.10791900643404144
0.15432953553745501,0.06813119530511198,0.03837170219792943,0.08278116529133593,0.045945749706117554,0.3236227324811098,0.08997316833116871,0.12940141370180058,0.06744333744797097
0.10713975426144244,0.11946028438195394,0.10189329535296482,0.13426083411223758,0.09028706680399175,0.16660972526214243,0.08616728591073468,0.09870959629324094,0.0954721576212915
0.09052050527803178,0.08193479585274682,0.03879161496548969,0.0951457722957177,0.06280652155117582,0.3565339081342773,0.1116497808175247,0.0849110187857391,0.077706082319297
0.15466582007745935,0.10244462462428805,0.05999788329309538,0.1559290991518599,0.05538532779361549,0.16925806077592176,0.10264586585065034,0.09826220483365067,0.10141111359945902
0.101403916434662,0.1526059155885071,0.07973892759849284,0.12365191324781215,0.0889036193264528,0.04417609706386214,0.19074975683837914,0.11961881248175708,0.09915104142007473
