0.05918066478650824,0.3832492118344128,0.016294826246395062,0.008607563267667744,0.3219463094474385,0.012718493366122493,0.10118925983169137,0.03859602503557316,0.05821764618419067
0.14409400049377133,0.13905214373670047,0.022281121168073636,0.40690091916572463,0.1079693365028473,0.03483929852091047,0.03999434193148798,0.03350741695842794,0.07136142152205638
0.20444861960368022,0.058291216881771295,0.01220603264542334,0.003920647700807915,0.24822455614192548,0.0014618519845849363,0.0997155627297867,0.057536264916893974,0.31419524739512616
0.07751233653636029,0.10805524243051434,0.021534471799819696,0.07967871744062659,0.4446364891878361,0.011701834690269286,0.05531303252094163,0.03798520142696332,0.16358267396666862
0.03919980798030299,0.2065048698247751,0.06602071041677311,0.09364600087023682,0.04096630541708955,0.2439369045215988,0.1453068479052829,0.06875037413654593,0.09566817892739483
0.06780691745627195,0.4917675015646787,0.23570901118061016,0.07063335193543265,0.04198743156632558,0.013777792985741772,0.038572013427356895,0.029613409244405253,0.010132570639177172
0.2549712846200825,0.10552175058887277,0.07175840434687014,0.09074563170738863,0.19724287558560713,0.025397374748039114,0.14460428782565496,0.024081631390903965,0.0856767591865808
0.24381952091856873,0.16993430094721687,0.13592237893484052,0.19206676664921887,0.04053477728300639,0.011548841503953711,0.059193546640422805,0.07335302710476369,0.07362684001800851
0.20616718910495924,0.042036420084991914,0.06906641712188956,0.26197583456301626,0.24023156258264403,0.03867061454130271,0.07527256084654059,0.044639782480080416,0.021939618674575268
0.14707961707005882,0.07320481025304532,0.1267441815023985,0.0809434878225027,0.16882983910788343,0.03184009739009314,0.13225257697476214,0.12077526976390988,0.11833012011534598
0.06283208042663822,0.09904138554335451,0.033816001951597764,0.08135389752280099,0.18905716822936836,0.19810744041573022,0.1860190377451103,0.046378343332932115,0.10339464483246746
0.06851287237790037,0.05095820354823205,0.05481927825251803,0.0355371043591498,0.13040880332880309,0.05005309419861433,0.02699820106286169,0.45895929366001953,0.12375314921190117
0.11362574134388059,0.05242062781963985,0.06567906894717161,0.0538159209655944,0.12998255684147222,0.17766753580324668,0.22298246940961244,0.027899372047049065,0.15592670682233314
0.3024442469170424,0.15420531352789965,0.031472546687383474,0.07228846106567022,0.21109836109840754,0.025166119484356358,0.05272681976969087,0.059245637686921204,0.09135249376262837
0.03880416892955967,0.18509033338068306,0.29365472746325655,0.10364750746950387,0.021939426364507297,0.05119882305775764,0.07261718506550456,0.09795487674651877,0.13509295152270864
0.18769882181403885,0.07918646707289105,0.014254564260021177,0.0010882926674101818,0.4769196007607163,0.0836990188358235,0.12374160219205826,0.0059652901801457645,0.027446342216895004
0.17679986619396595,0.07994373036293449,0.04097176353041654,0.03926929995346353,0.08435913832034436,0.121513760885461,0.04908373317108389,0.2921901381524656,0.1158685694298646
0.043219685136909713,0.3162025313940275,0.016432989808474886,0.007074757677743828,0.2996732119479853,0.09646495721928657,0.09734219523902286,0.1035236282547536,0.020066043321795745
0.13536781709354054,0.10096113189227984,0.37944497945057226,0.03066182298890109,0.1001247321232837,0.08717197779906173,0.098877768158728,0.054642551304649435,0.012747219188983328
0.03830207967990841,0.026056871951217437,0.05366197299996165,0.12224230959440659,0.03513535008764083,0.03897595876978978,0.10103933628711632,0.4982523355397919,0.08633378509016705
0.05190779460767082,0.045921440342493215,0.09904801981949733,0.03965884412801878,0.05566813928763606,0.30321950030573863,0.05470880587042367,0.14456529847050556,0.205302157168016
0.054919248013553884,0.4141375396800018,0.047132566624756976,0.04544509444970817,0.16317077947005293,0.10128217711704186,0.03848512567311504,0.02438340194550599,0.11104406702626346
0.1113688600016798,0.20736303469426645,0.20381354943014382,0.2634059370411632,0.061614869104350524,0.013577752717539249,0.042424186721562875,0.04639464960738641,0.05003716068190767
0.03251639121122015,0.0075794490839913254,0.10907890807487759,0.0879192277536247,0.06374465386496224,0.18483969334163072,0.007234443775567413,0.0890923315507543,0.41799490134337164
0.14758560210140936,0.044179729699992835,0.08119430411112658,0.04152778510769836,0.42149212406804,0.09411201137902503,0.12151263735417561,0.003179723384027056,0.045216082794505154
0.03959181445915213,0.5433352632171355,0.040822219794469636,0.09641382876557243,0.046121095346072054,0.08286702625025485,0.05436792521078181,0.04350260738841374,0.05297821956814782
0.06226774886254575,0.07298243523827719,0.16478978737168534,0.4467486793621222,0.024938576431768108,0.012203634481008052,0.017715694326911804,0.06739500812225534,0.13095843580342623
0.19828144930767314,0.13743352628563668,0.021946293780868376,0.0500906815365755,0.1732246809786676,0.05976004296806673,0.09947103765339155,0.1490864787778157,0.11070580871130471
0.3199554830113363,0.0314068934151595,0.08106073872913921,0.020529315297626437,0.17741001177791005,0.002079272940620295,0.070096854810388,0.18798145112574774,0.1094799788920725
0.14688259294684683,0.05291420383882567,0.11934255639158164,0.14470964660808414,0.21694404922296695,0.12835823041347924,0.0798416033356193,0.054604028081411626,0.056403089161184604
0.14717606174497957,0.10748611968564815,0.052732258090372686,0.08833047528472421,0.19743022456510884,0.035098094004401385,0.29934630564380443,0.032873080828399175,0.03952738015256146
0.02670655739112623,0.35696555024754595,0.08322871477768391,0.016812631015764735,0.09086817152543535,0.030259098418178088,0.18797940847552208,0.03089644368833745,0.17628342446040626
0.04081926231475639,0.1645668900944697,0.07490466483797727,0.40065751538105726,0.107874106124814,0.01916174395183061,0.039366931942937,0.044645542361851386,0.10800334299030649
0.2030176749766388,0.06386367952325085,0.1849269239254533,0.06697173466764146,0.09847348006909745,0.16336312257195768,0.016112254528056306,0.056747362323078955,0.14652376741482517
0.14781444385917383,0.050886927943685795,0.07702715952516173,0.03955587745797403,0.22290322917082792,0.0849719024132371,0.3020653708885514,0.02136601097337801,0.05340907776801024
0.2065835883173606,0.35392046117129056,0.05878958435770357,0.011223869776835578,0.15252006942009508,0.02530564692200077,0.14857475650532648,0.03156239954356404,0.01151962398582339
0.1577428275515609,0.003543733841433777,0.2303055654836185,0.031014557280166333,0.10250619473585935,0.12398003438165728,0.07899554307337785,0.02144042372517323,0.2504711199271528
0.09218888799653664,0.028988301478589548,0.04168929682410768,0.03938557300892188,0.12059412555916167,0.03249300487727208,0.050986758990660956,0.16137839162369805,0.43229565964105143
0.48941379290001663,0.0737216366697897,0.04890453931442531,0.03450677028362086,0.06988961858178964,0.03376203815976977,0.10387316092065373,0.07619084132218165,0.06973760184775268
0.04888416657517811,0.14418246453530162,0.20766635995149585,0.24669807092173127,0.10626771003632403,0.03897613243646281,0.06213485672339445,0.0892450141817989,0.05594522463831294
0.045002131406396674,0.21181440721526346,0.11385591358501823,0.0022294847813257783,0.08748485277031308,0.21638838317456813,0.07745771543653555,0.10877676206416624,0.13699034956641273
0.09629511703990738,0.053797154233495355,0.027143920468873133,0.02782094143003865,0.11841032146716102,0.006609236847426411,0.061790736608930474,0.4472489499567902,0.16088362194737735
0.12824551306144152,0.03210318645444798,0.03500585675804991,0.049838324070402,0.21951121976649512,0.020661685718674286,0.371414090732512,0.027173592004944767,0.1160465314330325
0.042328816884815844,0.15305944422490067,0.16479931192652095,0.2535976453383721,0.026245416880162797,0.010288008747060214,0.09461480946826424,0.06994352778958311,0.18512301874032014
0.10106575040368898,0.07792905125808323,0.3745073034023901,0.10407399512606301,0.08231590702239446,0.05167139948972812,0.010080086334752443,0.14952917709569732,0.04882732986720231
0.17224844000693948,0.17653465307442717,0.0902289755198068,0.003804655682051406,0.04104821402757922,0.15378262765469466,0.11812816678934901,0.21977442124693192,0.024449845998220338
0.1745068505562892,0.36089766832772646,0.054478032290608346,0.03994957342862008,0.0675721730763459,0.018589289133774892,0.07869070785502728,0.15916156470422752,0.0461541406273803
0.20549302607282005,0.026496431225586193,0.083379444065202,0.018304321061475344,0.10567337424573371,0.04264627931196865,0.03016502179870853,0.10511551123016959,0.38272659098833595
0.13955150369717473,0.06654661901378144,0.12634883849505998,0.038011205875980614,0.15737788877235875,0.05992472115544877,0.08621549788572695,0.20119584503540966,0.12482788006905902
0.18427975717197773,0.03413611569619112,0.14769871154419412,0.1244350261570391,0.12880303219847536,0.018699258235947012,0.01953450618491544,0.028902261926803143,0.313511330884457
0.13483399919025127,0.08405779607642404,0.05556531190905134,0.02241309143873876,0.1924008132222915,0.012402221838260076,0.40647418963547927,0.033136060116205825,0.05871651657329798
0.10208840875309948,0.1110361975719691,0.02916850251955529,0.04421203952908751,0.06156274755782786,0.013365348510878472,0.05014830151434979,0.4423955756337903,0.14602287840944217
0.16062002634568537,0.15535585593367077,0.037025687698773936,0.10384098788897367,0.18179383009574523,0.03378805019320124,0.03752952164462941,0.05491259732313288,0.23513344287618754
0.09298147339996841,0.5115554670118986,0.0940084511937494,0.017060359763986684,0.1197112853158286,0.038489786172318324,0.06242774916066432,0.020967117831842814,0.04279831014974284
0.06353399749040324,0.49336931601527506,0.046230822133436766,0.018819793376375182,0.17315086126084742,0.03290414005086052,0.11369709068290984,0.041279034337165586,0.017014944652726415
0.0716562282955265,0.06963768906396837,0.33028172394262706,0.021740829621369483,0.1682273493013836,0.04771384142996879,0.036327459011547054,0.07246174525331882,0.18195313408029032
0.1080465882018733,0.040774670919811566,0.06392627781465614,0.15909343239392995,0.1591359989429649,0.06525199316860746,0.180557404180299,0.0989339274062867,0.124279706971571
0.05223793144464903,0.10647236553329642,0.2324142883402196,0.09206069150489692,0.18974798858996453,0.03232487531232489,0.030176209717661693,0.13316228576442976,0.13140336379255718
0.15456997846501402,0.05165974911754345,0.05578965495865398,0.04007418465311461,0.14488799182094775,0.026284909473489475,0.03222212405737739,0.41735015669750125,0.0771612507563581
0.11144098705770089,0.05739973679210362,0.32275166319012155,0.14028169453845016,0.05785517382205237,0.07799691996328327,0.04130913654102712,0.13472527492496264,0.05623941317029844
0.10224394627674227,0.08361852885014669,0.0913422589999129,0.3352595467160681,0.06537599473021927,0.07194620112348307,0.16937003587468202,0.05288186502281083,0.027961622405934885
0.0312778409451035,0.4537108810925324,0.06469989093216498,0.026538749404833358,0.0968712056460953,0.17826773156611522,0.07819753497778724,0.021277958336428576,0.04915820709893932
0.048841858125057036,0.48043672640355783,0.03205948446332483,0.01490325113923277,0.10068728429258052,0.11500131480653919,0.03878220133655399,0.0576734614136403,0.11161441801951359
0.0418847953929869,0.1767673637411958,0.05081828211737129,0.10236271423079339,0.03791898100536944,0.27983431028582234,0.09499351547300078,0.147581317510027,0.06783872024343303
0.02665498007616646,0.5342245542572557,0.04078420281777306,0.0307391902245482,0.11782638727456728,0.062287668950224445,0.09725615779218304,0.06937525922569547,0.02085159938158627
0.0663690861862349,0.024323076842297526,0.06121891156566819,0.03803305406235438,0.04377608241960928,0.024899344421387318,0.12182497904549984,0.12649885447138617,0.49305661098556247
0.05794155718856936,0.08436818760021993,0.0637847587645156,0.24953041075796542,0.09434997643507463,0.021379524759772468,0.19073490188235057,0.0835232554391059,0.15438742717242618
0.044221109982319574,0.06205232206195921,0.022217663056258986,0.4990316393572771,0.16147243631024183,0.06358038005047133,0.026311144900144964,0.09053965236640477,0.030573651914922274
0.10418184944738401,0.028360159002750702,0.04657205459596048,0.027848725173345006,0.22480774762939681,0.014236063179003522,0.16048817248068178,0.1823722031497286,0.21113302534174908
0.1164947702113528,0.3164220509658211,0.16804787081665762,0.0697846373239604,0.10872829599246732,0.0674897633758393,0.04823625803608889,0.054884343927043146,0.04991200935076942
0.04551118936279191,0.05858470150492098,0.11792174892172119,0.03447216703463124,0.1543135999060275,0.2607067595492954,0.19357507927718223,0.03814770240740307,0.09676705203602648
0.014730173031893806,0.13061169208521398,0.08787023969995807,0.13377700659576905,0.04260447353442604,0.3943007149754325,0.14666428523112182,0.028419395786893713,0.02102201905929102
0.11856692478923485,0.07933116095008763,0.1291553995666269,0.07973623749451443,0.07944715605185981,0.05856351547152037,0.10323459499758264,0.07505784233747226,0.2769071683411012
0.39753059392728,0.016354316752855497,0.07011234751467893,0.10528172471400665,0.17652941605273817,0.012754107765839157,0.08722258396522324,0.052253203140787984,0.08196170616659036
0.10409563586298431,0.051183464040521105,0.11599846703006572,0.0775482971686302,0.05243061865073259,0.0350672810232438,0.10930240364851505,0.2891766367085395,0.1651971958667678
0.11857430023772748,0.23971520927630183,0.035004509741995295,0.23057419786310976,0.15965447327778992,0.07077112313285683,0.014754341428131467,0.07955437523955734,0.051397469802530044
0.08346914454044634,0.22957227025671564,0.05595654973270977,0.04976945301520725,0.2038315683702364,0.06718552361685505,0.04453211069213048,0.16482180339532151,0.10086157638037763
0.17467346978645118,0.04913580832074659,0.23467959113104989,0.19773452861010932,0.06733230880387446,0.014816037905550541,0.2080906149253545,0.018998064821180383,0.0345395756956831
0.1670727812033986,0.04044646414653503,0.17952372109818093,0.33412815968217213,0.05423204258707859,0.022519469814315907,0.1551216414190657,0.029720752145745526,0.017234967903507644
0.2258383672670458,0.08278023171969354,0.2257802081898562,0.011213874855679951,0.13850600043887454,0.06657039344289802,0.09359880165139157,0.06876222851609821,0.08694989391846221
0.23194115075911462,0.19957009001979462,0.1814763931537521,0.09547086713098346,0.031946044758373995,0.03296963842000814,0.12362166127249351,0.0829603152601016,0.020043839225377877
0.1306203802011598,0.08603321974630913,0.2033946045359791,0.02804388516101558,0.043298341980660536,0.08392687377396929,0.03392057189512195,0.05214382522106143,0.3386182974847232
0.042870320745864186,0.1837810317548564,0.03500328379973053,0.5315616239975443,0.05394262184625823,0.01955269509529016,0.04125281659146313,0.04652719632150804,0.045508409847485
0.06464305660950508,0.0746209094580665,0.03095553107237438,0.22136562284537967,0.3080373658786527,0.2165599056895131,0.021084322709747416,0.03410855585087914,0.02862472988588187
0.04512406799052199,0.16103121684878138,0.01765315241955709,0.15018208362753382,0.34013542525683854,0.1737648854135759,0.04225488373784536,0.04633525749783202,0.02351902720751399
0.07929214570090165,0.03507722258179106,0.11577909258381686,0.020881503585368905,0.1781364557627275,0.19745878696739805,0.020289829249742805,0.052849987654897894,0.3002349759133553
0.12902079664412933,0.06943111429497484,0.07162514646359135,0.07162554313838197,0.12439194932572228,0.041410546142990924,0.04079466268177737,0.08772305178954665,0.36397718951888525
0.16687051573493825,0.10224839506515161,0.15719748022885646,0.007409223904934541,0.2767174133542656,0.11775099999326129,0.04001792343630741,0.02585663871089221,0.1059314095713925
0.1787628394525698,0.20484906221255036,0.10015280395535497,0.058960627184577376,0.08571761513907962,0.005478373660807195,0.20930007486458033,0.08213378751720866,0.07464481601327166
0.15156429018712528,0.3016387539698792,0.22065442524007273,0.008465798545984622,0.1782737292403006,0.04454576769844312,0.06690606525902278,0.02194819468020863,0.006002975178963032
0.07731060139608874,0.00015876991030687245,0.04478462463474312,0.018888119630760498,0.1868614677105007,0.18209424054736364,0.15004794920520378,0.06170423836484471,0.27814998860018786
0.1329686518715045,0.09659343810687555,0.040962010856394365,0.03532020949492377,0.0905720397626496,0.08548929247028736,0.08366700352447752,0.3553725624233614,0.07905479148952603
0.1413442449231823,0.2260894199303559,0.08282410693533483,0.1722105315039492,0.046590882509594055,0.006575904439276044,0.03191406953585869,0.17353732864468915,0.11891351157775991
0.039160663467648016,0.07951993126932648,0.08131330046620994,0.21949149118979996,0.2650820364981092,0.13254693306199375,0.059909649249227696,0.07977292810433521,0.04320306669334984
0.20153613807702095,0.045453102196214484,0.235857845343748,0.2022164273763567,0.043599108849263594,0.04813857906247332,0.08234099453460297,0.08291963441232218,0.05793817014799782
0.08231240303843594,0.4461161557252596,0.01888897677781585,0.013772309475926068,0.227957163478432,0.052870077848085485,0.09062149288950928,0.013680102806195632,0.05378131796034009
0.11707815197306475,0.09312548370733718,0.17703269011316272,0.22500084285892,0.04705453201684645,0.016201853011654315,0.15798242004815208,0.05248274990124486,0.11404127636961758
0.08028611040230581,0.010214506959212817,0.4146602388622446,0.031062918485266048,0.08241957582340932,0.09733226970359232,0.07360792223536107,0.010902938248034878,0.19951351928057312
0.2719563639608908,0.07076195254204877,0.05863617296030179,0.0326244361278187,0.08390467442031872,0.03677414933576708,0.05500405812327049,0.2868084520238337,0.10352974050575008
0.0859851244080176,0.06912268011685166,0.26624199872647175,0.07375896084872179,0.04454635627984121,0.10983167073303331,0.045412334880956105,0.21144283874963019,0.09365803525647638
0.3176305743630176,0.1347740142948554,0.050628063623127474,0.20772729571316104,0.08309846119425733,0.022181363882165146,0.014376223699846855,0.14954009746663074,0.020043905762938484
0.029992245029252806,0.0005767856330787011,0.048029927017203676,0.023260929047594272,0.10818263138287086,0.2289389197826146,0.03451558221658153,0.12871775066218527,0.3977852292286183
0.23769765813001154,0.1193208537138402,0.03277143509221484,0.061642014966361826,0.025973106729537034,0.06952425409066627,0.02447684780849449,0.13827090607962497,0.29032292338924887
0.181361706828456,0.11269934062432896,0.059740267367402046,0.1369024455443977,0.10187709139825162,0.012684482737492916,0.12035695997597069,0.1643781721323819,0.10999953339131814
0.13455636503786078,0.060718329840737835,0.08561509543563162,0.11871037143481016,0.07687504690414476,0.01351833993087316,0.08454373416354215,0.1836360279557736,0.2418266892966259
0.15526472629811824,0.022566927767431678,0.10003524861397554,0.027118671446318094,0.10383962164630937,0.22030033430184562,0.10372957733092357,0.14103109787314919,0.12611379472192863
0.022363993404991952,0.1905882611528524,0.2731611277809508,0.04726327510669267,0.045176343844773176,0.055104959313190725,0.09159615588464598,0.1845971943271116,0.0901486891847907
0.06708351841206306,0.12316654046532927,0.016982140631389104,0.153703550604098,0.17354306022103747,0.1779118443143667,0.09827177577251367,0.10618879607711985,0.083148773502083
0.15128523642422534,0.035753970115824256,0.2568694593352678,0.21969012102408123,0.023861840465788292,0.09910052273061004,0.054018762254470776,0.06444079503226592,0.09497929261746645
0.04872056421818995,0.09982544298570219,0.16258429018316173,0.07207397182128106,0.2442821540028944,0.061566668018245514,0.04639447014967596,0.16999280502241135,0.09455963359843783
0.10713511229996554,0.023010048774670066,0.07303851088118847,0.17444542373092856,0.054439644797562414,0.04239022260685941,0.01747919292750409,0.21612660692652855,0.29193523705479274
0.04239063635808795,0.0831483300720109,0.10272884279403315,0.024835667099549947,0.0515150309160524,0.038107176426712,0.03615221122863633,0.526752753198591,0.09436935190632623
0.1147528624086177,0.06456174587453664,0.07833101789245067,0.019165163658595375,0.16771869735298348,0.02610822606579623,0.4184858780328529,0.06251177499899334,0.04836463371517363
0.0414130914776171,0.06550921120415325,0.11254547895123714,0.25997319097106303,0.10827153836242322,0.03558137322245435,0.03215484966208845,0.12791270881493824,0.21663855733402526
0.10160344166728459,0.5630443686116156,0.04495035380578838,0.02898461164983762,0.08109125673812154,0.04110981605146963,0.06132146854383876,0.01266641817554665,0.06522826475649725
0.220011902079662,0.1485868179856361,0.05117330395965547,0.0040330512577172834,0.14446316820768687,0.02185508893151684,0.09374386232385085,0.1537392665319032,0.16239353872237136
0.1256494122669541,0.39136622062230825,0.05659877295480662,0.026952738261611247,0.129681421526776,0.0278551488497182,0.10999629427976587,0.10859578342484129,0.023304207813218472
0.1835455626346594,0.06462846260893872,0.04986353664310792,0.07791531214998537,0.08737569761836972,0.048154139131035445,0.07429543071450799,0.3223764518503622,0.09184540664903318
0.15582185215747565,0.048139995430431265,0.11440614102099152,0.04808690356732729,0.14672673896724212,0.05895624010554179,0.033008914434942666,0.3463601994381296,0.04849301487791811
0.15948597139510937,0.02102539439904853,0.10565154265544512,0.027779307824424282,0.12758184897757247,0.04498589854213001,0.1962237130563819,0.15590321013653252,0.1613631130133558
0.2866810078369812,0.029099984339540585,0.07647910434626719,0.056484041186646704,0.1511864930865613,0.014320462269549717,0.19574140518397773,0.0625919483071984,0.12741555344327712
0.017468467056591237,0.3120921397859849,0.10963966496961469,0.02231992313175465,0.14380264486438535,0.24450598721298658,0.1062384414071547,0.016942780051486323,0.026989951520041525
0.23630418204983747,0.07050848037332914,0.11573487925528896,0.020026369485969985,0.1460316199135049,0.05377704860792961,0.07444184459589175,0.2341989325757254,0.04897664314252273
0.042291110313277175,0.03146386008179839,0.07474858901908389,0.009069752907751052,0.16603523934464715,0.07358541624672994,0.147815794269087,0.17691883107218945,0.2780714067454359
0.20912102270657326,0.3090241835894596,0.2963385416776932,0.0038583089747183303,0.036565135269590106,0.007392740230545292,0.05439143765561988,0.03232870896500797,0.050979920930792455
0.1795949858309047,0.1672239683276606,0.12465894180345356,0.012580068470218931,0.16730074006361664,0.026252782612293874,0.05755990063213869,0.154436432573642,0.11039217968607092
0.1244342724591197,0.022960567283200783,0.11427330669618145,0.13384669431966223,0.06357720072021936,0.008367050429645409,0.018319104394312224,0.21178453000055467,0.3024372736971041
0.06312902606961485,0.062222378925221526,0.17859896762728844,0.02062480744562092,0.24733877830869955,0.007893492171559487,0.04352482820696633,0.19619078768073148,0.18047693356429748
0.1008439062016298,0.07114328954682997,0.22326231422120513,0.01067257955378275,0.14817438652181236,0.004173695774139064,0.045614714873040973,0.1986570601456694,0.19745805316189066
0.04547786765171291,0.1337373941927123,0.1429793648103177,0.2323983144736481,0.0337898684054036,0.07733944383682784,0.018626414345482786,0.23980820959276036,0.07584312269113451
0.3628703047545821,0.03500291361492357,0.044651639806902864,0.044507168566596624,0.11373165238979238,0.04275644043276389,0.02738774279392735,0.26400306702223403,0.06508907061827711
0.01919883885408837,0.005414168988929324,0.09990290660720695,0.08165340936334022,0.09964949830248515,0.13614405006012553,0.35437462051145885,0.06460247847837132,0.13906002883399435
0.04895627812730247,0.1380073407665354,0.14437885685153587,0.09528392194421174,0.183728789290545,0.011572310062091687,0.03579155370641993,0.05258697192673364,0.2896939773246244
0.09529746820347773,0.0310915988593564,0.008946289505968603,0.4324938331592214,0.19133040520302091,0.042720909752691806,0.012695593615643486,0.16557854190944005,0.019845359791179597
0.03200656428776282,0.11588709982545813,0.026032051668568566,0.09049765757064869,0.24690742416882172,0.21372760457466955,0.025488555412533764,0.03716079178292319,0.21229225070861366
0.0854160738103164,0.08565403125405857,0.044127712424900926,0.06525099171415494,0.119700843434676,0.013275214001542829,0.020462984691674794,0.2002247168728912,0.36588743179578426
0.19454853004822006,0.06209483451340624,0.06765939142996387,0.045509952620701045,0.19597960531360128,0.03841890179490906,0.25976038613486435,0.029259363499128065,0.10676903464520598
0.01193370492797506,0.08717252122734116,0.12064414504673981,0.045151968951414045,0.03482300759005763,0.1372812580333761,0.14009710595554883,0.34566224709940846,0.0772340411681388
0.3977043860700132,0.2195822380195979,0.12416458598315654,0.02043149378316651,0.03804742367328704,0.001646006668684095,0.05160853126624467,0.1348823528873225,0.011932981648527513
0.04178381156701868,0.04310290722922496,0.06507064455127155,0.4838435361087475,0.04611334663767592,0.0219638690966007,0.1584075607790264,0.044919598800329676,0.09479472523010458
0.2158504761891671,0.07531277800772249,0.04740359690352336,0.08447755275358965,0.031041159318426857,0.01980619179973849,0.05194461269350988,0.2735494271576078,0.20061420517671427
0.041358659007216005,0.37715963804664404,0.05338640375002559,0.0886315291997049,0.047854005118525555,0.06884646038342879,0.05749353741025124,0.027939186008226983,0.23733058107597685
0.2876497796985793,0.18612760024612562,0.06248632777731758,0.04847626160602573,0.2146125526941797,0.09207276791334978,0.03425722674315455,0.016048029854120013,0.05826945346714766
0.025912385079988536,0.09341115694213471,0.08690311297813462,0.08676746576546701,0.04683876387164684,0.288313592142656,0.2621141656399884,0.03717356107932658,0.07256579650065727
0.04384686571674475,0.07297683580084681,0.25657497199758006,0.2173697949711418,0.03755654174069347,0.07578258442854076,0.05518040598234972,0.21408015238881217,0.026631846973290407
0.12079561072267532,0.10310938739606805,0.2415707443785444,0.08024824197152242,0.06726884820886476,0.07678773811887597,0.022597312279548698,0.19390253280183725,0.09371958412206316
0.18545332951640217,0.16808343544588453,0.24835759068130484,0.01998204288494905,0.1037276155222782,0.003130234076901843,0.04053384108188889,0.1462724017082666,0.08445950908212396
0.10909254669571879,0.11833456338960847,0.05615097441459269,0.07771734956711904,0.2765865927201707,0.024997996665188916,0.08844932817377944,0.1544130265442226,0.09425762182959935
0.3765774045033579,0.035702864161877124,0.14365966122202115,0.10885301727691388,0.11046321111537354,0.029790648178794343,0.008421489463547566,0.10476820033744022,0.0817635037406743
0.07827268812013802,0.15133224781735727,0.03300938032081312,0.22955787462521762,0.05828152594904724,0.018776840826556642,0.041990722238292866,0.23152433829994232,0.15725438180263487
0.028458715973710427,0.056324615556401246,0.03425838978665761,0.038681162542612446,0.14027585235011,0.06730098154912804,0.08904720170641334,0.09347312756150626,0.45217995297346064
0.04599147619035902,0.2882517583093213,0.35167302609571466,0.07961226279981556,0.06731202787037006,0.031117948543885693,0.04061486407019387,0.06367824924862193,0.03174838687171774
0.39321970776570797,0.04392824032134978,0.11819113392286451,0.10900374416515074,0.16919657293580137,0.0045847788277215635,0.011367505359280975,0.034638783470801286,0.11586953323132178
0.05763723329734375,0.04095053053204495,0.04819170432524355,0.03438488834518447,0.10412840142173323,0.18548323380090245,0.2208365979765489,0.13979466973835328,0.16859274056264542
0.0961909666923846,0.13812709732811637,0.28184032253384106,0.029303429065365375,0.13908090446573043,0.09440228373650082,0.05116237274441768,0.0592204600388584,0.11067216339478521
0.13905924299140515,0.10498191244061476,0.059468555906716326,0.17967338998334784,0.15016611263274535,0.06871161330356819,0.14517085066356802,0.11012332656988989,0.042644995508144386
0.30879861290972155,0.05744984980932033,0.10917781082425389,0.016098367320497537,0.18164742349332993,0.016779230614620683,0.09044410007149493,0.057784392980168964,0.16182021197659213
0.08116798951817512,0.026716964390094754,0.06011068846422732,0.03475031983616453,0.0846831832334889,0.07461000676832553,0.08002797186283439,0.49108193544122075,0.06685094048546876
0.15881237306297058,0.061856989520356946,0.22366169511341139,0.41324254471888405,0.01112387189768838,0.06975946420176811,0.028623974065766788,0.021639626293271718,0.011279461125881962
0.18195503210904285,0.42091573089116885,0.055497029303531675,0.11850378690851861,0.06975180629587802,0.016117178272041576,0.08232459653351469,0.03885054137178475,0.016084298314518995
0.028976710194776795,0.046488622011349214,0.28921231005374626,0.3025990711917815,0.05783548215302126,0.05366506732305212,0.029614403965071256,0.07814943683789677,0.11345889626930476
0.08419697732008181,0.04954313310277073,0.0351330999464596,0.03220751063323028,0.2878509234216147,0.038510067761655366,0.17858229446798068,0.043025771717066376,0.25095022162914044
0.11762464355595374,0.5017082713026416,0.03636477399639771,0.13980282903831984,0.07169170449103608,0.016340500806196784,0.03540033594516853,0.031985236550534375,0.04908170431375126
0.04951154581824705,0.03401167547326079,0.14273439169449165,0.04086245876755051,0.2673602542190601,0.088832404193443,0.1498373750157831,0.09917393773906756,0.1276759570790963
0.09427693841098957,0.12096166861436967,0.047383893313503754,0.09159146097347709,0.1273804880307658,0.04218154729291673,0.17301488058860962,0.10969554198446291,0.19351358079090494
0.1689939213720069,0.04445103934317592,0.02954634456622884,0.0487184735053924,0.02722594074737962,0.016578407593885656,0.06277461769884796,0.5001893122327354,0.10152194294034728
0.014111502174315775,0.03973941326575548,0.050412793388039036,0.0981824416138986,0.05325434080000613,0.5608366837892094,0.06918739663064083,0.018929957133048875,0.09534547120508596
0.2714204814871077,0.10765766637940122,0.04325460416540914,0.032902964972651993,0.13664161679047068,0.026983747382614776,0.03675938812829513,0.1994936858898905,0.144885844804159
0.170280762230917,0.19901082505897286,0.08843166688979137,0.048758837123061206,0.29925744509989016,0.013741756206696132,0.0877140760679626,0.08272808516255269,0.010076546160156024
0.04754411064138515,0.03484196652945839,0.029441669791506444,0.030135590402522203,0.17856160795363407,0.16324065758465203,0.09902080083155117,0.07920951644353673,0.3380040798217538
0.03492173040295779,0.5767705389389491,0.08144472744417097,0.004093275631687721,0.024671267240610157,0.0898444604157023,0.021892834234883154,0.05044919265786244,0.11591197303317637
0.11165234947960266,0.07282715160045082,0.0410890850814457,0.08509625906863978,0.3841305002697304,0.03777655911769046,0.1173226415834045,0.07210435911416672,0.078001094684869
0.14074654414669657,0.07138045502091377,0.08279694313174611,0.17071680920295532,0.2580296329860224,0.07669618338537254,0.05072801656412201,0.07316267767012084,0.07574273789205045
0.0225349323007602,0.018930913193184466,0.2458806144241967,0.0760939764414143,0.044286870471062965,0.017313544196585966,0.17267346643949869,0.04182634800778203,0.3604593345255147
0.15557942215290851,0.2405640504899668,0.07167005774642198,0.06463082835630322,0.06247675904272989,0.008723113609786103,0.14975570283309905,0.1781510348297498,0.06844903093903461
0.3076280984296696,0.2456907910142763,0.03267057812068031,0.10120372871202242,0.08047691920555568,0.0027177986177424683,0.0838664246847207,0.12382656125826781,0.021919099957064665
0.05669450902833978,0.16076262765290242,0.1165297428500363,0.1174269537505081,0.05562879485100189,0.029398762439817167,0.13504325854482277,0.24959615958136658,0.07891919130120503
0.32393822698529023,0.023358756838455046,0.23139313551666962,0.011591616811202271,0.14566603428125482,0.08365780728071005,0.08169033918604275,0.083236992902909,0.01546709019746606
0.03097142725292494,0.062451221694410065,0.08290214977238987,0.008655637388124332,0.08784097114603773,0.16012777203414968,0.11449534044748692,0.043658276970292516,0.408897203294184
0.1816027661666205,0.06026060320327312,0.0383734586396031,0.31187002453586404,0.05022313665327858,0.01979596383412913,0.2451308968127134,0.06716910728349369,0.025574042871024494
0.05937255396708826,0.03785253200338382,0.015709262146690786,0.14615250588703985,0.21389545457491457,0.22174135965894323,0.22939337541276092,0.02157067705607667,0.05431227929310196
0.03468534258678612,0.0891461156016698,0.1526202481041695,0.027492667406748692,0.09717864273499495,0.0719411019412691,0.2580880180811067,0.14252642516805886,0.12632143837519635
0.005826782730360328,0.04722059561155372,0.03418188836592439,0.0038220573545257176,0.24077157731998053,0.28494424887065417,0.14256200579869333,0.15890239463851324,0.08176844930979467
0.0218781478955197,0.0368791639416989,0.17373635035034543,0.01354228347991463,0.06367663152299124,0.25327437518165563,0.034043186710743446,0.0741771459535431,0.3287927149635879
0.03590801678071491,0.09032577634192229,0.05994072975024522,0.1958387956120974,0.43056806666673425,0.04406762714957397,0.052017555042530396,0.03434986630059959,0.05698356635558191
0.14934469140109088,0.040040838067559446,0.06429202181207744,0.13625074541757198,0.1414280834147523,0.005233798050147734,0.10565045408478653,0.06510546712666994,0.2926539006253438
0.04444522245780064,0.1509562849430857,0.08540252932443408,0.19748966194298032,0.0446140294823148,0.08465618270754638,0.06720099897276836,0.11198991233704803,0.2132451778320217
0.014939969743185441,0.17612675727971597,0.061635948464607786,0.021690216265736122,0.16742265672270604,0.15154747364604926,0.2771931017119628,0.057013427702260054,0.07243044846377651
0.21057992482222812,0.4083025567590446,0.02869141524353913,0.17674024888941783,0.04367037163260671,0.011830831720200467,0.06842917080453718,0.030794714068052825,0.020960766060373167
0.10106983337697849,0.02059717172598392,0.20953553247198564,0.07361090714016606,0.0984720715987038,0.13137350493747155,0.16617177337745292,0.16263925766553555,0.03652994770572205
0.08613934079530283,0.3524492866565587,0.08636312317769339,0.021585980880409292,0.2791468155744096,0.03274644188572704,0.03567569264041863,0.06045152281440815,0.045441795575072386
0.039713468707067025,0.046960343351615225,0.03801010037688841,0.36712199415009356,0.1164577530681397,0.14143739510863143,0.03588860629501599,0.04030771636722624,0.17410262257532247
0.1369713086239604,0.0528288080077468,0.045313658476142694,0.022807274682155158,0.05218558654704524,0.03402994862523784,0.026121275059003815,0.43541426348489104,0.19432787649381691
0.09424556065663477,0.31255757797183287,0.05104213118374884,0.20241813741646383,0.06582224326269252,0.013117204942162794,0.10019024024825124,0.08843559638566849,0.07217130793254461
0.06994260547502625,0.043913389420801606,0.08020621514776803,0.02021626760425446,0.057045381094577276,0.16596727372771414,0.10836367882067582,0.059557990821911995,0.3947871978872705
0.060443146276406144,0.09281957542127212,0.08131045825997076,0.026179057208396254,0.23196057297817452,0.228530984283436,0.03809029863447332,0.13540604660037156,0.1052598603374993
0.11524323170936823,0.055085788544372245,0.07382870569951772,0.12115094278488858,0.16517241636902685,0.2948086623405139,0.028418150260136152,0.03482169059061467,0.11147041170156159
0.03061859192920495,0.08953501783290274,0.14586859632744187,0.10951313774711646,0.044373931962524205,0.03831403945564257,0.01065122948114161,0.08375625605416559,0.44736919920986
0.05142598057593253,0.10847494021560626,0.0775691695432345,0.07843712668708193,0.23919883289006647,0.11251750878006957,0.096066587838662,0.03317195326092249,0.2031379002084243
0.1984175243062046,0.07404618117531674,0.20357148312577303,0.13118725563850916,0.04040135243886963,0.06156627779177293,0.15045206566819047,0.10326445845867145,0.03709340139669192
0.14811239100254564,0.012874156032821375,0.026832347994918012,0.048096987326467396,0.09663352205650681,0.002101573216864102,0.05392631918253119,0.20500579219043272,0.40641691099691285
0.20284902369684268,0.318046970259654,0.051142408414309413,0.016142823926907166,0.1971546165793012,0.07676029196604103,0.05186937054276657,0.050762538956294366,0.03527195565788338
0.08887671245337132,0.03104402519231522,0.08254621160291112,0.08999252989372504,0.0880833694852261,0.11974974271678003,0.05194440872554998,0.24966044134829377,0.19810255858182743
0.07401277501690207,0.018000327971167223,0.22105893787008277,0.45141828497825753,0.034228646861663374,0.028240831346140038,0.016657970917075604,0.0866054601083331,0.06977676493037827
0.05439789625739908,0.13310534469601998,0.1934468214836401,0.2346723152593586,0.04271253471324927,0.02604951180668923,0.20257882560427184,0.06337282781607843,0.04966392236329354
0.016696275976876524,0.17358505241448116,0.16045947605649732,0.15851149650334526,0.03478265259003542,0.07522620744012934,0.04491995313961585,0.15028763361644085,0.1855312522625783
0.06511364641328794,0.00569648272109289,0.2235783811595753,0.18209424040612823,0.060743893875217524,0.021920023946076343,0.10293711531626441,0.1961511267457833,0.14176508941657404
0.08547271292239154,0.019615032738774452,0.2945420782525599,0.03749835241911862,0.0750138570038112,0.0636469386900952,0.13379679923533735,0.1371038506073624,0.1533103781305494
0.0798174734197013,0.14112989864876377,0.042440411046760586,0.009900761091202926,0.16395307525372635,0.031204917927206536,0.4693804421417533,0.011918349280245127,0.05025467119064014
0.06574254382699123,0.10454912930274095,0.01072188091201041,0.11324459638205808,0.21483867951458535,0.0876307206011566,0.3243239778053792,0.028978565070703635,0.04996990658437467
0.05592026735970257,0.004969511671939544,0.27605780038680466,0.04000920087643536,0.2649991779139113,0.0398910775458459,0.05996947283390729,0.06033609745083681,0.1978473939606166
0.05591158085440917,0.00928972301955507,0.09932529659569456,0.022111199396258763,0.14301703245750366,0.20543647888535943,0.1484617050766088,0.040306131652989914,0.2761408520616207
0.06394379301351677,0.11807887499816346,0.2712246529050431,0.018512752434843096,0.06015945296627275,0.09685763972110752,0.25054320140527747,0.10945674340909127,0.011222889146684541
0.08114314312443593,0.08012583506985992,0.2451394275862722,0.19141519117174507,0.05055918112876181,0.1705402168345307,0.03030430828325946,0.09755450335402882,0.05321819344710612
0.03511431913049385,0.016364022839721454,0.17434371672057403,0.02694545974670506,0.2523876459934204,0.18666981882926037,0.05420561086069207,0.003368802072524745,0.25060060380660804
0.41418933706468025,0.08420300896449963,0.25880762057885903,0.02368127067783012,0.03640078595846066,0.017447400435445102,0.026137371288641183,0.1257909994043875,0.013342205627196504
0.4275309267723128,0.023159277676859335,0.11237633146249752,0.0849261412814472,0.19980876800637537,0.08431328905763967,0.014140592426133199,0.03357692489787418,0.02016774841886071
0.10176385626180207,0.4633931165921325,0.03435207295349397,0.06954652253454109,0.08898791256732341,0.1364370271677889,0.06513604415546584,0.021364216371609082,0.01901923139584311
0.1001063806052978,0.04396515853336902,0.30484103938246204,0.11138136374603101,0.05541860495740083,0.039354357007043594,0.1455193841915646,0.14999237454380984,0.049421337033021234
0.08308081840531044,0.044859339354507775,0.05230500766470739,0.026928024662242995,0.06626793797756705,0.016509801484811338,0.045301064811769626,0.5461648583673974,0.11858314727168595
0.1836764339433327,0.023271727793599973,0.13211064892867316,0.02701169053031373,0.2937499663472739,0.026365382514266112,0.048525334711702665,0.08132322109341844,0.1839655941374193
