0.2837777711944476,0.02608029393717463,0.05379494209619731,0.11750666771290268,0.12031312376495092,0.027338817695470488,0.071856078303258,0.050999522314471656,0.24833278298112674
0.14196892475221787,0.13705175208423884,0.1155633761623016,0.13685134742105132,0.11487371144085652,0.0628440581983623,0.11954042110067499,0.08712372145599089,0.08418268738430575
0.21523702167516065,0.06773463141631018,0.04521050485888672,0.06703265832927406,0.2541652363401044,0.04898640903049725,0.12218329403564976,0.1038802395610902,0.0755700047530267
0.05477625812761964,0.1872692148389353,0.07453742595927548,0.17825256297982686,0.09052133980258992,0.22786150233219496,0.09599035496534457,0.05694247815127853,0.033848862842934736
0.03285704666707148,0.04103788474457885,0.040837294596085365,0.1856727539563746,0.3157338013587164,0.022365899615198356,0.02656799959152427,0.25041144106542707,0.08451587840502363
0.10673217073770082,0.1659918170686836,0.05829761833479613,0.05665282867484129,0.06077630200903792,0.12863370348117456,0.055196641816,0.2681408965374223,0.09957802134034338
0.04111453063550652,0.07113884697958936,0.25833029148287967,0.08466064439230303,0.10679066572084674,0.011588616430901255,0.2729178805285109,0.05326150260278661,0.10019702122667591
0.13717466651043184,0.10121798143616516,0.11080765519943403,0.06692213208227148,0.07205685447929792,0.2933171285517237,0.07432376142287594,0.06974839131535443,0.07443142900244552
0.3341892668425439,0.07049475390053402,0.049018443205291806,0.057467379607485485,0.044232048423376386,0.1852697182599594,0.0683093700673371,0.08462007672653034,0.10639894296694162
0.08484034499608305,0.1465022035424831,0.24212803736321506,0.12209743903515591,0.05434024504719422,0.10361567706763421,0.05601269759580809,0.1362976563182132,0.054165699034213165
0.022714347254268085,0.05724625100523927,0.10759201987776458,0.01690391473414605,0.42087905327769004,0.010268350201840297,0.09627584683366819,0.1943411852871398,0.07377903152824361
0.090401587156963,0.21081940795406098,0.08428081485744028,0.08402648070960117,0.08224547084496464,0.04644511362447867,0.16167020655034717,0.1193698119210585,0.1207411063810856
0.22624495490538507,0.11670923493518424,0.040710568024374116,0.06839312245127284,0.2540502626101046,0.08296340377726141,0.020421868077293733,0.16793014042177115,0.02257644479735273
0.27760625043667236,0.03571009699767725,0.059465345491356104,0.08861576235510064,0.04864383292252675,0.0929457217825748,0.046212313247008564,0.26958889809521736,0.08121177867186609
0.04858263917699596,0.10130449418539673,0.07730301433903856,0.14241042429550202,0.14052826304429009,0.03476869802016156,0.09934470616028512,0.11467890803385561,0.2410788527444743
0.11766239873121233,0.06782249442653908,0.1631557010179884,0.030566064407339995,0.18468866628253836,0.22650651175885986,0.05766681965869799,0.07027505192939935,0.08165629178742477
0.04703680664963711,0.20158066929228194,0.0221073177642731,0.026777665577750655,0.5146011903270834,0.00841925412758438,0.016453879783728743,0.07524448891176656,0.08777872756589415
0.03266108049477843,0.20999900060080876,0.089672718244228,0.052229498338230144,0.05882616225350043,0.0888041387722006,0.31465711877699976,0.06933748440666293,0.08381279811259094
0.1309092356298667,0.21946206475119764,0.035471795297246256,0.19941666024449237,0.16594928408735773,0.0481750868048103,0.060829538588115704,0.04958019931523519,0.09020613528167802
0.17770302626978163,0.08158535229611873,0.25210457323572144,0.08989766409608457,0.13933388352859025,0.03464049469057518,0.0542511807008473,0.11448546029017666,0.05599836489210421
0.08223480992804287,0.07760153507291756,0.3319016115804334,0.00879396433860468,0.04191198096822076,0.06497903482072413,0.1309058912027984,0.15465535200376565,0.10701582008449263
0.23113445719428907,0.0756675490352867,0.019991913058972178,0.1499006910016835,0.12339746700939248,0.05021099732467003,0.09970405304431146,0.1389018255805347,0.11109104675085979
0.10166242782432382,0.12840225103045352,0.11797781866770811,0.13808570601478104,0.19069780504648326,0.08646162293001385,0.11351781800174181,0.06196154597460885,0.06123300450988579
0.13153415398478552,0.02822082645326915,0.11964583327753205,0.22383386590981424,0.06280893951440479,0.10809776870977483,0.0878089260333662,0.046815156129509296,0.19123452998754395
0.14030817864127068,0.05381465245964686,0.04257560809291556,0.014111769332137989,0.23326356323400713,0.05472280789805633,0.218632975046401,0.07470410132933994,0.16786634396622455
0.5275773327223016,0.045566170499589574,0.04050990711388613,0.09214889468835669,0.06044636049886639,0.03647649917594115,0.017193285931963915,0.037700639541495336,0.1423809098275992
0.4083721939245251,0.0331749524333512,0.051943195652615244,0.06780284220518289,0.09622146624826848,0.058429624666699466,0.03377757568390478,0.04932201370286623,0.2009561354825866
0.030590936243028,0.12826994649805942,0.1265456891012595,0.12776315705863506,0.14147491481238264,0.006877284262208616,0.051820661681628806,0.32992735578822935,0.05673005455456855
0.05909110855316877,0.046518999620656094,0.21060935858353236,0.09757443853675624,0.04641622553409222,0.36133400731490056,0.06603492184917964,0.04898851213935149,0.06343242786836266
0.24527890932510035,0.07608031389182829,0.10407804275485333,0.009810389815829454,0.03961559578173668,0.07567601560107039,0.35329650823349557,0.055536517528662656,0.04062770706742327
0.016872750466018348,0.041932933407338245,0.05921967563856637,0.3843497624817293,0.15147978381690805,0.015118901058569376,0.09833304692102178,0.17831867222360642,0.0543744739862422
0.0824121787490003,0.1258037990484669,0.20014948731664747,0.0766980317124376,0.23281600152013346,0.04185838242509443,0.030127192747359335,0.1143271876024101,0.09580773887845051
0.3363166032933505,0.07383125425894674,0.030747793411799933,0.1252712639131933,0.07900080423964718,0.13479719516696576,0.10035239442291881,0.03182311359134506,0.08785957770183268
0.04672807562828491,0.09706692300034103,0.21084887541516192,0.21396313135531395,0.11755040327505663,0.16266584863414155,0.0430932913524222,0.07256404438952581,0.03551940694975208
0.045976402027855155,0.29858492095046824,0.22410040791281538,0.07149490483571554,0.007361894913005536,0.011685450213294835,0.1739556136936905,0.10797273142255377,0.05886767403060106
0.051928098268863604,0.15500197967252574,0.04095203998474493,0.08469467938366458,0.09556898058239092,0.06693636754977639,0.0632409860452264,0.28734607701395015,0.15433079149885728
0.07228327609274234,0.06803381562968762,0.03782632427489139,0.07572558042880774,0.3007205834999112,0.07281710798857999,0.05773403227730555,0.1594370512271172,0.15542222858095703
0.16230374594197636,0.1789198034876924,0.032052699455733975,0.062116082922906185,0.15796958148327367,0.13642647949932857,0.04895729668997346,0.1260999212875685,0.09515438923154688
0.046143201869159295,0.10301407998239169,0.07518858456006394,0.41166796778034875,0.04934709756571071,0.03181887540301472,0.050283182020311845,0.17159629810046248,0.06094071271853663
0.016898234236142087,0.10666420882380738,0.04642783378034413,0.31949003300411855,0.2583385632028732,0.02682930928755664,0.06450698192075628,0.06907793993292467,0.09176689581147711
0.2539888595836513,0.1137970652856198,0.0330884662057592,0.05869927208767708,0.24723436280803748,0.014269938298160234,0.022525617831543072,0.2362704296768027,0.02012598822274912
0.011950951994954695,0.13627142435950493,0.07892404935881106,0.0633708186169925,0.10434563061767621,0.022859861323870412,0.15887009799196242,0.35188782162473914,0.07151934411148869
0.014381703155819284,0.051319685090376765,0.23504308435770915,0.024526959347172094,0.21255366115050142,0.11585612048899474,0.02071731376370847,0.21179691791049352,0.11380455473522455
0.13392993799274558,0.1340553546208815,0.04597579487289469,0.10012400861898128,0.24463505216819859,0.05745575009115742,0.14320835147929106,0.1053363210848577,0.03527942907099212
0.24869355817325992,0.07712565988933269,0.08290863410915424,0.1285776425427063,0.03468150451843253,0.1741881704480778,0.07978836184125797,0.1031661696476588,0.07087029883011978
0.04368044910294299,0.2724974343238549,0.10363131658318663,0.06520018504696083,0.10035002552657872,0.04589440447976432,0.051586734789614334,0.1552397409296503,0.161919709217447
0.4274509219233423,0.061931462334855435,0.06449758695601585,0.04921104763125747,0.020918093815989285,0.22526311387255948,0.029304161911134084,0.08851683902761597,0.03290677252723012
0.331520283964762,0.14523348494024055,0.18873835532851976,0.06819799892939975,0.10334919835725435,0.01220585739982893,0.0745113779029713,0.03601904484661326,0.04022439833041017
0.06259047052268157,0.04044133016169438,0.3997483838238032,0.06357120150296922,0.2056469782900293,0.009969062680279186,0.046958822858189385,0.07811315190037649,0.09296059825997727
0.06675196560217202,0.0639989609567264,0.036693660883581204,0.14741648317876427,0.39180408717756326,0.03844421138941117,0.07841069623058972,0.058356133397506414,0.11812380118368543
0.26382293008642144,0.12585925953651347,0.16520299190849985,0.05354268959148722,0.1232898318639289,0.05288910770385504,0.10687436746968614,0.05344016131548193,0.05507866052412605
0.4369127928672351,0.028846022360098558,0.018839915837267938,0.18597027094769794,0.04604296473163832,0.0506564081363473,0.05825794674957955,0.0488847224052028,0.12558895596493255
0.15750145032531235,0.12193770900476932,0.08003679588756524,0.12728135739981136,0.13752838077023546,0.034467943133821434,0.09693533031345004,0.1691770259125335,0.07513400725250123
0.015317932761590535,0.1533909846268184,0.07992303714771691,0.14709832961081393,0.09727797001105698,0.07694143358814874,0.30747608444512525,0.07313144493888872,0.04944278286984047
0.047369624411745255,0.0949339617970083,0.08396027796566614,0.08669341608988877,0.46988533544250277,0.008852621356657627,0.07985536668158152,0.029470518251078714,0.09897887800387091
0.21303358306828069,0.11279594384727847,0.21880362422081437,0.0515184767971907,0.0811965345753352,0.18204035083328995,0.05175657241694429,0.046728722155422266,0.042126192085444214
0.09913617596180169,0.2029392268866709,0.08056466554624712,0.07506591535219344,0.04552295207454952,0.0526841787767901,0.24159601663067157,0.11634314172931749,0.0861477270417581
0.006484802447223578,0.09499921949353897,0.05752177488389138,0.14053258919731262,0.27804154714812496,0.001449697492760673,0.1285768315196049,0.06348833719224435,0.22890520062529862
0.11356420523788457,0.04947362891585592,0.3040124005745352,0.030943915804709093,0.028375088698778802,0.08367304936481934,0.25429887304324633,0.09933944640340774,0.03631939195676299
0.1784546606180921,0.18818482795781585,0.031416675521452365,0.007571937840174581,0.17395882202960125,0.03965585521921181,0.1724758952952922,0.17720523517768036,0.031076090340679364
0.08220206088519484,0.05435401853630467,0.035997027915613385,0.10940927851745119,0.07140135459590233,0.07442798862376288,0.33755764908339675,0.10610708140702337,0.12854354043535055
0.24527890932510035,0.07608031389182829,0.10407804275485333,0.009810389815829454,0.03961559578173668,0.07567601560107039,0.35329650823349557,0.055536517528662656,0.04062770706742327
0.022615343325141816,0.14043819540282554,0.05976179618005737,0.05481078310922787,0.26228363438025665,0.019547096316259126,0.16897179044048374,0.18416965843282884,0.0874017024129191
0.01531788677890159,0.0411385703291114,0.1255358318237583,0.051934205388171985,0.44015249418429553,0.008912314175693613,0.04082294309558417,0.12063699234196716,0.15554876188251637
0.020152387930583493,0.034194736503286464,0.19625872109644057,0.27929547202837646,0.2652872467081027,0.014786754315719741,0.08381267651263556,0.06851539771443678,0.0376966071904182
0.010387338830307846,0.06979133209679503,0.0634034534089402,0.2811847248605847,0.20610717426145794,0.004003104895234712,0.11296603754058525,0.19897288749896305,0.05318394660713136
0.05318512797571499,0.05991952135205494,0.03602618152726066,0.10797218566827306,0.2408094430026715,0.004766142938399887,0.29014624703950037,0.1577811075873702,0.049394042908754356
0.09992623631687415,0.11262686582837694,0.18504743558051398,0.06290471521867426,0.06654708729730698,0.16468883442965354,0.041311290125355594,0.18153839396010762,0.08540914124313692
0.10591577670780054,0.03298460634680836,0.15486003771872764,0.09734447113329482,0.3076105422799908,0.020386522299811517,0.03389172328281142,0.10421747253320109,0.1427888476975537
0.0702532999515715,0.10573640854849727,0.09818265985914594,0.23377486759044416,0.08408184760698455,0.03338864449149701,0.12792181047225376,0.18229505912169897,0.06436540235790683
0.045784050091909494,0.038045551640069966,0.1782285309341185,0.1734107585676856,0.19227233365027632,0.03550826971683856,0.13255697191738222,0.11674078269339609,0.08745275078832326
0.008252775685395631,0.06633214320719222,0.32366753517896973,0.010721247871116182,0.44582194569080974,0.01453682622816404,0.036120530216124984,0.03316398041225019,0.06138301550997724
0.12733267915444027,0.2325637283875209,0.09859602990310457,0.28570568019513487,0.07814441577541471,0.010943641215159047,0.05021246568701399,0.06954457082197603,0.046956788860235556
0.01849841945989545,0.1889480031017093,0.0861498409666277,0.031911890705820234,0.2977199740112046,0.0021048138968738574,0.25545655368261944,0.08814256670510844,0.031067937470141017
0.1695321277754083,0.048692117085821655,0.17961779247911178,0.132638273924809,0.18923184335631624,0.06693584219711497,0.01991774472507402,0.16617587797834346,0.027258380478000638
0.011256436266401382,0.36744690845223893,0.1052451754718825,0.06961725873604278,0.03236543135628305,0.27200121955326756,0.04104189453518494,0.08552740017420253,0.015498275454496327
0.19606225045078154,0.03462221041230113,0.1595177091428377,0.060473152540577384,0.08217563378570447,0.006681586902723802,0.03143867345921297,0.38737168907934344,0.0416570942265176
0.08335485014643519,0.07654585790420197,0.04525220839113514,0.13410071027514517,0.16155505972099593,0.13617109447096107,0.031770329616506304,0.142106551845996,0.1891433376286232
0.37707909853065247,0.03796229887393909,0.07874923131788487,0.045023764022921554,0.02018260376821399,0.19203334731717966,0.08633082576985078,0.07551699450652576,0.08712183589283179
0.2673331101496528,0.05286138661588228,0.3224233501004406,0.12834765495315026,0.021676909238046754,0.04566588382320591,0.06436074686138116,0.05351747275618538,0.04381348550205496
0.23841431299999358,0.07277664410812014,0.024163402451685124,0.2602476881490489,0.08562943269015795,0.05845775214776008,0.08157748451160697,0.10016136668301812,0.07857191625860906
0.1368905526272124,0.11461444196265157,0.05555958873150979,0.052192470976285966,0.09242744954082095,0.029384255636096496,0.10877987119991094,0.32818421560282407,0.08196715372268794
0.11125391198949003,0.10598778597190832,0.11815587255982558,0.10274927108856761,0.2482461158351564,0.17324772281599565,0.04631840698362372,0.04489209208484432,0.049148820670588345
0.22097533461697774,0.13935283416330022,0.08579943134759976,0.09236069020941941,0.03946621850071433,0.2750605577157026,0.03324902708618963,0.09813316819590197,0.015602738164194335
0.04284216512963925,0.05522522731929444,0.06315938925050414,0.03029868617246931,0.1208997818439459,0.008950774614901414,0.397741918734506,0.134291086461049,0.14659097047369057
0.03217022931182754,0.0612483272938108,0.13939712711520022,0.07175290332347305,0.2622326888681284,0.024546836114001297,0.03036963326192386,0.24371783295809898,0.13456442175353586
0.009308063063454502,0.07393030764809239,0.1495721314433701,0.0713270721314294,0.364323189629096,0.02477735132287458,0.03520819568978373,0.19627881183680987,0.07527487723508951
0.17245975978667719,0.09598851466804732,0.1316981445296969,0.0377010615142952,0.19666660830328486,0.1225119718762418,0.07377076278338385,0.09413305009830734,0.07507012644006548
0.5287284361460464,0.06628315578476479,0.05728541216776759,0.041902177889800434,0.10227671945497892,0.043098921906005026,0.03603697356156497,0.06045552605602842,0.06393267703304338
0.24772841592095807,0.05886698741244739,0.07274331369639375,0.11984808261591273,0.07033292399611304,0.1835919564299342,0.08303448379290605,0.10662254713797976,0.057231288997354995
0.3828354315774584,0.030665523042694497,0.059529789959913974,0.0744096792114264,0.18166940490983183,0.12047830267502178,0.026917751671557757,0.05944880093509378,0.06404531601700154
0.0988388758440391,0.20925133511355878,0.09606335018011403,0.009131733017702122,0.01533629823534346,0.19234821360743962,0.23743141772933693,0.11848482732274483,0.023113948949721085
0.050039767535879465,0.13307625007070514,0.1019945198637809,0.03142396531363883,0.1323642965405487,0.010467137270788457,0.0822779465122524,0.2928617072197279,0.16549440967267817
0.02564102515296354,0.0879809090392647,0.14544535701809644,0.18869861106502608,0.2874899695188202,0.027094066323006826,0.03447838737697626,0.1672446845057792,0.03592699000006665
0.041446888677927764,0.09444445632702543,0.10659043048335289,0.14966250065862166,0.0798908809475745,0.02456014890858314,0.1319842482593109,0.2972729718505595,0.07414747388704418
0.04310771440703693,0.0943689176073406,0.10896241316914577,0.13512414076437063,0.13742313254032315,0.018077534864654035,0.18433338156081458,0.10966337804300356,0.1689393870433107
0.020820653248556545,0.03170527997886777,0.10785227309101263,0.2902250517092882,0.16019571072549016,0.01430528102735157,0.060294172143075524,0.30012516138637574,0.014476416689981805
0.12907858993123014,0.08642725355868854,0.04509179169988433,0.1521855172489397,0.0688919898204695,0.03872222449696328,0.02922813966694642,0.3685360304942235,0.08183846308265459
0.16061355859234452,0.0546237443638351,0.19370747724577508,0.08858417764762022,0.06685307455611152,0.14945822738638453,0.13493980809619888,0.11514123041106972,0.036078701700660396
0.023420709544220774,0.16967710838228597,0.06338886108288386,0.057032237921676165,0.20609580635059788,0.012101477675636707,0.3112163255514484,0.13373767559613167,0.023329797895118503
0.075068006995418,0.21471484815379402,0.0841232337576075,0.05818738752752003,0.2867839384879535,0.13225314511359199,0.05519199363370978,0.06819204258015618,0.025485403750249044
0.01235618540787727,0.04856805060105784,0.3620669972337683,0.06117794357421286,0.0799243143991857,0.02280855561800041,0.05160414740667476,0.033911843122211995,0.3275819626370109
0.27077870920945735,0.05222769814312996,0.14836512865460016,0.045229606690720375,0.26006102188163643,0.008194891130932051,0.017509356673584973,0.1532074922828848,0.044426095333053785
0.47017787807515204,0.08695024928447266,0.03878609499182406,0.06966572353054962,0.049682937851812124,0.06865664659664854,0.05116487949389778,0.13211808617320212,0.03279750400244099
0.04165722040775017,0.1245011483226965,0.02998518561705002,0.14670522730417865,0.2091779916431152,0.0782939523836888,0.10207184154514398,0.2308418545983484,0.03676557817802816
0.3578219036576408,0.11793680239262765,0.04736278579631528,0.0732665089635497,0.07899772304474804,0.14542114184322194,0.057245793925942166,0.07225633638337658,0.04969100399257778
0.0335805689145303,0.18643100607896076,0.2427379068493516,0.07243711835269621,0.1310231337699733,0.04811313933057109,0.17171010247951138,0.09960559543511481,0.014361428789290595
0.031775097508241514,0.08784822530945591,0.029013928360130187,0.21752764849486006,0.33846808743026285,0.043187338342004146,0.07061161833287652,0.12090430739950075,0.06066374882266806
0.004474790996299175,0.08820188145315654,0.5041243134465213,0.03788531068081044,0.03474317784646517,0.02919235658852636,0.07552228706242826,0.14744422612000832,0.07841165580578437
0.07081262207446913,0.20801053600433647,0.31472532599265496,0.039764151010957045,0.06881476469389766,0.008294301513043814,0.1615566754646416,0.06449527518859567,0.06352634805740355
0.2791196437664221,0.04847348117981159,0.061246707839256904,0.071844235357588,0.16854337136108857,0.012660169211543762,0.03620010388975641,0.13709832909177214,0.1848139583027606
0.12465161087637472,0.05194413782557931,0.03111401190356622,0.20213890605188492,0.1234697626080095,0.21578593570887428,0.031472170053235944,0.09653093782369859,0.12289252714877656
0.10565179917005786,0.30282347034101964,0.04543436329973786,0.04933571001604244,0.11042716489714144,0.07231588096595781,0.046331150206576965,0.24707719719023147,0.020603263913234447
0.4561090323572164,0.1265045710422509,0.1534646391803735,0.017744766044220265,0.028958402752786605,0.057440647245603764,0.03783020363975526,0.06968302772261824,0.052264710015175055
0.16056938302117166,0.05205822655885665,0.264758453422209,0.1095525846068008,0.01867878184268282,0.18940456429809224,0.12144597727787974,0.03112548445622591,0.0524065445160812
0.09645064772714806,0.03606102504289577,0.17436546532294547,0.08394170358305357,0.1214791004471596,0.10547458285080985,0.04136366620302479,0.27290212457036617,0.0679616842525967
0.0335805689145303,0.18643100607896076,0.2427379068493516,0.07243711835269621,0.1310231337699733,0.04811313933057109,0.17171010247951138,0.09960559543511481,0.014361428789290595
0.030997629847097714,0.11732635345821728,0.16658709838499394,0.03544734041595606,0.1274970121849843,0.04521102330334257,0.08391753656838502,0.3394823082415279,0.05353369759549531
0.13334685580270866,0.036009529924382395,0.07010360257533033,0.1743678758694939,0.05327714138729661,0.0233634803474024,0.05739139613883887,0.34741264265613175,0.10472747529841502
0.13959649560849627,0.061107238649723804,0.11827485901065143,0.058941450379016457,0.2642996372592981,0.036487772305003885,0.06886813010205146,0.11974142831416652,0.13268298837159206
0.02620398989490826,0.13994248840811058,0.12920334984405113,0.042821639217584535,0.1197448638695392,0.16902945256174262,0.10492294213431348,0.1343135560783488,0.13381771799140132
0.11478285256367231,0.04891191806110015,0.04703829468073231,0.09451338075178352,0.42891871456873876,0.02887850153136695,0.07847114064491502,0.031435150147162166,0.12705004705052883
0.006961703354122371,0.0931809786489256,0.0871241250026612,0.05423109450168606,0.26794712117396485,0.007885969620753499,0.06897895082878384,0.22887073272379696,0.1848193241453057
0.13684595173851768,0.15179408047715276,0.14342581279151245,0.02321743569050376,0.15599383927784108,0.0029828585142623737,0.16118350350024654,0.19206223440185322,0.03249428360811007
0.2615994227288811,0.020194642626436426,0.07332395698195877,0.12188592988571144,0.03711829087182739,0.13050780901000938,0.036277687727978604,0.20594763661362214,0.1131446235535748
0.3368286833513769,0.07354680353597771,0.33589884505745354,0.060060873950920024,0.01014518425754758,0.030548905946029575,0.020042202242908615,0.04729871362846594,0.08562978802932013
0.0727735902779283,0.05483021934949847,0.11340638438040802,0.049590477829800535,0.3601935850874782,0.06632733394133114,0.21737567404254335,0.0222382595386445,0.04326447555236749
0.07464980391767306,0.22741581244073475,0.030539025901177158,0.11742523353704044,0.09959703615204511,0.0924191546617078,0.06819969964635479,0.07572696738231051,0.2140272663609563
0.08679600222519761,0.0690860392288008,0.07275222169758312,0.1884503526757797,0.16515299273681697,0.01173115287138979,0.25673921061238175,0.09797554821483491,0.051316479737215315
0.08470763816577681,0.2024063026400066,0.17001060568488027,0.2094359359775886,0.08550998742715799,0.1979280812651023,0.02082726986373744,0.015997288081068903,0.013176890894680979
0.027254939136580624,0.09469582849942886,0.1051963870501682,0.028173379752219632,0.48592079008568434,0.0035034860274571907,0.08412335931382568,0.13221087775008286,0.03892095238455259
0.057252421816885314,0.14636662900852865,0.16133191926461563,0.05180332648484609,0.3785943804744811,0.025648675960384715,0.024419897782927653,0.12076938009144983,0.03381336911588105
0.15051136290751077,0.10656064578514501,0.07547353099192593,0.007038945216729928,0.3674102515018814,0.016070127701931034,0.02120197712869692,0.22878435343151468,0.02694880533466439
0.05434372723736238,0.0884047462770478,0.18504971476093823,0.0831778217910703,0.004291839835430911,0.35808981014415986,0.028734950195355474,0.17561146454530818,0.02229592521332691
0.5713674238955828,0.05744624315634684,0.06156617699946613,0.021665729240391424,0.01887485956563624,0.04657838881770121,0.08138940889380596,0.09004058705359164,0.05107118237747777
0.10622162979421529,0.16088246135572473,0.06260086980831964,0.19146737381344167,0.11792773817483347,0.02775225695072983,0.06597077208464797,0.1532708904141478,0.1139060076039396
0.09418140164922369,0.1158921676203954,0.16239030742137198,0.22817632967553134,0.04593800580062527,0.11060263727578212,0.07426071267803515,0.1305182938557847,0.038040144023250295
