0.08316639408979896,0.3263908093175842,0.0731061318902468,0.011240476363226648,0.07764935569265113,0.10380954455753492,0.1247870400454168,0.11664044199522106,0.08320980604831953
0.019316225853450133,0.11735347225001651,0.0782086784859513,0.04720764743656012,0.010200101470853139,0.2022168916239869,0.12052601498844462,0.14724321022237993,0.2577277576683573
0.0484114555295885,0.3398598486682385,0.10425432475706016,0.041494083895099926,0.06432446495645684,0.06916522215294148,0.1975978943064914,0.08231757150640549,0.052575134227717556
0.27963307543966853,0.08456746931526639,0.06767536699871485,0.026642188675137426,0.05075637096409257,0.11811132313611188,0.1325994930065227,0.12406072322547786,0.11595398923900775
0.13044832994036007,0.22006123112708934,0.16540530578723547,0.09223489379047221,0.038131560581128855,0.10718374881895631,0.14724748590768164,0.07057251688274414,0.02871492716433195
0.27827967633940703,0.009547419820909358,0.06513927849542503,0.1486018434221861,0.1232337005190446,0.029824372967999335,0.12607522049048955,0.0743545810580518,0.14494390688648726
0.1045726501864354,0.027756149511450806,0.15225087356051253,0.07239069666506497,0.17068952672964854,0.11963438801598293,0.19747228063877884,0.10545742234239323,0.0497760123497327
0.41968999909198024,0.031076226569088764,0.08118429984320902,0.05836590133760932,0.0624571213513849,0.09591939102935428,0.07093844355751162,0.10189785632518371,0.07847076089467823
0.04776644841718166,0.06323904777365412,0.08779588820912408,0.22147489144137503,0.08122384302287851,0.1817707477177076,0.1941524826007807,0.06195711272124079,0.0606195380960575
0.048745769044919084,0.16707123670612312,0.05204886455157065,0.09674324005523581,0.1963405394660647,0.13870633841779068,0.0464109309175251,0.07043216263673145,0.18350091820403935
0.315270438803304,0.17566456391102117,0.06364350732587909,0.07621112646852,0.0331614388068067,0.03282011795213568,0.06853089204383062,0.07728625438683112,0.1574116603016716
0.16822717599959838,0.134002665376638,0.06809407936795255,0.2174847488745227,0.03326074589178123,0.18603329202762076,0.05079731149713341,0.018207788301159215,0.1238921926635937
0.09244952891864135,0.02144277706295079,0.11705757398471535,0.09241022766990642,0.0782114940698649,0.26975394368562194,0.13008642283391583,0.05103711471941677,0.1475509170549666
0.11697335076841349,0.19308531265899087,0.11535437895096316,0.0775322755879851,0.05165726753306097,0.05119078068215955,0.0911128902309959,0.11307966178781252,0.1900140817996184
0.03053099298941797,0.5244237228140277,0.09189298406818054,0.10842123958950868,0.034894164904602565,0.11623327117852007,0.05235458592277106,0.029822886960898975,0.011426151572072258
0.11024472155682026,0.13070855964216282,0.22387764719135086,0.04674929571764247,0.08585770205716681,0.03161531037319791,0.20212225067800318,0.14654425753333664,0.022280255250319087
0.14450953747067244,0.005140734212721726,0.06530609743825287,0.11622137413616085,0.2731152136246324,0.04380863212709266,0.13453597012716043,0.025896872993382936,0.19146556786992372
0.01582120135740477,0.23583717479531985,0.08216599619423183,0.04340132577711686,0.11141775364219875,0.14070001016721145,0.1055393959195402,0.19043234317480554,0.07468479897217072
0.06841396692614383,0.04690346032043035,0.09741235353563726,0.11948434009030012,0.02701169608638143,0.04045430845081185,0.2625712059966612,0.28851739949580446,0.04923126909782936
0.13211769499747064,0.11819478113637609,0.061670464961597206,0.0639073676773199,0.39501557742779586,0.03231860079586522,0.030823100208549378,0.06822357638951436,0.09772883640551137
0.07940740434356382,0.177631334383391,0.07929054881201292,0.01825953039634826,0.0038364014733374414,0.1407542910986169,0.1605631243714318,0.13961278074543298,0.20064458437586494
0.094675026756436,0.23697364994278866,0.0724788075101313,0.0522419348994253,0.13527122752440224,0.014850459550566047,0.0769825676280885,0.24535920685224918,0.07116711933591281
0.15964370349903853,0.04355213469202352,0.11778618181232918,0.3605218902440326,0.0674338811929232,0.05693465922978183,0.13693576347879857,0.02770991195838271,0.02948187389268997
0.22782910665184986,0.16402029902136706,0.2209720836384886,0.11840683005946773,0.09571638447954596,0.06890133591279736,0.04393308231158869,0.02782533240571261,0.032395545519182174
0.06461139685198104,0.04124221718421356,0.11244405875597563,0.10321684744608277,0.016240477296186762,0.13905641621313147,0.18023035181858424,0.06500979501771459,0.27794843941612996
0.14026506998486435,0.04530760212564861,0.06659983844385163,0.08010356702250733,0.03170621377468314,0.06432211748770039,0.15949626424972235,0.2955625438977581,0.11663678301326404
0.051988823711159,0.28612300894658654,0.09226311842153417,0.09023639565895288,0.019040503561503466,0.19744445123966026,0.11772291184351207,0.05977460431373336,0.08540618230335828
0.3490922095984043,0.07271168162018564,0.06397225308962484,0.05793277312650146,0.0241720901206207,0.2092349573463761,0.049205382448007595,0.062155458946635656,0.11152319370364373
0.1722909683861622,0.025671825994290135,0.12605188107717522,0.12396204406729992,0.015461988904782177,0.22573510975188563,0.1660674662954922,0.06695597467779167,0.07780274084512093
0.18126279964621098,0.18925304978676458,0.22606842572664,0.06953885936382102,0.03531169103001427,0.16142484121029824,0.03863137198720439,0.0524571118333442,0.04605184941570242
0.04636764854760916,0.15061121016832374,0.09107610179882658,0.22489955511749551,0.13263487781697106,0.03606891559170476,0.0788990247657554,0.08166036806736093,0.1577822981259529
0.2903542871184244,0.09467869575124993,0.069093670584641,0.06174345675022012,0.27618565916272436,0.02938318119364011,0.045687804575641124,0.07148051411807589,0.06139273074538306
0.29330346892821396,0.0823849256775784,0.10440592180048007,0.1834225091634206,0.05981632914117805,0.02255049557169383,0.101381689777766,0.13173156059603777,0.021003099343631464
0.024875091681994477,0.5304319014709443,0.053808844642712406,0.06352153426679265,0.02943373445081,0.1694163045311983,0.05707359237026699,0.03327473070173761,0.0381642658835432
0.2716279307447829,0.030101407823957437,0.08848840759396237,0.10503668962076916,0.07875591044462142,0.2712066620796235,0.09792040807441955,0.016720659586288985,0.04014192403157459
0.3041464066996172,0.2582418823440818,0.07509507655537732,0.10112768962434122,0.041313477397432644,0.057231427729911626,0.053796578778573995,0.08094570059159062,0.028101760279073584
0.053601117673335114,0.22139264617555945,0.07550512657879223,0.08766556749101621,0.03972323800988805,0.0710274373275553,0.21577763682504172,0.03491143127659945,0.20039579864221238
0.025532069295587833,0.07845922823340497,0.05737788387613258,0.15828918092776204,0.037353497855152185,0.3065888818920595,0.1747191202233839,0.045561745669885,0.11611839202663199
0.03180130231283756,0.4771275811049052,0.07978217600776184,0.12184384632379393,0.023533906133178507,0.07035804739525285,0.07705074931209915,0.09801387690336738,0.020488514506803456
0.31534492974993045,0.04129070104233811,0.10907737053059459,0.02126202969717429,0.30064933096541374,0.030568725648060735,0.029690646241520124,0.07739811061189909,0.07471815551306879
0.14604156456024098,0.04306504446227072,0.15086973278158802,0.08960694525842262,0.050012650185857786,0.25520235629607685,0.08489870642180591,0.08348623897048395,0.09681676106325314
0.10387685975528216,0.12346385261866094,0.10992849062338717,0.0767352854108199,0.09026061994771088,0.26324155482975664,0.08623113585100457,0.06300437064139687,0.08325783032198081
0.011326688987873595,0.08478161165517027,0.0751140651968501,0.015855978758881735,0.17545785076508702,0.11587871554967887,0.21388931235550337,0.08897037420364902,0.218725402527306
0.09841038236023093,0.4258937099344917,0.09283992238374723,0.027630151857366923,0.09658876679603602,0.0471532277789325,0.09922500716399453,0.05713953341220596,0.05511929831299415
0.04579499197973713,0.36060394475338625,0.14834877557448048,0.06471266172668627,0.00788899925975426,0.05667711895721964,0.0985035841204836,0.13629430367529247,0.08117561995295984
0.1921429155389817,0.06572360920244211,0.15452759739797575,0.0636148359011976,0.09053307117170988,0.1374069077501681,0.10834877198453813,0.062504419529519,0.1251978715234677
0.3535741799792352,0.13396400715618104,0.09951823897146606,0.04956396693280335,0.05336898448469946,0.08440032508157275,0.04767550694696882,0.04076884098656088,0.1371659494605125
0.198919455936762,0.12881584238788543,0.08416416776375661,0.04821086809368441,0.06949755805469175,0.02577603315103727,0.12189995205840654,0.022508361645066855,0.30020776090870904
0.359606538275597,0.17087774196693808,0.09496862802505573,0.02118958116946418,0.023729972042828642,0.09418126466391714,0.0494328325694531,0.07383094442637296,0.11218249686037302
0.03902397617584972,0.5205021100660921,0.10421332185249195,0.06179959636046775,0.011977250294270561,0.1083370220937484,0.09904789819984468,0.022234149909843053,0.03286467504739179
0.051534610178860275,0.16526211374593316,0.1101969474107189,0.040395436594220506,0.23891915026335278,0.19915666613611674,0.053204264350814136,0.045562705377154504,0.09576810594282896
0.09353858821630871,0.2776377950964451,0.15358147077938614,0.08730326766734998,0.05514004055039285,0.0983469940002817,0.04355070714749701,0.14051814068793678,0.0503829958544017
0.01374708706425771,0.1576542415778586,0.11154487744080448,0.0637913811864919,0.030190012537434665,0.1930514657666247,0.21402210910203726,0.07999735563003847,0.13600146969445223
0.5116374546627871,0.03330827278131391,0.12937824572091314,0.04136586312913635,0.025088688528205966,0.06685943146051669,0.06088549394175848,0.03017085899284504,0.10130569078252334
0.23181162314913784,0.1041551206291322,0.15292356239772972,0.06903398027651382,0.013166256597933872,0.1079056202722194,0.0979806411596299,0.10300072790854048,0.12002246760916273
0.026132997521164106,0.08170174788029137,0.07859047379712059,0.12692939191550365,0.03285040523440243,0.2746181960639374,0.08240820410944098,0.10931729267558522,0.18745129080255432
0.13437534179462443,0.07947498734786528,0.0743766581091667,0.036120163321953495,0.3049968818848586,0.20534892899319526,0.034887193624847844,0.03157936245250352,0.09884048247098486
0.12061887170451402,0.2992358836790053,0.09632245094301939,0.016700782292204387,0.14211445093360997,0.011320803045306827,0.2150769940763514,0.08067099759315573,0.017938765732832904
0.0688654448580268,0.4836596448993143,0.06576212732336534,0.06395802891135965,0.12220647007207093,0.060308024462252814,0.0930333763115578,0.023484565074459562,0.01872231808759287
0.30303782778514693,0.08397619597833376,0.06996695549714402,0.11865316172497099,0.15362277484724393,0.04680797703792807,0.036340642023466825,0.09516079827489905,0.0924336668308664
0.09759371635108605,0.044289362138820974,0.10733967275664602,0.15563269115358386,0.07844997379956915,0.09942140195446425,0.17178899344817342,0.04513218543329083,0.20035200296436553
0.1008255022133559,0.16945673418656973,0.06746030258321817,0.01746760565838457,0.4277631647964876,0.09461071553401956,0.034128793434624355,0.06348425360956125,0.024802927983778793
0.051330018042098684,0.0662892294997877,0.09516784592861871,0.20834058758395171,0.04459706890004828,0.15648780321205402,0.1059121546841469,0.09686410125246125,0.1750111908968327
0.09007623115615772,0.05529915971548466,0.08661303855221285,0.2211010973163617,0.013347162697319677,0.09629584662058417,0.15641263037462824,0.07629162503339625,0.20456320853385476
0.03252465349416059,0.07783842960050062,0.26800469315520165,0.024756168900309548,0.03391847734059677,0.24492821878894952,0.1811047173616156,0.07289177441226724,0.06403286694639841
0.05041695280335921,0.22796642048427487,0.06314528322930046,0.07000722841081213,0.017276546652699086,0.243708641704389,0.07429991519777258,0.12860684420288393,0.12457216731450886
0.3689615152063632,0.0362280480685824,0.05031540148696992,0.016602962557821236,0.2464485491907968,0.04979302498856212,0.04234690590649332,0.10599801159399158,0.08330558100041939
0.103613645921108,0.04309504623864905,0.06174877575829633,0.1657524355181971,0.11557349595803836,0.04382687624571935,0.12537488860484589,0.14362861590681253,0.19738621984833335
0.2131922909074703,0.01743649435949277,0.08558748312598347,0.14907238428663122,0.03148650745896055,0.18102360359836475,0.07293843156232016,0.1039672802026796,0.1452955244980973
0.405344559117192,0.07657120022457028,0.09750776233433456,0.17837978691836398,0.016781876945625055,0.04776595544989637,0.04885733439327453,0.026271589990012275,0.10251993462673083
0.053673383026218685,0.0326962391320972,0.13508315276791946,0.06949475079109374,0.018378822339534025,0.07137176945208347,0.2779404734307617,0.1280664526010575,0.21329495645923424
0.08580992800843239,0.22936645047179183,0.10576538927450009,0.03798743711160171,0.31326084184014424,0.04256231980560299,0.037984668385822554,0.02982357878171861,0.11743938632038557
0.2963031366141305,0.2723223606160549,0.10269705510890431,0.050264843306385504,0.05458629571891644,0.0329616281245853,0.06542086150161354,0.08599627999297384,0.03944753901643568
0.2878314096356943,0.02526041838666607,0.0732187965755254,0.12636754674069575,0.17057095910832035,0.18775894626028877,0.029761819938016926,0.06133641313338384,0.03789369022140854
0.014113670343612056,0.20573851856727943,0.07904151252751591,0.24208940508002977,0.0022654124348076635,0.04493456687373981,0.2704796772808031,0.0634794214630067,0.0778578154292056
0.09446443403845613,0.07314387865766257,0.09441545417854795,0.11565028428899211,0.02243393696569872,0.227989154934141,0.11425000299981931,0.2235921894832271,0.034060664453455174
0.512835262488343,0.015538102962574752,0.10246992985217596,0.04966825079468176,0.07373341130579773,0.04911686871664375,0.09331046166093605,0.04122260598985942,0.06210510622898771
0.2722801454239941,0.06333529457025174,0.07742902193482337,0.015477354194386332,0.21398311365149217,0.03025985936282417,0.07135395932002296,0.06861042579644368,0.18727082574576148
0.06065063734367696,0.032272586258128115,0.21551981706712064,0.07637594260443425,0.034597865813765775,0.08832713008561012,0.17362920216833191,0.2835918707801865,0.03503494787874576
0.012760381037678799,0.20497582993300387,0.20836254401931645,0.03154423198604411,0.014991852560389013,0.09104079506318408,0.10949305045560154,0.1609039006290394,0.16592741431574276
0.12044177267763823,0.12938200841323713,0.17916257916715847,0.21021974420900938,0.059437090421112504,0.07905980624106325,0.035335170135771865,0.0334524754458893,0.1535093532891199
0.033498806814410115,0.470705043816184,0.09052934119396389,0.08442165417532034,0.12067037275921573,0.06442755794754983,0.0554993795522182,0.06305015169052099,0.01719769205061697
0.3500758548903821,0.05447220078234643,0.03744639572224857,0.027374977210796774,0.3124866290909115,0.04174440195287756,0.03964572064838959,0.046149035043032104,0.0906047846590155
0.04993611095419124,0.07602232640602545,0.15689137461576044,0.14514290025132728,0.007179435402925355,0.1218875434395803,0.3146570678997455,0.10882856635177678,0.019454674678667603
0.13302076202581267,0.09692764780597168,0.1828183786062141,0.12187971761425698,0.055703960415291166,0.1899063048728251,0.09581738768485722,0.05601869943205401,0.06790714154271713
0.18552302164619563,0.03344069494242599,0.1519880570415015,0.0527234383269041,0.06481700888160861,0.2609362202125543,0.1180373973899592,0.09286232403789141,0.03967183752095932
0.013878794891714388,0.44661053927330285,0.02695131129954143,0.04829768728803197,0.01802950094051833,0.2364613825652333,0.09335356040040114,0.007901519535873055,0.10851570380538356
0.1299645536819972,0.08835107014894733,0.15878939968560768,0.08268686561231774,0.0025519372573978177,0.24636068259765395,0.12377833340689265,0.1149173701118673,0.05259978749731845
0.11058422760506004,0.15451109818286568,0.054455306323828744,0.20785281810560874,0.046644133535428865,0.29124650088331294,0.05250191809281649,0.041884554921372684,0.0403194423497058
0.26264097291561134,0.0887896668505873,0.07543081561578352,0.04187724882590101,0.07314927391503738,0.11120407528393005,0.17082622068710493,0.07055193668323168,0.1055297892228128
0.07503921251858275,0.008890451264199939,0.1932812118891294,0.11652779233112542,0.0016301334100782135,0.09924265566054834,0.34636923193744834,0.14112200106301154,0.017897309925876098
0.389248202543812,0.06828411309039888,0.03641538245308212,0.06395638152440469,0.1476120703590447,0.07976203579349506,0.05483591757676685,0.0805058057267694,0.07938009093222637
0.07876512586197006,0.18545138271060532,0.14541982516144517,0.06593523693244199,0.0578724180538851,0.0656941463147168,0.0939745645384729,0.2227648449493741,0.08412245547708867
0.30291261469835623,0.022304775217101863,0.09287045754614696,0.07294078397527975,0.07388524308679913,0.1293852861671816,0.05270244906103161,0.083910134041632,0.16908825620647086
0.10282439771392958,0.015678987690347184,0.15737128966676198,0.13712864069873848,0.1130180238059969,0.15099897868509252,0.1484652713010578,0.08728495534338854,0.08722945509468705
0.379721983237447,0.05270979435621315,0.028057999951423995,0.05548058360669008,0.19152089183244478,0.04817179624279449,0.03517208134466134,0.04109266972751759,0.16807219970080758
0.3784063495963121,0.017491830594846818,0.11452648556280536,0.018924786102635774,0.09704647535522277,0.11380538498435055,0.07122563098133426,0.06568653193836663,0.12288652488412573
0.35218696596406224,0.05081888183555466,0.0959841734492504,0.0787129432845697,0.015264549001965057,0.1184591586447256,0.08710138640943176,0.07042259532900236,0.1310493460814382
0.255531984735115,0.10270055109750587,0.1630553038150889,0.013704273178941411,0.07021571441313072,0.040873031836274214,0.18985268099760078,0.057882616078315165,0.106183843848028
0.11784428071773544,0.15881726048248598,0.10150546827972969,0.03110725043181359,0.04236275955638578,0.07902483477002482,0.2138334862826112,0.12480078881824919,0.1307038706609643
0.2908250999707786,0.10549820097153954,0.06555282159160536,0.03848255854287397,0.19794139019958634,0.05120311331361971,0.06602261403412506,0.01261400794845901,0.17186019342741235
0.15339493486698655,0.08237112868735712,0.11002853027334437,0.09273670545813438,0.213880728484826,0.10713527745683497,0.13847339712269982,0.03240288074099218,0.06957641690882455
0.30227637896332465,0.12477220976428442,0.14267374631055751,0.03250319951884504,0.06094454472998414,0.037865058190581447,0.09339938460504967,0.0799021280979265,0.12566334981944652
0.12401583084072058,0.024547289862772343,0.05970409923536785,0.0768643971218791,0.5049101923548697,0.07607558176587005,0.04958851134916498,0.034568416196805486,0.04972568127254994
0.12368307255210083,0.09969992802484767,0.07539871382982892,0.11251664569320263,0.07154587778124709,0.28314814259309523,0.07520494950474728,0.0814987678046178,0.07730390221631254
0.2919075389409322,0.1259907973829272,0.10675802938155705,0.048180696034608166,0.12618120266638433,0.14616618632503223,0.06696687917137732,0.029758589616588588,0.05809008048059292
0.18646508432373343,0.16138069498277477,0.1326044043673852,0.1562841015267149,0.06626196001822604,0.11100293185582943,0.09817270340739892,0.048407246430818285,0.03942087308711902
0.07120739782997378,0.016839353515299624,0.12934840455646832,0.1380152727665612,0.04247750569024939,0.16665508709278307,0.11164013725655764,0.1961593715086188,0.12765746978348827
0.01432025329637017,0.48912688196408416,0.04065328320232366,0.18299595831346313,0.007542195702702317,0.11235291216246625,0.12399907728204555,0.013217811090294865,0.015791626986249918
0.09819264024528711,0.2365238715013808,0.09729982346304566,0.035212405061076306,0.23089774055020307,0.14639865851111764,0.06559836982212833,0.038119052570999255,0.05175743827476187
0.08226013671540928,0.3742904593846388,0.11590059416054876,0.19520920539568354,0.026353339254335643,0.030447630582180904,0.1145516715390359,0.036493858175373935,0.0244931047927933
0.15179247948947622,0.4691128886525737,0.1195759676765038,0.024783602872470598,0.03691592703434288,0.0563500306171097,0.04713267378284886,0.0676469813905675,0.026689448484106773
0.009328516418572278,0.4237344945830837,0.11337765479312205,0.035292425595261835,0.03380573429571017,0.0074230407191084305,0.17638945725752642,0.17833036097102758,0.02231831536658756
0.32179503427098444,0.2609546664019203,0.04642164426584757,0.037686098972463,0.08158360523765477,0.038535083424318904,0.05092926008335965,0.05964826249551508,0.1024463448479364
0.13863049694434001,0.05945115092046738,0.08521302973148033,0.14441781900091355,0.14484939809531464,0.10583670596973378,0.11524945992358264,0.12127354602383307,0.08507839339033464
0.23466361724188856,0.013797628969217072,0.04502210389852893,0.03159333518230813,0.1347126316131116,0.01350951122847681,0.19528089032583637,0.16712448839248348,0.1642957931481491
0.045127360319970944,0.3492648306650416,0.11775858603866857,0.04029834563591964,0.05000957401457615,0.07000519586896796,0.15459733317225996,0.0796176057079436,0.09332116857665156
0.12058601971514105,0.08105529482929556,0.0624404930861372,0.0994782311064291,0.01517785844896002,0.2319625721752752,0.10643421285021652,0.019804105703519006,0.26306121208502636
0.2282404474740469,0.03860993550149863,0.06974516549219546,0.09774346909933208,0.266051648989045,0.10922023668167531,0.036190165513746174,0.0745866617571491,0.07961226949131135
0.07082199211280095,0.10150789808992795,0.1265575732820637,0.22789182590340173,0.006739983440825085,0.28378894322975223,0.11854842149899987,0.004965037009585205,0.05917832543264325
0.2230663106701363,0.009428938908438942,0.06698157292958773,0.03918624750726885,0.38061087020623824,0.12408417532035383,0.0275981769326598,0.0260821830075853,0.10296152451773107
0.060742645218861434,0.3227540152281725,0.08480548578350067,0.08552963174578533,0.027466474316298128,0.11521616857075449,0.18245899530925583,0.05477631290709519,0.06625027092027637
0.17709329109977742,0.04275278226600657,0.1597228110492381,0.035679326738188126,0.23352524146955908,0.06603493889030605,0.08731563216535003,0.1619927808767798,0.03588319544479489
0.09870276511466225,0.4096551770742483,0.09038091675468944,0.06583155416869446,0.0107647856241174,0.23185063713311518,0.06254640232843726,0.018809306630935857,0.011458455171099906
0.10422469062593796,0.03356787077576812,0.08887190318892657,0.1024223214268402,0.3457969001828716,0.11424758941236972,0.07960353799441687,0.035684075160245014,0.0955811112326238
0.22469463428477185,0.09554079560713785,0.13795231085158483,0.12058486693328685,0.027933666436059674,0.14378701268960492,0.12181052596299409,0.052021297201723916,0.075674890032836
0.12179043475063987,0.13742472761616836,0.11185392289655212,0.046034465148016034,0.1432501797283458,0.08901379448807302,0.2279886617441317,0.07517014422216768,0.04747366940590536
0.15611920239350555,0.15949750526106624,0.09499381919448668,0.07985401164834345,0.2703704965242362,0.08624396503715254,0.03441623025507304,0.07077316381484389,0.04773160587129229
0.05995277519382213,0.20224755279992426,0.1147975962927061,0.11383853222973729,0.04439423381008676,0.1275899174391895,0.116437441718106,0.14576095551201523,0.07498099500441276
0.08111702150644112,0.30205510976120553,0.0360405792902481,0.05374654182724281,0.059341602833052544,0.1480916212808263,0.08094606935485836,0.11483058647544758,0.12383086767067752
0.058749776271771414,0.24607844940454696,0.11923898820521826,0.036515407523728505,0.02836880380099448,0.06999413383248915,0.2006410274838808,0.19842632945954156,0.04198708401782883
0.05281221680348958,0.20454561079671585,0.061319313577024394,0.1965363673608849,0.053402429156474175,0.25132770169435165,0.07052268074076233,0.08932984303292786,0.02020383683736936
0.04959553271220285,0.2838014287328858,0.07469591121952279,0.25618301731646104,0.018479850405877175,0.06092626159597999,0.12213000462321894,0.09616267829475579,0.03802531509909573
0.11049832048713927,0.030605375263805093,0.03696714063439119,0.16542473968913718,0.021906561715876332,0.16353955553952867,0.1566198452721045,0.11360799069245436,0.20083047070556337
0.23443929103380726,0.097100854987485,0.06778961611752261,0.06753548462229597,0.05925178604382201,0.16540782269820653,0.14291362590564963,0.06440374506074067,0.1011577735304704
0.2257494869951956,0.10354359389774272,0.14248850456801,0.16690049507550345,0.0420973005794655,0.16499363105592177,0.0746871063141109,0.015952261872138832,0.06358761964191123
0.2587769517124152,0.14307665507588252,0.12305942805496851,0.05622960682867082,0.18906820250954526,0.02456210134509144,0.07677713201313079,0.07847574840108333,0.04997417405921211
0.01577225472124869,0.4888652635187071,0.052612752490291154,0.140819084103369,0.13243170524436404,0.0964471826956359,0.048497593671476186,0.016738349793402222,0.007815813761505672
0.13204668682945986,0.1387138410988804,0.08054180085293654,0.12756063882964772,0.029758917400826274,0.1519570642960806,0.09039600972773154,0.04967120210816913,0.19935383885626792
0.35375948239365146,0.18093232835191753,0.08032273932924192,0.04476066103031009,0.05848033615532267,0.0702379027707003,0.09521253838724868,0.030156142207832377,0.08613786937377492
0.10061946658506522,0.12910708304167995,0.13780141146943642,0.23829946972572502,0.031400965269121756,0.21483763428889602,0.07299363434671235,0.02596222401907229,0.04897811125429091
0.15557354749011956,0.20875930156515607,0.09311699606248774,0.06318151675678578,0.2010347695163729,0.01627093111595358,0.13584523172417176,0.04379587609673128,0.08242182967222146
0.06011940422791018,0.14266744992199085,0.07944225510723209,0.08169200921347324,0.043831379243916814,0.0755361578857034,0.1254884510719735,0.13576601427673743,0.2554568790510625
0.20593815303534987,0.07564971038107798,0.08857448761609306,0.17698922518222945,0.024221218059110722,0.26142981105417396,0.06658624506243545,0.052174475426847146,0.0484366741826824
0.06195060099057916,0.3247343276804303,0.10141789791465632,0.12662152909332422,0.12746279604414318,0.053208555564870585,0.07907842693268773,0.06156054963609553,0.06396531614321291
0.19195964045648248,0.2561278400290813,0.15010714494993652,0.05156422448121819,0.10494132971624319,0.11599295867804262,0.03488036389679106,0.041463101165365106,0.05296339662683961
0.17855190752073505,0.25593701012297093,0.06861269731029589,0.20343937738004225,0.03424910869528692,0.08655088082590277,0.030851705866527513,0.01957244493625447,0.12223486734198409
0.06949272369382369,0.23331132962975545,0.2541553073324379,0.04563592531238871,0.04733302369437847,0.11840519931711835,0.13039562587100292,0.055180200837757605,0.04609066431133683
0.06129300488116954,0.058926800545901624,0.08788206529289594,0.032046532959257315,0.2989343492318978,0.09310733756260832,0.11589359770249902,0.07214128218520073,0.1797750296385697
0.02765460843732047,0.01873279881049092,0.20739536158872318,0.08320429422940949,0.11868877755484432,0.17933450102623313,0.1709213555611557,0.07551097972151534,0.11855732307030742
0.3441901974637962,0.02586757947979856,0.08495171027789732,0.04830455738861154,0.05036981431374408,0.17047997076144375,0.09134837302950953,0.11613719863119742,0.06835059865400152
0.22639026546385224,0.14164781002525675,0.06696538890997768,0.025363916420508725,0.22906833574454702,0.15193763988880304,0.06084524594088928,0.05350738291162933,0.044274014694535894
0.07673264377136431,0.4407736852754381,0.1342678994683343,0.13174201235756797,0.03677727052677583,0.025947561054881028,0.0493036366062344,0.04986600497732376,0.05458928596208031
0.4834609571225326,0.05110469800577249,0.054648914208595745,0.02530971871817826,0.06882157602380352,0.027511224489044417,0.09913609961704023,0.03814830901627705,0.15185850279875562
0.2587895559076643,0.13030952418650713,0.0760524521091294,0.11488000014941224,0.04619362187462286,0.03208031859003836,0.06219792621545097,0.15774945707980034,0.12174714388737436
0.17149791512725843,0.07334474864983301,0.0749232352602554,0.05183518192934203,0.09760394917982503,0.23525368595550802,0.12681016259308028,0.0949273997649717,0.07380372153992613
0.1766006734688094,0.3524432737406919,0.05392985821759407,0.05778885429945509,0.047377900562064174,0.13966071954126882,0.021074675600618792,0.04009157297819956,0.11103247159129818
0.1582639009823341,0.04523124317503385,0.08460476463250598,0.0759373594456023,0.0978412237251538,0.11592001561901262,0.11110305524367868,0.1276178077867158,0.18348062938996293
0.13220347365224283,0.03331431135040497,0.08175561024491741,0.2271292494564471,0.18255679572505076,0.11725775798008448,0.03433785442306195,0.05970076335727633,0.13174418381051414
0.29154732384408333,0.1770487676563868,0.060375611950696774,0.08874594189083224,0.049698616711724465,0.17856098957920152,0.08690087358723175,0.02823327861595039,0.038888596163892786
0.41965872714563707,0.1213234921843004,0.0566302109144676,0.07920379757817808,0.07999756041688681,0.0292750247113395,0.047902998718486134,0.06395066773677043,0.10205752059393391
0.10899950351480532,0.10208462341675788,0.10145546113164765,0.1592854646531833,0.04620977157985573,0.1611493726119159,0.10306399624220836,0.11316113615246048,0.10459067069716543
0.328453019163624,0.09139259413867322,0.0768088544130295,0.04380199027067416,0.1666476163224483,0.1294280594338618,0.06983123632798464,0.058611601399313935,0.03502502853039041
0.15852161210880952,0.024073675754919616,0.09103572182619708,0.05227579017071881,0.014871897836311196,0.1812584042319255,0.09158205925488216,0.11816592912123709,0.26821490969499917
0.11990894177371235,0.08048997871437748,0.09738991148805944,0.08082636103153525,0.05367055016794057,0.04800799922079358,0.19603554008940868,0.21813107455275793,0.1055396429614147
0.22077778740745327,0.03258783325772616,0.1567833931194582,0.10003236343413707,0.042268737443762826,0.057173663623432514,0.1577992763755451,0.20553178191196464,0.02704516342652018
0.03408861683899036,0.07331589881728821,0.16853587241922752,0.1185671003008729,0.17567694372770162,0.09430719086386723,0.12027221065543658,0.06269460222896789,0.15254156414764766
0.15078318714766847,0.11791271316802125,0.13674705567046144,0.037107814889686015,0.12030342243984417,0.05426017297058137,0.21342115212941973,0.12836275107192321,0.04110173051239427
0.19341431801779,0.10480023575629156,0.06745104634477463,0.03690267863209405,0.3935246989930805,0.03554903555315401,0.0377708560522808,0.029499701859205498,0.10108742879132887
0.025118746768116058,0.24096495387000347,0.21090992220366797,0.04641337817224798,0.012930378567603177,0.08531627528430304,0.1957981294068237,0.14275101562667109,0.03979720010056359
0.2706212781777695,0.14688200271907004,0.04714077874020887,0.06847408064999543,0.06632262664794829,0.2048028532160118,0.06036781992061163,0.05907110226022729,0.07631745766815722
0.3519912636222636,0.0600059762774899,0.04079852384818202,0.08694313062875614,0.19305535399275384,0.1638836785075171,0.028301603922568433,0.027611784905990002,0.04740868429447893
0.08259183024506801,0.06281229696817292,0.13615415887994242,0.025008616508549842,0.054837229270795484,0.05785081848341125,0.10550611778860097,0.12545573212547487,0.34978319972998423
0.3063004314371475,0.023678072315874574,0.14386042490952167,0.02601867284153382,0.12800669053867655,0.08811537010433963,0.09991792985482424,0.03943607468119653,0.14466633331688541
0.12822406204489353,0.09416777120299442,0.10796909841767155,0.04621708710419677,0.09145748096465332,0.09002188263619441,0.14477679707767635,0.23044650384996382,0.06671931670175575
0.1101657352123494,0.07415316381076574,0.13672214357376858,0.062197670591852085,0.015042548241146725,0.06850143061321821,0.1503249955613328,0.3410828428908999,0.041809469504666456
0.45897965873038077,0.05261517078884508,0.06958990034123719,0.028071004533857746,0.07721931558387149,0.01547748400658829,0.061043786480429685,0.12002436411964752,0.11697931541514213
0.2152183859230776,0.18111866620785308,0.04158817804229125,0.08022279643038158,0.23184493253013772,0.014988489836671384,0.10773360967213717,0.07227128919020032,0.05501365216724998
0.1030975881893128,0.1091563543660931,0.12961671437789424,0.08850145534495783,0.05542896882555819,0.03129370870290366,0.15560092717795623,0.09011000985747863,0.23719427315784544
0.0959331348407602,0.39060223551371154,0.1500339684777975,0.11600325845598108,0.09721219600393173,0.032643283478399475,0.07829015870294855,0.017174576980034804,0.02210718754643511
0.1021508878783312,0.0722821005932492,0.1055839383180986,0.20639369075798034,0.024409430825736683,0.08954736933345481,0.1794816163878085,0.04636522977029389,0.17378573613504678
0.029265373629758045,0.04205387690515622,0.08279946238426195,0.10544490564607191,0.032237135274312906,0.4411007014813708,0.08299629050194322,0.0877110946125143,0.09639115956461068
0.04862242919991231,0.28948297878948387,0.12139583517968332,0.026337891613350397,0.11796505232681816,0.222760922258898,0.06636311385727203,0.06828601008152696,0.03878576669305494
0.08976932138590887,0.010573490614189092,0.09804955661278562,0.12971911189826446,0.0708273142498769,0.24764310238460582,0.17949835225881297,0.02747647025294242,0.14644328034261386
0.1849750978709899,0.2523422760817478,0.09445595464768315,0.05475107900071157,0.009971044324304424,0.05229237759923668,0.09212497649909018,0.19184050784780315,0.06724668612843306
0.08631038472001946,0.009970582517282304,0.10305516083664705,0.09387227342289396,0.04667793629879852,0.3020530026524331,0.1837030989310314,0.1297015874881379,0.04465597313275624
0.03433838009692656,0.08252257034908193,0.09750830224863057,0.04165991600970234,0.039007535984169735,0.1153220165872918,0.06845430685150262,0.3699475601593812,0.15123941171331315
0.02113210943127523,0.15692690564692663,0.11892385635426671,0.1396715772494407,0.07214585278343866,0.19650455990509222,0.08049166357642788,0.06746985585118859,0.14673361920194336
0.07972050554280669,0.07974396295539919,0.13813898553509002,0.158921892670297,0.03230167123201121,0.15899048729141949,0.06149632796564225,0.15401159111647322,0.13667457569086094
0.02817046144238498,0.01615908141988771,0.11492329196539168,0.1501233825798598,0.06737508134816127,0.2188030844203809,0.08450937314595063,0.26015631001390477,0.05977993366407821
0.056703794000044834,0.03878633667241393,0.17223193235150017,0.049320714965208755,0.16627621150348249,0.06709867138957908,0.27491570515036584,0.09218530779082364,0.08248132617658123
0.4688331791770597,0.13907919023432208,0.1170918320185285,0.017948150439234246,0.034995328612318355,0.04217422169040724,0.08480082278697383,0.03842818868072336,0.056649086360432706
0.07927384396157769,0.060230257544108455,0.10354492858084509,0.05834822809960503,0.06910755779623722,0.20944704357190788,0.12328796042545109,0.151718347965946,0.14504183205432147
0.026890011164946794,0.17027768093282622,0.09990230723607885,0.09230206652474295,0.3051283970785615,0.10469255328597542,0.02247027621692779,0.008883850023647914,0.16945285753629255
0.05595254568313331,0.29991269899055517,0.07615579614181212,0.07676394714331984,0.029763081104696484,0.1492537632196498,0.10851892090072184,0.11116037959836989,0.0925188672177415
0.1277238460524348,0.08332610198228652,0.07208091811553802,0.0294689054868955,0.29789540078247034,0.1971671850887496,0.03305821745046956,0.04542521621653003,0.11385420882462564
0.21698005678838253,0.17625035257003438,0.09237369991253373,0.046900372148240034,0.048470877041163575,0.12040783417120175,0.07171314815461509,0.07597645708021186,0.15092720213361707
0.04767310213927064,0.016277478291568278,0.07280830091580681,0.017915876953805563,0.06886731194716343,0.3344816885660095,0.08961256342669403,0.046027019258364534,0.30633665850131714
0.17808846757528615,0.08472699542990049,0.06768205083459426,0.05031286042773298,0.3368041433070483,0.02860930049049674,0.04737958602155323,0.03796846988480622,0.16842812602858162
0.13269568276177188,0.06787390419735205,0.093784983190631,0.0998550579938301,0.028917407280007593,0.07317481372951772,0.1245355776118074,0.1998160433281119,0.17934652990697034
0.22593087597630587,0.14738436085414028,0.05230242668964013,0.09943422332583012,0.11806389130270221,0.12514565244031928,0.05404943903861915,0.10881736484589159,0.06887176552655129
0.0979441667736507,0.12166977332283781,0.13724569277594792,0.049689987727441765,0.04399071134424628,0.052951070045371716,0.10406353656545263,0.08272156873409853,0.3097234927109527
0.10498655436146583,0.036748851533611626,0.07132834948137733,0.06194497441521931,0.4450943797260998,0.042601351184925605,0.05161283902790494,0.06514911039800741,0.12053358987138814
0.09568249625563036,0.031695769731327046,0.0490063573387208,0.14321929265047167,0.10625720379229613,0.15818489442766961,0.09647471208151714,0.05407964773187642,0.2653996259904909
0.036761186118211685,0.28027576579076086,0.12183139168372974,0.028297151467827075,0.01318319257036414,0.32319835784333506,0.05039797335560963,0.0762938283585085,0.06976115281165338
0.04429824108466355,0.058423362159313506,0.09049173967640363,0.06724975196598766,0.05459490648698503,0.049739272347093806,0.19541849543766251,0.08780137861686921,0.35198285222502107
0.06762576529382304,0.2848287455370877,0.10726075542539686,0.055167544018699936,0.028533273870122004,0.05065455585815837,0.17391402939317435,0.05467507237288743,0.17734025823065033
0.17864741538150794,0.11332845952635362,0.11928942508350669,0.036965541822411636,0.09866973894862303,0.07252145776645137,0.2799048699553413,0.06661504842391514,0.0340580430918891
0.07746617714637812,0.08571250996434276,0.11329193785228837,0.21036877121648104,0.021986089962818662,0.13169764129338782,0.07191413816131316,0.12207803106449248,0.1654847033384976
0.318771042967325,0.033641881511000345,0.06181519757164022,0.049658657153016816,0.3111563162445011,0.05744064639886017,0.036844058923116776,0.035480716400399376,0.09519148283014027
0.05200689269503891,0.015284757474875328,0.06314877103768239,0.11897338960724028,0.09500323500929943,0.22764090835694462,0.05198529601260999,0.05620267201666537,0.3197540777896437
0.007781437974688672,0.040995600982813594,0.10906687403868037,0.05956053074287145,0.07401878507286776,0.3187097943978385,0.10089160325428716,0.16403576728264624,0.12493960625330632
0.1924127463867409,0.2890236915968355,0.09524883935192478,0.046923590083035295,0.0846932168541457,0.11332791587679303,0.06344591158051903,0.0573774609666682,0.05754662730333757
0.12845182600617266,0.1421758887458763,0.1997842836601984,0.01712206995540297,0.13481396928957542,0.08102040302307723,0.24515079590475672,0.012945880748134972,0.038534882666805374
0.04228937088935016,0.18562028012335394,0.055817860420454855,0.05779469903293566,0.1495170704081307,0.3130156975042481,0.08233131515388915,0.06703006695185329,0.04658363951578429
0.25924576574573693,0.3175584015407407,0.09186156061121155,0.04201483453411018,0.07397102891319407,0.13156216553410463,0.021202266143773452,0.020861113965019485,0.04172286301210896
0.10170052696533123,0.03301843134623867,0.0790807115127181,0.04499464727325517,0.02857577079482791,0.39596675706043083,0.17155160791896418,0.06041602468821524,0.08469552244001875
0.03950061279006426,0.17733173585871645,0.06413881424858703,0.12272383329683216,0.03993651363819633,0.18090764037918186,0.08901114976013737,0.1117979591663409,0.1746517408619436
0.09765104168088641,0.20875563233409267,0.023594348897314227,0.07727427267116939,0.15364327889215615,0.035632929568980176,0.1398269133661274,0.0768508942621408,0.1867706883271328
0.08515709176705154,0.02831594487453724,0.04472796027927212,0.08784715509847169,0.07991142362787843,0.04125651340035044,0.1756691496195927,0.21429685033481224,0.2428179109980336
0.04987627752253812,0.03381468967382513,0.08268649468336885,0.07034123406991889,0.2795229268129148,0.19380879498640477,0.03860164623559952,0.021743817535152938,0.22960411848027704
