0.08701919943182719,0.11527904520383436,0.18103570437733008,0.03303030031763955,0.10554426230777021,0.06503377749793918,0.14789424620110636,0.14099227160554886,0.12417119305700423
0.23419036001026572,0.12334708559979686,0.1162998277584953,0.024790151922483156,0.1196095833271259,0.1452232471384259,0.0845608410562993,0.10871143890039851,0.04326746428670938
0.08286686326016177,0.10863757370320415,0.050594682568562664,0.18812143833312664,0.12879105079494496,0.08674353155339813,0.14568732049017277,0.08938603185717642,0.11917150743925244
0.08915547322956381,0.10856771347365986,0.07531573940369142,0.09922106405108207,0.09177130106729366,0.059272199752446186,0.1040695525868574,0.1039726260448413,0.26865433039056436
0.049894425462334385,0.11955981956546004,0.10475386590057907,0.05678336673191828,0.10851411503444681,0.12164050840420004,0.14037912356309948,0.11889995755639099,0.17957481778157083
0.07291273912653946,0.12794401869911234,0.146988979224265,0.07173600912976728,0.12321218005698087,0.13467023056102098,0.1446267949696802,0.0752132377976904,0.10269581043494351
0.0938543548599066,0.09023518133432713,0.10306079831099708,0.3823216829325018,0.09212024833368136,0.042053177807170106,0.04106374045519189,0.08937825618168697,0.06591255978453708
0.06401349356222046,0.09203406989588954,0.2373336785660536,0.13719515279168604,0.1220342761331497,0.05306418719943571,0.0888839683141311,0.07595216028825902,0.12948901324917483
0.15045736199627044,0.1258251257630045,0.08548469269419996,0.046117105762466144,0.12633684413986887,0.14170358667522412,0.1056386997470552,0.14213066805810426,0.07630591516380646
0.16107864516038173,0.1435737398994696,0.08166307040212196,0.04999117466680183,0.121904461651075,0.09185952851371733,0.079881467852727,0.16911067462203036,0.1009372372316752
0.10396242281096478,0.08967904571388391,0.29656205946581743,0.05072158555347605,0.10111004901136322,0.054741974965866864,0.05000386910978322,0.044534720136467844,0.2086842732323767
0.0759742298819303,0.12874769319828622,0.1547520574574106,0.07063700364344823,0.16842816459810953,0.09747979519623579,0.09089628951694871,0.09519268423655773,0.11789208227107284
0.07032164817150781,0.125704785978675,0.09977590717609564,0.04046770399564773,0.11722419673374745,0.0818415260691211,0.1843614879628085,0.11486834763340763,0.16543439627898926
0.13086531611902957,0.11749896135108877,0.17708510056292515,0.1075373440223823,0.10312290496604466,0.05631512882288043,0.06198360669626151,0.10608538167806912,0.13950625578131856
0.0664443977379619,0.09471359796659283,0.31982021979586345,0.0412703597577106,0.1007149673355071,0.07188265110946673,0.0672577046061591,0.11162423065847198,0.12627187103226636
0.030796916065705695,0.07559899486491417,0.36244566694053065,0.07046565625048035,0.14128310840593325,0.08804314522497825,0.050206420006705006,0.11279705418582654,0.0683630380549261
0.07347568505258868,0.08396658656603813,0.1807402709851468,0.06341716974992266,0.1306677710790205,0.0781568917315056,0.18053298446214563,0.12220723548074978,0.0868354048928821
0.09178959061943176,0.1354874928099656,0.054997707762258825,0.10034614157935999,0.12701930007379053,0.09486314176713777,0.06342676155818594,0.16389584953768335,0.16817401429218629
0.06604815419316859,0.07651689500089666,0.06966501160571978,0.0558262736998606,0.13132030802751649,0.1750159338923791,0.24243236947860605,0.08829678671240622,0.09487826738944662
0.04563593488496148,0.0982775536503561,0.05917766475439604,0.2983678218751019,0.08614325799046497,0.04418945336999656,0.07339232272620634,0.10201325102422563,0.192802739724291
0.08319118105557373,0.08713769650665375,0.20713868422265716,0.08885597293034943,0.09302291207560161,0.0542835309598132,0.049402488293649544,0.04986506160092552,0.2871024723547761
0.15319494955401292,0.11117382689135201,0.2787260232821552,0.05964071349278488,0.08886425168678468,0.0677356462952126,0.0981805690375873,0.08196090106088726,0.0605231186992232
0.14301886975945924,0.09111801933438553,0.118349819298997,0.021588443116694177,0.1321830089184937,0.08209207336332026,0.12636670016138676,0.11129788694412847,0.1739851791031349
0.08105820023154563,0.14741446361070867,0.09704312213325082,0.08921256320420601,0.13223957234673375,0.10679032350250721,0.09370616094955826,0.11009016535211624,0.14244542866937338
0.10620058981450843,0.1042243853438074,0.13030861971941893,0.12591757810144855,0.10686505490498947,0.07023901309343362,0.11799983391058833,0.12012985172189466,0.11811507338991056
0.09966224971304177,0.11641055656675503,0.08568098385837296,0.22729321294930802,0.08928550274039165,0.08605875161497027,0.11107877664780123,0.08380289894957775,0.10072706695978134
0.061566119339696086,0.12282112438529456,0.07685676951405258,0.12908970815118867,0.1438442638792965,0.10302370892049346,0.08515039136577807,0.08466544478385962,0.1929824696603404
0.07700476267905747,0.13235933768068672,0.06240306887608817,0.10509857017771794,0.14317532623703758,0.12167850808308663,0.08380944503254877,0.1471912022314091,0.12727977900236764
0.20335863980423388,0.0947113679515794,0.21936690488759372,0.007348732556903313,0.09960466982095299,0.1259416628350196,0.10037114412503463,0.06373911066859984,0.08555776735008258
0.11256048615634268,0.11402256630458556,0.07461661385446605,0.13418177636248532,0.1228724716256299,0.08548889953668683,0.0868497669495139,0.17742017441912064,0.09198724479116904
0.09132333959453832,0.11937483900006483,0.1179620097833533,0.1335453074177756,0.15009832395447412,0.1011838891066232,0.07239053948905899,0.1515199252360284,0.06260182641808315
0.084090989312837,0.11196612305993743,0.27272795784862125,0.15514124900063483,0.12566697498277993,0.06615127457218735,0.07639381586929371,0.04905738044750264,0.05880423490620581
0.11862112976066634,0.11790458567695135,0.04680948036944709,0.16045749682165913,0.10206993593845654,0.08319703969923478,0.05812165704713571,0.16086942563309567,0.15194924905335339
0.11286113234074054,0.10179573559101891,0.0681537729983822,0.03622806576892886,0.10538065000558301,0.0913517985963549,0.23544760205177884,0.15238210341007102,0.09639913923714172
0.037725241071103734,0.08094712311911617,0.07438839540290766,0.15471875190662449,0.11241834771976607,0.05702781244782534,0.09053628132229126,0.0756047078908488,0.31663333911951647
0.0351899154883052,0.09804040013658,0.14297551890956914,0.1109152053541399,0.1253124672368923,0.10172975790516191,0.07777455999300721,0.18151630828966947,0.1265458666866748
0.049464142896561626,0.10856455132469055,0.22259567888063572,0.05920015531632166,0.10383303544008914,0.061576424100074856,0.09267750916860429,0.08581538498714118,0.21627311788588102
0.06040141652941285,0.09931387690482261,0.1221223224291167,0.09879370244174855,0.12328467484616738,0.0883707159550255,0.06772002300492454,0.19090728144846505,0.14908598644031676
0.07684313446856389,0.1292286770985225,0.21988136986136594,0.11550225824176352,0.12039822772727372,0.062226542067331934,0.13198537099683805,0.06477556891334331,0.07915885062499715
0.11984486638187146,0.13295910463943747,0.04878524761886207,0.12886992144964549,0.10772278357041011,0.12406067861857367,0.10274321072029258,0.14296059421592888,0.09205359278497828
0.08452051371189621,0.12928916687774358,0.05650070783171246,0.02739486361028787,0.1144938706980453,0.14914631908293385,0.10941077756116595,0.1509520990674347,0.17829168155878014
0.12091157492886716,0.11405561566115045,0.055873556537671586,0.021962237291378375,0.12178212421967777,0.10806351288941145,0.08135858965988797,0.3041922430190656,0.07180054579288973
0.13025249462365998,0.14509196197523608,0.21004711321088554,0.07353132868603247,0.12388725173173747,0.07408540393479003,0.09254432291591301,0.10052155818428565,0.05003856473745986
0.20850100857485712,0.11356063836089918,0.057504690021710964,0.11968868807863324,0.12486446292313665,0.10424935627607691,0.06992874244721045,0.15571180252511338,0.04599061079236206
0.07647887514382204,0.13135338619957923,0.07266809569423964,0.0588558840777754,0.12066192499247498,0.12171635929295131,0.07005718343372008,0.26001913944311006,0.08818915172232727
0.044101541629458736,0.12039260592960845,0.17051407212016248,0.25778250566929645,0.09866360719752436,0.07300820802642588,0.08895611042049839,0.07146108260606737,0.07512026640095795
0.0652995416371483,0.08865268717296615,0.14196025368265866,0.021682389988740693,0.13479871811360755,0.17891435307059408,0.12818287792467223,0.10094795531816055,0.13956122309145177
0.06724167180882348,0.0898838284037153,0.16722871787401664,0.07757685078345516,0.10376054346623774,0.08227386264635513,0.25926409375662324,0.09675523774951882,0.05601519351125448
0.08697936729656679,0.1004295309559186,0.0702211547642108,0.16078385132483897,0.09884739828798993,0.04631687635742939,0.24016014728651658,0.0969105132470746,0.09935116047945429
0.06415504400888565,0.10543247013613632,0.11428488037515705,0.13077127062596372,0.10386960275267128,0.08179641022264805,0.1991818392040707,0.08761806650588688,0.11289041616858042
0.06214012084669942,0.13430954967552253,0.1102582124889026,0.060248014729955696,0.15840023783966523,0.10657666410189866,0.17615544683152126,0.10535006233222166,0.08656169115361297
0.06318275263477344,0.09036317503258288,0.22590450680014185,0.027859844077819027,0.1160614597928581,0.18245722066636805,0.17319185817976998,0.07590612855752035,0.04507305425816627
0.12453788919216315,0.12265781766495333,0.0760027214879818,0.08054876719903878,0.12970631614936765,0.10188633304817747,0.1013584960023679,0.21823064353768953,0.0450710157182603
0.21281345257230355,0.10213036435705684,0.0736577367953631,0.1255940673342716,0.12904810895307509,0.08171505999692315,0.08176821733621516,0.10033442993407941,0.09293856272071212
0.08900848921626954,0.12517812387193836,0.11685495848418777,0.10249086336313268,0.09869101057646101,0.08839385089231727,0.08085458135529779,0.0643865161143634,0.23414160612603221
0.06590639648169595,0.13946599228662668,0.07214304481082612,0.09760232287209442,0.11796824513370945,0.12059311638732473,0.12544811555168556,0.16566166782545114,0.09521109865058601
0.16091533361500876,0.13460132535879013,0.0782220101679183,0.10471405445013608,0.13259197735223263,0.1008556501659973,0.07932487774592058,0.16696572623844816,0.041809044905548175
0.3526652335122608,0.0918484998469411,0.06403510578755336,0.08827190978511658,0.09978702683716968,0.08490783181319161,0.08687856557655578,0.0887265548001475,0.04287927204106357
0.06749501430335601,0.13985420984739047,0.12076900306417655,0.10976842692341238,0.10816583144392546,0.136891285198676,0.10063334559557102,0.14586520481066007,0.07055767881283206
0.18607761035151815,0.101845270509151,0.14902327605701526,0.05371178933189593,0.1239951309116995,0.11783592902775024,0.10470788568983412,0.08000620296052523,0.08279690516061061
0.07497933883070469,0.12180653415954557,0.08907665477892963,0.1059464082536834,0.10672544040050876,0.18280785613101422,0.07143786026281432,0.1809971365737628,0.0662227706090366
0.1979776486461262,0.12289652165629515,0.03356914936270349,0.03288338952592218,0.11911760286778449,0.09419384568685507,0.10050957526782343,0.15833511044448442,0.1405171565420055
0.1001337454835008,0.1064639821324836,0.12478532731068355,0.06714351552832454,0.13634455483211216,0.10983051133011286,0.09295771768878598,0.18942150093821086,0.07291914475578558
0.05213535779029038,0.10519108571723301,0.10686064275546947,0.06702824429488125,0.10320263110996557,0.15130637606508965,0.07827447667241048,0.2267225756771036,0.10927860991755668
0.07184109096648807,0.1075186056248036,0.05810894292079516,0.07379441274498579,0.1181261418756762,0.08854593169552238,0.14650144835756448,0.287796664670529,0.047766761143635254
0.05612959460726615,0.10852067760135618,0.056245913993000274,0.19893431350256083,0.1106421532143711,0.08405438630579339,0.1134762356336691,0.13532447732436173,0.1366722478176212
0.05800979607592353,0.10038421083394515,0.2340473792137359,0.18184176430157076,0.13420213659280825,0.058602994492765514,0.09682975735508247,0.046728260441373175,0.08935370069279519
0.0241058664857717,0.07996506275925062,0.15418205005458854,0.32291673781894853,0.11406101956454782,0.05136203207220114,0.05401932513679617,0.08127611952005191,0.11811178658784359
0.17482746940510263,0.11684607448982624,0.11529733435549817,0.03125634172639539,0.112457093652185,0.08282911730863506,0.09322038908678658,0.20305922727831863,0.07020695269725237
0.18549389035655559,0.11194275674502675,0.04438084348701488,0.117348605234802,0.11489837188338355,0.08792987597929698,0.075830686710171,0.11738434132374642,0.14479062828000286
0.06484051850845267,0.10532438262229686,0.08467615925816652,0.18922798132513707,0.12784652478328565,0.07660392125590111,0.05464267486303482,0.11620026104290666,0.18063757634081865
0.04721391199646463,0.10380063362376034,0.11269511162005685,0.11236902267396422,0.12318024767425968,0.07901879967571475,0.1058962257093939,0.10057487633128394,0.21525117069510166
0.12911322082979154,0.09115134956686842,0.2633389911384693,0.05144200069473728,0.10318992629759453,0.0587110669732084,0.18158709044437202,0.08948286368828758,0.031983490366670815
0.021268701458518387,0.09656653613241485,0.176487977560986,0.035536096517928724,0.08478406578368029,0.07034390503275281,0.22991181937781938,0.0954730888241775,0.18962780931172196
0.15090812631375788,0.1318146000353847,0.07238208108710384,0.05807486117122887,0.11488058403757513,0.10837419436296791,0.12793733565580898,0.12711316335306103,0.10851505398311179
0.03850765911174425,0.1331222519980605,0.19306125162802099,0.07361350329730537,0.1183014971632067,0.06626614832000267,0.17979311846491727,0.11243547854348844,0.08489909147325396
0.10235727598105415,0.11671642514857268,0.07463725956276658,0.09711260232843179,0.11545347904822549,0.08675308483885673,0.12529904539994421,0.207702827478731,0.07396800021341732
0.07331480217894508,0.12390615171523618,0.07150637355619088,0.1424893470690147,0.14443749235930095,0.09499548408347436,0.06931352303719712,0.19339650922091364,0.0866403167797271
0.09287604722752907,0.11673203520950337,0.05803463275922077,0.08710196477623537,0.11145637833041618,0.16471172232566766,0.08827675272681956,0.09801394985208668,0.1827965167925212
0.19135017883084018,0.11008610179218321,0.048861286798390295,0.08507790935690836,0.10925135461320569,0.08671413448801248,0.08353941851563314,0.10367012445151036,0.18144949115331624
0.1113115904485333,0.12697708506456112,0.0992275369923326,0.11455636940366105,0.13005633022758464,0.19362024169094103,0.06727273945647233,0.0990443360257688,0.05793377069014515
0.1048713093662954,0.1426598503962803,0.09662073925072624,0.039947926570043556,0.1089366408893655,0.08548242954243418,0.07139035154199617,0.16304413261985062,0.18704661982300796
0.0853878078859074,0.10538812620222233,0.09721894058358925,0.3275021561660902,0.0985554930228748,0.050810399431538644,0.04829238296923064,0.15170779084180397,0.03513690289674274
0.10940622152545539,0.1366036395421575,0.08241691902237241,0.0885834780217017,0.10795669333330267,0.1110102495398816,0.0751710825553971,0.11095160631658245,0.17790011014314913
0.09227754779232773,0.1308831280492623,0.14049030851191702,0.1331870811874448,0.12273283868515288,0.09343011853922194,0.06611971904055934,0.1488830143788057,0.07199624381530832
0.05351529090292567,0.11738110857101036,0.12453767202818035,0.23488498944824424,0.14485987502745346,0.08676872735035174,0.09052099755042826,0.07816220152567166,0.06936913759573422
0.03097192230816732,0.11555419236783149,0.06884201233303087,0.20940284430904385,0.08429059707786841,0.06112849714924701,0.2505663323271948,0.08581270595110813,0.09343089617650809
0.07377627144877796,0.11033234016991633,0.07353551625817321,0.06329693540758231,0.12314420414981142,0.09550177104381886,0.08231015538533987,0.16332472622128416,0.21477807991529585
0.11607030020757064,0.10367681289575148,0.13380314784178118,0.11277503709899517,0.12505797819388745,0.08155742525340216,0.10242730815568783,0.110269234167378,0.11436275618554605
0.07489996211593641,0.09135070953251016,0.2850047476150122,0.017466384488052007,0.10245626277926671,0.06577178918106123,0.11219342026798197,0.12111530991412978,0.12974141410604947
0.05800168293980209,0.12283581814551081,0.1953493604573248,0.03969763006104814,0.11988223715972868,0.13782935575914138,0.14823671671785363,0.1305756453290007,0.047591553430589795
0.07904533908102439,0.10510538330122347,0.09745326588518788,0.08367274351309147,0.070520340762676,0.06045988350419753,0.1713781114681803,0.18227785578117653,0.1500870767032424
0.07044882355688774,0.11028398551718228,0.1205876527952,0.12866897168302002,0.11338554757295675,0.06655948887580086,0.19457164695151766,0.10596391890588759,0.08952996414154714
0.08585058069639229,0.13466406753034024,0.06305358796066952,0.035212418909783154,0.11170619789503507,0.11849988213138052,0.0941776859014119,0.14760235892332257,0.2092332200516647
0.09581519089219136,0.12273363106146652,0.23394700645595123,0.09152835368108646,0.10422534530932465,0.0628294252242832,0.04132926260198411,0.1237796004229152,0.1238121843507972
0.15595582209403075,0.08503144837321691,0.25059748713059055,0.05087924233304197,0.13890220068238715,0.07511244672841837,0.037515719334998865,0.07470985454886554,0.1312957787744499
0.21167582328304238,0.1086586050084507,0.09545764564850305,0.06456585720498567,0.0959259305976443,0.08084108813008145,0.18063079876782198,0.10173823636767643,0.06050601499179401
0.08956779520010116,0.143981367814722,0.11498611558995997,0.04620989139235147,0.16783262745585822,0.10340495424637351,0.07997648980266438,0.15966760069716748,0.0943731578008018
0.04878474219640175,0.11353673594865706,0.16660074619980192,0.08158968362703989,0.13636713884861137,0.095161972803616,0.0854151637214034,0.16943948760586866,0.10310432904860001
0.12796535202671544,0.12296871296648666,0.19238699665606643,0.07454387651020324,0.12060201474332122,0.07161914590553307,0.11510018627700665,0.13946908634122565,0.035344628573441506
0.18099656819676282,0.1284424820507902,0.07150394199481905,0.04666655073739926,0.12335725890048699,0.08895500871736327,0.07067355383513492,0.15811844700927438,0.13128618855796914
0.12537580980762433,0.1178348717517763,0.1511284775664672,0.12164906410986794,0.12377646350288106,0.08339310511356231,0.05652849401036338,0.19230622321861146,0.028007490918845992
0.07648440344782396,0.0902500335021091,0.13101924994442593,0.06849051874877936,0.14127525962409695,0.08633772442611388,0.17503426153945248,0.11572551717106454,0.11538303159613372
0.0644852300631928,0.11305496626297785,0.07437684602042939,0.05198681901936266,0.09101539904109468,0.16345874710397199,0.21001946776261338,0.05387472893729615,0.17772779578906114
0.16482012272811822,0.11790398834747091,0.03562531765759742,0.11302708035165804,0.13961708434722905,0.09942619832564813,0.10117635904463836,0.1464682743101935,0.08193557488744639
0.11683221447750458,0.12790788021710323,0.1365257680612715,0.04755511703109692,0.1289813040875958,0.08694948202473422,0.12676210452766323,0.18465879307505753,0.04382733649797291
0.12044256050646125,0.10899400936874404,0.19101833795639708,0.10875161122278838,0.1327003318689122,0.08061044258667847,0.07264438305036405,0.1405998732541486,0.04423845018550587
0.12036611387125695,0.11224654360198211,0.1421371438744545,0.03882499412691592,0.09571708124200802,0.0692107151996648,0.16922630081561174,0.09263426391729844,0.15963684335080755
0.03149768887180424,0.10150087366515263,0.1252941611137166,0.21320616579818955,0.08917815658256796,0.06761755271748175,0.22779671839633833,0.05235238147871368,0.09155630137603528
0.03772120663887613,0.10767543348388343,0.043655182423288946,0.09416218974100797,0.09217157679462633,0.09259938754974571,0.1001113372863205,0.2296590768130152,0.20224460926923574
0.07000215966915635,0.11213804759948703,0.03860690984485548,0.16219882611065797,0.08766064165515518,0.12745673594486237,0.10534579499376547,0.08750463126034407,0.2090862529217161
0.034393532472807686,0.0858643570351373,0.08520741892223176,0.2756301009293167,0.0938531624694424,0.0571003885864275,0.047854586664491515,0.10839508592948673,0.21170136699065836
0.15806434492687485,0.12946963935665332,0.12031868856492628,0.03129266866278066,0.10080043255058702,0.1223002955548103,0.06813185581314139,0.2201169348955604,0.049505139674665855
0.08531327441204589,0.11780851365389795,0.20527098015448245,0.04440035035269774,0.1354813243776708,0.0940626880104966,0.18232591919658359,0.08821225506148876,0.04712469478063628
0.09352990002259882,0.11260932059414287,0.14570214751086588,0.08121527113750014,0.11977579345849582,0.11050077025946943,0.1311568746128271,0.12550355568044114,0.08000636672365877
0.06605944997496375,0.11118928216426656,0.16177377114033456,0.049168242996293944,0.11377512405817107,0.08343528907551911,0.1562310872117654,0.1624648113473784,0.09590294203130721
0.07238926328768719,0.14356552519605784,0.23499145338944505,0.05851288303638841,0.13786536677236447,0.06972612254521982,0.0858081827889731,0.10518269984444485,0.09195850313941922
0.1525464073292445,0.142407534937377,0.1018448027099303,0.0521113800681528,0.14429012922070014,0.10503561977124366,0.11184020374356309,0.13845125929430194,0.051472662925486655
0.07926816940023322,0.06589252335578054,0.440618517976808,0.05678375857489563,0.09670453128094912,0.04529728834752497,0.07930210831454632,0.1050917620353789,0.031041340713883408
0.14896805082498754,0.10428913032103078,0.2703733849020567,0.0321200587647215,0.10408733594890927,0.07199238931819045,0.15039438822108864,0.09087594192865851,0.02689931977035659
0.21243026291774225,0.11565042250465786,0.1354751673833309,0.038435851815697836,0.10235060776882383,0.1018883873789329,0.09490646554819752,0.05392375880918628,0.1449390758734305
0.13303547574757904,0.1318158392097434,0.1392323896867514,0.04043018429604038,0.15337032637936013,0.10931135754170795,0.16835263223441854,0.0813002278662331,0.04315156703816606
0.10637214681345468,0.10581087505103813,0.06514156949519896,0.15448928042746127,0.08614821771036756,0.0660176021685706,0.06500568227130242,0.10180344900041348,0.2492111770621929
0.14362484328923078,0.11250590927135724,0.1714139899610465,0.0315680411468084,0.11902580611638065,0.13235070846159278,0.06508709047544815,0.131883374298983,0.09254023697915248
0.10813856295082801,0.1253410258631964,0.10738984223712032,0.10101128573941669,0.1461761267947316,0.11768701652647238,0.0762715163176228,0.1542935361407494,0.06369108742986242
0.05334110069067639,0.13139849516864147,0.06159034024315537,0.11959576092447648,0.1312031976970138,0.09259437468235254,0.07346780189014794,0.2305395462104444,0.10626938249309155
0.1740947324862588,0.12742108953374673,0.03989045963167869,0.17016464226065944,0.12669355639693128,0.0977438276883517,0.09528724292191297,0.08075096760757929,0.08795348147288116
0.11528334233197124,0.10344558073571038,0.0892052833758289,0.09909689943448241,0.11598331949736689,0.07429887411644114,0.22232915031950176,0.13804017517223158,0.04231737501646571
0.1263292880106591,0.10338527016176356,0.1456321394701945,0.15870506862830966,0.09679993470586423,0.05459538257116179,0.040093292607562996,0.11986765475805383,0.1545919690864304
0.0578258946720514,0.10669960678850943,0.18520828723614594,0.024721442559978397,0.14918107224081237,0.07878079862320332,0.2136287323019748,0.10964308699827009,0.07431107857905424
0.22695290842470564,0.11919142663787667,0.10726153923186332,0.05793648885419617,0.13500156322655812,0.09689280941083724,0.07732395385487471,0.0966757725515132,0.0827635378075749
0.06080876783454908,0.10421228068056844,0.21157680572865864,0.059463588699007204,0.13647453912407148,0.10854463384996325,0.10818007433512204,0.15243496492348227,0.058304344824577664
0.08002037571799016,0.07328264339335545,0.326077232444434,0.04757406390369664,0.08748374968719298,0.10201209234631954,0.13852664345212964,0.05010640472841224,0.09491679432646938
0.1317165383696596,0.09553969725297484,0.06932144538540227,0.20618395666474484,0.090959235068517,0.05864601499612187,0.19552699004127705,0.0813624531383445,0.07074366908295811
0.04137101563457031,0.12941856303499435,0.17659246603153744,0.08235958105063683,0.11856853664871451,0.0885248192878848,0.10731425509538263,0.21264931718783645,0.04320144602844267
0.09521213361944901,0.12786957782909125,0.10322797203359768,0.07541791350996348,0.11762549165048376,0.09705131407253703,0.0807390173736815,0.18590039789726984,0.11695618201392645
0.1144368634775761,0.11588990248996117,0.07431130813019159,0.14518747694317552,0.10836845695572983,0.0771836699798925,0.1943617624428248,0.12903121733917303,0.04122934224147545
0.010665359004798524,0.0974675950857916,0.29351596635703264,0.2500966193999958,0.08406596739829524,0.05398168185255284,0.06778036530397234,0.10613120207978538,0.03629524351777574
0.12849004885966853,0.11728271763346608,0.184126202720479,0.017628193985274928,0.09807670143961851,0.11336562887469777,0.17180203168083716,0.09736680164270628,0.07186167316325183
0.043439841489193776,0.13130148075891215,0.1383817848938024,0.06070743160258857,0.13460902180593348,0.12197970255871045,0.08753814416169452,0.1409060140514259,0.1411365786777388
0.1232848680312774,0.11323875328277179,0.03911572957651664,0.0674762380599372,0.1347707813323961,0.10969210726639766,0.1045511671183149,0.19872821167923863,0.10914214365314974
0.164640250862047,0.12118046340670054,0.19363491247251818,0.05097235152067494,0.12421390640980766,0.07545757685632774,0.08901371045448288,0.13165383848630788,0.049232989531133066
0.09945980600994057,0.08362493175340864,0.17631368563292082,0.03973759757697461,0.06780057749581872,0.07242189502320374,0.3452366164645899,0.08054632216204584,0.03485856788109717
0.05184930927341105,0.1129229223891088,0.0530240713813098,0.040640644310623,0.1036886910881951,0.07393443681537562,0.09932296086164434,0.16921952151546626,0.29539744236486604
0.04493517932766066,0.10357936338834255,0.08140775890400337,0.06435798990588842,0.1031958429540185,0.1381715803611818,0.21382130324711368,0.08516259176237083,0.1653683901494202
0.0907415579012462,0.0796340875612185,0.0693586248955357,0.08289497342524828,0.10470178578718649,0.20986278471086425,0.15710827760976817,0.060284561248306084,0.14541334686062632
0.09648190224383697,0.1596212130814599,0.12225824030971477,0.038659852998251594,0.14987315337653478,0.08655084692214236,0.10711869136781123,0.1088147912716853,0.1306213084285631
0.06645588765948185,0.0883921711732696,0.39539480791479725,0.05199233690997048,0.08485494283364221,0.11259651194793163,0.0481990920532922,0.06588755564822357,0.08622669385939123
0.09334130331386063,0.11481623827475433,0.06918847889291002,0.0801110615811309,0.11831437227518639,0.10112656050690359,0.17582413326864352,0.17700454493569628,0.07027330695091429
0.07856055850692457,0.11593156641019244,0.11887259623934791,0.10947341159994368,0.1374629136409003,0.1043358239506756,0.15965670492838105,0.10983662717589676,0.06586979754773765
0.1402601670531592,0.12113619578566014,0.11204995061513323,0.04443043278284268,0.11869438246363732,0.20048167634237632,0.05813249336362141,0.14161889830047097,0.06319580329309878
0.20482475872474093,0.09140527325048224,0.1756103928195525,0.03483004269737785,0.12553621155170872,0.07194341833032035,0.1916573572876059,0.059632402142608676,0.04456014319560289
0.06482294913117002,0.10254979390005979,0.07158796420260648,0.07711870259631148,0.10081225649335485,0.11840813890363051,0.09439694348266207,0.19671065251815714,0.1735925987720476
0.08561846231968633,0.10265442397080825,0.35648996778098363,0.05896821768838776,0.1219288837935627,0.0772800555152773,0.06787249965933219,0.08906050031284134,0.04012698895912053
0.14480730195510713,0.11986844014458682,0.07669473744055079,0.09211841089705662,0.1512304291053065,0.11353110032698081,0.08894188369503903,0.17370890706159478,0.03909878937377758
0.13349718307541406,0.10716683350278701,0.15923284967404713,0.09366449105795345,0.14291412448091045,0.07817983713232975,0.06902453769486516,0.12355980326170289,0.09276034011999013
0.03161195002201688,0.11355503697814623,0.2680082246053988,0.161668418899308,0.07361147167560768,0.05248923930802877,0.12171805683607018,0.05672679651587598,0.12061080515954757
0.09034787011655333,0.1288480772375324,0.1620679364003852,0.0810943135294981,0.1167866649111148,0.10390327065934718,0.07125436493671916,0.1471750124179225,0.09852248979092737
0.15868507874071844,0.10273749302146146,0.13166312641865455,0.09784619436548854,0.11214097394422336,0.08247459818708376,0.14431978627281583,0.08784749255542694,0.08228525649412709
0.06110608581259863,0.10676865383828744,0.07914802356531596,0.33505445801434536,0.08549663405492415,0.06522030692790848,0.09676639988773898,0.14443120439775312,0.02600823350112789
0.2711413840526933,0.09246578977431748,0.0550915614508059,0.03162435456230011,0.1375630879451257,0.07785321385587675,0.05852722481004866,0.1685534795585022,0.10717990399032999
0.14190201168770944,0.1214363367915302,0.15534103623680184,0.06268409206252175,0.12542666799519886,0.07824697366570786,0.14805216484470643,0.10976995783246324,0.05714075888336031
0.04656950489587618,0.10693753552157287,0.041088367020329024,0.13684439262610487,0.09901037831432484,0.10766886035331213,0.08488429565855975,0.18989259374307318,0.1871040718668472
0.07937769040442384,0.11559592902907088,0.16426102579422952,0.05243423260235596,0.1528730625699945,0.10697391774470348,0.10148044604379709,0.15793403390301441,0.06906966190841025
0.1299551392583234,0.11907169749644815,0.10827259635671484,0.12251335246345847,0.12651162117976641,0.12803624668560962,0.057491609097678475,0.1739544500637561,0.034193287398244517
0.1159069067709544,0.11527044697694312,0.11074421142609159,0.047255257630973435,0.11587621026428929,0.10080352110440909,0.09795335264582022,0.1398538616867683,0.1563362314937506
0.09529962023909576,0.13447398371404062,0.08070685000962119,0.0937336658285105,0.11151305430913046,0.08836327271346185,0.06451705552395398,0.21254701770063114,0.11884547996155444
0.06470268431533525,0.12675381783916465,0.08721512605596811,0.16998135503846212,0.13249964890150473,0.07812685895202501,0.17452308870481037,0.12258987212375305,0.04360754806897663
0.06356929333174947,0.1354299373526256,0.04792455208879759,0.05718245378539847,0.15982582833433162,0.14165294738186943,0.10148331988076136,0.18214816499454742,0.11078350284991904
0.08706968519041279,0.11459147655830786,0.11110794195779838,0.04459568505625813,0.10701360617975764,0.13397614266103988,0.11182174400229965,0.1840778363847997,0.105745882009326
