0.09996998710771303,0.4282316058569909,0.08609968681069168,0.04938305469190926,0.05253660250399652,0.025253583034325244,0.09210839207783979,0.09954444556798969,0.06687264234854402
0.07184615829170977,0.02514830245638421,0.014362324993483304,0.19055100226673824,0.13026088399527305,0.22987778307911375,0.12272578447014791,0.13491516633981163,0.08031259410733814
0.06181403021156534,0.019147839369834333,0.1206080214942925,0.23044195470596854,0.10343239713167628,0.10110706166737633,0.11248189674427161,0.10323966713073536,0.14772713154427977
0.05603399234593132,0.03718685941820655,0.46459600206012514,0.09012584275910986,0.09064607712131478,0.03705240261565248,0.076313365615579,0.08090812769784485,0.06713733036623608
0.13497518439072262,0.05448754845483141,0.1523795178229237,0.1773484568266871,0.05780559307343961,0.15129037825389768,0.11544630642476626,0.09505927236767658,0.061207742385055004
0.08581948281742441,0.07887250161948456,0.16022512913145992,0.07264181801938858,0.10919871102178469,0.20369858455579046,0.09127190941163943,0.1226765124439801,0.07559535097904786
0.07016602294553043,0.003145165522561819,0.29164822789124134,0.2416999626681556,0.03874508288603946,0.09046664511043068,0.10239712476481622,0.09179764548513658,0.06993412272608787
0.172286710131204,0.23214149916015145,0.16463179088825822,0.0662281354913546,0.08087430718201884,0.0499195616848726,0.0740895883745174,0.08664384095809304,0.07318456612952992
0.16393293752650698,0.139798564472901,0.04939863272105402,0.06695877893970785,0.07640626732981072,0.10108016390295782,0.0933592562668024,0.1086776339949704,0.20038776484528886
0.14950715637748427,0.10823159637720003,0.05819062293507941,0.06352804094596361,0.07661866221868359,0.2700971383467498,0.0984678259899708,0.0988291626788138,0.07652979413005469
0.134170375959863,0.07374777323724545,0.048517808852647774,0.11129772202267184,0.13272754732915074,0.14834294091055886,0.11966466099185197,0.13687971067531535,0.09465146002069501
0.1355430310545448,0.2034256325607027,0.05870987099485381,0.06886284180502793,0.03546954250700865,0.18906453361532813,0.10304327956748643,0.11963257192631027,0.0862486959687372
0.23170428934276444,0.012992455449882206,0.03224588133156211,0.08589488352374396,0.1780035069579284,0.05963256562698053,0.10810545281748148,0.12569624992747777,0.1657247150221791
0.1534554523419834,0.05264224352012418,0.04859355226340125,0.09454110375296239,0.17124082092509488,0.11232235381730206,0.08948566737058426,0.14009660400981971,0.13762220199872788
0.04347632566316025,0.07070113847357094,0.07066657649901008,0.06706833036470271,0.14295657204695042,0.2069233701151103,0.1198173880841205,0.14443811041560586,0.13395218833776895
0.10551997596975367,0.0663678681784678,0.12821562774722242,0.07458437499081379,0.09871310586791172,0.2823869580878227,0.07849099731077813,0.09623779181758803,0.06948330002964169
0.07065221038115599,0.1630014636241314,0.0956015513907819,0.05830742492282185,0.06801106014354116,0.1932916583210977,0.09844771147038632,0.10508860467090131,0.14759831507518237
0.15927497971846674,0.010601481768706863,0.11020003562078452,0.0769976649063894,0.09181873954223267,0.0653258282004649,0.11135873872595148,0.11873977257637108,0.2556827589406324
0.12443363935231803,0.07558278603866299,0.1090603478215848,0.0929295678576967,0.10165648555680089,0.07789121292459102,0.13956350822251565,0.1392743432766802,0.1396081089491497
0.0657418880538169,0.018853869322960046,0.231327834937029,0.16665149822272415,0.059319431590611905,0.20099060512014624,0.09387253541562056,0.099605967721264,0.06363636961582725
0.0940785764216205,0.06016928168964538,0.12754100917539096,0.08915290039297974,0.06616457380019915,0.1995424683486525,0.09790747223655699,0.13872172804930963,0.12672198988564512
0.09423651159451552,0.05388397535602032,0.13180912285275115,0.08138345390480518,0.09568100774805081,0.17965681849852486,0.11978688765356615,0.138129708452323,0.10543251393944301
0.17272514667671302,0.01629632096928747,0.13209098022743412,0.056156085936366916,0.1518214086382956,0.2251904014170134,0.07879173087208353,0.09657961653304763,0.07034830872975832
0.1059397252576006,0.02835121907917576,0.028146121828567128,0.18535816369131322,0.14460372346195866,0.14355823130871703,0.0993752668379108,0.1364275839818818,0.12823996455287504
0.10183934341426353,0.49976980609503535,0.0984453622468866,0.04024313907914855,0.053763769808736005,0.013902067378349503,0.06548777878617258,0.07133400490931198,0.055214728282096004
0.07226175037615176,0.02061102134325784,0.1832116917073168,0.2633827423707924,0.0537438577903529,0.08456193291130898,0.10582806315305891,0.08511717643492184,0.1312817639128386
0.08561623731134937,0.008685862946287997,0.056724865244060056,0.19045125925686127,0.12227704632885351,0.19526579872948546,0.11624290538013604,0.14016097132416983,0.0845750534787964
0.05666471477562488,0.033427580532862884,0.39436092252882576,0.03908210281748931,0.05694208955204796,0.10681862436898386,0.09456426253026301,0.07403697776077085,0.14410272513313158
0.0606478324607195,0.3735180758972372,0.32247300309552146,0.030963380830446086,0.030141632267428425,0.016303774798186503,0.049513811307987134,0.06571799875020422,0.050720490592269483
0.08780006545616859,0.006571159867107302,0.01829732778082944,0.26695015160373925,0.07712616649106593,0.2660821013968387,0.09808555285753438,0.10904310000349153,0.07004437454322479
0.11450016227511044,0.10745694420615488,0.41074398614914664,0.06556454282381995,0.05110111752493965,0.02951145269760029,0.07315074402639006,0.08399403413145996,0.0639770161653782
0.07541917401728308,0.2310171862707483,0.0750807671731822,0.07156753210590212,0.11734990749555624,0.15924203057912242,0.07899444024303508,0.10592282877173924,0.08540613334343133
0.08333421139159886,0.01204724728360996,0.3446383548344982,0.06814790793030305,0.07638959466741342,0.13111936521730866,0.099035383485709,0.10210158978671857,0.0831863454028403
0.22123706203512783,0.2164798393816608,0.07691960137357483,0.05247004080448439,0.10112083745984195,0.08794186270931692,0.09086381713037567,0.08215357590982254,0.07081336319579508
0.06713209498360709,0.02149345526689245,0.08587581596872625,0.1291229064322437,0.11127376352227103,0.27608423885373773,0.09857762023537929,0.12318105320175725,0.0872590515353852
0.07222318075412805,0.006027543183741803,0.4381269245668074,0.10989522853692098,0.04279392140434388,0.11220954628083984,0.08480260500510357,0.07839495758071333,0.0555260926874011
0.08663841345338313,0.049353676254007654,0.08993941425448014,0.12040367347410748,0.12165850524342185,0.15410300332857563,0.11915084060245947,0.15042200046150225,0.10833047292806247
0.10841726984924178,0.043056005297606316,0.046612415088404885,0.12721631645257334,0.15831114986613953,0.049500665016781444,0.16542053273621413,0.14098858401093886,0.16047706168209974
0.28139178833080003,0.01719788394591912,0.11161181348480921,0.0857125067976665,0.08859288924652686,0.04516634882887699,0.10917321910021177,0.12011355292594324,0.1410399973392462
0.10509343333563288,0.12666194882850984,0.03636860313409279,0.24012477945276497,0.0695779561635028,0.07068873751912143,0.13038345641833615,0.12000548112191352,0.1010956040261256
0.1763157096220115,0.10693994893123288,0.06959731566759055,0.08453909561434982,0.1289309096719542,0.08420888469486465,0.12912629656064928,0.1171504769621763,0.10319136227517084
0.2713923426599116,0.15921717385769021,0.030107960554755814,0.10956822999363382,0.0531328336357726,0.06894696129843333,0.11193074515650474,0.1214055882764347,0.07429816456686318
0.08109964789281746,0.06928744847232353,0.07119186586308829,0.06695548055207706,0.21819435456339276,0.11335275211237268,0.1386826469110425,0.13568297300070756,0.10555283063217812
0.1857643805278888,0.18744809589115952,0.04161754405119438,0.06292830499549439,0.08657280138447772,0.18953866335425973,0.08374305639591134,0.09707655863479166,0.06531059476482248
0.07850234147698192,0.024221897162094556,0.17016039581550257,0.09922332803069445,0.13350404335754476,0.0992652822305606,0.10651349141612843,0.14508521611506076,0.143524004395432
0.1546537374897564,0.03550488876656178,0.05510821281722969,0.08055849455733888,0.1869236975668939,0.14425697813671637,0.11124589147258131,0.12952030917896215,0.10222779001395954
0.0947652750506706,0.4214047280196967,0.11227601127734156,0.05576941273729763,0.07428898175560748,0.04077748097782707,0.06726695651709681,0.07925666376429834,0.05419448990016368
0.06831180585425473,0.018372838393678786,0.07079331712188383,0.1780291635938537,0.25921904438203164,0.07941911082711943,0.11164028369229377,0.12773140318810916,0.08648303294677488
0.04218170458586005,0.032989005985140325,0.4600847651463442,0.18941234874753557,0.09667450250598347,0.020464580684865733,0.0636836785069299,0.055781196351799095,0.038728217485541595
0.14493522388546817,0.012036474981797968,0.027049729430467327,0.08395278980088379,0.1631927611238764,0.19937166758900235,0.1479776412261913,0.13516045547935712,0.08632325648295558
0.18912689454515996,0.24990939435749562,0.25909756944674206,0.04513430285954743,0.024427276386175673,0.06710206813673454,0.05603799810505703,0.063102207162412,0.04606228900067566
0.08511415248578132,0.07062108797768901,0.09508744350639209,0.07638471595105951,0.1437107828949227,0.11619730115118176,0.1300811299743024,0.14061798535371525,0.14218540070495586
0.05431755983064232,0.05686330689000124,0.027783439634233662,0.16078213284536944,0.10825904305088487,0.21589225084444705,0.11439058752355302,0.12577796089223328,0.13593371848863514
0.18194076617560892,0.047667416912720494,0.15761838933851188,0.06345612148628826,0.1446352614716831,0.11678813279406307,0.10293894801071816,0.10634998662013727,0.07860497719026899
0.11447494382238484,0.01963314853969186,0.2841401408888385,0.0822559532764167,0.06483948857216516,0.09153490756833775,0.10309138211395728,0.12532092536010198,0.11470910985810596
0.14394386783321234,0.028438830071607368,0.2805603507932706,0.09877216681347172,0.15695542470080526,0.034352661962407556,0.07719705735128728,0.1115681829631825,0.06821145751075537
0.3141655724095688,0.046196954822566506,0.054575316594981216,0.09124917956744678,0.1223954600664089,0.0671164691008486,0.11018459107552181,0.10855090979586485,0.0855655465667925
0.10753101807024641,0.010069510906973913,0.15232005575193794,0.09939672240657195,0.13046985106941275,0.12487263620619797,0.11408609644663303,0.1348316746304624,0.1264224345115636
0.10005297091502624,0.012680959248501636,0.2900162652413553,0.06169782391379203,0.06544474092833107,0.17071279323418684,0.10383366448205134,0.10564488796495815,0.0899158940717974
0.04540768120642799,0.21102481088895367,0.10465691308392185,0.14286840353702496,0.09716505112711649,0.11199223686455684,0.10279876680752387,0.10431865350848686,0.0797674829759874
0.08729839265006972,0.14760063031264356,0.09973134491592979,0.05846536411431002,0.05877134787819327,0.02426119621259243,0.1522727687283674,0.17689378623607674,0.194705168951817
0.15931288931107332,0.01856950277350227,0.28960190329624863,0.11426190958699593,0.09750642453759113,0.06685757346728587,0.09627313960768945,0.09941993527962867,0.058196722139984815
0.23736311805501753,0.025681356387896283,0.2934216295987746,0.06590567763375897,0.036429604703665,0.07796951806138697,0.07205982439341597,0.0770511928531241,0.11411807831296049
0.0649628451108017,0.02628756203904692,0.3252293251728923,0.059141216170362935,0.10372521064992501,0.09618036543457785,0.11641037880235432,0.10982992152910087,0.09823317509093808
0.10627853342266269,0.010164857249720815,0.25126215213813036,0.05499468122215054,0.11733850480675574,0.08068204867187326,0.08748619423910507,0.13765578439433945,0.15413724385526215
0.11098762414007363,0.25215572688236365,0.16073536381048792,0.025834702645264357,0.07851997180822051,0.06060395794451414,0.08078569003329845,0.11425337898981613,0.11612358374596127
0.06801058524890179,0.06821561781187015,0.12237797901564267,0.07351822324079252,0.22980503181257475,0.049196345095920156,0.12438161016207418,0.1331533733367348,0.13134123427548908
0.05346800238313437,0.00818914935774316,0.14814217453088768,0.06104837445088762,0.09517513430446863,0.29587263470556086,0.07833518898165402,0.09841024251598761,0.1613590987696761
0.07672625997418171,0.005363011476464476,0.3130862732240403,0.11707556885443654,0.08050054603370783,0.0788336966434396,0.0784445863284358,0.1025456950270766,0.14742436243821708
0.11626140103580591,0.0657404086017827,0.16324334288254636,0.04590159346356898,0.19964580885252947,0.13670913393986864,0.08687257380144771,0.0980620350356064,0.0875637023868438
0.07054278190524912,0.09505277799709326,0.04893526535744219,0.08332593435677549,0.18655986660823723,0.15002954706008548,0.12880618437102956,0.1275386354636313,0.10920900688045622
0.08982485878154535,0.06524975196957736,0.08759780885515035,0.0848405214092613,0.15400285608565253,0.13929990141095647,0.13616776313835355,0.14637852723272785,0.09663801111677534
0.08542103549673909,0.041017311357001256,0.03299113853923818,0.22933645865297705,0.06602967032052127,0.15559951119433169,0.13540377647305293,0.14413317688230964,0.11006792108382889
0.12089390611444477,0.04135313310461869,0.037156394401228865,0.107389156635597,0.2622923344001841,0.05262847323888548,0.13694561995300228,0.1393533173777057,0.10198766477433314
0.07621578745561815,0.022456816729903673,0.02700645522535154,0.17472817319706155,0.18651051058260026,0.1907675097558111,0.11184784662480023,0.1200929993678056,0.09037390106104792
0.1105007322039082,0.09404231962419228,0.08622744873278942,0.1905273449562862,0.07365296268202323,0.14620385768888328,0.11578480721381912,0.11567589614836853,0.06738463074972974
0.09465664281595716,0.023306464547005783,0.1708097623039819,0.18245189243676918,0.11281368228171819,0.09032435596675122,0.09449088091125803,0.09059394147188508,0.1405523772646734
0.18971064055835293,0.02650567036447132,0.04510350299899857,0.11763947041128163,0.12189765262881003,0.1564561710536394,0.109827119397654,0.12610324462248276,0.10675652796430934
0.11240387371321857,0.027406484835753,0.0807089411981306,0.12014127040778687,0.10915321484924496,0.16190093487069648,0.11980971142441177,0.15142335613815142,0.11705221256260634
0.11429383400206809,0.029888317039250017,0.07347408031338308,0.07841013294402767,0.09248496341449418,0.26372562233542757,0.12987714022650934,0.13036620905383026,0.08747970067100985
0.11927096588162873,0.10829329568400026,0.16031517721597238,0.06917903361982676,0.11931978081468698,0.05626537526194942,0.08892282055573959,0.1331033156614004,0.14533023530479544
0.11350357417190232,0.027766814717945145,0.07045326581208634,0.10577439228104686,0.1115758130898491,0.07034174145472603,0.12932444769896811,0.15393209402329278,0.21732785675018332
0.09779575658715438,0.010093546995977936,0.07071247829230799,0.19991806630655448,0.09319885205454244,0.2408067661611444,0.08944566940810732,0.09828750964676763,0.09974135454744337
0.06698409384187261,0.019971589853488972,0.06635948045695875,0.10700964719725962,0.2062572040667706,0.18211808739612154,0.12211805424797284,0.13929503803558418,0.08988680490397095
0.05614063630201777,0.20707670284614468,0.04595177212054746,0.0972918661494796,0.13108870276218268,0.14125743268041815,0.11190898743598886,0.12264430341889347,0.08663959628432728
0.04152812119299768,0.01992521766792377,0.02456591588753879,0.3095690977018732,0.09425387997912071,0.22161921552746697,0.10429021403503479,0.12315834133065207,0.06108999667739202
0.05934188398129017,0.3503049582766986,0.2771304099899096,0.041474879696336515,0.07399734922802838,0.036375748802765936,0.0512160176038399,0.06760970198420001,0.042549050436930885
0.05579307975616276,0.022078035425184047,0.3302121891389027,0.08726460318445456,0.05827642432274205,0.15558063880388343,0.1012219593915954,0.08104300298769167,0.10853006698938338
0.12070522010974083,0.27563449420091196,0.029633469341411436,0.06495744621732114,0.07869886814367678,0.05503347854635391,0.11318963337130128,0.08996099705700959,0.1721863930122731
0.06742389181386305,0.019920750457906373,0.0510801926977906,0.12923670999744782,0.14599375673384404,0.11021520161254716,0.11504833490269895,0.13196749100020508,0.2291136707836969
0.07912066191065087,0.014632705913195251,0.02379139321950036,0.22950926292262816,0.17612248378174278,0.15438075559950723,0.11357737907949673,0.11603149803520803,0.09283385953807051
0.08293540454095676,0.066879796844532,0.016312051723140295,0.15300324153487085,0.07879061512153353,0.2090418832973188,0.12139087734082389,0.13269343145107715,0.13895269814574665
0.20358565453324698,0.0766346494144682,0.20280681650325594,0.17057791141456566,0.03587799191219403,0.0714907976330101,0.0894150975694689,0.09081876730727483,0.058792313712515344
0.10286595531376357,0.10831817946636368,0.13290912019525628,0.11868623118664741,0.11957561659394363,0.1289222974221025,0.09737675199469283,0.10990912294416494,0.08143672488306512
0.07008390795585881,0.02424092941669609,0.12368807617858296,0.08583723286919276,0.15363634267137008,0.2728844090363361,0.10409395134996513,0.10118551810727051,0.06434963241472759
0.08690449612285767,0.2087649767941191,0.046211096587451546,0.08252515569146808,0.13801400134601002,0.06781778143528176,0.08924127258017762,0.09168247168397975,0.1888387477586544
0.06133644767900801,0.14768018891580814,0.25531300680046143,0.15716504334275397,0.05324990201034956,0.023981873127688565,0.08417713569771611,0.08409911189584109,0.1329972905303731
0.08917773087556853,0.27206753123579114,0.05625190153251541,0.0494101820329596,0.108751979179066,0.04689288881726153,0.11597839641994195,0.12422315501676134,0.13724623489013446
0.09771437750561807,0.019366618608175897,0.30974906950546915,0.07353714555823,0.0833594457730159,0.06855872861562719,0.0762305842512576,0.10500422575606867,0.1664798044265375
0.07223979877233787,0.11043235184817841,0.28740780007902084,0.06041233585068134,0.11916433861930348,0.05293819361957977,0.07018648982658413,0.11138049862290299,0.11583819276141123
0.08938405694730041,0.04703307287180044,0.02052987020440461,0.21391305531799862,0.13071003938035644,0.1711816836220815,0.10640010076418464,0.13224806394733588,0.0886000569445375
0.1272722582768204,0.06904320608319721,0.2554798582515176,0.06814629910076926,0.06811992599095172,0.12733310622841998,0.09868875466598663,0.09902831105610177,0.08688828034623541
0.11390391787138164,0.2584224379106084,0.3493795809033962,0.08207890387209915,0.04049901327287,0.018731556442318952,0.05154462425709779,0.05054505865626315,0.03489490681396474
0.08840516038711842,0.007288244049627306,0.34839586780460086,0.08610525451506666,0.08815724979075536,0.08129238189691936,0.09562406322960311,0.08486105206117474,0.11987072626513413
0.09552504545788348,0.034422667388138255,0.05173044848750794,0.1366569283210776,0.19040982675947796,0.047153158424219875,0.15054883722950144,0.13876924067136695,0.15478384726082653
0.15112755677354572,0.03174006262894618,0.10270311597117353,0.10228003694229425,0.15784419364535404,0.054237955338606376,0.1450085986812882,0.14878738831694385,0.10627109170184786
0.09370102583716174,0.07580583918143959,0.13323163095769372,0.06841658504249305,0.09968032780117224,0.10802856499541291,0.14877699698027266,0.12396547395127229,0.14839355525308182
0.14295544478432673,0.08408931336030005,0.1535735580945278,0.07907903787751176,0.14396272518309738,0.08344571024569804,0.10699507091430549,0.12363252854658545,0.08226661099364736
0.03187544094792114,0.06201412132366763,0.019375715790841363,0.16186322196285957,0.13248681919238078,0.05713431593637633,0.13593344842489533,0.14618703548125658,0.2531298809398012
0.24263844026971404,0.07894849178272197,0.06939612270626194,0.12896039494910638,0.08395602526484347,0.056284997993973886,0.11178271299169718,0.11341254745990577,0.11462026658177543
0.16766494348824693,0.15334556278383973,0.053947630147519805,0.06753574005443026,0.13975351703825645,0.10941735508564486,0.109611615284757,0.11475298595393918,0.0839706501633658
0.042621667191421526,0.45130155336202055,0.02544247711472607,0.06867455898901272,0.07249875739815273,0.07554087218268375,0.09432335025290349,0.09840468213965504,0.07119208136942408
0.0903450868140852,0.010162720454855105,0.16772864627781323,0.2509775447664728,0.05663948372042021,0.10250972707934254,0.12853726429472825,0.09200248692160541,0.10109703967067714
0.10863087126106637,0.01963048513933257,0.10208875277599543,0.15444547824285515,0.14450210849018633,0.10008439886360304,0.1230612173373384,0.1344880132345595,0.11306867465506325
0.10449878437173317,0.06273298018809807,0.13832570062273133,0.07789220633271456,0.1161694041636096,0.10734625671751309,0.11097474782800197,0.11660924125123295,0.16545067852436524
0.05177252123583017,0.04328326488369052,0.33825858449733653,0.07943637022050944,0.10588271154970441,0.07551229493604061,0.08790272748406142,0.11168886324880527,0.10626266194402158
0.04777200248615876,0.24861433243770792,0.04457771593217621,0.11563000101597022,0.08251332464382026,0.10566241413578377,0.11470413290024806,0.10569612330788418,0.1348299531402507
0.13034965947554297,0.07835390666501545,0.12396615699385378,0.08267306747760177,0.14571988133845157,0.09933845371005223,0.13773280310476615,0.12268958286263125,0.07917648837208484
0.1453502771548906,0.0165318852407863,0.16270749441773533,0.05606492758938631,0.19629097492064007,0.11130842167006309,0.11417757538206559,0.11090053400719684,0.08666790961723597
0.07482602934757836,0.00931831303154528,0.026112656738501633,0.18361477899792544,0.06638969028909925,0.32177712333429986,0.09793015761252916,0.11051781488975514,0.10951343575876593
0.11421174141639034,0.055000120033079934,0.1154091681258111,0.10231323532479214,0.11331331585050423,0.14090937282744143,0.13104268707526104,0.14372582962583666,0.08407452972088308
0.16604466191102704,0.2738297387418048,0.04838613740324921,0.10195846978012235,0.06312645935586379,0.0515533784589877,0.08373202072704462,0.1012028951938561,0.1101662384280444
0.09327698824577658,0.15757342759965767,0.03153739871456925,0.12804041034931177,0.13668335405352597,0.07254834216351802,0.13369771643807574,0.10494348906479244,0.14169887337077255
0.061215505501414906,0.03391108623791952,0.2952238389101565,0.07788752016631295,0.1421861869061959,0.10082986800531031,0.08147255011649852,0.10514649920467019,0.1021269449515212
0.1107219830478046,0.114286429807535,0.14533700703766328,0.05931566106568257,0.05550180885119782,0.19972946070284903,0.11946777628830722,0.09693820137204634,0.09870167182691413
0.06921217958208327,0.04719851247967566,0.3746950575497003,0.11844366261969909,0.07853193906505683,0.0912725547566715,0.07181794943163874,0.08849666536844698,0.06033147914702764
0.07183315495705185,0.02867164798152171,0.36624712972277834,0.13618637891510818,0.06153334374869879,0.06085341894359272,0.0915331158107602,0.11078884874538025,0.07235296117510796
0.07843999623434308,0.06768656171659553,0.11317451833036148,0.09728007055299569,0.1561337701294722,0.09785388787343456,0.14874883431769706,0.1347462576883023,0.10593610315679812
0.09730226226857945,0.0037619491245641126,0.03366564527875077,0.1623827615468329,0.09151258821554253,0.18404680675669485,0.10541885133824876,0.1362268649378006,0.18568227053298594
0.027932829144022456,0.15853379029657533,0.43825473288909667,0.09912826398464193,0.03345592994180676,0.02701122793575424,0.09404668435137498,0.07252609562774413,0.04911044582898344
0.06083479498036107,0.4518511795147235,0.1502338871737962,0.07039596123155613,0.037658322049541136,0.012477608430508316,0.08464709569381472,0.07008664228541454,0.06181450864028452
0.11326444029251286,0.028827168101417732,0.09125768950421559,0.14512753707196782,0.16535539044399067,0.047239387641925173,0.12119156594697579,0.11589084259136569,0.17184597840562868
0.08755077471079592,0.018541201231365503,0.05227358735497001,0.1465786753973279,0.19872308487220805,0.1740195020868199,0.10357466801024162,0.13026626138021238,0.08847224495605864
0.272088209385348,0.014746524207482828,0.027213173103104785,0.15270673341135024,0.07885275729275588,0.17724617491289998,0.09689324787908889,0.11174359407334261,0.06850958573462683
0.09121257309139325,0.0042368548461949405,0.06991849803629008,0.1814747924652772,0.17049400611260845,0.197454928924947,0.07933110713991588,0.130681235629269,0.0751960037541041
0.21804245279964726,0.08778758133335361,0.09799736484765054,0.16568443309663247,0.0477391708259002,0.03811406753017169,0.1600562583060939,0.1137220187760709,0.07085665248447949
0.06554776093353451,0.12525369678440246,0.12817669353812275,0.12888395367856062,0.16425445417374465,0.07507637770803727,0.09774833355042156,0.10367818717283968,0.11138054246033653
0.09911730133408019,0.1270215267226202,0.02116307376508304,0.176981801989053,0.07955742367864022,0.12137665070871613,0.13133541661622405,0.12120320039690352,0.12224360478867964
0.043044016147425784,0.07309129035116012,0.19811726924122888,0.0706971014952486,0.14047232208094712,0.1071335461009945,0.10829709426772059,0.11600636194403206,0.14314099837124233
0.0804323440620533,0.07110100002061952,0.03331230742562267,0.3206211604337352,0.06774721733447439,0.07611929676201655,0.14022205444142974,0.1371851501081573,0.07325946941189136
0.07968458019049418,0.061082469744715075,0.06633791734932819,0.20958838181183667,0.05209233442416016,0.11947483244098694,0.09796996748559907,0.11254881737676559,0.20122069917611407
0.05872943301474914,0.35720563035139147,0.06256263597238554,0.07469303337220523,0.13386874214901892,0.05813578543847497,0.09963889852122514,0.08765256874266843,0.0675132724378812
0.14195835235809526,0.01279419664503878,0.056908329312401834,0.10290115829507841,0.18267900827738304,0.078255046235243,0.13262410978464131,0.14655816206428887,0.14532163702782952
0.12072623569414113,0.1555124084910474,0.27071110121360303,0.060795286347523216,0.1039669310598913,0.028954425147416706,0.09546565853515421,0.09875659839231983,0.06511135511890313
0.144439219085371,0.01437721884676682,0.2911641407724099,0.041078160268224445,0.05207930137097,0.15771174999240375,0.08470285965446066,0.10046089768524585,0.11398645232414766
0.24436257317759424,0.0696092519704289,0.010488324384390435,0.17559937708352633,0.09087888208321705,0.11625074837626319,0.0924726706623011,0.11605142985171457,0.08428674241056411
0.10754932325256511,0.12253986908746979,0.2458592148533237,0.0843082720215188,0.11725464512686505,0.04874723937654063,0.08333926501631389,0.11189825216048938,0.07850391910491361
0.23308844207474957,0.15403884865885029,0.16986805172842576,0.08709251461322075,0.07374724209078116,0.053229573358776296,0.07804531422963827,0.08043075428091888,0.07045925896463896
0.08002297630625038,0.05985963830537799,0.38640165002662225,0.10027783008495299,0.08626463962131653,0.05815394994986659,0.06767586354272194,0.08259855542911837,0.07874489673377309
0.07453209668667755,0.03188890486897376,0.02087327851933445,0.21783613693713166,0.15533104333317413,0.14550837655120377,0.12231323667710074,0.13190529672170853,0.09981162970469547
0.1356189076013798,0.08331264937976773,0.05061186321817699,0.0975511083514017,0.13797749439431353,0.0890131302524818,0.14608726660402585,0.14350836227506666,0.11631921792338591
0.11148826796863892,0.054009602992907024,0.15874935245156965,0.05982351370422024,0.15620855653150614,0.05270829723983451,0.13921293570139004,0.11289960179701057,0.1548998716129229
0.10181741796887576,0.04101686494183628,0.12451095026362584,0.05671214658828494,0.14811857395242806,0.13409008000759665,0.09830095448760995,0.10811396247831785,0.18731904931142465
0.11641497769165228,0.2069710081915491,0.08240185583631075,0.3000161502573694,0.05634752361656084,0.03757051973977797,0.05921439656307081,0.08509820522658805,0.05596536287712089
0.104097434195119,0.11581179233073764,0.0993989976909555,0.05529453952843605,0.10766231055927655,0.11889268512254929,0.12468003373832404,0.10909498061641067,0.16506722621819125
0.04862781796343221,0.18255161765817118,0.3282677100608116,0.11699378941291909,0.0747898919547041,0.03899920634625904,0.051334122054245666,0.07045918836561187,0.08797665618384527
0.139664439420354,0.014152564989308706,0.06989658786175493,0.08275658994184833,0.1470553964163637,0.17050971929884062,0.09874704193381884,0.13358649221706065,0.14363116792065023
0.0812172725277601,0.05561179083573272,0.03858297427069469,0.1310356561221253,0.10056563337390118,0.2609476016799377,0.12837083498348836,0.11648696703468868,0.0871812691716712
0.15619069198543092,0.2533183489792012,0.16410708851224795,0.07041251147383645,0.05203869346616382,0.06942960857702374,0.0682332142809432,0.08146209222472989,0.08480775050042288
0.07639852736550425,0.010403340941666613,0.04742637274888569,0.20852573631643767,0.19139271271290678,0.1346041016598776,0.1159753854147803,0.12969570881538647,0.08557811402455473
0.0743453837488904,0.07091989701492328,0.11825576943223026,0.07502282560532626,0.145458952167107,0.1547463159993443,0.11608130900675967,0.12436956425930024,0.12079998276611857
0.05382881019349272,0.038744702269665914,0.03670316246556955,0.10773260184396123,0.15962723420855446,0.2525719602760648,0.10131089348653642,0.11793290682206307,0.13154772843409177
0.0663474512743678,0.02865097615221206,0.02290047046244785,0.10537594998613341,0.12318379684417098,0.27918788733122907,0.13011968262930879,0.1311041406524761,0.11312964466765396
0.13802203014692646,0.05123637448881774,0.15521662324456384,0.07429922059401546,0.1695953337962444,0.09811836339583864,0.098516968969292,0.11221046766748988,0.10278461769681167
0.05048883593532582,0.008698681886571342,0.01840015204417509,0.32837755868767055,0.18023380713571077,0.04885322150103455,0.12519220566949013,0.1182500537134647,0.12150548342655702
0.10545973955066584,0.011513219441602962,0.04104785648989043,0.08364399228658702,0.2077695689056708,0.2052360451184981,0.11026922079536532,0.12944226966413996,0.1056180877475796
0.1478516666863248,0.017268287304554587,0.10572260596250038,0.07514274670497763,0.1389213025425368,0.1742774161580265,0.10193921720352522,0.12443344085438753,0.11444331658316649
0.04811356038478531,0.014538795717356822,0.44665208920715704,0.06875456436158557,0.151986191438892,0.050041748650893704,0.07837043234803831,0.08456746850697368,0.0569751493843175
0.0880344140918844,0.05018062406297085,0.11319663434108103,0.09994938358063683,0.12403950083249617,0.04563716044881869,0.14669032467216145,0.12414469863135724,0.20812725933859336
0.12446327035125393,0.013201191949522973,0.1823932055051851,0.1442029557143266,0.09014992795002959,0.14492771905726948,0.10668913530036704,0.12391126697082915,0.0700613272012162
0.12224226754048982,0.009352963551867889,0.06291288526353285,0.07020677760459237,0.16449298915759777,0.09440898474459447,0.1052098020350322,0.16447899032218027,0.20669433978011234
0.1003601571652799,0.028138812528433612,0.14322255725982416,0.12795903216721846,0.10700394965721217,0.18086883206715756,0.12323955746400454,0.10651473537746442,0.08269236631340511
0.24542819039170247,0.01746429184488092,0.2320818166886357,0.046449244521423516,0.07718376523836391,0.09061002929913697,0.07902220502980496,0.0904873265941288,0.12127313039192268
0.12135554842184171,0.06596706782401744,0.06160413755825341,0.1467992184012679,0.09205372434700694,0.12401854928306587,0.12014337106003285,0.12888304155613714,0.13917534154837682
0.09219847010904852,0.1023243524874455,0.1584915907592659,0.09206100852279327,0.14945193787181577,0.05567857263051443,0.1209413735975029,0.11454394558645636,0.11430874843515743
0.10244085510732644,0.015466932550901836,0.24555422726759177,0.12252690833823927,0.055888462800056514,0.15865533985458435,0.09542949246075445,0.1009058275916505,0.10313195402889493
0.06864785025639834,0.024616562777743423,0.09224980109694982,0.20491199136221028,0.11345537027304854,0.11660431989498814,0.18064463850555387,0.12710966600995582,0.07175979982315184
0.15087856770297503,0.14875109212032203,0.14829875479786317,0.03322924669017295,0.0726888126440164,0.08105634229780169,0.09431290260751946,0.1047416177296918,0.16604266340963747
0.0826314787315019,0.04887650196290158,0.1532919396083059,0.1127763855627698,0.07918913718828043,0.17620175760328385,0.11448490676732959,0.11979613744464161,0.11275175513098534
0.10795329253860429,0.1265527586796551,0.09919328129164616,0.1474818303795599,0.14201570716115675,0.0799832910423774,0.10222694467195242,0.1129603229200994,0.08163257131494854
0.24085404861626014,0.09598198414894717,0.08135966982104666,0.11186489575484304,0.07307575919611993,0.05729707350544785,0.12706368051594052,0.09922590790945125,0.11327698053194345
0.0853628988865679,0.05266415360162072,0.06593978038819874,0.08890731327181994,0.1636181016823136,0.12480788713560827,0.13181616081842748,0.17186940073410537,0.11501430348133805
0.10058851061322137,0.06413721109809307,0.06591336085851657,0.11628655462856956,0.14291568464920215,0.043015999483316754,0.11447345380361347,0.1365269361270516,0.21614228873841532
0.1619096063563446,0.12429678056747046,0.04043597471957847,0.0704867564781084,0.17353229096478387,0.08726932943780148,0.0877954380014603,0.11795941500025546,0.13631440847419687
0.2105103610992388,0.06173973767680154,0.268571916878435,0.05885165692600069,0.03340415749982674,0.08237540688166882,0.09005664358930204,0.09228972461576908,0.10220039483295733
0.19088255554661837,0.036147418158831233,0.0438146397896625,0.0764736742122828,0.12378458162972171,0.14208161533178484,0.14115515864033457,0.13900300285630993,0.10665735383445414
0.057930389462820746,0.06675958392457737,0.3432709933398265,0.04516979385666476,0.0628446811365234,0.09384124432802203,0.10710474274250593,0.12785202672440651,0.09522654448465283
0.10094620559317695,0.014187699341897486,0.10437314361321474,0.2171654952607364,0.1001402125861801,0.10407828275968023,0.10606368274375538,0.1189674700379601,0.13407780806339872
0.10903234477280245,0.014694030407144468,0.12346851302207283,0.09853805326104355,0.16279391893989864,0.13129760826174813,0.11859090732392245,0.1159521811027301,0.12563244290863743
0.12058412691668519,0.007293790528933124,0.07106497306899769,0.1764473808437382,0.07889537652984287,0.1923905541811973,0.09981801458061211,0.11815048025347823,0.13535530309651522
0.08493389927894301,0.02931091984345195,0.029738125843498695,0.12111716354744673,0.1384656007511172,0.16812990548967618,0.14482552054961434,0.15560794276853862,0.1278709219277134
0.07937162747669872,0.024461603687418648,0.030207384545506866,0.18535844913795196,0.12507990695618118,0.13239858517817424,0.1278562855691969,0.1320540378794468,0.16321211956942472
0.06109209704357787,0.09562211828475532,0.17373238503237678,0.11897109667739242,0.05671484170459615,0.11647973779203676,0.10021016985353985,0.11897685832841504,0.15820069528330982
0.07395245010103176,0.2917219805439389,0.29979093094023246,0.038199497171549725,0.06606297637551505,0.03680281787605187,0.08660344778010813,0.06441585662367268,0.04245004258789951
0.04573994847240644,0.08593485420333025,0.18362476371499592,0.07501550442615978,0.14300780286921838,0.12261492108641099,0.10045698185215594,0.08480758537924742,0.15879763799607483
0.08822886832929015,0.03414086719247946,0.24641827373352643,0.1410740341280883,0.052697782257039465,0.15773674536571305,0.12872618109934397,0.0879807727299945,0.06299647516452465
