0.3290737986897965,0.09034477532204153,0.07215909139869182,0.13023042803757487,0.08777436895876185,0.09950788292427827,0.0030355820443303152,0.057663133252984104,0.13021093937154063
0.17584747247924004,0.13490800781370385,0.060051447331767156,0.11950380859678862,0.11413587614438005,0.08646277243575347,0.01828043546143787,0.18506307540269396,0.10574710433423488
0.08178599279810926,0.1455215175965069,0.1386036816238342,0.05040430974378598,0.1162143855285071,0.13687494325204558,0.09913321960611177,0.07999388154493944,0.15146806830615975
0.10215332882073484,0.1089813116294666,0.17365604061687903,0.06829435598674705,0.11893967965534748,0.14876969522389163,0.026776700216888574,0.2088872609891154,0.04354162686092952
0.11595735157146857,0.11614788085906069,0.10493427346641689,0.03288832499752933,0.13053607260355252,0.07308441607687526,0.21255578993413057,0.11850384325693088,0.09539204723403523
0.1353292304682304,0.111616827722199,0.13170386467698136,0.0601394330684491,0.13299677403394453,0.11008236152730044,0.11090017542074478,0.09450257936963345,0.11272875371251684
0.008733908782416063,0.09258561071282616,0.14785899800972782,0.05560402025167488,0.10827157762646135,0.08994457973792862,0.27838437332938243,0.06841121426153694,0.15020571728804583
0.07434697455564888,0.12833878152594116,0.15491556707810358,0.05448245161967203,0.11126277107292133,0.15970021733971937,0.1029391171050898,0.14410490298886114,0.06990921671404271
0.036034538965915575,0.1378950320743839,0.10533991693816501,0.16335846140128635,0.14826997308543663,0.10481092655072126,0.08795065908844675,0.08009994232494543,0.13624054957069917
0.0545114564939601,0.12697899193764237,0.08544504959797831,0.2744105931528397,0.13781641937844344,0.12097984120141554,0.0406571617632008,0.10756448842351796,0.05163599805100181
0.055688699569910904,0.11254125107335596,0.13742544663406236,0.11526309557822746,0.11438230341002863,0.12302798877441996,0.05778575566821487,0.11666165952531142,0.16722379976646842
0.09974306380939336,0.10830304039266934,0.17157860592452326,0.15200082464512046,0.09213446324881998,0.07693390274618295,0.055705479919151334,0.12153268600297525,0.12206793331116393
0.03966884935067,0.09403161243679076,0.10258982554221809,0.03237840770476155,0.05411510196137004,0.07942498014809701,0.42037200553473913,0.058720769482898595,0.11869844783845475
0.13254946245854005,0.13871467020037,0.06752058920555537,0.03988993357667339,0.11172806419571762,0.13154465898877757,0.04348431486877152,0.1823187140374002,0.15224959246819422
0.0788979411390039,0.11850863416273488,0.07820327226462236,0.10049727243349589,0.07760139255339688,0.0878143279983088,0.11897578648699503,0.09967068868664636,0.23983068427479592
0.03237649128923778,0.11196729119479094,0.14367059470615454,0.08949148528350313,0.07746221456845448,0.11684639595668367,0.15159712903457825,0.18752155219865888,0.08906684576793826
0.08828148247540892,0.13760500965112743,0.0985436006294284,0.061671670684334816,0.10407365217781224,0.1956738753340804,0.03373617423290369,0.10928125822166872,0.1711332765932355
0.05300608046090783,0.1232547882184651,0.17935637805126248,0.15579883742168868,0.09663799212861961,0.11811097659460996,0.08239388342630934,0.13371070659176074,0.05773035710637627
0.011087445873606864,0.09647229163684319,0.1291102019635493,0.15316891842525734,0.09029216456130673,0.1341913107418929,0.11960253635051343,0.18229375999368683,0.08378137045334338
0.04697401129587639,0.11081283753446976,0.09159101202029152,0.025988837037812556,0.08949122284535554,0.11731247447103003,0.28002599650187804,0.10523435391373015,0.13256925437955608
0.10183220244945342,0.11217769392313533,0.15696158406702757,0.08482587034772053,0.1214371847369109,0.1040525252585454,0.0656189587717702,0.072159223267644,0.18093475717779262
0.03742269756380189,0.09773491270265393,0.06623965168247704,0.27187679800556547,0.0891465544248393,0.1124741140882413,0.01816686146775212,0.18508315352503554,0.12185525653963353
0.006812185621964364,0.11417426057252723,0.06453802448484554,0.24513445018988503,0.1007417326896169,0.09919494838936142,0.08269179103216615,0.14708915216932206,0.13962345485031133
0.27494507887504405,0.11308740419812491,0.1243453166696693,0.05237393551368936,0.08850420169683626,0.10470042142128307,0.04076704230177932,0.15664654514802587,0.04463005417554785
0.013621443036325476,0.08744071951340508,0.05804199535775446,0.1930633042668115,0.07107024651278936,0.07649573275268635,0.17516880002322946,0.06032109215958386,0.26477666637741454
0.06673396637017383,0.12315354963466328,0.09551977947924069,0.10940749022609027,0.14100313368896156,0.12605895038798945,0.060005430824711235,0.07377296468551903,0.20434473470265066
0.4185880024540172,0.093262124245254,0.11784142088688025,0.0301653605005724,0.08934254466443618,0.0734678841686553,0.03186818447328204,0.11245041154123851,0.03301406706566412
0.024127560055345384,0.09558821548751761,0.08429947641461855,0.13561854463393688,0.08015729209840934,0.10444269645390718,0.2545538005234573,0.14939068246440226,0.0718217318684055
0.34063975770569715,0.09568694612991213,0.12873655114138235,0.09778284082233396,0.08403760897042147,0.07109651221862863,0.04193163892128821,0.07396750022247052,0.06612064386786555
0.01188388463066197,0.07568540972816963,0.14920350741036922,0.33111861852473695,0.04829619663830614,0.052084669749478556,0.1598281592324821,0.06469947275259877,0.1072000813331966
0.033194199936559934,0.12605782834477966,0.14810889173325656,0.16438207779076985,0.09412176389346379,0.13691341237069074,0.04785111031798076,0.08041032549139294,0.16896039012110575
0.04401655683643119,0.12931378158960652,0.06902630718473325,0.10645893879063295,0.14258784855283213,0.14183668617395548,0.05144171111334405,0.1692618273442946,0.14605634241416984
0.1477044320569868,0.09464352149881972,0.1743711693819517,0.19228951066545594,0.07591787647347613,0.08351717433874972,0.02287176034320124,0.10047215356679086,0.10821240167456796
0.12870738594599637,0.13512843417998469,0.0920171187391497,0.09575189477336259,0.14306282326319245,0.1588966741842056,0.08123891548628229,0.07290211452238048,0.09229463890544581
0.3100158522450694,0.12697592125452375,0.10355936179653992,0.06440187224897409,0.08865315904786708,0.08016457433577821,0.018298741590288724,0.11144298017957682,0.09648753730138195
0.09449460872592813,0.12735517430052049,0.10668818178599697,0.0642013640361312,0.12081926873618148,0.10884078321842426,0.06576109855117658,0.12593080591791075,0.1859087147277302
0.06103984873884235,0.13920372722977425,0.07398724373411421,0.2655418564979441,0.10635015288947147,0.09729633542071427,0.0352155055235039,0.14781755831185117,0.07354777165378427
0.2320469389950124,0.13077535217413663,0.08524870264745914,0.05371346473045596,0.10453289033934383,0.13900983674966064,0.029677618878313494,0.09040759620571602,0.1345875992799019
0.018604487248897048,0.10134203873112069,0.19784696150862593,0.15047004502749114,0.0747545919094626,0.10901213449458184,0.15803117758786867,0.10299568163861979,0.08694288185333228
0.20313911894762515,0.11305370087131102,0.11422045059835052,0.07640158480186765,0.11000946160534876,0.12362362400024036,0.05232655085706373,0.12116897116338095,0.0860565371548117
0.02311412735547839,0.09645715270232537,0.1447985453828062,0.08459330188593193,0.14389193226266597,0.11146628277623787,0.13720781999946483,0.1223213500751388,0.1361494875599507
0.04292673187962153,0.10007054363257173,0.1425190174421094,0.1153028552520614,0.08355574649412684,0.07723798442621947,0.04964846113645821,0.16773804620897936,0.22100061352785205
0.0669145352583045,0.12061410497495968,0.08094837392848635,0.10673884257840204,0.11745229921228233,0.07855884196986838,0.16743691897557803,0.08966407431330242,0.1716720087888163
0.1393583938812981,0.10161223160500754,0.12326551871955177,0.10108081659860828,0.0835434676256689,0.15252850522276498,0.028722966237133257,0.0712643275483236,0.19862377256164357
0.03583521450580373,0.12461779365363519,0.12196755618758136,0.28903800530875795,0.08564592671292144,0.0772212473524533,0.04999421030362932,0.12169931615041533,0.09398072982480231
0.21229874541301882,0.12539090289761443,0.09427387972347662,0.07789758473365122,0.09466292637176517,0.10132509900567988,0.06118173421589945,0.17072515636154803,0.062243971277346356
0.41240149614487054,0.08763165375114829,0.12593700708439512,0.04066995790153303,0.08063150255411294,0.09419334525269583,0.025831212027955425,0.07895015414250157,0.05375367114078724
0.17598391282135759,0.14464307764686016,0.12920831667360266,0.07143681354670485,0.14887245855706188,0.0983655335538332,0.019154414397042255,0.14062748973614433,0.07170798306739308
0.11522119788131995,0.10760752500147193,0.09851363433850373,0.0614803699640604,0.11658735722060205,0.1291138702445781,0.13308326553184383,0.07844986194074974,0.15994291787687026
0.25673716626101584,0.1090488116985206,0.16917643861170337,0.08924515283005086,0.09826249956229798,0.08804157192581806,0.04049368197700751,0.09300392951799498,0.055990747615590815
0.13797846096496807,0.09861288417318831,0.24234016160331093,0.055826670451024206,0.08883412537819486,0.0745349734041489,0.02946720853428654,0.18711423843219802,0.08529127705868021
0.1089268644413534,0.09554924093546925,0.12660458089637724,0.15928093096979298,0.12911173931285705,0.05420531827251738,0.07824405346811501,0.19492800140199815,0.05314927030151958
0.015701636400694306,0.09422596931366012,0.11047893118617101,0.2683614369313044,0.06041063547745854,0.09347253323307815,0.047792099489914135,0.09511228631790151,0.21444447164981795
0.052084302776029434,0.1215000298383227,0.14528696095558244,0.0756901065547395,0.1953020122892211,0.1262792320278285,0.08765785414112652,0.0608051054114925,0.1353943960056573
0.22477102876963392,0.10405374259077364,0.12135119988428227,0.20577827871149357,0.09413487716344544,0.07242601497126713,0.015136458076795185,0.09801535128371029,0.06433304854859856
0.16765196981056363,0.12435711924743388,0.1245366501675081,0.03424434905590771,0.13328252916061947,0.10290916739129341,0.05222825302109191,0.16511980033917617,0.09567016180640565
0.3538551385655481,0.0828107742156673,0.15430383341549772,0.06447675136171088,0.09087624356254964,0.0671071880795428,0.047938173833529135,0.06221313919252319,0.07641875777343128
0.07660661955011365,0.11868461485576043,0.1336110050109632,0.057663350792169644,0.11068706255309725,0.1460890036196479,0.11259664134880536,0.10525628710669781,0.13880541516274478
0.12729269925203432,0.13601467775964482,0.0663444163861988,0.06993859177379286,0.11508689489956887,0.11788684372451645,0.13345487253935634,0.08348799178724049,0.15049301187764708
0.09599201017493646,0.11440859204266562,0.13147576555416854,0.06572077093705676,0.10861124604863055,0.13324017869998947,0.11991411364419373,0.14864926912238152,0.0819880537759774
0.033713877360073044,0.10758036490992358,0.10095451548007651,0.08270142622575838,0.08299731439731146,0.12299960129083602,0.13615325092446187,0.09226759694803122,0.2406320524635279
0.20457068604411488,0.10354391194800855,0.13206282971139885,0.03801801836429559,0.08552137099581579,0.14520830230323933,0.04948218759188864,0.13855968910164104,0.10303300393959729
0.0791498210640873,0.13079990627122584,0.11444812687705065,0.09660103075614429,0.16671239163710663,0.10252702045200786,0.039113797316671396,0.19393574770260225,0.07671215792310375
0.2322580162016085,0.10350356241121107,0.11211868518726513,0.10203867005978855,0.07371980439366226,0.06903719968596435,0.00543947693520394,0.12505776503489116,0.17682682009040496
0.008440820697018655,0.0817515964251692,0.11433949857399939,0.2991927119418805,0.07049438614804605,0.08560648655802351,0.21605207946330315,0.06164654317151488,0.06247587702104468
0.046225274328738276,0.1381195217644672,0.05910142256268072,0.256387254681838,0.13222958040684743,0.11955944787204459,0.03606618561454516,0.1302097594777695,0.08210155329106904
0.2290465599294821,0.11128671896454954,0.13370434189983246,0.09459057385037066,0.06808178213925424,0.09394038090857937,0.019464581995288235,0.15941205377504217,0.09047300653760128
0.08420517334252657,0.13179092369402992,0.05016153212225155,0.07993926900326623,0.095605115207745,0.09502986919758732,0.04683827347740029,0.2348651474549086,0.1815646965002845
0.1962606633405596,0.11979997314953379,0.08177484256203611,0.10755776936568717,0.1540907433706877,0.0882239406759449,0.09194753664632638,0.09195086077898022,0.06839367011024412
0.053284106347943394,0.11374835209876977,0.21928765970045858,0.035321500433070335,0.08042302057675076,0.1586434892915842,0.03573506847974701,0.23617295429720597,0.06738384877447001
0.07039689742162016,0.10786717157459992,0.11249855745223891,0.1501923449015121,0.09301147780890417,0.05475164340104643,0.12660555217909045,0.06360181743226374,0.2210745378287241
0.06827807624794896,0.12714076700041546,0.0723953819800819,0.03170906220153146,0.13097582948342576,0.09561320240935839,0.12829239316799979,0.1995857735376494,0.14600951397158887
0.0375241898328444,0.10609149156989522,0.18558516446302187,0.066413362550218,0.07021892549123368,0.15779765849053587,0.1263159179337454,0.14383634623654487,0.1062169434319608
0.1909068240583357,0.1254331438925424,0.09477255666323187,0.03252544626503107,0.12690604106043096,0.1363538212659073,0.014840042596746232,0.12136969880156719,0.1568924253962074
0.06200140320721333,0.10036511129560621,0.10921885985165684,0.1668422615959725,0.054658821407748526,0.1262430413091716,0.06296832046056244,0.09840550699702566,0.2192966738750428
0.12498880355349629,0.1395369225225769,0.12082975267765826,0.07550228322655236,0.13022777662884052,0.14214579908002598,0.03766520996104402,0.08090452593603317,0.14819892641377247
0.19421359289445517,0.12458850576094099,0.16524516398827896,0.07032339833232558,0.11744606791492196,0.10224474850189606,0.013024840954121398,0.17379401959075316,0.03911966206230663
0.03347744463217627,0.10932788270094344,0.09689674340856365,0.19395282145764944,0.07407009371754225,0.09459303716334067,0.08076943278119787,0.06111796042516924,0.2557945837134172
0.069702349951952,0.11126465317643515,0.11318333779173541,0.21044615431125346,0.12080586890293854,0.12182384890152688,0.0434517452756521,0.1435892839965925,0.06573275769191401
0.18959274198226098,0.10866508962919574,0.1493460885545933,0.1079083336442276,0.14349912506523274,0.12811018782269465,0.026865047653422774,0.09143867024681974,0.0545747154015524
0.031800939191335725,0.10843381186004136,0.11317352202261287,0.020678556854229983,0.062002436600769005,0.17341110302040738,0.17948390401827505,0.2073622137180773,0.10365351271425131
0.05570422407638256,0.12487810525595895,0.13650244106771725,0.08179605677805192,0.10548212043147398,0.13410120310193185,0.18308257761295746,0.07417887848010683,0.10427439319541924
0.09391934499393745,0.12460040920788888,0.09869484468095692,0.10395243686351084,0.14720143821311724,0.1299106458074654,0.024877142034920873,0.15877605828281638,0.11806767991538607
0.06324921955087469,0.10399406653239208,0.1688048469837038,0.05595741062767704,0.16385500148709595,0.12718166178515009,0.11722019694647624,0.11815787855640403,0.08157971753022604
0.06556137083281156,0.14131333029677612,0.0971980343346542,0.04644044409276137,0.10328613827214488,0.1442365764152638,0.01379695997453532,0.2053309452401911,0.1828362005408616
0.2062503743553282,0.13354898838869253,0.08445660956070562,0.1166011977313521,0.10170642718471871,0.10867239063774009,0.02983523505599958,0.12169505348483045,0.09723372360063272
0.07190361116016193,0.14268244865441104,0.08281275490664781,0.09298236169155456,0.12499885036431814,0.14650250263035036,0.02357572628202692,0.1603071902694029,0.1542345540411263
0.2005017824867491,0.11423292415788398,0.1396279213237105,0.04020558814883479,0.06010037593745251,0.08066457198658393,0.14270767478168592,0.1759494496832942,0.046009711493805006
0.20551445698835277,0.12101268173473147,0.09563563813548105,0.057053304925439495,0.10015360415767399,0.15068855610199014,0.10834006640007082,0.07590605992549886,0.08569563163076138
0.0439995364247426,0.11257654480236019,0.1085364607204109,0.25776130936017827,0.08905432584564754,0.12876865316516775,0.11957561585541208,0.07438865650109742,0.06533889732498327
0.028537940580941886,0.09245174388347355,0.06831640271965532,0.07096928643878449,0.08753546144129648,0.09985408716871613,0.425547883282573,0.05741278919208865,0.06937440529247048
0.04971518425762955,0.14964180668845162,0.06654752889785588,0.09129726292246698,0.10035358132971521,0.13286854339660203,0.021856472535045347,0.22314440974156088,0.16457521023067254
0.03042046401804299,0.12105465150807708,0.1192505052421876,0.2511728422712732,0.09083445729810646,0.16029913264483855,0.03581883003352277,0.0840014491226647,0.1071476678612866
0.017398462990298333,0.11482613041261398,0.06452278246995614,0.11367672852812405,0.09154167379921019,0.07140667907547148,0.029636016587078613,0.27016376354239513,0.22682776259485213
0.22848694927709046,0.1219189165087793,0.07445431488605846,0.11985395110868813,0.1391593984918009,0.12724044156605008,0.06051632419602577,0.07294291326171792,0.055426790703788954
0.11600132740701329,0.1045879786520539,0.1664439090279216,0.07477773093555848,0.1722439922981701,0.18130042505307198,0.06605366684874427,0.07644457056187591,0.04214639921559044
0.016895692566644006,0.10851070947219044,0.08526484791253323,0.15472205074763007,0.11628554524046736,0.09859590407634888,0.17881193188723377,0.16993470032631516,0.07097861777063712
0.1150316203759056,0.11101232150552898,0.09760096409600101,0.11017618101762651,0.08793955937817743,0.14231023805823603,0.02662165897620492,0.25472996431313905,0.05457749227918052
0.0983771536381235,0.11875356091273011,0.10188332902732418,0.03140265641093446,0.1461402660243383,0.12827579260278246,0.0530645846611875,0.166326537368291,0.15577611935428848
0.25471573471902825,0.09457362514485906,0.10514259977421014,0.04663442112460544,0.08357148424297468,0.12659282956987253,0.10241567622753733,0.05919457437319958,0.127159054823713
0.10019582138482519,0.12031410139593789,0.14018832279811902,0.13052907125276844,0.10716962654735884,0.11506533456106109,0.00976369831616712,0.11252749256379961,0.1642465311799628
0.08620111644355351,0.12106830675278764,0.09852736892555047,0.11968552011547372,0.08070137599685127,0.14617757544425083,0.03917708208715744,0.10362120010163023,0.20484045413274485
0.05225356360404706,0.13173689617194984,0.05245349910726277,0.24118595483819394,0.13995628650139702,0.10322898319930607,0.025988954312425285,0.0890644838796455,0.16413137838577252
0.1488921493400577,0.11822243479471532,0.10335471557514493,0.09156395494157847,0.15303581195490942,0.08844887629041263,0.09618549896846228,0.09319762162811117,0.10709893650660801
0.18074643900842827,0.1056927107837967,0.16320566031623338,0.052549547006899656,0.11644592945986461,0.08161870099751524,0.03334107833745892,0.19254734468858148,0.07385258940122165
0.18828426603991125,0.1323021250795696,0.11780497874250873,0.04086617862823691,0.11902196735617786,0.10030426993607211,0.041946597804151414,0.12782371493880898,0.13164590147456318
0.094304546651557,0.11915747890948732,0.14474798157219004,0.08473801664144577,0.1003689023510718,0.13647841125570342,0.10736031279897414,0.1494167761473219,0.06342757367224858
0.038381654214192464,0.12292874684807459,0.14544046487846093,0.1076375143298706,0.06633875403633192,0.11612411533780877,0.23720969252032342,0.08543210530039264,0.08050695253454472
0.38872818301841544,0.0934749165897321,0.09500923426991893,0.03827985650982138,0.1268173802816627,0.09295164636409549,0.04711586235813112,0.08482430961112904,0.03279861099709388
0.13717430901922523,0.10039953615658746,0.1901865207657852,0.17090380279350414,0.06867711241086184,0.10304250117967874,0.021083273426159604,0.09297395970983302,0.11555898453836477
0.028010881494047343,0.09993145971469401,0.09385789785744476,0.24970153029331676,0.12489648495040691,0.07665448943932525,0.06416243273330845,0.08888043212532921,0.1739043913921273
0.06901749436423144,0.12337578016474826,0.1339128221881402,0.09331599751494137,0.12366490826063466,0.14036526468089347,0.08714584569647256,0.10885739385166193,0.12034449327827614
0.03357483752322437,0.12533282516333177,0.21021978515162476,0.07561006232034917,0.1187700381715154,0.11347524108959077,0.08231120540535895,0.19283284102933818,0.047873164145666634
0.3144944880068295,0.09907045711417711,0.11021858834159211,0.07833162235590412,0.07747546520822902,0.08397468318586493,0.03569625852735516,0.10867662951306267,0.09206180774698536
0.02814241669489338,0.13098464229482323,0.07398839375393089,0.2506443831056691,0.09399718460222271,0.12697448897985433,0.018187017974565275,0.17925333828032972,0.0978281343137113
0.30661947416493157,0.10944442000004238,0.08275537583951786,0.09195607912542059,0.11205697109447593,0.0922968409189745,0.01803470185808298,0.15151833138697393,0.035317805611580204
0.08670691447732581,0.1349577220516511,0.08671027460763157,0.06072528257861557,0.09265941320481978,0.1082131768622775,0.06154987303044048,0.21121512716035593,0.15726221602688228
0.09742181063374793,0.1105160625191482,0.13135674922730886,0.07138348095486746,0.08403772937658714,0.07056360967961467,0.2064670179060737,0.12566318325626616,0.10259035644638596
0.10941894029765765,0.09678554373184911,0.11419744076914522,0.0902814601789161,0.08963314014504452,0.08649826125060694,0.2425191699629218,0.11601224146946924,0.05465380219438933
0.1968509351422526,0.11618459042761585,0.10052490707044477,0.050938959766400595,0.10977054825973524,0.08525948240836302,0.059833793714487694,0.08897197367238711,0.1916648095383131
0.18010713025648886,0.11220625666603645,0.08824642629580821,0.04238482106450899,0.11336862632463635,0.17124003316202072,0.0076696172725320725,0.1110815366461394,0.17369555231182898
0.058811082360001495,0.13806203572917222,0.2344353727955727,0.04723741059075684,0.11553878178556147,0.10799312787635089,0.08342337756164876,0.08692071673176725,0.12757809456916833
0.18764847956669492,0.12266900921502427,0.09219814794770127,0.09252714541836826,0.12599312221479356,0.10100426355182972,0.05233288948347164,0.13347276610853684,0.09215417649357954
0.23470235585295005,0.0824770445666993,0.1550304030859247,0.10750209819888908,0.10959045696280434,0.16742786722485792,0.05234829684311663,0.048319010682459945,0.04260246658229807
0.21689568657451277,0.1280394031755329,0.1125368259780876,0.04231727339051978,0.1356061364832906,0.0963104054555688,0.03960387936578776,0.10606912191710664,0.1226212676595931
0.03667436210799716,0.08068374016181043,0.1427049810640145,0.06670455330196888,0.1272772017555782,0.10790889473356917,0.3182795891736348,0.06551017496750082,0.05425650273392593
0.16778142063059184,0.12433806586026712,0.1322541580146294,0.10523572116891823,0.0979824714545896,0.12742184788676877,0.02536573442366073,0.15596454491551257,0.06365603564506184
0.1121116099768014,0.11390359079605121,0.09701245194922202,0.1586176120534161,0.07529934038261739,0.12197682275972409,0.07498963809587171,0.16647783999002463,0.07961109399627143
0.23606011112367267,0.1086815936676472,0.14406218081727715,0.04883507290627639,0.1070605038400249,0.08976445425203906,0.09335855427718609,0.07751442847110113,0.0946631006447754
0.17487914121708617,0.12490106611546774,0.059453701181213736,0.047232351687606526,0.10925882434449387,0.08286408584629411,0.1331810746911899,0.11049813008762883,0.15773162482901906
0.2373768643331214,0.11190558891757685,0.09599632989576745,0.030104262654506938,0.10193379626704603,0.09127987537785766,0.04409780821352888,0.08621562109184579,0.20108985324874903
0.38951404810541446,0.08994303330739457,0.12274240173756212,0.03094817007465639,0.08038537089141201,0.06739311754541596,0.1384677231277269,0.0469211240019762,0.033685011208441404
0.15075838350885093,0.0945050267743528,0.11004002931250086,0.10263119315153917,0.09751267088699511,0.06646654449165579,0.2125574804718053,0.13486868779119593,0.030659983611104225
0.05362704256238939,0.10869087636464914,0.12834515061489557,0.09296690187875417,0.12616460587101527,0.10919754142974623,0.20194114030855737,0.13061017548033593,0.04845656548965688
0.2487036896590781,0.11930132807704463,0.09415523722610912,0.11816057825800667,0.1402906415953584,0.09446719115264089,0.0636636281760593,0.07056323356368414,0.05069447229201873
0.030269764878589154,0.09495992405520876,0.16108489815411411,0.13103449240525555,0.07332411445065408,0.10568596555582148,0.22611723507391832,0.12139172745782795,0.05613187796861058
0.037302390713957446,0.12073838186801145,0.04515575305100628,0.10817405440766854,0.0900470039488538,0.055318456437776005,0.1771566866039546,0.09744326300464329,0.2686640099641286
0.1742082948440544,0.10454898622208048,0.1308971003214777,0.07597244705247716,0.09656763194940728,0.1629123967487723,0.05512954844039062,0.09307316444611935,0.1066904299752207
0.03572658091118012,0.10741706848820028,0.10092176576745855,0.18976853983440786,0.11493428159434531,0.1071206877699258,0.05354231756324892,0.12408834320751323,0.1664804148637199
