0.1226703386038922,0.11097457617956356,0.12950142972451453,0.10227387805563587,0.12018362626395133,0.10966235381679039,0.11221434469348379,0.07262822309160007,0.11989122957056823
0.11310151155703042,0.08792855301006615,0.0743740704516071,0.16757016938231462,0.14613486617872498,0.053529996026741876,0.15517929095678432,0.05922940521506976,0.14295213722166078
0.12070180069892374,0.2927574173749688,0.07200934163549955,0.1150653587102169,0.13518289066484535,0.013959063508166726,0.10054091520068516,0.04969359862527568,0.10008961358141803
0.0995356709913368,0.16863653854946672,0.05942607359818109,0.08644971018586144,0.12979059991001357,0.1875964921342196,0.06791368752544306,0.1261833823225334,0.07446784478294433
0.09582508947977963,0.05876301740764733,0.05281506359216445,0.13755995265835944,0.1132719655203816,0.14805996341310226,0.2871755961798439,0.03372749468930173,0.07280185705941959
0.10228322722467274,0.2019887054296643,0.09303013960291612,0.08346633854959766,0.10656932153953781,0.13169129978787655,0.192256159422001,0.012036866571498052,0.07667794187223577
0.11894304376017023,0.09798930466858553,0.10316082466268335,0.11662245694369217,0.11523442944385887,0.09703548857786641,0.16032245836050538,0.014525430278015436,0.17616656330462263
0.06926254874549607,0.13284873226481983,0.11317380380615422,0.04081230557207744,0.10260043814557386,0.005449405598984754,0.057804547277386244,0.3843896848737886,0.09365853371571901
0.11919979045628071,0.07632596508453098,0.07848749186743885,0.1818722095071124,0.11907645473226287,0.2890825661319325,0.029877298725512074,0.018416138443082358,0.08766208505184724
0.08043873775685668,0.036771337571698016,0.05192267028390898,0.06546651587880899,0.07164127810254522,0.054913237054663035,0.3152186991897728,0.25405015834860656,0.06957736581313978
0.1365174554349394,0.14846491087232946,0.06677259079253456,0.12865892373421225,0.11054903680524948,0.01936482600892613,0.023037694317198817,0.10380591863010241,0.26282864340450746
0.09684052367469641,0.16962412424589143,0.09973466689513559,0.08569781101824507,0.11628610904181312,0.008796731784972226,0.035713520148294174,0.29348126321070683,0.09382524998024526
0.10256503057538797,0.0912955997757257,0.0686798167552534,0.17097446304835706,0.09805447375288363,0.021533082031869002,0.23908160265610787,0.14887705858758554,0.05893887281682981
0.14586469527004534,0.12199014331712965,0.11230668272916063,0.1253754730850781,0.13168603937134762,0.178016490032837,0.03392523513173537,0.03801245216885058,0.11282278889381576
0.126312630387821,0.11080789681613486,0.09161465325238287,0.07874349053128986,0.1487792148738714,0.15634015340619487,0.11712711764007498,0.028216454408845213,0.14205838868338488
0.1218851337931252,0.14958017324992604,0.054020177800839266,0.11876041831243102,0.1058961838126344,0.2269393398904478,0.11541389879896813,0.02760114205093221,0.07990353229069595
0.11411177689987505,0.11008476915922256,0.10362240199080659,0.07446960807895438,0.12137676156706935,0.027893754394979594,0.3004579503506644,0.05941497339728432,0.08856800416114376
0.11365729768305181,0.2297156280084193,0.09560298395919674,0.09336678469989423,0.14066470964331348,0.12483320768165156,0.03817409336524043,0.07859867710003188,0.08538661785920054
0.1174346635060644,0.18230395045122702,0.1140139551677916,0.048220544012973744,0.10997370306341868,0.10583176126377047,0.023779682542072078,0.1875307018229092,0.11091103816977281
0.10502817826163036,0.09447058834274141,0.0657728810789036,0.05745746439514245,0.11895688303451475,0.07182253537775282,0.09364402865679976,0.2899054452777387,0.10294199557477612
0.11273332860194951,0.08613563512231215,0.08239749025208475,0.08741959752113937,0.12406110836026325,0.29505100251065103,0.11161336889603411,0.022478051276803412,0.07811041745876246
0.11181517057834979,0.10512736134644207,0.07344457195065289,0.08677725715231643,0.1312654127802727,0.3146709916277444,0.07803437500187099,0.022056440298164535,0.07680841926418615
0.08890935898421815,0.2583639372072825,0.19420916078588246,0.05099518080255679,0.08158419533790308,0.003596728655653532,0.011801021094555214,0.22393311527657478,0.08660730185537346
0.09177405448164459,0.03888039809917226,0.05670667706555412,0.1273654559794939,0.1106007559404329,0.021034088572814535,0.44789582652152166,0.04068007129126589,0.06506267204810016
0.09601688658332926,0.09968276288750555,0.06347326545001968,0.11896065325097878,0.10691808451567512,0.05529718704661838,0.3671265382436612,0.04567827386422707,0.04684634815798494
0.1359859369198395,0.16050476476009232,0.12889321155639363,0.1627527869218381,0.13512822575353103,0.05945338010722575,0.05598513464725396,0.06498690133956671,0.09630965799425895
0.1010866507339457,0.09167775042789932,0.04837383958974543,0.09934185194118268,0.13165411266876512,0.294538294794624,0.16241394148557067,0.009680110731417849,0.06123344762684929
0.10936289888411521,0.03586920612567127,0.2077683894169763,0.045726754364158885,0.11197348605528802,0.247523802322955,0.05247132699705067,0.11920338501176388,0.07010075082202057
0.09529135531325406,0.07685993513811176,0.07195284443339768,0.05234983770328908,0.08462575215584285,0.09946907358565911,0.08803834043933056,0.35591918685084023,0.07549367438027467
0.10445796374672904,0.0848004690869033,0.05689524682669866,0.05174811491082474,0.09589546422598504,0.3587285778669081,0.15238445593831063,0.01951202281687507,0.07557768458076523
0.08540475219269143,0.07545086448640281,0.05441847978609505,0.11409818613759687,0.11781648044899008,0.02006176894595135,0.2408074135740129,0.2236015004455064,0.06834055398275322
0.14154037660557975,0.21598134810566413,0.18497867546403227,0.08490754568678312,0.11555120663130286,0.05785936074752716,0.03575024678078492,0.08224933360346322,0.08118190637486261
0.1044380483344405,0.07378864316581481,0.07925148684559173,0.1168113481758663,0.10854159574603499,0.36756385769860533,0.07560400136137789,0.01753585586924152,0.0564651628030269
0.1067401703398791,0.1776722539130502,0.1594362116311713,0.056077982371844165,0.09017329384020212,0.01689945509166099,0.028164194549325467,0.23513148308971346,0.12970495517315309
0.0967174228132119,0.09049634651697051,0.10066016990014821,0.08871184528945808,0.08701634261069628,0.4217047807287179,0.023909849243758483,0.008239263114884189,0.0825439797821544
0.12169338586009852,0.1531936007263305,0.08444234194580243,0.12648533608014248,0.14018431321826993,0.1261127741631171,0.12161062392963584,0.0499280878827205,0.07634953619388264
0.0893064037311649,0.13472663005854135,0.07777351242890908,0.09736630899953698,0.1194052266533681,0.30994052603332606,0.08650630695787313,0.010243844259707022,0.07473124087757338
0.08669000569377901,0.1948423953396132,0.043360903121993234,0.05635693215015961,0.11965032587744695,0.03574500134819924,0.3518740404178697,0.04266405255326072,0.06881634349767846
0.11105378614690399,0.11006135955657105,0.05273020115097321,0.08490403830850857,0.10664712987242427,0.3201825319176595,0.07096634557147692,0.035727280010663096,0.10772732746481939
0.10655902373814885,0.2788283625260064,0.08439877515475473,0.1201594239218056,0.10835180371352232,0.009054716437172131,0.16308468709498392,0.05344976874431081,0.07611343866929528
0.07854507454209098,0.10175942862049554,0.11023401565888863,0.08553444995165438,0.08304239583067484,0.02419594713605296,0.011657756127500883,0.38629277804929923,0.11873815408334255
0.10766982336042052,0.1878556060074451,0.08184950173191484,0.13145296280408098,0.13290011202384697,0.017756181746262627,0.02054768198267389,0.19862334404635215,0.121344786297003
0.08588076839904761,0.04577446772520296,0.2225801943098177,0.04177467532828157,0.07815240262270266,0.006067269598259486,0.055962802057052195,0.33987661553017573,0.12393080442946018
0.10517310969872092,0.1853872052398294,0.08993758382480033,0.07862696362787375,0.11767141201368007,0.15493926790782378,0.13949538065948483,0.06840116448029436,0.06036791254749255
0.12525730812925676,0.15716171064899376,0.062227002610194704,0.08024018964283565,0.12311429172062406,0.2603830397004645,0.08331261587577572,0.030830731193488198,0.07747311047836664
0.10451307197533842,0.0966285379171468,0.06903304075794277,0.0634036888653189,0.09947891908237917,0.3223833696989115,0.02683566955750448,0.1083881094076037,0.10933559273785427
0.0790291271166161,0.19177135236492124,0.10042410015495591,0.0875530145309742,0.11580950888024355,0.016327998170739825,0.03553348336945383,0.22613353205528755,0.14741788335680775
0.10744082172956877,0.09252790087842681,0.08259344004378437,0.1091024192738786,0.1121961783539902,0.31206452599164497,0.014100728732760902,0.08347444408757787,0.08649954090836753
0.10408093001503087,0.10913859673104447,0.06504522025398601,0.14058139948201612,0.12389132838507146,0.12102254431813637,0.1254797555019674,0.1343595161307521,0.07640070918199521
0.10546302118286244,0.069262319259262,0.06195215916457538,0.05267254935724854,0.09673386420825258,0.3675954001905482,0.15052080184270103,0.015729728176261032,0.08007015661828876
0.09923001754901627,0.1034331315687727,0.04625935520824156,0.15777975039534392,0.103919875156898,0.3213342409489879,0.08019286740497505,0.017373476424779925,0.07047728534298474
0.09690400277786108,0.13548908919507663,0.07585131998115131,0.0902805553738467,0.1505740344602522,0.059522175676253695,0.3047368582956408,0.03633226586284096,0.05030969837707666
0.11965243026520761,0.13117181381189572,0.1491245730757837,0.06436297040583491,0.09689064541089447,0.06081691487414894,0.07202043205422694,0.22382188445999351,0.08213833564201421
0.14633891926610346,0.2097652409939833,0.11347690249929314,0.06883783626611738,0.11972465720557418,0.04803302383336116,0.07345471896020482,0.13523974615181758,0.08512895482354499
0.13113853586111418,0.09487562344130566,0.06510243589151937,0.15179454683371546,0.12093717345447164,0.11984943377528863,0.17134024627266461,0.02064346564083373,0.12431853882908663
0.11644800798144672,0.1374249632219157,0.15532305422098477,0.1082281994525462,0.08854270547120628,0.01559077348446212,0.05195381604635696,0.2415211377995797,0.08496734232150159
0.11543873079008515,0.15007973162938323,0.06648242302633257,0.09628111813652651,0.12266956390309018,0.20523825550520583,0.02233706442445556,0.07715007130109948,0.14432304128382148
0.11549970368272915,0.08621935245642882,0.10203274283003684,0.21239421664985178,0.09598815378971813,0.20887296565913452,0.027668427908748138,0.06171625411309822,0.08960818291025445
0.11083473200287747,0.18439476145403286,0.11081640743023534,0.06325461743700524,0.1106518396210726,0.034203104099114874,0.03477069372093868,0.2609932802647858,0.0900805639699372
0.11277581911486056,0.19118936814208867,0.09153379065929053,0.0873883892390584,0.12060046963944404,0.13099707103581162,0.09036711432427813,0.061136837653622954,0.11401114019154505
0.1324141996989612,0.2098490663083017,0.228348651557432,0.0906333195262045,0.08661588119727291,0.039406974748392304,0.021530971262460244,0.12826692182920116,0.06293401387177404
0.11589815258765902,0.2735796405436178,0.09945022930913529,0.09521279690763017,0.1144923802723608,0.07334965929565085,0.1015145696855666,0.04780740972520833,0.0786951616731712
0.12409984701832862,0.18005497408042714,0.13986490656842168,0.07824491793012261,0.12240093946862347,0.06720507113946612,0.0878292188357243,0.13382595330057356,0.06647417165831249
0.10622400937962746,0.05718523155895824,0.07584969042423832,0.13680607864621494,0.12293151451874046,0.3357019738898581,0.04122406802710167,0.035573934923125584,0.08850349863213529
0.1073655132384911,0.10387473916506983,0.08543628302515742,0.061701703618794464,0.10929018946448978,0.053958461062771045,0.30782577577542475,0.10240027194042393,0.06814706270937776
0.14632136282790167,0.07711497649872921,0.14228992086863382,0.11685447170834762,0.12564907672905112,0.09794936137965145,0.15031731493514863,0.03996124452252864,0.10354227053000788
0.10035670183323259,0.15882402311309549,0.1256110396914588,0.08304205711314126,0.10462054785823949,0.05836176143097144,0.025424504226213316,0.2561623847142543,0.0875969800193933
0.1063344176768078,0.3674595919284695,0.0694389811579871,0.07981884726740297,0.12656850235027997,0.05430407800150947,0.0448909032616772,0.047241531606914446,0.1039431467489516
0.1160155964293141,0.16598454075298563,0.11415442114665846,0.07040462521873012,0.10350540914711177,0.09222086491373978,0.05655807726554888,0.2097011546687,0.07145531045721117
0.12608745720504158,0.1928728660795158,0.09629741129913537,0.15997841290982603,0.1361740743269846,0.09657234838825092,0.10266863368593288,0.018865768500518663,0.07048302760479412
0.1325659031309151,0.11593074910822175,0.06982972568926249,0.20451885053617525,0.11250848316949434,0.10953105423408638,0.06669217938190682,0.05117550109708277,0.13724755365285513
0.11777494597870025,0.16516302426275897,0.05144674309398223,0.14589632610219397,0.10875656750161977,0.11670681398441717,0.1430298130758295,0.08035533404709151,0.07087043195340664
0.10778199929939086,0.1717137767237127,0.06947635556076522,0.10484363992530156,0.12518602222494804,0.06909653434777706,0.04381125212568742,0.220643726214479,0.0874466935779381
0.10409925466654406,0.1088878295377093,0.07395175563833993,0.126199172433323,0.11871949242735276,0.02494580767526328,0.3137467414880888,0.07816099742915521,0.05128894870422376
0.125441659616119,0.0932907495241132,0.153440162606696,0.06465866749383777,0.08527895853583478,0.020990606146377096,0.10786824964372671,0.18515054811072792,0.16388039832256757
0.0977070480465644,0.1866487760378962,0.04845563016118237,0.06002519186564154,0.11570149865715962,0.20736573197040967,0.18103063008580622,0.01875325326788853,0.08431223990745144
0.10923139109216078,0.12040154335731708,0.06494761243754411,0.14019653049444694,0.11579715013248319,0.2983233492490842,0.032998715685802475,0.05377144980050994,0.06433225775065125
0.0847264553417723,0.06556340671475146,0.07075158482153297,0.11933111304167138,0.11466822264218084,0.09979186933813115,0.32687502025186793,0.07138184574138813,0.04691048210670389
0.12277974821761407,0.14176032029805027,0.05545712051643376,0.15706928315381832,0.1703899637902857,0.07072911459353314,0.11896456746095015,0.04613096174835376,0.11671892022096081
0.1179265511957473,0.1437274542731557,0.10490004115769987,0.12254436726489863,0.11536144555392662,0.039132482986674856,0.11625407793384333,0.18986030822196845,0.05029327141208532
0.09184203725393879,0.12206050878297747,0.1946779110434477,0.114987500339138,0.11124446372837692,0.015600816709541145,0.036830367441004264,0.21961746502593735,0.09313892967563837
0.09549528891145226,0.05278006014256797,0.0644571521469451,0.09089925017511913,0.12861934549139986,0.2497082292324128,0.12726431063570495,0.09650252990184077,0.0942738333625572
0.1052154118002276,0.12633506720548968,0.0649259598254531,0.11732399379721915,0.11438092010978164,0.27427141560910534,0.08203615092331412,0.019403115348971423,0.09610796538043802
0.11535975558706331,0.21610160313347482,0.08857135679324206,0.07125014521285367,0.1395285329360019,0.09836384830556782,0.09847649190812692,0.07203718049760782,0.10031108562606168
0.11797027913491014,0.11587022416544447,0.08969119119898324,0.2298629100686682,0.11952331277703544,0.14897939128336482,0.0785218185227778,0.032155436327969474,0.06742543652084639
0.10119335666666275,0.23932333145837018,0.11819357916816986,0.06619679887708212,0.12259546287794376,0.02754060669296675,0.04340020714863425,0.19054860595831516,0.09100805115185522
0.11404795171763621,0.09863242207125426,0.06792305941013145,0.09132789942278245,0.1333831599358985,0.2656995360348556,0.07240774155630764,0.07818828101621979,0.07838994883491407
0.12391983811738853,0.16309773772468816,0.10030900149715721,0.0962490357913534,0.1522452008946067,0.03470717036369334,0.10432081759209784,0.08429453566862322,0.14085666235039165
0.0978691262099121,0.11044415115702226,0.07063158911896898,0.05317870039291298,0.073574620625721,0.0623256551480826,0.0816020509193311,0.30168210206280405,0.1486920043652449
0.12123890168496294,0.1285327829283072,0.055943352228432615,0.11570183764816407,0.1222623502242857,0.2767918073427992,0.09650162199162653,0.01822018679597893,0.06480715915544281
0.09762324392588569,0.06456632691476238,0.1107610716232781,0.12900444695629604,0.10557052404801331,0.018048081755983117,0.03249695634999044,0.28305500877701173,0.15887433964877912
0.09716166682894743,0.07372453619835052,0.061700291386356916,0.07877782606589828,0.10602219091219887,0.43203499260035355,0.058260897407394076,0.011820898668253354,0.08049669993224702
0.08414409038351019,0.1114477621376897,0.13262404413249315,0.03147822680678019,0.09395528772665819,0.00951053377180599,0.0324967602872804,0.4276999841097331,0.07664331064404904
0.11979706938269889,0.12999800824629326,0.12835899348285965,0.0813662052752812,0.10348295027683348,0.2303772687068407,0.05064084822231693,0.06348051357425262,0.09249814283262332
0.09831336272325174,0.07588954741331443,0.07509219067786445,0.2759440744944944,0.12598619324105256,0.15507984424346158,0.07527695836217697,0.0521474640575167,0.06627036478686715
0.10165891808858941,0.08950158457261138,0.05147914226670164,0.0855202274437481,0.10762644573443199,0.27418322717216037,0.09103921709209456,0.1299561945550057,0.06903504307465687
0.11328661804976832,0.11923444980490734,0.06372100501692853,0.14095483818746946,0.1219053020289706,0.26422155600609615,0.0832866160406595,0.035030486008532674,0.05835912885666738
0.11238292554471109,0.13172814716966813,0.055577594989966034,0.11551375705068727,0.1238442456064817,0.21019092908319728,0.06576834628226648,0.06451601418492965,0.12047804008809233
0.09985267959737494,0.1794868323467312,0.10550214408283308,0.2222707929960764,0.10129710831898282,0.01817754897707066,0.14981578786200853,0.059632347703944565,0.06396475811497782
0.09780360609385252,0.30657438191263675,0.099861879950354,0.07984079337606691,0.11929397326887776,0.030165230907873996,0.15128693794742132,0.04868154250400216,0.06649165403891455
0.11444681856589552,0.1174130178890379,0.06999503527133512,0.1452846037947111,0.1363549639820784,0.23418019930695735,0.06500427485127828,0.04476300910680636,0.07255807723190004
0.10815705384989628,0.0565381322119895,0.052376522768646405,0.12560879696051233,0.13411662308379,0.32557390677289516,0.0843921702003454,0.03436540165972575,0.0788713924921993
0.1389382145980118,0.0865968580801294,0.11898185597979476,0.0698788502611642,0.0951582683351978,0.0820836249405111,0.035918506346696015,0.26682093460651196,0.10562288685198297
0.12500116924142343,0.08504872000853597,0.11766694515685662,0.10811456694191368,0.12238667759754655,0.24704730709921494,0.057546049086090505,0.05254056113954649,0.08464800372887184
0.12655019720450375,0.08458735299564824,0.13267529687674415,0.15125608758734407,0.10387791547713476,0.023182030573616407,0.06286162274425616,0.15807403964134228,0.15693545689941013
0.09938118017541266,0.04500373364256844,0.06433512097477732,0.11823010001191381,0.09215528868065583,0.2984074289770097,0.04247033461417606,0.16209649247353405,0.0779203204499521
0.13481456531376723,0.19170607173107027,0.06276985982423093,0.18678796335171274,0.11828271832621029,0.0697360321365607,0.095201019840839,0.0590237733627668,0.08167799611284211
0.10734855353766827,0.1437851143555711,0.07739607522781103,0.172338823142659,0.12698021482589136,0.23959297427307968,0.05263825032030197,0.013060830467334368,0.06685916384968328
0.12012468387233145,0.06167302185598376,0.1388512967467939,0.14631306765960259,0.14100468246553552,0.10661308412692967,0.06885597539082375,0.05549821896251849,0.16106596891948086
0.09799435135684519,0.12831428491814267,0.051440230527329066,0.10488253169087863,0.11636644321001438,0.3510561156549794,0.06056060414084441,0.024252426450017923,0.06513301205094824
0.11894304376017023,0.09798930466858553,0.10316082466268335,0.11662245694369217,0.11523442944385887,0.09703548857786641,0.16032245836050538,0.014525430278015436,0.17616656330462263
0.11268724439224616,0.3509844403990978,0.09947354945587487,0.13764046771699706,0.10132592742583414,0.018200440685748765,0.014005112337377548,0.09925185452564034,0.06643096306118333
0.12282661924455344,0.21546865103551463,0.05613621657332193,0.14478157692774182,0.12936631927889666,0.1501058017677792,0.08108153922113187,0.024997720960365472,0.07523555499069497
0.11811337049499437,0.12378397865332724,0.09440800347376416,0.10490636836824452,0.12514973089059545,0.11546107041228669,0.19944449783989457,0.03568875639569427,0.08304422347119873
0.12900453603267067,0.22083733836646205,0.08006605287910802,0.11216031787962355,0.11993852628784137,0.10610069878069378,0.05631667874989893,0.0942870233579141,0.08128882766578747
0.1029234671559997,0.12844892850798684,0.04637507973542606,0.0916484181578669,0.10240862094186004,0.20739524516592137,0.03396953833959009,0.14096679879366092,0.145863903201688
0.15339579007713264,0.10228546110487868,0.09059710057341452,0.13819579719941438,0.1088775296409687,0.061931084171431526,0.07745696100561626,0.11863849851036623,0.1486217777167771
0.11892021085835182,0.1354108427174924,0.11683905429473244,0.07870764497001624,0.14201050273488106,0.15330966255677866,0.12158670953206703,0.04910139877746358,0.0841139735582167
0.11459801700979995,0.2173824809309283,0.13754715100581558,0.0819553941636267,0.08708370602670364,0.07601689705206034,0.022888666755120187,0.15402341374451659,0.10850427331142877
0.10342238693842559,0.13489516594916806,0.04418593269923838,0.04903985023328866,0.10678752381024988,0.3562121845342306,0.05731062772072184,0.06258293850805051,0.08556338960662639
0.12473407478529645,0.1635485975513646,0.07544233921110433,0.12365951768754108,0.14406506612880235,0.1613111776290647,0.08576693721456836,0.04591838001484325,0.07555390977741491
0.08956429305437304,0.16215828488173903,0.08015678222348005,0.04312933369172417,0.1022667315585849,0.0231721293883559,0.35492028414759447,0.07894936875147536,0.06568279230267308
0.10686774933502484,0.12785446814482648,0.06201812922424693,0.0666888795150943,0.08351020835972951,0.12017055701695421,0.043791451294756846,0.2686186833042457,0.12047987380512108
0.1286046101378988,0.09715462076553537,0.13147684660022194,0.08359725105382947,0.13465624261228326,0.06627762069073308,0.10738928324093522,0.12381081779920222,0.12703270709936057
0.13272419148100198,0.13824883052696,0.07246201577509276,0.12341284023243736,0.11165783111183371,0.209147754957931,0.06495580440084484,0.08853564366129019,0.05885508785260821
0.10997983270386157,0.07983138384120804,0.08114476767156208,0.07764228527977146,0.1203204195410534,0.13841860143594176,0.08221012759498623,0.19952365503140643,0.1109289269002091
0.10487760722722313,0.16820014455902685,0.10406991692661817,0.09769376514069665,0.1501902268235099,0.12481195163089098,0.1356957369670053,0.039083770050533144,0.07537688067449581
0.0890799370136156,0.22149674724621016,0.05452590736997811,0.07006514481392512,0.11822214862624979,0.014844347661347726,0.3152676365795983,0.0649093870731698,0.05158874361590543
0.11148722773310055,0.1573250353212686,0.10106630634578245,0.045362830738115874,0.09138782795387902,0.026629188619331116,0.03913430717259408,0.30954730016517235,0.1180599759507559
0.12194500616449107,0.16515952556132937,0.058001746858125314,0.11095078826666083,0.13024476154898268,0.20160629310354464,0.09168074540201782,0.03819810056391868,0.0822130325309296
0.10962370587174115,0.060608071819237,0.06233545650887159,0.15950839010692971,0.1233281372100558,0.2681939021766185,0.06071507423606628,0.020697721568313544,0.13498954050216647
0.06205997606099265,0.16042167060636162,0.2156460101170521,0.02215108657596492,0.060513832927351165,0.05980020493322533,0.016648547710573645,0.35456772251957247,0.04819094854890623
0.09070375418293902,0.08576122764949472,0.11391402111964095,0.19675463183241015,0.10025464739784355,0.008215796557625636,0.048266197049823455,0.2560318801193892,0.10009784409083318
0.08313961165567726,0.12266276412966169,0.08721851901393494,0.07856155662277332,0.09988594901550285,0.0069992790677776764,0.012436709776657513,0.4186039628089205,0.09049164790909424
0.10068284402230042,0.09456971254893139,0.13669961467030656,0.06261428422790108,0.12855036651776777,0.22870584993945733,0.06512783697211474,0.09610697377962373,0.08694251732159702
0.11263836882000482,0.08996473571672141,0.11347161649078774,0.1479610900381243,0.13555507770409228,0.1827857410293551,0.047038634432872595,0.08350596722593016,0.08707876854211155
0.11038707843735607,0.12545936964097915,0.1337715341628872,0.13343212740463786,0.11792116461224732,0.006867694431704935,0.1802720691613832,0.10840456893832129,0.08348439321048297
0.1262874042919759,0.27646607473601564,0.1367601200489578,0.057718472690475565,0.116009923770143,0.018740911215781857,0.14207514802527033,0.03543648171226831,0.0905054635091116
0.13428221523399686,0.15925545059384297,0.09378279805675854,0.056266281462559964,0.11761950957738372,0.11850631895598406,0.06167755401430917,0.1674136911423126,0.09119618096285205
0.1027880270585399,0.07741948087203533,0.05504774110115015,0.22882405499266675,0.11501705107278624,0.09744094964750684,0.07880155499548246,0.13870922113784578,0.10595191912198654
0.1091789351100057,0.07685840427594332,0.056791671964588675,0.09407365705692629,0.10624543538084157,0.3561403259986559,0.06352939805256275,0.06545794761488061,0.07172422454559522
0.1369990167674344,0.10960315747608856,0.08467754270967982,0.12043588924313502,0.11450122115734472,0.1048908005620165,0.1776957870486365,0.07624569136075086,0.0749508936749137
0.1115274797400883,0.09361458067779956,0.08187690732520801,0.07277177333584033,0.1077226188153856,0.01580809961854128,0.40483794238335863,0.050156381805739496,0.061684216298038774
0.12209560890446913,0.07508690801709267,0.05548753314488525,0.14370329139743268,0.11758092804973297,0.2830508057805315,0.0968918756532458,0.024939344192076187,0.08116370486053397
0.12484872278776499,0.2479412455014133,0.0740536957008155,0.07706092854001806,0.10924759417996616,0.01975855359089714,0.08165206758347204,0.16048124878033967,0.10495594333531318
0.1073000380853431,0.1428761248308252,0.07041734723278073,0.09464279227166116,0.1282540437326587,0.0883459422958232,0.0791636362147739,0.21373091996960558,0.07526915536652842
0.10868175024124599,0.20912652970832388,0.07618347771056284,0.14582285772202583,0.12836206153324062,0.1064057416598092,0.029953552421321177,0.12070237115830977,0.07476165784516066
0.09609458915877818,0.1369224128775412,0.09385244195959976,0.13828461240557716,0.12226678619356672,0.1980400263814559,0.08095139950857945,0.07723710664878129,0.05635062486612034
0.10803721791209568,0.2810260557866891,0.11448313482851191,0.11468771936573406,0.12723059956462346,0.049974839030098694,0.06118246492014635,0.019324226528502863,0.12405374206359782
0.13102319798354645,0.11795084081276404,0.09679402498403918,0.07884300900767495,0.12184188457601429,0.15180034130773898,0.10292631256062067,0.11040030368564403,0.08842008508195742
0.12184353928017656,0.11338775814402668,0.10504699670472221,0.18417147187484487,0.09909052533692082,0.2498342430544426,0.012664615463023025,0.06192985777567158,0.05203099236617162
0.12404864351459678,0.17580901843387023,0.08473856430274525,0.11892091198635292,0.11344436978560812,0.08917032523373553,0.057605539731135545,0.1267376523384038,0.10952497467355171
0.10915525983949635,0.07820738189184057,0.11114089700272263,0.12524297884093147,0.12097927929627282,0.18481442848393517,0.06083351299027121,0.10927949700004662,0.10034676465448322
0.1325659031309151,0.11593074910822175,0.06982972568926249,0.20451885053617525,0.11250848316949434,0.10953105423408638,0.06669217938190682,0.05117550109708277,0.13724755365285513
0.09439452668570569,0.10407664120439321,0.047546887953074934,0.13032817320202914,0.11662350085585105,0.04465914871271756,0.366550832503111,0.053879523851319534,0.041940765031797854
0.14106369768987195,0.12765578373572034,0.10458601201981958,0.11483952121839668,0.1295676873431634,0.12173294533352748,0.1342265374960339,0.026406052236083836,0.0999217629273829
0.12014843884137087,0.08719051168909771,0.04501855917231897,0.1327791918614238,0.12115634287599847,0.26808610850610476,0.11909792438351574,0.0365837108433472,0.0699392118268224
0.10395196843385261,0.07691655633268811,0.04800770237244369,0.15044004520652945,0.09188656325937361,0.3402821760562513,0.09015116561430936,0.023589581607671235,0.07477424111688069
0.10108248678075449,0.14355831183727494,0.08009034026202205,0.05980585751658705,0.10534073588923476,0.039528720664585945,0.04536418002584988,0.3022226582204839,0.12300670880320703
0.12128714177762241,0.08173167083375825,0.13953816217981693,0.12049864457967822,0.12412146936047434,0.041779548386810667,0.21152549090419917,0.05744624320551902,0.10207162877212102
0.1310907618557419,0.15289887238796354,0.06697418522772085,0.1542013671046937,0.1197203429730146,0.1377195316982547,0.11015597027150319,0.03362064187994216,0.09361832660116526
0.1181508076494452,0.1790607075565683,0.08002427543822262,0.0915396604050721,0.15722878608821542,0.07472828758201146,0.13606193007174106,0.0511833744564173,0.1120221707523066
0.08842769961797119,0.0771815360931638,0.06308139295879152,0.10079616717012134,0.12421060966507669,0.2962406391844545,0.02229519824304994,0.16458774979031282,0.06317900727705823
0.13358309127355675,0.12002007704596986,0.11154292596220959,0.11389980917209797,0.10724350438254872,0.21149895914809688,0.07632399376952566,0.043047721922535385,0.08283991732345919
0.11158453036040367,0.14366270020381625,0.05404297846913866,0.08603307140209211,0.1067481526155482,0.27814303631148485,0.12480511132731208,0.03530795033619671,0.05967246897400754
0.11363621726083284,0.10808334194958225,0.0911083266795319,0.08003853391134785,0.12560324576051884,0.043906085910279745,0.27002793037581013,0.05960341603733446,0.10799290211476202
0.11336502175044473,0.29170878187813004,0.09416242150471703,0.13755802867750228,0.11712173089541751,0.05366630600315908,0.027560909784307138,0.04463034093417204,0.12022645857215015
0.13087787873400084,0.1122393834493512,0.07741449661952843,0.09285402228494806,0.1423579115542951,0.14517489008466714,0.15286129085668076,0.03661399016550373,0.10960613625102479
0.11791755872076622,0.12472629125839746,0.08152122794830167,0.06555209223701625,0.1249738038883119,0.10891715024060772,0.2134395515021427,0.07597924821843059,0.08697307598602548
0.08915056607737581,0.0529579256676098,0.12040564677454006,0.04194087445888613,0.12904644024180975,0.2597214648128208,0.12832784328921887,0.08097335385863959,0.09747588481909908
0.10171140520146299,0.08794185363321909,0.1061070919163603,0.08169426863534966,0.14310908578761508,0.2148710964972292,0.11672846460805737,0.044987490849559136,0.10284924287114729
0.13779794504342652,0.14621459124166947,0.16613072312584198,0.07977214125641578,0.1140131092963873,0.09118007949875352,0.03405884732524344,0.11553382253621465,0.11529874067604724
0.12540214502692956,0.1424311594225395,0.19885996859752067,0.08573174401309923,0.12102839626788099,0.05843605564898325,0.032289309875248334,0.11458126839492812,0.12123995275287035
0.1179604860763952,0.16020356225972657,0.24356105578834844,0.08235716846974554,0.0797306980924032,0.007909354086807768,0.026040831293627307,0.214668502609807,0.06756834132313888
0.09077782631279785,0.07440201802025288,0.06839838181644176,0.07537572310847335,0.10948059121036553,0.3862413382343548,0.11896585050542934,0.01868733799676162,0.05767093279512293
0.09738882247903259,0.14884251401142354,0.03469785916059018,0.09834842520227775,0.10041928371625615,0.29073360945099674,0.07912582457680649,0.0828385325884689,0.06760512881414765
0.1046630678489213,0.19835715391475284,0.057158442730721876,0.12306296954670348,0.14382159846553297,0.1273963633062275,0.046895642407032666,0.10794462199973354,0.09070013978037383
0.09258091178227684,0.09049439032747715,0.07464199996488519,0.21225053771779367,0.1275280748810403,0.20567990849719922,0.0703291078648161,0.02814636910148691,0.0983486998630246
0.09420764867879854,0.08016329854194432,0.08549776000892532,0.10462338038589931,0.11472430245528309,0.027907479219392562,0.22875852239402747,0.17028116999172116,0.09383643832400816
0.08304273001230521,0.024682375895838885,0.2158632532515352,0.07792383135193919,0.08302807999121893,0.04548155290196665,0.009569694205499525,0.34752312241131017,0.11288535997838627
0.09484460943434318,0.11724480157225903,0.07211207252344344,0.05610127851369288,0.09271181599911399,0.21870890553825115,0.029756085867996412,0.20142292030710243,0.11709751024379751
0.11431129564727742,0.06815621921250496,0.07499137506115104,0.12167454394881029,0.12421753623423437,0.2565834799863503,0.12337242631139565,0.02289120920648659,0.09380191439178935
0.11391660697138077,0.20602569903589885,0.08373974168748942,0.10955521828823,0.11640588779286032,0.03545462133970254,0.13969599421640752,0.13170420324361642,0.06350202742441424
0.13954564215623674,0.115811336974607,0.18975801773653644,0.056458046226269674,0.11142972507771987,0.020945628029021682,0.16692057461163654,0.09499208871526066,0.1041389404727114
0.09898828046046444,0.156056819921528,0.07162307576009037,0.06610900060575665,0.10964851407139486,0.3541843925192511,0.07315932265753088,0.017508757843601026,0.05272183616038271
0.15268938059962564,0.13831222094468887,0.08781148655310637,0.0703489485756289,0.1442098544971752,0.10982934797634869,0.16755500502519416,0.03913032827276008,0.0901134275554721
0.09062788840444369,0.053749857466842056,0.06504080181294415,0.10183707146748616,0.1261001413708659,0.06158833725146671,0.20061019465021943,0.2082513263711241,0.09219438120460775
0.11220547012986776,0.18906795108844873,0.058031282076826084,0.09456571703794414,0.11206901533653953,0.09994369560630943,0.24321260307662507,0.0173166748224601,0.07358759082497919
0.11865219521689056,0.18131555420772139,0.06385148997707436,0.12631314295583648,0.11966820684121636,0.16805087900066237,0.1254923691932943,0.023857014421916945,0.07279914818538737
0.12116873273163824,0.0775312311663683,0.0710160249899926,0.13455255763840368,0.1402197157214241,0.18121461743450631,0.046705795285805964,0.06675293461110349,0.1608383904207573
0.12125869595461664,0.0509406549546255,0.09893584963534086,0.23381185959383333,0.12133977790820803,0.17198345092953712,0.023705308725831136,0.0996333044933067,0.07839109780470062
0.12237768405305988,0.1074699718188168,0.07078388526351202,0.11014281132726815,0.1324716685776093,0.026880038937306214,0.2646841847194836,0.059617226933074106,0.10557252836986997
0.08760275351235229,0.06130166581103303,0.037376056833468556,0.09249991062523226,0.10394385562471624,0.4268190892483474,0.12204011463558419,0.015021452920231592,0.05339510078903454
0.11524401327779184,0.12015314761365788,0.06396814155924689,0.10503673766648985,0.10376327488506792,0.18877260919588648,0.16786182814508635,0.041545086576672774,0.09365516108010001
0.09127351295804804,0.057781525794897336,0.04519848992112879,0.0709742868096463,0.09443280750710058,0.2884989009156716,0.2528147187056467,0.03727122454453024,0.061754532843330406
0.11859443288230857,0.1468405603567923,0.06627763428799917,0.1303861458969714,0.1339354881608846,0.09419525674730596,0.14522189760944015,0.09243475895855018,0.07211382509974763
0.08942686136616224,0.06976155855056335,0.04791978199872757,0.10148436629437785,0.10014588300363118,0.06306171305935286,0.3555950962115553,0.13646605807293846,0.03613868144269123
0.10445796374672904,0.0848004690869033,0.05689524682669866,0.05174811491082474,0.09589546422598504,0.3587285778669081,0.15238445593831063,0.01951202281687507,0.07557768458076523
0.13101695378170822,0.0908776356234496,0.1755014336477353,0.10775419824251758,0.11755116841172142,0.10531309908093754,0.08573229381802129,0.057676814592313635,0.1285764028015954
0.1239251134943754,0.08773412157435233,0.08901133079482577,0.09979164932291791,0.13633491559736688,0.17213218135938568,0.06143671250630998,0.11431043327196026,0.11532354207850581
0.08876344527415253,0.053428672016049124,0.1295460717514133,0.13731442714860667,0.11768385989266746,0.08579250645945008,0.0871131074188789,0.19070986970109408,0.10964804033768784
0.09826773109876134,0.11067159837716893,0.066594791174355,0.08038284574890502,0.11152464006014841,0.04273218203734419,0.34264278288124794,0.08208621844528437,0.06509721017678478
0.1274833228902663,0.08101982527159209,0.09311143488100958,0.16004741640499484,0.1239123924591629,0.041010114183740363,0.054237456914760805,0.15656727090849412,0.162610766085979
0.10783889377785509,0.11402257498807424,0.059671001101236326,0.12144928875080178,0.10153823171911214,0.33650341031076286,0.0770728661578415,0.019916006609115647,0.06198772658520044
0.11350648581831474,0.1356702227778554,0.09496993703727223,0.09621938307475635,0.12867780542827947,0.042930375362583956,0.30003101966457785,0.017822735009016755,0.07017203582734317
0.10568542494742543,0.0866422958344729,0.09198420326522405,0.16519257791381656,0.10925649227795713,0.02762415639366023,0.045925940017971144,0.20785655040598017,0.15983235894349238
0.13104756457879693,0.1829932475694193,0.0971280217932194,0.12799071551807661,0.11872342502236406,0.1134258002122198,0.08031377219223146,0.04661677205193859,0.10176068106173379
0.1228841660217503,0.12506233527411284,0.10972318782485894,0.12131323394276379,0.1406857845121792,0.04149215838526651,0.2116563876293607,0.05072826238045353,0.07645448402925419
0.12409499768480248,0.1473522048688993,0.08127079071310549,0.0900590905311154,0.08722397244716372,0.3056364219642767,0.0245386958672183,0.05950618941561691,0.0803176365078017
0.12545982087203914,0.15202022607384807,0.165753091375175,0.12869249831732343,0.11818696483606955,0.045516986114674494,0.1165766227807866,0.07248651154853908,0.07530727808154464
0.12213296507313308,0.11980376788564569,0.12422048182505845,0.09902657900321903,0.1552050735233659,0.10517529907979549,0.052865139633985946,0.11511626025723493,0.10645443371856156
0.11742222100344779,0.10290433870444188,0.10590601065711798,0.08747327434885954,0.11842587834105771,0.1503746708537552,0.16365000174257957,0.07298312372597744,0.08086048062276298
0.0835927713668056,0.050417353272621646,0.05042176822595068,0.1751927258471,0.1024641983562022,0.3832392269016333,0.04145380399622869,0.059476358515106624,0.05374179351835135
0.10742802332914454,0.278585051559981,0.07381454122012931,0.09875314866713215,0.13641396017319937,0.06992074042271677,0.12890566211555865,0.0324700501579209,0.07370882235421732
0.11477127413943013,0.12306831867940306,0.13414338320348465,0.08451018140391377,0.1371641991645807,0.11381422800750883,0.1485781757936452,0.039892476983638125,0.10405776262439549
0.13800438845265822,0.22394030762173778,0.1092395561898285,0.12510897487014247,0.13113586238041677,0.105562991646017,0.040385041173358026,0.0289005556668487,0.0977223219989926
0.09725440281833013,0.26777833801930967,0.04962151729259764,0.048965082238950054,0.075564159717796,0.20443524691078327,0.016406967113884636,0.16763470261062066,0.07233958327772799
0.09367249831829837,0.06408539415375844,0.12620552590040648,0.14340266429364096,0.10874355170484917,0.03661845283168621,0.030424558956555978,0.3570789035269153,0.039768450313889175
0.12092694872768628,0.1033989392865808,0.11763798586311149,0.18329093045121728,0.13362302047583788,0.17781557704872744,0.06831020625502632,0.024276072692418327,0.07072031919939416
0.09065785078734363,0.08189995880632849,0.07560326448770753,0.04539266186212015,0.10179239600499497,0.0678168924502025,0.44572807749490856,0.043096335964188714,0.04801256214220551
0.10025814756121447,0.10273493168928315,0.10732225586138257,0.07016556404982185,0.110105124730932,0.1995058361399115,0.047077227441607285,0.187589850960015,0.0752410615658323
0.11524401327779184,0.12015314761365788,0.06396814155924689,0.10503673766648985,0.10376327488506792,0.18877260919588648,0.16786182814508635,0.041545086576672774,0.09365516108010001
