0.15932908005394827,0.10045660244958941,0.07512024031911137,0.0642942268860995,0.1499118935492302,0.10000263775827363,0.13362186131192924,0.10506328195763814,0.11220017571418021
0.13994295045201186,0.03295895723817147,0.07954483886487522,0.13569444162340252,0.09257726169129547,0.19541094665754985,0.12805119098421266,0.1216074354754706,0.07421197701301034
0.09350736495104423,0.06629057076573953,0.07650495737341664,0.07117339770397242,0.1613357463912781,0.1561920347276643,0.13310489777620135,0.2112661733641923,0.03062485694649118
0.15924789581998952,0.0404364758429384,0.10645631151577355,0.14653136569028,0.08136381506740599,0.1115797368848319,0.11106321117482436,0.10805974689097976,0.13526144111297658
0.1207675107101455,0.22602516597563885,0.14867056722801428,0.00885804677800533,0.11544203320183978,0.14770007951999534,0.08518243196120413,0.048518405075758136,0.09883575954939877
0.1217709624980256,0.019212310385210773,0.049079793331573494,0.25859003253662255,0.13187591360759096,0.17407455808115616,0.09277365871063159,0.09745584990127691,0.05516692094791192
0.12473269813009911,0.05006559221382154,0.12338771973893248,0.19347236490419062,0.10656199574266582,0.08666516502154951,0.12697830532044374,0.1311060941734595,0.05703006475483771
0.16721195398344615,0.07916344715578048,0.0942822871706891,0.0942700243422051,0.10103201891101421,0.07760991342916805,0.12290089043099761,0.12876265520524877,0.1347668093714505
0.17999162794740456,0.16775786343325327,0.14120342335597155,0.028681054519082445,0.08328639398332126,0.057932009876936384,0.1261744582352514,0.11431250497673562,0.10066066367204353
0.19942024036441472,0.10739811022716883,0.06440237085821617,0.10154033267947915,0.09300269181675029,0.0797983680161103,0.1200923926485528,0.08766107638522891,0.14668441700407878
0.13861710039105238,0.02568313645418496,0.04898706167860554,0.14893755827496133,0.08074775590434412,0.12749348818385697,0.11019528949654012,0.17279930495974383,0.14653930465671075
0.08319143847691081,0.1873806527710128,0.05188733148945087,0.24290157218748962,0.0724223981049993,0.051934405645268085,0.10321685870058189,0.06259762533577605,0.14446771728851063
0.08972398610805583,0.08701819939273565,0.11356736153960297,0.1768855804798414,0.13668010419637863,0.10014045627546624,0.10896619495020908,0.16397731471497987,0.0230408023427305
0.09765868125267994,0.25365571852840396,0.0972064081241335,0.03249188159677042,0.09628430524300784,0.1025741087000054,0.10803622760359538,0.15400202170303212,0.05809064724837143
0.19417648225643855,0.05459628346636924,0.14591208807384629,0.022879234485965322,0.10718951781460084,0.07945356885049737,0.13259887819823776,0.12604774343380812,0.13714620342023645
0.06991554656124789,0.20787020959850944,0.06305856018404744,0.17966520048911813,0.0943545560895122,0.08216110503272352,0.12042047673181577,0.09222877086187636,0.09032557445114926
0.0934594679979568,0.017631963791727493,0.1114869273558448,0.2346256309940252,0.08738116716887685,0.07217066157064211,0.11410077450607965,0.14312131021312055,0.12602209640172643
0.07677776941291074,0.3238082454193803,0.1252981574620933,0.04263651026716852,0.10955589188671087,0.07904839284786987,0.09151010361044853,0.10068989483330076,0.05067503426011718
0.09802597723832879,0.08967189211752442,0.059158504559238545,0.2614781963193883,0.09283306900388644,0.09441910044321393,0.11089180014054707,0.10660208649252807,0.08691937368534441
0.1298444547814727,0.11203333782957219,0.0520352315595937,0.29684592952948496,0.06861064845706806,0.08485588149422141,0.09778634493193873,0.10812308567930069,0.049865085737347686
0.14083361302443256,0.24252764101444246,0.09381051776044831,0.09360791572592174,0.09249554686888802,0.06750756598102171,0.10115750150358538,0.12613735011464253,0.04192234800661726
0.12572722905242953,0.02815969253791883,0.09755640723688036,0.2435136395020477,0.0745703179982891,0.07639153588485288,0.10855294670836202,0.12882126490891524,0.11670696617030439
0.17784741211507646,0.03125230407490164,0.11621050952096046,0.10308081924020436,0.11370390966217324,0.09861069106686286,0.12650842799695425,0.11768118144073181,0.11510474488213494
0.15997228179729162,0.01994676547522714,0.13965282047323782,0.09484309835711428,0.11947220084527448,0.12088106874184146,0.11201119241880468,0.16233768623415612,0.07088288565705243
0.1318625850255089,0.07225490070659661,0.08905971762538756,0.14988815747975917,0.11612338273052918,0.08278246443745493,0.12596274705741256,0.09239145969866001,0.1396745852386911
0.14520904115088049,0.04419904720710277,0.0558361069428018,0.32201690573419367,0.0758022096906571,0.07949473320905738,0.10126836778612786,0.11195407166360176,0.06421951661557718
0.09673964310231208,0.13987619722346875,0.08448559153088027,0.08394327899423266,0.0743427681031348,0.0749810842363321,0.09823099341638704,0.07412156146365341,0.27327888192959887
0.11945191690177596,0.10848270728018661,0.14527114299132057,0.027936740348044758,0.15118305140072333,0.11690429594733735,0.13361110781415036,0.15181935670637853,0.045339680610082526
0.0948174253635125,0.04248933205747322,0.10847056435240428,0.20830435217216667,0.0952279466081795,0.1032434178046656,0.10882060375877822,0.0882430406192612,0.15038331726355877
0.1636531461888919,0.019314003555033297,0.04410482342829999,0.24800658247058838,0.08563002613339837,0.12677824694928638,0.1358356811574409,0.1397242637389714,0.03695322637808935
0.159719050897568,0.026191652106040006,0.05809910897259507,0.12515593950599244,0.09105483608869651,0.09840246508637324,0.12108140726793204,0.12531209111380778,0.19498344896099493
0.13068573650368087,0.058825704345834055,0.13581861423613997,0.1346547224380755,0.12757508877650045,0.11097257261961295,0.13128301960797906,0.1342794381318181,0.03590510334035905
0.0864877051087606,0.09380998011295177,0.10329134964837124,0.23072172793660686,0.12727928048635878,0.11329561388951533,0.10256725532311717,0.09823270444392325,0.044314383050395
0.11941672068810165,0.07700208390558276,0.14913496798202253,0.11985637775705305,0.1375587688374906,0.1670831871568814,0.13099277311980836,0.0775729973038351,0.02138212324922455
0.07473144205736044,0.1393987077816873,0.07521680392799393,0.05142041354097402,0.14638874977088764,0.14528099260108815,0.1003644623829373,0.12620665047335414,0.14099177746371702
0.18923470257610434,0.04561849030352133,0.06257598125817955,0.27553166075044216,0.10461437279919854,0.08905961868888551,0.10191550953174057,0.1052813420862938,0.026168322005634233
0.14834348019468419,0.01838430023624353,0.11573633357291509,0.25016096874481675,0.0957864986184303,0.0639065432179406,0.11115036765997864,0.1339970811530837,0.06253442660190707
0.17581918032923657,0.0461914555650851,0.13825726160667043,0.08846693711487748,0.11487612691875353,0.04881262282262464,0.12340292164866758,0.10754227889218232,0.15663121510190234
0.12523520079174796,0.04339581877108369,0.0751439704287077,0.14410801134801035,0.1466689467861543,0.09967992613889638,0.11182761898470274,0.2058348990904267,0.04810560766027019
0.11014291763918231,0.09029859314482191,0.048443162624183946,0.21450551745107874,0.08323774544690109,0.053299314628062984,0.12305783969505107,0.15522475683707054,0.12179015253364729
0.13127685488659,0.021566550882312952,0.07958845869686015,0.22823422370424254,0.0824854708297292,0.0853990111799965,0.11431731143018276,0.10194974180770056,0.15518237658238537
0.15599979519658871,0.044696825165155184,0.10043123671149927,0.07024838580492411,0.08944814740641038,0.08309201184450483,0.11161818361989662,0.2104477177352834,0.13401769651573744
0.11192165303635153,0.2683200196680051,0.1119531984825274,0.025624107375351004,0.13846181488074025,0.05906269839695908,0.11327109883503235,0.1467783361630074,0.024607073162025827
0.1498685373551714,0.0747085952092265,0.07301167273049963,0.16390995438932277,0.10367155210484791,0.07598762151912412,0.11131381630817945,0.21508749589215378,0.03244075449147454
0.13557421104918843,0.13766740081478038,0.14804549830893532,0.06347072981650746,0.13413769473742285,0.1619029638640377,0.10946382419394483,0.07615200688880751,0.03358567032637545
0.12058341875304202,0.029284856507197126,0.06994269437819832,0.030806955911226435,0.10894749095250576,0.23966299461142349,0.10606403070373722,0.10745267527017573,0.18725488291249395
0.0736364673827222,0.12808176231687568,0.15748231619069464,0.25069752837439946,0.09504231393821087,0.06493691139657119,0.11715491361086228,0.06197948992397876,0.05098829686568499
0.10201779785769989,0.06357525368255655,0.05722985236695984,0.16852390942294374,0.0991920030364823,0.09731900270455739,0.08974919074905174,0.10927507308459782,0.2131179170951507
0.09225760398448758,0.1935857042557065,0.06347140154209885,0.159983067314335,0.12001275709843733,0.09657860907304823,0.11465682543135979,0.09260967206766287,0.06684435923286382
0.10969452967566622,0.15654926363224272,0.13284077715589312,0.01786850289749706,0.08584144614468181,0.077428126871099,0.12009461027242883,0.17742052017228063,0.1222622231782106
0.12435070251003023,0.05288080989714881,0.04011309223546881,0.27046120794020573,0.06830379495316623,0.06568534750226203,0.1038145810048221,0.12383589170191127,0.15055457225498473
0.08424497397890167,0.11663887812622192,0.1026198475938539,0.08332012045517687,0.1587116618080682,0.05405651605495323,0.11605581972692817,0.09149090761207007,0.192861274643826
0.1176791944423103,0.03001128013384395,0.06664451868675346,0.34273409929225335,0.07754819650111892,0.0621371153067766,0.11088334948026897,0.08964623404512688,0.10271601211154753
0.14137308063588602,0.29125802153675223,0.1659311449128925,0.06052562749597933,0.09849416000487393,0.07121765560678743,0.09036428772816495,0.06909640537880336,0.011739616699860294
0.14818340315175227,0.052769523102634386,0.1839139492679813,0.14287558974895406,0.08854603171320112,0.06921996748080371,0.11930999259696651,0.10146172774919142,0.09371981518851531
0.16740112321969813,0.08958255927901138,0.11804370592648399,0.041825790533158665,0.10099474939200646,0.16791689232197868,0.11425152828329192,0.09327065053535294,0.10671300050901777
0.17110220534972329,0.02771925423672635,0.08018376167968722,0.21708108188508324,0.08816276204158524,0.10263453337301187,0.1002887457035655,0.10141025922695686,0.11141739650366038
0.12781144255312335,0.05194713208234993,0.0955969123374522,0.06101773002393581,0.12136530982528089,0.05865929070433642,0.11737345219244218,0.07038134438214896,0.29584738589893034
0.13186552978618912,0.03896140965342967,0.10208884278423634,0.11923960320453401,0.13018751838691456,0.09251500400430522,0.12968377522398422,0.11932681372732006,0.13613150322908682
0.14870223441797847,0.04876699175600041,0.07839325022458708,0.14725403988234684,0.12413081744308245,0.1455036146897971,0.12140705431281242,0.1331158614644729,0.05272613580892236
0.11061225302230271,0.15275668975207504,0.05902444739225802,0.06650919995888221,0.09805861097486385,0.12460527579025904,0.13470233853860603,0.1851835420893271,0.06854764248142604
0.1245813912272427,0.06287529381296725,0.1472602475351912,0.1904702312373421,0.12449908736691417,0.07566298548038643,0.10783650696585656,0.09022406431604386,0.07659019205805577
0.12764933981958113,0.06317849092103046,0.051204295559329045,0.20872159902781742,0.1093362320524615,0.08368198051289956,0.11205402408851865,0.09943485088636526,0.14473918713199696
0.07246664492995754,0.0663143452659684,0.1165546318887581,0.05488528932433432,0.10346327762681472,0.27717465426799454,0.1166150759363885,0.12430633496177605,0.06821974579800773
0.11172610013143075,0.1384742915595747,0.0332148278106767,0.18185754931015075,0.07077121722118337,0.06698317473087109,0.10433499237397158,0.08758989249433857,0.20504795436780254
0.15841405852202908,0.02582286234555416,0.0645682181465479,0.28813798105797167,0.06498928913960748,0.08812229802306602,0.1075140076501714,0.09448512489992557,0.10794616021512676
0.24311947315369528,0.19864666505283904,0.11199805757788915,0.017234390366936744,0.0794417194128652,0.061742530606768216,0.10950000867372667,0.10803143184651819,0.0702857233087616
0.14021668876936402,0.21737103793602344,0.12379699264521961,0.013602130731502085,0.09683550787160929,0.12144227492031384,0.11469640706589611,0.1055188836191837,0.06652007644088802
0.1594910043687162,0.08704355823708292,0.1003464269694605,0.11877638972569748,0.1075595666277459,0.08032851540711701,0.12559665308177037,0.14099503286398077,0.07986285271842887
0.07876596684775862,0.18358147723938578,0.11010648560737478,0.08832479914513595,0.1296666839351817,0.07851152027387698,0.12466999634615243,0.12316848815578556,0.08320458244934831
0.1290078862197502,0.04093730718161533,0.13023266464770777,0.14555544798587447,0.063103899729955,0.0860395893843454,0.10720183076266872,0.07049160773078654,0.22742976635729653
0.15526061810041725,0.054311815938246986,0.08267001299462393,0.10303594746020546,0.08915200125602252,0.07247464382731596,0.11017919545066783,0.1289021922014679,0.20401357277103216
0.13472653349948477,0.06252676801618008,0.08871254374778588,0.07910307954487847,0.10425069475377387,0.12135237774713332,0.12440080638697541,0.17738529333250078,0.10754190297128734
0.129185266460168,0.04690869161502126,0.11444391953208771,0.1986989481275172,0.09859179405632205,0.0890535789417523,0.1178078281034191,0.11352982968048798,0.09178014348322448
0.10395163408164139,0.19353307999292993,0.04994846680151618,0.10599993910389265,0.14318022259436128,0.07178653619038664,0.11828637147852865,0.18001430660557435,0.03329944315116896
0.11448872333810356,0.03756120111379856,0.07382547094588494,0.15123848146530058,0.11867267623593251,0.08408788926804193,0.10749567061380581,0.1792238169901911,0.13340607002894103
0.09047868665171455,0.04294671790625787,0.08198277841618558,0.31728499900936685,0.09184553799005235,0.1184659589067049,0.1007210563383439,0.08117907469159567,0.07509519008977837
0.12009291298474084,0.19809594021034482,0.08315127837674458,0.0908645410726443,0.11595259220536562,0.09596105632194696,0.148047504428321,0.12471074164904454,0.02312343275084743
0.1458630337886105,0.0655146821041518,0.08847424473987175,0.21352596556212367,0.09045312621645274,0.0704965712626751,0.12078631624814966,0.11228117141310175,0.09260488866486304
0.1483719258156327,0.21993398406489698,0.12584255685905207,0.06779318649638034,0.1056076269899801,0.08905235130438098,0.10195420792862457,0.06376137020745776,0.07768279033359453
0.11422393647876376,0.05688116715448636,0.07804405975973235,0.16622354825139482,0.11618757645843751,0.12409568509610769,0.12159687470763425,0.12266494829351825,0.10008220379992507
0.14959515315353056,0.0500977927966624,0.08017333483357651,0.1760691970691056,0.08922336039394396,0.10774654887918343,0.12214458619562106,0.10353868971827053,0.12141133696010602
0.17592304317691457,0.10621859033997778,0.12130698815407596,0.07918124172077931,0.08805794701991582,0.06692152314158323,0.12354124219915685,0.07342729985417519,0.16542212439342122
0.14660701665933562,0.03965888255646755,0.10503749860761713,0.13845780355641282,0.10945688375935803,0.09400568012038209,0.12140271938640547,0.12395022778754916,0.12142328756647215
0.11791187042152163,0.0998016248844566,0.23566922754555356,0.03922021852529104,0.10050267664405077,0.16677140713248492,0.11297626684182638,0.07103114395770742,0.05611556404710775
0.06216631870318388,0.2938972365190274,0.11072503509422098,0.13500101712218285,0.11698085218308552,0.051815434843421264,0.1003353330249221,0.08656964578235284,0.042509126727603236
0.0723576757257881,0.2099019243412731,0.19981287630135422,0.03492245437050084,0.13635961676573313,0.10844224177661954,0.09555740735290504,0.04697039034556477,0.09567541302026122
0.09727727823987904,0.23635205672002813,0.10709329505607289,0.04154075875523281,0.1042813482744981,0.16685146520756655,0.12038250996938256,0.057897657754919896,0.06832363002242019
0.11562084620686945,0.22824602418062412,0.10406443081037094,0.04240173011595668,0.07172994653391952,0.0933214170629052,0.11455421428318198,0.08797633687452183,0.14208505393165027
0.10842068944269645,0.06613307041102456,0.0734327684187447,0.22383303180645686,0.07686595003800689,0.07745011632002312,0.09793411620225945,0.12510249351935993,0.15082776384142813
0.12641570987804068,0.13933076458980778,0.057622412832024746,0.016867201187335232,0.1304341548119873,0.2000297410084353,0.08756236544140182,0.05553430961674375,0.18620334063422336
0.09415117595726079,0.08894606627315277,0.10395931411398103,0.04826916685652979,0.10569226906291461,0.1978329055499289,0.11828858559282429,0.15418278773462712,0.08867772885878071
0.1498931464790713,0.011019901294884754,0.07499962171261859,0.209181644371076,0.07405036930905785,0.09657751357024447,0.12851241484693418,0.09573774431978294,0.16002764409632986
0.18581909288244988,0.08098735302819142,0.08369961961153603,0.13096088000835887,0.1131284614371042,0.08879428539445454,0.10200949408539757,0.08463937366619972,0.12996143988630768
0.1964750500862901,0.08389225349774271,0.07722801613334904,0.19189282270125904,0.09944562305638072,0.07160965023177958,0.12459276737754783,0.09432880186873864,0.06053501504691236
0.1270323760762962,0.02632828345732331,0.1141137490801483,0.11665270678286381,0.13268370156760015,0.11766906956467565,0.10691001273027018,0.07577643483600417,0.18283366590481828
0.11859369585220907,0.2739378569622506,0.12865312056659228,0.050697538141827286,0.11518281949141286,0.06702013709193254,0.11749504613641588,0.09299195414696672,0.03542783161039271
0.14272044914591306,0.03419917211596992,0.11295477164044132,0.07898761000353545,0.11996113053578862,0.11034425359046172,0.12659927673084212,0.1262600197900515,0.14797331644699632
0.11584070916561844,0.07048620318121576,0.12703974066876314,0.12750441388175818,0.1423991410523332,0.09867528525576146,0.12172940630339202,0.11895388814854213,0.07737121234261571
0.09082207797669441,0.16843454090657964,0.09715618537729244,0.0659859256316527,0.11864640179276846,0.1894992670421823,0.116580873015197,0.07151617988159704,0.08135854837603596
0.12859692149543694,0.044274700581875416,0.06818612558789498,0.1962576121447792,0.11111549199532751,0.12679104486961817,0.11005877630076492,0.14361875924100773,0.07110056778329511
0.11151259459326607,0.03907065202575322,0.059120294805477126,0.3607351736944879,0.0789919565577331,0.07616423973362807,0.0932870246902378,0.12396769788089346,0.0571503660185233
0.10953476786267617,0.0555263442354396,0.10115239232054991,0.18121107691618624,0.11268710641178935,0.12725051926029288,0.12686527784425847,0.09896436812204636,0.08680814702676098
0.10661685051754688,0.0487932469876066,0.1047133894025127,0.18813496979479383,0.10158350255651576,0.09193231385265484,0.11297026435843364,0.08262216169068898,0.16263330083924676
0.06505244395884276,0.23365533828734023,0.1379721057629469,0.08864004693794747,0.10543419801668048,0.07079077398735324,0.1034470060651368,0.17764012302502952,0.017367963958722532
0.10307285108667967,0.09533304693193023,0.13044810683629712,0.08756768307898648,0.08169777952485961,0.1308849146974901,0.1020629407923012,0.09454203364782089,0.17439064340363472
0.10575430111680163,0.04990951662830476,0.08095361269307456,0.27079338030510575,0.10176843987731331,0.1295038595257713,0.09986468494638034,0.1232406756615192,0.03821152924572916
0.11237672471825016,0.09867681651984818,0.1250974577703902,0.20546896849601723,0.09018449702133328,0.0978301621092807,0.09977741484343498,0.095709861672309,0.0748780968491363
0.09115836859201078,0.27157510019388115,0.07984319560432694,0.02222314443857351,0.08234854134083149,0.07475101619808465,0.11197575237375827,0.12329108846156232,0.14283379279697095
0.1331876734910562,0.06868649901831957,0.05364043970224288,0.26239383301826863,0.09744620707100766,0.10175390050965676,0.1046673235333843,0.08370732695694212,0.09451679669912193
0.1697811528147275,0.08599813684207562,0.07915254347479153,0.17222360735194867,0.08966780283185231,0.06861031816124366,0.1309826508410877,0.12334989860324275,0.08023388907903027
0.12048572686336216,0.08323844231226771,0.12125360221070998,0.14233089244399394,0.10681750504163924,0.08072302239565778,0.10100561507941812,0.12528369477929174,0.11886149887365931
0.12206155622954036,0.25024127935709245,0.07449717727413967,0.08788927513318741,0.10513196804439973,0.09033871989852872,0.10798275930666562,0.13288225806816864,0.02897500668827746
0.113552609349504,0.11036831846475,0.1582017154113383,0.1393062947151339,0.12520252694630077,0.06968583485360984,0.11010987714348396,0.0845863128724752,0.08898651024340413
0.1489227406712657,0.09832623432160166,0.09871623044992954,0.14009800563204639,0.0879895883773651,0.09569454854188429,0.10323284531412802,0.136544209902516,0.09047559678926319
0.1352835154107395,0.05001623019379126,0.10477333122283135,0.2015274671958127,0.10219683536673001,0.08195199472278579,0.10204984128586635,0.12353553699274426,0.09866524760869884
0.11817727326568007,0.13744977247389567,0.0961206920004023,0.1461083168842171,0.13069616865453904,0.12848322795135161,0.10689234688495448,0.1128124662849922,0.023259735599967597
0.1276783556922261,0.06798965145639334,0.11000488409182956,0.10679136694949644,0.10781600434225151,0.14918970192467515,0.11520968226595107,0.0933403873856342,0.12197996589154263
0.08837083091516483,0.3387332422875306,0.05798054470140183,0.09934265516766151,0.10748515996364909,0.08129007982583052,0.0981045407404229,0.06596504633976454,0.0627279000585742
0.18685127362358353,0.07304715995229615,0.06073010768443981,0.15009663148420596,0.10387654207999136,0.10264624182581356,0.12333050624340851,0.12926939489217676,0.07015214221408435
0.08281395592760253,0.08790695092959465,0.05607222280477487,0.22590413670757967,0.1303375254733621,0.15428661175437952,0.10101590293838186,0.12836592169611108,0.03329677176821382
0.12287380082187188,0.03293741115555927,0.09370417098163997,0.19756261641595638,0.09073942564143302,0.10821562379425699,0.1359138199003758,0.1595355597810247,0.058517571507882005
0.16900393995000731,0.1618693323378592,0.11442599975193884,0.0650121278906028,0.07245253978307083,0.10481671820757561,0.12778733124809946,0.07538685065302418,0.10924516017782175
0.08609097411132775,0.10369477429494035,0.1363042199061806,0.07932747306280734,0.15722278095986594,0.1434719064168274,0.11392269065531165,0.09188836037219482,0.08807682022054412
0.11576090043746827,0.12570590694470327,0.11596508970720794,0.09494910624124471,0.08753295692517915,0.10187470378160433,0.12933556410971045,0.12660213080838145,0.10227364104450043
0.05075680088390221,0.03788459969067076,0.0974158465249874,0.11246802074831808,0.08304930624616118,0.09587058225502425,0.10464747136821269,0.05261874942740511,0.3652886228553183
0.09165001074480472,0.21803116024335392,0.06190461571373985,0.04560833107289327,0.10210703775992813,0.095329361886555,0.10409517518286603,0.12264240839753691,0.1586318989983221
0.06384881923489123,0.08334529464257473,0.1543308388049619,0.07741644404800183,0.12514327468894396,0.1490714465535262,0.12162221394568601,0.16068034096484607,0.06454132711656806
0.07474574427537613,0.18883222875531125,0.21319369537873245,0.0869041767256175,0.1081184229667199,0.09674284869661319,0.10918577226801664,0.0562013622823963,0.0660757486512167
0.13234860365177545,0.17205291973413603,0.12030415763101576,0.15568663395001914,0.1044474202789872,0.10398792519714244,0.10666134700091395,0.06642576890373872,0.03808522365227137
0.13573189879258266,0.062093497277475936,0.22791752850545124,0.055224470402155966,0.15488224531379216,0.10621655806818538,0.1126586392054389,0.12726358513544375,0.01801157729947397
0.07311349014450695,0.15635415637481676,0.04773059294810681,0.20742418656342423,0.13425975056435077,0.1981613559637442,0.09355393413610284,0.06897823517056888,0.020424298134378596
0.12100068655902636,0.2005877478963678,0.07505013038191251,0.03125373151043539,0.11801022144333252,0.19821922739477058,0.10951591151668999,0.10006105449672877,0.04630128880073608
0.11756615472464865,0.1595760064618217,0.09781589437163263,0.0462220128775806,0.09106141353014409,0.08926496965085229,0.11849012776342589,0.16279584501257982,0.11720757560731421
0.17270059081524236,0.08217886816120218,0.13090489826589063,0.04034973377493922,0.11313154494414872,0.15979589244604106,0.1163377158090806,0.08518720640590778,0.09941354937754748
0.11693857448003235,0.025013309713187135,0.10075000383342401,0.21477996787886253,0.10511006248704553,0.18015721988386244,0.11530114836559868,0.09577087105944439,0.04617884229854294
0.13966689575248234,0.04131873085773854,0.06399498263691739,0.21190129086117024,0.08381072081991765,0.10176112699227591,0.09893467945616345,0.160677270552515,0.09793430207081961
0.09779576895796764,0.15279742969773716,0.049298007790747146,0.1428644988389285,0.1013135154203415,0.090139779515391,0.13114058348322466,0.15071258230395024,0.0839378339917121
0.09062926527309466,0.2424674361594529,0.057207782293957114,0.16139748944189566,0.09590039390856213,0.13418615303277381,0.10800249448790156,0.09740553487495862,0.012803450527403558
0.14762314680909724,0.063377315142137,0.1138582385354931,0.24428030744243026,0.08221654084881792,0.08026707104254031,0.10579529829297148,0.10127052154499168,0.061311560341520834
0.09534018779572169,0.23870577317059163,0.11805958090068251,0.12489852299712793,0.12410382539666188,0.07160581768549051,0.09819132403273885,0.0910448804056667,0.0380500876153182
0.11733138119341653,0.1613146026009679,0.07612312581979791,0.1793292407188222,0.1051321875713885,0.07075335163285364,0.11129901024256166,0.13043888330980236,0.04827821691038936
0.12083364675286189,0.12427916162982444,0.0567897312593415,0.24878405582505905,0.06415846739411556,0.07686450194073285,0.09689041824810256,0.06692182645649176,0.1444781904934704
0.14126012309641747,0.09510648040692393,0.11571181514544104,0.04205869708142118,0.10052861140001591,0.09758859997539465,0.13629506864942428,0.113122706804501,0.15832789744046047
0.17688130295623297,0.12740794480187811,0.06618461450955196,0.10918535443840788,0.08257992327258863,0.07903817690369688,0.13002458714255186,0.1496711015622458,0.07902699441284582
0.09566529155589142,0.09910162693463521,0.09972415756280263,0.09440067374826977,0.14512811471378087,0.14633103820514107,0.13048344488658944,0.16656369611697588,0.022601956275913687
0.10998608366020879,0.044205603552774,0.08069596321348632,0.23515048938941074,0.129362083840277,0.09614252419445903,0.12481736245059956,0.09667047298542608,0.08296941671335843
0.11851897933766671,0.05487289732896942,0.0868276104670579,0.16387107024367395,0.0948250329597723,0.08381455050075158,0.09664291545013774,0.08599851278357867,0.21462843092839165
0.12409424599328477,0.2096159673665879,0.10223955280383223,0.05318681374106874,0.10228007625346029,0.1847004609023114,0.12578829064932037,0.06600844364832208,0.03208614864181225
0.08444866059841134,0.1762599382044664,0.1512068693751075,0.04618524303745349,0.10384347655367947,0.15613648304239755,0.10788575345016416,0.10141112793987202,0.072622447798448
0.1846928970075631,0.027319421327965568,0.09788180321744755,0.08370705289103288,0.08430628555746733,0.1031431913818598,0.1115227878475616,0.16482139719232727,0.14260516357677486
0.13019762564414272,0.09757679847500718,0.09004679373610595,0.1622208815855853,0.14621751064040767,0.08315381828376658,0.12094055303862555,0.1124996715012634,0.05714634709509562
0.12734878678215197,0.29310891275331513,0.13712347940670833,0.025479791095509297,0.08493762998703765,0.07055072951056167,0.10410468069810151,0.12593749737939383,0.031408492387220675
0.10806616192928832,0.12754375672783058,0.08005941370085491,0.10651421686750301,0.0998959216347574,0.18260964438748703,0.13446393010952631,0.1158142409061325,0.04503271373661986
0.093813762600731,0.14134497150480715,0.07744329970359723,0.18786190825892082,0.09786716768288872,0.15901947789368942,0.12388391070604388,0.09440671046014272,0.024358791189179014
0.11721654750885761,0.07112552029121653,0.10610909481425325,0.0534885943569424,0.12450045837429101,0.07800726174474333,0.1141326475795279,0.0999956009551351,0.23542427437503288
0.08692203566243269,0.2422109233593309,0.06525096467878479,0.04544962706073472,0.09251738361680095,0.10892456211171724,0.11028212968584249,0.12043895251676669,0.12800342130758957
0.0957725254880496,0.1036925142595491,0.20302441592763285,0.11584297272153765,0.09970980784025683,0.12380473805807406,0.10623812105516783,0.10088279677419887,0.05103210787553333
0.1058163466513819,0.07759666952268464,0.057404559012012434,0.25891448386043575,0.12997443895309818,0.11702723737145337,0.10472381164790916,0.11769210326487445,0.03085034971615018
0.12744459609192052,0.081232646009092,0.05071101465631339,0.2856068080542397,0.10656415661187961,0.0842262145707942,0.10617138672262584,0.09621335452588636,0.061829822757248354
0.10265473782499406,0.09227388345123451,0.05892864365832035,0.3802882792241939,0.08007708078780779,0.07434788864118073,0.09137923168740254,0.06958188351886498,0.05046837120600111
0.11818358798688627,0.08910009138639459,0.1167823142465217,0.0792018248671214,0.11108345256617247,0.2249738447746362,0.11367848088280508,0.0933625282712802,0.053633875018182085
0.11238482895267489,0.10891052715018064,0.158209493154488,0.03820082348561329,0.10754466211232838,0.14969172154247148,0.11212567926226984,0.10623523747481196,0.10669702686516148
0.07018968916859462,0.19536934830351196,0.14852889813704181,0.10831739525302524,0.11608529104262788,0.12935602690474302,0.0967773370471799,0.07676461405100286,0.058611400092272614
0.11663118622419318,0.1149973164102746,0.21271401709810514,0.039474025425298,0.12596197979696963,0.10441265806601636,0.1094180867821392,0.11268745723781064,0.06370327295919322
0.1269231742565802,0.1290111577709963,0.14078616064196883,0.030906604244995636,0.14209154670424481,0.17371017978585765,0.11132165714834037,0.08319181812365024,0.06205770132336599
0.07775210557634257,0.1962718432772058,0.18961295812107545,0.1495400651737678,0.09242732695707351,0.04667364550356041,0.11276494884119487,0.11038000952240846,0.024577097027371087
0.10238918118930958,0.14027057802858292,0.11017324900158533,0.06963953052076621,0.1254587102145306,0.07846713841237363,0.11563694426738237,0.1668774580613017,0.09108721030416767
0.09139266087072286,0.0625070811331923,0.07076029787977865,0.3885886583521563,0.09219894453232517,0.08842255845395185,0.09371087992646572,0.08586109051005623,0.026557828341351005
0.1044225560106058,0.2322000232390764,0.1486834228386566,0.10256129363836401,0.09813567272762753,0.07850984782690094,0.13120697008723312,0.06057089955876055,0.04370931407277509
0.12140040455178593,0.05683531688561828,0.10717003806631968,0.21108478170621758,0.0956008192283679,0.11474756911796875,0.11512015231850369,0.09992769298090208,0.07811322514431608
0.058837968156538245,0.15263890093754995,0.10623026771542367,0.24081263068883355,0.10030946562269782,0.09632402561631542,0.10158702071025477,0.11398651285484897,0.029273207697537638
0.11877607325655042,0.15465072305479638,0.10754963266847267,0.127278070467871,0.11625816727511362,0.08737475347675101,0.117595237424369,0.13548325397841596,0.03503408839765996
0.15490731578618386,0.04448597762847046,0.09818315197141476,0.11733219432095499,0.13472910476797664,0.08753051768827676,0.12828951959764323,0.09357644199526798,0.14096577624381132
0.1341813281975077,0.08904513917115685,0.116551175865599,0.15958329317790035,0.12679689367338917,0.08592159480938981,0.13417905116865064,0.10247256476498984,0.05126895917141661
0.1384952330735505,0.20657266824853537,0.16394459307174133,0.03472689018858432,0.07883459173950261,0.09515381019542839,0.11804553161700183,0.08126888789401622,0.08295779397163949
0.10701996522762726,0.18076664433763093,0.08920440079747817,0.17126989769174072,0.1253172521204957,0.09867665606213731,0.1153000267258066,0.073762997383901,0.03868215965318229
0.1311418469539853,0.09664145644476259,0.09004507986224085,0.013904336936513434,0.1166058873231804,0.18187785073640725,0.09973454933502013,0.08374548194322218,0.1863035104646679
0.11539572278265564,0.19298211506956883,0.08655950429238089,0.14786651713631033,0.09951220602754074,0.10466248966136638,0.1227254466270399,0.0837759494023293,0.04652004900080799
0.14034268309823192,0.034165232405649164,0.1054604691943038,0.18114789443177734,0.07576272581738354,0.0877485970872257,0.10599293512701291,0.09065178251010171,0.17872768032831385
0.1815782183221534,0.04579781698647455,0.11056364405866743,0.08688398691855514,0.11164424313777854,0.08947596580634724,0.1407775911439981,0.15832213588411845,0.07495639774190721
0.1478333713010662,0.030949230155015398,0.1031432706245526,0.06817108481654392,0.11612944811419096,0.18374412054187303,0.11399612079284442,0.0683651973982168,0.16766815625569664
0.12231095464469664,0.03943457486000731,0.07352211890862383,0.2625292353350282,0.09777575670734774,0.12963009603450446,0.1229237037552907,0.11209156106241995,0.03978199869208122
0.15126821225862333,0.05661162985217938,0.15918746543318665,0.037988192180826164,0.12869789640754684,0.04560546336820045,0.14021825601360324,0.17624729436308173,0.10417559012275224
0.06003282157855818,0.24513236688193119,0.05811518929899825,0.0925239195863115,0.08067256004417173,0.14828743248334844,0.10568105100914228,0.1105096787789005,0.09904498033863803
0.12042579436065433,0.16912449195702958,0.1449781240248653,0.07079575918144089,0.09408080344530112,0.11505934745035096,0.11518813564522494,0.11193326634520584,0.058414277589927115
0.09272105963072368,0.13554146392357988,0.06889052271128554,0.23608972337704212,0.10721800226992877,0.12153410420828818,0.11058070418181092,0.1133996984164936,0.01402472128084728
0.17496642391052328,0.0486159467368234,0.07228108910408888,0.2338096938665766,0.10772546776713082,0.08318556090886675,0.10293473234146015,0.11559022161702855,0.06089086374750154
0.09859808083335776,0.09684537254360948,0.1956603251985957,0.12270778074142623,0.10408898988160119,0.13154763118534007,0.10390849021476634,0.11033514225074813,0.03630818715055511
0.10569808386982343,0.026994599119044966,0.05053939701845511,0.2661525131262204,0.0766981292591291,0.09440111518023227,0.10292430462186251,0.14342500486331025,0.13316685294192196
0.10782980114709813,0.09805655941090395,0.05335238205767719,0.11815853121780107,0.06553042363874066,0.05580074361457179,0.10280415593337765,0.07618508445808454,0.322282318521745
0.07748642016407832,0.25826266529385716,0.05841888907871212,0.0937238285045379,0.10046700236125194,0.18267627631711295,0.09650659538528454,0.12157781141263839,0.010880511482526702
0.16568212992438872,0.26820757301297987,0.08055558021803749,0.08540738187062223,0.09354141730571956,0.06632716694722744,0.11205681017017881,0.09270572925827918,0.03551621129256683
0.06418905081103841,0.3860293866611469,0.08930824250723625,0.03903596890554156,0.0813186982860213,0.09092236370703827,0.09632107265740573,0.10108894507872923,0.05178627138584241
0.09485349040053453,0.021509816017266894,0.07518314338860543,0.40325740331431387,0.1011404679489334,0.06819748503764785,0.09453105464362227,0.0940115215932666,0.04731561765580906
0.13908820575826394,0.1315051931501903,0.07971482257587201,0.0623759345860761,0.1274798838814538,0.1091228728120765,0.1445818620849443,0.15596131976185323,0.05016990538926989
0.1255678875307861,0.029540325673471184,0.1343532451058184,0.31429245408422096,0.08019880480936371,0.0672340256574284,0.09818029398942961,0.10772894837529019,0.04290401477419137
0.11200259049775779,0.07406826325699879,0.03572843155167563,0.18618742011480494,0.08077130175521641,0.09082522807439813,0.10615400710762836,0.08801905115013049,0.22624370649138945
0.13599941213851985,0.0829572438968953,0.08005381839508975,0.10847413665823435,0.09489542853556458,0.0920274306670014,0.12133864076607516,0.11381805401747913,0.17043583492514047
0.11998377450787363,0.07004656233170896,0.10739041220749125,0.12908344494287138,0.12512627843297663,0.09117279926524703,0.12298168620243044,0.1730013620413521,0.06121368006804848
0.12070618650727814,0.013399880527543663,0.07353372381959711,0.2725325657935819,0.0764421415581009,0.10705551516918305,0.10042302842618568,0.14074431314969107,0.09516264504883863
0.1829174764147872,0.17290560422577603,0.11772825281930721,0.019681964054987514,0.11739274772526581,0.06669603823450804,0.12264187626819929,0.12150036114292244,0.07853567911424646
0.12914877298595445,0.09061853606480065,0.09973587712392133,0.09809493228999604,0.11973133683661674,0.09825984893085937,0.1188976652139262,0.20005367423219736,0.04545935632172787
0.1315893116368046,0.13536246474032732,0.09897775792785897,0.08217672156382823,0.07063497345606203,0.058201007307814016,0.12828841526026524,0.10365722444625647,0.191112123660783
0.16916589682768102,0.20318380442915537,0.09864022442228133,0.05039690371809304,0.12958356028309753,0.08860878521296578,0.118805352423077,0.1165774455910007,0.02503802709264817
0.16074290848421566,0.03518324066327627,0.12778969861870876,0.15957513498518439,0.09613012961605392,0.08301847125660948,0.12294926487249659,0.09958051580826223,0.11503063569519267
0.14904855190726615,0.209398555995122,0.06636484523962764,0.0834517307818821,0.11131841953713607,0.10913358089356022,0.10179531419019507,0.06886529021040015,0.10062371124481058
0.15409711965229528,0.11456787957249163,0.115786244951169,0.16620454997819298,0.11812008298564845,0.06645811140682538,0.10638372093784132,0.12413587085034195,0.034246419665194074
0.1222458217022138,0.15384653773557436,0.085904647430723,0.14697191940733653,0.07237644844994025,0.13043047843022917,0.11210043917884911,0.07908962833016359,0.09703407933497021
0.08870926577553791,0.24818708988559376,0.1236753629785149,0.08803023537328486,0.11361790739916243,0.05759991279456611,0.10766538439174561,0.08371130418697599,0.08880353721461849
0.1450944521071288,0.12207184667163973,0.11714044498408861,0.1183939203699164,0.09934998681235215,0.08601817874099622,0.12587450230306377,0.13956723447441044,0.04648943353640387
0.08940755366999924,0.079743437448998,0.12541284196770844,0.10823015879613905,0.12544640620413144,0.2702491474356478,0.09960321803038413,0.07169891346642444,0.03020832298056748
0.097404739724426,0.3502856777783831,0.08007792870441643,0.04500273043249192,0.09347724494959497,0.11448058679146451,0.1046815343181245,0.07015641499938047,0.04443314230171816
0.1363387704159983,0.07739476984864374,0.11341202233376686,0.12370710126300112,0.1017928754145911,0.14403367550233556,0.11280915581051348,0.08601592962935865,0.10449569978179125
0.1584832309564039,0.11191213500149505,0.0732880267626499,0.1011020668808504,0.12768123925222857,0.0747455437926533,0.12332618421234641,0.08686793076793076,0.14259364237344171
0.14772540248612168,0.0568186301834308,0.14761266888762858,0.1815879994704058,0.1121364472304462,0.053603927368278174,0.12780953298706318,0.11900275043925292,0.053702640947372655
0.09927982851310768,0.06819809191097133,0.1757036886394853,0.05628503410252006,0.13254164164120688,0.11203669287695124,0.12187234254965297,0.21219029888186206,0.02189238088424249
0.14485802153966107,0.08457673452135016,0.05976745991126357,0.13836869111427932,0.08776935601393994,0.0859224938310529,0.1234223530647156,0.20346328728455446,0.07185160271918291
0.19593771906305837,0.04851484066898152,0.049422829863369766,0.3104424285620913,0.0786481508600394,0.06562030089344684,0.10717218039894277,0.11302093356553573,0.031220616124534254
0.09421288507733129,0.32204925810169743,0.08341689272979073,0.014135184300687097,0.11385854572021976,0.11603386415558685,0.09466515166678334,0.09793736408277683,0.06369085416512675
0.08989388157610094,0.028925587534646306,0.08927126937192464,0.20043716469712355,0.09598660167097811,0.09004997336008636,0.10676596458194627,0.13410624221998316,0.1645633149872107
0.1426227717585241,0.21228429758507036,0.07417459105134337,0.055576962626775285,0.08626319597437933,0.06617100761267802,0.11965778059885196,0.0927077680327049,0.1505416247596727
