0.11161807006582068,0.10070573297562745,0.1812358918677163,0.10795946745193442,0.09121277637090612,0.12890469671780544,0.09766440840881713,0.10532302725131071,0.07537592889006173
0.13610634453455986,0.11582832351364648,0.105358611283762,0.1122788838739308,0.12671437623620926,0.09343720026400981,0.09471131376741303,0.04755977527740143,0.16800517124906733
0.09716285303468729,0.09058349702785973,0.3677641323724477,0.1024457950710812,0.06298124669094489,0.08870614948776885,0.0722756316447947,0.04016594989458518,0.07791474477583042
0.11663280746712829,0.11111751522130146,0.12198256567614378,0.1073952922976552,0.12040182935932496,0.11337171350879123,0.13662416824153356,0.04959445971273244,0.12287964851538906
0.10762926070744051,0.09308001474765798,0.07627866613297679,0.11514179196536761,0.0853687499684419,0.20355017510244997,0.11025490028116071,0.10879346325949756,0.09990297783500691
0.11482068879661773,0.11569602975043279,0.07998101625780762,0.10717850595853395,0.13112869185981546,0.16055178745212548,0.10791856817778799,0.10783633178200519,0.07488837996487382
0.12124733390935022,0.08194074910437331,0.07462428994978398,0.12066504503142535,0.1395763422215403,0.14388253870927548,0.07820429182188714,0.08448276177354164,0.15537664747882265
0.18667702822170465,0.10929591817598015,0.06715226516085902,0.115736497286958,0.13038460370020552,0.10827800597457356,0.13185802115348033,0.0371243228079007,0.11349333751833797
0.08722532856582628,0.09669106878939165,0.1598572770277195,0.12708344097698293,0.11569758208021456,0.10243217633223412,0.08556433912173626,0.12465295652626851,0.1007958305796262
0.13884972429681822,0.13886507421046565,0.0407153229707466,0.10669814965327218,0.07118029961327674,0.1328719110884978,0.13029892787661498,0.060038961332641506,0.1804816289576664
0.13630434322304555,0.06545435563480591,0.08157877554513915,0.11100503157864779,0.16137322832671744,0.12082750475798677,0.0986542796019139,0.14194931433147673,0.08285316700026675
0.15206717125575428,0.11136472390159961,0.08761017589658664,0.13051587278393942,0.09932179834625506,0.11978862162367167,0.11629355341043451,0.06634779955007757,0.11669028323168122
0.1295857009001167,0.09751696561481048,0.05537819770215697,0.1273379003891046,0.09869898829767987,0.10128506028081286,0.10167299994211493,0.11206589450867105,0.1764582923645326
0.1259867167502853,0.09582238356305357,0.16436985004598068,0.13133685717237034,0.10085529104457813,0.09051308787680655,0.10013572177637335,0.07575904535288373,0.11522104641766828
0.11172416774250964,0.11263671261232076,0.13556820309163267,0.11652644274453909,0.14439497487264397,0.10548986496817107,0.07593706393711791,0.09928640927538619,0.09843616075567864
0.12118032682743264,0.1063492320975471,0.10944085737250524,0.10431381425784036,0.1446665317322018,0.11597035324128785,0.14961028866296947,0.061147927500843864,0.08732066830737163
0.1173909212401766,0.10440248933110259,0.12391850325142044,0.12487949954377599,0.14557931744711392,0.11029981151152386,0.09443935391855547,0.04759217201275992,0.13149793174357124
0.12640372059430452,0.1822241517731987,0.08575623288123356,0.11220781977963414,0.10869380245095761,0.11075045188773058,0.10120904519884445,0.049372676709593694,0.12338209872450275
0.10657593546548938,0.12124129964114229,0.16782161810580612,0.11507708595952186,0.06338189502568432,0.12840546113326887,0.13312891133462168,0.0974899406440028,0.06687785269046263
0.0980681556654394,0.12699796230203056,0.11217211686700207,0.12235802639003944,0.10149337477351979,0.10383539065497345,0.09202743257933588,0.09198998434967504,0.15105755641798438
0.11758446959952851,0.09313161903718009,0.05751140870062532,0.10145785058937436,0.13346207289245066,0.1854097636135422,0.13515033675312652,0.09967893072337557,0.07661354809079679
0.14002726906801563,0.10934441448040834,0.0906976521650973,0.10114162746083101,0.13085726405388645,0.11329241904590485,0.1090546011798849,0.13097580450105786,0.07460894804491362
0.09912032015320434,0.12945577244443557,0.0808494687468162,0.10885155640114635,0.07766026683268294,0.1008648278767061,0.16449285283643758,0.15262320730824894,0.08608172740032193
0.10470924441132588,0.12182422439546087,0.15086925966785855,0.10886434073929041,0.07277134075930494,0.14138506712087964,0.09429662729618099,0.0815496591282945,0.12373023648140417
0.11094726143903717,0.08613236138189466,0.12566743612021367,0.11169672619839695,0.0857891162433948,0.10470169355500732,0.1070975790449366,0.09083425453740157,0.1771335714797173
0.1602951103240528,0.11432142446821296,0.09674513137219631,0.11641350954161606,0.07253515118039942,0.1097995847553929,0.09975918129374244,0.12238858338770715,0.10774232367667987
0.1216247159503836,0.136583766759883,0.12004558441788643,0.1284403873686227,0.0915409389725655,0.10114947136920817,0.13528000435031293,0.05749123506562818,0.1078438957455095
0.0951942662153996,0.11838875651444385,0.10376764126360667,0.11380329026116291,0.08905794606405452,0.1749786433335615,0.08475378778071192,0.10141836815049808,0.11863730041656105
0.13849890218453562,0.0953966526300138,0.026106796430390114,0.1150276353052405,0.09464035555918927,0.09616519167927699,0.1642922151611692,0.14241933706990859,0.1274529139802758
0.08513589124874087,0.09915164803406695,0.04105036894177322,0.1194501234998326,0.15837006080443458,0.1566178484674449,0.1251918491664823,0.11871044301822146,0.09632176681900322
0.14080469325924602,0.14740465850556225,0.06006473491148373,0.1214267294235077,0.11431740112379192,0.09580617505930433,0.11521958996325914,0.09521303678679256,0.1097429809670525
0.13314060521407464,0.11723156480964654,0.13099388877867468,0.09836931361424639,0.10235867082105969,0.0785146735315132,0.10517239549985306,0.17264006223429174,0.061578825496640184
0.18129405423853595,0.07462493931862646,0.0293610699074137,0.11073284518816205,0.10293763848771165,0.08904164208610937,0.1581280202299127,0.14628881900032364,0.10759097154320442
0.13804420218054286,0.08765143872170789,0.033850296411275516,0.1068845830626831,0.11193783815562974,0.1182608859256552,0.1337214643251957,0.03229878056866156,0.23735051064864843
0.16441817142655044,0.09270984314669269,0.08783121466667415,0.09508285826814343,0.11961290503849077,0.158829961027448,0.09205490518441202,0.07346376610965101,0.1159963751319375
0.09927076734891817,0.12076674310351494,0.0703163154431636,0.1332545690842302,0.11168117548731826,0.11142229562182411,0.15987048221178352,0.04825684358344235,0.1451608081158048
0.13869649663579783,0.10933321906152597,0.057027011272819596,0.1394688022853319,0.09183656112383082,0.14557186042559392,0.09981679622111188,0.05239648379279427,0.16585276918119385
0.11315816392912925,0.1006584747074797,0.06802879595456451,0.10726413082321735,0.17184580023123186,0.12226074445464137,0.11838769990633398,0.053049533835582176,0.1453466561578199
0.13380540836879004,0.10664506966015395,0.06343593855036915,0.11235162106142986,0.12236852781572806,0.1217384249863979,0.11029534681010023,0.09588893737070536,0.13347072537632546
0.12904706417610637,0.17412121541681225,0.07024943610528173,0.11479364673300807,0.07618441615041016,0.11445629732024591,0.11068245112117081,0.09122152770056531,0.1192439452763993
0.1684633227954104,0.10654334557346677,0.07909149329882585,0.11439739260415861,0.0911747688224978,0.1305441072801051,0.09236829810597942,0.06646865084945756,0.1509486206700985
0.09863816271893751,0.126456030473613,0.14468841293376009,0.11970608888048867,0.09903749583431372,0.1225259633184247,0.09816703807989689,0.09818083388130654,0.092599973879259
0.08833151673875994,0.11302833328756774,0.10036041089695656,0.11695216139453642,0.08138303680695157,0.11817185586488503,0.09026501376198998,0.1720585284990023,0.11944914274935041
0.11126288951895162,0.07067188879057056,0.3460020283418737,0.08182741393681163,0.06051434334009379,0.055189702511242965,0.07443509801816646,0.13344720015719738,0.06664943538509178
0.0808030158692956,0.1333330425459327,0.06663734399233413,0.1079503662592005,0.057715201307738655,0.13395605778599176,0.08405428486049266,0.2337035601346227,0.10184712724439143
0.12027218585250764,0.09997484636959558,0.10452489789802503,0.10964526678273412,0.12672261258144105,0.14006385418116699,0.1093032467591829,0.04334376564666317,0.14614932392868366
0.21381791724125607,0.15768292843933993,0.07886151242260643,0.1064536533701091,0.08517847409488875,0.10026310139281769,0.08800569539055493,0.060271479965614015,0.10946523768281309
0.13155506768300293,0.13481813359180217,0.11072063195318145,0.11310950790124341,0.1027109542617597,0.1264513972147485,0.12385897153198351,0.042341120292302185,0.11443421556997614
0.14367430887821367,0.14493828351594804,0.14553928381461417,0.09708724676106949,0.1308861317820586,0.12342095194698958,0.10099676447607925,0.0590078806823045,0.05444914814272269
0.10566507074554893,0.06783861033121878,0.12193355161706905,0.11529245727266575,0.07101835511605868,0.14796967247517032,0.15394211263347649,0.14642339604390364,0.06991677376488838
0.11840453652643858,0.09616597922049608,0.03241321729135615,0.10642617781430963,0.12975504496774862,0.1745964503001555,0.10833362867418482,0.1470874159473267,0.08681754925798392
0.09137864824012681,0.14284702376624447,0.11234480123259026,0.10764896655680063,0.21361058024768595,0.10919730788267018,0.0681428882000543,0.07941877712404925,0.07541100674977817
0.09508950761763656,0.12632478398159377,0.2104718897745438,0.10758517064002303,0.078819446849988,0.13992979075974074,0.08798348978842996,0.05772306131437549,0.09607285927366864
0.12360155305990948,0.10717076565131577,0.06343303372994255,0.12450044836686487,0.13087966748521698,0.1297119032578277,0.08852484631491943,0.1159072349333744,0.11627054720062864
