0.12753062340871144,0.11073873835606089,0.12409690809558006,0.18276121787822422,0.037556872524159964,0.06296802460169458,0.1644252128356157,0.08625131001144538,0.10367109228850775
0.059608015857499246,0.09115786208933284,0.11638276877966831,0.10942497154210847,0.07641297776181603,0.14956096711896127,0.06716535761821442,0.1113328725350754,0.21895420669732393
0.0755780385370864,0.13174886185963666,0.16029911300993419,0.07584522716557873,0.08704854776468925,0.07823984648069672,0.13313100184119112,0.1644345831762687,0.09367478016491826
0.12381682994156484,0.11509025835003373,0.12703282125203902,0.1269062071947857,0.07638401503515573,0.08168767781267551,0.12706276336155822,0.1141303982395276,0.10788902881265962
0.08056641725360342,0.1487463991454675,0.10673800217142937,0.10201198443789378,0.05393911429972998,0.1539365409710606,0.1018401871373197,0.0750010776232315,0.17722027696026413
0.15186131079708692,0.1318827549502877,0.13672557382788086,0.08804553378600667,0.06098702651280782,0.04895063389578128,0.14524378663072082,0.10849186236520414,0.1278115172342238
0.16502089978328913,0.08732894050360224,0.08872222516760286,0.05898439241351344,0.2503581012761567,0.057335725730549396,0.1089685051735531,0.11511329617467708,0.06816791377705607
0.15430561234237747,0.08855286420642637,0.15064661879668476,0.05966533806504548,0.041797843187143136,0.05133875239574968,0.18310103092384922,0.16147143458548396,0.10912050549724005
0.10983251305412416,0.09919691177993493,0.11004536713191694,0.0852590879772493,0.18950368765301429,0.019415242342285904,0.19916181183092094,0.09187868123202576,0.09570669699852784
0.08241647288554509,0.11698554227728254,0.11248230023512727,0.09542973236254963,0.09255045802724948,0.09429448629613153,0.10302926629320734,0.14440391754091694,0.15840782408199017
0.10300157314633457,0.11833814348543276,0.10367660998935872,0.06826599483028616,0.05979522352848372,0.13378033159619454,0.16639563895119133,0.12952595601473416,0.11722052845798397
0.09647397792661179,0.10828818458857607,0.11903749242188515,0.1012565618718848,0.13727826193521234,0.055188894719695326,0.1674618101931817,0.09978759370690798,0.11522722263604479
0.06619521862900483,0.11877224579761499,0.13223615635978683,0.13061746842439892,0.10107500911730904,0.060903270376565954,0.05921770298549506,0.181150890410551,0.14983203789927335
0.1472819068365919,0.09972877842952634,0.10765491132637632,0.0951574813093407,0.056819289580408355,0.14499436567728208,0.133763707242821,0.10847291331372992,0.10612664628392349
0.14659025582767884,0.09684925204433602,0.10567524771907527,0.06590722595003913,0.07396761059952268,0.0868224346347391,0.12426953165048564,0.11394002330958308,0.1859784182645402
0.18860272556436672,0.1078984805228671,0.10129284899174056,0.07993420248182932,0.11182563116256951,0.0470393817502941,0.10078494775490389,0.11156392543028777,0.15105785634114097
0.08647885237180253,0.08889947330645792,0.11549994839004978,0.07015454397023803,0.08409369880393634,0.08130465675821355,0.16453519325305443,0.1613823278832567,0.1476513052629907
0.10618071357670013,0.10327955540482858,0.11853188105931887,0.18910290662973384,0.06033095584428134,0.06873040804894084,0.14384331398345526,0.10895231857241366,0.10104794688032749
0.09592076084008987,0.13228895932296544,0.11310863866233321,0.11423512949098447,0.07768064309305556,0.06918588177195449,0.15115209613648684,0.13593608513971087,0.11049180554241932
0.2977693723178004,0.10788224608565396,0.10158410026383358,0.07150453596664265,0.056799850206933955,0.08339158104195138,0.09161343966279889,0.08425310414820598,0.10520177030617917
0.09851151961998629,0.10332703694978806,0.11307391441343058,0.05979022913246204,0.15352241359672214,0.07486868343765374,0.19229311005050417,0.12499737462745736,0.07961571817199566
0.1186111719318677,0.12122368019720853,0.1113725590871188,0.09069580115147537,0.08465232650614778,0.10591347276040242,0.12024704483939565,0.10842278238812895,0.1388611611382549
0.07068227815259133,0.13659847140869433,0.11908801874627484,0.09078313160929617,0.1442180594877004,0.04952912808505686,0.13446240614278443,0.11297256488936074,0.14166594147824094
0.06709272898697989,0.09669866244246471,0.10584002208725994,0.10900082582247667,0.0792870358890788,0.050382954371840115,0.2628472847145258,0.09740618910697348,0.1314442965784005
0.07688559805561819,0.08940142381776613,0.10370052177489164,0.07400195644834268,0.1537455085231054,0.0633531952740095,0.21725443960285787,0.10163792804507966,0.12001942845832887
0.10283726120088386,0.08344983251814357,0.0834016646896248,0.13707103869305853,0.09025171078898571,0.06075474077971022,0.201814671266765,0.10758019953365767,0.1328388805291706
0.0839868055861755,0.12043130780201965,0.12245421974290692,0.11628275441030535,0.050210828526023286,0.13924403362382207,0.09862079865555372,0.1552634045678775,0.11350584708531608
0.08935955302766248,0.11174034120206365,0.11007767802748065,0.07373604551004,0.09280123207628714,0.05338580530472934,0.17788632794078466,0.11614511960823205,0.17486789730272
0.07086460191525366,0.17574873271854408,0.11163824167191089,0.0835845438534067,0.1254538865536056,0.07611007505301007,0.15177893533819317,0.10535434239935183,0.09946664049672392
0.24126593027830978,0.10766117408929998,0.09910062745127084,0.06407124793881903,0.13217477819443146,0.018153746372774855,0.10015792441028809,0.05795278895629774,0.1794617823085083
0.0823970401733583,0.09381233329848819,0.11826152045272757,0.13350955489717792,0.09698289429467621,0.21817604394449996,0.10223446437582395,0.0742656688977756,0.08036047966547216
0.13282711925140692,0.12093971287408174,0.1372556966128807,0.0869955233942283,0.09032379525578071,0.04688299189997467,0.20079458449825696,0.0882659046851683,0.09571467152822176
0.09245012846617129,0.10861711360557476,0.12272832341327551,0.08512425025594463,0.06923557804934076,0.2637687713530684,0.074639007614008,0.09709519627691744,0.08634163096569923
0.23696401334534842,0.09435001128338107,0.11646465726865812,0.08317104930540158,0.1227991458120179,0.0698789511254914,0.09664097673872961,0.0951911926986249,0.08454000242234698
0.07257469556307025,0.09879700351351028,0.12358460288131996,0.0870162616471095,0.07976377873018048,0.08042151557968975,0.16804711980947995,0.09452651803320172,0.1952685042424381
0.11110457801931321,0.13004869403011124,0.11263334522291889,0.08029343550673089,0.1870897766414499,0.059263122521568824,0.15589284145801785,0.059273838525252066,0.10440036807463708
0.10853656478928257,0.10924791206714979,0.13644297239346162,0.12043093252641163,0.12630648432007205,0.06549827915317538,0.0918286643370474,0.1083064446200415,0.1334017457933581
0.08211715105860215,0.1258950525073207,0.13429159090196305,0.09187924604284818,0.04914956236743883,0.0761495420428126,0.16153578265116678,0.12086902146442614,0.1581130509634216
