0.1682115635291428,0.09919407576027495,0.05412865660330304,0.1120981196083755,0.11306585852748503,0.10710103885254095,0.07181797899482412,0.19424123734111057,0.08014147078294298
0.11472308388774688,0.10103356277738512,0.061131751022904725,0.06849642247131953,0.14705929361795358,0.08816206310328074,0.28636849250364965,0.05500952399543816,0.07801580662032158
0.191088997675981,0.1737533693630194,0.1369588771692931,0.08699295356227042,0.10781021050898976,0.08595048227301257,0.06832070310879174,0.0944150293927058,0.054709376945936146
0.16400890951264616,0.1302207311675757,0.06006911812125159,0.0594930413670588,0.1325009560055744,0.0765147992368887,0.11360335099274514,0.15337147897215772,0.11021761462410189
0.161275460824059,0.10988981017281878,0.07712271002058792,0.07867916840810146,0.14283686958273448,0.14193665521731108,0.11645269129240887,0.09211795070009042,0.07968868378188804
0.044987383082625544,0.09150696731173447,0.19942780198696175,0.27628113048256026,0.10966496155336085,0.1323257883628688,0.03788376894802046,0.06045868319715416,0.04746351507471369
0.10234689754229008,0.16115827464926477,0.0411614614589064,0.04929815494008577,0.13539127916747754,0.10519762372353059,0.10435223746214932,0.15996300661203935,0.14113106444425624
0.08029790512308453,0.12778274073947923,0.1173655160691142,0.062069428639807654,0.13856625220567587,0.1217255874910357,0.11442707197394496,0.1490268842149504,0.08873861354290745
0.2710501278503897,0.0933445317967313,0.03371100202123848,0.09586745979693724,0.10059833824341097,0.08807632736982969,0.15885344588139852,0.08222960106901961,0.07626916597104444
0.06944970881991333,0.14945180522627963,0.015346958922314418,0.2238429823478756,0.09444988923016745,0.10620998069960108,0.12206223703169543,0.1347310583254862,0.08445537939666692
0.09205654566637171,0.08425977786418341,0.1352129285489552,0.141865970178261,0.07921484232984231,0.14143148352911492,0.04357433182231709,0.12168857936395439,0.16069554069700007
0.22322405883270946,0.0755601348743753,0.16528962458585925,0.1379164588272027,0.11074460789747494,0.08133340713682714,0.10823661409934461,0.044489910170832515,0.053205183575374036
0.1318167181401835,0.12334476594896082,0.022389816206465185,0.1347260667712635,0.1169521458041084,0.12864976757023835,0.1439071872999412,0.06325691628403947,0.1349566159747996
0.28949773542316243,0.08919128835759897,0.04703210182836667,0.14402961780844062,0.09722614544289372,0.0798542169157702,0.08083808843961598,0.05215333104518859,0.12017747473896277
0.09816960550788144,0.14191490587392475,0.10429131546567401,0.04701882828398527,0.11702854393535121,0.13485404701858028,0.08586961442691975,0.12617276686999931,0.14468037261768404
0.12860996725714202,0.14590784338494658,0.10399667965999863,0.06726741797327292,0.12972435101452284,0.11131267132898487,0.1680513163703988,0.08390015580866515,0.061229597202068144
0.12191323217336081,0.0962596886343563,0.13962431876788603,0.04310372423405027,0.12353996809596683,0.09592109798459385,0.09845663296233616,0.2032164061636975,0.07796493098375223
0.14233750062661735,0.09361730563590255,0.07809589460339071,0.19372453510921298,0.06921870018804206,0.14898674532904896,0.11314795068790878,0.07522935024123896,0.08564201757863756
0.1992043453318044,0.09523905782194993,0.10832100395293016,0.13028909450887827,0.12346869351580252,0.09023102003060908,0.07790907364145279,0.07852171781615322,0.09681599338041959
0.21281513980438185,0.08277567602462467,0.038205227555656474,0.09496566808102758,0.1243266096621848,0.16154425068332068,0.19829967147581437,0.03438267580019032,0.052685080912799186
0.13358756405696767,0.07685739396144292,0.055605709062378106,0.03433776449078615,0.1416166759160512,0.22680997372385925,0.08401781866231624,0.12664748200632725,0.12051961811987118
0.0906401330655882,0.09950627853359206,0.05652359686821265,0.16822590872566734,0.1499992605078688,0.12153763742920846,0.12248971344004948,0.12719271333821172,0.06388475809160125
0.06829698610747224,0.1409119648329656,0.08854443735284145,0.08512618340788276,0.11931903567049951,0.09659418416336309,0.08896076116150824,0.24539763216596408,0.06684881513750304
0.2347514273818716,0.14520577163028756,0.04491660530277363,0.14583166656290025,0.12827447016006366,0.1335428061439627,0.07183717346999141,0.03530768411712964,0.0603323952310195
0.06451868975881224,0.09488239925165341,0.12054422323901275,0.09646012354217369,0.08710474870813832,0.08800207951309706,0.06339946440528386,0.20257206047156728,0.1825162111102613
0.025820743364122767,0.14156424660054961,0.1825945430978978,0.03912370396101691,0.06349269959428734,0.14567783983029028,0.10553816634370598,0.1579804166283397,0.1382076405797896
0.22775876694649355,0.10380631243074397,0.18949657755515417,0.11781081078348592,0.09730470654801981,0.051629868402263385,0.11508241681482732,0.05433142691888133,0.04277911360013057
0.11962495231502661,0.14644590406925015,0.12544100381709458,0.04821780445353802,0.15726212960160743,0.16833084060386105,0.10652053660709787,0.059737806793343624,0.06841902173918053
0.06110727336884272,0.15619087402069778,0.062059526576007364,0.19998715164762185,0.0816421034530953,0.04968052218199853,0.0657558116686179,0.25389100564833306,0.06968573143478553
0.12276359631323612,0.1929996802659233,0.03455620606843256,0.05934522196969522,0.09437657959577524,0.08953340847717255,0.10381158897758956,0.22115049847992338,0.08146321985225216
0.1385072042869936,0.15423302830216198,0.08624935200751277,0.04199205074141316,0.14965849157931968,0.11644867998382802,0.14551195086510163,0.08873077966253363,0.07866846257113562
0.05227038817510957,0.10957516659787968,0.13614674399671564,0.06527086312297932,0.10091207027821998,0.10185794889975504,0.1166946954059102,0.24547033630694648,0.07180178721648403
0.32597866476226506,0.10677808831064493,0.04871082599908557,0.08741584262997266,0.14657758391048403,0.09914914738873519,0.06688404900935273,0.0663731895335281,0.05213260845593179
0.0912936356130002,0.15880834746591796,0.1322065221259211,0.05571834544976345,0.10024045848057601,0.09135233852693664,0.07995596626595532,0.16010996569263894,0.1303144203792904
0.1087998904635839,0.09413048608460872,0.12659805087604914,0.15133811703182184,0.10621128221842115,0.1476222648463508,0.09033848595854406,0.06718191724313559,0.10777950527748481
0.10593544626162438,0.14479719238941802,0.062020247650382325,0.03552646684618709,0.14268257704732157,0.1788428569771674,0.18897597531275312,0.0608010170081357,0.0804182205070106
0.07091013471775125,0.13838358715403168,0.11331876449490551,0.08990393611444514,0.12523171032107386,0.09027846224405865,0.12166270172270789,0.15187383570956228,0.0984368675214637
0.03079036591159938,0.15774490560860877,0.0443031816447939,0.08165177004690952,0.12377158254157221,0.15368689796429755,0.22198777801324918,0.08490170810862181,0.10116181016034759
0.12152324805168357,0.1546703079952276,0.028089266487775277,0.22944986156547484,0.11269218554862293,0.08774913146886108,0.11143989373050205,0.06598691128174815,0.08839919387010442
0.098388451997991,0.1294780484448865,0.08453646717105828,0.11746618966905853,0.08710826964339213,0.24810410779974745,0.10642078117375997,0.053432734168706454,0.07506494993139969
0.060353617158312445,0.1649312050631531,0.04478306360175079,0.16725855921395083,0.12362888125990858,0.15121732727060647,0.090404994494285,0.10343176704999847,0.09399058488803436
0.12423497282264089,0.08408985282322547,0.140678311284502,0.20295187359698527,0.1014099750304817,0.08263684824297035,0.09322761817728553,0.09456063378134845,0.07620991424056046
0.24990793757443797,0.08088825627354707,0.06518911198954767,0.06978085436969521,0.13448388942471343,0.07848192170811404,0.11807064509673737,0.1381891053400431,0.06500827822316414
0.036504719976865975,0.12345592381017241,0.1677424453323713,0.04223822528181656,0.11512667469319109,0.07132842027991533,0.27189058843831376,0.09187808130443342,0.07983492088292023
0.21156290771704844,0.06777123689205927,0.1734456135490036,0.049213503630767236,0.1370041328607855,0.0649222427122297,0.15371338101134452,0.06666806556205122,0.07569891606471056
0.02068576235677351,0.12176015666457825,0.034669134504901215,0.03992607812152793,0.11518959184230494,0.12131978655899721,0.189040137910837,0.2383685585444253,0.11904079349565466
0.12483230768424047,0.09449332324830208,0.1824489106328251,0.0722840910262413,0.13252348628822544,0.15899855225872242,0.10761024518485647,0.07208895496316378,0.054720128713422876
0.07067259888754883,0.08725568817710683,0.17176299708217044,0.11583647227871034,0.12489586381972183,0.13234401987305888,0.16860281113968012,0.07061743997372155,0.05801210876828115
0.04329628092651733,0.1580728702400088,0.020145078487244943,0.10633718720800091,0.12048611454639031,0.12287469535692054,0.17140751830199916,0.1912313528968834,0.06614890203603464
0.07919004244754929,0.1311021024088365,0.10651095684868317,0.05815373271928658,0.12293407413814787,0.2051086161621031,0.14623915475591956,0.053283772485356845,0.09747754803411703
0.32222327898396386,0.08480694943299572,0.1556591222345661,0.01665123975498793,0.12752434639999374,0.058898558191734895,0.09391993768198405,0.08007290689164508,0.06024366042812859
0.05170174748054473,0.07454582739867195,0.3284063410274865,0.1594756570150819,0.12501821163386886,0.08485177655339775,0.053658384540495624,0.06144044027249331,0.06090161407795943
0.27315672830112825,0.07191104772045177,0.17504224532392557,0.03219808109659279,0.12502203060016304,0.10048315925222058,0.10056898217840692,0.05768257532400874,0.06393515020310225
0.049187147974587474,0.13431032160767306,0.19413123137037183,0.04724728202044185,0.14300372456415722,0.09584146258196972,0.10829264959908275,0.12360882111975902,0.10437735916195706
0.03314862981840256,0.0966042496387934,0.032046757120851414,0.1292593567617124,0.10959555713188492,0.10408994854016478,0.24341277245925327,0.16471390590164822,0.08712882262728909
0.08052516649648166,0.12759625786842418,0.03925637570752162,0.1541953230877948,0.11802090284604728,0.08778915812176558,0.10076116956228458,0.21508630801329862,0.07676933829638168
0.058248213257079455,0.12785963495264843,0.31532401235557855,0.029202776127520518,0.1190725475712947,0.08074555291703812,0.0820125487055814,0.11135368061087524,0.07618103350238346
0.163353509504051,0.11910996881338543,0.05704859200529835,0.03931952903754851,0.1355830959783418,0.11958453480046255,0.14786594764076014,0.14665443786745977,0.07148038435269242
0.14937572025809867,0.10868096967072254,0.06946723115322,0.15705599017526373,0.10667362254992512,0.1796889368843031,0.06533506417486208,0.09034903744620343,0.07337342768740143
0.08754444539433485,0.11941508136763168,0.18769474555929655,0.04028107695160182,0.11974442990653189,0.09090626357165088,0.17248465178358163,0.10057408460962082,0.08135522085574995
0.011125018424792086,0.11107096708378388,0.03179296221792526,0.2831350903585281,0.07511036390533,0.16743739069566785,0.1366227260997977,0.04212636839193993,0.1415791128222352
0.05092546752752442,0.11257198097511185,0.1376996617116903,0.06322412336380209,0.10308540594040061,0.09199889757482492,0.2161803547248546,0.1428971313371343,0.08141697684465685
0.17374907821053198,0.13640981279570638,0.0397635126417192,0.10661855256114039,0.13805184265164325,0.15001272393705703,0.1002345967200411,0.0706858913796004,0.08447398910256025
0.14437168273858367,0.1312683196493224,0.024298936295012744,0.09632778476911256,0.09850641576723458,0.1067210167570339,0.1211303451346804,0.21293063738947923,0.06444486149954047
0.01677321074503739,0.09769697693480743,0.20799348728170597,0.09062482250382393,0.11682223877228477,0.07170324318666631,0.16723673027356437,0.15797106835745026,0.07317822194465949
0.15346195325457482,0.1251665598470716,0.04494289773809045,0.07380228480779943,0.12162178455023427,0.12730306261926755,0.16326893276091226,0.11569652639187994,0.07473599803016966
0.05574025493382445,0.10542238714513626,0.14102054961258767,0.03818680921402844,0.09113797921619875,0.08946149194355613,0.09386594625186435,0.31542421652906943,0.06974036515373451
0.04512443816461931,0.09155844720443244,0.12742372428042534,0.13136355947091624,0.12771044798020326,0.10320693234186822,0.21476726151621683,0.054107130084747775,0.10473805895657061
0.07351221826892779,0.08727154939566555,0.043222095323590316,0.14608293674356584,0.15085526651106018,0.11076366418342831,0.1190944649994921,0.16698777524003705,0.10221002933423284
0.04638949400107178,0.10017819417142503,0.00995177324229618,0.20978426496466118,0.06797024320329444,0.12949050991778968,0.07739690722562077,0.2457889154627074,0.11304969781113346
0.12344909745719009,0.11458213251505668,0.03237218244805242,0.058899226458118965,0.13989462475227818,0.15376805957270226,0.10305019396657848,0.07560301265964828,0.19838147017037458
0.06991713149673644,0.10682232890696573,0.0768533831150851,0.0685406088843129,0.12806472833424556,0.14710571718435578,0.08969205150817755,0.09023394139067241,0.22277010917944853
0.09805867730312999,0.09773700609436548,0.0857888672139116,0.04026435826649045,0.1452613717486729,0.15741999022642902,0.11752605989652047,0.11777083822474065,0.1401728310257395
0.06288211089929742,0.12797567914609134,0.08757719839146066,0.03916859523288297,0.11585400002634962,0.16971525160231493,0.10770867333361857,0.1797095379119428,0.10940895345604167
0.12571961948887433,0.11916053994979492,0.07256905186837298,0.12681638585847274,0.12261221358813501,0.11966178270912602,0.14028199738053004,0.11166486501075568,0.061513544145938265
0.12582724393248665,0.1561943445018805,0.071192310804359,0.07520266667085442,0.12214168978176294,0.15611219606372115,0.08108731803288129,0.07461507956702838,0.13762715064502565
0.2220654776981874,0.07818758158993287,0.03471670726303679,0.200976947999153,0.08292988389880118,0.07340756967295002,0.19584097545100052,0.05107410701482498,0.06080074941211322
0.32453702336061463,0.06597070553476321,0.018193564631449204,0.1936440793949037,0.11091453420987984,0.08698005274903779,0.08644905857162676,0.06813907403049217,0.04517190751723275
0.08432901239813574,0.1115222728422847,0.11334274063625682,0.07563011317276604,0.11195502958176894,0.0961653133916816,0.1013043381131379,0.16662628170010071,0.13912489816386756
0.11149626827450092,0.09201582995423663,0.04154203907436682,0.07648629857933521,0.15520428923099863,0.13098111386764752,0.2026084791345177,0.11271337970551064,0.07695230217888598
0.18191127149220412,0.07949698963547339,0.10143071892122398,0.14692587021561973,0.12461898622966615,0.09338676963308257,0.11203735691564203,0.08224236665552105,0.07794967030156695
0.07622417080429056,0.12555885967962102,0.06913189027552707,0.035527316277542235,0.15251579952946734,0.10794423524879877,0.3011443293898317,0.06250255859206726,0.06945084020285403
0.052991508944612575,0.15074877807632067,0.15066604595058689,0.13558423846445614,0.16348577085918672,0.08437251663737044,0.0765786976416344,0.11629310521010554,0.06927933821572663
0.14058375449016655,0.1828255308201532,0.034945543204875355,0.05940691867758601,0.1729668088480574,0.11346530123858078,0.1091313884401746,0.09082655792553261,0.09584819635487363
0.07901261783173842,0.16642817551218997,0.02571997827126361,0.025174797419260802,0.15251589346269556,0.08875838769713894,0.11305081878308554,0.21113034824637675,0.1382089827762504
0.19053060769744087,0.10791484773281716,0.0655718293285917,0.04337926986966082,0.1252656204051897,0.11340477125807595,0.09930920956174884,0.15613882108365687,0.09848502306281796
0.024855911534525366,0.16882175783147965,0.06518155334776929,0.07666261204415693,0.13305657932741424,0.17525504997868266,0.10218730543384008,0.15861056616613245,0.0953686643359994
0.026163781897561477,0.10359884684150454,0.10148705733280751,0.034117819446303266,0.08714460888578078,0.12352006597709364,0.11576549074434295,0.3005601913767943,0.1076421374978116
0.07080466625702629,0.12267206329525214,0.051197223626255096,0.03294789383488093,0.09257947056276462,0.1537251325076832,0.2446561442142415,0.07062487575942622,0.16079252994246998
0.10802761713617405,0.1088794995984656,0.19821276683153113,0.03052848765938569,0.09482540223306812,0.07488387168632767,0.21323801702968356,0.05707024178247574,0.11433409604288847
0.013960245550988343,0.13853059300752085,0.19922289600744347,0.03863956265655553,0.1192044733866316,0.07018198678339849,0.058979436226308024,0.2786163489460251,0.08266445743512851
0.055373510679607024,0.08301107541060686,0.08861004249587073,0.05628172701617772,0.10491891783008796,0.07470059002661751,0.1746774978543367,0.2578988681931785,0.10452777049351702
0.037833838895624146,0.11262720825658941,0.08119590710086035,0.21167514334638615,0.11545046601793636,0.10498095991512231,0.08039230963433411,0.07862948109943443,0.1772146857337126
0.11790829884948063,0.10458781024570858,0.05194548168420161,0.23219246898260437,0.11498273261579323,0.1534626014882666,0.06754003632025311,0.09957612762728414,0.05780444218640773
0.10254780236879894,0.10889521846041639,0.04310340725532669,0.2402227802357443,0.12868683877429585,0.1508923338117316,0.07776579150103924,0.07911735250469963,0.06876847508794744
0.12186245629642704,0.08899971308990882,0.1851258249243597,0.07215954011197613,0.12076586679113105,0.04769926002020422,0.101925277761605,0.20253757445242337,0.058924486551964604
0.11164034979428605,0.11001103307960698,0.01905434940649162,0.2789310271203939,0.09311072157850951,0.14768915563125637,0.08978897273281759,0.06057664980168243,0.0891977408549555
0.05284915505168535,0.10615957463258534,0.34338966695213585,0.028883661645728604,0.10621663369594485,0.10424952098009228,0.11687723758895423,0.07005471516953567,0.07131983428333781
0.22868606190963156,0.13653601395161316,0.03955972647944955,0.07845928166872959,0.12835739603974047,0.09224685843328158,0.1042911683564421,0.09236724440323262,0.09949624875787937
0.1340912767419057,0.11563246404771384,0.05938658764017778,0.13608407212460763,0.11148870510129098,0.08511117828250031,0.10996810757573772,0.17078247017184658,0.07745513831421934
0.17145982796995488,0.10480561684446503,0.051527772964660844,0.1384658368554015,0.1379164891824052,0.10484546695134273,0.08969621138904708,0.07151481908358985,0.12976795875913286
0.18511433621975068,0.15599051317511212,0.19906917113394518,0.1123142537585037,0.09647168929114174,0.06244688689450376,0.05580674657251553,0.07971085611732348,0.05307554683720379
0.1817552929576598,0.06940315586157801,0.027122302472383883,0.13579765168251953,0.11900158935594773,0.124920234219887,0.06368680942930621,0.19936608908375875,0.07894687493695911
0.34999843442013284,0.08456820486957468,0.052861358566364265,0.10110104678234576,0.0968640671447736,0.06362154353839969,0.09185451137654936,0.09213501012844472,0.066995823173415
0.05830670699406407,0.13765330537071227,0.10084909923635287,0.03409615810564417,0.13720876332159504,0.12643846223285474,0.1522782971598169,0.13329914868084092,0.11987005889811897
0.10676130908100885,0.08585617468890923,0.06185211514639674,0.03036081223929786,0.10276111932103948,0.16741927490095068,0.10066711887264902,0.2883030412848066,0.056019034464941504
0.197566339076942,0.09808772895341965,0.07623479147684376,0.09203544840544509,0.10193104409223215,0.1635061328225901,0.09559439677837282,0.06846144749957035,0.1065826708945841
0.2139246024281576,0.10629068016018241,0.11362559349189412,0.037556616687862865,0.14518988035757618,0.12503092559338502,0.09018616514685064,0.058905031150152116,0.10929050498393895
0.3304095521034449,0.08946113365985903,0.04860390705457032,0.0404023326756779,0.12321185743344848,0.1574447628345825,0.09069705863865767,0.0629312775706572,0.05683811802910201
0.3855585378939698,0.08673330679943142,0.019939611268271398,0.1248390150399316,0.08978461310561237,0.12771535050910063,0.0812509273708167,0.03363182467640913,0.05054681333645689
0.13255148259870572,0.11793432667018229,0.059946234863333225,0.207537451661813,0.09123773459927205,0.13747544199872563,0.08236997709586942,0.09169488062135579,0.07925246989074287
0.12373396789572465,0.09535695604347909,0.04920342251866624,0.04139129574427789,0.10913586816738907,0.11310385268827466,0.15500942361948233,0.2550662162390916,0.0579989970836145
0.05269436462581344,0.12111512843370216,0.051460643116456005,0.10222858679633483,0.1299944218363044,0.1246040315479629,0.21587165576749212,0.12052051575679061,0.08151065211914355
0.042428044762985694,0.11286665853535845,0.13379567387043104,0.10349978202919836,0.10749793787158322,0.08602678778232094,0.1903987286659119,0.1493558655292928,0.07413052095291754
0.1257306640652899,0.10509880614694785,0.1964152838920754,0.24091888230696337,0.0828050178445178,0.04945604959860788,0.08902303077647396,0.03101999144347062,0.07953227392565314
0.046835570569368275,0.1392582790297743,0.12355384483108578,0.06112906535830968,0.10970024563980722,0.1070368841222583,0.08032873228411821,0.20309087189998612,0.12906650626529212
0.17137618191701218,0.10202267198659014,0.021620054578603273,0.12025644926400171,0.12967920920673523,0.08128508790649676,0.12962132059608292,0.12806173765683806,0.1160772868876398
0.026726787809293464,0.08374222106695454,0.49685258176101404,0.014860639164823006,0.0980105163530851,0.052918936394935834,0.05368299746471666,0.09195000294701572,0.08125531703816173
0.0822396852358907,0.12842551270159455,0.14109151992466615,0.033383661661306865,0.14518290410529464,0.22090480646961816,0.0916707344208869,0.04543931228322955,0.11166186319751241
0.09727144454677498,0.0983743772680583,0.07703551790020459,0.1321355638216978,0.09041442217491519,0.06601320430583717,0.08042191729369952,0.2788481345327782,0.07948541815603424
0.07730532972834663,0.11278130323013986,0.059457328864131354,0.12801146567610677,0.16061841548048736,0.10295731885573071,0.11709214243196032,0.13908382325030957,0.1026928724827874
