0.11651217520015862,0.1302582041699127,0.04495853571401801,0.0709838481227442,0.07343117201748255,0.11909841738535154,0.1230989511497718,0.1331562811027817,0.1885024151377789
0.1261231649177318,0.11149551521508384,0.08462028488832539,0.0699572138430085,0.05636948235084479,0.11051618178964819,0.13254729078243166,0.13083578803309862,0.17753507817982728
0.12658842543665436,0.13625959470376592,0.08179288182838611,0.07856209047967024,0.11561642647471582,0.1375567490963502,0.11996457350568379,0.08628460719154966,0.11737465128322395
0.10278701963066711,0.09263008139419515,0.08570785329244564,0.1698838273619705,0.05437442712791657,0.1401548001188683,0.13624108438687088,0.10970684879284266,0.10851405789422323
0.12536688679211452,0.10865849170867325,0.08517998111542739,0.09501377774593207,0.030092189942139237,0.1371001848805438,0.11245071448278694,0.07909600838553432,0.22704176494684844
0.12561482332551324,0.10956411776766939,0.03949552873682408,0.13346535300036613,0.19864761955756793,0.12156090759562982,0.1068306430478686,0.08404754316313413,0.0807734638054267
0.09474020611342028,0.10213841562916241,0.060410011638798174,0.07881479292020149,0.19646291661894785,0.11120611649498341,0.09372838099399772,0.1500494514397083,0.11244970815078038
0.10659224336026185,0.08492647484277997,0.44326239701148734,0.0644301584202341,0.05014290580164765,0.08087053894368107,0.06719057771719932,0.06566049898258743,0.036924204920121245
0.09243648615989135,0.0722010968321825,0.09534728534597992,0.08130942405439623,0.1293939155174436,0.1123171778415664,0.10749916902479238,0.11656081148182368,0.192934633741924
0.13518042489345503,0.12760417465418464,0.05763285938067162,0.09808770557893437,0.0354002302946036,0.1466362650056554,0.11715714021700085,0.09185325592086706,0.19044794405462748
0.10186034203243725,0.1005194519242127,0.032836224687290895,0.1379724100529216,0.20109928151404563,0.10660876043573603,0.09301083171606774,0.14993418177091428,0.07615851586637391
0.12706257763283474,0.12739964927774144,0.041140054231752425,0.14845936595023307,0.06104759606211457,0.11826943121755347,0.11247879513448256,0.13249156312555935,0.1316509673677283
0.11219676425204277,0.10368846143606265,0.05784475874268793,0.09069948454453879,0.19754111200018057,0.11113969045535062,0.10140291858875795,0.1423233390861317,0.08316347089424708
0.11882508057125814,0.12544256831264025,0.05122136193762162,0.12402904216146315,0.03702982178085181,0.1359501473825786,0.10256278028180615,0.1004115802612743,0.20452761731050595
0.09454877300671265,0.08279878183462262,0.04309878313872839,0.09129212357673583,0.36099687826158006,0.08497799335922555,0.08500568008396858,0.09896371092046502,0.05831727581796128
0.1325847379304379,0.11726537173214834,0.06709676438737304,0.09273873521714564,0.11600517287705549,0.12948942200832522,0.13008084365411596,0.13603916907090344,0.07869978312249494
0.07678618822688754,0.11710420745333687,0.17425303834104922,0.1566329833438232,0.13179066134207715,0.10696061978370082,0.07937763749585265,0.10621518650195698,0.050879477511315614
0.12130778848215328,0.1421540772524581,0.024251032611747284,0.1365762117311562,0.09313432336280174,0.11643977761461499,0.12190940885828527,0.11424138340130234,0.12998599668548078
0.1359866467182894,0.1145107388197147,0.18855754520536305,0.06781275161455108,0.050402208052661414,0.12494679284175732,0.11260718667865606,0.09801799351241343,0.10715813655659356
0.11628473397405804,0.11449412556634408,0.05481240058151498,0.1514441948528107,0.055000302504284566,0.13291881986799303,0.11041277288634344,0.11128823840668156,0.1533444113599696
0.08290394957610923,0.06632569774551149,0.07572083246512945,0.0498527477776742,0.2427959101949734,0.09175731416322398,0.11730910425586005,0.15188044373653878,0.12145400008497943
0.12219287659886076,0.1267888223728415,0.10348341609257077,0.09364392207543876,0.055497895297747096,0.1378716640493102,0.11783588475086375,0.15192859874366985,0.0907569200186973
0.1049650668653908,0.14041086209691178,0.22456985384481998,0.06767742191335645,0.034765797244316,0.13370393255568072,0.09258110302458981,0.10265547107290579,0.0986704913820286
0.11195222781704683,0.10597578512669444,0.041895827136590284,0.08594611570632171,0.0915753936191886,0.14529743254732855,0.14889998502309026,0.13128286642868234,0.137174366595057
0.12240841771364842,0.13222736250800218,0.08744153090719899,0.08194403372661846,0.02730406735850628,0.13085514914473428,0.10377251575717167,0.08970672266693691,0.22434020021718282
0.08904289230457792,0.09993522832719064,0.05793830505687225,0.10680347259385371,0.2685929868426146,0.09607909745333898,0.07907511032172503,0.12324699166644836,0.07928591543337853
0.11407370628730251,0.11345179392586534,0.041345623061674525,0.11825076209616092,0.14516520966775392,0.11822675183892843,0.10476894067255653,0.08946815684771463,0.1552490556020432
0.1154055559488845,0.12371258371810478,0.03235668169003381,0.16090154019582883,0.09043924733998741,0.12022642160400816,0.12449612173010634,0.11867650167877107,0.11378534609427508
0.10480755549691521,0.11261532644906021,0.033202413710637056,0.16575040139654743,0.087682971675117,0.1252341381258488,0.11193535063209133,0.16599254153251772,0.0927793009812652
0.10176640241735364,0.08406855215098118,0.01989561184763575,0.1669709221316659,0.2916949756475165,0.09895279360297149,0.07481315470783532,0.07792458924000324,0.08391299825403709
0.11879124887264358,0.17554893762401255,0.02753099790147392,0.08437268787236736,0.11372192231341371,0.1171514753966832,0.09673519562753041,0.12930875703585124,0.13683877735602393
0.13989994565317107,0.114677612726261,0.07855435055890164,0.07084547591712757,0.10142637176783224,0.1203635691815948,0.13161507598166156,0.10275981477616096,0.13985778343728925
0.11448684032405365,0.13231443692147324,0.18721370644382151,0.06512643857692288,0.040151077783081905,0.12715837509746486,0.113572918023135,0.06758450495865631,0.15239170187139073
0.101576584539674,0.11523952873035659,0.28936083759106507,0.10482408924986271,0.029309195951585838,0.11621438591109201,0.0809638554075802,0.0830942981960945,0.07941722442268913
0.11639886633099557,0.1286492287340407,0.06115987367603596,0.08421532218407742,0.11615097068377123,0.1177398329737192,0.1424157657142345,0.1576090881815322,0.07566105152159319
0.11990707271171556,0.12486909072723551,0.12652345679945454,0.08957971289017908,0.03861928173477549,0.12109174034730046,0.10892416267692429,0.1340989384596996,0.1363865436527155
0.11838374553835428,0.100400688574111,0.052290093517110496,0.14108507694159306,0.1114501613777536,0.13788398177846473,0.12112361091707972,0.09734904089063934,0.1200336004648938
0.09283937057712087,0.10326243395417711,0.028004444508572923,0.16463984408152108,0.08753468932673523,0.09697296540123727,0.08896955478572256,0.15672123564616328,0.18105546171874967
0.10942763341662178,0.1278278240447652,0.1316445684246765,0.08511387966642488,0.0454975605735218,0.13628094159585805,0.1372033516832029,0.12101391275822138,0.10599032783670749
0.13270916009411404,0.15998198121400511,0.10146482819456508,0.07544158265682868,0.05193625187632281,0.12943738186984607,0.13546573103027273,0.11271573875917029,0.1008473443048752
0.09393525914182245,0.09651686528167248,0.031953534664550726,0.126757412983241,0.24666738828506593,0.10752054335495193,0.10717603236287365,0.10106113387766369,0.0884118300481581
0.11099882882550793,0.14413156682505682,0.012771987666802867,0.11315940439717324,0.10317002643065687,0.11343332141924957,0.12887255319597757,0.15593167386353907,0.11753063737603608
0.1169795508843402,0.09350003110465514,0.27560896363633364,0.06964439606516058,0.038258048134269584,0.11297888282505734,0.09866032120824043,0.09221799134309916,0.1021518147988439
0.11120973833655216,0.10804382004244113,0.07147199160080574,0.06274805429369444,0.12727966994312612,0.1296547602913675,0.15380619803514078,0.1555217322100084,0.08026403524686375
0.11447083139404267,0.1027305231948585,0.11643237511772835,0.0973089732677408,0.06480411131514115,0.10734677391380633,0.1711387476614801,0.1518747740561974,0.07389289007900467
0.1265482352369184,0.10179895870553927,0.07712524353972774,0.08089297528128957,0.03241834797940504,0.10505287399036473,0.10528664118196572,0.14024984217665779,0.23062688190813177
0.10983633131519899,0.133263488974149,0.07284474572094718,0.10131041965098568,0.06920460617363611,0.11779063741732781,0.11718206952946951,0.11054145794394477,0.168026243274341
0.11564063892485556,0.09671512309052104,0.0316845258484534,0.0655221098149728,0.29249821948266413,0.1027839125935854,0.12371848770375149,0.10457082147487733,0.06686616106631889
0.1288908673156475,0.12994482393768647,0.061412110906264784,0.11122133544851975,0.10796866641911668,0.10653309044954502,0.0965477542225225,0.15160516932497636,0.10587618197572084
0.12270725548119871,0.08681327729999304,0.0352506564696291,0.12167073537119837,0.12002158189877955,0.11596093718149186,0.14414957733094583,0.12340247473251242,0.13002350423425107
0.10660552626353315,0.10223975040153942,0.029574700666883506,0.0845902313683196,0.23550004901728439,0.11330005326701854,0.1519830386143205,0.09101552302726042,0.08519112737384049
0.1373802316747169,0.12161035533202187,0.035551117872968004,0.18930023601192025,0.05678367251277944,0.13983398366705588,0.13423465685741645,0.08813627946461773,0.09716946660650345
0.10499031992709551,0.10550612657314197,0.018020986259957104,0.08181242882875683,0.2828294124921917,0.12351620294453071,0.12214509875000312,0.08543977242693285,0.07573965179739019
0.13159274530385376,0.11888311942567932,0.19261467674842278,0.06469600963658446,0.03254930025648011,0.1270924075401507,0.12708036801286304,0.0983498694220511,0.10714150365391473
0.09516502444694275,0.11822512296095224,0.06326759619566347,0.174510896296189,0.13245963696872565,0.10920590018171376,0.08583748917252332,0.14129616338966558,0.08003217038762417
0.11197704938972654,0.14025442293759596,0.046929324453461985,0.1063985290618014,0.0826431907152063,0.13345077532429528,0.12267236178423248,0.14476106224589577,0.11091328408778427
0.10855358112241377,0.10905332625005183,0.23676465883086176,0.0772488299827427,0.04650882944783904,0.10360390146101763,0.09531382507832382,0.12964864374656362,0.0933044040801857
0.09795513919878007,0.14242797127698992,0.03247500849304261,0.14590902030407046,0.12789116847388626,0.10494804168265907,0.09020541270259848,0.1252749810451164,0.13291325682285673
0.09936654194170745,0.09264759461950146,0.014218076822445082,0.06147231010315097,0.3555117518292446,0.0844900474060271,0.08563629112048769,0.12544258256169225,0.08121480359574335
0.13501772485910554,0.11955904885433893,0.10067998761647334,0.10646252751140284,0.10265830119924226,0.13584898659926153,0.10384331211105534,0.12243664807433878,0.0734934631747814
0.10242842770001832,0.1649826725321073,0.0546835316553529,0.07833044278972441,0.044563434410162216,0.11223845002153394,0.10146261631546456,0.12368513463511344,0.2176252899405229
0.08856876936595538,0.07274552117904719,0.41778041832885987,0.05585705318608906,0.015108842984194142,0.08255850980930628,0.12248314087405193,0.09416568853119489,0.05073205574130132
0.09125980402952649,0.09002014080903638,0.05687639845125133,0.10156130671845633,0.3379120458646226,0.11095469414663478,0.0796189950772153,0.0797954264155518,0.052001188487705
0.12427124570032862,0.16751471300351264,0.04951479449057191,0.11568577210866461,0.03304297176417648,0.13627077009592356,0.13735806179980015,0.1355895388886029,0.10075213214841916
0.12053288348948547,0.10946808125847629,0.15518665738891865,0.08944514418874433,0.034799105518155536,0.11369689688028467,0.09713100520642053,0.10694543597052346,0.17279479009899112
0.12156164286543414,0.1130052048560829,0.11274754885195824,0.0700517946178912,0.07870201623184718,0.13590485855779777,0.11252069275444627,0.1334349369336078,0.1220713043309344
0.11795626868133625,0.1523636598415912,0.03208240224706865,0.07093067789547373,0.10320477603883739,0.11932711436965944,0.1227910673431789,0.13803547940279853,0.14330855418005595
0.11554095113960004,0.14710136563427384,0.1781645125259496,0.07467050038098895,0.02753721524808581,0.12632006940736565,0.11695612824656705,0.11499552455538033,0.09871373286178871
0.10846542396419889,0.10327599062226032,0.21440787285135823,0.06560718400401014,0.05185557634105332,0.11333437082708188,0.098626100668612,0.0948586795385466,0.14956880118287857
0.10728257266251245,0.07261812333416263,0.03690495651750345,0.1096954692784242,0.3762175270340924,0.0887899254474231,0.08557462970911968,0.05977748135922383,0.06313931465753819
0.1318528920882708,0.11394637584671997,0.07262215847941117,0.12443159452826323,0.07799792842722313,0.14071230715885027,0.11759527120717848,0.10494805795482987,0.11589341430925315
0.09899655062237107,0.08326931216454647,0.044031027668392154,0.15664780829885241,0.14644939140450833,0.10951747260419603,0.12453842396438423,0.18004509150106343,0.056504921771685784
0.12408764770213138,0.10426976883375205,0.06431993703263977,0.13253322795419198,0.08903344027692023,0.12155261411093188,0.10592716525288336,0.11760322881957612,0.14067297001697324
0.10989395525181771,0.1133902986921226,0.10779663534751156,0.09617355427562263,0.03540511060039999,0.12132347868317354,0.12092733747363853,0.09876416656293958,0.19632546311277385
0.13761761559628863,0.15952735113420433,0.08518493545743085,0.08559616691429496,0.046684446591234684,0.14518872683563422,0.14674816719343187,0.10684647473187009,0.0866061155456103
0.12892846514657083,0.13255731478498775,0.05023631940834111,0.0961091966877428,0.1043541719217946,0.10951925890978387,0.09760153818063412,0.1460044453158341,0.13468928964431082
0.11111305532962797,0.0891978372049555,0.05447264378120894,0.10273807345175694,0.21735657476471415,0.10441977799468488,0.08974588230969578,0.10242637781985027,0.1285297773435056
0.13554753047568938,0.1018547691850941,0.1474503243339227,0.09627496856478211,0.026082998470282833,0.12303305227730858,0.1184382159022749,0.1256103033249839,0.1257078374656616
0.12335751967562984,0.13025792425633698,0.05677507227493197,0.08076019594025557,0.04522937944494812,0.13173549273878835,0.1142010614585154,0.1252222617517351,0.19246109245885865
0.11982075218385918,0.08704642017774789,0.05527005642864344,0.08233146129541836,0.316954968895934,0.09437709614719396,0.07972136442639072,0.10206477569862377,0.062413104746188684
0.10269745723190926,0.11454495273518663,0.021990339205135875,0.059248506248075546,0.32753917645034897,0.09936417244495939,0.10066249872841948,0.0999350257746423,0.07401787118132246
0.12950307785708884,0.1864371632869113,0.03374960796008177,0.11216640370047541,0.04187526368089831,0.13369884827822076,0.16698639137941515,0.11352387392239822,0.0820593699345103
0.10334250130969015,0.0982193203532104,0.3193443592263745,0.05642851375661415,0.04770206916715183,0.10364677088442291,0.0977841289972556,0.10487841489675342,0.06865392140852704
0.11127329269425422,0.12371772162300539,0.061433725340950436,0.09421268458755198,0.07651406403151627,0.12017805711623042,0.09377263530234063,0.10814034313851374,0.21075747616563686
0.1358194831401152,0.10668274330847605,0.041113079429475556,0.08613657698692713,0.12086106988611699,0.12130135245538522,0.11406436951005065,0.10738886732473031,0.16663245795872286
0.10240486519683993,0.10990037335277836,0.04765827082219234,0.09609291304604796,0.08671567054524791,0.13201063138834243,0.14684446795488895,0.10094370373853101,0.1774291039551311
0.09183702386003427,0.10162732152402044,0.02702999787539301,0.054425304790031805,0.42969446830783703,0.08509168141142458,0.07990768990477902,0.08961219954309811,0.040774312783381624
0.12608831608279972,0.12096845301583635,0.07220325712561362,0.10089287984008759,0.18821157158889099,0.13046379007107262,0.10129411923931242,0.10753481989382711,0.05234279314255962
0.1103099953855758,0.1147138754967884,0.045275334005875086,0.0926613722682416,0.19734256979250386,0.12964043439563147,0.11574073349803993,0.09311520412584467,0.10120048103149921
0.12268839619767857,0.11299307978117899,0.03349731267048845,0.09126747305706447,0.03716655594948285,0.12531919223463148,0.09592846211795682,0.0894044668912647,0.2917350611002536
0.1031749742616962,0.13648141725024304,0.2299277413809828,0.07335703642088352,0.03971917714685426,0.09950912070652623,0.07862870522118097,0.12363353180015324,0.11556829581147976
0.08420272290338936,0.057166006253039935,0.4402334556150203,0.03072552519308105,0.04585860174593886,0.08593704136947398,0.06836010398357102,0.0870264791273077,0.10049006380917781
0.11494460049994255,0.1327028034736121,0.0494586676088583,0.08775218203899404,0.056403335898716156,0.1339310558964419,0.11947384865460703,0.10811185984193643,0.1972216460868915
0.12245755410258186,0.1242235230623424,0.06386462985509637,0.08065302693914993,0.06613586218905926,0.11794045407740815,0.11241219500407595,0.11502599590366445,0.19728675886662173
0.09332595664258157,0.08092657463098292,0.03918993109234615,0.077452778610616,0.20630435297386773,0.10844974958196903,0.15358349888816625,0.16930073140571802,0.07146642617375236
0.11641649699874868,0.16178731878544497,0.036719449543745834,0.1088680352007747,0.08862726970430608,0.14249575297218922,0.1271450508051264,0.1173664263796466,0.1005741996100175
0.0972113818105581,0.13860709302885466,0.017483317919475584,0.1614696134677541,0.06368762484449857,0.11595054800306702,0.09913094754272378,0.13678487835354355,0.16967459502952456
0.12165712181154657,0.1452090344331085,0.1033057465418638,0.08778068845117275,0.05979683258849334,0.11510523186438813,0.10269757285977128,0.14788078305315375,0.11656698839650197
0.12609896698818138,0.1436590728068756,0.04625948111947409,0.09394372853396726,0.06304372883966125,0.1373334537934985,0.1358838388451679,0.14689142653180884,0.10688630254136518
0.10799816652860979,0.1350158217918462,0.08087669486429451,0.08441999782091943,0.11178652074278113,0.1232737285547948,0.14280118568831612,0.14550111401281202,0.06832676999562608
0.12003589515788922,0.10854560053910861,0.06191669797990623,0.09886832260329859,0.10093098449581843,0.13066357510359816,0.10467957897034613,0.12351681215227472,0.1508425329977599
0.12275075595952382,0.12196233751983497,0.20318154808490907,0.054502454427345144,0.011549134992380672,0.10236199143816598,0.14789165302282703,0.11519583488876527,0.1206042896662481
0.11547647926999528,0.1699594363630521,0.021277082591863433,0.09482971963452697,0.11405062667723154,0.11436461505505935,0.11406368137223273,0.132915371415679,0.12306298762035965
0.11245080743638541,0.12381202946759273,0.06927303383417681,0.07988105673111437,0.07396817254683326,0.11202124328069668,0.18471373847261782,0.14087137967169963,0.10300853855888337
0.11262126764379883,0.15131592879320513,0.12200727487256612,0.0778588207776661,0.048540089504439304,0.12261403405269533,0.10497632260178615,0.18667223112178696,0.07339403063205609
0.0995205420453084,0.10259761996098704,0.40890578512972126,0.038167252032654815,0.04136003555322982,0.09279223374208317,0.08311612597907737,0.09385193554703396,0.039688470009904164
0.12631800491824594,0.12066660951767728,0.1188645850260186,0.0893889569182667,0.07163359422039116,0.12098954906477931,0.10167491849739346,0.1233175309786878,0.12714625085853978
0.1228226537024404,0.1582270710113654,0.06429827214466931,0.11013752188381905,0.01992337196277547,0.13893979604847592,0.10438751609948714,0.12067013378730777,0.16059366335965952
0.11556930403626685,0.12565814606761613,0.09273108335927233,0.06741281181381091,0.02279110383827496,0.13327475632899674,0.09731317834224712,0.10427269705652724,0.2409769191569877
0.12802304619191937,0.13143299478508766,0.025863012345572454,0.10173899504478832,0.11560839480919392,0.12293147113591453,0.1206041902687995,0.10689172439517958,0.14690617102354472
0.11282448823099367,0.14453386898922935,0.07601386009021684,0.07496896245362576,0.0382930684404027,0.12658329853450154,0.11696539630109955,0.12468364463634667,0.18513341232358393
0.08838130631662017,0.07429050145314509,0.38855698992457466,0.06779327634019944,0.040289028113913834,0.09970025751152957,0.07925878832614784,0.12273061276924215,0.03899923924462731
0.11357715469520792,0.10747053827662233,0.1006470617466555,0.08296313847996761,0.05086412176777153,0.1322924129494394,0.12623603951149429,0.12273898365696954,0.16321054891587186
0.09200764173623795,0.08791583794632345,0.034434090120428314,0.131365123302868,0.4095942210215939,0.0781783756483907,0.06064432619173776,0.07344581700016371,0.03241456703225627
0.12117355309794042,0.10515771722580862,0.04783202909548223,0.12552725237468979,0.12129754065465943,0.12784404720883416,0.12057530598865966,0.11958230278253319,0.1110102515713924
0.11231946068537764,0.08335607586939738,0.06942416890613196,0.0632807718517746,0.020125605274988533,0.11512341964115276,0.1088009049044596,0.11427056136996953,0.313299031496748
0.14128656843139767,0.11882178091945095,0.045120110976100615,0.08123773379928588,0.13829623987300899,0.12516357763221728,0.12522361980431443,0.11525207699612987,0.1095982915680943
0.13479219517581065,0.13630949966229317,0.07598076819268461,0.07760888690160354,0.17507177031230622,0.11977589086700254,0.11536004702925612,0.1022264678259354,0.06287447403310784
0.11942915263066096,0.11691390621700883,0.14639241104930498,0.11214836012176936,0.042637753022709834,0.12602187572122103,0.12780617319468873,0.11302776025065774,0.09562260779197851
0.11425589589384778,0.08682007333904185,0.04440021234775158,0.06716861822085998,0.23326523198750793,0.11400922203561474,0.12919127711381853,0.11451748390230472,0.09637198515925284
0.11154559087583209,0.08729731743771652,0.08050984120499627,0.1087484716694778,0.04704220225721666,0.12660939396008153,0.10350575259082918,0.12175534066169369,0.21298608934215627
