0.22002205842856482,0.10490042646096313,0.07281788108802757,0.11866078955208635,0.043522873360773214,0.06409629131475704,0.09762268259685897,0.07826432779532777,0.20009266940264125
0.11821644061411997,0.1060649878687089,0.0478774776696504,0.13203007081599166,0.0471107737050984,0.07846269783076933,0.1011760805462607,0.13581730746767737,0.23324416348172328
0.13409813660203487,0.12219760626364784,0.07568096249962254,0.13430051963544126,0.08792885529611504,0.11314676398039915,0.09974486327410333,0.09781792695702307,0.13508436549161287
0.10264932873612766,0.0983992162717882,0.07175364030174604,0.09691718247856469,0.18089390105548095,0.06663047675228505,0.10047031235839414,0.16249362889462474,0.11979231315098848
0.06129006538251521,0.15580605507339085,0.1816269846294112,0.17088647428207224,0.023936109284770257,0.13611122960020444,0.12295009017351823,0.06487606003515027,0.0825169315389674
0.1833574325822919,0.0846670200281709,0.07261513327070902,0.088844127094089,0.23744454220682065,0.04884357475658881,0.07624059102660077,0.12745105402745083,0.08053652500727825
0.17477694373791075,0.1413337939498249,0.13058471362277677,0.10636180834719094,0.052136036613420166,0.08913227371625483,0.10464344177820649,0.10247399107820943,0.09855699715620574
0.15783802964363955,0.11131572426057856,0.09874173948863345,0.12233728008430074,0.08631326495068721,0.06586094674501101,0.10754537096385063,0.04506277896543661,0.20498486489786225
0.11432376705031999,0.10432015206090157,0.04906515917350216,0.1308119682307016,0.1017273406135107,0.07451757881883599,0.10285299789073864,0.19438241188365749,0.12799862427783196
0.11771683496244582,0.10331130349502687,0.11654161218315362,0.11342498772072866,0.0074393130264901325,0.15986549032336547,0.1062891741621248,0.08044056086235801,0.19497072326430664
0.07382899043109377,0.09426142070527758,0.042868324142840024,0.12661268097338355,0.08683972966721647,0.18210676755807312,0.08827102595590725,0.25933308641930175,0.045877974146906454
0.1291520270549574,0.12921286888023223,0.06027324900069636,0.1229910004291278,0.05666016733461409,0.04856635022051201,0.10858647351742969,0.11016339217693394,0.2343944713854965
0.13127755116352982,0.10628176722125489,0.05568310806308244,0.11094293813331361,0.12374452469452923,0.042020081623683724,0.08895874530044397,0.05297465975834754,0.28811662404181476
0.13627405153909009,0.08240574722362343,0.07641151569777717,0.1218600935662224,0.14815012228460794,0.08841991090684369,0.07957432458710724,0.10609959655367751,0.16080463764105057
0.12097643571768656,0.10924825383073707,0.2687998503746111,0.13824031738062667,0.015328123785941707,0.0922937330240781,0.11543543889593573,0.07296325113148076,0.06671459585890234
0.06275120448084527,0.08907645227941992,0.057031403242213376,0.11767055449490392,0.154495149949594,0.22285399600882724,0.09204474404733083,0.16090618603912524,0.04317030945774017
0.11462994534368315,0.107883236296296,0.06706081502440457,0.15016332453215298,0.06787348111947496,0.22181643131235193,0.09207119028730322,0.0719456722214895,0.10655590386284375
0.09835765179613244,0.10849977533953091,0.0722733256261082,0.1484682091500421,0.07398741703238422,0.1226543512739714,0.11353489032879722,0.06724421154341598,0.1949801679096174
0.17535505277984687,0.09609814337570764,0.13848101533222734,0.10354755279997153,0.09548149516836711,0.05989197163936064,0.08347768282455253,0.09852646488218102,0.14914062119778534
0.11710199846169282,0.12321742925316455,0.08656786895010989,0.08515143391782827,0.01710706057608023,0.08861272584783493,0.12552833259435,0.13452961240767466,0.22218353799126475
0.09485076047183079,0.08115044682301782,0.05256256068782288,0.10158576363552907,0.24047837909444558,0.05708162297049174,0.07874511552814344,0.16705389966785497,0.1264914511208636
0.06993643684935433,0.09929475424786478,0.05464588546268701,0.12168731420009289,0.04214283632016389,0.22063199638977793,0.13411815550281045,0.1758014716990662,0.08174114932818251
0.07235210275424163,0.13157247482962528,0.06868901699305226,0.135820324405298,0.046478051471976346,0.2254827243396548,0.13163023384583578,0.11185974672429544,0.07611532463602054
0.15988530098912127,0.09772983812706319,0.030462297917254567,0.08747941605491716,0.10184721108734496,0.1297250981537096,0.07949098301918979,0.07475648175470534,0.2386233728966941
0.1698138697685625,0.10537880645495239,0.06343743734433459,0.1394124923741917,0.03582061192676557,0.1121281247918255,0.09484415035857215,0.18934249702638317,0.08982200995441232
0.16092165177151982,0.13354504617729915,0.10054743787529134,0.12264408483784776,0.07741282966859264,0.06344846346311364,0.10160824847721477,0.10262135971569991,0.13725087801342095
0.09599200464316793,0.12126899811347591,0.04342772812202128,0.11060583383305268,0.09138466005772679,0.062267132641612544,0.11092439966012273,0.21438834123976871,0.14974090168905138
0.11200644773120255,0.19139648934523593,0.07949727035890032,0.15347064409187142,0.07223166920355852,0.11548687649654145,0.09877877721239996,0.053091962676674515,0.1240398628836153
0.09604843118322794,0.0878367389757086,0.09888238925593545,0.10678373020595851,0.07864629614142728,0.048649737156719775,0.07290281265387301,0.20687791315392398,0.2033719512732255
0.14460896359146572,0.06615432220467464,0.04912246142932818,0.09011970878393254,0.0479989325765296,0.23691963631698676,0.07154589597325307,0.2314949338639453,0.06203514525988408
0.16276157070771402,0.16581757862402316,0.0739987341717019,0.13909892661481357,0.06176657215839021,0.050645979293981465,0.09994453075659097,0.08346530525585776,0.16250080241692688
0.08730505151039554,0.12407292788634337,0.08522889669328675,0.1525802339212611,0.04422551341471719,0.08904753155191693,0.12074815085643827,0.11401857128642152,0.18277312287921932
0.16721970076608308,0.11986190086618102,0.07341876896622601,0.1233756097356909,0.10038483098717398,0.08442785885818256,0.09627066692373948,0.05574134600167988,0.17929931689504305
0.057750392869603547,0.08557396500135268,0.05453096034999877,0.11816985062095338,0.08802784729481028,0.2036530821113436,0.15843673791028265,0.18149380807975848,0.052363355761896636
0.0899405805060257,0.08239083454113501,0.23475075670986634,0.11430448512080123,0.0560011369340536,0.2319994859986719,0.08132801152082804,0.052702766469571616,0.056581942199046685
0.11213803752747788,0.08377227733988098,0.07622234237338452,0.10793236132736295,0.06335446291726965,0.2175382857651249,0.13424280837091013,0.09047026722183647,0.11432915715675251
0.08406560689449315,0.11024911820336554,0.06268357703313181,0.11944285686808588,0.0713501906993231,0.13070870525500208,0.10817767154987312,0.05351449401894496,0.2598077794777805
0.07692048745415181,0.08711049612772352,0.08204931627786895,0.10421716993076612,0.19710222031420202,0.21352277920030202,0.09484188572283243,0.07351003410362393,0.07072561086852934
0.13847413029680286,0.09852912040294992,0.07705930610808993,0.11189920402390634,0.12658911596876446,0.04590198769878658,0.10643642562881654,0.16657048705073665,0.12854022282114672
0.13400839921259208,0.15739292841611918,0.11925712119959896,0.16276606547556563,0.03751136909060455,0.10140088368049201,0.10914343418282037,0.074949604609513,0.10357019413269418
0.1132260502372895,0.10443569258093331,0.1023099155506279,0.10820420442745983,0.058310706523813344,0.09158785186601749,0.11182987246884239,0.06092548930783634,0.24917021703717981
0.10751443522386865,0.13513702758786736,0.060893151547263304,0.10106293650889002,0.07339862986836998,0.14735162182466946,0.12690460104508003,0.08791571902735716,0.15982187736663403
0.11770501451560245,0.1092549185010191,0.0436075793629625,0.13071874237257564,0.1279525535010191,0.042000530003016845,0.09454891668148922,0.09784480296633125,0.23636694209598394
0.07760730104460976,0.12482071713391885,0.09238273824876893,0.161653767040829,0.04047920898887819,0.10441443941501978,0.16406215319636144,0.109821805501161,0.12475786943045308
0.0705110399558123,0.08799171916218673,0.0505207339184942,0.1077463577109287,0.10404017611945983,0.11789286973185327,0.11819182656866213,0.2936691398582973,0.0494361369743056
0.13486873327809593,0.1293228530223323,0.056269946277029415,0.122186116473943,0.054998536598119534,0.051037008052949945,0.09737942938057603,0.05574799135551567,0.29818938556143837
0.11290818205570452,0.11090440778475537,0.06756618501228491,0.11021598773362756,0.04047956949078463,0.11618730615375776,0.14008312010630783,0.1552395563765195,0.14641568528625787
0.0786305068333018,0.11228371535003905,0.07512917401085482,0.10358790400498065,0.20212424988574332,0.08368921815124226,0.14281836523130764,0.11410676034382429,0.0876301061887062
0.0848687835323758,0.09426463283772264,0.08478818511249837,0.09794425061482497,0.33403094882176304,0.07506090815794599,0.105990011403376,0.08704590137295366,0.03600637814653958
0.17359254047850334,0.09194361871817003,0.08047472316862331,0.1198403455383964,0.05556292547351097,0.05892054586333801,0.1080494757954167,0.08288885802822044,0.22872696693582084
0.11921787107989157,0.13709932216850684,0.09126193372355866,0.12997483198864185,0.07089477774252986,0.0941429053258006,0.13173218115753682,0.07406462180795251,0.15161155500558127
0.1482642958215445,0.10040350951754927,0.05710372792981031,0.1055093558599582,0.16026057035661637,0.06217335677734129,0.08857761990586364,0.06347662773393321,0.2142309360973832
0.13527209148246352,0.09275588885336956,0.09481163455773568,0.11606167444699116,0.22855363844405327,0.07516927489357693,0.07846428216807312,0.0670445628976663,0.11186695225607042
0.14969864341674474,0.10983137156229435,0.04198778901527103,0.11058014534194689,0.03961681279113725,0.10095788776523594,0.09106907004453195,0.07264204549347568,0.2836162345693622
0.14380481039762963,0.13392489428900414,0.08121177553751575,0.11397374807245708,0.09682766402492231,0.10581322846758938,0.14980095346660333,0.08490727972096486,0.08973564602331353
0.09055392759685167,0.1364221884253718,0.05063817655485867,0.1294043468485327,0.04581537926409393,0.08112109289887917,0.09948433895357489,0.06834527563941864,0.29821527381841845
0.1424955847670893,0.09908245647923096,0.07267510581272446,0.12095116566587999,0.015466237073402125,0.07826480811658873,0.10478603553971276,0.15536811383157997,0.2109104927137917
0.13009780321132677,0.11265926394236547,0.06034187939294152,0.11442318689608322,0.12265747157219514,0.04960006240562026,0.11063123693866754,0.10757086420507249,0.1920182314357276
0.12049500561079544,0.11284467676694583,0.10561923919272638,0.12099995744935503,0.12849959644485276,0.11649626837322048,0.11639214225171214,0.056965397442647635,0.12168771646774429
0.06517373085422241,0.1210315944265128,0.041079445121552975,0.12339504766532172,0.15215180695268385,0.1002446233725846,0.12207261703667653,0.06567426749409194,0.20917686707635327
0.19121082702315476,0.12907166624111788,0.0740435783412729,0.11563463829578459,0.020918983083687986,0.1327829504597601,0.10080046388999202,0.10597405896734219,0.1295628336978875
0.10410173745260894,0.11061589434623248,0.09637355253362052,0.1134230103584823,0.037912216424539694,0.12978569223626277,0.10078003896574332,0.24956953586445155,0.057438321818058524
0.08510404551859364,0.07651404169302785,0.06085247757764752,0.09297089561267745,0.2264725881152355,0.08147703282804787,0.08987273476294673,0.21023537796386246,0.07650080592796099
0.12041509624900933,0.1034412789036737,0.06801714719681001,0.12388591838939662,0.11907693851667435,0.05121758577369281,0.08781480040516142,0.1402926542859992,0.18583858027958255
0.08222846933677373,0.10332528668535391,0.06284298175386195,0.13588860901779012,0.08824048329272516,0.09982320540263118,0.11141158650845544,0.22628750224405567,0.0899518757583528
0.10713704394355332,0.1061111312590325,0.11287413077495649,0.09288166513225786,0.023550896422527407,0.24862635059221472,0.18725823781198359,0.09891761586360732,0.02264292819986689
0.09858163245453257,0.0996662353754722,0.13339738662148357,0.14759266247499933,0.055308601183176265,0.19740657995881508,0.11277023092498363,0.052109568380882744,0.1031671026256546
0.15977506052154852,0.10142340745923924,0.060384263571589714,0.11859654552397124,0.04265804024680244,0.1303573559555011,0.10011684753418237,0.07695138798029118,0.20973709120687423
0.11555566330094609,0.13330558780791293,0.08862216589496918,0.12715450723623728,0.023192884909683447,0.1245914897008741,0.12139173742723315,0.10579718351157373,0.16038878021057004
0.10880387841192769,0.16548853803752026,0.09126025801351251,0.1356867121567023,0.08467891837747726,0.09169422419986606,0.11435796095129776,0.1393949965684002,0.06863451328329602
0.09833285464108543,0.10773570548716253,0.13929296685351447,0.14425831842925838,0.0417693070835074,0.07869895198503987,0.13423894271694317,0.15287197374360775,0.1028009790598809
0.12941386464728785,0.10624914916599827,0.15277131170900157,0.09700687488253619,0.15207492985923116,0.052777003242213245,0.09408452989778708,0.09213817568967374,0.12348416090627086
0.12962603435690598,0.0897772757377528,0.21135403915983356,0.12648587075107184,0.038701855046170484,0.09891385816413789,0.1289621126874215,0.09066637714883341,0.08551257694787247
0.12925422005553155,0.11068706005046129,0.044353960450415814,0.1212875918250723,0.09708221646383235,0.125148034278129,0.10960870914340197,0.15143944298230358,0.11113876475085215
0.14638005873237897,0.12574137708041136,0.22182758864257313,0.11135286653377562,0.019231258628605356,0.10525616979167203,0.1165375301356167,0.07520609885024297,0.0784670516047239
0.1190972439070706,0.08963743487394916,0.20937674793418767,0.10459844010793307,0.025910335150712754,0.0818527686076466,0.0925039175310251,0.23495559248390693,0.042067519403568086
0.14281174159334895,0.09548002666364423,0.33268332956187713,0.10476093501000265,0.025008075171420174,0.08458662598849959,0.10999221373293717,0.051808665351742555,0.052868386926527615
0.1144720062703846,0.11534959215270191,0.07080614292182337,0.09069348563448382,0.11045065561967009,0.2285846097960702,0.130355663838517,0.07065947005724178,0.0686283737091073
0.04639778118450616,0.10540619213973651,0.1670234846921683,0.13739495423143935,0.09775494649049991,0.16048183708004773,0.10327476227545825,0.12234230847745937,0.05992373342868452
0.1292982104049736,0.1068214851019168,0.0705857809595869,0.109931802969499,0.10469923645991991,0.16796363168859949,0.12054658921258483,0.08771320626535395,0.10244005693756549
0.17281975514985604,0.10040240716526244,0.0615695288985559,0.12063929975036537,0.09568830181726536,0.0489890782757896,0.07894833907661039,0.09453381581037695,0.22640947405591802
0.08364337228441558,0.09324440611308872,0.0997733843596766,0.145234900908244,0.12310138564005452,0.19796948968958974,0.09998903980518085,0.08753918669804656,0.06950483450170336
0.1327378994619457,0.11102646293432827,0.050233015952820724,0.13048831240974104,0.05680796938009399,0.07269825314255901,0.08356618534340733,0.11813795925293114,0.24430394212217277
0.0953563688225492,0.08013514543986641,0.1556869774008716,0.07505456599222564,0.0029531139458734597,0.2176262590716688,0.09739552843522757,0.22527486215020023,0.05051717874151704
0.13583230784109432,0.1009753121150817,0.05464278866284608,0.11605299106323323,0.08384819103361756,0.13551397455420855,0.08839663613710254,0.11885621923527434,0.16588157935754172
0.12808485387088095,0.11563891397798658,0.092325244176918,0.10798681019785894,0.09879765456511606,0.1244943367397932,0.12276863424313382,0.10534645160255561,0.1045571006257568
0.05957361874220334,0.08441843288796493,0.08786106744131127,0.10251370776448256,0.08174177675746858,0.13463239076470232,0.13116248468224329,0.28433445969403176,0.03376206126559191
0.12252760620598113,0.10791756804726689,0.05914112124511075,0.13147014148109873,0.04997989166111183,0.0792218024173403,0.09519838657768319,0.09326137234104681,0.2612821100233604
0.12198561841602855,0.09619539365715579,0.09742342747023551,0.12591786715044917,0.03424877694334109,0.1154779486470366,0.12680476939101834,0.07658043793622285,0.20536576038851204
0.11348161616063679,0.13951417636483412,0.13555862178449316,0.1337313270531323,0.07921140544672556,0.11447003576291341,0.11435266883098379,0.06858723568938653,0.10109291290689433
0.11135995567460359,0.10365616404721782,0.10431746875748708,0.12432614036874733,0.09694476599288128,0.07981266938048363,0.1180333538859732,0.16645806493596846,0.09509141695663768
0.09285705040931175,0.10376294651502573,0.15380810902041786,0.11152163604364652,0.13862083133778158,0.10238555098369095,0.12560212123938508,0.062209476716515506,0.1092322777342251
