0.0877420274841328,0.43398462954735645,0.07737273772098575,0.07897115346343575,0.06115198794877701,0.0647572101082343,0.0685324513267027,0.05477717425817887,0.07271062814219635
0.11627471560519242,0.013147101158062688,0.1488500097822599,0.11281638509383811,0.09186928151442535,0.25911080862524455,0.07372028200400825,0.09199415496611478,0.09221726125085394
0.12443883360055207,0.05449114870869518,0.2194693936194274,0.12484644087206016,0.07651492878671429,0.12417417880475286,0.08610486746144493,0.07414870987186827,0.11581149827448493
0.12334410050227139,0.1172069167663594,0.12547993950825378,0.10789217835418187,0.09086645408758227,0.11236140363355711,0.10638066255208939,0.11987184316881316,0.09659650142689162
0.1097216482738795,0.25944018585353684,0.12156200898570334,0.09751684739650764,0.05041387906072777,0.11793030169393444,0.08304327533319576,0.07028392691014985,0.09008792649236479
0.14347245460802513,0.13301500709981687,0.09852900624084886,0.15025240291639985,0.07636599439426435,0.09840108643745826,0.10748910603311913,0.07823437092694113,0.11424057134312639
0.11559683663716973,0.01443664997325541,0.08506718757239685,0.14102522851586752,0.13820048700311063,0.1378283587821242,0.1572343395184708,0.11093750037324412,0.09967341162436072
0.09648871094232025,0.32750629312843366,0.1597237434015016,0.09065368062512068,0.057891162282981794,0.05251393356835554,0.06794041752593519,0.07635425426701363,0.0709278042583376
0.13462393321301316,0.12526782638360145,0.11254182408939302,0.11849083686350752,0.06809501903154676,0.13539053311686958,0.08784813007926036,0.10051272012664274,0.11722917709616543
0.10184691687159442,0.2222395043596508,0.09383253053281392,0.1114622560083028,0.08390203694207592,0.11919434651050316,0.09531520886059418,0.08336653888133409,0.08884066103313071
0.12431877000422435,0.03712658050940992,0.10329858423904396,0.12059598489072536,0.13636143781076793,0.16922372945245998,0.09516832093463068,0.11031198204954155,0.10359461010919628
0.1254041839048892,0.08896098452049117,0.0827900160053427,0.10463126406864048,0.19064765461147629,0.13561550380725265,0.09100426085237683,0.08869410834965681,0.09225202387987398
0.12269168215600708,0.06600291529104664,0.07660245702969017,0.2069310733531112,0.04817952776867825,0.11667708372236162,0.11064878477656813,0.1192988034857625,0.13296767241677446
0.10436969734549773,0.08625497387766358,0.1512688508748445,0.10644371928312207,0.1203963746224982,0.12439122369044359,0.08314377509965029,0.11793058154342419,0.10580080366285578
0.12639727644390594,0.06391403211892421,0.0707647851763425,0.1006058237183468,0.10081242116362123,0.14683608384870298,0.18358533405858626,0.10519475821810476,0.10188948525346532
0.13149474427453942,0.05334893681990394,0.0784158919763631,0.10870921556703995,0.16715262264548192,0.11486950480577048,0.09431295772302228,0.16595200570457783,0.08574412048330105
0.12213767999627956,0.10561798848457572,0.1539439474132648,0.11445851805740968,0.0656564995443082,0.08684893391449929,0.08662095551793515,0.15918383987763826,0.1055316371940893
0.11981578326080634,0.03891340461130343,0.09800300948351581,0.09811497372298485,0.24057035412739455,0.09469061701511448,0.09811502427761909,0.11741955438309541,0.09435727911816605
0.11731577148698162,0.0979758207785029,0.09754265921211762,0.13302278232861794,0.10514292985112489,0.10110980396575493,0.09157523626603248,0.13672806342702062,0.11958693268384697
0.10588808666082693,0.12701067904893468,0.10845849860765416,0.12510134023689137,0.09492550256154719,0.10765107802723246,0.09050731418030444,0.1445229994467269,0.09593450122988195
0.12248147313971207,0.0745111425776387,0.17611239709514717,0.1256447327443161,0.16951628336014243,0.09055988281757898,0.062324206936127564,0.06995857075850848,0.10889131057082847
0.11803490482236124,0.11213983742441314,0.2230533327708318,0.10530588117325605,0.10625640690990118,0.09707691206314228,0.07859630078057252,0.0728818355289652,0.08665458852655661
0.1120108425603184,0.11928230755554876,0.08262917533028451,0.1152767655384561,0.12473557815262155,0.08928067847623644,0.09612611602040681,0.15736306047368076,0.10329547589244664
0.11368242475614776,0.046826086862513765,0.07383748296674986,0.13512556355582983,0.11864941509475035,0.24132409201297514,0.09348995157229602,0.0721930759621452,0.10487190721659208
0.10669029916544037,0.36935337609347335,0.09891958277150627,0.08462124391092034,0.06186076794165408,0.05975913449915127,0.07174344568359191,0.058347079010813485,0.08870507092344904
0.1271959838495181,0.11866117503431552,0.1009769176787247,0.10273765474765091,0.07626925241848549,0.1732886700757922,0.0902151953297523,0.11910196890753832,0.0915531819582223
0.1275755806947804,0.05328703006160238,0.08816389979619921,0.1372469094471835,0.0871011381175803,0.11958693563313809,0.18281167362810322,0.10635484810512952,0.09787198451628336
0.09711251311763279,0.27832772551112767,0.15473031939534473,0.09195969962972471,0.06472423628060814,0.07545625015690753,0.08385890470865422,0.06303388793070279,0.09079646326929734
0.08979758546363296,0.3985089485190969,0.11058627776508445,0.0804904654830035,0.057974803250470254,0.0647872936359625,0.06140852631419463,0.053207200232866986,0.0832388993356878
0.1143255059166672,0.02740801086914281,0.16756220654161277,0.12250951460347499,0.06475059843963607,0.19680694726602743,0.09610650396836394,0.10644882377598425,0.10408188861909044
0.09426768278065817,0.1645191764205908,0.13539873787693654,0.11185253985306559,0.09264187390684003,0.07474368283167987,0.09329977078363295,0.12366223659754472,0.10961429894905127
0.13041032187022308,0.05017201175107258,0.0794386753786835,0.10613342308200342,0.188955683383114,0.08840340665268455,0.09705042452384216,0.15417510779980295,0.1052609455585737
0.12559381243955547,0.0865349790107311,0.1214204113753173,0.15814586075861062,0.08423103709851244,0.0980286204074546,0.09352337792668848,0.1297193594506655,0.10280254153246454
0.10363443045579603,0.056222873607516356,0.26107662667261006,0.11758341021008323,0.10164023946465402,0.08830745408019154,0.08233724621919174,0.08677526758968072,0.10242245170027621
0.1256229689539984,0.09420955974498339,0.11026168269060187,0.10431789925988584,0.10059650143248856,0.1406757326045089,0.10462216768058541,0.11708285367848137,0.10261063395446625
0.12209804391139027,0.044506302852551305,0.06613602050115772,0.1504203077251046,0.0880869235731399,0.16577497553962436,0.08746512981442056,0.13076569575972663,0.14474660032288478
0.11925975948647442,0.04347271916954992,0.0854375498694084,0.10798963009389913,0.21711864259516922,0.11656919065069787,0.08850961098215059,0.12966830673643234,0.09197459041621804
0.10934776219640163,0.23307177640921814,0.07297037297958182,0.10551092871537741,0.06758296444207812,0.10378771581251124,0.10000875902060109,0.11050401602872569,0.09721570439550477
0.12598951525480884,0.10956088319907109,0.1907520340315371,0.12748386967462144,0.05641856689811333,0.07904054852123323,0.08858031369370535,0.11521012643293609,0.10696414229397351
0.1027003370897519,0.020601774611327305,0.20961011094472137,0.13594817342861992,0.08196227713161795,0.1374569616107162,0.08019423072176175,0.12622613194937143,0.10530000251211209
0.10731286201071823,0.24442904479192182,0.10994725874965856,0.08389462391899642,0.16687176069714682,0.05655210728598959,0.08364353693307082,0.06478811228455097,0.0825606933279468
0.1165421950122566,0.023964366612220594,0.15086349702094684,0.12927722874842829,0.10289235274233288,0.11268617742315613,0.08278015156994126,0.18106239889016515,0.09993163198055227
0.11492860980195602,0.04396316779266853,0.21624259374389365,0.10016948153337085,0.15320825923332526,0.0976518705863653,0.0787086806543532,0.09434986385656502,0.10077747279750211
0.11219185304965817,0.09133925179786939,0.20321005420083735,0.08624433960920684,0.14442862818188107,0.06937381998760966,0.07515487635860572,0.1171918427965254,0.1008653340178064
0.11876490865633497,0.08457641724625153,0.0719608237434859,0.1392461573939948,0.12937702951963015,0.09900780735772508,0.09496255727246679,0.16784403243760684,0.09426026637250397
0.13400425752656245,0.1042171229771967,0.06229419997071162,0.12258781793297467,0.034960157564345284,0.12396570539887596,0.0789236426272787,0.25537104451739284,0.0836760514846619
0.11933525787053124,0.10818185938352944,0.1564128214588387,0.11607428464589042,0.10846724966478737,0.07730338506347757,0.11505711602845359,0.09390958382742472,0.10525844205706698
0.10760421901383722,0.06627990302107321,0.06546153027531532,0.13722600701485013,0.13800509800895386,0.1046722040897433,0.17572664994418974,0.10924020563427539,0.0957841829977617
0.10138201783146746,0.15481706964481298,0.18644803597396994,0.09705103990959374,0.06665621812299419,0.12426726596410331,0.07720502930729543,0.09608095355270639,0.09609236969305662
0.1317437678710701,0.049075702965316215,0.09172875987228142,0.11540357788937665,0.07593067952032705,0.19990513046300748,0.1088867333391289,0.1150175395385679,0.11230810854092434
0.1097059921144089,0.1360116086578951,0.20780174371388285,0.10365311764354966,0.08410621577294845,0.07664426877276274,0.08890632887893385,0.09386438856114775,0.09930633588447067
0.11174489636410083,0.11670748721269823,0.1547917193399128,0.11423124672536904,0.07830974969305987,0.09467741844299453,0.0832452747412241,0.14348898180116307,0.10280322567947758
0.10829564465530989,0.05767139598689213,0.09035352808413888,0.08479976304397459,0.23169329606551434,0.08326529132115935,0.06359626186573579,0.19272519708410976,0.08759962189316539
0.11129770254374044,0.04949621314780792,0.10702231047023254,0.13106602959058045,0.09161450576135499,0.08870678445233125,0.10502637846119155,0.21433245421304992,0.10143762135971097
0.12247407160690406,0.21544876385797287,0.10223656724556224,0.11332247673786396,0.03912646698509314,0.12821642562218066,0.08833713968218254,0.08830775090035202,0.10253033736188848
0.11788960974965135,0.12403033539526431,0.12642469134406634,0.11596701347845527,0.10435293565997054,0.11807326200815633,0.10152098509252516,0.07985321584666777,0.11188795142524288
0.11048634989563826,0.06737412895558204,0.2424589357904546,0.10326700539325762,0.06962671396269449,0.09630760967693212,0.11274304695104453,0.11222532824131863,0.0855108811330778
0.14765745278064377,0.0308472042802197,0.0887937089883426,0.1284469518203604,0.11489939962861294,0.1556782995879584,0.13137590812434527,0.10163777753814933,0.10066329725136759
0.1316808663792118,0.10307014625327406,0.1284264580324603,0.11615290764138098,0.10260122792878246,0.12680751561838866,0.10868458040328004,0.08136405741986809,0.10121224032335356
0.10454709545223724,0.3216268740214814,0.04707846109738465,0.11842194053545708,0.10976520901627305,0.08579116515632873,0.06356630053581404,0.06683764520104794,0.0823653089839758
0.13676852053104377,0.06031065577001669,0.08166748667195999,0.10731092701071483,0.09635240887674502,0.12649014225341207,0.10924612225386136,0.15502058065249258,0.12683315597975373
0.11378127781365628,0.19428533900406075,0.15087481784326248,0.09760117157657122,0.03726323325386414,0.08691440845852298,0.11372643395882058,0.10305484726116527,0.10249847083007639
0.10886257092352662,0.12152745602948652,0.24840072604773447,0.117740352511099,0.08950862187029995,0.07666818311867139,0.07589336097768844,0.05665820605391042,0.10474052246758324
0.10942584464708464,0.17369326989096226,0.17899703896760596,0.11642493582833564,0.06497783735047928,0.09001853665082844,0.0786855560887525,0.0906323880845689,0.0971445924913823
0.11242495326007373,0.1321799513449214,0.06561779943645966,0.08562817866799988,0.15576936910881023,0.09265392527677278,0.10527468491505958,0.1519766365849578,0.09847450140494496
0.09994783551777608,0.25527288054292985,0.11623836895295768,0.1181490781976995,0.09230544414826368,0.059896835471107995,0.07787520562039589,0.07918595606597283,0.10112839548289654
0.12407601341690222,0.0796444637958967,0.10964266224789561,0.12997281816514436,0.07599712880367902,0.11206791885575755,0.09284828942165362,0.1614102833716833,0.11434042192138766
0.0892707193356822,0.10787431914591528,0.11527610777644119,0.16094774278848048,0.07151268469573237,0.09910530047354249,0.14430292922138097,0.10521208420315714,0.10649811235966782
0.10905625315505402,0.15096553528752774,0.13110920002459178,0.12282095943490164,0.07911046594847744,0.1259810464359035,0.08202759167467048,0.09572059601567433,0.103208352023199
0.12774121464837573,0.2120788103946076,0.05489087832792891,0.10956477982254448,0.1074221938958828,0.09626585286732932,0.11803605541304098,0.07066149261409356,0.10333872201619658
0.12509998009528692,0.07073472301057436,0.10819981228707738,0.09705247232879476,0.16817971335382928,0.15120134282242428,0.07745954191506267,0.08981617738812835,0.11225623679882206
0.1269860507593836,0.10793455542801018,0.1058992852434313,0.14021715685126054,0.08206651201983473,0.0965341009334582,0.09161012034904002,0.12890632413190514,0.11984589428367631
0.13308647598355705,0.0516417212852617,0.14380474263034393,0.16006261642815126,0.0736635324007308,0.11910456379519556,0.07835472653447241,0.14520725126741565,0.0950743696748716
0.10340410892113906,0.07874896663306485,0.09097711627627388,0.09388127493641824,0.0737160672531159,0.15162601014450486,0.09957225736221154,0.19759297813482482,0.11048122033844687
0.13035869299424807,0.13496167411922144,0.05514340318649543,0.15581530136467678,0.08737705404109501,0.16202806934135705,0.08476186267120683,0.08448765659457573,0.10506628568712371
0.120706363299301,0.1334592062747565,0.20051468703932132,0.12040376118947864,0.0864269167003996,0.07559384020016655,0.08033259198781527,0.08330029651801665,0.09926233679074453
0.11745724350700726,0.11096555511568419,0.20231662773773315,0.10794317684681132,0.06491486716176129,0.07898005314270222,0.09370058496682902,0.12555999851166735,0.09816189300980416
0.1279612605874009,0.025884654965712045,0.043004722518580375,0.08706236862981814,0.0817758432980729,0.24429448815656485,0.10532709377679718,0.17181006170710855,0.112879506359945
0.15310939357870898,0.07374024696792403,0.10559840634813317,0.1538885856699503,0.06468860801854846,0.13615066554217764,0.10966916019481193,0.08421061135864061,0.11894432232110487
0.13954557452488778,0.07885939555626749,0.1129578794197204,0.1179085724036481,0.09982912307574066,0.13014377035746924,0.10371906397523445,0.10795778900910563,0.10907883167792624
0.08838499211796326,0.2650037394655853,0.08458943390227798,0.10329082372830838,0.09509501549682618,0.08365533437199124,0.07783260205796905,0.11705467968832056,0.08509337917075808
0.12742403287625023,0.02954435223220081,0.15273983828270785,0.08819726838508361,0.22342087491985554,0.10157299905505081,0.08033683344147366,0.09816630678200894,0.0985974940253685
0.11149598849407549,0.1893695666030564,0.05259057302635537,0.10412842845242447,0.14703681145708314,0.15929912763475007,0.08171842269749967,0.0762565936076428,0.07810448802711258
0.14727630395998328,0.012554180279650827,0.1504979018390509,0.15942295254566027,0.11844858573713435,0.18951284178359604,0.08289034224470683,0.05900725118309428,0.08038964042712322
0.10975939764590074,0.18506272948980515,0.05947222906185954,0.10660673083974616,0.13949215475676754,0.10191494293161162,0.0870635437518406,0.10652208741982704,0.10410618410264172
0.10906644756851584,0.050575152454500005,0.1185350514195148,0.168024671412601,0.044320240763830586,0.17218257155187722,0.14377459630448572,0.07552936186643287,0.11799190665824204
0.10194903458893807,0.36168433574724773,0.09447452952016948,0.08944991777507726,0.07257637413971435,0.06275683133174982,0.07073522278598038,0.05817508997366794,0.08819866413745499
0.11835664160883634,0.09848051405436481,0.11092813795011608,0.13574799008881996,0.11856207279572084,0.08545711879487543,0.0965251622618647,0.14253700171116862,0.09340536073423329
0.09780977272398855,0.28343304254907054,0.12811149033025915,0.0865063937925068,0.11499597580692929,0.07028623801755805,0.07468782324804693,0.06355228476907097,0.08061697876256974
0.11873353051567899,0.019398432310407228,0.10854006277593853,0.11028334615437463,0.062139135097896946,0.16826728384018064,0.19890839529091706,0.12572055139573599,0.08800926261887006
0.11816032854105392,0.10932936917845008,0.04244860700109493,0.08849451766834882,0.07988889262477512,0.2365744346990695,0.09977755187324133,0.11820983014397708,0.10711646826998926
0.12489759006973351,0.03914656866017043,0.10612376506517109,0.15291591752887126,0.09896788951016729,0.13403856329808958,0.08786659946358895,0.12998188529982146,0.12606122110438642
0.10850535367086615,0.3073526139396907,0.11128807027244003,0.09790446173336835,0.05916925433519644,0.07689859907056985,0.08693419244880764,0.0689904537764565,0.0829570007526044
0.10466583572800724,0.24193272759215825,0.1284450638524513,0.11061483123448086,0.06147652423307215,0.09012663469133365,0.07426976256068499,0.09540928666619196,0.09305933344161954
0.09793118361197202,0.00912332011393653,0.07737759000427885,0.12081127264438767,0.2794826841903341,0.09126499030043522,0.11100844274587178,0.10885624823759166,0.10414426815119206
0.11484144894292975,0.06265584273135316,0.074493229393482,0.12298947694395472,0.16967035033633346,0.12442663014971152,0.07495065180194185,0.14759054820377243,0.10838182149652119
0.1322829619383339,0.09985398076547995,0.0974221220071116,0.09803018669408474,0.09534436323576022,0.08675316959378017,0.1145651755138149,0.1720576610294705,0.1036903792221641
0.0846000970224159,0.001035867205110575,0.028078937236022585,0.16823457332106084,0.2019314933133097,0.22065212392473002,0.08063849894175822,0.14843620109830036,0.06639220793729182
0.10984232976485807,0.07140714059349093,0.19113278029919548,0.15784599087698237,0.06535856907927996,0.1349769770125253,0.08275224388581608,0.09850113674098804,0.08818283174686364
0.10470735474964143,0.15458751305000037,0.09242060520153007,0.08421752723989313,0.06978091357246077,0.08302044447499526,0.07693857974953712,0.24582910012013945,0.08849796184180236
0.11581046737349322,0.012766694116125526,0.17493982370040886,0.14133435668594807,0.06296901889522462,0.15358195055235027,0.08352396331062127,0.15215204391320378,0.10292168145262436
0.10808385484699666,0.12937952656629917,0.17484234330325876,0.11404971588931766,0.0926479567358518,0.08841538134131538,0.0836937246466629,0.10433809430005908,0.10454940237023862
0.10316349813441623,0.27681684634371645,0.17143962193714754,0.09217623473535162,0.07173453832075342,0.05741461040218382,0.0661118862872228,0.07905770478523393,0.0820850590539742
0.11960056014504196,0.021627191261764222,0.07719391524666681,0.11104982949961899,0.14588200697191392,0.14814775667074856,0.08148515010119427,0.19488848534077033,0.10012510476228086
0.11283360153264793,0.02838353504364892,0.05723709819404863,0.11492112449121909,0.09178372836013364,0.09170649229086525,0.21087467148310302,0.16843994009750515,0.12381980850682837
0.16551159294075113,0.03149734011351951,0.11990199988668367,0.1372333138958003,0.11890450953433125,0.10056810587927985,0.08300785316874508,0.14531885683939308,0.09805642774149607
0.11357937925657575,0.11073615599335068,0.12184629790941455,0.11417333609673985,0.12180500757612721,0.11854662543723878,0.08309647364024059,0.12397891736544174,0.09223780672487088
0.1399190355940179,0.04220521072312186,0.07279700667942715,0.11177196576036565,0.12091859576290287,0.1918250623667498,0.0789144092975951,0.11294595370529825,0.12870276011052137
0.10158615955908039,0.0020707799974603834,0.08955560119163998,0.08539601239827825,0.1741837119875481,0.17102899611553704,0.09546063595608562,0.2096488596667837,0.07106924312758651
0.139745364931475,0.07784103155879107,0.13306445567651462,0.11106370947104292,0.12858070145915226,0.11115221541847241,0.08734639781182695,0.09969571963743594,0.11151040403528882
0.10396982776251812,0.19351311034718613,0.15577166377177107,0.10460305862591272,0.0688190639056472,0.06683372229604582,0.09131760674628119,0.11443287062687224,0.10073907591776558
0.11512928979220438,0.14459050544508825,0.12905194292487202,0.09150470541348919,0.13100116606598666,0.13141010320583593,0.06914631659583897,0.08656283914276869,0.10160313141391586
0.08878367204214133,0.07974545540745344,0.05228271835349507,0.11733381556412775,0.06060935254861683,0.23038826251347247,0.07237781080886602,0.19326213892145763,0.10521677384036938
0.11360546711595958,0.018024061805530456,0.08421066317895888,0.14277453300564658,0.06351851539317335,0.12829238881397598,0.22050275663047558,0.11731983657474442,0.11175177748153524
0.10398298274081874,0.07169011925994756,0.19144684114379476,0.10659192800807488,0.10851327300698915,0.08128058934133285,0.0939569751150433,0.12565148031335138,0.11688581107064748
0.11878951888339868,0.26254814442890845,0.08708927313519034,0.08666113506685669,0.08618106467227656,0.09171941790639059,0.08842805654458073,0.07667121226040949,0.10191217710198856
0.1378401379388313,0.09132072705111594,0.11451114751771706,0.1100955506098293,0.13320105750168024,0.09884184473243939,0.08448146726238426,0.13088128997619153,0.09882677740981101
0.11948507344583115,0.06312219018874966,0.13324259527479665,0.11898853567702421,0.12407894517262506,0.09501492552951817,0.08503640515094323,0.13706709120433203,0.12396423835617987
0.12157025325339199,0.2026040786358506,0.07757982861798748,0.11280299712501125,0.10981134158047433,0.08930418828332304,0.10167945563313141,0.08590598306820624,0.09874187380262361
0.10715592724977303,0.029633003148250844,0.1317577707756192,0.13696558655202798,0.06597265778569163,0.16929505010345713,0.08798079762400553,0.16022794385559172,0.11101126290558296
0.12407478782653497,0.10575265588731213,0.09099543686521545,0.14549651239781142,0.06834348992248834,0.13311899556694243,0.11901661828029836,0.10577502595906292,0.10742647729433404
0.12329924668925767,0.14924354846450574,0.20808759205259167,0.10886393731936801,0.07418914697251093,0.08225309966489185,0.07885696874373453,0.07398246300981576,0.10122399708332376
0.12206845310572319,0.13701296681115208,0.12113000764246351,0.11313377877842477,0.1088615556543663,0.13295673169891184,0.07278936619478849,0.08567625656842127,0.10637088354574847
0.1300935924100707,0.11576469974645764,0.07309809430261882,0.12376701058241373,0.11694215786195605,0.10006693727933054,0.11346789089604847,0.09252091814972775,0.13427869877137627
0.11073031698922253,0.17434017163312057,0.08915390694166131,0.11465043336854053,0.06505445799637034,0.15731375083024915,0.08087099552666124,0.10883172773231037,0.09905423898186401
0.11706620122959088,0.07182361466356246,0.09670906671357127,0.10002738450148911,0.21465235429153137,0.09030224889443263,0.08346351140433723,0.1315522208824289,0.09440339741905612
0.12024079458757841,0.010561158056847273,0.08834000455457142,0.13928232541652444,0.17110163160269595,0.19242237529567122,0.086331794428727,0.10167069525223164,0.09004922080515272
0.13166082036772664,0.027386398922044655,0.08634228728832427,0.11271964904773796,0.22744861813572792,0.172849426943776,0.061597441347585664,0.08569525225933289,0.09430010568774401
0.11130089389574682,0.09146375894163437,0.05981331634793716,0.11774041095630376,0.14018057696951267,0.15749977022227205,0.07976580166628254,0.15121722543518143,0.09101824556512939
0.113911168036286,0.23551496067093247,0.10450713398949958,0.1089772119377167,0.10189657576388826,0.09338838265720988,0.0826115929011715,0.06119496781207204,0.09799800623122357
0.12926907541318142,0.04832891784387655,0.05501794855157616,0.12220624576140234,0.14720486776810493,0.10224982656866316,0.10470631142134457,0.17213957581762732,0.11887723085422353
0.10878950635757045,0.1978782013137849,0.10998288668845131,0.10518480191309337,0.07308698207077444,0.08184243301063067,0.1069160540010602,0.1309830863767685,0.08533604826786616
0.12027646856509565,0.009412736023177907,0.05895825995488099,0.11673468533392654,0.09280118581376841,0.20947251652066368,0.17486247337983662,0.11286283491815602,0.10461883949049423
0.11208733660281804,0.14088141571464838,0.07628256350988516,0.15033533179627567,0.0800876211438703,0.13468597237857483,0.11832945767217373,0.10748614410340689,0.079824157078347
0.11465034357152287,0.012417114326669402,0.10782754168212044,0.14705827352173628,0.07090515506373522,0.21336595515756082,0.10933710171208873,0.10893260213383497,0.11550591283073121
0.1195114340314566,0.17991658516964218,0.13172041609982002,0.12162692583726353,0.08654471787438334,0.077971315600998,0.09543399326866701,0.09111010578493424,0.09616450633283502
0.14077901277692298,0.12698258607560528,0.122154364867548,0.1285711393777775,0.11006361728920884,0.09753522615287928,0.07848495946235176,0.09614592515562632,0.09928316884207998
0.15157360826477168,0.03884600296365787,0.10868388621823595,0.14627901648128738,0.11793781307908291,0.14968243481125285,0.08346468167117521,0.08966430687414635,0.11386824963638977
0.1006475061345084,0.051639193484208645,0.09687407892150512,0.09856199890576754,0.17037470742493907,0.08219938211265519,0.07000590051752924,0.25166133790412826,0.07803589459475853
0.10777477346461323,0.14143633405646755,0.05833803344920377,0.144337271968857,0.08368686441231293,0.1742351245171595,0.07442240388504763,0.12026696919877909,0.09550222504755933
0.12099892867369137,0.04436048286451746,0.22145827456181552,0.09845536510412656,0.1518278010389196,0.1112026956695726,0.07800089204419551,0.08390165507556983,0.08979390496759161
0.10471871528220043,0.3206027365537921,0.11051760388988097,0.0923477737905557,0.07833016772174431,0.09382947362057646,0.06949774545596202,0.05139144420999902,0.07876433947528898
0.11830860432857275,0.11620290983255292,0.08378983452084231,0.09755359445997686,0.15749084485071715,0.15391060335298365,0.07446346957039861,0.11146222871052741,0.08681791037342841
0.1223863914272064,0.20536346408370387,0.12396635012411024,0.1048633869504345,0.12492627749980233,0.08468238991118049,0.07164449094052952,0.06219407581075765,0.09997317325227494
0.11720117652097702,0.24381727947561962,0.1342993614232034,0.10235091967110221,0.05408116952700578,0.09913596578674944,0.07836061702206897,0.07340477107031945,0.09734873950295408
0.10589838946334218,0.12725880845767304,0.0538362146595835,0.12341433034271344,0.06983671119103645,0.14420769276069587,0.12445337102002951,0.15252492246971674,0.0985695596352093
0.11068339791325899,0.04514700416065299,0.07514050715644265,0.13807298286923494,0.12196174296734148,0.14061060727818375,0.07369782337335902,0.1711600918197751,0.12352584246175106
0.13192439970389294,0.049859036195553846,0.07851942404879964,0.09192239752464822,0.23473203442896354,0.1398628932400681,0.08071207054454253,0.09503751748252687,0.09743022683100422
0.12882887458919912,0.17499834903439507,0.06419687347223722,0.12392797422021401,0.08404824722143951,0.10176308570399088,0.11358180269776225,0.10977771625712995,0.09887707680363188
0.12230142933469307,0.048389151102379825,0.07512565288702278,0.11962035845451828,0.09124818512473658,0.13853484893877957,0.21539437559949867,0.10210931630795161,0.08727668225041964
0.1281526233567441,0.061999795444874904,0.11080463991107627,0.12919626835706785,0.10710977376096002,0.10780255899364048,0.10505446635423382,0.15204184312174776,0.09783803069965473
0.10709535456088685,0.14393661506446387,0.18013436034142352,0.09630055808643272,0.15687376323858462,0.1073264950267264,0.060395100536729,0.06154617182377584,0.08639158132097713
0.12260836942142055,0.20166264280737847,0.10144839708071789,0.12887709989069523,0.10072804197432739,0.08982211765190799,0.09098025060641864,0.06520527453136044,0.09866780603577348
0.13353478463534943,0.036025099170895906,0.1685215017680469,0.10864466012657736,0.12506642596100934,0.0817289267920112,0.1272380878080126,0.12172886667428805,0.09751164706380928
0.15729944930746867,0.0933901409989605,0.17740723204275474,0.1029504700566536,0.10628804540341114,0.10416370640798812,0.09275558497441339,0.06565745031383359,0.10008792049451622
0.10707924605165359,0.26258329479908565,0.11269561570249477,0.09581217962452698,0.034015206026834395,0.10908573752928741,0.08174908119173434,0.08266546429934131,0.11431417477504158
0.12104289781606363,0.06064791088237346,0.06408944543329366,0.1365067189253013,0.06611778010325116,0.1833899001454998,0.08885049927878187,0.15410324954236992,0.1252515978730652
0.12935733804140329,0.026190185185937076,0.09413294048341725,0.15292868720483957,0.07236396576610439,0.12061574451150171,0.1201493231880012,0.1710451774622983,0.1132166381564972
0.1297359563799418,0.14772214596985436,0.11027479818511265,0.10588200337053554,0.11322802334572335,0.09738295566125277,0.09041101220437238,0.10663568050787801,0.0987274243753292
0.11104889590205753,0.03350565349500879,0.2678565431068811,0.08420166958068782,0.14270810716035642,0.08963207336785134,0.10613585392630702,0.08338867939762001,0.08152252406322996
0.08591646100251206,0.41559089379510855,0.06606360264738496,0.07884626537023524,0.04684783093156433,0.09341909940133901,0.0788614353322641,0.055862132403855846,0.07859227911573578
0.11934446866266246,0.02068680666124099,0.08389872868751184,0.13448917042064978,0.1430192352945535,0.16777791856884514,0.08774910054593249,0.14738934025965597,0.09564523089894789
0.14037608893997156,0.07669895598228461,0.08212382708068179,0.09475446737540826,0.07280510814628308,0.20881972961978876,0.08122066622833311,0.12446986542640048,0.11873129120084831
0.12591735173576182,0.06592948786238988,0.09330649213935804,0.13302364363559135,0.12616769649119022,0.12266858602315907,0.08672964051266326,0.14215776048794126,0.10409934111194503
0.1256351322342388,0.10247069266861734,0.08630684793634402,0.11725992491353171,0.12439441210497298,0.15311792748753966,0.07293205613083728,0.10419230117456779,0.11369070534935043
0.12896816068319303,0.039608450268981736,0.12136814657342763,0.0940437403706411,0.2452078338424412,0.1287773714814723,0.07540570437451016,0.07601404219109494,0.09060655021423791
0.10339846945024274,0.09662795013297248,0.21476569760261896,0.11275877672460766,0.06938676010827986,0.1111983610547425,0.07167271796583051,0.11923099436538993,0.10096027259531527
0.10527698279761448,0.1416300782225042,0.08797629898980226,0.11741912588987881,0.06666658978441899,0.14729401130774514,0.08994979432586814,0.12351744172862189,0.12026967695354607
0.12554416575028443,0.15344838408381203,0.0925765365302615,0.14022019371425784,0.08335846527925533,0.09164825958045048,0.09902016205553327,0.10644851592899456,0.10773531707715062
0.11285085884977662,0.023788204483827805,0.17546427931135766,0.09692588476813645,0.13825847920229126,0.09721047801063891,0.11814255301957817,0.14517454465787027,0.09218471769652292
0.13568487409086813,0.03886922777802159,0.09865177498909611,0.11231653841678085,0.105671437719752,0.09856594859247442,0.141160204772979,0.16940854145715847,0.09967145218286944
0.11236123270895333,0.05436041495150296,0.16243801292425786,0.10549242346907166,0.08079986271409845,0.16213768759680147,0.08456472914695579,0.14139894155491095,0.09644669493344753
0.11860182277206303,0.09994596375895254,0.19295758855151682,0.11873113604310542,0.04100703034852305,0.11323159381707348,0.09329485362562755,0.11653590731172607,0.10569410377141192
0.11142997892478068,0.03339388320859173,0.2257813581524566,0.17043157644145823,0.05663926063501983,0.07816712585530905,0.11503014859866768,0.11131671823710959,0.09780994994660659
0.11102097692913042,0.12247326876118296,0.23833005409135152,0.10046836475109903,0.11788679040866025,0.08070633955039315,0.08596050787979413,0.057602789058104474,0.08555090857028398
0.11802370318348325,0.09404029568225268,0.11090002339278526,0.17274868188433853,0.04627005747124945,0.1253457717750256,0.10451840622882334,0.11981401505494725,0.10833904532709464
0.10816445265274205,0.03382870874973328,0.23668376145641443,0.10372340424968392,0.07444858634424156,0.06423716789739925,0.13950942253653423,0.13479096400767906,0.10461353210557217
0.10702015873070343,0.04992675050935893,0.286181687830069,0.11207144538140901,0.06336696667326942,0.12941587967615917,0.07718171726180612,0.08462958320624536,0.09020581073097955
0.1380255211031198,0.03671153650087125,0.09089662801863062,0.1361212425879351,0.04915812391258372,0.1823973472558742,0.10094872628331412,0.1346342179425759,0.13110665639509533
0.11805387235654446,0.07666771615599488,0.09983819417097028,0.10458848683600801,0.16409960162166976,0.14148474407792624,0.1177406702378478,0.07959057389341159,0.09793614064962693
0.11800622497538311,0.15300938648477058,0.14377185398548853,0.12528085578887457,0.07947573976332399,0.10677621689650973,0.0936023730131657,0.06932089358085329,0.11075645551163049
0.1323988528456819,0.05850248086454488,0.0771662873308045,0.128446856266521,0.08452394805242346,0.12154966940295521,0.11328083139402728,0.17870918172813358,0.10542189211490817
0.113650895365856,0.20457205234540662,0.08423653565295042,0.08988192563200431,0.17871608444389006,0.06846990361271953,0.07920704534129025,0.08570225635962442,0.09556330124625834
0.11662618705878385,0.014629797964522913,0.3196358927245435,0.09345830373759645,0.05337423197695316,0.14487966461280052,0.07102246311603204,0.09083135430490392,0.09554210450386362
0.12043371968706447,0.21267371630096035,0.09186178894397708,0.12333170981143125,0.12146681978435143,0.09570889567137729,0.08132531228164554,0.05842500112990562,0.09477303638928704
0.10532769890812692,0.07441160525275196,0.11572571900996247,0.12046949402171658,0.10163190170591128,0.09266557339241481,0.13694937601453527,0.14957161426974974,0.10324701742483093
0.11341053626294595,0.05796988183617701,0.22668996460276292,0.10164760257295515,0.09691937441242604,0.07092936305199044,0.10886417843035813,0.1289401876520858,0.09462891117829864
0.11459600741046282,0.0573517093173313,0.16223961471401008,0.1309215218747462,0.08061904936519933,0.10950434484766185,0.10704722743497963,0.11426800204524656,0.12345252299036218
0.1068944368909145,0.14322675541076335,0.10203801926864804,0.11707434165610886,0.16532272143053092,0.07082326404040647,0.08926711797831859,0.1073853763513379,0.09796796697297139
0.12468571124858878,0.06820129449288599,0.06005371941129211,0.18793320027723504,0.09419954245766722,0.17985842892980486,0.13212179593786988,0.052934827836177346,0.10001147940847875
0.11468299378888147,0.09160788113319084,0.10820915049611661,0.10014559285694134,0.23135425286000558,0.11333522471215261,0.09599012273587038,0.046153933542632884,0.0985208478742083
0.11582750913667683,0.08005044591028021,0.16873921843896075,0.10188318063602536,0.2026989942661965,0.08590537077627126,0.07397610372062983,0.08119391356713855,0.08972526354782073
0.10602268922213598,0.12776939525323264,0.14056152102071925,0.08931337208320202,0.19382927487994495,0.07288908021995584,0.08020218444370462,0.08079193378702561,0.10862054909007912
0.09993433103281187,0.27704999890370813,0.14351192422603595,0.09011061783095364,0.09588916507982148,0.0665454258439022,0.07316908929885936,0.06184541799972817,0.0919440297841793
0.11836883125507902,0.1132887476828326,0.08979918138984856,0.08804476902570509,0.14336829234846102,0.08082105907943112,0.1650971368916779,0.11511075082252105,0.08610123150444361
0.1223963652672443,0.07146855925637637,0.1984253076024193,0.07997572558672777,0.16048157710872785,0.12471239553683298,0.0755891161093633,0.08176974163610544,0.08518121189620272
