0.12533191763782375,0.06711254264665066,0.08831414427779144,0.11018119285726813,0.1221391899959634,0.06599614691200452,0.08620122724093275,0.10861342787464401,0.22611021055692135
0.045252787612711835,0.08596245904496058,0.09275976017932197,0.10288744607866616,0.04835007435451324,0.06807434986970222,0.18764245891578746,0.2088592744012021,0.16021138954313438
0.051316736260136775,0.17654869591115163,0.11126430908270357,0.10360621259938509,0.10284315108658487,0.12285457110378671,0.08083670083539292,0.08976970537792613,0.1609599177429323
0.04754729486040027,0.05589089388820164,0.04083897765931181,0.16001090123768566,0.05677910159468058,0.15208279004768235,0.14566794007504066,0.23638036026437512,0.10480174037262195
0.041930506243069626,0.1578907552010105,0.29935130749033845,0.07185948985761592,0.2935940753589474,0.02934360783349932,0.039091098830370714,0.02301809639507248,0.043921062790075634
0.02149794363926623,0.17742599801270412,0.10515089015542389,0.055077174291357826,0.027878201103073194,0.2775497106752945,0.13055195036961506,0.07731069356035301,0.12755743819291224
0.029268938657902366,0.05775154097053429,0.06230254274331834,0.1444060134526765,0.08577277970321917,0.14728335620353097,0.20437261491641837,0.14552277306259806,0.12331944028980191
0.1736867599316186,0.08517325959579043,0.04183987635403564,0.08401524043650321,0.041249924861725004,0.12171523686240715,0.09659173251471342,0.18363609270140593,0.1720918767418006
0.4230019021062204,0.09815206181408982,0.12442664027415672,0.07828517382202076,0.0839545291279442,0.032846769148917744,0.023301166045725682,0.09849491868946249,0.037536838971462066
0.08108938313822295,0.13294285199173247,0.08146540108177673,0.15236018868337034,0.0433259024362538,0.14622221628551846,0.038407843201260686,0.1635305337025418,0.16065567947932272
0.0816793648917953,0.12126448569542327,0.06624682098023799,0.1017237598285774,0.07256504147334286,0.1848994557060356,0.1263447739949157,0.14961270918975267,0.09566358823991918
0.007186719361255177,0.016794589873627513,0.07100943548604449,0.09580525338515418,0.02507068965314586,0.16381481697409678,0.13007767318921726,0.25368891475590316,0.23655190732155543
0.30516244960494954,0.18048101529951988,0.11003577131866345,0.051785155444676594,0.1204292299978117,0.057298585514045756,0.062053919161054016,0.040012062938263766,0.07274181072101522
0.05032471831441321,0.16203659590063302,0.06400445075565642,0.13143570404297691,0.05948637635743489,0.07640598709907664,0.12509435631588398,0.11043143907271302,0.22078037214121196
0.016351936490885545,0.1020289816407348,0.06152033327819136,0.11923918912048075,0.0710330342837808,0.15662193337003671,0.166292139712833,0.239282306006962,0.06763014609609502
0.020214010489302197,0.06476446375860455,0.18510653456687853,0.12665159313853958,0.05572908401223567,0.17310048364000266,0.043894304390892765,0.23545917313414977,0.09508035286939431
0.185447010943692,0.08770754678630259,0.14955756788671928,0.0320568558387279,0.1848082700192667,0.2824007204401176,0.030441824239944428,0.01389599729125232,0.033684206553977115
0.047070633556548114,0.0735820536737374,0.08243301511894909,0.08671293757965698,0.04585405564113735,0.18959652312247863,0.26158520513735994,0.08638508848478503,0.12678048768534758
0.17258384475988842,0.1706717396429116,0.18018050362176294,0.07267048428330071,0.19851003423857194,0.053315572559603557,0.041057930465773364,0.05952112058511389,0.05148876984307346
0.0709882578317238,0.13051675631681234,0.09052975363892583,0.16388714961150314,0.06405940513806437,0.17192633562025098,0.0659820062872608,0.10408181257039746,0.13802852298506132
0.15865428925421998,0.08684828359238254,0.16989504793911347,0.05249268682073497,0.15498050017871165,0.11819465714947223,0.10444682034061914,0.05807547005335693,0.09641224467138913
0.24119278044822035,0.1451387111602547,0.12010443983216494,0.059419676664873376,0.20701218373631294,0.05743027166767628,0.03198755290503894,0.06882875825871372,0.06888562532674476
0.1392456441467971,0.3011903139630543,0.09919460430725674,0.06893638439567663,0.05559891906227595,0.06614350354262177,0.16322915138771135,0.022554230967381444,0.08390724822722471
0.0208774057726817,0.07280354456462727,0.07045648306155819,0.15726888335109804,0.04009242453362743,0.08382369268413964,0.060396518138033733,0.25372411503668424,0.24055693285754973
0.09203254446391751,0.09325501797964526,0.09269044743097203,0.09758278972709848,0.13170116055161615,0.12805252046297,0.13490243807690283,0.11473616920095481,0.11504691210592287
0.137382338181868,0.18539557493309058,0.11917832247843514,0.09792336534789903,0.061544381147419204,0.08139794274447018,0.03102168348016554,0.11168997081422392,0.17446642087242836
0.3513271271620358,0.05486099056709994,0.03475451263565669,0.08277854953102383,0.0761455580840187,0.17215304213969862,0.05999157253156959,0.07010937243308236,0.09787927491581448
0.029938262267621103,0.05650390518298609,0.06981727166976204,0.21158935405653845,0.059852531778792996,0.07680648462200117,0.16784542039677638,0.19526456379467264,0.13238220623084906
0.01262688802072702,0.04115216165010419,0.20621467883081043,0.16434539875701304,0.02864571061055549,0.08743320257039566,0.11863510439623519,0.216309780688433,0.12463707447572596
0.08208490848699675,0.20997193815945803,0.11467409204340595,0.1316852370680046,0.13386620546158176,0.09920941763634371,0.08284251774833488,0.07809748662730114,0.0675681967685731
0.014558258654958951,0.049669145596336034,0.04428242056995376,0.200165218767106,0.029472131956399705,0.0806708583092708,0.14306570153923606,0.20630623248693322,0.23181003211980558
0.09866031811628002,0.11616136551611665,0.12910167367453723,0.06839647222622941,0.09566313613021661,0.12118380808770374,0.2195574656885834,0.07273063088845477,0.07854512967187817
0.0893379406211665,0.21063103237668654,0.0920690930426432,0.06018728249332681,0.12116952425168499,0.131732974157622,0.09830954499803952,0.11062231953524927,0.08594028852358111
0.024227136681877162,0.06365973428332844,0.19630050745342617,0.10204574471441046,0.04840347004093523,0.15632882520950575,0.16224476764988197,0.0855909311144097,0.16119888285222514
0.07884290155735708,0.1956195031435289,0.2965108566133338,0.09301198417164454,0.04740010728157084,0.05581665752718576,0.11075430928263562,0.06555743303276895,0.05648624738997456
0.02438307442760516,0.10549973536787972,0.07793334884950154,0.1286433448411713,0.08833577001619881,0.11932859976547866,0.13477874552830474,0.17075995279930165,0.15033742840455835
0.23523299065738001,0.1276039284912128,0.18865064344039428,0.052500171490192954,0.1354877165797074,0.03674455501498232,0.07031752395678394,0.05064399548886786,0.10281847488047852
0.17635540063986235,0.19232820765473702,0.09139245392625202,0.07296491478137412,0.1601855450491745,0.042818863019443716,0.07638880278222317,0.110109429732674,0.07745638241425912
0.07418920490921284,0.10458220627982899,0.06020318070541614,0.16196545407712268,0.045742182767692846,0.1468892183042991,0.0860832653662158,0.12380742033254248,0.1965378672576691
0.03980025001783308,0.04748457587824877,0.10433263770240869,0.1451120578266618,0.02873182280092811,0.041677660006849575,0.27121469538629106,0.12514625321639555,0.1965000471643833
0.22287909505114936,0.10897852541033831,0.0636561402457611,0.08282767135860902,0.06626788542184295,0.14427804018861304,0.10714857224938773,0.083100238262101,0.12086383181219758
0.01164239125606025,0.09402161770191181,0.04484052626389965,0.09081020020486504,0.06405301649633076,0.17149284177029914,0.20401900943235754,0.2173009517929615,0.10181944508131435
0.019251453325018153,0.04300458411131034,0.11671236243751244,0.09634243538376817,0.02762751031118818,0.16588775958395316,0.16172650706984576,0.25094990325198635,0.11849748452541757
0.02525357787957226,0.04973540868523426,0.15903633437089024,0.18707291684671404,0.047201029481914146,0.1972612838952156,0.06806869341780768,0.14867677188849004,0.11769398353416179
0.11209131787097822,0.14331621870003713,0.08998986406061453,0.10854782034152399,0.059878867125973095,0.14956582444196584,0.17049212638141267,0.09086699674363746,0.07525096433385715
0.14315157213285876,0.2818983163208061,0.16958290051634164,0.0687963359296551,0.16935924827051077,0.028125626255235226,0.04844646067691543,0.01787043296524391,0.07276910693243295
0.14345670461830215,0.15752611639063221,0.10292167660643921,0.12335877507257702,0.11698013923902639,0.16547727578647256,0.04873028648676275,0.035133056495709865,0.10641596930407782
0.016457058992357994,0.113602388401889,0.11501238274804489,0.14509729502934487,0.14195513435143822,0.14427691894028458,0.07480106431760684,0.10996108007528288,0.13883667714375078
0.05185601266541423,0.06615871884244595,0.2879214805596801,0.10888172840669057,0.1137612533854282,0.06733933769933217,0.120572184061701,0.08407462326779559,0.09943466111151218
0.17517778837449458,0.11686457244827941,0.05331444024864442,0.06513062515869095,0.3009296944182895,0.056149049775446734,0.13244821326566303,0.022511121389201055,0.07747449492129022
0.020800815326551383,0.03666113332419777,0.06304411096222488,0.14569630478625958,0.04361589516008599,0.2880454680933081,0.10051045504433805,0.19529287129977016,0.10633294600326404
0.43826348527132564,0.06955272898893815,0.04284946478287618,0.08409581093519086,0.06216472903733802,0.057676868654735765,0.03494090291759578,0.05642712469464484,0.15402888471735485
0.10225613410899952,0.15032555152350965,0.22495154669516484,0.12255164169085397,0.1086558268876519,0.0672904058174058,0.07807446406155782,0.060839639262372514,0.0850547899524841
0.05846014310587385,0.2564442331078121,0.11491241046580898,0.09552436480985205,0.09209662739823687,0.13035307734132973,0.10745133160284866,0.04085728594160578,0.10390052622663197
0.11669186657604463,0.08917490078784258,0.04847516056832089,0.06990807775715115,0.04961994392418023,0.13252832314272303,0.31478919454107074,0.07391903106108531,0.10489350164158139
0.24167990349686772,0.09616206970568038,0.15082082106927366,0.0466009439111385,0.10604371674880242,0.1542564031054359,0.10759992190736317,0.044826651312610176,0.052009568742828034
0.06939858931476221,0.07429641844392924,0.06600882629336025,0.08488671770528973,0.04142173062650709,0.10762844770076652,0.24694533096418403,0.12089588005405022,0.18851805889715076
0.18679237514648403,0.12212573729917904,0.1209288972382042,0.0996868036393807,0.23077547114199382,0.05072206414114491,0.09783729389748708,0.03365988199712306,0.057471475499003215
0.12190960150269604,0.09536857903219265,0.2986907951267344,0.08566403759884045,0.06465771924988566,0.12149977720728476,0.11757571546042928,0.02451659825667939,0.07011717656525733
0.1520090448457915,0.15361275371361915,0.06803202333758913,0.07842827348550031,0.07148563218732427,0.09486196476788328,0.1608767287948897,0.12678473644626564,0.0939088424211369
0.06689196602936874,0.11296629991964217,0.14398605146727286,0.1177146969455362,0.11216826418898766,0.07610781441397259,0.165789083037225,0.09187199546319451,0.11250382853480025
0.08208490848699675,0.20997193815945803,0.11467409204340595,0.1316852370680046,0.13386620546158176,0.09920941763634371,0.08284251774833488,0.07809748662730114,0.0675681967685731
0.3445515403277241,0.1195093182033982,0.16599549621006685,0.03533943759381664,0.2037793701748771,0.02705708950371359,0.05510655622574181,0.01976016403864665,0.028901027722015027
0.04939617498183155,0.1854241562808321,0.07489906383911572,0.07712629836706586,0.292720825905695,0.05681572996296269,0.16682442828923708,0.022246143226882786,0.07454717914637728
0.039792559819008234,0.05055609265922915,0.08418672476458973,0.2291944286319685,0.03924757907391064,0.12004666682759317,0.08982244497691111,0.15511319034439974,0.19204031290238976
0.010882610887752386,0.05525606386605097,0.05060128167405618,0.14085140651108913,0.03159194403020867,0.07643960060176723,0.14153977107747592,0.3625566657552433,0.13028065559635615
0.11133507004110692,0.07521148605213195,0.05801929342983417,0.09678084379226144,0.04959110661899022,0.12141361762057372,0.14095231068815361,0.22756774335830868,0.11912852839863926
0.11699335566705593,0.1261558690082555,0.1739598626414014,0.12621892054856346,0.07947757164914841,0.09411862713281151,0.11466753195255082,0.07948340324426356,0.08892485815594936
0.060054488907011226,0.047902734615403286,0.05641587564446688,0.1117383393693158,0.054336953935221026,0.11578055302962074,0.22203039405104508,0.1282527808555166,0.2034878795923993
0.10732101560847239,0.05181096870758906,0.06506740082645808,0.06779472693235276,0.03686251248272441,0.15955360300348764,0.21291987348583497,0.15100485858551702,0.1476650403675637
0.04696417277547706,0.1366323266433594,0.24627571644267587,0.0720261000203326,0.268059861797948,0.06378424251705501,0.05053851365149457,0.0638293862804556,0.05188967987120197
0.0189500912970114,0.09497405546196676,0.3018990660849501,0.08029973392005985,0.21960222307237767,0.05048019181362227,0.06521295918179132,0.055290121791462706,0.11329155737675788
0.06350847988362743,0.07772827739715117,0.08147085567270314,0.23518783111082184,0.08058223420102806,0.0788855188421356,0.10311522972824762,0.12511380024334398,0.15440777292094116
0.015024871398318361,0.029411532353746158,0.0683470717062502,0.15003035535008902,0.029647508361289057,0.08187690883381317,0.14327758089378737,0.36509938503282857,0.11728478606987817
0.07073212156773113,0.07081755040701959,0.07564863829840383,0.13767447984385026,0.08254518745160107,0.14879625408802302,0.08223960376967593,0.14604072489584702,0.18550543967784824
0.0023959502124520906,0.07236412764850338,0.05265419471647057,0.10281329069532175,0.03005393416870748,0.2436298599924737,0.11668085467440344,0.22874680818673776,0.15066097970492978
0.13428403700547725,0.0863269927699476,0.10972307722921466,0.1465428199775898,0.11285082528610262,0.09532172061615103,0.11687503570794727,0.1261651608780874,0.07191033052948233
0.04740317477659819,0.19239921591520523,0.10979368085005316,0.08299444677071202,0.34445899591919965,0.03525225976705123,0.08673080719859659,0.02426450716507189,0.07670291163751208
0.0821500526042979,0.1906712355513811,0.10712781744419071,0.1121848118078309,0.043189577692633256,0.17183977089780098,0.20940653196465794,0.04921181902958635,0.034218383007620916
0.10607802164567166,0.18250261619048871,0.16037282818129625,0.11057841177118682,0.0775402956053592,0.09728434534410058,0.07606412074681994,0.08593176978626087,0.10364759072881595
0.03125675985188827,0.14046563178576943,0.10375866922478412,0.12324634139803008,0.11350306946715848,0.12262248822734574,0.12068439643895112,0.12107402033271226,0.12338862327336048
0.06477677211470627,0.07431087099763119,0.05392660733801421,0.11802895558205422,0.0799388955009679,0.042441324748401614,0.29611916519593834,0.19131052738660181,0.07914688113568447
0.042820252953714145,0.06893175781943411,0.0935964205288063,0.1650165698155825,0.040578554258837614,0.20082022715901418,0.07784428531192766,0.11443344337586092,0.19595848877682254
0.02030572929950172,0.14976094471748,0.06203413731180988,0.1905500949016873,0.047784577583855736,0.1595677522517759,0.11873384954036614,0.1090671580108132,0.1421957563827101
0.01821319701411055,0.05855069704952864,0.049642226417188705,0.1311047201175218,0.13208418867831764,0.0865893283021728,0.2856929678831556,0.08773709239901467,0.15038558213898942
0.06444433764407119,0.16369255492343057,0.0891425462771076,0.12271551583202489,0.05805312083781706,0.08731916520573892,0.20606601235612385,0.08372249203249439,0.12484425489119151
0.10700872936755475,0.16589987541294726,0.1381953716263596,0.054061494934703115,0.3661728026666138,0.05844435586775779,0.04384105284482961,0.03195336561362126,0.03442295166561282
0.044639327123334016,0.04996203639644523,0.05788648568003479,0.20417767124974037,0.04792025094168587,0.16464106355035424,0.15418715239216166,0.17223551895892808,0.1043504937073157
0.04800759153238356,0.1552094833837561,0.06989845757276858,0.11686569098850852,0.058376605958649665,0.09584051783385684,0.15636488147145708,0.09391517039007113,0.2055216008685485
0.04898225330227731,0.04541478638745767,0.1428376963126378,0.13724761038780733,0.029833958904039653,0.17667027823323997,0.0749605367188162,0.07824385851713611,0.26580902123658795
0.14304653412693794,0.11279911858604508,0.06764377799573312,0.09522246733781627,0.06474847301205357,0.21830447426930707,0.05418475616421755,0.0647688742072008,0.17928152430068864
0.1898326460448988,0.18767127712844375,0.29563471369047273,0.07400444715857128,0.054384782876191466,0.04321252435711201,0.038784236472372925,0.07836977679160555,0.038105595480331544
0.07736669716359809,0.04954569764930165,0.21434146010274172,0.15674262415386953,0.10193031189050265,0.09062142358135318,0.10769644534146176,0.058385121515832604,0.14337021860133878
0.10920632292871539,0.20439466502581374,0.03970255631725576,0.06903217864626414,0.3801442164993902,0.054448223200739186,0.04596595623867215,0.04496226064856055,0.05214362049458898
0.08197225274789773,0.13261486262104574,0.16558440789052734,0.050325305142599565,0.21753945675437888,0.0347034076840401,0.22564143890748936,0.03572049042739401,0.055898377824627275
0.00773048660421375,0.05113017431570496,0.04670818982144554,0.13281451858091975,0.03225209103640981,0.12042061822080215,0.17498360736822308,0.20138810711675284,0.23257220693552816
0.01029729943033711,0.03441870234326567,0.08876655028096685,0.161807901402369,0.018372180055471154,0.07554835866452421,0.11836487229770147,0.2250004849144942,0.26742365061087037
0.2139268745972065,0.1432271433537243,0.16670086843110857,0.06201611969131756,0.11976218724225061,0.05367639829043366,0.08524446133659451,0.06600258866786968,0.08944335838949463
0.053897530349254895,0.07411785209145859,0.21834336862926154,0.13144079850393176,0.03452590550623353,0.19394418659675164,0.07373293668987398,0.07742963152334716,0.14256779010988685
0.052371990208449355,0.05267084489019244,0.06858684744133808,0.12861301796447286,0.039842623139638544,0.13092768706384553,0.26888329573219577,0.12423540964975209,0.13386828391011527
0.021123971063199066,0.08958476848914439,0.07347254907641414,0.07630657658659067,0.0588915946071436,0.33417292820056543,0.09966885457308955,0.06179601594944592,0.18498274145440718
0.011117164149781715,0.03092182781854888,0.062126455808556226,0.14728032964244142,0.025295544418635144,0.16833757944214897,0.18148815881214742,0.19238647733451916,0.18104646257322107
0.19404754641704458,0.04123122317426076,0.09422519996715632,0.10915756570364372,0.08296138920459406,0.06961457024673906,0.17749787240029388,0.12322627313802696,0.10803835974824068
0.3208459734359013,0.1285672352646521,0.03973188996914684,0.13462862665834407,0.03293392045532773,0.15756371286675,0.06620779415078017,0.07792073685913287,0.04160011033996486
0.02477774992895157,0.06215992488585729,0.042238723399211926,0.1184360320506538,0.034737574642230824,0.23918742554944195,0.15696276864623424,0.2194377048443931,0.10206209605302534
0.10965926299321749,0.12864087013616704,0.0711614824537073,0.09996868384129971,0.07911879788310501,0.07630829459783443,0.08020327503319351,0.11320163883306844,0.241737694228407
0.12491341934127383,0.1980918698385117,0.19152039599048176,0.09017252422107797,0.05380971093058223,0.055729058022392974,0.14571211441602855,0.08292041865239441,0.057130488587256535
0.16304609375197396,0.22527099281362517,0.07984982303784614,0.04052667639741702,0.2665447317273583,0.051938655479332275,0.08455781505802716,0.025525606831699684,0.06273960490272028
0.014380730187985863,0.06494687035562258,0.037031291071264794,0.20945067405257048,0.03579232813236551,0.07889869127009734,0.15693635176011309,0.234702903568851,0.1678601596011293
0.044342194477406775,0.3324773725474915,0.0778332023463041,0.0728419000971552,0.0780786795172559,0.08748353901138539,0.1829045738592554,0.06682753663525141,0.057211001508494425
0.005929258986320512,0.10501604973919737,0.11916366599597468,0.11965834425841766,0.07305117852666602,0.1970606846429556,0.12611181103841249,0.14932646087913928,0.10468254593291641
0.10259994417520073,0.07008346429773318,0.06585820539985478,0.0924267024841235,0.08119046751672648,0.14269768952049688,0.10243152606973764,0.1651355459668756,0.17757645456925117
0.11078415160141113,0.10946828037370021,0.09681031322662219,0.12841479665553346,0.07432925579212638,0.07406343951043855,0.1538879890877409,0.11628554919008209,0.13595622456234513
0.19257717476716574,0.12821165225268105,0.06689900375698636,0.11729404177551515,0.05290617998064109,0.09214174463690102,0.06542354984180972,0.15545982771895753,0.12908682526934231
0.1298366148285253,0.15554993866282674,0.16417453714328956,0.10251711098822691,0.14808023041396864,0.07278834609433017,0.10836105472329811,0.0765625335137593,0.04212963363177528
0.0514900353575815,0.08676536466671196,0.19004014303265251,0.18706778871424282,0.07949621681646236,0.1154791639608989,0.11055331178998988,0.09913290149044805,0.07997507417101209
0.12491341934127383,0.1980918698385117,0.19152039599048176,0.09017252422107797,0.05380971093058223,0.055729058022392974,0.14571211441602855,0.08292041865239441,0.057130488587256535
0.07657990267468318,0.11663660267902554,0.10708147303205014,0.10139280698912934,0.048050557999059024,0.2192705203713777,0.14842936680658955,0.07672022047039896,0.10583854897768648
0.030811714785462543,0.06481164618724294,0.071506865480832,0.15189475659292848,0.03458979486510553,0.11620218682067047,0.19297871681093084,0.14716305737328947,0.1900412610835377
0.1284604438522637,0.06381270178493158,0.054955350207382965,0.1820780450155887,0.0991801914633658,0.06505610904817072,0.1298803644645999,0.14037791656728407,0.13619887759641258
0.07131400941242495,0.18257683804712369,0.17117578425342528,0.08246090264442409,0.14783839073470054,0.1160783165309246,0.04469699163482343,0.10900785285262671,0.07485091388952672
0.0545103999273392,0.16469538954429455,0.27104325103695,0.061448951395667195,0.2629107759049828,0.022079873239758633,0.06688380751841573,0.03972067808755197,0.05670687334503995
0.13096008649471905,0.17522565923084468,0.0578179748387205,0.05907959892854094,0.3808412869444666,0.023020509007073003,0.10008115937141689,0.02165000241211011,0.05132372277210819
0.18708141572328954,0.13883065138151748,0.06246271045383944,0.07715561646170771,0.2831438059298836,0.02258945718454161,0.1395375868341273,0.037710723335277474,0.05148803269581583
0.2370721467172819,0.06321680329023335,0.0850765890035798,0.11325021526268185,0.05936422498051788,0.12938584723132626,0.12140143025749013,0.0972432240268694,0.09398951923001941
0.08509733453651447,0.04064530237441979,0.12747260842949332,0.13117096870088354,0.07257842813564937,0.1673567010427995,0.14581520914058893,0.12535951070026677,0.10450393693938438
0.01992549684619151,0.04452009995772826,0.07191714800973482,0.07111289587555149,0.06066773225220268,0.11308310289948277,0.058474444038354695,0.3438898867472109,0.2164091933735428
0.08428891014939538,0.1071017254424103,0.18231187752309064,0.0644772882088277,0.052061183668982526,0.08587556720663415,0.11339378261557993,0.11181627530086814,0.1986733898842112
0.07038254358862012,0.07957221245828872,0.11054615857511503,0.09709020482004699,0.05930701176005302,0.09547327163234108,0.13577706726039276,0.18400554364857669,0.16784598625656558
0.1523176446146075,0.23742430415404206,0.13193596054286907,0.12878797240343934,0.09041424741137942,0.08172109458791295,0.06904063533923972,0.034426779506754844,0.07393136143975515
0.27388439983724905,0.061532184229674734,0.07436294399046219,0.06285990659353731,0.39362255368963317,0.034205783461918125,0.04880178076799241,0.028328549318528694,0.022401898111004393
0.05049976391477707,0.16140295912001934,0.290500341659293,0.07448954409220337,0.13466860447886272,0.11372411636732283,0.07907055046545923,0.03579734275263615,0.05984677714942627
0.17845855375608077,0.05871272435622238,0.04581560657815625,0.09951939569434533,0.08227260613111545,0.10125848108906231,0.12376455849045759,0.17343109047431168,0.1367669834302483
0.025396152911213804,0.17386265612161955,0.15986516509332138,0.13347886607433,0.03968870435186934,0.15001517978970538,0.14076096762242674,0.10928761744656051,0.06764469058895337
0.12475975545317686,0.040703364264458274,0.07080109895025737,0.08086629494291302,0.08486812527923387,0.15638714831306047,0.28475751877057415,0.08074148449275019,0.07611520953357588
0.07707083935984449,0.058261514632797835,0.052012518958892806,0.1255652106116496,0.06217534045959047,0.09048057003979289,0.2765485614059836,0.1324698164045283,0.12541562812691995
0.024133112890894603,0.11334888370297451,0.11432159701868654,0.17708565277797583,0.09863781628968493,0.061424510672599096,0.13204079829673473,0.18680557230525352,0.09220205604519623
