0.14941224093081054,0.087140170724833,0.16228949039446863,0.11148434064448128,0.097720626053393,0.0934698850887632,0.09974226949707193,0.08001077313413926,0.11873020353203918
0.1289317781864105,0.09746340545630629,0.09116437239657094,0.12824200721629597,0.09767381102881763,0.13962896145288595,0.10488985613902141,0.14456386650523792,0.06744194161845334
0.15520182669624302,0.11551872730200609,0.09601909802449293,0.13942349343603186,0.14156548581484954,0.11206543250618889,0.07781485583382663,0.09241478654645614,0.06997629383990492
0.07005303883845729,0.1331768074902536,0.08483084879314713,0.1297217921896243,0.08847527305783454,0.07800892665170754,0.12642179894508151,0.12280289915967542,0.16650861487421875
0.1825422310484357,0.10043462047093948,0.13945311887840925,0.1094037324465847,0.09941561172887393,0.10033609673522514,0.07947655366909077,0.10632811041634815,0.08260992460609284
0.07969203841395323,0.09737853007149011,0.163212529714681,0.1658185443218787,0.12103655742635833,0.13436639604304093,0.07371104928654555,0.07920033369511,0.08558402102694222
0.13248708548883123,0.10053375048263939,0.08250250483499165,0.13073351508115527,0.11924032475167516,0.14944354034807492,0.13017658889498818,0.08161228960097648,0.07327040051666767
0.11523151089886946,0.11809663486317484,0.08667374140463363,0.1533733853803907,0.09640361594747908,0.15346811337192187,0.10579257108744096,0.11096098179234387,0.0599994452537456
0.1178224472725428,0.08515344517554523,0.16403129503306782,0.11593035926477056,0.11715496099299987,0.1357287844686229,0.12096445226366985,0.07734618820964777,0.0658680673191332
0.12239240224657905,0.0966974805621315,0.0993290605860603,0.1272620155431833,0.1106831299134637,0.10335737887549819,0.14418146519340086,0.11183998978872489,0.08425707729095815
0.09340547639828772,0.08820647325651253,0.08908936173722938,0.11879822760144636,0.13225591345544196,0.18163444741781284,0.11574016726764647,0.09901602448925247,0.08185390837637029
0.1643599494967084,0.12375914506465253,0.09452499055273951,0.13505328271645528,0.10112104668992028,0.10395819689469159,0.12044671480255391,0.09247966739900082,0.06429700638327762
0.11097228672576535,0.16761180841704704,0.08782397714888633,0.13179565209607935,0.14204862282030917,0.11556172849253632,0.10203303679454949,0.07620229324277557,0.06595059426205142
0.15470234020591442,0.11381480038648907,0.08250051401348721,0.1277584794424783,0.06339260602828624,0.10704397109374193,0.08722597686691615,0.2280315096336095,0.03552980232907724
0.09118533920306633,0.0900805463523724,0.09041184147774091,0.1246454431534903,0.09064092699828914,0.10008277015462001,0.1371285576594055,0.18359405730284206,0.09223051769817331
0.13703546622775312,0.11788800792072503,0.08217085305323187,0.12083978983377867,0.10341773253037012,0.12974440783641406,0.13671467060513898,0.11932731614971188,0.05286175584287622
0.11265728974978156,0.08322890357530585,0.2528596291112967,0.11002615396883487,0.10837846324513307,0.08377083722226737,0.06966844087683784,0.12760806972372216,0.05180221252682065
0.1173700035432143,0.08162172025841895,0.11924577100781035,0.11165890949926081,0.07674530500687955,0.08340115311448702,0.09808049209872986,0.1138297521651958,0.19804689330600342
0.14136111268439122,0.09323246904668352,0.08797001405573833,0.13041823414795847,0.08776704983211409,0.12322910694082385,0.1186523712852464,0.11018897317937344,0.10718066882767073
0.1747401258031276,0.09090926035663695,0.09886219404098097,0.11599274914095982,0.10993826046309624,0.10267445663492379,0.09749199244348028,0.13979155309990243,0.06959940801689186
0.17734701835536423,0.11228666877775983,0.11150226644393431,0.14109475049712275,0.09655545448785681,0.10731657258500493,0.08393261338827952,0.11580719189395221,0.05415746357072539
0.10516072962804668,0.09983212805135366,0.09663770375391022,0.1367865175682835,0.15491118865951967,0.17436422929470996,0.08368249472014166,0.08247655601778245,0.0661484523062522
0.14964831019367467,0.13755865685298516,0.09641464841857493,0.11601022634469764,0.10303833200649302,0.11037811117624673,0.1298523739852784,0.09027386411473186,0.06682547690731762
0.13961000176440055,0.08955656227642234,0.08542320341644359,0.12968756507901533,0.12723957208079548,0.10665456251256981,0.14903813627165338,0.10335402722146524,0.06943636937723434
0.06857503703747288,0.16615355099249707,0.09449699475356987,0.1135081776091517,0.16109408326360086,0.10848482463427345,0.13203883242953415,0.10167571836109411,0.05397278091880605
0.06368626391440727,0.08381383370011393,0.08035472837069181,0.08422544725260143,0.1116241260061873,0.14216597166716446,0.10133007400803058,0.057042470373924285,0.27575708470687893
0.09516669409289079,0.08399373490917368,0.08162195246742023,0.11512870455855706,0.08360473682873548,0.10081131675651107,0.16928328488178634,0.21130606961650777,0.0590835058884176
0.07877782324084133,0.1312038445492901,0.07976657109106415,0.12589862300924373,0.09555839477194632,0.15742569787015895,0.13599271596271723,0.124405573627681,0.07097075587705716
0.12380426229202408,0.08901238464151645,0.08381404332007074,0.12327016979722438,0.08472122477368305,0.11010049810104239,0.15163010182691047,0.16511752069042937,0.06852979455709911
0.15852516853252258,0.10609577820799183,0.13406589945868355,0.1250744913168532,0.09897478417839689,0.10333011326429235,0.11466781695647653,0.09842185813929925,0.06084408994548388
0.13379357708314052,0.1045996154018329,0.11822862409390805,0.14713482100076872,0.10158415892718581,0.09838843424382893,0.09519025477871633,0.11817260042451917,0.08290791404609961
0.10043447623767028,0.1241287069288612,0.08927988536455543,0.12461820609339185,0.09326713956856796,0.12114182390752937,0.12825566802111638,0.10657401208091836,0.11230008179738908
0.19279687052276176,0.11413009843416028,0.12292439481032535,0.12164139126927052,0.0869657351422658,0.079820082645356,0.08851717887166007,0.10779221989213728,0.08541202841206291
0.09777637713839347,0.1300946979990241,0.0889131278007478,0.124843135829985,0.1306182232274062,0.11436622473572879,0.11011723223095192,0.1134435999467845,0.0898273810909781
0.1282459194115008,0.13080551441552443,0.10167586482050635,0.1089778012297601,0.08166580114021987,0.14869341498469538,0.09233027450067015,0.09747306175826591,0.11013234773885698
0.14933422535025706,0.1049222055488853,0.1284518187943778,0.12169877025994826,0.08945069828858905,0.1120118284832059,0.10538300390460686,0.08603383877597731,0.1027136105941525
0.11696941983534376,0.10524373681274803,0.1146232496566046,0.13834107357907152,0.10006426151885893,0.11605382385261165,0.07768954258580985,0.09156389579295525,0.13945099636599637
0.051574587183914646,0.0864889691722449,0.07390771179082405,0.1299860018167149,0.12425352138565056,0.11564642088332609,0.19254924714601943,0.11924143240939933,0.10635210821190601
0.1274495259189511,0.12187947082689991,0.08644200226257426,0.11559913253448988,0.09737032100532785,0.10970327346825115,0.12194451376904185,0.097101203011766,0.1225105572026981
0.08382999946853013,0.11721623175224193,0.09472778654482522,0.13562289154430215,0.10586433623891572,0.12578253420800564,0.09430639712042062,0.12021513792580175,0.12243468519695684
0.1300389402180944,0.09776380732635148,0.1754681937461194,0.11473920829066979,0.10199618828059957,0.09584673238361159,0.11340283949450504,0.11743133767909475,0.0533127525809541
0.12411592426765468,0.10521505489837728,0.09708080904154008,0.12648158331127624,0.121427096364869,0.13037308353715785,0.12138700212108988,0.1203826136227002,0.05353683283533472
0.09627848774542773,0.07646102088982897,0.08784049401542988,0.09764893429994359,0.11987728915584939,0.06753680814444955,0.09649984974968269,0.18658411716712606,0.17127299883226219
0.11459868786046652,0.09047187748554748,0.12842138391065366,0.10386156148693476,0.12517971759276408,0.08843929180352413,0.11347331924547532,0.14182009752168306,0.09373406309295089
0.08597494170740572,0.10131640823286388,0.11580070612433085,0.11979814630957199,0.12245147783908611,0.11523810557173236,0.14089214660117097,0.1396253746228283,0.05890269299100983
0.11727030811681975,0.08555178836728804,0.14768287948178774,0.12398762789664464,0.09091999367097525,0.15707868784520926,0.11561113453977934,0.10041572293489337,0.06148185714660268
0.13952591306851958,0.10348064303170623,0.09872530222837471,0.1405854506681231,0.14312539801745564,0.13034269549615887,0.09996070518065914,0.08684489135392502,0.057409000955077776
0.10180283936898325,0.15294581112930675,0.09540486791078888,0.14630474400926985,0.11974574804553373,0.09890467875566937,0.06928911251512032,0.10412769272748673,0.11147450553784118
0.1851596833657161,0.0796930234747968,0.12675877729554738,0.1166407673177156,0.13255019696988565,0.10807834894886253,0.09870178090658223,0.11531542560085435,0.03710199612003933
0.12470026430805052,0.14367055718096958,0.1037990324451602,0.11810437807754581,0.11089671233816724,0.08489540382189366,0.1064420243960104,0.1262127500356213,0.0812788773965814
0.10289461652262706,0.10191434285117419,0.08261545180262818,0.11071763910612842,0.07159635613344494,0.1353087069599648,0.12978208086046153,0.20562105112378726,0.0595497546397836
0.13556685325824025,0.09925855031591686,0.09867894082377644,0.14019622839928916,0.14786970357048232,0.11343002729605363,0.08048850554632384,0.1249291672354904,0.059582023554426995
0.1643906710982999,0.11390083025915587,0.11078522946228464,0.11224651736899667,0.08749643105341733,0.0781492729257703,0.12662524361743632,0.12140493912500172,0.08500086508963729
0.1690711682807995,0.07282318109542861,0.18109200202095485,0.09897573534823517,0.07755690323363822,0.10693187053183588,0.11292688874914257,0.14169581785191035,0.038926432888054925
0.0819924947708426,0.09230371603104508,0.1416305816117587,0.11218581983517678,0.08651730654498263,0.11558411900083522,0.12205750530582404,0.11371675895262466,0.13401169794691029
0.14721780918735936,0.10146847873580807,0.14084687280937888,0.12273603730610678,0.09549376297746626,0.09953666179228637,0.12191982133860298,0.09077793395692875,0.08000262189606247
0.1475146428003511,0.08783771092357451,0.1447264628909244,0.124672568536204,0.10871762057227936,0.10787807718758335,0.12197206895273993,0.10185382587341978,0.05482702226292361
0.16058876088981724,0.08369550931983337,0.2026767166458168,0.10955126635430325,0.08514052804493184,0.12686994743745375,0.10297600878847181,0.08463047352294066,0.043870788996431355
0.07501323026891998,0.07319214001548559,0.14069880825791203,0.13176848572540775,0.22778465559111502,0.16130234007203859,0.10325428627061373,0.05582777623730043,0.03115827756120679
0.10919960362637936,0.14266597020668992,0.16768445496907444,0.09683147314574318,0.09174136352050577,0.05742259014169863,0.07482143505360239,0.15562673041769434,0.10400637891861196
0.1068432235289294,0.07879126084403752,0.11275853991956937,0.09555250868981062,0.07847997623149178,0.14573361032843243,0.13352785652616217,0.07458167181245724,0.17373135211910948
0.11752037810900708,0.0958958279441753,0.0870897492618536,0.11072011760117506,0.14937184458297825,0.1494638094541713,0.13798196138104205,0.11276644947492913,0.03918986219066822
0.12605510099430395,0.13352388790652756,0.09780834393473191,0.140209977663022,0.10434869849820234,0.10747943828222671,0.12006710443769997,0.07533460395229223,0.09517284433099331
0.1361168021728498,0.11222173711028094,0.1428101274558884,0.1221638162845819,0.11825554520396607,0.10983604355138922,0.09805430601254088,0.0893858414762665,0.07115578073223623
0.14105217537978051,0.10342695704391917,0.0818048906952501,0.1203465897706451,0.09176257089350837,0.08877618688274667,0.13270632667062396,0.1531556042594324,0.08696869840409376
0.10820763856035649,0.1463289680608949,0.08647173831387249,0.12480239209478101,0.11828737121973215,0.11316680589250461,0.13772936693589494,0.12263559489398816,0.04237012402797521
0.10895606174987123,0.12567882550230303,0.08588218772147894,0.14010738625734942,0.11728389013065572,0.13846983241131955,0.12851493285027735,0.09882836104720909,0.05627852232953571
0.1473439832737219,0.09585899800497764,0.09730084862888265,0.12546181957044442,0.09642598720525013,0.12032598272462687,0.13213148213841105,0.13274094055093522,0.052409957902750236
0.10049073554206549,0.09256808804719009,0.08577914115600549,0.1076203904072265,0.10263297614295651,0.09528036354732626,0.15768747858030796,0.20540888234219432,0.052531944234727325
0.17481510553773547,0.11730527720350141,0.12192383124499646,0.12584587688652007,0.09346732864172984,0.12020426129497123,0.08098619538053468,0.10301350467301185,0.062438619136999
0.18312113549402667,0.11611916526085024,0.08915815140615042,0.1223918925881331,0.09384808901495008,0.10786893199348818,0.11055469291081299,0.10657150464904792,0.07036643668254028
0.12796311199262694,0.09759500269507039,0.1951631499067278,0.13494068403184717,0.09650308399982648,0.10126396951588557,0.08955960277256676,0.07732177492110497,0.07968962016434393
0.15625476416772385,0.132022060015558,0.08219035879312396,0.11777861718989602,0.12971200545358616,0.14133487597355554,0.10103399586007611,0.07182265819150309,0.0678506643549772
0.10085898554360606,0.10886760112966781,0.10308080157635312,0.12485692547691912,0.10469415987949497,0.1313294783736729,0.12258589577366034,0.1491966525287717,0.054529499717854
0.13348290297326146,0.09768707103639292,0.18314289532177508,0.12487406108724153,0.09569136046232785,0.11521544151961634,0.09837912467836747,0.09228230859797247,0.05924483432304492
0.14991980579885142,0.1499519802495166,0.0840087534372999,0.1344333843715624,0.11217111482756041,0.1293473629506378,0.09641246845643082,0.07697714425866055,0.06677798564948009
0.11416430220148983,0.09905196812514198,0.16231465965925077,0.12843755910860136,0.11007933328774637,0.13306771549577553,0.08923753217243446,0.10052010573422225,0.06312682421533737
0.17093958147260468,0.1341566768293272,0.11349326290667562,0.11903702945829626,0.07141430518336994,0.09983324257096608,0.14181238924190145,0.08513862250144,0.06417488983541875
0.12612321886149944,0.07899931299127728,0.19094547669598763,0.10599877287370535,0.10259168322510297,0.1691169498815772,0.11208408023603522,0.07092989810827305,0.04321060712654189
0.16948754006956543,0.11011981024572631,0.13630470029582864,0.11838704453314648,0.1033856446596072,0.111858664964071,0.10809001866867955,0.08954186454793732,0.052824712015438084
0.0995896147526912,0.11076543315214622,0.11713121440588121,0.12382100569285776,0.12231942231737132,0.10268169404000144,0.11593661830108308,0.1330438328638102,0.07471116447415764
0.10545178534915306,0.10532149052026019,0.10329649652491524,0.14019201177830234,0.1355033515727144,0.07593341672754107,0.07796608686726052,0.1256389765068511,0.13069638415300203
0.1415248886046461,0.08140574101242824,0.0912805790693731,0.11915453848239166,0.10632563544272366,0.10974811455852866,0.11169260683271597,0.19385033924542797,0.045017556751764665
0.16437686446440314,0.11840360946416802,0.09194372315209369,0.1403733638395749,0.08157293765005529,0.09555569504126682,0.09441196766907102,0.11756001561879942,0.09580182310056767
0.14974630428535077,0.09692089031182105,0.11273943448596296,0.10033899104185255,0.1177857497339333,0.11176527032586027,0.13856688391268446,0.09472605948714279,0.07741041641539179
0.10750007158254116,0.10589067862772805,0.0820651492756796,0.12242368347154677,0.12324409521764627,0.11112170774219493,0.11201243635714199,0.08700026357453104,0.14874191415099017
0.09815944126503533,0.13504740508620594,0.08039281689629231,0.1163732967804385,0.13006418260577926,0.08921542483270657,0.16933101321936816,0.08271325312738968,0.09870316618678428
0.14037607882966452,0.07874376342984263,0.09953430951097492,0.11128581957642451,0.08878178401080543,0.10376065182993337,0.07986178794985453,0.24876053123714695,0.04889527362535314
0.1478687941475155,0.09960291807044656,0.12418378577335736,0.12886478606205606,0.1041364985250811,0.11020845953192464,0.10401288881247826,0.11247996625870255,0.06864190281843809
0.1662954750089167,0.10084239431635715,0.08629451926000681,0.11199821105163181,0.12052746830276151,0.12707529763448513,0.14875898561989104,0.08620174001010934,0.052005908795840494
0.13139167795779882,0.11390588942104395,0.11913174490273214,0.13181556425274918,0.18095543351229626,0.09559970569226221,0.10430929316191025,0.07710659259435805,0.045784098504849165
0.16894085112756838,0.11404943027139887,0.08702270084968106,0.1259189872976654,0.14598618748045963,0.1026166982749714,0.10892517341229024,0.09709363941915283,0.04944633186681216
0.1257716371061625,0.10273193573526769,0.1065706425780625,0.11575065396956706,0.11390585522598377,0.12138346271445007,0.11319548391640231,0.14789792051002315,0.05279240824408091
0.125073442209334,0.09996543818286861,0.10216743070219493,0.11454468274152185,0.110742791453968,0.16876047655781753,0.12165342445450987,0.09250783059168588,0.06458448310609938
0.12692461198300484,0.10989803052548812,0.11196018675346682,0.1485170709109031,0.09788273908572205,0.12443719034840806,0.08735721973160442,0.10915397973738233,0.0838689709240202
0.15716109858828226,0.08158582172438701,0.12846854963305934,0.11381218537146763,0.0853900522714618,0.12293885817066598,0.12913910012058252,0.06896314223414861,0.1125411918859448
0.12073213632941221,0.07093343457110134,0.08024257373792995,0.09971181716170648,0.14142355497164072,0.08401149063568507,0.15185527883810163,0.13493314550141558,0.11615656825300708
0.15416624656144975,0.11438987072852021,0.0936689174067629,0.1230457917629965,0.07980320421647556,0.12040870775201991,0.12053129071505712,0.10228765440321991,0.09169831645349809
0.11957960049699551,0.10581488083728441,0.1133857811803971,0.11563531412227081,0.12126448752463292,0.09407160800351193,0.11885070196213458,0.138984589202671,0.07241303667010178
0.12365062820297422,0.1023216718969517,0.14057180854287268,0.12616110633389088,0.10354228709192859,0.11157659406599459,0.11812547499565655,0.10359538665166283,0.07045504221806802
0.09247386188002944,0.1065013295178366,0.0835303541333593,0.11915083525007608,0.12197906474785275,0.14062522913656936,0.16407524789952968,0.08160518144237135,0.09005889599237542
0.12896641278829538,0.08799713099264916,0.14333270736623857,0.11432883928862929,0.10841962718489319,0.12492000799780173,0.11446808135136893,0.11595273104186261,0.06161446198826112
0.10574541598411881,0.06724899149282987,0.16122269191612568,0.1196134745571605,0.07552015090166898,0.11831667381158312,0.08370232477196114,0.08329044395955072,0.18533983260500111
0.1252809434157868,0.07848521283714745,0.1638160894548292,0.1098343526424,0.1291699750608823,0.09237202299918479,0.10759838754082286,0.11754392964739346,0.07589908640155309
0.09236054781280445,0.15324829876797433,0.11876035009589529,0.1248864124743968,0.09779353215445376,0.13252283045493307,0.11843374294996852,0.11988654242202584,0.04210774286754793
0.076962043128784,0.2051664729972453,0.07929406041103916,0.12847627243717408,0.11473330285500245,0.1152518441679748,0.13344489227414474,0.07342841058899718,0.07324270113963822
0.2001681514027391,0.10357671588183015,0.07814488360297411,0.09961602174805195,0.11677209184969349,0.09378692110323984,0.10831956673164662,0.08040535748218237,0.11921029019764225
0.12889396435418204,0.124392636308413,0.189235961109251,0.12580056514196225,0.10047026658499614,0.08654961972570474,0.059727929061307826,0.13096120320700647,0.05396785450717651
0.13776993846038613,0.13403777799087527,0.10016695656983456,0.1207310155010984,0.1161094234953743,0.09779867462442571,0.13423241840221836,0.1049385517109463,0.05421524324484087
0.07511358833549135,0.09084872946767246,0.10088317058625801,0.13726093389154934,0.10268848942904041,0.12206593927166316,0.11974471568552547,0.0974149883029871,0.15397944502981267
0.14501014784824115,0.10381216947581427,0.1414337822513658,0.12853295276824647,0.10679456054319736,0.0951764215353358,0.10915873760078314,0.11107434092529023,0.05900688705172585
0.13488799995203027,0.10435718720639343,0.15873966038739926,0.11072971753832443,0.08473660431628867,0.0890907483488871,0.105990877040951,0.12359521392335991,0.08787199128636596
0.10015128737178103,0.09143746039798006,0.08618983341760306,0.13104630362844047,0.10013345353976537,0.09527038799844212,0.1653400715598277,0.09725909983190166,0.13317210225425855
0.16144692639003783,0.09153447360890328,0.10944511283691717,0.11049843832787869,0.11493648673467183,0.11043436758265612,0.13302826815742755,0.0967473222035858,0.07192860415792172
0.17243718571758912,0.09618967277045938,0.10627559966280144,0.12336383281430507,0.10847024998836341,0.09431333088862938,0.10203377930131112,0.13868756962007056,0.05822877923647055
0.11065244166174859,0.11759789144763892,0.0952553753449122,0.13864779374117409,0.1737180887556552,0.11592031401012383,0.0727070335428109,0.08990183826125946,0.08559922323467695
0.1101630392146037,0.08952447125255014,0.09131893825911037,0.10876677140753199,0.14852536930288138,0.14809289540549733,0.16287647668913097,0.09571543502652448,0.04501660344216963
0.17397197040811896,0.12236663301649507,0.13534363855097709,0.10276209318690833,0.09380483712506837,0.10850042777479367,0.11100237984242285,0.09496261329528173,0.057285406799933936
0.13371434203920404,0.0860717499111901,0.14026539255811676,0.09795032255194391,0.0683637793571296,0.1197286253484265,0.13827832623872058,0.17640263027546718,0.039224831719801345
0.17479725131897098,0.12496637739799883,0.08156839254760437,0.12721940098233517,0.10072895747629418,0.1095140231900571,0.13131770091344686,0.08344415581817223,0.0664437403551203
0.11715501398389157,0.07941894663014948,0.19285383109303508,0.11797600899103572,0.08841334413700724,0.15481185281895782,0.10272072391123639,0.09461985982390142,0.05203041861078525
0.08605080882997786,0.10261021934711419,0.08968728913551921,0.12192678448477608,0.08729034757697489,0.16023210562816914,0.12542238457335805,0.12577026563318405,0.10100979479092653
0.171258573718308,0.10358488714353231,0.1832537194005992,0.10914350200795893,0.08861750595930577,0.09663205755550748,0.07941860470616481,0.11749116691316026,0.05059998259546326
0.1350351324287031,0.11034524371378528,0.07901317812471317,0.12443871068470247,0.08955236532530701,0.16223835297518327,0.13177705761703618,0.081688727382296,0.08591123174827349
0.147390579037208,0.10079565420872766,0.16065968547482032,0.09090713694395493,0.09168411373304754,0.11461373384979241,0.13987847453039634,0.10149898660567329,0.05257163561637945
0.07393738264714615,0.0812723575373919,0.22091439298922946,0.09880907042834097,0.06878876614700603,0.22934950557265124,0.11033080523227444,0.07090645880097364,0.04569126064498622
0.1226872051515817,0.10078379258470482,0.10947732103427421,0.10782283654023583,0.13814039178314308,0.1422027245556141,0.12783432684976148,0.07721356877479824,0.0738378327258865
0.1113889462472785,0.0956458304524815,0.15384019579331754,0.12025809738666793,0.10840320663481523,0.10914557730121999,0.11497352083293312,0.1034869625911919,0.08285766276009437
0.10897045998542193,0.0940944143368675,0.09319074742083665,0.13418796797412655,0.09249391277682066,0.08935600360560274,0.1668472031849243,0.0940726574094225,0.1267866333059772
0.1528821274883331,0.09456306080758646,0.08868047402511207,0.12056272935379697,0.09283512048167297,0.20182782235289878,0.11238904687346636,0.08793381216987674,0.04832580644725654
0.05601264662411304,0.08811549039306503,0.10656383664778218,0.12421640780009753,0.0653182671758973,0.11995286455482777,0.09619174413206283,0.2852161919097857,0.05841255076236854
0.19204345540620435,0.1500737609906326,0.10259010332500278,0.11277863235613221,0.1080372109801843,0.1057986751204854,0.08862453161021798,0.06441848300914339,0.07563514720199704
0.054021016976378365,0.08709218056306206,0.09532381562339655,0.12075554875639775,0.11389119220519077,0.14246720981733377,0.20193298736465284,0.08806813794081285,0.09644791075277503
0.11436714632718054,0.12818889435652148,0.10347724986906809,0.13756051285336077,0.11607481737001309,0.1443834187735862,0.06852205296285145,0.08737041201056002,0.10005549547685837
0.14776549336565473,0.09808979386604026,0.08425658013209936,0.12873379404351412,0.11282012081685444,0.12559211699306996,0.12160740363535805,0.08901025281753998,0.09212444432986906
0.121205954774449,0.12344595854256357,0.18471810482642317,0.13618610101243298,0.09569219818748516,0.09043738289388142,0.09555131706123576,0.08890899323287361,0.06385398946865532
0.15383146080231871,0.09339842369701795,0.08393713040436318,0.10616267456407324,0.07343518951547928,0.13013556678110783,0.10150806546624745,0.20360283555662761,0.0539886532127648
0.06309081351816928,0.0483042531897769,0.18346386713059162,0.07923156936455221,0.08890717715593009,0.15571165151477848,0.0684175724870861,0.26746456862594997,0.045408527013165445
0.11523368626959059,0.13410645640791558,0.10559094108801081,0.09983225845969897,0.09246990190063563,0.13530441207212096,0.15968489873586592,0.09732830336453045,0.06044914170163102
0.13623511778355313,0.07508579014021617,0.2154883831959489,0.10096185661810402,0.08411761258162354,0.1378194137391826,0.09315617023389806,0.08430258766082989,0.07283306804664363
0.12237961951276961,0.09923732073928777,0.08481411039729782,0.13349699955952554,0.11878469709949863,0.09369040838451315,0.14071110767470485,0.11158412154055512,0.0953016150918475
0.13921560790043397,0.11821046141338747,0.08534169452003741,0.13258223820248485,0.171857631952909,0.149447901740398,0.09992963390829612,0.05407853381978117,0.049336296542272
0.1459227859211433,0.11856731782835526,0.10313603145268509,0.12171149287883483,0.1099632700211227,0.12884317552566688,0.13291226051410263,0.09120045210213458,0.04774321375595476
0.14444513700837713,0.10163640008640769,0.08606474080714206,0.13845613625314093,0.1343381522135034,0.10082370332841446,0.11283303523851633,0.08611750364126854,0.09528519142322948
0.12723295133938187,0.07706468052721943,0.20471153616417828,0.12248776575366976,0.1594778436808484,0.09314960610929575,0.10343433542346038,0.06730318705801892,0.045138093943927045
0.12730630957885417,0.1470106785729176,0.1130793479843671,0.1552273277560359,0.10255664199528418,0.14012552518186813,0.08255863889163705,0.08460010714100173,0.047535422898034224
0.12990202711204488,0.12970405995622014,0.09998667074603146,0.15765364212772695,0.11194617963760845,0.1438547339013646,0.08098860405832158,0.09102765667787453,0.05493642578280731
0.12556541206777025,0.09269599223758995,0.12386685139390972,0.0989896158846655,0.10151570158606138,0.12823842583589692,0.12074245985136504,0.09471534271099939,0.11367019843174186
0.20777265518636404,0.12128306942095747,0.07754942320787812,0.11726373410852142,0.08683316010541353,0.12742792919317109,0.1252541131220316,0.10245426867711183,0.03416164697855088
0.13868791831386393,0.08948086239600635,0.2024629632635501,0.09675249837850523,0.10621436549022573,0.10931674018166926,0.09558828187665426,0.08298369342247193,0.07851267667705324
0.12798939749250013,0.10237771206533534,0.08157599668574722,0.12272457237494505,0.09699819330332704,0.09225322748030419,0.1328838551604498,0.11396857621195688,0.12922846922543443
0.11401361655843016,0.11709912388173989,0.09452722038197144,0.1228308132050842,0.12298484201262315,0.16395251336071068,0.12388161538515115,0.06991295680900268,0.07079729840528665
0.12364317791532298,0.09736895652504714,0.1493051886125958,0.12606133853244084,0.12005355755724571,0.11631283540252167,0.10967378578717522,0.08288459622511819,0.0746965634425324
0.09720180103601102,0.11756470633199467,0.10129443030471759,0.1444352968366944,0.12842743348082514,0.18971774441483494,0.08316714796707965,0.08890426054473495,0.04928717908310768
0.12315298975314493,0.09808691441013244,0.15562673141235564,0.12879920967385755,0.11807993755790396,0.11136600641307955,0.10943762918904178,0.09295516633571811,0.062495415254766075
0.12950016504398962,0.09180953008407783,0.08968088041729805,0.1176060971677337,0.1040146784569665,0.14091429651210538,0.11436809592364842,0.17143105746654333,0.040675198927637074
0.04724935921542139,0.07676012833216911,0.1792666615575688,0.07098827441815449,0.07045961882335146,0.043403346308698854,0.05219442257751647,0.10047093317465078,0.35920725559246863
0.08571745535273333,0.13241597997659232,0.0849593788564537,0.12063840988901701,0.12476824591033535,0.2209360717844503,0.12475995473933989,0.06590255920824971,0.03990194428282846
0.10768365903655229,0.08495539810905152,0.21392150490468922,0.0952590110651469,0.1005117606646133,0.14369687645655008,0.0901646174217892,0.0790815182682456,0.0847256540733619
0.10796398999912098,0.0876570921612133,0.12461367850079563,0.1240519326057593,0.12569143109703765,0.14491485904733523,0.12330937130076809,0.11104700847028122,0.05075063681768858
0.11438367922480253,0.11392974319256848,0.09986974008391186,0.11853854340128123,0.12646870714386124,0.10364968460829722,0.1521447853587021,0.11632657720228452,0.05468853978429077
0.11599607097151486,0.09345375743925695,0.08875506948513551,0.13149633895495114,0.1199301791571301,0.10037946794421526,0.1344016711889027,0.08641631699393659,0.12917112786495688
0.03992759979411336,0.06842810906397268,0.10496409567889471,0.07573862907518056,0.06744994297318004,0.1228180224399328,0.05696098579799188,0.13190437020722812,0.33180824496950595
0.15219343487280926,0.10025707519028705,0.1611560625157554,0.1140303413871316,0.08581830409426659,0.09233421947180376,0.10253285039168684,0.1494664208925152,0.04221129118374425
0.1867849929910668,0.08866984636412421,0.17568782550723352,0.12390246014460367,0.10093395482400123,0.09823680027999758,0.08521867157741725,0.08624786716427318,0.05431758114728249
0.10627004253972373,0.09500106478733934,0.18977433182573686,0.10403629622234067,0.09501560843891443,0.10148020854077487,0.1199814162849669,0.11203416778010987,0.07640686358009334
0.17381611320776993,0.11539005682310373,0.13016123929681056,0.12384112367989049,0.09285851100285836,0.10054269365448719,0.11814479617287488,0.0893879851895517,0.05585748097265313
0.07335722020222472,0.0706971762436072,0.13582914146275926,0.11841591371383693,0.11576232486815874,0.1644135873737647,0.0989359731130095,0.13637914051311903,0.08620952250951996
0.15545190410815457,0.12216493197856777,0.0855276997754049,0.1258826602406299,0.10010984107937215,0.09577460387248297,0.14937628777572157,0.09966564853889143,0.06604642263077466
0.14961828784948192,0.1026618596011055,0.16372859564232042,0.11981988014328222,0.09995144306137166,0.09395191329043656,0.10452112696515752,0.09613298173216996,0.06961391171467421
