0.14573071546527774,0.07120994072235667,0.12955412366982696,0.13348494769686575,0.10241572276217964,0.08550278025420316,0.12282284525116255,0.09594248717170574,0.11333643700642178
0.08338192127778604,0.11611300860299623,0.11254726992755922,0.11028674883244964,0.1152747854965298,0.05661725026050479,0.10021355454576601,0.06016520120749811,0.24540025984891015
0.09870677820323735,0.15320817894987643,0.12434369031691785,0.13839940759143374,0.1420932312408166,0.06270683132010053,0.1483427736451812,0.08058451614563958,0.05161459258679673
0.10415546529740749,0.10033456507106209,0.12375120584957429,0.12306634758974822,0.12689998543383296,0.052973455988948724,0.17939601380578984,0.09182779884168872,0.09759516212194765
0.10224377291076897,0.10632427928896467,0.1270023180418495,0.1526805880717015,0.08287935348763716,0.07016979855381156,0.16240937110768683,0.10264252241038228,0.09364799612719747
0.16066711747637838,0.08022628904101009,0.1234901049844745,0.1136282293773928,0.11382694749258175,0.07091581722684,0.16428721381266911,0.07121985244015343,0.10173842814849998
0.1154238490668709,0.09515574390948806,0.1363983609396775,0.12705865765565744,0.09446583231340215,0.0864235783226097,0.13053005285770014,0.10351887321861153,0.1110250517159827
0.07178323687525444,0.13195047338272725,0.07457185537376286,0.07542303876254393,0.10932860706166048,0.03759473245789228,0.0661365141119668,0.05385394305893304,0.3793575989152589
0.09349919718266243,0.05218949682096955,0.11542567431227023,0.12031704510592904,0.29597949838063553,0.05557528894100206,0.11724004983514058,0.059350195633130015,0.09042355378826057
0.13955744196149755,0.084050591055934,0.16349323098053367,0.1314129352514182,0.11065563073997704,0.08896811768128048,0.12305442231497936,0.08088129833716252,0.07792633167721712
0.07343672767670495,0.06682112208603423,0.0730060386123303,0.08451414692135324,0.22738864586065335,0.026184103642555957,0.07830861772411528,0.06036665668349189,0.30997394079276075
0.14977003639736264,0.052674421123000796,0.10982949213696531,0.10086544530998427,0.14623479788393498,0.09891021977683166,0.1505429661302251,0.07061350805957513,0.1205591131821201
0.0886740645642244,0.17928500472027029,0.13142818459729919,0.1370232747239231,0.10871274070893772,0.06012980012416707,0.15098619000848437,0.07683674288661367,0.06692399766608016
0.09076310605829718,0.18070942077776353,0.12161988654435668,0.12577275555726738,0.129237294462615,0.056938414587549564,0.12434331769275124,0.10097257380289783,0.0696432305165016
0.09157331066838015,0.08162557717865625,0.11651336238957632,0.11056918097817814,0.09797404684473672,0.2771050381247184,0.10030526279694511,0.050908194146357576,0.07342602687245135
0.10011058735162086,0.12410571148145207,0.10374607170775257,0.12800191128175228,0.11018578621132895,0.12075040059717418,0.1093919665610547,0.07305351705524349,0.13065404775262085
0.12723430010082593,0.12345990216057427,0.1316168721609825,0.11624969296380327,0.07228554642902037,0.16962325808856438,0.1213680034983159,0.07756016706528233,0.06060225753263108
0.16076830043224252,0.10241367708289335,0.13444428698472952,0.1171782476177573,0.14588128373014142,0.036830995584883584,0.1741776154317264,0.05114979966061162,0.07715579347501424
0.16734712714824432,0.09729996111881034,0.17908458102311353,0.1236905821276043,0.09023701279007833,0.05821016077833099,0.15744303129738244,0.050919310960058424,0.07576823275637734
0.10494192836935452,0.10217730965887246,0.13911614878221387,0.14301544708077205,0.13128810612212213,0.060328050339975015,0.1386500895761498,0.10016575419350922,0.08031716587703097
0.11921159391929044,0.07762089744628109,0.15763947139797377,0.12822791398655842,0.16413490736631411,0.102765974200787,0.1317933259873197,0.05666553215997947,0.061940383535496156
0.10540692408522394,0.07952462340298024,0.11023785583146561,0.11720743526253614,0.15978016494884212,0.10038503143096898,0.14119253123471145,0.063810211813936,0.12245522198933545
0.1439396902945018,0.21122971103382224,0.11748317241125684,0.14828001039851407,0.07811801798501496,0.03611356302444944,0.10416846292024569,0.06363733287059987,0.097030039061595
0.16065200312465508,0.13712727587341128,0.16423572299537548,0.10653245802619088,0.03700250950058715,0.03028812673173298,0.1208451908247948,0.055727522232971394,0.18758919069028082
0.13868722119538665,0.05767642882688753,0.11135234729238382,0.11074504920757562,0.132811493268068,0.212401154958579,0.12904016804946394,0.05790434855529606,0.04938178864635943
0.08946560663626767,0.1406124182392815,0.15677124548435065,0.10374841640143351,0.08723757490161284,0.030552374160395687,0.14625302916081914,0.045762821324157925,0.19959651369168105
0.14629609893841186,0.1291016602711773,0.15593897018571623,0.11978237794822537,0.08892625477322398,0.05291684525744956,0.1257540662121217,0.07664506310934048,0.10463866330433348
0.18284703088708512,0.1236410276095679,0.12036676021000825,0.12636631142129726,0.07288640962519695,0.12394267944648812,0.1156220045743535,0.05524089436589675,0.07908688186010616
0.10186032774477595,0.12425040352570045,0.12314796409978064,0.12202261032278743,0.12742973355779752,0.12492348679086888,0.12141039223285353,0.08918461377407032,0.06577046795136521
0.10461108434869058,0.08818543419542531,0.09780275723829844,0.1277913755922834,0.0945782968404943,0.22701048786803754,0.11693022022419826,0.0536512044169801,0.08943913927559204
0.20422192073209433,0.13701065718943614,0.12114998861270891,0.10752403589106424,0.10423639455507887,0.05526849018065833,0.11626514081990942,0.06734141498221496,0.08698195703683483
0.13477734587115606,0.1111137671821466,0.12050037096741445,0.12425641627619638,0.18900238372193204,0.04142014279554995,0.1113821975067494,0.0844489627412946,0.0830984129375605
0.13109161299154082,0.13464456972317038,0.12193168280214815,0.09768035073863303,0.14120818476238392,0.1734124945710588,0.09662243379121054,0.06279283656889885,0.0406158340509555
0.16503547516817715,0.11977510669814646,0.10922215599400568,0.10029166002153798,0.07112337726999271,0.2311556872625656,0.08922414692794277,0.06769881941861859,0.04647357123901303
0.09337929622158385,0.20595744795077767,0.13069175723382456,0.10896119179189052,0.08359093529283007,0.1540221045463087,0.10712694285436046,0.05547357262351952,0.06079675148490463
0.10189773892351854,0.11047165988708711,0.13007152668376196,0.11952505073688684,0.14514069907935728,0.12296430763216663,0.11655890582338946,0.07584495434677754,0.07752515688705454
0.0814591610249471,0.10244767390835523,0.07805817012086019,0.08153202970009381,0.08969461352844886,0.3036155653836105,0.09614440519165234,0.07039047398600852,0.09665790715602345
0.17787509174339636,0.07036405444605681,0.11120663539086911,0.13588670908791434,0.13370313503159847,0.11844695830739,0.09221426410943312,0.07423864954504593,0.08606450233829584
0.16245770059045522,0.07229804288762032,0.1154295835529568,0.11809106723175174,0.1941821564260822,0.0744934312963834,0.13004071348471025,0.0764484528945026,0.05655885163553747
0.10727553859449046,0.29014824605627143,0.08501546183659729,0.08245030536122848,0.15796736926126773,0.02809675076882058,0.11280786405139341,0.04932264803281616,0.08691581603711455
0.10434399858666087,0.09304552771840569,0.10026176522507464,0.10591476161611506,0.13225152594869735,0.18671923829170842,0.11742986477631069,0.0904564353416235,0.06957688249540384
0.1457003277795852,0.0988511502860121,0.11563527258719253,0.09738985242760434,0.07271661380653606,0.20743047035225373,0.07602839627535832,0.07224984529431243,0.11399807119114529
0.14883693101737272,0.06499304346021813,0.10221593073284652,0.10542646104392976,0.03646067023716296,0.08305895905045897,0.08336185155995955,0.05569946024384683,0.3199466926542045
0.11258685744804775,0.09125773960049244,0.10388411570533228,0.11088150834346984,0.11827684452922321,0.11517758502538232,0.11327716807100464,0.09631145334259067,0.1383467279344569
0.1226847926674144,0.07908211485373869,0.12734849790047842,0.12212423272187208,0.15585234614931534,0.07257842200554818,0.13068368424444088,0.09029824331917219,0.09934766613801978
0.1606230908771031,0.1713694959798219,0.11452452124107952,0.10120362264884879,0.1361131737657866,0.07354284704784768,0.113309317017298,0.0624038211085814,0.06691011031363302
0.11245726226681045,0.2814274599528637,0.11767652705140945,0.09980442187258137,0.059946368784144215,0.12499509973138447,0.1102705223477135,0.04782444376514019,0.045597894227952664
0.13183675149172322,0.1632182614526503,0.11273554865464673,0.10000407791316579,0.08377212647310024,0.17226856023093884,0.10727691261024504,0.048265479213088484,0.08062228196044126
0.14070712522940435,0.1308379242115761,0.10750640808436597,0.11619767394741566,0.11291844558347859,0.07481327981355429,0.12552743773025926,0.07211422057983097,0.11937748482011477
0.15251837519546327,0.06478483124308161,0.10610895454571954,0.13081806863588444,0.08190986999341833,0.10269507739837587,0.09492664594159379,0.05780220351180523,0.20843597353465793
0.11139453119777114,0.11600697316846313,0.16420476239071416,0.12971432984051587,0.1651717875953895,0.07068725694820512,0.1075043553088353,0.07708913090021154,0.05822687264989421
0.1804762068114115,0.0511978160104706,0.12918090850605493,0.11613960401474012,0.03900283900586762,0.0742474935932544,0.18163062263657204,0.05708174353198037,0.17104276588964837
0.1543912780337823,0.08543484633153385,0.1270528025960446,0.1240474402565851,0.1323290022870731,0.056150743225515574,0.1378156307709019,0.08232137355088126,0.10045688294768233
0.13454046884346937,0.1699303190501715,0.11794048336759692,0.1103694880067571,0.13856557597551875,0.03314302122670421,0.12501854227430603,0.07122598608926137,0.09926611516621471
0.1148340480970852,0.0606282846867069,0.13055534201448343,0.120285517787326,0.13524020801547867,0.07981986651700139,0.16699238608771946,0.05469573656671758,0.13694861022748134
0.1911742412945535,0.09632248471245654,0.12018926837899473,0.09642883021447209,0.13416570073101217,0.10718320331784896,0.09011646993228241,0.06250602534527473,0.10191377607310498
0.10183395726166261,0.11028406349511866,0.11908520720799133,0.14303504105352108,0.09122964603396444,0.10697600615593122,0.15898051667152172,0.10284651051945869,0.06572905160083019
0.08859774932180346,0.10460362788578538,0.10538346566517369,0.13399325311475438,0.1521081007797529,0.05216623135606832,0.1137928327554898,0.09043752381852861,0.1589172153026434
0.10780686645011123,0.11870143361020653,0.12839534298407668,0.11944353820989702,0.08829756892855033,0.16545637438891175,0.11110071305259688,0.09431458986844116,0.06648357250720828
0.12317982255826641,0.13906548442311503,0.10689622438876352,0.10769478324179134,0.10140522394732594,0.048707114064060246,0.12724434119025807,0.06493850325460297,0.18086850293181647
0.08145233189850513,0.042912307135642556,0.0711674991408776,0.07604989077129858,0.10053195252381032,0.4049355168295161,0.08839645563276681,0.06252569578001753,0.07202835028756534
0.1078946501885798,0.13361483170309085,0.10491033733838434,0.14949674783693187,0.11741583358148777,0.07411640273222193,0.15848928936431103,0.09296195721898454,0.06109995003600776
0.11475122785008023,0.1263028060800603,0.12555419262561648,0.13458861058072435,0.1370109276552078,0.05426874009755344,0.14975962543433888,0.08954113918720776,0.06822273048921075
0.10298122850433844,0.08556689332364102,0.13003928882719387,0.1441624791065678,0.03041304358544247,0.0937290738154077,0.11948154146683003,0.06737119558419763,0.22625525578638106
0.09386748362065396,0.24848995700738882,0.1086495335270448,0.11787157937127912,0.13858977733329791,0.05326636479259916,0.10993381828404768,0.06593361811602973,0.06339786794765892
0.11858806051525901,0.0918554017092137,0.12303326365932206,0.12665900460138127,0.1226852735474158,0.10936955858292163,0.1597824011806249,0.08325774401834975,0.06476929218551193
0.08025851634043846,0.05776163717818842,0.07507600976838945,0.0862237311122633,0.19005129531822393,0.027138219119604314,0.06106186772669814,0.057933258185891616,0.36449546525030235
0.10483417710281583,0.18579839574293835,0.11459892238842478,0.12622850263287205,0.14788551358920618,0.07410098679594247,0.0911784214315526,0.08265285699725711,0.07272222331899053
0.10666110671403473,0.09640724156920526,0.13121486122509018,0.14113779298998555,0.117489452307686,0.10390200114261842,0.10433861306957293,0.10094196268975826,0.09790696829204865
0.09845220665621612,0.17257075763344995,0.1002440584301298,0.10786895100197447,0.08992008017261333,0.17343087378615674,0.10341546063344702,0.06894232266089023,0.08515528902512237
0.12030988471567815,0.15990309020064297,0.11679718620406536,0.13787468258279376,0.08326694457273902,0.09376278888067992,0.11597284092676204,0.06316568614337027,0.10894689577326856
0.09226919851895898,0.08488999625150417,0.11047655417098583,0.10206827790739326,0.10904060546818108,0.17919904948105672,0.09891422907206504,0.07456470779667483,0.14857738133317996
0.11843764703567246,0.04388142794946956,0.08489928429407113,0.10611661193364862,0.07906167501471863,0.3620062133320204,0.10026214763286408,0.055234050449854626,0.050100942357680534
0.1008973968821048,0.06286722435521384,0.104768065215672,0.1206303326327907,0.08450498751854692,0.15848283883917455,0.12972899194530133,0.06892905115445522,0.16919111145674073
0.10657109534598053,0.12135644668072376,0.1243658728511321,0.11371940867778046,0.10297161018873698,0.162899564135939,0.1577488344282889,0.05669614414610924,0.05367102354530895
0.12270541165965505,0.22803247352988865,0.11463471866821813,0.11920411868817175,0.0671576926540483,0.08399747996153689,0.09979954080435573,0.11290678168429984,0.051561782349825724
0.08874473823064115,0.16663939249131168,0.1352005058693588,0.12236124738267995,0.15246919488031851,0.09610637617966045,0.1338836136513063,0.05941998966085685,0.04517494165386631
0.18190859353714828,0.06226090829350455,0.11370428897018948,0.13065762216990015,0.2188850475160713,0.05205505874375881,0.11983912516358924,0.05621470581104846,0.06447464979478972
0.2640244263596377,0.2202699495861816,0.07624826014745334,0.08725749942050677,0.09087980423177949,0.03143688153143486,0.07498782666370234,0.06862226299740794,0.08627308906189603
0.13652970956238122,0.10879926484622522,0.13238391306488093,0.15191067390837593,0.12330817294642167,0.06064218410215381,0.13777863380192076,0.08391096370595776,0.06473648406168271
0.08271933946450272,0.18913885395238275,0.09042474248180488,0.09086636876207527,0.09465157174435518,0.27183870682041816,0.08831959535461198,0.04962826236526493,0.042412559054584055
0.14104376592718143,0.1086227995989331,0.14677663567891217,0.11543704453731322,0.10097647074795058,0.09984809402141848,0.1085454110157703,0.08886589016148001,0.08988388831104073
0.12916209448262259,0.07490572523023817,0.12067779477363738,0.13337438050371583,0.11632153799664076,0.14520528418173734,0.11177995843617483,0.10709571791771672,0.06147750647751641
0.1014529572614253,0.14656944302597133,0.10434347829134649,0.1206982964340561,0.10115006188462422,0.1418523939376267,0.08099092796470049,0.07813527384141478,0.12480716735883461
0.124888190130177,0.19409138794227085,0.126329210019721,0.11409512256179617,0.12901569791092182,0.03346109432508674,0.12703335621000486,0.08936547111055172,0.06172046978946983
0.09865255377328551,0.10152690778198392,0.14806833656785032,0.13096834019282214,0.10227910954697615,0.11925536932016711,0.11543107883729524,0.09115444330174204,0.09266386067787746
0.08425053693376174,0.08700067960574305,0.12326766433289749,0.100883890257819,0.14461480491901957,0.1522931521830794,0.12172483139392791,0.08286184494193624,0.1031025954318157
0.13722396120768252,0.19012711430996787,0.11883388662156663,0.1191310807910843,0.11826718526721496,0.04602793260567761,0.1364698513118022,0.07200584807395882,0.061913139811045126
0.22395319234975067,0.0607789670188662,0.10495510664125553,0.11319887983661499,0.1343612605142519,0.05045105163694107,0.1680450776860337,0.067277251288358,0.076979213027928
0.2533471702245107,0.06181337819936892,0.14259364808720495,0.13614905349985693,0.08639019035171025,0.04794429845261913,0.12263419581615988,0.04736208761411756,0.10176597775445169
0.1075934536864539,0.07518124070577162,0.09619669197996462,0.08975801358414033,0.06634257988758625,0.36476842241928903,0.10030871143264602,0.057773769710470844,0.042077116593677355
0.12335564543903475,0.09150684072561553,0.11326960583197125,0.10722245752487486,0.09464170400629192,0.22746470567815166,0.12456006587901602,0.07486080976282561,0.043118165152218425
0.06508225744125064,0.04484628250394577,0.09987705811571897,0.08265823963880742,0.1419301285109962,0.023172667496457234,0.07563278568619586,0.05618826398866005,0.4106123166179679
0.13083314694321982,0.23667765718073616,0.09715616556651785,0.10048310227079547,0.1471182903018664,0.03472541373274934,0.11286757919103578,0.06258984196142077,0.07754880285165844
0.1707674826359117,0.09206605726843103,0.12439767341688161,0.12380394772590758,0.164123711994825,0.12431616884027467,0.09507483365240939,0.05057432758611733,0.05487579687924171
0.14026759486906068,0.11403330642104108,0.12030291212925244,0.10941423438533947,0.17671461976062697,0.058974847764320416,0.11663304030573528,0.08074866093627361,0.08291078342834997
0.08443587545562037,0.12422856163579661,0.11938252661721072,0.14288797708204795,0.11941929734738012,0.07654730815691106,0.13135144056102285,0.13126846638408377,0.07047854675992664
0.113281001072754,0.11863027546402859,0.1156391787011788,0.12344547611555107,0.07112757461589728,0.17573448134340863,0.11512743888993399,0.08046933497973206,0.08654523881751557
0.11226920533851752,0.12699365568044688,0.11856598183482096,0.10803345400118956,0.10460338486136621,0.03358069272448294,0.08904357062764372,0.0602952660035927,0.24661478892793945
0.10137579439538548,0.20663081079599102,0.10915403946492613,0.12116263044966342,0.102977407502993,0.08943691603693195,0.11871190022908584,0.08875113698912625,0.061799364135896845
0.12029298554388868,0.07556493731550612,0.13258857350538647,0.14834768134006074,0.10211236480775528,0.09459628337972292,0.1577095949791305,0.08770377262493499,0.08108380650361423
0.12183413862667265,0.0993446941375599,0.13965219793910183,0.13062414268085965,0.07914065321059545,0.08646858535281919,0.14148593776011612,0.09043234282899709,0.1110173074632781
0.0918824577555321,0.13658132158807046,0.11106757924071588,0.10649747711446327,0.12445050746162584,0.08389143889162039,0.15212971342880674,0.09156829637387454,0.10193120814529089
0.13774280040893905,0.08481805801276392,0.11548198744848086,0.13410408565266865,0.10212096304854625,0.08957796470261616,0.1256429376768621,0.08050288227963281,0.13000832076949018
0.14642307452859457,0.11738993818238157,0.15678512286950294,0.13818841732519457,0.08210608467118266,0.054769130578311516,0.15085304499427887,0.06696237006263131,0.08652281678792206
0.1865168465946766,0.1113695132288145,0.1399435601937505,0.13677875978881746,0.0950347606702383,0.04107335743328549,0.12253021030860567,0.09504686851865429,0.07170612326315719
0.1122733344605515,0.1759065243813226,0.13094446553652692,0.11256444873966237,0.19967506444909122,0.016094673412464663,0.10673125263643175,0.09762485391859026,0.04818538246535877
0.12436421954340045,0.08236856390136094,0.1328203687114526,0.1158322288731366,0.13119687711747624,0.13242960217468522,0.13338100985310178,0.07975026507138432,0.06785686475400186
0.06832580954508823,0.026975387378652193,0.05732854730042474,0.08784954857675205,0.20547817183293807,0.23997323624968658,0.04765363835645312,0.029849282533299035,0.236566378226706
0.12103728385114765,0.10121355099750085,0.12817391621606408,0.12949611311677925,0.13799464265956726,0.05462840994906434,0.13147104100902865,0.09252550281974875,0.1034595393810992
0.1421994618039071,0.10764436784781013,0.11710919700786959,0.1313174421512818,0.11794391293603022,0.08547495321814456,0.15277972488813407,0.06976606856838337,0.07576487157843914
0.1239107639457031,0.05985205785104961,0.10094781090184074,0.12466592477815702,0.1367497473493584,0.11906335310544076,0.11355464134039232,0.07965753267936775,0.14159816804869027
0.12469839958983427,0.19550002846510398,0.105862130201628,0.12199318973773876,0.1161989690395998,0.07575481760676497,0.10370353676556227,0.07982649510719571,0.07646243348657229
0.07913900544686693,0.14601784964592732,0.08994765994321978,0.11336391847320666,0.0613839661892229,0.07148697477404668,0.07605593521244847,0.0429930248331937,0.31961166548186754
0.08603838755099458,0.037944677849287047,0.08849884177426304,0.09732158024550247,0.23967997119856801,0.08000492740200696,0.12482813951376025,0.05819593323897845,0.18748754122663916
0.1688862221102225,0.07093373564766141,0.10211404843909971,0.11850175407677244,0.18225492185864944,0.037826499368476325,0.14718909121750648,0.07953386980664001,0.09275985747497163
0.11197627531404998,0.03553016453348127,0.12590642099840268,0.11720175174579657,0.11504317392301987,0.1175238931378924,0.11009120581778004,0.07333493212668758,0.1933921824028896
0.11586659229109338,0.07151905729719384,0.0962300721329889,0.09846321739193314,0.12183291579658923,0.27898282192022994,0.09899428604313111,0.07174502756322272,0.04636600956361786
0.09428768595732569,0.1941688285299614,0.08934676646549516,0.0906651956043855,0.15300287829292172,0.02580327309781742,0.07497939236754457,0.07932640465548065,0.19841957502906793
0.09974870220918448,0.0903012813074794,0.1227294719922772,0.13362217030440934,0.08486011063598171,0.062208504709458455,0.1520175992112859,0.06345656673728885,0.19105559289263466
0.102883510044447,0.11011521495668608,0.12363477271556461,0.15207494719809952,0.17246065475453387,0.058434277641431887,0.13073163958609338,0.09274611664321676,0.056918866459926894
0.11552412357486347,0.0864976347836854,0.1162470041813309,0.12715314794081786,0.1603227091562409,0.07727763540048231,0.12190497841722929,0.09073611706213404,0.10433664948321593
0.09331279330305929,0.14992030530454128,0.06994585082788485,0.09139588575910983,0.07096995625191894,0.0358684487541252,0.06709331480736647,0.05411932792824897,0.36737411706374523
0.11699883623282381,0.09918717699868006,0.1384260571615734,0.13216235559029424,0.09148475292106976,0.044749727624154106,0.17354341738766196,0.09708241895577115,0.10636525712797147
0.0890336696066436,0.06980740585793348,0.1473027608414352,0.11977068868583907,0.10887732223247633,0.10314981341917852,0.20244863019805462,0.07978767424782383,0.07982203491061529
0.08859223381961796,0.10847478596048714,0.11111569551373242,0.1342693671983348,0.06066143967473755,0.20237271066311094,0.11879312971611232,0.04895844353946108,0.12676219391440588
0.17116688030382998,0.28148844550208624,0.1209158493241348,0.1008218231150874,0.11994608512814198,0.015124605734799337,0.073133797173512,0.05555159355366395,0.061850920164744305
0.09211260951563693,0.0958936117972611,0.12225515415225933,0.10091279666292308,0.21402179592179746,0.08355403113757569,0.1163265071625097,0.08206100432653016,0.09286248932350664
0.1032205200895923,0.14046979433020568,0.12597710410963256,0.1297907058951347,0.12762765626633488,0.08644830357843314,0.12746793552337118,0.09066316987789891,0.06833481032939664
0.13637175543011684,0.1838808674720173,0.12175527889823912,0.09606720267379736,0.1657490502864254,0.04948485077465487,0.0841488400996822,0.07636750818087033,0.08617464618419658
0.06313340591817138,0.09003099611577126,0.06704335595413162,0.07888241703309952,0.1477072993278823,0.02053433098192672,0.05573075920092515,0.054738197356976825,0.4221992381111152
0.11049932149227189,0.15092769668838915,0.11959741723181976,0.12041676860433126,0.13215340000971912,0.027760839588795785,0.12633532201813344,0.08784228537158113,0.12446694899495846
0.11243479561350496,0.10084216034894693,0.12283455000185202,0.1250480250598335,0.09418216042783795,0.15379876466466824,0.14127087938988123,0.0891106472744924,0.0604780172189828
0.09766928752184695,0.1333140833228504,0.1136095444495208,0.11155594471659691,0.13227473032315037,0.06560282372772303,0.1892551655119397,0.04231748625617208,0.11440093417019986
0.1621109770191402,0.10534720182173414,0.12532452911209677,0.12742177003457233,0.1306544078686267,0.08383227415026318,0.1344363459516115,0.06175981601663914,0.06911267802531605
0.14204651765177326,0.0677358235410228,0.0903875692407864,0.10248926726693064,0.05630652416608712,0.24820772829447116,0.1339924112943113,0.09454173935036743,0.06429241919424997
0.09751187046366844,0.058400554570207874,0.07834760219713653,0.10326402627468789,0.2008717675714429,0.017256043329798406,0.10115011680884067,0.04232243144191542,0.3008755873423018
0.12241871934130515,0.15197858785834276,0.14784518352723308,0.12418457156595931,0.10121540022829491,0.05195643016485937,0.1518764505968132,0.07441520056714619,0.07410945615004602
0.08689992913808693,0.10392516048259226,0.1225317078581311,0.10198373737840359,0.061712846068710046,0.17091068193565015,0.12036039248879186,0.05484461317366752,0.1768309314759665
0.07416044336120971,0.057628778263895154,0.0874779290299474,0.09279554414743729,0.1830360828308896,0.28060522084274725,0.09935398166024234,0.03293133245116566,0.09201068741246554
0.13034223181985835,0.10736021086666751,0.1331690828199266,0.12492241205779518,0.08307499606518742,0.07396140725342092,0.14917108387839048,0.11922935137122596,0.07876922386752765
0.08578833669113044,0.09247015357634059,0.08626837064349047,0.1203711316062846,0.1308601014665698,0.08023441633041088,0.11909170671721843,0.11129094905449889,0.17362483391405592
0.12033606863033659,0.09347396444804736,0.13308496275376103,0.11460017203838939,0.15280730437262327,0.10427500377065885,0.17101783864628095,0.05432204461704505,0.05608264072285752
0.13264211858770839,0.10094540240263956,0.09446731588414718,0.09056062088542984,0.14825926009039592,0.18984486736753572,0.08237698993677979,0.0772243573848793,0.08367906746048426
0.11699883623282381,0.09918717699868006,0.1384260571615734,0.13216235559029424,0.09148475292106976,0.044749727624154106,0.17354341738766196,0.09708241895577115,0.10636525712797147
0.10012913439525888,0.0719604947944529,0.09636476625650663,0.10822140001736452,0.12113847213692756,0.21125818665681903,0.12125192917101028,0.09021849272521304,0.07945712384644707
0.0798213562215425,0.14095483624297842,0.08802172407015475,0.090970128525309,0.11639289478747157,0.2400741681143016,0.13163695886837098,0.06552109168696559,0.046606841482905566
0.08513324050481173,0.07627310269025098,0.1204294356212003,0.12549947310404083,0.12772335576125415,0.09976458927819788,0.13269106912811765,0.06532477661039336,0.1671609573017331
0.10807553036566388,0.06235305612011999,0.13774838883012247,0.11916695048978732,0.14477818689988498,0.06073973733500568,0.14358108132203148,0.07005606616486873,0.15350100247251544
0.14026759486906068,0.11403330642104108,0.12030291212925244,0.10941423438533947,0.17671461976062697,0.058974847764320416,0.11663304030573528,0.08074866093627361,0.08291078342834997
0.08954592482504409,0.1698885126848039,0.09471612444120951,0.1240361854013926,0.16450522331584758,0.1304223097904842,0.12225824691027239,0.06515256392687806,0.03947490870406765
0.14388298164065524,0.14954879493537063,0.12252831857884965,0.1280728282348259,0.11154755211304539,0.03942501585466235,0.13289918957816607,0.08844099377421373,0.08365432529021107
0.11560475467544995,0.10188643598339653,0.14090222466756586,0.10599492535107284,0.18450711294711128,0.0304765414694807,0.17215327522581084,0.06445184860618763,0.08402288107392429
0.09789357711848816,0.09740611355880609,0.17110822767351022,0.1568948519916222,0.09169186980557392,0.05911717047919371,0.15787537733546295,0.05963789996593064,0.10837491207141214
0.16719532147714009,0.17257916569039602,0.11571073729151715,0.10968062717721298,0.10900188273846062,0.0869860716836276,0.10424775089409381,0.07651286109407036,0.0580855819534814
0.14155722245727925,0.27770562375857805,0.11213380228051195,0.11446853529940881,0.11182417240909832,0.02391858268463969,0.08368195222568246,0.05688207182142502,0.07782803706337639
0.11329199065804,0.1252419463667106,0.1191237097782138,0.12842509392533383,0.12336931994262819,0.12631267532735158,0.11695759133313814,0.07936027055211885,0.067917402116465
0.1478593134146316,0.12265309783625818,0.12893216947735267,0.134643974522214,0.09198867534260857,0.09255903143042517,0.1290043316774939,0.09676014119304255,0.05559926510597341
0.08132218258253145,0.053990348976413326,0.10790397083586178,0.11537015637621972,0.2566917302111515,0.14610345679893516,0.09197944707317991,0.05534456007784668,0.0912941470678605
0.09450688221173949,0.17710996876740404,0.09671634552222413,0.10353093228434357,0.16836685727468725,0.05232111223065925,0.0996811376001327,0.09390136482254378,0.11386539928626577
0.09541147293143581,0.09299507315371212,0.11837130425422406,0.12096423720072329,0.09641827823059312,0.10032970989282912,0.17003531577858574,0.09880513935362516,0.10666946920427166
0.11740265489131578,0.11185326389222018,0.1410522150929309,0.1228493446936544,0.11556225524783752,0.09858487155440311,0.1289903306170041,0.09620290533173063,0.06750215867890333
0.10162079522303723,0.10128454603923427,0.10685246279812809,0.13388670712788456,0.14134414041687235,0.11905260620791296,0.13265413101522625,0.06266831447389527,0.100636296697809
0.09115965838695968,0.10602739365596585,0.10120354931476587,0.11063604918751198,0.10091642367090935,0.059166320226908625,0.13585759078544837,0.07136462186967667,0.22366839290185359
0.1258746087025817,0.061643254481964276,0.12104458361781835,0.10427343858184553,0.13011820378290428,0.1596547681122805,0.1298833157726773,0.05549701016987929,0.1120108167780488
0.11808333257009927,0.07216208564068505,0.14895014485625435,0.13548887929309664,0.10727508125542386,0.09092238224352889,0.14006892848226338,0.07653017992630155,0.11051898573234702
0.11285732814016157,0.08999045681754818,0.09558778489797261,0.10291136366279885,0.17388116090689268,0.03542498465529342,0.10674628025443932,0.07874955950641234,0.20385108115848105
0.11984546962977984,0.19987357625051735,0.11301502481149184,0.10690554262738379,0.06695921698302097,0.08902577194486144,0.11541794994007076,0.12756095840432496,0.0613964894085491
0.09666389434445584,0.11384669154932829,0.11561069096835215,0.13129080777404997,0.1841793766102827,0.06492971861425678,0.1113006869417395,0.07652249892153595,0.10565563427599887
0.14600951109519414,0.0750171606277828,0.12979408810150062,0.13747622148265667,0.0977222776094492,0.08113339919341624,0.1306732214718546,0.10512154552900953,0.09705257488913627
0.11696610609836199,0.08831332669760013,0.1358626923975537,0.1310598461640183,0.07985251225427849,0.14267308337993867,0.15669921258512018,0.06879899369458127,0.0797742267285473
0.07737132260236378,0.238602381024032,0.09851990829627895,0.12050220503473995,0.12966364813588763,0.055670976942435356,0.12919116285527968,0.051576915598547525,0.09890147951043521
0.20387967267798623,0.1007067159882164,0.12043523086140544,0.1283426032058207,0.09975907994079647,0.02439051761147595,0.14125851342742013,0.1033869822680304,0.07784068401884821
0.10953300920321508,0.13786156368366728,0.12897416901758996,0.11770617218202757,0.1703349181357092,0.05878760050933918,0.12981603228104177,0.0826629114852678,0.06432362350214214
0.13945105394680887,0.11703898935669692,0.1119597463537353,0.14533650927824246,0.07790106582190244,0.09251542101848942,0.10871571824182162,0.06557922093558703,0.14150227504671598
0.10806164024031151,0.08403474556279351,0.12839358013951926,0.1317771055750088,0.13131353926401837,0.12243357083320087,0.15799630956453062,0.08081346179190231,0.05517604702871485
0.08942720450445917,0.11849672207309292,0.11667717735669247,0.11453648449227581,0.11649110711357145,0.13417384222207285,0.14701897640119718,0.0874646561666026,0.07571382967003558
0.12496929000954538,0.11625123871874259,0.10668224161067778,0.14872916733434258,0.11746299511995607,0.08542360869080116,0.1294922777927828,0.08671526600264962,0.08427391472050212
0.05509583410233182,0.057785370245231914,0.10394107827833889,0.09042366958577135,0.22529324348819557,0.08083259825972634,0.08653815926913228,0.044120993426842364,0.2559690533444295
0.13582491585377765,0.15604698833048722,0.11754113994176633,0.11558357575383167,0.13640455190522355,0.04234979172238614,0.10350779735724697,0.1060109203035912,0.08673031883168929
0.09959343421698047,0.14135466404506838,0.11321058689955649,0.1343984084957454,0.1109049087747152,0.1021173997084135,0.11241107771385338,0.09949643148705008,0.08651308865861716
0.1233020807981951,0.06723341500897193,0.12437642757422136,0.12609068758965641,0.10153098542165573,0.13054200139116245,0.12801486180808208,0.11473175457327912,0.0841777858347758
0.09415261800321946,0.1474551950533954,0.1243813897549197,0.12187996502235539,0.08134574925124506,0.12102135266999785,0.14488688287288717,0.09001444884114611,0.0748623985308338
0.09777933280335856,0.1125802609844642,0.12872022366267394,0.11493202144397681,0.12060403403856836,0.14869050344749232,0.17014664979320024,0.04051727037651179,0.06602970344975377
0.13105003389991846,0.18110853930036916,0.1328320031122655,0.10701689144463562,0.11236765354061888,0.07040293783219119,0.08973867266576406,0.09841923538449214,0.07706403281974501
0.10351117071276762,0.1250390087263893,0.11751402328943072,0.1124104104670809,0.1511437273921421,0.12607353084859416,0.15491648025297555,0.05306250283168331,0.05632914547893636
0.10152896367341198,0.12683248611667705,0.09545630984014515,0.1022858962589906,0.042777384158540245,0.2909603998086377,0.10918365937170084,0.06456237714512904,0.06641252362676738
0.1585749950446038,0.20415676415796633,0.1183311041281964,0.1042297374723904,0.0727252502218121,0.052340625582822486,0.0914612399274702,0.10222031008890091,0.09595997337583739
0.13253589337939817,0.12334309274189954,0.13769270512671977,0.13047770965573566,0.12019498424447077,0.0745014692458167,0.10677159283598446,0.09292946183011123,0.0815530909398637
0.12748741165510413,0.07050137936594833,0.11419753884410035,0.12260911381270596,0.18422856231737453,0.05708752066411171,0.14635086616815915,0.09287933726900172,0.08465826990349413
0.1446304745177254,0.1526642239646989,0.1633207630998221,0.11159713489800203,0.05326578880986143,0.07130208012853664,0.12312575797945968,0.08012386355547746,0.09996991304641628
0.11577962251205925,0.10650152693746362,0.10117099045861905,0.09760121861030395,0.10217863695720768,0.25100157134953904,0.0850673518304591,0.08660117358479826,0.054097907759550035
0.10729660032757164,0.09140543123213496,0.13414289616337519,0.12457607403619332,0.08844903419989747,0.2009955362919761,0.1209485260182485,0.0721692932597136,0.06001660847088917
0.14218491918175866,0.1868768104184951,0.11216687066563395,0.10898364165314695,0.1141457241109994,0.1361046379782917,0.07731936659426546,0.06733104002082606,0.05488698937658274
0.09227400281883551,0.08456167804297539,0.0816372451018475,0.08393681114280711,0.09438319622497461,0.026979372448329663,0.07340157455244738,0.06298967676007015,0.39983644290771264
0.10965870422707248,0.11612861808597641,0.16952313015829257,0.14639382977825374,0.09151177396238924,0.0881331139006486,0.1374191408679523,0.07961430422431753,0.06161738479509721
0.08568707299509064,0.04512656467014736,0.11186289296221785,0.11869278757287416,0.15371121493942283,0.17273096000707877,0.12800822832909178,0.0895354763415705,0.09464480218250605
0.1118596781408842,0.10143008850731994,0.11813133742538527,0.11779135564179821,0.14124539469875588,0.09288511407400052,0.12052654511896475,0.09504741907934128,0.10108306731354992
0.10201080252379809,0.1137064094761923,0.12153552842755866,0.12009372405194287,0.1561416126470492,0.07466997326783037,0.13718968538652962,0.09444914218523616,0.08020312203386275
0.10877385904677135,0.2354681030702559,0.08838175616022252,0.11232839110504413,0.12235853504111915,0.025817492304184054,0.06280553908675772,0.061933588560012236,0.18213273562563295
0.1268374986643185,0.11330173700455838,0.12218563107723741,0.12471247428011008,0.11399356654876426,0.09639109409490082,0.1277416443340891,0.08202400004319242,0.092812353952829
0.136922637971992,0.07749669775119838,0.12901273270046207,0.12481454054804964,0.14685400374014793,0.03943623583304351,0.14257668740678311,0.08788385791221276,0.11500260613611064
0.10392111347661231,0.21252598620147026,0.1072450722594625,0.11220425648189497,0.10986288313749842,0.08544179220114224,0.10474264882401642,0.09385458063266272,0.07020166678524015
0.12632484977572264,0.06375669145879037,0.10824764648911415,0.09742681102297683,0.052002346673322854,0.04622355830240015,0.12671574168162544,0.07527718766890733,0.30402516692714027
0.14210960268238904,0.12676288884976442,0.1258923050389148,0.13590451250051547,0.16137115145995956,0.06165832991359341,0.10615618596250674,0.06986313015475276,0.07028189343760376
0.07178323687525444,0.13195047338272725,0.07457185537376286,0.07542303876254393,0.10932860706166048,0.03759473245789228,0.0661365141119668,0.05385394305893304,0.3793575989152589
0.09314191052222977,0.172862700144249,0.1106974089541251,0.1201933455298884,0.1513339117827671,0.04389414724195565,0.11986739603533769,0.06352740653367138,0.12448177325577603
0.09947595561690141,0.13057793182404945,0.11011891755236565,0.11308228307890346,0.08961687566780231,0.18845824449823634,0.14019501790110575,0.07899982534246161,0.04947494851817402
0.13892182878670523,0.035609203860249655,0.07903244045775232,0.10672526188090774,0.03959078312789822,0.11138992776794972,0.08922768792756179,0.09621154450300141,0.30329132168797385
0.11869800604825713,0.1075621830036021,0.13627956667763338,0.13307497594079756,0.13674283704525983,0.059467083455065295,0.13333699138619903,0.09846303426581911,0.07637532217736653
0.09825747927381441,0.08915305980166298,0.09613394065969989,0.09832519029535765,0.2099299665033738,0.08387931353612989,0.08887993020942726,0.055073337182203606,0.1803677825383306
0.13504048989618345,0.07373517227250259,0.1238646671009865,0.11982455025223865,0.10036515973749398,0.17229226432379016,0.09637210043278353,0.08267663075703457,0.09582896522698663
0.14036182471520817,0.1218264239994681,0.14195300827729232,0.11245373494474442,0.11878629874676445,0.08787383702729042,0.12061760019431951,0.06586064567020516,0.09026662642470744
0.11662441598211633,0.11421994628177394,0.1038170465055004,0.13687065397666062,0.1478396533939463,0.19188671554377176,0.0993137031949662,0.04287255942951765,0.04655530569174685
0.1312737391889682,0.15155407546350683,0.1224935576948643,0.12432571611703191,0.10701073799025203,0.09223242594255021,0.1257075078794108,0.08097444776154343,0.06442779196187227
0.0953239775771878,0.12390320067310663,0.1090798249232459,0.12966259846143682,0.1472632811970762,0.07258522036506347,0.10673667522586959,0.07362530077757991,0.1418199207994337
0.05819132605225885,0.04098724317392532,0.07525306989973539,0.07398388711149352,0.1381055188236894,0.3622313650519986,0.07890086475127141,0.058741063977938435,0.11360566115768901
0.23249987296899408,0.09672497434454423,0.13754053510838612,0.10353014784265398,0.07565708535584131,0.07678925142734565,0.15117690070061787,0.05586308547653235,0.07021814677508444
0.0813915205200619,0.04219206000642941,0.09415840371347128,0.09005558644719203,0.23228125920748732,0.022494709010295714,0.08888835298186197,0.08326224538227517,0.2652758627309252
0.1195609105550508,0.12059363692693713,0.12781250192814508,0.13533656855633566,0.13864091422032535,0.05299737830593896,0.1344332570887379,0.09573413243225992,0.07489069998626917
0.1592525652755059,0.12737324034998984,0.10828665941812661,0.11408649264166339,0.08207264821336659,0.11825282941104749,0.09793755354531053,0.08060908847037507,0.11212892267461459
0.11545359598486059,0.10860018185082403,0.15657778080397167,0.12101446724135763,0.18560602131322837,0.031484643298428344,0.13520615567783664,0.07417035082293441,0.07188680300655843
