0.16761208016313414,0.11572638050068627,0.06757028529279668,0.08872990850736655,0.10988647783234091,0.08264646953393412,0.07569353309847003,0.18753270707520076,0.10460215799607046
0.07056299455643343,0.12623867733638042,0.08459954930268927,0.0896913189865605,0.11715510284337662,0.12349530284863343,0.153888027586817,0.12035003347854745,0.11401899306056196
0.11790922698001027,0.07974967564005274,0.03496182502240842,0.0941847298241466,0.10763399978396533,0.10732405991950256,0.2924315484337439,0.06303181517967639,0.10277311921649386
0.13072830586598416,0.10630691276988373,0.06327019415076124,0.08509348577872639,0.16316079989220017,0.1409252042301067,0.07408789667031775,0.08493781780502034,0.15148938283699948
0.08509588063421676,0.13353439408603587,0.08593258933362846,0.12979665478842126,0.07528370846786464,0.11233946051813652,0.09697118580500269,0.0638029692869822,0.21724315707971167
0.11540023531177464,0.11561950078921641,0.1250925492223505,0.11263840774017408,0.11952837025804852,0.08745671209531845,0.06650400821957775,0.11591739683026114,0.14184281953327854
0.053455353597228694,0.09937877952274149,0.11367411335035528,0.08105910569330692,0.09135275345436426,0.08668568417155016,0.10388709519809247,0.24212826312521885,0.12837885188714185
0.13443550034556476,0.10242369461081464,0.08132115290545612,0.18765120929519782,0.08876245255599426,0.09488408259273569,0.09825112200874075,0.08266304164274813,0.12960774404274786
0.08855926483133285,0.13326242767970636,0.10841747252628199,0.1253649429417815,0.1002612236528635,0.10158114416627118,0.06257979508500093,0.14310883339461153,0.13686489572215013
0.07720941797512491,0.10900241834315287,0.09394654899001009,0.08773163857304321,0.14257306271156436,0.08251488114198596,0.10659537379887,0.21213483738828576,0.08829182107796286
0.08261140813982024,0.1188673357538053,0.04209801780973813,0.16515838024725893,0.08398204113064546,0.07922227117784578,0.21428161428903514,0.06945318251626503,0.144325748935586
0.1335005018852203,0.13374644187907178,0.11603162506818353,0.14897523178250643,0.09080450021341673,0.09603438873898384,0.056262980044040824,0.09020948071904938,0.13443484966952712
0.10226945172301992,0.1343089609394527,0.07518050030823333,0.0972456812884313,0.08935588518164188,0.11197116217791127,0.05592654684712978,0.10701418213813428,0.22672762939604554
0.11503011614624832,0.10279474507321947,0.1312647317805525,0.08565582158146874,0.11247933656624513,0.1334202212699631,0.07731088794857378,0.1271707560265004,0.11487338360722854
0.1175424349878267,0.12326844403790206,0.1373046453499062,0.07787259899912635,0.09610750168081944,0.10505700177464856,0.10387053687947902,0.1509689997316046,0.08800783655868706
0.04984142304243231,0.10319135758688924,0.0617920783818083,0.1543429854957779,0.13572838518112165,0.07914684971567922,0.198950290554439,0.14093449017636908,0.07607213986548327
0.06114812983571951,0.1263175334607246,0.13432278517227272,0.09014779540958769,0.10613426085062316,0.11847641532643514,0.08590313265048481,0.14008841068641142,0.13746153660774096
0.06271031090256114,0.14293867172278238,0.18615375441357995,0.16833125029154483,0.09238624572207473,0.09288372502323487,0.07236876834543461,0.06983325213489032,0.11239402144389722
0.04808908840162038,0.10994108558277742,0.0904681927179292,0.21879891355902722,0.07551863457209147,0.10215458023371045,0.10542555536741416,0.10400385377723571,0.145600095788194
0.0604911955686786,0.1205273612523541,0.13934319783227334,0.12383771080046606,0.0972939609340397,0.09250850164079118,0.07591613523046124,0.17359312724484888,0.1164888094960869
0.21899716552305618,0.11837132679328348,0.041522823212241926,0.0846890738623099,0.08304185716957078,0.13461147141836965,0.084797283085402,0.11793920528645614,0.11602979364931003
0.05502536732205518,0.10223902270267732,0.11158902142313976,0.05704949755900126,0.12370642971149992,0.1024496062677049,0.19638361992839867,0.12526600140618704,0.12629143367933596
0.06808082991653432,0.14243144658982718,0.10766382160027187,0.13970808295247455,0.11606576062281232,0.10396039672135872,0.09253339397715533,0.11710253752793585,0.11245373009162991
0.15649623042893637,0.10435706183481468,0.08005865116619311,0.05786207194133983,0.1477074124893846,0.08915504378162088,0.16919192464640595,0.11982042796918856,0.07535117574211612
0.20001787169574647,0.08150743974003162,0.03578220586879815,0.07712744969731007,0.0803899817307949,0.07969864212133017,0.3269961312205448,0.046756537621409404,0.07172374030403449
0.15594602199287247,0.12401785318511897,0.11483698039027912,0.09484713600359525,0.11086253548820728,0.11290964867171739,0.05640777940205305,0.13257651432598666,0.09759553054016977
0.08146215223009612,0.1318222347153735,0.12100741679706156,0.1184177788779548,0.09277169556434046,0.12138619106532704,0.1287720259098151,0.1003088229787259,0.1040516818613056
0.14950655130538845,0.1427339156743631,0.04807559435798533,0.11449023967688575,0.13775186206917678,0.07727640334250292,0.06889751467746304,0.11980890369880061,0.1414590151974341
0.07357900760579657,0.10033793342847029,0.20821601669785528,0.19345605824159537,0.0766740557476836,0.11850787772849265,0.05847066107891086,0.08767897111088681,0.08307941836030856
0.10153756386817102,0.1252346011880481,0.10541270682514318,0.12109187937791167,0.08621664640038744,0.0946384812320078,0.10294939524229459,0.14080040439825417,0.12211832146778188
0.1290954904074579,0.11112780366637452,0.13404888111339278,0.10839396660594867,0.08861426874932378,0.09611738702863552,0.046359578664101626,0.16683063990917088,0.1194119838555943
0.16996256051322464,0.12604223076783705,0.0765804694046381,0.08361830317812093,0.18110691410750668,0.11074139511483357,0.07427455660657199,0.07906026670427552,0.09861330360299159
0.057669755473380054,0.11660668193148606,0.18940838271772142,0.07655125547375118,0.09698365906823576,0.1124905412414229,0.06616346816217819,0.11283778733260182,0.17128846859922256
0.09573907982185331,0.11314036082135774,0.09641219300695036,0.09591111059056541,0.11233439266737351,0.0974332701732314,0.11291940348815138,0.20090520415136068,0.07520498527915627
0.06106757774510064,0.09940240089309836,0.3212874182369025,0.07750055488485076,0.09568711553801111,0.0878423159431121,0.05707204442283704,0.11620259393828607,0.08393797839780144
0.08393493818512737,0.11511084987383922,0.1203506268778425,0.09713904714030747,0.1165607002035683,0.10233817978844584,0.06868428491714146,0.17285224948072123,0.12302912353300655
0.061479824663212244,0.1269084398996778,0.18190045999078489,0.11212700965527579,0.09561252782782154,0.12511954799818806,0.07875449224751785,0.0776052093612844,0.14049248835623743
0.09543646190308519,0.10452647634117684,0.12798703048074286,0.060372742967612775,0.0960574936592475,0.09239156956560297,0.1055940605682955,0.09519921760584797,0.2224349469083883
0.16883666709441583,0.10636870841650459,0.10860746773404988,0.08578186628216787,0.07454955421003759,0.16506393270157946,0.10928497798295465,0.06746735711363915,0.11403946846465096
0.19421447145390558,0.07937516897556841,0.21456388814650498,0.054858329328454226,0.08788014284217671,0.18842034550609021,0.04920979098571499,0.0670710493180001,0.06440681344358463
0.12121590509613049,0.10748563408601375,0.07885046223516388,0.09221693242000423,0.154994549145268,0.1605602935049227,0.06773633311143976,0.09897845575865838,0.11796143464239882
0.10064759462635765,0.11621404787022989,0.05074861462458666,0.11629859007616611,0.0907268728339653,0.13156540439330014,0.12058218940873167,0.0646187502124733,0.20859793595418932
0.06321892317853549,0.10119275065206725,0.05684909232335942,0.08463912607057428,0.11740368557113173,0.10374187042564102,0.2500224053790428,0.13215602585604083,0.09077612054360717
0.09387634133610308,0.11385273820715962,0.10325404083746087,0.10355420891619417,0.10988224941723289,0.12024971953265662,0.12475204609925339,0.12336034502599225,0.10721831062794705
0.053991855981766985,0.08474231236677919,0.35702400689195857,0.06995496857105782,0.10104329504436478,0.09086970668303958,0.10281780340014113,0.06237815896886362,0.07717789209202822
0.08553475244664693,0.11280267518685778,0.1274607801004178,0.12098718466821838,0.09761082107858142,0.09439628410176609,0.07307366397108551,0.1714358711198454,0.1166979673265807
0.07717115474491093,0.1284194341174497,0.14828595469229364,0.10474728627949237,0.11006775258907603,0.103738725734825,0.07280334512324997,0.15061414104528303,0.10415220567341937
0.06188253274999487,0.12018300792381405,0.13895913357892142,0.110258569517704,0.11804816652294593,0.11678709833136497,0.10474160961147827,0.10853331330124195,0.12060656846253452
0.10081673181469103,0.10181701340624844,0.18275432308248862,0.10240111087254096,0.12337126504415889,0.11435214989098368,0.06034281450669193,0.08897661166079075,0.12516797972140578
0.15371886579424496,0.12679277024636257,0.11230264129004279,0.10110232663163227,0.11418853010592663,0.10277377573414742,0.067023691207698,0.11045638575329998,0.11164101323664533
0.10399073643300365,0.12727315921932628,0.07806325510528446,0.20824189475819663,0.10462657538788651,0.0884516769476244,0.11621605297977748,0.09513746867179566,0.0779991804971049
0.17555840899740102,0.12051958182614629,0.07676560596520453,0.14416737170152663,0.09629878504870693,0.09720401312715195,0.0988129611733084,0.08616081864092152,0.10451245351963277
0.09005990551485699,0.12113546276449316,0.16520347623637993,0.08337931070383654,0.09583572748689217,0.1022089264162625,0.07432481616013002,0.1349886803301081,0.1328636943870406
0.04239402105749238,0.11548122206147227,0.09325718867296222,0.11177889132817474,0.1068473384010642,0.10164027053762914,0.21860701807450292,0.11213391584974843,0.09786013401695376
0.20653973208394763,0.12251790449608467,0.10975937347890245,0.10082722218633551,0.14262764957908103,0.14015302937864202,0.05350391479923977,0.05568878240378519,0.0683823915939818
0.14938482651946916,0.08463191831889089,0.04295216219029824,0.04416024056113032,0.08843519306152942,0.2812569096101794,0.089735293759167,0.0789135158525677,0.1405299401267679
0.07222011484576503,0.13299006931724017,0.10622056134435433,0.12689517588697088,0.09000208036576647,0.09662317291031479,0.1016040136859611,0.15986302821153667,0.11358178343209054
0.0414770692893793,0.11781621888904437,0.07000745224882277,0.20909758287984828,0.13093976349906414,0.13294826481173447,0.11632749793763007,0.06503347365816602,0.11635267678631063
0.08722400799805831,0.12285129623640896,0.14362754057318544,0.10077189035140392,0.09832581690999204,0.09674591043930068,0.08230666023502727,0.11976054828273341,0.14838632897388992
0.2562517155968839,0.14271022834062264,0.06413241540511,0.056034049531459525,0.09483833715121971,0.13981517587198808,0.08312125579187435,0.09816704213894067,0.06492978017190108
0.11604217466522726,0.09025514014768947,0.12976353135010077,0.1257436107399754,0.10719922798829024,0.12414359752318249,0.11771708853504942,0.08972395598187687,0.0994116730686081
0.0547279370181497,0.11706624601056492,0.07143744485137976,0.12605578106881551,0.09163244554334303,0.12065355710318393,0.06536270590310825,0.2653680477392251,0.08769583476222981
0.04472767880981207,0.09349775108575768,0.14058536549159104,0.05784211718575422,0.08792726958411701,0.1141911597116903,0.07679852516423245,0.2550620820798321,0.12936805088721307
0.10741977324952233,0.09621227869261917,0.09397975829087234,0.10494279445235451,0.13999328396501481,0.1628150595980901,0.08564249103647159,0.10027218907367663,0.10872237164137855
0.06675030705208528,0.09368509763625521,0.05993030889164053,0.061048692096819866,0.12286093743647693,0.09891873538213776,0.17317902221041392,0.25198182965298405,0.07164506964118643
0.09839743061300148,0.12416199769187282,0.10693687584486933,0.10213403694188335,0.09544704567000617,0.15186363131625547,0.07720760001515396,0.10822917845672374,0.1356222034502337
0.08687252768365795,0.11221222095544627,0.09826802509718534,0.13907200457082466,0.09103511131317645,0.1072330072662745,0.1459923571670848,0.12274988857090911,0.09656485737544096
0.06997415659449062,0.09858118134897244,0.1394771469684708,0.09385768070932386,0.08419013118786832,0.11565219750095901,0.06269872447115891,0.2318738747407254,0.10369490647803065
0.08339504270827904,0.11439587143504955,0.11553513754239508,0.09472569042053343,0.1047536725524935,0.10132627502425721,0.09146334001411693,0.13251136116827655,0.16189360913459874
0.25205373821093585,0.11028219040782357,0.047901392478536135,0.12815047966788926,0.11940980687747793,0.1395077729363946,0.03705299429550787,0.06902167214766537,0.09661995297776937
0.09153846481574957,0.1338168455579984,0.15297178468010977,0.09124452750955808,0.11390560277088461,0.11282768169672563,0.07064503236723073,0.11507721859385178,0.11797284200789127
0.04777408853246259,0.11044145099054159,0.11226126401191779,0.07709692899638206,0.09390478014458027,0.08086702696295782,0.15691181297387194,0.1930770289160667,0.12766561847121913
0.06262023903334411,0.08744345007889476,0.03701030957857341,0.05778767787098867,0.08638476655756001,0.12566401558254645,0.3407619253843534,0.13036542791755265,0.07196218799618657
0.08647037339335095,0.11654995569235133,0.14029138786197662,0.06856961802647575,0.13183619744097247,0.12443468944797668,0.11524083618825859,0.08592502940631071,0.13068191254232686
0.12114647520747983,0.1358546292483258,0.07168525485450265,0.15751888824789306,0.14490705736028905,0.11362036924579456,0.07963666030602047,0.08337083406845845,0.0922598314612361
0.19269387592387818,0.11141303372291278,0.13701945188747544,0.18491908750754396,0.07006390086555349,0.08168277558186472,0.06456791980763969,0.09261825397048938,0.06502170073264245
0.09418221612980089,0.12461271202433744,0.11235601123490042,0.07623004878716717,0.11284603911527753,0.10896631874569879,0.08960284718977025,0.13650690807557203,0.14469689869747546
0.06392115054053368,0.12725075323149426,0.08455650175969893,0.09458898394728758,0.12708719879968447,0.09734354425824175,0.08199919157209293,0.21290369166967046,0.1103489842212959
0.07824549729262963,0.12432333930181727,0.08110248236928243,0.13826464582872441,0.09985252434389728,0.08771657320628028,0.07749649328714532,0.1844090565595904,0.1285893878106331
0.09546282691448427,0.13128302301541495,0.12406197888200278,0.10575798209777593,0.09583214180029254,0.11698383609277785,0.09127821482913223,0.090790986005323,0.14854901036279639
0.05350953363441583,0.10201370892739108,0.1903995596597836,0.11315259685330065,0.10064619021991898,0.08981911906037421,0.1213705854239069,0.13251028443841753,0.09657842178249121
0.053876601997325226,0.12201753629019152,0.09972667663269523,0.09273523820250897,0.1001555660138574,0.0989208286977654,0.08151202316091033,0.21160354214378055,0.13945198686096533
0.23544719419927077,0.10440546849615545,0.030409504196225134,0.11957095533987767,0.09582076826007709,0.07432888530293874,0.21525598800048198,0.06573304098714634,0.05902819521782684
0.2822244849074827,0.09315566135754415,0.0521572501130587,0.05044152169978638,0.1293027386913138,0.20434571398078413,0.06544536797143548,0.05391169560401138,0.06901556567458332
0.14811667794818548,0.10437882004681702,0.11161944192747425,0.08286110402603586,0.13596696534005817,0.14991400104612934,0.1152946868389741,0.07324368749204208,0.07860461533428366
0.1148269754652993,0.06326173520167043,0.40603280515396384,0.048569635409684925,0.09908476220927227,0.09023602218386266,0.03886046874752563,0.04811379946815453,0.09101379616056642
0.07216645081434526,0.1154175700884575,0.09253161175551632,0.14634488543734867,0.08897304698138842,0.08947167789273049,0.0875698550985971,0.23439012084291777,0.07313478108869842
0.12235747089621608,0.1233707840401892,0.12428907905453578,0.08988053340603508,0.11855401189093574,0.13419725892430232,0.09993151158908005,0.08787170173470933,0.09954764846399648
0.11313252606503232,0.09259692264947178,0.2547867746273654,0.08685160422261319,0.0795645740275532,0.13098794278858789,0.07170578767517798,0.0723099518851008,0.09806391605909755
0.11757509018404366,0.11704718351281827,0.09027460386628339,0.11851416941827102,0.08485231558437938,0.1304661638210429,0.07547457019562966,0.057489337896667915,0.2083065655208638
0.2564498751591137,0.16205143815437448,0.05298270146335717,0.20859335184267577,0.08554771073556333,0.07019795592512379,0.05453228587958698,0.05158347005664774,0.05806121078355705
0.20006550613972793,0.12668889264199298,0.06886447737044586,0.16286802490709062,0.11160707535710006,0.09949019109239088,0.0785812786504616,0.06572079056463884,0.0861137632761511
0.21857328742792226,0.10518017144360904,0.10835430783924278,0.06828168165645314,0.08290317339960425,0.16617546209304238,0.11265540066105094,0.0621679871795092,0.07570852829956592
0.078273648974918,0.10739468342177277,0.14415259840018224,0.15011144420747122,0.10364474319014187,0.08717366101147521,0.07857428638991691,0.12351679293845653,0.12715814146566515
0.072324038854668,0.12445946557802275,0.07627261944750921,0.07950733869386727,0.1471820851130848,0.10836712416377149,0.079026058361356,0.220657423277816,0.09220384650990439
0.08880914103286545,0.12254602967174488,0.1025307640950354,0.11483779542487706,0.10797235221009421,0.10136175599058872,0.06184117287413232,0.12520002077945885,0.17490096792120313
0.05913501546367356,0.11712177481024226,0.10418059530892147,0.14559011991095003,0.11453367622459328,0.13949171559402973,0.09859798680340832,0.11147061408048188,0.10987850180369944
0.03772752477776165,0.17468159258601745,0.06226998884552439,0.1546445801802605,0.12092441189565854,0.12368678724262265,0.10517895785154278,0.08875703471930492,0.13212912190130702
0.08205629523506573,0.11443374073980637,0.15336061960411504,0.06303314696318235,0.0810579854819178,0.10348086031642877,0.12444247603295777,0.153923233507069,0.12421164211945723
0.16552827457295116,0.11644385867446509,0.03530826359053027,0.087829743981994,0.14655612917920155,0.09632133484749801,0.17689069951726458,0.07572368614192186,0.09939800949417348
0.1002279401503991,0.077530281341041,0.033677296405608965,0.032071689778707425,0.14131146810768502,0.15710920971048148,0.30917960326038496,0.08260157070265906,0.06629094054303299
0.09159606251702385,0.10213246132612996,0.16274131727971994,0.11904483745787751,0.09979761705072665,0.10962814912174644,0.06428150278472328,0.15365806914636712,0.09711998331568523
0.0994778300821203,0.0904489121412582,0.10214887206743661,0.10750402846755247,0.09068421157072808,0.13961830115038712,0.07314984337945711,0.06989411542738073,0.22707388571367945
0.06979829766277305,0.11950382750121258,0.11017521133482229,0.09407773875936454,0.1012823505414699,0.10998517298810107,0.078505192081197,0.0929420655016116,0.22373014362944807
0.06166988107558874,0.11166839523608331,0.11332363305949585,0.09709273747763862,0.09275935351044641,0.09862213585562758,0.06773057434792291,0.25892263632163287,0.09821065311556365
0.13859406388363874,0.11773764868632068,0.09591324003213157,0.10474844246533781,0.08673615085556534,0.10765085266576847,0.16879773340625526,0.06509854997339756,0.11472331803158452
0.11031822382076871,0.15512165769142192,0.04321151437809705,0.1294667106892713,0.06259016617413819,0.10515901660104787,0.17143202986364334,0.07624737101416057,0.1464533097674511
0.09550740536881668,0.11956074543499007,0.14096856604724597,0.0840635630260806,0.0882360837832628,0.11743178808588932,0.09476159469706884,0.11714285349792086,0.14232740005872477
0.11944312687428832,0.11745377026350379,0.17753263998132918,0.07821356005188558,0.09983462847996276,0.09029690148092388,0.07530714502315505,0.14267208128318656,0.09924614656176485
0.14670797070597572,0.1341934645114556,0.07151510791450262,0.12329907077613848,0.0929358598130094,0.10496191416272489,0.06975511369131449,0.07172569250416605,0.1849058059207128
0.23776478710156299,0.10602103874891018,0.04803258638903327,0.0902036510492028,0.1250147709867499,0.1376841943434957,0.06960632326873809,0.08319683198973475,0.10247581612257228
0.22276445751848917,0.14472991106252378,0.056140292975451096,0.12566608307690805,0.07804641953821924,0.07511039387725414,0.11064705700365207,0.09818203738119435,0.08871334756630798
0.06921037239457262,0.11762574840104145,0.1710400981349652,0.10848267957797952,0.11256064310951475,0.08718617062176758,0.07338109867957562,0.10662431131788265,0.15388887776270066
0.07188964544641645,0.09869042308563743,0.08369932080323998,0.08140550518911331,0.0966531250678264,0.0980446378223991,0.13427165942565286,0.18470907690675764,0.15063660625295683
0.03999625202638452,0.10256401943261488,0.3243232154890989,0.06000651578335226,0.10133641534835014,0.13579580825081716,0.06292066295017086,0.06994869468490088,0.10310841603431027
0.05085971790710816,0.10864521728304294,0.05727644449927377,0.09045620038123443,0.11145272207375383,0.09625931398463139,0.28277163146939455,0.08185462413126908,0.12042412827029188
