0.20543805307130722,0.08333898257285734,0.06288337118241398,0.09416355794572777,0.07198267947601743,0.11480754445983289,0.12642491910487097,0.11895369337080423,0.1220071988161681
0.08453075827028622,0.0678941783797246,0.20958386859126477,0.12116459047140593,0.03782322739506719,0.1006754126534618,0.1346095671116236,0.13422147695213646,0.10949692017502949
0.08260863865744757,0.19008283366027431,0.12502324578817403,0.08990485058232782,0.03300430751077472,0.1276570145596909,0.11545029650526135,0.1197960990351999,0.1164727137008494
0.12333372897551413,0.1085076556180543,0.2293218101437949,0.0770180259510604,0.03360832656013971,0.09304151264886096,0.11406160195455411,0.10396807805102648,0.11713926009699493
0.04172226685108645,0.16615121920829554,0.06854115182243507,0.18315577267619051,0.17444199273053904,0.08060124619066839,0.09603341196876891,0.09057861112660652,0.09877432742540958
0.13044411389473032,0.14846947840930955,0.05320742572103745,0.1286652975494871,0.06157131373081262,0.11730144729071147,0.11378325085392083,0.11294141532029728,0.13361625722969342
0.057683479727529026,0.20875896200637487,0.17144961479553522,0.07064500949055963,0.15386914186015016,0.09959216718874649,0.08602422731943478,0.07247924633744825,0.07949815127422162
0.09523117320569219,0.09483200233533744,0.07510155404215128,0.1030574369420781,0.057810627217219836,0.10512607507482173,0.12960052314227735,0.19832573055869818,0.1409148774817239
0.11070673454951696,0.03820557210853493,0.055041096433695404,0.08912412691756745,0.33252612246320173,0.1383158421220088,0.0935519021446265,0.07544927958085704,0.0670793236799911
0.1403345949995294,0.28793520795735156,0.07253735027032797,0.09960825267479982,0.02238073051448553,0.10381568397875933,0.10139505152708993,0.07970966874543506,0.09228345933222137
0.15389052055626493,0.07439006522150644,0.14621641328471816,0.08689643688642341,0.0735363475052216,0.104192458923697,0.12643767171628373,0.11705806313875267,0.11738202276713205
0.08456304915739006,0.08387040733683944,0.08411557735777057,0.11950432515013198,0.1125731515133765,0.12840285456915582,0.10923392489696375,0.17020217835800222,0.1075345316603696
0.0666801358861399,0.07738279322800684,0.07663360552154187,0.23372550811431628,0.0579270512483957,0.09913604746231196,0.12806259564024988,0.13267304035651292,0.1277792225425247
0.09305960184840208,0.07932466128761005,0.1013392350487104,0.18126756403122854,0.06467963480263779,0.11029035329422388,0.12457652491859329,0.1321480191649021,0.11331440560369188
0.1164530554736411,0.10920253047073401,0.0870233895692636,0.1299914296322571,0.03436558038505347,0.1147852833198933,0.12713126824444607,0.13532345736076123,0.14572400554395007
0.1441852043495172,0.08299949506512161,0.06433540610454133,0.11714799964557365,0.08673845574937629,0.11512528701701158,0.12626414638228042,0.12773005038361518,0.13547395530296266
0.07825532435934766,0.0869360353300709,0.14430153229617412,0.10124216242842475,0.09399770006497248,0.09213428776594618,0.1241748049224587,0.12603224980146485,0.1529259030311403
0.05561681727951893,0.11585127262140756,0.04436281324733115,0.1842971889492171,0.11822500084808807,0.1142769319558982,0.12901331537433153,0.1138284563951758,0.12452820332903163
0.11685280602386193,0.1975476549408038,0.12239767824114267,0.15335647722906362,0.02822840616169618,0.09496163175965484,0.11236562908754207,0.08958515195388733,0.0847045646023475
0.13009614581247253,0.09384553994277318,0.06481934540983711,0.13096507687260137,0.085060400771659,0.10444995671373584,0.11930082332303156,0.14219719396057787,0.12926551719331156
0.07740888147482364,0.07567536759350514,0.14937280571653244,0.12418640372012113,0.060627653275772825,0.15197295973635763,0.10897078220297186,0.12701539384894686,0.12476975243096848
0.08947407590220309,0.07753387906590478,0.11258966675705347,0.17395990688239457,0.06257096328132904,0.10935468450759618,0.12396044685349307,0.1170855803841851,0.13347079636584067
0.07278000858592439,0.03774172102420162,0.30450959773601693,0.17697320709505496,0.014613949339726921,0.09899235564390756,0.11362027901529947,0.11667684266812432,0.06409203889174384
0.09194901212266542,0.1697004581065059,0.07658847062679534,0.10465171616663534,0.038007341923908596,0.12226334202398033,0.1290924386574173,0.14028368198191488,0.12746353839017696
0.0800817791011826,0.12662045175961947,0.057633552271374754,0.10933040964178929,0.06669136604115668,0.12939081078739834,0.1390150910623492,0.1480971436178695,0.14313939571726028
0.06852977450368201,0.1188727474564617,0.11822718962338247,0.12431231045683055,0.05497253886465359,0.09749460673370008,0.14182602926644797,0.1437967607906031,0.13196804230423842
0.08839905957452054,0.08506158492022488,0.10300779210117365,0.1467087496677891,0.06895367074058326,0.12185721320325209,0.13207361564328693,0.13683880251148675,0.11709951163768277
0.10362335863135429,0.0777377461208719,0.10560535774781159,0.14159256754366287,0.05346726155644035,0.11407454760750783,0.14312236566302428,0.13824177674015378,0.12253501838917306
0.08871229944382235,0.16162203744864034,0.2160879594016952,0.08556961858028611,0.04205696929801015,0.14533054316636382,0.08584887015394026,0.08940855760746824,0.08536314489977359
0.0756533487556116,0.1055981844791577,0.026709947839720322,0.09804607720025653,0.219914216616914,0.12464002282684931,0.10991021132308554,0.11320033907291134,0.1263276518854937
0.083901055487394,0.09729953785755914,0.11135997558112447,0.15157073949516667,0.11750656743248716,0.1065237988317087,0.11232367969743051,0.1149508476554778,0.1045637979616516
0.07025511098751186,0.10861709159831334,0.2137057528888486,0.10995767020069182,0.059408139372232986,0.1037932755582371,0.11381686689598003,0.09772345049079427,0.12272264200739004
0.07113813140063223,0.24005064317337257,0.05893804619098836,0.12440898869014604,0.032439752829086545,0.12108634088296168,0.12597563253779334,0.1116313115388281,0.11433115275619117
0.08996043284483597,0.10876932346112346,0.11681065910952133,0.09239301274625415,0.09275029074710879,0.13232417116194162,0.126472733214572,0.121604414497419,0.11891496221722374
0.10695347293933033,0.12423254328675193,0.09685714505694902,0.14618062290913905,0.024105156549002055,0.1040932740485598,0.12539974989829092,0.13942983337822626,0.13274820193375078
0.04891153170727381,0.14192251361150077,0.0269715355836852,0.10913390344628648,0.2573566967244769,0.1193398456565538,0.08746472663993299,0.10011049116686598,0.10878875546342402
0.07585900484038215,0.20316014685964823,0.1136282393456682,0.20389319242549075,0.01969690630940461,0.07218075246377648,0.1113063194297645,0.09146380837552788,0.10881162995033723
0.07607930700317979,0.26882949928358724,0.06039231343570906,0.10097684364039926,0.06178369594259019,0.10179949397436434,0.11576061708441854,0.09936936998919488,0.11500885964655677
