0.12266927622061173,0.1362933138231143,0.08845683669451891,0.06364344554956,0.13392071138246364,0.12637936631836932,0.07202740719718666,0.13403089473625285,0.12257874807792253
0.10193516707585415,0.09791851494256093,0.20913410222188492,0.06656930354517328,0.1193177232310828,0.11196238550392751,0.051126341487496785,0.1289811017806543,0.11305536021136527
0.1403021219383693,0.05934472511661748,0.12016345798797008,0.10170569459431132,0.1282570655170703,0.11454466818857172,0.07573010139036085,0.12773804774178535,0.13221411752494358
0.11892678839194286,0.10062519123537504,0.13599679183197722,0.07420792073153874,0.13035958968369019,0.1399870011945808,0.04452602162886842,0.13719050067205604,0.11818019462997074
0.09649943699829856,0.14083097829076718,0.18699751860254898,0.09246656600754143,0.1126889119072836,0.09061021067762554,0.07199287441072398,0.10549310262645996,0.10242040047875074
0.10462137029431656,0.2929991449587011,0.07900211742054981,0.18137552327908857,0.07602971144162395,0.06498416476822098,0.03666370908226024,0.08664894825448148,0.07767531050075735
0.09332884744310659,0.05599862242570777,0.1997143151421863,0.1576720581202682,0.10225378894908661,0.08349167070847736,0.09520976012246436,0.10624999772763465,0.10608093936106822
0.10587657568510628,0.12476951405072345,0.07996796742849967,0.15005343750762093,0.12629379262004592,0.09968637459156617,0.05353887251219704,0.11991915434795945,0.13989431125628107
0.09145903645697417,0.0554068830321044,0.09218434221998618,0.23167880714472489,0.12886753354894578,0.1170572314992534,0.07170102675630381,0.11776950815489477,0.09387563118681257
0.09388100090727756,0.2628911060174924,0.13562766549798447,0.16890369733795016,0.08763625342402699,0.0766555716852514,0.01818376124607699,0.08839596870499807,0.06782497517894186
0.11541543721516563,0.1702776660047797,0.13366662877619548,0.07364346673616062,0.11893778288240497,0.10677713276568912,0.06028441686513164,0.11626896574715091,0.10472850300732191
0.10617204806991089,0.15123565122608876,0.08273044595884098,0.11670607960274178,0.13242932463926763,0.12442508329674888,0.03313268744853465,0.1308711790996366,0.12229750065822981
0.06842426807992695,0.15649312709350385,0.06315374105354553,0.10846632641469696,0.09263248329558348,0.06111399860780028,0.2619146818513243,0.09823899972811935,0.08956237387549926
0.09518856368214022,0.16998611609152303,0.1295810060570355,0.20498675435932537,0.11134763252070845,0.07990908680033242,0.022651979070376516,0.1006650995473413,0.08568376187121718
0.1082199008235264,0.08749875409182095,0.15567783264714577,0.07094738932671132,0.13572030578416983,0.1605831753953416,0.03589928610261893,0.13519602189703017,0.11025733393163506
0.10205723518780081,0.14072683511198594,0.19298857382348203,0.12950944097185732,0.09928477513832921,0.09699981056401279,0.037285069764336896,0.10282443186980116,0.09832382756839382
0.14543084894517352,0.10022370445066663,0.08964319863483887,0.06534651424746725,0.13307215727023644,0.12476862351228431,0.06977013530282207,0.14059062622100693,0.131154191415504
0.1469879372881913,0.06502787319531979,0.0933446137092876,0.08279124250507595,0.12084341071944922,0.10799972325378387,0.1010017183956496,0.1326638107246404,0.1493396702086023
0.11407109379079251,0.0870034752466526,0.12762620675317257,0.09490625695188344,0.13496866449415448,0.11662622191866064,0.03269025678217299,0.13613885610877552,0.15596896795373516
0.08637877791719036,0.255293838511971,0.120743987915741,0.13818325965125242,0.09372914167850721,0.07822276411728651,0.056010102788985994,0.09241670362227035,0.07902142379679508
0.12242956006789531,0.024508143268809023,0.08298632593668763,0.15249536072765688,0.13452899817381092,0.10008573882368081,0.15391355221399394,0.10779156597231383,0.12126075481515164
0.07559651432791882,0.11660927798964638,0.12081496587500563,0.25884184504249635,0.09354414450706244,0.07174405955153922,0.09329866485981077,0.08893205081123351,0.08061847703528673
0.10320808510699281,0.048466655783594194,0.17466067388854434,0.10033765677961048,0.12293836582401725,0.13016847909927806,0.08568410120942205,0.12270354286380693,0.11183243944473382
0.11691501062041969,0.016889035745762632,0.16443745809571805,0.11818009360169122,0.11847013498202408,0.10789644282487247,0.09336088889858885,0.13465229683165963,0.12919863839926346
0.09822546802746607,0.0745219520034321,0.2510553859031075,0.07411390006078906,0.12836328044637887,0.11238602891871789,0.04171983059035675,0.11946437162891928,0.10014978242083243
0.11262043541958122,0.0437510703039548,0.1902597243986496,0.08398478640545505,0.12735519611613366,0.11751007337499803,0.0730651946957882,0.13372340014634718,0.1177301191390923
0.08574388790566283,0.09353203003981751,0.29680728880146107,0.12369405846073227,0.092904737067173,0.07129960040439211,0.06683035737093394,0.08940514239453412,0.07978289755529308
0.09307385304672915,0.04869681927505009,0.19590022112667294,0.15536971296756943,0.10962936079711054,0.1501470904941129,0.04009334280228294,0.11423327401671479,0.09285632547375722
0.0907085464653814,0.03520586743404396,0.07844141048766444,0.03661553471028282,0.10789203002898977,0.14027927823082442,0.31377282782060495,0.1067007065376513,0.09038379828455693
0.11838477742595847,0.08057945013057503,0.12494097193707089,0.0908701705129417,0.13715978389109187,0.15502744722014034,0.045031483057055406,0.12782340237895506,0.12018251344621124
0.10345465647696116,0.0564668265783069,0.21400472354722186,0.04790887501673877,0.1425116177037201,0.15634709944378408,0.0413606021123915,0.12464404399309748,0.11330155512777822
0.09791765957125496,0.0691891993142725,0.1910634948090223,0.10548882184101367,0.12444853244777472,0.09641071332375976,0.07263405521634021,0.12085585409943639,0.12199166937712551
0.10858113390180706,0.06250764650276247,0.15305612969638474,0.14462053128258454,0.1328446228041568,0.12037491205927216,0.04042547440899702,0.12186613543125897,0.11572341391277625
0.11354699092957761,0.07586544804413348,0.14695825936053522,0.07931041822313586,0.13022499833786116,0.12301856187409199,0.06082125693841,0.13716456346856978,0.13308950282368484
0.11739705679631539,0.049854497370934524,0.14093492754514472,0.11473250171195791,0.1515675300227761,0.15648617839998621,0.02702244149328233,0.13484893584391022,0.10715593081569257
0.07935571335073117,0.287568119150677,0.08532922523924878,0.12346855185258848,0.10573905208350905,0.08648386700652404,0.040162062535904285,0.10072394247378202,0.0911694663070353
0.10815191545017627,0.0744538529005765,0.10489034395014611,0.10098134969172216,0.14268140668630797,0.11902155165468849,0.11267209548856953,0.13163704153758224,0.10551044264023067
0.0897619080745413,0.24287836582755404,0.16547117887685167,0.046573832809432246,0.10864378379925115,0.10870674057247359,0.03370241060465423,0.11032079515263932,0.09394098428260246
0.08807427162045854,0.03932807242384778,0.17427978512398143,0.20767164308198163,0.11357152957561505,0.0712120211862325,0.0940805016868168,0.11451156704534914,0.09727060825571708
0.1202848726217464,0.12457824656883176,0.12296628431371671,0.06714969372899064,0.12063549251455725,0.11341457768151252,0.08294586172111328,0.12413323759457266,0.12389173325495885
0.11220593995054497,0.11883444778560219,0.11272746393665557,0.07584508859071178,0.1464288764669583,0.11094140616128682,0.06078856688647131,0.13851143540031688,0.12371677482145216
0.10432509369700467,0.1356267948918966,0.11976026424379761,0.08555030653244271,0.1178935593159105,0.12102900202844684,0.08918364915613491,0.12411515053362926,0.10251617960073693
0.11510946114591615,0.06117837371494353,0.12354975986424195,0.08851423878636511,0.13619182509563924,0.1298691255831995,0.07608604548908915,0.14056694476679724,0.1289342255538081
0.11648256989347415,0.045960706195833013,0.15308753852407753,0.04702544154225047,0.12755628064551905,0.21362796820895935,0.035793118337903225,0.13154261538656903,0.12892376126541413
0.11197536737941466,0.05587253739512705,0.15495595860621605,0.08635050002239543,0.1334412287453289,0.14505007254885707,0.05327160244827043,0.13639711876113328,0.12268561409325712
0.11431671267052602,0.09476902859864894,0.17977267154235424,0.08304569645928327,0.12997046223531897,0.11497543730240943,0.04456930214769763,0.12405854949083502,0.11452213955292645
0.11379881729308683,0.20710906269690563,0.13337918335069146,0.12971185368925608,0.09881244223778773,0.07121469622618594,0.061521399283363254,0.09637940258796533,0.0880731426347578
0.11492002716357953,0.03828492362139942,0.1903487483551831,0.07861531462037262,0.14183585636078436,0.13934646635950013,0.03494847113733638,0.14239618341698715,0.11930400896485728
0.10703144893418715,0.05908753467315728,0.16283397840106525,0.16195943731638593,0.11416454474095723,0.09006438479756923,0.0915043871087089,0.11394903639245811,0.09940524763551095
0.10493960654056489,0.05009330647413937,0.08883525702803101,0.1274447924367539,0.12129186068021842,0.14650192386815167,0.13946802820648946,0.11409713201800227,0.10732809274764898
0.0845280292600284,0.2599998258406769,0.07923182338316466,0.08915952991736044,0.09621090761369361,0.0814265267293519,0.1397319621749523,0.0921797483915947,0.07753164668917717
0.09793385729605453,0.28772576372216446,0.07465101417717189,0.07180354438434187,0.11272743447433324,0.1136763331844904,0.03332304658809561,0.10526373222682157,0.10289527394652642
0.12407679290489626,0.07218434135565656,0.16180070680751935,0.06167461277508457,0.1412711818920671,0.12126928935507225,0.06766049110264932,0.12914109722989572,0.1209214865771589
0.10056113076867779,0.03546159826924667,0.17176380896523355,0.11446063231386379,0.11556125386716631,0.0908974470207677,0.1646226831624533,0.10449143352213215,0.10218001211045875
0.11632988107018127,0.041328131052783074,0.15160281148970708,0.15653221543162782,0.11898842381254515,0.1397410320929451,0.05595854099687727,0.11547841728629103,0.10404054676704234
0.06980161512529558,0.07179258983923219,0.06666983344887843,0.13941699676457148,0.10430216578180541,0.07697058683621477,0.26823390303888794,0.10387851430997815,0.09893379485513609
0.12083424531015018,0.08329447159180853,0.11428291100412206,0.05103631498731337,0.1326080369045052,0.11907671081378891,0.10663105911663763,0.130164636275423,0.14207161399625107
0.11892669186714007,0.0300566016337175,0.09475011846973941,0.07296669086016387,0.14003117818230174,0.11099301131048343,0.1742893874705195,0.14230061860776586,0.11568570159816856
0.1096694477444708,0.07550705678620971,0.14525428994240674,0.1509377010894193,0.1169956226723059,0.11662100818342126,0.07047855235927414,0.1074420918740772,0.10709422934841493
0.0994475638168673,0.04371592220612681,0.15773879252464096,0.23060134447954214,0.11397244905184618,0.10905332430169852,0.02804263746960241,0.1293823404144505,0.08804562573522527
0.10945658270535802,0.11171871583872815,0.06501775894489192,0.1016437510637344,0.10116364487063116,0.07876607837373051,0.23112751038502902,0.0988462990225329,0.10225965879536399
0.0881293851575541,0.014425312530383596,0.19200400671142262,0.06012834714099478,0.10258489733139757,0.07588186163546597,0.2506742154801738,0.11357203244173057,0.102599941570877
0.0951379133245945,0.1101668841203574,0.08316401865445282,0.0933718293701391,0.10616326767552449,0.13429988219476274,0.18382371381386653,0.10418291724435491,0.08968957360194747
0.08217023478950504,0.25393943037902644,0.19529134799203116,0.11269175482778933,0.09246350940805352,0.0725527293062878,0.03856016808807775,0.08547970549221379,0.06685111971701527
0.10353984333975257,0.03288480216989561,0.18702577670760331,0.0926223984193193,0.11014917700079452,0.13894541460465162,0.10648519362283744,0.12022419812737994,0.1081231960077657
0.11138779618471817,0.0719606580145062,0.12046183930781988,0.11069867617079865,0.14139000408816096,0.12877265819547945,0.05626291968039585,0.12633140415460245,0.13273404420351842
0.11995816589935371,0.1485140497167429,0.10507266152489442,0.07485531233164104,0.14003658561376223,0.12822020712841029,0.04612260901910011,0.11963518877944858,0.11758521998664671
0.07984865363509003,0.3080742067214525,0.07845859739717288,0.0946313224270456,0.09193421749294119,0.08206912569729467,0.07449297628381947,0.09745856414641756,0.09303233619876612
0.0648018265507038,0.37822384163492817,0.05487748553484271,0.1229165935071889,0.08052756407666171,0.08105837034267589,0.04263059330574112,0.08234122198922846,0.09262250305802926
0.10253548711137768,0.3169100696135326,0.06130794009406935,0.06929023859934595,0.09454804210187367,0.08256772750917198,0.024853154786349432,0.10809037677189588,0.1398969634123834
0.0937329922738115,0.12409000637727034,0.17694560646305857,0.09811027437234236,0.10868391782679888,0.07634715951023062,0.1334589471931333,0.09496550477034334,0.09366559121301112
0.10803290152933061,0.06584808115538347,0.13198132750547342,0.13166038454637033,0.1067609508250142,0.07751958893405221,0.17767610168640321,0.10170408977342295,0.09881657404454962
0.10024714263683791,0.039503159557025026,0.13877775085818406,0.05698136142217625,0.09214112582526023,0.10931622669542869,0.2825978714592113,0.08936584129446422,0.09106952025141242
0.10668795005227195,0.05943765555284044,0.13045845023105265,0.13649279016983717,0.13691575693595656,0.14245228739963153,0.03378239841040359,0.13363362015731875,0.12013909109068732
0.09800060527665289,0.09143803290698749,0.08238325021605813,0.05743156989353774,0.12774463209605408,0.12788518909112934,0.17155340511688402,0.1164793233159565,0.12708399208673982
0.11530442866894948,0.03232965510463785,0.12842021069707468,0.09821780739517529,0.13706406854484968,0.1638729738494791,0.0662325037181279,0.13345207567018733,0.1251062763515187
0.11420758300440596,0.06892309626375204,0.14739503560557263,0.11077681581764386,0.14051884954097613,0.13366375890315949,0.03863079555897201,0.13232520949968218,0.1135588558058357
0.11332144385412517,0.054968286830361555,0.1400159855607067,0.07442737576409485,0.12688790499731867,0.12571657313007187,0.10515604816654663,0.13489850205715284,0.12460787963962168
0.10375902449540936,0.09722686993110159,0.14365617898155733,0.16036387328319743,0.10578450707615504,0.12371108861560787,0.05314514221157971,0.1167607059670136,0.0955926094383781
0.10127340598371953,0.08362316609415905,0.16511108427038554,0.12435298787743039,0.12728078203344448,0.09857720192472745,0.05559609517284438,0.13174329682194233,0.11244197982134681
0.10351371934607621,0.032557783348439444,0.15590354799225833,0.18064635862074255,0.11403576919289293,0.13676968700421757,0.05614827926084389,0.1185311074554427,0.10189374777908644
0.10209849461800957,0.05822295841076902,0.228275903571028,0.10862387817902243,0.11223067140322814,0.11086482880587256,0.053892680594899524,0.12529616884985428,0.10049441556731646
0.09713692197067982,0.21384439533426733,0.1794748754072973,0.06923495220906152,0.1086622801443476,0.11046831958727237,0.030672240350721552,0.10290938696678138,0.08759662802957109
0.07951362773467725,0.38046528748417163,0.0552462411042291,0.0735747954918635,0.10166793379865564,0.09100951917447402,0.03198243078009793,0.09122953883189673,0.09531062559993413
0.1121764137325486,0.06721398534494406,0.1433051620677975,0.15149469047260006,0.11712762243986559,0.13318026536737892,0.040824360750089356,0.12470105348722473,0.10997644633755112
0.11451863459658392,0.09954044452048794,0.12057644292190346,0.1133136038294552,0.12951839796266681,0.13607453034353756,0.04040970505380317,0.13100251997990303,0.11504572079165887
0.08884480156555923,0.12822422817503565,0.18433282962964695,0.1872084197670424,0.10063499298477552,0.07361165827385355,0.0633474572425768,0.09473024597051986,0.07906536639098995
0.08293019676783402,0.13000532227269998,0.15401548435075868,0.24979399698725233,0.09621218303610131,0.06239626690793441,0.05122549240378385,0.09350511254554843,0.07991594472808701
0.12564177568190285,0.11148307559437069,0.09493113385070971,0.09564158131263768,0.1424500213587484,0.16179982449856337,0.03253690009958445,0.12208551142235635,0.1134301761811265
0.13042493054742105,0.027909231779582225,0.16758231052158468,0.24594574680538184,0.1065820171205199,0.08512661625171351,0.02426186794641787,0.10470374639439843,0.10746353263298043
0.10270232634824746,0.09871415798021797,0.18560808523909664,0.027057846296797975,0.09188853341977744,0.10961652401929793,0.21254019218714312,0.08892880592686025,0.08294352858256121
0.10741280474017197,0.036690879653266235,0.13716686134702716,0.0708393332962617,0.1399969192763697,0.17378752262250421,0.04587787133070531,0.1675438611922918,0.1206839465414019
0.1230472562101708,0.10522455134595758,0.11367367356167252,0.05956332940910186,0.12637009827391585,0.12855205048698887,0.1061629351061486,0.1227589388845106,0.11464716672153329
0.09289297793218819,0.012001067492360839,0.13451819524071074,0.16838641743398922,0.13194401286592217,0.1780287832989862,0.041213774881393474,0.1315266369275338,0.10948813392691538
0.11083509217826744,0.08827010045590238,0.10955106407314567,0.10425681984292968,0.13779767726947603,0.14291168227950665,0.05452573178710771,0.13049815442396104,0.12135367768970338
0.07412013225528843,0.029024891512754673,0.1435242040245305,0.32038905108044863,0.10893800953255584,0.078834828649099,0.03446484270134431,0.1114960825000635,0.09920795774391511
0.08594616844913648,0.12682409055775914,0.10566052633283289,0.03905352376032184,0.10510905133609406,0.1083361806913223,0.2512090335391297,0.09582417128231409,0.08203725405108951
0.10706516521014697,0.07377211683314118,0.18842031942688142,0.049152905484560555,0.1277369438143385,0.15674106024437254,0.056608514529240685,0.12366168637361695,0.11684128808370126
0.10801184333112825,0.20500024396395847,0.13849173903759796,0.06568598284905412,0.11311074803586309,0.09353105939191474,0.04044716176889098,0.1134229003473588,0.12229832127423362
0.1576264024717979,0.16886607817171773,0.06866095827652349,0.17845716881009852,0.09929209297746937,0.07241602960785799,0.03263736049086228,0.10282723863041106,0.1192166705632617
0.10205603311406396,0.11426178654095605,0.1093507422239862,0.14975341109321896,0.12469793444215875,0.1096295120846511,0.046119687797548846,0.12715070223535777,0.11698019046805837
0.09347521136714236,0.019065186013179334,0.07192399888708668,0.2776373786463801,0.1172436869746359,0.09567917111592439,0.08692660359141176,0.11426703557279283,0.12378172783144666
0.1089647996846066,0.09735921153115416,0.18006727216699528,0.08441386732973603,0.12716968791570898,0.12519497514404065,0.03553817617838092,0.13054251852088694,0.11074949152849041
0.08815097310292054,0.08383604133340367,0.1493156464863261,0.1949821342924418,0.1217387443700458,0.105579494924649,0.04912795395039169,0.10751137085062985,0.09975764068919156
0.08266061242000139,0.05792115663178001,0.1682853757732862,0.176651489660245,0.13226605361252602,0.13437218716429322,0.015179788034557743,0.12689591139931533,0.10576742530399519
0.06509152009116956,0.2447715563017938,0.2634164806207592,0.11289222307216033,0.08332473012530793,0.06345019872895453,0.03366804566838375,0.07505826623017565,0.05832697916129518
0.11987111583211174,0.10498096560495872,0.1915465233360429,0.057522469007884415,0.11576657910649486,0.0987469616661944,0.08498762931310684,0.11535711839043557,0.11122063774277063
0.10472499861815011,0.14344440855501037,0.1436082510672136,0.1173703139513236,0.11774106513580075,0.09580381501334749,0.039542670248578514,0.11829066871637299,0.11947380869420259
0.106567698915781,0.08966979727189421,0.1247705506839399,0.14894709320206675,0.12682576231708578,0.13760160766531696,0.02598823612861362,0.12377935063067998,0.11584990318462174
0.0900740367101604,0.11041480884762596,0.10389590851826208,0.16867242447521102,0.11127150601990839,0.12785384317820647,0.10407856928542925,0.09818917117900917,0.08554973178618723
0.09332884744310659,0.05599862242570777,0.1997143151421863,0.1576720581202682,0.10225378894908661,0.08349167070847736,0.09520976012246436,0.10624999772763465,0.10608093936106822
0.09014862977872586,0.12471547620792013,0.07390008074158655,0.13816706635305287,0.1171323804470857,0.09271948044465678,0.14027047166645684,0.10722808167554278,0.11571833268497254
0.14647865991642,0.07630499887336904,0.16173033346115281,0.07309394989424196,0.13120385110187627,0.11074774506123881,0.03170419079622907,0.12640679682404546,0.14232947407142657
0.11120321780345543,0.14360091377283613,0.10829624021881334,0.061151450352864366,0.12111630769601438,0.11787665095145834,0.060894883848405766,0.1238647829597293,0.15199555239642298
0.0889544088855107,0.2536510938730319,0.11894366406528632,0.10411821447733417,0.1102960418688963,0.08636287778329836,0.038624053016602274,0.10497952687426232,0.09407011915577763
0.10308381433711918,0.052722261456566645,0.2573895760726968,0.0816426581576898,0.12505695736542916,0.08682914928050668,0.06725872660186764,0.11784647843202163,0.10817037829610253
0.09188829539249554,0.039574915522565056,0.15523090152112565,0.23861005323608478,0.10362968419133489,0.09735916807580232,0.059440356745215556,0.10981379804896746,0.10445282726640881
0.10225474194328958,0.021287052967479746,0.17107931039714128,0.15727796975107755,0.11509517471790842,0.09113965005347624,0.12047152425029097,0.11100361195898079,0.11039096396035537
0.11777893649971732,0.16617685469377272,0.16307629760949185,0.04600788358051159,0.11493935059119446,0.10173165878715294,0.06490071422672752,0.11215459147956523,0.11323371253186638
0.12010566001694382,0.079592174233664,0.14863600414152248,0.1026415071570667,0.1343720811760124,0.13237987677118448,0.035140749343272715,0.13579397389894285,0.1113379732613905
0.11437296572234168,0.11340306539791735,0.15872634912142827,0.07684280265616143,0.12496169007899594,0.12975331686118138,0.031098361997774993,0.12288421037121501,0.12795723779298393
0.12323296441450014,0.06531990527248349,0.1394303337174786,0.07442821819266487,0.13252343464853966,0.1569671944320415,0.05009323986672154,0.13571253871981473,0.12229217073575542
0.12227335525717098,0.08770006968117693,0.1295958024034037,0.06508317019410732,0.13186548669127282,0.149947054693244,0.04157150359577321,0.12381234790119917,0.14815120958265182
0.09178656445467964,0.07341750436327445,0.11130366226347305,0.18925311000086695,0.11513697480810477,0.10429060684975122,0.10048088626977165,0.11407128430866863,0.10025940668140955
0.11768402161044843,0.03884386398070765,0.18171554613969962,0.07882386635407886,0.1209534062682512,0.1146229561229173,0.11432321489134711,0.1227739142302278,0.11025921040232206
0.08622100509408483,0.17406290615535372,0.08745483022322721,0.13853686506594276,0.10940570495232167,0.11186345702811606,0.10191155478529378,0.10625109952292043,0.08429257717273947
0.12441547377034541,0.07962013033466005,0.06704352536295848,0.11342334579017806,0.1151387915531924,0.08403608178503989,0.2249882054879405,0.09857815665954976,0.09275628925613551
0.09945066770975082,0.15288275806022436,0.0866134667078489,0.16823817374418967,0.12231535785485283,0.11156017545820597,0.032766331893833274,0.11464623730084504,0.1115268312702492
0.11256531884805084,0.10251914691506274,0.18080874999951227,0.15350216502531164,0.1089194493012841,0.09777893205972055,0.05560032139392886,0.0982789136281859,0.09002700282894306
0.08100160464931805,0.14216238083491853,0.2003541667554111,0.1832554710041653,0.10067511772999987,0.07925177678887572,0.03205051294094694,0.10211095093682844,0.07913801835953611
0.09406240536389905,0.05322519910470532,0.11856546630493621,0.26667388877604836,0.11959574819605807,0.09560493285709748,0.024897934579033706,0.12028206838266424,0.10709235643555753
0.10059868977161913,0.17081403711710152,0.2176161724274952,0.055090777194989955,0.11082779904307338,0.09824010709590442,0.028790646024206373,0.11634252097153776,0.10167925035407216
0.12702373561403008,0.02056181689088506,0.06679653437760553,0.17519520808078956,0.1341017412594811,0.11718687444655533,0.10124998836065491,0.13429665880837618,0.12358744216162237
0.10846909160400031,0.12730398763783393,0.11384462829739254,0.11925753674527562,0.13938933867572828,0.11739878157854244,0.03573416658226318,0.12311322845103816,0.11548924042792556
0.12811776272752773,0.044420770496511934,0.11832392469733773,0.038443207070019116,0.14968377802126173,0.13353933301304002,0.13482193215553517,0.12540228280127996,0.12724700901748648
0.1187550385117306,0.13376893776550347,0.11374088479871253,0.05388126078635358,0.12465243457619633,0.11316694793382953,0.08740519150932606,0.12791794854971503,0.12671135556863292
0.10583767173747739,0.1687127496017253,0.07701780514780801,0.19394907430709116,0.10952787598285901,0.09793548392759965,0.020969956745424522,0.1150719356695988,0.11097744688041622
0.10249045479003481,0.047399145238090835,0.20972418538010096,0.14862167357956435,0.10690959334844212,0.09662489907186722,0.06607577969891114,0.11373510939002333,0.10841915950296521
0.12464378947631567,0.03837550429822597,0.1422288028201011,0.17625250489211933,0.1073380406868213,0.11796738222738146,0.08850622902750942,0.10902970044355269,0.09565804612797303
0.0793944333547818,0.23068169855771603,0.19379838885683695,0.16028693697847377,0.0865443600636746,0.058319864726365446,0.05093252061491851,0.07646174510889021,0.06358005173834269
0.10030456091977318,0.14168517446563897,0.09508844755824049,0.1544766392967211,0.12203939215570564,0.13164935591984694,0.03306513623729416,0.11888490538438574,0.10280638806239377
0.10572081102124382,0.08097352615492412,0.13171044015497882,0.16600915956525897,0.12605572302018564,0.11478967069807931,0.03350626730624722,0.12195744060572465,0.11927696147335742
0.10484877439505547,0.14709467263102569,0.1393814541302761,0.0775748889299984,0.12088053554065077,0.1167960858998377,0.05122497711277422,0.12113831860067288,0.12106029275970877
0.11301504967136689,0.11624351275565063,0.16632618409515074,0.06550659878445277,0.11860484048901994,0.12131635507892936,0.06885948310076202,0.12087474514445623,0.10925323088021137
0.10972700290189603,0.07500130166558439,0.12091383015657231,0.13521990841190187,0.12108515370865451,0.10525085200758694,0.10920395551612354,0.11539453921136335,0.10820345642031708
0.11443777308087306,0.03138375893093534,0.10789684185013797,0.1229938622374695,0.13445615446905226,0.1200346573014171,0.09272588122037739,0.13652302294899443,0.1395480479607429
0.10539541742489948,0.13716773772694454,0.08060416191175257,0.07696634487210934,0.09363792811120686,0.10225144026125388,0.16513146209713706,0.11094929481915418,0.1278962127755421
0.10567763815700433,0.07579840744722431,0.0821180497123004,0.07376723957409281,0.13328078325910622,0.13418431177415877,0.13420009772081287,0.1368963244030891,0.12407714795221118
0.09803179555149612,0.3075147486082728,0.06573966611420595,0.16639318616354862,0.08688094966644368,0.06889159473234892,0.02796415419048671,0.09627365020175371,0.08231025477144331
0.11714552772853143,0.10310680989818083,0.13237511440215075,0.10169760060646797,0.11491667406066251,0.10395919805271031,0.06954032149880246,0.14016632559784728,0.11709242815464638
0.16150145336517632,0.033161363933552644,0.09821136686292666,0.07613634389473846,0.1454043831514332,0.14176420298211126,0.05063935368454081,0.14495395228125904,0.14822757984426163
0.11246218610096992,0.1564082876888406,0.11821446405769459,0.12228148865670756,0.12400049603705628,0.10320689063951939,0.030472222627057597,0.11743737321475849,0.1155165909773956
0.11032915479565762,0.0972919460942014,0.15683141032499984,0.05566599278245638,0.12808495596582029,0.11398748675515118,0.08858583169893713,0.1254912168223305,0.12373200476044562
0.0937329922738115,0.12409000637727034,0.17694560646305857,0.09811027437234236,0.10868391782679888,0.07634715951023062,0.1334589471931333,0.09496550477034334,0.09366559121301112
0.12717963733513674,0.06821932175198424,0.12159474620512388,0.07658619505592962,0.14338453757091651,0.15538864047611387,0.04006790657894147,0.13340123370088308,0.13417778132497063
0.12182253207634686,0.0499633723681992,0.13047938178468305,0.14841117978907878,0.12113114075674912,0.13723083729921728,0.054313632394984636,0.13235354239165656,0.10429438113908451
0.10907596932852405,0.13005626337309437,0.17026909798722475,0.08360584702683178,0.1174113904325616,0.11001975670482649,0.03656699004090347,0.12271052793366131,0.12028415717237229
0.10312068875417045,0.07855333292599605,0.20860957554512208,0.09083332741704762,0.11101266174474816,0.1340071706970301,0.04889203484035859,0.12177014965613964,0.10320105841938727
0.09683581123601433,0.026648488648790436,0.2379528178789291,0.12638573128244895,0.10363307101925051,0.0893611312713924,0.10997106655647447,0.10593580008217131,0.10327608202452847
0.10585688388849901,0.06402709487944357,0.09513077143113713,0.11465801962586541,0.11481777202717246,0.10622999456053227,0.15954235810093229,0.11951181102047198,0.12022529446594594
0.07941370339565582,0.26159354139153296,0.15341322108404185,0.15261797603745142,0.0888070076703148,0.06091074585334249,0.032820310340019955,0.08737533747167951,0.08304815675596122
0.10829755604003587,0.029096490947933384,0.08786710041257347,0.08448841141253145,0.1424058164790384,0.1340310460254488,0.11600417833689163,0.1330651107332712,0.16474428961227583
0.08891355264340056,0.2215464932224882,0.10695050977710553,0.07281787179991776,0.10695388916307504,0.1447815431255026,0.06214004891413213,0.10897086056212775,0.08692523079225033
0.11972185869222485,0.08454989208138997,0.156760201935392,0.08055810900719579,0.13942952106632278,0.11762627474694513,0.05138665765836642,0.13625415430992413,0.11371333050223902
0.11469601798295014,0.07076765816394799,0.11670293635513923,0.10867952050706209,0.13329468654954912,0.15184210391366715,0.04390968065112233,0.14043166141121607,0.11967573446534586
0.08897030302126346,0.13288364793260066,0.18173173655807498,0.12208444830794361,0.10959429824737071,0.10488157398926744,0.037810597799291974,0.11898684316143432,0.10305655098275279
0.10464048204967617,0.2377047598843567,0.09239225644181355,0.06276329213842924,0.11479595876145506,0.09814437933643295,0.02391676825378965,0.10442963663632106,0.1612124664977256
0.09109519761647487,0.04310685670739101,0.14118012236866292,0.2251282123653203,0.11337029725829591,0.09641103956937301,0.08926508766497206,0.10391756101264889,0.09652562543686101
0.11176757391130689,0.06536505164037482,0.16513274287191385,0.11659434438160894,0.12164687479604247,0.10482419391968696,0.043712614836857684,0.1336520008229098,0.13730460281929857
0.11788912463184188,0.07343106780106275,0.11806171932597649,0.08537001434647871,0.13267052932209009,0.14871939393405664,0.05839016549159428,0.14076653319463586,0.1247014519522633
0.11459122048548993,0.10017772179915348,0.15957314402386114,0.1046977521690401,0.10801111211073279,0.1654238101801676,0.03738229218620462,0.10799053885301496,0.10215240819233544
0.12291399587491152,0.11357000684377734,0.16085746188541725,0.057505540363670234,0.12498612389214199,0.11339334906152748,0.05818057097659568,0.1267212371852157,0.12187171391674279
0.12100056250420697,0.06845831732509208,0.14213418259008528,0.11695366449443638,0.1213070116349551,0.11082288420096104,0.10496053828239978,0.10982230031806299,0.10454053864980041
0.0865248739760025,0.25720873316092735,0.14199079043421514,0.16405552267359497,0.08576964268651521,0.05937075679530305,0.06538741664995608,0.07784330012465014,0.06184896349883556
0.08472150869199772,0.038496860135461,0.2048226888185273,0.13234563436382774,0.11593038012646495,0.10170128144015574,0.08518159218094513,0.12922596478900636,0.10757408945361402
0.1082619752243268,0.12164444566976289,0.13508715343650637,0.07920615515433956,0.12791801231744646,0.146345497141642,0.04085860776113523,0.12602896189378746,0.11464919140105324
0.08798762400814879,0.0657801766374456,0.13692899567924147,0.19867898675131881,0.09901705328721577,0.09638842711390068,0.04773387367898755,0.11378410078245223,0.1537007620612891
0.10332979121159813,0.07409281692570836,0.1568883798803318,0.11882070427842871,0.13712758552474624,0.1300573107949755,0.02483208306725737,0.11988092338294269,0.13497040493401127
0.1045254792867102,0.14652642213051423,0.07501703064661279,0.09528145643930415,0.11753343947186294,0.11248914911480161,0.1045252457865441,0.11316610757191059,0.1309356695517394
0.11960522898652771,0.058159571095488895,0.1297047953392704,0.13136749712434218,0.1254018687899601,0.12234115641419042,0.06689467304700741,0.13250104779768448,0.1140241614055283
0.11828931273277192,0.06299764545505648,0.11708779877510449,0.06837146618132668,0.15685084316623826,0.17150917951410993,0.04232655777236626,0.13598351509805603,0.12658368130496997
0.10265582822210144,0.10477827538143103,0.20854627455821018,0.07521683165996584,0.11298761562248139,0.10330430758340474,0.06939825343932605,0.11574239496697337,0.10737021856610592
0.07804542960866692,0.09032637327612403,0.06224031673215575,0.2042840680245391,0.09097347053930083,0.09217865380095837,0.1913113540637786,0.09611090580713529,0.0945294281473411
0.11743560665117629,0.08917787556132005,0.09239675348413538,0.06524759553260454,0.12745979965961354,0.1598614724636844,0.06279156466816657,0.12709681296413575,0.15853251901516352
0.09899169716469582,0.07325434492345485,0.18122979463487596,0.07221572576399769,0.110672618587001,0.08615576108942789,0.1541403138477807,0.12276113795015296,0.10057860603861313
0.11353463140641756,0.06584366458603308,0.07910023722865749,0.2430661974933608,0.11457114454579807,0.11269037734895189,0.05847743700566357,0.11859663388593182,0.09411967649918575
0.11951280394283453,0.050018257538003215,0.10879763922184404,0.040431498693069716,0.11694362472938206,0.08453870743516002,0.24369909817643629,0.12203473188542352,0.11402363837784668
0.10846103554962346,0.09530202461098401,0.11505205202485819,0.16057863427789787,0.12079518496310553,0.1373909921818831,0.03467767043094636,0.1229842920114661,0.10475811394923533
0.09176499001004072,0.3536874396183424,0.05673051083234365,0.09901332418342645,0.09288542186288289,0.06817249883477049,0.03403695589843752,0.09340773258079071,0.1103011261789652
0.10346472202203892,0.034497587876192885,0.13016528160096358,0.17058331736080753,0.13074048785803097,0.15831023257581822,0.03494980213075053,0.12256898524212978,0.1147195833332676
0.11882013647433338,0.05572217810077129,0.11929759411190494,0.1409058039345417,0.12824078621575943,0.12603017269436234,0.0824628474685385,0.1303800391829171,0.09814044181687136
0.10900228923719968,0.1686751328523429,0.17140000615856532,0.12641797878614638,0.10914575380797598,0.0796233724279171,0.04280477142671885,0.09337510917494785,0.09955558612818592
0.11690985321529856,0.06057219487270851,0.11082398543783123,0.0847471874372389,0.13191945224088256,0.18041628618343342,0.06705612085587911,0.12758170534793722,0.11997321440879045
0.11923371906380753,0.075462372171279,0.17828784657220842,0.08444755533673305,0.11296350051066299,0.14803064030161925,0.0857862330360123,0.10956242160067246,0.08622571140700498
0.10900001952430165,0.05639458394891216,0.17027456216134515,0.0770348319671865,0.12369287277761028,0.13139248693977937,0.10494392951432226,0.1257998632926324,0.10146684987391026
0.11408651532964491,0.06842709046161886,0.11992270690662077,0.08108716901005722,0.14472974317654083,0.1412512744634855,0.09043668433691447,0.12642747893156614,0.11363133738355131
0.10573929456817203,0.06245345702307722,0.19282427007506128,0.07948573782286843,0.14411592406873386,0.1115241754401729,0.051481364162335674,0.13515601554164605,0.1172197612979326
0.11838477742595847,0.08057945013057503,0.12494097193707089,0.0908701705129417,0.13715978389109187,0.15502744722014034,0.045031483057055406,0.12782340237895506,0.12018251344621124
0.09061431879279695,0.15798435973989272,0.15462921600423732,0.07142260521126642,0.12155267732417806,0.1130749099058354,0.0772947346748294,0.11278004366563106,0.10064713468133275
0.116339156166277,0.03196299614754186,0.09820227620793776,0.150131472954438,0.13717957012783757,0.12204056902926053,0.08985213938014693,0.1319632211949628,0.12232859879159758
0.11365300627124302,0.10379601943634469,0.169413611355386,0.08206656022111775,0.12487730238996447,0.12701729812861984,0.038779484539185054,0.12691454790598558,0.11348216975215375
0.10934194266953541,0.05882585612212995,0.17268466369992286,0.06490314569372795,0.1279378635804526,0.12345717938348925,0.09658286311582202,0.1317077235954527,0.11455876213946725
0.10416831845902157,0.09258358153963094,0.18712494403537627,0.0847757059895909,0.1293616150500728,0.10315127030702416,0.03982718114465663,0.13900289430746873,0.12000448916715807
0.12155384437241,0.0722625600058417,0.10554594812626945,0.09307617036721871,0.13652379772301376,0.14041384602608975,0.0703004144058645,0.135441094410753,0.12488232456253916
0.10096584901918337,0.13639233811259377,0.1800879604791065,0.09206513633595942,0.11631512252373678,0.10217502422416276,0.044688701396110135,0.11537904465202553,0.11193082325712163
0.13366877721345474,0.10871718606880872,0.09414145936061784,0.06950008487040704,0.13326479088285922,0.12341871960957534,0.08850766780830778,0.13032035277585266,0.11846096141011664
0.09998209401044178,0.21706493425137208,0.08953448283970293,0.13445017205329476,0.1209565262024419,0.0913607362772793,0.030839021021171583,0.11746405496546901,0.09834797837882668
0.11776251515364781,0.09319480769242837,0.1375084143070928,0.12317989483760323,0.12271815066417535,0.09237656456894422,0.08714913394878197,0.11268437776113965,0.11342614106618654
0.10478945521354588,0.16337391108590218,0.11396596576512087,0.0955326942721139,0.12242921214482778,0.12070863884898213,0.053008536239067795,0.12274259627007537,0.10344899016036417
0.04928871116889747,0.24419433560327208,0.08139882721144635,0.21014699963944175,0.06740335401743025,0.03962320473278107,0.19618219261809658,0.06057944867132906,0.05118292633730539
0.10564064081693834,0.10545062337289159,0.0908534231118609,0.04468928042917895,0.11965484231722662,0.13967426988099418,0.17243651782616598,0.11370001021001812,0.10790039203472529
0.11375272067173203,0.06301449890309113,0.13854547703011516,0.09032623163410601,0.11727958099232122,0.13854193163935238,0.07451651679455763,0.13415002430315856,0.1298730180315659
0.11870489259750816,0.06853578604469727,0.12511015586321014,0.08620616781508127,0.1338039887248131,0.15202648780313593,0.06550902843856603,0.13322628888907578,0.11687720382391227
0.10653450427371071,0.20165235529355127,0.11322153728983754,0.09054148231897767,0.11818329041133097,0.09979548899400754,0.041056375191166054,0.11427466019383851,0.11474030603357982
0.1095781398126755,0.06884104616292634,0.07923180656941675,0.08120614130378535,0.134490031275195,0.20065224843518129,0.047787457869590155,0.13328603766450928,0.1449270909067203
0.13053609055407175,0.04805949303682583,0.10711626101427778,0.09404020165035924,0.14465120205388662,0.12020357500278185,0.02714740767686434,0.1484609827509831,0.17978478625994945
0.10704530007230079,0.09400655820551129,0.13229723355701942,0.06120904273971872,0.12120757935217845,0.10909139280363418,0.11586210479500496,0.13717728542464022,0.122103503049992
0.12217971277494415,0.06826693432364783,0.11280277165017556,0.08007372892828885,0.1463999073117787,0.13495817815741282,0.06259816781962657,0.1403447806556792,0.13237581837844634
0.09216995690395446,0.11429182660648014,0.08096749947952861,0.17910404671772065,0.09939151938276014,0.08536598764293513,0.1335274357964031,0.1100566554703017,0.10512507199991601
0.10138936831321547,0.07231225549246648,0.0958735537636719,0.17883849139361782,0.12800483431753815,0.11945767736587987,0.04892735023747202,0.1255973400944238,0.12959912902171453
0.1276776040822383,0.0680897636940397,0.12793753434762675,0.05234749766226968,0.12875236583089142,0.13195892105600462,0.08576395675066652,0.13934162507451062,0.13813073150175245
0.11923371906380753,0.075462372171279,0.17828784657220842,0.08444755533673305,0.11296350051066299,0.14803064030161925,0.0857862330360123,0.10956242160067246,0.08622571140700498
