0.22667317819430208,0.09110230986350865,0.11091687665747918,0.05532583956264545,0.09271911889742916,0.09402284207061995,0.09815403471996224,0.11116749833067396,0.11991830170337923
0.09463311869578943,0.15023657970161663,0.12560595393414567,0.05342497860433474,0.12405832185428427,0.09381206287208643,0.0716635846658286,0.1457993740024156,0.14076602566949875
0.04127411551499031,0.1263475122114537,0.1659476971159702,0.046322347115316354,0.10521303110156281,0.08914475008807726,0.14483137206529154,0.15119971647217278,0.12971945831516504
0.14011497825799343,0.17176752897724037,0.016741988010409724,0.04381716928511206,0.12369082729865848,0.13570659248361308,0.1196634721052775,0.12755229912685864,0.12094514445483666
0.07567370487207092,0.11968774064740391,0.0664868661155101,0.10434693341991559,0.13340328015583916,0.10758475466406812,0.11312971779364898,0.14427248551896132,0.13541451681258188
0.07675415926848,0.1564142055825037,0.11217261864198647,0.0847658328336456,0.1353799199782141,0.10787862195470561,0.08048839641303841,0.13428953230284965,0.11185671302457634
0.0691903103577982,0.07694312991096562,0.303390318634462,0.05480929271741606,0.12037276228427912,0.07127132687814398,0.099190297561445,0.09712151824192448,0.10771104341356545
0.07100362737922528,0.10257308353212242,0.14743677896704108,0.07350528403065391,0.1272332254132749,0.11530552402198284,0.1502917899777717,0.10656381812840332,0.1060868685495245
0.059098690851775056,0.11637012418916876,0.07508288230258942,0.07981523270247189,0.14441464490858108,0.10836080740108738,0.14531555300784607,0.14012332600170022,0.13141873863478012
0.09726302283416598,0.13649758001063617,0.05603807670584498,0.06460767537653,0.14354458262151173,0.14831930158934958,0.07199847864127072,0.14096452245278093,0.14076675976790984
0.12307895679941667,0.1153188631233933,0.08147307311024618,0.08153879171339053,0.11786625036933294,0.09614062490140547,0.06993192903767946,0.1583652158813026,0.15628629506383288
0.139091555763088,0.10695847994739015,0.0516199851025848,0.052363563505666226,0.11636011361518116,0.08912288608735996,0.19289026602736295,0.12504557908710925,0.12654757086425755
0.08804743862354625,0.17329985215555765,0.08797101828350982,0.03314410798542885,0.12398292820840855,0.07047779007212893,0.15682569767577462,0.12117371619034138,0.1450774508053039
0.0658121915568571,0.12994364376339637,0.10641050041585738,0.08058852946056505,0.1472765750750371,0.11764300702807744,0.09845903104096321,0.12178468978213529,0.13208183187711106
0.045315924637567805,0.12864697942099784,0.06629552215786626,0.0839450368728002,0.12122028213434148,0.09409818913721284,0.20542797836277837,0.1266059486806115,0.12844413859582368
0.154902789622913,0.11091258059587383,0.10724669394931517,0.04999989572360956,0.11877847422051822,0.07833789549087888,0.12400969788342882,0.11689077605810488,0.13892119645535764
0.11953940667457229,0.09417964254403298,0.15436102228246903,0.0541192032304573,0.15142091323657314,0.07672408673970835,0.1196046594098674,0.11874974713624113,0.11130131874607836
0.047230330071956816,0.15942701700403406,0.11643475330970295,0.07311346053197366,0.14086663616092773,0.08998130399934612,0.08669467028589738,0.14678313115990968,0.13946869747625168
0.05159348391453217,0.10018042310239728,0.08711007860071097,0.036373769949948086,0.09515713608566834,0.07967762324456461,0.34743514566386624,0.09814345583043262,0.10432888360787972
0.07698393826120498,0.09420089612166234,0.21821984246787055,0.07598357970542342,0.12285991973498094,0.06833566722045398,0.13183135341117727,0.10619148499013409,0.10539331808709247
0.04709156498040771,0.12275821621118714,0.05468535195525481,0.14137386528687026,0.12830963178278618,0.08355348502265762,0.11345025895562393,0.16167574350338113,0.14710188230183127
0.045481828402520706,0.09725453586597281,0.20222952725888158,0.07370698022901202,0.12225745685695492,0.08237400758644621,0.15612894775224914,0.11684252322155825,0.10372419282640433
0.1233060277109506,0.08500211365379122,0.05998406782565783,0.15448039437318675,0.10875092647602742,0.11594209265454418,0.13309869673872474,0.11236939929274814,0.10706628127436911
0.04846188817294742,0.10123101172439232,0.21038183159601834,0.10621038795826476,0.11192537424448852,0.09938330550922687,0.07796628478301844,0.11711813301254119,0.12732178299910207
0.06589791028006209,0.11035758816793804,0.08533272542067909,0.0873207177455057,0.12977681750489192,0.09583176520567077,0.1562435900384179,0.1367346721421561,0.13250421349467836
0.14239510921778317,0.11708502297715927,0.06427611306375232,0.07858998119433123,0.12181221169502143,0.10765129903053228,0.08896746387478711,0.13479848524038826,0.14442431370624495
0.07206014825898614,0.11449318718224068,0.18043093452560863,0.08252828274564951,0.13552762634465004,0.12389001285558619,0.06816457461723087,0.11322221215900852,0.1096830213110395
0.04730708664313114,0.12147664905665911,0.047055715222142545,0.23579059760506885,0.12182018964863241,0.06773366812248381,0.07167781934654005,0.15323628506721215,0.13390198928813002
0.07599555801489709,0.11727453261492837,0.0678900202620086,0.13168847029755062,0.14698114509063398,0.09334738425620287,0.10413558867663765,0.12970557215890197,0.1329817286282388
0.054898579734188546,0.13622630869058852,0.06249231214966424,0.057110748084463814,0.116852397109685,0.10630721760634931,0.213416413564633,0.12066204779419361,0.13203397526623392
0.0617288138655509,0.09752851895115466,0.0962997505673862,0.1428358769263822,0.13249581941051145,0.09283843488339592,0.10440311920582103,0.13972385823234076,0.1321458079574568
0.05706363647957277,0.12845308830944666,0.07514187745752265,0.10129633176246466,0.1587596273239887,0.099614577725466,0.08790128159175808,0.14994404345834256,0.14182553589143798
0.059878546559268525,0.08661120917106542,0.16691854215959387,0.06939812444580977,0.11014723573730197,0.1193220187777323,0.13815410406512227,0.1307130209150069,0.11885719816909901
0.17147288883737064,0.09025750935236014,0.13265987419682693,0.04426231127674842,0.09244657913516084,0.15259997313283527,0.10741474593216838,0.09685770939287375,0.11202840874365572
0.06642989232614073,0.13284754487236886,0.037418938848852966,0.04787925858062097,0.12166052820101143,0.11880393280167269,0.22391098157876077,0.1227590110573844,0.12828991173318718
0.08253043258755517,0.10065237738206016,0.07853030879372734,0.0888577108159972,0.12155605940451293,0.11975365857392568,0.16688788279561484,0.1225021343656894,0.11872943528091735
0.10251051550950463,0.09840072532111542,0.03988507530780184,0.07804447242561138,0.12944871907305822,0.09189221228710694,0.22848859826314194,0.12349482617838069,0.10783485563427887
0.10237342837901985,0.14256829010567384,0.06539346759316002,0.06232740762827033,0.12814506525744396,0.11457132239077766,0.10542275770770354,0.13854793576644978,0.14065032517150106
0.08733278843446968,0.11992099479153302,0.11194116472961806,0.06155637569845576,0.14118374868441647,0.09252345914451747,0.1117145897937716,0.14540232306091858,0.1284245556622994
0.15907719748417556,0.11428263553455735,0.059578823886252734,0.08173683042501902,0.11771482735036332,0.11226450065926151,0.07965482858473201,0.1465652118844898,0.1291251441911487
0.1008685201182102,0.11803258015143364,0.07427667420498286,0.0646738171227702,0.1495102347472064,0.11963250838500057,0.09726186195242031,0.14166883331408095,0.13407497000389498
0.06427594474642388,0.12211191785083327,0.11890274715330952,0.08550018311709418,0.15377657103115053,0.09133447683424693,0.10056983965173298,0.1279996459721701,0.13552867364303864
0.04832813264224147,0.09218097852318609,0.19674696395143135,0.05398901977071773,0.13120850330992198,0.0731143606550592,0.14622450221423886,0.1366080462334932,0.12159949269971022
0.048272300444839204,0.12691344303035057,0.09251462402391096,0.07426010116189503,0.14281143119858752,0.0975533427799703,0.1497885275774119,0.13631209772563457,0.1315741320573999
0.08464510675210997,0.11242250547316392,0.0783921455709685,0.059672249481078986,0.1381957841367503,0.11998566130647281,0.15509931093001378,0.12954261350810367,0.12204462284133803
0.21591888207170049,0.15796187910501253,0.09538191234714422,0.034345589847400236,0.123415115058292,0.1158778253381353,0.05805427475254468,0.12029490208117977,0.07874961939859079
0.04105977603887658,0.08312068481286859,0.290887712865824,0.048065714162742385,0.09793794229314012,0.1170104975651276,0.1557181290524065,0.0823977327530386,0.08380181045597564
0.3199400393552369,0.08610062630514803,0.09148245631096562,0.03467837975691234,0.09279472520025343,0.06644631535413424,0.0876398447237748,0.10132109576275894,0.11959651723081564
0.12238518399678155,0.1119731634449107,0.07862735017307804,0.12125085262323326,0.1150284057345885,0.10729075625129351,0.08467195102497681,0.12775770495985922,0.13101463179127834
0.07107161522237242,0.11463341047444671,0.21014942098243608,0.04665346768135148,0.11400299566693611,0.13107285293263313,0.07289329101832474,0.1215758331678604,0.11794711285363892
0.2334615914717052,0.07567440033015661,0.1907094558692736,0.04124141277386554,0.08921267056027736,0.10152970631209036,0.08938710761879809,0.08459539477944557,0.09418826028438766
0.17975430592623906,0.1112127824097477,0.02290876080688897,0.07910179829253554,0.0937199746856613,0.08161099780120858,0.1969569914976115,0.1202264774690275,0.11450791111107989
0.07652092476201779,0.12833248970007172,0.08420385592731848,0.07417421338016904,0.13828538085660752,0.08604270603040505,0.14171658222616215,0.1444266828913745,0.12629716422587375
0.09761933874646427,0.1032447585914205,0.09612912653331855,0.03041832918615113,0.12782031114524006,0.1535091759626306,0.10703670622254417,0.15483591095931779,0.1293863426529129
0.05184247104812125,0.10947232400608724,0.11074763109620907,0.10450143159366095,0.14176246411555374,0.08246223204017607,0.1374844464118691,0.12236485974751898,0.13936213994080354
0.11334393014436539,0.09676241940664876,0.16820709212349458,0.08438161071199501,0.12170521745729383,0.074104036676201,0.12003153677019364,0.11357614176530363,0.10788801494450413
0.04526982039136951,0.10703408212576697,0.14411476128040845,0.05768139775489791,0.12456199080890229,0.07445680396251113,0.1730168509785449,0.14871987623083335,0.1251444164667654
0.05820179882855193,0.10750436149418152,0.1184039148834858,0.12156012391035352,0.13846832530667533,0.07730977318118142,0.08572554177374075,0.15587831156071533,0.13694784906111435
0.08086673948131014,0.11019158639567594,0.1542092823924385,0.11308585373366543,0.112671440500786,0.08918027821359675,0.09178418174600882,0.12218561556902363,0.12582502196749476
0.20356705428549074,0.13749864418200264,0.053012170436294935,0.02711228318248456,0.1252909806112902,0.09617752292776051,0.11001726395595694,0.12695921606559415,0.12036486435312525
0.03264271958584667,0.09301687987227723,0.05492235336374588,0.03988972293845063,0.09169384867695395,0.06357488810915089,0.3931637076076619,0.11420726662230905,0.11688861322360368
0.054898579734188546,0.13622630869058852,0.06249231214966424,0.057110748084463814,0.116852397109685,0.10630721760634931,0.213416413564633,0.12066204779419361,0.13203397526623392
0.11908605949696438,0.12261016311308555,0.13565846669851997,0.029024549381443953,0.13286389746426083,0.0947740402498355,0.06631637143826125,0.16592787029088832,0.13373858186674026
0.0830219599543942,0.08084553873070031,0.32058164988479465,0.06052282271743684,0.09263280978376498,0.06892743971141506,0.0873630742681399,0.10467464416623819,0.10143006078311584
0.18869238705268868,0.08341068824333481,0.15978489858958536,0.10332114958320288,0.10343404489392127,0.07782569011545853,0.09049267656290104,0.09066740295692166,0.10237106200198576
0.1277355830187306,0.10587659576364149,0.06354126091962084,0.1563757990002659,0.10569651396969625,0.08894767196761277,0.10163496725799208,0.12430689023089496,0.12588471787154512
0.037630654588458996,0.11021962095302333,0.12794667229260598,0.058574421993217995,0.1284350460924453,0.11771602226613642,0.16899714640273947,0.12250202146910429,0.1279783939422682
0.053907354978859144,0.11730025039282697,0.1573409349519783,0.10561543288761349,0.13421697779392028,0.08229876600511164,0.0948564036566006,0.12517162708925111,0.12929225224383847
0.08311653363111483,0.0934415647542071,0.22301169554681297,0.06346108978997796,0.1367890546297512,0.0791628887723957,0.07662416028053169,0.1251504533896417,0.11924255920556692
0.053172270571225366,0.11442301716326843,0.09612765039071657,0.08994776500190473,0.15132651498492822,0.0884737417745876,0.10057943906877682,0.1518310977118221,0.15411850333277022
0.08476213759520519,0.16721398671888846,0.06037948470823213,0.07508859018649067,0.13202334616379868,0.09248673215708686,0.10833392675577613,0.14562560991987125,0.1340861857946505
0.06308851540967096,0.10819399590158967,0.10701640588757903,0.11611131666495782,0.13112499456776996,0.08481504603860941,0.13870109571320874,0.13358504961166423,0.1173635802049502
0.049800010079169364,0.12588276989295596,0.06546949438630335,0.12314937415753968,0.14367601536168675,0.16527820907305818,0.06541864755284614,0.13240190865340462,0.128923570843036
0.039627346624008894,0.1385542833779979,0.19048321400612056,0.056797713842854904,0.1271927244086698,0.08777905626534672,0.13601263867936944,0.10687957217361858,0.11667345062201319
0.061928039144262946,0.10602614896659768,0.10644592848660532,0.061798180407711796,0.1326048560794289,0.12734069179091775,0.1499825346768102,0.12525603361501592,0.1286175868326495
0.13427550770944943,0.13813146925336073,0.03067474865672209,0.07323943595553371,0.13794269678410723,0.1111895609739012,0.0990014079876511,0.15274990943125344,0.12279526324802104
0.2594679133022131,0.08677121321336788,0.048446022934777073,0.05778466077962512,0.08243909618297547,0.1567251786433527,0.11206125725435805,0.0933136209127516,0.10299103677657895
0.04822338504816773,0.10714600419741337,0.18775122884001125,0.10120545799015397,0.12420014952217695,0.0700787519471549,0.12239933756450165,0.12139040226601354,0.11760528262440677
0.06326512878993301,0.10254072914916335,0.13031510610866218,0.07243421079118524,0.11518817565507115,0.17420884571013517,0.12392991861699705,0.10342097871438105,0.11469690646447188
0.16064944612932933,0.14516461481634252,0.10226717031527009,0.02830843564369684,0.10196312534769936,0.05096435290496917,0.18429434879296133,0.11436063957370368,0.11202786647602765
0.05613361495228861,0.12960189747914838,0.07114474392351956,0.07445679063551319,0.12566542904541686,0.06868697110294254,0.20019303424972876,0.14233578245984613,0.13178173615159602
0.07080957170571107,0.12242790560244926,0.07228803639872206,0.07093380198399203,0.13648906687176643,0.07755903542681074,0.17125784404925323,0.13906418422327962,0.13917055373801554
0.13174098616089946,0.12458394582426224,0.11533099397341069,0.08843673746142176,0.13237298117858057,0.11647364699976691,0.07733494321078692,0.10269598628282871,0.11102977890804282
0.08392656371665815,0.09523052335020811,0.18505794884605184,0.07867584256210301,0.1375863081701579,0.08428858999364343,0.10788789937777303,0.1132269794146905,0.11411934456871393
0.11204684076625532,0.09388984993602621,0.1077246343706143,0.044477117528496785,0.13087423092498926,0.0844762018615987,0.10809160837783227,0.18183524085009461,0.13658427538409249
0.06551942920097241,0.10128351734427234,0.22879531610884118,0.09334441352661592,0.12088756677876189,0.07998544236887739,0.07959768526903899,0.1163605145576312,0.11422611484498872
0.125719857860908,0.11929367429410535,0.05977004763163598,0.05955634508149932,0.10809344154525456,0.12525373387145602,0.09638427682472306,0.1456659200097925,0.1602627028806252
0.05924573147082327,0.14076095206933617,0.09423267823828617,0.08880224466670754,0.1399452741850243,0.100133485657502,0.1047793437238696,0.13821889305761312,0.13388139693083786
0.17156803675861312,0.10613579738911923,0.07037168721770433,0.010156173612395744,0.08903766732814049,0.07986893922885356,0.26155351301028557,0.11115423127678044,0.10015395417810757
0.06786971397127473,0.1142313109248616,0.04392267632229959,0.05863573916078854,0.13560263709162937,0.11162922398135071,0.2136475415912762,0.136776735686299,0.11768442127022033
0.16240996792821707,0.10694985090574875,0.09001591576907897,0.04496527397420375,0.13922444552433993,0.07535596184497888,0.12256495998413952,0.12714185064764677,0.13137177342164627
0.06779665773775177,0.11857805420300067,0.10769260477663399,0.08655481703229868,0.1395465614835212,0.08962744955005447,0.10124202397867509,0.14901475663067038,0.13994707460739378
0.09540659781693632,0.10624541026047991,0.040483000605467466,0.06466327478728491,0.13323029519406374,0.08395432777953588,0.2054773740752566,0.14498424813797753,0.12555547134299766
0.04722510159099985,0.11700491837284488,0.08299470463778748,0.19293608434975815,0.10951163594203367,0.07830506032622574,0.08911334584748709,0.13608442416766486,0.14682472476519828
0.05299771555341299,0.11797060746960829,0.09572902545709194,0.12509764583340538,0.1366964237429975,0.08345465331014884,0.12353489156809268,0.1337780014198844,0.13074103564535797
0.10448981971091949,0.09964294751733759,0.1280102426408755,0.04249121186337074,0.10480577864069769,0.06663613380024525,0.19564085063972367,0.13572470472078713,0.12255831046604308
0.04557832032280623,0.14155001473973855,0.09248521827683426,0.08543351385247457,0.14105534075552853,0.09077042353549743,0.10774118450087632,0.15175444333548335,0.1436315406807608
0.28562840348160906,0.10737389523514616,0.044457853976324374,0.059435480641792764,0.0977223612542738,0.07265658498350923,0.12592726052286543,0.11662904714046156,0.09016911276401761
0.11131459794548974,0.10541397754456272,0.04162858648955226,0.08048816504369112,0.1163216592658398,0.1745949525604156,0.12608610212217627,0.11975363893330095,0.12439832009497154
0.08158695788283178,0.14433226503857655,0.027112918045169663,0.08705100393049059,0.1382530053995451,0.13277718887938086,0.11609285949012986,0.13486985682364702,0.1379239445102286
0.16542400802977947,0.09679570822565188,0.1402454430084555,0.022267021031313134,0.09936031129915712,0.07114564763327086,0.19051803977268375,0.10783670160071956,0.10640711939896876
0.08873942492066994,0.13051115842188538,0.15464918467146124,0.04580516453189893,0.15142762427757575,0.0782973630526087,0.07169107385475494,0.13771555490545592,0.14116345136368932
0.09456008105318618,0.13378344124050714,0.06316264385857301,0.04303673478279452,0.14467497368300197,0.11998643214928556,0.13324399231316078,0.13774035127634535,0.12981134964314547
0.1546447031267952,0.10387287335261523,0.17438874638820542,0.08117678088098872,0.10920833631667026,0.06268442205632457,0.0918618459152709,0.11581379740719198,0.10634849455593771
0.12164043034195869,0.1488976620734764,0.013285813633788246,0.025153860878820045,0.10661353578517858,0.16742489815058673,0.1357191222421457,0.16749961959993268,0.11376505729411295
0.1398796912832407,0.12052000328494762,0.09623044526636708,0.03756545673940004,0.11860871423424336,0.08345969749014458,0.13717402457446004,0.13076915256184768,0.13579281456534886
0.03863686932485299,0.15798534692536167,0.07391884955255086,0.10266495816187,0.12334644913565189,0.06647772766788378,0.1610974910534633,0.14470419422750672,0.1311681139508588
0.07332703384721925,0.11248412669586812,0.15492237464712988,0.05272626837442527,0.1278698005321247,0.07727104442861067,0.12904743069042568,0.13649519738165625,0.1358567234025401
0.10259321603259249,0.14635802071804896,0.1339148170004356,0.07940127900325114,0.13458428757597135,0.06816699906144201,0.07106715700865791,0.134452406770567,0.12946181682903357
0.06401176325257078,0.13559731326978494,0.11458916584107291,0.1315348128643667,0.12349206884665244,0.06760657573107764,0.10489749809717545,0.12563261280556162,0.1326381892917375
0.03645835512638737,0.07495035571590773,0.23631612332636678,0.05243452266369817,0.09018909376875932,0.06579207194059336,0.2754384081806735,0.08228194384849244,0.08613912542912133
0.08005630982223665,0.11169321229966726,0.069487810578395,0.07043791564396358,0.13764963923354592,0.13250579280712357,0.08672409610642927,0.1483958829674927,0.16304934054114603
0.04203778031508886,0.1473699392971,0.0536578440656738,0.05887097912364992,0.13399650561280743,0.09960503591085712,0.1799587912390188,0.15731934344744378,0.12718378098836028
0.05176977733264846,0.13956599702033615,0.09441807301108789,0.041105200247139755,0.10044083268206823,0.18898157792023454,0.18509018900749083,0.10094425279166673,0.09768409998732737
0.05007832438878942,0.1268631902769155,0.09771020193197995,0.09739734100207298,0.13695529532883297,0.11030987651998496,0.08857339108868478,0.14149248381402793,0.15061989564871162
0.10666792076551386,0.1016806719579985,0.12191398254288348,0.061513378186740665,0.10153739735574631,0.1710075171931126,0.09307609280497531,0.12237492595627303,0.12022811323675624
0.03863686932485299,0.15798534692536167,0.07391884955255086,0.10266495816187,0.12334644913565189,0.06647772766788378,0.1610974910534633,0.14470419422750672,0.1311681139508588
0.11260700442635424,0.1029986890103695,0.09661927861167767,0.06478930324910824,0.1348980293611877,0.07543123319330028,0.15402758167553607,0.1394794394334432,0.11914944103902313
0.04919465298082434,0.11926597530914272,0.2437358605059262,0.0666119856020106,0.11994711621879871,0.07425269312016396,0.07849097604803135,0.13369669514832178,0.11480404506678038
0.03948273534489962,0.12222642710683433,0.13435186598585339,0.1543686372436651,0.09269055885141199,0.08687553330460253,0.09687329936736178,0.1496617383506297,0.12346920444474159
0.06644420064912751,0.10877711343712947,0.09127061555742007,0.17468245907801727,0.13155771962345827,0.09188205001620742,0.06858831521358988,0.13585578033466864,0.13094174609038148
0.0765420583410119,0.09197513201903103,0.23401884837915024,0.0606995751039594,0.12699329028712317,0.08140299815562253,0.07928098307653217,0.13176948861116514,0.11731762602640446
0.05603634393082046,0.10070424857872111,0.14902055558809746,0.06455722212712384,0.13483955434748351,0.09254300803406514,0.1394764142215473,0.13618141553403953,0.12664123763810167
0.17528197174730006,0.12400341731368873,0.2002792848049486,0.04782811521544883,0.12311037424405342,0.08398871637669077,0.047947768219316254,0.10626693971164745,0.09129341236690586
0.05828703571619507,0.12176850229760555,0.14087132147636164,0.0478430075783424,0.14351525465796358,0.11117430519741274,0.10073289801678309,0.13647243364995518,0.13933524140938067
0.06667598778011737,0.09377722010644877,0.11834186719083746,0.13637135726415414,0.11627338423992421,0.09222479207219719,0.14414167071290038,0.11653867393043683,0.11565504670298372
0.1829323992129203,0.06229901572498659,0.31139735223405274,0.05602050706351128,0.11300705165059217,0.042678193752229136,0.06174717959574433,0.0834440169110975,0.08647428385486595
0.0670645801351742,0.14110724805158195,0.06508572395877774,0.09874089318802959,0.14245976113630446,0.08042965916446698,0.10718793246152299,0.15868705974528452,0.1392371421588576
0.05451588004498633,0.12691411168684405,0.09540212854481771,0.0921398981645396,0.1417064645344037,0.08211264368925865,0.11687075831404847,0.14870616306755793,0.1416319519535436
0.07348861390847265,0.08444993839835681,0.13874817655115826,0.052590257325332575,0.10995259495993799,0.25558333187908205,0.06495583052101414,0.11593527459336779,0.1042959818632777
0.053941390746232686,0.07646480668982249,0.25790347523389684,0.07090270528748403,0.11001123599268316,0.05397159683888614,0.14203217562027662,0.12542962154984252,0.10934299204087546
0.047490532199198,0.14048641947326732,0.08068047377511063,0.11105716978294246,0.13756140927091443,0.08953926433185448,0.11056878228480438,0.14220017956247966,0.1404157693194287
0.06156932466537888,0.14946423766839723,0.09263601253779347,0.04797390221957803,0.12889408990716947,0.11535264022341692,0.15076861834409827,0.12505694464268968,0.12828422979147794
0.09391187947533047,0.1433110543284121,0.14432758024185402,0.1132546176269129,0.11307340085325486,0.08533315706210899,0.07567546823433137,0.11579287594781966,0.1153199662299756
0.12497123418204374,0.11431719102911808,0.10758291794850737,0.07201314501022509,0.13365538039750344,0.08773526854466564,0.05447839301112729,0.16830256873293484,0.13694390114387453
0.09935660857929911,0.10196798678913921,0.07579833013286837,0.11208548343162598,0.12086119501519188,0.09615370841837305,0.10671244599333307,0.14494948614215206,0.14211475549801722
0.050474841516000755,0.10070352593912028,0.20504891486169521,0.09042334213142295,0.13435995523021096,0.07821754487106826,0.08209900671081312,0.12858084885501106,0.13009201988465746
