0.1764674332103029,0.049559851460601094,0.15428770209046827,0.09745602090024556,0.23688695357891262,0.1370343114126712,0.06268466834152821,0.029218033127741905,0.05640502587752826
0.06909212135574416,0.05727611512737998,0.22537764812004082,0.2625132867939752,0.08611644589953309,0.049618683156119885,0.044164943880409806,0.03794434897462599,0.16789640669217107
0.05503362090455947,0.4002784338713192,0.08598446465491973,0.03143014538200217,0.07514947148763755,0.04668002812704061,0.09298570613993361,0.1379437518717919,0.07451437756079587
0.011195534215154972,0.03298862355080279,0.43825175062187666,0.014353385026166425,0.15189456869658455,0.05760839650228128,0.18277165043360544,0.05000258199527069,0.06093350895825711
0.5195228710798453,0.09714300112719958,0.054099123858015206,0.0835156614344831,0.02047683810042154,0.08663747622513313,0.0718313394277857,0.021336725857717245,0.045436962889399225
0.043729031353780055,0.020787756299327238,0.056170315082191426,0.026745672081683408,0.0964647831214422,0.02925818540062453,0.23766296889770513,0.20002801778887805,0.2891532699743679
0.16736348575634283,0.2532295088153984,0.07358695660811472,0.021142589636293608,0.057733299288911265,0.025605293469327783,0.08854117415004974,0.289503636172547,0.023294056103014715
0.04622866882956425,0.527641764476081,0.06381209284378053,0.025397869400044657,0.16375882424275914,0.02556766829589598,0.03433331049052222,0.06752449705932591,0.045735304362026184
0.4537579864163144,0.17329081739015675,0.08256608674560471,0.04618793053224505,0.06020584969812783,0.014848812094094296,0.04271804064236856,0.06047208494622517,0.06595239153486326
0.07140854368941345,0.6704486410369038,0.04084400949726417,0.025334784692944062,0.07911785862735661,0.03059614636029467,0.029745789555409224,0.01819786353047968,0.0343063630099344
0.053592073587552136,0.05932175067499617,0.12478528488259033,0.0580888918647827,0.1903254941490533,0.028928023010267437,0.09258002411895551,0.31474935288109235,0.07762910483070999
0.2158068171667693,0.04710580802082165,0.11058916499114808,0.056242045955891724,0.20978751863607223,0.26529804801333157,0.04606674117005848,0.026684525495579356,0.022419330550327687
0.08502799348938389,0.04776845492118229,0.18012944574258108,0.052415814500577855,0.08398816068308423,0.24922956191350631,0.10076644860837358,0.05374567874863382,0.146928441392677
0.6657935832481461,0.044347593987230705,0.0609508522757144,0.08483504272711019,0.022637503965558563,0.01754812687929717,0.033112986187758243,0.023106688823644944,0.04766762190553973
0.005179645586961198,0.03050693367227007,0.4649194587443812,0.018962457085381867,0.151248394329429,0.035101471389410395,0.20867518687947753,0.01949799438574937,0.06590845792693951
0.3535701429458678,0.04514478222296814,0.07581435174170346,0.043662239347716625,0.23508702457801064,0.09033704663478713,0.04659012405644677,0.052985890495170884,0.05680839797732861
0.36756426777406564,0.023699135998532184,0.068354592277891,0.01776889494124229,0.1774303377652391,0.1427150450872071,0.12036683855353514,0.0540898439444684,0.028011043657819062
0.027871224378014366,0.018760444301331655,0.11903819543456644,0.14144869112472339,0.03465690754581943,0.435384902340644,0.10564821833791503,0.02334818309453725,0.09384323344244845
0.01429400208230997,0.7225410582616146,0.03547744586727499,0.03236910577341196,0.07327958215887716,0.02272256105125862,0.023051795669077335,0.03206532021771379,0.044199128918461526
0.06317521007143674,0.19768695131288525,0.10867443255280475,0.021031374022904354,0.3520975790319783,0.17073823673843588,0.054564285111214715,0.014039630096837676,0.017992301061502545
0.03603394130131308,0.059455380773357956,0.14515691639291856,0.026586575391362142,0.36429204470695936,0.026179841207646225,0.08610313308604618,0.10622158397389038,0.14997058316650605
0.04432000489994512,0.03408870059158278,0.11282022590833696,0.05574256292689669,0.1355642455195202,0.49605468708183204,0.04730888994729251,0.04301613164594396,0.031084551478649813
0.010227094022342224,0.029110110233281236,0.05109766175165457,0.030277178084437556,0.007274812691455565,0.012614865588626817,0.3361255196045412,0.039088766142778134,0.48418399188088274
0.21143866111230783,0.057664724123035034,0.18358382453172828,0.04148973345869822,0.059766079934564544,0.031173898034054955,0.17982849776844126,0.12552751622946548,0.10952706480770442
0.1033065949431453,0.08295350428268876,0.23680241710119496,0.040015080417836524,0.2611068035685785,0.051834260469138915,0.13363927701148406,0.05063313916785495,0.0397089230380781
0.11505109324583081,0.08500507356423381,0.1482466678416201,0.14375565616614214,0.14049919406626898,0.19971966976016983,0.061493481320090616,0.031024968870430988,0.07520419516521275
0.025342187141948785,0.07901713282303553,0.13374331165757677,0.024025600509962802,0.48928280289125087,0.05506512351898771,0.05475418690772179,0.11399803823316028,0.024771616316355532
0.13268329331953788,0.14035639001921396,0.119736167136125,0.029827806044693206,0.2989497787043578,0.04899644194604396,0.11383803038316602,0.05124591606690735,0.0643661763799548
0.10642921206800109,0.5218946237485568,0.042767742591524376,0.019516042033737396,0.03431575014765017,0.01365714433345005,0.05712989493124312,0.1800084716646709,0.024281118481166142
0.24088329814963336,0.06341202188163887,0.15341343411208205,0.05879430595686943,0.07261019783121175,0.027952975353885495,0.08720054603514733,0.20116103536816607,0.09457218531136563
0.021871754452207095,0.0943421255656111,0.14234333768313015,0.02040300825866717,0.07816376442704283,0.03958810747356476,0.4565312934347336,0.09384884966794681,0.05290775903709651
0.01576244058399116,0.062105638591031714,0.06823251708802287,0.0649996587535938,0.39575853081200957,0.1595055461787048,0.0564791267666059,0.15289271196693272,0.024263829259107337
0.013440761410954101,0.05640494011526461,0.14751062566156622,0.016158091615606395,0.08810269032311956,0.031146472950444534,0.3725629556074588,0.22475501279915613,0.04991844951642969
0.06381099117608048,0.14939440787706562,0.09604095593408078,0.04906568696068592,0.19828723908288878,0.02887931033493846,0.1855314207167862,0.19936422029343026,0.02962576762404358
0.09343349117089723,0.07825966526593517,0.07948954230429948,0.0244283715910385,0.03531380873157051,0.03151078950016201,0.17419233123465894,0.3267659134239365,0.15660608677750162
0.14524190500671605,0.04151255216569353,0.13240692762637674,0.034397310836395446,0.3272491056784291,0.04247978427336326,0.11826397033958565,0.12020477879854252,0.03824366527489769
0.0319706561182539,0.047723319264792896,0.1359995704466729,0.15452719608344337,0.06964268101690065,0.3633357746297177,0.0577297159922524,0.07115018937836508,0.06792089706960104
0.06521255035629264,0.566357720812177,0.04407880000394465,0.031300400999355875,0.0813220621761037,0.03325601060176741,0.03350657458980102,0.07537107177733907,0.06959480868321875
