0.06398844544609879,0.08440697885374894,0.037239896781870514,0.010111160366514627,0.04946710457602115,0.38683317288898705,0.030521790552630684,0.06532517793015442,0.27210627260397396
0.04727188274562293,0.07555508550012954,0.03654490363067317,0.02364091433975556,0.055486539005584284,0.25530980598880487,0.08026200517959016,0.28560814378519955,0.14032071982463995
0.2588141412865427,0.18764761102683492,0.055586152158222324,0.03829939191254602,0.14355456887083762,0.0909756211741939,0.0970558452291921,0.08447152546089698,0.043595142880733434
0.02648038986290721,0.3494790172628241,0.044845829120346514,0.05149118380628379,0.08192326422753494,0.05720148766290428,0.29601221131551775,0.05751366292215731,0.03505295381952402
0.04937906472172454,0.35063512991779816,0.08694963097305249,0.08304529906032632,0.10908413251316311,0.06422786177990415,0.052776736888278004,0.1298755666314946,0.07402657751425858
0.04511284821335345,0.11216375967819064,0.05450337500187114,0.10991527099060476,0.021423520223654024,0.47449177638572876,0.08287971485162242,0.07602556239217201,0.02348417226280286
0.008014144983140022,0.1951756649642847,0.09638378441349056,0.17768662782859068,0.2762062049007525,0.0174609385500725,0.03923338804052257,0.14669069404504484,0.04314855227410169
0.45139451212579207,0.22411645520989235,0.02376168179586841,0.023282902551859486,0.06316016810258533,0.008532777009380302,0.137239454959204,0.014175517439700658,0.054336530805717355
0.04641541888357223,0.07169225177442147,0.0581913065254596,0.14951986059296052,0.04057895892929426,0.14245793276286725,0.09456638449009908,0.04110010496478441,0.3554777810765411
0.2337922162341778,0.19850755210163196,0.027630160117063512,0.3015149599625424,0.09461758710471635,0.032409004019475725,0.041419958601578585,0.042867699730256774,0.02724086212855688
0.1566089722981635,0.25837101241280397,0.05983379978989666,0.10493168998196208,0.057737718523266944,0.07258632469474575,0.12996795065078406,0.1208988276350677,0.03906370401330929
0.07104953202467083,0.37726539500118283,0.05147670350321245,0.09020041360460927,0.07970169805650108,0.07205505533526073,0.1478877377796558,0.015551361946823702,0.09481210274808326
0.10273406046007216,0.2017278046173628,0.057542627236638055,0.2823641104108839,0.08106366036415408,0.07436116292841417,0.07777002795243065,0.07220242099209791,0.05023412503794624
0.32940903079920214,0.20299194325251932,0.05294962190261465,0.019885636515995894,0.052624193858622915,0.053461691435520896,0.11105192494975315,0.017690694810306162,0.15993526247546494
0.05066616233190965,0.13851696048170684,0.04420361174284698,0.06223540948822671,0.05469676177906316,0.044604241823128075,0.04566406527763912,0.4995466762790568,0.05986611079642264
0.21890137797976095,0.12666205604745298,0.060321838310770926,0.10278354670703159,0.11805546687221692,0.0698837669295082,0.12808735054280568,0.11499962608545444,0.060304970524998246
0.07492463715482962,0.11598800487548362,0.06417066785893312,0.12458493289019629,0.1320991260291871,0.08144821291205294,0.30038181389073054,0.059204527099725866,0.04719807728886093
0.0354149061628991,0.15396602854167799,0.03553387817689376,0.34856449547537466,0.06717226461238633,0.019667322582770954,0.24840086491598323,0.04732543421051801,0.04395480532149602
0.024947728133032438,0.2281980219855236,0.09189690131989159,0.1379099516251673,0.18434561997995513,0.05849049362268813,0.04697458227221582,0.18257075631791672,0.044665944743609264
0.06999523791277647,0.04658762206734888,0.5366046662996832,0.03670388633984995,0.08132989357572896,0.04483776703764127,0.023984750403444,0.1037798960671299,0.056176280296397436
0.009076736206895105,0.08479675220736817,0.02551174051972299,0.24719228144585692,0.3840681620827375,0.010592258420627084,0.19558487711123784,0.013904362296310127,0.029272829709244327
0.09141556972974375,0.08371291388564772,0.06909064523531339,0.08110027869556112,0.0670281901213438,0.12434398844423307,0.1147617402830425,0.12530096171737473,0.24324571188774005
0.04247058168436773,0.1018469800632174,0.31685779062448494,0.09454365917590253,0.11276334024860324,0.07902392291746446,0.16078110605860607,0.02679764336982306,0.06491497585753049
0.017998285355397586,0.02279971039936024,0.04546401123990357,0.19987822621840792,0.058902992307209974,0.08482476238747509,0.13156948887614814,0.03844738686073639,0.40011513635536106
0.0741219834772729,0.06380665160634941,0.07915964619326428,0.14872321924260892,0.11109545594035773,0.1289329748688617,0.10486282627807413,0.22891972493501644,0.06037751745819451
0.015088870177316624,0.1641722674725267,0.046011185501135206,0.027610900059063092,0.5031544672390876,0.09269802250698482,0.026639671064974505,0.049097059233381014,0.07552755674553048
0.006218087552000144,0.3018520952477144,0.05556982258875667,0.1209726309414233,0.41285985294497124,0.03720469051317551,0.011508452894377255,0.026225083708684455,0.027589283608896963
0.0003196760169776853,0.15430329104268478,0.03327456824829634,0.2048990254247629,0.21595530860672799,0.02694118643196157,0.3121435167163426,0.0032908680938173447,0.04887255941842881
0.2762288868491679,0.099805478636823,0.04471407390218074,0.2333706077977483,0.04360239711931873,0.08438589509664807,0.09681479426916968,0.08891791805959721,0.03215994826934627
0.11053515365060156,0.0645806953664304,0.05658834328275037,0.2069753710601534,0.048697472409951585,0.10891866871427174,0.07711007666354698,0.1767231969926449,0.1498710218596491
0.037711864738147756,0.08560201588608325,0.04598157432626307,0.027261669517253357,0.046366365271945716,0.12809064342132462,0.033279093842634465,0.5439213735494848,0.051785399446862855
0.10449489006911862,0.14632627491348935,0.06558212832662196,0.05460207252412742,0.10365104991085178,0.09793670165329772,0.29688688353475545,0.0863308077633802,0.044189191304357535
0.14355247540729785,0.43224335200552627,0.0347120562695343,0.054863824674721194,0.2251967259931357,0.04049281857895498,0.034963211669132646,0.015268097364834263,0.01870743803686273
0.049751667694744685,0.14814497175945993,0.16354613047527003,0.05599259787861948,0.04000318661734326,0.0964433535827612,0.08146333929117631,0.30257945176219275,0.06207530093843238
0.060504896909074034,0.05737009350099975,0.05643772336315208,0.16219469263230255,0.03712141567714161,0.10426544725481662,0.3144273148546892,0.15235026164506782,0.055328154162756375
0.006999372936915246,0.39191896389077646,0.06753264803633534,0.15959724788324606,0.19252879117723323,0.06489487554903302,0.026332643301458795,0.02811810897082054,0.062077348254181375
0.1630723880546403,0.19257842420199553,0.05436265489541056,0.10941626172935755,0.1226667487931256,0.1561151555722382,0.010008213770648916,0.1420025117576135,0.04977764122496981
0.06930009752394577,0.21473203364636306,0.06152185164049728,0.1890568930955047,0.044417879069817756,0.2057893860478236,0.07895904749071299,0.06982378309025526,0.06639902839507957
0.08918749778956715,0.04486723983641313,0.03609628575415735,0.4390522628987073,0.12762130520136186,0.03327135510249977,0.12449441805707147,0.06242509705861271,0.042984538301609344
0.15039103485979607,0.30571752470863517,0.043259890551805576,0.16229879964456215,0.038937568814655314,0.03226062658828394,0.19942600790099374,0.03931864726391721,0.028389899667350782
0.0040307212953069604,0.020243895556655962,0.016972588473923786,0.018199454255867567,0.06453199456180321,0.46612401985628565,0.1594303065507297,0.16057035268966494,0.08989666675976217
0.07151906057222035,0.07432316517520172,0.03733567823874087,0.13096195699014815,0.3325392543373058,0.022341216709450672,0.288347974855637,0.012341808357400378,0.030289884763895155
0.011903926844743971,0.15436590936106478,0.02454720702056147,0.06067502784105492,0.0675279116750515,0.3892391270594992,0.020629908943763122,0.031570336100162216,0.2395406451540988
0.0718897373140984,0.3261807817861261,0.05371864823479585,0.1411257330784411,0.04928591404837881,0.140806716051911,0.037529802754269266,0.09670254059544263,0.08276012613653683
0.04211544243327268,0.0163010582016714,0.04057677691164339,0.6148804914446742,0.022289888596241324,0.046393937691673444,0.06866728535610349,0.07704455856064137,0.0717305608040787
0.28857662987256494,0.09687384120632858,0.0712608241180482,0.05663441120103913,0.1346799619727835,0.0625260775052512,0.056510614680927114,0.19278787045415324,0.04014976898890401
0.03846051175283905,0.16684125272445807,0.026306161556255602,0.22838810030141046,0.12840414547297738,0.013157523085330152,0.3274875380990514,0.020270673448189783,0.050684093559488046
0.3161746557981401,0.2431877437344181,0.03279039215322908,0.04618481378095692,0.0888119346310768,0.013999618098975595,0.1824958639838875,0.0388478274770071,0.03750715034230882
0.11389726031727931,0.21730989137480794,0.049547863187197706,0.13099727191408986,0.04249393072389452,0.08181490793497886,0.24797923625858184,0.07665715024930896,0.03930248803986095
0.007784146873733124,0.2510358426918255,0.059049853286871234,0.4032900253342748,0.12593412044650112,0.019512267613294536,0.05473059655359445,0.054143549577258365,0.024519597622646813
0.009358914965455456,0.1986974047660622,0.04765597647667946,0.13268360295511872,0.2110845385588771,0.03473787504022364,0.1915312900936674,0.03645691094331331,0.13779348620060272
0.15078649814426093,0.19232163268779034,0.06411828338628352,0.019263506340690288,0.09950743342702735,0.09071343570490986,0.2829789559195009,0.06757464161569447,0.03273561277384234
0.07072122801512905,0.09635238709274345,0.06055529998398712,0.058749618026770735,0.058126238246625,0.157977937759673,0.41521130562873426,0.023411708805913884,0.05889427644042348
0.47505895124242975,0.0671685540360558,0.04615760106564356,0.04557500704889689,0.09948967050495983,0.02671182411479601,0.05283505208668179,0.07060430585050859,0.11639903405002779
0.25398424540045156,0.1946239761667026,0.051353420065515715,0.03848898624069657,0.07954207709148121,0.052631788382414446,0.12675480106377693,0.11749097751718561,0.08512972807177538
0.19558124241418015,0.054883688052568935,0.025749300655466784,0.30957978863835406,0.3421036165152957,0.006447368686449368,0.015718073842018312,0.016455267502052808,0.03348165369361392
0.09257916588013354,0.0561248793436867,0.07245411054605498,0.27524071073980555,0.07392836341623772,0.06850173390291996,0.07814428032793945,0.1583079657881299,0.1247187900550923
0.009465825965780833,0.011705443280772027,0.0451546371725845,0.034120747923643606,0.036753076295014155,0.1159429640691469,0.05305513315944673,0.06863083061290383,0.6251713415207073
0.04617498019787158,0.043955940252663105,0.0613288476935214,0.16600481044426738,0.045887217096448156,0.21458054841325339,0.08458295195819691,0.03687875524719327,0.3006059486965848
0.01318443559884136,0.40685309400415,0.04767756166798851,0.08390886056394951,0.19556774248812747,0.010545865424308914,0.17813338748628585,0.01605328398853745,0.04807576877781089
0.08761291686642418,0.234288452053848,0.07711696014727348,0.10521894585361752,0.10526305824594824,0.16285123751786823,0.04871365975299772,0.1334385648965993,0.045496204665423236
0.06444472936756603,0.31981950023610567,0.036144354944498254,0.14740333101155736,0.29896288937499355,0.018577637560003094,0.05913986337137909,0.024566928608262373,0.03094076552563461
0.015582047548110855,0.2862075403481745,0.07816540965711832,0.13752605572297202,0.2925202097327785,0.02954766631877385,0.026233738120370373,0.07937913723064793,0.05483819532105369
0.07746027542537239,0.14805022250518787,0.05766671446401689,0.0756891828822177,0.06638393644933675,0.07346901914064789,0.31353024176005145,0.09303146626170995,0.09471894111145916
0.22267052407975096,0.2207628920678105,0.03463853087708073,0.14304219568225346,0.09297407161322575,0.01520293406108643,0.20609484474661957,0.029364563801672152,0.03524944307050045
0.014600872137130108,0.04940073354448613,0.044297986940681024,0.09337341712820547,0.040814521593025226,0.14354897540684133,0.09832016245749357,0.01067392574284484,0.5049694050492922
0.039361586103171774,0.06745740719705084,0.045032974120839654,0.02948065264233533,0.11567973923452958,0.34254984707906105,0.12322772116078691,0.16659650125448966,0.07061357120773519
0.0013730883248195358,0.1207133397383748,0.01788798157203259,0.16345405340543093,0.24860333359153505,0.003995994581481544,0.409618288899642,0.0049331476580340055,0.02942077222864943
0.0195922681584223,0.243935719541397,0.09828029099292224,0.10562926437434605,0.3282894213826883,0.03178458030327388,0.04036480720812403,0.10316944947007745,0.028954198568748757
0.0362616728012264,0.32181396281358937,0.07321968891823276,0.13502136571413456,0.14037423238256003,0.07528114624903358,0.03216516478047827,0.14680063386700018,0.03906213247374484
0.05332643738056455,0.08030700434025258,0.03685514284960741,0.0259808853397287,0.045549444682707614,0.3381494313240198,0.1194982951990855,0.09677903710636611,0.20355432177766772
0.02836777367984308,0.03940424420133174,0.047851312450895855,0.3558376127774676,0.2791620680584379,0.05007538274675096,0.11041833194796365,0.05220345823158473,0.036679815905724555
0.05451736413755311,0.15431370660189736,0.03612072712778099,0.00912734140942262,0.045976801570623616,0.3008464311909811,0.029551660413893014,0.06773443711568297,0.30181153043216524
0.04512627963995188,0.19003499485823439,0.16577199976017856,0.04395781395419065,0.0894552212882865,0.2566370550626809,0.054218070353277525,0.09032170341500585,0.06447686166819373
0.07781626990231665,0.144211392140807,0.04868319142613259,0.2613435558290594,0.0579532448365547,0.16749808138497657,0.03633831332874551,0.09820518658668222,0.10795076456472537
0.022444636254169013,0.17989307420186998,0.08440707430144523,0.14645872458237955,0.29044571255081447,0.0530076078378098,0.09678219856150187,0.08821875419741942,0.038342217512590704
0.0836004528880614,0.16102769741579173,0.06636472503711698,0.07049918613976856,0.09150171376771654,0.0946709688192286,0.24481293539698154,0.11414417553326324,0.0733781450020715
0.027146483294257884,0.3607090775074189,0.07177705173339587,0.09754411579633465,0.06380129462573639,0.04785890377354054,0.10110561519223253,0.1734728346663604,0.05658462341072302
0.02864276188733612,0.0610888061848339,0.039729664075287996,0.48562356409629154,0.053385886774854924,0.06380039754820102,0.11959860219651995,0.11617217955337733,0.03195813768329728
0.09377945454833121,0.09069802159978713,0.04847442436533423,0.2841042795029772,0.0550476985667352,0.05361094746332293,0.21204936739196492,0.0783026976188843,0.08393310894266277
0.08952954383156504,0.24443120213066885,0.044017379215955395,0.13115760265075202,0.17340165820514297,0.05084623885169893,0.07180631543132505,0.1435161922547128,0.05129386742817896
0.14657241651915298,0.19149676688094056,0.030476330982284704,0.046486858819475486,0.04530220516283092,0.2782832505315084,0.014418498822535056,0.0633484039861066,0.18361526829516528
0.16424317509083652,0.12604169892964803,0.04610067155340928,0.06495237572643088,0.03231452568302191,0.049888262348036665,0.036961115314938855,0.4487739819039171,0.030724193449760656
0.2010524666876169,0.11521508849772705,0.06304110734346917,0.03649735097577214,0.08381947737775815,0.11326996280739764,0.12000052319837255,0.21001643037990977,0.057087592731976576
0.00969091487712795,0.28627034780252414,0.13606563401966165,0.12697905938521445,0.2748076824612297,0.046649482789988816,0.005795337503477649,0.08145924601441822,0.03228229514635739
0.015520869210235563,0.15744690274963408,0.038251386284025156,0.2626626682361448,0.09288331179947201,0.017263987226479153,0.3040597733414219,0.02695751857540013,0.0849535825771872
0.0022375511615916007,0.2964889956686888,0.09055472480725894,0.2077936162116908,0.2518646059411204,0.009918262902089988,0.01024458917815276,0.06286999393073867,0.06802766019866817
0.16104574796642585,0.1803600776742312,0.0616667077842268,0.06120841157774507,0.10232871664088276,0.0858268867637267,0.22290073377085748,0.07240272829921802,0.0522599895226861
0.0059313517129759435,0.3197277628774082,0.07479969097129154,0.19066185159898885,0.1786310321777229,0.02920819506032614,0.048653252332805125,0.1012218646894311,0.051164998579050276
0.01408899878174047,0.036233312894830914,0.7023980416881969,0.018886515368580315,0.033090759052417956,0.03553208123930677,0.029743966778837477,0.028143484616269098,0.1018828395798201
0.03008956771228088,0.04992526227168875,0.04646624735949814,0.15264416592955513,0.029426823695959534,0.14019603753906038,0.1346598354279908,0.023918215856793545,0.39267384420717283
0.10879544577304338,0.24370500624795158,0.07081917950669879,0.0647103512594331,0.1742808513377012,0.05993357954597551,0.06029741771174576,0.08889069545940714,0.12856747315804362
0.000600477570746047,0.10137925381390768,0.023720595741018775,0.2001742310700351,0.35374265598462157,0.006248931600671533,0.279141226561966,0.0060455892387165635,0.02894703841831661
0.03595389707223195,0.01347678454829907,0.02402320792930276,0.03318949783430054,0.10817479093235151,0.40198533907348183,0.04400230489754631,0.27475907804699323,0.06443509966549284
0.054944169453485826,0.15258342073573064,0.3881225692028211,0.03136083377826248,0.042023371995886356,0.05967668493324832,0.09755938762733656,0.13742121843790903,0.036308343835319716
0.1368496446048343,0.2108900216728278,0.05812969751957264,0.07735364924863294,0.08364393157846776,0.05221449250521413,0.2054938929567873,0.11367706664152451,0.061747603272138574
0.1415561973914018,0.04450242070720706,0.04891251310504585,0.26848891496180827,0.08934537343277758,0.07909329599116181,0.03249386422207038,0.1575912518950645,0.13801616829346278
0.35747275578454435,0.06765143159730698,0.0555566427397042,0.04742626091005677,0.09188080262510011,0.07553440081921715,0.09107105789902158,0.15763855045466132,0.05576809717038761
0.01319608287371399,0.13746190324679275,0.09386519719896934,0.16692600795199186,0.22698096714640406,0.09608397934211561,0.1114655814769876,0.1004189696089856,0.05360131115403912
0.04202883732959969,0.11160041637362926,0.05926353979255337,0.10851848840251548,0.07751602298034037,0.055394037651082605,0.44616111215663673,0.0612938747443407,0.038223670569301815
0.12606664955652128,0.07391654077670597,0.07921314310803367,0.031345146292242,0.0891243786319672,0.11562025702176504,0.047255980646174096,0.28518338419342665,0.15227451977316409
0.01941238949027258,0.31505238137284874,0.06495510213157753,0.09008923507554929,0.20140212995581383,0.0415463118314871,0.04027651209873947,0.17878151070283058,0.04848442734088088
0.031000330298037188,0.1136427508891653,0.024455394035521032,0.035230980463646096,0.03652374328046685,0.4497899750835585,0.035424595081386845,0.09338997533847,0.1805422555297482
0.007437860039315704,0.05159479717272455,0.058355127519866434,0.005698217607589036,0.07917708262408969,0.5109368766212191,0.06021545908552029,0.03764493242142991,0.1889396469082453
0.026678823495812354,0.08409640534380573,0.024069090165585616,0.041889354029964444,0.02968330874511979,0.413721520076675,0.028775860751450135,0.07213238795553818,0.27895324943604877
0.06623537318771622,0.09195357081233509,0.0643354538488247,0.08225501836595508,0.06605549648685716,0.09294357876361536,0.17586812602830473,0.2124836493822225,0.1478697331241691
0.08818877182354239,0.08715625320651822,0.1225298855868371,0.1303341818054521,0.050809355077861766,0.08694060897387035,0.08849835356231552,0.25357635047677407,0.09196623948682854
0.23901117866882668,0.04583824492181298,0.03469092231051043,0.2821660100868823,0.06123129891666149,0.023330498767566082,0.20320315154564184,0.0750576865893486,0.03547100819274966
0.024949565574998556,0.060593462836281704,0.04666584546779027,0.15125997684508943,0.041743218177807816,0.13306015592608247,0.0724031922483043,0.04902348621705682,0.4203010967065886
0.010246986737514672,0.10139528858977699,0.030594704185642228,0.2779843497520897,0.42060229926500337,0.047822786581671085,0.04639774034990729,0.031149504642313017,0.03380633989608172
0.4781645184538587,0.0239104922574595,0.038288486162050474,0.007678464121314972,0.2116548026643272,0.034611252156936535,0.005993966400134956,0.1731070344384972,0.026590983345420535
0.1253803093552431,0.13427355543286365,0.04726594709557647,0.22819833051443983,0.06923526787788382,0.10003268583188561,0.1608166364273203,0.0759696425168074,0.058827624947979724
