0.1050281743190344,0.08963234722323622,0.12628497446337364,0.12005732046006817,0.10743630282732601,0.10824984623608365,0.10210443434369972,0.1175357145754261,0.12367088555175208
0.0949997819336169,0.09183942367542423,0.10808199337181212,0.11935848466778876,0.16109266424773602,0.08700432248725144,0.05882765731726739,0.1408710765135033,0.1379245957855999
0.12062174964715687,0.07494984105152926,0.1276903591879288,0.12538476217639524,0.13555603529430818,0.11340771864901562,0.08920091068884696,0.10363354966410109,0.10955507364071797
0.1123770198915068,0.16777686697268876,0.10077300895119883,0.10334979668354498,0.11120932625353545,0.15064976258913407,0.07934874291378641,0.11115578106154307,0.06335969468306168
0.11742045358951919,0.09427836259207371,0.11338858979731141,0.12435506234389714,0.13566909080136494,0.12144929224000471,0.09348219776637189,0.0978721080166825,0.10208484285277454
0.12512092521382934,0.0852107150177791,0.12978763973385116,0.12036581416365505,0.17007424727582024,0.12231203195979201,0.07872403580798891,0.09036893919020672,0.0780356516370775
0.10666971935062465,0.08651817834464089,0.13257782318078168,0.11934021680706824,0.14169281036670475,0.12598651386405887,0.14005992017500887,0.0846392382102354,0.06251557970087675
0.10320647265991324,0.08262077266089216,0.12871702738989133,0.11489402882950495,0.14562121030584874,0.0755825427481238,0.08576387640871323,0.10761113268423134,0.15598293631288115
0.11303431052831836,0.09112411668893855,0.12808436901497275,0.12435622047001078,0.14838511438405014,0.08948826114000065,0.08780145539226396,0.10090064654633901,0.11682550583510587
0.09899007621357696,0.13436901822492045,0.10020142938424241,0.10960651474862353,0.15247169519046358,0.0747263545907693,0.07412945407985776,0.11226800246805317,0.14323745509949293
0.11259617839139857,0.10580304926381949,0.12052705845905277,0.12379738497958499,0.16132162939103334,0.08092526968415807,0.09316107820336023,0.091884936574173,0.10998341505341952
0.10621931678375664,0.08072356030988588,0.13281196056429218,0.10816815125023482,0.12118237149475626,0.09342869256178354,0.11849332533223685,0.10212811509507641,0.13684450660797742
0.10050753543643838,0.10714517769826583,0.11916932716313679,0.11303565420257365,0.149979164722068,0.08710875225762572,0.09569396091174538,0.12025348827134735,0.10710693933679881
0.13746280985974332,0.10950030294098011,0.13544254183986498,0.12497930582553884,0.1030253493787936,0.10015231643423296,0.062317420453136874,0.10065171346910669,0.12646823979860258
0.09825605746913413,0.06627654160243593,0.11169011389585241,0.1198001121192143,0.19783950987349466,0.10554084108799544,0.06742902698207533,0.11811462702106217,0.11505316994873556
0.11192140171821278,0.1478347320870177,0.1022408801054262,0.11007472184074045,0.11189605877876208,0.11364184578686126,0.13675234656155222,0.10126726537132462,0.06437074775010271
0.10499433128967024,0.07349649438533706,0.11366182425481952,0.12070087549039941,0.16403682741039763,0.10057146788100806,0.07160583685710724,0.13190789603710565,0.1190244463941552
0.10035676629736989,0.10975667219129141,0.113818321564577,0.11416337397837516,0.1362178740863516,0.08348873341774322,0.09407910850802326,0.12617041364391246,0.12194873631235605
0.10381438576008523,0.09098680951545955,0.1308349432166965,0.11999879393665912,0.13208600364859543,0.09696184980404503,0.12297039921178958,0.09565736009798509,0.10668945480868457
0.10443408164578279,0.10189901393390256,0.119680104073201,0.12065407116141554,0.12586718118601037,0.0879165718528011,0.08469378269265775,0.09923310804973497,0.15562208540449396
0.12267077133941044,0.06677555600575923,0.1228087731201946,0.12919137516332432,0.13721668706464,0.08248201004501089,0.06257763375297627,0.1035882421335063,0.172688951375178
0.11744709917874596,0.1312724378928716,0.12307408321076797,0.11296078796710245,0.14713327501814136,0.10647526672534981,0.07947803693241075,0.09829056365259858,0.08386844942201148
0.09414756419670656,0.08149880099724148,0.1192452643551291,0.10878673523833006,0.1149216625361622,0.08072797544861536,0.10033775577014327,0.08272473572722218,0.2176095057304498
0.10595805125709645,0.08421744610773836,0.1242518988473519,0.12126806663069385,0.12551924807811934,0.09064652710574968,0.11758826732633909,0.08999010081200283,0.14056039383490845
0.11751198637731863,0.1113525837377383,0.10593209227364453,0.11064182202897872,0.16250520923368128,0.1167859463904275,0.10258827654542907,0.09572806362378346,0.07695401978899842
0.11158242634888833,0.091104939396826,0.12485884055088325,0.11140520760768717,0.1236650905642858,0.12335415252557241,0.13743965425576923,0.10207205536999982,0.074517633380088
0.11664614583805492,0.09712620331585936,0.11763249717419726,0.11787532542787159,0.15340017249329757,0.1002785790038916,0.10868425958705247,0.09734312361015036,0.0910136935496249
0.09568272707823178,0.1025995194611618,0.11078823696174035,0.11481850985068771,0.11110674733826102,0.08894688659561724,0.06414135377916387,0.10504970596868313,0.20686631296645308
0.11727905051801564,0.08868787958291584,0.11290660150245942,0.12458996824419,0.11951917356709733,0.10538063644534956,0.14905457706094125,0.09761974921322703,0.08496236386580407
0.11565324487875761,0.16494806171190834,0.12046280251546759,0.09979896592796422,0.11755104707244746,0.11419375709245118,0.10266613297949917,0.09034924397909262,0.07437674384241173
0.11008265678914302,0.08159328329431197,0.11250561546222689,0.12076542798289748,0.14504047973922093,0.11188292574430929,0.09892738793687306,0.12287799820954455,0.09632422484147278
0.1268777324647816,0.09554701798952624,0.10440682650830722,0.10824866127122512,0.15228988990654926,0.07740769179417413,0.06801559310856202,0.10922046096655662,0.15798612599031775
0.11790472309964939,0.11251878129541297,0.12021386213653294,0.11698223194534668,0.14830352616916068,0.0999447537743144,0.10609010675940134,0.08595328281955601,0.09208873200062566
0.1050220171222206,0.07302733690868689,0.12417913195315751,0.11518750290138052,0.18194856032214957,0.10432913395023964,0.0776121493727157,0.10472378063570607,0.1139703868337435
0.13022669583922977,0.08874499457634345,0.12622870286767882,0.12727262775309917,0.11666222966964997,0.093294754038262,0.07038867362326681,0.10637104793029221,0.14081027370217783
0.09729471729998974,0.06879024100132006,0.1207300383274383,0.11423278732384272,0.18619246480742524,0.07292884326047842,0.13792553563701412,0.08158698017448669,0.12031839216800466
0.10230798680991587,0.0779623430198396,0.12729603028163886,0.1151657318831568,0.08964224787219739,0.11621330121902873,0.08537119495385936,0.1108318518333108,0.17520931212705249
0.10719105989818466,0.11107177977770906,0.12236139480616566,0.1103058138598449,0.1135081537351798,0.10852005416272976,0.12055062746289892,0.09973675432340888,0.1067543619738784
0.09468169540599895,0.14166680294688577,0.11295384325856715,0.10176147671060198,0.09416493839780056,0.08657840228464657,0.11476288123934249,0.12222212074436323,0.13120783901179334
0.12231390080304044,0.11956591762718623,0.10614381300018895,0.123665874660222,0.11582738499718388,0.15549979504181086,0.0781756142456896,0.0999379772939602,0.07886972233071796
0.10108790985373868,0.10998132163786269,0.11961446205723665,0.11563653123113278,0.11397095590642702,0.12197263055880707,0.08408235267760167,0.10278424306843148,0.13086959300876191
0.10287493850759287,0.10011102812973448,0.11187865187691494,0.11323717596314102,0.12174916082573185,0.09329485411674969,0.09340902186890739,0.10022321455959071,0.16322195415163707
0.10332360059798239,0.11594270342560935,0.11094648732089617,0.11570929372288245,0.11685714617428689,0.0815860915903779,0.09163170510164237,0.10077040608273767,0.16323256598358485
0.11241533107935088,0.10197743420307175,0.1180776505409447,0.11436161071646,0.14181094552587878,0.1607890797379188,0.08815259938815621,0.10271381599959961,0.05970153280861928
0.12635085309162972,0.10308686247010379,0.12439489160456058,0.12258615221122826,0.12684852088677057,0.11909399318045005,0.07504847868906432,0.10137185865261428,0.1012183892135785
0.10503149529806365,0.08254778248416651,0.10780585738459254,0.1131769461487867,0.16955752863851922,0.12674197621079666,0.0695226811927991,0.1381787956641998,0.08743693697807575
0.1041139316231877,0.09243732069574677,0.1172749746508025,0.11563146074833686,0.1739172526604225,0.13149236766147535,0.09484432282263215,0.10197882127919765,0.06830954785819847
0.13160436119297766,0.08264801067796688,0.1460360380728232,0.11364910186086404,0.11595335973095981,0.10595633989761721,0.11076282258874041,0.08789399102633356,0.10549597495171724
0.12259214542247414,0.09021602000162077,0.1203308233982257,0.10935403011534196,0.14630921482819273,0.12544030929995162,0.12073029369019922,0.09482941538217528,0.0701977478618187
0.10432123309452625,0.06963964546179073,0.11850961067666,0.11621345381463923,0.14727240696648683,0.10547683167023374,0.08888185783712092,0.12175101339924872,0.12793394707929356
0.11800792246588467,0.07588556638044737,0.12969193185351482,0.13076349368137266,0.11166252606317932,0.11575368962206045,0.1005999951963994,0.09503193862821278,0.12260293610892843
0.11361772610605375,0.11427899674986723,0.12305379372468461,0.12658470552936937,0.11452602383019257,0.10136283374000844,0.08399905854537748,0.09330280992405145,0.12927405185039512
0.12463485585562273,0.07899393070755435,0.14141517348113156,0.1400719561496878,0.10882508692674814,0.09171380588114453,0.07486327516517392,0.0914971559693618,0.14798475986357507
0.1039914553155628,0.11362738131406487,0.11611532808221646,0.11609864060386554,0.1394167156959423,0.10740656607172565,0.07967674480925296,0.13463454165300548,0.0890326264543639
0.10323822057866423,0.11339029889523816,0.10194954687527415,0.11824692327363047,0.1515312892871916,0.10599812581756018,0.07140018406518645,0.11521605102805686,0.11902936017919784
0.10691252997414114,0.07977404989094965,0.11430911431405143,0.10638493645093533,0.14731543262672597,0.08492126759586237,0.1288454149610326,0.09813440169830195,0.13340285248799963
0.13027691052226772,0.12304959889330401,0.10673960401677124,0.10863727800562216,0.11340350195067785,0.13208287276659705,0.12492348760039988,0.10800465855302671,0.0528820876913333
0.13912404803272926,0.10264262279381646,0.12180128399082708,0.13298506199318594,0.08539008617611,0.10984291880601348,0.08891153392866952,0.09220376837078877,0.1270986759078595
0.12628874963102554,0.07384797006852444,0.14449864670634202,0.1399092639737029,0.1109031607465318,0.1111046745971556,0.1066478140968518,0.08995920009320958,0.09684052008665633
0.11410600570538298,0.13527089829936292,0.10523483631434599,0.10737618096012419,0.10149608187660637,0.08421002740140678,0.13517092041028347,0.10410755477543208,0.11302749425705527
0.10230039429139705,0.06829990373968219,0.12103234269344199,0.1092339072544485,0.14300340624945787,0.11874763699629241,0.11977090116688709,0.11729172287916352,0.10031978472922946
0.11817667634535801,0.16675472762007007,0.10501313375888342,0.1038839072913857,0.12450772021493779,0.10246581916124557,0.10037379397690327,0.11962178817454196,0.059202433456674204
0.11763259987945889,0.09224270057246531,0.11514846352859372,0.11105517500972117,0.19728250800077082,0.10222220371887154,0.12181326353485933,0.08313941994150192,0.059463665813757303
0.10173187135607396,0.09060616753487567,0.10784941657528359,0.11320001139198703,0.14728773325169656,0.11183985510205807,0.06943268624612896,0.13031234110842183,0.12773991743347426
0.11267284465026663,0.06816932174892802,0.11583341725941639,0.10378030822542574,0.1684530678119761,0.08149445149564945,0.08200608287273399,0.12531455380612766,0.14227595212947602
0.13120718345412433,0.07799657973064993,0.12033763522774521,0.10958065079661855,0.14956743646373857,0.15014128203210814,0.11421471721913845,0.08885842082591616,0.05809609424996078
0.11426793843570597,0.09517748464416335,0.11547240605801777,0.12298718082762607,0.18375984620886776,0.09551097305468044,0.07104027546275098,0.09445964540401254,0.10732424990417501
0.10233109308252764,0.10247180696893503,0.11961435882071965,0.11289214998431167,0.16574591832541352,0.08659740843129786,0.09931643902182603,0.119998542201868,0.09103228316310052
0.1226706292599918,0.11759738091519772,0.1278679283200929,0.11240467504237767,0.10575578223914327,0.14533892287728825,0.0919329699098368,0.1083971496511114,0.06803456178496016
0.11012970637411833,0.1091589089364972,0.10897442532528627,0.12903674759809786,0.10018207023393978,0.10044781573130963,0.09149600848836274,0.12052883666830544,0.13004548064408286
0.11138015295504368,0.15751682663157326,0.10150359640815104,0.1067173223427425,0.10579970466985998,0.12929618257387782,0.09538930060943873,0.0852988841588604,0.10709802965045256
0.0972332692739833,0.0864330692895387,0.12109966365695861,0.12260450431239556,0.1722037211312368,0.10743839543808957,0.10129872461578678,0.09683561917673801,0.09485303310527261
0.10601237891620324,0.1413611511386555,0.12080980947627114,0.11582149793938795,0.11419402245250125,0.11880670240171376,0.0801938987837403,0.10944788349701202,0.09335265539451483
0.1127203982932955,0.1469979429399751,0.10892720454067416,0.11799468050769946,0.08888857196660592,0.089995213710516,0.08924459048794364,0.11390039017115017,0.13133100738214007
0.11770970090943178,0.10199542109836945,0.11980905838132143,0.12525887995690144,0.11200554578637452,0.11250598147948927,0.10736444082192463,0.09715932933390033,0.10619164223228728
0.09856502112063383,0.07614066914733963,0.1228279777141541,0.1328118211262855,0.11474658118058988,0.10346032552015218,0.10181410859268698,0.09354596514093987,0.1560875304572181
0.11533726515471586,0.0593217668509918,0.12257702163544504,0.11805813444372022,0.11887535895380563,0.09130216267100304,0.12292478513535747,0.11238514146743406,0.13921836368752685
0.12314005585753889,0.10397271221720672,0.12382737946275547,0.11421251262273446,0.10112332076322354,0.15429881689043382,0.09120784978865214,0.11787176847763943,0.07034558391981555
0.11485331161066581,0.1457474454407137,0.10661360450180231,0.11301432728248273,0.06589083597633266,0.09499770234727571,0.1268378667922482,0.12262422547114377,0.109420680577335
0.12038499572012717,0.14177270496452538,0.12334201635172692,0.11369287054905138,0.08703002814949767,0.11411958778829741,0.09881160792410755,0.10784041361331827,0.0930057749393481
0.09371888608527446,0.06757061147164155,0.10799241101357854,0.11877224104636458,0.12744565622580753,0.15814935141040137,0.08495222973230553,0.11377542381495387,0.1276231891996726
0.1238107533231168,0.15392408941716398,0.1245218512220997,0.10732989888333304,0.09190689000752128,0.134339598736307,0.1128702907216544,0.0888236743076865,0.06247295338111731
0.10892901684158207,0.068274669061712,0.0941457280318123,0.11421696611041417,0.15912191339344242,0.09070892468348037,0.06952655267188364,0.11892853825491317,0.1761476909507599
0.11163359478344108,0.09719907386433702,0.12233532451019848,0.12103866029172583,0.1168413372676777,0.14676722177121826,0.10259192557738954,0.10495957186777877,0.07663329006623326
0.10300820101125846,0.07738335885248514,0.1133642157331231,0.12331891908593699,0.1115143658723724,0.098855441932565,0.08393758898638444,0.09247082561883578,0.19614708290703872
0.11563574956680626,0.09566939407501242,0.1353709646801482,0.1212145265447907,0.11686693903148149,0.09139637479823781,0.09401715667587505,0.11147822345620084,0.11835067117144728
0.1457297722679014,0.12720748072745386,0.12628857363515456,0.11661813098640694,0.09828675150963856,0.1084058598905455,0.09384601255016191,0.0926963400731259,0.09092107835961138
0.12440828093227592,0.09579296151353654,0.11515316238768349,0.11762716033241244,0.11054758926557522,0.1481166703141142,0.08810173541081583,0.11716638998835227,0.08308604985523405
0.11289108885206534,0.10504174184436597,0.11791628007204047,0.09874258861922447,0.16110094163521546,0.08147367048328541,0.12234248321318432,0.11209302345474799,0.08839818182587068
0.11331800040406886,0.11850024942962699,0.1109711242235553,0.11442195202109622,0.13295383599824548,0.10326599729779211,0.11721318192663634,0.10003864090940488,0.08931701778957378
0.12342356181520629,0.1189061023909866,0.1073126364941781,0.12937558772759147,0.09108005293884651,0.09540117810514669,0.07078890032323404,0.11167739423133409,0.15203458597347622
0.10364183395585908,0.07580122800138932,0.12112022278014332,0.1219306725195951,0.09621340592632621,0.14993765004338722,0.09725566153506328,0.13833358490007333,0.09576574033816321
