0.15854952927808594,0.1157339869199473,0.1854204395954863,0.07373539977823403,0.08817325051077557,0.13145379230503618,0.07073943365030785,0.12312721480872117,0.05306695315340571
0.08942221194030174,0.07306816711337226,0.43422742073089915,0.0033648131112308556,0.2318763147954255,0.0770592308435485,0.043457749357914875,0.03038101490596802,0.01714307720133901
0.0990540432383133,0.14638863274555283,0.02390887440662991,0.14883320961743368,0.22806742585108883,0.0689937698812862,0.1297120146790496,0.12251806209163546,0.03252396748901024
0.08894058123194164,0.08947555889011376,0.2794820816261285,0.004116883818970866,0.34691329404595095,0.06035621250497814,0.050845572894535736,0.04593415678239434,0.033935658204986105
0.11393583185474492,0.11448154388151725,0.21194382442142187,0.023978122903544775,0.19345020135886318,0.054829156751020854,0.12312503844006845,0.07068554600898153,0.0935707343798372
0.09237298868335396,0.10911573664523146,0.31777567885421104,0.006099119099317789,0.2569539826826536,0.0923025612836359,0.05146434718788734,0.04107060599510992,0.032844979568598935
0.10591379362615005,0.09067544072919077,0.24801239636371167,0.010105601004904182,0.30336016163941054,0.04711923699012297,0.07029666281466475,0.04747923003783947,0.07703747679400554
0.11647772899991661,0.16006109441047692,0.19333566300637836,0.07176992617591901,0.20077211779463608,0.035853357274335855,0.07890988923446161,0.09931971013173611,0.04350051297213945
0.10874192402673281,0.1497253100377933,0.037651799298595155,0.28108052582098025,0.10762833749386112,0.037778449625803644,0.10824271011941304,0.06538427127694542,0.1037666722998753
0.09986726986375956,0.1635671575734256,0.028950594309036088,0.2200510173650404,0.22735612249807027,0.022715903015087007,0.11945244561860768,0.0583785068994442,0.05966098285752915
0.13199419476989913,0.07992786405460413,0.21656519127211374,0.02876562097595205,0.21885903085489952,0.05681136096103775,0.08484042889953859,0.10633038686299649,0.07590592134895875
0.1201762550022214,0.1048321992621236,0.17674391425814326,0.01962207233118579,0.22276930502156247,0.17073996911339628,0.07463703184186922,0.06868867638983539,0.04179057677966256
0.11275627333690408,0.11706009573985404,0.12905835945697894,0.02583732310790574,0.260609756069552,0.08036056983876508,0.10183927500539376,0.07965132978502885,0.09282701765961758
0.1027851581958733,0.09665985069962835,0.2446899053460939,0.027699545911111595,0.2138184301753312,0.029357758567929784,0.11119768014041732,0.09951748262610531,0.0742741883375092
0.0960349102018387,0.09276639793708093,0.07916036610743288,0.022594951364048214,0.08309491251998487,0.1283636087971924,0.08681285836967208,0.050416689451107534,0.36075530525164234
0.1058253349235252,0.12905841237186028,0.05430655821506473,0.098546377514614,0.3154938986593733,0.023253093505239353,0.1073729043254948,0.13271084721361284,0.03343257327121552
0.11007073952357171,0.11343826811566,0.028884120090245657,0.2500335641353238,0.1792890492536914,0.03933616065367819,0.11028961054188074,0.07524306813690455,0.09341541954904403
0.12700982305669045,0.09601564248648821,0.1235559145074386,0.031849800946675486,0.26966853739832114,0.044055530697996566,0.07998362666982593,0.04712874435556332,0.18073237988100033
0.08572605176118812,0.09085400856215516,0.07036866182337324,0.03281975132620651,0.05062350263014889,0.12495612513968794,0.14945348119147936,0.03585393100552719,0.35934448656023354
0.11431788224842272,0.13158283350029923,0.032479004198826815,0.07421222919039121,0.07058529574628371,0.2049091769197181,0.09795710530460906,0.12475454468767534,0.14920192820377368
0.10479367694653763,0.12412259304472628,0.23997517413827885,0.007472867535453612,0.17118467303099916,0.1701077016838529,0.05478268564507067,0.04291152664796819,0.08464910132711274
0.0956414386527507,0.08716489378687926,0.40678546538266525,0.003977885049210224,0.2013444548379638,0.03741729106478276,0.0576245922572371,0.04097908985968793,0.06906488910882301
0.11967520301309247,0.16050246966899415,0.08932940584485144,0.05504681682936189,0.12556747611033514,0.2210678249236204,0.084825901275125,0.09007287697126039,0.05391202536335909
0.08052755398618625,0.057238362746202955,0.489346465572116,0.005577491065325245,0.14385851161660695,0.03209631469784626,0.07025402855500638,0.07128693857259089,0.04981433318811909
0.12077695899046036,0.0926501298762996,0.3104072843657562,0.010911959169234361,0.17706460961640746,0.05821722846880389,0.07438434812511911,0.1225078022829542,0.03307967910496476
0.10258238204874986,0.1268617376381734,0.04792014757073376,0.19008298894788755,0.22082630527895822,0.046383459715692965,0.11448999396680204,0.11342823924518829,0.03742474558781394
0.09451052226542035,0.1470138743592063,0.02622983714804733,0.028244343566042943,0.30238552750083136,0.10006011909067695,0.10035900298271434,0.05645265112318345,0.1447441219638769
0.11718085977921093,0.0888707095791723,0.1822479516020881,0.01344375151634905,0.17422259171003998,0.16611567873978703,0.08610415979977297,0.09532034895831114,0.07649394831526844
0.12195585931437604,0.08542841776535331,0.031345756765761394,0.03491763939480599,0.10453568022238391,0.21935053933355445,0.0926954536082006,0.09399065602052627,0.21577999757503807
0.0907006497956268,0.10231518104679488,0.37002293902031513,0.03588053765365401,0.21178697482979048,0.02274925175391948,0.08511309431299363,0.03832344663829024,0.04310792494861532
0.09720036186199534,0.04759490778645456,0.4407972016367112,0.006589085863622814,0.2693639443011062,0.03483266489167514,0.05165728511754434,0.03278443398894002,0.019180114551950327
0.10949147893011939,0.05820156417532695,0.37115140446027567,0.008484887841670355,0.18795745185489876,0.08551024618571884,0.06289118108881527,0.09304328286544183,0.023268502597732988
0.13475682113283405,0.11018288949369785,0.07628854645086976,0.08037269003170736,0.1758067344601025,0.07284810066255692,0.0898313719408964,0.09515267174050153,0.16476017408683363
0.13849583901324913,0.09120479965414853,0.06943921763710349,0.03374007315423592,0.11638629948967726,0.19534537051092435,0.09769056763687851,0.18765384609345312,0.0700439868103297
0.0992570206122062,0.08914562420269517,0.3151729769882751,0.04831029000860818,0.09169613369452627,0.05614571060433526,0.12435954507573975,0.09338188543324245,0.0825308133803716
0.12360458608490243,0.104602399640272,0.03471852393064776,0.05418388299104534,0.1297228760808592,0.08468007435598646,0.10814414776992043,0.0813828011466936,0.27896070799967276
0.11871384924583585,0.09651916934919962,0.2832836873097771,0.04887845996934456,0.16950615589223916,0.09455294135502819,0.07254707234758755,0.08344295645455017,0.03255570807643777
0.09555074372518885,0.08934810358999472,0.04274956233898095,0.060866406355921075,0.07569941200264435,0.21037124445237831,0.09501303698629511,0.06607323124386917,0.26432825930472753
0.10931204950520497,0.09432692311280046,0.3312888332531263,0.019645286533249862,0.1345437135141275,0.07496023135942419,0.07875149304976818,0.08544269657263932,0.07172877309965926
0.10134302420428944,0.1458550521468036,0.29028606991043854,0.023337277300779235,0.29335307919957093,0.04581854660835849,0.047241466949391735,0.03259350550724992,0.020171978173118086
0.11154340323909893,0.12208295394248181,0.02470610784153579,0.14648862146972283,0.1618630744383539,0.06464520984509939,0.14438920314972817,0.15058532833403895,0.07369609773994017
0.12163607153181459,0.08807354200147437,0.18814635327625218,0.011293050732261584,0.2883969913562951,0.12404325806850398,0.06037709113017664,0.0472624216513249,0.07077122025189664
0.05757401972935172,0.0699930054631818,0.39560698176074677,0.00639501087246996,0.19439720618257317,0.08482361759287338,0.0922484926221407,0.044059716795787594,0.05490194898087498
0.11203496001158182,0.13655794892058562,0.10967790307809251,0.0351297920575282,0.1962500726832379,0.1678979493571362,0.08506863762626944,0.060647894015960276,0.09673484224960803
0.09153213335925976,0.12971885965833999,0.39166830263072766,0.018235984682241326,0.12092156007059435,0.07248830851411696,0.06598145938031073,0.0855169560931432,0.0239364356112661
0.11655186030100202,0.12919123396923154,0.13431673807302638,0.023698825043533673,0.2810809784876016,0.09374761124832552,0.08576668216584445,0.050463620011084516,0.0851824507003504
0.0957327243987041,0.07315593195008191,0.32798095999151594,0.008585343386012073,0.1326457459676886,0.14821936550539425,0.06868488149651918,0.06340632502840561,0.08158872227567833
0.12895509768531868,0.09122563668272217,0.07741851929644639,0.10279634070634901,0.11455214196105008,0.06315736884662876,0.10329552352537212,0.09421170833998704,0.2243876629561257
0.10572522361044094,0.14614748692121668,0.18968472968429015,0.054296898033122896,0.13466429340168293,0.07196300614203471,0.11485954440146813,0.11105534257548418,0.07160347523025935
0.11173855696215669,0.10948761595782237,0.06603526198503455,0.10285359204474054,0.04728356747675964,0.1782502243512628,0.12573257353020287,0.09632025685400919,0.16229835083801133
0.11042032436220117,0.21745659462580025,0.07127911537246025,0.09917599687271823,0.30331664545876486,0.027629370575956155,0.06228457700500125,0.04237667106170232,0.06606070466539554
0.10551500919837903,0.10620592987314591,0.36998067313460875,0.011147711517811859,0.11727334223768993,0.07799800276061829,0.06409949356076917,0.06675992360265127,0.08101991411432581
0.1237832734385676,0.10571999722612933,0.10444664564104583,0.07733131787377416,0.0638584901657852,0.20281727291617982,0.10107696302020515,0.10504582575698622,0.11592021396132668
0.10724080461855545,0.1121326896450743,0.10435111754722974,0.029546043958064986,0.20360155119969373,0.06100405823762677,0.1578149064080759,0.11623689800055693,0.1080719303851222
0.1305287928440911,0.10492487801937338,0.08329201263560265,0.07398762755763776,0.21287846096989146,0.10473671332800394,0.10223299540138142,0.13104732054263077,0.056371198701387515
0.10883626713288837,0.11661428179241823,0.04354102434489865,0.2787033507841881,0.05421855532121952,0.04826121340433329,0.1221348560467131,0.09275828111199454,0.13493217006134614
0.11749298698120132,0.1532474809447418,0.14964986432427357,0.04321521727477292,0.21510115641255023,0.11952567876809746,0.06705780626616943,0.11801617618362996,0.016693632844563308
0.1167386579907836,0.12609933074536375,0.14253476731570644,0.02035177771379713,0.13609259447516706,0.13509447265413996,0.09378659610248595,0.08495302712023867,0.14434877588231754
0.10002792347782398,0.08637327549041744,0.16825759040551688,0.0030576944203237963,0.3115796820633772,0.1907867645192829,0.04939926825015887,0.03245178374981885,0.05806601762328004
0.12276059100032181,0.1470198594532793,0.04346226940562342,0.14498638174210424,0.08996148715356365,0.024829618817593723,0.12854844227399118,0.17900095723676693,0.11943039291675574
0.0979745860959071,0.15853063938121417,0.051077563582481854,0.00801825321725561,0.2868604522227027,0.19212056384307927,0.06572907030224852,0.09343672234488472,0.04625214901022606
0.14221343981032616,0.08491753094419392,0.08246989128969705,0.008418419451820047,0.17083138415227306,0.1632058294938841,0.08030436362885641,0.09493353041291665,0.1727056108160326
0.13441556496940482,0.11257294746845183,0.11753447403241823,0.08673073895337169,0.12454789627806939,0.07081046046419086,0.12532322258347522,0.14210132519511162,0.08596337005550635
0.1087779787226333,0.11185545815988042,0.2510831119741754,0.008242965529806474,0.16544413970523034,0.11951467981393012,0.07390260823973745,0.07639139443710521,0.08478766341750137
0.10120053037505715,0.08506463667649229,0.10623051600242626,0.013073785136663822,0.15268899711644682,0.18717529067516248,0.11044923463679773,0.096449339634097,0.1476676697468564
0.10614750394540388,0.0866334804517942,0.19753561577433795,0.04928851032269967,0.30671096559906813,0.02935098540140058,0.0959812632706817,0.07264653269673928,0.05570514253787462
0.08637305417239112,0.06240703088084933,0.36011051752063317,0.006354279226056222,0.25518988414849925,0.035974301076847646,0.07746962785651242,0.09558843501001296,0.02053287010819791
0.08649880875475106,0.06921105541730953,0.26556853162125954,0.00816553862252123,0.2588224445218326,0.0723777512740998,0.11913931524462192,0.08007043782183566,0.04014611672176869
0.13665407368559299,0.09202716640259774,0.1942181836838146,0.015268368043422841,0.26437226275177506,0.09813576162352868,0.0627469383005946,0.0645318015879887,0.07204544392068478
0.0906792786103779,0.1077299241379679,0.04809422778267902,0.02629538037274955,0.158614262143139,0.0449283568076753,0.17453056141155432,0.06445594378216839,0.2846720649516885
0.09394947209985038,0.12456362541238025,0.1139721044687042,0.19161168040443677,0.1569268188765036,0.08418066615612134,0.13176057156040807,0.051966984647791155,0.05106807637380417
0.15491574346281256,0.10575579287520026,0.1778692879051588,0.06144648543595693,0.1700422412236522,0.07285376020452831,0.09500215308694211,0.0727838024035366,0.08933073340221213
0.10100944135089941,0.06183771269626698,0.3376332113928884,0.006817016973826779,0.1802284803764794,0.1735438958797554,0.052751998050938935,0.06769062114596748,0.018487622132977274
0.1037393305769952,0.08688438936468505,0.37403869443062115,0.01603600082474138,0.15751573717223255,0.1004099934300448,0.07523442914925525,0.046749135165526735,0.039392289885897824
0.11545904161261067,0.10509009441325774,0.12913252909662865,0.01610795281801917,0.1049013817720139,0.11509112826512145,0.12474592134671836,0.14168600157319555,0.14778594910243448
0.08150411541806264,0.17563820057966995,0.04201018002824519,0.14188821816284533,0.3103248032956913,0.03018016700914219,0.11968512698011928,0.06946396984053822,0.029305218685685853
0.09239918274333773,0.08860316647913032,0.23969309008388817,0.0663351024668572,0.22459249481000607,0.05496124687912892,0.09344490581632574,0.04143227190812035,0.09853853881320558
0.10457731755110226,0.12178837518688142,0.04121827111258614,0.04402180921885581,0.2581553308024715,0.03423705645346311,0.1351581169601699,0.10278141528828165,0.1580623074261883
0.09484992538209396,0.1159432135774049,0.14541017734041614,0.005680243417060345,0.2426618062115881,0.15843662513645637,0.09036975106731437,0.07502611741048505,0.0716221404571807
0.10183522272896027,0.12911520448349434,0.06926812000111576,0.09096293291005768,0.12297333740876727,0.06815561649092007,0.16081220064499616,0.08802041079110072,0.16885695454058783
0.10797411899899963,0.12906670533962683,0.19052746371669316,0.039258198657787215,0.22594865872386882,0.04426128051756347,0.07785311808172542,0.03427806483943883,0.1508323911242966
0.11333697052643882,0.1568209302288073,0.16432763779548606,0.06986621210640702,0.15614068426353553,0.11580075497754243,0.07187297864928599,0.10212225571813333,0.04971157573436349
0.11959874723680113,0.10973167799437222,0.026347436023913037,0.1865903570918134,0.17240326168535405,0.07122025235827982,0.1329402900621702,0.07620178119856912,0.10496619634872706
0.0987119203761188,0.1145867882376062,0.05669862441917226,0.02396523699466048,0.20693246530455267,0.1768618830150223,0.1122570686873753,0.09810022734000094,0.11188578562549105
0.113322103129171,0.1413472998102395,0.1628733029988706,0.10651904287209242,0.2129605169166715,0.08619614703577923,0.06795757220424085,0.021132153794208575,0.08769186123872628
0.06943858054324124,0.07696921543137346,0.3183491603758182,0.0009961106979433597,0.32016815578711594,0.09631522433740054,0.059211781380657545,0.02155530622820213,0.03699646521824752
0.11946156328977098,0.1575163845199604,0.20324342805675424,0.02237692066205306,0.1541071485256733,0.10191622067361882,0.08810334589665754,0.05078064268429327,0.10249434569121844
0.10878121160115779,0.09292688930819669,0.26074094780698703,0.01626775153268245,0.11892033544660624,0.13226240749831597,0.08659556388280061,0.11350482483131569,0.07000006809193747
0.11804833765282706,0.10060681794205371,0.08730475881837953,0.09382593419198378,0.1306180755553111,0.1138277758798391,0.10965644934049035,0.08378756260851268,0.16232428801060272
0.12048968915130369,0.13779005672235647,0.1472483582173745,0.033796530801088964,0.2193809020272469,0.1458684827940019,0.06645477941830176,0.07576420021913048,0.05320700064919529
0.09973945346955156,0.06501387908369181,0.42323220630762987,0.0077881608045367555,0.17508716651043807,0.0707779678197807,0.061770819170029245,0.06919298442594428,0.02739736240839777
0.09030587050277294,0.14151596161531818,0.3582633756540667,0.04724254868643694,0.13530986719467822,0.0489895886750966,0.08274945088716133,0.06221946444473314,0.03340387233973601
0.11842223403347805,0.10360389980455449,0.34217090941744804,0.06313735051701298,0.14431897222972098,0.0480800777525002,0.07598384778436201,0.057879553618477,0.04640315484244636
0.1382418844360679,0.10716368291500648,0.13860266349056496,0.044500688500664694,0.20324167546673197,0.04780725476678862,0.08909297326337613,0.11671332535793529,0.11463585180286391
0.08100369226120811,0.07003167906190663,0.37543717741980415,0.00633038729852698,0.23392249909425655,0.06531108805775297,0.07613320473900283,0.04582653016341248,0.046003741904129286
0.10578627977644817,0.0740611271686307,0.41331960021134817,0.007697511907231973,0.17003453973680316,0.07310445928027683,0.05081289645853713,0.038366093978118215,0.0668174914826057
0.07606840277154661,0.0720346452849742,0.437593285911106,0.029486244465113377,0.14330398651280124,0.04174559775111073,0.09155468171530963,0.08854807326887348,0.019665082319164633
0.11241755389652647,0.08096579900602222,0.3564469747331714,0.026371789088818872,0.2906659454503005,0.018537672444710145,0.059745539250451334,0.023910287623739437,0.030938438506259575
0.12075287991185936,0.08465131663967079,0.06725893648417067,0.01928630803723014,0.10926098108069661,0.17320206649624947,0.10135592563749785,0.15067303842228408,0.173558547290341
0.11375652616598037,0.1367007845848386,0.08661852163478638,0.28695608995346816,0.08864254433955461,0.061037561947752,0.10262185682507201,0.07556037039539608,0.04810574415315183
0.09873140936738257,0.06478419402978508,0.11691398430318257,0.0049278384911801585,0.2548475081598243,0.1275264842974597,0.08834031948278853,0.06844982425244701,0.17547843761595006
0.11181513034233452,0.12476608279068746,0.21172781066349478,0.06372148831528611,0.16234425664329225,0.07031159883245919,0.07089338584296302,0.16882000379381168,0.01560024277567112
0.11191295275855596,0.10058955565619764,0.23793446504916074,0.04259749427478666,0.1480904511853999,0.04968473199469079,0.11346677808860998,0.1699566620132391,0.025766908979359234
0.09243721391387073,0.15258434083369696,0.3436224324199666,0.034305849574614966,0.10527382701858434,0.07209484602643333,0.07416920186093262,0.09311762201349276,0.03239466633840767
0.09249777068604058,0.17833127952177433,0.10932788884733413,0.0910408397663784,0.21704247522758494,0.061878489594859996,0.10206211058176923,0.0676028274783743,0.08021631829588409
0.10106720902375514,0.10974704970782873,0.09122345711728919,0.02726376385352457,0.2519028903359822,0.18172086995929992,0.050507460042333224,0.027884538142347676,0.15868276181763938
0.09304380386746473,0.08242205362346668,0.4703591422439151,0.01602048306618456,0.10770621119907313,0.07022489467773428,0.0676027265193573,0.04934445647794921,0.04327622832485489
0.10733563723247047,0.07990377374262542,0.31196087403115563,0.005996148036021408,0.23913816883999447,0.08374948272343719,0.07406822326664951,0.04741983970259247,0.05042785242505334
0.10956083736710032,0.17887823737842032,0.04474915377815397,0.15082102249491838,0.2208481340094165,0.11340080486770605,0.0821607446438164,0.046620203592720955,0.052960861867747046
0.11796364153017026,0.09946875790522029,0.129448539180395,0.0977748244491458,0.06203443823006002,0.09935722317683328,0.12849516652008966,0.16815819114658606,0.09729921786149964
0.08954452269630708,0.11636731133718355,0.09862314116342934,0.31931014680274394,0.05072933252043194,0.07051860953693273,0.09885593861590115,0.033163376568639005,0.12288762075843122
0.09990416499155474,0.16757877881314054,0.0799862915708414,0.1706248501876972,0.14922226539478453,0.10197004622939221,0.09177880434054651,0.08191704141126645,0.05701775706077642
0.12740794890584015,0.07865056300879418,0.19698865652618383,0.011754421965286753,0.2579082286616099,0.14158336301106514,0.06796954459412051,0.05494146118136931,0.06279581214573018
0.1488016733328348,0.11321095501130857,0.10095797788263268,0.10805469525889809,0.15380394322826282,0.09788216932187983,0.09956657575536539,0.06834396698742605,0.10937804322139177
0.10234633723812099,0.08784248934829975,0.40667891164570996,0.0654004686729127,0.09279142376446019,0.07434810207094554,0.0683575405012027,0.06447931967521218,0.037755407083136
0.10781713591464237,0.0901105385116136,0.08040972756215604,0.04883582239679912,0.21739321197097286,0.13633876903845085,0.13471579169186512,0.091992806230202,0.09238619668329791
0.11067111569297049,0.06618841666043673,0.23627511683319646,0.002607624895083651,0.33886932342169396,0.05953836524387806,0.059158031024305995,0.059943259142608,0.06674874708582668
0.0821599004916713,0.041343152296201835,0.4148333053370739,0.002046765151721569,0.27290577101070834,0.02230160629176935,0.07393564016247205,0.03980618134232259,0.05066767791605898
0.08970697231944391,0.09235850267813804,0.33489387992251435,0.002037121007313644,0.29336589770436217,0.07884472892903886,0.043949306789359766,0.03574280160477771,0.029100789045051506
0.09366464215121743,0.06457786297048525,0.3932163511883589,0.0031065643845097413,0.30282468989702477,0.05334381792044257,0.03652873925601154,0.021279083547633703,0.031458248684316105
0.09911212982289465,0.05369629172621985,0.17236986133062404,0.01030297965896972,0.3268775699774447,0.022794080253828328,0.07646765870579474,0.03599040077269137,0.20238902775153256
0.08136336519830191,0.10999106723093989,0.2295297874505818,0.015945524153930007,0.2120992200269419,0.12658962895441558,0.09831380274380357,0.04230572464674204,0.08386187959434331
0.08324962861174691,0.15336612612221764,0.05722315589915929,0.2487028820055667,0.17733770299436338,0.03076035835108366,0.0926815576753861,0.14513044521448795,0.011548143125988229
0.06643590902134001,0.09252911205711027,0.38892289995361135,0.010132615200321035,0.16681133178570598,0.06975842573258455,0.06286495637219963,0.021501227501666997,0.12104352237546019
0.07107258456506009,0.1160570193803236,0.4060319121345873,0.0055969756039802475,0.2896245079442558,0.03675331301864181,0.03789874068156477,0.018077975160068458,0.01888697151151796
0.10216847101019776,0.1368760423303129,0.06827780525409448,0.03671227540250264,0.1827758644741372,0.17638140587190385,0.09579908240129477,0.11181660717516151,0.08919244608039485
0.10330499448702386,0.09733382900118413,0.15325619675103677,0.004949659898750236,0.35115790281271075,0.12364749833777226,0.06401797659740631,0.025701383959097896,0.07663055815501783
0.12181112312670346,0.10715591813980041,0.04874975376255306,0.11437807265013135,0.10549175163994674,0.10856441472162663,0.14899851285758223,0.1279075222056184,0.11694293089603773
0.10873503578532112,0.07011760067996693,0.21896981152724312,0.0058153893425214225,0.3442754900789516,0.07538233421136835,0.06099902016240857,0.027961802706997982,0.0877435155052209
0.135614223037737,0.08075059525090006,0.21747982085886544,0.019797769323848302,0.18854176145262377,0.05695360589817942,0.08765758185743718,0.06698845268793265,0.14621618963247618
0.09573058868395985,0.1274322451899279,0.11186951238243444,0.05413209157822785,0.0920924326086902,0.13831708816282343,0.10916898388031908,0.06125242680250272,0.2100046307111146
0.11879238209353142,0.14505982387021862,0.05828166098322848,0.05167240296554571,0.2146074244356869,0.07770023117129614,0.07661759772281296,0.06346270590934401,0.19380577084833575
0.125774322206986,0.08253567631551924,0.11613409818418365,0.1703879770020491,0.04403347036213795,0.11770320786546175,0.07052977325723832,0.2100421854204344,0.06285928938598959
0.10285020624136319,0.08843022522677758,0.33362322849697384,0.007146048316915512,0.1133095948017701,0.11558535385214876,0.07071385679615501,0.06859943593330331,0.09974205033459266
0.08879669807518649,0.08090880108456568,0.31712262992258394,0.006544593561027098,0.25688770157942503,0.050183620402806384,0.07610351631154803,0.08959299755221002,0.03385944151064727
0.13856817385562478,0.13638825076302388,0.045440740413355385,0.23583697062684858,0.09211816394714611,0.08126624030175433,0.08145087184735274,0.07435952490084063,0.11457106334405352
0.13080255927080603,0.10300721586537681,0.1395959682349101,0.21801135145632652,0.07191684586403531,0.11454245180245602,0.10686245826673478,0.04629606081800921,0.06896508842134529
0.08830046277172589,0.1013754114831668,0.038728820804351166,0.027191614907263892,0.1032587059917031,0.19632473351181934,0.13062081364132047,0.0905677366792687,0.2236317002093806
0.12769215097553668,0.11027262060035255,0.1413258485981382,0.16948833942926467,0.12877396358316973,0.05253607641752647,0.11421095183786541,0.10150515277999261,0.05419489577815362
0.1075295021421913,0.08476810284087889,0.035763472189706276,0.018956173683980386,0.29628973576345813,0.08337933709760449,0.0824568392637614,0.02681539032158996,0.2640414466968292
0.10795755695285532,0.13218243191033338,0.21881533928640506,0.044126182455298125,0.11634610621993102,0.15031758754502697,0.07340587521387536,0.09721791451960203,0.059631005896672744
0.08261286367398364,0.10227464393209218,0.3319010820065928,0.0031300636132823695,0.26284725933648484,0.11991017165899143,0.03722654236325564,0.029166394522427867,0.030930978892889104
0.06496766997032895,0.10187183204045264,0.37522842961725295,0.006705491277758422,0.16085772303880497,0.09954938854616247,0.10765048957579414,0.022603532894591005,0.06056544303885445
0.08597746079533558,0.10626693795150971,0.23156495050098178,0.003948959096781991,0.32234424602164763,0.09948326121067201,0.045284947552140666,0.025585579488290322,0.07954365738264035
0.13080412266501873,0.10671327258584085,0.06857726557833382,0.15085405287572082,0.07796098385106529,0.06411265851405391,0.09507123552400056,0.07185410805090531,0.23405230035506067
0.10471345157456656,0.1363206275228435,0.2300249739110649,0.08156859366020282,0.08850723583499091,0.08569024463315826,0.09408867900326438,0.0548816741838114,0.12420451967609734
0.1045652395439653,0.07560220199903749,0.36324386228234484,0.022688676327939652,0.25504084551098266,0.05480066362302732,0.05233846334167327,0.051484080792522084,0.020235966578507496
0.12559955200810546,0.09983948296866337,0.11230310566634667,0.03919365045698481,0.15979182245954004,0.05334024838972451,0.12489056026153533,0.0932272028962456,0.19181437489285424
0.11671180675827346,0.10123828305384931,0.04638005042494259,0.03733015145941465,0.07216735833199563,0.20290852894987388,0.11517153066823564,0.11166065339147913,0.19643163696193575
0.10225604008875806,0.11881994989096296,0.30571332543844737,0.012025244576989285,0.15808831184259367,0.17775580021165235,0.04298119824944104,0.0387546571214406,0.04360547257971455
0.07610487072898704,0.07037091569713068,0.3152985063389924,0.0015942721607936472,0.33103818439578614,0.0638950017517342,0.055181977371916026,0.024987846673752378,0.06152842488090738
0.14894509653395746,0.10152409884774312,0.11323671359773528,0.07514779803646349,0.11306489120586095,0.06635767550676569,0.10255609676978295,0.1603894536724351,0.11877817582925589
0.07634773394935174,0.0952832487543505,0.23267946040452533,0.002568504858820458,0.3482946740117127,0.09333364585029995,0.07561834455620702,0.010371397158348767,0.06550299045638357
0.13492625582536646,0.06500339359604164,0.26186007367820424,0.020893723904606618,0.23315148117111437,0.1235826284989326,0.062057116902643074,0.038294384844130995,0.06023094157896016
0.12784064728320232,0.09460128905577615,0.3196790906064675,0.0595141883537281,0.14683444824183758,0.04846305742656102,0.07912767613727827,0.07151522533821673,0.05242437755693228
0.1154772763959339,0.07364988985481104,0.39066816125393605,0.008676314033059388,0.16521225777358128,0.1050853294611851,0.05076485744252466,0.061282808612111495,0.02918310517285708
0.10125588898367004,0.09760344032181763,0.05432364015849509,0.2525785973268845,0.07841745267046699,0.10297488426730807,0.09386540057421805,0.17267191199115664,0.04630878370598307
0.10782736871654142,0.08927763917537501,0.25178641269404806,0.011079443516347168,0.32684460448343894,0.09091340529595816,0.0535496863259344,0.03705349189780301,0.031667947894553766
0.10182016210200673,0.18069238173886962,0.09123095598808782,0.03692151561273349,0.3058329535976205,0.059435239275323314,0.09172531732544131,0.07119710420812957,0.06114437015178769
0.05790581968072117,0.09696800944234947,0.4058313922755619,0.012457962484331064,0.26775365727579875,0.03261950959255531,0.07983552354431003,0.0249009965316405,0.02172712917273169
0.06581386519045705,0.042036138080528196,0.3005441163827646,0.00427377081285473,0.27416197201465303,0.07651031068099422,0.07576057595832086,0.012460903343511654,0.1484383475359157
0.11790427180449631,0.12347876499153226,0.16416941180383035,0.06475433428713236,0.17857633133541295,0.0770893982455008,0.09345633073001376,0.09348800692603633,0.08708314987604489
0.12519153616765713,0.08769914821592371,0.03784980240982245,0.031719556158438994,0.1674251856894821,0.17933729781596583,0.08591445016860678,0.08187864152806158,0.2029843818460415
0.10805254435477789,0.13101729597575043,0.05189732531187439,0.1299145008371186,0.04352576412133518,0.15625283922258512,0.10388421096440033,0.11413056910272334,0.1613249501094348
0.08230890497403177,0.12204239112213085,0.1140169874510969,0.023789528705957297,0.13809699684243226,0.1398888923339087,0.1196909684738814,0.06967611579533718,0.19048921430122365
0.11770299778064008,0.11943920459857353,0.25096820922079577,0.04693977408482816,0.23064394822089418,0.08139159215972509,0.0607680215973852,0.06147251679643981,0.03067373554071814
0.12949154315772404,0.12670419232160177,0.061336887213235956,0.043132576430332,0.07788189371766362,0.14364782585481542,0.11923468199882643,0.16635019370573154,0.1322202056000692
0.09180476126992665,0.09933628050929356,0.291897285616402,0.029385002358332246,0.17063789869040302,0.06430567701114338,0.1045979600206196,0.06375524501213838,0.08427988951174116
0.09811113626094038,0.08241440105317226,0.2711673773882826,0.010020705151917225,0.29459263974277666,0.10585287659689961,0.055652883334920605,0.034139043483050434,0.04804893698804019
0.1344951978722461,0.11980466441083375,0.1620399411463261,0.07956955896410449,0.20499879047566524,0.07398576416268032,0.09195707882095705,0.08496617716356468,0.04818282698362225
