0.10544043943523658,0.11846783708983384,0.11286087336147688,0.12252592249103156,0.07877451105718665,0.12830271532794177,0.10675813540812086,0.12735892799057577,0.099510637838596
0.10117873133146021,0.09609676824358998,0.06414194305686868,0.10856097611662581,0.06527745532188796,0.13865652129703393,0.13925505474175043,0.14532541943144636,0.14150713045933663
0.09158768002345692,0.07263805922709425,0.20247548991342854,0.08426221527699278,0.1308606873305083,0.10937201662272887,0.12276574656080341,0.07694267267102937,0.10909543237395763
0.1496193149198046,0.080245394673449,0.1480611617203857,0.12032507860922655,0.09766525671606835,0.13321480614109105,0.0992056320641911,0.10874405271141142,0.0629193024443721
0.059229647378875434,0.07992837127177681,0.23285555000465186,0.09694280739086229,0.13430976171652143,0.0880920377526943,0.0941827510169233,0.13131746635365146,0.08314160711404311
0.053095897953990334,0.08649906507527245,0.051901378156841226,0.10733627568676885,0.21382667724053137,0.099952575405076,0.12255898924463342,0.14389908794957135,0.120930053287315
0.11996647166488868,0.05252207643782556,0.13707196813672096,0.0893684231301794,0.1474126313154796,0.09051799147920275,0.1108009624408944,0.1484298077351047,0.10390966765970401
0.10432427010067884,0.17622002372534515,0.04125269326103805,0.12095327704084154,0.10790440755523185,0.08946713900231712,0.14001780232952152,0.10089370071280969,0.11896668627221618
0.05806329922725018,0.07161875377426564,0.11497760882032752,0.10538379280434675,0.1586854651220454,0.11570323732658,0.12791407590608728,0.11113122590054532,0.13652254111855186
0.10375536117737555,0.052240395261735274,0.12279808167585633,0.07752623538614546,0.08242567624541476,0.16927700105337432,0.13270020381101064,0.10066200640339613,0.15861503898569151
0.044467188103714035,0.06246961188050274,0.3147028183306743,0.11674157020640137,0.0961289693665499,0.11846010979585427,0.09049476447414671,0.090143445194742,0.0663915226474147
0.07997121141187086,0.09244861301250386,0.13651220651723817,0.11228214632899458,0.08747002363922358,0.1191734446718959,0.1115387759319465,0.13164889942906435,0.12895467905726218
0.017487163678402026,0.10415064201198687,0.009111641159891335,0.07504372458244417,0.33056123261219583,0.08997374600222151,0.0980996531329351,0.1014611438488281,0.17411105297109508
0.09838013342719205,0.10155639270675915,0.08367559120476904,0.11456430520729742,0.08589022170584104,0.10770933246751123,0.14355956783946575,0.14586607794715856,0.11879837749400579
0.10006346821553308,0.1157332785343032,0.09100745063604847,0.12228988409875062,0.048880510437948034,0.1539551010448087,0.114085188495256,0.1336534542656998,0.1203316642716521
0.1279315774003713,0.058068866107112864,0.16428431610595864,0.09009098151004637,0.08185358980640099,0.12026106814744304,0.12670262982295055,0.10300957008940607,0.12779740101031015
0.1101493498378574,0.11259893026524093,0.05756052251580648,0.11507591929431144,0.1576255429966065,0.0893714706346455,0.135654555070299,0.09776495851293132,0.12419875087230144
0.0950175873981038,0.061199765892793856,0.2017177909594475,0.1041614405349789,0.09063716464931103,0.14459397223432685,0.11317294711920951,0.09358115761580021,0.09591817359602832
0.08602508051057363,0.08570199185574817,0.1360101059087112,0.09734053402426081,0.10784220402857526,0.10038352561910968,0.1397480110911883,0.0951563110209796,0.1517922359408533
0.07718527203357996,0.06477962495014729,0.1638111522838912,0.12113910300532076,0.07104734085286248,0.18213699134602346,0.10586875159274374,0.10475757554639388,0.1092741883890373
0.04379195361870893,0.07853740533186408,0.30552963213375506,0.09569460112448076,0.09087177310665408,0.11806232261782112,0.11800274517048492,0.07216510967812974,0.0773444572181013
0.06484079129499136,0.09463844287009715,0.04280673782791459,0.09537733685491877,0.24957474272506897,0.09371011231674121,0.12793973570408976,0.10273071853327259,0.12838138187290563
0.27125256715927754,0.06307990302740259,0.07051669287166903,0.08419169047365181,0.0459033976754707,0.09705758761240695,0.1290230121197049,0.0958505126685799,0.1431246363918366
0.21022732341870473,0.058570521237804075,0.05993048872351287,0.10282283016438724,0.1219959708497379,0.10527924015516328,0.11680317340261688,0.11308214447049832,0.11128830757757473
0.15129436680703126,0.16824804341330013,0.03650820808565102,0.1031893619188567,0.12162362332007391,0.09022762785108358,0.10604470630499101,0.12482512835783056,0.09803893394118185
0.15123687931461197,0.135301883739058,0.058528765497107095,0.10853348926888327,0.09544691904197487,0.09857233796579179,0.13035259795056922,0.11509284110149298,0.1069342861205108
0.12366111093653216,0.0776027243135149,0.11165188992749076,0.1353658961873071,0.06114139811152778,0.13784772380275542,0.12689046524608358,0.09594339523676633,0.12989539623802196
0.13610004807123594,0.10248753650288871,0.05126471437568756,0.09533103644418801,0.10844091369891125,0.09116624346162376,0.16089982277162382,0.09577435775224082,0.1585353269216001
0.16541185779057674,0.07706972459402223,0.1426683339253212,0.09947803394756627,0.10128625280388433,0.12877534586991854,0.09916912918653108,0.09029288105641942,0.09584844082576026
0.055951772997744335,0.08278349473214867,0.22602341987880328,0.1076665856253363,0.13596528473066463,0.10911923176155443,0.096617142115216,0.07910830094292952,0.10676476721560287
0.14781442858228241,0.059566347003292976,0.18225940129716592,0.0992301104571417,0.05567434815349611,0.14409475756292212,0.12061457214180367,0.1125451282674606,0.07820090653443455
0.1304739234982023,0.134571973116927,0.11201464806340543,0.10046617104487778,0.10918035138196154,0.09020761406672785,0.14057862930624349,0.10850162907173548,0.07400506044991915
0.05130264187152012,0.1278950837858749,0.17020775367653307,0.1277879493874788,0.05653688483269536,0.15111423718603967,0.11002544380584439,0.1334324810545248,0.07169752439948886
0.08534796801226073,0.06867664389236731,0.20840946093704424,0.10702823314149244,0.1036575968558096,0.08939042206434455,0.11515457723082911,0.0960544970196509,0.12628060084620116
0.10450585787122724,0.06281189682846665,0.12762137375270863,0.13185822660835378,0.1852318703432444,0.1353774861324867,0.09224556530136037,0.09254719019523376,0.06780053296691851
0.0883014778076101,0.054215148030681386,0.213141666602614,0.1316091242578037,0.08357888639487406,0.12538789888930374,0.11490445906262214,0.09854720636993236,0.09031413258455852
0.05434220207124823,0.07083955452707137,0.14407727332045703,0.11339722757188254,0.23956764500816538,0.11080724220393871,0.09541277075528158,0.08145092948462214,0.09010515505733296
0.11785508440282849,0.08316770746022749,0.09200082458483379,0.0966945888240866,0.08297717500372594,0.10197714125754755,0.13842223497653988,0.12753125304536203,0.1593739904448482
0.2105361345926374,0.05322207765177564,0.09457631477719297,0.11454371624426589,0.06395434715067394,0.11705215558888488,0.11330179860660712,0.15090502153675814,0.08190843385120396
0.12235208730404706,0.0805460946733531,0.09472245631817418,0.10324272036760045,0.11044944482470008,0.12826695300563326,0.12657018774034623,0.12249630907255356,0.11135374669359206
0.12334424766818998,0.135099129961174,0.028118739410050136,0.10007288752730605,0.12938404981339052,0.09148995340694381,0.13125444327867897,0.11158923046746799,0.1496473184667985
0.028165435413230865,0.07908244064434179,0.3581515063623832,0.10300485477320392,0.07606359002490513,0.14059890276530884,0.1015244983133975,0.061458486249860965,0.05195028545336777
0.08808414137931608,0.14665468353696728,0.029149612987692673,0.1046207056228813,0.15930388819085473,0.09557367793388734,0.12000037586108248,0.18207885550647618,0.07453405898084199
0.09121955045627406,0.08376275466842481,0.043733560901213116,0.08169497233723301,0.11457350980138392,0.0973528218404419,0.17283352744174152,0.11408362534345191,0.20074567720983572
0.17724163301099768,0.08782088422343799,0.08951140450979839,0.09845367442207748,0.06787821250674436,0.16461215976273166,0.10284453950045074,0.08148892315113494,0.13014856891262674
0.032499170952314964,0.058011255329516266,0.09594332703260544,0.09632727618100566,0.29565009562469585,0.16603186032074038,0.09917263587486107,0.068392855961851,0.08797152272240932
0.05254498858411392,0.10663188764957188,0.12941991063202316,0.120558394921093,0.17728928851805037,0.1222159706659255,0.09771355217534115,0.10176970106082968,0.09185630579305126
0.049415960898603506,0.08644215777747022,0.055363668591394265,0.09953905592466457,0.2748125174350533,0.12750420558730188,0.09743377082238332,0.10229307322233731,0.10719558974079167
0.10983008466275408,0.13131283496824422,0.12592985649943952,0.12016872071707001,0.11223567957774398,0.10976963776119619,0.12340302850433649,0.088248491659616,0.07910166564959951
0.07209128464811694,0.16217790173941643,0.043238905159978476,0.1044744736035903,0.14124400764100103,0.09589298442734828,0.1342257057637222,0.1554235095830515,0.09123122743377492
0.18639857779589955,0.06172974386169113,0.12736534170941075,0.08713268519588047,0.0602533795164454,0.09661399522235992,0.12918807114245257,0.09999389953286382,0.15132430602299637
0.08488722516693821,0.09917044094440182,0.06751822419319127,0.10485376572460427,0.2265761877175433,0.10664691830475587,0.10585492496390243,0.10810334284749785,0.09638897013716498
0.12699282630185357,0.11096391561518233,0.06092682759462579,0.09102418067525321,0.12020338598137577,0.1158033145976028,0.1419283589182416,0.12057428582198436,0.11158290449388053
0.10329606153285575,0.09807000333467225,0.047871136247380076,0.0985784524468481,0.1289985881555763,0.09418218671783607,0.13288897855712162,0.1735346498763688,0.12257994313134107
0.06784335252555347,0.10851399355088753,0.08192917930638767,0.11138552246009616,0.16007692145318844,0.13618643836959451,0.1317381658510333,0.07217426544201769,0.1301521610412412
0.016808573587667384,0.11620489411432254,0.23303944974807014,0.15495460495458313,0.1835987981709579,0.11193337371978519,0.08500797718127406,0.05627924210807244,0.04217308641526721
0.06846050888897012,0.0470805971560265,0.032687470665780004,0.08673579219768042,0.33354764452530805,0.06986095152882786,0.11697848788397136,0.13898764548458034,0.10566090166885532
0.019895409756699976,0.07160030482157533,0.09748702070977455,0.061384435145888816,0.20072050989791787,0.08930091936672287,0.11234607562856673,0.2636724141228219,0.08359291055003197
0.12940211691631956,0.05494559530163754,0.27540601785680824,0.088421721849689,0.08809892166419288,0.08347095441736234,0.09556120836143668,0.08587011870464473,0.0988233449279091
0.06941425634006064,0.08029584346005696,0.062300010817184594,0.11780286611481113,0.2092562941619438,0.09132113061611519,0.13585532758886895,0.1111735779016771,0.12258069299928166
0.07908696445987916,0.16199087036940862,0.05153265630194367,0.1117925144751283,0.15655136022157914,0.09717725710729648,0.12765447103530297,0.09879135877655616,0.11542254725290539
0.12124304009507338,0.06150604036726359,0.04326780735841296,0.12224988116179293,0.16179874767084193,0.13767365902809084,0.11557155896191935,0.0994649200404278,0.1372243453161772
0.20385216260528458,0.06847540296385919,0.06584481896280274,0.09713164262117048,0.12404547175301443,0.08994274520692924,0.13611724702854114,0.09824523009132191,0.1163452787670763
0.07877324790087371,0.18567918408389886,0.05434497881181882,0.12182091828583859,0.13706909415296187,0.1113500105253284,0.11358823314708207,0.10388135833831076,0.0934929747538868
0.10198176369415456,0.06770464157309432,0.19418244026938647,0.11226075379967498,0.05894740694943295,0.1441664915365413,0.10944525863844963,0.12394778884889539,0.0873634546903705
0.07761140327012037,0.26528947129933833,0.024044663757963648,0.11667634823601691,0.09180721764804922,0.11342040331387253,0.11457277084363815,0.12884850698807418,0.06772921464292664
0.0658287699989958,0.10224493415252123,0.1291040110923781,0.10766132985185907,0.10487373305150686,0.14228980152831125,0.12163311998821981,0.09782639544926637,0.12853790488694142
0.10475458118371934,0.07126138446240983,0.06010897214288383,0.09657414063476026,0.17675282704053244,0.10010631288308962,0.12047894898607177,0.13388804214553507,0.13607479052099777
0.142071114674909,0.07354297831483136,0.11921543270438206,0.10874230208941342,0.11338088913695042,0.13112088543290037,0.10395057310232929,0.10914780179419459,0.09882802275008944
0.04929802514610804,0.05657546420622975,0.2705014125922606,0.08681092662903944,0.08292022040968926,0.11949986675496747,0.10911221632212485,0.15524516752036768,0.07003670041921291
0.05035994215102412,0.13073075186070457,0.04680243333372836,0.10614598072725596,0.17788946500293504,0.10876508492390903,0.09959624928718049,0.19806833778856645,0.08164175492469587
0.12618119203961278,0.0925535699464363,0.10367576027239434,0.10664492999098224,0.10494155492308126,0.12017807928606984,0.12606403799042723,0.11842400162571538,0.10133687392528064
0.03264123053726828,0.14667242429451877,0.05146238143288643,0.11055076773511287,0.22344481996845209,0.1285568557066419,0.0963286840079886,0.11032715612852928,0.1000156801886017
0.09480705348401029,0.07223334344583084,0.021617155258107017,0.0980041963163803,0.2780152994687725,0.09174869985916605,0.10194484054195325,0.10209062164009992,0.1395387899856799
0.04433293830982671,0.13563165629661436,0.11531607960668566,0.11752380847821452,0.14609204772798887,0.1371722479739296,0.10563435580436169,0.11468859176438283,0.08360827403799574
0.11581522846536475,0.1320065942306086,0.03458279856878676,0.10190070512343052,0.1373567077629116,0.10454344459955822,0.11705728649654347,0.14582492561451885,0.11091230913827721
0.10735098374936491,0.08530311680437719,0.06428841826722416,0.11014671196303309,0.0856002410589876,0.12028332250991146,0.13430135159197892,0.1543646159654457,0.13836123808967693
0.06012253586090697,0.10217701166021997,0.12159870723013695,0.12844657832332496,0.12161303494825722,0.13477004142906676,0.12283346110975796,0.1287274043208221,0.07971122511750713
0.05206295828185225,0.12895003380251413,0.10442266245957238,0.10924765384789477,0.2222159538809346,0.11556756931528224,0.10662406879974266,0.09772619513433016,0.06318290447787682
0.09931503679631531,0.08851434620600918,0.14709846684680242,0.11121703482960106,0.06579011799932026,0.13706967815302176,0.11480491786456981,0.14841585103295332,0.08777455027140689
0.05318410258722067,0.04289569894431868,0.06006264773027822,0.08457445447868751,0.34074550763005745,0.08003630924570194,0.10869739109592806,0.12640314761005542,0.10340074067775207
0.1255237995786494,0.06271012129509483,0.22783331596305637,0.09344186259362314,0.09918972898335521,0.12095923094314459,0.09400859029588009,0.09998567290452971,0.07634767744266674
0.07362264440775335,0.07891312929236205,0.09135675872592831,0.12051008739827297,0.1007164314542059,0.1352288563583093,0.12084904954262328,0.10733218766047804,0.17147085516006685
0.06531747844814458,0.07334800856097234,0.1311027263779573,0.12855530186387484,0.30299864283477806,0.10879279534505265,0.0778322328600252,0.05778085567558474,0.05427195803361024
0.07922628413338413,0.12805612242798572,0.07412409036126988,0.10549998768300362,0.26592059458519013,0.07292323606750455,0.0886608134987666,0.10222977153532631,0.08335909970756909
0.09700333801888424,0.08887098086911001,0.06978769205465106,0.10199197701897568,0.16537721085088142,0.12588111079469977,0.11480153500999946,0.09180047080044001,0.1444856845823583
0.056207128654156224,0.23575060309687856,0.1329813020878856,0.11741435685455266,0.09124477692804955,0.10114302988807178,0.11983683891093529,0.0842688844036542,0.061153079175816145
0.10451954480890453,0.06220921938999865,0.15363175783081637,0.09773828358894661,0.10644343705340215,0.09684146763533497,0.1375426509636097,0.11671865200857375,0.12435498672041334
0.05688517216427474,0.07973995868433557,0.10428503271417822,0.11235447090916556,0.20393865478116266,0.12160005323939621,0.11126472053349327,0.09989343095083288,0.11003850602316091
0.1841062177671673,0.06750420684350154,0.0710664294320522,0.09113200818564123,0.043677201103661856,0.12749658130395228,0.13430358098901551,0.15906641718845857,0.12164735718654952
0.07526941104522993,0.06739952704067642,0.1273136075275572,0.10875458800961542,0.11201484158014662,0.13850118225670224,0.10747612301161463,0.12763059961293846,0.13564011991551914
0.03851998925107792,0.053207792043700776,0.050128784224884045,0.10211269663630566,0.32696214032818094,0.10860669943028889,0.08879157362822009,0.12199925689458807,0.10967106756275362
0.10290067813435068,0.07375515300179193,0.07641822807719255,0.10355236711894927,0.11371307111822625,0.10211956781357141,0.12726771511022517,0.09414065803767409,0.20613256158801863
0.08233878967007913,0.0680925967098794,0.06986807533707438,0.09306432325160596,0.26555649759657785,0.1116775444130338,0.10475924188721965,0.0962632443909498,0.10837968674358005
0.08244069176308719,0.11143674679256715,0.20387010575291123,0.11608835616082669,0.06005858277738568,0.1260803710553356,0.11231178035750268,0.10632223932825274,0.08139112601213104
0.05154245284581275,0.06933516789770891,0.04636421881536965,0.10519218628444164,0.32415306443007136,0.11177778481921015,0.09282140664892542,0.12755057786951138,0.0712631403889488
0.05232265545741796,0.19820168444682926,0.08976088297922878,0.10495982196857472,0.1321633446019603,0.08968227917985803,0.12604433244335592,0.1098402338237704,0.09702476509900466
0.08133323501786864,0.1422347002143004,0.07046176511099846,0.09773413185318604,0.11018121304888574,0.09715657802024615,0.13440547589113597,0.13295547007844855,0.13353743076492994
0.17510088307165117,0.103853713189833,0.13834060209745067,0.09112934148442679,0.09868061557816334,0.09732688714986255,0.11898476657574868,0.07742952762809355,0.0991536632247702
0.07419889610070503,0.07355691418394057,0.2356435962843284,0.10308547947510911,0.11875154810954454,0.09569273878395566,0.10213510304013924,0.08151044445190259,0.11542527957037478
0.04548772154298739,0.052241089253817784,0.11133465504560836,0.10323338580010159,0.16558325765828102,0.1498561055339145,0.08702756171421484,0.2043288496147048,0.0809073738363696
0.1169599542827751,0.0862270885053515,0.06878520884909668,0.09864481513919744,0.18496490157601486,0.08809549096272735,0.11540402003238977,0.1196786082419335,0.12123991241051378
0.09665952293144464,0.08970691740945831,0.18909628385784907,0.1128103228469887,0.0545504935426167,0.12312319268146453,0.11916349456271963,0.09513116128266834,0.11975861088479016
0.07768506098541107,0.06262759644332987,0.16979928561559857,0.11597990424585053,0.11765968572359924,0.12587998962560307,0.10681578758001964,0.11073239506237482,0.11282029471821316
0.11050358509716261,0.08063250038039778,0.060701926394820326,0.11258409905284034,0.07339111271991239,0.12494460782193872,0.13757225000660267,0.1291694026822461,0.170500515844079
0.046991540412059524,0.10359958710987364,0.17738115688828873,0.10146845486224608,0.19146896717954132,0.1091751888916203,0.09137364817915651,0.10949615125523211,0.06904530522198177
0.11619432961284108,0.0847391011661679,0.053372723448030866,0.11806611522865063,0.13977965254959993,0.11633557407610777,0.14230743419425584,0.1087588742580388,0.12044619546630708
0.05966905388685235,0.07644468904485748,0.10474617036117106,0.12084760071349476,0.19125651357720452,0.1280331585567208,0.1091549771192184,0.1037161747997684,0.10613166194071233
0.012376409947142454,0.09779054265956888,0.03371391724124756,0.14012854324486745,0.19324177755968205,0.13239454138771267,0.10166746160814,0.08884364091116852,0.1998431654404704
0.1401754605616365,0.052838208807097886,0.14417777337121238,0.11490121468390224,0.0919831135885064,0.13410745105652708,0.09635960670797121,0.10732441516463816,0.1181327560585081
0.09288472185071532,0.10319118422283526,0.16012860960704203,0.11303384960066916,0.12302691602148896,0.0881931401880643,0.1391483246219313,0.08248939854846639,0.09790385533878727
0.07238389080853198,0.13380593446940237,0.02171154557842184,0.10184627888404596,0.22543106661956372,0.08453958912719255,0.1322846468740062,0.10288303033702002,0.12511401730181534
0.1389796016636133,0.09293611429181714,0.05224509461553559,0.09894532908385519,0.12901118313388413,0.09525286903256318,0.13148468973069397,0.1218672170638454,0.13927790138419213
0.12339299258074032,0.11601216528355675,0.07091776782218673,0.11057215630309898,0.07083096788331043,0.10878169224688321,0.1411923945530201,0.1303031172908985,0.12799674603630493
0.18952746794265973,0.05416694649158437,0.07684845629352965,0.09057573610591824,0.07649581948400608,0.1126629276799836,0.12424460483796591,0.12462655172062835,0.1508514894437241
0.03992616923568238,0.07827295916015502,0.05823907023513695,0.10945109171180835,0.22756062099149643,0.10010001937001677,0.12082465676345384,0.15881625227858134,0.10680916025366893
0.021725316441512054,0.11412061104271727,0.05290082122493539,0.10373337841979907,0.24150504588541777,0.12748781955417035,0.10984890885020993,0.08212511175193012,0.14655298682930806
0.07136288248264226,0.10679033892995445,0.04355928961598058,0.09456138569048393,0.27303128685541594,0.07928269162161729,0.11754171251642498,0.10431740859311435,0.10955300369436631
0.08137299515749384,0.13156956890315694,0.0693665421155286,0.1096629358145033,0.15111407089748316,0.10910569434239815,0.1254399017687862,0.13134470325122458,0.0910235877494252
0.136942223703377,0.0832170342381956,0.04923469732880179,0.12893064269355778,0.10354944219380972,0.1278694902954955,0.1108135950679194,0.15361810871435624,0.105824765764487
0.033001944722879435,0.09153395603922972,0.1060019396698645,0.10892529662718169,0.2767144598614764,0.1107881069685094,0.10645679603892683,0.10219519419528532,0.06438230587664666
0.08558077206638522,0.13979176792610318,0.07355494728511752,0.10222685207872233,0.13620607818669275,0.0961263771272769,0.12446221545832882,0.14255222807581977,0.09949876179555352
0.076325977164634,0.10727018206348604,0.06350795382340345,0.10755857633310235,0.21341919741670642,0.12705262840530734,0.11421969771191415,0.10757659546666598,0.08306919161478027
0.20607033077667117,0.055651753968254315,0.13035970640396286,0.10370513899728295,0.029316574432207615,0.14112388389397146,0.09798216311768086,0.1147387682738195,0.12105168013614925
0.16767991135349605,0.08119386915607034,0.06045563016910949,0.10195236767668091,0.10290022027839656,0.1097197611714239,0.1291469525876712,0.11865017214465405,0.12830111546249753
0.07095899669376994,0.08980861788589785,0.14207970775673848,0.11215842823259752,0.08870568895454924,0.14403327882765957,0.11418796987267832,0.13771324115449887,0.10035407062161023
0.17775970322892762,0.07050873883931034,0.07342537996959396,0.09528100049984721,0.14481433967003296,0.1200351428093009,0.11567782922675378,0.09119078447879077,0.11130708127744247
0.16973243930769688,0.07136717125438032,0.029226504969094968,0.09661261923080318,0.06720431624236048,0.09707386437184373,0.12629847446432632,0.17443746715352915,0.1680471430059649
0.07799249073794369,0.0555423376748024,0.09608078262843818,0.10893819940953585,0.26195291347821376,0.10337115569248073,0.10417094041930534,0.11706905931681026,0.07488212064246982
0.009169420740695027,0.09715773540337529,0.024526862991408518,0.09675414820092747,0.32129878583743565,0.10018736367928756,0.10945873523283406,0.05921017729998882,0.18223677061404753
0.042282482707664805,0.06773257639132851,0.21790389158329826,0.07255819929497745,0.11605734623838959,0.09416419327194762,0.10423696441209779,0.19471074665943544,0.09035359944086045
0.0720680180386052,0.07001911046307241,0.07900752653276201,0.11592272349225856,0.18375921469892867,0.12335243597771794,0.11481214386471868,0.14234389436371817,0.09871493256821845
0.045897936668679466,0.06838133186681605,0.22339281533227762,0.17436560432885387,0.07783569143734749,0.13597210350198594,0.10770081965569624,0.08039802836354304,0.0860556688448002
0.09257284691832561,0.06961000742977318,0.09773306314909468,0.14129507111956563,0.1286879663411733,0.1538255432242638,0.0978969720815785,0.1048630484048645,0.11351548133136073
0.1683319038722031,0.07231057175099674,0.04534777864823258,0.0928955780713709,0.1033956060080055,0.13879291681516434,0.11747630245637158,0.12542562066658147,0.13602372171107383
0.08243187971663042,0.07857642655375317,0.05969870638736365,0.10424848159009688,0.2498789945561566,0.10651565982899859,0.10771261907105852,0.11518004408556402,0.0957571882103781
0.10189359977667946,0.12120675703171131,0.06663971614358802,0.10459677854933062,0.13535082544274507,0.14028450021332955,0.12461131027843192,0.11434085795260923,0.09107565461157478
0.08288261332734344,0.1494063506658301,0.06627986826119436,0.10662079332934558,0.07340951429417007,0.0971486782973161,0.1413629797418505,0.10966642995912627,0.17322277212382356
0.16769660588586163,0.09728336002239019,0.05998976616761326,0.11869761126266004,0.08028895321486244,0.11377463413983273,0.1198034681065848,0.11150010458718701,0.13096549661300802
0.09096101453802384,0.12049108233440459,0.11322539584849889,0.1129208544242638,0.07459701522333245,0.16839153558846134,0.1091745015843782,0.09514337437346344,0.11509522608517331
0.06607250754345502,0.07017321558784463,0.10900287082676453,0.11878278216929232,0.19430960434001068,0.11913987297272499,0.10953453412987545,0.09916082533131208,0.11382378709872025
0.0591126359533083,0.24414212208120692,0.0466421760256785,0.1199720844567262,0.1492525884052782,0.1037528806191587,0.13206904574891498,0.08259977290195093,0.06245669380777726
0.08139160422365567,0.07416496847016518,0.13390684340405087,0.1019757111836751,0.09729573086393284,0.11355931522641456,0.12450695854172844,0.13574806483927396,0.13745080324710338
0.07480116978306266,0.12224757157488582,0.024366322110588066,0.0851418659034038,0.20738180112859791,0.08024633346858044,0.15358649206466082,0.1016169174684572,0.15061152649776324
0.06838380411855652,0.10182325095703267,0.12889016098391906,0.11016691866946371,0.15631385959185887,0.1178590546855277,0.1046932940163532,0.13855339359964158,0.07331626337764673
0.052939128388851286,0.07646873662931497,0.08226933602530184,0.1295402672851292,0.13308012374785558,0.1770092200934168,0.12295490091879417,0.11482520875125717,0.110913078160079
0.07565350517605417,0.07094768937677284,0.13518439994243373,0.13218839122185969,0.09683558650647177,0.1402556193732716,0.12387738148350864,0.12280807739638167,0.10224934952324588
0.14303452079395904,0.09683912794841722,0.05703879909478702,0.10888066307582032,0.12594189094389,0.11103546187841061,0.12587358784314023,0.10591040699206027,0.12544554142951528
0.07093681341420183,0.09292773381198575,0.12658334056478757,0.10824292864470926,0.15257968102711014,0.12590328776630855,0.11836102029813426,0.1108207539252174,0.09364444054754528
0.13516349170716196,0.11262316415437897,0.12036676709467309,0.10785917679466468,0.06977077728370618,0.10395456190654674,0.11791259782938374,0.10832235954786769,0.12402710368161692
0.02037113224869318,0.09835957649131445,0.41829863431101394,0.133428329587257,0.0806136639367867,0.057492621987648075,0.114406345152171,0.035604731386877315,0.04142496489823839
0.07289242216183184,0.09507369333227654,0.14400628824998077,0.1203876205076821,0.08658502064858951,0.13344683847787117,0.12717889014365133,0.11692193182841344,0.10350729464970328
0.09991305546371139,0.06220822489679458,0.16508870948364315,0.1078521676781579,0.10373849026057147,0.09265789591779883,0.1276796286873806,0.09544642356280297,0.14541540404913914
0.06501355469342877,0.08584968769990743,0.08817109648725309,0.12348762144256475,0.19119942683476046,0.11614572257672799,0.11704671449028085,0.1209119626965313,0.09217421307854523
0.049119305144649295,0.04014030772271205,0.07590621748414654,0.09786045502003976,0.23306568449229026,0.0774162582232784,0.11010273141980566,0.17842302741068874,0.13796601308238926
0.05106405069429066,0.15919109285219163,0.10679605019168481,0.12621291182900488,0.1276358990343254,0.13109666171463527,0.11640625955705641,0.0991394114899613,0.08245766263684962
0.04596864075361919,0.061030467723237745,0.23039886817396452,0.10057303646197775,0.14646583946366146,0.1691713076274709,0.08952842413362637,0.09336206217377725,0.06350135348866477
0.09912887388621354,0.11784362263782726,0.03603084642679447,0.11563861699274036,0.18104612063594805,0.10902553862285547,0.09927691370250154,0.14379851400066887,0.09821095309445055
0.25140755048141233,0.06807817434772297,0.12395236450411494,0.09268206397737894,0.09464067124443416,0.08898362648610604,0.10751055771396041,0.08064742647515362,0.09209756476971649
0.16767595976661517,0.07247496276942718,0.04651894598025343,0.10886623077845607,0.1253062025281644,0.10963772480661217,0.1069495266822393,0.1628114865874746,0.09975896010075773
0.07359264096741773,0.09032823362526736,0.10136964827260658,0.12232312426769813,0.11997248334771334,0.13071716406042508,0.11139104086287259,0.13596013662796888,0.11434552796803034
0.09487777899487236,0.05173206387466229,0.16091006031646957,0.11889238437211576,0.13778450836638714,0.09925679945697298,0.11596677116503014,0.10644180290074885,0.11413783055274081
0.11152818941571681,0.062345368719511934,0.1338326931711177,0.10612654986165156,0.11157736636784492,0.09957378596767374,0.13212599856255855,0.11902387052967693,0.12386617740424773
0.08901438707851556,0.14986693914752403,0.0788533055620372,0.10710545197016319,0.12011216910901407,0.1055084045079802,0.11879974899210034,0.12503615530025475,0.10570343833241073
0.05388424635866113,0.13373963224650923,0.04367296121912053,0.11079399685911086,0.19874184042850065,0.1287893158679353,0.11772851118694878,0.10639537272523299,0.1062541231079805
0.1287915403582861,0.10414478038775432,0.07376505097027507,0.10894028590510797,0.1303725222542277,0.12198734486850542,0.11563899106783526,0.09549867102021704,0.12086081316779106
0.06317550604693822,0.09460382396949744,0.19903770652839795,0.10486859516711862,0.08731555643703957,0.1055600101254548,0.11670875652009133,0.09005303442451416,0.13867701078094788
0.13777212501264324,0.10725602430759838,0.05905982457851583,0.12005675610958645,0.07477781349661534,0.1079089710518999,0.1387602232841044,0.1020839467775217,0.1523243153815147
0.06989159806072258,0.0602491749396132,0.1175523792559582,0.1188419969228523,0.19445378363640978,0.11542901231042076,0.12633240944379487,0.10895703830802687,0.08829260712220144
0.06518717995567008,0.04805112834540165,0.11499525879042076,0.10490032671328768,0.2979827896259322,0.11303720193314493,0.09212176486435923,0.0816240062438836,0.0821003435278999
0.08828818336525972,0.07588885894283014,0.10256641500684156,0.12310037163769517,0.1426543050629955,0.11988207214501152,0.12774240798903752,0.10148283729695541,0.11839454855337345
0.10260556629382823,0.08492859564897977,0.1906902011601621,0.10446117504453646,0.10354362223195175,0.09917273112049625,0.10802415451420005,0.09258916910540804,0.1139847848804373
0.09107972399186243,0.04276420311978357,0.059677460490742774,0.09499966263771194,0.12875805905559287,0.13568739026019191,0.12130768654001951,0.2281563843309443,0.09756942957315067
0.017512581040653053,0.05766662558407413,0.17389056688990276,0.1569673957693569,0.04367746146302536,0.24275759320983756,0.0774238685278277,0.1799471934338653,0.05015671408145741
0.09665919907059682,0.1538505237037878,0.041469742340220835,0.09704708149238551,0.24710416742178953,0.09269434567866781,0.10599130483132531,0.09118621316314028,0.07399742229808601
0.09929142901940517,0.07136281544612343,0.1693915466952558,0.11056347422471396,0.16955397636344002,0.08568101966099008,0.0956672784171488,0.07128582814409196,0.12720263202883075
0.07850338789096238,0.06962961712100157,0.19420128842571993,0.1129263967752435,0.09658411301868637,0.09978709473650349,0.1230346356481254,0.10514736218246921,0.12018610420128806
0.07290287965127552,0.06164586924509158,0.02781280775485588,0.10056687895762324,0.268518495561126,0.07614964190406316,0.11505827168829989,0.16321810049520746,0.11412705474245717
0.027086974723836508,0.054111544230348724,0.11198543938226585,0.07248852887258651,0.22305442701822634,0.17889358605279568,0.12325115057482709,0.06883995382908348,0.1402883953160298
0.05919888556411539,0.16202138407787978,0.02913619762596124,0.12549407575830276,0.14803750853641953,0.10883597067028726,0.13661948056335804,0.10226148737060481,0.1283950098330712
0.11616493311552416,0.06594959968220535,0.1454255967078085,0.11324501823107114,0.15484682683624582,0.11169327863009311,0.10010802002303477,0.0923847297568952,0.10018199701712198
0.08762374210855332,0.08535294985104118,0.03183317864064701,0.10110500980063113,0.19048206480366028,0.09472556072498577,0.13767686199979848,0.16777637774041543,0.10342425433026757
0.11558310745165355,0.07176943110833957,0.03016098293796336,0.10195720141471232,0.16767072037976247,0.09940711004667065,0.14934899717784236,0.1467536268620454,0.11734882262101039
0.1058888146427619,0.07534281665417626,0.12241356311122405,0.09366969578642444,0.05979159390549896,0.129852582822244,0.12962875150603062,0.13424218619500783,0.14916999537663192
0.22060058845558297,0.08465768442565057,0.09114944482827292,0.09909663229552661,0.07684659967316687,0.11835672633293672,0.125288398454819,0.10013547583269942,0.08386844970134488
0.04397107034036896,0.1086414227798879,0.03483473380544256,0.11667650210499657,0.25687922855792256,0.12389094964233927,0.09124386277065653,0.14985225070134817,0.07400997929703748
0.07933254049825285,0.09429190664897498,0.12379202634679776,0.1128790128788913,0.11939288033349522,0.13147732428136613,0.11753285824551095,0.11527058282593865,0.10603086794077216
0.059721193419663636,0.09659522208521253,0.09792687795310329,0.12230700825510003,0.1428927849738494,0.13510449401483546,0.1260205053584178,0.1056381053607738,0.11379380857904405
0.06270909077909974,0.09073201900153065,0.15915888167264208,0.12710876317252875,0.1068183046140107,0.17516746720732945,0.10309463154530525,0.08086000959648214,0.09435083241107119
0.032208752741929934,0.07747208297647756,0.15074592093504027,0.10907784994938192,0.19526433299269583,0.16413970163652936,0.10597879666382996,0.08520253705694984,0.07991002504716528
0.06751151096750645,0.13004797128343057,0.01343384761206034,0.09425506803391837,0.31670197009229106,0.08480211358695029,0.10096521361036959,0.10550710525969853,0.08677519955377473
0.04629796093797089,0.07316791481506464,0.11125309495688483,0.10174495547373784,0.16985999637796956,0.0936501203802602,0.1186280400460031,0.15946563090623203,0.12593228610587695
0.08319558042404858,0.09946095031952816,0.16804488126281694,0.11665096119612357,0.08897637306793822,0.1147809492885164,0.128708491030312,0.080493632303746,0.11968818110697017
0.13583949722630131,0.11079675080935487,0.1273504537925467,0.11027980204681319,0.11816466388519313,0.09821896981141276,0.10681256735560862,0.10950873985449185,0.08302855521827752
0.08646568568600853,0.1037429380451017,0.09357344507640543,0.11821505158895022,0.11642575847089813,0.11432691193701093,0.13012472817371296,0.1211278362084947,0.11599764481341744
0.0761553391637257,0.08998065741425894,0.15522124089845332,0.10610205540388788,0.16255789085311786,0.10820510248454684,0.11304585682959174,0.0963538334435497,0.09237802350886788
