0.1402308480691247,0.10287449562168129,0.11272346575468722,0.09726468878952428,0.10498468894330622,0.04982954868919983,0.11390114073807776,0.12957201317541772,0.14861911021898094
0.08149997040358688,0.11124058094536661,0.12640391440198148,0.12505294841763484,0.11457321382298676,0.08959840439515783,0.1460200668795922,0.11764488456393124,0.08796601616976225
0.12681069667294528,0.11393574756078606,0.10755969279563787,0.13871002333735236,0.1248948249503653,0.07378440547944877,0.11539629990825963,0.1423596383416573,0.056548670953547486
0.06966896590489056,0.0763920189397239,0.09381071863011498,0.1533423901326412,0.11750923914019774,0.2670129241735724,0.09938859600373358,0.10329205778903104,0.01958308928609464
0.13439775966157516,0.1131798448380762,0.10706588262524724,0.13088510006677823,0.12998025722144235,0.06749814257507085,0.11830459467404685,0.10439259083377828,0.09429582750398478
0.12849883010761812,0.0962843344112478,0.10297413202771598,0.09798134429716482,0.11697329754065829,0.10724148273365498,0.12106756486467281,0.10748065417157708,0.12149835984569013
0.11293878365116546,0.10567730444378252,0.12333616027470067,0.1183585280020874,0.1001459806597758,0.10683413725149314,0.12366146624802372,0.11626259896468914,0.09278504050428209
0.07763620672718162,0.11100783008572855,0.1379178009138246,0.12182426205783814,0.12101160607627377,0.15041813575809665,0.12134502907862642,0.12499225068529207,0.03384687861713824
0.106154601312613,0.10105106002199764,0.11149990415771065,0.0937213347849581,0.13464556462181065,0.12357974538519173,0.13815143626565293,0.11533699246047446,0.07585936098959072
0.15166960036426952,0.102713863227806,0.14199190390297844,0.08716761349277997,0.09615675176467407,0.08295369459879447,0.1339300211460668,0.13309669252372758,0.0703198589789032
0.13333232180637125,0.13416933779769394,0.14835341554509876,0.09105209133393051,0.1333388368510614,0.047607810036462896,0.09756621091685347,0.09997906377198156,0.11460091194054627
0.15636870119842614,0.10244850969664439,0.14600299629896943,0.11710205803504085,0.1439641375686074,0.07352195376849685,0.11589859115212464,0.0930764510716166,0.05161660121007371
0.07758113862368891,0.0850987501223472,0.12872027213282455,0.1287928581510478,0.0938559127299743,0.16636223615983453,0.15649001306183233,0.1372854878781182,0.025813331140332112
0.1676666955707081,0.09713635677302886,0.10119512876371024,0.08308240510176414,0.13011027994893062,0.05261403743112109,0.0964851856098648,0.10612219962542156,0.1655877111754506
0.11881543258216919,0.11395879757773514,0.11987165893554357,0.13968643319490892,0.10344711000856065,0.06393747384990062,0.11341275502001291,0.127902731650978,0.09896760718019094
0.14383432767491774,0.11768257286999369,0.10820843744330368,0.1067775435044959,0.1327889115397017,0.08140019474167563,0.11716585388070587,0.12834610796602108,0.06379605037918472
0.12309952562251171,0.09774720537696029,0.11108877826636672,0.14632319243447647,0.10147682628960213,0.09762796603342853,0.1152269876417294,0.11956368456941914,0.08784583376550563
0.1389574722503658,0.10089114070213863,0.1267840685598571,0.11337590180200398,0.1361126419641334,0.12746980450044595,0.09382642458902708,0.12013240030338208,0.04245014532864596
0.1573794600431069,0.09567606731966748,0.11668595496563823,0.08925786214519353,0.11768141029612417,0.059772617131152804,0.14831179672836522,0.12881997681612598,0.0864148545546257
0.11019387339408122,0.12682196093091533,0.17690150210956382,0.0822394293612561,0.1256742980311121,0.05049487397499535,0.13482222734535454,0.13715446969764689,0.0556973651550746
0.13001158128211357,0.1211037424322247,0.1201593131104343,0.0978253600086741,0.1224629816048866,0.05677078961926419,0.11031661124384269,0.14455127067909646,0.09679835001946341
0.0919391133926275,0.09591848248037389,0.10791669433071092,0.09732159007215434,0.1103435045257476,0.22142889486874195,0.11294171911452822,0.11699288900581784,0.04519711220929782
0.12763331199361216,0.10046849435152423,0.09067838807521085,0.09301208174675764,0.12730553135428133,0.12705851404948204,0.11178092312680715,0.12331324379831682,0.09874951150400775
0.10243913279262341,0.09442578866482904,0.07317350231473169,0.0890053979790024,0.08129623588151218,0.08293323384264957,0.07054656195024549,0.11371229350742178,0.2924678530669844
0.0769404329392835,0.10698731665367663,0.13066673715772656,0.08954952243843185,0.12399097649722095,0.1394409454968273,0.10147443190662513,0.09346702421021992,0.1374826126999882
0.0963115727266377,0.11173985591417472,0.10277068224899054,0.11785613123224457,0.12979695401869662,0.13102529717163258,0.10669880430960182,0.1331864819324093,0.07061422044561207
0.11591618689856518,0.10505577271938478,0.11179067678431709,0.09359159370087465,0.11459533132100748,0.10435872822169824,0.11819340599441978,0.11801818249214087,0.11848012186759194
0.15551621347781727,0.11011813649568575,0.11623838075960953,0.09568535230333602,0.10150518931113665,0.0489992975601083,0.10072566522925953,0.10572231681882865,0.16548944804421828
0.12116040591195613,0.10754356477026257,0.09540258849518536,0.12816135083798344,0.1393937183105992,0.0721195410960031,0.1300524869562905,0.11162167811212285,0.09454466550959678
0.162121183661468,0.10272286959772298,0.09812317593309912,0.10448039105513006,0.09187440855159336,0.0952709076313945,0.08639842718628037,0.11027670797688242,0.14873192840642924
0.09509047297621992,0.12065461394282422,0.13951451443584958,0.1156451172896666,0.10663208743949067,0.07019367764922463,0.13506238135714443,0.12083895986962319,0.0963681750399567
0.09204875245305044,0.12162270668833657,0.11888016497312372,0.10692468101128556,0.11199903544527473,0.11481075311975564,0.09248352374210439,0.11526035403069894,0.1259700285363701
0.17287080714253425,0.08442255560460521,0.10716554181012287,0.0967897264179791,0.11628894171117304,0.04768277499006227,0.12446145686600223,0.13104499532914793,0.11927320012837306
0.11022198709596871,0.10637806342433886,0.1290275354721559,0.11957668139210033,0.1262714607038752,0.1130009131027603,0.13592231823532142,0.12767120528290574,0.031929835290573534
0.20048399848501197,0.0949285560397779,0.08220283090867576,0.14222910489881618,0.11084257347591399,0.06884462172538804,0.10177106634463425,0.11691130975076698,0.08178593837101493
0.08868549137130854,0.126003795957864,0.14341251556147627,0.12151057080059309,0.11364393082195985,0.08613927624961959,0.12043358655203527,0.14181031594776752,0.05836051673737591
0.14173976563451018,0.09368682055449347,0.11845935554809767,0.09178036863993029,0.12499739528077493,0.10753335616404207,0.1475641025803764,0.10541904026055643,0.06881979533721849
0.0778132957187534,0.12738112967274037,0.1393094250156659,0.17719473690355114,0.11162503978807381,0.10930916426953406,0.10250543205665508,0.08623949073974391,0.06862228583528236
0.10171675667768776,0.12207413951529945,0.13630048740654943,0.11856362363673863,0.15562529887908672,0.08860296926442592,0.13460393098517512,0.10683016618477421,0.03568262745026266
0.1607758051349235,0.1169568184942525,0.13408044964259783,0.08369787393985999,0.1482583955963759,0.04571208285501013,0.12516429197202647,0.13114950823312752,0.05420477413182608
0.11383031365528506,0.10263009853738138,0.10793485019046382,0.1484185580039913,0.14314392721328018,0.09454227748495908,0.10720677799402782,0.12053624865505302,0.061756948265558435
0.08798757676938528,0.08530530792803004,0.0897958775740001,0.1496029545674529,0.11644133365849489,0.1872200242483676,0.1080334646806439,0.11574389017086399,0.059869570402761224
0.0672292424096374,0.1137958033175565,0.11475930594340346,0.138017644418168,0.07475291581663272,0.14941234584921922,0.09012210354828726,0.11973832269821605,0.13217231599887938
0.13814796438293922,0.09585541249534373,0.11058634037459107,0.10526578814670455,0.1135116439581274,0.1407581197881109,0.11697202609273456,0.13041220847719562,0.04849049628425292
0.1353115998585007,0.10020340130873813,0.1264241016747051,0.10194615334021447,0.135564512197226,0.0940928825200928,0.1298733532072254,0.1324591469585974,0.04412484893469996
0.08451924302449616,0.11851494044021567,0.10646816466434882,0.11968827073436378,0.0973280078883501,0.06611117760856937,0.11124954593231066,0.11059623164041621,0.1855244180669293
0.09082313294871391,0.0950248506041133,0.12215646744942382,0.11986735028912898,0.11823613883726508,0.1553349011074345,0.14674263061722603,0.11888310686335785,0.03293142128333653
0.12887169998223416,0.1022622736976576,0.12534176888949103,0.11450370007515372,0.12948632633687907,0.10211065218882903,0.1423882622461993,0.12902773387449024,0.02600758270906592
0.0813618074917309,0.11853537480363134,0.09507493243608843,0.16596951529737475,0.09445830071834159,0.0650316185956456,0.10255510248847466,0.09737592747668944,0.1796374206920233
0.10001036315612011,0.1099613512986013,0.12935082167136258,0.11526783991455285,0.13943728072415748,0.047551940639971334,0.15716919628410683,0.12281717856071965,0.07843402775040782
0.1022945343568874,0.12541301684872072,0.1291319447637646,0.11417991900309644,0.1242827355729249,0.07096079208575357,0.11610809281735823,0.13977452141556243,0.07785444313593169
0.11851492514913504,0.10636661094284033,0.09161584076724998,0.13168432957884577,0.10446444155366397,0.06950206121424676,0.10175325469000902,0.12901395452045347,0.14708458158355567
0.14731811190925106,0.10796898866145528,0.1058564191419389,0.08201883100663168,0.12370078638625177,0.0713929711153289,0.10684164790379214,0.12595443231623593,0.1289478115591144
0.15069421925156035,0.08851644962178651,0.11355753039305304,0.09979804768046462,0.11079863723370774,0.10965819729733665,0.12306313132720113,0.12609153709851298,0.07782225009637703
0.163717009006526,0.11102343082373405,0.08192967232310827,0.10692108931308685,0.15355774210293735,0.07375006860856308,0.08552407829653141,0.08127385481414451,0.14230305471136842
0.10532538111479124,0.1021192849530701,0.09392262146947332,0.08795790923605085,0.08677576967890421,0.06788234071083891,0.09346974819809782,0.10572774543188923,0.2568191992068843
0.2399422825838553,0.0958112641240189,0.08448773541982717,0.09594706263682512,0.10970334792514207,0.04871644129554176,0.09729762956801076,0.1086902098925618,0.11940402655421707
0.13492503905678452,0.13074581103563912,0.09985770536321587,0.08226968737816868,0.11956581780006148,0.0490018712313423,0.09876876067341978,0.11734426629972244,0.16752104116164587
0.10532560060676081,0.11421292581261129,0.12308221187430425,0.10830340290115646,0.09750595267563478,0.04765192870959343,0.07889819805673963,0.09080885490688563,0.23421092445631364
0.09034585842058636,0.08015007342947006,0.09715890221584185,0.15423043990301288,0.11975934124448491,0.1835996689617155,0.11410454716994843,0.1288416698699715,0.03180949878496853
0.09938296540388246,0.10566493890929833,0.07803848959324418,0.13878212636161633,0.09963138963437086,0.11895911487204534,0.10711316819401917,0.09916945472291949,0.15325835230860382
0.162121183661468,0.10272286959772298,0.09812317593309912,0.10448039105513006,0.09187440855159336,0.0952709076313945,0.08639842718628037,0.11027670797688242,0.14873192840642924
0.13311784660273565,0.11826040342999226,0.10459008995034973,0.12004685688919177,0.1188708415409583,0.05729672964521403,0.10763819951674554,0.12673304443977954,0.1134459879850332
0.10645203592423336,0.12714045114363312,0.09822428799012504,0.12559808443484036,0.07858547220554742,0.04357077010677377,0.07727784478757423,0.0968117090836872,0.2463393443235856
0.09329114908499665,0.11598051020967544,0.11722562069908417,0.13016541034312504,0.09594398470319908,0.12139387477535805,0.11632393989953511,0.13549810033539175,0.07417740994963477
0.14671397551640794,0.10531164057105104,0.0855157037666243,0.061620375012087,0.13207896092949298,0.03290567529901128,0.09310801526113587,0.08875729055981925,0.25398836308437034
0.12857284578216757,0.12268131919094687,0.08960761861501688,0.12666740648374722,0.09432875860662478,0.07905945417612352,0.09814400525044116,0.12478489900047866,0.13615369289445328
0.10095247431087827,0.09453192744254364,0.12031675924776992,0.10130289708066709,0.10349273898142781,0.17448258921237983,0.11543658687958229,0.12644384351032537,0.0630401833344257
0.12672028751179001,0.10355848811103426,0.07695440937278002,0.16680446525148548,0.09986375143997196,0.04824270755191793,0.07609416247749612,0.10006960874819631,0.20169211953532792
0.12831051520543837,0.09933271404743921,0.12555854565630584,0.12824080658308015,0.10850159775530425,0.05666667984396895,0.13443224341711676,0.15068211343772617,0.06827478405362032
0.16178277357522822,0.13722880557097394,0.08680701630148474,0.09612711594690353,0.10373509596771113,0.0313713498954033,0.06863613965181124,0.08764850256660951,0.22666320052387434
0.13139962225973054,0.10109825816308264,0.09304734593026011,0.10576295972677874,0.09336107294811256,0.0957151219358064,0.10906864980642585,0.11595779262090157,0.15458917660890156
0.17680646309849743,0.09766961111277249,0.08086782074753272,0.08865884807498763,0.15045363598792802,0.04346804918660097,0.12629860347736097,0.1146334514604146,0.12114351685390512
0.170556450294557,0.12894724073846323,0.11996677934075162,0.10836752635679088,0.12413457169958404,0.048125671171076224,0.09557836795941033,0.11874461863510755,0.08557877380425916
0.09575677179726827,0.1024513482553141,0.14168728328506125,0.19612441587778418,0.11992432902220634,0.10824244536387062,0.09831552868253185,0.1034330319840281,0.03406484573193534
0.12279816811061796,0.0967715396101337,0.09838715624544832,0.13214005007579227,0.11677004700324074,0.15213924051120759,0.11170224682274904,0.1101064687250853,0.059185082895725105
0.08898278075248227,0.12307336537225531,0.12049200576291784,0.1378891126059393,0.13409031008176303,0.0630733010103668,0.10526359481542769,0.13811870500155612,0.08901682459729161
0.10328999844838316,0.09933747549806217,0.1002712726159195,0.06525143564530637,0.12534272883368866,0.20606111493423343,0.10629093952157198,0.10713777566579653,0.08701725883703824
0.09457535950182024,0.11748110056660378,0.14071652670341328,0.11173781586035975,0.1545195071033506,0.12039461166492686,0.1235550832638704,0.09946997551692531,0.03755001981872985
0.13844908911604267,0.10138356732105885,0.1289933319570377,0.1091797364723127,0.11632145691201827,0.07009822382766615,0.147775149533461,0.13592929591557193,0.051870148944830725
0.12863872731804046,0.12218855409513496,0.1374055011744569,0.08967718522746633,0.13622418166542594,0.06886939242090474,0.12799793810428198,0.13861880627680087,0.05037971371748782
0.10363895684188147,0.10348372017479408,0.10645393727280915,0.11698966569170029,0.09605815708987286,0.11608188712614971,0.1101295440239306,0.12861071318042477,0.11855341859843711
0.08948414069633315,0.11970366764886131,0.13622555774970277,0.12090679429701222,0.11202315909073295,0.1437265762476872,0.12070176350491794,0.1146438142572626,0.04258452650748984
0.11823078508011693,0.12592011182375928,0.1571087784977818,0.11257011116052812,0.1215310728183245,0.06265766474811117,0.12008445286133762,0.14834251866339773,0.03355450434664284
0.12968939469865612,0.11519906545347469,0.09318313081757763,0.09145280889874334,0.10886196919830386,0.07376443968281093,0.0997043786368182,0.11261313835379266,0.17553167425982263
0.15480604330594375,0.12332559145638744,0.10141821632915064,0.0943064922619321,0.13323196045852082,0.029355873537983444,0.11660695582744303,0.11532031804005131,0.13162854878258742
0.15393599632805322,0.09905963205262118,0.07722026900234567,0.0925094575395763,0.13643420329704015,0.048850711310043544,0.1109663777236085,0.11175212125800137,0.16927123148871012
0.08523206378051557,0.10023111898780142,0.09495895372811769,0.1255774134623402,0.10880554255370167,0.13456712218905179,0.12522463513658347,0.11686670234597285,0.10853644781591527
0.10036137732955759,0.11315195793557435,0.12552301055746873,0.11562302117338398,0.12688086429110146,0.10910780333260463,0.1276910294478297,0.12546503137912532,0.0561959045533543
0.09781615436259174,0.11295723986182356,0.11368372121324015,0.08113399611527163,0.09959969182110877,0.13535355760314471,0.10820545934373914,0.11565014982051518,0.1356000298585651
0.10938512172679439,0.11659461555453172,0.12249109312855705,0.10008102671482631,0.11743645693326173,0.09139886789465351,0.1591800041508559,0.1157441124716385,0.06768870142488086
0.10041225427503443,0.162859422332335,0.0983001673593491,0.08202056134417142,0.09944736749391775,0.07593523831529042,0.0748013355249305,0.10569310698602107,0.20053054636895037
0.10040959666074827,0.1085223447712519,0.10888683721701342,0.10789415960508397,0.12631054358652138,0.1240914613140468,0.11860495173678302,0.10815484630832554,0.09712525880022564
0.11175871877919268,0.1069491732961358,0.08673321379520242,0.13348036245249384,0.09403533928485852,0.06818342404239124,0.10928659982590172,0.10309897784231346,0.1864741906815104
0.09627859176440673,0.09908556853461344,0.10891752906069825,0.12232768476200266,0.10407044762579247,0.10947918640441871,0.12830696066256397,0.11688888311118627,0.11464514807431751
0.11891307545857216,0.10865438310737462,0.10331770680458637,0.10071261834110866,0.10824477926156666,0.08052622053913439,0.13175977973369177,0.1075146227605376,0.14035681399342775
0.10049243503567516,0.11081783527883284,0.12743804917614163,0.1163324849725486,0.10292508728258021,0.10716634711144919,0.12069576735709048,0.12082858276547492,0.09330341102020694
0.1038997788108794,0.12416889953607241,0.1159912528171112,0.18347580437795075,0.13256547627677695,0.07418289952522,0.09461019836135637,0.11016154723564527,0.0609441430589877
0.11223816904140527,0.11457028663348963,0.13969501282946398,0.1222116940467251,0.10071865695213955,0.08090418572147497,0.11210116963046786,0.15512064242474052,0.062440182720093135
0.09157876535248666,0.1057471957507563,0.11303063297385418,0.14190372604458398,0.10519850681676929,0.13157660048610145,0.12689092288900275,0.13224641166346618,0.05182723802297917
0.11379359668282019,0.0821638698465992,0.11651650764997806,0.15782022217918482,0.10985231656499068,0.1113425206992963,0.1440824668174338,0.1367743523176841,0.027654147242012834
0.09810085743958202,0.0867766262194961,0.14648727832803152,0.1677072512020996,0.13222635745540123,0.06346328249968632,0.09197282229295412,0.06503793783742651,0.14822758672532263
0.1663505694089228,0.1063418657213468,0.09685663449656516,0.08895603891335258,0.11571967905588987,0.06286633095863027,0.11423091350727681,0.11963120064708734,0.12904676729092843
0.1228752522363225,0.14140513030401275,0.1264425574734903,0.11306663732029543,0.13081946711698744,0.056467875945118456,0.10380448233321803,0.13555122076545034,0.06956737650510475
0.10149748035014729,0.09652057992095335,0.11197827824948481,0.11048870698082754,0.10881782095200476,0.199792895063406,0.10012585656930469,0.1336378953300789,0.03714048658379269
0.1097654661653944,0.08446544854949235,0.15609983863453789,0.13355287168482347,0.12355538239635855,0.13728781742452054,0.14138477380104025,0.09590175013050306,0.017986651213329544
0.19014642956531955,0.11993646619643822,0.10392929228003277,0.0891702423108438,0.12110356230930204,0.03995297059161297,0.11756884063471601,0.14692308641249321,0.07126910969924144
0.1060601847866186,0.10271440867995545,0.13054672412215018,0.10216696467201765,0.12814865399893396,0.07983150890088879,0.15643390294567425,0.11664184429992924,0.07745580759383193
0.12964078151362515,0.09541026483000564,0.17724216782438582,0.12497026479189566,0.10553328992452592,0.06248958463823647,0.11615501563827106,0.12011754371432393,0.06844108712473035
0.10812515536053476,0.0999455210978379,0.11943739496180561,0.15189156382917426,0.11528056328067186,0.07847192591223025,0.12112161088743645,0.14620057096427388,0.05952569370603503
0.10273642317163793,0.10847553895379752,0.11234684024383366,0.11965136457081214,0.09929418426433251,0.06809287127927073,0.13199293692005354,0.1275737662065767,0.12983607438968528
0.1095011995514001,0.11283637437837701,0.1272983815429935,0.10904863745599684,0.1421799953289838,0.0787455433850698,0.14155745263004635,0.1081890036557442,0.07064341207138845
0.1916272959822273,0.09952994627518785,0.13690432730960744,0.09279086441165126,0.09335687743140442,0.0679031241197983,0.1162980843297577,0.11945766870655543,0.08213181143381026
0.09044538285389314,0.11803834945711061,0.11597482237147838,0.13465686290134682,0.11579929736358154,0.13430970976781664,0.10331973277815076,0.13265806645492098,0.05479777605170117
0.1488149044424721,0.10129856926216851,0.0862519329825238,0.11676381639573154,0.08994084966103666,0.030188520999477164,0.0711343040926856,0.11079424390303144,0.2448128582608732
0.07220823814232193,0.12121490343137886,0.10479772172932333,0.0890904985281965,0.09905541123674377,0.15725437223650032,0.09079419061958849,0.08728201780351263,0.1783026462724342
0.19014642956531955,0.11993646619643822,0.10392929228003277,0.0891702423108438,0.12110356230930204,0.03995297059161297,0.11756884063471601,0.14692308641249321,0.07126910969924144
0.1478394408782978,0.10946461874511675,0.103400721903615,0.10328774839527337,0.12896355687542307,0.0794721872734722,0.126962743866353,0.11815514074976274,0.08245384131268613
0.0913290085147278,0.14402733609781906,0.12747353060893168,0.07317501321558276,0.11223439557453067,0.0434362636127219,0.10126554891728284,0.09962959731151759,0.2074293061468857
0.115802517161176,0.11224796905750618,0.12076059017008518,0.11249362158439491,0.12822508620506076,0.08615312742477173,0.12209291758472794,0.10643654116927546,0.09578762964300179
0.08848896590004514,0.10167729466015425,0.0795972951571851,0.19428517813760174,0.0992812850716842,0.10309084542549485,0.08994326015762222,0.10041631710607923,0.14321955838413333
0.09127146474748031,0.11566755112854932,0.09501681937551681,0.14326695264331712,0.10023822003967241,0.1098580325748623,0.10483041143201056,0.1272983402016243,0.1125522078569669
0.07254086082744127,0.101965581588084,0.12094061328303807,0.14550996775196204,0.08259047708287309,0.14797506373582534,0.10026150515041304,0.12119025273992583,0.10702567784043726
0.14040907488464316,0.11947241548616017,0.10960458308350918,0.13028296870909736,0.11807462700468187,0.06629337869793195,0.09893992405139518,0.1216831343313201,0.09523989375126106
0.08697339545047812,0.11981988978519838,0.14194606438105714,0.10726055914323906,0.12608161503109408,0.09286967810371242,0.13174044353155576,0.11412832129088492,0.0791800332827801
0.0863815314802255,0.09744190418110814,0.11908598617736155,0.17336004682703074,0.09697234521391805,0.18942544799822603,0.07847635212785996,0.11702206682421905,0.04183431917005096
0.06716453558458092,0.09635216036117096,0.0792901464426191,0.18412338005362783,0.08458152209027259,0.15088611104365574,0.09174530507554245,0.11837844401867163,0.12747839532985886
0.09167038942180326,0.09744636027537569,0.10383461141722489,0.13586580206550347,0.10528936512435709,0.15757871717010968,0.1254769890111951,0.10794825402015178,0.07488951149427896
0.10808089430139044,0.13480261529893775,0.1506475146144831,0.10657042968847356,0.12130239087398505,0.05364659092432922,0.11330849637233363,0.1360020224862543,0.07563904543981298
0.14352154322067512,0.08883729444408577,0.12588335325885538,0.12395337220679252,0.11701871838737998,0.11403736423978106,0.12794773387306227,0.12350463112309594,0.035295989246271905
0.09157917647242246,0.11681217464197552,0.0962785046397443,0.12877973083907965,0.09023284745707044,0.07408142774745223,0.09866186442882541,0.11017758587984888,0.1933966878935811
0.09036721729284425,0.10598130340286673,0.14119978600311475,0.09723970140451642,0.10812325431107266,0.04594827067646523,0.1318071322355403,0.10350418998727107,0.1758291446863086
0.09449079846153852,0.09569870595026442,0.13077624206057784,0.13546258195949448,0.09979132509264048,0.1155715709163414,0.14495781576224423,0.13641662073166957,0.04683433906522912
0.16103883728305085,0.09443757270612567,0.10279702470014784,0.10133984365029615,0.10610174871350249,0.0613319085957551,0.12118561904223314,0.12220776985743997,0.12955967545144867
0.0858792567634606,0.0908983882798912,0.08976496060578065,0.1270521585461975,0.11331819814616277,0.21222502211083927,0.11165562456255657,0.11993427737810618,0.04927211360700529
0.12407672635320839,0.12300179871550265,0.12622289430583816,0.09193656717548687,0.13680614559999213,0.04650643385183014,0.10335066444583914,0.1453430516847695,0.10275571786753306
0.11680012195746574,0.1187661009028494,0.1340598071395475,0.09445211739622879,0.11630575201333367,0.06565470734546998,0.11132648774712571,0.14409821571554857,0.09853668978243062
