0.09972609506936603,0.10452615627558226,0.08138472008236826,0.16024340105916338,0.08415488684834871,0.10308632185992646,0.1460082918907052,0.09555908188641228,0.1253110450281274
0.09582572855769389,0.10403511802840741,0.14192620933016353,0.16331623509225798,0.09857906021624752,0.09432173081553674,0.09866263317978478,0.09752047810826008,0.1058128066716481
0.09701355956493936,0.10659862684886061,0.13172501538692952,0.10411321359155529,0.10590745850284626,0.1107436882981221,0.12378433744382777,0.11105550100366762,0.10905859935925148
0.12273221120433005,0.12234443962353037,0.13384980578303654,0.08949592329109024,0.12943346720770568,0.09546493416492428,0.052615407971437024,0.14463718869165545,0.10942662206229042
0.11248744268685873,0.10865823114085309,0.10447134938508414,0.12373501931231423,0.13954285536886193,0.11945907341844336,0.07353368838226264,0.09248411012345732,0.12562823018186456
0.17051482642793592,0.10355650970788353,0.08194847956131705,0.07404787524225806,0.12295918983255814,0.11148038464880157,0.10493089917295177,0.08784570219129013,0.14271613321500382
0.11485941842551735,0.1577880821146127,0.13937926192897385,0.06302345768609745,0.10535815671196265,0.17669012992670363,0.03920858722223137,0.11815200361128735,0.08554090237261362
0.16328660678676785,0.10542864561291525,0.1814158889456813,0.0996909787469512,0.08279326967409388,0.09835309019165654,0.06702410855370274,0.1248311628538998,0.0771762486343314
0.10198654354410597,0.10733206663082275,0.1279278131332051,0.1488873177326292,0.08472911679863425,0.10224240730456037,0.11113565783391958,0.11074793261145001,0.10501114441067283
0.09392155966778835,0.10262039517591227,0.15761897503825203,0.11713637662782633,0.12327706850805915,0.12794405108808418,0.08259260562078184,0.1345053309111722,0.06038363736212362
0.14248613629969567,0.11770392792326523,0.09258416273057135,0.09110190955990727,0.12163550637573418,0.11408947740664367,0.11416189313256563,0.10247838696163258,0.10375859960998446
0.09876745058702564,0.0939389494484731,0.12474655347332812,0.20235271897648544,0.07780447510350573,0.08794456188770378,0.11946363177216075,0.09997158631372734,0.09501007243759
0.08821523987274948,0.09850138442310608,0.1820499652018288,0.11528267240364425,0.1500263900095614,0.09653883882140896,0.0788800209578115,0.09656442728772387,0.09394106102216566
0.1072477962045187,0.10997556809849525,0.10563346625155468,0.11318067399866065,0.11432463465137792,0.10304697648095507,0.13817240271636422,0.10934597492668817,0.09907250667138545
0.0910696950918934,0.15597415806938267,0.08910759146850665,0.08701975477594721,0.11997564955212033,0.11993083565659281,0.0872979542261423,0.11088299084054219,0.13874137031887243
0.12617899801988192,0.08502397630694569,0.09217964270083696,0.16180706772723838,0.10765362072011053,0.11162848488569561,0.06104601111452157,0.13015876838728554,0.12432343013748375
0.12417191335626049,0.11872725775727493,0.15538765602012503,0.0979057672306548,0.16301443743888921,0.09720327031181188,0.044426596499042424,0.11390449447246635,0.08525860691347498
0.10917050721183101,0.11627809029304219,0.08843702703793432,0.1636351801921154,0.1061909032416402,0.1040215052694368,0.07825756440965881,0.11067176189506195,0.12333746044927936
0.10922943065243362,0.09656541932056327,0.13448689039129588,0.1016251451771737,0.1278568642409761,0.0820593799998683,0.15352216646464983,0.09949190419631647,0.09516279955672284
0.10945958218528977,0.11843547704925861,0.09578712916501282,0.11922466165016687,0.13399781868793048,0.1014499391520821,0.08836513720504956,0.10334715493541895,0.12993309996979094
0.11641609755012827,0.1248324580999977,0.09436536407287498,0.07123008746676592,0.10119047116854357,0.09586819009042576,0.16524121304470504,0.10682718449847983,0.12402893400807895
0.09627842433881051,0.08583757740512055,0.10210761164358233,0.13257304159374614,0.07730532441252676,0.11972335513331346,0.17927715943901026,0.09707273838767312,0.1098247676462168
0.09912072060590504,0.11592311105106061,0.1166348619505518,0.19782520588563146,0.08466789684224374,0.08305060393176845,0.10145078446031681,0.10643684245408204,0.0948899728184401
0.06448370652911344,0.09262805996326451,0.219337890074524,0.04279138810325619,0.1520819189112853,0.08413222703156996,0.13678820682644402,0.12521192828865332,0.08254467427188922
0.1106088034074571,0.12191690990121096,0.10724194484757066,0.11531862162435484,0.1298275282961823,0.10141983823818679,0.07358129262130107,0.11305433644765665,0.12703072461607964
0.1184773490495646,0.12499706337090843,0.10448452864047675,0.07141335316852523,0.1022508072975127,0.11522833062430882,0.14820913155700244,0.0898903997697425,0.12504903652195845
0.10972233841424517,0.1048323209924284,0.07683012280604391,0.15376865792473648,0.11177447077313753,0.13674348468552852,0.06604709659019606,0.10769133733804163,0.1325901704756423
0.1293012521964884,0.10338492232809089,0.11102730265801271,0.09126176493879505,0.1483146667146709,0.1162914909999333,0.05437639101743127,0.12201960290004138,0.12402260624653616
0.08771662518167973,0.1130003696848001,0.09033034273773753,0.12502486914563907,0.07919462286211344,0.08986516112869196,0.18147463798854815,0.10603549715877712,0.1273578741120129
0.14228712106095967,0.10188124568617836,0.08680474777752645,0.08643486318400288,0.13848288544339146,0.11035905251771973,0.09923386290938907,0.1085737292724363,0.12594249214839598
0.15251375386517993,0.10926357306399775,0.06147248160396775,0.1468325884336594,0.13756041192158652,0.1039211286254582,0.03476362459360394,0.10404432491806492,0.14962811297448167
0.12067706562142233,0.11695291271496733,0.10923233192095323,0.11513925673520153,0.11291237526096305,0.11077965688762482,0.08396384677593566,0.11844042016637424,0.11190213391655779
0.0990002608502152,0.11649167294269482,0.11450392405920001,0.15253445428317033,0.12128822149732625,0.10671439404064581,0.058658687204360065,0.11817459544646386,0.11263378967592358
0.12364749937129461,0.1096218252426895,0.09424784182604629,0.08611105759812115,0.13556167354130486,0.11831608325199706,0.10189924292012538,0.10356600335722227,0.12702877289119888
0.097946988824897,0.10940350695552577,0.10237268484035243,0.10115836066668209,0.09426799061059503,0.13074920696420914,0.15521467396252078,0.11043024011972163,0.09845634705549615
0.1405172216131113,0.09713869775903038,0.10492748554965363,0.15116113699742173,0.1299793532546866,0.1061449766804698,0.06867590325967182,0.106181044060646,0.0952741808253087
0.11811555420920661,0.0884747932106612,0.09992781919869104,0.166117879656227,0.09479903220832743,0.09875680047365713,0.0945169270363428,0.12001512312693452,0.11927607087995225
0.12456903987625778,0.09037209006539443,0.08715049164920909,0.16950467431456684,0.10230876836659836,0.11000594203547766,0.11754876003290804,0.09650486460217778,0.10203536905741002
0.10178128078739791,0.13057131893747817,0.08381733738061785,0.13023404573683317,0.12143478475287241,0.08040292787878314,0.09898292125938257,0.11804954017319846,0.13472584309343624
0.11386766393750412,0.11017627722387922,0.09501276947219789,0.16001581418368827,0.10647659365784702,0.10826762890716261,0.08710500990222904,0.11632808724833467,0.10275015546715711
0.12631821050542621,0.0952069986072489,0.09473571615341336,0.09565673770373855,0.10789101320656842,0.1252116395178566,0.12188993988968895,0.10223540462003651,0.13085433979602243
0.14533499550577758,0.15706449762180916,0.08720184126854684,0.10202526604743305,0.1670431179928653,0.09676671280404703,0.0259792561238533,0.10850530501631568,0.11007900761935208
0.10652186706030757,0.09666600929749132,0.14022376873399026,0.07083273244197073,0.15086201340497538,0.09260493166458668,0.1263055109063567,0.12600704263466248,0.08997612385565895
0.10198970766974026,0.13199461827701572,0.081993891429681,0.0943078593481787,0.09851232311458212,0.12795731606621322,0.1343384341885947,0.12635008033911135,0.10255576956688288
0.0792848322328936,0.10675310709164036,0.09707706824966007,0.14675777779765797,0.0890255140857308,0.11971547859259969,0.12767041540994764,0.11034701266656362,0.12336879387330628
0.09736774998801374,0.1206696511797163,0.11497029896892881,0.11385933044883616,0.10223557565618309,0.10318896075534424,0.10940472730451307,0.11493091049837988,0.12337279520008469
0.11280383911647333,0.1334938085374747,0.10030635832069523,0.1360095470688586,0.10842947203776426,0.1070648761619119,0.08317676575415087,0.10876556267275905,0.10994977032991203
0.0745453841638438,0.1085846391126405,0.13402288482686323,0.12759037958026956,0.1592516136239199,0.09929729926767106,0.06851890516309202,0.11832901877995249,0.10985987548174743
0.10432443717435802,0.119737490921124,0.15164539592756013,0.11063299799640035,0.20039405859493065,0.10389237745177247,0.029268581996022395,0.0882668481321272,0.09183781180570481
0.094031658231806,0.09313494410024743,0.08737093263454727,0.19114450729180935,0.07053873579026203,0.11487965118461002,0.1396834814419437,0.09279056543768915,0.11642552388708503
0.10661011120757331,0.12678796213608326,0.0947011351599295,0.09423210053427854,0.15245040499127116,0.1119308568864222,0.07674138807856933,0.12428302830363609,0.11226301270223654
0.11792831664056415,0.10597443346426705,0.08939795710936067,0.20283742698337684,0.06935892900392776,0.11604948879260607,0.09774827008237452,0.09294317450200627,0.10776200342151665
0.09939871792004458,0.09775368078710302,0.08472465360256735,0.1398426567762423,0.09937945791498447,0.16236288207352995,0.08788203793192366,0.10024762670400823,0.1284082862895965
0.11016824218235542,0.09905987149482214,0.12536389026072875,0.17485076210676423,0.10772990439174407,0.08120331142686543,0.09865448943507822,0.095629557386407,0.10733997131523476
0.1019582401032441,0.10485453405956302,0.12023181074285837,0.18690277784316733,0.10597040560308979,0.10523575494928084,0.046865979600737066,0.11370918319189915,0.11427131390616031
0.10673005362518262,0.1490787631096456,0.0889260164125887,0.11642456365544075,0.1402805911780519,0.13202152577056778,0.03270777092026642,0.11734229898560446,0.11648841634265177
0.13006197453970192,0.11105232734133041,0.07254158456893264,0.13805686107778395,0.11678541632716992,0.10873349883403786,0.11220349895794368,0.11292301879224277,0.09764181956085687
0.09377370692535177,0.10440111309382095,0.10898705332131786,0.14823587696260998,0.10590251656784265,0.10922245480712163,0.12438254924804142,0.10122943053823506,0.10386529853565864
0.08430528791529157,0.11300377202545335,0.09235985483569814,0.12522057968662978,0.09275236061529119,0.16792857237617467,0.09032336147897102,0.12168957502274286,0.11241663604374745
0.12522685923087576,0.09387942527958594,0.08928204732818613,0.15751114293182553,0.17261542272683017,0.08655011475161516,0.03001520224813503,0.10997327778202452,0.1349465077209217
0.10413446464760157,0.09622563263758858,0.16001174053336478,0.14412580617595172,0.09354170664855671,0.09412488707835638,0.12609554847741797,0.10284920643506619,0.07889100736609603
0.10630864798538153,0.13245164303596837,0.10934291214166453,0.09531407869224268,0.12187089780322242,0.12403515916698327,0.09480152247585565,0.12225131897262749,0.09362381972605398
0.09831761876941819,0.10771896875060159,0.08641415923304006,0.19188632073170278,0.10859269122643644,0.12093936019660144,0.05594921644676145,0.11630839760597261,0.11387326703946539
0.14046613158918972,0.10395812755644046,0.08363844460092555,0.12939516525074857,0.10654509228274345,0.15720106792635868,0.06829759633860938,0.10233948617108679,0.10815888828389741
0.11204434830190378,0.10311145368962076,0.12327612844353081,0.13033022293521013,0.09914495743087921,0.09343434063164045,0.104009231963192,0.11937553233414028,0.11527378426988259
0.10888988307620177,0.11239894872324008,0.0981711619027067,0.06781167999909925,0.20427294853920308,0.09712111278016004,0.10489519249837768,0.10641109917581859,0.10002797330519286
0.11728546250655258,0.11008137705524862,0.10190593850478942,0.12310405476480284,0.10257313196635127,0.08936853320798595,0.07210619992100065,0.14845310383121285,0.13512219824205582
0.07943282420692417,0.11207527009830343,0.08155367845259233,0.16462977661002645,0.12261528486928126,0.14683854257050727,0.06344252688778075,0.12250651778815762,0.10690557851642675
0.10683383802054214,0.11609305354940574,0.12863086974331947,0.11610428248260314,0.1124025382116542,0.13104617563874663,0.059266373335542834,0.13173420626711443,0.09788866275107133
0.13355591303817813,0.10674887002453727,0.08899196380782666,0.06531248276229074,0.15332503525540137,0.16119706521756882,0.03978637913614503,0.1661768521375012,0.08490543862055074
0.09609848406249573,0.11213764471177028,0.10976508685279734,0.12342561238978463,0.0830119070443251,0.10326179866320573,0.13700594055408025,0.11992744170120632,0.11536608402033471
0.12391356205671937,0.1007883256611057,0.08557951227402766,0.17848873922119526,0.11525786384165258,0.09113023995446345,0.07566760523289352,0.10599732430048653,0.1231768274574559
0.1292235958432236,0.10519410909678524,0.09224932083727083,0.13062993356208194,0.15084947023706957,0.08000582245227277,0.05917644375111967,0.12169619803971053,0.1309751061804659
0.13551671811263813,0.0956784297513455,0.08823567750342577,0.0522423823544614,0.18887479106300867,0.1271239695453751,0.028829634141967934,0.15501974378635028,0.12847865374142714
0.12361712320855871,0.09685964862838226,0.07840200880090616,0.19106261372380198,0.10174932779252789,0.13187019195316227,0.06524022032488073,0.10211992638766891,0.10907893918011102
0.08415634012953072,0.09814087070837507,0.16304956048009564,0.11191239620118869,0.16835122846674722,0.0977505590691596,0.07572240912314322,0.11674507553594286,0.084171560285817
0.09428153776488434,0.12736796475284434,0.09225731307828856,0.16717045693047586,0.10683173539171086,0.09506764048768862,0.07447588122684334,0.1240744189969133,0.1184730513703508
0.11529271727371875,0.10253004764112611,0.11657687775465488,0.17481866028232407,0.11119446708533855,0.08761635176961578,0.06696643698714147,0.11914686060975042,0.10585758059632988
0.09416746292170954,0.10183594472842535,0.19210820114300134,0.08979210680521815,0.12289139499965124,0.09525856407269336,0.12125561005708672,0.08564755400422357,0.09704316126799073
0.10895135070438845,0.10379391879097978,0.1022257908811413,0.18251221368290935,0.07991781853670027,0.11315561104121996,0.09122229039521716,0.11069843089502268,0.10752257507242113
0.14466926878625286,0.10412796530278816,0.0754037016029952,0.1807380970108555,0.11958841486507947,0.12918472785183407,0.022464611725476247,0.10064106166201636,0.1231821511927021
0.09297142733057066,0.1122754006509199,0.10010411586312883,0.145957537441186,0.09565598763376097,0.11329395016847099,0.11641777856256412,0.10042288039857554,0.12290092195082301
0.1113974342948811,0.09217559942691096,0.08872127695482794,0.24545421220653366,0.1001791517691741,0.0998012102184026,0.03801943110482952,0.10153634299886338,0.1227153410255767
0.0974874940759989,0.11661082785116843,0.17286256842415818,0.11609654790023492,0.09679103576294806,0.08922998955756234,0.09763574820476595,0.11598442957941253,0.09730135864375074
0.11298168669057534,0.11358048337659954,0.0574627285395873,0.16530254237395633,0.15240039110850828,0.08345988616012434,0.08720728825458235,0.12580408522226086,0.1018009082738056
0.10117508903610511,0.11838324293833484,0.1046370677400913,0.10711519806924834,0.09567894659027658,0.09172469860019879,0.15551073766239212,0.10388217464771848,0.1218928447156344
0.09495662490696216,0.10773797946270836,0.1005829425494087,0.13557220982673612,0.09564282621280755,0.10307749905223762,0.14095868664627606,0.10258058995523206,0.11889064138763143
0.11626721175589444,0.10502282981859658,0.10604558183034535,0.10410612630441217,0.12467606443894425,0.12727092095394324,0.10291520156451096,0.12164211660771618,0.09205394672563678
0.06469565011716198,0.10846796684492693,0.12256768144888171,0.15027840337368045,0.09583946412165219,0.1472366031728205,0.07871823164045193,0.14563034982367226,0.08656564945675205
0.14420205232961492,0.1221414668277281,0.08739457876641225,0.13649809804913485,0.12187180452822237,0.08810140445383718,0.08650013682645481,0.10972288108136972,0.10356757713722586
0.13752288039515087,0.09592662319274868,0.0748022198708051,0.13350617823054586,0.09462625408768748,0.0800916249009355,0.18412279884262686,0.1161319755995488,0.08326944487995093
0.08730680137134483,0.0967503576667366,0.25506251642837,0.1128354684959542,0.10899811557422177,0.0823472733945595,0.05128486171712445,0.1325682694109893,0.07284633594069945
0.12412661075471154,0.10027072035584388,0.14144107575482875,0.14491175848625512,0.10954878596286938,0.14108420484059245,0.043843282757524256,0.0997390001785785,0.09503456090879614
0.11700396425072694,0.11513408549165849,0.10118030826597806,0.11031049943135716,0.1023727645414405,0.10277200068316694,0.11218181870227138,0.11084087832809834,0.1282036803053022
0.09692280759884504,0.11559112621671742,0.09592660035294091,0.18289971617822598,0.10780922408014998,0.10308024503138746,0.07082118689887645,0.1148257359185429,0.11212335772431391
0.12634697994792324,0.13404427302497507,0.14135490799149272,0.11636910327497334,0.10670176839617102,0.09364997267890958,0.0723730753269891,0.1012641751330916,0.1078957442254745
0.11828514626164248,0.10387770703239595,0.16029863690064813,0.13663728820956692,0.08181327393176022,0.1095967724419884,0.09095567998838154,0.09806985865370733,0.10046563657990892
0.08854669472219213,0.09909119958951094,0.1128619325506065,0.18093635959429055,0.08463401568045877,0.1431123085159909,0.08538835777928133,0.12089718988078542,0.08453194168688344
0.12567447068484552,0.10266416052790166,0.11612279916517976,0.10837766580451387,0.1302195465390744,0.11586551768449083,0.06800429416246444,0.09739480483432106,0.13567674059720855
0.11226394093385135,0.10701719518379786,0.09273005059199661,0.12010206423789,0.08879210428577261,0.12223440121120131,0.14056084568466784,0.10957479418687972,0.10672460368394261
0.09240596654766571,0.13567115222707699,0.11307867412713513,0.051754427116989944,0.1517616029775388,0.10455875759783649,0.11188349885685932,0.11426796293385792,0.12461795761503973
0.1372979750061212,0.11043858065503587,0.11379149231371388,0.12002724510381631,0.15004337038291918,0.09556384771319354,0.042725881266229886,0.13016445197663637,0.09994715558233362
0.10477034064414793,0.12108373953944267,0.10821698163620996,0.09569821907379517,0.1382706662550573,0.09509525107251397,0.10733561468626214,0.11361672960309854,0.11591245748947225
0.11049510904489625,0.09575092643218798,0.10417104996155797,0.14480209776137776,0.09213904924144534,0.11867270529841789,0.11812850061925817,0.11219115089903729,0.10364941074182125
0.0933471119417126,0.11342181093579416,0.10554285625671017,0.15874475749614073,0.11854148380444367,0.09780042124268688,0.08863380084522843,0.11132484853017836,0.11264290894710506
0.0641186264700875,0.1003641547869913,0.16763966769126815,0.08259615478547855,0.0990482676336167,0.15091427136764615,0.16058567959614325,0.10979646881931708,0.06493670884945126
0.09199919700813713,0.12067763559527951,0.08533384383292285,0.07971436566759162,0.14348440674344462,0.16616475845581338,0.0938624444457113,0.11924366910449151,0.09951967914660803
0.10831318632626298,0.12077741666595458,0.16160050565765152,0.09609519292948021,0.10940793123883351,0.1198527929097377,0.06683433335053424,0.10774153000416005,0.10937711091738515
0.12753824597456487,0.12783555287710036,0.0971775187664562,0.07710801957523522,0.1553209267547697,0.14240420720182492,0.04021583173021337,0.11759185244915295,0.11480784467068245
0.12125346842920764,0.11097217138897679,0.10761289411663505,0.10028440586047242,0.11703387567279606,0.0911153241541931,0.133911416581968,0.11640017284083604,0.10141627095491489
0.09774896955306693,0.11755642176801283,0.11506454423127781,0.1345225390917185,0.08511521515941477,0.09441714156373622,0.12800059894639954,0.10849141237189408,0.11908315731447933
0.08860348868417445,0.10156247678971202,0.08510026943875604,0.09415937241884294,0.16115041795898466,0.13680771963458627,0.10489469081902635,0.10191960686224844,0.12580195739366884
0.0835908160379869,0.10208100820294617,0.10287259423330185,0.1108569686794869,0.08925596526403662,0.0782616694698307,0.19455562586862848,0.10934585347168234,0.1291794987721
0.08214641113810343,0.11671046494408788,0.1335161249918605,0.11441466903631131,0.16765554997003074,0.10758654334310631,0.058490653640679534,0.12174504572696392,0.09773453720885637
0.1056593546353929,0.11633267114664343,0.1292375003023937,0.14198391588248557,0.13097188268925003,0.08384508003907959,0.04776619512186998,0.1346848191580838,0.10951858102480101
0.10738696397565566,0.12565471089655375,0.11438544409619444,0.06365387177695626,0.2082421729112419,0.10328911554813476,0.045517657127232464,0.11024456053646776,0.12162550313156299
0.0893754747497656,0.12348733675568403,0.10543159034714174,0.09587292072086112,0.11002081656704428,0.09913986590209123,0.1593974072819796,0.10426170978060462,0.11301287789482774
0.09398375970662852,0.11269556571581445,0.09064641077161012,0.05331792427157366,0.1559195471967801,0.15473044604910957,0.09259654572265992,0.12380485088035269,0.12230494968547112
0.12784579864543613,0.11600700805805157,0.11030585108757311,0.10106620287708497,0.18069785598184254,0.11245626249928482,0.03682442870094806,0.09401880766994741,0.12077778447983138
0.1034099246534513,0.11616217883245972,0.17357287820928335,0.08357370490011475,0.12919222171869563,0.1349651015562347,0.07824190429110461,0.08993080189722696,0.09095128394142903
0.08105829628182794,0.122019844120328,0.18665762911410752,0.09049020827942243,0.1421813832636748,0.11018466187183347,0.03801316279903489,0.13110883732700296,0.09828597694276808
0.08101286147039409,0.12884685044147084,0.12290190674555419,0.11007390903999338,0.06928900770814521,0.12741115407356318,0.15302622689448864,0.12413140179438764,0.08330668183200292
0.12255305885932066,0.11327642379372949,0.12439828549837366,0.062154686492618495,0.15486298791655184,0.12194948731884331,0.07730216355619891,0.10992090415045241,0.1135820024139113
0.10038533142605303,0.1153532399628867,0.1005977488436622,0.20302053049141278,0.0682758821830518,0.08797309211833572,0.1065570418571391,0.09744083163349332,0.12039630148396539
0.09011332684388296,0.10929760056428041,0.0739082532244605,0.11329668203967393,0.15370191793748142,0.10997618908900923,0.02730000929700216,0.14553434884322222,0.17687167216098712
0.1165136375055279,0.12172666542327164,0.09636825099460827,0.12522382273129454,0.13425770432437975,0.12971018894291456,0.034655999029759826,0.0965009549995669,0.14504277604867663
0.06960181247828463,0.12094932897493645,0.09666859375476407,0.09102115118851382,0.09690826031531774,0.07284584127576123,0.24473853410411225,0.10070175182753553,0.10656472608077429
0.09280058451810193,0.10178523905285608,0.08261742513308076,0.1520943116326002,0.10813824992246164,0.18058447018392906,0.07130433006085328,0.1045202061622444,0.1061551833338726
0.09493366086598685,0.1320425959939764,0.09785123096141342,0.11371866068325907,0.1347846237471072,0.1289288537917803,0.06125413046063557,0.11719674702158882,0.11928949647425234
0.1009732673970895,0.11219701189015611,0.12513323491882863,0.14139784808897485,0.104423426901176,0.0914728500890301,0.11092460047320334,0.11236519091155495,0.10111256932998662
0.12721914622440814,0.11602038732110327,0.10369994011449973,0.12931805971679203,0.14430224187203242,0.1260729877680683,0.05215905380413125,0.09974638585636554,0.10146179732259929
0.09933350027009831,0.10231365384433382,0.09487526897914667,0.17681406073210906,0.07720701305859899,0.09845710975192258,0.12681026927752745,0.09979705500545144,0.12439206908081159
0.11955302385933315,0.10920673079995619,0.08537565764217318,0.17536408590829747,0.10188784385446308,0.10621240043870206,0.06993291328323839,0.09884169866845315,0.13362564554538345
0.12814048969385802,0.132710350951328,0.10985162795965624,0.11030675111916155,0.12992860931297015,0.133286207128156,0.05114614511971064,0.12830259107639133,0.07632722763876809
0.10089767446373599,0.09989972596096319,0.13592254688262875,0.09505019526768477,0.1479510962549013,0.11465096141400745,0.0931436256400141,0.1002484407211991,0.11223573339486535
0.11620675800577551,0.1129366994874843,0.1129318758250873,0.15284751155467305,0.11762210492727221,0.09637992639515107,0.07030613053675956,0.11098517723719203,0.10978381603060487
0.11384554361326028,0.12498548723751975,0.12625423502472236,0.18195675274717896,0.08767097511827328,0.0907082701075953,0.055645892452176805,0.1105509162661104,0.10838192743316281
0.10715054687744306,0.11493940764293786,0.12151695366998266,0.13307685389858667,0.08626405673907063,0.10222699582287025,0.12750619941160227,0.10294897375565219,0.10437001218185438
0.13091907231717104,0.0973594411414767,0.09517576334548679,0.13336367453088296,0.11352001621561093,0.08996322279571056,0.12595159922731988,0.09904695417850264,0.11470025624783846
0.10306873842733477,0.12150090982197342,0.11975087514438304,0.08142849693517538,0.0814074201763812,0.1385479117487212,0.15671487791679442,0.10204064220859443,0.09554012762064219
0.09084614271890668,0.10877380000299902,0.08692916793017876,0.17704818714026024,0.0878777916952493,0.14452984090517543,0.07275281039813282,0.1153938901728601,0.11584836903623759
0.14863366083373045,0.12647385050648705,0.11774774987599466,0.14955413156321387,0.10579250520713097,0.09077121844352137,0.05812066955760284,0.11523473495058205,0.08767147906173682
0.08543295435059113,0.12620608498929078,0.10240541489122663,0.10464774002704735,0.18650070808776312,0.14400799543948783,0.04530485431774004,0.10274566162309147,0.10274858627376161
0.13537848739897254,0.10915301317205328,0.08592438146700498,0.13266568440433724,0.14365540096819304,0.12084428875562514,0.05531977183828229,0.09056958569622255,0.12648938629930884
0.11685792014348954,0.08813565801971136,0.12625137953824814,0.10066358759837585,0.16015733158541307,0.10646955372838503,0.03324086956177797,0.12046145214693826,0.1477622476776608
0.10355698861466571,0.11505503636516197,0.09562892624290585,0.12968955717037764,0.1608524207798603,0.10793981029121073,0.023485814641961245,0.13084759702696655,0.13294384886689
0.13545124462982605,0.11299105309487639,0.07308475248172121,0.19802092912509708,0.09907298279401548,0.07976151903258007,0.09807271147567242,0.10183195788772208,0.10171284947848917
0.11459901368572274,0.10755009846196968,0.09587018207933551,0.14044192202221403,0.08641976179892646,0.14257634548699324,0.09119239599766658,0.10843922779663402,0.11291105267053782
0.12728160496003973,0.14191009773561977,0.0793719929566727,0.11881343286976427,0.157081026534143,0.10713755725647296,0.04147857151220766,0.09949842816696479,0.12742728800811515
0.10388247322973332,0.1333901672774249,0.09801722809770201,0.1460621391665525,0.13079273930329968,0.1299257084881195,0.03233466109098559,0.10895040553653912,0.11664447780964347
0.10499111447064025,0.10287881692065544,0.0915496115966402,0.09914137807618063,0.21623343184756474,0.12307186654379708,0.035455164221226215,0.10786921728234378,0.11880939904095167
0.10396718544249274,0.10110989971434033,0.0946825509510378,0.08772201708647036,0.07978143852999764,0.11219430804401638,0.20544478711307831,0.1014709475037238,0.1136268656148426
0.10900334535320551,0.10939577170497704,0.11538474603858721,0.18571257460995264,0.08707679892158093,0.08708824168476563,0.10766418584792266,0.1139591713657001,0.08471516447330825
0.11862680615514126,0.10231087683975432,0.08992151328373922,0.12447930389591576,0.20670071138693732,0.08976064266458328,0.031601020310247245,0.1299452914753494,0.10665383398833228
0.09704439652520562,0.10600015208219397,0.10983821749819883,0.07001209382132367,0.19167200004621995,0.13343566785255004,0.07790551547597137,0.12129229599594578,0.09279966070239072
0.07472305961824469,0.14366227732131895,0.1550836407291807,0.10972769769813283,0.1126184334700759,0.11615552150895163,0.06873490225855004,0.1254158700227768,0.09387859737276849
0.07683621449956235,0.10285290759976995,0.099992637696746,0.18594608033529778,0.11207622741770933,0.11353198165905203,0.057968167651371444,0.10196292788545865,0.14883285525503254
0.10303952730699734,0.132016271225072,0.14441196143712573,0.10346354574598009,0.13210278119939833,0.15247211184076415,0.038333210448655286,0.0999656310554538,0.0941949597405534
0.13418569302315073,0.10289525869304267,0.13596905966141246,0.10093791939174623,0.11120801050024574,0.09704175701480722,0.14019009673344673,0.08719847566476203,0.09037372931738619
0.12170932088971063,0.10059800555794089,0.13968818780458242,0.13488049674225397,0.10819891917142932,0.10680315586473339,0.09056515468814295,0.11010334383527424,0.08745341544593217
0.09397680286564625,0.11296903195249135,0.08988346738044635,0.10237023414244284,0.08870499836060008,0.08147398806850674,0.19266160696752718,0.09701783790390563,0.14094203235843364
0.12346162325676226,0.08763400838156254,0.08213623718611303,0.17525500762867316,0.1480774264411894,0.11081864772567408,0.038262100464965504,0.10633814658564601,0.12801680232941395
0.06293049944131375,0.10948387730726084,0.12499000817116306,0.1458264675925894,0.08106626349671088,0.13902285634436104,0.11686437313807772,0.11400656758142184,0.10580908692710143
0.11112121192812319,0.11070469332351067,0.07143837093917534,0.1975884534450473,0.09354673125883599,0.11474445256109096,0.06834821959909888,0.10412501063024308,0.12838285631487456
0.09216164916145768,0.10393874621163901,0.10801817523355962,0.11418942494236267,0.08354286104519959,0.1351145348240479,0.14560501353797725,0.09160225133320739,0.12582734371054885
0.12842109230996435,0.1186850454873611,0.06924051591699913,0.13679939962495244,0.1417542957433679,0.11481061450211388,0.03176590333526466,0.12299427186519814,0.13552886121477833
0.08893522446109454,0.15154890910533633,0.11019086821679076,0.07555348602654745,0.14674818299837897,0.14398439285801393,0.049774330024656005,0.10881473649139407,0.12444986981778795
0.11716708369483615,0.11462312874248837,0.129395125734466,0.06849007200873129,0.09846772153091843,0.08807849858019333,0.19143830818293248,0.1020403852474105,0.0902996762780235
0.10409117100170902,0.12002606827374601,0.14338293545437159,0.15273257349595362,0.09003803556826367,0.08523011157576799,0.10578045143426411,0.11501711386295184,0.0837015393329721
0.12296969603150724,0.11342290127300965,0.09340674539159084,0.13652821140895713,0.10708707247196252,0.0939652638056158,0.10245369568201618,0.12121882335010736,0.10894759058523334
0.13102482711323207,0.11427718825145243,0.08581236690993134,0.16055981558160196,0.12492726341325638,0.1085703657029597,0.041764115087145275,0.11302571099059121,0.12003834694982966
0.10282960659106465,0.1159317395969413,0.09281288217494614,0.12614232903706565,0.18335710955229736,0.10892964057021058,0.05112853254357935,0.10903602742765188,0.10983213250624319
0.10512873973175929,0.12484499771984074,0.08237281943430651,0.11399197158587372,0.08568686119578127,0.09833604680685205,0.1673415992742301,0.09724639746438557,0.12505056678697074
0.14562809486738734,0.09748102931601665,0.08097829741068262,0.21794640639585827,0.11234254652741703,0.07919585804944837,0.03790341202954432,0.12847753156624478,0.10004682383740064
0.09814185893877363,0.13056202021974442,0.11729381757215414,0.14550262561680768,0.07551122820273681,0.10296110532839235,0.12064389622897075,0.10923715034138742,0.10014629755103281
0.11709823124118514,0.10490445387078985,0.12323902577878638,0.1707298637478535,0.12578124086255535,0.09810700847790832,0.06698352219885781,0.1016560619643125,0.09150059185775106
0.08308119527466043,0.14193192274890018,0.0824129169432611,0.10624238819922811,0.14789214793329794,0.10008844202386628,0.04300962977316772,0.17105084712035598,0.12429050998326223
0.08535227052493144,0.11219820234122073,0.10469567700142839,0.07513737329034782,0.07573498458025876,0.10693976714655551,0.2332268980893076,0.09453202869446764,0.11218279833148215
0.08347052234943131,0.125298017556628,0.11803737253873081,0.09328710834963168,0.19784398863473,0.14717420280430696,0.02923726020783775,0.1143339505579924,0.09131757700071115
0.07803543060784278,0.09558980645477522,0.11836490901129383,0.12000827999460421,0.09907930206299892,0.09519649934193854,0.19788173089695907,0.1002724215536777,0.09557162007590976
0.12483455860613846,0.10880833264883442,0.08402365722831058,0.06450188134733825,0.11580071534233981,0.09471988690915993,0.18742339035872865,0.09030585692315773,0.12958172063599213
0.09449952048843115,0.0990692823743422,0.09031561890809664,0.11449903961720102,0.12915748451171358,0.16506953998730947,0.08948658984555391,0.12001302118267866,0.09788990308467342
0.08154532821775369,0.12509281807140157,0.14887500879836982,0.1005895789902893,0.0859021028765015,0.13073291467371448,0.1329955275525049,0.10548183216484984,0.08878488865461494
0.11311656890705679,0.1310191576530151,0.08481072815095547,0.07529820816769564,0.09837017216139456,0.10028193511349842,0.1809160846474451,0.10429950894047092,0.11188763625846788
0.1100051316400239,0.11011445382791746,0.07767983620389574,0.07977975587357805,0.12629850785569205,0.16494160864663668,0.09760169335507685,0.13195819980493137,0.10162081279224788
0.08978244572405679,0.0901968331745195,0.09852781125530789,0.11189863204224816,0.08035327531584008,0.1243142322967901,0.2065025962446878,0.09441524684872776,0.1040089270978219
0.11514622689599834,0.11688354596393774,0.10605435422977368,0.1072856087919592,0.12487743399572866,0.1246912749019541,0.05238569190017279,0.14213836171278416,0.11053750160769132
0.1100911063529626,0.10774937464487788,0.10863076760112446,0.10452951099798664,0.12844613926949752,0.1286666368751697,0.06403306228195778,0.15172625092744166,0.09612715104898177
0.13108404605349322,0.15339226421760835,0.09821656194986762,0.08827091106956236,0.12389581879276927,0.11926390615595005,0.047794729392885434,0.13411722091076003,0.10396454145710371
0.11481544446076375,0.09411223620885374,0.08550126402906925,0.16807092360892653,0.09573389479076916,0.12919758009819837,0.09567717711397276,0.10798074324001318,0.10891073644943328
0.10289165509415499,0.10697366569727355,0.09894914003437366,0.06433562889428927,0.12289812789407994,0.08900057406223923,0.18257112187019212,0.10404438926668708,0.12833569718671012
0.07466230908069131,0.14819002584637384,0.09671574164224389,0.05105013041566714,0.09032576822886669,0.20170381200416507,0.11216648006185298,0.12233138727980271,0.10285434544033639
0.1195896267620986,0.11134674704983934,0.1527789914132203,0.057106158064394036,0.2175816230537804,0.08324891984597026,0.03303126711233434,0.14748914478845426,0.07782752190990849
0.09661152449774735,0.11795792301773278,0.12487895709483086,0.133279418467501,0.12393018929290185,0.09474199490267987,0.08370332052737482,0.11491335650538186,0.1099833156938496
0.12282359166632757,0.07942810425648344,0.11322784441585805,0.1817401266220536,0.08797967054822564,0.11239182392759912,0.10882455763559386,0.07981519467274319,0.11376908625511555
0.09937658250660354,0.10304999176065553,0.07708073876168724,0.22360181383687042,0.09720217671475483,0.08591275790587989,0.07476005157460566,0.09980677447001758,0.1392091124689253
0.08617229886392273,0.13988669480017765,0.1254916350019535,0.0665848748937448,0.17950052179426332,0.10929107952089619,0.07865563990166874,0.1166547046410767,0.09776255058229642
0.11135939333896798,0.12842820618443,0.19961718746342796,0.09959833879244129,0.09872878361623105,0.09721590460795144,0.06632314581527322,0.11557243119001386,0.0831566089912631
0.08372694540587781,0.14358866816723537,0.11468655566793325,0.04514053441574999,0.20406756342143614,0.08243148156828144,0.10430136835061439,0.11420386848959548,0.10785301451327615
0.09447959760455966,0.08205013458460592,0.1055765038720508,0.14905785325750603,0.14461129607627196,0.17413294786463493,0.03630540005477889,0.10356479637695082,0.11022147030864098
0.11828193451086942,0.1414258732961756,0.09631446543181572,0.07957481676414573,0.1742789230842293,0.1476105640202322,0.029486529825397467,0.10095792509416855,0.11206896797296606
0.11210982978125751,0.10387214375745053,0.12141197812707623,0.164790150665769,0.07936528997441165,0.15014949236421662,0.07382774616589126,0.09447177845768502,0.10000159070624219
0.1120647314406309,0.09790031044968023,0.1445019985255286,0.17557968488320497,0.10243438897439035,0.09331026568265688,0.06746721606000955,0.1268778318076751,0.07986357217622349
0.0790924574349235,0.11347752401170862,0.1005424842399049,0.09780541768538863,0.14621858415853375,0.14683406154846382,0.07776293347589038,0.12784174980692137,0.11042478763826513
0.12104838120916811,0.10025577048082979,0.13348541137315043,0.08113596086343024,0.11369271142936159,0.11442197960802623,0.07526292247111792,0.13847075634022912,0.12222610622468655
0.09507663730063126,0.12298911559118675,0.09196395391385069,0.09632491708027112,0.1697668010000016,0.12316847934787374,0.05298956707670949,0.1194299585026259,0.1282905701868494
0.10666433026090587,0.11791213376354164,0.11880408496163737,0.15936811581513707,0.10156300316547019,0.12747506523363183,0.050682042350246426,0.12449435532334807,0.09303686912608151
0.09837253876331704,0.11381563996482573,0.08604353611353743,0.15276869963816755,0.08084741532095417,0.10264737541159082,0.1204193504297666,0.10503870486775875,0.1400467394900818
0.09930412573929098,0.1205518990149242,0.09809456389602338,0.13715344334257695,0.10971745535275272,0.129567742183444,0.056310043582970315,0.1163836445032237,0.13291708238479374
0.11889555117605564,0.1384482983930195,0.08340123341098667,0.11737728190282669,0.14095015433501426,0.08342513158032516,0.058741706727589736,0.13962185269320335,0.11913878978097898
0.11514199155911058,0.10598702201391931,0.08074421192419727,0.08407589332393255,0.16210233192199344,0.1403364063322666,0.08627024717568225,0.1286830960322811,0.09665879971661699
0.10583015152377433,0.10113314120212236,0.09517206782917931,0.2165949814162069,0.0911123933980144,0.11706254802090389,0.07097480150472618,0.1063888901922027,0.09573102491286996
0.09222633098953163,0.11913613959093815,0.09679731108506123,0.10121633505490153,0.1611251359995867,0.08320262708183675,0.11183888140161279,0.10898750557673088,0.1254697332198003
0.10365465358041266,0.08790411699434057,0.09006699681438317,0.055376537186159126,0.12030574947517099,0.10135995620271343,0.23409712926410095,0.10680537954231879,0.10042948094040023
0.1402397350584277,0.10130410080481365,0.08499768298997333,0.11535584997237147,0.11516774700992914,0.1413035802490543,0.05636169607457497,0.11795996427221038,0.12730964356864508
0.10342216633071198,0.11510051151476626,0.12812811090280593,0.11893878456791325,0.14006776493631043,0.07872678336181989,0.08406824955342772,0.12556501003446902,0.1059826187977755
0.08892207228228677,0.13903460083944738,0.11664426209133438,0.056137667627201536,0.18217763838380185,0.14751000839829206,0.038287084386978365,0.10961901186527123,0.12166765412538655
0.14863471319315769,0.11122658852802825,0.08853759808823825,0.05354442838331933,0.15755698285791786,0.10023204406395546,0.047420341988318244,0.14190890293010283,0.15093839996696204
0.12687305906689064,0.10736929909020469,0.0970926365118721,0.09693733870831693,0.13885188873671084,0.10839051891601272,0.09983888267134063,0.1064344386786396,0.11821193762001185
0.11046300010631664,0.10974540584802578,0.09835298507007284,0.20389926779386744,0.1253577989925789,0.08764534252035455,0.046922151483930995,0.11628105708055701,0.10133299110429596
0.09840492858356069,0.12190527474597025,0.08040376135528961,0.15863409129106046,0.11945828460779422,0.10828101855524302,0.06500980297927993,0.12393211219716549,0.12397072568463641
0.1277924191187385,0.10453874316760657,0.11141794950258314,0.14201860504643618,0.12937886186720607,0.11993918435163552,0.0530464303818765,0.14089546606202588,0.07097234050189154
