0.22855106999543495,0.0792001813626957,0.10424936263108107,0.10861375563627458,0.10502558023425047,0.05644088922501855,0.12459488685710939,0.13391954060769443,0.05940473345044087
0.08632500597321797,0.1436933423194794,0.10047029750013559,0.09286778783025378,0.13105920140709992,0.11056317142408419,0.08773844455357699,0.11615985524130361,0.13112289375084865
0.01840254606785718,0.1070818356160926,0.11744047889854954,0.11035575672079785,0.13370570575481536,0.12403575600746669,0.14176120918195312,0.15862374789227573,0.08859296386019189
0.07914218111849768,0.08336573173610214,0.20444377096977928,0.10368827183348757,0.10141367915083947,0.08193042007158206,0.07784091162089841,0.13186629130430402,0.13630874219450936
0.011606321026646514,0.0650195362013281,0.18065605114444994,0.12278349801420751,0.09379124186265336,0.05390663521989537,0.25781398140897577,0.12243144476337375,0.09199129035846976
0.050949038238153575,0.1168786286406497,0.12215119068948961,0.1259438542472873,0.12788000747707795,0.05737410932805229,0.14516925435418712,0.08564406020797426,0.1680098568171282
0.03940202841072812,0.08111371734780631,0.13400218467537972,0.11495173626017119,0.11513132456010722,0.07986605912003167,0.12255214007995185,0.13617406903529028,0.17680674051053372
0.0549223159485193,0.11575322048969694,0.13119009225967412,0.12073112035561955,0.14228870189508544,0.08659116398315063,0.06443673937061922,0.1434987299191864,0.1405879157784484
0.08509030731688205,0.17442232734802154,0.16864829719492838,0.08609491720323831,0.11367689545658365,0.07954850665465496,0.07627620799526903,0.11696594633889155,0.09927659449153055
0.19905043380477147,0.11455421816046886,0.11821251005869542,0.09882496286052304,0.10920197571305966,0.06460645453752571,0.08194839786101644,0.10104140660262051,0.11255964040131894
0.11340646057450347,0.13836041873755156,0.13740962766772327,0.08656600488308275,0.11287972687256576,0.07686001196222551,0.09010855100469162,0.10710192679601455,0.1373072715016415
0.12426909436206553,0.1330063472140808,0.09348199436035531,0.10791728731559382,0.11445444604667328,0.07530620178887776,0.07235683886216544,0.12046822159946667,0.15873956845072137
0.03116056080767421,0.08365442656575338,0.15728314818126135,0.11061902482805482,0.1056827387754357,0.25102217443266955,0.09062644368493643,0.11860061163366727,0.051350871090547395
0.11588429904898521,0.1547838554094538,0.08464828394407209,0.11921167380582172,0.11282718714205418,0.10144912322807871,0.11796351438253218,0.12016437834906456,0.07306768468993753
0.07637921355528099,0.12294405127818708,0.14269426651473546,0.10643114881718234,0.11381612645510553,0.16180806548724233,0.07310950496130875,0.1286505560481919,0.0741670668827656
0.10738023152132087,0.13705055637724461,0.09406514274102412,0.10571368718395714,0.10750983740408993,0.11328822354065039,0.0652018390154432,0.11737872317122837,0.15241175904504148
0.1340683113907093,0.10440983844745244,0.08948539909191515,0.12101959410876073,0.11967380391074088,0.06908403129185516,0.08955072367267995,0.11071734263058307,0.1619909554553034
0.08395173498710413,0.1257957838561,0.1664704944735487,0.12620329579572276,0.11239870476243767,0.1518906108666042,0.09886254293797059,0.09315849422261992,0.04126833809789202
0.10423797341536563,0.10655877017607057,0.12097815403615202,0.11594925372355047,0.13187679035511157,0.09004429894501054,0.07462160620823755,0.1275062485924512,0.1282269045480505
0.07149250498033995,0.13484291446658814,0.1389246994495613,0.10788345864358458,0.11132507575919415,0.09070473978242821,0.059697636359937745,0.13511951217417875,0.15000945838418714
0.029451278235896383,0.0837738726606767,0.10100897131413052,0.12812685116866096,0.11462707067877231,0.09043221875364053,0.21268415421000308,0.1465661627016176,0.0933294202766019
0.22402797806718203,0.13166869547552862,0.09354871061487417,0.08090596795947262,0.104681729773185,0.08122942359665002,0.04557787836762628,0.1318730258669253,0.10648659027855593
0.013534232040077579,0.1365045918125797,0.16612790003552236,0.10902679516433937,0.11218425841793524,0.09152617508945161,0.13451040491990043,0.1349578696303878,0.1016277728898059
0.053526645810331834,0.1118263916873451,0.06362098830807482,0.10124807736181324,0.09596820934983187,0.09883478634969249,0.32033648000312565,0.1130973915001825,0.0415410296296026
0.1576663609979674,0.1017810465370144,0.12131079964231457,0.12056080116735339,0.14016839575326187,0.1401143508530065,0.03747846006243354,0.09965741699525126,0.08126236799139708
0.2537904658938676,0.1475847741861466,0.07960873647560454,0.083150777242229,0.10614700460747073,0.07594598494870998,0.03424684961935601,0.11186005015515134,0.10766535687146427
0.05448213324717029,0.1524211311706706,0.17971583458797488,0.09254345755038533,0.11067919847830177,0.11885841007984405,0.06627707587605682,0.12635461990732097,0.09866813910227536
0.028214018485739494,0.1614919544210217,0.15303889570483545,0.09606175392052795,0.10656926432319598,0.07432233779820165,0.05944891660031979,0.11656574971243433,0.2042871090337237
0.018945656018247697,0.14019305123328443,0.14019419179727768,0.1026800904746405,0.1506624173956778,0.12153244559619696,0.10044915305266457,0.10885705262348216,0.11648594180852818
0.07629868292576722,0.11279752082698014,0.13670160780189147,0.12210810149012528,0.11038977544077998,0.08446548236321548,0.10222762778929785,0.15253571552084477,0.10247548584109782
0.30819295600947977,0.09663183904763,0.07055273089268248,0.08156748608080656,0.10215778970209326,0.07136474005737664,0.03955658629954616,0.12634516588980338,0.10363070602058179
0.07198340152657623,0.1375188356602883,0.20306260382876076,0.10362990798533432,0.13405498134925142,0.09629153187799407,0.07028714315206634,0.09644017034211988,0.08673142427760865
0.0295967653367424,0.10897588767333265,0.22445355628118013,0.14631406919571954,0.13809172014245355,0.06798110730181,0.07297427215706216,0.13814062533326288,0.07347199657843669
0.031574098788627845,0.10855991291326723,0.15803503105769126,0.10908016587963111,0.12728180171136474,0.15710397692326872,0.1462726223217465,0.11516786304727507,0.04692452735712749
0.02928792436691686,0.09177974169538582,0.06879753706634162,0.12212039625249692,0.10108190085111325,0.17533006706937093,0.22155025642219298,0.09805901699131937,0.09199315928486217
0.20990835527805865,0.12023794319823289,0.08993758097540654,0.10713554672479486,0.1087416289758912,0.07484490488543873,0.07578096176048697,0.11942355912967373,0.09398951907201643
0.08974642365518666,0.10072604340818463,0.12180281190267876,0.11396430495979283,0.1239874985537513,0.10003955271296928,0.08358960175352133,0.11281109004632595,0.15333267300758927
0.023228260210605863,0.1650192418553837,0.11167918502493651,0.10250092914320225,0.14536666756405162,0.19745334364928438,0.05941663272968614,0.12828279748779683,0.06705294233505271
0.09686844706445447,0.11753347372096183,0.1199349707105792,0.11225730822476843,0.12681755006514786,0.1680928320476951,0.07168582790967927,0.11350536896518364,0.07330422129153026
0.11251856470437417,0.10935932955840466,0.10325006837456437,0.09808940065998752,0.11609270888118654,0.14705005821791958,0.080452258648072,0.1161074570032955,0.11708015395219558
0.07889868402358814,0.10905451397455618,0.13550677064619318,0.10180374823928356,0.11132568408196568,0.08141355168969648,0.0862379027285774,0.13402466640088553,0.16173447821525389
0.16557469567112046,0.09110913080975104,0.1490795768402349,0.11803240966482716,0.11871603833809637,0.06422989213304607,0.08413396302121627,0.11462044749074356,0.09450384603096422
0.01701077063934994,0.08684702746579903,0.08762851339182771,0.09392965337084964,0.10314101809375094,0.15062518106657694,0.20750635650010674,0.16516325430957823,0.0881482251621608
0.06323369619151194,0.10142005386481596,0.18163038045641278,0.1206011131445655,0.1220856668561785,0.10016839752381734,0.05742665484351242,0.1397011340998288,0.11373290301935679
0.10197947402764677,0.13007333907013793,0.16915548226903698,0.13239653494804393,0.11834822701852753,0.07274497009943026,0.10323100217434805,0.10226252688613768,0.06980844350669087
0.0504364935570387,0.10253048133483776,0.0956171931764928,0.10131711553832029,0.0911322318448402,0.09781838849132478,0.22534621068036212,0.11633461091442683,0.1194672744623566
0.03377856972944758,0.11770815199697682,0.10294953173990089,0.12125012749408946,0.10862534145430754,0.08127768375888508,0.2327473559790801,0.09014626514821815,0.11151697269909439
0.13584413328354536,0.12479435849116279,0.10785309795391052,0.10077048777035143,0.1299814701334718,0.0820222440450657,0.08145398467813644,0.10233598991080439,0.13494423373355155
0.0738926652130069,0.15926575850852512,0.13014644201439834,0.10384619024495827,0.1466131380948343,0.0802430064655502,0.10123780807048827,0.1515842094588322,0.05317078192940649
0.07951048413693645,0.16975064353359934,0.16358330623219067,0.09767819482023783,0.09721075970806449,0.08139711349589003,0.11160406654542049,0.09837109039453039,0.10089434113313034
0.1982384827818092,0.09799360801349033,0.10929619443644063,0.08837495226354887,0.1094521303151379,0.08204211980497444,0.03160666619360523,0.1270727409221832,0.15592310526881026
0.06787086126655016,0.17151918808007915,0.12098888656543731,0.10176086030364206,0.12284526167955512,0.17352515924695736,0.09568080583201544,0.10519269333435151,0.04061628369141188
0.08699023160960517,0.23881403959857225,0.10932610496006134,0.08185726606304154,0.10875607450643965,0.08240777851480881,0.043061559296001105,0.12953924481414297,0.11924770063732713
0.05367423552254572,0.20860426392811723,0.18435120259635243,0.10560039229191431,0.12165724432511826,0.06364812217286012,0.12043928135882899,0.0823511530866713,0.05967410471759154
0.04231613018401376,0.1015257186239243,0.10950652554711789,0.12067925611200762,0.11049355520270203,0.15620320361587273,0.08880048504577955,0.12984398350102352,0.14063114216755854
0.3075678789665575,0.09868572415750267,0.13090871736293766,0.07522523899928113,0.09573195806170272,0.05971714360321789,0.07717327215994299,0.1069703529090018,0.048019713779855644
0.11963643297640127,0.13677185802612749,0.10799993405084791,0.1005457649049734,0.1092068901950138,0.08745595129282824,0.07199353320004073,0.15612314030048746,0.11026649505327972
0.13232047896295,0.08540133680891615,0.13446221878508727,0.12056283883652534,0.12512313452041238,0.09062406116875239,0.09872323640848446,0.11894275808776404,0.09383993642110801
0.05718090645537945,0.17205364927831557,0.14762001837061522,0.11563333902808254,0.1161156365626973,0.09583196763188935,0.11095798204252455,0.08862995688264497,0.09597654374785108
0.017862449882191357,0.21886596840040917,0.10337483186424758,0.08777051287482217,0.12326730765946241,0.1713350712999898,0.0675459617475962,0.10472217812732472,0.10525571814395672
0.19792672129488173,0.10140609224751718,0.07165283756227432,0.12079806649428522,0.11884772974242079,0.07851464361694373,0.06981361824319153,0.1121215784423323,0.12891871235615338
0.04032178590219713,0.09890108547511862,0.10499270530665451,0.11281036483823025,0.11896585468233416,0.10382316466030067,0.12839027875797523,0.11621518652930136,0.17557957384788803
0.08484357119603625,0.11243054968175244,0.10295423555302709,0.11848874936615277,0.12516501543554562,0.0815842133565934,0.10315161024135076,0.09044592999065558,0.18093612517888613
0.03456883285512244,0.10247937442946309,0.12366866798086702,0.11233644973290707,0.12770394157573653,0.2546747093927409,0.0782366121691777,0.09518141155306371,0.07115000031092147
0.1531352413852272,0.15192919116197726,0.10840383316711488,0.0944676224829175,0.1173260167812664,0.08252183574042081,0.07995683118986006,0.14750765692505188,0.06475177116616393
0.09426370240623522,0.11146844861435141,0.14430789489503754,0.09953549328879208,0.11583882581320358,0.10656513893188767,0.06299644384536877,0.1448764963114443,0.12014755589367943
0.08101378417871452,0.09461908697533233,0.08412854560794036,0.11978070509356054,0.11336790270842921,0.11677503494049246,0.09483968939112196,0.11992440499412492,0.1755508461102837
0.04314110795784784,0.2030755298595228,0.09843387575549524,0.09289921915153125,0.13822168204452248,0.1307350782597431,0.09009941130994743,0.1103810284528115,0.09301306720857833
0.05771362389755431,0.08355855538450986,0.13600429492300353,0.1316297029811988,0.12029854725753901,0.09831907871286427,0.13924471417619913,0.1110362625111994,0.1221952201559317
0.06223100622388771,0.17864959936875305,0.09468259224741483,0.10907320711853619,0.11051832587613596,0.1302423013723831,0.0864891154406993,0.11946716747106095,0.10864668488112884
0.14084607242868655,0.1620653922718698,0.11463641456815675,0.10669645123257916,0.09803329436532714,0.08146221636385927,0.0843655647214715,0.11969715831907897,0.09219743572897081
0.14786606156948615,0.11360103925097938,0.10111930724877671,0.11328520539451643,0.11229860949020165,0.06895119159762426,0.10387898787875381,0.1057576430053818,0.1332419545642798
0.18206692716242032,0.09026137299798714,0.18411491530990862,0.10380811784509685,0.1204912703376299,0.05428460115686665,0.08478653891677294,0.09817848843452799,0.08200776783878959
0.027149809574632016,0.1418017521493791,0.2129766114865169,0.10167151459962477,0.11288444416271698,0.09454700290511653,0.09163261191889721,0.1294014532441634,0.08793479995895315
0.02866736684570875,0.12227523422132631,0.1890320268436818,0.12837242706549243,0.13086166524618545,0.11877236531042358,0.08595089220838366,0.09967208787289018,0.09639593438590777
0.06622463543817927,0.11113308286644862,0.08551271269726063,0.09749526094966025,0.10283184791312538,0.09571655367400196,0.17271490768849243,0.13905476383823537,0.12931623493459607
0.25134525580319683,0.0854611740868826,0.08544790081067076,0.11298146652091402,0.10614129270660606,0.05723255042077443,0.08037181621074223,0.09923776874042801,0.12178077469978497
0.14354893464942126,0.14729993756205806,0.11035913263917985,0.11002407002318088,0.10961331901245537,0.06193005798596507,0.12129283100501381,0.13317609619552295,0.06275562092720272
0.31550300207689447,0.10329334353969878,0.07389986738387666,0.07861142712444318,0.09858015432784294,0.061087216534556316,0.0585182559608264,0.11212391761457317,0.09838281543728804
0.038238948719811226,0.19633718224189198,0.14676183702322937,0.10551727120757798,0.12063339730144251,0.12981375805768572,0.08073715051137519,0.09698233074332054,0.08497812419366542
0.10252832171970537,0.11579374500381577,0.0949273755413489,0.10400292333845772,0.1231471002766829,0.12301305009739359,0.07316766745750941,0.10227906435145384,0.16114075221363244
0.03540394833403465,0.19905787833724956,0.21653759706161105,0.0864476726237186,0.11437721060472487,0.08308711033655823,0.043043244129831855,0.10897906911566473,0.11306626945660646
0.031868259985327725,0.15831879800486273,0.17118777676126642,0.09938870679053578,0.10996715905816674,0.08597830853386905,0.10528292354818335,0.1058452243599902,0.13216284295779804
0.0754549576727777,0.11528374298501133,0.14474586096048353,0.11180335383694696,0.13469945315818263,0.1917709485841763,0.049998660407922224,0.12505248254010587,0.051190539854393584
0.052477261078119786,0.11063708678869778,0.09336963544578358,0.13007723686584152,0.11918471146327132,0.07451659821350946,0.16843193268041287,0.12535618858844452,0.1259493488759191
0.0686314775363976,0.14342985901512445,0.12146577355453196,0.10814300303954372,0.13315701304405805,0.09897258572300378,0.06738502158249127,0.09844708200849712,0.16036818449635207
0.018412286757728255,0.09878907961875012,0.24557271616486676,0.09280928654832593,0.09271411482902249,0.09977704265388854,0.14357013951997086,0.15152316670598262,0.05683216720146447
0.05069812183632544,0.14694387405190734,0.13028487689604962,0.12529850885996158,0.1267267086824094,0.0684336789673131,0.11375541858998768,0.09941706502855202,0.1384417470874938
0.0666773068963095,0.08678190087212033,0.14262368353843122,0.10524201511138757,0.11573216645488253,0.153362710156825,0.11173236147427114,0.09962100897705965,0.11822684651871301
0.06915370410651833,0.16385535768871687,0.10982200803780728,0.09945615636991767,0.1086102994017264,0.09095006447940306,0.06874486305316486,0.11106495202811574,0.17834259483462975
0.10486274578574982,0.11932866713954234,0.0511818383960323,0.12748618281648563,0.11532892389018072,0.07104991822293698,0.12876241129852467,0.1266491010140188,0.1553502114365288
0.03800786858849401,0.10849710047181749,0.1340673392151414,0.10818221467415941,0.09815736423563555,0.09292424095470712,0.09593461020751919,0.12135353064633773,0.20287573100618808
0.17477034076997322,0.1423912851522128,0.12685899378072593,0.10601895638569392,0.10777065446440677,0.058460685206277056,0.09241622829758755,0.12938772012581012,0.06192513581731255
0.07600996377371921,0.10243929137710824,0.1507595936822763,0.09666601659704076,0.12601594067777597,0.09655926459524639,0.057377810826686276,0.14097324780209966,0.15319887066804724
0.09270580515741449,0.12908017384756182,0.09764982167725746,0.1134311000085907,0.11017179428790658,0.08477003621399688,0.08137320451024312,0.11967079015577005,0.17114727414125885
0.09253487451001874,0.09747524082020133,0.0830702847014994,0.13191653248090282,0.12159752073601209,0.0961661265266426,0.1194547523761879,0.11593586787228012,0.14184879997625502
0.06558566289704032,0.0753817707121634,0.11390573350475303,0.1402239054688698,0.13767193481670462,0.10266971526918496,0.08942028106212778,0.14221311682534965,0.13292787944380632
0.06265240741812621,0.1415903155293561,0.12049531380153582,0.11815420978907998,0.1325008303490235,0.07579078922988686,0.08842183484395665,0.08899836930672883,0.17139592973230608
0.18533954806873654,0.11778361582795521,0.12284611287949176,0.10155556679734816,0.10893666774732673,0.061462288839002614,0.09831129804057737,0.1093331213547127,0.0944317804448489
0.11071651937341304,0.0786010482651029,0.10083755103338392,0.15225848346046303,0.11254519972487143,0.12457723868939985,0.16332074040502007,0.10524638570687855,0.05189683334146716
0.16889186559411376,0.12609145098198163,0.08255705611404929,0.09287060326189167,0.11175885859802111,0.1211503938309661,0.06360123528141827,0.12581294549598745,0.10726559084157068
0.1648545749652214,0.12501992261343572,0.097723251823647,0.08835212436092059,0.11399101706812347,0.12523569728388964,0.03788295074536533,0.13213669544232928,0.1148037656970675
0.26676916324594774,0.11126196617644551,0.12597147104778836,0.10387483719287571,0.09202706773392855,0.05196805147926653,0.11645934539342273,0.1025508871196269,0.02911721061069804
0.1021884551015562,0.11078826661893283,0.09181183967942604,0.10543078322474218,0.13192224389649018,0.07074294452052247,0.14847121611231076,0.13193980179834577,0.10670444904767364
0.02664768891068346,0.11105964970083178,0.23485484526018616,0.10966509491979948,0.10405343112397909,0.11134075022447358,0.06664674359933181,0.1659215341694311,0.06981026209128363
0.26619955585292815,0.12659859245422714,0.10745743806344936,0.08399032033841936,0.10182951016605528,0.06890583053080747,0.04313818127448358,0.12685499629449432,0.0750255750251354
0.02980901589264777,0.1373183855832124,0.13279564934380192,0.12116927217634782,0.11928463580202713,0.09582383367276089,0.0957414139347043,0.12994202343359415,0.1381157701609035
0.12205885052333565,0.143354458795201,0.09184862724578981,0.10838030162265518,0.11925903261711297,0.07585291635067602,0.10553508405580342,0.10770237819367272,0.12600835059575324
0.06352838194420708,0.08897483290145404,0.13375200469489476,0.11294298366431822,0.10717858844097944,0.12220751461976098,0.1835016441997973,0.12264560964117192,0.06526843989341619
0.2584635134029977,0.11120339572935777,0.08431188127428917,0.09831498250339736,0.11612321796779083,0.07310598380043347,0.05565382529639951,0.0917671710366051,0.1110560289887292
0.054489953512191554,0.15990186682388333,0.1672927460519076,0.1088992289654504,0.11465961868490071,0.12083149740849534,0.06905467439736847,0.11880465780774528,0.08606575634805719
0.07429407707480097,0.21612103918949854,0.18761899160760395,0.10948822445545643,0.11707310967693585,0.0794146194217442,0.07107995095257567,0.11211758761585816,0.03279240000552624
0.050144924536730785,0.13163222869779798,0.11690616226361557,0.10814586648527542,0.10175685856032578,0.09872432669585689,0.22328093377703417,0.09503538952091557,0.07437330946244776
0.12688237647639933,0.12314125910976015,0.12847041235219023,0.09572380958640625,0.11198250576141844,0.11302546539001851,0.11520376028152339,0.115297169899416,0.07027324114286777
0.07908755005479876,0.13776715407974002,0.12195709981895235,0.11392511150626095,0.11835391109981158,0.11320446244700684,0.063038975022486,0.10918963244537343,0.14347610352557005
0.13863130105172286,0.12726082096963565,0.1048347773519638,0.10429039384030325,0.11866654079690726,0.10586049531755799,0.056836021579217494,0.10766542267471657,0.135954226417975
0.11009215017922165,0.12403889575500682,0.13682443285597565,0.11408704069288046,0.11872132335561887,0.11370343486268453,0.10227910485233675,0.09857729949970824,0.08167631794656703
0.07990854330300104,0.14363867727412677,0.20747241016499748,0.10863056036495951,0.08790368662843079,0.06118769553909586,0.08664767460437867,0.13067568821507017,0.09393506390593968
0.07966540925680331,0.09098700605952052,0.09000227160920049,0.11321224752414383,0.11927329899750132,0.11415103489606758,0.1610003889111592,0.13095545945042242,0.10075288329518138
0.08676605925148274,0.10780097127230794,0.12925181270076835,0.10470125682061508,0.12063413769501535,0.10319195373037555,0.06383288790969509,0.12278878666701747,0.16103213395272245
0.05068108773496341,0.0925096379741203,0.15966567968991682,0.12402133742136838,0.146230200142505,0.056578020394588376,0.07945308730536267,0.14414489384416895,0.14671605549300606
0.09643327383262452,0.1131694858033635,0.14459151701517073,0.12054539640160856,0.13886974947837857,0.08073698008413374,0.09529208998455829,0.1506524047748273,0.059709102625334715
0.05937831814696506,0.16655348618026108,0.08187456203075176,0.0945256042188843,0.08820378351240483,0.16462590597359766,0.051224418812598975,0.12556324279868963,0.16805067832584672
0.07376123903435679,0.09916763539976203,0.11938477171222149,0.13373403434540213,0.10017413110881841,0.06513659123578719,0.172630873147821,0.1273069853327019,0.10870373868312903
0.06939952489662558,0.15592148880757606,0.13649287376445282,0.111664124332387,0.10755683288176314,0.07365988350302141,0.07448636145658079,0.12639802307652578,0.14442088728106747
0.09811878801153114,0.14189333134387402,0.20543388104012847,0.10825254062706828,0.10564249349850202,0.07369482353973589,0.08121308637133878,0.12884045376529304,0.056910601802528306
0.05454676268059246,0.08482202076825536,0.14771664094909834,0.10370901498528468,0.11263539548182365,0.06900870619045957,0.17736136159278848,0.1362145115947673,0.11398558575693019
0.04137115989864186,0.11085996115742854,0.16083094119732708,0.1196036739653877,0.12148075552538244,0.1189081462272626,0.1034782971785701,0.1312706891456125,0.09219637570438714
0.06516410569688029,0.1243962030628515,0.2123998415084045,0.12243285290520121,0.09620411110974587,0.07412965039083978,0.1600126214375109,0.11219937310056682,0.033061240787999165
0.06863549779266687,0.13119710197080273,0.1369817998869571,0.11874701347943722,0.12001915767952202,0.08337638144862054,0.06525184586051917,0.14576654876198597,0.1300246531194884
0.02551013137370373,0.14747981519099654,0.201223268280858,0.12315155349339513,0.13055201561013366,0.051078017172873136,0.1311884797675405,0.11584722099650167,0.07396949811399767
0.054914868802375096,0.07173074844816747,0.07110587640849651,0.11787542935406954,0.12209456863657515,0.15251221031122317,0.19849236683639007,0.12132012811381325,0.08995380308888966
0.020531462361173775,0.09943627101219815,0.1480637932220926,0.10277999644054962,0.10209166998041609,0.11279133979785684,0.24216426394942747,0.09344879719002254,0.07869240604626297
0.10581315777122226,0.1009993424019756,0.0839756495863876,0.09212088149147207,0.10160692317541324,0.1986033380924169,0.12526272905200922,0.10912666604648603,0.0824913123826172
0.07510897223939153,0.08932286300046798,0.15245927388332142,0.12112196091913881,0.13307757059921993,0.11936161819285691,0.09121331427698444,0.14330364835130502,0.07503077853731384
0.0623455245397993,0.1945719917550707,0.1361385269800572,0.09391925521636672,0.12272516874470306,0.10015562390847386,0.06077598587205307,0.11557188607669988,0.11379603690677625
0.10557673688756286,0.164095361380223,0.1520884647381818,0.08865374457215142,0.10659247200200356,0.08349158509959019,0.04465063219375915,0.14994699194523273,0.10490401118129528
0.10179193927493764,0.11632733978670017,0.1573273335164348,0.11089704252023508,0.12696508463437384,0.09996900982423455,0.055407476881522644,0.11538721263722423,0.11592756092433705
0.09035120817159059,0.12771352005688627,0.07160585273759013,0.11103983592379663,0.11612600856297028,0.10329935747138559,0.11791032622250384,0.1546269830670721,0.10732690778620457
0.10346927039229441,0.14847753464212934,0.11495554502034833,0.10292746211555631,0.09970843344439995,0.08569533182622913,0.087835551967684,0.12083774050598689,0.1360931300853716
0.020355025056617706,0.06452696793947275,0.11495136330266391,0.1251416708502661,0.10834244797499025,0.11529983969175993,0.1890141638682948,0.15483173470028097,0.10753678661565365
0.060362070960993795,0.12122788458851774,0.12013470434646811,0.10472615484921421,0.13017763711418204,0.0899081950500837,0.08932824872362234,0.1125080906165557,0.1716270137503623
0.08638527056277685,0.11306424205516845,0.10674833311728356,0.10414603965304031,0.11639686760836528,0.09834827647775751,0.062253382489227016,0.11282331878342651,0.19983426925295444
0.04304847729929492,0.18647594049510832,0.13922443288226383,0.10552842475503021,0.09350875271425729,0.11934013015164761,0.10652112870988989,0.09757680964168865,0.10877590335081928
0.0774758555284344,0.13412892157446799,0.13576631808781806,0.10058955494111306,0.11610607749311508,0.09169893740670965,0.0795053873171307,0.12452354646751766,0.14020540118369346
0.09321908228639925,0.18991605545593884,0.09837144312977342,0.1133564182482849,0.12684765090832184,0.11492489292635671,0.08350360297459625,0.1105153634420918,0.06934549062823699
0.08378210038751237,0.09859127471529903,0.11802860419014492,0.1413147204416109,0.10873615715123304,0.06651083085176548,0.11219189130494457,0.11070427353750915,0.16014014741998053
0.09519741735165198,0.09141483816379302,0.14126582744934876,0.12877288548295326,0.11254032391724762,0.08074629139712709,0.05045320564887044,0.13032146586931084,0.16928774471969701
0.056797507352051614,0.11669824528721051,0.1191215890836002,0.10606168275141314,0.11514195398190352,0.12046602450852938,0.0959308745749524,0.11884935196379194,0.15093277049654738
0.07301081621059168,0.11762846739274178,0.18028138424202303,0.09938223849293665,0.12516662508035545,0.08818264162878708,0.13215733993371348,0.11636985727321536,0.06782062974563546
0.17655078133567706,0.12475544678121941,0.1141896593949507,0.12232920781576047,0.1494281358091694,0.06041531353439559,0.04517966225554478,0.10272144843712679,0.1044303446361558
0.2455966724515819,0.1417952514989112,0.11968889709928443,0.08662625797288846,0.11038626132424696,0.061044206945974476,0.031530877273987234,0.12804961676929344,0.07528195866383196
0.013201776022890762,0.14393551193159373,0.2507184108399773,0.09783801624036714,0.09296571043353363,0.08871428515168171,0.09600545505612972,0.1269954446161298,0.08962538970769617
0.12329808878736924,0.1462833472065665,0.11717386790596278,0.10667268089723096,0.10682162517493003,0.08833011827605364,0.11001010137824835,0.1094302828560031,0.09197988751763538
0.04938725730440363,0.10563391212712481,0.15762592051477983,0.11301494001223282,0.10905733238581682,0.12267415255922627,0.10318668667427792,0.14734330521874808,0.09207649320338986
0.06499246529398713,0.13526439082260214,0.12269053482511376,0.10901125903322163,0.12445591370039956,0.09754583668224039,0.04904512309159472,0.09798080748535265,0.19901366906548798
0.07254633995441577,0.11570592241915462,0.139954493956191,0.09731132996270875,0.10884647107102245,0.15133723774046573,0.08112581202699454,0.10457703335048357,0.12859535951856357
0.052584638407555395,0.10103848916358525,0.09928331574934594,0.10611004832098107,0.12757657946617898,0.0799310736289258,0.13594756754554552,0.13222351007664035,0.16530477764124166
0.1204002048711759,0.09179359795526211,0.1132004464925256,0.10714030526128138,0.10441244182681501,0.10640702963705005,0.13968760677278455,0.1354731940030122,0.08148517318009331
0.19245081656707738,0.11862585895106596,0.051592383599641745,0.09502344812714913,0.09086158071162957,0.10417969910799525,0.05772977834653465,0.11467599407741914,0.17486044051148716
0.08842203759781538,0.09985212608581134,0.09780254062082787,0.11195875664911747,0.11881147265263621,0.13009638953779787,0.06899295937678254,0.08929999882294742,0.19476371865626393
0.11357568987751704,0.1563196867368607,0.11209162733059487,0.13464605978137018,0.11953348481585203,0.09157387391580912,0.10725417266353542,0.10083675181764773,0.06416865306081294
0.04250045521676699,0.15645406744585857,0.13995850292232984,0.10904935172448575,0.11710491501512395,0.09540750173918354,0.07544959509202763,0.09679640019837832,0.1672792106458453
0.03350146726550627,0.10365523083979618,0.09518706256028314,0.11737644142319416,0.0885595653901618,0.08568322051369882,0.14924984948187184,0.1074232428957333,0.21936391962975446
0.022461648100625037,0.1036088884623861,0.16246489183882049,0.11400215437822492,0.10144542526727292,0.1470767417564152,0.12273725561351405,0.10562300113302207,0.1205799934497193
0.09221527155310076,0.1281499472851291,0.1558362945232666,0.11697373460555517,0.0913094942873983,0.049053012386847526,0.2245744453706812,0.09248401930054441,0.049403780687476924
0.03537327641432272,0.09111881234545664,0.21383908076821664,0.10866950367848512,0.10125090555191811,0.12939116986172064,0.13963847297766266,0.12558092625141717,0.05513785215080027
0.06303492499665703,0.1205722614699527,0.12244873470664974,0.10030671436477061,0.10210796542780314,0.08531846790172841,0.050832935586864136,0.09451657768622891,0.2608614178593453
0.11308022104515626,0.10891177642979545,0.0956783320098571,0.10968449998137093,0.1256301997675925,0.08492325389639747,0.09414509737730777,0.15027566562299716,0.11767095386952535
0.0326282946370731,0.07068426171716206,0.215137686820107,0.11920494971498119,0.10859911082756472,0.08016812222986713,0.17107611764882127,0.13515221772160715,0.06734923868281639
0.25451143507651325,0.08175887211939975,0.10842661122104673,0.09694626464104122,0.09759476672525565,0.07407357446129165,0.0843543370936768,0.12847266482230071,0.07386147383947421
0.01294903230842188,0.14431535084989186,0.07197873437930996,0.09213782290326651,0.1161568334064552,0.2629250571158407,0.04647670975737352,0.12052362198066685,0.1325368372987735
0.09784308008830678,0.09169206025474774,0.15282021130801862,0.14026207743526767,0.11841437745820321,0.08433144841351141,0.10668599347389547,0.09814255020521712,0.109808201362832
0.1196169999199107,0.07285517476174073,0.16623637342938222,0.11484388226097449,0.10567394474536718,0.0894727504234716,0.07153234686765153,0.11870337829281687,0.14106514929868463
0.0918779368498631,0.10456776238127052,0.08109529909108086,0.12415007421229211,0.13084677895658245,0.08097463006013694,0.07733976185475992,0.13342455997650118,0.17572319661751287
0.02675625727935683,0.10146802058135383,0.14278490498724025,0.10947071365407268,0.12293770991567121,0.1551414587483734,0.060330566640213724,0.11359664428316689,0.16751372391055117
0.03685102134662548,0.11377424769672632,0.255487735656305,0.11180117751265761,0.14107082253920658,0.046138030216636844,0.13521737677446755,0.10004667044260969,0.059612917814764944
0.04569811610729837,0.23575795895712615,0.15836047579236442,0.10033456647939414,0.10607795796655628,0.09051919131930003,0.08923465561452348,0.07574526757115883,0.09827181019227821
0.13291397155688964,0.11975440242447832,0.09896920200640118,0.0921676949021154,0.1101463211102481,0.09992055497054274,0.07579012642494042,0.12218735138533265,0.1481503752190516
0.30969057737226596,0.11468942818241475,0.0936020788792211,0.07765350469678244,0.1124613064556032,0.06646108263499412,0.04082232507634729,0.1185830756423738,0.06603662105999737
0.09152312789414992,0.09658057917376078,0.15571557993530313,0.1186955026104574,0.1171493721020309,0.06094022016629152,0.12430781347023052,0.13394222401442837,0.10114558063334751
0.055119471685751764,0.09220224983903229,0.21846528952374014,0.13137669960083728,0.12831163672761736,0.06001220143994499,0.08276213129332519,0.1186822957152442,0.11306802417450679
0.13143626779875492,0.10195144819413667,0.07194643675618195,0.0973007010142925,0.1074649218772072,0.12293011104868741,0.11479360340091731,0.11184260626884955,0.1403339036409725
0.03020302069807033,0.10438993278561805,0.09768677678834199,0.1100299429152936,0.11337848635834735,0.14410301314355536,0.2128194129500883,0.11419772957806262,0.0731916847826224
0.18299619917946272,0.08014780815361218,0.09584848552798086,0.12473433052563347,0.12644039103185317,0.09878292275053772,0.07127950597451553,0.13545866059250938,0.08431169626389495
0.03128324584268144,0.0807766668213329,0.08988612449032445,0.14813780711801727,0.10666057640545375,0.07042487541663947,0.1975752914533345,0.11831501826526292,0.15694039418695338
0.0373079970048485,0.1395432916613594,0.1270735608168536,0.12183279725607223,0.14887373371349424,0.11369004570706386,0.07744217503567909,0.14163226855496236,0.09260413024966675
0.08500329503270816,0.10849437587432047,0.1207947648702647,0.11007784765673867,0.12533500513379392,0.09128271969394108,0.10409498736355209,0.12377585721541194,0.13114114715926903
0.05212589799338144,0.07524600211535647,0.09398892490061532,0.13415967339436016,0.12642940972495428,0.2766186610263073,0.087692212199044,0.08533716149840387,0.06840205714757715
0.1352304408507571,0.11673833691063107,0.0965438028764523,0.09878194116961155,0.10817132162632949,0.08020359661310174,0.07892061557827904,0.13360824563796528,0.15180169873687235
0.20969578263369748,0.14015353801241368,0.07432858461689733,0.09111228029522382,0.10247297912373066,0.08101253595145465,0.05072872130707962,0.12066525857776716,0.12983031948173562
0.09296464441435943,0.1055080699093388,0.09712152027232884,0.11116267040764587,0.09657783567218041,0.08351570007424607,0.24075605425431523,0.09689153948761864,0.07550196550796666
0.11482518535813613,0.11456959311327213,0.07230753927150292,0.09616329692512633,0.12595865770179818,0.0993560893827619,0.08247845856325574,0.1283178298954445,0.16602334978870215
0.08353252393973036,0.12153438737916067,0.12958254479623602,0.10648364862647756,0.11213909034789442,0.12431492333015944,0.10373115954939142,0.11557072752853943,0.10311099450241072
0.045618043692854104,0.13538521416092864,0.19718576358890386,0.07990371717754759,0.10757313059351743,0.20234967559837644,0.055234868413783555,0.12534004823600545,0.051409538538082965
0.031359174156287396,0.1027915129197633,0.15692964447393362,0.10573189012643769,0.15003165724317793,0.1892727069889899,0.04141699074333722,0.1230367158286401,0.09942970751943285
0.1770280932741469,0.13397157546110178,0.14058815999610222,0.1144314127567132,0.13322517994811597,0.08288697654898122,0.0719493241334495,0.07823460832074304,0.0676846695606461
0.02691062123619085,0.0777030312423243,0.1257770719810906,0.09111536770996949,0.1179270253755389,0.18576184302342572,0.03700930371138213,0.1408818328279561,0.19691390289212185
0.05139440165375727,0.13927515538758536,0.1474419163022803,0.09249785521980665,0.11320314734940666,0.09052810760200908,0.09821010363577032,0.15956737039307148,0.10788194245631288
0.08128859803588763,0.10337338146016227,0.12838988972806972,0.12905125824436967,0.11982340947924718,0.07523724792423861,0.08866204679317657,0.11496373896832794,0.1592104293665204
0.19305644263971508,0.12165354292544751,0.0842805705848411,0.10415355287662996,0.12007472859631026,0.10617164161025412,0.04174449566188137,0.09870006162575669,0.13016496347916381
0.02047626515933893,0.10594740805852132,0.14693745314742465,0.08517068482074969,0.08866439436019273,0.13812308877201404,0.211449443460863,0.11842203190397564,0.08480923031692
0.053568151874454996,0.09686149936130568,0.08479670490680424,0.11752964473694749,0.11425314370139328,0.08300330197374765,0.1721237787951183,0.10190015216610702,0.1759636224841213
0.14227695994390707,0.17295805409901954,0.11337851010290989,0.09042346920171514,0.11829656523587924,0.0955402835542133,0.050686129599278325,0.1018145861564325,0.11462544210664499
0.07058657426918875,0.16956802175343746,0.17623428548687567,0.08381273606577527,0.08092859414322141,0.08757954166931503,0.06216579908354448,0.11636241503931753,0.15276203248932443
0.260662515002932,0.17667053376739492,0.0711673197863739,0.09092395355611,0.11281189053710876,0.05582999421465403,0.07051174099305411,0.09775817192369834,0.06366388021867397
0.015357124609911848,0.12554471363678868,0.15781600345954624,0.11454653242902581,0.11408021212495545,0.10676893870952749,0.08775963754360243,0.11185322111716772,0.16627361636947427
0.07007368950557757,0.1422661930002387,0.15346189654823508,0.1154085453643194,0.1387534079557333,0.12072702411513338,0.061643231648205205,0.09968886678471818,0.09797714507783915
0.05742038456475957,0.121726557039142,0.14910174392406803,0.09214047131557868,0.11630922775307184,0.1283669771495377,0.05205541006481853,0.13341507059500624,0.14946415759401746
0.0409552594769299,0.17715624587052972,0.10990597192821971,0.13666151044760355,0.14730498813339124,0.07723461487630592,0.1411630588773978,0.11556759020886194,0.054050760180760216
0.052986529770159475,0.1524730299645884,0.07536809584293881,0.09183302729233607,0.1144189293313242,0.21394694826067817,0.0927917925931535,0.11011043309534124,0.09607121384948014
0.1018722825517104,0.093744929392904,0.15042380698934585,0.087352005695217,0.09252672325047899,0.155143449025025,0.17366276521425228,0.09967691486668805,0.045597123014378536
0.05970561831113136,0.09259142792923314,0.10285808921800649,0.11701556714510948,0.10912463714219268,0.09122220867038411,0.19273767447232557,0.1279464683241446,0.10679830878747258
0.19235289972714342,0.08486035484857211,0.0720429678981141,0.09223051657657078,0.09438539028636038,0.11619127615090467,0.1646836211763202,0.10716202063168923,0.07609095270432516
0.26596034582569333,0.10830958780955646,0.07371933350617212,0.08877410429532041,0.10443492501947405,0.11085675961763593,0.0337119365926586,0.10132439736269959,0.11290860997078955
0.06811521153496045,0.08288783210590707,0.13812834195905224,0.11551993694253003,0.12153521155161684,0.0818190317212212,0.07403466690669797,0.12263046353644293,0.1953293037415713
0.19018961867527437,0.05516436945590599,0.06976353331359966,0.10503894416745108,0.09579315904401982,0.08421501779178936,0.21945202244306258,0.1348713109591325,0.045512024149764775
0.03251450774236164,0.1149026456157871,0.1302934739695543,0.08431701090684333,0.0877429628391323,0.17135768128316275,0.03739977834885576,0.09732028886422876,0.24415165043007403
0.11118827404822436,0.17861815252448288,0.09656879285592691,0.07735048902555136,0.10039653943267374,0.10305858343859452,0.025065290042889998,0.12593453297469612,0.18181934565696015
0.06054709006589337,0.15927103784485938,0.15373120446145117,0.10330738327472809,0.13024348288572815,0.09874659956857235,0.040197857156203894,0.12557856775735743,0.1283767769852062
0.02902776512936099,0.22900419534776728,0.1886337278096019,0.0842800883910413,0.10741567229982736,0.12255014813515519,0.08717461855303192,0.09990397993377843,0.05200980440043567
0.2721692823445499,0.13780348836635684,0.09310312726222307,0.08143298759066059,0.12485838363287964,0.05716625354811008,0.03411176590766062,0.13475482647808565,0.06459988486947364
