0.1345585034993385,0.09477347512153173,0.083401059112722,0.12948784811753597,0.08226136906807545,0.164618518489114,0.09814651962036373,0.09227332268022836,0.12047938429109017
0.20930838608280036,0.06856689717922149,0.09026214065205436,0.10201664685268637,0.10495317794803039,0.0980532681805316,0.10815013931711707,0.0914509030099578,0.12723844077760055
0.09971159842314586,0.2042297427913653,0.11577827337964162,0.09733377248844426,0.0887684396488706,0.05807678375479311,0.0996396117933599,0.09844302508639152,0.13801875263398786
0.1569610418531496,0.20154475300731564,0.0723241752774914,0.11070354721340593,0.06707252337279208,0.057657187223306906,0.1287838317232628,0.10959755368244095,0.0953553866468347
0.07933231250468552,0.20474637527686754,0.08454431851995725,0.11392806503277181,0.09999579829853063,0.11144975473316972,0.10656033431682839,0.0948260398852437,0.10461700143194552
0.08225518776868716,0.11964888471066386,0.10112328794942353,0.1400738344794915,0.10107458000107718,0.10939214925715417,0.10178186884319403,0.09876403975594243,0.14588616723436623
0.15957489584867482,0.05751957203634378,0.11746298613810595,0.08960252025069147,0.14738768579968373,0.0733433033809008,0.13615419165742607,0.13841151206735108,0.08054333282082236
0.1716411946221066,0.09408362544778702,0.09271499656324185,0.09698209601982188,0.09893544168668301,0.09756546601661335,0.13279828552896827,0.12676034125699717,0.08851855285778075
0.13550547465739793,0.09697404422673954,0.10459984729744211,0.10511750814689902,0.06719793410719323,0.08279383316802168,0.1472206862569314,0.13849240786641123,0.12209826427296383
0.12109918346541261,0.10716472707670661,0.1453680981750083,0.11062117175321484,0.10101928802908544,0.1064156743155047,0.10652234352111285,0.11199465143016823,0.08979486223378645
0.09934805647700828,0.2026982315628162,0.0817280638068648,0.07474397458035692,0.12004519378489797,0.15234035590626813,0.08559699426476612,0.07973275424526642,0.10376637537175519
0.12756617708102838,0.08093558164220893,0.1302482513020606,0.12915753450797973,0.062015227400453656,0.14190846504233834,0.105068455930658,0.11554184490295287,0.1075584621903194
0.13329404706196094,0.17473042913764722,0.06368250474984816,0.10821206756584756,0.08382670851111719,0.10543239216023148,0.08694780675184284,0.0889272863095273,0.15494675775197733
0.1138655429124763,0.20579989250702882,0.07340322385597085,0.09058723437871503,0.10614429119845303,0.050730415051146914,0.12283070273103773,0.10478040533296466,0.1318582920322066
0.18218231687131325,0.11357984804622488,0.0836297388059264,0.09531790524738026,0.08451517540161639,0.06919079503248339,0.10843603901153283,0.11220308902458088,0.1509450925589417
0.10137692036389567,0.10734318201313371,0.1114743554394419,0.09787132701508894,0.1467263890537826,0.0742577033777013,0.12948072661395682,0.10330181442473783,0.12816758169826128
0.08254166039590785,0.0903974502955241,0.12669546974051485,0.10128194196005552,0.1482594943064928,0.07226317614031343,0.09873190969395673,0.10474293088817738,0.1750859665790573
0.08338622533810182,0.09826877528192861,0.09706981585089897,0.10790372971124977,0.16114427145204804,0.10423789467517934,0.12362986788406037,0.10712486478403037,0.11723455502250275
0.10873105036933424,0.06146111637694701,0.14287873414776542,0.1316299979730562,0.0857408787382014,0.16332194820954168,0.0811394055206326,0.09473801650722287,0.13035885215729867
0.15681357802200893,0.1936874829889954,0.06279833759559163,0.10018661650486864,0.09241789625212322,0.045106259145837095,0.09991198952149927,0.1089143878834476,0.14016345208562822
0.09297199807136887,0.2644296732733718,0.07909091690776117,0.09254308770788806,0.11979354660166674,0.048078996398912825,0.11601644366397083,0.09323471696032741,0.09384062041473229
0.1437976893916899,0.046587007459280294,0.11100549374616007,0.11206925992065005,0.1582723203985272,0.07264997920455332,0.11285383907175944,0.11906821030160758,0.12369620050577224
0.11179761730685663,0.11362862599781492,0.09781891721678387,0.1384781161911168,0.07471078025681353,0.1408775338618223,0.07820050533831541,0.09998087500880204,0.1445070288216746
0.13341483108733207,0.10921562636951765,0.08149954230583377,0.12583823753310341,0.0946258700919565,0.06111822512013403,0.12317100280498793,0.11885999639021799,0.15225666829691675
0.11290759282059637,0.08637871240844865,0.10683220986154136,0.10603991518564138,0.16061136388135844,0.06543535895880098,0.1258946492778261,0.10966574956082636,0.1262344480449603
0.09678476408034596,0.17424619268004685,0.07566098146487742,0.09771548169474815,0.12788454510171163,0.0854622901243471,0.09984389712555486,0.08581607431697642,0.15658577341139165
0.12295459190757468,0.09611709033689675,0.10697252672425585,0.12577133894510037,0.17423397959598108,0.07421330891657978,0.10339185792035333,0.11387158642938473,0.08247371922387343
0.08417769625290787,0.1834464481380332,0.08474484124484465,0.10869027017156652,0.11568987902303,0.11719468410122479,0.1011402420858104,0.12431884827579727,0.08059709070678525
0.12507423298693543,0.0803420051931089,0.12731104188866016,0.1031092410047821,0.13514782085966875,0.08969165328756501,0.13180590457408833,0.10846062398197176,0.09905747622321963
0.14522840794677164,0.10240239746012196,0.08394233875602736,0.09520591610710956,0.09424820902177562,0.09519572919353969,0.12539845932219043,0.11576769857142218,0.1426108436210415
0.15076000476110188,0.06499828389710283,0.07498376408002033,0.0977881422391171,0.23278287853277402,0.08916507906115122,0.11836499035556525,0.09828732501019295,0.07286953206297438
0.20114853635202237,0.04718207619805876,0.104034123825038,0.1091185773031777,0.1310547748004129,0.055715091478468586,0.10258134376457266,0.11318946289795954,0.13597601338028945
0.1505566151288528,0.07796657456534857,0.11553031062436543,0.11686702472952072,0.08658153764842132,0.09143983481143071,0.13586723470883214,0.12116054891760819,0.10403031886562007
0.09559570695250884,0.05773533590531394,0.08506255582881772,0.08999094599359309,0.25989275847097737,0.06385383178877087,0.11385067648973855,0.09914235358356234,0.1348758349867173
0.12301602373423325,0.04396577852388831,0.1517159439420088,0.08214591775519636,0.1595567088211178,0.12751280009499547,0.10905304452412086,0.10349416640906088,0.09953961619537822
0.12648177944387343,0.06660782547323868,0.1007245417639145,0.11729559029445409,0.12061292554378776,0.054722153998954304,0.1302289146488531,0.12402294137179386,0.1593033274611303
0.13469721957130323,0.10544113314102177,0.09594860111204419,0.13298291421154218,0.14197580778738844,0.08379466856055463,0.11074266399537658,0.12041629824283966,0.07400069337792933
0.13874998487039286,0.07226516501770176,0.09189020833589708,0.10424541419482676,0.19620557883414336,0.07607737709658065,0.1066025745468407,0.11779937820293886,0.09616431890067793
0.15011617328142188,0.09514571976304716,0.12221059624864745,0.08936086422136691,0.12112777353306765,0.1059524206482259,0.11919671279643025,0.1157251397478443,0.08116459975994839
0.14691885092682647,0.1297313524456808,0.09062205878084,0.10551191767776817,0.1165477991174055,0.05127668730630227,0.11660938098690454,0.11569025884585327,0.12709169391241895
0.1086361874253718,0.16794317581683624,0.09481896863471546,0.11033887491520417,0.06184985508364002,0.06688350258777034,0.12637928277987553,0.08968245966068038,0.17346769309590604
0.11143965221994412,0.0766010608334114,0.08492575699688416,0.11195965305003082,0.15317644023715318,0.08676234210304999,0.15505881463944265,0.11598380240102445,0.10409247751905926
0.09489661240958051,0.10094849026491459,0.10459557250044822,0.11116151437417925,0.09371088034378726,0.08995559796436098,0.13234267688736137,0.11584454894463242,0.15654410631073534
0.17000410918992923,0.06505491538830228,0.11243792170303442,0.09743242339580972,0.12529394831601035,0.15872034778685096,0.10208849291408284,0.09833435473523278,0.07063348657074746
0.12769775640116962,0.2032046806991561,0.0797429034528842,0.11414554036653972,0.044420101991148486,0.13952357067479967,0.08109373432947507,0.08393944173291251,0.12623227035191462
0.0944760938547256,0.20389305074067685,0.07808208435187232,0.10366899475561459,0.09907442275043758,0.10451119661132872,0.10021229412664696,0.10732851967692603,0.10875334313177132
0.24589562755274988,0.04198308998196906,0.09277176113233555,0.10217865698798077,0.08011977280761996,0.08640382626083672,0.16096091077003905,0.11565681884042998,0.074029535666039
0.08906736500568886,0.2032167791777796,0.07290285752472221,0.0882896732549575,0.10671526606504028,0.03359773528160712,0.12192411818394679,0.10072232942241277,0.18356387608384486
0.08201860469791526,0.320635562407188,0.08290008439763473,0.0942987485776341,0.05326709763178711,0.014536568433571128,0.10548233291402039,0.1063919536398406,0.14046904730040863
0.1782850339817724,0.24372396633587223,0.061612853015379686,0.0923136551480103,0.07463397760763124,0.08307306314556467,0.10352313385897995,0.09373192950478958,0.06910238740199992
0.12722465273640793,0.13661649188753097,0.08649788812941694,0.1416124080684248,0.08135835696180292,0.12977653003266829,0.09472095216904843,0.10198796806537481,0.10020475194932488
0.10341405873710352,0.16038852269412737,0.10561818108952507,0.1111773531688705,0.08859466602637024,0.14036203352612334,0.08199897812560751,0.08415780409750619,0.12428840253476629
0.12029302761454325,0.19618614523798006,0.07860302198095238,0.10268475143709077,0.11043965517444938,0.05319350564235479,0.12686290040512682,0.11140519419671481,0.1003317983107878
0.1291297978710029,0.123277287334717,0.09595012181866898,0.09680037668015708,0.08885939555469481,0.04761162892045703,0.13783362330425142,0.10683315740947234,0.1737046111065785
