0.11637427748480583,0.18263907323744955,0.10032564454992166,0.07288579052484663,0.06541215745151889,0.1903202593388489,0.0939027391029682,0.02676836063519424,0.15137169767444603
0.060546764491691885,0.0753240736816421,0.03761010251251786,0.03172515244609381,0.057557455359268345,0.05684584997684362,0.4850519379927023,0.11263117925385831,0.08270748428538176
0.0658799444222865,0.24565743840097307,0.15742291643102355,0.2297245065836031,0.012230361100358425,0.08697687008184633,0.0867430645728756,0.022433402445510772,0.09293149596152268
0.47957005451255313,0.01850022443521741,0.09359157860711932,0.027294050660814386,0.016840104353754232,0.06853847568454342,0.06364223517045096,0.1340278232090878,0.09799545336645937
0.23646209729988207,0.2750911206270869,0.11729239845141681,0.050037486992239755,0.013011745918059392,0.029448806158964197,0.050097182465332346,0.048522403539694274,0.18003675854732426
0.09608673475745533,0.11590163642860207,0.08112527421587624,0.4612900865909845,0.03319524257796993,0.09355546495353362,0.03099067606720583,0.053873131345193476,0.03398175306317889
0.0567708464877203,0.17916757166118816,0.03246382224876401,0.06448805504587482,0.2457188179381349,0.18822212166083455,0.044937060857231016,0.13488981416409673,0.05334188993615555
0.05176131421876364,0.11283238558148438,0.21944803219930442,0.02458214393873727,0.02136391353700833,0.11196877722096454,0.16246308696268172,0.27087859147867716,0.024701754862378533
0.03916543092085164,0.10091796510740002,0.03744182187334874,0.007513823469863025,0.06576577859220666,0.11305713818860565,0.41652584947166815,0.19948555850335126,0.020126633872704826
0.4028270046380908,0.046811877478746745,0.05707571187295741,0.1537279466773746,0.03268796867775148,0.062084564762533136,0.05196458620855951,0.10640809017351831,0.08641224951046815
0.1074701821418413,0.05632384042999836,0.019874811934269432,0.41456445854645246,0.014286047842584521,0.021036363552239618,0.021231276455652603,0.03093740155180823,0.31427561754515343
0.027884485036035887,0.3206454918743879,0.03752311122540513,0.04864815172081233,0.015790317415069522,0.040353761434066625,0.37170285487749855,0.09522131122851983,0.042230515188204365
0.027194219512435502,0.09381478140574251,0.06796536927968967,0.08238268396646085,0.1180193896766124,0.17001470308782166,0.029982999076888422,0.27526598079048403,0.13535987320386486
0.18517927946407642,0.15618841209992237,0.038332053102510553,0.06611374338322801,0.0856713856836958,0.053859472924302716,0.030309362401628348,0.031629885285609144,0.3527164056550267
0.01870198845097725,0.05781403398835743,0.03900931828128237,0.03645410559887456,0.48072305388512265,0.1505487250568894,0.09742481255011398,0.10544913550421908,0.013874826684163377
0.018268646732549756,0.05112507663928237,0.048355426158330723,0.023252087270751582,0.028730423372057726,0.03844723266846192,0.6121187170187529,0.09434664800742017,0.08535574213239279
0.05681066105027763,0.2196246530280457,0.25350585777140655,0.027662267930561174,0.02893654272284123,0.11354210413979567,0.12415581594540176,0.16434723106902738,0.011414866342642846
0.02259686991710157,0.1312526294734405,0.06388360209184842,0.08784556908059116,0.2474745831437415,0.05750288917959201,0.03131688020333361,0.17799858125291104,0.18012839565744024
0.08525055547545109,0.4716469588397027,0.17531201584885656,0.056978927335773755,0.012104979059516687,0.02463368838578889,0.03360911953763865,0.11256751400818048,0.027896241509091275
0.03653940617410588,0.15145273046607283,0.0735218651272393,0.04927792330028633,0.15877807690015852,0.15679035345443804,0.09933623370920858,0.07427629006076271,0.2000271208077278
0.05839418978514018,0.04122798209044513,0.017186104709469643,0.013069427469730497,0.18860316984936276,0.20719966683946522,0.3958475054873121,0.033071987835767466,0.045399965933306946
0.0704314568767277,0.05859631447261005,0.09621615374727899,0.02615703437640564,0.02773146021021874,0.03032334414885877,0.5036619760944566,0.04939248817524453,0.13748977189819905
0.025833596142500328,0.10577686577757256,0.3043860325420892,0.16224196250423653,0.05209469360586829,0.05926195343259529,0.019308054857509273,0.11209151899933885,0.15900532213828972
0.2427786566856074,0.28620931623729606,0.07291005414971646,0.03755264335679844,0.04080262591180881,0.031024463321221756,0.029503078283221143,0.023983693877820945,0.2352354681765089
0.17899082900334382,0.04209412682600224,0.37022094238872794,0.15063516487391515,0.006290599291433018,0.012038233261685995,0.017304670904589235,0.051111809018118105,0.17131362443218445
0.0664296783589939,0.07820662787066056,0.0404472616532724,0.051621232244500215,0.5165837107272551,0.1019752878692813,0.03878633194169767,0.044697942444900905,0.061251926889438
0.04515655468115779,0.06686907698666154,0.02354473117967458,0.012378144078165435,0.04052637071793198,0.12977487320698686,0.5862955021282404,0.06165533697295583,0.03379941004822559
0.060575571729238276,0.2086992624274068,0.03554628154950111,0.09499626678407753,0.033002274224291195,0.26728313087615935,0.13661987215757115,0.1205161921594904,0.04276114809226409
0.06079184203691413,0.08120871108216178,0.0421353388895448,0.5522735168593064,0.042170656008238695,0.02354702368702131,0.038140195921323596,0.036011409282252695,0.12372130623323667
0.02333769013751455,0.058868070347883404,0.06023976962163525,0.054892440432352446,0.4501866755782804,0.09211749553869437,0.061756772942132644,0.1500758607492333,0.04852522465227369
0.1549722216003567,0.12594035696031974,0.07126332246844112,0.0483160629764894,0.20542409692151753,0.04097260579835546,0.16374932906068224,0.05643866600702183,0.1329233382068159
0.044575821778218915,0.06726893287848928,0.053542769762817986,0.01844744968889908,0.07246467919417535,0.0813889076789834,0.5580781734369996,0.047708991700881526,0.05652427388053486
0.04048683821275347,0.04204267303401893,0.04661852351234643,0.05477276304545394,0.03368569078218971,0.07989911725279712,0.4766741261327872,0.19340123003075016,0.032419037996902884
0.025380453603926156,0.24418004928893325,0.24335060387125415,0.0752622865409795,0.012354546308620538,0.030110331288693854,0.0667493145997342,0.09620482439693913,0.20640759010091927
0.1645731166568684,0.1080926784171468,0.05681814335194207,0.11000912453689737,0.08939523330106376,0.10461469104595346,0.16190364188642203,0.18063045080306192,0.02396292000064418
0.0067217519985047726,0.017709293723263537,0.07810948040213428,0.009387602248107694,0.35421507752302955,0.05938775410578389,0.15368893596933317,0.3141178144148605,0.006662289614982576
0.0687733165091043,0.1063354382421365,0.10984873776996462,0.11567588549819269,0.21686508480115516,0.1420258875599258,0.07604055472439776,0.07288697595630633,0.09154811893881681
0.09621146849985081,0.4698012165918915,0.05397885981112697,0.09511723462577609,0.012821770963777644,0.037792672769676204,0.10860076066727138,0.046413532183563644,0.0792624838870657
0.039966099229550696,0.1354145935235644,0.0703362108020348,0.14963475588322142,0.07886085426701384,0.07148754362902586,0.058451564215467676,0.0892201137170096,0.3066282647331117
0.021027134739952685,0.02877469551569362,0.04165930828945185,0.08366517911919451,0.09394967558558548,0.5990919814242786,0.08657256149979899,0.02894488915534631,0.016314574670698037
0.3883098242280691,0.12472219393708216,0.014307747339951077,0.08632816892511865,0.06761545497602241,0.029717157411834273,0.16934814345536311,0.09399262273243814,0.025658686994121067
0.03139774877859703,0.03948847321460886,0.05777391130047941,0.061131621341073035,0.05076958664656469,0.059760177269339465,0.41492030365905846,0.20217533856980463,0.08258283922047445
0.04793360109804779,0.07302334962015171,0.12467030267083046,0.017511458549728163,0.081714573222109,0.14563412925136918,0.05879192094885297,0.42346773315263464,0.02725293148627618
0.07971862213795845,0.033007306244669375,0.04338925648961058,0.0114084860681001,0.06457068654636465,0.051075873942200055,0.577948082652167,0.031486858206390536,0.10739482771253928
0.08604716642483161,0.04308399081601946,0.04563497934455856,0.01403539003975048,0.02715389539546152,0.09815099296493267,0.6147297642980845,0.047977027817879804,0.023186792898481533
0.22846838970192826,0.12849365621699274,0.04318277026739593,0.047977841862535064,0.026404963842302728,0.10010891990016453,0.2010644272246258,0.16190538266541837,0.06239364831863655
0.109539657266941,0.062298740629508687,0.03315714619112033,0.012874134849631699,0.04715781445407451,0.029088677465709093,0.5898820167222748,0.04291560577233519,0.07308620664840478
0.09480948836728376,0.01176348428260301,0.01880551460677032,0.018642908252327825,0.018131831984449547,0.14916496960735,0.4145852175536889,0.26690582592992945,0.007190759415597243
0.08333776631061307,0.07536160884583,0.04550381626620766,0.03095544460152024,0.14248162109470053,0.07809867340553146,0.4356276695587577,0.04682968917670505,0.0618037107401344
0.07826775949897753,0.21455272904248401,0.04403844963860908,0.04932051789749051,0.07373749349724441,0.02205142856849257,0.4640451603358848,0.018008644724886374,0.03597781679593078
0.011914553330560245,0.0428479537393875,0.022999465077498393,0.020852422649060665,0.01612831946092318,0.1014581769044597,0.5117267013180131,0.26236483659592685,0.009707570924170293
0.11512514282137698,0.14500988750068078,0.22339230565501192,0.38652987659402477,0.015578621240613827,0.03049973997435168,0.020008179255316106,0.030649434343975893,0.03320681261464812
0.025814080015966762,0.0338763760161556,0.036591421777875645,0.01530295841405592,0.022701459204483087,0.05080387153334514,0.6576467952400236,0.13934282089168398,0.01792021690641032
0.04413117175601872,0.10427142456973969,0.19026827806873184,0.05094777881864284,0.015256409911580449,0.11584922821825017,0.03087715845203208,0.38626653776360503,0.06213201244139918
0.04603220554002984,0.23149184548347304,0.1824830434987127,0.13945845717893127,0.02841008330675582,0.03872986870785176,0.15343121552952363,0.025537941121778058,0.15442533963294383
0.0729387483188554,0.043907430446364804,0.04091343857242618,0.014763798047449336,0.057565835481746964,0.043987841259607856,0.570585439683676,0.10187316599730589,0.05346430219256754
0.07859127372488893,0.05018114707758683,0.5570427185484198,0.05933813200291274,0.012581928442695003,0.013021893859360279,0.04361889477257088,0.05655095858108641,0.12907305299047905
0.05848485881307582,0.04883739189937472,0.021508844704099184,0.01784077347929841,0.04341113234130154,0.08217445876902263,0.5835071692217143,0.08500992917687471,0.05922544159523866
0.033525420458517356,0.1397051104371881,0.06209583088869786,0.07928645592937968,0.4840523008769922,0.1319822369044378,0.02684431311576119,0.03367413113902754,0.008834200249998175
0.020784366074387866,0.07006004912227377,0.0566435088907928,0.0124374499269034,0.03021470327758544,0.09383146108528524,0.5564001122062324,0.13759313646186078,0.022035212954678297
0.0675289317076818,0.1287361997189677,0.021067239326422585,0.10202989533018995,0.08501179508560532,0.19477363691231941,0.042044181243523354,0.11058849900325263,0.24821962167203726
0.3107736031800234,0.03233449135680316,0.2405026420711964,0.0389987255314995,0.04811028250174678,0.07739241715125944,0.06539622085466239,0.07623212860631103,0.11025948874649788
0.033706673294883874,0.054457601879092495,0.10695090479353826,0.096333228140759,0.047244839365660346,0.2254468205872948,0.27916772755780267,0.13769077873498323,0.019001425645985316
0.07689571464258782,0.10172370425098075,0.07475247548128679,0.03584477790948571,0.064156535701492,0.03208227511579976,0.4909165348094091,0.0643765595929399,0.0592514224960182
0.01548327140929318,0.278902302689416,0.3551881962146555,0.031843388965182975,0.09922467953962329,0.06968057784129164,0.014423020834820477,0.08859350365262432,0.046661058853092664
0.013970980959728244,0.052079793906386625,0.022834044392863267,0.015012821398778355,0.10858840652814095,0.2950998611390711,0.28663821182753085,0.07243620080314711,0.1333396790443535
0.01435188743714328,0.09439019556398208,0.0274458642873826,0.05202351304697237,0.15764215728635753,0.030290643390983262,0.3251898294748092,0.07518313738260823,0.22348277212976142
0.047552974992500836,0.19510565468737848,0.3295618895235443,0.13202877523549625,0.049823313555589464,0.04420339338363303,0.036509795461649376,0.07534080812499915,0.0898733950352091
0.03324939921048022,0.04193703780894722,0.03565570314608887,0.020163466774039806,0.05011595399664764,0.17000570395925507,0.5844968842573468,0.042559979816207676,0.021815871030986717
0.031112576204870356,0.039982704976734146,0.03272086893524224,0.011639044336307539,0.39758297771912793,0.20910197040873646,0.1615851369616592,0.06840468767163292,0.04787003278568924
0.009687805725704357,0.3162497055646603,0.03888508208691616,0.023932413950055756,0.06102510808308662,0.3304787198905614,0.021982046612806647,0.16909588798457445,0.02866323010163425
0.06474133151187478,0.07674064151427185,0.03831112834778327,0.2584090924988699,0.053961584807513265,0.16228337579309793,0.054588612770191836,0.04164218761964574,0.24932204513675146
0.3123354915041835,0.11479021009279111,0.023472123638721004,0.026695353309322795,0.04144263079896382,0.12394073520341053,0.061335415924141164,0.24184863651491809,0.05413940301354789
0.19871134383721686,0.04087991103939553,0.10442924621517267,0.07005114215044658,0.0731686779127515,0.13354675564944238,0.06750167829099149,0.281684810372965,0.030026434531618
0.08092623910438634,0.14794222034265928,0.17089878673292855,0.04843248128606258,0.15627705586709165,0.05788869913968673,0.07125976282919592,0.05404589003956816,0.21232886465842082
0.09131139216023736,0.23452673001499388,0.07310263509272426,0.20907294037743474,0.02903175080547003,0.03331258738006123,0.12752670313015416,0.06360602429786194,0.13850923674106239
0.09121342098640477,0.1048782950112785,0.024294345492019264,0.5219029564279952,0.031870473354228886,0.03762816662157176,0.038674420215350926,0.07541728973229851,0.07412063215885208
0.10685594656413466,0.06760129259220915,0.01832693583067969,0.01950460870355826,0.0194925484450099,0.03532363838249356,0.5477461132946432,0.046911394523306865,0.13823752166396464
0.28342410158813336,0.04058192192383788,0.052481207510943685,0.11189149405374606,0.05440009656162572,0.13577235559059966,0.03906839050290059,0.21796253153981812,0.06441790072839491
0.041598070356388996,0.08022228792970919,0.0532677195419037,0.04033402533962178,0.046577748261629165,0.07512597936426287,0.418310988252138,0.14845732756694938,0.0961058533873969
0.04248568563171343,0.14591748222663012,0.01830325256654457,0.0410916919878365,0.09543805155840766,0.02437820358886056,0.519300554727972,0.08380326039282064,0.029281817319214573
0.07800088364149453,0.09976803599216837,0.019717537267024108,0.017151921697416875,0.02106864608018279,0.08931160809931071,0.5999286503003961,0.056307479021604045,0.018745237900402455
0.05629396940227064,0.22300467194877296,0.4602312882046499,0.09561227338853133,0.02089430237602115,0.019440278218822826,0.023010805521770466,0.0669607936482215,0.03455161729093917
0.05178793926785203,0.04023686851487018,0.04818304621019529,0.11542014093154802,0.06979849495891535,0.44699970883660195,0.04943050832667031,0.030792253979960618,0.14735103897338625
0.025971984930576373,0.18337914211405348,0.011780507453623143,0.04822992044575308,0.25882863801000094,0.0728170273972553,0.026765970484443485,0.2926993532688035,0.07952745589549064
0.029624431709400628,0.018893030859533724,0.029388945376129825,0.02402366554876946,0.03586262307008519,0.06708690202571789,0.585717775162137,0.18688717838374835,0.02251544786447796
0.024718800506963578,0.024523449875321707,0.025126747374099024,0.010950462250721264,0.41613970568736375,0.20734845955926118,0.041787814654068355,0.1981496713982267,0.051254888693974356
0.03185732047981856,0.06728640761446608,0.036062253713517706,0.017876066183759573,0.31957745180912556,0.32010302109273403,0.0597164204115996,0.1304898556267399,0.017031203068238982
0.014490411655112145,0.016175691091438904,0.02553117164182077,0.030741970501372062,0.03886231640297117,0.07907250724764851,0.5155689706008016,0.2438630306552523,0.03569393020358249
0.10102731721974846,0.06761790316342677,0.05082718955016357,0.04966749374442402,0.0672858895776167,0.023102167067126273,0.4607731973059508,0.073622860981452,0.10607598139009145
0.11534795850993994,0.11443328233494536,0.5118571460218398,0.01511499258118433,0.034822422379437355,0.027645776869578614,0.04667693494396582,0.06462416411819065,0.06947732224091814
0.027860296380797244,0.04925518428474115,0.2008295914987858,0.005732225445648341,0.09679640641309166,0.020394850167613516,0.2085560700231601,0.3740401547281762,0.016535221057986032
0.013507907178081402,0.1959712228183348,0.029732784375545537,0.10196798459295102,0.023818802193671423,0.2885913905309058,0.11857278016077534,0.10440462967082142,0.1234324984789133
0.020182714500403594,0.09529396720170576,0.02821339694954489,0.0316680057899796,0.25047840874201355,0.08488411673489853,0.020545784642227335,0.1990883491408525,0.2696452562983742
0.04617997872943417,0.08305762561374642,0.025564606754965608,0.06353845373842691,0.00798509895803094,0.03422727531693168,0.6106969105140432,0.0638589618647355,0.06489108850968557
0.09804948875673804,0.04412678168879294,0.05009116545404338,0.05621601596808049,0.007240496202137808,0.05120465946022432,0.627339612944312,0.03301856997607417,0.03271320954959681
0.027615944609573808,0.14584858041671445,0.0401726516168391,0.04769276979317546,0.025903661253798466,0.20535618097483518,0.3808198838470332,0.06725331095741659,0.059337016530613684
0.11023838639230521,0.43648087411435044,0.09276792251324618,0.1304369480149444,0.020523447032019127,0.05893159774990233,0.05488025172130853,0.058951929378294306,0.03678864308362965
0.012346186331711246,0.10574399354752684,0.02593205468930497,0.05227190436586145,0.07036940254360691,0.05636194565856423,0.3016270722664967,0.11195916487267517,0.26338827572425255
0.03123178898234028,0.031357791088336744,0.05525377860557535,0.07974083060665182,0.04200086006751,0.033824212074539936,0.5606033887023757,0.08179589881238668,0.08419145106028342
0.02853259831077301,0.13424110393492092,0.03747498359495431,0.11340610257519018,0.13403141946030586,0.17692115855583612,0.09401635574003331,0.16539059497972186,0.11598568284826434
0.01485898333769603,0.04041245647651815,0.4942669913631906,0.019072529628161253,0.03973337678639035,0.18363599348559534,0.08682524205959889,0.08558823663235239,0.03560619023049704
0.020320151314569043,0.04608919772030531,0.04349548241498355,0.1535477449804161,0.2959351708712545,0.19287746109051876,0.02683583943614615,0.0494667459419943,0.17143220622981228
0.10027036892852394,0.058644282357243505,0.03408602003428373,0.0339017838019831,0.022193650373705392,0.043010593453190034,0.5754370417700075,0.0987814147688539,0.033674844512208986
0.015040944564772231,0.055018623505461293,0.09819381027577138,0.02282233347913763,0.033032481503870385,0.15646938348497338,0.0840897339777855,0.5253645901198426,0.009968099088385633
0.04744832282338982,0.03664313608827027,0.19922446917800984,0.0021914064952771426,0.03837883254207249,0.051718935336342226,0.4032251270618395,0.20856921512054646,0.01260055535425212
0.01869211946304408,0.05843639339115888,0.026200575052789016,0.010405261372500488,0.27244633173380567,0.34595827390554623,0.08596493529105716,0.026524775556646226,0.15537133423345223
0.08182762944888294,0.09907342303384857,0.06594631373583477,0.11348589808539643,0.003710336960082208,0.03527740104674907,0.019670657642679484,0.04402596048078642,0.5369823795657401
0.07445389287340676,0.09437228356314721,0.058218860949635264,0.15973370511784854,0.023557322279123147,0.19594405774499168,0.06328188151841085,0.3095659286157118,0.02087206733772473
0.2251106488262912,0.08299040629063074,0.08549938820318159,0.1425319509581164,0.21405596725659656,0.051905496235873726,0.0834145469858208,0.0523854391376487,0.06210615610584024
0.03341161032173078,0.050090852025482045,0.026493010031589614,0.02510975658627693,0.06866783335500985,0.16078478934339932,0.4616431314034127,0.08717820359538049,0.08662081333771836
0.14158602993655695,0.017923968741967503,0.18403974608426885,0.008917476012176144,0.040882857599345374,0.027046410069703458,0.18309159495723626,0.38778232351255365,0.008729593086191895
0.018570925087892196,0.061270379863436863,0.05334701435380063,0.07177732876444416,0.05357626294928683,0.42414325939783065,0.048735948795551605,0.2375766326431791,0.03100224814457793
0.040581779636221525,0.043386684201128546,0.06092708624383134,0.04019141097002976,0.4833277391623095,0.09329322645933347,0.1607345148290714,0.06834663402616473,0.009210924471909743
0.14735692097524608,0.06034581027614575,0.02399872070072794,0.044276541876824706,0.029472147029794078,0.038045103890365646,0.4149385480298335,0.03572423452352571,0.20584197269753665
0.033406853763296454,0.06009543456850073,0.04364287577004463,0.07272505728860952,0.05258171731095199,0.41411352949316527,0.0492823721174133,0.22411801083891114,0.05003414884910696
0.25999928309804443,0.05290945836747371,0.12044037361007011,0.0721432454764342,0.0462073587284459,0.08770592462684423,0.14013547530551182,0.16674677569580018,0.053712105091375355
0.010540905596549,0.40509735883664644,0.0573148651783758,0.10976793240263748,0.0525195127447532,0.07149361813211876,0.1417720909204295,0.023396932415361532,0.12809678377312828
0.02059743132605897,0.30339777594058776,0.14208497033310294,0.10724873109009332,0.033218073999195276,0.05275389182960035,0.05281576058689457,0.14616839360674214,0.14171497128772467
0.019015593037940107,0.042846148200737864,0.019214832559825173,0.05449379926942114,0.0424219708541409,0.07336947376890086,0.6468197497795068,0.05815098488193953,0.04366744764758743
0.06382161022731077,0.032469099932409706,0.05019625448547497,0.017201533327789027,0.0654560860539689,0.13298262868306873,0.01789230884804177,0.5334314985634555,0.08654897987848063
