0.04993071872566415,0.07659768247921829,0.18220434043576872,0.20749728861566263,0.10785081192277453,0.08982159294044718,0.0576390331368068,0.10523238324946026,0.12322614849419739
0.4135466561637502,0.03505894434743737,0.044691587630323215,0.04929405469331822,0.010984904099518569,0.1560990215939185,0.023096289575054278,0.08837846428549724,0.17885007761118246
0.05544844403636793,0.05129599289809846,0.049367615756445805,0.025091122122274573,0.02510508670999689,0.5410478448592598,0.011434708313956585,0.1055340903165256,0.13567509498707445
0.054584657146575365,0.18158593015240623,0.11548902104524543,0.3797412365338146,0.028857515455198563,0.03945160151237856,0.04040597906918022,0.14290374896751182,0.01698031011768923
0.11817924953381974,0.2553145168083801,0.12080979356478287,0.05809950965291474,0.03857109845385751,0.03456573904547603,0.08555480618489618,0.27923772280480624,0.009667563951066722
0.05076510396392217,0.085173665438672,0.07683163850790958,0.08889181362848497,0.4347980038634933,0.10045274493847507,0.08560240012605465,0.05000773601559513,0.02747689351739309
0.03449882327850467,0.08350748965163603,0.23433454173206672,0.16776228201298968,0.10046391204337397,0.09282430456189489,0.07011390243605348,0.13407961497092855,0.082415129312552
0.061760735093789015,0.3592176401032028,0.10842987316186803,0.26770043902221946,0.04591665428364533,0.061919631585391356,0.053175134501108355,0.02119589102481957,0.020684001223956115
0.037767762225248136,0.07663922686958759,0.27411591935640406,0.019571550216945063,0.13552987078414322,0.18017874311828522,0.21236282909415927,0.01742395157299741,0.046410146762230015
0.06465039882988265,0.2520267006852435,0.03515646550007918,0.14221188224759834,0.21801755862776603,0.07848831982521666,0.03621128685694738,0.14504199707301402,0.02819539035425234
0.1620495587124003,0.09772812115206064,0.08563852095306305,0.10440069226187654,0.032768138306324524,0.11581162936016481,0.12709503223449362,0.148419529913793,0.12608877710582353
0.10739185560330906,0.08576263978651368,0.2592911343063674,0.16682623822928053,0.0809763608302345,0.06407741595126482,0.07144188950873794,0.10383918634022815,0.06039327944406405
0.047515623030625564,0.051305922297738595,0.1332885186259478,0.21549018281273166,0.11700992064317661,0.09354576541166378,0.18551351265366334,0.027609990297410483,0.12872056422704226
0.07129885639242727,0.17256358768385768,0.20630121079974284,0.04176018032165401,0.03921218071789371,0.12769465021514437,0.03897361981809993,0.043049630169025,0.25914608388215526
0.25448706145250904,0.05057875643451545,0.08197651119174433,0.08818550043839152,0.009708524094180312,0.3060104524839486,0.03870591299846843,0.09283171613993219,0.07751556476631023
0.04026055102721709,0.16390535852327534,0.09089440827446534,0.1291035755510397,0.05996043909873624,0.10899308207880948,0.057131955581797365,0.14165889105249996,0.2080917388121594
0.10057342190909045,0.01086172238403499,0.10179163468417891,0.0060485144836347855,0.02319296649776877,0.5811754086721374,0.01624096662402329,0.0820051233557136,0.0781102413894179
0.03938554138998849,0.4249605178744051,0.14551175003326997,0.11522185411808757,0.06765493448082925,0.06067738153495272,0.09573764808663754,0.03366081283382523,0.017189559648004112
0.159748270291446,0.03546374182641966,0.19325529539120567,0.04448570996028283,0.04719382413839616,0.04386843205610826,0.21717204001025894,0.06531440913123102,0.19349827719465149
0.041940560969305075,0.038414831693198995,0.1039164481110849,0.04157334214469859,0.040360206644788656,0.04084537996996718,0.49875658694813074,0.14903692448430603,0.04515571903451978
0.07970654985107382,0.025311299849445013,0.11011528258414623,0.10933185891758346,0.4561175365966797,0.02568010175414306,0.04021789081806149,0.08845883805087518,0.06506064157799203
0.06204164426108764,0.048799398706924214,0.40556876622507393,0.06904010687254286,0.1098540599544755,0.0863190514251523,0.022459103912661982,0.16202530214114277,0.03389256650093883
0.1130195511998026,0.1434387793908136,0.037915426376581594,0.13673425426187444,0.04463354293513949,0.08847593854396185,0.1268888891345542,0.11779416264448712,0.1910994555127851
0.13454138733880788,0.25653825104106576,0.12920732699805096,0.1573894261599387,0.06705087110781506,0.04897711480373242,0.07233293535908232,0.10021007241019142,0.03375261478131538
0.02548376308216362,0.06126866702835564,0.1692024451660659,0.0048053892115617345,0.36588028878545603,0.16979064764421717,0.07459520206904592,0.050079314576106405,0.0788942824370275
0.10713003727530379,0.1089420122902846,0.07040366231427607,0.21995011944389595,0.09162121567353605,0.10074275904647663,0.04257482809664323,0.07998647335346745,0.17864889250611626
0.6607189163732531,0.05581118694851165,0.0223982120118293,0.03839896384244237,0.023396689761745637,0.03946064326886988,0.021476689943271482,0.07411770560730713,0.06422099224276943
0.050313751617324674,0.06162912043921372,0.10915032019715531,0.026222820965829948,0.14553123083230815,0.07225963095228234,0.34279007323111305,0.17466844633462064,0.0174346054301522
0.13839124550931312,0.07831401297316137,0.11198352533334478,0.3876370224271601,0.046052721270983706,0.09177961847437775,0.09487019223556455,0.03173496445709604,0.019236697318998613
0.0271313356786862,0.04248244418223842,0.2405205841487187,0.086348764251563,0.04805844095768019,0.060024096215538024,0.1478156751431293,0.2739107151055298,0.0737079443169164
0.12219654634573372,0.04500270401117337,0.17932643910480336,0.28529087306432127,0.029065226516845694,0.1777979215659218,0.015060016589240997,0.08582458340178593,0.06043568940017383
0.32940463118048,0.033669884562480934,0.017996500419901345,0.07330896310682057,0.04150493508614383,0.054010376267328374,0.05739731151447643,0.2725011634822487,0.12020623438011983
0.3944271807030599,0.04731532316471132,0.035926007051743765,0.2270601543635921,0.04047396530646213,0.035369962590798366,0.0364436214224367,0.10708569852470051,0.07589808687249527
0.1391411757049891,0.0630067833260005,0.059186446436355435,0.10992205185909704,0.2530526017576149,0.08659229002609858,0.10795266259362285,0.10779755340478007,0.07334843489144158
0.11955402360692291,0.018004490884960925,0.22705090833141997,0.07969460422565798,0.08675404357675169,0.29566506147725685,0.06832892666328567,0.025026042706705578,0.07992189852703854
0.043651403565382614,0.09799870335995635,0.12790967151479887,0.05194601740852164,0.14850533537979202,0.05334306907753137,0.35776208253753367,0.1034693213413417,0.015414395815141832
0.026307880581114173,0.2013169731270316,0.08701102745843432,0.35084058242120847,0.05301643913292232,0.07267398307204538,0.10701360976750947,0.06695230873630685,0.03486719570342741
0.056697531963223045,0.009679281959013705,0.0659755439885058,0.1563875848809774,0.2118747314765419,0.05597255895960351,0.010676340612580331,0.375184804443963,0.05755162171559128
0.04339137146218036,0.06698876908334707,0.331379208911398,0.11659278085181764,0.13385370090121188,0.06816743600614718,0.046816368878526554,0.1686809702414324,0.024129393663939052
0.0717020273037754,0.3943048283132304,0.07851126871951354,0.09555638053604242,0.051475773186774154,0.10332554727646621,0.11947831281358862,0.0642286452521117,0.021417216598497605
0.09080329338857562,0.22861437282455477,0.05625604900357884,0.08668963982843018,0.0673940590569257,0.0588935005886129,0.08099450019253097,0.10460190611083992,0.225752679005951
0.08170603146832929,0.03653852823908565,0.19858660812888226,0.10092457520296311,0.019214760873219914,0.036327976127860755,0.03174246849791579,0.05323533484137066,0.44172371662037263
0.17508295794985232,0.015194567193012954,0.12020832219993426,0.17473669208960096,0.07745106811303558,0.14199172243911037,0.027757884218555285,0.04466172710195104,0.22291505869494718
0.14430180013821006,0.022537758977483766,0.06106728723235199,0.16483171068306854,0.1309356174978947,0.05989403681943025,0.030339146065544196,0.34117669427777414,0.044915948308242304
0.09396352401095037,0.23585060715290465,0.1893511512228212,0.09324371027057432,0.1349073645366565,0.07432865079503224,0.04269928908372788,0.09523548327910804,0.040420219648224766
0.07239545099174442,0.08363844916420682,0.07744192307352465,0.1161470444359964,0.3051478398317861,0.03131984323424256,0.13095782840280268,0.041451069382559984,0.14150055148313637
0.019694282353562003,0.19730220930442943,0.18046915481497008,0.059751886315848914,0.038561793268622385,0.059160517897151786,0.019340447948097476,0.41081873737834634,0.01490097071897153
0.052206354883532945,0.14560881492412556,0.12281950731490528,0.24241947621344265,0.11442160633321692,0.04851279341641077,0.044670134778862815,0.1953675584954996,0.033973753640003435
0.17093110069788775,0.11682736620714107,0.1618572172843926,0.0664821018788362,0.19242418529257765,0.11469998702925947,0.06796649694486523,0.07001500993751329,0.038796534727526734
0.0754473991298379,0.5652932019471725,0.02586234976230996,0.12515128467635586,0.021994014738197495,0.017426582140588853,0.06646310960578254,0.05028502205347046,0.052077035946284454
0.04666284245355676,0.23368460336949912,0.02936261361558168,0.4714472006323811,0.034990487587441686,0.027421489627800933,0.05738834319418346,0.06270890810448827,0.03633351141506697
0.0917469307493274,0.18601347087231246,0.05840532854454431,0.11538964076483842,0.12422764095418297,0.026431319430444963,0.10779884884076246,0.23622845467133316,0.0537583651722538
0.05074913987708302,0.00900448574532576,0.03472594815119168,0.20876625729917928,0.1647135868902537,0.0936518977517598,0.053281913138446234,0.1616343972870756,0.22347237385968488
0.013869539973860702,0.040988245690015544,0.16891440737158783,0.0303294824828497,0.24759209366916846,0.26968930815824893,0.12712661070271328,0.02336356653141659,0.07812674542013896
0.11862906460407162,0.2519263317480979,0.09839577354209988,0.13773976175059918,0.10683154706391255,0.07549278411208095,0.04665364123120003,0.14454154363193253,0.01978955231600529
0.06284254060787077,0.09697812186319958,0.295502685453696,0.1056580891338001,0.20032139883684605,0.02349549892259195,0.08499306575969685,0.09126355036785111,0.03894504905444761
0.10540916886070806,0.5985180415928849,0.030264112153064043,0.03672573091958354,0.04135671725681951,0.030771562514913333,0.057749186506917176,0.05304745048036835,0.046158029714741144
0.017330088151426875,0.17184854496028845,0.1437104682086638,0.02643691835211665,0.34719736174804866,0.1651117543703842,0.06610600625891838,0.013934691586513318,0.04832416636363964
0.024247731197892013,0.10469122311483736,0.10727306406243954,0.007895873871638261,0.0927056914453674,0.5514511444602496,0.022904515338714005,0.017572751007034735,0.071258005501827
0.03277878858606791,0.07996999483507541,0.11226415107630823,0.032780994934254744,0.10368181136656358,0.4440211080218163,0.028732394590089996,0.11237836028082922,0.053392396308994554
0.041493422426814204,0.02428185550244273,0.03905091288149253,0.07800338994261415,0.0644095019179969,0.06333065801204668,0.035092889450386,0.034260076084248844,0.620077293781958
0.13429786752854414,0.034918085032429276,0.25575503218172285,0.11573707694838675,0.054868903711643546,0.08761984679989994,0.02766275421488883,0.15592070352055457,0.13321973006193008
0.043555965491548866,0.07397246115919535,0.16959338837942362,0.1309601384071737,0.018413844094771405,0.25751623553691344,0.023685525246996065,0.10067762221057212,0.18162481947340547
0.10533154034171037,0.005564630269920928,0.2693917116972984,0.10301343898875359,0.16398725811217404,0.13093608169482598,0.07160000456411322,0.08878816100434156,0.06138717332686183
0.06723614576015124,0.05947109340603809,0.1243900140131831,0.14395431553098162,0.1826946919502199,0.03277895657126915,0.16011165337859568,0.10054656382036191,0.1288165655691993
0.021453700630581884,0.08979866383080681,0.3756202816980802,0.010990609682086263,0.2905614477859105,0.09882074552329893,0.008611033993004669,0.09525638983229177,0.008887127023938964
0.0173542631451139,0.6278373547454138,0.053694717392950175,0.06700377785818262,0.07951823366227073,0.025205355901216742,0.04855738298088381,0.05773484351866892,0.0230940707952992
0.05942273562751823,0.13499478754068409,0.14138708937635813,0.11341510090137492,0.031014816105858895,0.1955370247434928,0.04298002767394895,0.10406289422737419,0.17718552380338978
0.11765709029776523,0.07551336854267982,0.2100046434078304,0.09460078496893554,0.11430011630106136,0.09032068492915186,0.06514167235717179,0.20627422250599045,0.02618741668941359
0.0494904932803602,0.1546148066365357,0.2520803848464148,0.06721977132604975,0.23119474596409326,0.12953979838025,0.028230271011364282,0.06492304929971932,0.022706679255212636
0.07235352697243937,0.13931269777984726,0.07181249871437748,0.13844874028842727,0.07090934901120034,0.07417007701957469,0.03661730479278224,0.24816009614269255,0.1482157092786587
0.1339660073432054,0.01807663347488419,0.24969477656817252,0.03722630355009505,0.04877499067726602,0.31614558388089226,0.06173558528428924,0.0421264363270914,0.0922536828941039
0.05150946293937712,0.10674281897288583,0.0764913816848589,0.15119956882499652,0.1662034472331768,0.049400260579612054,0.21258160307513632,0.061615261572392686,0.1242561951175638
0.04194983991156396,0.5899048091701035,0.064418538600739,0.0392442576852453,0.018824867591620647,0.04110462787780092,0.04356614612104648,0.14924935516406532,0.011737557877815023
0.04798584271385881,0.045337129670624456,0.09956896025494211,0.033686859545887675,0.12130470606528393,0.07896453944965891,0.11365178203130993,0.16719896719999028,0.2923012130684439
0.05230047565256088,0.09395719013417804,0.2121398951235467,0.16221689173034481,0.21752686361355456,0.0306184721337685,0.08071763284471502,0.08058729099807892,0.0699352877692525
0.14889121073729514,0.06789950312960082,0.04003354966203212,0.1360280183072041,0.01753720959334956,0.12799495844474268,0.12469419278986538,0.2537722599218623,0.083149097414048
0.008844572926922875,0.02767072070181471,0.1826686947627961,0.02622320016863186,0.12619613948741573,0.21387958702401524,0.02761897379157081,0.05377164399747231,0.3331264671393604
0.1513478698670858,0.04200635999673569,0.12342020992299486,0.0956372140499449,0.16469395241852922,0.043497486858229024,0.045843939033323865,0.21901895398045912,0.11453401387269757
0.075220925530155,0.21431348119246799,0.18671459934846357,0.10550899679427946,0.19167855913610055,0.016014426626309877,0.04119204682320376,0.14543619278104014,0.023920771767979618
0.028645437743799903,0.1815351752703198,0.23450939564437398,0.07398084570132894,0.18115358036002668,0.10799320893292219,0.06775037058648077,0.10852109709614031,0.01591088866460752
0.007783513029950884,0.09085107744974041,0.23540282099055607,0.018717653677596435,0.11976400066862042,0.11674280403126404,0.2635087479697905,0.12808773133347878,0.019141650849002493
0.04030506958248615,0.14656706566519018,0.42641677582958515,0.016068411311248445,0.19815182883691296,0.08765252192679777,0.016417367021303513,0.058845190171786944,0.009575769654689007
0.027314106108339006,0.03331936574547767,0.1474015946661375,0.1940914041896287,0.25782279714299056,0.06674454231321741,0.1417452430009962,0.05262604991449685,0.07893489691871608
0.5936397118451842,0.05336082098282929,0.029917462926610683,0.09423625519443106,0.04848401931511203,0.04442015287643133,0.04853519032163012,0.056684164429813326,0.030722222107957997
0.09263921657574918,0.053827156478056915,0.05907813326506713,0.050040660307010924,0.07264947250326627,0.12474661686742468,0.0642917423122274,0.4324443505068613,0.0502826511843362
0.04319823728435443,0.03504470511368517,0.12272476907056769,0.27594030867593744,0.183907117277985,0.058831102359921415,0.043879949122145656,0.05877650690198579,0.17769730419341748
0.09212897846325391,0.17073869298989633,0.17824582077572648,0.02487928173283348,0.041519270417248365,0.03162801864135362,0.07455713310176589,0.37551920930691174,0.010783594571010175
0.6012026253891941,0.024457916612956803,0.010924691336210985,0.07758209559220262,0.009315693909038475,0.07831905275592412,0.04775524057107914,0.07680305290960666,0.07363963092378724
0.15422848722482693,0.10010384650361281,0.06736658659955456,0.4804739473408701,0.04511744304322732,0.037601336584008264,0.026179433063368823,0.026706013354697467,0.06222290628583366
0.05757105934853726,0.10158000373467263,0.0343323395823198,0.017641108552870398,0.11287604975875314,0.05749125058647351,0.5455178537920181,0.04589880972794227,0.027091524916413003
0.054046599081787494,0.030642534550878796,0.07061105143635998,0.08908345023485008,0.051735910093522054,0.06818252044537824,0.019935348108801803,0.5857331439169838,0.030029442131437708
0.4158829342990868,0.03709077302907421,0.024677315235178025,0.13319395185105218,0.026984166936163095,0.04754713465730053,0.05770786793682651,0.21567687861989968,0.0412389774354189
0.13204099808263983,0.02091685597712839,0.061758206509611946,0.06236886312110068,0.1032493807244819,0.09759305390851662,0.0425233451081829,0.41360855238623956,0.06594074418209817
0.08677478496172623,0.07878376695568677,0.031652615450725584,0.1855972047841994,0.14293999397904245,0.09275856515137486,0.03763409433834453,0.26321235774704105,0.08064661663185918
0.015153998647124639,0.044694992561916225,0.08352671159441517,0.009251456562440042,0.016653176134713076,0.5862488345077207,0.030293392197827156,0.011284410799751572,0.20289302699409148
0.029439133232717383,0.09382865483846704,0.18443617656226144,0.029811372589028967,0.04679878786744762,0.03748938228458201,0.02228131470557479,0.533350887713072,0.02256429020684865
0.0886046769205675,0.13259657435348837,0.07168448683132415,0.10454700417710272,0.12656145986604128,0.03190144104996983,0.0356333542465353,0.37218307887718893,0.03628792367778191
0.2291529554425226,0.06316624802867775,0.0399081087382403,0.11241474313617796,0.10134492115233025,0.07211381536480259,0.03475905121215623,0.3248656768757698,0.022274480049322507
0.09298676330229633,0.07500251214112454,0.08540138352561161,0.12780838272937164,0.044357214130496404,0.0537058029581737,0.0609051117128124,0.37860934993951717,0.08122347956059629
0.020586369872436717,0.11245087668001258,0.14839852035568596,0.0429937791151061,0.04376588317895147,0.4391272328082749,0.043353783936462664,0.04927732121744325,0.1000462328356263
0.06426523174873455,0.19495044760254118,0.07931794635173531,0.12642367757864473,0.16481784471734648,0.030078472032966496,0.012794943965510385,0.2957151098262499,0.03163632617627098
0.16997771433090167,0.03207459191964931,0.09150719120129265,0.24724120107224268,0.02702400682772056,0.10550201858696434,0.013264627841041316,0.25171321877703595,0.06169542944315151
0.19183820874532984,0.10162166164196389,0.0741687949243344,0.24773602087794253,0.040833198145906496,0.02928878005607567,0.10971257440359199,0.03791314569269726,0.166887615512158
0.1618088579266157,0.16762038362936268,0.01990248100054415,0.4671650577495483,0.026922903758963102,0.033729222532155885,0.026195821534007027,0.06068746638897235,0.035967805479830785
0.06510661317411758,0.14140839777738323,0.3010094549132203,0.07186504785515163,0.10470692280031686,0.11254611554774659,0.058242669561188704,0.07926214934187349,0.06585262902900169
0.04658995061016077,0.075192280678046,0.11677257257010598,0.32972386865651493,0.07970124426144937,0.12547345095081294,0.09574402201481876,0.033231446416326645,0.09757116384176462
0.02198595216193791,0.02857542697439988,0.17598815665587952,0.03324812580247253,0.18579336728027038,0.29110055172450566,0.15200066473809817,0.048794345325918614,0.06251340933651738
0.2891080845485619,0.07040415260873124,0.16639216962288164,0.06404983391743964,0.016742730379618955,0.1562179163284985,0.054654552304429484,0.027384916685695163,0.15504564360414352
0.3300411421675112,0.05598394540553378,0.019922308552497634,0.1342942473524492,0.0799329228860119,0.041329407436351995,0.0476787169825231,0.2366476989864812,0.054169610230639924
0.1136735583169675,0.053577246516762635,0.24081393716858915,0.18470315818139793,0.04000849577265811,0.11434655150073088,0.026215691929612928,0.16453021454188202,0.06213114607139878
0.03299864643828431,0.022109241534576208,0.4883626128644368,0.03071657073312402,0.09218262525302227,0.15101034726975318,0.019473323143510465,0.08230589975249274,0.08084073301079993
0.05949889864693022,0.06394343996596867,0.0978097786376163,0.26251955463810045,0.15710833329567228,0.09064375502436701,0.05642690727675429,0.14432616703467474,0.06772316547991607
0.06779799088112647,0.31724609778241714,0.071590943127457,0.1625990647884967,0.08258893194873139,0.06100688827959199,0.10017243930617054,0.07264742629948658,0.0643502175865223
0.05047541560141231,0.17339435524572622,0.20118283132901196,0.08557094696189942,0.09190575900867524,0.13927566683769563,0.05361816912264298,0.0728319585618488,0.13174489733108738
0.1323699418899312,0.01707505309300009,0.17751496867086888,0.21940796206221178,0.0723543719987645,0.1486631772824308,0.05039190361431497,0.1634836064132993,0.018739014975178398
0.5950978294556539,0.05337338358283349,0.016439913567482672,0.04859203532719167,0.031057384054991848,0.06041965786255874,0.021340267631133638,0.13997445817779797,0.033705070340355935
0.06202904678677351,0.09942755511913769,0.15587692465278127,0.05940083829368614,0.06469847533013288,0.04222347772142388,0.298418520303719,0.06898406047175258,0.148941101320593
0.02861394708234588,0.03133625914400862,0.14095978485392235,0.11302996519021909,0.2092821474506469,0.07921630863251783,0.2899221265276937,0.07580333714751826,0.031836123971127256
0.03273635972609117,0.2315999369588254,0.11549575635697695,0.05154253467464173,0.25332020911402076,0.08218276536967406,0.0767003956594372,0.12638801041046885,0.030034031729863974
0.021124865605669996,0.029621562902212822,0.1122032969504362,0.02311362773464253,0.02726734560214772,0.6534946424827345,0.018975736281209483,0.028046932244935718,0.08615199019601096
0.03337942780074228,0.023772394365911494,0.2207116308933191,0.08155361571316148,0.3538056212784408,0.07826191057917402,0.038232417659637065,0.09419415998080016,0.07608882172881362
0.05946286974201214,0.0528739188567216,0.09580435422566913,0.05893473663847545,0.05813039589171665,0.06403261874202272,0.019584811064650196,0.5327398304090407,0.05843646442969147
0.09362073390190334,0.07197926042905504,0.013881040302095889,0.48464087047853477,0.03279366953355012,0.06369616069471523,0.052099144345741664,0.16357716420194668,0.0237119561124574
0.26926984924307035,0.09022199251996027,0.12730995790836447,0.03786627069835313,0.018877676569852456,0.12664400664884204,0.05237623262571477,0.058552284284667834,0.21888172950117468
0.09071079434216718,0.247607838066955,0.027552307489156908,0.09655141791528409,0.08213414599899059,0.12706220816756297,0.12588415537526124,0.05190751983968674,0.1505896128049353
0.16279206087312634,0.07818566065880023,0.07537206637461126,0.05390248959961049,0.06089900636971013,0.20037236939384714,0.028494342168318417,0.21464813277193287,0.12533387179004307
0.04472218414897174,0.06778034163661328,0.1097949831432702,0.14993485291703523,0.2029175160174298,0.04385097329379358,0.1738329233455018,0.14496794351931622,0.062198281978068044
0.14715570390868743,0.147396824213281,0.15690409875146452,0.06950258104651987,0.028965460832603384,0.11476897512247486,0.12654198763433724,0.04970813373296661,0.15905623475766506
0.09294732932218085,0.05279242335170992,0.13431520596320703,0.27699286358662384,0.10592307583197158,0.04159123987017918,0.06073786148459783,0.1752927922836848,0.05940720830584503
0.11419936599418072,0.02860157744894214,0.0836144612335784,0.04707470349154025,0.05297213448935987,0.3352505850885527,0.02219778478024284,0.0869247271069034,0.22916466036669958
0.2233545708578324,0.13425152971825235,0.03876704118087986,0.20721111292537445,0.010934982170677074,0.09342407451403822,0.02655968424732764,0.23432629755795512,0.031170706827662726
0.1162915705312364,0.5834086208214128,0.012545228317151033,0.0691170037790691,0.008377484486018615,0.03159206794799407,0.12104604643414214,0.028620274206160628,0.029001703476815358
0.02684186912046638,0.06802350747862172,0.15117564676514395,0.08913614987752942,0.08016923192885203,0.05687743141347826,0.4508794712666048,0.03115777552607336,0.045738916623230076
0.20833952869343067,0.08972073694724318,0.10302204342855803,0.07627762661739461,0.0273750020040058,0.4093003335436982,0.010877673849111561,0.046760733734787056,0.02832632118177088
0.032163347088469886,0.025422852451914932,0.143663040005685,0.020538976228851025,0.1882833534348608,0.19791968927080364,0.179979997201387,0.14898446221685716,0.06304428210117058
0.13424811920254168,0.034263593446071966,0.14817279055062668,0.08321452928149103,0.07460041469135115,0.08013036506584155,0.09354796448262277,0.2867607284467269,0.06506149483272626
0.07270298079735384,0.07022100137378641,0.16312287814729162,0.08732568940855297,0.01763335284303814,0.2799936275079698,0.08278519897561992,0.056603794795841315,0.16961147615054592
0.18582225710395686,0.08940696785018822,0.04844368581162059,0.0889942364156744,0.12533564998974134,0.15750416716810137,0.1051916488261667,0.06871516132807663,0.1305862255064738
