0.49336851360938266,0.02816028303306085,0.10801033909878448,0.10418071140792427,0.029320517959268735,0.03059020409346763,0.07691472876502946,0.06304362879474261,0.0664110732383393
0.4312646490691499,0.051312266323662425,0.025451618695644437,0.23969121300063878,0.04883655031328945,0.05931543749598082,0.0422330145639414,0.0291801133732159,0.07271513716447686
0.026385596581842415,0.09773170402541308,0.21599460865508635,0.07423739447728872,0.3708528727571429,0.10967825330759555,0.060583621140622955,0.024245810082930766,0.020290138972077244
0.12395834497464364,0.035391282029472816,0.029416242724532443,0.19586660730331604,0.02384703258934252,0.04792049991093814,0.09717257677023573,0.017275484075090514,0.4291519296224282
0.19045070133498668,0.06413035225875217,0.19203666908361747,0.0566272340065713,0.11876677003271463,0.08307675516152598,0.2018188336200458,0.04832264311001807,0.04477004139176805
0.5606675407192966,0.04955841206632067,0.06790324332149715,0.1204454436683366,0.028187879232574726,0.02430384838897623,0.03396289451666845,0.05405584912887681,0.06091488895745273
0.32642621155240786,0.048204304884108706,0.02856378355614357,0.14042120790751364,0.021242054584706013,0.18177887502658815,0.09765596554067302,0.04280363904616369,0.11290395790169534
0.5013817957437606,0.041307422988743486,0.04631121899474486,0.10188732250963366,0.05053478582654311,0.01539299830397807,0.12507769912785233,0.02157426112993804,0.09653249537480581
0.3251344050388613,0.06918941871588585,0.12772438516357296,0.21569111309355282,0.033766944522092356,0.009071767468409936,0.1084441161856103,0.046518262521555886,0.06445958729045859
0.25593795099983424,0.11477672719653172,0.13566065839549277,0.1451554865537577,0.01449487141794336,0.10898820732001695,0.06795484805856701,0.04057874822523685,0.1164525018326193
0.43407254685956215,0.02508566318791719,0.03524468402049651,0.2112703824627251,0.05319801623076009,0.024676427015533565,0.0886521902626881,0.04459902619396062,0.08320106376635665
0.5760179595875553,0.03888735336082716,0.04445853497085763,0.11233133698812257,0.06612333212434685,0.01653686114690991,0.04536117320103891,0.07170094007859633,0.028582508541745374
0.06444788232732361,0.03703450446555633,0.18956579191164522,0.06275242422890975,0.238936838166976,0.11351438305323258,0.19095535039782763,0.059315086167331166,0.04347773928119763
0.018767082873252697,0.47436165030201893,0.04424945016249379,0.018226954976665474,0.027172493795401265,0.026478500923764584,0.10442046466251635,0.24412892526718513,0.04219447703670167
0.32304742405266157,0.02731961106758297,0.07429372575709502,0.09618321850736067,0.09815873561465771,0.009308134733643272,0.0869312947982553,0.23439350729813724,0.050364348170606275
0.020912890308205007,0.47847392296188646,0.02606172981708822,0.020028645308783986,0.055701585662707574,0.30570262011658667,0.03050235601684236,0.03482808238246485,0.027788167425434895
0.40215685155044323,0.1226409510966467,0.016876284288030927,0.07201491764093017,0.028682804473275966,0.017504689278197677,0.010417580469595678,0.20147927148086264,0.12822664972201694
0.057294315371974845,0.3469286284498961,0.2165104254063158,0.012631713123765589,0.027455576278424033,0.09027209913560308,0.15283197197158438,0.050691678110452554,0.04538359215198364
0.12911390621464322,0.05581806873315955,0.017946387231434116,0.23305272121677847,0.012475760982702075,0.062207012931534474,0.0753391683533322,0.022046083151905826,0.3920008911845101
0.34046246999412405,0.34312732840700183,0.007376292458971329,0.08301674130257258,0.017595957992539,0.002121995604108157,0.01346152325898648,0.11663355242426314,0.07620413855743347
0.04701979747871349,0.026544630719487147,0.09086406977459195,0.06718144089090126,0.11778440746799325,0.029286589285580134,0.41637989224678745,0.18880893939080376,0.016130232745141623
0.1253740258196163,0.13608811870157064,0.007615505831405682,0.15682175526211609,0.03713121583601082,0.01099789278590173,0.07541054167604988,0.3741512163443668,0.076409727742962
0.5082063455212693,0.04867799606394344,0.04885501902594783,0.13917868546339873,0.02826801812859786,0.025920816897088205,0.034550042927446456,0.06843247290602121,0.09791060306628706
0.11363272305421292,0.005886486064316062,0.11084281505260292,0.06846930942232836,0.11384645096072044,0.016332109184323925,0.31304265464692965,0.23978368620145155,0.0181637654131141
0.5762682361148506,0.03447986763327993,0.019704368581171163,0.08699669756903979,0.05318260261243462,0.013250264171276066,0.10552112235865407,0.03137794935987193,0.07921889159942191
0.5975174727680311,0.035025605968133415,0.04829783403049585,0.14178256960814623,0.032767677907259145,0.01216818607756781,0.024336485939132124,0.033914630674921765,0.07418953702631258
0.22791215975004045,0.058282362580005166,0.043283583009724326,0.1714964206681899,0.029443440059173306,0.07944683457023766,0.12864791023906527,0.025028485372206005,0.23645880375135794
0.044070896372069596,0.14840024558214235,0.10603646148355132,0.0367741510678549,0.05762221941107367,0.3489520185192519,0.13043410192097518,0.03875625017629612,0.08895365546678491
0.4593130627541557,0.07339847128383854,0.10850091724954236,0.15565627229586235,0.03470716447281199,0.022302981892610162,0.02918821349876087,0.061227794565050786,0.05570512198736727
0.3736067665868832,0.06933981876102423,0.028150173286828045,0.1355829421714537,0.09468813396597654,0.06374321994973749,0.058826095796296975,0.08913410697947825,0.08692874250232153
0.4219683949662414,0.03271421024872346,0.018997687595335943,0.24045333389028323,0.025722711238469545,0.006279863804576426,0.011405974196797343,0.15687091710304038,0.08558690695653219
0.11990171836353618,0.09523154843570437,0.05776692016910192,0.08297268933539714,0.1593357668738622,0.08457493836478731,0.02426986426780584,0.32340091654840314,0.05254563764140186
0.03938728414457934,0.22550541805793925,0.22982797726419402,0.04669010844908683,0.2216667860384077,0.12307282981713896,0.04875193767140363,0.028651969957646437,0.03644568859960396
0.055760220741166135,0.06268318584890968,0.16302647881977772,0.08842265879610091,0.407767304008774,0.026905381638033455,0.08189536202209087,0.08504313059154289,0.028496277533604435
0.04068139634525445,0.06905796845744251,0.1208926939436872,0.02545482192205104,0.24572116690093382,0.16965618430220833,0.24537626676947208,0.026032467620175814,0.0571270337387747
0.622223284949619,0.05023674053381071,0.019528172060960084,0.07514542622955486,0.06226160308558413,0.006960483310178873,0.03314675742374427,0.0887439154981076,0.041753616908440504
0.43121710614881675,0.017076566373830603,0.029028437193606205,0.09429372739475655,0.04176802387925559,0.015395106455834383,0.2010568340250393,0.0854159254795751,0.08474827304928555
0.5450724784127211,0.04167153214595235,0.04052700405239726,0.1301358366660297,0.022782335275145966,0.013977026557901376,0.10336934375055172,0.02989196371782465,0.07257247942147586
0.18691412327208443,0.10406762425841748,0.07608554592936322,0.10783197802326966,0.0467194591897546,0.021275338217040755,0.2844672049524357,0.047855732512998655,0.1247829936446355
0.15057948204488286,0.04988922791937838,0.032228567126179636,0.48581975042456266,0.077827866559048,0.012036534903287733,0.032255871075099696,0.055022348927426544,0.10434035102013452
0.3054930720109548,0.06049068602194394,0.023605561684139704,0.2008287356824293,0.040701265902577916,0.09966664523833964,0.008813679123525453,0.06533297365575579,0.19506738068033344
0.5538267879095592,0.016843164878925232,0.02555151911593571,0.1304952468181612,0.08143433812193,0.017604588209612193,0.08632023259069342,0.048825420781731084,0.039098701573452015
0.07041464530409597,0.02696167709914925,0.05884291331170771,0.052057282101677295,0.20709221312471782,0.06834448523502024,0.2979600398861609,0.19764782978067275,0.02067891415679804
0.24066271371300185,0.08819837879191483,0.007819498595531037,0.20001131480948794,0.0878707185535801,0.03779413310217896,0.028404062762628,0.239528712803311,0.0697104668683663
0.04073268694459544,0.33936262015789537,0.1468837792270777,0.052837944394300014,0.18810369344703823,0.06636623151684164,0.0520742907132859,0.0672807251585334,0.04635802844043227
0.26600940715543614,0.07256886023770341,0.17199228388452448,0.15688025854681906,0.05205993784287798,0.01928046993535895,0.055495553502580314,0.0904860273728919,0.11522720152180788
0.13293702676111105,0.10678893214173331,0.13827619913445757,0.022888345449520186,0.07478035108743082,0.10107846303055223,0.23000227092112327,0.13870547134706954,0.054542940127002025
0.2497954890304852,0.09338984739550989,0.025021368768370623,0.18303558220016944,0.2132734821351027,0.010984998817401554,0.05262078545682766,0.05108183233424393,0.12079661386188896
0.025878478756107725,0.19313654613853548,0.048213514651977825,0.05353809401680043,0.1692027110734379,0.09432288503278581,0.08933099704629129,0.05286183968087175,0.27351493360319185
0.32653996352008013,0.1070494145992148,0.008758322885634422,0.0807512044338497,0.05227766165353038,0.12514095574780792,0.015154424271661119,0.0607171091488091,0.22361094373941234
0.4489038977419851,0.07619806574118548,0.05680800837520877,0.1201712444653682,0.02569049436277857,0.055391313812692966,0.03204160188235397,0.05570925564464968,0.12908611797377725
0.09202519624167771,0.03905323222592984,0.2947076915295257,0.019724361188158263,0.06290427570084554,0.1098422936430981,0.17542855498467805,0.10112343183747097,0.10519096264861579
0.33291088735850016,0.08526768329587019,0.04599575259949367,0.27984777365108227,0.02468317776951486,0.018656908013885802,0.025445451782367096,0.06515286791125989,0.12203949761802613
0.07847517631661469,0.20095619784476634,0.18233024392390104,0.051056154115607356,0.0935648397256928,0.11204651459297181,0.07534464752620852,0.1780698459368694,0.028156380017368022
0.5386306103479326,0.05130265321128199,0.021593106987067342,0.1042250013955182,0.046347513969168475,0.037804545201430395,0.09235483711155729,0.03785495352620736,0.06988677824983641
0.4072988557769739,0.03233323908663454,0.06500005584221137,0.09784005939597878,0.15007237922462205,0.016495207914671735,0.1392671673214355,0.017260175724299415,0.07443285971317269
0.4925403442380165,0.13790738143678274,0.013637824777686621,0.15873793655224705,0.02425831953855841,0.029359301130228683,0.01973098824167531,0.03900039024985662,0.08482751383494817
0.30808780127502794,0.031868250339298174,0.11467952146583493,0.2016610079888912,0.0960091000502555,0.02862641647400514,0.06973704932285807,0.0377651594644105,0.1115656936194185
0.3783992905705711,0.07383381285943715,0.11046712338821855,0.19237272559464236,0.054486398322637124,0.047996911562568044,0.052930437188776304,0.026551604341501833,0.06296169617164758
0.5441125163251211,0.04416722912026521,0.018303101502111906,0.08967981406502012,0.07863641888035659,0.01527311193552059,0.14276889147642938,0.020782231100814143,0.04627668559436093
0.09571450344354944,0.39975904866791284,0.030766757621719338,0.012751644649272831,0.06842522397815608,0.02725606118763028,0.012725407385441307,0.31848738368214075,0.03411396938417705
0.07769542659017804,0.12090839106360259,0.1699052791774808,0.039272712623601116,0.2765169139725352,0.08788928991033612,0.0457542161511425,0.06502955586539325,0.11702821464573032
0.24775020155854807,0.06712257050977884,0.08618823737714199,0.0652963322034971,0.07394245265810422,0.030473679989474627,0.1012514726490446,0.019414224972538894,0.3085608280818717
0.04053178641341093,0.27010877066351374,0.23364772454000282,0.049480780639992755,0.11127899721993573,0.14472473353235848,0.0499371946469116,0.062017388700452675,0.03827262364342122
0.5712795206745278,0.0667645775636373,0.017925974349389664,0.14041707806584122,0.008603627299336707,0.025733465318607526,0.09102983084744319,0.030325018606904657,0.04792090727431197
0.3269580277284489,0.0605419035568201,0.06467777898045053,0.31499462241170023,0.01747904793110071,0.004255039798973885,0.01933398667605227,0.07557962678316689,0.1161799661332865
0.4887437407488497,0.03626568030152118,0.01798217147592004,0.15067471438622373,0.13866262472472204,0.017602640368135736,0.024845900513074396,0.07195241505435244,0.05327011242720081
0.08756306937999675,0.11788063678460876,0.21154795198118928,0.031287045668010834,0.1510865079995509,0.06253370681373689,0.2295532793364945,0.07882767138725144,0.029720130649160625
0.3415723326497213,0.03748845077691001,0.02119108976956294,0.2092182985516919,0.0736071790518682,0.08722761925239526,0.07772480322968783,0.10223233473552783,0.049737891982634674
0.055678031872755995,0.4989973804223918,0.07719784862191414,0.02363564723095306,0.17421420817611089,0.048199082804599704,0.020846150731956437,0.0747055417116555,0.026526108427662527
0.26948985704513617,0.2114632254952039,0.1122596911377406,0.11568384362746924,0.05308553613943371,0.021709801612264424,0.05980828907516095,0.04262592452843222,0.11387383133915886
0.48439371184506247,0.046907994812384925,0.03152708506197641,0.0804039950374248,0.026823685417887044,0.02954809753555054,0.12105646419748033,0.06407760352911669,0.1152613625631169
0.519086992290845,0.022499379533100817,0.13520889661758898,0.12925094056129108,0.037974598256537644,0.014527540543682762,0.024201794071338656,0.04057627540791666,0.07667358271769843
0.48494008991794973,0.049737273937502345,0.07763781099580291,0.10493523719957226,0.044685415480609926,0.026016921211610783,0.11570713201060122,0.03210570734712909,0.06423441189922167
0.030541633919742406,0.08704017489587285,0.11443193239641546,0.012687279822806158,0.3646586236958034,0.1239942623743711,0.10965661980485016,0.1292755822039194,0.027713890886219103
0.27049011266936646,0.05085456751632636,0.056741896135281134,0.2586292393995264,0.13040632381865452,0.02342610323556596,0.035553400100839586,0.07376487719189438,0.10013347993254519
0.4732729516229064,0.022858176748735443,0.07637396531626114,0.09778734861738371,0.02602635864063335,0.025967203879668166,0.1272953105861012,0.06551584564794827,0.08490283894036237
0.030371026944169998,0.23748758907993003,0.16416835864231508,0.01557794772127355,0.1494341772199547,0.07335273898218526,0.04343528224868776,0.24707053613274307,0.039102343028740556
0.5121932421997433,0.06383520783625903,0.06430144207136157,0.12494565052939166,0.058115847253917476,0.018447521630782514,0.011034158245012497,0.08233594255795514,0.06479098767557674
0.47271353680409794,0.08238715654797055,0.026571647640259887,0.17397126588555914,0.03522999333834979,0.023452425750986886,0.048313757148489324,0.034458830716974725,0.10290138616731181
0.1963354366897314,0.06922507678391689,0.01773991255815299,0.3946881320017653,0.12853867326172147,0.022435750592225644,0.0146409240778124,0.0344193763450517,0.12197671768962216
0.5865723584246855,0.01626782918187682,0.0317488407720852,0.09501040714636329,0.04882944402897088,0.044502358031788904,0.05622084321706163,0.029399637027873026,0.09144828216929467
0.4722036962586342,0.020921310608391083,0.02612234907519016,0.24148635433659038,0.04936618104555588,0.00948664038004961,0.05491842039315742,0.029519252382591354,0.09597579551983997
0.5684925885400847,0.04038641278902417,0.05135766455043742,0.05611640590681047,0.0259553537501797,0.08336552044206424,0.07365052243041648,0.02576241018573604,0.07491312140524686
0.01251269424247674,0.06439278554007323,0.19091485596488436,0.015306792883147985,0.07038985702802518,0.3263603930727242,0.25687463205327365,0.03304081548955549,0.030207173725839215
0.06401206608214023,0.20429386448342798,0.11093477331318087,0.028758418252460862,0.30376244030631344,0.064735881326227,0.11697198553596372,0.06202123952409278,0.04450933117619304
0.06986409547389151,0.08740508665531933,0.07733829340111818,0.01491287089403192,0.07413841493445884,0.36045074670174587,0.21239588126577025,0.047096728393863606,0.056397882279800575
0.028522687773925973,0.11882498453633823,0.1323775260877307,0.02207378250862797,0.10190204152468063,0.4696004903162061,0.0551193923647586,0.02349321608584719,0.04808587880188459
0.5138026719773121,0.014803601297287576,0.06979663654201265,0.15217088552135027,0.032295385878768054,0.022186941083443115,0.062436103796203485,0.03665404665325799,0.09585372725036467
0.3753053326092121,0.022079066856686275,0.017809594316339245,0.10409553313648488,0.015689464082199633,0.07440797455076882,0.027404642083733628,0.06467846779034717,0.2985299245742284
0.25103504602691007,0.047391425630326445,0.051898999138297645,0.12364120734966881,0.07827244285071798,0.05386786431329921,0.17124618700988492,0.03876086551186957,0.1838859621690254
0.02701986881782616,0.06080866682404701,0.389800050942662,0.020899879932888225,0.2217805170371655,0.04233885922304088,0.10981674958705423,0.1017150081823714,0.025820399452944672
0.5138869761949016,0.13143557554584495,0.05163904329326909,0.07859773222888494,0.07780207494847967,0.01109200567618672,0.018463793446703475,0.036835009985761835,0.08024778867996767
0.324740744860977,0.13102337136882505,0.019016892086144103,0.2089608133940045,0.0670755783063715,0.027061062100831243,0.025386676857173978,0.04445669132132087,0.15227816970435173
0.5547777591109072,0.058391598543168964,0.011797323762031972,0.18680146174672277,0.04769531486033018,0.019929321545905945,0.025769474731157538,0.04011778715150562,0.05471995854826988
0.2650047908700569,0.03726090306256105,0.082761309942486,0.11559433044609373,0.1553899300662886,0.09318868363574839,0.055536028963741914,0.07616934793319223,0.11909467507983125
0.054947670334026,0.13958426101492524,0.334636304372893,0.042160508528105996,0.08774027355980307,0.12047534631064459,0.08067746777314788,0.10681840258206972,0.032959765524384434
0.2731993432410888,0.04700997366427617,0.02439231803044035,0.1501021243639531,0.23517250014695687,0.04683897061669681,0.029102593475730496,0.11495769727923888,0.07922447918161855
0.455383584766711,0.061303999838462485,0.03636209497653477,0.11533096114175474,0.035316455770423666,0.0328598741325875,0.10564678385130442,0.0638766524246908,0.09391959309753058
0.02092204448439383,0.15055144955724112,0.10490232571107794,0.022583030149541092,0.45830051919174286,0.08337733173890477,0.11285899901802803,0.020575358550188164,0.025928941598882246
0.3743040083338938,0.07664462167970963,0.04054569634979089,0.09529802756684903,0.06957267192222186,0.045376541329701,0.03281206823700573,0.16306959320120992,0.10237677137961788
0.47403966356856947,0.1572751539642144,0.0485458085514498,0.14347788909524314,0.04786313160242792,0.04395194508067992,0.011400318740035048,0.03521845176872429,0.03822763762865602
0.4466830219886074,0.03486703259791671,0.04085493920596952,0.1526132528658445,0.10835343597534686,0.04115337734460222,0.0482183985841276,0.020817220528892004,0.10643932090869317
0.3290999101359838,0.04283668629158501,0.026858923808782204,0.1331304800045738,0.09565091625392697,0.028074228969738515,0.13609862249606045,0.1258817826720806,0.08236844936726861
0.12545785699973977,0.04508129468317131,0.047249489345189986,0.040894782737634555,0.3648270518282395,0.09828527154541761,0.12225882973776368,0.13121618997434795,0.024729233148495566
0.40981379677668145,0.2352241076040241,0.02583125310947316,0.052978173209137,0.056085978921021094,0.012756611625539345,0.03408417502285619,0.05497883579384221,0.11824706793742545
0.01860751757826425,0.16657554545099976,0.3003034141633211,0.025099219777904126,0.2915574332576427,0.012846671804862314,0.042176053537786196,0.09840774285317498,0.0444264015760445
0.12747963328176995,0.032979675887938605,0.3636944675970362,0.18988002222014622,0.0734432378887392,0.0533275169148771,0.034827207868803174,0.06915766477614493,0.05521057356454464
0.020714666411379284,0.1315513211324776,0.16579908006253793,0.05613841406776467,0.1481775644186681,0.08583492605239311,0.06610831935288156,0.03576186588521444,0.2899138426166833
0.3855387873177438,0.032941427271521044,0.015261582092528347,0.1625675568182631,0.024095728539709427,0.03154444939702805,0.1879550675810211,0.10846507743576968,0.0516303235464154
0.5310120014975832,0.06664409286658683,0.0209522694688601,0.14194766052299554,0.01647044608113805,0.016773212480130476,0.037063612323227905,0.04276738548761152,0.12636931927186637
0.3064085357348019,0.05859446076573938,0.08804318865172532,0.03223382951967249,0.052125044730343066,0.05342126673601653,0.1701962740714955,0.13276192529487338,0.10621547449533236
0.03303272372793497,0.2744897667158095,0.05782053004843035,0.11946220213747888,0.0693478200207975,0.1911187735761668,0.13249822707593478,0.06114435001381188,0.06108560668363536
0.30958149282854525,0.09867216524803567,0.0640725325264624,0.03313710905397838,0.07567826494322405,0.09288619712838793,0.20491776513651672,0.055818064531638976,0.06523640860321059
0.49486029021292516,0.03963465820227419,0.1179813676212602,0.07679634157246924,0.049625734823111445,0.03202748885961045,0.04903032076904731,0.060180474466056615,0.07986332347324537
0.4125687477749082,0.07786858274238963,0.07962678890684381,0.1658768338741704,0.036933456554250635,0.0276360377869187,0.013209096685319562,0.03339679428394644,0.15288366139125267
0.1320555312491838,0.11352771542138367,0.21616712432498408,0.07130947212574502,0.12000772783582199,0.12812611301309576,0.05480887418629648,0.06438901741077996,0.09960842443270934
0.44637775706240235,0.023542252748970205,0.06792003634440448,0.08411030326994647,0.1622534847872376,0.02170585087135177,0.06494994353139186,0.034804639155998185,0.09433573222829701
0.06474150972275544,0.21691591212373162,0.06848060446483031,0.0347960221458506,0.27677225431472013,0.13057384450985524,0.04444138143475237,0.11305364984877701,0.05022482143472736
0.09686578185216832,0.22667691986647331,0.06956280459259756,0.12630992491981005,0.04745117302681062,0.006777271710511963,0.022699703202202808,0.2943995947541079,0.10925682607531756
0.019801749236212553,0.0885712743636362,0.38667182271876244,0.014336162866013838,0.3111042795261963,0.049953411510836786,0.046731659201414845,0.0402704875354516,0.0425591530414755
0.5150557796252248,0.02646745449788755,0.08554591430725252,0.11481187308145235,0.017690196673719634,0.04367607161520176,0.08692093624383423,0.04184678083501069,0.06798499312041643
0.5344516774311837,0.08865852493357514,0.07774657279155743,0.08217921874453941,0.0176374960704621,0.05228886539347044,0.03584435536780515,0.031188654032474904,0.08000463523493166
0.07244604205308919,0.1411612227993962,0.18411095923488338,0.035823349221744294,0.09957115948823751,0.12910745350326788,0.2217875694663639,0.0625837088932434,0.05340853533977433
0.28681905587364637,0.035165619989999584,0.054152539180495285,0.11076069262649713,0.06108093357669711,0.2384706635489383,0.09733178018302961,0.014821655987793092,0.10139705903290348
0.2520816941183086,0.055503777864613225,0.03688924736632406,0.10830998494857262,0.0856441538100987,0.058836289184905265,0.0335809214519583,0.01423479426590331,0.3549191369893159
0.04336517562326602,0.35266662222378903,0.15765226843676186,0.049411296070740206,0.1520397383932768,0.02840154665861545,0.04604895337633453,0.12988332074192085,0.04053107847529521
0.08219317029061117,0.16157898681086166,0.08856163456747153,0.020376420327864027,0.1669182041853762,0.2908534079056733,0.04655267071258259,0.10732494410173703,0.03564056109782244
0.023731904515719982,0.13466782831263904,0.20540072236035448,0.07469150907387688,0.14481372903776266,0.12533022359533727,0.05400936908517182,0.030558740210822898,0.20679597380831496
0.4918362310673603,0.03690701367482418,0.06425260468461642,0.07386259084148754,0.03883693953605188,0.07980989582478093,0.07390233594414754,0.04211512175712285,0.09847726666960843
0.07611745485666462,0.12166300993349406,0.08866064593958704,0.04877486450781667,0.08383630583274175,0.3946044753044505,0.08715123014985633,0.029542712555027047,0.06964930092036202
0.028274509430828428,0.1670066794685925,0.07933040488270628,0.09109532837221439,0.10541657395779953,0.3210853889512871,0.09573600154341792,0.07199198305644681,0.04006313033670713
0.08556925746184872,0.08296419292665297,0.07024133599713442,0.052595493239441016,0.38421750658456527,0.047188587878596616,0.1346318099492798,0.11854597990265354,0.02404583605982767
0.0283653461568234,0.2653270036942388,0.15014111969053642,0.026195149729322242,0.09721062301109357,0.17853197514473407,0.12210193936655749,0.045248670214758514,0.08687817299193566
0.2141693778796523,0.04546780998222224,0.029677839894390417,0.19599152850424736,0.07485568019297263,0.04185618838752128,0.14245456531254033,0.08084085498504408,0.17468615486140945
0.31839160995760957,0.09307076495264481,0.026840280444336017,0.2759908412749977,0.053682434748705564,0.01740074403722595,0.020758975983319983,0.03664650038041847,0.157217848220742
0.09774572131906963,0.03663232524029313,0.11109331103329757,0.24555212698619902,0.009049485249845756,0.08657692358085466,0.01602164045244008,0.04079413096327727,0.35653433517472294
0.18939550174590636,0.2536500712869707,0.04460179375473642,0.07728898047761563,0.14171597305482572,0.12322845927362724,0.040063659713772494,0.05898244943756777,0.07107311125497766
0.28778945111652215,0.11988307380801688,0.03150578646210378,0.0567849163492822,0.13040676943630028,0.05317576398060417,0.20896169325186406,0.07866117702583071,0.03283136856947586
0.252750877262154,0.07111526357986518,0.07483590295523476,0.20628166286502983,0.11509286115790669,0.01774731517265156,0.00980012491719765,0.10184829817730072,0.1505276939126596
0.06180483405521059,0.1246116682926773,0.06802449562553274,0.02077583031876475,0.5079731070367508,0.019894446420444165,0.03776859754361536,0.1391533512844231,0.019993669422581184
0.2755411936995574,0.032045451989555496,0.045296646103851194,0.22483302347204492,0.04340570988393092,0.11116076292701783,0.15224558325718682,0.04154437548874645,0.07392725317810897
0.5669839514161792,0.02758348182773571,0.04991968999405899,0.16990154403476251,0.03376352388873,0.011335470718214516,0.03556314805603577,0.049722503223750575,0.05522668684053289
0.5657132740918306,0.015370275634648612,0.02224693095935454,0.07994791957955595,0.045580677352362854,0.008727652281560036,0.14387314016891325,0.058973499732771044,0.05956663019900312
0.4625576027500957,0.026338883391203053,0.020674182837702833,0.20157597827060017,0.07749863918359227,0.00593487172315477,0.06156891335762658,0.11042253328266133,0.03342839520336321
0.0282940961809254,0.36841480397085685,0.08697769047639514,0.015616376405695786,0.08838600355029934,0.04130207725327395,0.20164894303202954,0.13471932003819756,0.034640689092326434
0.24970699083306594,0.021735268299865673,0.1139676621960423,0.12718527244531766,0.1335508537460353,0.07954891425052697,0.05460456593041499,0.12475591659242262,0.0949445557063085
0.30557547785114286,0.059882760738319385,0.05264917174382505,0.07127469673473495,0.11480938271734768,0.010488404198972255,0.19790816154075108,0.07885700702490812,0.10855493744999863
0.01679984723607129,0.2503017459300006,0.057539603156145945,0.015624998937296533,0.0465373320832177,0.3784644272044684,0.14063223761091018,0.03163872053482117,0.062461087307068085
0.06366387706960075,0.06009565305915437,0.08439228856457975,0.014035667924863889,0.05717231951147659,0.4498642112113162,0.18451580529404552,0.035470331026686674,0.0507898463382763
0.5930703810526302,0.08956936173309761,0.024976975618790562,0.13263962229404008,0.04254740303940039,0.009609639696389833,0.018221827982856643,0.030609191945067355,0.0587555966377273
0.14998397115704212,0.054335747485331154,0.051502337516951935,0.15625420151454159,0.04504633839591978,0.12825024748099906,0.07402990269280128,0.024218649723964227,0.31637860403244883
0.014836952760422276,0.20332025658485656,0.43180493864288305,0.026892885679221767,0.10696434533501041,0.08845769987527308,0.032951885152275436,0.06408521822532305,0.030685817744734344
0.2962213335852277,0.07394282119432008,0.1146004613966388,0.214209211310164,0.038750856314591964,0.05988860659067868,0.08179220504579561,0.026302880181754945,0.0942916243808282
0.017635809559772852,0.10491021593077261,0.2578157731120236,0.019472088156179995,0.02307574659619256,0.4405211519953773,0.09453792504413643,0.016944330540135524,0.02508695906540914
0.27148239099327404,0.08059607828055672,0.04320017175664336,0.05020828003210533,0.06496362149960533,0.20609478321041538,0.08069196332741578,0.05052238078219553,0.15224033011778854
0.05510557349481992,0.28187227445004776,0.16536132162819078,0.010800264895918975,0.3441090583146004,0.04095658655059405,0.013395273362731733,0.06123212673375824,0.02716752056933809
0.10947435547803601,0.1317826339295238,0.22600736142200265,0.03647044352558238,0.2218703835450312,0.08889016730131931,0.1081720430337511,0.046469875451454846,0.030862736313298823
0.08180518117087136,0.057609086366517105,0.47247821056877304,0.015008480473270617,0.1692930672671944,0.032428762074608396,0.0586358914387578,0.09189693363865557,0.02084438700135155
0.5564193822706289,0.021514330036951038,0.05947115499625152,0.1471272035548599,0.024507532301827024,0.02973846653805458,0.04560786914659946,0.03082548985541581,0.08478857129941175
0.11583863917308317,0.13893471179357866,0.08940746060363457,0.3336700440558289,0.07959696317161169,0.03362207487205534,0.05840080597863905,0.04462214493061759,0.10590715542095112
0.10972830841040866,0.168250696799932,0.1336182466471029,0.0879930547413369,0.10337193956666245,0.06645235709254364,0.16699209935148532,0.13197923665389663,0.031614060736631484
0.068434057725299,0.20719382725419522,0.20268537623731495,0.019168012024130314,0.043237904683445356,0.07147333883237122,0.2123724588830541,0.06768713021962598,0.10774789414056389
0.026293176177608374,0.09685269164021482,0.12035247386591068,0.030198212593923565,0.18766211507734623,0.29917416777646433,0.13979804634090276,0.044795577184668756,0.05487353934296047
0.03479325454306115,0.19142458943368088,0.2774825356445456,0.037212161700572004,0.12579233147716998,0.12404226990877831,0.07800492361251221,0.07294293749621138,0.05830499618346851
0.06639764543342594,0.04027169275044972,0.18673443780997157,0.020646307481019973,0.06885615206471832,0.31309553523075634,0.23969098392659852,0.022083395829789427,0.04222384947327029
0.07539478053960365,0.17584311830113117,0.0782780252273162,0.03146523835057631,0.2226003902219296,0.09048669877771827,0.14766284722135278,0.13668841010415667,0.041580491256215456
0.3310723768631421,0.20150210744621333,0.05773747627039216,0.06421891419217614,0.1986846121040172,0.048319760571362336,0.028206335720743315,0.03859075793046818,0.03166765890148535
0.43088812628442597,0.05387416679553494,0.0340766038225224,0.24247368800973434,0.03177326440575597,0.03082507635767598,0.06568434997963492,0.029405641956164786,0.08099908238855068
0.16355881864509733,0.04867132723372528,0.07505686555320952,0.04499687342868016,0.24798314318816764,0.10847663306755854,0.1329416927107355,0.13519344685554738,0.043121199317278654
0.44273665481379343,0.0682104199513433,0.05228403739512114,0.14627475213455024,0.07175664058862764,0.019903324196367634,0.05454611805536232,0.07508335674438067,0.0692046961204535
0.22668745776316687,0.07013987130396566,0.16752563445771437,0.06437579599820116,0.09942182400669015,0.23586493424095148,0.07425530459277281,0.026548367915899648,0.03518080972063787
0.10090126590954947,0.14279119632096116,0.08690155385903846,0.08820198944013376,0.10431960599002105,0.03364444284624445,0.09368320616319613,0.2892420473126032,0.06031469215825238
0.35972785060616586,0.06752545472476233,0.1910576226176142,0.04693705550758587,0.03611395313336015,0.04514318708021035,0.09232894977420296,0.08273875472857795,0.07842717182752042
0.24037959725689784,0.03123725289021352,0.01764513130755511,0.18794598509005564,0.12132949737256493,0.09810540565372915,0.15068730206418643,0.028209195229560308,0.12446063313523699
0.047030332640408484,0.36661049819112135,0.036901332223725346,0.05694973766598336,0.18567136460361178,0.026255730487654172,0.03107916712337026,0.13305821157132594,0.11644362549279919
0.07727876687614661,0.2410905147678206,0.17974654658968872,0.029152339163078272,0.11832577075283013,0.1027037451392651,0.09324964191992864,0.06762460816724891,0.09082806662399308
0.057326134061446245,0.08665106445654958,0.26577199267293194,0.018064443699190556,0.06468866573955719,0.2627266507214296,0.14584147748410445,0.032569628983272904,0.0663599421815175
0.03434104866121116,0.17256269617661188,0.17107954875690412,0.04078082375723178,0.15823306897759604,0.14684182966072998,0.1310610020322598,0.08905116841602949,0.0560488135614258
0.36605694638144853,0.09802401917206088,0.023547659915819922,0.2196726763304233,0.02695201668580088,0.03037083349529889,0.03687667644561601,0.07933186951949463,0.11916730205403696
0.16366840199546573,0.11628827076698522,0.10939869000819036,0.18338493681129323,0.14973744593087812,0.05695645021962111,0.06379771379110383,0.04160893202067379,0.11515915845578857
0.30693000271194126,0.056583823105795905,0.2143509194176447,0.07697143095646393,0.049008287293530246,0.054084636712669186,0.09439653957879823,0.04350057183455741,0.1041737883885991
0.1661340480882959,0.10298104595893087,0.03492774084599811,0.16319571023083215,0.1518015808775499,0.1434097248004528,0.06960287534499138,0.06081755085546176,0.10712972299748709
0.02511900107608198,0.06905060327258093,0.06258757033629513,0.06480869542158653,0.43268587018833043,0.02531286101599932,0.03722692795478278,0.23618306226041266,0.04702540847393019
0.02270058526354077,0.4978071943674136,0.024479217586412427,0.022561689309943345,0.10692837562515078,0.015385142767561076,0.035278716198759,0.22356353332091428,0.05129554556030469
0.12421260340715053,0.08724039480076055,0.25920226936793167,0.02713361774312684,0.15129177338547606,0.11226478900134411,0.08151783941373454,0.10703223855568271,0.050104474324793
0.018510884281779615,0.05901564919034311,0.02751016236516159,0.09109534912063831,0.05904223070531745,0.10813639213572668,0.5403536140626667,0.07093547726183963,0.025400240876526852
0.5788330074905897,0.07061225344290673,0.02846186269763482,0.10619918235315655,0.08626787691524379,0.02065497644638038,0.03797400135379648,0.03636019394509118,0.03463664535520033
0.2739428114223465,0.1655471295943915,0.16516275902684283,0.02267719849974968,0.12780284431999844,0.05016002293794527,0.0979480591476057,0.06018365944755496,0.03657551560356526
0.6086132525232134,0.029920007138718924,0.016254220044416734,0.11006207306384908,0.013322968715912542,0.016890916060229296,0.04005807202133125,0.06414814885221053,0.10073034158011807
0.27101693984065095,0.09581444407385115,0.05402692180317256,0.14111173664497542,0.05944076536344878,0.04972140666779146,0.04522616167185576,0.10642143944973165,0.17722018448452234
0.11989622362274284,0.13212589554016965,0.04409314490746952,0.05589275104543573,0.140677531100494,0.035440849656364536,0.385602009801606,0.05542658822225922,0.030845006103458483
0.39823760897914245,0.043851656902987514,0.02755258260148567,0.14598651425987408,0.04920443450253065,0.014237774813834196,0.20108532566652304,0.04176801189510048,0.07807609037852208
0.026980061029205787,0.46591708729316395,0.110389310444953,0.03922626653462561,0.09224545319719772,0.056934679587238406,0.020375505032170855,0.136059407582953,0.05187222929849159
0.424952254557196,0.026676734210145842,0.030654437170013437,0.10314823190581707,0.12541712475138145,0.018420251811505865,0.08406274316222133,0.10424497419197087,0.08242324823974827
0.030475138018140446,0.12572844302089967,0.11735956139498942,0.046537077270704504,0.3239637175173667,0.1269588664356505,0.15793786835895735,0.03273480992999759,0.038304518053293796
0.5299942989276002,0.04566326673356048,0.02912930893448984,0.10072488557228748,0.020153371868097375,0.03411662905360222,0.0609537466729996,0.05890013318931189,0.12036435904805087
0.5453312968114639,0.03076532782107756,0.02114324436376973,0.11306287016337253,0.02768852095751903,0.05009963813016721,0.046022055403948554,0.10321862082206784,0.06266842552661361
0.11784778475081181,0.24338517757669298,0.041922074442870744,0.09989398101502428,0.07461137512490394,0.038630671805538655,0.07159536311071009,0.19212437253550432,0.11998919963794315
0.5339491393081605,0.05351733032121583,0.014842982678095543,0.13122557154668119,0.09050820014063825,0.015219171834870331,0.05760673095918545,0.05955791175031642,0.04357296146083647
0.2618442188061358,0.025237612176432025,0.038191452770215704,0.19256310808912272,0.029153548331684407,0.13254670179070807,0.20593049966423846,0.06445201273569033,0.050080845635772454
0.11263028728614415,0.09498655619903233,0.35299652057250674,0.01902068594292139,0.10532524308033052,0.13274674445305087,0.09301279966973923,0.06087308293240035,0.028408079863874395
0.06224081399236924,0.03253396809447077,0.17391609296808994,0.03147226279017031,0.11967086238876727,0.24358609053764002,0.16261085838663325,0.10547719597282561,0.0684918548690336
0.11770667186706225,0.10585525751280511,0.08708451798858659,0.12408879627019687,0.06600379769284671,0.0170718778237029,0.06074269500846021,0.10168366709941955,0.31976271873691986
0.2557481635734414,0.08868412962649698,0.16465155946211982,0.031154424679323844,0.1984503799544083,0.17141742712080957,0.0290459075317669,0.032416834089298845,0.028431173962334286
0.3913767161478237,0.021092724581480635,0.03350448342061917,0.18780446277046595,0.0316656114047861,0.00789129195181372,0.19670965829578999,0.047848932502221934,0.08210611892499875
0.31467346979796373,0.10111121102346947,0.040003549008846846,0.05529517290015284,0.04501249866229139,0.09279833932171444,0.09932244012466339,0.057378424387357185,0.19440489477354075
0.4719124567119084,0.053805138260698014,0.04203303654100555,0.14672032704922333,0.02288894042888742,0.03492618177626778,0.135308321449929,0.028918396549537245,0.06348720123254327
0.3007580875075048,0.12071425760117459,0.16623339725615904,0.09873400212106671,0.025059237458141356,0.12387441816525287,0.034414758521018836,0.044794037315851125,0.08541780405383075
0.08617072982255347,0.14035870307808465,0.07756257160966896,0.030165128154511344,0.25513363088590246,0.13788737182764263,0.11718918856188965,0.1049574578988004,0.05057521816094637
0.05193845045317458,0.2472408739261871,0.20676706596319838,0.028517900882857716,0.11093154033492268,0.0787270727601148,0.1511401699686492,0.06849382899488819,0.05624309671600731
0.029668875555548327,0.042480451013117586,0.21130058950892405,0.02127118295577155,0.0563544757397576,0.4556642807637766,0.10998732558428707,0.04960923303097956,0.02366358584783776
0.11089757392786127,0.3202013033120956,0.08530255941708727,0.030486147635351447,0.20498832930960856,0.030147162048183268,0.04238041629137395,0.1342315005655549,0.04136500749288364
0.19686983505869637,0.08419277565828061,0.011051346903816575,0.4796739598928607,0.040397591372858706,0.011861918936906322,0.0289940664318433,0.08955988859272722,0.0573986171520103
0.5561340679690492,0.046248525408439434,0.032568340561202586,0.10266210569528271,0.11022634734837615,0.005200114217087582,0.05758895393978894,0.022922120890240687,0.0664494239705328
0.6034323782742924,0.02730877373282597,0.06849307845296211,0.10533045750787258,0.0687735154766631,0.007295523716656583,0.019357716302073787,0.022809584868319965,0.07719897166833346
0.06424560104145362,0.035358783177243336,0.29242363633322604,0.007958608482383287,0.07915673573503942,0.15167027381632892,0.24464635767036583,0.05590818984960801,0.06863181389435147
0.5229114201057562,0.10207507156732958,0.015463178769372867,0.11402996578006946,0.07375861199377484,0.014767413963131444,0.03002733124187154,0.07817235242283986,0.048794654155854135
0.39153136741982103,0.022789173608655223,0.007512145236287565,0.28956420464030214,0.08263859309825838,0.010361418037981851,0.018954706782883572,0.10109632186684947,0.07555206930896087
0.027376599761036527,0.4619101268570252,0.1763783497514724,0.013253340904551858,0.05700287476818708,0.06530962542957347,0.053853533724183056,0.10092834531717014,0.04398720348680035
