0.03953641588862445,0.06457219480511812,0.22901617343993444,0.13196116871662789,0.2165976199194847,0.16781699781216006,0.03520392463972304,0.09725356039586296,0.018041944382464387
0.09391474682478729,0.042858933610249866,0.041530647511052406,0.4136449042143488,0.0585644081939462,0.11335430807273184,0.024892069220429903,0.047162891141511454,0.1640770912109422
0.07041277717281813,0.10129390710747033,0.2836612743052393,0.05149296958928701,0.057393638135640225,0.012256520567707256,0.19869733144369525,0.20820479520213017,0.016586786476012274
0.37470037872078144,0.02590874431416229,0.30100237525738377,0.003620900300857724,0.02268192589263238,0.030128137707182284,0.01920200276168475,0.09237165729200529,0.13038387775331003
0.04855109235695434,0.032525199404962,0.20792017827347456,0.43569140011849883,0.02769205908256257,0.16987290957905332,0.053681669151729346,0.015097648220137884,0.008967843812627128
0.06216819896953224,0.08368955045425164,0.1939549200634467,0.03123341103660675,0.11854620508059509,0.016831453521362796,0.3158802771272148,0.028848055359254412,0.1488479283877356
0.32019532663604044,0.30239503485628766,0.006838593977374116,0.004204228633130663,0.08592183213321107,0.037440764826709834,0.04496251995548262,0.14704541283434805,0.0509962861474156
0.01983106249433358,0.4637699719008197,0.026222757271181313,0.014364976394943668,0.02754505449569371,0.05262178441585791,0.03973085032224682,0.30960102285280877,0.046312519852114514
0.3646730854915194,0.03995007077701155,0.2777340814181392,0.01604927709498222,0.09837419798639922,0.021996167253476473,0.1003245974654511,0.06103321342790651,0.019865309085114316
0.03949386878759407,0.562306354750073,0.06551352714487473,0.009270610323154514,0.06724344651079601,0.05724436786816772,0.06927592588777147,0.117422591205654,0.012229307521914543
0.041230976818571685,0.03914276254098588,0.13647913631104766,0.02267551363735294,0.1287813752079204,0.018133030053757864,0.23591332662224876,0.08251110383068602,0.2951327749774289
0.10993596771439319,0.036874614441383805,0.228161292855496,0.15806464632497852,0.07209012751067795,0.2416450036165887,0.05432616097488826,0.04752519402032532,0.0513769925412683
0.10794565381214927,0.055983853771409874,0.37779056826141527,0.02225191131837538,0.005739457223863719,0.07319329553116603,0.005487479768624803,0.02659460050782997,0.3250131798051657
0.11089362644705202,0.06444453550088347,0.26833895729752094,0.1799847930762413,0.008419845614213821,0.19161944230706884,0.14136143862200115,0.010959112471827064,0.02397824866319144
0.3424861009477799,0.0396706190005135,0.12780435321752814,0.002975151287767536,0.03380956207387263,0.055243463142808626,0.026386876136492755,0.32752709353330406,0.044096780659932805
0.10184390414474033,0.429819010609863,0.02380335283241358,0.027384139284522758,0.013530927290381014,0.08671564056734664,0.022192180680831855,0.25382583254179564,0.04088501204810523
0.21176629409020195,0.0902373178197221,0.056942250503040644,0.03801828322341625,0.055878597423994265,0.05863530540710945,0.4272500430815975,0.022960740660446868,0.03831116779047101
0.06960583238217807,0.015623662109142976,0.47711075364986105,0.13015379652993816,0.16600256804765134,0.029986196116662294,0.014218888312304515,0.04922601194631145,0.048072290905950145
0.05315101870782096,0.20780209761759896,0.16384223176490167,0.018239814565374882,0.10295150251018341,0.11752974385267688,0.10271753446956257,0.21501932438178242,0.018746732130098292
0.09012212443175262,0.04969609740933992,0.09094415431214513,0.02906997767124861,0.23681934364844429,0.18087631340837626,0.11403362912978049,0.18121408141748452,0.02722427857142809
0.03267144011956561,0.0325686444795321,0.23618307386980442,0.036774775421704355,0.3414963931314292,0.06372017757268778,0.08404200913741532,0.15130826735500189,0.02123521891285925
0.1640001007076909,0.019919805256123364,0.2166489591064428,0.13650065027417127,0.07944314276083018,0.15312715439737004,0.043369670184738286,0.0630861886149171,0.12390432869771593
0.023412281515221622,0.06036137960424288,0.06877156635046987,0.02470589046470163,0.02565733720883912,0.02057098205995251,0.07432651012988463,0.09525036405181493,0.6069436886148729
0.04521986279627782,0.05987892046441778,0.29241495890615327,0.046173322441122266,0.09004928374582095,0.0356104857895908,0.27372530305409093,0.10633859870114477,0.050589264101381426
0.06032354070095738,0.03166622489780498,0.28596139144736454,0.0353964596706905,0.2553237871267444,0.14371028475089112,0.04791951776152084,0.08443364991481123,0.055265143729214865
0.04092868038404114,0.2136851681242633,0.01439154611638408,0.0850526599241862,0.132856355477335,0.219579327386487,0.07663160749231508,0.21278794993036762,0.0040867051646206265
0.11146972357747748,0.030594196608286342,0.1816424129449019,0.058069286525038476,0.3233547312377083,0.028211150811131094,0.06677278124368975,0.1440088729891954,0.055876844062571235
0.05093025818164925,0.0832288727215993,0.0721953459741128,0.032887418304602005,0.09192974351040202,0.06171893666290457,0.178453589759471,0.2640443087425912,0.16461152614266775
0.022500165350090806,0.4372134418674914,0.03063664217868577,0.028955174126079137,0.0676931940259423,0.04762170239125749,0.22940950009347105,0.0794889089999917,0.056481270966990314
0.35715743753076384,0.05575010867184213,0.13257412819300654,0.08418850772345886,0.06464639373704961,0.016637715016438574,0.10100486226838572,0.13318804989927752,0.05485279695977722
0.030380268838096,0.04721900551233532,0.07674151673634316,0.15122826811649653,0.1551922371535057,0.033285350202654954,0.42202653292114856,0.03446824737656634,0.04945857314285337
0.05369892607656237,0.05981232057713954,0.3120583780314525,0.06736692204725143,0.11079473887927312,0.0167768296355251,0.23357254768751112,0.04018722390408517,0.10573211316119953
0.04723876147833439,0.271476863865578,0.040854413821510456,0.027362481429278964,0.032933935068248356,0.036728406214983224,0.06702787995005982,0.4147876852577343,0.06158957291427249
0.1520642500187647,0.07831594090647895,0.11106189306650986,0.031238315564922237,0.27656968634259155,0.04301734630651291,0.1487355220533023,0.13630820165557556,0.022688844085341876
0.09523166042883498,0.0256895493326517,0.43781794664534807,0.03984721447377221,0.027247482885040336,0.020794395264182315,0.21959559288613784,0.025059350363834915,0.10871680772019765
0.040117407748250865,0.01493216765133888,0.1488381386491786,0.027013101763329158,0.29660146616682037,0.06902998583468216,0.22117185172690704,0.1103271263740081,0.07196875408548484
0.07686348629710778,0.029551312227384538,0.34914575733154324,0.04117467326329987,0.012865991541682416,0.07971146029947163,0.0047655688226742,0.23262240568084191,0.17329934453599438
0.10239196003670574,0.3635473075174677,0.005106171289780717,0.014273083233385983,0.028617643651380555,0.04021397113780494,0.19486531768266832,0.24325657291307703,0.007727972537728959
