0.08580312453365634,0.019696510603680068,0.2435580327093351,0.22499389627276575,0.16065012896328787,0.034037999041801104,0.12302438840611886,0.03894869182781117,0.06928722764154377
0.01546567370993039,0.1444833066189571,0.3093779451779446,0.026865894581341584,0.1885693373587687,0.05439766008994462,0.15863868314123286,0.07779403348603477,0.024407465835845337
0.08522331202937211,0.014808754536136693,0.16124368956915605,0.11702873211326875,0.1872555815439226,0.05978746466735646,0.10315059350806406,0.19145245839062128,0.08004941364210191
0.03288331261360006,0.02806799851937991,0.3554924722334463,0.01520747958166451,0.1114711609666826,0.14136412316945213,0.07921038543233123,0.18011405573239858,0.05618901175104454
0.03235016740843835,0.08361075869257366,0.31725453186931324,0.050201597426617804,0.06747490156138676,0.16226309795337154,0.1731918195930846,0.07368341360654018,0.039969711888673876
0.013725502722635452,0.2759852054744441,0.3275913229620359,0.026919138587055063,0.08232884938300758,0.015037089511769805,0.2058602668992248,0.03986794414253719,0.012684680317290234
0.07052101308087079,0.043296928154594384,0.2890035251676489,0.04981041351293997,0.2570006912493233,0.0534674401488107,0.12831168718267397,0.034460462611114705,0.07412783889202322
0.0398833065609125,0.02371101339038323,0.23194973225870338,0.08563331651461781,0.4510884750845901,0.04924158307755833,0.04201203143647327,0.05119180411526025,0.025288737561501184
0.041852618217866094,0.09729117040732464,0.21006298904912443,0.0625216828687585,0.07792968243286799,0.04452696839018865,0.3828350997610969,0.05930875972466402,0.023671029148108813
0.0555688628463858,0.031091083239603187,0.3350950738326676,0.15951233054159752,0.1277201334397693,0.02571078642198217,0.07457948444633962,0.07795715928916092,0.11276508594249395
0.045065649530144664,0.15104816364855259,0.35588399098801254,0.04236702764975301,0.17335916524600403,0.02990701192080138,0.09772694249003448,0.050995021784285756,0.05364702674241153
0.03021401530377361,0.165213741315258,0.2672270143149877,0.11432640655328812,0.19980428902643285,0.029612105517397094,0.09699078406711988,0.08581361886520615,0.010798025036536653
0.042313558953020934,0.0821868668316793,0.24985691282836384,0.06421822287017505,0.19631733195750742,0.04095983436282441,0.23312500866787142,0.04585582320446887,0.04516644032408885
0.07273655825017854,0.03653382787467758,0.07688218331426565,0.2017724177079,0.3285279958680131,0.020412448264991626,0.12718723363217174,0.0640623767768226,0.07188495831097914
0.03735473706615422,0.11948801973176175,0.27404017020976607,0.13524396120600538,0.04706785287800319,0.06338022753149367,0.2614084417836136,0.040875538069464444,0.02114105152373776
0.14101438402531943,0.13408517245221405,0.23891631099908384,0.04790496936478731,0.10276413619791323,0.04036946524491624,0.10362216111247462,0.08799584871723633,0.10332755188605496
0.04878586053174954,0.11554287026895833,0.25302001244801725,0.09010892199797765,0.2818504529345073,0.024077335083930108,0.12119016816406793,0.02746572022314098,0.03795865834765089
0.04200604095283301,0.04968768280845202,0.28250386899633134,0.1109079953730699,0.10435516569210984,0.11942419981469836,0.10764169107235282,0.1140583589527265,0.06941499633742622
0.026794677687289867,0.23949331385591335,0.0970743326035919,0.04939487681619784,0.04427569774256887,0.11721278840331113,0.16908737744620347,0.11522335677204527,0.1414435786728783
0.01479481075543739,0.04475554261181514,0.15855138973497615,0.061446323733196216,0.018414756155485105,0.21549125465019967,0.19413464497914157,0.1959744982661428,0.09643677911360589
0.057158975005027236,0.013921716078512192,0.09049967846339463,0.09247193033843341,0.13069188397235013,0.050453839353520824,0.052017965906373476,0.052478807013833985,0.46030520386855417
0.06546897636700597,0.05003558217643462,0.4311848218156691,0.012627649777705937,0.15125391859187964,0.10839750727441581,0.09610206836701791,0.047935636673076286,0.03699383895679477
0.039486442095842615,0.1775649688024601,0.22592573577157551,0.08261360701336033,0.09288954233975528,0.051264887608124844,0.1526519537147082,0.06984602033946388,0.10775684231470935
0.033626544364691,0.03551024250159127,0.38238359279833917,0.02812303693787754,0.19862003735036873,0.11126141618176451,0.10288898639240308,0.07283399909761652,0.03475214437534824
0.026499657511961816,0.22196756196476422,0.2890150103087465,0.016222368868034073,0.28101983276473463,0.020856562452226363,0.09655632564565413,0.01657085521146236,0.031291825272415946
0.050761969574358946,0.14207779315816896,0.2801125010157775,0.035540458748794475,0.0831866835988792,0.04500741455842405,0.13778143294083678,0.06275992647340872,0.1627718199313514
0.0947679424179159,0.06827277406966784,0.21322883302466802,0.07447302324002152,0.2027339742417189,0.09948397081061,0.06579736081823194,0.15379286343790174,0.02744925793926418
0.06639647801438538,0.06461504238863226,0.10533082666023773,0.035036338884840035,0.08426854501143728,0.12590424675030962,0.06726813533422267,0.3761372583315887,0.07504312862434641
0.014276132831767869,0.07691933753461995,0.39802021242006796,0.021319595400532174,0.12270773742842193,0.11220559446660967,0.19373703543035106,0.03759351377104606,0.023220840716583296
0.02113678547761891,0.09691480216904737,0.2045177901495229,0.0761924342599259,0.3492170584325367,0.0356903553431669,0.12973846460118396,0.03370671014663268,0.052885599420364686
0.01781285656235627,0.05457610888618324,0.322503269289573,0.02818730622821491,0.18591704791776972,0.17050436387541165,0.14833034002073867,0.06694811399559951,0.005220593224153001
0.019391339935697426,0.342832770924639,0.2995733059499081,0.01698739120655772,0.1499439723873595,0.018178479041004586,0.1055771591931608,0.02939475015825366,0.018120831203419285
0.07247366708874017,0.03850340302577946,0.06789874162631107,0.10514331149603522,0.06375802142155228,0.21694310969368746,0.0726959045992197,0.304175393614829,0.05840844743384571
0.02401583452523974,0.0927765005217764,0.2475660171483354,0.0398682384046174,0.10219024659894538,0.2023843796409004,0.14714703417724737,0.12187744897540259,0.022174300007535324
0.07475617381583838,0.05049260695598191,0.14334523332817325,0.06512219393981898,0.17179399072331603,0.03347428896368587,0.2876504842861142,0.06653820834167974,0.10682681964539165
0.04942827941626534,0.08215982723558912,0.3358149874712278,0.051345592764116155,0.08619776205913345,0.041165360908504374,0.07981919053004333,0.10566269337759275,0.16840630623752761
0.04959034740208232,0.057864516151663846,0.23400944773196053,0.08567208695081745,0.21436784276179877,0.03262006995617875,0.1667840479135414,0.0996784167084246,0.059413224423532286
0.06430083909777276,0.019432737542271743,0.21719903465862425,0.08701653154849819,0.08847263924004937,0.1318336853903316,0.15212440875985345,0.0675560446612522,0.1720640791013465
0.060062479608369086,0.12729750433743445,0.27733764281126316,0.06707719471902925,0.2639577281977145,0.0411969132245944,0.08264055035323119,0.049543761828981216,0.030886224919382716
0.020901759504425934,0.06034993624654411,0.06073332006214374,0.16806336461134022,0.07839091011957584,0.17179917208120787,0.049754885063356236,0.344366272167054,0.04564038014435203
0.06253837193519043,0.012632796855763725,0.1316294875093373,0.10540484056648604,0.4541222620780145,0.03420072711751256,0.0553137294045207,0.05735246695317899,0.08680531757999571
0.0769658099877184,0.1734888334012128,0.10678206245660694,0.05443301252471842,0.05988140514284728,0.15055399952935256,0.05766021188480758,0.2941505575327446,0.026084107539991422
0.03270102232070173,0.03087795886771016,0.39288697348499,0.09692495622210663,0.1004042501078436,0.031035130799237417,0.12132952764561218,0.0730454064584616,0.12079477409333679
0.09640917947246026,0.025712132345309346,0.09410154596929192,0.09116548071051161,0.15951121493655898,0.02270590168650811,0.0729050112661022,0.18635459770172932,0.2511349359115282
0.04316472366259918,0.043859321230247106,0.06154857880886045,0.027333096895693066,0.0445933756649266,0.1721203630558927,0.13456846042001117,0.4466415141076585,0.02617056615411119
0.02395162618063595,0.026981808361389914,0.28260266717540167,0.1256141439565962,0.40450566013263406,0.032745151820373054,0.05939184625029803,0.03477829744061642,0.009428798682054656
0.024658497638206264,0.04260518727229581,0.24661914665248755,0.027940882698907196,0.0597879941694327,0.0716183538547188,0.23800068065866453,0.12446382311259196,0.1643054339426952
0.05529253506945175,0.07616574816503492,0.37224840138426857,0.07851453011491576,0.0796967488848212,0.08105093408115029,0.20679269421288984,0.03503239409643701,0.015206013991030711
0.16314977596115146,0.04688321142559637,0.06783396324162787,0.12025921678227292,0.2935827372667839,0.04791222853885083,0.1633881444984543,0.04332992241036628,0.05366079987489606
0.02953265603505405,0.13275172107027816,0.06005334795281259,0.07259641863620572,0.45069935451341786,0.011921897479829094,0.045677352418249446,0.10334720511550056,0.09342004677865241
0.03378604744990888,0.0381658071345986,0.12099332932971689,0.044106889013251466,0.5579518455843947,0.015579291520058469,0.05801023913719434,0.07717992546544489,0.05422662536543176
0.0273210999994503,0.09283676119391338,0.36124710348583117,0.06704726636621285,0.23233966682426552,0.0273111602203867,0.1114459189369068,0.03928753541983603,0.04116348755319727
0.01773548599682786,0.46000341946932927,0.133646873116426,0.09345268253815157,0.06175451603480562,0.014978378336484119,0.06111653641507098,0.044726282209282514,0.11258582588362208
0.5844114889234061,0.05986598578552695,0.04957301255809606,0.021495306633681186,0.07900143209694628,0.027933295033226474,0.05273296092476296,0.08835810604463473,0.036628411999719224
0.05292052853529781,0.022858478213162867,0.15385887185916888,0.09695172731390626,0.13150999287388823,0.033973332892129726,0.2978236929202559,0.0819026959000314,0.12820067949215905
0.04286728460891603,0.14919430353163002,0.21548979079969086,0.19029715999963046,0.09657097306203394,0.04253937446978151,0.12738765908462032,0.07581731911545687,0.059836135328239975
0.4199840281543666,0.0405681590509278,0.1164364305298592,0.013600917243683017,0.17813397667939182,0.012447115788778102,0.050203196658436235,0.0343663810906174,0.13425979480393987
0.5642833892365523,0.05963952208005652,0.0982393443945302,0.017961420302975373,0.1246844058714996,0.017212322820457277,0.050979556944467624,0.04904395178161374,0.01795608656784749
0.017574033933051496,0.032157202049036215,0.3182774523921541,0.0374293654004671,0.16475741781005615,0.08262359934659025,0.24968368153674403,0.07712790289245293,0.020369344639447725
0.05308877874637286,0.364421515530263,0.1439642880330628,0.09054588617573052,0.04383396469204068,0.021701125981766375,0.06584024775083976,0.11812478797440333,0.09847940511552065
0.045222264487597856,0.053768462816737035,0.1507017145923237,0.02669661381082508,0.050743192163677786,0.2122327274928604,0.08255760645864929,0.15156832717469895,0.22650909100262992
0.03521557065110235,0.027811745727096795,0.23519867048253343,0.034866631433713415,0.18239337802504665,0.1432255154488441,0.16113623591543677,0.11133793746410604,0.06881431485212046
0.08318431735588662,0.07287679879234804,0.2831182384911793,0.12422676485004504,0.07070152309104605,0.059892993823581576,0.16840963158404695,0.09999526839413098,0.037594463617735545
0.036218465190604926,0.042795683817307174,0.07750409279586858,0.030071101740247227,0.11352137821305482,0.5125444918943187,0.06429872315506897,0.09538237081798291,0.02766369237554662
0.04208955157819263,0.012013004632771142,0.055312287411554195,0.026891309608993507,0.06669998854117519,0.1884239477743359,0.11259678582149081,0.4802301316055481,0.015742993025938536
0.046380837869567114,0.06667080560225445,0.18002156745183828,0.10397282542370351,0.18617977354587556,0.027288834574156682,0.13525175880952187,0.043370453877643676,0.21086314284543883
0.04050712886139441,0.022819097900945235,0.12809387844258416,0.1133319753100489,0.5153091224337543,0.020331777101274873,0.053619537107330355,0.05971633552509584,0.046271147317571835
0.020469362799325642,0.0433153598189163,0.4117938421701875,0.07238682501152026,0.05779971155309627,0.05538098157381657,0.22745031628231646,0.049193031225577534,0.06221056956524348
0.03302265129837121,0.07025158423383764,0.1778699635419231,0.06322650103024556,0.1885624280076872,0.07746605877710609,0.1185056292642692,0.224803693609088,0.046291490237472026
0.5855625300151333,0.011613487487640387,0.03831437102011368,0.0668367416979155,0.04773603960334882,0.031685937904172616,0.15960168441239359,0.018849161346046164,0.03980004651323608
0.07419305562375987,0.039975987156180705,0.14988377332964656,0.19704338631118504,0.04141230514289271,0.06749642443570852,0.08130927549770305,0.1387669689264864,0.20991882357643718
0.02962280270087501,0.03550008208268889,0.053999487726267247,0.07127017637024029,0.08679037216884627,0.11024030571276022,0.08152497623837941,0.4722533461155638,0.058798450884378906
0.031034044590764354,0.1011307672316063,0.30562430829543913,0.11542912031734946,0.25122505946099255,0.014894698471498087,0.15014605982679072,0.020905515015924095,0.009610426789635298
0.027408926325381028,0.0306325817764203,0.08491351979285792,0.027968074806963294,0.07750247322925047,0.517491581116422,0.07279526208385234,0.10392691814639549,0.05736066272245723
0.04387220981517512,0.4792733987598458,0.094028684451761,0.03503707261273129,0.06879542565811168,0.03196425318904369,0.0571442525406875,0.16708980350285743,0.022794899469786443
0.04518918110057718,0.06156473106518653,0.2232564917193698,0.066146635073761,0.3334251257024856,0.04845103846509646,0.0883002839565638,0.07691188629391434,0.05675462662304521
0.06865425121106894,0.025074707951148235,0.18535004158866433,0.049841254127707645,0.36504692947601464,0.10381975227222866,0.11381054537884938,0.03521426368967972,0.053188254304638506
0.026702299158020876,0.04839797698682174,0.14020278163299302,0.0902367555362303,0.173480975296285,0.10283236423267143,0.2374107581852364,0.038938290963207535,0.14179779800853368
0.04100905506465614,0.06897809163613393,0.16880436958805858,0.04060215029534253,0.10084407841670795,0.175215333045604,0.17219040974691843,0.15785299326907043,0.07450351893750808
0.04558261876965297,0.041899445754611735,0.21273103213507924,0.13208453147718394,0.3579538580747823,0.05521540811220024,0.04854656442624414,0.06730776708191409,0.03867877416833144
0.08000352829426616,0.09186283649799,0.22685700879535484,0.09153340738271991,0.14627117204891546,0.042789100650942824,0.15104839277393203,0.051641269577015876,0.11799328397886294
0.05724371252429286,0.021753308650880165,0.0827289312593288,0.051662783107160694,0.07876089888887605,0.06159361728222087,0.07866521093157919,0.16364302872038072,0.4039485086352806
0.07386427414507808,0.033722227054335564,0.23718516978730675,0.10314692473375146,0.04666337641905291,0.09690621126866868,0.17897597183967964,0.1839891877651909,0.04554665698693599
0.04603353415604722,0.02690858598047201,0.1124640754482867,0.12905217365502356,0.21035323777672796,0.03180940054956208,0.19723077650973653,0.037696788559779794,0.20845142736436417
0.04128050825720381,0.029389186120868455,0.21407940958811233,0.23182382834815063,0.17839446244483362,0.07123433384227357,0.0749335123933425,0.105281518564678,0.05358324044053702
0.009277919725248657,0.009557551731147773,0.3518907317902769,0.03299877225870091,0.2967659046215942,0.09156424645291601,0.053492734652815156,0.04180332893266724,0.11264880983463325
0.02663605408115871,0.04644615254289294,0.23758515940503208,0.11059050973666995,0.1858323908032775,0.026418842980965515,0.23869485810750057,0.04046091028247336,0.0873351220600294
0.04569987038201213,0.02173941516127759,0.2634636848298466,0.049491151037863564,0.14455193328397356,0.1419793551259159,0.0744003799483036,0.11429769619274888,0.14437651403805815
0.027557254857949368,0.1533228824078069,0.19506395712376753,0.14255819164024852,0.06639943440181266,0.04517016983772328,0.18762810078562006,0.08230513130108012,0.0999948776439916
0.020993173915268625,0.10501452685028623,0.3203538751726584,0.04591330611014826,0.12873631039759117,0.02821675151781,0.22271995166406275,0.053877763007321465,0.07417434136485308
0.02414881665832838,0.0787330855428355,0.3172524547261934,0.05944263354443081,0.2971158132043078,0.04557816125263714,0.11778378956416125,0.03488001475133757,0.025065230755768147
0.02785021915070843,0.010580678345156157,0.3365982240459043,0.07228527247546503,0.07820598875116007,0.12843021013083458,0.2660578847332274,0.033934800190271064,0.04605672217727306
0.06815778629265457,0.027659414933205822,0.24200540543106233,0.031036684752235744,0.1837299427518809,0.050068493482505916,0.2907684118754048,0.06846282283081236,0.03811103765023762
0.04549920371188696,0.3839468357694062,0.1437415871821341,0.14178881299399013,0.06837827272208537,0.015268909836621963,0.06770269110540855,0.0870913082749004,0.04658237840356644
0.05262735414720806,0.017584399490778772,0.36560808120803906,0.09596040960219145,0.16316025565314454,0.03275011026513159,0.1347611549235281,0.06714285561715981,0.07040537909281867
0.04129847772240738,0.1519229185136918,0.2182803144806478,0.05015722650505187,0.1826333366264369,0.0893633383040161,0.1455435810764416,0.07336866448665956,0.04743214228464703
0.05425011359250786,0.1657293090411817,0.3850713482899673,0.045345618857297876,0.12224727071597301,0.018230564553017085,0.1519372267021164,0.034304127248895366,0.022884420999043354
0.041106581935923106,0.054407408869575756,0.282484091596029,0.01912558927332323,0.3420871239272439,0.018652097918371,0.19424239511761932,0.02401870130911145,0.023876010052803282
0.043838727437215674,0.0416149523808681,0.08155316688737371,0.04557846188981127,0.14789132179336215,0.16224834310142613,0.21259787763730723,0.2052659447863389,0.05941120408629686
0.029926915453203407,0.04844582583143079,0.27390631579983865,0.057429615032946156,0.17834622918209972,0.04798654452922394,0.29085454898629565,0.03579972850211106,0.03730427668285064
0.020809299116769205,0.02054312127299857,0.1590001183240851,0.056016595147424596,0.23674934225338604,0.23008463045017605,0.1808941457240831,0.08063443917776815,0.015268308533309303
0.10344592129485675,0.07377217681712835,0.2871824805127454,0.05998429938230021,0.07515003904437456,0.03787659382954319,0.2562369806205315,0.04705237633492779,0.059299132163592304
0.024538816217329423,0.015128455086793668,0.06780465662428889,0.10096126823326858,0.5965717027106024,0.020641308082708577,0.0947945688277058,0.025871005192936558,0.053688219024366275
0.033509594248449064,0.08289248925973398,0.16308263865997216,0.021895726098267124,0.18438617899163837,0.025156189889579877,0.24260070853714058,0.044488531069405375,0.20198794324581337
0.11580435994633916,0.03484550711525264,0.0808245722906157,0.07162569415814767,0.4763023241532849,0.02576828455214741,0.0756364792564596,0.08354325889323515,0.035649519634517825
0.0354921432671186,0.025298435511979255,0.10621242338959609,0.013663562445782597,0.12760704301015113,0.1458050151668119,0.1476662017022375,0.36440039330558943,0.03385478220073347
0.034122560239164657,0.057300015195306926,0.406396129011811,0.06829794296252455,0.12077197132523192,0.04679513172466151,0.14721193945669606,0.05511591498320175,0.06398839510140164
0.026610689347929983,0.010426988254030219,0.28050810032398066,0.026928876298067644,0.24788467831116975,0.07514737886639833,0.23342996461673757,0.08150898421190435,0.017554339769781557
0.06945505436713009,0.11095469983791433,0.09674523886865605,0.28161643380835644,0.12343091644690078,0.01822529967597602,0.17808322436837887,0.06860842395196524,0.05288070867472222
0.04390814395861511,0.012183972222171954,0.1410756114285976,0.08205428285087334,0.04414218857941767,0.16471460585713713,0.10686415192845063,0.10295413675669951,0.3021029064180371
0.039206596817619226,0.20297612012552704,0.18651018656465154,0.3540710992420873,0.054957987179858225,0.02512214194376614,0.04022423217356186,0.08420416466006549,0.012727471292863253
0.0631255673420139,0.04678001665307549,0.15365757277282918,0.06055967306817994,0.11816392248737702,0.039004821547856484,0.10677984789963547,0.0933451402522046,0.31858343797682787
0.036062530568886954,0.05795826628574241,0.39253244483207056,0.018969256998096734,0.11986751925991694,0.09906215531378264,0.11758348693868605,0.07556418339194342,0.08240015641087432
0.042663578498067255,0.22250106462321897,0.2590435865265268,0.05510690338386995,0.16240679021416035,0.06464056396225602,0.11497474804095249,0.030002021658129308,0.04866074309281876
0.054982882625437546,0.11451338213090768,0.32275534376288023,0.10164450773098299,0.15649833190064955,0.02320690327245629,0.14141589268971314,0.030325121927866492,0.05465763395910605
0.17480033188733143,0.06684702407455018,0.19120398937103403,0.08111499301460819,0.17127919195096442,0.04985029716120826,0.10843572355999213,0.06029493725386187,0.09617351172644943
0.017561375045456046,0.040499141099386786,0.16458461475677222,0.029167467851103173,0.24322684941295503,0.14196624118600884,0.29976413763899035,0.044964575689748626,0.018265597319578875
0.02161034988655165,0.06821455642440279,0.3051093823426902,0.021846275141902575,0.238980613889596,0.15858931688270198,0.049922047075816434,0.10895130906677775,0.026776149289560597
0.020470621635354704,0.08846489325583196,0.3268574296340623,0.010866133788123788,0.21454291829484853,0.04392917863548724,0.15188312090431313,0.12165544752019264,0.021330256331785664
0.015565516940620347,0.05440421608021472,0.3883779216330048,0.02385065512782814,0.25285080792774356,0.04824156428947135,0.12306716094082892,0.055055381031325824,0.03858677602896251
0.019504066646460066,0.027742555765121024,0.35697436402935306,0.04475921633371833,0.21133210244764267,0.03622641938704264,0.18595754325627492,0.05605056647591081,0.061453165658476507
0.06991952298660302,0.029608685050423144,0.32543441629987385,0.17946308679077747,0.07834225374838918,0.027715956043756915,0.13954895782223628,0.07563073532530201,0.07433638593263803
0.06330193738802063,0.20663110019037964,0.09006510172937475,0.1664305773752275,0.11746385460511007,0.04851942851544266,0.14928813556182638,0.13246012068798305,0.02583974394663532
0.029268477392021177,0.044847682160430176,0.4622212287672183,0.02449541185996289,0.07058085344072867,0.0929243957511624,0.06663882869134491,0.11054532784647335,0.09847779409065806
0.023629886224138003,0.1734258050783065,0.3236497575485782,0.09843688876879492,0.18912500428187418,0.01574404068017069,0.06343767119593706,0.09038670478761979,0.022164241434580553
0.025510367522707078,0.030373103796331635,0.11017594505567734,0.02067400157267204,0.08584505791024938,0.23606783198907977,0.21939353318819413,0.1464439650150617,0.12551619395002686
0.06271094076195928,0.01973518482206245,0.17265919718041953,0.1212982812189194,0.3040307931890092,0.09675800988167871,0.06483235718688428,0.035655239340606625,0.12231999641846057
0.046510179460446256,0.05552950125479627,0.2999101358214177,0.08191343104166947,0.1515392462475292,0.05695303205355853,0.09874439011640822,0.0840563813359065,0.1248437026682679
0.039553728855718305,0.026525789868993555,0.2080472335197998,0.01616551099825027,0.33230661450753,0.11297498050013562,0.12972325595645515,0.09613398779806152,0.03856889799505578
0.052592632438992426,0.20704739627651994,0.31853237297072545,0.026565339009022342,0.2283790753778702,0.018309195310778237,0.083310927696242,0.020771497645670486,0.04449156327417897
0.022361620453082837,0.06292720626927764,0.19284111446326033,0.12560947855171364,0.17531613623773956,0.07751575770451306,0.19768438997443707,0.09352842593914135,0.05221587040683454
0.05461776844938806,0.07559035053785527,0.32639824982007587,0.07267224066549276,0.26648024339202186,0.028479126605168725,0.08783125913637675,0.0636832867901246,0.024247474603496022
0.03705266663740216,0.05166971546949215,0.3536653867208959,0.02874143032530162,0.0470441491229211,0.16318185166102528,0.21000379046706344,0.061626795012460156,0.0470142145834381
0.07150122932375075,0.025259888123550175,0.3669645403147153,0.02301893233739341,0.08736099663690007,0.08878984540485386,0.20527298325812704,0.08160422234961716,0.050227362251092304
0.02358783591761503,0.12163802057876925,0.2353724389537184,0.0311788602683888,0.3319322807577551,0.05365496143670532,0.13591686894658966,0.02706805463936975,0.03965067850108854
0.055187697693217797,0.08883557042083824,0.0912584513304392,0.07814080469870646,0.03986108163560766,0.15553933602999884,0.08236722688636783,0.32238052574446535,0.08642930556035856
0.05644852174036288,0.0965226128589038,0.11537222660012965,0.06825109042707343,0.023019851714284556,0.05086898558788603,0.1464991868371678,0.23155301727207497,0.21146450696211683
0.042005950233056456,0.031636441824788,0.21123980255214794,0.06518204315962618,0.01792044762254798,0.11596139927598233,0.2906411297738255,0.13424351954889055,0.09116926600913507
0.12004385633133442,0.17952387214985854,0.16686534849942994,0.08200648108635604,0.13388606267956585,0.03594632166987735,0.17827910922683218,0.0862264813320424,0.01722246702470319
0.04869692230761796,0.02347133084635859,0.0682744218026657,0.03880046326194498,0.6422782533417819,0.019359311311008386,0.05369464678861156,0.0396442825922364,0.06578036774777457
0.04706119138783354,0.011679055715647724,0.11859606510157854,0.11573202406299733,0.05335843820369768,0.1755948865138358,0.16719960131287395,0.28528796452309496,0.025490773178440475
0.04693377295577508,0.05599382098978348,0.39650436230962877,0.021086056442275205,0.1589428545662821,0.08225364571937022,0.16777558512686253,0.04759637014332083,0.022913531746701698
0.09395900280617538,0.03981976605766208,0.2473581521437462,0.0564877087766418,0.14110091276775996,0.08282714867998243,0.1304074932294219,0.03583945912539819,0.17220035641321207
0.01990203479336611,0.0074294649520137744,0.19141679870974063,0.028762896051801923,0.3288158159719003,0.04994090284505175,0.1673895786158627,0.1669248598359402,0.03941764822432263
0.018428479064682174,0.03305568346009711,0.39091405759379366,0.11261349716474807,0.035726116986219046,0.16583860697914488,0.13444196694723679,0.08500927370704603,0.023972318097032357
0.04335222061457114,0.017187329513819335,0.2519366665212139,0.15590883961619773,0.174618694188578,0.051768793590779315,0.12282306950722043,0.07976083832009329,0.10264354812752687
0.0358816566253661,0.08581438929713847,0.3710462296965508,0.10569319460175985,0.20360532111157403,0.03493432671165365,0.12365390567416461,0.01990972457347002,0.019461251708322438
0.08009384946515931,0.050837143899035035,0.30029487842411684,0.11634263861944083,0.04901726812416512,0.04391444938371571,0.17391157702412863,0.10434244673892368,0.08124574832131487
0.019039276157861756,0.1380455873301356,0.15720910633252833,0.03741803351144054,0.06048997866208907,0.10589822002704186,0.28724398668659806,0.13046270584360756,0.06419310544869723
0.04120904898247179,0.019311758920135893,0.2569088914253374,0.032598723960049085,0.09237674325651853,0.11547977154148514,0.2866575224921169,0.044656159121311344,0.1108013803005738
0.05696689934350419,0.03651168308244306,0.16010508529872167,0.038979822318610406,0.2545950002996336,0.2366089706949491,0.08919590552727151,0.09167047966572184,0.0353661537691447
0.044035090459133765,0.21986151579200475,0.21730611515710094,0.1227761510855132,0.15016081292244474,0.028034194139434112,0.08663210654362241,0.06137026057651552,0.06982375332423053
0.04749929097589667,0.0815706491928515,0.30464571416133707,0.06276532582790233,0.31674515455625046,0.06118258274950497,0.05963564230719199,0.026603629432781852,0.03935201079628325
0.019973910544358098,0.03665175747766857,0.37303457442856014,0.04827334846102871,0.15583798301918703,0.11072029128212263,0.092231128870304,0.11591494306237023,0.047362062854400706
0.03749518009492702,0.04126523485972635,0.2668270113789434,0.07651752753845444,0.2737548982792887,0.029164448471929633,0.19066012991783635,0.062052737639305335,0.022262831819588897
0.03267983245080432,0.11600970636168377,0.4726075828035295,0.03379900484220856,0.11979678198808734,0.05462920916553534,0.0937378619600454,0.055253084072671245,0.0214869363554345
0.09227771411341217,0.05981554661914285,0.10749994007845011,0.13547094313787966,0.19898407514156938,0.026353412804242828,0.23262491054876047,0.06624593666660618,0.0807275208899364
0.02856112557592275,0.02163865659234319,0.11515407942482243,0.013439192036778002,0.25967237088281653,0.1731388909739667,0.22024607855067624,0.13886198873044764,0.029287617232226587
0.054947370494022284,0.026719363526301682,0.2361363079274287,0.08838242669457648,0.28159821475297236,0.026642836448275614,0.14090685396861138,0.10413446824262951,0.04053215794518194
0.11819051874141297,0.06740590518511234,0.3456938243167473,0.0512193018681588,0.13862598129352008,0.027784552923421964,0.0923158719173729,0.03798557308942826,0.12077847066482544
0.02302008273432665,0.028830129756524794,0.31876983021814825,0.012050290974036383,0.28871793431707066,0.1674159286279023,0.0663245522699278,0.08522115332943052,0.009650097772632668
0.06460334691303567,0.04422118653759757,0.33062453148798693,0.14734284173726644,0.10348180969879589,0.030557828326961797,0.16950177459984125,0.0637978242470122,0.04586885645150229
0.018455132731643748,0.011119569494000343,0.032961122120433665,0.02387072612857546,0.08114166535769751,0.12256740987277089,0.05951630244735776,0.12480897006732827,0.5255591017801924
0.14189337771795704,0.13542632556679002,0.11562414761681118,0.0476460569823254,0.16065625501433045,0.06012547989599117,0.15988201993731424,0.06046768716175416,0.11827865010672639
0.5442195438618803,0.013249768386076053,0.062112639222501966,0.12317634659672756,0.06839239977962012,0.012411325172744687,0.06856493499261193,0.06119238843524441,0.046680653552592856
0.01685703412852699,0.16198976479468333,0.0827903650982808,0.05373967585535352,0.06865081864014864,0.27617020259377817,0.039010066678133885,0.2925401281020041,0.008251944109090508
0.04589190318790209,0.032321101337977845,0.14743114930040305,0.12420211382818003,0.023410544124955097,0.1922633131478387,0.0776890348182991,0.21591817195920357,0.14087266829524056
0.028784852864515566,0.00994552361251654,0.2031096828328273,0.06076271918823997,0.4926899113595178,0.04131584755227593,0.06435623070694384,0.07818339781237364,0.020851834070789433
0.0619410322239986,0.004044491631367918,0.20844883661576474,0.04313964987861959,0.23321594131227083,0.1303207169491227,0.23135615853007582,0.03898261270970821,0.04855056014907152
0.02548348679574694,0.043096063352730314,0.09245616526749684,0.03808796975839487,0.13117246053679785,0.13135701799664284,0.04340272191218691,0.4796136825210755,0.015330431858927948
