0.08434447162884588,0.12971264784591793,0.10087384946589288,0.07209804556192477,0.09013443325435073,0.08541862227666253,0.1636589284323325,0.14484975493490493,0.12890924659916791
0.10741268242967762,0.12442870665815216,0.13019200372435627,0.07624732107343622,0.0940225673380823,0.09360370750769224,0.12014082580315683,0.13225737913961866,0.12169480632582767
0.06949088365665755,0.13153384570559087,0.11294465687900503,0.05367452706266313,0.07488669775878289,0.07060773477588843,0.2073434377783904,0.15323702305037967,0.126281193332642
0.08870774485546135,0.1245772577200297,0.08419719917488172,0.09420911874100892,0.10416030169583769,0.09847602887503341,0.14102405730321185,0.13513163017479912,0.12951666145973628
0.1152429762641125,0.11031697142136891,0.0973015674006309,0.12272808403040698,0.12036900370488503,0.12100689312371116,0.08622827880006438,0.11052837371378303,0.1162778515410372
0.07416259057711468,0.13076537586327605,0.09056327788387288,0.06850032111456635,0.08651036403426805,0.08019107963697544,0.18876261561452723,0.1497965232013427,0.13074785207405654
0.10088253484868959,0.12385775201295701,0.10375957976120874,0.08921102209829417,0.10225586046569185,0.09966264299308887,0.12336031688720088,0.13158257304663104,0.12542771788623786
0.10697395145509103,0.10493622014107253,0.08105930257293283,0.14410469874212706,0.12958352488042305,0.12868747364947217,0.08418444993183401,0.1052739412609513,0.11519643736609604
0.12301686483325053,0.10735031315980731,0.10543269815956079,0.12412555725516401,0.12068164987178805,0.12335697913905845,0.07769996945520906,0.1059683936867535,0.11236757443940831
0.10781890803542947,0.08123719084132434,0.07064421598642887,0.20630746612257847,0.14974686462417025,0.15303624117244793,0.05426911548100072,0.08060396413996088,0.09633603359665917
0.10967393645462518,0.11737953144180309,0.10127159694744979,0.10548603878561276,0.11173729392027099,0.11078723477414197,0.10177904485143513,0.12064163877350402,0.12124368405115697
0.1061154942372023,0.10545644470512484,0.08054972673757906,0.14324208820387996,0.12919822830857827,0.12802014108147358,0.08560884281554508,0.10602913555298683,0.11577989835763002
0.10191018115029159,0.12648017609361195,0.1304575857222076,0.0709282555762718,0.09024875523075572,0.08917147171595326,0.13150080817860701,0.13652474046743932,0.12277802586486175
0.11195388639766184,0.12030212254850375,0.11632930213214492,0.09187395028524002,0.1040228453871425,0.10382329777554411,0.10591445833117462,0.12478421117262158,0.12099592596996671
0.11244057547582427,0.11757021188457138,0.10739198664154481,0.10206013466624186,0.10987774209275447,0.10961354171217595,0.10007977007676712,0.1206030123946175,0.12036302505550273
0.07638699302318495,0.1275925276971164,0.17668382825273676,0.03888219684301341,0.061864954496191636,0.06245758334157065,0.1963970581132284,0.14584298198930762,0.11389187624365017
0.10073785224298688,0.11919600260292663,0.09012213137834664,0.10650458591833595,0.1119391951900517,0.10878464211577715,0.11343062813952531,0.12458148380616253,0.12470347860588715
0.11152265208989876,0.1235511639099089,0.1452614770741878,0.07151294565010888,0.09062784179347265,0.09139186547989926,0.11615169457377728,0.13093416746964048,0.11904619195910597
0.0894124246761902,0.11939224533554427,0.0757665435042316,0.11120177682362277,0.11308331513587906,0.10691711271051955,0.1286865728534861,0.12744893664413637,0.1280910723163901
0.10852813800682769,0.09632127697473887,0.07724467268391629,0.1661190843404711,0.13784006007362817,0.13851678708496637,0.0714543331958001,0.0954453237474893,0.1085303238921621
0.08174936202872493,0.13043909454690175,0.1313674171902602,0.05514462946782251,0.07717655205391698,0.07469283561290185,0.1778632049787319,0.14798568065027162,0.12358122347046822
0.06372683801119981,0.12938715560962474,0.14923638841179376,0.04013638597384361,0.06218622305754301,0.06078385438610015,0.22457843079001374,0.15156901398502573,0.11839570977485538
0.13214009746276875,0.09944900027547715,0.10882364679982566,0.13757203058238018,0.12567369485478044,0.13131633951713406,0.06421333908970782,0.09587127492737775,0.10494057649054817
0.1588861809895623,0.08473283295122962,0.13775627731088166,0.14680598132649061,0.12359385746241068,0.1369748037014357,0.04457151600300291,0.07848310064476613,0.08819544961022045
0.08130690009809542,0.12942599119697298,0.09170095005548297,0.0756021020106956,0.09213556119268757,0.08634962587986013,0.1680057580727641,0.1450794886950649,0.13039362279837627
0.09809235278769768,0.12696306855530626,0.16292695956289285,0.05415243411177712,0.07701543220354357,0.07738994826004987,0.1459391274697484,0.13971774724527153,0.11780292980371265
0.11551551811068252,0.12182482128323092,0.14425313623342573,0.07574537565776675,0.09350358907491411,0.09477936558266183,0.10860665854287462,0.12763340878778662,0.11813812672665698
0.11656209643448999,0.09533893681892154,0.08429144561288832,0.16291609252018285,0.13659750970281537,0.13948810408518675,0.06578778246103627,0.09323442971602951,0.1057836026484494
0.08073162457969342,0.13027172682049248,0.1368092965734125,0.05260242423294314,0.07496137428248566,0.07282954826627604,0.18113120652638035,0.14819054054288414,0.12247225817543232
0.13461226993427194,0.10315938938514002,0.12049789312800885,0.12351307119224475,0.11918545346330008,0.12478999300464731,0.06771877373245823,0.09993902093189823,0.10658413522803062
0.11580537892728467,0.10212305072332183,0.08859980871904814,0.1453627790889033,0.13013214156508993,0.1317955330641245,0.07454086968720908,0.10070387838904675,0.11093655983597184
0.11299263599549754,0.09464305432826788,0.0804146647045458,0.16742174655418837,0.13825512957270206,0.14037719988992414,0.06677474826644982,0.09300557467741814,0.10611524601100625
0.0912666508791093,0.11764376436540365,0.07569379093141936,0.11596576211654834,0.11565407094947165,0.10990147803249468,0.12243618589025056,0.12456057534597571,0.12687772148932674
0.1215076148966261,0.1120228768391635,0.11213345589756181,0.11107154759137901,0.11438524146752686,0.11635160887502076,0.08521554332628965,0.11207758709046721,0.11523452401596518
0.1056308926550348,0.1196141923054405,0.0993173478703188,0.10137614450712695,0.10942846803792028,0.107548669071372,0.10942970154033156,0.12439134805479557,0.12326323595765953
0.11381198209498983,0.1051168257254075,0.08897850474867648,0.13872753328547832,0.12747352454641406,0.12827939499621624,0.07970424416883692,0.10441883008251414,0.11348916035146646
0.08792015935644355,0.12962626827795257,0.13590201502308485,0.057551378481860205,0.07952709007920065,0.07764690240878247,0.16379826502336423,0.1451381382689538,0.12288978308035763
0.11801258188825409,0.10472377077954216,0.09400101508648029,0.1363917425469274,0.12638803348695457,0.12823352095059465,0.07673485908940995,0.10339723647322657,0.11211723969861036
0.10407015993640899,0.12525652298532344,0.17521816473999222,0.053395163706385716,0.0764164709054654,0.0778700970965983,0.13598968371848175,0.13645018880462859,0.11533354810671563
0.10880517403229757,0.0838354983163966,0.07223031441647677,0.19876760679436897,0.1477624984176781,0.15079516933575676,0.05658425054518711,0.08289766458403854,0.09832182355779955
0.1015130531218074,0.12638525111364673,0.12562243335075798,0.07331671536017759,0.09194026980553442,0.09056248368068053,0.13097286641116293,0.1362222881246074,0.12346463903162497
0.13305222479410087,0.10367456762022426,0.11815025351650044,0.12389055075783789,0.11957114836024968,0.12479409467632624,0.06886389761967074,0.10066337746890812,0.10733988518618183
0.10449902060131289,0.1259037490698258,0.13999684555484762,0.06818700815657879,0.08826598530745261,0.08795912721557074,0.12854434197230438,0.13558067072405108,0.12106325139805607
0.08411462137465708,0.13038610334735068,0.1249087718547955,0.05927966938006272,0.08069508671037744,0.07785068329496814,0.17092874673183642,0.14696635437196817,0.12486996293398389
0.08626276291481498,0.12889579103782836,0.1545213672988043,0.05008178333235607,0.07306932697210926,0.07233285421484556,0.1704415515907635,0.1451255898638365,0.11926897277464155
0.12109527817101128,0.1095290585649518,0.1058852600752276,0.11949562406300986,0.11861010434590984,0.12065511209883638,0.08171508814161606,0.10887536097997608,0.11413911355946106
0.10647240539042292,0.12263340467033786,0.11222488997157991,0.08850638781097599,0.10198060469136577,0.10066923442100799,0.11530278361719613,0.12896769681870357,0.1232425926084099
0.11368082968670352,0.11573476668880267,0.1050197085379856,0.10716586507544217,0.11262430663170138,0.11264481935946931,0.095928457547296,0.1178694945310093,0.11933175194159003
0.1252744492326489,0.09338728755455829,0.09230120586027901,0.16092020186920966,0.1352630391678139,0.1405065487460259,0.059964908746439886,0.09013224747402694,0.10225011134899742
0.11841423022008513,0.12069118891983614,0.14782133560307462,0.0764819078369855,0.09388567152074338,0.09571748201591794,0.10436328353260156,0.1256861726232169,0.11693872772753888
0.10549811657113206,0.1230204279452306,0.11150660826723562,0.08791344599130617,0.10160208073903972,0.1001000787116314,0.1170513522916045,0.12969426206558476,0.12361362741723518
0.0959466927217939,0.12634209536135643,0.10450770710416978,0.08225772919679762,0.09770567891774457,0.09444267814476402,0.13551811378981551,0.13648158651483433,0.12679771824872388
0.10107124322637391,0.1269005926590823,0.1447760075178183,0.06325005435935253,0.08448925372460335,0.08409155337162023,0.13655483024906767,0.13809055819185692,0.12077590670022477
0.08906493659900024,0.11564011159716832,0.07135132594312239,0.12255414438228211,0.1183489797739992,0.11190826706278824,0.12202638776376769,0.12250093592009587,0.12660491095777585
0.10633763983567807,0.12443560377012881,0.12474250243153572,0.07865927557755094,0.0956620358381937,0.0948541856425777,0.12059825508773832,0.13221313627287415,0.12249736554372252
0.14443788934550914,0.10283436000692033,0.14751588864445633,0.10937825806223905,0.11063712571113453,0.11822255956155525,0.06466850427993681,0.09911062317126208,0.10319479121698645
0.12168653683959174,0.09116510982503545,0.08673203506083661,0.16984815350111085,0.13856224064859501,0.14341936247991016,0.05892283064890014,0.08830854415022232,0.10135518684579771
0.07917974079813518,0.13050645485364717,0.09728417519383648,0.06920846039323086,0.08761841188350168,0.08223336072517226,0.176591778811762,0.1477153196083966,0.12966229773231783
0.11078281661230581,0.12285101392180507,0.12918434997869616,0.0803480827359633,0.09676225495600228,0.09678349047688571,0.11319233392454431,0.12922957245299327,0.1208660849408041
0.10942812285446935,0.08752764359976047,0.07407447841242822,0.1886296593718976,0.14493950256180752,0.14741134123685337,0.060366304271214,0.08635594443372674,0.10126700325784267
0.0939325267261928,0.12214695209300398,0.08605900359305498,0.10056329828613404,0.10821811436881956,0.10352197113021964,0.127726248777727,0.13022365934627406,0.12760822567857383
0.1381399632536999,0.09822905083282318,0.11812093331266292,0.13415734265788756,0.12335773020997247,0.1303820653165065,0.061037346288404216,0.0940100805213015,0.10256548760674178
0.12301454846709274,0.09994933734221494,0.09556482597672905,0.14520678234584541,0.1296936308970431,0.1333284305289712,0.06827970645638409,0.09737061863082737,0.10759211935489214
0.11370295283502962,0.12100867967396577,0.12621033796940948,0.08574415335261305,0.10020511841733226,0.10059864897326942,0.10656678125924769,0.12590393979763645,0.12005938772149627
0.07016577144407253,0.13103740390817178,0.1262716325344511,0.04965131380309054,0.07156046813364982,0.06839751109547375,0.20682494517442898,0.15238075349843633,0.12371020040822518
0.11489381009824658,0.11625064056342271,0.1089280447734831,0.10409762988784362,0.11095578035746628,0.11126770738730257,0.09603090873358078,0.11847332135651405,0.11910215684214036
0.11637740769670897,0.10662759920425292,0.09397494332906887,0.13242798215571897,0.12473824948546393,0.12598467227211305,0.0802387288702547,0.10585597846894772,0.11377443851747089
0.11126595535114527,0.0978380835176086,0.08063151255398839,0.16021984077213133,0.13578486984143343,0.1369468011468291,0.07168619377740741,0.09664160886072976,0.10898513417872675
0.10368897364353713,0.10789699605902951,0.07988784419925864,0.13804642020374613,0.12691636929508276,0.1248604077281848,0.09129481682067002,0.10936369602191132,0.1180444760285797
0.14259306838779803,0.09074644317106247,0.11426853199815272,0.1506365896792965,0.12900878320089523,0.13824138619262696,0.05246565535215086,0.08572006009342924,0.09631948192458802
0.06221876116485597,0.1308258587344858,0.07961957829391177,0.0631903296244818,0.08098088142314935,0.07308122216818434,0.22320176462506378,0.1549208485725315,0.13196075539333574
0.11990042351397662,0.10424510499005041,0.09606325848784851,0.13608489060673265,0.12617269253016625,0.12850973673738283,0.07511198811343772,0.10260686011864058,0.11130504490176445
0.10380585139398142,0.1179057257505749,0.0923448683708517,0.10857890806226188,0.1131940134148565,0.11078251011647479,0.10785565248659079,0.12223366442070464,0.12329880598370342
0.14132123813923822,0.07390655310443527,0.09392705197818467,0.1982787607766241,0.14341301895443734,0.15631105882508653,0.03899135895017448,0.07034406420877083,0.08350689506304847
0.12715985444249103,0.11754643428340907,0.17031714819114616,0.07240872538043765,0.0904353324427928,0.0942936127519508,0.09480335183176514,0.12098285320807055,0.11205268746793684
0.12434351950290663,0.11460017361037696,0.12811358011820448,0.09778609913051385,0.1069529662500382,0.1095097826932316,0.08810072695262454,0.11552570154518066,0.115067450196923
0.1080153139142601,0.12282140039018836,0.11802403275184235,0.08546279496680476,0.10009656190249601,0.09926077079111227,0.11465304317144705,0.12918965751537062,0.12247642459647856
0.10553835662065196,0.10902733249019077,0.08289998324172478,0.13375569874074153,0.12519414915097604,0.1235353998600384,0.09141238578632783,0.11039798387670659,0.11823871023264217
0.08663794852155286,0.12998239470776457,0.12889269542818746,0.05945139279947013,0.08098966992903565,0.07856287230463233,0.16555566009502146,0.1457601978483061,0.12416716836602944
0.07606082727520395,0.13095700086172404,0.09661184708562776,0.06655051027368857,0.08540259601584188,0.07979333720344378,0.18531959369929404,0.14954153260020614,0.12976275498496978
0.1446934479829818,0.08333130306849316,0.10775257938256604,0.16914116883817973,0.1347693952902068,0.145992993305508,0.045626485379428317,0.0783556092616369,0.09033701749099925
0.09960259220186445,0.12606703441437392,0.11341084670260755,0.07941549576931942,0.09603684282523538,0.093765101403996,0.13093388893776223,0.13557959423767632,0.1251886035071648
0.10385490404655424,0.07964843444732551,0.06749019128697205,0.21324267297614696,0.15159056211273847,0.154015898617301,0.054539860895693175,0.07970211407016908,0.09591536154709941
0.08916033695960353,0.1291460669565017,0.10911374640329492,0.07154304272115523,0.09014904631717569,0.08648080070057475,0.15422181220297984,0.14284080426652815,0.12734434347218618
0.12254527953499238,0.09633004471075401,0.09156512898975981,0.15541929182410313,0.133576081072861,0.13769176926677856,0.06426092840167978,0.09351537657776904,0.10509609962130233
0.08879433190107823,0.12465936001900073,0.08453248881387149,0.09387619034000942,0.10398577076344985,0.09834113101796761,0.14107993352316936,0.1352345032428465,0.12949629037860683
0.10876348889733863,0.11505785610204144,0.09489349720739847,0.11380973759270352,0.1160299655536494,0.11486425841879748,0.09841551136331529,0.11756822375985938,0.12059746110489648
0.06254023838785419,0.13159773277459708,0.09589280295330342,0.05524406738257279,0.075261807767627,0.06929234929057065,0.22536224767070825,0.1559108267321074,0.12889792704065925
0.14382819734505742,0.09588417129362665,0.12585180825030629,0.13386538433710846,0.12219391143381524,0.13068851734147638,0.05714993943728915,0.09101259743266588,0.09952547312865445
0.12994762798465387,0.11594351742010077,0.16684509678553483,0.07691430315704678,0.09332977021815565,0.0975685742287848,0.08987660076658315,0.11819547676207913,0.11137903267706106
0.04795792072264998,0.12816051233292,0.1575538764236969,0.031387246552483976,0.051767827688862934,0.051423785401295635,0.263890804126487,0.15217067801016013,0.11568734874144347
0.11066390709817435,0.0807609106127861,0.07245647965363478,0.2055387386365722,0.14941216155014406,0.1536150082385652,0.05250678396173325,0.07977677520995798,0.0952692350384321
0.10029318244996714,0.12702635074796176,0.14891746606631384,0.06092085764246352,0.08264414694401127,0.08240324014836552,0.13896304931313536,0.13866468028861337,0.12016702639916832
0.12142489351484675,0.08886980102281566,0.08500230481375846,0.17609834477229794,0.14053758349061465,0.1457836230208511,0.05661463464674917,0.0860705258190241,0.0995982888990422
0.10745133286612531,0.12489779897892295,0.1397811498915805,0.07081987301385954,0.09018945468860906,0.09020842060344479,0.12263255451880191,0.1334436185615587,0.12057579687709723
0.10875130223377544,0.08795441420726317,0.073717791999707,0.18797814319103992,0.14476522908901632,0.14696671235204786,0.061208842907541396,0.08687299119181228,0.10178457282779663
0.11226785372239777,0.1115895709819509,0.0946705052126523,0.12149417923692478,0.11981327788668727,0.11965353801460825,0.09014561419722451,0.11253362546198847,0.11783183528556578
0.08578153790114633,0.12462818099960288,0.08032359483250334,0.09489430543404381,0.10414701341378368,0.09770963351765825,0.14614805209651088,0.1360175328684465,0.13035014893630434
0.10148122873448599,0.12241335420871984,0.09954494055350134,0.09459933486413902,0.10545657687369743,0.10277461787204223,0.1193267567322333,0.12920195332007425,0.12520123684110648
0.0573983777235366,0.13059029526940297,0.12264706268253771,0.04355998095317181,0.06478391607751746,0.06131816377869872,0.24084517927440832,0.15575957726272557,0.12309744697800085
0.10221073984800227,0.0669073791965001,0.06296694601141332,0.24851892628126449,0.15923273118717018,0.16395512662295406,0.04256489925053784,0.06871739332229548,0.08492585827986217
0.10267041981730694,0.12250102653127075,0.10232693561975632,0.09319143086169457,0.10469038524824682,0.10233445347415293,0.11833991973184299,0.12916962676184268,0.12477580195388609
0.0877075376926039,0.12776716440007238,0.09400146541195775,0.08143077478187907,0.09653841870859838,0.09154326038525194,0.15114642176212623,0.14051142089185376,0.12935353596565652
0.1161210110308472,0.09822248383832029,0.08582266265082446,0.15560503148092608,0.1340198087918305,0.13633148456646166,0.06946275186736013,0.0963578741018213,0.10805689167160847
0.1264061409993932,0.08343569591165763,0.08635043367724927,0.18625821797129208,0.1429110472938168,0.15043375934520006,0.04973864701979879,0.08032056702116688,0.09414549076042533
0.11759782296533898,0.11250290204388337,0.10527353446645826,0.11378041841430875,0.11595041829053095,0.11699544304380805,0.08812215819812168,0.11307616983706614,0.11670113274048381
0.11056082503151243,0.11535809430925181,0.09841680824998911,0.11134848516155865,0.11481031631504757,0.11407994481396677,0.09752182069726316,0.11772508440637146,0.12017862101503911
0.12440257932311118,0.11290545146847338,0.12172388678222125,0.1043041917265019,0.11060031859955925,0.11318719779987131,0.08520764277734748,0.11308812144714246,0.11458061007577185
0.1175783187498483,0.09955931044256354,0.08847767745180668,0.1508785173844003,0.1322043527538069,0.1346573639437421,0.07035852758397788,0.09761563627361479,0.10867029541623956
0.12339518228172441,0.10580499492993416,0.1035592751230147,0.12832058769285715,0.12257120891419156,0.12549843355828272,0.0754480559182259,0.1040562535350051,0.11134600804676437
0.10583214534032374,0.12547583036352153,0.15705153737404168,0.061489374296281464,0.08311724770867637,0.0837896564017857,0.12938988242541316,0.13553919798958866,0.11831512810036778
0.11240303129733685,0.12220497795637457,0.13051684413219652,0.08117547203861172,0.09727931787077904,0.09759925073848345,0.11050519653784781,0.12805653606247533,0.12025937336589472
0.06455076599854369,0.1314324696823,0.11316629215314461,0.05036193046476967,0.0715797947566049,0.06727475438697465,0.22106902936726724,0.1548344314376127,0.12573053175278256
0.09768999438209534,0.10430638697848589,0.07171006980255425,0.15111397349933411,0.13163812483350787,0.1282103939921175,0.09164400206032342,0.10633689384334473,0.11735016060823684
0.10917838120615908,0.1084211723832551,0.08660009343308321,0.13298717152431463,0.12499571856777598,0.12431962131748586,0.08758895601187262,0.10905061422856226,0.11685827132749126
0.09329316280757521,0.11691860181675644,0.07711003821055777,0.11741406003295984,0.11662520720369644,0.11140993077490156,0.11817995769741096,0.12306566525216515,0.12598337620397662
0.09757916816447365,0.12781542121558329,0.13475266263700458,0.06510944623739433,0.08585629668023227,0.08458888093225769,0.14180414641081074,0.13979476705325555,0.12269921066898792
0.1400927261576755,0.09960412384494995,0.1252350825497984,0.12739228158773402,0.12008872830347794,0.1272718486582026,0.06200405312638527,0.09542187503836656,0.10288928073340965
0.12648607852696903,0.08845617582101754,0.08982513568932106,0.17295462864132727,0.13904049533310248,0.14551039454338976,0.054493711213445845,0.08507356560499753,0.09815981462642938
0.11204812361074439,0.09528798710893265,0.07989706691524924,0.16640339560215592,0.13792999978105228,0.13970155047197821,0.06806835261217763,0.09381655231961496,0.1068469715780948
0.13605529949890457,0.07863988539473465,0.0924316585738303,0.1904702683218291,0.14250326580942976,0.15317558579026255,0.04343091707386707,0.07495971675776665,0.08833340277937525
0.10133715620848294,0.1263573237124795,0.12412935863709156,0.07404436039698205,0.09244584143704732,0.09096822750037938,0.13089551269386937,0.1361440625918168,0.12367815682185108
0.09358338116696818,0.1287230643030355,0.1272205895088927,0.06550786250718572,0.0860241289863315,0.08396162825499,0.148930586040819,0.14182376753238676,0.12422499169939068
0.11497807173888493,0.10892367192881973,0.09490528169731172,0.12704077264864308,0.12236781153729327,0.12305884552313295,0.08434349861673894,0.10882568062368474,0.1155563656854907
0.1284315935641808,0.08389524186146091,0.0886045524374048,0.18331738964851726,0.141825065347254,0.1496896233320231,0.049611820976660205,0.08052215251100674,0.09410256032149224
0.11796070546391164,0.1104627473029877,0.10199636965043964,0.11977927255304881,0.11889185468150791,0.12015070990895448,0.08480140059085468,0.11039094854325127,0.11556599130504387
0.09858221260149154,0.1271514125667095,0.12166915155880546,0.07289644265683413,0.0915723102666773,0.08964708055549066,0.13614866379536053,0.13787211945304692,0.12446060654558382
0.11930174880940903,0.08760723021936091,0.08229895220405437,0.18110286700346748,0.14221791928714267,0.14721696184278885,0.05609556704740789,0.08510464694850066,0.09905410663786811
0.09220720507644646,0.12894866303030228,0.12164661925640495,0.06716770841840433,0.08719737836161982,0.08466151200290062,0.15069293948061935,0.14226844057805857,0.1252095337952437
0.12282395473460726,0.1012350606619025,0.09669208426355753,0.14183893321862687,0.12836834467482292,0.1317693123834804,0.06991710159484905,0.09882406686332335,0.10853114160483011
0.08286974644707303,0.1267045873634731,0.08192803329722646,0.08771733380100864,0.0997141402189445,0.09307600185231264,0.15679931619863083,0.1400879618705242,0.13110287895080666
0.1205929169910024,0.09370603885184638,0.08734467198665503,0.16403457611658737,0.1367366700697735,0.14086847758065443,0.06211957714766627,0.09101946702694348,0.10357760422887119
0.1047864437003419,0.11837855771795014,0.09488353201024928,0.10629527474812396,0.11204525869931882,0.10989563026674458,0.107812745494355,0.12273967728758939,0.1231628800753269
0.12175590383198187,0.10361358870777777,0.09796242484299954,0.13618054492695097,0.1261060297767677,0.12894125239950235,0.07338125400762169,0.10165656047947687,0.11040244102692126
0.1159143742159125,0.11183316256688434,0.10092027116937156,0.11753474393194058,0.11786437903982476,0.11855516649730131,0.0881057693105524,0.11238459084249956,0.11688754242571293
0.07155115512867666,0.12951770198986276,0.15119890949647377,0.04335803021630727,0.06594430259230515,0.06467491844120529,0.2051718997222077,0.149788011673796,0.11879507073916544
0.09940629581753928,0.11941824190887874,0.08856176513050767,0.10662658664023526,0.11190843066097285,0.10841934145528032,0.11532783086771446,0.12514616041710833,0.12518534710176313
0.12398837862107809,0.1128405590769981,0.12040250970757584,0.10511246363943123,0.11107065282709201,0.11356501512770355,0.08529132190891313,0.11301941323826459,0.11470968585294349
0.10294242611446196,0.12519720763590228,0.11794164519783472,0.0797626461641246,0.09635804294755412,0.09476434815660928,0.12532147468989321,0.13373373013467169,0.12397847895894813
0.09125219326332236,0.12787717300746765,0.163446127981915,0.05001747035091767,0.07321567390190974,0.07324868947727778,0.16058367113708286,0.14267296063204682,0.11768604024806012
0.1135330502420719,0.11373851574069989,0.10037060403943954,0.11381802471297688,0.11606014810787346,0.11609287928513294,0.09267942344213037,0.11517061861221244,0.11853673581746262
0.10712932271032805,0.1170154280476165,0.09594794620583626,0.10890591840688468,0.1134907450914685,0.11190439401725132,0.10320281696201312,0.12047702874627876,0.1219263998123229
0.11879730237955533,0.110742531859802,0.10398253070673004,0.11809702471467791,0.11804453615356691,0.11947478124691763,0.08473928673897231,0.11065797980105574,0.11546402639872207
0.13601751524550484,0.08985840206370459,0.10270386774334665,0.16029030633265348,0.13359749459787643,0.14175447355429793,0.053177563149063266,0.08544003812340624,0.09716033919014659
0.12180244492642985,0.1133316018687915,0.116398550305315,0.10622105862320692,0.1118159238978726,0.11379440049359858,0.08713542721115114,0.11383275682752692,0.11566783584610736
0.13812494118745142,0.07873378185907023,0.09470527158593915,0.18829518786194943,0.14155243813560014,0.1526151585496273,0.043124182636636456,0.0748340815216914,0.08801495666203431
0.13368034878404186,0.09550518730537577,0.10589741420369274,0.14710280512229001,0.12923804005224768,0.13585244983850986,0.05943877253431867,0.09144747011580755,0.10183751204371583
0.11135052207018085,0.12364490747753305,0.14611640892129837,0.07091447014469039,0.09019851865641644,0.09097601606305149,0.11666871816095976,0.1311496390518383,0.1189807994540314
0.09471744113060382,0.12336957823208372,0.09020285514355166,0.09581175366096772,0.10568927870855595,0.10136812813384684,0.12938809112145824,0.1318809487750976,0.12757192509383444
0.09050534060177483,0.12917735004154937,0.1160411784504774,0.06869899487447988,0.08822117267636509,0.08516419567204035,0.15316006991812425,0.14282556532222018,0.12620613244296858
0.12234756977911909,0.1154013287529756,0.12531811019099565,0.09761199375816056,0.10699434755227794,0.10908637935637382,0.09041131572612528,0.11676855577291893,0.1160603991110532
0.08740318399988976,0.11846107106446813,0.07247408912057522,0.11454833428329973,0.1143588472034387,0.10756935724007678,0.13013019672525028,0.12675122104377703,0.12830369931922428
0.1175764220979646,0.10725045766381631,0.09647942157177554,0.1296155046587296,0.12346090323585805,0.12492029307185049,0.08041156256332983,0.10645321749406773,0.11383221764260792
0.11027865308806362,0.10509366019597126,0.08478724747804055,0.1414201937031894,0.12858022110778464,0.12851678930811675,0.08199081439927208,0.10491782729535097,0.11441459342421072
0.11205252529954517,0.10658818395526411,0.08826930400304296,0.13599773234356097,0.12633015267259193,0.12654485754657743,0.08289054399213333,0.10640791840667807,0.11491878178060601
0.121715104151283,0.1079324472146821,0.10413586701352495,0.12371028050790706,0.12057238343473908,0.12290091551091693,0.07914147173900897,0.10681665657276658,0.11307487385517129
0.1459648795666738,0.08754599871340484,0.11550071432666807,0.15581068013919688,0.13013341470642315,0.14064905895350946,0.04892149564557474,0.08225001640886646,0.09322374153968255
0.11897552617543923,0.09895177903139747,0.08958874359160958,0.1513782627486335,0.1323253721847804,0.13519858068092103,0.06892702693454518,0.09677049493321614,0.10788421371945744
0.12627712741480235,0.07673218358906657,0.08225585012262394,0.20402033422752253,0.14741279796545806,0.15645509771629243,0.04391609808485027,0.07431259154128557,0.08861791933809826
0.11439020302588777,0.09762081269081162,0.08359258348757855,0.15852272470709697,0.13513034956801373,0.13711426382334957,0.06963888424865848,0.0959511590325638,0.10803901941603951
0.11279030116360982,0.10995423952652854,0.09313396592674263,0.12586964615634033,0.12185343743608723,0.12193615170205367,0.08729326620823946,0.11039812160978801,0.1167708702706103
0.11521402736858453,0.11427169633052482,0.10457082107122713,0.11048189391260388,0.1143333314899397,0.1147474521585346,0.09243879147687574,0.11569514005000468,0.11824684614170493
0.10420258881537148,0.08713497112240413,0.0700061231027208,0.1931780780754844,0.1462783856392845,0.14731462971658768,0.06287410520482666,0.08676828321695047,0.10224283510636985
0.12349471115305781,0.11884800436082571,0.15893969597631702,0.07508478672560731,0.0926067533152398,0.09556765679136801,0.0983415135091373,0.12280500450229685,0.11431187366615014
0.08509059403082618,0.12757599521475996,0.08840024193821017,0.08350154431952002,0.09752340026661797,0.09175822935316558,0.1550215998578151,0.14084833857010595,0.13028005644897908
0.11156918782544488,0.12129742311056761,0.12042359463983694,0.08779469631662845,0.10153608039940087,0.10138258853403063,0.10847081626644045,0.12643613981257903,0.12108947309507116
0.11452939429063458,0.11824423165142166,0.11463439637867003,0.09708583937620703,0.10704029721504245,0.1073213029962589,0.0999795037458568,0.12142055882385461,0.11974447552205392
0.11346158302478437,0.12280171689511088,0.14604326555257544,0.07283077575033868,0.09152147530334777,0.09257317167010758,0.11275585871992307,0.12951403061852207,0.11849812246529005
0.10923442732259887,0.10093219110231161,0.08057589801279187,0.15339365653170092,0.13326859107285238,0.1334559832507987,0.07700582599085094,0.10034410984373882,0.1117893168723559
0.0670088326093329,0.1282439106739924,0.1666196072057697,0.03736232867842847,0.05967301072544399,0.059564574365039695,0.21761310911506412,0.1488078844634008,0.11510674216352786
0.10757757001187322,0.114036022630242,0.09143006895302412,0.11786595422670487,0.11799860877723857,0.11656733143775477,0.09766874923476475,0.11638983574215032,0.1204658589862474
0.11681058387546221,0.07471840215564486,0.0743440483851861,0.21687586385748822,0.1515050432338819,0.1587305061675783,0.04463909725353097,0.07362330530983552,0.08875314976139191
0.09112527952179213,0.12907777544178445,0.11736193854597628,0.0685204199714023,0.08812789171832659,0.08521377701768336,0.1520571449889229,0.1425599497652799,0.1259558230288321
0.10785891051670955,0.1213257784239985,0.10983398936716869,0.09260950665055694,0.10447015626623957,0.10332035619291036,0.11113202030893245,0.1267255738154359,0.12272370845804804
0.10403216104923001,0.12222374908940724,0.10429399884805714,0.0930032995696174,0.10462693158171259,0.1025903773673552,0.11641915276691972,0.1285576529635739,0.12425267676412681
0.10608200146497397,0.12548496601223122,0.1490557357534306,0.0651526887602303,0.08597475133053901,0.08628010382565143,0.12736076952673092,0.13508963176221686,0.1195193515639957
0.09817139748753811,0.10835562578718318,0.07462477935642464,0.1397880716748638,0.12715462972593525,0.1235346737230884,0.09744824946489439,0.11103172772223581,0.11989084505783633
0.0727249298326401,0.12606087644325079,0.06862533518524347,0.08927427246613971,0.09874002651523883,0.0894668853333671,0.17878151277843565,0.14284973996718264,0.13347642147850183
0.1100001496327986,0.11782027849492722,0.10301960510812032,0.10365955443321005,0.11075596001626196,0.10989616023696226,0.10233981932111434,0.1212299097214092,0.12127856303519595
0.10756320574486665,0.12367604845774383,0.12273940498064391,0.0813583500191857,0.0974545705944177,0.09673664737943033,0.11739999088827628,0.1307467990193486,0.12232498291608696
0.11907374630934543,0.10577526118386715,0.09675868269898513,0.13250021877086396,0.12467291421094939,0.12663745891191838,0.07756928782354532,0.10450406175835338,0.11250836833217191
0.10900760988310824,0.1121352706332489,0.09073891227863067,0.12245755157301418,0.12022928177515659,0.11923996147119531,0.09342144965944649,0.11370409322398829,0.11906586950221133
0.12294511263341946,0.10231163385978591,0.09810622750456165,0.13873404429147515,0.12709182554990506,0.13036635687129675,0.07118824631042503,0.10002716714096378,0.10922938583816721
0.070249840643662,0.1316015447687733,0.10038090685914458,0.05938758190349238,0.07946791892992562,0.07404230225529036,0.20322817074219637,0.15286793400849072,0.12877379988902474
0.06721636341079491,0.1316459294948578,0.10691777877230015,0.054332040604998945,0.07516032310154477,0.07030958493108352,0.21300068358321297,0.1541785263181368,0.12723876978307017
0.08407791775430457,0.12902522364492278,0.15487955654828114,0.04876608465954932,0.0717786994728084,0.07099037943723084,0.1755170718537523,0.14588240399712396,0.1190826626320266
0.10294212754093075,0.1240163335953695,0.10975074972333954,0.08626427032841633,0.1005246071992457,0.098537895642016,0.12181369153560313,0.13160960071370556,0.12454072372137352
0.09915233141724245,0.12544658320380353,0.10758261781311156,0.08350022636594258,0.0986555087606259,0.09600193169353631,0.1293994545884142,0.13448861355132044,0.125772732606003
0.13256124262425772,0.09456287269818305,0.10303005202372485,0.15087716892767575,0.1308101847552842,0.1373693879312596,0.058794005451481536,0.09056598958324726,0.10142909600488592
0.11963385136906961,0.11947709394277024,0.14034504042199694,0.082366237212626,0.09778306947783999,0.09959609179398705,0.10030711400090019,0.12339955252220407,0.11709194925860589
0.03998921169293058,0.12889940029681182,0.12354091463954214,0.03525579066412476,0.05466784032096262,0.05157626150839716,0.2861380939453373,0.1574939997829616,0.12243848714893198
0.11485755893875131,0.10964589097596648,0.09572525831591615,0.1250412307924784,0.12145335633895964,0.12205389124641007,0.08547674865981941,0.10973652621770197,0.11600953851399658
0.13075502053989074,0.11110540516015784,0.1339942732723773,0.10144993915688351,0.10842984946062657,0.11251062123147475,0.0798454783940843,0.11035441761742286,0.11155499516708217
0.11282268204403785,0.0971713791555943,0.08173803136235337,0.16087009502176788,0.13599977935861624,0.1376630344943444,0.0699477355432435,0.09569547750975212,0.1080917855102903
0.1097687689037448,0.12416659939625246,0.14357842858637357,0.07085486686328972,0.09018656406676795,0.09065761725733179,0.11906300305441368,0.13209290639805402,0.11963124547377202
0.13478624641641382,0.09816990933519738,0.11155445020003417,0.13831532761832385,0.12561107084607245,0.13198923550168942,0.06194996883307748,0.09422025061503055,0.1034035406341609
0.12001423578212866,0.10835598284099308,0.10193048256702997,0.12413038527243632,0.12086151432760507,0.12276773056543074,0.08061488140525223,0.10752054721300346,0.11380424002612033
0.13554195478094633,0.11223291724643221,0.16227239849202477,0.08563823384073062,0.09844404028382864,0.10368713338812806,0.08071974131290839,0.11226776372332824,0.10919581693167273
0.10609126487987215,0.07922707007300937,0.06883977346217579,0.21283097445224355,0.151419144490495,0.154623220685668,0.05296794331953401,0.07899540595294059,0.0950052026840615
0.0916729699165351,0.11636353653352484,0.07473674060423809,0.11965222796928282,0.11744473214001862,0.11176459951495743,0.11942889317508061,0.12274023173853121,0.12619606840783124
0.12125008778995389,0.09698494563506581,0.09059422242220384,0.15476540806507633,0.13343701666110652,0.13714984633381214,0.06555992504998186,0.09436756614585483,0.10589098189694483
0.08268240976729974,0.12172263913521912,0.0715405233694345,0.10506849429795773,0.10890679051361946,0.10114631102160428,0.1455107579642311,0.1327633175558535,0.13065875637478055
0.10403071317094274,0.08282000335140173,0.06853447716371804,0.2047061142213028,0.14943133034380188,0.15125691757476326,0.05796173292900634,0.08263740353131081,0.09862130771375249
0.11867438121629452,0.11030798088942284,0.10296303282880208,0.1195553047233761,0.11875641400748842,0.12019070819113307,0.08416393571345748,0.11011553517595711,0.11527270725406842
0.09858454402823047,0.12281743496077106,0.0952828057697276,0.09534339656441441,0.10572104586205557,0.10233457192467947,0.1233772837916347,0.1302946962831146,0.12624422081537212
0.11069285612126556,0.11870451266209099,0.10701516353531064,0.09978276613362419,0.10861942521422042,0.10796583628604352,0.10350015911318584,0.12244013305604133,0.12127914787821746
0.09906975503255348,0.11937730986554929,0.08799414692840644,0.10696512063495461,0.11205837903499045,0.10847944163438027,0.11562849592927682,0.12515360929750027,0.12527374164238836
0.07377024624877897,0.13140873881795598,0.1014818953370324,0.06179650674974887,0.08169524594312182,0.07647152334994999,0.1933209854730679,0.15124899043439974,0.1288058676459444
0.12861600652489083,0.10610873439791339,0.11382980578999984,0.12172030998344303,0.11907412068129007,0.12308862111366,0.07358422354343436,0.10394528420082379,0.11003289376454461
0.10662573790482292,0.09079010887584327,0.07316312216268946,0.1819583632029146,0.14297499750176268,0.1440529314566644,0.065773984990741,0.090021175605563,0.10463957829899863
0.13017176629219318,0.07910681678185699,0.08704832762960422,0.19446316897542862,0.14451560658753715,0.15385178179673195,0.04501382573940534,0.0759844211524179,0.0898442850448246
0.11333440156614583,0.11620332646407285,0.1055040797756019,0.10592427201746961,0.11196754113728151,0.11190276490676486,0.09698408283246403,0.118561502589776,0.11961802871042337
0.13347842638077292,0.10237705201093444,0.11639928403041676,0.12736600397084782,0.12109914195821765,0.12658013262993262,0.0671541327328652,0.0990975829020339,0.10644824338397862
0.10707221967903714,0.10470045746490224,0.08098625408410047,0.1446817102959832,0.1298194212391395,0.1289751473488535,0.08377160014971197,0.104983251467556,0.115009938270716
0.12445874109357402,0.09591781700975809,0.09351252424064266,0.15485976355614553,0.13320872394073716,0.13782002660779105,0.0630318228619937,0.09285505505615431,0.10433552563320352
0.13826114130530576,0.1049791775538666,0.13495247324033224,0.1121765978035339,0.11314146658197467,0.11926255833815752,0.06886640240307969,0.10197960363371521,0.10638057914003422
0.11585499154127395,0.11092918172853579,0.0992541591843518,0.1203459373361657,0.11922629488469155,0.11996265769922722,0.08676369476344332,0.11122930799336612,0.11643377486894456
0.14356718083532624,0.10929885488361614,0.18760283263098065,0.07889304783847778,0.09294837810741297,0.1001268178904401,0.07478908227197878,0.1084918871284883,0.10428191841327898
0.11098066360075405,0.10984031317988524,0.09048818299282503,0.12762763797138502,0.12264705523679308,0.12229927284576476,0.08838783325061579,0.1105158409042533,0.11721320001772369
0.09618358597549508,0.12710299166851116,0.11091007052931329,0.07752693597323304,0.09464256994775254,0.09180625156123907,0.13781502673001428,0.1378647241808632,0.1261478434335784
0.14538816399990143,0.0783886040931997,0.10303828948342554,0.18206426470008583,0.138375858858578,0.15091043148865846,0.04166270643166245,0.07382083736725688,0.08635084357723173
0.12733352120290545,0.10429638623600378,0.10798280481756833,0.1286607044862426,0.12239076557455936,0.12634897586290736,0.07177743594916812,0.10187476065913569,0.10933464521150933
0.09368900527666668,0.11975265493029603,0.08136173995944519,0.10854515169330108,0.11234309356966675,0.10736318060333185,0.12310015574680261,0.126848019248215,0.12699699897227482
