0.14953000092606844,0.11794579216786732,0.11017908352219634,0.11152216673386965,0.10076568081794539,0.1027149366741823,0.03587035209872947,0.12287475794919163,0.14859722910994952
0.14335510725270506,0.09697206384341232,0.11186831428182521,0.10195765766269253,0.08657600473999205,0.11173822841237069,0.20553244514603197,0.1080682656915644,0.033931912969405675
0.08085241765375084,0.11665663674742026,0.1179638314960037,0.11662345118919482,0.13403385636578022,0.12212547833773561,0.10075252926007161,0.11103163545189391,0.09996016349814907
0.06852204014997103,0.10893191181461122,0.11317206358196302,0.11437170828315502,0.1346220330694017,0.12071682017698127,0.14330758371088903,0.11273564399085441,0.08362019522217329
0.11009396053739877,0.10529289060766818,0.11663085539075836,0.10656280356191583,0.10462132042475508,0.11861450042848058,0.17985466063592484,0.10917011332108485,0.04915889509201341
0.11071804598394334,0.11848291079312502,0.12064026474479904,0.11441055410890165,0.1183424789060696,0.11998763180767515,0.08880260032681586,0.1146009625764961,0.09401455075217424
0.0682820255057119,0.10384789781041714,0.11109758434563728,0.10967816167995392,0.12722591032118294,0.11927065763954588,0.17951630127927684,0.11353682477774969,0.06754463664052436
0.13307816115349635,0.10875269988683016,0.11834114073630159,0.10890653102866332,0.10046751437484691,0.11716389209441476,0.1421060172638697,0.11452087583900183,0.05666316762257544
0.07916174651123624,0.11253212366125982,0.11692392521768456,0.1140713021563486,0.13014979421648398,0.12215425237457543,0.13017426398186585,0.11172601766644728,0.08310657421409821
0.10888250779307172,0.1199207785229363,0.12023937552192336,0.11508021962664937,0.120484703011838,0.11935564288086963,0.07755064821214049,0.11435475278667269,0.10413137164389845
0.10486958323558267,0.12128620031895569,0.11940716600754163,0.11574907302717292,0.12355408918530135,0.11852869955448875,0.06630313943141826,0.11334426619311407,0.11695778304642458
0.13602224011672673,0.11101354112356406,0.11898953785819372,0.11017360189537322,0.10172204958057883,0.11700815896693151,0.1246069034363322,0.11666023944382457,0.06380372757847504
0.09167512968930065,0.11661075413424732,0.11968379096351599,0.11485362471897968,0.12650504181432545,0.12223118987243532,0.10642326070985636,0.1119828202749168,0.09003438782242246
0.18711912620317647,0.09573597689835885,0.1094311979300547,0.1022681142930529,0.07720508449684405,0.10588847671474451,0.16364942152630949,0.12174586584620502,0.03695673609125391
0.08738792314613923,0.09441428558235403,0.10841774551210763,0.09859761974040898,0.10135687808706188,0.11440787478515413,0.25439397856816276,0.10542831363668166,0.03559538094192966
0.07847453122538815,0.11124579220159986,0.11640056830626472,0.11322287859704229,0.12897838567460693,0.12194160364129401,0.13885467847677438,0.1118341236844136,0.07904743819261605
0.10045987299086223,0.11861352710768798,0.12041790836293632,0.1151145002867235,0.12359410087947799,0.1211836539057991,0.09113066227371096,0.11297491631650863,0.09651085787629332
0.07089191481067382,0.10134204771105844,0.110469027582066,0.10645115878249196,0.1211118545316207,0.11840957179018093,0.20051427466763735,0.11278380678653245,0.05802634333773838
0.16013575763845747,0.10087490213902817,0.11365410403436797,0.10474953533078964,0.08643934447471067,0.11132927091837308,0.1647450423364857,0.11604895777391955,0.04202308535386772
0.1185670168948104,0.1082586466321913,0.11828952228966104,0.10852159620485874,0.1047049479768213,0.11883561706626145,0.15612611527259243,0.11163009920923254,0.05506643845357082
0.07957710120984757,0.12122308992553028,0.1033868600468314,0.11376585686204006,0.132154453047623,0.10258196001121565,0.016872618254338837,0.09717318885094506,0.23326487179162814
0.07806605298489303,0.12197827217925523,0.11420750281695408,0.11916622726938651,0.14072588870193725,0.11657214903979125,0.04762693253698059,0.10562582801967346,0.1560311464511286
0.16482147699423147,0.0809490587699092,0.10007714833315255,0.09280119581805546,0.06880257845001102,0.10111521879329499,0.2752613991255011,0.09917907491958232,0.016992848796261978
0.12352529499972396,0.11726784080562454,0.12032409818738671,0.11339465776487001,0.11179011754449232,0.11827697573664997,0.09012120229290999,0.11686125566979677,0.08843855699854579
0.03737371313177806,0.08232639935042728,0.08537193687419181,0.11983286526886232,0.13963136594284173,0.10256582850195888,0.21774834459524173,0.12816659756163468,0.08698294877306352
0.08159723746403837,0.12281061250400098,0.1108483203845164,0.11706745047689833,0.1365098054277646,0.11128221893132695,0.03100565929040522,0.10299708263052493,0.18588161289052418
0.19075839278881412,0.0992670166960707,0.11069834470669489,0.10423077854729675,0.0792779243820516,0.10596241483504197,0.13768740248917685,0.12664763982187432,0.04547008573297878
0.10951346618375213,0.09558944794266884,0.11055096910951813,0.09980795673843727,0.09420850230164934,0.11381398131438043,0.24042351592076652,0.10312659649770461,0.032965563991122694
0.1813730700440648,0.09842466353211939,0.11116054295642751,0.10368669774650703,0.08029926840015549,0.10748079436678486,0.15473200345243185,0.12181425699146309,0.04102870251004606
0.050507904863297065,0.11538139744156822,0.09965103704732518,0.12808696528235772,0.16144981960437058,0.10729611616645089,0.03103917870628244,0.09328740028235831,0.21330018060598957
0.0689987607819816,0.12020542096943944,0.11219063375620113,0.12142677104024545,0.14738893681406834,0.11661979550666567,0.0511382326608665,0.10415123335796639,0.15788021511256542
0.07101438626664842,0.12147092609692574,0.11053964984051583,0.12015219783193087,0.14521368463584983,0.1136060585333486,0.03771831530804402,0.10170073208730195,0.17858404939943484
0.06776758068496787,0.11424004830940111,0.11396866062895254,0.11918850635607132,0.1428977913092456,0.12073442217352452,0.10180374011583915,0.11041446570732943,0.10898478471466837
0.11395033127054534,0.12068383236052933,0.11949634427247889,0.11496897322084056,0.11861218449248663,0.11751641273827086,0.06727252624881062,0.11529013126076604,0.11220926413527176
0.2562938989029297,0.0828956095034765,0.0964372807303381,0.09638449709834307,0.05901329901576404,0.09070920396876657,0.1408408683721186,0.1465442745749935,0.030881067833269975
0.0776395320677133,0.0947368162973828,0.10760474160983942,0.09934947004466099,0.10691547417023917,0.11496599890444187,0.250107085315913,0.10872857411354798,0.039952307476261495
0.11897192283684593,0.11199014307268362,0.11975949584282974,0.11077123942132792,0.10842882306906272,0.11958506193686635,0.13128751378966685,0.11369312141946943,0.06551267861124754
0.13055431109310722,0.11826664750693461,0.10245624834845775,0.10938425154702247,0.10355259126615142,0.09511505351439938,0.017778564742912447,0.11325093859907309,0.20964139338194154
0.06120733292451445,0.1126984844774435,0.11086086363577319,0.12173549368917352,0.1485238761355315,0.11902809870157112,0.09810652599673042,0.10981374317540014,0.11802558126386208
0.09585216615217117,0.11204242208950645,0.11898075098845635,0.11152161629047785,0.11876645114917256,0.12179783237863832,0.13943373584182325,0.11158573218297925,0.07001929292677485
0.1084008938637686,0.12138274347118995,0.1191882177944281,0.1154804829578787,0.12177278068220565,0.11771017733031287,0.0635501387292546,0.11399586367506453,0.11851870149589698
0.06174935275564647,0.11926861815613891,0.10734060311600607,0.12321105375088433,0.1526203644183136,0.11255880376368425,0.038310965704081386,0.09924971140742278,0.1856905269278222
0.07390191237022305,0.12173692840475892,0.10644296493127907,0.11701602948201954,0.13962748303936376,0.10752877930911513,0.02331940608060207,0.09809046585115504,0.21233603053148342
0.08180803651750027,0.12192998983967296,0.10575957724151554,0.11452635851528976,0.13249763867830391,0.10497784293303165,0.020009756614034903,0.09936477575222274,0.21912602390842825
0.08736238309985316,0.12278978821434539,0.11559693158034712,0.11756496302837623,0.13445046528017732,0.1162407887098816,0.04666887401663735,0.1077226623555058,0.15160314371487602
0.11090336527498479,0.11829737641748772,0.12066717387027054,0.11431986893926416,0.1180843065943657,0.12004567197427857,0.09020166719585089,0.11460573359337578,0.0928748361401218
0.13493887528200285,0.0870668096796554,0.10484115707899422,0.0951518921343275,0.07915754591723921,0.10691203184766734,0.27176043594487076,0.09812871122380468,0.022042540891438117
0.09126211476497008,0.10495564800122398,0.11533484226252726,0.10668497038243833,0.11258772565465269,0.11975605232553642,0.18679512678037632,0.10947387130086038,0.05314964852741453
0.08070904212378416,0.09867377113956399,0.11052285495916443,0.1024126316375772,0.1103959110448266,0.11709461547588623,0.22570412285126654,0.10917229366697366,0.045314757100957094
0.1472833971804635,0.09727016135396055,0.11199896494649246,0.10226919617390058,0.0859807898347203,0.11147754535912713,0.1998901700445863,0.10926621498778118,0.034563560118967995
0.1658244275789728,0.10646168283566497,0.11550395546239249,0.10788276663406333,0.08992050021549158,0.11136406346159226,0.1231757610785969,0.12266059656467047,0.05720624616855508
0.1228355618568459,0.11757289345199122,0.12031749226895094,0.11354206506931148,0.11232710830238629,0.1182669183254373,0.08823430372880432,0.11680588225446385,0.09009777474180869
0.09302670273640727,0.12298781640131277,0.11058144882905334,0.11484893829239518,0.12823064155957153,0.10880852743379503,0.027691922461061527,0.10549297581599788,0.18833102647040545
0.06897925040579754,0.11497728958895427,0.11446044449011196,0.11918364217087936,0.1425758112446683,0.12086573053137695,0.0983312279842166,0.11018155852477667,0.11044504505921836
0.06623865518701738,0.10915424377480237,0.11248821656911644,0.11563036036628833,0.13737928006441702,0.12040866830873348,0.13748712543278283,0.11273704347082326,0.08847640682601893
0.14791469240294253,0.11486392969535243,0.11805806581239135,0.11186741147604755,0.10136339842359854,0.11352971353636616,0.08427243938800584,0.12237819821828261,0.08575215104701306
0.16485784207232484,0.07963701672853188,0.09902151795832626,0.09199886481895521,0.067732921769934,0.10030094475076057,0.2826350843998303,0.09787251971444276,0.01594328778689414
0.04760617963830219,0.09398334357064238,0.0980352928497023,0.11540221248385467,0.13897225846017056,0.11142637707788315,0.1910461212763848,0.12077782626908325,0.08275038837397658
0.0833731182080687,0.0996642841625431,0.11145295047036802,0.10301087080385585,0.1101523037389419,0.11754009083014615,0.22012446631124347,0.10882772909808007,0.045854186376752794
0.0693950353963805,0.09714901236723707,0.10780996496235375,0.10286395789844843,0.11610731493821536,0.1163551975041592,0.22756666420219493,0.11274884024097659,0.050004012490034146
0.06322843222849346,0.11961057733004864,0.10138088572526856,0.11841059061358201,0.1455801976546503,0.10413234793145487,0.018584831055957957,0.09223435523580727,0.23683778222473692
0.14018132049155088,0.08884624469196171,0.10622706577018559,0.09659341685335952,0.07975202378575198,0.10762988423875197,0.2564088711623406,0.10053602572354164,0.02382514728255614
0.16199608039487307,0.1158802694116925,0.11143893646509706,0.1112778087220262,0.09654074882052581,0.10372789248035912,0.046023040044643825,0.1270598211598615,0.12605540250092093
0.10682000781050298,0.12276646134293417,0.11604720442570902,0.11523790460831773,0.12266813657575582,0.1136146954768296,0.04382289785627478,0.11225348191452979,0.14676920998914608
0.07263435550627467,0.1194585098499464,0.11485090609780797,0.12030839385568422,0.14390869131394082,0.11933104900167722,0.0667737185285514,0.10735068253161285,0.13538369331450437
0.0674691205451357,0.11993453673502186,0.11152344221667737,0.12186481475940862,0.14857347095916812,0.11623278380750163,0.05019430230681752,0.1036138066865917,0.16059372198367755
0.08886208415378512,0.11512924330128067,0.119127240510615,0.11426312058801984,0.1265489126325798,0.1224030032021598,0.1166928156619439,0.111798012274811,0.08517556767480487
0.08550075294159226,0.10623308675553396,0.1153902957287209,0.1081193844641235,0.11746795972022943,0.12049059840316705,0.17739126593303825,0.11055582057409848,0.058850835479496155
0.13112958927487411,0.1033270532794629,0.11578016353737751,0.10561015203043589,0.09572781708088103,0.11577008015663487,0.17801026861613012,0.11042214599861422,0.044222730025589324
0.10315304985789532,0.10085837329943172,0.11375231991225858,0.10343273420385961,0.10232773895648341,0.11711896857909869,0.2108174674482686,0.10662468651369388,0.0419146612290102
0.07021870216775634,0.12118848433625544,0.11092754376420381,0.12061563405565064,0.1461050099924719,0.11438958526386518,0.0406495080412187,0.10220613954971818,0.17369939282885985
0.1630556523225822,0.10478720233265576,0.11521301454939152,0.10698197268223908,0.08915579427105459,0.11176511965541613,0.13721181087991072,0.12029911539416116,0.05153031791258877
0.09050406500991219,0.12205127337459638,0.11772427307412904,0.11735042535625038,0.13238343640298897,0.11856303450478106,0.05871583519131346,0.10987029841009882,0.1328373586759297
0.08418844973238082,0.0844493769275489,0.10076003088472966,0.0907492085642334,0.090308969657798,0.10798439902038583,0.31685464254441825,0.10082773331898122,0.02387718934952397
0.06259566526826044,0.11315827513321154,0.11159961111816363,0.12117937999299673,0.14739778709061077,0.1194398214915211,0.09831353237045876,0.10989288845433949,0.11642303908043757
0.10139928717218377,0.1212388779612872,0.11942998525380712,0.11603617191716419,0.12539703594418247,0.11910092662437242,0.06788518196931563,0.11269943731918762,0.11681309583849951
0.20096822228626687,0.08482093526505148,0.10210148887740998,0.09645728660175128,0.06699223846247694,0.10005295017647726,0.20856891068281372,0.1171704996411503,0.02286746800660229
0.07827157366032994,0.12245434028034197,0.10919305815266593,0.11714019647075825,0.13803734504212048,0.10993494833090905,0.027885448891604117,0.10108380121038718,0.19599928796088303
0.14190086966226947,0.1191322555820064,0.11352988544782215,0.11256693555085157,0.10505800484668404,0.10726066603543033,0.043423362256418886,0.12147756068756017,0.135650459930957
0.0927221474402557,0.1218265856327746,0.11829758151661186,0.11705480155595503,0.13086893978467815,0.11895311148523498,0.061926590781456764,0.11060450482649982,0.12774573697653305
0.11259393349124648,0.11452821701575816,0.12043911745836859,0.11233283649580161,0.113585392218559,0.12054652790201688,0.1174399397503965,0.11382753148754438,0.07470650418030837
0.060875328649907745,0.0834220099810844,0.09714738403907519,0.09159439742583685,0.1017812884299828,0.10815527198709278,0.31013143091569356,0.11464266677685415,0.03225022179447251
0.08615426797024112,0.12269819353352773,0.11553725418041327,0.11776292326491944,0.13525013555515678,0.1164195060446291,0.047199724706044194,0.10750709414027308,0.15147090060479537
0.059070958894241,0.1109145573693105,0.10958398060087647,0.12185452568486614,0.14889646846852891,0.11848248828509005,0.10573865185561661,0.11060990543504683,0.11484846340642352
0.10988810926688657,0.12209075577623714,0.11791261821589787,0.11532764170200821,0.12125142531438023,0.1157045147430195,0.05365003197887228,0.11385962909359987,0.1303152739090984
0.08854425148285126,0.1056127610960758,0.11541803893370206,0.1073640040573226,0.11488937466586957,0.12014625127994309,0.1822161825790756,0.1100021993789329,0.05580693652622712
0.05584900721414258,0.1169794297970083,0.10476668085745022,0.12620916935944915,0.1579276182985392,0.11172892795902611,0.0410634817579377,0.09838283872873375,0.18709284602771292
0.1384826944075301,0.08853343653847769,0.10598480053369129,0.09630459450900893,0.07980434875501811,0.10756615155824412,0.2598674356507839,0.09996112749150499,0.023495410555740875
0.14346458999806258,0.11250793098529573,0.11877369579664493,0.11091090319530765,0.10082395409453652,0.11555308516038339,0.10709069392031607,0.11962038450627945,0.07125476234317367
0.06604258607236028,0.12055556237185915,0.10840863470353046,0.12134364761639736,0.14875208175680474,0.11236480317617191,0.03532222565780487,0.09962575613209501,0.1875847025129763
0.12964693615647224,0.08336327751422273,0.10184642860661293,0.09237184274205688,0.0767351121689247,0.1048442126649658,0.29816635474023645,0.09427640071540784,0.018749434691100405
0.06702417856219245,0.11222656655956482,0.11347107227731117,0.11794897480803444,0.14097019456365312,0.12076250857349041,0.11591947850302997,0.11145527277249372,0.10022175338022986
0.07897782521812964,0.12257315707271114,0.11222739684726422,0.11830363965695585,0.13935329188914067,0.11366197485902274,0.03706775900208526,0.10375346264626194,0.17408149280842855
0.09744148196438485,0.12258016309887414,0.11753882400222793,0.11649937870859524,0.12830119045990518,0.11698977046627629,0.05296244402406445,0.11087368670667153,0.13681306056900042
0.09285649465603256,0.12319423293614123,0.11220884055942222,0.11554441468542481,0.1293461645837907,0.11084039024450913,0.03179094985901991,0.10646783963344063,0.17775067284221888
0.08691064630887053,0.11093729185625023,0.117649421356026,0.11156529630825084,0.1226252635955608,0.12192775438266386,0.1458339962908747,0.1114282878007475,0.07112204210075553
0.07824621897749824,0.12043497788270473,0.11631497694323362,0.11913634663443957,0.1400039181293905,0.11964552349807737,0.06583354503287543,0.10820927921771752,0.13217521368406301
0.09358149691042382,0.1212989078254199,0.11888541581037054,0.11685078710804726,0.1299902322656856,0.11968606988435221,0.06760569601862688,0.11116529919131297,0.12093609498576081
0.08435039607869259,0.1219113334431537,0.1166372101579198,0.11821624364781097,0.1363988061099346,0.11838712941021416,0.056544143386698775,0.10833845352428458,0.13921628424129076
0.08842747039577854,0.1228618869006451,0.11563280328734572,0.11739377255214704,0.13374921953414487,0.11606776824126148,0.04618352130895139,0.10791265450546088,0.151770903274265
0.10371902704479173,0.09450210071013616,0.10954714580401646,0.09884449678817575,0.09494125302150556,0.1135551857245557,0.2499701905696341,0.10269473630216626,0.03222586403501825
0.06934173785445275,0.12071552409240932,0.10328227117214568,0.11681101890301389,0.1410357868570386,0.10476373023751308,0.019125303774900345,0.09471323426997243,0.23021139283855382
0.09135878587708372,0.11965981852217134,0.09935652793053694,0.10980752853504011,0.12034645919270408,0.09594463623054011,0.012025522831947357,0.09841721602465636,0.25308350485531994
0.20562864007704704,0.09639354007384067,0.10803672515597364,0.10279372464097246,0.07467166726199241,0.10270698249080223,0.1354116662469931,0.13098393700974392,0.043373117042634496
0.16074885540449013,0.11354270561970538,0.11608532059083349,0.11110586682350443,0.09655140889298912,0.11029496814999136,0.07793526404895708,0.125944642180554,0.08779096828897502
0.09951460927732814,0.09498680746239414,0.10967117389661035,0.09909282971672341,0.09699740848206508,0.11410292551540453,0.2486560853807037,0.10343080428423423,0.03354735598453643
0.06787539365251101,0.1159590991831455,0.1139571383247181,0.12033529040893588,0.1449313499155709,0.12028500065257867,0.08822052287599134,0.10917911878817223,0.11925708619837623
0.061142623859454966,0.09437873291879485,0.10426618507306207,0.10290786837203625,0.11939174369690171,0.11457362668038008,0.23417535353025132,0.11630045730367838,0.05286340856544031
0.24863278477014164,0.05062370775428565,0.07103885876389743,0.08825315925223198,0.04011272729392814,0.07632686982578647,0.3175225537813208,0.10479000884634677,0.002699329712061055
0.0901923328736995,0.12087961023513522,0.11875273891618805,0.11715809389126508,0.13180540655955156,0.12023182157542074,0.07080531125565515,0.11074165824946879,0.11943302644361593
0.07389226122871437,0.12198598395101772,0.11088715303433094,0.11926896683546169,0.14285705309534913,0.11322372740188973,0.03603075083528692,0.10207951921744442,0.1797745844005052
0.143473409715735,0.10751777744119011,0.11745987934026408,0.1082967315945057,0.09634162674246531,0.11541137995039656,0.14058526360182153,0.11624868836456748,0.054665243249054286
0.07409348848578023,0.11030609425855999,0.11513600159145015,0.11358832916840357,0.13132269571733546,0.12153245798911654,0.14121411845990361,0.11214875766365556,0.08065805666579483
0.1546619635763469,0.11506705261080252,0.11659670134631167,0.11175578733165203,0.09935111068283138,0.11101600087350005,0.07329763571533372,0.1246852895771559,0.0935684582860659
0.1005787062924063,0.12309502550598538,0.11536303845455355,0.11566766530883643,0.12603215450280195,0.11360052565835581,0.0412344117483068,0.11030368429595766,0.15412478823279618
0.13431520054277288,0.11253595965062352,0.11944219318926148,0.11097576148959763,0.10367065891510947,0.11730666886253287,0.11575288459571083,0.11715563121618304,0.0688450415382083
0.11003154969648482,0.11939607125931308,0.12042387205468862,0.1148209189409556,0.11948500400847055,0.11956617227116333,0.08156441616401597,0.11456467870656707,0.10014731689834101
0.1777357429525693,0.10203893813334881,0.11297508965560593,0.10562191225458668,0.08384338445663451,0.10875821933188397,0.13702378592364997,0.12356124672103393,0.048441680570686825
0.10026881128464317,0.0917764207237967,0.1074123668301835,0.09674048423528199,0.09306262846275593,0.11208394101456094,0.2681170735340898,0.10128187878401396,0.029256395130673952
0.12562838737538304,0.11326258676794633,0.11998323987191493,0.11141684336508972,0.10727929181662794,0.11872667112598075,0.1179411807195172,0.11556972700202262,0.0701920719555175
0.13629272835923864,0.09838348671528536,0.11282383914113876,0.10262263678386484,0.08956359051618924,0.11310012644419809,0.20367985914880138,0.10769829399907706,0.03583543889220658
0.08724200982262842,0.12233651574982025,0.10722378601515337,0.11421267907484874,0.12970958525880508,0.10573083515209873,0.021701012776877637,0.10179569449861238,0.21004788165115548
0.07581453289249734,0.11675078978915153,0.11671196555408613,0.11795382121637703,0.13828472270775968,0.1216238269828337,0.09481609390988062,0.11035882646135069,0.10768542048606328
0.08809426518236345,0.10642290510099384,0.1157853417695469,0.1080244305462521,0.11617334369545772,0.120483382080343,0.17676197503035132,0.11030585442411922,0.057948502170572354
0.1949543698802777,0.07376726289671702,0.09385492477088903,0.09020495255091554,0.05970313448399786,0.09470174520566917,0.2776440116867978,0.10263280463590463,0.012536793888831206
0.11750148458818395,0.11949561087732608,0.1200421761310662,0.11446000654250767,0.11614402206239592,0.11805779787642263,0.076029463619322,0.11605391493036794,0.1022155233724077
0.11639962022010782,0.11440518784070515,0.1204128582382565,0.11217150864138979,0.11188866367575133,0.12005546855340422,0.11622272882234475,0.11437460469582689,0.07406935931221344
0.05510567358218824,0.1136260020073539,0.1065868297541227,0.12691162584675672,0.15764141081449154,0.1153491522068542,0.06947374822698328,0.1049344416737411,0.15037111588750837
0.22653604477898792,0.08764578124773098,0.10206179162163596,0.09839081715187246,0.06569597625766689,0.09740539151908077,0.15782419149132795,0.13331417857349562,0.03112582735820144
0.10492814563434981,0.12088101382034129,0.11973567180827921,0.11565272219524869,0.12324223311409958,0.11904174272852376,0.07033981462571186,0.11348241390314723,0.11269624217029856
0.07628499819333599,0.11877196225935545,0.11651653010877522,0.1189720502583738,0.1401205317914583,0.12076945291867454,0.07861953955055316,0.10918072507226022,0.12076420984721324
0.20094183000440868,0.08730836022202926,0.10373610769318196,0.09782377011189787,0.06880545508731725,0.10110332356219587,0.19461623744007317,0.11970977800217551,0.02595513787672034
0.18351363575661575,0.08844133505182111,0.10525019046625618,0.09803073646557026,0.07208794182186655,0.10359334672679608,0.2103891203461592,0.11321705332298106,0.02547664004193388
0.07362029665434104,0.09503235994138474,0.10723633475346861,0.10008095921197269,0.10988294001923009,0.11521563026200787,0.24575097454620665,0.1104497867255193,0.04273071788586913
0.1961028013201559,0.10841464302481836,0.10858049843223551,0.108539092693329,0.08378357597338038,0.09983293949292883,0.06220400617682866,0.1365739637712742,0.09596847911504915
0.06641054165330815,0.10352523214683905,0.11043954949936868,0.11011238267594903,0.12858779210298654,0.11898782685787657,0.17878992752898373,0.11398488035923253,0.06916186717545571
0.08984984902495448,0.12321816589765117,0.11322563437882693,0.11640134799974715,0.1318982421080527,0.11264730785492583,0.03551685591726614,0.10642835239430339,0.1708142444242721
0.167841968466101,0.09845001360271864,0.1120074899833529,0.10349096998423833,0.08282371529101866,0.10949752290524917,0.17071252184491006,0.11660535076586125,0.03857044715655003
0.0681627919869629,0.11151739658116279,0.11375135736986841,0.11681376838831897,0.13874514487929968,0.12097156438229408,0.12348569274353101,0.11188077584498901,0.09467150782357318
