0.14632465932917035,0.11865014408609774,0.11454647268986545,0.10209853403850162,0.11650568464333816,0.1084780677005316,0.10148440096437338,0.08530843181865584,0.10660360472946588
0.12827051553145952,0.12308526418529035,0.10707916186191802,0.09940087467665337,0.13279915373921616,0.08953744335856696,0.11058498620776303,0.11891932682993812,0.09032327360919445
0.19617641061915428,0.102138850128858,0.11818072843838213,0.10182425689174816,0.07596008265642543,0.103242354567101,0.08411558944090676,0.11733308321461959,0.10102864404280454
0.07245916317980278,0.10346869712423135,0.09613179941742439,0.10441389037569561,0.11995223603908578,0.10921913954475722,0.13866062478364305,0.15032188204801541,0.1053725674873444
0.11942593812858249,0.11272238275597013,0.09735182196842766,0.07586536149931954,0.11559089383199612,0.07971466504144335,0.11074622719511899,0.17962596557002478,0.108956744009117
0.13910850217146387,0.11871355610704622,0.11318424320467851,0.07723153623180795,0.1442450183007362,0.10980552875568732,0.10107105410547645,0.10713016365996213,0.08951039746314138
0.07710533022732037,0.11067144221987162,0.0915311301781558,0.11935308567002201,0.11928091115083246,0.10021015536292073,0.09721418700851442,0.12861132881865037,0.15602242936371227
0.12180136189723619,0.10397583680414531,0.12210335125814509,0.09142426187839653,0.14074515751350627,0.11615910231018782,0.09713004501411236,0.1403270902475425,0.06633379307672786
0.0652603204438645,0.0909579136794616,0.09933003348076519,0.19723654698706983,0.08140433988651163,0.09091592820036647,0.07293910288961644,0.1693302242669028,0.1326255901654416
0.06899661927593355,0.1164487888122851,0.14626018464328067,0.0816582256875958,0.13360436513730442,0.12204650377527915,0.09330000697033107,0.12821841392588157,0.10946689177210865
0.10155437920271011,0.12251752824565364,0.1067898325903313,0.08533851790131493,0.1492588650841158,0.10722542086914133,0.10183680020716235,0.12580467495946834,0.09967398094010231
0.16891205199883305,0.1114109132942263,0.08977202936989746,0.08187587060497603,0.10815491743687482,0.09582506344863052,0.1147215774410289,0.12131879149638476,0.10800878490914807
0.05593084141836121,0.10997469890297233,0.11432541332185231,0.18948568553885545,0.14241249019641697,0.10994097879418006,0.10447695260639935,0.07452180991386921,0.09893112930709307
0.21866360499669146,0.0866074289051721,0.1431927862362193,0.08602028070777912,0.09705424699952615,0.10053206821387624,0.09909907652406168,0.09319147339582189,0.07563903402085205
0.07610932883697295,0.11973643730536097,0.09501405577875144,0.13172037711955784,0.10603206196894084,0.08432819940521397,0.16305888421693668,0.08638192019441399,0.13761873517385143
0.10998928542438435,0.10231099049646171,0.13620267517497947,0.10686391012865719,0.10285120125599084,0.12998662356930954,0.120853426010588,0.08544159538978562,0.10550029254984339
0.08602440877550221,0.12237497047017072,0.1257124361269523,0.09445142626063424,0.13330402144750333,0.10801119506996341,0.12914573763176215,0.09439369483651718,0.10658210938099444
0.10519424523886856,0.11105467836032329,0.1100932455231199,0.09361729431591487,0.11286801114573881,0.10651560025659128,0.11867228511613402,0.1435838532488679,0.09840078679444132
0.08094713378835651,0.12451157643352014,0.12405573548983169,0.08915371940226291,0.11820590249943208,0.12777116609731812,0.13730971126456087,0.10078978561525392,0.09725526940946373
0.07671341671338117,0.12276933022008164,0.12048000411468597,0.1242862148964467,0.12578306195237288,0.09936487551837536,0.12861383615836963,0.0674530216078784,0.13453623881840823
0.09427382128455641,0.11369797749433251,0.09341134646512876,0.08859144500333711,0.11294419982436969,0.14197718586470667,0.09242048452873071,0.1318698081048462,0.1308137314299919
0.11691993726816326,0.11240484041588211,0.09345106869169091,0.08265114205735095,0.114815860938436,0.106304976459495,0.1055553315972264,0.14344495540901633,0.12445188716273901
0.10917789604845757,0.12230670146480027,0.11069482006065001,0.09064201579191916,0.1344749236394588,0.14002878072595518,0.10419785736231173,0.09279314415153689,0.09568386075491035
0.1406651369271084,0.10293126383668076,0.11574031514567523,0.10562073583208494,0.1247567218063273,0.09000199508355596,0.1302614044895156,0.09273740436695739,0.09728502251209437
0.08300113260367965,0.12036198339283617,0.10880378903081285,0.08565319597587495,0.13945752408248055,0.10821509625913718,0.13220404742524847,0.10920068534197473,0.11310254588795533
0.10389955273622825,0.0910971409085135,0.0801450288166782,0.150872497533439,0.08544963443203109,0.11621015230820875,0.08174587889689232,0.1747645938054664,0.11581552056254256
0.19855091452778093,0.11448287365848919,0.1072136986581095,0.07227843956723579,0.11179357496111335,0.09562965727431616,0.11656904265070124,0.10691931988079272,0.07656247882146115
0.1135162432683429,0.11703156105000191,0.09540530407939996,0.108221451220828,0.11737353847833536,0.12218299657129479,0.09423868775563123,0.12304367317628047,0.10898654439988535
0.1229308920632961,0.12808080367964225,0.1432926726114678,0.10775332934089275,0.12766712577789865,0.09513331689942232,0.1137665632837292,0.07876849720112943,0.08260679914252159
0.08201781350983124,0.0918738597136501,0.09447608676861062,0.13334436918168438,0.10524189237441518,0.10021376489312922,0.09811930112999989,0.17434979353215238,0.12036311889652702
0.08350612346493713,0.09527863089295219,0.12851573604797709,0.1106622370656406,0.09890400007469524,0.10670026136320954,0.1641912951230998,0.05984362976113128,0.1523980862063572
0.08933917124353197,0.11232474573519442,0.11412107169424061,0.09170147715553913,0.11310761685508718,0.0954750957256305,0.13791826332854115,0.09557533479902496,0.15043722346321012
0.06976082886309369,0.10053501223775647,0.08867254860371399,0.16308585598858968,0.07851105934595072,0.10319987093979638,0.1149350590517847,0.1471442269763905,0.1341555379929239
0.07250213238442012,0.11495068946374902,0.12619744378747305,0.0877230025500852,0.11303246417711303,0.08327925934594671,0.11058534878758812,0.17255573352114664,0.11917392598247815
0.08919879929981685,0.11876946302457995,0.11372997355696178,0.08009612084994858,0.11647609946490552,0.11186701071237563,0.11891696868667621,0.13491987279480813,0.1160256916099273
0.09353919468728246,0.1184217535265218,0.12836888479622585,0.10258306705998199,0.1243903584585091,0.15998787842577486,0.1026543853152241,0.08375193924573272,0.08630253848474721
0.09728533872521679,0.1079442532713412,0.10949642200504973,0.08135365128312781,0.11894657002454462,0.12409196884572309,0.13020519322788457,0.13984669384314588,0.09082990877396623
0.11060303321783538,0.11148173502980735,0.131613013754345,0.11835143331337132,0.11490228494131978,0.10561935073050711,0.12175413289019464,0.09915919621419274,0.08651581990842679
0.10645167860920512,0.10887809299863628,0.09931086543672647,0.11121367886885829,0.10265436301030591,0.08724380419282966,0.13201007390856553,0.11782038901967178,0.13441705395520098
0.2091967233460912,0.1110421994581688,0.10629174227315784,0.0937537027335666,0.11478430295151881,0.0863836039479502,0.11691224101064886,0.06966025859381163,0.09197522568508604
0.10636834185124637,0.11044963656543844,0.11130636828206829,0.09729190491978995,0.1251515995035541,0.15085814894984184,0.11318804252907204,0.08395394247491417,0.10143201492407487
0.06353483713870661,0.08991390620407531,0.10349737588887849,0.12215728492974061,0.10047636609264911,0.138166599737537,0.0775353745961889,0.22288151588184177,0.08183673953038213
0.08380184190913281,0.097213570033654,0.08460542572066583,0.20477075295776745,0.08558231061978976,0.10248664615394554,0.1296365813527173,0.06878747441558883,0.14311539683673838
0.08132232602561747,0.12569408794749437,0.10954032530897866,0.10417758132068862,0.13336243399854555,0.13589229433943184,0.12355252113393979,0.08114294813012853,0.10531548179517515
0.06930064295064778,0.10272665546122046,0.09127534041371431,0.1483506495665128,0.10733436604667423,0.1330013600715314,0.1275090989025571,0.12480599480671954,0.09569589178042233
0.11847134760992983,0.10628246790345951,0.10314614329952021,0.1608124034192739,0.10574925031834458,0.11695894974200483,0.09708822045625581,0.10766998472733545,0.0838212325238759
0.15023479790262528,0.11898499446603018,0.10975927027633488,0.08760349738827844,0.12387479399915896,0.10041965592347503,0.10955301229062993,0.12666362868939163,0.0729063490640756
0.1236604582107564,0.12332110462311037,0.11316697580327405,0.0763037335937806,0.1305563909052551,0.09263620045203469,0.12130176618939091,0.10080827798643788,0.11824509223595997
0.14467532141264303,0.11394408314097108,0.1121920059368703,0.06978836930795197,0.12216697973804364,0.10744868215279059,0.12438647613319732,0.12231669876622231,0.08308138341130979
0.17470810402246148,0.10710775939139834,0.09501638216886144,0.08705851955874144,0.11870748877025634,0.1039282592183789,0.105694507937298,0.12881527798964193,0.07896370094296214
0.08377322877845933,0.12289087082065749,0.12778874891696132,0.1257450379011159,0.10733635044198793,0.09638267052794564,0.10071243589016388,0.0899195190512635,0.14545113767144505
0.13592335323729024,0.12325127740679641,0.10315386673368314,0.08483809785089909,0.1540766329636979,0.09964987173569655,0.11501401210959232,0.09333230131634944,0.09076058664599489
0.12876032129632295,0.0909258285170718,0.074374493590866,0.13955952198725616,0.086858724384674,0.10521217981516756,0.12105283339161609,0.14145551248180008,0.11180058453522547
0.1311182157710366,0.09960241867202539,0.09533116596952733,0.09632175747968218,0.10332316482041476,0.11479796253794801,0.10250173699614329,0.11229905914016453,0.14470451861305791
0.16495276951621898,0.1097089924078583,0.11793244990800633,0.10856540339115382,0.1295089393355231,0.08546124357932099,0.09636443886796407,0.08337051230993893,0.1041352506840154
0.1078447945953509,0.11903652457528822,0.11401842767766424,0.0621772512226794,0.11826743425617793,0.1326343145914911,0.14994057915703277,0.07875360756532139,0.1173270663589941
0.15808701400483502,0.12191263594382346,0.1188815010401829,0.08019410813463615,0.11835078434234363,0.09688433564257708,0.12223868653458812,0.09611203144015164,0.08733890291686201
0.14888545112071627,0.11455849516139706,0.09932051886619657,0.10904067753885283,0.08685021541606856,0.08591122341094364,0.08908452260839456,0.11657309925170993,0.1497757966257207
0.10367594987796719,0.11304267598470114,0.10035252057905752,0.10288264305045715,0.10837850417861856,0.11061866595993201,0.14346151789387454,0.1253903723044306,0.09219715017096129
0.104097837924065,0.12258848342607553,0.12790086965145028,0.10328566962802495,0.10868219687157611,0.10802040220525172,0.11009250504980779,0.1027699818167379,0.11256205342701076
0.08082587434360347,0.11248775334510684,0.11540447120820894,0.09361979239916096,0.11047819488750706,0.14440513893746465,0.1290602124329763,0.08357541852907963,0.13014314391689205
0.12795106236107587,0.1333785034610688,0.12160922647625512,0.09376438570724673,0.12980421682084117,0.09120441008428655,0.11149296141158604,0.10665365391941567,0.08414157975822412
0.1137217158549082,0.10500313382160414,0.11875384483837759,0.09048731490849189,0.11108251908462947,0.10521977057545374,0.10269925935770309,0.16035782575252464,0.09267461580630727
0.14317103159991698,0.10687542437999613,0.09272162529827314,0.14146804814986838,0.09074412525471975,0.09344954196683569,0.0964084895109444,0.1258131781621995,0.10934853567724595
0.09541440519517878,0.11476387129112368,0.13747568494904874,0.11216718134843912,0.13362543687880477,0.10791554247976677,0.10521727984595775,0.07712023133476771,0.11630036667691274
0.18851989625807594,0.11053210293329759,0.09872323289885661,0.07432702837582394,0.09285723961030305,0.10449026617115893,0.1171927038503199,0.11737226144543866,0.09598526845672539
0.1089870433497353,0.11138039570450282,0.10998722046647759,0.10458092250717808,0.10417659384398659,0.11508995341252333,0.10507994967773032,0.12899044122863382,0.1117274798092321
0.12692019181958053,0.1076414919080329,0.11467547763447215,0.09241061436888065,0.1049184499620935,0.12761720797150247,0.11632068498147584,0.12511568287403224,0.08438019847992972
0.11669835837905612,0.1218563353111966,0.11174709347919454,0.09836188766198212,0.10678575931425231,0.12239521449695638,0.09790538106983158,0.0959211995259764,0.1283287707615539
0.07535741102129964,0.11751574637046991,0.09931905959244862,0.13677796525404454,0.09858428857784167,0.13568695385597943,0.11427317285576172,0.10356021992668624,0.1189251825454683
0.1812256654997986,0.11938180839960966,0.10040247341508766,0.106545799934954,0.12051910645967338,0.057703918518747156,0.10552702780469946,0.1034664194860634,0.1052277804813666
0.1016367721331008,0.09972944501019486,0.10990221631410439,0.06679000509644341,0.11282210582510786,0.12848714911372414,0.1254408036910805,0.15168065413515142,0.1035108486810926
0.07377778972716463,0.1242383959957672,0.1277216044542541,0.1114918727748949,0.16005102032075133,0.0897166383166622,0.11954448657581403,0.08128693501638623,0.11217125681830531
0.10727201150980677,0.11972665098795675,0.11152547057032018,0.08951064648837655,0.13437296944158003,0.10620790755664362,0.12929419016671145,0.12080715023999394,0.08128300303861061
0.09991144153816389,0.0996981380539277,0.10088907066031672,0.2085654733517168,0.09298817672479466,0.07924573866989784,0.12965498615579038,0.07153033206724436,0.11751664277814762
0.12063385085159156,0.11348617249551068,0.1206903018312682,0.0811245436276538,0.11239904648663683,0.09686010998259502,0.11944908745678266,0.11226283265246424,0.12309405461549698
0.19101673464079658,0.11283940390391739,0.11785951994499143,0.06860999619721125,0.12172332192583774,0.08257930695807172,0.11953736663547924,0.106173949778768,0.07966040001492661
0.10775725155884436,0.10261628556855963,0.09592863002454811,0.09875865922642936,0.10718562592078335,0.11599611230663859,0.11372372302887113,0.1287508790013802,0.1292828333639452
0.10531780160707609,0.09861397458892222,0.11347139735013893,0.1731168122823609,0.07527114377800165,0.10095779100463503,0.0878385456540311,0.11093407863788346,0.1344784550969507
0.13159070344308296,0.12809484263141954,0.12626581182159927,0.10088444260497335,0.14900910186654126,0.08526723058096596,0.11056019120521914,0.07652751282017356,0.09180016302602499
0.12690805603120325,0.11591242663029588,0.13305198590642317,0.07756820335758562,0.12071258097613025,0.1406069809778249,0.10744065320142786,0.10555858075130303,0.07224053216780597
0.1088808689288066,0.11048842103229106,0.09776913510149599,0.16244930243807443,0.13069223103404984,0.12006624556244723,0.11993606204881506,0.05745098316941791,0.09226675068460195
0.12776727537968216,0.11815496506832579,0.104950995184114,0.09954796575038438,0.10237163889082024,0.10430790435533425,0.09602213157103345,0.12170715021880911,0.1251699735814966
0.15042066667213147,0.10865871253265676,0.10186596083178338,0.0768068856699818,0.10762330328899433,0.08646842953228713,0.10036818682825595,0.16831224539841336,0.09947560924549588
0.13927467036964114,0.11844993661668912,0.10486156061525269,0.08706786199548673,0.1047528403805763,0.08935403501644718,0.12094654430581937,0.08811445962555231,0.1471780910745352
0.10698222871560421,0.11666037597600044,0.12462530017439073,0.13384769926103185,0.11644094298563486,0.10543977840653802,0.11502811509940374,0.09259008963575625,0.08838546974563993
0.11652278310933627,0.08555938336422546,0.1123040554701561,0.13970302745435895,0.08941342699910167,0.09141252230876624,0.07150721620548202,0.1725668079447865,0.1210107771437867
0.15882318355701205,0.10663784359048668,0.11589389082878425,0.07776753319348632,0.09202823660087096,0.10539823081643677,0.1168634375442016,0.1304179874708856,0.09616965639783569
0.13710623453880544,0.11324439220568705,0.120078082881603,0.08664553368283945,0.1220466155887827,0.07504938060718076,0.1137623728549374,0.09901228058653015,0.13305510705363405
0.06861702755085956,0.11662151888733786,0.12357017407219634,0.12410066257260037,0.14721464289058364,0.09123777786231996,0.1228682215830636,0.0934396411502341,0.1123303334308045
0.21008189096899713,0.11499142580449373,0.0999144161037252,0.07349552818474488,0.09804083571114704,0.09686723765085126,0.1099899813368622,0.11382738855861103,0.08279129568056756
0.07313957873837174,0.11608844370779754,0.09839960041104585,0.13043205992604265,0.11495243531893229,0.09885031894785279,0.09613575234925915,0.14375521972371616,0.12824659087698187
0.10783089013131708,0.09656248282589679,0.12902022538812277,0.1375224536374677,0.1242388984659032,0.10601961732093902,0.11075047192767717,0.09373516725465265,0.09431979304802363
0.07401489177731482,0.1074098970298875,0.10415180627147747,0.07120795865739937,0.12123432875549571,0.10802354222387471,0.10092777053975659,0.192441124296349,0.12058868044844478
0.08002887040750423,0.09973908802190586,0.09529029799995947,0.20784431750979407,0.09688152301574311,0.09858323259343839,0.07993428023867574,0.1462403811179247,0.09545800909505443
0.11509980072627213,0.11487219501602192,0.10415027645820307,0.1274897944165204,0.09988910732510481,0.10710230065027447,0.09470903255363407,0.11800352242328338,0.11868397043068575
0.1143420791918535,0.10625123785811837,0.1025714366952573,0.07299826961397902,0.09677888922335494,0.11800116084816331,0.14655604435443634,0.0940652723400029,0.14843560987483426
0.08568077099625813,0.1121713997006762,0.1210502579666815,0.1036796420789897,0.12453579552382471,0.12613485446330377,0.10713301245384378,0.10539791166829926,0.11421635514812294
0.07708948692072355,0.11103956789549856,0.10301231669988482,0.09387948990601976,0.11842935358743682,0.1266342126983391,0.11138705077997017,0.14321465921591675,0.11531386229621053
0.0964604085260478,0.08441845515960843,0.07599610194406141,0.15183702900345422,0.08585838077652125,0.10539365048448977,0.11989705427639126,0.1874176007109121,0.09272131911851382
0.11705130514038932,0.11277993902597185,0.09873134632069834,0.10118530249056114,0.1027990528897369,0.12082456626242527,0.11901799762126974,0.14496367570180269,0.08264681454714475
0.16719652771840499,0.10836895224687564,0.09306880761592096,0.06872658532198249,0.12833124713512556,0.08246959986329004,0.1464853028702354,0.06334751294478683,0.14200546428337807
0.09222344387062144,0.10694945529612071,0.12303443786174743,0.08619083365937567,0.11418890210298084,0.14963453791046097,0.10747372997643863,0.11685519075738023,0.10344946856487404
0.13327804663895157,0.11627480803557651,0.10217970435508307,0.07902190531161214,0.1065954127205892,0.11633426232540779,0.10325551053589939,0.15757667604227685,0.08548367403460348
0.08398304294143218,0.11978947333814267,0.09656719160047028,0.12530372325407044,0.11503869694498943,0.12396855793258736,0.0991067070109453,0.1545120107172447,0.08173059626011758
0.15801840402225867,0.0926581498618978,0.12644722773145414,0.11333225313722482,0.08834453414766152,0.105235587605286,0.1063847307327296,0.1248147416930322,0.08476437106845529
0.13171186615685296,0.11058722596971744,0.08205320899444823,0.08277620403945748,0.12859126799703552,0.12777880046513265,0.13651087988761942,0.09960356544122773,0.10038698104850856
0.0904675054405517,0.09611256941281326,0.10423504863479294,0.1866931654165761,0.09513951650465886,0.1208346403722891,0.07655688218217836,0.13639642690046228,0.09356424513567745
0.1886682460353841,0.11291150839356073,0.11723285218537809,0.08439756861108987,0.13104365961124684,0.08014021354867913,0.11821324886975093,0.09288461713036605,0.07450808561454429
0.14338739254759905,0.0940660972928574,0.08465922942556868,0.1388569965953154,0.09762206182538295,0.12294570467769554,0.09545996883043208,0.11696864248530081,0.10603390631984809
0.09891252109289389,0.10718933873188935,0.11427984344895,0.11851957553641575,0.09860854339083396,0.12163569774493749,0.0941627633407185,0.12742376168584757,0.11926795502751343
0.19312917466425875,0.11047226165825162,0.10729919578594604,0.08801795227557285,0.12470560738997256,0.08816034126609662,0.11210062562795427,0.08120452250114323,0.09491031883080407
0.05763113760514684,0.11041376551748767,0.10953286828424624,0.1441920262899362,0.09486861090665456,0.14426446130307982,0.12039553740624036,0.10850253660283522,0.11019905608437304
0.1443759264316911,0.11423867021176722,0.11444061584703395,0.09047438349524163,0.11280752274350485,0.10079114892142994,0.11571763018522944,0.07675969913165577,0.13039440303244612
0.0943331489768479,0.1216397022060221,0.1207090369896273,0.10772455026915273,0.1027426656986626,0.1085946795724223,0.09694366267517097,0.11903386333247863,0.12827869027961547
0.0875103503097137,0.1161450235129433,0.1070125889194709,0.13072536775184332,0.10512906481839839,0.10146412289182653,0.11001273787055584,0.15640998549358012,0.08559075843166791
0.1369651675666174,0.11780162923066977,0.11559341374306979,0.08681960035756024,0.10969515031358995,0.12025315594284824,0.10034354256244164,0.11667355710052196,0.09585478318268092
0.12157258840603961,0.11809639705856201,0.11367597692493155,0.08842790244067535,0.12045441576080174,0.11533665122269399,0.1222655082565114,0.09400907124569872,0.1061614886840856
0.1318815165023812,0.11271521260092275,0.14505633380533553,0.07287680377328132,0.10791680808322542,0.11164566921104074,0.09475517975227314,0.13819171107713926,0.08496076519440073
0.15812512194632697,0.12261922475089744,0.09545754819979968,0.09513309733342074,0.11407024610059897,0.114974077480739,0.1044843607438421,0.08086424545486628,0.11427207798950882
0.12023792482634911,0.11513516448083826,0.10772041775588552,0.08063584458080984,0.11652216798260384,0.06508459126962429,0.11151594477221884,0.15952524936509244,0.12362269496657798
0.10258518469359736,0.11029749989167897,0.10558076034048403,0.14323397592581957,0.10098903966568357,0.09082476627543547,0.12799123304373913,0.09626522010936416,0.12223232005419778
0.09972450501552736,0.11628076564667794,0.12423558624620767,0.09101564835280433,0.13737594595432437,0.09388669054992092,0.10903635608331215,0.11204471955167551,0.11639978259954964
0.10387793908734311,0.12739540567343868,0.11203362201236684,0.08572992893901503,0.12804741573717715,0.13185981748464506,0.10533481210186289,0.11911504116063286,0.08660601780351847
0.11282039771874719,0.11715723299455298,0.1212567409379408,0.09633379742125697,0.14162518987031267,0.08317075644176315,0.0856145037218396,0.1573585009712849,0.08466287992230166
0.08000296293188847,0.11515004697971783,0.12018031713883771,0.10741145183427175,0.15051854875791904,0.11177602779985245,0.1374347933222011,0.0767101638734333,0.10081568736187835
0.147794767978309,0.12155337725862259,0.11738183327019273,0.08820335731644124,0.13247855767282543,0.0993722568360979,0.10499441249014026,0.10243417485797708,0.08578726231939371
0.06682192640942865,0.10083474721053899,0.1450304331416843,0.14747352500682362,0.1036780333800618,0.10963493531021029,0.09392996169863917,0.11389150805058745,0.11870492979202578
0.25572555244433454,0.10379881383010443,0.10130655901765469,0.07671926564579695,0.08391387574373503,0.08134233607287518,0.11786115908866203,0.09286700686618919,0.08646543129064806
0.11263663249790563,0.10901821416379683,0.15106586431177582,0.09927858142258382,0.11996474185983984,0.0977856308292163,0.07800378543436917,0.14627229111233597,0.08597425836817664
0.09630271279099752,0.11642819862288574,0.12660972863797576,0.07412272354538181,0.1116486332753394,0.13942389132432498,0.10813779968734354,0.12744665394031374,0.09987965817543758
0.140179294960148,0.1163758146780659,0.10619283084172709,0.07464928681414403,0.1241290546087791,0.09909140200782701,0.15133378556510782,0.11029958285723078,0.07774894766697026
0.188429544732626,0.11404068933000193,0.13314912164180218,0.07851468192778359,0.1281739494976761,0.10948941262922897,0.1047113233524114,0.0754639317735011,0.0680273451149688
0.10938186777080926,0.11795851045390558,0.11384477848169693,0.1050331699040004,0.1323926858121455,0.13358544739296682,0.10791407813385051,0.08187666969795925,0.09801279235266581
0.12125273890395966,0.1157161043353388,0.11341205620890034,0.09660027822948469,0.12475990497354028,0.10470204826265246,0.1293527796981018,0.10667385889800075,0.08753023049002123
0.0664408221589725,0.11731703734281197,0.08980500920457869,0.10475523824583953,0.13017639191346222,0.09622725133535832,0.15044275089772896,0.14364285950141306,0.1011926393998347
0.0995118875255576,0.1063242846281109,0.10751367225914728,0.0958059918823239,0.11888083437633568,0.1334113772435377,0.11312096444989468,0.10830298582431604,0.1171280018107763
0.21125920282593083,0.12236456142104808,0.09650672834281271,0.08888732261916737,0.10957306991711457,0.08659418914016714,0.11122187837497644,0.058645762155816156,0.11494728520296675
0.08974991360749207,0.09652892053478997,0.07538226838933161,0.21511374484162404,0.09201723262842999,0.1498023819144633,0.06424231179108031,0.12754291802862852,0.08962030826416016
