0.08600101204814281,0.15406738871023343,0.12162993503081461,0.1134019501872739,0.09031026395574467,0.08506496927396236,0.13435467989814895,0.12250482005904084,0.0926649808366385
0.1048952903923846,0.06514315990183171,0.11903299983163473,0.12955294457372615,0.12463635319554735,0.11207329007238453,0.10470833087195025,0.13398223053800298,0.10597540062253775
0.06392834334662757,0.12887784232042543,0.1359052875370053,0.1109049803165983,0.09840229096293755,0.22985508492004328,0.05385710303258265,0.08625396144441283,0.09201510611936714
0.10614981672094681,0.11630815398420065,0.11649028247465143,0.19278466998217922,0.09994072963407512,0.040637141785592586,0.10102878127238406,0.11586179375678866,0.11079863038918143
0.05005326049842806,0.10257736971152757,0.1202398510540754,0.06769663607095437,0.15995306576706306,0.2671483914672994,0.07951162420968733,0.08255064874230164,0.07026915247866318
0.13382713217790557,0.12406965688825013,0.09029832208015015,0.07229749813465429,0.10005783067058138,0.15970640120202007,0.12240745953049474,0.09639221872964222,0.10094348058630148
0.07227395731954932,0.07215693392790379,0.17740499026743886,0.13315477318765181,0.09672415766592697,0.07689306092317084,0.09475839883806252,0.14602754898071493,0.13060617888958093
0.12104674783659027,0.10201952603364416,0.10556181905593763,0.1074979565189671,0.10582525339834908,0.13791939130901976,0.12280522926480657,0.10122734321509669,0.09609673336758873
0.07055821968689202,0.1872127328032532,0.15128882523411785,0.10729136471643481,0.09786019135573702,0.06953865510694202,0.11517723745808305,0.10264910226157768,0.09842367137696233
0.09951465353671123,0.05420458709357978,0.17164979382281229,0.13752061421296216,0.11259789403129372,0.057255568174370754,0.1337686406155327,0.12258858632251002,0.11089966219022733
0.1449891053521951,0.08476693887333596,0.1358989414134085,0.10870792070996348,0.08984143693647612,0.08466111814069059,0.1468193812224782,0.10329902276910526,0.10101613458234666
0.08561757541921448,0.04735010319736486,0.18618764159785786,0.0733465402767826,0.110206200157638,0.11103297833556536,0.10266086258126712,0.14600087401990972,0.13759722441440003
0.08244012395625422,0.18772716506973688,0.13769573368829013,0.12945442628349577,0.07290064043802276,0.08299287781590282,0.09304513079972528,0.11599403380836032,0.09774986814021175
0.05538778421297336,0.09211185761367319,0.17451048352133328,0.12499101946521955,0.09836521924461657,0.15897797919378662,0.08863294686800399,0.1088277655248896,0.09819494435550384
0.06703403737993988,0.16411365135666323,0.11940294323479413,0.1501569770858371,0.09006684254728621,0.16601270262660142,0.05919805247841903,0.08207931489626875,0.10193547839419025
0.0703822651251514,0.15624281377865945,0.08750266798045507,0.14001580727951732,0.09433301257296717,0.09615522144175888,0.17298762835015977,0.1093703298058445,0.07301025366548643
0.16169252611135168,0.12912167600991695,0.0996135497042518,0.07726640356342793,0.12495699269890825,0.043141301828429124,0.1446220562776655,0.11454307299374382,0.10504242081230498
0.14138911126198697,0.09798970686842139,0.11080577495747813,0.1315799867996277,0.07919168685927618,0.09740892810907158,0.11329751065807846,0.11008799343936572,0.11824930104669396
0.06970564557419463,0.17962647376533047,0.15821399795130997,0.062472902239710935,0.09319305477573935,0.07470596809458563,0.13076939913263066,0.1180589868683118,0.11325357159818654
0.1849472045658015,0.024264913966781987,0.12264352907096039,0.08740116778382025,0.10564956102082734,0.12668303798882272,0.08257252463586931,0.15967420882765504,0.10616385213946149
0.08555796777829998,0.039949303762510116,0.12830787610857097,0.1901846912510445,0.08984777997565808,0.06094401678502922,0.109398409701576,0.17198806740965256,0.12382188722765868
0.051087108846612495,0.07543719329191402,0.12183428325508366,0.08555545030189465,0.1187938984814299,0.24007651500841745,0.13663860869651037,0.0862772129808172,0.08429972913732024
0.15506117309168796,0.18896621027106586,0.09320190335280794,0.14463815359909518,0.08804558086407592,0.07607738868803306,0.10629667128573961,0.08876001589863732,0.05895290294885708
0.0880003289571017,0.10319433442837678,0.11859990355702112,0.19329606196770124,0.10592153885018207,0.05688034447709941,0.0971928622601216,0.1275592711087098,0.10935535439368634
0.11248728696733896,0.08479964086753826,0.1307937324829511,0.05095981710201706,0.11165825874791423,0.20185986140431766,0.11579026883131723,0.0906632566405412,0.1009878769560643
0.1683666864994425,0.10811760982618417,0.09397514385331195,0.1124728296827947,0.08905007012340171,0.12355002882912593,0.0793316554448827,0.11177882467415734,0.11335715106669907
0.12838509934721587,0.0416776098501011,0.11618882425547682,0.07372992626236759,0.12208605372175803,0.17964011805276137,0.09023956946558886,0.1280931487941391,0.11995965025059134
0.06540337852812819,0.10473763823184541,0.08474352414489049,0.134581363908023,0.1079762125741467,0.1733632853038173,0.10436215312007531,0.1286531457113089,0.09617929847776464
0.05367077148070457,0.05197596484813363,0.19106336219702513,0.05713101532421246,0.0926113589684886,0.22164506542499285,0.1659070136449806,0.09899825922809373,0.06699718888336853
0.15533332694477175,0.07056390856423829,0.09135389476076643,0.10365878724200867,0.08672026696685453,0.12868716260461013,0.14207518115572168,0.12074332428629149,0.10086414747473715
0.11366735004958162,0.07399226408295283,0.0744921382403023,0.1158468555366628,0.09118093789516794,0.1896342072113204,0.0893917974359445,0.14458340540577072,0.10721104414229694
0.07495382692905446,0.10237330663536275,0.12190559324028327,0.05199765183488484,0.0900754171989549,0.25160315776757375,0.12406691779879414,0.08415555565453757,0.0988685729405543
0.0877430629263815,0.15704722356168643,0.10061214138931505,0.17997545754888777,0.09336478037451142,0.06313558283186362,0.1128803911087672,0.10261131320331046,0.10263004705527655
0.07424209741067522,0.0801542305932395,0.10203901831086287,0.18182284941598562,0.11348190230859047,0.11159143089359182,0.08412706636168653,0.13400415824240308,0.11853724646296492
0.11859987704034909,0.034398035308367506,0.14728172903914186,0.11234676069721694,0.10054198893501998,0.060614487566266785,0.15817936368182192,0.15342531054943412,0.11461244718238182
0.084416224504703,0.024565683853553056,0.13918153981075343,0.1903477344323643,0.13140707443132407,0.04857430666328208,0.12299867709341523,0.1440175832880325,0.1144911759225723
0.13800607824676817,0.05193708219098525,0.0795593755945283,0.12534429995340216,0.07981487535615221,0.19725108941588884,0.06674205532062982,0.1542095476124106,0.1071355963092347
0.1294365908580595,0.06712201628451546,0.08433765943547877,0.1288577027799448,0.16573310043241168,0.10591284862812594,0.09866115953351952,0.12110241648095306,0.09883650556699121
0.03763035798237987,0.0744986763297136,0.1506099728906322,0.08959928153783829,0.08471794569608775,0.2085305240552723,0.13465577640402035,0.12951015504256347,0.09024731006149218
0.16280836547912347,0.042234380248785064,0.08090409170521667,0.07267397918401171,0.1342790570781541,0.112010355562284,0.1522347581598037,0.1274829931309006,0.11537201945172061
0.1010957271478599,0.11075959147173597,0.09839903949887985,0.15826106325824266,0.08002829231138892,0.12047476583247692,0.05860600954442178,0.16657130103782786,0.10580420989716621
0.09712124010558575,0.09486273683173778,0.08762938157939232,0.09905153215166446,0.09924963404688485,0.17853627071934988,0.11693951371416829,0.11816398418615669,0.10844570666505994
0.05262371445522526,0.15023262051436326,0.08789420543736555,0.18018002918400855,0.08218705883307338,0.06876490489945297,0.13859108332553804,0.14460701660457087,0.09491936674640226
0.08651366457741354,0.11544518348753957,0.09465461937310704,0.08577484516739686,0.09418481061977872,0.18748281423931792,0.1394379446363365,0.10510546941461153,0.09140064848449832
0.0846893734665244,0.09671913814357587,0.08930061664843436,0.1963939553535067,0.10544739546693048,0.059898686375807864,0.12771435053695515,0.1363087673369936,0.1035277166712716
0.06977979051181285,0.10726994397131355,0.1462291925045053,0.1756466183303378,0.08678056707952599,0.05713423094626425,0.09546548869834502,0.15401697855745813,0.10767718940043713
0.13496677848425467,0.07622547045895,0.13588737518728136,0.08649860839991713,0.10446957945058628,0.10698413861973761,0.11401372961599283,0.12226061224540592,0.11869370753787412
0.08096260118337589,0.14629727488543204,0.09197026350755179,0.03635485126156262,0.11629845245860156,0.23072275359667027,0.13655169315803403,0.0759105092924114,0.08493160065636039
0.09212466346052328,0.129986359225945,0.10780270754782088,0.16139309812726443,0.10914034530880401,0.09268807130669898,0.11794160005000964,0.09369918666399603,0.09522396830893776
0.12091208968337647,0.10258716009627428,0.1512229003146606,0.08148861527775798,0.10357335088432167,0.0938352860114529,0.10586115943725638,0.1266876714453652,0.1138317668495346
0.12131688948078333,0.15461957703206236,0.09186907391395438,0.09925110431130323,0.08889081538750056,0.09651287671321501,0.1582080929845451,0.10086006122402902,0.08847150895260698
0.06297987182458269,0.13712281178042482,0.14493939404519912,0.14090383813116314,0.07571533371662874,0.08670678786657583,0.10694523642249604,0.13955340522560974,0.10513332098731991
0.13173415305293668,0.06314537281816718,0.09794599969994927,0.14395793290914824,0.16594638521649374,0.08922036823840591,0.08434035514802041,0.12122436998357355,0.10248506293330502
0.08049237654171783,0.11429351001123829,0.07922451024943203,0.12798416446750874,0.08268200330502819,0.27622006156756956,0.044409752401951184,0.10343207141251783,0.09126155004303649
0.08486528039326084,0.03520857803992799,0.1483408826090269,0.1671953639437526,0.11006292134898599,0.04924747293934387,0.11929417556698574,0.1395040617431158,0.14628126341560038
0.05962340111217388,0.10926470162135227,0.14891006677110633,0.17583483110669632,0.09505150978051924,0.08676588326130343,0.09355783551651918,0.11250432083310236,0.11848744999722687
0.07813395638391273,0.12612294561579881,0.09231378083095332,0.13263745495534132,0.1009078417372184,0.1950247258654242,0.07787267467834506,0.10577026335030981,0.09121635658269638
0.11210952849643134,0.05206922341027795,0.07429635157468178,0.06099409935915976,0.08880410858592193,0.3131917255694372,0.10813251563590108,0.09215385822532722,0.09824858914286178
0.09312888832949168,0.1012697086986526,0.10814463387490598,0.14084822903371894,0.08641352785716287,0.15626521569814442,0.09365912059388036,0.11115943958958373,0.10911123632445946
0.08720255718581266,0.11012980609198608,0.16995388023280888,0.0812155134235078,0.09634190818694371,0.11173483251123663,0.11533906269840777,0.10537653467163728,0.12270590499765914
0.05573764850330833,0.03688343348825036,0.1063909953670177,0.14961936122686295,0.11146096838706539,0.1469771851959258,0.10418033357088946,0.15876339811724696,0.12998667614343304
0.11938741687045452,0.10845487875072235,0.07435716437848504,0.14402026102751872,0.09638343248733879,0.18790328157753478,0.07550942875511278,0.10745721496348476,0.08652692118934835
0.07571186751622071,0.10530281898622905,0.12650679074523927,0.12317150640360208,0.098647423400115,0.13070130989905657,0.1021138192066789,0.1159224331526933,0.12192203069016516
0.09268191328134368,0.10275887648866337,0.08961784138081079,0.13369150567291646,0.10574119052415094,0.08999281390876085,0.1287372436679494,0.13680379414352675,0.11997482093187783
0.08930348263675243,0.1160366827531747,0.12113089884139804,0.19168209022560304,0.12186710877727151,0.05863846454664526,0.07455291369535343,0.1151432405505969,0.11164511797320464
0.08167334285186047,0.09521937112755047,0.09769620598264905,0.1163603910041338,0.08899230783778041,0.23987217058162372,0.06954034241085834,0.11146261513543636,0.09918325306810737
0.06785622509392895,0.0730790348581201,0.12845299208698704,0.14345574818469287,0.09280259640009801,0.26329812907645617,0.046952366524861976,0.09233039861260683,0.0917725091622481
0.09464737702543981,0.03521353726670828,0.1355608881928765,0.08064567892139428,0.12565643306054156,0.06973593300239912,0.18095452249720592,0.12881042768347076,0.14877520234996375
0.0826889968511234,0.05480586092841319,0.10556981021944355,0.1273422038762496,0.11650052504234994,0.08807017075559992,0.1666192355240297,0.14727699285900675,0.11112620394378399
0.13053544165068684,0.07794049642655554,0.08956677795674171,0.10631367352969066,0.0984679835366718,0.13773606972719604,0.1032585961156312,0.1487079880562172,0.10747297300060894
0.11646419443701621,0.10746877225692174,0.12766368768174075,0.14445568876275952,0.0826418849344114,0.06609161490844623,0.10361067970536421,0.13788571955933035,0.11371775775400966
0.12343011201811412,0.12040149183536879,0.16253694880741446,0.09778617766293667,0.08442912045591026,0.06064428745790739,0.10914184184826727,0.11618585512871217,0.1254441647853688
0.1016182302529622,0.06229561331503231,0.12981666923156682,0.08811802912469043,0.11977392301386351,0.1515324186951401,0.11268233469780381,0.11856211656625959,0.11560066510268126
0.08922840111309488,0.08537922851280699,0.09293402272511471,0.10694815993148292,0.119886971140783,0.15878398666296104,0.10609087764200531,0.09867769664104035,0.14207065563071072
0.13342608806851905,0.10769146144693058,0.11227327428382718,0.13146773846995546,0.10624340327111936,0.05716406671158531,0.11723054109653454,0.10146972810387221,0.13303369854765631
0.1022667961094479,0.06511892683357097,0.09916953566062825,0.1493189286360803,0.11703073588645073,0.09756709970218487,0.13024523481610925,0.11964462853127901,0.11963811382424872
0.08381112130411185,0.08305831645246359,0.09676948881522658,0.16878933719273823,0.1156364422248401,0.08433858733587259,0.10653468624037055,0.15082564125297007,0.11023637918140645
0.07598109871358029,0.10017377704543039,0.10959163904887215,0.16060228872966859,0.12883534046382164,0.12017255908294082,0.07941505878035716,0.1055928360316734,0.11963540210365568
0.09307374826564485,0.16102531398499925,0.08931049516944266,0.12005538428887635,0.0932668728924535,0.14626000118003277,0.08154467869875545,0.09868395115796098,0.11677955436183414
0.0964130291273732,0.13147466033991492,0.07680174408378913,0.12194690225200545,0.10656087948793087,0.09453743302136319,0.1487470252631416,0.11784802023959545,0.10567030618488625
0.06632644552175619,0.08474611963545914,0.14261596510927935,0.07450755461695162,0.08476124415053389,0.25885222310626926,0.08410737744170212,0.1077830914442743,0.09629997897377418
0.08524927618022089,0.04687809311690755,0.12565396264095283,0.21514550966145382,0.08147720474703143,0.08394615861525871,0.0824516439967269,0.17551192942738503,0.10368622161406284
0.08225905095189184,0.06227739476259079,0.10784356871037175,0.20316260913139303,0.11592201812187948,0.058329292892101064,0.09995428085179943,0.15822672707093435,0.11202505750703827
0.091865489226902,0.07568664589307561,0.08691074733341786,0.11481773459581827,0.08281933807965165,0.20142201024104311,0.12085607281397287,0.13719537998955147,0.08842658182656717
0.07944297089230934,0.09847410181023535,0.08034363246613034,0.21540938566713755,0.11236401707167687,0.0775956340053775,0.12810088355910346,0.10366163253296275,0.10460774199506685
0.06836299350183933,0.09176660143755479,0.11197413410172359,0.1874179778218883,0.10440279292186516,0.09627135397865366,0.10519736530165617,0.12751881055652803,0.10708797037829097
0.10152657389213028,0.06458905329430763,0.1614934085784452,0.10575780068856717,0.10286841222035163,0.0710202363140243,0.15607247380209657,0.13941718609189693,0.09725485511818022
0.06579948822285164,0.09480828028755121,0.11276198171574625,0.1779151696210963,0.14543328771339545,0.054314637885860294,0.125963800532106,0.11929966012392784,0.10370369389746502
0.10879134190611349,0.08455644895902076,0.12989430774744562,0.08725129830005098,0.08954046527037814,0.07019191237702786,0.15972456327103005,0.16147216446193657,0.10857749770699643
0.106076708996589,0.05803571696262936,0.11561144993034833,0.11977105823634587,0.10135023298510319,0.06843061967227233,0.1607345631994677,0.14135397924780688,0.12863567076943738
0.06635953422644199,0.15257266339885325,0.08433009000457066,0.09583336334636931,0.07870073362392298,0.19808183840789217,0.1334651857739996,0.1091405072253463,0.08151608399260381
0.14974036956148987,0.10641794603627457,0.0917266650116751,0.09028890790024564,0.08915413926162097,0.11958235008645386,0.14435445267749272,0.11134293797215672,0.0973922314925905
0.12151777841253876,0.03990251038961463,0.12599677057998573,0.08675504260240403,0.15844110248578125,0.2435935887061765,0.045703075060563175,0.07932487300763018,0.09876525875530567
0.08482429896719947,0.08356363943461313,0.14085695556444258,0.07117168539220269,0.09289486807546136,0.21209524332522586,0.10130215899641663,0.11200480873869041,0.10128634150574796
0.13885832774063528,0.06574875293039349,0.11129332173764901,0.07887055903394276,0.09497174116953254,0.25552275389393403,0.06796570181838292,0.10297419005620267,0.0837946516193272
0.06174457285820819,0.13300649363927217,0.14494260555319585,0.09989248104972276,0.1093260525362938,0.13833779116048084,0.10801261415600609,0.11519404482659269,0.0895433442202276
0.08469238087875479,0.07913952206893092,0.13244953256792727,0.1685915662921841,0.1475505126844938,0.08077819065836447,0.055515124287699114,0.10823580810814565,0.14304736245349992
0.07485899482782345,0.1915373082065522,0.1068973502604278,0.1482430804877479,0.10318262024543641,0.08068804970492281,0.07881971634007114,0.1090737101494534,0.1066991697775649
0.07590055329409107,0.08511921571298765,0.09476263706105541,0.13350543643006132,0.09654741307905775,0.10980182281328404,0.1925627441390798,0.1269008772712164,0.08489930019916653
0.04851873851357182,0.2072656222848849,0.13033912177937992,0.06947646074255645,0.06723248577070795,0.18640632281134495,0.1107664581474931,0.10386694478233653,0.07612784516772442
0.08999141410137101,0.09163121168251144,0.09439798631242959,0.12849381977878485,0.11020644777159598,0.20876386061979627,0.06936979192606084,0.10780293160991745,0.09934253619753249
0.07204597827305638,0.15854142111320385,0.09752213961341775,0.09889493429104491,0.08395053121823155,0.18486699167953669,0.10115101491591405,0.11935622643427907,0.08367076246131576
0.230193367635846,0.0370660951220877,0.101348206453792,0.09106632589867969,0.12296560063427886,0.060361653361220326,0.09361383100165203,0.15297592040939398,0.11040899948304944
0.25154259635215104,0.04252290320160251,0.13413131906887854,0.07772080415306061,0.11569118533515833,0.0738163794710656,0.08598749207044622,0.11999188952686518,0.09859543082077189
0.04506825211314553,0.1644336087119005,0.07293251854017842,0.10491801751235254,0.08098975381086514,0.24844314642532925,0.08681494282333019,0.111137135149725,0.0852626249131734
0.09321371035557814,0.10954899530769686,0.09088108030544813,0.11873549214614594,0.10837665950361007,0.11091836636455321,0.13411103876816646,0.12566448557116425,0.1085501716776369
0.0963198208514035,0.14714791245059464,0.09595338369704519,0.13259424131319852,0.10106693137875124,0.09060115087741123,0.09644666949710656,0.1232694231365083,0.11660046679798074
0.06305732883405256,0.11874750061926627,0.16596361700344486,0.12643226220817672,0.09270168207232311,0.12269489491916537,0.08650798129334691,0.12669047259780222,0.09720426045242204
0.049286023341225754,0.20301295200582573,0.13635211781429224,0.0753370993716666,0.06739537943262522,0.17517325754358512,0.09996548263427345,0.08821320202063702,0.10526448583586884
0.17115492118753758,0.10775420131178981,0.07961420117003223,0.15711829828016108,0.10859376321704904,0.09268804373343603,0.06532094948227085,0.09850534264589685,0.1192502789718266
0.1199327867653049,0.07600338372330116,0.1144273799772067,0.15772624595807294,0.1110496072934087,0.05590711721955121,0.13326889571169165,0.11711347369711374,0.11457110965434895
0.05275977309628025,0.08485631954458439,0.2333732818776358,0.14657151764964424,0.08909157529530744,0.04526128642980776,0.09104606171266368,0.15740603832511876,0.09963414606895767
0.06533232489069828,0.09278094548523051,0.08178451592919006,0.18146383431072732,0.12737629992347063,0.07905456949716345,0.14760989955110473,0.12808236886299063,0.0965152415494243
0.09395430015864444,0.04807534835927371,0.14035930554747264,0.11123235098034245,0.11022552047117185,0.14957170142955167,0.07035922233896136,0.12541693401975448,0.15080531669482744
0.08129057903848043,0.05274366386867493,0.11470651808340256,0.1652974544990687,0.1075541379400885,0.06890279670509626,0.1501727551876633,0.14101450738454244,0.1183175872929829
0.2181409871530091,0.14768527795896577,0.09185936502534618,0.044982859517640396,0.10674469061817549,0.1077079975765312,0.10259247450823006,0.09922829275531327,0.08105805488678851
0.0947304591486063,0.06371804662349972,0.10968037004034982,0.10610891269430077,0.07775237935421808,0.22425815328642792,0.09587422252709567,0.11669047442351543,0.11118698190198632
0.09177899771448483,0.06675081237991339,0.09834143281760176,0.15486394668366296,0.1516632503335541,0.0905280606244153,0.0884624100038428,0.13035368486684742,0.12725740457567739
0.07209773576954955,0.1655227680680952,0.12548460158879382,0.07013150822290636,0.09766127271015644,0.2163475143879435,0.10883732496067555,0.0712407240142486,0.07267655027763097
0.0557934750897953,0.02904797242467928,0.11372170166069777,0.1641323816545683,0.16270628529646494,0.08513008887557051,0.10698621735993252,0.13012665276265512,0.15235522487563635
0.08466142459627564,0.03960700795065119,0.08953780705853583,0.03581454685730345,0.09710537182576279,0.2747002944891736,0.17763298976477537,0.08527170489481244,0.11566885256270969
0.05855885220539341,0.12169065898583316,0.17234017641472107,0.11050258180601032,0.09360187369363349,0.07700133954875868,0.09465356235132948,0.1316166162239472,0.1400343387703732
0.06466076401490621,0.029581512947173427,0.1503536496472353,0.10839130847410933,0.10729558262989414,0.12987371887750668,0.19346565507215643,0.11901989973941822,0.09735790859760035
0.112987989865384,0.115695546346545,0.08258254144238425,0.13597725551309006,0.10173496290934776,0.09649371352966492,0.12374766767323281,0.12328496299459456,0.10749535972575654
0.04687337097297304,0.05850409961624556,0.10224465141305722,0.20902609545662756,0.12001308984130843,0.13834652324571953,0.10913304527868402,0.10827647138311024,0.10758265279227446
0.19916200417045035,0.05005386538138475,0.08407076689756786,0.10708867960475422,0.12744785497705372,0.060481919280047536,0.10251714377377426,0.13295110611915192,0.1362266597958154
0.1901630075566941,0.10218524449731659,0.11580661027906886,0.08252188637945777,0.08642778065559299,0.11068828076190657,0.06977441461920446,0.11561360383017277,0.12681917142058596
0.05760157915753291,0.1341978754567632,0.15637151344496653,0.14471351497895166,0.09866400662333423,0.08443329743227602,0.09317591487660261,0.13098909568961428,0.09985320233995852
0.09007726724585141,0.12396283183490751,0.073201281515282,0.15682240511012271,0.11036656342423833,0.15779164057522246,0.06721343173933647,0.11427028318515715,0.10629429536988193
0.08791545423777684,0.03582509497634537,0.1661758199112854,0.1059628025052669,0.10404587083173829,0.06623345880968153,0.2117017511520162,0.12309714207832116,0.09904260549756821
0.05418231988139883,0.11678352704464919,0.17636560811463683,0.06892674838686375,0.12895586697093472,0.2061702057068541,0.07262261452206355,0.0923249002179642,0.08366820915463481
0.08593207868668155,0.11156426542199911,0.1181770447605985,0.12728567950657715,0.09512777499371255,0.14576930539116753,0.125882048950866,0.09723222290343925,0.09302957938495837
0.0951238877420174,0.07695298166420518,0.11905331915933344,0.13531159747711521,0.11254967655898672,0.10316192692206073,0.11105144165303737,0.1359018567572527,0.11089331206599123
0.05759652095694586,0.10629910065190139,0.16471462153664188,0.09886155640686839,0.08931714719551703,0.07026521248175038,0.19279978650238702,0.12538313341568708,0.09476292085230102
0.07207433688311828,0.19896234761867612,0.11293262183946064,0.13425460911172568,0.10071555371612945,0.08431842844662096,0.10168739972308838,0.10939408732042509,0.08566061534075542
0.0845718214359179,0.12041200849822398,0.13577361226043302,0.14488916413710798,0.12555235587241953,0.06972908511755119,0.08771879191823062,0.12029795837104908,0.11105520238906667
0.16213865011366205,0.11591962943114052,0.08867669152825976,0.11197774892000734,0.09117810553807852,0.14770570942105002,0.09043954525754556,0.09250615519078408,0.09945776459947213
0.07211198429086414,0.0993043847122471,0.1300387326825834,0.17512253770058198,0.08345464076906454,0.08123558088394404,0.11831394039611859,0.12770070447915308,0.11271749408544308
0.08494356140343758,0.03205573900815959,0.11012136405108948,0.0967372309200601,0.12113436905138249,0.19988012603792238,0.085566101442716,0.15290892226800756,0.11665258581722486
0.11757480203058836,0.09311375506398757,0.13000314708319569,0.16087924658934225,0.09645706839896344,0.07902381730764521,0.0780413263503221,0.130191873461547,0.11471496371440837
0.0854953857890348,0.07435212759840447,0.1002284583357495,0.1748314956573185,0.12058263216810063,0.1133139033889632,0.08821773206393087,0.12449668277763726,0.1184815822208608
0.06749178992028114,0.04609418116155622,0.1350718364290619,0.10693799210269818,0.11534225038834224,0.20458006960552197,0.10261263151546485,0.10582301414388416,0.11604623473318938
0.1809751687221818,0.06130682737912862,0.15939270368812886,0.10399930537359807,0.09512826313007124,0.07471463308794216,0.10519525614208132,0.11260379757062443,0.1066840449062435
0.03273971093025679,0.10722163661772675,0.11303638840651338,0.19246862415663868,0.12595673265914278,0.10906178765833234,0.06788843460994547,0.13084716662256246,0.12077951833888122
0.10858311835744,0.09114214150710313,0.09316263495456018,0.08959991665875337,0.12912974838816038,0.2151022967943996,0.09004103922748109,0.10100026388544973,0.08223884022665263
0.11632949872611471,0.11738582412030822,0.12258246608938062,0.1242799815296936,0.10542261753551306,0.0757093285510838,0.08927449931544668,0.12769941982132982,0.12131636431112951
0.05107780346720706,0.1846291367043951,0.09646644488505196,0.07894184534526076,0.077049959537705,0.2263636460071564,0.08607091577321531,0.10850983192806703,0.09089041635194138
0.10825978603680653,0.13879983384844696,0.17579407806823077,0.0764726647198089,0.10026226827299471,0.1093280049679477,0.13147513285322573,0.09201792394283081,0.0675903072897079
0.12520693944076997,0.04325471742218751,0.08170908414975299,0.14414002333840617,0.13737724817493352,0.1599414745750728,0.07861753406484479,0.11471994569047315,0.11503303314355912
0.072420377304161,0.0732218931785072,0.10987807583219313,0.22535359876427166,0.09109795469042896,0.037857763290016916,0.15520286186490176,0.12532736838803374,0.10964010668748563
0.08170958714122323,0.11348522003594112,0.09187681418113701,0.11370827642938412,0.10199068582225539,0.2091788642109708,0.06779190441009351,0.10897281386675654,0.1112858339022383
0.09309273497934294,0.11342262227975287,0.09546722127406006,0.12308981507592341,0.1496611693000925,0.06902664815859712,0.09963745768789967,0.10198284808071088,0.15461948316362056
0.06684303773866951,0.15850966060057078,0.14982116421889055,0.13224556908483717,0.10374739950689728,0.05023557596284428,0.08962891640493797,0.1277556324306123,0.12121304405174023
0.10759318129800943,0.10913237374934172,0.21746666485991675,0.11235336036955512,0.1025551964641918,0.04169408909288242,0.09133688253077864,0.10381647394458247,0.11405177769074164
0.09364524134586595,0.0852891965260096,0.1197493339728977,0.11454911747842726,0.08355554507365047,0.19728547226267099,0.07844805612065875,0.14409390985063325,0.08338412736918606
0.14854828721507843,0.06692340143667126,0.11395101369014166,0.13700366542052247,0.12128950581586655,0.08804574212182348,0.09409984612213858,0.11148595419210912,0.11865258398564842
0.0684012325827613,0.11937064680173994,0.11740715413383086,0.12722865409901504,0.10972582915312783,0.07050706725708329,0.1608726401235402,0.11995455849368712,0.10653221735521447
0.1202685501063786,0.11703616437252877,0.09380251284985552,0.18226445772174196,0.09855868057721852,0.10286900983507484,0.0708655374311549,0.11260804720505214,0.1017270399009947
0.14139453231270704,0.08982214423142836,0.10151004791071477,0.09310378742452709,0.10052424457481528,0.12341609260063197,0.10446017532815877,0.13024852273357082,0.11552045288344596
0.06949690245246663,0.09212558389206989,0.09700672007930307,0.19278951550789203,0.11633318509320222,0.07098899271959076,0.11496594832150737,0.13647839441092002,0.10981475752304802
0.1609006611271625,0.06698091791005455,0.06258805481369606,0.11093842116757714,0.12317216391358184,0.23684982239740873,0.05292294808860146,0.08365769069707417,0.10198931988484355
0.10730606189245868,0.07862265386087504,0.17381282686534774,0.14162240815235427,0.09515701564460334,0.1012072769666454,0.0791949457802955,0.12970786364544282,0.0933689471919772
0.08321357399059022,0.1986226002037895,0.10618385865150959,0.15811031379454596,0.08610319717909935,0.0746811376841229,0.08217733789842267,0.1122074612729278,0.098700519324992
0.08734083996146974,0.11432937040028007,0.10580554823827269,0.16692713391944067,0.10426615345720759,0.09666941021882725,0.1334710627659159,0.0970127806604046,0.09417770037818157
0.1485312106087017,0.07916398237015233,0.0907611258831222,0.1622590327086919,0.12231314162534146,0.09049415062051636,0.07349359971284365,0.11777296284749623,0.11521079362313409
0.06107697122562771,0.11181040626961293,0.06850137023003745,0.1455751132019719,0.10092966601058334,0.23884313462422804,0.07382994416918003,0.10569987275829527,0.09373352151046331
0.10524827585139661,0.08020044145210224,0.10799876685085948,0.14913028041792484,0.13618512608741062,0.06920006551532208,0.10960679567771164,0.12873814512215215,0.11369210302512038
0.050085004463969685,0.16506967623152688,0.12268529414405259,0.10090304978857657,0.11051950375869513,0.13153556667204147,0.10813729550203145,0.09874465213250078,0.11231995730660542
0.11570144309983739,0.10254576201605803,0.11153776612727662,0.10503218534701823,0.12289228837198041,0.1489949070231874,0.07248362162072436,0.12182558629346307,0.09898644010045447
0.10733121531741231,0.11734442459412885,0.07931799238468887,0.1409922223670133,0.11205110179250949,0.0776672114773826,0.12100790546120566,0.1232718359182446,0.12101609068741433
