0.09575977637061406,0.10608338142786526,0.11550516984146324,0.10840273978090022,0.1466613574307324,0.14278726302641712,0.07232619056140413,0.07646082377857982,0.13601329778202378
0.08597891607994068,0.08944689020906349,0.3080129442387349,0.1184520300979827,0.11436899419436974,0.016924635648280426,0.03966102330759525,0.10184380276609377,0.12531076345793893
0.11620831536438482,0.12565798800232,0.08170918821287017,0.1017091544862444,0.10515073559999577,0.11624808831685864,0.09072065376858535,0.14726257960470135,0.11533329664403957
0.10654256642483106,0.13163945246460734,0.1959170250945257,0.10972198540464158,0.12871881273692187,0.0720902453723722,0.04105894533304751,0.10224614543442263,0.1120648217346301
0.07728889028645593,0.07205328929903972,0.3429045486000522,0.11777969708019705,0.10958929308559891,0.030086224194806176,0.022496253944529043,0.150488751708267,0.0773130518010539
0.10320076575806632,0.12037134173615487,0.13614472111550957,0.1259913194490416,0.13266323904625413,0.04735091661516771,0.07169547628840796,0.13337810053441365,0.1292041194569841
0.10975766142149466,0.1259498919795364,0.08792702334096124,0.0892808578657507,0.15409892234109093,0.1341372121651784,0.07613029304098674,0.09574479334293266,0.1269733445020683
0.12368948826114361,0.08816371402074208,0.14432885866979359,0.11471048444855099,0.1287279210175447,0.04139315209249322,0.1196460096838109,0.1262443985046172,0.1130959733013037
0.11847647063371924,0.14248844909921357,0.042921572604749575,0.10360000372160094,0.14128786825917056,0.16258700869389678,0.10531425193893455,0.08682927635024662,0.09649509869846805
0.1251187410885993,0.10065698679012809,0.20576364480874923,0.08699995728430698,0.11799275256915047,0.06236029022184359,0.05039536321438671,0.09548037045352616,0.15523189356930936
0.09866285842376117,0.0993678752144193,0.0817049704526378,0.15801942143363645,0.14525315877915954,0.07631349029808059,0.1115199208456168,0.11038120061027003,0.11877710394241829
0.11047830198873508,0.13297166574173885,0.14305292901865477,0.09049240431346106,0.11031741123578426,0.11772776601414055,0.044435250463653105,0.14042313901129475,0.1101011322125376
0.13318016616896358,0.0582742028197478,0.06516284962177883,0.17901131919450372,0.11401389248100703,0.10321472350563816,0.13183561121022472,0.08684800848516326,0.1284592265129728
0.10379402275265892,0.09848503227983828,0.1194408339284091,0.11273644915587351,0.11300022582645654,0.15059742789189376,0.08676277457266916,0.0836580103959294,0.13152522319627133
0.1279311405800328,0.08309244861410743,0.03882380142400532,0.15498412267735817,0.1014949649560446,0.11897837804331217,0.11742117590036726,0.15032161149905868,0.10695235630571354
0.09570682574053278,0.13989065906660855,0.052647934511184845,0.13886529375003648,0.13049302838366003,0.16289811447330335,0.08678627863630269,0.08510332139270005,0.10760854404567116
0.10918918738513121,0.1368372289270472,0.08588474327938055,0.17836852027262498,0.1502936970926356,0.07837750251059374,0.06388559018861173,0.08624839894216772,0.1109151314018074
0.10081046072391435,0.1088002566235597,0.22840016321980983,0.12183719946396206,0.11953234886713299,0.07375617038049571,0.023230930026026178,0.12611134809546867,0.09752112259963064
0.13920609499081607,0.08925425000365585,0.16866527449772162,0.05664898506031057,0.11433623539792619,0.08075408917543962,0.07071797654653351,0.11286912032854944,0.16754797399904708
0.13890868458722935,0.1413053566763552,0.027662626096255517,0.11701379076071315,0.1227287347779627,0.08222617777509994,0.13315614401805978,0.12147262143760701,0.1155258638707174
0.08850826591199489,0.05610143969356243,0.345392082619338,0.12673695118986703,0.06465183109459205,0.04178562292079013,0.06415112490428104,0.12258475777082074,0.09008792389475362
0.1108482212180557,0.11238758407202477,0.08850310372072599,0.13018001505740925,0.15105770936312932,0.10374319953508443,0.09703538944721835,0.08210436011755769,0.12414041746879449
0.09159619486915904,0.0697335583672557,0.24098290967157543,0.09507539721780356,0.08784483909468059,0.17488103780154376,0.038827454894245085,0.1108041849708414,0.09025442311289544
0.11611634317180497,0.13617825501226236,0.11157239771201606,0.13090906557789825,0.1038122515108398,0.06591020174391511,0.07685624710904715,0.12256908664958989,0.13607615151262645
0.10353168033651343,0.11740089457465842,0.06233842937625297,0.1447106706392852,0.13625696239249166,0.06627522937025021,0.0614429137770163,0.18925711726406047,0.11878610226947144
0.13112259946925944,0.17272602510794874,0.06819239998984711,0.11550042509770231,0.10233117869746333,0.0628143881450414,0.09571201262664673,0.1123200207426412,0.13928095012344974
0.09816226123637188,0.11244361754501991,0.18861278913912993,0.1683963004471872,0.1096592904745149,0.0366860960029396,0.08521914952828108,0.09795085298758636,0.10286964263896914
0.09927508013128666,0.12638602046691988,0.026247451767377885,0.10995920362238754,0.09783575044549762,0.3177933790065249,0.059944223954662666,0.06262896560497004,0.09992992500037283
0.11166994670525514,0.14897842933783173,0.05563071187240657,0.1447447793135158,0.07616377033918996,0.12943071345329404,0.04413534510597899,0.1952366593394342,0.0940096445330935
0.10424532721346234,0.15166828732401086,0.24586377736868562,0.06359890836757005,0.09100495402375537,0.05581021456110266,0.07307680823077664,0.12744146809400506,0.0872902548166314
0.13868440155512982,0.059976436523070165,0.09534940627961232,0.11687302050587874,0.11111730501229795,0.12712639476098073,0.11577860087420826,0.10034496773547597,0.1347494667533461
0.11882826295106592,0.12085904604846957,0.04440713268608986,0.1644174407963095,0.09618179445652429,0.09486705568759297,0.12104987141205503,0.13035979455949548,0.10902960140239733
0.1173734416271877,0.06313314239284551,0.0719238692985216,0.18054222173942883,0.12460044421398092,0.1302143889110898,0.08483638896289449,0.10943540839633979,0.11794069445771138
0.10901829516558875,0.17333237784176544,0.04242989825817317,0.17299269699807937,0.09294548012761651,0.0939503861522838,0.07679123362128516,0.1354961765074006,0.10304345532780718
0.11872573503554616,0.1389467289323269,0.056632626489147166,0.08479314451463386,0.13232961890626038,0.11921793507948318,0.12534500471774343,0.09548017830375366,0.12852902802110527
0.11826887646079187,0.14631261720283695,0.2649214605051793,0.06556902611830488,0.08880686624060519,0.05854124100479934,0.01645505039640034,0.16162803373015372,0.07949682834092837
0.11002997522388902,0.06127094292609376,0.22595808471531817,0.11550167215797184,0.11210159733723292,0.05437933641932277,0.054112746396956575,0.15002116451302386,0.11662448031019107
0.07404563414436897,0.13208180907003156,0.40782291006825533,0.0900039014315357,0.0825079598241449,0.05690532807748433,0.013199087287981864,0.04499381403576497,0.09843955606043235
0.0918942759802579,0.14059741170086917,0.06372935876268364,0.15674898251996228,0.1674553921184546,0.09583866106667539,0.1076394443898166,0.07524107643855138,0.100855397022729
0.0914942180930396,0.08489069738977256,0.23848324627680453,0.11774256967228847,0.12280272483813498,0.08970561332811078,0.12558094779375797,0.05543873235054502,0.07386125025754613
0.11392975279170214,0.12325637877629596,0.076216485679221,0.11227956505592081,0.16701918268971885,0.13859095947817104,0.04467413591967184,0.10894956313829358,0.11508397647100477
0.088452782477219,0.06772985889382237,0.2715390038660269,0.10451726738010687,0.12983395882204765,0.020662458410779207,0.09321038370928521,0.112533046088652,0.11152124035206075
0.10094612095620491,0.07392082793070963,0.1659303619486601,0.12977407202586067,0.07127901976483925,0.1373827796723349,0.05443340793161289,0.17119386171559195,0.09513954805418574
0.12637824509783518,0.1384909148829969,0.031079980002246724,0.1110718960219164,0.13125136821175082,0.13595585600834462,0.0994605249920465,0.10365060368289969,0.12266061109996314
0.12428416540832647,0.09565858984090699,0.03558275386559052,0.1622162162417359,0.13971739041100248,0.11188018484554102,0.10486149464884086,0.09984203528136433,0.12595716945669144
0.10096854419386654,0.07212329346252376,0.20158880559948975,0.15935111754285194,0.12216839754550275,0.05949538431554369,0.05981001771566361,0.09712236469072277,0.1273720749338352
0.1076018939778976,0.09465802087921847,0.048008973626056585,0.11472379710790333,0.1824685311665177,0.1329506370697625,0.07812802849209644,0.10092171499825225,0.14053840268229498
0.09625714259136144,0.13884776900418194,0.1589305205792856,0.1067495664906934,0.10193364749435417,0.14422942117540227,0.03481550532205273,0.09951701258603897,0.11871941475662946
0.12893894165059866,0.09236762389934165,0.20488770933108658,0.10436749050681189,0.10953225935239157,0.06136779884968113,0.04353817909554669,0.12510514347501459,0.12989485383952729
0.08075274907778159,0.09419483367349252,0.2787088864676268,0.13490486238554786,0.11605252425509917,0.0863438983191928,0.0587838571742314,0.06471890208833321,0.08553948655869464
0.14269248248876773,0.11358892002586689,0.032654947442819,0.10283409986808156,0.15768307594959644,0.08521658985889476,0.14497268435308544,0.1087431923523502,0.11161400766053801
0.13510635073127966,0.07437183208670421,0.13929384412602744,0.16094542938453618,0.10421543827710611,0.05792963390536395,0.052200556351405525,0.1646675572821065,0.11126935785547037
0.10089724889760589,0.11951212640178906,0.050617553926310656,0.14547547000131908,0.12584124369285266,0.12681109915477254,0.04765002297348239,0.15851722427772028,0.1246780106741474
0.09959061940926221,0.20980520226699118,0.045342024914157654,0.09771019748782091,0.12713293489403427,0.13191706141118106,0.09071002879690526,0.08247054097916386,0.11532138984048364
0.1121505654676902,0.06515949719411414,0.11713173084152269,0.2028961407923974,0.11069703089559767,0.037195546625284716,0.06463848221829792,0.18507375862840658,0.10505724733668868
0.10552326799490293,0.13296249652094108,0.042818092147399865,0.14827375337095963,0.12920749140296872,0.12278493276525064,0.08597749589262525,0.09167118885190047,0.1407812810530514
0.12457555044877396,0.15556516939087764,0.034533543572311,0.12524108703975578,0.12772915359094159,0.11850301096282156,0.08306548664938568,0.10439477735528892,0.12639222098984396
0.1271292767726301,0.1441959637951301,0.06536238140850388,0.12384905544030923,0.11213812735187134,0.10392330806154648,0.07625609682659658,0.13693990900248118,0.11020588134093105
0.0998718736165168,0.09451980020233368,0.040650645644052276,0.10723438221891861,0.08193806444779901,0.1934012704502797,0.09622585904291131,0.18347938114674792,0.1026787232304407
0.07608929165186527,0.08821341229698455,0.29944205075033653,0.1374695649780405,0.0885568219044085,0.029428436300309214,0.04759694192351205,0.14075774807765348,0.09244573211688989
0.11129785954107146,0.10150307916378433,0.14216119534220736,0.17760931328470841,0.12712533279261026,0.07109804999700765,0.05386006005861255,0.09441857019027604,0.12092653962972189
0.13563849339347067,0.13578385236512772,0.10792913590742992,0.13319356411374791,0.14228165831016712,0.03822464875729922,0.07498848429905305,0.13757459106649733,0.09438557178720715
0.07872176770426906,0.13002659281186676,0.1131049383746043,0.11624083877748272,0.12719753927109642,0.1258659455189509,0.1289070773041406,0.062194970938459736,0.11774032929912948
0.12617035539488547,0.055392377124825476,0.14437335738682436,0.13774312140226688,0.104574345576899,0.12260123281097479,0.08219049697945757,0.10916823642657097,0.11778647689729542
0.13482552089033473,0.10275338909040461,0.07097055897329678,0.15919193496585918,0.12262665885919598,0.05861165994831819,0.11747462093910062,0.13282116358363835,0.10072449274985158
0.09070459222232756,0.0783634097157198,0.15302253948270653,0.15886073796654412,0.11425258204549961,0.12366578799073896,0.0646102804639127,0.07306669903866679,0.14345337107388398
0.09705707567360877,0.15126327132851922,0.09442459164971391,0.1374736432245395,0.15569520502438364,0.05728376434957951,0.05468709844837601,0.14385976060174724,0.1082555896995322
0.10503740107977129,0.14674197306544043,0.09136591585516642,0.15030162733683203,0.13253681156046496,0.0814888099710912,0.07901017828581021,0.10451858506351663,0.10899869778190685
0.13502640795807314,0.06931974736872874,0.07260170387146807,0.1614099298188186,0.1285559432938281,0.10064120817836479,0.09681063568180694,0.10574597105498336,0.12988845277392827
0.13078002113569198,0.05385172698019943,0.24491604515454854,0.08925304033128996,0.14992777885902053,0.07574556503639224,0.03726676352516644,0.10004992211221897,0.11820913686547181
0.11359387385523952,0.09353330431677274,0.07191384862489923,0.1571089512641398,0.11613165217775322,0.11352091108529622,0.0968344613230625,0.09181796568253875,0.14554503167029803
0.11259430013188326,0.14760898795648625,0.0445508613447075,0.10715219147333371,0.1316948522908784,0.04570151213518763,0.22214838712924068,0.08778791836871351,0.10076098916956898
0.12482862169951196,0.060141229480689395,0.13587418524965442,0.12317881524810559,0.12701262817340547,0.03815512565192478,0.08220628914478349,0.17267906079837614,0.1359240445535488
0.0763310314151519,0.09739204027690325,0.2714010677855592,0.13808573137838023,0.09220805254765037,0.085822717055192,0.05044934961004196,0.10174277821962496,0.08656723171149609
0.12273432428153978,0.09631489083540411,0.10370754398900173,0.1266718449639566,0.11487319864717262,0.09045075533051872,0.13072613150189527,0.1123076819859015,0.10221362846460975
0.1138147807535742,0.02536507368396765,0.3312787481778198,0.11195459092525477,0.11957933904011742,0.03870481124615536,0.06281796043341627,0.08192029078919484,0.11456440495049965
0.14890498564512442,0.04707303011700242,0.20683430526978921,0.11599217699370486,0.09566750685682888,0.10000859550264103,0.06305648998290593,0.11408737732169799,0.10837553231030526
0.12546432149342376,0.07614289248663612,0.24514761086842055,0.08780113057172423,0.10845952119476622,0.04457975982949605,0.13044880612972584,0.06571021877844106,0.1162457386473661
0.1320066287210336,0.048521597595454845,0.12839601483874888,0.09881129076162772,0.11408058981587788,0.13898984298663938,0.10021294130030746,0.12494506888053696,0.11403602509977324
0.13662866887618455,0.11602782513678116,0.08586074074925028,0.1818747946261421,0.1119109688176656,0.09839947173937384,0.06329567401655982,0.09151103209394422,0.11449082394409839
0.11009778056690987,0.06532458019374264,0.03882178340937386,0.17223115719249113,0.07858814667485389,0.13653446880057465,0.1327398776179971,0.16115339703355835,0.10450880851049855
0.10225211781392703,0.06191728356324742,0.13952962493335394,0.13072975618315033,0.0975622003809692,0.1075622132873486,0.15927408545204036,0.08121813759976769,0.11995458078619542
0.12520443255610894,0.04039550891796704,0.1744264699763669,0.13396467750752702,0.11680364791808084,0.08951919638050465,0.039519127511283225,0.17780516405759794,0.10236177517456341
0.09724557851607757,0.1870613325991002,0.16740512129065946,0.1174168523658996,0.10025736645966164,0.06262267632360449,0.09132402510273385,0.09432050430367551,0.08234654303858753
0.12318890091987549,0.1168841800695185,0.02460731496995598,0.15552737619440885,0.10095158541247518,0.14785158716973398,0.11598446888384777,0.11027520634612564,0.10472938003405859
0.0956615248296998,0.13305119706324098,0.07139633945843037,0.13774899273791189,0.1550043295720653,0.07445512256795993,0.05564180023342455,0.13379001906063198,0.1432506744766353
0.1318565709651181,0.10068416555023611,0.036413245852133985,0.12624189244731893,0.1194682579095081,0.16015557732692298,0.12847508896047535,0.08483757353988765,0.11186762744839888
0.09713760650686402,0.0890055112485426,0.1989049629733619,0.14302058074984006,0.1005665091665187,0.056638809919335446,0.030664962724110956,0.15409288206546257,0.12996817464596375
0.09934085623517663,0.04111733881221432,0.14634557347180285,0.22259838218410574,0.11219788937166726,0.14020313395509462,0.048680562504771215,0.10114045371328528,0.08837580975188207
0.12782065923612443,0.1336368227371251,0.02619248554016601,0.12207290368497759,0.11856803106563556,0.0944086597983822,0.15212402902660552,0.10238747162454127,0.12278893728644229
0.1349866737800329,0.04698556608302909,0.08041991096725744,0.16058195712569112,0.16484044347217733,0.09662066302315325,0.07351151728192334,0.11529647463664427,0.12675679363009126
0.13202788468862534,0.1348597773656508,0.180666773961473,0.07980985791785511,0.09046303521994985,0.10069840465599285,0.08353289620038468,0.09830627065748258,0.09963509933258587
0.1182880055152309,0.13095179619034822,0.07223896631789146,0.1556750708235761,0.10579804455139374,0.08689759266841816,0.13980762067427419,0.08424969634423772,0.10609320691462948
0.11105898333337914,0.13670640154569252,0.025934348769670518,0.11994481457613453,0.08834579212689779,0.21229675817495286,0.10981762863446991,0.09571527409279186,0.10017999874601097
0.07590330574190689,0.0928677106042643,0.20159974353265941,0.07559780048956381,0.18449182347412874,0.059799949780382416,0.08279120525427779,0.08849968184133968,0.13844877928147703
0.11167511121482172,0.07678761444482839,0.09826746939911218,0.1494030276581035,0.12190439212241122,0.15826105234161233,0.054637011065869344,0.10503911955641032,0.12402520219683096
0.08498177961508942,0.038439353970128716,0.45445165938823157,0.08140967235253915,0.07500407121601665,0.008870285262638,0.08931617132533842,0.09771891726801916,0.06980808960199879
0.11774763302163987,0.11114169111044082,0.06511322110933286,0.1408727372225566,0.09914888206239846,0.11028897713564824,0.06887617662100642,0.17213055603280805,0.1146801256841687
0.10348004885838234,0.1512052793917379,0.0684248884094006,0.13548372753684038,0.11289812604911215,0.15349313197247272,0.023510021454795475,0.13746423079633008,0.11404054553092835
0.11598756906540908,0.15507938108508088,0.012716700223410177,0.10389655922045671,0.0826547060098179,0.19414855710184606,0.14474735899107044,0.08126463655715398,0.10950453174575475
0.12591694813391996,0.1388476756566761,0.026352961234867068,0.101148419446359,0.13400585753351005,0.10606305666878017,0.13677202439639838,0.10809999855747522,0.122793058372014
0.110930548183882,0.0949073728708807,0.15928356189889847,0.12800699710050992,0.13575146280104058,0.08897367657594114,0.06809447723054159,0.07959981812894715,0.1344520852093585
0.10955781896453781,0.106724994770043,0.16059414371547526,0.0993282378123115,0.09276248152228106,0.1736663279823096,0.049088192227046946,0.09812139495940815,0.11015640804658662
0.1229122960030945,0.11561957661093059,0.03425475043636455,0.1542746553138626,0.12899633717494063,0.12093741376411447,0.09221910454003106,0.1214503861074017,0.10933548004925991
0.1086711882041174,0.13805248089785624,0.08160393455663832,0.09400637380274539,0.14459150008923413,0.06245759345933572,0.16150365013689272,0.07098766576424644,0.13812561308893367
0.11604455241540912,0.11823630052730266,0.1247613697674523,0.11893788403746786,0.14041650398119784,0.0950117011609024,0.058699427760532254,0.1224277420402976,0.10546451830943783
0.12148349969190513,0.08745208740572787,0.12758450432234583,0.14954443898793032,0.15700330765736462,0.0544994698513234,0.06129160986982759,0.10191695065817334,0.1392241315554019
0.12680954973730546,0.07328484285578886,0.2035900933056475,0.11064159054936812,0.09207410777347708,0.09783673327761555,0.06536474472349804,0.12124273114239832,0.10915560663490105
0.12831747858011308,0.0971443538118163,0.0322934916672794,0.17813418534891787,0.12983499612268348,0.09374022716001708,0.07245062401243035,0.13162383123315566,0.1364608120635868
0.09066966893202504,0.13771969286653454,0.05746008100363342,0.12540955128392586,0.11094788913827852,0.11934744934795426,0.15718495482635297,0.09284997778234882,0.10841073481894654
0.13639001252703564,0.14359976597906296,0.033110424900188985,0.11882655824475925,0.10247346545588192,0.111365445510903,0.12162470269963212,0.12125139210207918,0.11135823258045703
0.11182695807547173,0.09580702382415758,0.08415288199847576,0.14524431349228892,0.12443570020239407,0.08095245817460067,0.13372159091904934,0.0927193946585732,0.13113967865498874
0.10183848107045745,0.06108505679297358,0.1362795113385089,0.21561828294810567,0.08047742179072385,0.05014812286274628,0.09181225416709499,0.13539461376758932,0.12734625526180002
0.11619780590869495,0.09421229536729579,0.07604714134153791,0.17426753446943657,0.15773454528484476,0.09854281505309431,0.06387693230078474,0.09668525584648689,0.12243567442782403
0.1064457042668762,0.06918830640638718,0.12451151583754999,0.14171506049822813,0.12725395146613822,0.08569161130501042,0.09910332693942803,0.11454843615109311,0.13154208712928878
0.08794721946847978,0.08581168609339251,0.34186412554472345,0.11542807897250025,0.10456965564197858,0.0450216125180923,0.06482851078137229,0.07653669879316378,0.07799241218629709
0.08358491559096692,0.15077948388886334,0.11962403759772383,0.08993282354253183,0.08728633976775398,0.2430219864250117,0.03759040981982557,0.09938985051343367,0.08879015285388925
0.10887072591793867,0.10343563145491942,0.19807644009761619,0.14024189867229217,0.12195479698671567,0.0510833885960705,0.06717300426794655,0.09847889479374423,0.11068521921275647
0.11298051440518135,0.1665918974371379,0.0148622029922268,0.09221970309747198,0.13017419477185663,0.1369280947132923,0.1370913295079067,0.08686259133124023,0.12228947174368605
0.1135031260553348,0.10377376998191523,0.276245826362636,0.044051265288986764,0.15988825225999334,0.037370908556178896,0.0635458260309664,0.09038848791435523,0.11123253754963326
0.13613318335079758,0.10224395023020756,0.1949162347000691,0.0945619638683059,0.0925770294314246,0.03096496081502735,0.09230458465727549,0.17003881907741333,0.08625927386947903
0.13609561195650144,0.05246728070160197,0.0598670214072858,0.12208946141680695,0.1915318893890948,0.04414665547401142,0.08948261210411203,0.125851924782821,0.17846754276776458
0.08402106646985792,0.09423536826597134,0.12479971102172911,0.15372264658314513,0.155609169412914,0.14083816004281688,0.040931159869651505,0.07615491140610432,0.1296878069278098
0.08148197117437576,0.1013184239208168,0.23773437903018158,0.09450568177111777,0.11809840649958743,0.1068150681622881,0.03621745355640407,0.09238901720336738,0.13143959868186114
0.11363115864817593,0.12098763827803131,0.15084098918555666,0.11218630092651886,0.10173352654060147,0.10735883482823577,0.08470855435223999,0.10776298422952418,0.1007900130111158
0.11235269605482068,0.06587519643885432,0.13277163816533366,0.11522273052160115,0.11520785343827426,0.07932916496530809,0.11405481442038333,0.13144240236843577,0.1337435036269888
0.10974884753282639,0.099303086787398,0.0427698661310005,0.13182296299453838,0.13452280869052743,0.1003372056409239,0.1931318045744129,0.0768821203473604,0.1114812973010121
0.09963739371649422,0.07907287086682674,0.10235919730081892,0.1426309719375549,0.12792146891344144,0.10910856500738901,0.05659625769366317,0.1541178247598379,0.12855544980397374
0.09969121254729217,0.11702542253799626,0.17372411954546596,0.1276444954422944,0.1802860796723733,0.055312536819496855,0.03299195564720278,0.11307911529126295,0.10024506249661531
0.10816609314290752,0.11692490113861705,0.03220722370090439,0.16403715916194364,0.1281556094817093,0.09470171332710291,0.11948419329024039,0.10359815405475721,0.13272495270181758
0.1335922351997584,0.12609183390056253,0.15020878376731592,0.0923034112677707,0.12010531840488699,0.06338313351549692,0.07718599339069307,0.12470837209717124,0.11242091845634421
0.11952020989306532,0.08060927128699336,0.034253808590481605,0.15197715538444354,0.12218083208607446,0.14672832819964918,0.09165067853108305,0.11522778398420476,0.13785193204400473
0.08680426826396885,0.12508024449281654,0.1306950162242976,0.1753302380854114,0.14467578728885735,0.10022554217457981,0.05094745572955516,0.0852830592992684,0.10095838844124487
0.10626168413573989,0.08569594924100492,0.34964368580349925,0.08521288497868447,0.12097946979243712,0.01508908897260655,0.044469762298196026,0.09019266978634877,0.10245480499148302
0.1223174004705566,0.11674482657400181,0.11573489333666466,0.08561563148445868,0.1448477015523314,0.12315763433423421,0.06531010388628214,0.10039750908298356,0.125874299278487
0.11594749532424364,0.07174257440066387,0.11761280069637792,0.15093480182591903,0.13914884886018072,0.07736934042535057,0.05656265192441522,0.16325133765212407,0.10743014889072494
0.07586509791037738,0.07036808272651322,0.2143418202409825,0.09724244572217135,0.16724142290072655,0.04501149761672447,0.12637158571591123,0.10341481834859546,0.10014322881799781
0.10924465079142588,0.1212835497656421,0.06153012688333267,0.1633215471978675,0.09550942491864904,0.18159389036678333,0.04155213027082038,0.10017514377605895,0.12578953602942014
0.11456309126152424,0.15814171148924303,0.16307754255837803,0.14301583208220883,0.10675074770676972,0.041757985188460724,0.05697359612445985,0.07934134127745422,0.1363781523115014
0.09023417149924384,0.05399884870556056,0.2438619774032683,0.14891919886112795,0.08627174080206922,0.09214443666268318,0.04849861663569297,0.12124312451925523,0.11482788491109881
0.1350615291043406,0.10632556584705168,0.021943645371727608,0.11650151913233371,0.10613385875035618,0.16374665597505075,0.14530753871478,0.09728003587299112,0.10769965123136843
0.12454861082659203,0.09266504190704467,0.20738425179257572,0.07211282150418925,0.14329724894625126,0.0652672525716249,0.05927053303838959,0.09511850505412421,0.1403357343592084
0.10000604002342972,0.15637396670454162,0.07715803571773792,0.107999086101562,0.11718517584850519,0.14708849495655793,0.05628594495122796,0.132136259882311,0.10576699581412664
0.10791364156979699,0.11209813774008681,0.05420035598122621,0.13108738203288264,0.15516579423388968,0.09777316016008891,0.13075606491354475,0.09107983064454896,0.11992563272393508
0.10730206505421358,0.08304782024710643,0.17281598292168718,0.09239939893590014,0.10791591953612643,0.12689124779058525,0.06694685653261309,0.12045626817920052,0.12222444080256745
0.13438785533167322,0.07312699944541973,0.028630046587578884,0.15604956563336422,0.12780266636664608,0.1840683686580847,0.11375974508493954,0.07684557772243435,0.10532917516985935
0.09960236500345616,0.09924186416796514,0.14825069205305025,0.12114363977906052,0.1057946921729691,0.06488771370932443,0.09830218760909622,0.14855013180408083,0.11422671370099734
0.10697005697185613,0.13072775761219407,0.09833401168951032,0.13131752493669605,0.12243736955873818,0.06402103059773137,0.06608992451468072,0.15332996106593852,0.12677236305265463
0.09433219489473592,0.2099025613170432,0.24374334214355017,0.10120208676270165,0.082424037064837,0.03878328487094065,0.07034160250996876,0.07900933070547872,0.080261559730744
0.09297191273983811,0.04936914801985339,0.3035576079859329,0.13351021514675812,0.09126609669742737,0.044525420943018285,0.02355281678640965,0.1418206977388964,0.11942608394186571
0.10452529673366122,0.11234786786258406,0.1349353583141998,0.11214485273199189,0.09398173144960587,0.17894510470150016,0.03995889049511935,0.1282130771785633,0.09494782053277427
0.0651787698817685,0.06701037868793987,0.3675590188574984,0.14957227514897897,0.10392010438180556,0.04388526209091198,0.022904364265321886,0.0724076849634054,0.10756214172236934
0.1009692725299653,0.08038301730670104,0.2532178553532131,0.1598582529220353,0.08162339933940406,0.02625100085523917,0.0745769944454019,0.11654664579612771,0.10657356145191237
0.103063444525878,0.1849742200957115,0.03297592825417454,0.09312733124772027,0.08317704378170633,0.13539122081721003,0.10894148621647692,0.12828310459213962,0.13006622046898275
0.09899954084657732,0.06426101054768585,0.09001689040151306,0.17925552242892376,0.1388081923041403,0.09457768935030524,0.1210615111659429,0.11755701628968852,0.09546262666522298
0.11200011166973174,0.08989646084043403,0.2423655972506528,0.1154888511145581,0.09121377812258526,0.04273678847076137,0.08854236304141237,0.10786767508121582,0.10988837440864847
0.1028223216027704,0.1156577425375448,0.02829594051938665,0.12122406069698193,0.1314589498058907,0.2206396493022775,0.09929316340817425,0.07592034932473435,0.10468782280223939
0.1297283947498072,0.10948488648053152,0.2214599910380676,0.05554187706011767,0.12571225471448697,0.09029109054571033,0.06744167711004066,0.09707872216870955,0.10326110613252854
0.1086715551058862,0.06691510554926225,0.08718134104060571,0.15669823442863084,0.14718461023610938,0.0736402568770688,0.16323238334838064,0.077425440710456,0.11905107270360027
0.13897310238209906,0.1065029696630001,0.03658642697283041,0.08048994508726574,0.11591090403381417,0.126640873359378,0.171505230173888,0.10440020320158971,0.1189903451261347
0.16800765611843219,0.07229650555589272,0.12157675115856663,0.09302786736705547,0.11149482238112564,0.046227526821715624,0.07661376959520692,0.16433158318498886,0.14642351781701593
0.07224460089623384,0.05018193487216486,0.4082587285638833,0.12127026910294685,0.08939998843995649,0.07298436341438985,0.03400976407197296,0.06636299797910089,0.08528735265935085
0.12838044751533315,0.11426408107697333,0.11660663060015299,0.10717543252934043,0.09989774587743948,0.027211503033183603,0.10601402860674018,0.14072607610888427,0.1597240546519526
0.1168926124454306,0.11187174703724817,0.04575742898943417,0.12354488776667522,0.14864672107821666,0.04072461813785112,0.19661883958400908,0.10470035762664635,0.11124278733448865
0.0941844720229968,0.13475509861363383,0.056103317010895014,0.12858432579539078,0.0887190725492748,0.04700631997022945,0.27575549011314376,0.10017569802419275,0.07471620590024286
0.10454654563691006,0.10058516988786026,0.3007055866671753,0.06375717008012102,0.09913152681421777,0.05646239357106361,0.06875829624315638,0.10690771944021953,0.09914559165927617
0.1252111073520433,0.07112022881825146,0.06777740168883896,0.11469078056764663,0.12280965525599315,0.1447676235404647,0.12995970544796642,0.1136241184705849,0.11003937885821048
0.09277515379183991,0.12549873322440805,0.04969321005715275,0.13925595522470144,0.08489290600705546,0.17067316473439373,0.15325329743297592,0.07482551222322555,0.10913206730424717
0.10707638567794343,0.16716171743773134,0.045173135738090446,0.1447205244291526,0.1100532069484851,0.12510348833943707,0.0930389807580913,0.09445126146319675,0.11322129920787204
0.1001960190212149,0.10740182383209923,0.18893309544351533,0.10674741752556216,0.13063817926486732,0.06706379541967637,0.04322536654787071,0.1460922706521041,0.10970203229308988
0.06476995739716772,0.1848911174506667,0.22159098860651816,0.076500541028164,0.10752000860212718,0.12505987201295066,0.042799722606357005,0.06670709222502619,0.1101607000710224
0.10292699177670096,0.08785322568169442,0.025069104353256683,0.17295563785488946,0.15980464553554297,0.10249353585178701,0.13267480287148872,0.08474169626327926,0.13148035981136044
0.10213172711894929,0.05604654380759516,0.31583865447308856,0.06940491494089267,0.09606119326058815,0.06456744268291088,0.03326807535762815,0.12292133383798771,0.13976011452035952
0.07948450607901349,0.09298590658863286,0.216863315541422,0.12269319106886516,0.06671217994050463,0.1381824993324493,0.03146956661712275,0.18104925150278492,0.07055958332920499
0.10577519272605444,0.08440254223683086,0.12972576855778464,0.1522711077821294,0.16038608800581544,0.07270002736178093,0.05801653987731554,0.1209013045972094,0.11582142885507933
0.0901580495379261,0.057411045734923914,0.18533139883587513,0.12429077312189651,0.09607147556507849,0.1338671607617334,0.12243095637290895,0.09556306301477403,0.0948760770548835
0.09231451644268385,0.06808712154603723,0.30919436377372134,0.11253610019594196,0.0725128984712729,0.13734775298269275,0.030197976470897153,0.09368622216828826,0.08412304794846458
0.08418139960598008,0.08259121534749969,0.39850780560284355,0.08084501046747115,0.09060480299206325,0.032373131632640675,0.049274246007331934,0.09884445469637564,0.08277793364779402
0.12120689302760801,0.08350168254072188,0.04091373615736662,0.14976039585531767,0.1291297583583415,0.09498783176809644,0.17373836069214557,0.09598884173812271,0.1107724998622795
0.10796225321838211,0.05230385717079782,0.31148894948413525,0.1029570143440513,0.09958245693399619,0.04176130583274909,0.025304671635762402,0.1333290043972278,0.1253104869828981
0.08031494052254616,0.23700167655436885,0.07684945899160954,0.1058528442765177,0.11002930378661645,0.1232196560431384,0.040397716795719615,0.11626179940361758,0.11007260362586575
0.13118393652794214,0.0781733579269566,0.1546978647184961,0.07060799752610909,0.12440912548828231,0.1389772600925409,0.08583461115167192,0.08993287866883898,0.12618296789916195
0.08176102870002949,0.05089186674721369,0.3689249730226171,0.06812495404890186,0.12202001863284029,0.1537539267244243,0.022504837600410128,0.06523963594693949,0.06677875857662367
0.12036912691029401,0.08410337564688668,0.03207216518384918,0.1419205961697438,0.14558294830339838,0.08604519920879715,0.20508264082052396,0.08046974024537769,0.10435420751112916
0.13103226938865756,0.12631783603077276,0.027951834158046793,0.08813458293002663,0.12801800837643132,0.1814798757760804,0.11734186030598764,0.09370757468636211,0.10601615834763473
0.10273187188839135,0.1067230585109082,0.06596020971155434,0.12136262848300712,0.10911270612232997,0.22380154038233532,0.07782783166715147,0.09511039448554527,0.09736975874877703
0.14466400675785462,0.050861113325231196,0.07277242794585591,0.11400306458398961,0.1296797665238806,0.18044074330584794,0.06155005825589483,0.11276596800299461,0.13326285129845072
0.07952086035060502,0.10188907926691826,0.021701102229153224,0.13984868882724455,0.08854847449958557,0.24962140047475426,0.11518862908295448,0.10189611245902569,0.10178565280975897
0.11205232345033943,0.1936581868550983,0.09311151306196248,0.0748346492349274,0.11565190740380449,0.11450019191198602,0.07140216330389544,0.12576519571014558,0.09902386906784082
0.08738096453410223,0.13721337970526046,0.1541933360711649,0.13390882647984184,0.14527106966293105,0.09222662042008785,0.03688191981656957,0.06833803605111853,0.14458584725892362
0.11181864818438148,0.10748581354579186,0.127194341996788,0.16219275895251883,0.13107290712854838,0.057450125559118305,0.09720586478554326,0.09368085411171302,0.11189868573559687
0.14071134519980605,0.23374245080557265,0.13682039383969058,0.045321362256364656,0.09749997170323042,0.057325840514297656,0.061004860477876205,0.1182619546922797,0.10931182051088205
0.12149445213357957,0.12244800928496914,0.026450887862560658,0.15287431419086395,0.0846824219833085,0.14038307805709777,0.15199535309945109,0.08679460983289235,0.11287687355527702
0.08975598179417156,0.12522684571536996,0.18912832144910893,0.07068809341481382,0.12023996460317721,0.038072748627214444,0.12316175269516845,0.14736440374591236,0.0963618879550633
0.0871053893609444,0.07994417720788598,0.3986639895584487,0.04750627921245926,0.09860494888618816,0.021046320025263687,0.034704227341936573,0.12469602692404265,0.10772864148283072
0.09700505331922826,0.17479155242705305,0.033538322444068784,0.11706714472845448,0.09203768532713356,0.17258290486658281,0.1315792441165348,0.0725517773085728,0.10884631546237154
0.090995523340953,0.08758535188645933,0.1367568327763222,0.11698169434745657,0.15502760230782545,0.03985998632851543,0.04252127162447006,0.14047204701600247,0.18979969037199554
0.11735580763670862,0.12501504652774773,0.08149080535635476,0.15356251902481188,0.1273957153238179,0.09557446029352146,0.11804831190659297,0.07866897398799426,0.10288835994245034
0.10685516169676816,0.07960509348285476,0.025846659309758435,0.14638663881286387,0.09792298888182671,0.08030884465387253,0.2778561087100452,0.0909519263665966,0.09426657808541374
0.11835880242726442,0.05539976550370292,0.0631974203187849,0.165066777412724,0.13881131845734881,0.07102096344688023,0.16393035388829702,0.09896590757938939,0.12524869096560834
0.1001914281849613,0.14997100997366317,0.07346331461955025,0.1544079707298014,0.14940733137994164,0.08323758476775286,0.03894549653315787,0.13240282046544946,0.11797304334572212
0.10357741717084634,0.13058782103856684,0.12365962037708228,0.12909092677922918,0.12497436067268868,0.07942071565782184,0.11370255047767301,0.06623751704356996,0.1287490707825219
0.10405230545751441,0.13075309682970368,0.16763179447335375,0.09567939993834058,0.09854651315810331,0.13898428824660303,0.06640862192727043,0.06763165667535334,0.13031232329375744
0.10352883896905184,0.12247066824532822,0.020192584341407954,0.15329528668611744,0.1432081513923787,0.1265508368684382,0.15303403036720906,0.08335829190829595,0.0943613112217727
0.12294407522829409,0.08297639265799635,0.10557355736659794,0.13233175480452145,0.1435461194429214,0.12958865668908384,0.055958727891852654,0.12168967258858891,0.1053910433301433
0.09022888955537682,0.13256062658334086,0.1877095693640777,0.12440347372516547,0.06454997911839476,0.04928727988360343,0.1555223259956133,0.11090618721836848,0.08483166855605924
0.07655139696040714,0.18830103821333735,0.18360915709580902,0.10841968840355432,0.1070859487103107,0.08853515382010295,0.06109283442694085,0.07324850292311712,0.1131562794464206
0.07343791313939803,0.0940805078790022,0.4004860691725534,0.07154928626376875,0.1020489563669162,0.04911129378811278,0.07120717156413262,0.06769644365655118,0.0703823581695648
0.11634245673052464,0.15360293999044514,0.025517398968080852,0.10720765611182859,0.10190806194890023,0.12177151159440817,0.16417686044287794,0.09974361212194566,0.10972950209098882
0.058953232177006216,0.03164294781371512,0.47267510471154567,0.15717340423105355,0.08450320031632504,0.025479150116521177,0.028378406335919027,0.06733001657964026,0.07386453771827377
0.1082133381164639,0.06693041016547524,0.2816241557491652,0.1069870706954182,0.12420656850938944,0.038323584788756325,0.07289241345441066,0.09559198422869779,0.1052304742922232
