0.01051579034255752,0.011969624272485423,0.20579554211188153,0.1447567604182161,0.28280675257531335,0.014889501217079245,0.015103579747452724,0.07474144679876644,0.23942100251624762
0.07659512815693546,0.11559919735642349,0.034335796899391834,0.1886590542963379,0.06462219924121175,0.043557127045995146,0.29395070208881036,0.12394114848501554,0.05873964642987864
0.015299831316727788,0.0735308093915969,0.060392074298885046,0.013819455133620623,0.23413323322087345,0.08515945355763466,0.11232883135823406,0.035651830064843286,0.36968448165758433
0.02780830636366557,0.08389964170077492,0.09753791358738773,0.20918298775812771,0.06290570148892156,0.058406726156355095,0.07515845253833399,0.041020254799518784,0.34408001560691465
0.5560504055804004,0.040642566198788706,0.03302831983656368,0.06864041081226596,0.05818631751170888,0.11298247659985929,0.008284747560532818,0.0755540603075364,0.046630695592343785
0.6262921882072017,0.0776941387904974,0.01518263090039345,0.09505264754516389,0.03700559924992397,0.09541173185771963,0.0058576391209942645,0.020503363910260336,0.027000060417845386
0.04314627112293571,0.29283745483920104,0.26292803733119474,0.07584145099692746,0.09076932110759395,0.061337374217531916,0.01076952787736056,0.05221372438862482,0.11015683811862982
0.04133142527010569,0.0397000725685713,0.16328856510828402,0.019284199335040362,0.00948102830499207,0.04469554369137944,0.08995044188515484,0.5664667447521688,0.02580197908430343
0.018390522904253557,0.3135597786628271,0.03323082068413384,0.05744953732809103,0.07724264323935469,0.15228011992999596,0.2588281289381997,0.047955902360821395,0.0410625459523228
0.03876194897677645,0.030282632363947595,0.08734666124649998,0.06382162461506757,0.40889662950113864,0.08028115144729642,0.021844547283713957,0.05494151902233153,0.21382328554322794
0.523895235874079,0.009279161737565815,0.012970268031056727,0.19881604541001832,0.029226996459464128,0.10234759628256818,0.04102337389974791,0.03603907092461452,0.046402251380885225
0.11109899077029554,0.14469819177632634,0.04491197868087272,0.19550221078877925,0.05525585228156063,0.17840932933384704,0.059562938728432706,0.10878675944759157,0.10177374819229405
0.137489134007025,0.11858179985361904,0.025508933607298775,0.058561833554178815,0.05359395699483499,0.26450987080946176,0.19283688135146917,0.05109039061563352,0.09782719920647887
0.415379114606148,0.03404853729276475,0.06778585405676098,0.1200468792855241,0.02429122420931627,0.2412704017773152,0.036643053347023065,0.032459842824012465,0.02807509260113512
0.06867174752072132,0.16018373271945852,0.09908239037778943,0.20309056943032114,0.059812362590947944,0.21822420316662525,0.051389745988249635,0.03488254891832001,0.10466269928756673
0.021519996547565607,0.5155646673496425,0.07676326962224288,0.16828212879611562,0.06375637863324538,0.06180669908623002,0.044140578194017725,0.00982966152516195,0.03833662024577848
0.5756675754599224,0.028980900699745533,0.026974764935603187,0.05189729636084726,0.06055202855046666,0.11782124725277249,0.033944238104092084,0.03709364296313195,0.06706830567341841
0.06464412244560303,0.08059465367029912,0.03524978601826968,0.10089770547485603,0.10766187202653983,0.14736364156499068,0.1378761294898713,0.05730590758375398,0.2684061817258164
0.070657059707821,0.07404622184892405,0.08207434676576948,0.035824027434704565,0.19489053243314877,0.1440922057205832,0.07421378253060949,0.04855936699516011,0.27564245656327935
0.029950824177758666,0.14801946977438987,0.10472733233093563,0.09181497054243072,0.1557472133064979,0.05251460190993953,0.04403680449805217,0.037032751387979734,0.33615603207201583
0.06425798581100649,0.055783147754565526,0.024477935403570156,0.032719299295319026,0.570223289491325,0.07779704558702165,0.039926095681096806,0.02763741863711916,0.10717778233897629
0.10201655310913388,0.08728677210645876,0.0362111529290906,0.2420711491109837,0.26220668204064185,0.055718834589297654,0.09553716079929793,0.033907309468668836,0.08504438584642678
0.040637042558135425,0.053052352432826765,0.10770483507497053,0.040353402239169944,0.06387603264070796,0.2854530459144972,0.22544730976529906,0.024027320836747103,0.15944865853764603
0.03910181490681119,0.023487399845895887,0.14580560699087092,0.07209948528154655,0.06093647052271295,0.03528131312830157,0.12048066548886982,0.10566785786563081,0.3971393859693603
0.08541376436720916,0.1721148317940625,0.062275097803734046,0.07896843285241532,0.11868164603813404,0.18516013046122848,0.029400662334459173,0.09143168520592494,0.1765537491428323
0.021480443713784603,0.1540029127596051,0.16497882911477726,0.04863343243071135,0.019506740966280675,0.2561716715932782,0.07174798506445056,0.04160005340986427,0.22187793094724798
0.05012006956484471,0.0851624701222643,0.06805501707468653,0.19881161650795373,0.07660667807826597,0.2215964767408536,0.07377006120096852,0.044493764969090015,0.1813838457410726
0.0856126843283203,0.05484397311385506,0.013560593731029913,0.1891045450955554,0.12347869582752986,0.3771552499105475,0.028309399038367617,0.05567142429060279,0.07226343466419159
0.07055752429735396,0.030482442693330614,0.03733917500342756,0.08919908366165878,0.04866219643911052,0.009660804982242147,0.05137053000635134,0.5593843631740886,0.10334387974243653
0.03282966277787715,0.12570821059972692,0.1436329249720288,0.212269084309242,0.04017295818127062,0.24603619651682831,0.1194995925950933,0.026681565788953022,0.05316980425897994
0.023840229049370377,0.038095360889608944,0.03136587451434101,0.2280331197544907,0.25769576329915767,0.10980570383711563,0.054194117930394047,0.04242380902492957,0.2145460217005921
0.016703346654120276,0.054818822003722324,0.02368036140368639,0.4205536212647633,0.14523594501791173,0.07262397985012291,0.05383369402347008,0.032976455591997,0.17957377419020606
0.6293183711589433,0.03503459002458715,0.04754615473109569,0.02649806918616071,0.11365490693630949,0.03464394448321416,0.061423884018287744,0.03736067333846316,0.014519406122938667
0.614566859378007,0.02739886772545232,0.01837673326252219,0.13715717263056468,0.01698902949177407,0.0210926997471275,0.11391842009120617,0.03502713198341041,0.015473085689935662
0.08666679951085314,0.03912353528723617,0.023454367889967093,0.16333401284474858,0.4155477163238426,0.05978451703016236,0.027770027641759232,0.098839663743628,0.0854793597278029
0.19913633743197381,0.12813226560593152,0.05059313713252334,0.05220745395938734,0.03187733450459577,0.20203417462844497,0.18994048029259755,0.08915964013984286,0.056919176304702744
0.0470882924990848,0.2145707679159894,0.01677459032076796,0.34203218602918195,0.07520004564469444,0.020791999205066518,0.020857458284939262,0.04094116753985982,0.22174349256041584
0.07821434344236144,0.10322436923824603,0.042896537082683074,0.3308871283527804,0.060832207123845405,0.2905931847814552,0.06066084767051531,0.008804047432270654,0.02388733487584242
0.10462823997248531,0.20211420911569491,0.06925702277254736,0.16267307254989305,0.038114733141320044,0.16897864946708074,0.04354386078306336,0.028757737361475928,0.18193247483643935
0.5624431083951555,0.05327375667616622,0.020518442830648284,0.04701782362358814,0.020208910423806237,0.2259913981992908,0.00800736989504786,0.0252825218484282,0.03725666810786869
0.017014030951568494,0.40760941677377094,0.05041826759223648,0.07580271866857097,0.02741447855868453,0.04198047555104454,0.2639993389677939,0.0487678708881506,0.06699340204817952
0.0886495394945308,0.20247233027798464,0.06229481507037857,0.13585292406557317,0.08905796953127404,0.1229540457066049,0.11261431130502837,0.10260740142051716,0.08349666312810823
0.14591883244389983,0.2529668630125575,0.046054384013066385,0.1564230318705897,0.08064837442841861,0.12610711572425712,0.03062879903227049,0.12360983844190032,0.03764276103303999
0.5143512419352628,0.07529188878969609,0.026258375942118398,0.16051894831071625,0.050961420289839056,0.0425714449276182,0.016079328465246824,0.07501901523692349,0.03894833610257885
0.04122710687506864,0.042351933934961096,0.13387102496896222,0.004114078844780862,0.092188291382209,0.014953535790440559,0.03436523051170334,0.5310652941388447,0.10586350355302958
0.09959705296133183,0.050555216916398825,0.2870491079646671,0.027180300264416795,0.14530374276462463,0.11832830673804613,0.02542019906057714,0.11679412030410295,0.1297719530258346
