0.07010126288600405,0.11804370997495606,0.10379176977822036,0.20939008356295039,0.15709439006676798,0.06262904573336643,0.11355095699244667,0.11174760806646876,0.05365117293881936
0.0900453560584587,0.06208067410021959,0.18582614944924902,0.10952064229424431,0.08213924498755361,0.27636834694828954,0.034403774398792976,0.12131360948133509,0.03830220228185711
0.26314515985300546,0.06452704657226727,0.20030382791801807,0.03762906978173925,0.120871551302418,0.06578599751606244,0.07462653193713077,0.020722292463771,0.15238852265558778
0.06613578583369462,0.14739161184876134,0.04503233572890236,0.23423694374698276,0.09906463507163316,0.17356429829508535,0.05156622921246575,0.12706328696189878,0.055944873300575904
0.038317475270060804,0.04412439581844926,0.14334246750684854,0.12009454819162342,0.06702225164048349,0.028865773027442,0.36969565879741806,0.14516571513290905,0.043371714614765404
0.09257332671150609,0.08136480025776253,0.05801733659789878,0.08846628549481277,0.10378512859305312,0.012078093521767927,0.05087163863068891,0.015451231520024436,0.49739215867248543
0.04038271636271957,0.036504369251784886,0.07150574825263668,0.40698253928063616,0.11897129843700377,0.14071186869510774,0.06318553411154652,0.08451124620452792,0.03724467940403674
0.19866382936870405,0.07822223155836616,0.016746234993723262,0.12081802643651118,0.03833419682429068,0.005160545625587104,0.04731151625841538,0.11665081450505234,0.37809260442934983
0.04691810153949211,0.054486165038851286,0.019560049827844386,0.1916320913997589,0.12597798300569238,0.470424264977739,0.05091029309810944,0.02457491468887464,0.01551613642363793
0.12696491640754384,0.12613262921101107,0.21809130022524303,0.1920427383498644,0.050683972918088495,0.21545464097676492,0.043932987876742324,0.013121933619475612,0.013574880415266255
0.05759429316880076,0.08427512701439328,0.042064545474305416,0.029059735308146633,0.10737194491305861,0.010872852871060752,0.03606089184274647,0.03580051665597966,0.5969000927515083
0.21590166233592192,0.09088275652425244,0.07254228242551923,0.10028387568634838,0.07759288644355943,0.08378530426112309,0.07352372956741059,0.07653425668075504,0.20895324607510993
0.07031153743128951,0.06271125615039563,0.026305452791524065,0.10129358970497238,0.15943838559755588,0.02394023977380008,0.1966218512984014,0.08648331650075901,0.272894370751302
0.14841694320016782,0.07077392315007693,0.2012176933525388,0.31554905581464704,0.054964618348158606,0.09794673287001672,0.06372163066270163,0.030277044534480782,0.01713235806721169
0.06398595564181377,0.03468132312721964,0.017088669011746164,0.2021580617906428,0.04465588591598522,0.44605691055474245,0.061895521995172974,0.10419881684643269,0.02527885511624431
0.04234926582716001,0.11353260500368394,0.05597792552588673,0.11253938112182582,0.1329135556220072,0.07800363616776429,0.03146270769931112,0.0937453344308104,0.3394755886015505
0.125567035238243,0.04761519908880015,0.06182168686599049,0.03789437460025913,0.0581219073185982,0.02450698648371123,0.0724334437055895,0.5124703643023529,0.059569002396455406
0.09905261053736085,0.07287742877924099,0.02986390267017328,0.041006834843030256,0.10029422723408275,0.01994809756318825,0.029197760326295206,0.0618392120374591,0.5459199260091693
0.1344824234099485,0.06983856250243893,0.05023385211018631,0.07255031923136009,0.16834881986694136,0.09992522168578193,0.029815489185217776,0.19676533694768059,0.17803997506044458
0.09055806617815831,0.07411897905560219,0.1218503115940629,0.22777977710046485,0.22825233230759553,0.18831629802953223,0.02844550126837625,0.02023489087170696,0.020443843594500657
0.0349625891716688,0.06086945986761686,0.017565330231601308,0.3511858376257971,0.11548270389078606,0.028756791659535413,0.052607959167759656,0.012926273604732337,0.32564305478050243
0.04697757262273259,0.052697170040444004,0.03938488175171886,0.3504744447815866,0.04681457213284759,0.3133639435324034,0.02991975831111802,0.0994000895108026,0.020967567316346303
0.16030956283021286,0.06582602458505493,0.1307011629809664,0.08609474641725195,0.15698694724558226,0.058391740708800516,0.043255124087069496,0.22597037471584683,0.0724643164292147
0.1924870516980899,0.052260022197088356,0.23708905701080166,0.020442004682694286,0.08531122232766887,0.1559871831469183,0.07674645148457421,0.12266907284837612,0.057007934603788335
0.03113902185817557,0.10404319997489399,0.09689098921526369,0.01692106419880504,0.0728163454305394,0.11786457866400869,0.1382514672383707,0.39191178533026677,0.030161548089676266
0.063081340095338,0.04556572041009863,0.037677918699307235,0.2814812172981001,0.0579872303131919,0.14010805608847496,0.025619569439379403,0.3190523473131746,0.029426600342935125
0.06950784521816775,0.043163471965918056,0.05788844270786983,0.4315145224319879,0.14416700677429264,0.07232007989587894,0.11157220492735859,0.014366502070493918,0.05549992400803236
0.036545629415647006,0.03560908001204299,0.07726555490091284,0.40992191865031424,0.05290913206456032,0.16041065889757136,0.06550560329732705,0.14305720999244473,0.018775212769179362
0.028157093975805857,0.026036724798759025,0.07918367493939027,0.2713969940985002,0.17120068243602626,0.26411430287073406,0.09931953294899637,0.03222236344823407,0.028368630483553977
0.09901661089159224,0.048451958491586934,0.05402074397771661,0.18260347797962403,0.0498898625374482,0.4303270742447882,0.04529259627540778,0.07421892540675018,0.016178750195085776
0.15972088136520118,0.042984018102818544,0.14512366329764545,0.14293170916105488,0.09098565782332181,0.006522847696188494,0.06434797302301544,0.07999360676806479,0.26738964276268945
0.04461036237103605,0.09260565506064204,0.04274757120451312,0.04620694688432327,0.11030832782636447,0.021153697234048464,0.03034229597852031,0.5410001656553897,0.07102497778516252
0.04394745254549045,0.01910425548177494,0.07440372245922965,0.19686129093311733,0.04893415304876944,0.5283460317332832,0.03552237566465853,0.030484295937762054,0.022396422195914478
0.11923718144110586,0.04073832576040625,0.09466969705875568,0.1598570724211232,0.06716433876782281,0.23969573511402217,0.04549443376082817,0.18818356294090396,0.044959652735031934
0.047190858094059956,0.018028454446796016,0.09301687778252825,0.4124725498734785,0.05532213238652123,0.29001307466273357,0.016816694989556444,0.05166186281461697,0.015477494949709127
0.03094718794648169,0.09987620905376542,0.07509923478819384,0.34066823684904207,0.13296855614526293,0.1792790209660469,0.047823933736649615,0.037313567239058064,0.05602405327549947
0.03981497201679457,0.017480413436337675,0.018362641215420306,0.5538834981395937,0.08031567216627307,0.1915214240746672,0.02453493558997352,0.057981872376870185,0.016104570984069724
0.12528312136486133,0.22749234081054448,0.10328070292454504,0.06667528934762658,0.056130329204050866,0.07370726429163309,0.07571846839300501,0.216261366926248,0.05545111673748555
0.03761144388838481,0.009116639400140951,0.09990335422951924,0.5215845348558555,0.04303460063163991,0.19641195515776558,0.03299297091189091,0.035385326813201314,0.023959174111601617
0.08054655589266611,0.1413666315100187,0.061683426391881103,0.3168733442383609,0.0942370849989191,0.004967029397424269,0.04195043974152296,0.04954352926176253,0.20883195856744433
0.10296799064753194,0.02231031090217522,0.11117380109107033,0.026136297110962336,0.09650031146381947,0.026855803971520518,0.0300991017065526,0.5417803466148513,0.04217603649151621
0.080226919858427,0.14403773921254168,0.12538008027144346,0.1839252247284184,0.09497327731770912,0.1095238010077369,0.09885622726122399,0.0917180492143257,0.07135868112817378
0.11165359083930058,0.06515639433660107,0.02229768972535445,0.05506353851092238,0.1335870576110629,0.014125110736991882,0.10287490969457565,0.24918188614773107,0.24605982239746005
0.026552843242386662,0.02864876365661514,0.057289904112902634,0.2081159426022566,0.21390542921206332,0.3290582065899043,0.021803710747279298,0.08796578802820916,0.02665941180838305
0.03515684857036234,0.021246211189655567,0.07077704777781596,0.22244778138009413,0.09738135840956967,0.48944642313393905,0.03693568558768992,0.016382291386808013,0.010226352564065391
0.08467260833509233,0.048866231653310575,0.05145757654722655,0.3497583706277492,0.08042753659933656,0.21674991665051127,0.06340435305636205,0.09486046336004596,0.009802943170365537
0.09142047695661835,0.15420260679144435,0.0660946470343635,0.04046838792775941,0.17795492014801514,0.009713903517199458,0.04001744847032743,0.008182059751215146,0.4119455494030572
0.029336274561081437,0.028918661641949003,0.1925409584811628,0.31540425350650336,0.0789915479032931,0.2164807599062051,0.013519839703724832,0.08768345565433223,0.037124248641748146
0.0816612367226792,0.04571820924021902,0.12806250062082658,0.3468878840708161,0.045696773412000034,0.24089163020784207,0.037895449505929595,0.052667919880131954,0.020518396339555534
0.058316001503542346,0.08369128932610413,0.04505994545062252,0.25710661843263777,0.07937615627744511,0.14573062219742616,0.06394547395566881,0.24323316675729376,0.02354072609925933
0.08174087943814069,0.025941554614771753,0.020113144730746563,0.40046191819539834,0.07486723677954821,0.324374702347283,0.03419866802300428,0.02681644777712228,0.011485448093984801
0.09169679031026186,0.20374174509560614,0.06330458010827722,0.06788127860065213,0.04602301231219281,0.2342681692478369,0.09708239540089714,0.1626430814099468,0.033358947514329
0.42356576958575776,0.04931807974062266,0.13457796931705912,0.033382956432559695,0.15801404058766677,0.03535133285285907,0.0701966545618188,0.08436774961823283,0.011225447303423322
0.05716521086651582,0.06785945074904444,0.09335677776642,0.04121719986242198,0.08871416620724333,0.04536719304167116,0.05782728765869616,0.4929181949427681,0.055574518905219056
0.07354137881173582,0.042845826506420416,0.028688604248396903,0.12649336317270923,0.1397709147130274,0.38594090368368006,0.06045653472280976,0.11438928156669396,0.02787319257452643
0.059639841156038396,0.08408580180511761,0.0653890594805265,0.04176522756396676,0.14622098333714198,0.032395203339224826,0.2764139804206805,0.17094830336943959,0.12314159952786385
0.1825565112710996,0.15312210852902083,0.02111471277020092,0.05011562593797786,0.10172780886982336,0.048420736721700726,0.060402565536844886,0.13567599637724856,0.24686393398608328
0.12982133531924112,0.06543684245834011,0.05515031289219679,0.18604259345155558,0.12695772712366885,0.16250704128256485,0.08143194782105363,0.15378806925462693,0.03886413039675209
0.08844174047488372,0.09407957801627276,0.16948997078017689,0.395917066888609,0.060760366353000424,0.026793075316691284,0.10231665680865008,0.018150897610997183,0.044050647750718645
0.03825734570611762,0.016736659302368586,0.053833638567646475,0.3512298943395471,0.045219819246699856,0.4205308307460524,0.027672887750505675,0.030888375301745038,0.015630549039317248
0.07763575069753677,0.04924530585143471,0.12014949384741268,0.03881714709340616,0.11096391411658701,0.03384408790929693,0.06050989110257791,0.07192044211558152,0.4369139672661664
0.0879919095972123,0.05122366343181003,0.03567882464047331,0.3702383435317185,0.06987510296693163,0.0277968515428715,0.068958857968742,0.1558778314894602,0.1323586148307805
0.14852533816822197,0.10168184071079613,0.10025596630135598,0.03880254480112902,0.07741315258811222,0.1287469150000714,0.11147999137393626,0.25351247231776847,0.039581778738608506
0.08611796205622967,0.07064506684241072,0.03651729394915621,0.2583810248134666,0.059993123826227734,0.3976336644180451,0.05008610635419708,0.023768138113636223,0.016857619626630668
0.1092648341272663,0.04420969876250625,0.20118563222957253,0.19692524668120012,0.11743301762663146,0.06064650816075277,0.11630980009603281,0.08084150999838564,0.07318375231765205
0.07422164333966431,0.03556916138023248,0.24354798193657054,0.11358115009101888,0.12023026600565279,0.04542429044497346,0.0405867580298902,0.12746401186373302,0.19937473690826435
0.02780328660916587,0.2207686808106564,0.14552638303497137,0.07258998182447866,0.25941396525132043,0.06722619766368321,0.07719405303041389,0.03227376378695032,0.09720368798835989
0.050933280235541036,0.40881511873515386,0.04972241973790934,0.17432786033449774,0.09973056195099893,0.07160753983182576,0.09751612054670782,0.01972408507023005,0.02762301355713544
0.06614986085654713,0.3377551161450127,0.051536381420929166,0.1538211077016373,0.155432514039356,0.04356345581698027,0.0766619947769989,0.06941774376062441,0.04566182548191409
0.09900486167322702,0.07148260473817016,0.013169161001964266,0.22651214525375177,0.0723748937679549,0.009535070600835692,0.059999121867418605,0.01616486323530042,0.4317572778613772
0.0672905661770901,0.05049448074096091,0.051680474951511825,0.3488604851250609,0.07463926174096193,0.24016356443478867,0.04384593676715229,0.03405893245735803,0.08896629760511525
0.01009863063067862,0.11533639505405917,0.06885067011304276,0.4185213652798696,0.08596595982268485,0.029847333707411074,0.07318540656483255,0.14661182632807554,0.051582412499345816
0.035304759214252864,0.07683919741272927,0.10717709252865752,0.5132822389544665,0.11621795864417657,0.08608537349377887,0.04078583166163381,0.010976666263685403,0.013330881826619354
0.04919498909411529,0.10516227736620694,0.15216978890074193,0.12517280841586642,0.10934052261082798,0.10557295722870601,0.16743754369942443,0.17524531271704316,0.010703799967067789
0.03622439288165985,0.10402535620117011,0.0307056843331686,0.08833747611484906,0.08297067818366839,0.04710459676892545,0.24162159028405805,0.3410378775456522,0.02797234768684832
0.07014536164107428,0.025310351568041844,0.02084337595910708,0.35573561535083814,0.09586171321648584,0.3587730365440373,0.017566061994497773,0.04700288691505348,0.008761596810864407
0.0624248699778015,0.022582802749846892,0.03155750028352672,0.292170231560878,0.07756169669908507,0.4542151064931304,0.01173865437178769,0.04009222676303994,0.007656911100903728
0.11173964760315443,0.03359057762725972,0.06791219811229186,0.17119751605270858,0.20388910914130842,0.1898334299011506,0.12248958981973508,0.05422875142239939,0.04511918031999185
0.028773384843237174,0.18696540309993018,0.024200718052171628,0.4623982016135179,0.14714835936239493,0.019511161431312655,0.07937928672194748,0.015808475605824577,0.035815009269663446
0.27258542291573634,0.08923055711588242,0.1301993147974941,0.17723668687822378,0.05859046989744867,0.06692411094786672,0.0876034511778974,0.07597279794270624,0.041657188326744275
0.048302145803535264,0.07632536537995638,0.13532001336742386,0.41114732670599796,0.09562705933975567,0.08282048649739121,0.08934651980479753,0.028920660458512878,0.03219042264262923
0.09195849933545507,0.027895320747690727,0.4089507110676405,0.058928209993090154,0.09990050373786952,0.12229623124374267,0.052181409848924894,0.1227321938833361,0.01515692014225034
0.228264720717253,0.10669452014730972,0.10528326090346583,0.13901963572391393,0.12004960593343483,0.17190937547260118,0.06277557610361706,0.025236438876150596,0.04076686612225385
0.03274201477900741,0.33973135896529305,0.06706242051515163,0.10257332107973288,0.18971768395974029,0.04561995461568521,0.07221213910141401,0.11205107853511935,0.03829002844885617
0.04490108973631807,0.018957892829860674,0.015803866758479727,0.18887721600133547,0.059021933434920563,0.47041418031296667,0.04738762204515909,0.10675585790773473,0.04788034097322499
0.21241171988835897,0.08055953507661823,0.16673464696217044,0.03254207259277011,0.06557600062184073,0.043212815145565735,0.0482037467527516,0.30926705013805117,0.04149241282187311
0.052571104382413886,0.016893944084872617,0.03376522765035691,0.35473834429439416,0.04259518572274648,0.2732609265326981,0.0409545457100536,0.17744812656434583,0.007772595058118399
0.05588558372231587,0.2062736280350009,0.11846502931148951,0.1068903243509501,0.16965334575751415,0.06019510150369378,0.11087936840883743,0.1230187831599704,0.04873883575022784
0.03346645703480551,0.022007854059021757,0.10234591806502663,0.3106507948071069,0.08983275806676655,0.2593061395755343,0.053013657354597565,0.11233411190566844,0.017042309131472456
0.49094765926492645,0.06879552045429278,0.015608537206378018,0.059592569647974845,0.12398872833094304,0.0190373314539943,0.023304727372559526,0.025413735796360647,0.17331119047257038
0.04026721060278197,0.10586219488996018,0.5130751143668291,0.042770134856320176,0.11525582157884107,0.01501382669256105,0.11387740978380195,0.015745904128809548,0.038132383100094945
0.01568155393249292,0.04135768626052675,0.016274914325458332,0.19855181705095828,0.18086564964314292,0.4777461749903226,0.02567042607474933,0.02504076025162751,0.018811017470721298
0.08043860799256777,0.15915886191107123,0.17041448773882198,0.021859448942471705,0.12478392057814891,0.01498623440529529,0.12448999904634557,0.1724566075626739,0.13141183182260355
0.07511327325511503,0.015813650184033044,0.020572923224562802,0.39156030904429,0.13906285920027026,0.1404246790550063,0.037857728072926464,0.0747880275490917,0.10480655041470444
0.04890873837315601,0.03436107413507855,0.02874315929465562,0.4325415547368336,0.07584457279021888,0.28747684592570144,0.025426091043307664,0.03597472629009152,0.030723237410956682
0.028568256090586174,0.020263462572372958,0.07545599910376748,0.32720431591645166,0.08008624405694244,0.27367699504708026,0.029568982460671522,0.1351675382080759,0.03000820654405166
0.066570139118444,0.06368131409691807,0.028166727054952555,0.2608260189359773,0.06423005991427885,0.3091284308105641,0.12526637404739382,0.07585276635992716,0.006278169661544153
0.08842570394341649,0.029486213149395885,0.12432857007862043,0.05311204749101895,0.11527381291642376,0.27708778948055407,0.044561115524601104,0.24584772022546475,0.021877027190504512
0.07139350681375875,0.18058862767428427,0.04004768312494958,0.06287188296526658,0.031698205960997344,0.033007726790239666,0.11301051042662948,0.3834594600677217,0.08392239617615264
0.10283299953745195,0.12786238906844413,0.026878116911760508,0.03824237766848701,0.08091560541689341,0.0029932747219445395,0.025431171218849528,0.004000086714689273,0.5908439787414798
0.15581703359872243,0.01866477375094665,0.035731835307032896,0.3669220852745678,0.03336914844716922,0.20691586737398235,0.019336351734056168,0.08418540823176852,0.07905749628175396
0.17350535947724044,0.028600509782242073,0.052301014349882415,0.19559966337936183,0.1509672839032495,0.12444819316795118,0.06518739192005919,0.14254104740461107,0.06684953661540222
0.06051323711276441,0.04951819067407761,0.16681862590193872,0.23313039222071175,0.07185371950980023,0.30054051742162174,0.04004888849573352,0.04478111873469523,0.032795309928656764
0.05037887908021621,0.08688145817888186,0.02609940187335022,0.2920421138760017,0.0724134698299762,0.38975411316170455,0.028963365998104524,0.03930809307865194,0.014159104923112691
0.16686758812239674,0.09250244701158723,0.1795549376516974,0.06507711289741526,0.06725758338050576,0.0727587150092352,0.042731869445115235,0.2903369458376115,0.022912800644435766
0.06820871375262254,0.04554689017311811,0.11696704242069232,0.23144395064725862,0.16086875185059593,0.24371624398225736,0.05069802154335278,0.07155878836194458,0.010991597268157733
0.08975582029140305,0.14911165995933406,0.13207839718853773,0.06042084536227143,0.07434227331944453,0.03321196818471248,0.19207303490623803,0.22188374700869176,0.04712225377936696
0.06623503483561584,0.07233338149650637,0.09210386726377322,0.4318253027740946,0.03832580722556626,0.08357426081616832,0.04805150934091859,0.12614133150565612,0.04140950474170065
0.07607479936083503,0.016169183834788412,0.05702300010685754,0.2608903588993333,0.0459488052934102,0.34406059133315964,0.022462231978228452,0.14849858691163853,0.028872442281748872
0.03056281966499652,0.06766403905568497,0.1242384410868856,0.20814536612994936,0.09607188305735635,0.3676542472699858,0.05758919872635935,0.04031816461470745,0.0077558403940746696
0.04038271636271957,0.036504369251784886,0.07150574825263668,0.40698253928063616,0.11897129843700377,0.14071186869510774,0.06318553411154652,0.08451124620452792,0.03724467940403674
0.16163110605267852,0.19068506569539315,0.19417406425530573,0.09536415481340542,0.12279315455254149,0.0643031174321108,0.04848570629910376,0.03768127641835942,0.08488235448110161
0.19957511608339903,0.0498804971789076,0.02802479446528489,0.1837355741462632,0.1423818100452869,0.1443503478232713,0.05009848664284803,0.06224764505291088,0.1397057285618281
0.06385377025011121,0.10074778312797217,0.06587913403798219,0.30767666011403844,0.07697162502866406,0.2032299307295601,0.05729725742954269,0.08134355661763527,0.04300028266449386
0.06477012842290901,0.27000896588703965,0.0463180096820042,0.01004168949981034,0.15493849349506242,0.024096275510345724,0.10572152404352701,0.10502764420405974,0.21907726925524185
0.06302520026335535,0.04589261145031601,0.06549578202369198,0.1661223600166499,0.11581305379627342,0.3160481332285107,0.07588887558674899,0.06059125731417683,0.09112272632027685
0.0653003331481049,0.03439039814175901,0.06677726629474573,0.4888108920768404,0.17045002733302453,0.051020454311545664,0.020954779836470833,0.052159199633356246,0.05013664922415262
0.030734916218528602,0.08095030226468262,0.06448843738094434,0.25012735277890386,0.06970746416760998,0.29767902906544547,0.11472574283134979,0.05994953278439349,0.031637222508141855
0.21981109330377288,0.11995683851924409,0.13669009294522297,0.020123120530942267,0.13902050712217082,0.08181215074738003,0.11948505487486509,0.10257902443773914,0.06052211751866272
0.055802562743740874,0.016406048006097896,0.015556844328997253,0.351407769823424,0.06796839465763073,0.43070117155058113,0.013913715196752628,0.04054896990746532,0.00769452378531008
0.42476046342439705,0.09955394295821844,0.0647358239187427,0.1351480329670648,0.05231902946297858,0.048687701467507984,0.024246936784263318,0.12169165733066122,0.02885641168616605
0.23217197052414795,0.04890370809164748,0.030335296483415385,0.07385546811536887,0.10772777133973599,0.03489714440685603,0.06835357424820716,0.035964864877658785,0.36779020191296236
0.18399865640440585,0.04428686887332217,0.09363986747611608,0.03147037265623959,0.07503747392180876,0.08058124977200158,0.0716512641622298,0.16388979669844495,0.25544445003543126
0.02441910416375857,0.05147967775554943,0.08049360321851337,0.4430479345029262,0.09600078768814586,0.1562070468197667,0.04896161172825156,0.07387891222711392,0.02551132189597431
0.03737091431156871,0.03345348081921375,0.040724288675948746,0.40107664849664193,0.04585369509115928,0.2981654179422972,0.03177371197775614,0.0650521665727662,0.046529676112647966
0.0712744797528896,0.09258879763169575,0.08843228018528855,0.12343092853264603,0.07750247667403222,0.13821981052821553,0.0905045359497389,0.20943690780421662,0.10860978294127677
0.08907359546449138,0.1601997216854827,0.024974994003678048,0.2635120817524707,0.08857986179573003,0.010548840903869787,0.11465495210458561,0.019838846918840938,0.22861710537085078
0.03601577205476328,0.08630638844377925,0.0396580573214634,0.42690092074589375,0.07776482842722161,0.02047417810484761,0.05050020884467057,0.014610616508339619,0.2477690295490209
0.06343298191664774,0.1976757796957822,0.14995127354218593,0.08834706646977726,0.11561096601189184,0.031027647041404125,0.09130569036315861,0.1519166900908401,0.11073190486831215
0.08663478051863423,0.09592118343219208,0.03047748735540665,0.5368376642403984,0.06500978249221949,0.054844665321269026,0.05895302102586473,0.06076434104047826,0.01055707457353712
0.0525850710088319,0.01831328084330064,0.046238796104051044,0.24876338436832282,0.06855226933092334,0.3063589099143258,0.02798509258897106,0.17147593204549372,0.05972726379577961
0.3125701617351934,0.12929456064802208,0.10115247302170122,0.07876619243628863,0.0728312474347036,0.02437407231692718,0.021500854646510404,0.06790389252871007,0.19160654523194345
0.16704280144524752,0.03899944332801304,0.014307710047850765,0.030287335382161978,0.06365464883608914,0.017459821552526202,0.0784840535321314,0.49619688462299233,0.09356730125298751
0.1372944187770732,0.026223745694456308,0.1283896360715712,0.07617952171143376,0.06212925557453064,0.03430028743050887,0.030525203105887577,0.4656703367210673,0.03928759491347119
0.06813012373086548,0.05050568916127631,0.04179471113403969,0.17121008948235236,0.09098323948517885,0.18927698105935223,0.17387998356769918,0.18991088486013286,0.024308297519103073
0.13011244893367044,0.09321232659784207,0.06724953258784434,0.05606130061993331,0.058704736081033736,0.1140398752600111,0.034995693662628835,0.3814471890179007,0.06417689723913529
0.15934538311582377,0.12842842021902282,0.05938476576963072,0.15740702037402235,0.12576147068054805,0.017873958537287234,0.06560238314998065,0.034709053819961054,0.2514875443337233
0.13613149763943108,0.12013759208351917,0.08613939746726956,0.2608759976823369,0.09596653923494396,0.04665488601979061,0.05046250355486057,0.070016058195985,0.1336155281218632
0.044847825218747174,0.12175056727441474,0.2024470276079626,0.08545797265970302,0.23124375859775104,0.05400235614713584,0.12726387508577994,0.029604485083609425,0.10338213232489628
0.03137178565052615,0.09707495822737322,0.11651597493676108,0.3830675642089094,0.08952198576233172,0.10834666824991233,0.11001263245823045,0.054351761617242665,0.00973666888871314
0.06207653010511369,0.007169477492906494,0.06280138151334741,0.43816377336951345,0.13365952969932818,0.21300930810692165,0.014963741897636523,0.05912567608815352,0.009030581727079117
0.16260102476635344,0.0763836675024379,0.11490435941367029,0.16310377726281244,0.09290042017882182,0.09843024537821854,0.11991104290690917,0.07115987536328883,0.10060558722748753
0.09526165748064795,0.19300733118359292,0.16401469965838375,0.11777353872760905,0.06264435925592424,0.06716150713026874,0.14608353453893616,0.06130116616642561,0.0927522058582116
0.05289716429025901,0.029951666439831392,0.05727355133504263,0.22457741756124547,0.14360857473347866,0.41596806888452664,0.025733479113665785,0.03726214166911065,0.012727935972839888
0.05058049655101512,0.09476124191488826,0.18317440751483857,0.07412524584741431,0.1857187653384003,0.00730964404742154,0.0904995957202986,0.204750718482403,0.1090798845833203
0.15231113584805842,0.09024475309412361,0.04929744581326518,0.1278144905844563,0.034260068868161166,0.03584501839692311,0.028253257612401647,0.2587797541293214,0.22319407565328916
0.46636205510460993,0.0493417117132664,0.026574116267498945,0.023067785686503625,0.052651779420892435,0.021366040078005567,0.09264218408248609,0.09903587110254514,0.16895845654419192
0.1036376276149605,0.05079573022065664,0.11421894221547513,0.3303906377141297,0.06733834033733459,0.12733884589581157,0.08983869368030928,0.08954883801918516,0.026892344302137532
0.12373891956478093,0.17952230247797707,0.012062280739241817,0.045485748282112264,0.1199377768449944,0.0018292874198879176,0.0322826294838715,0.03700752082474063,0.4481335343623935
0.11821235956319169,0.03182003689878072,0.059923518766972654,0.1965488767349212,0.07688127961675839,0.01422503055810355,0.04322048154747401,0.2916670550434531,0.16750136127034462
0.21100470642171965,0.05142616751277924,0.063845843464209,0.1425806333795829,0.11099501458869672,0.10348831867690435,0.03689054643446494,0.1155561482101468,0.16421262131149633
0.045844753311311735,0.05345390643598941,0.11104956799563521,0.19973060333483642,0.08962181123810053,0.2444275713296855,0.031209348821111944,0.20497648180153738,0.019685955731791927
0.05573138185104676,0.05680619766997431,0.2027500130724056,0.10655589190711716,0.05781294992174205,0.23771804380289566,0.11119151856071792,0.14453655279869645,0.026897450415404183
0.0672905661770901,0.05049448074096091,0.051680474951511825,0.3488604851250609,0.07463926174096193,0.24016356443478867,0.04384593676715229,0.03405893245735803,0.08896629760511525
0.06333681735237744,0.17649062723887843,0.03423106893156381,0.21523236904044932,0.037404486658169256,0.2051194911676115,0.02940556822983528,0.21748572737845961,0.021293844002655465
0.22786632732090925,0.042059180082504366,0.04293805596321118,0.2008536135430573,0.14210711254796685,0.05485700891700857,0.03369562940832108,0.15218592851101095,0.10343714370601041
0.04679702097602787,0.04038313095993568,0.0778533947626796,0.3674866980860745,0.07666962535554404,0.2869447858598429,0.07287635802841379,0.018325966482884516,0.01266301948859711
0.04122789725379419,0.02486587006807577,0.046006087032471776,0.37452164227602763,0.06229156844695954,0.4139112548536941,0.015230963805833048,0.013159852842887086,0.008784863420256788
0.18304093167364996,0.05875484280503998,0.09676130277583687,0.20576427071190295,0.10587575697283919,0.20760350321733942,0.054280893398076215,0.058752118469060505,0.029166379976254975
0.08919964318690259,0.13699805798850095,0.034679347955845694,0.17812775556900604,0.07020294344998894,0.01783344886165127,0.23758727424067713,0.2069058098806041,0.028465718866823208
0.05691007809477727,0.12956794132392205,0.028941111894212057,0.34661672438951,0.15539219922649625,0.07162279633550511,0.14606346577982518,0.015513665907467895,0.04937201704828411
0.2885828799491202,0.052834800148944046,0.03659636335114846,0.1496144357736893,0.06622439290824465,0.046510977632183176,0.017859786495687032,0.17001461637267082,0.17176174736831226
0.061762925563577986,0.04972160091009773,0.060508806603139155,0.21458965974028574,0.06788744709814343,0.4273418201418206,0.031154483218609984,0.05952336737140087,0.027509889352924546
0.1265974839690092,0.05410711704878795,0.02926820120951216,0.10591683347408247,0.054449542228458124,0.5068144019364501,0.03238695061704625,0.08511812861805863,0.005341340898595209
0.040415584122275,0.027518291472212002,0.09921928516237649,0.14127062705131435,0.10647390325978169,0.3769088992115459,0.08089647408030208,0.1086451032095583,0.01865183243063419
0.14406356480620736,0.1092673522149966,0.20921846962657534,0.15141238889980982,0.12603683918544853,0.05035870968141425,0.0540442116260994,0.10684474085957828,0.04875372309987041
0.1325484711711715,0.15616306467773447,0.012831050567203883,0.03125533552117048,0.08877397986591362,0.005421238385531521,0.027357500661351803,0.007523037351864166,0.5381263217980585
0.0821602688209641,0.09797971687464774,0.06317833919945859,0.07656748653737716,0.10350901495709643,0.11846582301465515,0.10440705051363192,0.33864706349020074,0.015085236591968245
0.02322365361056933,0.16409750680248428,0.04311017520718798,0.13039767919784004,0.13262264383026912,0.020505252006031136,0.12556842040302027,0.04039077596952814,0.3200838929730698
0.04038519511028111,0.0631670065882134,0.03685766709647626,0.4235990980000786,0.12216775809613394,0.21984597229158398,0.028382657212749175,0.024613981276031104,0.04098066432845239
0.03849774980842251,0.028288654656502266,0.0857301334882687,0.430911499345733,0.04426550446553933,0.2561255813396058,0.06317787866648356,0.032601710741620424,0.02040128748782461
0.1378712066068303,0.10824151968474528,0.06202736170127237,0.10635437157990664,0.05857863172713964,0.03721144235393153,0.08837651579889878,0.20829374829429104,0.1930452022529845
0.1317245046177297,0.055033309460693285,0.10403001635580426,0.09700978815009657,0.05743084079403087,0.22234699293997107,0.05940443347845608,0.05978505535524933,0.21323505884796887
0.10505079951559575,0.15601056447038364,0.12197477838554371,0.24509567633729268,0.08555888752141937,0.03386567171023385,0.16081014570714655,0.07054355450531213,0.021089921847072358
0.039802715523960246,0.03805834926311204,0.04394704794029586,0.21362053722844979,0.07534500294370688,0.5051457799780626,0.03911263072275851,0.017413153687316815,0.027554782712337245
0.1272211199572675,0.030851160871308587,0.017873159156589085,0.16469911546729957,0.07308773965170534,0.30072034078132387,0.03855175248587348,0.21491342135120753,0.03208219027742502
0.11571904192316425,0.0959135785754865,0.027161190355695215,0.1132533694843501,0.05940262269246512,0.011511416551571535,0.01966021300045156,0.04273408435739289,0.5146444830594228
0.08448510429275659,0.14284207270818122,0.03401603417675555,0.23262718793657897,0.05017551165738789,0.20040984358226308,0.042461541422469516,0.11511685413397078,0.09786585008963643
0.08968247935607415,0.11523669983739267,0.1286770301384322,0.023983603109726966,0.16370058063957113,0.01820203796241057,0.10412024838792529,0.3326684916352317,0.02372882893323527
0.097673256267043,0.0306775495638389,0.1306221952919465,0.04025614958972653,0.0770875690442662,0.2112841221686502,0.09832113207697292,0.2573277448636657,0.05675028113389006
0.07681271126596494,0.012150255501484847,0.020226207255815278,0.28306204825303216,0.06187586281165033,0.28115617426651374,0.036759074135342525,0.2074840038810959,0.020473662629100293
0.06276794890439179,0.052437220327779054,0.07756207822079365,0.06432753618500854,0.10895582369570818,0.34569566840824706,0.05768215243307532,0.17724407718691537,0.05332749463808103
0.14312961528713286,0.03778398013790136,0.06266926636242133,0.2388520504319772,0.08596217227003626,0.021794323811082,0.05664530859211003,0.1723153206927361,0.18084796241460296
0.06071426619126876,0.05609056024411857,0.1205043815693178,0.031692606994569536,0.12773801351663913,0.04662614112313677,0.07652681900591078,0.14014543247372796,0.3399617788813108
0.047944885518456846,0.04135277505693082,0.097737308846595,0.3358293498747161,0.03606287589861824,0.3575586148594283,0.05038904107845452,0.022462466282942573,0.010662682583857636
0.07988752307868312,0.14975806774618974,0.04247534922269846,0.26007581415033826,0.10263465983104948,0.05044672080652423,0.25981595859440726,0.01152201724249601,0.0433838893276134
0.037680741350435254,0.04606383304892353,0.04592984094573908,0.08130916582294327,0.05663146509969471,0.03962055033299335,0.5698084730171477,0.04698563531469152,0.07597029506743158
0.06084944829007222,0.03344851750657259,0.05476008082211973,0.21276163387764044,0.09494261006150216,0.33579613840901423,0.04629219801155388,0.13243328259423173,0.02871609042729306
0.0691061166829605,0.23207897683964382,0.008868339794289583,0.05378432800472302,0.07056106184030642,0.003952970372001084,0.037755040593121215,0.10733780077561024,0.41655536509734414
0.03697900904905326,0.03893704650751417,0.02929898315817599,0.3956098481018479,0.04713279454532517,0.37560637451250223,0.02174976980208136,0.016801860665862593,0.03788431365763728
0.2316592542941173,0.03869853732055232,0.08330366732296608,0.12043738013017614,0.04470420964321464,0.26185151102321774,0.044944812043968496,0.15354440739933775,0.02085622082244952
0.060870915709364426,0.12040570877397579,0.06476086234824184,0.04656996048216433,0.07879948726806163,0.02473144494083084,0.041941959894480324,0.03602467374846405,0.5258949868344168
0.05330759798859042,0.025650848405660603,0.057070856559856185,0.27706980960849253,0.05368577985218246,0.46919578042736226,0.0242792551355366,0.027363240959145354,0.012376831063173525
0.030549876382914034,0.049090405337966346,0.030950496195750545,0.2130482401489441,0.04077794956648955,0.38126704809065176,0.10804052674115688,0.08934374379124066,0.05693171374488607
0.07587043819425553,0.036427785113488396,0.014546470778523168,0.17824285878969257,0.026993265828218076,0.466671026303646,0.07357736436359712,0.11430742434196935,0.013363366286609854
0.050115645849019064,0.022815670386234586,0.009686552424513061,0.32275517507644064,0.11872869731556579,0.3804837309596525,0.025348013961267245,0.059456156749220584,0.010610357278086485
0.07743529450670443,0.04213179127678362,0.13728308172423506,0.11069573419941604,0.09844282498268449,0.0938446707642847,0.09929131669289164,0.32287717653924036,0.01799810931375961
0.09901661089159224,0.048451958491586934,0.05402074397771661,0.18260347797962403,0.0498898625374482,0.4303270742447882,0.04529259627540778,0.07421892540675018,0.016178750195085776
0.06655468066957354,0.20521859096601855,0.07489548804731859,0.0464114946682793,0.088730479104029,0.07825047172919031,0.16356709260967622,0.1474303011514755,0.128941401054439
0.04553724418149376,0.04833538680198304,0.032235061707126644,0.11150837614156799,0.08239121021056432,0.34153832712868476,0.02799704701287796,0.25583456492307904,0.05462278189262238
0.07635064187203323,0.023125019977837235,0.06454379108577407,0.29303733552285816,0.06507763717087776,0.17691721880627964,0.029478729600106352,0.24808413692053466,0.02338548904369896
0.13444888272368327,0.08456862664104943,0.23356362926816476,0.13609519440779286,0.14525248687507983,0.03952605183159027,0.08204726965354522,0.04136801666463644,0.10312984193445789
0.057704354765963924,0.031173458331723098,0.038784992550421483,0.3525430092295383,0.12570357585666175,0.2435453174130732,0.032526500371137086,0.10873227918186483,0.009286512299616315
0.06072653035962559,0.06681497316143226,0.07102118191883265,0.2452285775954776,0.053874824151459166,0.3826905078771359,0.057756076253926515,0.0250098000193697,0.036877528662740716
0.17820026916665863,0.11096623653801758,0.16202412261493354,0.013877486489121056,0.07940946026621622,0.16572184872429918,0.056090835746220646,0.18722123545229083,0.046488505002242275
0.12577950219242126,0.08490147943145537,0.07093526940446468,0.20687751775585062,0.0538381166101245,0.03718128991784304,0.15297314753301638,0.20717093994340052,0.06034273721142369
0.03762235614346133,0.3393749890294215,0.06113845877690611,0.1397844082853969,0.0531629045763804,0.012509293023986153,0.048507125414428025,0.05290127486448724,0.2549991898855324
0.08109421606234157,0.13986919707312517,0.09530370487814606,0.19532422981146436,0.2103429900861559,0.02857148181473318,0.08895627083867208,0.04809378827479688,0.11244412116056485
0.0840728789130073,0.068448156764552,0.13142890691210454,0.21166301265481102,0.10185701427521425,0.2464143283456733,0.04100043065435267,0.04736549651824468,0.06774977496204022
0.018649704331243397,0.1541067555437962,0.10748566788697082,0.0867516299561691,0.15961684871603762,0.1003154247809296,0.3148773433336682,0.02180245605573455,0.03639416939545053
0.08856536057581943,0.055273485726897664,0.12290502874263404,0.1716631858214679,0.07322217959394829,0.28313853174558734,0.039564260590149364,0.1369589670964045,0.028709000107091414
0.09629074234725842,0.13613053829867047,0.06434923510186712,0.07682585747926876,0.08832292522771572,0.3338080057009984,0.03686277358842696,0.13591234355003876,0.0314975787057554
0.11827450944733786,0.02438963742585139,0.0458386117733452,0.21466012045895724,0.05197949705413348,0.4116813240130564,0.04088283360885739,0.021300719115833065,0.07099274710262783
0.14111263059901594,0.15813031639518815,0.06157162859061437,0.02750658537585632,0.12027837451078471,0.08160790289185232,0.11104503913898671,0.11594234467957586,0.18280517781812558
0.06726611318440955,0.05840589939844123,0.03898097051281129,0.2653450917825851,0.043124872259288016,0.38285605034791664,0.05492671953501435,0.07828160562637214,0.010812677353161652
0.13957962042094166,0.08176939611819513,0.007821633293054936,0.013469203994940665,0.03694089679979706,0.006713429566808864,0.15136283842055373,0.4927058302773872,0.06963715110832071
0.11418888100960455,0.04151326989318176,0.07213240149590065,0.07303373769044981,0.060911934937748775,0.04247771624431835,0.1927604260656028,0.3394061802531892,0.06357545241000422
0.029720320449793686,0.05950528680899008,0.1952414329525295,0.11523910959436079,0.09466625461768546,0.2036663788919627,0.0979033312904468,0.15518126471229843,0.04887662068193258
0.04734268611885465,0.0864350276966326,0.09655786246281645,0.27211491949861827,0.08995792949417332,0.054891721446256196,0.13149206204454422,0.09233225951727002,0.12887553172083424
0.051848718253737096,0.07067372752144797,0.1427928381750249,0.27784412323205615,0.04317573973345586,0.2633671273725428,0.060767244453479,0.07293372525451053,0.01659675600374566
