0.012701072426086979,0.0891171623607861,0.07266713549412256,0.15725338192295044,0.016794271521302123,0.0377621280503214,0.0299211595596453,0.03190122313925745,0.5518824655255277
0.06358861232702238,0.2222202229516551,0.02846440294320542,0.09203462799064306,0.1319884164990935,0.06317887079311194,0.2080707878556681,0.058480335266807716,0.13197372337279278
0.028812423709459075,0.0659657633892467,0.2055090470819898,0.03205936406333668,0.09636402608544409,0.17902028129159153,0.10111302024371042,0.22733180499374808,0.06382426914147361
0.08575840192977224,0.054620172153545886,0.018347631697409727,0.017044343545802722,0.626930484294057,0.039348931034908136,0.10143946388900117,0.014815192850037422,0.04169537860546568
0.11140273888402662,0.40595374960525427,0.014770341781422504,0.09614721730373799,0.13651141332234848,0.09519390279708323,0.050872661275843604,0.06328457450659425,0.025863400523689118
0.043528103397489644,0.14707734694556995,0.03223805657843406,0.14715753144921082,0.25713348145869186,0.06370286392643985,0.11309192177424898,0.12566116547397765,0.07040952899593732
0.16980151050014583,0.3041226963095007,0.1946129187350956,0.03315262979301805,0.2002432684414461,0.0387677221626671,0.005241854184754775,0.030158778678015332,0.023898621195356573
0.043253463649478074,0.06567185382917423,0.04547311427569181,0.0472421635328959,0.039627711230297555,0.05051417170219249,0.028772751572938727,0.11096415904662282,0.5684806111607084
0.05807093369916916,0.11630356083160494,0.015688069561957695,0.07296273622368259,0.20782039736889166,0.053914557754463306,0.1178193970877157,0.247074003606252,0.11034634386626285
0.030310256767209876,0.22990000283479659,0.24550661627611758,0.05390287817316101,0.12160842722057418,0.08680613767285499,0.03474830817049108,0.0578740095784105,0.13934336330638422
0.05946667609645401,0.08440398547051498,0.04381532579776739,0.024410409775405942,0.4551213520648874,0.05868049529503352,0.05641736397807761,0.19469038364116587,0.02299400788069314
0.07437462067376137,0.11178548954882787,0.003992141696704638,0.027461108899120863,0.10300588528637582,0.04337586687949737,0.039367077169532555,0.04259899179100889,0.5540388180551706
0.0584879083939916,0.05375152645094022,0.05731983632420701,0.03919063586997625,0.04426989271048349,0.09463691084492866,0.05563290172878799,0.05228611727127072,0.544424270405414
0.15794082508657067,0.22067045280747047,0.013734581690894691,0.04545588430490836,0.42617564952231346,0.038324202576263434,0.0356390139547112,0.051069720486603014,0.010989669570264727
0.17772165380441016,0.16598042748979663,0.3046022973624411,0.03869913177317278,0.04946523334580096,0.10179097530542743,0.04704146849583755,0.05292141329367001,0.061777399129443446
0.2178844099789097,0.030390147554021623,0.011532346073605043,0.014179771193172439,0.04365536121970754,0.15253078563897385,0.004970927574501882,0.5170252703078418,0.007830980459266083
0.10062531635135562,0.07214317707579129,0.03096955298187712,0.022310195256497106,0.05818971060403307,0.07313793735233469,0.5748758099987187,0.03347104001487406,0.03427726036451836
0.12678783631120713,0.17136567440295605,0.05830592433419283,0.02260118980553727,0.17602997252646044,0.12204126709114943,0.18800935185860781,0.0681116294484801,0.06674715422140894
0.007656084015148584,0.21635470797141712,0.026273221864500467,0.10685479100836943,0.03024129018774876,0.03260663786639351,0.011239748395865565,0.03919596798086755,0.529577550709689
0.013530122204403423,0.22107038244304036,0.40232491409150856,0.08319536113993656,0.02806223246362195,0.06453712443446626,0.009270287114429362,0.047326732024051264,0.1306828440845423
0.13061967508822647,0.11771425862748479,0.008919043156787073,0.23581955945406038,0.2962360369948115,0.10822834080542217,0.023299162517057232,0.047485104571718915,0.03167881878443143
0.06686057964726709,0.10799033317661455,0.006632723994534905,0.03076541388351693,0.5429251281668634,0.04463206747175245,0.03936355846241251,0.04897929795518489,0.11185089724185321
0.0805966691087404,0.4048335445540862,0.19543889225934716,0.10280694709192201,0.008294167470395837,0.06828513057152953,0.00216478513939717,0.04992424820100052,0.0876556156035812
0.08827627778247837,0.06558940396878539,0.003932894292058416,0.020478539570354493,0.10503110937997419,0.05575582366920437,0.06166389920747504,0.030537390805224718,0.568734661324445
0.05210851054477008,0.07985151738574896,0.07302676782268586,0.19937945605250598,0.29088506308881384,0.14683183890665705,0.01789986807385414,0.08029450081656296,0.05972247730840106
0.0189916827687318,0.24905666777746996,0.010250782162507395,0.027503546480609615,0.12261752964432977,0.03231526109885625,0.4039806671772956,0.058229612875994576,0.07705425001420503
0.1786675429265434,0.08814736713479963,0.018651432903483384,0.1642819595907644,0.28709270069251236,0.055958381561860206,0.07327803990107351,0.030938030253212862,0.10298454503575012
0.3745657334677592,0.22333139391116438,0.009890938263748,0.05770297650300277,0.1501603920939088,0.02342531352739424,0.02712498797989557,0.04957358198753711,0.08422468226558995
0.15808615429108,0.029889632219053247,0.006006749306117143,0.1042528932255992,0.4870951608065261,0.06247748085116944,0.055962263110661936,0.05074688006574557,0.045482786124047436
0.018891168357442038,0.03504977830719025,0.16779795550780308,0.08024009523611961,0.10016849119867784,0.2978831329670311,0.06337894682202881,0.19124931724109595,0.04534111436261129
0.11430291878035437,0.36821343672258483,0.04272723970929674,0.08253535690487755,0.044913885661831195,0.16249336192681915,0.07040734781887195,0.06217891505250136,0.05222753742286287
0.17093757805802975,0.05514721276537518,0.00877359742586391,0.09631383886549294,0.1957772989652181,0.04807539472535186,0.36632182858941786,0.04238548122510915,0.016267769380141187
0.09642754002219354,0.2520809083936813,0.014908024845424792,0.06436880745052631,0.2997766834282019,0.07289573092921683,0.0774364897437556,0.08584121254481986,0.03626460264217978
0.01301338997465575,0.18876698203685457,0.030756498984100416,0.09882281455841158,0.2600483908504266,0.22482098228196698,0.045774467675415674,0.05384233268282428,0.08415414095534413
0.074608055818242,0.15619519075823746,0.1974160262111326,0.04460952230011247,0.03125677898206676,0.17415180714506542,0.04302147394273723,0.18462571320310572,0.09411543163930024
0.13000289695272585,0.08685776658070665,0.004178342776002805,0.15204359725616653,0.18786059694727505,0.12383102279061932,0.12130530635776805,0.12538374056321902,0.06853672977551671
0.07033542135850084,0.16192504576173883,0.07058979148865817,0.06401814572350749,0.09236464289267743,0.15353775599515393,0.0650590049143652,0.16828905904632552,0.15388113281907262
0.0801759408325066,0.2916538002651672,0.19777436734927412,0.05885913750604834,0.1519873189701644,0.08111778428376233,0.019336049056192798,0.017668038069254006,0.10142756366763024
0.019124369382481212,0.09948402611595213,0.017406945149929905,0.02616324916281977,0.1499667136373376,0.03351345476852081,0.05122689642287301,0.014191463220455234,0.5889228821396303
0.10476666043516815,0.1460865601551921,0.06530843084633076,0.33704191203245876,0.12017193676807687,0.10684036498957543,0.0399044755443129,0.03759529265981451,0.04228436656907053
0.061030617489243356,0.09166048436620489,0.05130546917496257,0.06365586480361766,0.4201582690615629,0.06166877787063907,0.022346392452143076,0.14438375071488316,0.08379037406674322
0.026208432382584714,0.15231969355035022,0.026463273404777082,0.033164919338861204,0.1450382170154916,0.025368855338504716,0.016676230802336826,0.02308157922722433,0.5516787989398694
0.0966210799791191,0.07762641396520552,0.0735347211696929,0.0528686066840672,0.036308199030445444,0.028209647504739078,0.1195997124917013,0.025876035389197454,0.48935558378583205
0.017843941532671805,0.15638664591873289,0.06661311205139338,0.2652302221476337,0.043588413666453406,0.2983421367124821,0.0621619385039786,0.07616171735773977,0.013671872108914464
0.1362100158084478,0.12881077501386942,0.13897439190995328,0.03760798859039296,0.12754439957122823,0.09530790549915552,0.03771646279794926,0.15932318276785087,0.1385048780411526
0.013036616266789333,0.0934273090567529,0.008647148984519498,0.12341444519829166,0.05411321126512362,0.03742785355895533,0.08910985047131996,0.02490335905911546,0.5559202061391323
0.050460763092723904,0.1321431857764878,0.015875832657953125,0.18300220484602203,0.4863819876617305,0.044000778001461516,0.01412129791042419,0.061730348357626565,0.012283601695570306
0.04298089601652074,0.0673100694725155,0.021135172872311838,0.10953742901002626,0.3551187041598811,0.09508677388136162,0.1859425705629756,0.10364510306831624,0.01924328095609104
0.19724065355322154,0.13713610805880017,0.019522496326940312,0.06125785856983428,0.33402674381354597,0.06711099155356247,0.11734011183196759,0.041831451335503034,0.024533584956624648
0.09688706431616356,0.27616859617031464,0.1296641497619073,0.036191567343725424,0.08386270966755416,0.07487655614042864,0.13134053017238487,0.051781112103619485,0.11922771432390201
0.05207923474623214,0.19279018355482766,0.14928677308953026,0.10943327572872646,0.2771847353652423,0.043387563545774964,0.046253245561217106,0.09565200687754366,0.03393298153090556
0.06506190825758788,0.10150302898167285,0.02200907915713096,0.019204903020529546,0.018591755940338472,0.03070752545049006,0.013503979756042712,0.03878784146614336,0.6906299779700641
0.11721799245344562,0.16622433805804426,0.03213867081655281,0.030957054257104044,0.31030912991795884,0.07733749649686072,0.16500054679267376,0.0899383322306896,0.010876438976670443
0.13003365915596313,0.07524082052600835,0.011673939001482609,0.05965865589736047,0.12083761846797535,0.09682097356720328,0.383603356301847,0.09827506907578731,0.02385590800637254
0.14771030633417942,0.07314133620877045,0.04638091555378776,0.39861427665743965,0.020086905106820267,0.17573445069842633,0.06193469001130206,0.02516964222836587,0.05122747720090818
0.3148313421980534,0.14477406430956893,0.009623093361877976,0.20108166626931326,0.07042897518202407,0.051125549965851065,0.009282951757443736,0.09512292980961264,0.10372942714625492
0.2443910068795563,0.17556796188656662,0.02440517266304773,0.07450905383989902,0.2686965674297777,0.03280387725599207,0.07659372456503609,0.04547490237926507,0.05755773310085932
0.08498030112402821,0.21187793096086696,0.0507895849853968,0.043108547563779444,0.15861849072008657,0.06805565701128369,0.24146391899611652,0.07004059401568387,0.0710649746227579
0.15733894634989556,0.09536565918631042,0.2420701202645897,0.025539905145692404,0.2917685562984158,0.07868717739325491,0.023930623112629612,0.045923629965535416,0.03937538228367617
0.23791106208230195,0.10380337797350436,0.02576330171413202,0.2879697812610585,0.05824188903074731,0.06520616390464166,0.10508031838139363,0.03454126281653167,0.08148284283568884
0.2305418210928404,0.1261239672723336,0.009548527535193608,0.14237708953451,0.21407405741588736,0.0260669491330261,0.1612382030760169,0.05833059845301453,0.031698786487177395
0.05468207737887681,0.1423284809431665,0.03451819477983064,0.040353165271603875,0.24921255939842682,0.1163954518722387,0.2697768614335813,0.08162909886204012,0.011104110060235267
0.04422452445480729,0.09542124554949676,0.04379197160482239,0.017480123098093502,0.4949541622770768,0.1390488668536145,0.08633357921144197,0.012611017311897245,0.06613450963874958
0.29150533998216316,0.06420597503732012,0.007168835184645866,0.14573863909475446,0.32391104214505057,0.02936126291104667,0.02263112638576087,0.10401138449509785,0.011466394764160453
0.020424642481472622,0.06671869125403466,0.06734584152612628,0.21764091962356116,0.028486879205987664,0.3703793127927267,0.11725765599859105,0.07210644745162796,0.03963960966587186
0.07614532107393451,0.09015914938447435,0.007917347284390079,0.2554446107098587,0.32301317841589366,0.14832330723356854,0.017244760786199003,0.03246653927659919,0.049285785835081995
0.03660459444251176,0.18303845955812084,0.3811621932031091,0.10191105883946873,0.04725648560295479,0.07332693024227362,0.05123600162946656,0.06629143067836774,0.05917284580372689
0.04453808802916329,0.4301839367295172,0.019460883598809726,0.12271994087165561,0.11334281807316647,0.04640245595460859,0.0430434943278549,0.0320510661166033,0.14825731629862096
0.07197804169870692,0.0848643069672102,0.025134697776121834,0.216029481092353,0.047298861024788565,0.1825353835942494,0.2889912723582721,0.04369297590117701,0.039474979587120936
0.0711190921428191,0.06898864570443501,0.27860131528647164,0.025699737503424063,0.06314330263625514,0.26578126786251105,0.03445290390673068,0.16283175701237082,0.029381977944982426
0.3094239198157917,0.1218650645063733,0.24819133283698677,0.024505142784131156,0.16021967296543765,0.04621063701255246,0.051109894694018713,0.019686337293425588,0.018787998091282707
0.15338133670337106,0.153634417194121,0.013684304240390847,0.06873830685178349,0.38154836311231327,0.07550384018987762,0.030855615899019667,0.10217127510655939,0.020482540702563754
0.16971180726124238,0.2044340938371746,0.07125516264164197,0.1975935683862846,0.07924108049219888,0.11463585208585232,0.07682916908933846,0.05038231455676278,0.03591695164950398
0.06305504564274263,0.09417727035733066,0.052988642436588795,0.07450618510450581,0.07214907682371335,0.061330142513822926,0.023752587371680747,0.03905852279273207,0.518982526956883
0.046875498813968956,0.15872750042030656,0.27962467043224604,0.05275223144092029,0.05405150284172689,0.05145438188890002,0.27501712325130123,0.047634591555613115,0.033862499355016874
0.06261978444649523,0.4990055129394138,0.08624356864111897,0.07270340537358705,0.07644586014147499,0.03622890448595656,0.0036646619971276943,0.12365012038052765,0.03943818159429796
0.15672725943916374,0.2414538832534178,0.02872247146618497,0.0865901366106613,0.14338202922185653,0.18263145737530176,0.04710333924794155,0.049727085422003686,0.06366233796346861
0.05954703774707914,0.12200426235055795,0.043936419397367144,0.14920249820159073,0.145644123513791,0.19338452425469263,0.03301012287025533,0.19230637067223333,0.060964640992432796
0.02467124295230344,0.10694904292818164,0.4086179902180036,0.04124996561491561,0.03492066288057271,0.1384053037298457,0.11210978794140754,0.04797116618952515,0.08510483754524466
0.1525113996317636,0.3820446874351913,0.02426337058058124,0.019362679432699505,0.05940913173996395,0.06758598915588628,0.09657929456036045,0.16142128468340397,0.036822162780149624
0.07809232353244336,0.17422656655586952,0.03173752135981833,0.019419752498980935,0.2866618403548862,0.061675095592510686,0.16172908533177205,0.06174294070849449,0.12471487406522452
0.2601545013058966,0.1009188113716838,0.02483661055968411,0.04517689925895124,0.417422771272689,0.029415505587303423,0.02086217941813656,0.033728683518409346,0.06748403770724587
0.029128186240584702,0.08150618270816584,0.049962024497675166,0.04837348970982664,0.07184022369005566,0.025767881108150602,0.0335030073588288,0.03170288514739613,0.6282161195393164
0.04737732877123683,0.17781235569412057,0.5117494341488101,0.06568387218696219,0.04588115785349454,0.06973619015409184,0.010707947985682614,0.031078330693366674,0.03997338251223459
0.04187865899973359,0.2674283139218376,0.05383948151337244,0.08316592100862598,0.2666203228223757,0.056009064854593955,0.06311735310667527,0.09725900975388517,0.07068187401890025
0.12772764958943486,0.2737710240675653,0.014516470178535556,0.16788818380878767,0.02827130764663442,0.1438508859116243,0.08552637087593751,0.034292073643174194,0.12415603427830617
0.1834486453798674,0.22043904131340705,0.06501685181803943,0.06332133642579173,0.09333840808162204,0.11624723386413305,0.13499966770681074,0.10179974176897107,0.02138907364135755
0.20477613220728344,0.344227750679676,0.01029040567300236,0.18629548909936613,0.1041261621229687,0.01788670480519179,0.05810614454023642,0.03864206319720396,0.035649147675071206
0.10770951644031401,0.039487908885111944,0.010859010084092124,0.13371832866719488,0.4080828557199978,0.043186660648029195,0.15332608438967577,0.03896922239245883,0.06466041277312538
0.03273650647964924,0.09744168070251158,0.06716056378693402,0.0838818490811134,0.0885197541062163,0.10555761548833704,0.03937599584695827,0.03456595027307365,0.45076008423520636
0.19319916098256998,0.09533980797987616,0.06736084825682155,0.006550526129307166,0.4025085484966606,0.04253923863242451,0.15753713725211674,0.022760273459903776,0.012204458810319521
0.014102514925952186,0.17123431813007017,0.041826607269990185,0.06546018087727869,0.07040184451640358,0.06147249989491917,0.04252846227371703,0.039111688359436673,0.49386188375223233
