0.06305372569866498,0.5042521853077427,0.08030053305997714,0.00391711156478415,0.04794110915412172,0.11581444552611746,0.09147570235937284,0.06600707383610992,0.027238113493109038
0.025333104331204878,0.04918270470395583,0.013879675064046346,0.22933110226654527,0.14655999366535902,0.013973223392090943,0.16622469614391797,0.33929264033414236,0.016222860098737423
0.09050039884416015,0.05156343938527541,0.1358816710574077,0.1299897448707988,0.04075332722428845,0.18210961510934057,0.1921155615076793,0.14126043907741367,0.035825802923635915
0.06274952388055267,0.029969299709925096,0.273138534442901,0.3467016925433932,0.07233822675678875,0.054230770493536494,0.06835788699078221,0.06148197240867986,0.03103209277344075
0.06002863571088512,0.05132994692267354,0.37470493495168816,0.09951676983038293,0.13929549885619266,0.014420206505389254,0.1289461606354748,0.09767656047576723,0.034081286111546365
0.030600662311232252,0.052868804799860454,0.08156312914907303,0.32004744304899857,0.08872556342993998,0.08234760478291717,0.08134995762114439,0.14295903865366927,0.11953779620316489
0.1401999776433744,0.02432130751128175,0.0543685870854231,0.4374287121718163,0.04942164246370619,0.03161423354239742,0.034780431071365775,0.21087960884270682,0.01698549966792824
0.020171319432870958,0.4757488701123163,0.025693231344044384,0.2572235756380123,0.04797840800681357,0.013157113470792299,0.03887898376312162,0.09877180256435576,0.022376695667672725
0.09946872029458204,0.06513187888954793,0.036011847799202655,0.023054306028745548,0.03972090160553641,0.1229469495355832,0.01654420410104786,0.01754013554264626,0.5795810562031081
0.08730041871522676,0.03832031376531266,0.07271184509798949,0.10791170824235001,0.05977750365388784,0.14488586785230398,0.1132228631025614,0.23285326063384737,0.14301621893652053
0.12619976931847013,0.02456948823198364,0.32726045626534533,0.1909219507927937,0.042421227642005906,0.060494962776709536,0.13090861406728768,0.08149134674362228,0.01573218416178193
0.04609473832176934,0.02219637844112883,0.3618378047099948,0.05839007272737109,0.02522352967796268,0.08153079999966938,0.07885613729662559,0.30456490588083146,0.02130563294464681
0.02227874261349179,0.1471486871673229,0.21356803034084773,0.22316585461910346,0.07614095484798004,0.053500651942792736,0.061920280205342494,0.1689575845443648,0.03331921371875395
0.17940925118041015,0.03528773269925458,0.20383870477911084,0.013417461298403459,0.08061127039011415,0.05388085795561328,0.09080902839328191,0.31699695943661527,0.025748733867196467
0.05261604437077618,0.11607419554582991,0.05305856213895804,0.024811789748018186,0.10897063660685467,0.07797194361328574,0.4207994508773869,0.09619094020019729,0.04950643689869314
0.5090061304431436,0.038109258446428894,0.08862569128311999,0.024514679905099184,0.030193410275199072,0.030788321529493314,0.07712454190828723,0.08419943408715168,0.117438532122077
0.07990257732168983,0.05617125127002789,0.0997778139637606,0.20200885668828758,0.053148081979833,0.08324700118353083,0.05344154982577678,0.0425712621401572,0.3297316056269363
0.1248209449176888,0.040722740592197826,0.06092449985682471,0.11432511533212592,0.04420601648407613,0.33367177256820285,0.034541853368148544,0.06540010853838087,0.1813869483423544
0.04804678756277495,0.027830044536190684,0.019879903476788353,0.023619783523523147,0.025701149938320556,0.21755040382687255,0.018813998882800397,0.026093652646716342,0.592464275606013
0.044073863070841345,0.02301009433563817,0.074034311395221,0.4150281878243933,0.041135481779011863,0.14017808391700787,0.07492840192132912,0.14417207539694285,0.04343950035961442
0.0754593751801975,0.024571948689242586,0.46726882095587213,0.07002650838219936,0.06215333237307243,0.042727148560151994,0.04487530911622259,0.19882146791942357,0.014096088823617866
0.024310187416020344,0.02529043125099603,0.05110151144311389,0.48044887685447774,0.05355628700054494,0.1541531268939612,0.07993447234013448,0.10345617215463172,0.02774893464611974
0.05668169420538005,0.04137777864361267,0.10898740970867528,0.04790174860715426,0.12209038513362454,0.04876599514589105,0.09354974605362006,0.44827536248602934,0.032369880016012854
0.036409619977285285,0.02291930548715901,0.05231770368823887,0.41373389335806543,0.07511919962272973,0.01712775113611177,0.026388833149335822,0.323365189857223,0.03261850372385104
0.06080018046507593,0.6418439862110604,0.01785322254367847,0.049516137034085944,0.05931423087668639,0.005053998950173277,0.047642971912084386,0.05122201534882345,0.06675325665833176
0.08520061237318001,0.03771586294240529,0.1833033737944033,0.35287401838973614,0.06144781785955319,0.0770738714768202,0.04474718818427262,0.10628351519347194,0.05135373978615732
0.06441477878891999,0.02937274162236131,0.04099400821213236,0.5524190012101915,0.06663044358447075,0.11642702016437412,0.016532450688926184,0.03603615140088135,0.07717340432774247
0.6359039152058474,0.023904926959248674,0.17461415960710744,0.003187066418550577,0.04400876621396025,0.019507855845844718,0.015473638605405468,0.018641746957195365,0.06475792418684011
0.026513698649415673,0.7161334015210173,0.10086756478704667,0.005250763381527868,0.05342228485125212,0.011269549205563676,0.016221039587349998,0.009408329742687764,0.060913368274138846
0.05207539267148222,0.04781961405231877,0.05213267343636758,0.39717118227723414,0.13915094168195785,0.1246435650769883,0.0569541664552913,0.03544013590888942,0.09461232843947047
0.665992285978999,0.02174605907918291,0.0928415621471153,0.0035801889030895374,0.07182561563777565,0.026923509013825203,0.02514341141001826,0.05697420888840395,0.03497315894159029
0.1534212019069337,0.07399046980858096,0.020602028262477503,0.31008769213370563,0.033616235328563344,0.07223574054501529,0.044012093611919184,0.24451923453010502,0.0475153038726994
0.04915434267713418,0.04595512299310219,0.20526372101445878,0.37370399664159265,0.04771047914980104,0.04859316902953755,0.026175640820574383,0.17221990143752386,0.031223626236275396
0.06482196210438873,0.027339331822731655,0.04854042618525545,0.04072571519665985,0.027650099094377892,0.1388895917592598,0.02775219808500445,0.03699375556770176,0.5872869201846206
0.07877036240602181,0.025070577927020377,0.048233333041319666,0.5060858816775777,0.07335549976337331,0.1720321305699751,0.030789358384598297,0.0454071791949098,0.02025567703520394
0.0177565735412985,0.0453490366844154,0.07396970315785693,0.5377046302557688,0.03780113032661462,0.14279796897678468,0.037940669712126,0.0589479800393109,0.047732307305824194
0.04625368963470194,0.024311263481004982,0.04944776944332981,0.5513925220354218,0.09822874883741604,0.010561090623766528,0.04495411439446458,0.14288111709667742,0.031969684453216886
0.11941403956657952,0.09777998251554827,0.11097015596912603,0.18466263584685613,0.05450934422303439,0.02490809760286126,0.07316833875819159,0.24258420507217246,0.09200320044563037
0.5504480046958354,0.020496611300018116,0.14898728878887232,0.0011417777555869243,0.01352948896146658,0.167248390777582,0.014020556397987938,0.06030050808843478,0.023827373234215923
0.09854196346452378,0.036119267161961156,0.11728077088002808,0.4139692591842352,0.0281324682032863,0.13555083622317163,0.02988524290038432,0.0870834902819116,0.053436701700497996
0.20688969297028137,0.06330622480381144,0.04470011332599471,0.33441828483197006,0.10810521927418215,0.03127390449200138,0.12416397311046518,0.013532083716846582,0.07361050347444718
0.15667262667702836,0.03644817341090504,0.1881942634294266,0.006364339959688276,0.011944068260653952,0.09333675336464248,0.07914300149606625,0.4182260504624063,0.009670722939182667
0.09741436680501281,0.06039109109958368,0.0659320418805689,0.06661585396846326,0.26766425647722286,0.02702499879255789,0.11068321981481694,0.2752891057424571,0.02898506541931664
0.1178224277634823,0.12882046677362977,0.0755381903946521,0.17208808824694732,0.025046043379961577,0.011906282815166522,0.09879470743953352,0.3003077334718305,0.06967605971479639
0.05473718203838234,0.03977266644605195,0.10128017686307737,0.24955778482136748,0.05261484265645388,0.34360860491304696,0.021525168370303004,0.03699578645241677,0.09990778743890023
0.034485267278338345,0.03732874162646509,0.03809028921944641,0.2397984898791807,0.11450445505181446,0.2843695919209071,0.07011728945080041,0.09168293553682742,0.08962294003622011
0.034800130589753786,0.03480862014976358,0.04612434732732477,0.16209640849364132,0.5389545961726243,0.007249792380200057,0.08716209551522776,0.035903464301497004,0.05290054506996741
0.05310871440143064,0.02665078151679595,0.048531260024040436,0.463928834180225,0.15279780589394995,0.040498067545144324,0.15260152229814142,0.03451822978844909,0.027364784351823105
0.011468156853842905,0.08131826348215032,0.02822100068787017,0.505920432364639,0.0606322630895,0.04231670759843184,0.02882195560744631,0.15623061398271323,0.08507060633340612
0.02624097357039379,0.053501727973709695,0.03315731254558796,0.3908270331881587,0.03993507081196043,0.03381999736588256,0.06538092492479432,0.3284502356470553,0.028686723972457324
0.43355578914359344,0.021349436150904507,0.20640285843071515,0.0013491575205770623,0.012805468810343335,0.21615620146752623,0.013397999573656052,0.06215483661948831,0.032828252283195934
0.07182281463157507,0.07206108196440932,0.04012651754595536,0.034098040205514955,0.39133204624287005,0.015081055739858277,0.028837559128402006,0.31671310570354555,0.029927778837869356
0.05672104081780805,0.03962266223850358,0.08540602854645456,0.16253420775797253,0.06140966087480251,0.1000519429434359,0.11476680944310336,0.29776985284383745,0.08171779453408197
0.16536155916831227,0.08318138409663127,0.08392868052135126,0.34937077435045566,0.08238637105463949,0.037278342181952896,0.0532186041470973,0.10417094187601773,0.041103342603542085
0.027417404700175636,0.016226868575608535,0.08781655257239125,0.29474220691197067,0.08074700139325447,0.23616088013956435,0.02318201795326365,0.12797832075416124,0.10572874699961028
0.20363321512946284,0.05258019168804756,0.09671670181058412,0.013821568518802708,0.03013932480479281,0.07787035530842389,0.43259677340876657,0.035484574001529205,0.057157295329590345
0.6414015885287443,0.03011528346847221,0.05903009348977067,0.0017936210243076546,0.02275168199959759,0.06131622442763266,0.11857870676104598,0.02638793627126181,0.03862486402916718
0.0532939996568188,0.04420275680492761,0.08046441532430218,0.3029107398247368,0.07310453573492247,0.14214272078371737,0.019410073855461417,0.26426139625594725,0.020209361759166076
0.08292800016169724,0.03096926741653346,0.2582456151970501,0.010310679008103023,0.008262257356565841,0.033520373181944646,0.04375679001971313,0.5141087568161025,0.01789826084229008
0.02504734703984743,0.02320593888615517,0.035983955233523914,0.42103234597136047,0.08066363914262785,0.14967411985913384,0.007243793622508921,0.21849046662103203,0.03865839362381049
0.047606553671492545,0.3719932160730202,0.04680770524249436,0.07190621426564696,0.16669471804415406,0.016729374510864963,0.1733464293149681,0.07218123459082486,0.03273455428653387
0.054284412976080526,0.013831100208057868,0.04134188581183324,0.5469635465471377,0.0871116179171676,0.09063739464203051,0.05635742363736392,0.07555484107682278,0.03391777718350574
0.7146670136955828,0.030876643423110407,0.07837030323122786,0.011874490724808402,0.021420410369491317,0.04043563278923573,0.037229472010089394,0.026092152308400507,0.03903388144805363
0.04348252780153349,0.09120474702923716,0.4262480664705135,0.05089248425960972,0.09438931542169916,0.15981009252140221,0.060344865049618786,0.03771248740519865,0.035915414041187366
0.025705285161595186,0.034671509835381725,0.10206437488301201,0.14554862350365033,0.06543001733310566,0.058936974443740436,0.043348457449617385,0.5018248138482142,0.02246994354168308
0.06013477042891321,0.06246613887851602,0.06213547338437897,0.09109885576788652,0.4479232266104356,0.07321765226996789,0.09772755888670265,0.06837564720722346,0.03692067656597573
0.035046407014733445,0.033353821310464965,0.06728053581883164,0.6452360861426518,0.02846483446169705,0.02596381273012047,0.06443660243361604,0.04954959053978316,0.050668309548101385
0.027963622040234216,0.02247153272384191,0.2138605129125317,0.46334553846667026,0.048644099524676576,0.052039138055551264,0.04102670836935043,0.09468295119881685,0.035965896708326804
0.5431220909397091,0.04931293361777084,0.12684539694207952,0.003179154161190974,0.00727424101078675,0.03277393959902442,0.00973689961168661,0.19446776859726467,0.03328757552048714
0.0476459494829325,0.03590264288332796,0.09205934130944789,0.39377287286485924,0.050154060254536274,0.2554368119765562,0.031249044184214342,0.05731231704487808,0.036466959999247414
0.0377241268381296,0.03458851748759651,0.027692589103558485,0.27100598185451547,0.47989639932614353,0.010725530016398284,0.06149084911570311,0.057615186670190166,0.019260819587764818
0.5270305523405503,0.04083150813621813,0.15309862195759227,0.01618517512535585,0.022201553631279212,0.06380232362668459,0.019571802234846527,0.11777382846809543,0.039504634479377555
0.029465846992566814,0.016624717826240587,0.052943289122164394,0.49384427900911376,0.0698080571411317,0.06941353730098762,0.03393517943189044,0.20543219574646812,0.0285328974294366
0.06649596962971456,0.021140501461203262,0.07603177231479892,0.01876032978116659,0.18540956112645665,0.03833610059826815,0.033453589722970765,0.484912589806825,0.07545958555859603
0.19527504843381016,0.05002390773517518,0.16670135334097125,0.2513180749758078,0.0590519767996777,0.08765288244757263,0.04098989207178201,0.0844993002461606,0.06448756394904274
0.031086610430115316,0.09440190059238306,0.06049297730654141,0.4551634695291837,0.18192439707131033,0.015986578799677888,0.07172120502849948,0.05135943559793874,0.03786342564435014
0.06528275987098997,0.053505294242140046,0.07206292190323138,0.5819394787578372,0.07544797193180336,0.04087146557693483,0.020918972934714408,0.01817365654131591,0.07179747824103287
0.04162959198934312,0.021249868662008148,0.05596514199552235,0.5264340260019846,0.07614478054146502,0.1139374163779998,0.02139459747874371,0.08743075356311121,0.055813823389821944
0.07692954094314457,0.023073653804507818,0.08159987655901484,0.6098209798199218,0.02604402335530985,0.051687186311926564,0.07501106616379732,0.03442035504396145,0.021413317998415837
0.6089449448014529,0.030487461905280993,0.057155568565768644,0.08296627749048853,0.08332707770202337,0.018486925085548847,0.031532426076399674,0.037477467599737586,0.04962185077329966
0.5278707486948945,0.04250416104735289,0.047542965989916884,0.04383124638759095,0.0533462827903843,0.03519637797542338,0.03759546930342727,0.17067869592759685,0.04143405188341304
0.10913531048723822,0.023955536474105796,0.17795459905543073,0.20119683482996611,0.09714185957983117,0.08127681338122311,0.23200495135718682,0.0669823113760722,0.010351783458945843
0.09137972809811401,0.01682441850053905,0.07271844969752642,0.5734520700311808,0.018676397065491027,0.014418407598750765,0.12058209342927406,0.07276531289439463,0.019183122684729218
0.16471227133726682,0.03359523173050243,0.11778781206847894,0.1545374819834783,0.16478735740159545,0.041010752264398355,0.2348920048546236,0.03892820724683262,0.04974888111282344
0.08794673537177478,0.38726570370763297,0.05010589610745489,0.014666594906419647,0.14275601986209888,0.004575171429186073,0.06837936554995899,0.14306762847810128,0.1012368845873725
0.05397031724899889,0.03373566120529863,0.09082037380354906,0.4537958213537771,0.09316100963447005,0.06626523494925264,0.09223275776880906,0.07518275014726021,0.0408360738885844
0.0700903855060256,0.6419464654736871,0.03991137783741954,0.014167230337976127,0.055182126244558836,0.026819599137622052,0.056985269366683855,0.050513892393581096,0.04438365370244588
0.18217685071256418,0.03504224795849921,0.325184721067749,0.16087668554812604,0.055466675410427595,0.08343134719922514,0.05454130126042551,0.046681596806827076,0.05659857403615629
0.09939819644911661,0.06404331264874931,0.12538139156441616,0.18463626490612908,0.09429759560206158,0.08440695336109895,0.08094912566069129,0.2134684250745216,0.05341873473321537
0.0541523242548948,0.023591765444372387,0.07553967171603292,0.4869942387929494,0.04045708659265975,0.0354743563814173,0.08258616026003555,0.1311934289613977,0.07001096759624018
0.05777902490731698,0.028242664396503192,0.053402550705926304,0.1481840697869389,0.05938485699391049,0.20998274013348614,0.01861267210583864,0.3688991498138417,0.055512271156237636
0.0565571989402191,0.019654739697624487,0.11193628663880684,0.15952642970932748,0.1553009077945822,0.21647342202568268,0.06457329698126812,0.04890503281958684,0.1670726853929022
0.10530358100731507,0.04288516038165769,0.0487416896899333,0.1255515495760434,0.03632944858433646,0.05177581476322234,0.02775631266682398,0.006006357713390798,0.5556500856172769
0.04727838939605979,0.06197466562701411,0.06567963539931303,0.3611339286857059,0.15428396630062316,0.18857052129691507,0.036912783287295865,0.04504213239775706,0.039123977609315956
0.04705966364585202,0.031004066421470508,0.2143174425002591,0.15431685961452482,0.07135391540222369,0.22018732309494568,0.15043335922333329,0.04076363007665509,0.07056374002073573
0.026280193690975718,0.058575012646177184,0.04970548854635326,0.44915261178584914,0.18321906587025216,0.015601008605584657,0.09247967548603529,0.09184346859572053,0.03314347477305197
0.030859657399666965,0.15875463349349786,0.12569675586785475,0.3571898223665686,0.16702521204374401,0.02890379773960121,0.04219219716364304,0.050510634680726335,0.038867289244697144
0.08016187781861339,0.13918064960861679,0.05328776177898262,0.045940720350803294,0.3209170934788632,0.07568822695613597,0.07099720141955677,0.16494738176297216,0.04887908682545578
0.02423818765630602,0.017142452965473353,0.14941674169363192,0.4030979915097815,0.046458051973380515,0.22686669222364442,0.03534811075304893,0.07086091583293079,0.026570855391802584
0.07624894500269497,0.02731327635935497,0.13163237181909587,0.0688140567249705,0.03580275118186331,0.29846158609488344,0.0077761071990174015,0.2976442296494249,0.05630667596869465
0.0222816313189631,0.03252343314966458,0.07008639547774027,0.45892682760043235,0.07541687377384144,0.12373488614631152,0.03140861644321943,0.13196947499050893,0.05365186109931841
0.15221783023762006,0.035771195313566734,0.09961091266928479,0.35474477381693587,0.06212845369528966,0.05937553684702252,0.0454109389609055,0.14815479442323864,0.042585564036136066
0.14529138428632993,0.025506948889333705,0.4759464206478925,0.009221964282983634,0.02529120040069974,0.03716891458238634,0.037032885975822105,0.19324011805181773,0.051300162882734285
0.13534488391774505,0.011728396739744879,0.3210195406766671,0.23937389275314516,0.028919862374009227,0.0532544795858352,0.04191904976102665,0.15126661481783835,0.01717327937398846
0.03915373351365403,0.06278428235716023,0.03526525460011456,0.45265794328039427,0.02881255516993428,0.02490848206753048,0.034571670891233065,0.2616616191955247,0.06018445892445443
0.18792262414778782,0.06661507633703309,0.21212252780347352,0.0573983652339892,0.03898809280374216,0.08440153174675065,0.12228672956667826,0.18186895686473603,0.04839609549580931
0.1441970705406006,0.02645818478283964,0.0735928820669533,0.23955457792780446,0.10631354148034979,0.03435391260277235,0.07141828098256209,0.27837700958583667,0.025734540030281115
0.07203090082611768,0.03957849616613338,0.1542658650601628,0.03107283162541034,0.03024737922563305,0.058667999254605564,0.23677426273885574,0.29022927556058936,0.08713298954249211
0.016298322732033754,0.030603255116552822,0.027050437231254127,0.26927399381865935,0.09673397494796243,0.0930382724117338,0.018631663781748343,0.4080996333006079,0.04027044665944753
0.6342786250552676,0.03489107480507762,0.18127302147147384,0.005335944834204603,0.00968262333200095,0.027452079144669597,0.03247309178306815,0.05461140000669897,0.020002139567538654
0.047613093022883766,0.021863962316084905,0.10142832205228654,0.034408619215130117,0.15404221003677285,0.16158353304441855,0.19724995192697445,0.23696857154300968,0.04484173684243916
0.03142003113639239,0.07174495030032069,0.0695298159356761,0.4170959641980871,0.19776834317412031,0.024804760459790257,0.05426838366853897,0.09997963933528597,0.03338811179178828
0.10343530501533062,0.02438601619773916,0.12454869829740976,0.26895524821397926,0.08840496976463895,0.06642173697019828,0.0851493241796812,0.19432907763220805,0.04436962372881475
0.2735709343904788,0.045276460625516275,0.11071978810926421,0.01926962421870646,0.022086199116321703,0.07907097216452512,0.27911058238735365,0.12109965607884467,0.04979578290898914
0.1266048270337342,0.05831728673260874,0.09603957976368176,0.06799973328714468,0.1255887009351616,0.1864817112056868,0.029801473141716026,0.12681281739439623,0.1823538705058699
0.05299110761277159,0.03680702595443872,0.048037579129609896,0.46309248671168407,0.06790594280152022,0.17692244913852426,0.03551543474648106,0.07658609449688664,0.04214187940808364
0.06220170752959087,0.06327295685634514,0.046261329671403874,0.12461704601012064,0.240024944935444,0.024036845298099463,0.28148976105820006,0.0932219064673056,0.06487350217349033
0.10169263791272753,0.06018744250007956,0.06485140168430578,0.2469016783818264,0.20523675111323056,0.04357191962487648,0.06697339112649174,0.1798014567790578,0.030783320877404288
0.031082580039408985,0.05657650375835199,0.0692194974581746,0.24574392349818855,0.25267744147427135,0.02087220870682717,0.05795955331504069,0.17562460573485175,0.0902436860148849
0.11667561140935695,0.024057256381448098,0.10468067694576039,0.3710769558409613,0.07285871596678072,0.1120196173423861,0.031382444702437784,0.14283620879146305,0.02441251261940557
0.04781548442657901,0.031205925676212526,0.15139387914489855,0.29581334876628324,0.08478737491119348,0.13413028861990736,0.08427388586907257,0.12891717979450737,0.04166263279134589
0.09428241825554433,0.5382830323434509,0.04248888080091449,0.05014510784463564,0.04177051980658091,0.017599611533132397,0.049732277135337594,0.13854186957544026,0.027156282704963373
0.057440366813575616,0.05306472588334745,0.07878283472681522,0.05026151935161891,0.22764520560861765,0.023528032208078194,0.11430865199489369,0.35214425880623645,0.04282440460681691
0.17898243996368057,0.04851003388554002,0.32826598156550163,0.09385806166875095,0.06570758563642527,0.06251008785266671,0.041034168469404914,0.11797187690676107,0.06315976405126889
0.08717342940154399,0.03151024801588989,0.0896398342984545,0.04334085478124245,0.07474482789440423,0.3115667787764933,0.1054616830954903,0.14500441180010684,0.11155793193637452
0.0774704670476773,0.04878963450411756,0.21020468934125636,0.10634717119482424,0.07464464866795772,0.09943904487612075,0.06140821115165466,0.2918964208259558,0.029799712390435665
0.08878845064409528,0.03382084383597023,0.07485577672583572,0.17301153152547302,0.055947102186005494,0.0339104522230814,0.04131677387220702,0.47324775602512187,0.02510131296220988
0.13215591775106086,0.03315910430389616,0.03389665853942208,0.3905826957522913,0.05737913996189881,0.09897234680129409,0.06844203205644483,0.15198884995619175,0.03342325487750004
0.13090026467910074,0.021346721160467177,0.11973641272499073,0.28400668494343134,0.05663789537799414,0.0787584886158536,0.03250680212446922,0.26062992442482635,0.015476805948866634
0.03476846767067623,0.03754994221190847,0.07534159339549495,0.4009999951144539,0.2384227763923854,0.07728856135447755,0.068990398018676,0.04140582055024347,0.02523244529168402
0.14837936977122923,0.028561622670113408,0.04482607892961174,0.039152084221332525,0.07276808049345233,0.03669805867351412,0.4393817808349348,0.15781416011744906,0.032418764288362815
0.0773696277328433,0.04304013735482488,0.05472761166892784,0.1892416849094127,0.20248099887482005,0.04630331810884735,0.05829911570038143,0.3105061691599919,0.01803133648995055
0.04422083595784319,0.011924932646148752,0.025362117104416878,0.47056529698980104,0.034904039579034776,0.08016940669748919,0.02048547996845866,0.29517017637568804,0.017197714681119528
0.022346348094727343,0.03044166172914413,0.03537523500343018,0.35234797258196676,0.027064043105197635,0.2350365127114089,0.013851654485767183,0.16256773930853827,0.12096883297981949
0.02507059487099611,0.016849833092823854,0.1192661310955374,0.4639029989812391,0.04293637166138472,0.09153729664519246,0.03878111017956414,0.17806818246283282,0.023587481010429377
0.05284046221450798,0.04903318534705823,0.10140448815396637,0.31866484939644824,0.22375564140099602,0.03141605907361275,0.020923749245657975,0.1291771019623519,0.0727844632054005
0.07254397034334932,0.0390304581330446,0.058697529847016795,0.05630917737977648,0.055941989520757886,0.1741523597652612,0.3227399423934085,0.146641770965634,0.07394280165175131
0.027987877016533966,0.29847374018093514,0.040574290650189644,0.19892049743475027,0.08955982899698389,0.04714653932243503,0.07127211776862717,0.08541782339488928,0.14064728523465564
0.1550984746370333,0.0487987317835594,0.0720777620008514,0.341977726310962,0.13182178229620936,0.04568463005666588,0.11343404298913629,0.01894579501992198,0.07216105490566048
0.0961047351115291,0.035165221083829586,0.0852441540587775,0.42449694866649307,0.10604157987342071,0.14623447281041643,0.02557978753208322,0.04255779561277354,0.03857530525067681
0.03864999493444996,0.050286264100095124,0.07076164794005735,0.3892567981425863,0.0885852042054427,0.09178926482148825,0.1182422196550539,0.10437413984474332,0.04805446635608309
0.06903999037598735,0.5250190788823212,0.05525198297882591,0.003972372401336807,0.10781437411069215,0.037055697198175495,0.11754436674609782,0.057615910858108,0.026686226448455242
0.03285966460417095,0.024021642472336544,0.061414344330265665,0.3112073338664017,0.12161326968945901,0.06778337783590811,0.06573223339196022,0.2588246451173779,0.056543488692119954
0.07316151187558885,0.06266554580519934,0.07872974739933725,0.28086860149565585,0.1377835291834054,0.12499721279770754,0.018347654885238984,0.17406486692011222,0.049381329637754524
0.08344607551931509,0.029670548928184975,0.12373574122950513,0.16649911250858404,0.10789338000567501,0.10540115097344989,0.09114887678634716,0.24615410467271537,0.04605100937622331
0.042300778777978526,0.07611437334438087,0.05256665312144523,0.14631889666338044,0.0437507927038572,0.18873000027207165,0.10572996710181792,0.24852258242644432,0.09596595558862382
0.044559288670339973,0.022771147169857734,0.07153625480286356,0.5529790732237804,0.030803502734510574,0.12437347011965967,0.013328363451861591,0.08497657709869333,0.05467232272843322
0.06408709761744526,0.042634790728964256,0.1353726139285688,0.2942348605873882,0.09278812809250413,0.17100479186512932,0.02471843925577175,0.06917775896367051,0.10598151896055776
0.061764596941265626,0.07955693211588453,0.17330891066425494,0.08263790113040155,0.11943970258746084,0.08443030120820649,0.24564899978467566,0.1157343667584264,0.03747828880942394
0.049771324473482224,0.03579301112608427,0.02058825012645682,0.41703459779129365,0.04942833170116175,0.23714113195160025,0.051290598561001294,0.07689161065192698,0.06206114361699283
0.04691766621215693,0.03374349741282364,0.07766467719575834,0.6021790860387285,0.01806814001235116,0.07199025441933206,0.04952888635217991,0.06561732948226585,0.034290462874403564
0.02751987190153504,0.050660878701359206,0.031222893167595852,0.09991209355782199,0.07343562374130864,0.04481884529107679,0.404291516656104,0.1917373662486388,0.07640091073455961
0.09016410722341328,0.03692782871447665,0.07148244200040854,0.07850775828791762,0.08791386998336981,0.11340312858223796,0.03518830730895044,0.029047446147876094,0.4573651117513497
0.19586855088867758,0.018902718810098168,0.05163159520675382,0.30982927969400237,0.05233626605664815,0.1660992650697982,0.0766764350715049,0.07783726411677268,0.05081862508574425
0.08057300022866175,0.029697340311589503,0.01930257939637087,0.10669969117201683,0.04380368472208529,0.17089737119770973,0.019711091845737456,0.013349855470846536,0.5159653856549821
0.09230087983616007,0.05683074134683622,0.14392231625125104,0.030923184610264786,0.1297294562584982,0.05941710857638713,0.09835954589602663,0.3477501591554682,0.04076660806910768
0.17135476624248402,0.04632137121382877,0.16980492189298524,0.24038685771224375,0.04837351477495138,0.10087624261411549,0.05170087588716401,0.13978100292960116,0.03140044673262623
0.08786520180112885,0.023315035497790706,0.044358104590969484,0.528296107363446,0.06388985427814085,0.05928578807538192,0.06764599761746098,0.07118969504842376,0.054154215727257315
0.6883388084781887,0.020707724061708812,0.128850382990592,0.010199536591908503,0.016563505020712087,0.018600615534596562,0.05019268514990625,0.03291297224217844,0.033633769930208564
0.035240493815530655,0.05217698148222119,0.03705069953843242,0.3080891647648154,0.1502838560096483,0.07587587315191073,0.0307033330223222,0.16937762333926143,0.14120197487585764
0.047287794721370124,0.040948251009402005,0.06710355181751441,0.46765748124233936,0.06287311780443704,0.05907124046566973,0.059563035468799895,0.1317200490137666,0.06377547845670078
0.11369776169141184,0.014347316502762142,0.07244899629615585,0.5048516334939093,0.03836773391232732,0.09157888641026894,0.05835032471128807,0.06228246745270396,0.044074879529172745
0.08692096297325842,0.03941155418594012,0.05564770896463072,0.031051128120986284,0.10879165940992315,0.10264176142522825,0.0633145609919601,0.4570452032063875,0.05517546072168535
0.17821492616297815,0.08583375918566301,0.10601707753482852,0.10584975329428921,0.05393628366265535,0.049313815502834236,0.14365317372577943,0.22307198693220828,0.05410922399876391
0.02682462409407121,0.06228448983366595,0.022666061187992595,0.13397073179268348,0.5549516227204973,0.011195952436917095,0.02759719298813385,0.13551732177779555,0.024992003168243015
0.0701798342067926,0.027486452004268167,0.10676355531055633,0.32764300738566954,0.09227671950977973,0.14250445550489063,0.049606601644399395,0.1403586730223095,0.0431807014113341
0.1080031276716974,0.04483459220384681,0.11772245827397443,0.3173358280048461,0.01781663347051948,0.13497813066939526,0.07754082222114977,0.017649097151253013,0.16411931033331784
0.07368933821567568,0.04002364324085889,0.15850342732627523,0.416227522712038,0.06255727169637343,0.036037042946641853,0.059956112031532845,0.10332445319134319,0.04968118863926082
0.034713400534160534,0.03750513115500223,0.07547139960040168,0.49242629459343795,0.05685064873902431,0.17565116268263292,0.01832982654274978,0.03820780209279911,0.07084433405979156
0.4034689821255239,0.029810852635237455,0.13970104209629197,0.11985824045825762,0.05796012422008551,0.05907699531494556,0.133261005195375,0.028217683418030295,0.028645074536252618
0.1962373124081529,0.032294891427340953,0.1434796700485696,0.06924657977870073,0.033669667635004626,0.2294070026083641,0.03755353997516437,0.08526923854143793,0.1728420975772648
0.02752750731138161,0.04407548322472099,0.06476549700605509,0.3634180455870591,0.24434322158503438,0.03161538770429554,0.09744513285038252,0.04021128095837841,0.08659844377269238
0.621191639487379,0.04178240783550527,0.11037666929086316,0.017451791530862158,0.030900107720751472,0.006355865669905401,0.07819953372759897,0.0572019525897087,0.036540032147425884
0.0977981153425463,0.038370620206743394,0.21281748739715453,0.03456174479163599,0.03954279226870917,0.057789085340193745,0.12345602987752931,0.3598649200863158,0.0357992046891717
0.02964517863513882,0.07739780757593,0.028470099319672093,0.15956199587861708,0.5842521758996534,0.007830945642018828,0.05000407903541516,0.039363155385598515,0.023474562627956063
0.08730719821914247,0.031209810609474548,0.20871771751043408,0.308111091202282,0.06541574351109221,0.05948545571598187,0.10311525902418216,0.10504559184035078,0.03159213236706001
0.07268556865973473,0.02427687772235573,0.08473355163658274,0.18956929758841345,0.052174938576617265,0.3060307261661693,0.028243165766415907,0.17067064062620305,0.07161523325750786
0.03031616588967891,0.06437488032201574,0.0724513057826582,0.44579821315350693,0.15855435874263202,0.05809783379771372,0.03106271816488024,0.07419970373280052,0.0651448204141137
0.08361852494817257,0.032458690393798305,0.06730875015377226,0.21509352511371493,0.05625406397043518,0.32135286892814646,0.1113608507867423,0.025085040651455243,0.0874676850537628
0.03756642260781453,0.06850550634850473,0.08736603714344976,0.2206855999140855,0.15000920490427658,0.07563854487419759,0.1797359063177988,0.13404493588767483,0.0464478420021977
0.5421707252718485,0.042695644454100484,0.2249281526769167,0.0007523412155023451,0.0021704927366392734,0.07778334815057729,0.014720724384005282,0.05296090720082699,0.04181766390958302
0.07537605683589976,0.05725108586095413,0.10167498796584414,0.19591000246172463,0.11629604980276027,0.07842441241041552,0.06615529869876675,0.10548442552636846,0.20342768043726625
0.06612616338354825,0.04936086838983241,0.05087881269563301,0.19299379382528672,0.27370309978008117,0.03431614996400739,0.03587285687975345,0.25474688385365235,0.04200137122820532
0.02944677167378275,0.01919930175277762,0.05495996290973004,0.2761197592767944,0.06851857208550054,0.2664584811245332,0.016316663499677076,0.14769651807883502,0.12128396959836939
0.6691844783830471,0.042389345222618446,0.11371676254216066,0.002236684419040455,0.01481009654775219,0.014063557453998366,0.029478737968564667,0.03297182792947411,0.08114850953334407
0.08905608957553618,0.027963538361853002,0.02588441182946809,0.2395408687638173,0.45017120799683036,0.035029589375524355,0.06199525103391148,0.03925944134709946,0.03109960171595981
0.06732671250881447,0.05831502843200471,0.22905271028837934,0.18531630293970427,0.09719840643058703,0.07451766430825042,0.09815455755129922,0.10752608474677354,0.08259253279418714
0.03758954032172296,0.03409122178505777,0.024210470958455712,0.012304790571856121,0.027832015331750715,0.15386861541246336,0.020794818123140293,0.07619308073925818,0.6131154467562948
0.07469268655584427,0.03217074834251099,0.143707855995211,0.2298875741512799,0.0350138545820242,0.15978940345105871,0.05258949289097107,0.08001375703208914,0.19213462699901077
0.05672499286652602,0.022621420597071635,0.0789315444765371,0.4841897073504013,0.03356652822556212,0.051450139124682714,0.04909738494480986,0.13430406354762142,0.08911421886678793
0.048378897200153294,0.03654729592920142,0.02136120194910585,0.05925617408538386,0.5952626964575578,0.009404235132616076,0.056113898643736025,0.15372871863103713,0.01994688197120861
0.03858952141051366,0.03946651915937505,0.0554363169938045,0.1552850006865409,0.18318555145406834,0.1126422179934814,0.21265565862062816,0.13771301259884516,0.06502620108274283
0.5796060022006037,0.016851660270083852,0.10411298486228852,0.010039261738751576,0.021392989385362295,0.021776084546651562,0.1428026470273854,0.06803950370774679,0.03537886626112646
0.06415851999509413,0.5500936111555516,0.04595729681540952,0.04410030583087987,0.09504729101136895,0.030722441814600904,0.01858990909724903,0.10345076848260921,0.04787985579723675
0.11389203458081436,0.10087902856169106,0.16050767900218488,0.1042540210455778,0.23380110526909856,0.04507081657225074,0.07626466692543328,0.06432361196060486,0.10100703608234453
0.05025047829884762,0.09119589394817605,0.06976193536660125,0.13946903413313053,0.21763050272237724,0.17054408073531002,0.04975025873613465,0.12238726352630196,0.08901055253312058
