0.15570530136202151,0.14214033657114183,0.09256967022340913,0.11293840350500207,0.14225568276484046,0.0803960954175963,0.03344424983363923,0.09943110302777346,0.14111915729457594
0.0863095971992744,0.11598688447020622,0.09166909135980683,0.0962077460330238,0.07917113342936116,0.16817353127699466,0.19763505903546438,0.09522287590714407,0.06962408128872453
0.07901305728500237,0.08182034235886633,0.027495952939678586,0.10513902014142051,0.13684741556035496,0.09699504505424916,0.25801418552463085,0.10470470484544686,0.1099702762903504
0.08661720823191865,0.2855363631921952,0.09531137706302195,0.1108082349207451,0.1032414689302027,0.10245950762519147,0.05508355045504843,0.07166367375580081,0.0892786158258757
0.10482334395262048,0.1253146660589857,0.02846505961310826,0.1141816071642265,0.12579092564401387,0.1290102022377426,0.02791706872347462,0.12301665551767342,0.2214804710881546
0.08357570245410044,0.07604554519960566,0.07521178901504645,0.10130277493184277,0.10029379563673375,0.11101122997402507,0.18035790978157817,0.1448431836026852,0.12735806940438246
0.10197111558376497,0.20687977110171238,0.15324732044458858,0.0940265876843377,0.08511328507119235,0.08827292488877274,0.04212065050936054,0.12676491690685757,0.10160342780941319
0.08792185991862338,0.02561846075399504,0.3602595967415882,0.06607153940557793,0.06702930154826768,0.06541782960737508,0.2043598906578327,0.08766614774515658,0.035655373621583476
0.14123773218183192,0.05706073400322107,0.06905625527905579,0.13129016591285098,0.1297169730845071,0.11450394387633318,0.14538789602018878,0.10067811580271764,0.1110681838392935
0.17747264770421614,0.08586142183440322,0.07518157591006475,0.121309406658777,0.12304559855840906,0.14339672107454093,0.013838429498144551,0.0879721746587781,0.17192202410266622
0.09504193846015112,0.13608438603854206,0.04741920137104963,0.10385340817604465,0.1227017887313483,0.09779632620675847,0.16521290587516002,0.11681173736167376,0.11507830777927201
0.08402019240537277,0.12911823342765236,0.04436743212196226,0.10531159120237409,0.12271128241049822,0.1010657920810263,0.13693474320638396,0.13184323073904028,0.1446275024056898
0.1713943522170345,0.12526919908055603,0.04817365219352227,0.11271317484333714,0.12492152828798932,0.18098420851497268,0.0543643822425251,0.07831681991182331,0.10386268270823958
0.09158487046583001,0.06658001293542153,0.02035452435107971,0.10689635155966205,0.10198126143659497,0.1889517537508596,0.19361955698457964,0.11405154684870496,0.11598012166726761
0.10480836445463583,0.15571532942571362,0.11372452113012353,0.11083254220924993,0.07860877433408947,0.09421218387202916,0.16664423059967434,0.09825673062317498,0.07719732335130909
0.09191987725575142,0.05019787226483066,0.026165737526898807,0.1191329954622043,0.12353697950199087,0.15964542580088098,0.15904079690250272,0.09742375198738767,0.1729365632975526
0.05939122182311694,0.1349123860386396,0.2789607409883254,0.08155728385449018,0.07011874967422177,0.06634353433115929,0.1885729741063681,0.06514750614421516,0.05499560303946365
0.13586623815788243,0.10213436604101939,0.04711993421749477,0.1280933325971654,0.11573486197849998,0.17190412912006373,0.03224177039032599,0.09217730094824265,0.17472806654930562
0.08919316615726747,0.08050228832454775,0.28920146761441934,0.08924986762955849,0.09892727326199252,0.09589186858255709,0.045950141166919284,0.11269783835554925,0.09838608890718875
0.08344684196013441,0.1636867141847416,0.050289370150174754,0.09368250724829193,0.0960329180013595,0.0995679096116316,0.19683397794262777,0.13001071782297233,0.08644904307806615
0.10633581144233889,0.04727050838176067,0.13430750387548093,0.10307831267298594,0.10058663099940941,0.07828033698283564,0.23546795551825095,0.11435290891228755,0.08032003121464999
0.08174454940563412,0.08219926122453931,0.2112308290149463,0.1036517325420195,0.09043292987857099,0.10867192082574258,0.09465693374587998,0.14409855524033607,0.08331328812233112
0.07909026367726842,0.054857934125117226,0.24509379281544716,0.11485012198237617,0.12123850933761299,0.13793490785717302,0.02833624385154129,0.10019852696738467,0.11839969938607903
0.07920080828635641,0.1274822961840725,0.030408357393537745,0.10694778585300845,0.12416658837352808,0.17088314422654705,0.15916847070803278,0.101599997392042,0.10014255158287494
0.10844231677841015,0.04780312942869363,0.23298793567203466,0.11082979540981834,0.14164817967467078,0.07187852274204615,0.07603256725475331,0.09660619015868754,0.11377136288088545
0.11003167623372077,0.22243641662213495,0.12427633745449368,0.10275756486436612,0.09472551528401424,0.08435620025883767,0.09507622539529227,0.07972657144288124,0.08661349244425916
0.0850964297600247,0.028534357806635918,0.18711068037320142,0.0976806682221441,0.08638448907814515,0.06682634841447013,0.2933155159479117,0.08606444495132563,0.06898706544614133
0.082472144513892,0.11827108975852407,0.06296855940306655,0.13313607664850682,0.12731079642817758,0.1623334204005396,0.03679373933807291,0.13796314197753248,0.13875103153168797
0.14157140540918364,0.07126082448505111,0.06903013284240735,0.13257480885198572,0.15020001971355182,0.1173612756188519,0.06185267649527217,0.11519623286246934,0.14095262372122705
0.14052717948804258,0.12474208564685023,0.08182555721158051,0.10713684616239856,0.13813269605228595,0.1578959021732367,0.02635209386037214,0.08896254541754552,0.13442509398768773
0.09030410216404826,0.040888385329337286,0.19343451800621847,0.1109901529231712,0.10630515965244298,0.09609010206040357,0.18049448958656433,0.0983372566271189,0.08315583365069505
0.06612272409584045,0.06420186056840144,0.08264095299869459,0.10764372439549864,0.14771294514002714,0.1281187982499967,0.16280251518178962,0.13018858559878962,0.11056789377096177
0.08815507037179182,0.08742932510083479,0.06413697027084257,0.09895372508804674,0.09633838760799524,0.08220153630343209,0.28712236001439634,0.12040004785179413,0.07526257739086634
0.10015614345171926,0.05555320501778956,0.2453131983286262,0.10417372754208526,0.11589133676078493,0.10879465360404135,0.06294163129313181,0.11735456695263656,0.08982153704918507
0.105174693461464,0.07904779281404652,0.07557826711258575,0.10583417967981794,0.12424804887361662,0.15492478058370798,0.1440208682856968,0.11544082049892553,0.09573054869013892
0.0705128820645166,0.07747516384302722,0.017433903701056852,0.1142795114855641,0.11519805483769845,0.21298922244357907,0.14612749673031847,0.14742224733085568,0.09856151756338355
0.16192624275386294,0.09693530585770317,0.0568206316361489,0.13366791977043066,0.12100206302681177,0.10728357635131615,0.10170523986726747,0.1212491297645123,0.09940989097194664
0.13031208947336878,0.08892145538951564,0.09040021960632509,0.10374564075999605,0.1372998252751965,0.07368400407800274,0.17229862489878192,0.09667586335573086,0.10666227716308237
0.10908752590001192,0.05460458827297099,0.10522687577582938,0.14861791957131312,0.12916426555618035,0.13624054416559034,0.032478857634445704,0.12857995671491926,0.155999466408739
0.05760542992544434,0.039131066405465674,0.07840807927784603,0.11741546360069986,0.12487648573705064,0.1261892869770638,0.24645884916461883,0.10451646588447366,0.10539887302733719
0.13545682459339559,0.26508387520031707,0.04647254644429936,0.09795598272465365,0.10464663083934918,0.0744787869773602,0.07560586153827024,0.0991401402204511,0.1011593514619036
0.1488816712350779,0.06575515557672444,0.04094793281155837,0.11338609300543996,0.089778750446892,0.10927121107966115,0.14318455318680404,0.14420441378615712,0.14459021887168508
0.10658161206662642,0.0716107110281753,0.24459579130659778,0.11426677324653724,0.10629934777773652,0.10992343909024432,0.07359507466723503,0.09195932954616863,0.08116792127067869
0.08291855549137106,0.07671834726481754,0.11817267113109398,0.09829244224467122,0.11975670687886837,0.08232350746481407,0.2585751562568305,0.08291141751800281,0.08033119574953039
0.09260185911861447,0.05409564165156855,0.11979256564071956,0.10181639004060007,0.0971883460578762,0.12368568117662888,0.203477045927682,0.13510364800107025,0.07223882238524
0.14496485179103094,0.1064366904104027,0.045145968445164796,0.11970585262372922,0.16308067247501687,0.09670785430197511,0.06302002089456044,0.09946070490670257,0.1614773841514174
0.08654222974042729,0.20787876099600397,0.08766804369389274,0.085952799383626,0.09408415237769262,0.07323083406412585,0.20066603141860417,0.06895239860679743,0.09502474971883003
0.07036758042089132,0.08754107911905745,0.06137330044574261,0.10292223467075044,0.13493960517514766,0.21553845350979883,0.16268570058639845,0.07183884915191922,0.09279319692029403
0.0973435447935343,0.04844267475212479,0.05229862043844288,0.1272545656214754,0.13091828265314318,0.1890507182108372,0.1419109587525623,0.09971045548885477,0.11307017928902525
0.11086132322323118,0.06473927874544988,0.1248444461198623,0.1223804651867907,0.1320327824112689,0.08685215014754306,0.14430301860020708,0.11196316191216825,0.10202337365347879
0.08045582053259571,0.18520525229032822,0.047869659782555835,0.1121381402489489,0.09876778963623802,0.09847376821622263,0.18461324626470352,0.08257960112303868,0.10989672190536852
0.1130998995455913,0.06038711409527243,0.07104347963628661,0.11010801264431153,0.12245721627699561,0.10125728642240468,0.21121423837492945,0.13497167904739485,0.07546107395681352
0.11630623039386985,0.051499085704135354,0.1081794906774799,0.10882788504293557,0.09562385366328637,0.12176353762813887,0.1864075025582946,0.10191208269159087,0.10948033164026866
0.10551937283335204,0.0704219965144308,0.16820023990366229,0.11185690296556582,0.13142638924951358,0.1268547724834036,0.07834548301892519,0.11977192268626491,0.08760292034488176
0.11454644164464524,0.05454646248267245,0.2470073665746423,0.11324409410062262,0.12650025309678511,0.08715728915873366,0.04333828695920958,0.11824619494161652,0.09541361104107253
0.14034008925456198,0.08273425196564567,0.11035669550830758,0.11048812724702071,0.10853854313520604,0.0867964509274124,0.1328526130656448,0.12946718162156612,0.09842604727463478
0.09983479610381056,0.07031079481674518,0.17983989941709733,0.09672294907578254,0.09357057874355373,0.07244243974524787,0.1440478622984071,0.13349165211063715,0.10973902768871857
0.12016428362809202,0.06624686826490968,0.025418763568349188,0.12007448678377475,0.13432288989409827,0.17565887923234355,0.14723342082267837,0.1158619760727716,0.09501843173298267
0.1714618932821459,0.11727333625753139,0.08244454079912589,0.1078638787313394,0.09723851892399786,0.1381384293273687,0.04275160485014059,0.1411812817435342,0.10164651608481608
0.10335035417052807,0.1225388620476987,0.06281298100088582,0.128847700763252,0.10730368737864686,0.10647971514807104,0.05496589331462639,0.1345300563596014,0.17917074981668968
0.1453535292541467,0.06355390022231987,0.052574433814739065,0.12554081716473986,0.14417297885617816,0.1675098568672174,0.014219448954362404,0.11712180669052863,0.16995322817576786
0.07873528143680934,0.04607917567492337,0.349442173831171,0.08765353282059624,0.09147002843018687,0.0656557936938489,0.1502616124648072,0.07693161485724605,0.053770786790411085
0.13682531818478752,0.07192044042516575,0.15445982187139962,0.12448290597597626,0.1280554827174494,0.09125402794202532,0.09439689112229958,0.10313973003149184,0.09546538172940476
0.1444236244287139,0.04713306542761995,0.11835409721710936,0.12945141245776334,0.13532091123648773,0.15417699218400469,0.06077573881880446,0.12496510267484484,0.08539905555465173
0.09581124649125387,0.11691568237756178,0.12234680017320854,0.11710537548715656,0.14877539419504962,0.15122900930379587,0.039246371516111996,0.07688304528466612,0.1316870751711956
0.11880636048148581,0.1850438499273055,0.07094801266384632,0.10309622160877624,0.0898292592152554,0.09187613913080774,0.12075304162394757,0.10119048603115033,0.11845662931742511
0.15898866241723897,0.08311534227524851,0.0653043256631711,0.09838874378196028,0.08847663252629216,0.13473369654826406,0.1561987465340087,0.13085911087820662,0.08393473937560958
0.08107812494783438,0.05348184919424184,0.21257707580829444,0.09889345908704167,0.10900632220197386,0.06832759112306276,0.1888806338492283,0.10314551417376942,0.08460942961455341
0.07434721653279917,0.077419327398606,0.093651419287963,0.09764351496098184,0.09684538685459637,0.14679371083429296,0.195873896612066,0.12662772126848074,0.09079780625021394
0.08762198788865631,0.04483656399585898,0.051009876352598064,0.11031132846670076,0.09300267125986489,0.09164732929415935,0.33974046413950626,0.09246249898032229,0.08936727962233308
0.10575671731127649,0.09117295178643518,0.0338726149175648,0.1180859203803053,0.11171264186873553,0.27133253945292374,0.08292255197890547,0.08405561612107183,0.10108844618278175
0.09494868357435123,0.052731345171995535,0.06557274259201738,0.10698335454460106,0.1257639512318625,0.14018254368892166,0.19541548940822942,0.1339281367041806,0.08447375308384059
0.09278850966049786,0.09865920695138186,0.08338866238398511,0.11891544655733577,0.11562594873620448,0.24803127173496065,0.05582154381351437,0.0827880516407033,0.10398135852141664
0.1271570321861701,0.111010419465351,0.05226697013299552,0.12582926533193498,0.13086211000723216,0.13836739007857188,0.07197424541133067,0.11031615087355202,0.13221641651286167
0.0714352403416647,0.11382767397231093,0.036527603699315396,0.10351302279703019,0.1000617503050526,0.08739833432172515,0.27301897668259967,0.09030564178773216,0.1239117560925692
0.17299574513039973,0.04173640560834164,0.042000732122228567,0.12531026856127545,0.09865929159016636,0.11577683845472321,0.1338981250907156,0.14858487394852107,0.12103771949362835
0.12478503969833975,0.07510969606395007,0.038798076755880824,0.11951761599805451,0.10427891769196895,0.13836529035651665,0.0651457639986024,0.1664691656413427,0.16753043379534419
0.14256054559528253,0.08448638286003418,0.08616548615163598,0.12242332578581518,0.10612062190339229,0.1043773979097461,0.14654606576385223,0.09840916329870546,0.1089110107315361
0.12166043524231894,0.08798477411769567,0.09255621395003505,0.11172784656648717,0.09844238908529963,0.11832207850860148,0.1349772541022162,0.10445397165128463,0.1298750367760612
0.12683026708359582,0.04776915481322583,0.06234264551642286,0.1277291123683547,0.1266609198056398,0.19600036750975788,0.10987977424426926,0.08063286317053407,0.12215489548819976
0.09286462564066618,0.04835693731681928,0.028207823834440638,0.10343455428826835,0.09115030903968457,0.1279148863845344,0.24584016308485115,0.12603315228324055,0.13619754812749488
0.09081124171398758,0.04243072223268383,0.06875412089366696,0.09376296968785203,0.09458740402621847,0.08602900394322983,0.27927793610406365,0.1523385733388524,0.09200802805944518
0.05676191882592834,0.18173180839009606,0.2606784997454627,0.06917427860188496,0.0822482081418427,0.057168669825380734,0.07495336371871285,0.13476310492331875,0.082520147827373
0.15942564548533222,0.05654467705168928,0.0312204396447741,0.1145851883253965,0.10412220131458104,0.11455413539949628,0.1667877780426753,0.12608075159383356,0.12667918314222168
0.13840076108060587,0.1786276453387644,0.1405213745668766,0.1000754587077372,0.11659552370467878,0.11211331459086958,0.042015222507882866,0.07289926461919831,0.0987514348833864
0.10700759548836292,0.1342179066754755,0.12757911301163974,0.1056273956357419,0.09058440089120658,0.11477003966956674,0.13319906379140328,0.10208907015221834,0.08492541468438504
0.10276130681381819,0.11889616693363891,0.07271357836970734,0.11510244866298074,0.123878529627331,0.1677658487420932,0.0923191257085656,0.10421667034682565,0.10234632479503934
0.0979223600007318,0.08966839530852576,0.09992779136082525,0.11528455140087752,0.12865151498623803,0.10885200248804731,0.10876757653060497,0.10576492894211899,0.14516087898203037
0.08637628738674312,0.07247485997507404,0.1546749712899303,0.09715633779370851,0.0914518631657263,0.1855228787000065,0.11045195861955286,0.12773689347915762,0.07415394959010085
0.10084461419330894,0.05988617853945618,0.06900230763054867,0.10679243049062481,0.09682359962816885,0.1423114741617718,0.22921975258618335,0.11327597036474098,0.08184367240519642
0.11212757324711486,0.0847268178723267,0.20007387844544858,0.10030731821324128,0.09091817409033554,0.12656441615491662,0.08748106983996899,0.10761296037237929,0.0901877917642681
0.10266699534493091,0.037635754316843635,0.3425898981733712,0.09211916658631196,0.0835009710436125,0.06163941585564131,0.1547076408601298,0.0667272228847612,0.058412934934397455
0.16536140121590567,0.08907429924575737,0.01735422942449583,0.10169783947813528,0.1128202397359881,0.20914872637773185,0.044117593260109535,0.1468624350330174,0.11356323622885896
0.10714399127361547,0.18832532822899692,0.044923162551472245,0.11981588315641815,0.12215823011109872,0.13628726573904573,0.020574507610415488,0.10198279541265722,0.15878883591628
0.10423150011316829,0.08912016867706139,0.03968834885316538,0.10911973268457949,0.1336310440422174,0.11778552777548101,0.18477790239592637,0.10662440358889158,0.11502137186950907
0.11413166946097843,0.030404699787496704,0.13035744158841722,0.11655793010081363,0.11626807407023841,0.16304856853063587,0.13155470039908293,0.11043543361009882,0.08724148245223802
0.07709396464607603,0.063356827210561,0.07618651594926067,0.09944099692341407,0.09561039210311394,0.08153795328098788,0.18482580888636221,0.17674724982820708,0.1452002911720172
0.08688425330258252,0.21297315853635623,0.1195765100276532,0.08527211435525565,0.07769974709915828,0.09422985510429978,0.11378241488434694,0.11829187857033026,0.09129006812001715
0.12409693280720063,0.06189912347461337,0.03913218977194844,0.1132704383776429,0.11598940371459827,0.1737620631726892,0.13446216000054198,0.12082893785741422,0.11655875082335106
0.09554475496426303,0.0910745340220024,0.07836151244423493,0.12202818166441749,0.12641187614168561,0.17493106117710078,0.07008871748118807,0.1407245358676706,0.10083482623743706
0.1647024352658593,0.07058829194975787,0.0408735366856358,0.13036575872020517,0.1327367131840067,0.16534364596796305,0.06424416810432176,0.08565568655997914,0.1454897635622712
0.08319978839712941,0.05341714480630283,0.3313077950347119,0.09907453611671595,0.07930101742563078,0.08705709616303826,0.09024332206461118,0.10771250077833124,0.0686867992135284
0.11617090772092749,0.1537842942061317,0.04669113202432565,0.1407972159885685,0.1322373570514532,0.1518190477577054,0.03253700360065456,0.10818764986332423,0.11777539178690925
0.11016634697211687,0.06050318805187869,0.11846244263182397,0.11434590279155991,0.11059654672112766,0.14021741207464097,0.1205361684298795,0.12387269631329555,0.10129929601367695
0.10109579413882223,0.1761222331327634,0.18383007178283842,0.09960476427663272,0.09632233068684459,0.07704703239652234,0.10251558801512704,0.09551334691426287,0.0679488386561864
0.06829819924186115,0.01744921011258704,0.5381413781428416,0.07917156618862789,0.07754694926966542,0.06131945058800096,0.02440987337890275,0.07514064621005691,0.058522726867456305
0.18962208182431994,0.15217158464455627,0.03921444898243844,0.12680623677191416,0.10475829474536107,0.11797468259272932,0.028726156560176675,0.11879866810115854,0.12192784577734554
0.101381493760475,0.09264975463768943,0.0950727444264053,0.12389696731463958,0.14785206372558576,0.09645890106171058,0.019957324598862677,0.12404845132006088,0.1986822991545708
0.09319087172037999,0.18615325587041562,0.11176512200690951,0.09505710846794713,0.08835087101144916,0.0838913080444208,0.17807434319583357,0.10269088845336216,0.060826231229282136
0.08753069131336816,0.09398867057213778,0.01900113292480238,0.10885857372551183,0.10764430655406937,0.1063420829436399,0.3085660673195001,0.09771279586164865,0.07035567878532183
0.09341550939179159,0.08816109456420022,0.06950816561188634,0.11699019567124823,0.14764062377539444,0.1308002759653508,0.15068877265446276,0.10828966343787548,0.09450569892779019
0.1044136709583463,0.061265133602382525,0.2894882415624483,0.09698972490826964,0.09578653642850861,0.10938109445664841,0.09658140441832715,0.08889171152054413,0.057202482144524926
0.11196561857666502,0.15617737027726783,0.055703933086770095,0.10277937394566311,0.13208069630943384,0.2049903301880995,0.056185246334162116,0.07184980094722278,0.1082676303347158
0.10907507057097454,0.06518817923141405,0.26699683529537077,0.1091497048020199,0.10455906866759757,0.11621718357109663,0.08368965130782584,0.08213676304931167,0.06298754350438908
0.07393807973460866,0.058194020442236406,0.05770277363490192,0.11883291392927336,0.0918719294678861,0.12583073080857832,0.27096857403312274,0.09474447668709628,0.10791650126229625
0.11309918899703175,0.1999052612353528,0.06334429008512106,0.11469734929697852,0.10325248959515095,0.15776264762334571,0.02074801275561302,0.10620341981072713,0.12098734060067906
0.15249120994161486,0.10841654519509288,0.018809797195001077,0.1468693839910897,0.16711511918829014,0.15810981535137772,0.038108300131654206,0.10478772806108648,0.10529210094479287
0.08913969866728344,0.049487410803342215,0.08276354737698706,0.10850922018703409,0.09617053329873952,0.12449226617554944,0.22349497441845656,0.11524598746649,0.11069636160611773
0.09108121089396225,0.032565642365413074,0.34460935451350694,0.09417444177059565,0.08153003071663051,0.07270365784973257,0.14313058010636523,0.0751900130157969,0.06501506876799687
0.108167184933754,0.03921917245306344,0.04837679868263861,0.09168370915121156,0.0689398575735285,0.09946589300512687,0.3142395319131343,0.14107614532514925,0.08883170696239351
0.12541909541647792,0.1347836738665308,0.10940203264956368,0.11082923576244641,0.09583722006510775,0.13960683177141983,0.06374273687730247,0.09951856883488608,0.12086060475626502
